EMA,APZ_Upper,APZ_Lower,APZ_Upper%,APZ_Lower%,positive_streak_cumulative,negative_streak_cumulative,ATR%,14ma%,200ma%,14ma-200ma,14ma%_change,14ma%_count,200ma%_count,14ma_crossover,200ma_crossover,200DAY_ATR%,200DAY_ATR-%,percent_from_high,new_high,days_since_high,percent_range,VWAP_std14,VWAP_std200,VWAP%,VWAP%_from_high,Weighted_Close_Change_Velocity,percent_change_Close,pct_change_std,percent_change_Close_lag_1,percent_change_Close_lag_3,percent_change_Close_lag_5,percent_change_Close_lag_10,percent_change_Close_7,percent_change_Close_30,percent_change_Close>std,percent_change_Close<std,pct_change_std_rolling,days_since_abnormal_pct_change,VWAP_Divergence,RSI,RSI_overbought,RSI_oversold,RSI_very_overbought,RSI_very_oversold,EFI,direction_flipper_count5,direction_flipper_count_10,direction_flipper_count_14,KC_UPPER%,KC_LOWER%,positive_streak,negative_streak,positive_streak_max,negative_streak_max,is_gap_up,is_gap_down,move_from_gap%,VPT
-0.7266,-0.7256,-0.727,-0.04807,0.006725,1.491,-1.144,1.358,0.0079,0.4255,-0.1705,-0.72,0.4285,-1.564,0.0,0.0,-0.2612,-0.5493,0.0314,0.0,-0.1288,0.7915,-0.5854,-0.6216,0.03082,0.00085,-0.2145,-0.727,-0.636,0.923,0.0,-1.625,0.18,-0.718,-0.73,0.0,0.0,-0.727,0.0,-0.514,0.2659,0.0,0.0,0.0,0.0,-0.0962,0.0,-1.0,-0.5,0.2627,0.3308,0.0,1.0,-0.5,-0.5,0.0,0.0,0.0,-0.5317
-0.7266,-0.7256,-0.727,-0.1942,0.148,1.491,-1.144,1.315,0.0395,0.4758,-0.1631,0.4246,0.5713,-1.564,0.0,0.0,-0.308,-0.5913,0.0657,0.0,-0.1262,1.2705,-0.5703,-0.6196,0.0848,0.02528,-0.1682,0.368,-0.638,-0.727,0.7476,-0.3713,-0.5386,-0.718,-0.73,0.0,0.0,-0.727,0.0,-0.5127,0.5703,0.0,0.0,0.0,0.0,0.0459,1.0,-0.5,0.0,0.05872,0.398,1.0,0.0,-0.5,-0.5,0.0,0.0,0.0,0.2568
-0.7266,-0.7256,-0.727,-1.308,1.276,1.491,-1.144,1.148,1.197,0.901,-0.1537,8.36,0.7144,-1.555,0.0,0.0,-0.67,-0.9463,0.3225,0.0,-0.1237,1.857,-0.5513,-0.605,1.206,0.0664,-0.0695,2.549,-0.612,0.368,0.923,0.0,-0.906,-0.718,-0.73,0.0,0.0,-0.727,0.0,-0.5,0.6875,0.0,0.0,0.0,0.0,0.5005,2.0,0.0,0.0,-1.04,1.455,2.0,0.0,-0.5,-0.5,0.0,0.0,0.0,2.783
-0.7266,-0.7256,-0.727,-1.459,1.432,1.491,-1.144,0.822,1.461,1.005,-0.1503,0.3638,0.7144,-1.545,0.0,0.0,-0.78,-1.001,0.3909,0.0,-0.1212,-0.2737,-0.525,-0.584,1.379,0.1007,0.008255,0.6997,-0.5913,2.549,-0.727,0.747,-0.368,-0.718,-0.73,0.0,0.0,-0.727,0.0,-0.497,0.354,0.0,0.0,0.0,0.0,0.1895,2.0,0.5,0.0,-1.161,1.633,3.0,0.0,-0.5,-0.5,1.0,0.0,4.234,1.008
-0.7266,-0.7256,-0.727,-1.631,1.803,1.56,-0.04987,0.8145,1.907,1.309,-0.1432,0.7114,0.7144,-1.534,0.0,0.0,-1.007,-1.242,0.579,0.0,-0.1187,1.493,-0.5,-0.564,1.872,0.12244,-0.1115,1.901,-0.5537,0.6997,0.368,0.9224,1.48,-0.718,-0.73,0.0,0.0,-0.727,0.0,-0.4878,0.5913,0.0,0.0,0.0,0.0,0.3508,2.0,0.5,0.0,-1.384,2.045,4.0,0.0,-0.5,-0.5,0.0,0.0,0.0,1.845
-0.7266,-0.7256,-0.727,-1.301,1.283,1.56,-0.04987,0.9204,1.44,1.064,-0.138,-0.2411,0.7144,-1.524,0.0,0.0,-0.8164,-1.06,0.4424,0.0,-0.11615,0.6387,-0.4753,-0.544,1.393,0.1482,0.1322,-1.34,-0.536,1.901,2.547,-0.7266,-1.625,-0.718,-0.73,0.0,0.0,-0.727,0.0,-0.4949,0.403,0.0,0.0,0.0,0.0,-0.2625,2.0,0.5,0.0,-0.9253,1.58,0.0,1.0,-0.5,-0.5,0.0,0.0,0.0,-1.338
-0.7266,-0.7256,-0.727,-1.163,1.145,1.56,-0.04987,0.859,1.281,1.051,-0.131,0.03088,0.7144,-1.515,0.0,0.0,-0.812,-1.043,0.4424,0.0,-0.11365,-0.0532,-0.455,-0.527,1.318,0.1626,0.2311,0.0,-0.533,-1.34,0.699,0.368,-0.3713,-0.718,-0.73,0.0,0.0,-0.727,0.0,-0.4949,0.5913,0.0,0.0,0.0,0.0,0.0,1.0,0.5,0.0,-0.816,1.422,0.0,0.0,-0.5,-0.5,0.0,0.0,0.0,0.0
-0.7266,-0.7256,-0.727,-1.039,1.019,1.56,0.197,0.777,1.111,1.038,-0.12305,0.009155,0.7144,-1.505,0.0,0.0,-0.809,-1.024,0.4424,0.0,-0.1111,0.6387,-0.4338,-0.5093,1.136,0.1979,0.292,0.0,-0.553,0.0,1.901,2.547,0.0,-0.718,-0.73,0.0,0.0,-0.727,0.0,-0.495,0.674,0.0,0.0,0.0,0.0,0.0,0.0,0.5,0.0,-0.772,1.218,0.0,0.0,-0.5,-0.5,0.0,0.0,0.0,0.0
-0.7266,-0.7256,-0.727,-0.4836,0.456,1.56,0.197,0.763,0.509,0.8525,-0.1205,-0.3958,0.7144,-1.495,0.0,0.0,-0.667,-0.869,0.3396,0.0,-0.1086,-0.02898,-0.4207,-0.4973,0.5493,0.2109,0.2688,-1.028,-0.569,0.0,-1.34,0.699,0.747,-0.718,-0.73,0.0,0.0,-0.727,0.0,-0.5005,0.2478,0.0,0.0,0.0,0.0,-0.1144,-1.0,0.0,-0.5,-0.2732,0.637,0.0,1.0,-0.5,-0.5,0.0,0.0,0.0,-0.596
-0.7266,-0.7256,-0.727,0.5938,-0.6343,1.56,-0.4695,0.9595,-0.676,0.4678,-0.1192,-1.939,0.5713,-1.485,-1.0,0.0,-0.333,-0.55,0.117,0.0,-0.1061,2.22,-0.4158,-0.4858,-0.6465,0.2258,0.2037,-2.268,-0.5684,-1.028,0.0,1.9,0.9224,-0.718,-0.73,0.0,0.0,-0.727,0.0,-0.5117,0.10547,0.0,0.0,0.0,0.0,-0.3872,-2.0,-0.5,-0.5,0.8545,-0.315,0.0,2.0,-0.5,-0.5,0.0,0.0,0.0,-2.053
-0.7266,-0.7256,-0.727,0.7134,-0.757,1.56,-0.656,0.9775,-0.8984,0.4004,-0.1178,0.579,0.4285,-1.476,-1.0,0.0,-0.2734,-0.4895,0.08276,0.0,-0.1035,0.7715,-0.4207,-0.477,-0.8286,0.2278,0.2898,-0.3625,-0.5664,-2.268,0.0,-1.34,-0.7266,-0.718,-0.73,0.0,0.0,-0.727,0.0,-0.513,0.10547,0.0,0.0,0.0,0.0,-0.0702,-2.0,-0.5,-0.5,0.9893,-0.4114,0.0,3.0,-0.5,-0.5,0.0,0.0,0.0,-0.387
-0.7266,-0.7256,-0.727,0.6577,-0.7026,1.56,-0.656,0.9556,-0.947,0.3904,-0.11646,0.2107,0.4285,-1.466,-1.0,0.0,-0.2666,-0.478,0.08276,0.0,-0.101,0.526,-0.4263,-0.4685,-0.9346,0.25,0.2542,0.0,-0.5654,-0.3625,-1.028,0.0,0.368,-0.718,-0.73,0.0,0.0,-0.727,0.0,-0.5137,0.10547,0.0,0.0,0.0,0.0,0.0,-2.0,-1.0,-0.5,0.9004,-0.3977,0.0,0.0,-0.5,-0.5,0.0,0.0,0.0,0.0
-0.7266,-0.7256,-0.727,0.857,-0.903,1.56,-0.656,1.159,-1.214,0.2954,-0.11755,0.4946,0.2856,-1.455,-1.0,0.0,-0.1652,-0.4084,0.0314,0.0,-0.0985,1.534,-0.4402,-0.4648,-1.131,0.2369,-0.059,-0.547,-0.5654,0.0,-2.266,0.0,2.547,-0.718,-0.73,0.0,0.0,-0.727,0.0,-0.516,-0.1067,0.0,0.0,0.0,0.0,-0.1241,-2.0,-1.5,-1.0,1.072,-0.613,0.0,1.0,-0.5,-0.5,0.0,0.0,0.0,-0.688
-0.7266,-0.7256,-0.727,0.7886,-0.834,1.56,-0.656,1.027,-1.189,0.287,-0.1205,0.1191,0.1428,-1.445,-1.0,0.0,-0.1697,-0.388,0.0314,0.0,-0.09595,0.04898,-0.4592,-0.4646,-1.136,0.238,-0.1788,0.0,-0.5674,-0.547,-0.3623,-1.027,0.699,-0.718,-0.73,0.0,0.0,-0.727,0.0,-0.516,-0.2698,0.0,0.0,0.0,0.0,0.0,-2.0,-1.5,-1.5,0.97,-0.5854,0.0,0.0,-0.5,-0.5,0.0,0.0,0.0,0.0
-0.7266,-0.7256,-0.727,0.4792,-0.5225,1.56,-0.656,0.89,-0.947,0.3635,-0.12103,-0.1048,0.0,-1.436,-1.0,0.0,-0.2491,-0.4468,0.08276,0.0,-0.09344,-0.4553,-0.4856,-0.4688,-0.864,0.2351,-0.454,0.5522,-0.5664,0.0,0.0,-2.266,1.9,-0.718,-0.73,0.0,0.0,-0.727,0.0,-0.5137,-0.03687,0.0,0.0,0.0,0.0,0.1042,-1.0,-1.5,-1.0,0.687,-0.2693,1.0,0.0,-0.5,-0.5,0.0,0.0,0.0,0.583
-0.7266,-0.7256,-0.727,0.693,-0.7397,1.56,-0.656,0.7627,-1.195,0.2683,-0.1234,0.471,-0.1428,-1.426,-1.0,0.0,-0.1765,-0.3445,0.0314,0.0,-0.0909,-0.694,-0.516,-0.478,-1.117,0.234,-0.347,-0.547,-0.5693,0.5522,-0.547,-0.3623,-1.34,-0.718,-0.73,0.0,0.0,-0.727,0.0,-0.5166,-0.2036,0.0,0.0,0.0,0.0,-0.0634,-1.0,-1.5,-1.5,0.7764,-0.6055,0.0,1.0,-0.5,-0.5,0.0,0.0,0.0,-0.3518
-0.7266,-0.7256,-0.727,0.975,-1.025,1.56,-0.656,0.6187,-1.419,0.1453,-0.1329,0.3694,-0.2856,-1.416,-1.0,0.0,-0.07825,-0.2119,-0.03708,0.0,-0.0884,0.318,-0.5435,-0.4927,-1.376,0.2157,-0.3975,-0.736,-0.571,-0.547,0.0,0.0,0.0,-0.718,-0.73,0.0,0.0,-0.727,0.0,-0.52,-0.9653,0.0,0.0,0.0,0.0,-0.10645,-1.0,-1.5,-2.0,1.045,-0.8843,0.0,2.0,-0.5,-0.5,0.0,0.0,0.0,-0.5957
-0.7266,-0.7256,-0.727,0.561,-0.607,1.56,-0.656,0.564,-0.9424,0.2489,-0.1428,-0.258,-0.4285,-1.406,-1.0,0.0,-0.177,-0.3071,0.0314,0.0,-0.0859,0.04898,-0.5645,-0.51,-0.866,0.1815,-0.4563,0.745,-0.5767,-0.736,0.552,-0.547,0.0,-0.718,-0.73,0.0,0.0,-0.727,0.0,-0.5166,-0.9653,0.0,0.0,0.0,0.0,0.0667,0.0,-1.5,-2.0,0.587,-0.5454,1.0,0.0,-0.5,-0.5,0.0,0.0,0.0,0.3782
-0.7266,-0.7256,-0.727,0.1125,-0.1578,1.56,-0.656,0.373,-0.3357,0.3804,-0.155,-0.661,-0.5713,-1.396,-1.0,0.0,-0.31,-0.4128,0.117,0.0,-0.0833,0.02644,-0.572,-0.5283,-0.2412,0.1428,-0.3806,0.92,-0.5815,0.745,-0.547,0.0,-1.027,-0.718,-0.73,0.0,0.0,-0.727,0.0,-0.5127,-1.327,0.0,1.0,0.0,0.0,0.2408,1.0,-1.0,-2.0,0.137,-0.1328,2.0,0.0,-0.5,-0.5,0.0,0.0,0.0,1.348
-0.7266,-0.7256,-0.727,-0.5107,0.471,1.56,-0.656,0.3164,0.4407,0.5957,-0.1614,-3.719,-0.5713,-1.386,0.0,0.0,-0.4983,-0.6035,0.254,0.0,-0.0808,-0.2462,-0.565,-0.546,0.5376,0.1273,-0.1346,1.45,-0.582,0.92,-0.736,0.552,-2.266,-0.718,-0.73,0.0,0.0,-0.727,0.0,-0.506,-0.622,0.0,0.0,0.0,0.0,0.424,1.0,-0.5,-1.5,-0.377,0.5664,3.0,0.0,-0.5,-0.5,1.0,0.0,4.0,2.338
-0.7266,-0.7256,-0.727,-0.3738,0.3298,1.56,-0.656,0.281,0.4294,0.554,-0.1682,0.1208,-0.5713,-1.376,0.0,0.0,-0.4673,-0.5635,0.2368,0.0,-0.0783,-0.4814,-0.554,-0.564,0.4683,0.12366,-0.0758,-0.177,-0.5874,1.45,0.745,-0.547,-0.3623,-0.718,-0.73,0.0,0.0,-0.727,0.0,-0.507,-0.6562,0.0,0.0,0.0,0.0,-0.02574,1.0,-0.5,-1.5,-0.2379,0.4385,0.0,1.0,-0.5,-0.5,0.0,0.0,0.0,-0.1385
-0.7266,-0.7256,-0.727,-0.7803,0.7397,1.56,-0.656,0.2825,1.001,0.7114,-0.1727,1.294,-0.5713,-1.366,0.0,0.0,-0.5967,-0.702,0.3396,0.0,-0.07574,1.144,-0.5425,-0.5796,0.9907,0.1245,-0.0569,1.064,-0.588,-0.177,0.92,-0.736,0.0,-0.718,-0.73,0.0,0.0,-0.727,0.0,-0.502,-0.3699,0.0,0.0,0.0,0.0,0.2192,2.0,0.0,-1.0,-0.623,0.8394,1.0,0.0,-0.5,-0.5,0.0,0.0,0.0,1.184
-0.7266,-0.7256,-0.727,-0.767,0.727,1.56,-0.656,0.3176,1.083,0.7266,-0.1746,0.2238,-0.5713,-1.356,0.0,0.0,-0.606,-0.7188,0.3567,0.0,-0.07324,0.4348,-0.5347,-0.5884,1.064,0.1272,0.0377,0.1743,-0.5864,1.064,1.449,0.745,-0.547,-0.718,-0.73,0.0,0.0,-0.727,0.0,-0.501,-0.0951,0.0,0.0,0.0,0.0,0.02806,2.0,0.5,-0.5,-0.722,0.7065,2.0,0.0,-0.5,-0.5,0.0,0.0,0.0,0.1488
-0.7266,-0.7256,-0.727,-0.2277,0.1802,1.56,-0.656,0.1893,0.4988,0.5444,-0.1735,-0.3918,-0.4285,-1.347,0.0,0.0,-0.4673,-0.546,0.254,0.0,-0.0707,0.2299,-0.5317,-0.593,0.508,0.133,0.0776,-1.043,-0.5923,0.1743,-0.1769,0.92,0.0,-0.718,-0.73,0.0,0.0,-0.727,0.0,-0.5063,0.2534,0.0,0.0,0.0,0.0,-0.1467,1.0,0.5,-0.5,-0.1768,0.2076,0.0,1.0,-0.5,-0.5,0.0,0.0,0.0,-0.776
-0.7266,-0.7256,-0.727,-0.1936,0.1453,0.2063,-0.656,0.0621,0.4343,0.5327,-0.1716,0.02779,-0.2856,-1.337,0.0,0.0,-0.4685,-0.523,0.254,0.0,-0.0682,-0.4844,-0.5327,-0.595,0.4336,0.1477,0.04187,0.0,-0.621,-1.043,1.064,1.449,0.552,-0.718,-0.73,0.0,0.0,-0.727,0.0,-0.5063,0.3733,0.0,0.0,0.0,0.0,0.0,0.0,0.0,-0.5,-0.1448,0.173,0.0,0.0,-0.5,-0.5,0.0,0.0,0.0,0.0
-0.7266,-0.7256,-0.727,0.1499,-0.2029,0.2063,-0.656,0.0655,0.04257,0.408,-0.1714,-0.639,-0.1428,-1.327,0.0,0.0,-0.3616,-0.409,0.1855,0.0,-0.0657,0.2499,-0.542,-0.5957,0.04553,0.1554,0.126,-0.7075,-0.6357,0.0,0.1743,-0.1769,-0.547,-0.718,-0.73,0.0,0.0,-0.727,0.0,-0.5103,0.1434,0.0,0.0,0.0,0.0,-0.0885,0.0,0.0,-0.5,0.1888,-0.159,0.0,1.0,-0.5,-0.5,0.0,0.0,0.0,-0.4763
-0.7266,-0.7256,-0.727,-0.242,0.1927,0.2063,-0.656,-0.11316,0.3943,0.5366,-0.1682,2.59,0.0,-1.316,0.0,0.0,-0.4873,-0.5093,0.271,0.0,-0.0631,0.225,-0.5503,-0.596,0.3674,0.1782,0.2289,0.8955,-0.651,-0.7075,-1.043,1.064,-0.736,-0.718,-0.73,0.0,0.0,-0.727,0.0,-0.506,0.4917,0.0,0.0,0.0,0.0,0.0855,0.0,0.5,0.0,-0.1349,0.28,1.0,0.0,-0.5,-0.5,0.0,0.0,0.0,0.4656
-0.7266,-0.7256,-0.727,-0.2065,0.1565,0.2063,-0.656,-0.11316,0.305,0.524,-0.165,-0.04932,0.1428,-1.307,0.0,0.0,-0.4766,-0.498,0.271,0.0,-0.0606,-0.012375,-0.56,-0.596,0.3162,0.1884,0.1827,0.0,-0.6685,0.8955,0.0,0.1743,0.7446,-0.718,-0.73,0.0,0.0,-0.727,0.0,-0.506,0.4917,0.0,0.0,0.0,0.0,0.0,-1.0,0.0,0.0,-0.1295,0.214,0.0,0.0,-0.5,-0.5,0.0,0.0,0.0,0.0
-0.7266,-0.7256,-0.727,-0.01941,-0.0327,0.2063,-0.656,0.004467,0.07263,0.4548,-0.1637,-0.4636,0.2856,-1.297,0.0,0.0,-0.4075,-0.4465,0.2368,0.0,-0.05807,0.4736,-0.569,-0.5967,0.0828,0.2003,0.10706,-0.3528,-0.676,0.0,-0.7075,-1.043,0.9194,-0.718,-0.73,0.0,0.0,-0.727,0.0,-0.508,0.2751,0.0,0.0,0.0,0.0,-0.04605,-1.0,-0.5,-0.5,0.03763,0.01752,0.0,1.0,-0.5,-0.5,0.0,0.0,0.0,-0.2472
-0.7266,-0.7256,-0.727,-0.237,0.187,0.2063,-0.656,0.0288,0.2405,0.526,-0.1603,1.123,0.4285,-1.287,0.0,0.0,-0.4658,-0.5137,0.2883,0.0,-0.05554,-0.01656,-0.5747,-0.597,0.2703,0.215,-0.0464,0.532,-0.672,-0.3528,0.895,0.0,1.449,-0.718,-0.73,0.0,0.0,-0.727,0.0,-0.5054,0.5503,0.0,0.0,0.0,0.0,0.08563,0.0,-0.5,0.0,-0.1774,0.2233,1.0,0.0,-0.5,-0.5,0.0,0.0,0.0,0.4622
-0.7266,-0.7256,-0.727,-0.3557,0.3047,0.2063,0.564,-0.02507,0.2822,0.569,-0.1544,0.2722,0.5713,-1.277,0.0,0.0,-0.507,-0.547,0.3225,0.0,-0.05304,-0.2603,-0.568,-0.596,0.3293,0.2377,-0.02116,0.3518,-0.6685,0.532,0.0,-0.7075,-0.1769,-0.718,-0.73,0.0,0.0,-0.727,0.0,-0.504,0.8667,1.0,0.0,0.0,0.0,0.03928,1.0,0.0,0.5,-0.3071,0.3193,2.0,0.0,-0.5,-0.5,0.0,0.0,0.0,0.2101
-0.7266,-0.7256,-0.727,-0.003534,-0.05463,0.2063,0.564,-0.02272,-0.1461,0.4443,-0.1516,-1.039,0.5713,-1.268,-1.0,0.0,-0.401,-0.4343,0.254,0.0,-0.0505,-0.4844,-0.5522,-0.596,-0.07623,0.2502,-0.1367,-0.699,-0.67,0.3518,-0.3528,0.895,1.064,-0.718,-0.73,0.0,0.0,-0.727,0.0,-0.5073,0.4841,0.0,0.0,0.0,0.0,-0.10724,0.0,-0.5,0.0,0.01675,-0.04312,0.0,1.0,-0.5,-0.5,0.0,0.0,0.0,-0.5703
-0.7266,-0.7256,-0.727,-0.8184,0.772,0.2063,0.564,0.1609,0.6865,0.739,-0.1466,-17.1,0.7144,-1.258,0.0,0.0,-0.63,-0.7144,0.4424,0.0,-0.04797,2.713,-0.5303,-0.5894,0.6914,0.2854,-0.1682,1.946,-0.6616,-0.699,0.532,0.0,0.1743,-0.718,-0.73,0.0,0.0,-0.727,0.0,-0.498,0.668,0.0,0.0,0.0,0.0,0.392,1.0,-0.5,0.0,-0.727,0.798,1.0,0.0,-0.5,-0.5,0.0,0.0,0.0,2.11
-0.7266,-0.7256,-0.727,-0.945,0.902,0.2063,0.564,0.12195,0.8564,0.808,-0.1437,0.3752,0.7144,-1.247,0.0,0.0,-0.689,-0.77,0.4937,0.0,-0.04544,0.392,-0.5117,-0.579,0.837,0.3076,-0.03168,0.514,-0.652,1.946,0.3518,-0.3528,-1.043,-0.718,-0.73,0.0,0.0,-0.727,0.0,-0.4956,0.518,0.0,0.0,0.0,0.0,0.07135,2.0,0.0,0.0,-0.831,0.9424,2.0,0.0,-0.5,-0.5,0.0,0.0,0.0,0.3718
-0.7266,-0.7256,-0.727,-1.267,1.231,0.3965,0.564,0.2864,1.238,0.9595,-0.1383,0.5737,0.7144,-1.237,0.0,0.0,-0.793,-0.9126,0.596,0.0,-0.04294,1.71,-0.4941,-0.565,1.22,0.333,-0.002253,1.02,-0.6284,0.514,-0.699,0.532,0.0,-0.718,-0.73,0.0,0.0,-0.727,0.0,-0.4907,0.753,0.0,0.0,0.0,0.0,0.1609,2.0,0.5,0.5,-1.139,1.262,3.0,0.0,-0.5,-0.5,0.0,0.0,0.0,0.8315
-0.7266,-0.7256,-0.727,-0.9917,0.9546,0.3965,0.564,0.2389,0.984,0.887,-0.1361,-0.0629,0.7144,-1.228,0.0,0.0,-0.741,-0.848,0.562,0.0,-0.0404,0.3716,-0.4795,-0.5493,0.9443,0.354,0.12384,-0.3342,-0.6226,1.02,1.946,0.3516,-0.7075,-0.718,-0.73,0.0,0.0,-0.727,0.0,-0.4924,0.4587,0.0,0.0,0.0,0.0,-0.04794,1.0,0.5,0.0,-0.8726,0.9966,0.0,1.0,-0.5,-0.5,0.0,0.0,0.0,-0.2437
-0.7266,-0.7256,-0.727,-1.165,1.133,0.3965,0.6875,0.1938,1.224,0.982,-0.1327,0.3823,0.7144,-1.218,0.0,0.0,-0.8184,-0.9224,0.6133,1.0,-0.2903,0.128,-0.465,-0.53,1.132,0.3672,0.065,0.672,-0.6245,-0.3342,0.514,-0.699,0.895,-0.718,-0.73,0.0,0.0,-0.727,0.0,-0.4893,0.5537,0.0,0.0,0.0,0.0,0.1412,2.0,0.5,0.0,-1.058,1.149,1.0,0.0,-0.5,-0.5,0.0,0.0,0.0,0.722
-0.7266,-0.7256,-0.727,-0.9707,0.9365,0.3965,0.6875,0.18,1.006,0.937,-0.1276,-0.03552,0.7144,-1.208,0.0,0.0,-0.7847,-0.884,0.5967,0.0,-0.2878,-0.0917,-0.4526,-0.5107,0.923,0.3923,0.10913,-0.1661,-0.628,0.672,1.02,1.945,0.0,-0.718,-0.73,0.0,0.0,-0.727,0.0,-0.4902,0.8667,1.0,0.0,0.0,0.0,-0.02777,1.0,0.5,0.0,-0.867,0.964,0.0,1.0,-0.5,-0.5,0.0,0.0,0.0,-0.1403
-0.7266,-0.7256,-0.727,-1.145,1.114,0.3965,0.6875,0.1757,1.1875,1.03,-0.1209,0.32,0.7144,-1.198,0.0,0.0,-0.857,-0.96,0.6133,1.0,-0.2903,-0.3281,-0.4407,-0.494,1.132,0.3674,0.1932,0.6665,-0.6187,-0.1661,-0.334,0.5137,-0.3525,-0.718,-0.73,0.0,0.0,-0.727,0.0,-0.487,0.964,1.0,0.0,0.0,0.0,0.0945,1.0,1.0,0.5,-1.034,1.136,1.0,0.0,-0.5,-0.5,0.0,0.0,0.0,0.4788
-0.7266,-0.7256,-0.727,-0.742,0.7056,0.3965,0.6875,0.18,0.695,0.9023,-0.1142,-0.2717,0.7144,-1.188,0.0,0.0,-0.7583,-0.855,0.546,0.0,-0.2878,-0.316,-0.431,-0.4792,0.667,0.394,0.1848,-0.659,-0.6113,0.6665,0.672,1.019,0.532,-0.718,-0.73,0.0,0.0,-0.727,0.0,-0.4907,0.964,1.0,0.0,0.0,0.0,-0.0946,0.0,0.5,0.5,-0.6636,0.723,0.0,1.0,-0.5,-0.5,0.0,0.0,0.0,-0.474
-0.7266,-0.7256,-0.727,-1.01,0.9775,0.3965,0.6875,0.1893,0.959,1.023,-0.1075,0.501,0.7144,-1.178,0.0,0.0,-0.8506,-0.956,0.6133,1.0,-0.2903,0.5527,-0.4182,-0.4653,0.929,0.4082,0.1827,0.833,-0.5996,-0.659,-0.1661,-0.334,0.3516,-0.718,-0.73,0.0,0.0,-0.727,0.0,-0.4866,0.964,1.0,0.0,0.0,0.0,0.1776,1.0,0.5,0.5,-0.875,1.035,1.0,0.0,-0.5,-0.5,0.0,0.0,0.0,0.9
-0.7266,-0.7256,-0.727,-0.69,0.654,0.3965,0.6875,0.307,0.574,0.924,-0.1018,-0.2502,0.7144,-1.168,0.0,0.0,-0.7637,-0.8853,0.563,0.0,-0.2878,1.016,-0.4114,-0.4546,0.6016,0.4246,0.313,-0.493,-0.5913,0.833,0.666,0.672,-0.699,-0.718,-0.73,0.0,0.0,-0.727,0.0,-0.4893,0.778,1.0,0.0,0.0,0.0,-0.05838,0.0,0.5,0.5,-0.5654,0.725,0.0,1.0,-0.5,-0.5,0.0,0.0,0.0,-0.2917
-0.7266,-0.7256,-0.727,-0.3975,0.3555,0.3965,0.6875,0.3264,0.1984,0.8257,-0.09644,-0.4548,0.7144,-1.158,0.0,0.0,-0.6846,-0.8047,0.512,0.0,-0.2854,0.5864,-0.407,-0.4456,0.2329,0.4497,0.1301,-0.497,-0.588,-0.493,-0.6587,-0.166,1.945,-0.718,-0.73,0.0,0.0,-0.727,0.0,-0.492,0.7207,0.0,0.0,0.0,0.0,-0.06476,0.0,0.0,0.5,-0.289,0.4324,0.0,2.0,-0.5,-0.5,0.0,0.0,0.0,-0.3262
-0.7266,-0.7256,-0.727,-0.1289,0.0814,0.3965,0.4573,0.326,-0.1387,0.728,-0.09326,-1.036,0.5713,-1.148,-1.0,0.0,-0.6064,-0.7207,0.4617,0.0,-0.2827,-0.53,-0.406,-0.4382,-0.1156,0.4714,0.086,-0.501,-0.5938,-0.497,0.8325,0.666,0.5137,-0.718,-0.73,0.0,0.0,-0.727,0.0,-0.4946,0.4753,0.0,0.0,0.0,0.0,-0.0692,-1.0,-0.5,0.0,-0.02563,0.1735,0.0,3.0,-0.5,-0.5,0.0,0.0,0.0,-0.3516
-0.7266,-0.7256,-0.727,-0.3965,0.3503,0.3965,0.4573,0.2998,0.0906,0.8223,-0.0894,-10.516,0.5713,-1.139,0.0,0.0,-0.684,-0.799,0.5293,0.0,-0.2803,-0.316,-0.4082,-0.433,0.1421,0.486,-0.03378,0.674,-0.599,-0.501,-0.4927,-0.6587,1.019,-0.718,-0.73,0.0,0.0,-0.727,0.0,-0.4915,0.5327,0.0,0.0,0.0,0.0,0.0783,0.0,-0.5,0.0,-0.2786,0.4375,1.0,0.0,-0.5,-1.0,0.0,0.0,0.0,0.4011
-0.7266,-0.7256,-0.727,-0.4204,0.3699,0.3965,0.4573,0.3333,0.04288,0.834,-0.08374,-0.11145,0.7144,-1.129,0.0,0.0,-0.6904,-0.812,0.546,0.0,-0.2778,0.128,-0.4133,-0.4294,0.10004,0.512,0.01036,0.1666,-0.6143,0.674,-0.4968,0.8325,-0.334,-0.718,-0.73,0.0,0.0,-0.727,0.0,-0.4907,0.778,1.0,0.0,0.0,0.0,0.03009,0.0,0.0,0.5,-0.387,0.3633,2.0,0.0,-0.5,-1.0,0.0,0.0,0.0,0.1525
-0.7266,-0.7256,-0.727,0.1445,-0.2042,0.3965,0.4573,0.1971,-0.5537,0.6274,-0.0847,-3.998,0.5713,-1.119,-1.0,0.0,-0.5356,-0.6206,0.4277,0.0,-0.2751,-0.06885,-0.418,-0.4265,-0.5356,0.527,-0.0653,-1.163,-0.6265,0.1666,-0.501,-0.4927,0.6714,-0.718,-0.73,0.0,0.0,-0.727,0.0,-0.4968,0.0423,0.0,0.0,0.0,0.0,-0.1685,0.0,-0.5,0.0,0.182,-0.1625,0.0,1.0,-0.5,-1.0,0.0,0.0,0.0,-0.851
-0.7266,-0.7256,-0.727,0.4463,-0.509,0.3965,0.2776,0.3047,-0.8643,0.5044,-0.08826,0.919,0.4285,-1.109,-1.0,0.0,-0.423,-0.5205,0.3604,0.0,-0.2727,1.33,-0.4302,-0.4292,-0.8306,0.5205,-0.059,-0.6777,-0.639,-1.163,0.674,-0.4968,-0.166,-0.718,-0.73,0.0,0.0,-0.727,0.0,-0.5005,-0.2698,0.0,0.0,0.0,0.0,-0.1766,0.0,-0.5,-0.5,0.449,-0.4814,0.0,2.0,-0.5,-1.0,0.0,0.0,0.0,-0.91
-0.7266,-0.7256,-0.727,0.34,-0.4006,0.3965,0.2776,0.09326,-0.7363,0.518,-0.0938,-0.0441,0.2856,-1.099,-1.0,0.0,-0.4531,-0.512,0.3772,0.0,-0.2703,-0.517,-0.4463,-0.436,-0.7495,0.5205,-0.1641,0.1714,-0.6597,-0.6777,0.1665,-0.501,0.666,-0.718,-0.73,0.0,0.0,-0.727,0.0,-0.4998,-0.5283,0.0,0.0,0.0,0.0,0.005447,1.0,-0.5,-0.5,0.3398,-0.3848,1.0,0.0,-0.5,-1.0,0.0,0.0,0.0,0.0284
-0.7266,-0.7256,-0.727,0.32,-0.3804,0.3965,0.2776,-0.00914,-0.7017,0.5034,-0.0987,0.08215,0.1428,-1.089,-1.0,0.0,-0.45,-0.4895,0.3772,0.0,-0.2676,-0.7466,-0.4675,-0.4468,-0.7373,0.5176,-0.1073,0.0,-0.676,0.1714,-1.163,0.674,-0.6587,-0.718,-0.73,0.0,0.0,-0.727,0.0,-0.4998,-0.4438,0.0,0.0,0.0,0.0,0.0,0.0,-0.5,-0.5,0.2854,-0.4036,0.0,0.0,-0.5,-1.0,0.0,0.0,0.0,0.0
-0.7266,-0.7256,-0.727,0.1511,-0.209,0.3965,0.2776,-0.06125,-0.4912,0.543,-0.1044,-0.2507,0.0,-1.079,-1.0,0.0,-0.4883,-0.52,0.411,0.0,-0.2651,-0.2935,-0.4907,-0.46,-0.534,0.509,-0.2313,0.3418,-0.691,0.0,-0.6777,0.1665,0.8325,-0.718,-0.73,0.0,0.0,-0.727,0.0,-0.498,-0.5654,0.0,0.0,0.0,0.0,0.0352,0.0,-0.5,-0.5,0.1351,-0.225,1.0,0.0,-0.5,-1.0,0.0,0.0,0.0,0.183
-0.7266,-0.7256,-0.727,-0.0002518,-0.0559,0.3965,0.2776,-0.1128,-0.2976,0.5825,-0.1089,-0.422,-0.1428,-1.069,-1.0,0.0,-0.526,-0.551,0.4446,0.0,-0.2627,-0.5273,-0.5156,-0.4773,-0.3486,0.504,-0.1935,0.3398,-0.699,0.3418,0.1713,-1.162,-0.4927,-0.718,-0.73,0.0,0.0,-0.727,0.0,-0.4966,-0.3987,0.0,0.0,0.0,0.0,0.02916,1.0,0.0,0.0,-0.02524,-0.0934,2.0,0.0,-0.5,-1.0,0.0,0.0,0.0,0.1506
-0.7266,-0.7256,-0.727,-0.4258,0.375,0.3965,0.2776,-0.0848,0.2145,0.7295,-0.11273,-2.936,-0.1428,-1.06,0.0,0.0,-0.6445,-0.6826,0.546,0.0,-0.26,0.3516,-0.5415,-0.4944,0.166,0.4983,-0.1451,1.014,-0.699,0.3398,0.0,-0.6772,-0.4968,-0.718,-0.73,0.0,0.0,-0.727,0.0,-0.4915,-0.2874,0.0,0.0,0.0,0.0,0.08563,2.0,0.5,0.0,-0.4092,0.3499,3.0,0.0,-0.5,-1.0,0.0,0.0,0.0,0.4402
-0.7266,-0.7256,-0.727,0.6753,-0.739,0.3965,0.02838,0.1798,-0.8647,0.3376,-0.12,-3.447,-0.2856,-1.05,-1.0,0.0,-0.29,-0.3545,0.3096,0.0,-0.2576,1.819,-0.5664,-0.513,-0.9004,0.4824,-0.0779,-2.326,-0.699,1.014,0.3418,0.1713,-0.501,-0.718,-0.73,0.0,0.0,-0.727,0.0,-0.5034,-0.6685,0.0,0.0,0.0,0.0,-0.4824,1.0,0.5,0.0,0.71,-0.659,0.0,1.0,-0.5,-1.0,0.0,0.0,0.0,-2.438
-0.7266,-0.7256,-0.727,1.676,-1.747,-0.5337,-1.126,0.373,-1.766,-0.0251,-0.1339,1.462,-0.4285,-1.04,-1.0,0.0,0.05878,-0.01828,0.0901,0.0,-0.2551,1.946,-0.5728,-0.533,-1.71,0.426,-0.1809,-2.246,-0.668,-2.326,0.3398,0.0,0.6733,-0.718,-0.73,0.0,0.0,-0.727,0.0,-0.5146,-1.243,0.0,1.0,0.0,0.0,-0.5913,1.0,0.0,-0.5,1.749,-1.547,0.0,2.0,-0.5,-1.0,0.0,0.0,0.0,-3.107
-0.7266,-0.7256,-0.727,2.127,-2.2,-0.5337,-1.772,0.4243,-2.154,-0.2244,-0.1493,0.4011,-0.5713,-1.029,-1.0,0.0,0.257,0.1841,-0.02814,0.0,-0.2524,0.2913,-0.536,-0.5454,-1.915,0.3425,-0.2566,-1.257,-0.611,-2.246,1.014,0.3416,0.1665,-0.718,-0.73,0.0,0.0,-0.727,0.0,-0.521,-1.312,0.0,1.0,0.0,0.0,-0.4019,0.0,-0.5,-0.5,2.217,-1.947,0.0,3.0,-0.5,-1.0,0.0,1.0,-3.82,-2.195
-0.7266,-0.7256,-0.727,2.379,-2.45,-0.5337,-2.244,0.44,-2.36,-0.3687,-0.1653,0.2583,-0.7144,-1.02,-1.0,0.0,0.4043,0.3386,-0.11255,0.0,-0.25,0.0675,-0.4856,-0.544,-2.086,0.2927,-0.1809,-0.917,-0.558,-1.257,-2.326,0.3396,-1.162,-0.718,-0.73,0.0,0.0,-0.727,0.0,-0.5254,-1.343,0.0,1.0,0.0,0.0,-0.1559,-1.0,-0.5,-0.5,2.479,-2.168,0.0,4.0,-0.5,-0.5,0.0,0.0,0.0,-0.8696
-0.7266,-0.7256,-0.727,1.818,-1.878,-0.5337,-2.244,0.52,-1.861,-0.2703,-0.1787,-0.104,-0.7144,-1.01,-1.0,0.0,0.3118,0.2241,-0.045,0.0,-0.2474,1.039,-0.4329,-0.529,-1.561,0.2467,-0.1641,0.745,-0.53,-0.917,-2.246,1.014,-0.6772,-0.718,-0.73,0.0,0.0,-0.727,0.0,-0.522,-1.101,0.0,1.0,0.0,0.0,0.1628,-1.0,0.0,0.0,1.947,-1.606,1.0,0.0,-0.5,-0.5,0.0,0.0,0.0,0.923
-0.7266,-0.7256,-0.727,1.833,-1.889,-0.5337,-2.244,0.691,-1.826,-0.3335,-0.1942,0.1205,-0.857,-1.0,-1.0,0.0,0.3909,0.276,-0.0788,0.0,-0.245,1.553,-0.3833,-0.504,-1.542,0.2062,-0.2355,-0.368,-0.509,0.745,-1.257,-2.324,0.1713,-0.718,-0.73,0.0,0.0,-0.727,0.0,-0.524,-1.327,0.0,1.0,0.0,0.0,-0.08594,-1.0,-0.5,-0.5,1.973,-1.6045,0.0,1.0,-0.5,-0.5,0.0,0.0,0.0,-0.481
-0.7266,-0.7256,-0.727,1.499,-1.553,-0.5337,-2.244,0.6304,-1.45,-0.2886,-0.2094,-0.0976,-1.0,-0.99,-1.0,0.0,0.3398,0.2332,-0.045,0.0,-0.2424,-0.1986,-0.3403,-0.4739,-1.188,0.1677,-0.2922,0.3704,-0.4944,-0.368,-0.917,-2.246,0.0,-0.718,-0.73,0.0,0.0,-0.727,0.0,-0.522,-1.277,0.0,1.0,0.0,0.0,0.0421,0.0,0.0,-0.5,1.611,-1.325,1.0,0.0,-0.5,-0.5,0.0,0.0,0.0,0.2373
-0.7266,-0.7256,-0.727,1.284,-1.336,-0.5337,-2.244,0.512,-1.204,-0.2705,-0.2214,-0.05917,-1.0,-0.98,-1.0,0.0,0.311,0.225,-0.02814,0.0,-0.2399,-0.4492,-0.3083,-0.444,-0.985,0.1432,-0.3867,0.184,-0.4937,0.3704,0.745,-1.257,0.3416,-0.718,-0.73,0.0,0.0,-0.727,0.0,-0.5215,-1.101,0.0,1.0,0.0,0.0,0.01488,1.0,0.0,0.0,1.381,-1.142,2.0,0.0,-0.5,-0.5,0.0,0.0,0.0,0.08325
-0.7266,-0.7256,-0.727,1.866,-1.924,-0.5337,-2.244,0.5757,-1.716,-0.4927,-0.2347,0.658,-1.0,-0.98,-1.0,-1.0,0.546,0.4639,-0.1632,0.0,-0.2374,0.588,-0.2754,-0.4104,-1.421,0.0896,-0.4834,-1.468,-0.4807,0.184,-0.368,-0.917,0.3396,-0.718,-0.73,0.0,0.0,-0.727,0.0,-0.5264,-1.177,0.0,1.0,0.0,0.0,-0.2118,1.0,-0.5,0.0,2.004,-1.639,0.0,1.0,-0.5,-0.5,0.0,1.0,-3.049,-1.182
-0.7266,-0.7256,-0.727,1.615,-1.668,-0.5337,-2.244,0.5903,-1.444,-0.4734,-0.2482,-0.0431,-1.0,-0.98,-1.0,-1.0,0.527,0.4407,-0.1464,0.0,-0.2349,-0.1753,-0.255,-0.3816,-1.253,0.0728,-0.685,0.1881,-0.4727,-1.468,0.37,0.745,1.013,-0.718,-0.73,0.0,0.0,-0.727,0.0,-0.5264,-1.177,0.0,1.0,0.0,0.0,0.02162,1.0,-0.5,0.0,1.778,-1.375,1.0,0.0,-0.5,-0.5,0.0,0.0,0.0,0.1237
-0.7266,-0.7256,-0.727,0.8794,-0.923,-0.5337,-2.244,0.688,-0.6826,-0.2944,-0.259,-0.4858,-1.0,-0.97,-1.0,0.0,0.351,0.234,-0.02814,0.0,-0.2323,1.031,-0.2451,-0.3574,-0.5415,0.05273,-0.4773,1.3125,-0.4749,0.1881,0.184,-0.368,-2.324,-0.718,-0.73,0.0,0.0,-0.727,0.0,-0.5215,-0.866,0.0,0.0,0.0,0.0,0.2361,2.0,0.0,0.5,1.128,-0.594,2.0,0.0,-0.5,-0.5,0.0,0.0,0.0,1.347
-0.7266,-0.7256,-0.727,-0.3054,0.2766,0.7036,-2.244,0.8296,0.6304,0.0702,-0.2656,-2.396,-0.857,-0.9604,0.0,0.0,0.00998,-0.158,0.2083,0.0,-0.2299,0.6934,-0.2515,-0.3416,0.6367,0.0621,-0.246,2.549,-0.4917,1.3125,-1.468,0.37,-2.246,-0.718,-0.73,0.0,0.0,-0.727,0.0,-0.51,-0.451,0.0,0.0,0.0,0.0,1.034,2.0,0.5,0.5,0.10864,0.6934,3.0,0.0,-1.0,-0.5,1.0,0.0,4.234,5.766
-0.7266,-0.7256,-0.727,-0.4163,0.3862,0.8867,-2.244,0.855,0.886,0.113,-0.2722,0.5186,-0.7144,-0.9507,0.0,0.0,-0.02742,-0.2028,0.2421,0.0,-0.2273,-0.02487,-0.2725,-0.3333,0.8135,0.0618,-0.0842,0.3518,-0.512,2.549,0.188,0.184,-1.257,-0.718,-0.73,0.0,0.0,-0.727,0.0,-0.5083,-0.451,0.0,0.0,0.0,0.0,0.07153,2.0,1.0,0.5,-0.03424,0.7593,4.0,0.0,-0.5,-0.5,0.0,0.0,0.0,0.3828
-0.7266,-0.7256,-0.727,-0.06033,0.0187,0.8867,-2.244,0.889,0.6743,-0.003563,-0.2825,-0.0889,-0.7144,-0.9404,0.0,0.0,0.08453,-0.08954,0.1744,0.0,-0.2247,0.2299,-0.308,-0.3308,0.509,0.05298,0.0545,-0.699,-0.5244,0.3518,1.3125,-1.467,-0.917,-0.718,-0.73,0.0,0.0,-0.727,0.0,-0.5117,-0.726,0.0,0.0,0.0,0.0,-0.07434,2.0,1.0,0.0,0.216,0.3042,0.0,1.0,-0.5,-0.5,0.0,0.0,0.0,-0.3955
-0.7266,-0.7256,-0.727,0.1912,-0.24,0.8867,-2.244,0.7227,0.4783,-0.0926,-0.2883,-0.1293,-0.5713,-0.9307,0.0,0.0,0.1547,0.01743,0.12384,0.0,-0.2222,0.00464,-0.3574,-0.3308,0.3503,0.03265,0.006153,-0.531,-0.532,-0.699,2.547,0.188,0.7446,-0.718,-0.73,0.0,0.0,-0.727,0.0,-0.514,-0.476,0.0,0.0,0.0,0.0,-0.0591,1.0,0.5,0.0,0.364,-0.0475,0.0,2.0,-0.5,-0.5,0.0,0.0,0.0,-0.318
-0.7266,-0.7256,-0.727,-0.3552,0.314,0.8867,-2.244,0.5405,1.044,0.08417,-0.2869,1.188,-0.4285,-0.921,0.0,0.0,-0.0289,-0.1442,0.2421,0.0,-0.2197,0.4456,-0.4094,-0.3367,0.9775,0.03041,0.0692,1.25,-0.5405,-0.531,0.3518,1.312,-0.368,-0.718,-0.73,0.0,0.0,-0.727,0.0,-0.5083,0.1644,0.0,0.0,0.0,0.0,0.1871,1.0,1.0,0.5,-0.1558,0.4932,1.0,0.0,-0.5,-0.5,0.0,0.0,0.0,1.016
-0.7266,-0.7256,-0.727,-0.972,0.9424,0.8867,-2.244,0.4548,1.678,0.3127,-0.2793,0.7427,-0.2856,-0.911,0.0,0.0,-0.2435,-0.3574,0.394,0.0,-0.2172,0.856,-0.4534,-0.3513,1.593,0.0634,0.0671,1.574,-0.539,1.25,-0.699,2.547,0.37,-0.718,-0.73,0.0,0.0,-0.727,0.0,-0.501,0.677,0.0,0.0,0.0,0.0,0.296,1.0,1.0,1.0,-0.7095,1.143,2.0,0.0,-0.5,-0.5,0.0,0.0,0.0,1.574
-0.7266,-0.7256,-0.727,-1.01,0.982,0.8867,-2.244,0.38,1.641,0.355,-0.269,0.12006,-0.1428,-0.901,0.0,0.0,-0.2874,-0.39,0.4277,0.0,-0.2146,-0.2969,-0.4958,-0.373,1.579,0.09875,0.1007,0.3408,-0.537,1.574,-0.531,0.3516,0.184,-0.718,-0.73,0.0,0.0,-0.727,0.0,-0.4993,0.952,1.0,0.0,0.0,0.0,0.05478,1.0,1.0,1.5,-0.766,1.158,3.0,0.0,-0.5,-0.5,0.0,0.0,0.0,0.284
-0.7266,-0.7256,-0.727,-1.043,1.017,0.8867,-2.244,0.2856,1.616,0.3967,-0.2598,0.1282,0.0,-0.891,0.0,0.0,-0.332,-0.4197,0.4617,0.0,-0.2122,-0.07654,-0.5293,-0.4019,1.574,0.1323,0.3257,0.3389,-0.535,0.3408,1.249,-0.699,-1.467,-0.718,-0.73,0.0,0.0,-0.727,0.0,-0.4976,0.916,1.0,0.0,0.0,0.0,0.04623,2.0,1.5,1.5,-0.8003,1.189,4.0,0.0,-0.5,-0.5,0.0,0.0,0.0,0.2383
-0.7266,-0.7256,-0.727,-0.3467,0.311,0.8867,-2.244,0.2974,0.7617,0.1744,-0.2524,-0.3984,0.1428,-0.8813,0.0,0.0,-0.1337,-0.2096,0.3264,0.0,-0.2096,0.8823,-0.5435,-0.4377,0.7085,0.1664,0.3823,-1.348,-0.559,0.3389,1.573,-0.531,0.188,-0.718,-0.73,0.0,0.0,-0.727,0.0,-0.5044,0.633,0.0,0.0,0.0,0.0,-0.2266,2.0,1.0,1.5,-0.0862,0.557,0.0,1.0,-0.5,-0.5,0.0,0.0,0.0,-1.161
-0.7266,-0.7256,-0.727,-0.8135,0.7847,0.8867,-2.244,0.3325,1.183,0.3489,-0.2433,0.67,0.2856,-0.871,0.0,0.0,-0.2864,-0.3796,0.4446,0.0,-0.207,0.6094,-0.5317,-0.479,1.137,0.2,0.294,1.206,-0.547,-1.348,0.3406,1.249,1.312,-0.718,-0.73,0.0,0.0,-0.727,0.0,-0.4988,0.7314,0.0,0.0,0.0,0.0,0.2537,2.0,1.0,1.5,-0.4795,1.074,1.0,0.0,-0.5,-0.5,0.0,0.0,0.0,1.329
-0.7266,-0.7256,-0.727,-0.2822,0.2472,0.8867,-2.244,0.4553,0.525,0.1796,-0.2368,-0.413,0.4285,-0.8613,0.0,0.0,-0.1241,-0.2296,0.3433,0.0,-0.2046,-0.0492,-0.5103,-0.5146,0.531,0.2184,0.0587,-1.014,-0.5396,1.206,0.3389,1.573,2.547,-0.718,-0.73,0.0,0.0,-0.727,0.0,-0.504,0.4805,0.0,0.0,0.0,0.0,-0.1675,1.0,0.5,1.0,0.007236,0.53,0.0,1.0,-0.5,-0.5,0.0,0.0,0.0,-0.861
-0.7266,-0.7256,-0.727,0.0587,-0.10126,0.8867,-2.244,0.547,0.0195,0.06335,-0.2289,-0.723,0.5713,-0.8516,0.0,0.0,-0.008995,-0.124,0.276,0.0,-0.202,1.838,-0.4827,-0.5317,0.0684,0.243,0.03348,-0.6875,-0.5415,-1.014,-1.348,0.3406,0.3516,-0.718,-0.73,0.0,0.0,-0.727,0.0,-0.508,0.6313,0.0,0.0,0.0,0.0,-0.1642,0.0,0.0,1.0,0.3606,0.2213,0.0,2.0,-0.5,-0.5,0.0,0.0,0.0,-0.858
-0.7266,-0.7256,-0.727,-0.01255,-0.03394,0.8867,0.3494,0.6016,-0.05426,0.079,-0.2211,-0.458,0.7144,-0.842,0.0,0.0,-0.01862,-0.1448,0.2927,0.0,-0.1995,0.4292,-0.4568,-0.5366,0.04,0.266,0.12177,0.1738,-0.5513,-0.6875,1.206,0.3386,-0.699,-0.718,-0.73,0.0,0.0,-0.727,0.0,-0.507,0.6313,0.0,0.0,0.0,0.0,0.02448,0.0,0.5,1.0,0.2401,0.2296,1.0,0.0,-0.5,-0.5,0.0,0.0,0.0,0.1294
-0.7266,-0.7256,-0.727,-0.8115,0.772,0.8867,0.3494,0.541,0.6953,0.3562,-0.2119,13.65,0.857,-0.8315,0.0,0.0,-0.274,-0.4065,0.4785,0.0,-0.197,0.8237,-0.4312,-0.527,0.78,0.304,0.1995,1.907,-0.5454,0.1738,-1.014,-1.347,-0.531,-0.718,-0.73,0.0,0.0,-0.727,0.0,-0.4976,0.705,0.0,0.0,0.0,0.0,0.3906,1.0,1.0,1.0,-0.547,0.987,2.0,0.0,-0.5,-0.5,0.0,0.0,0.0,2.06
-0.7266,-0.7256,-0.727,-0.935,0.8975,0.8867,0.3494,0.3398,0.831,0.4216,-0.2072,0.3262,0.857,-0.822,0.0,0.0,-0.3489,-0.448,0.5293,0.0,-0.1945,0.3564,-0.4045,-0.508,0.8604,0.3381,0.0965,0.504,-0.5425,1.907,-0.6875,1.206,1.249,-0.718,-0.73,0.0,0.0,-0.727,0.0,-0.495,0.4812,0.0,0.0,0.0,0.0,0.0941,1.0,1.0,1.0,-0.6577,1.116,3.0,0.0,-0.5,-0.5,0.0,0.0,0.0,0.481
-0.7266,-0.7256,-0.727,-0.9033,0.8667,0.8867,0.3494,0.4526,0.803,0.4346,-0.2028,0.1111,0.857,-0.812,0.0,0.0,-0.35,-0.4707,0.546,0.0,-0.1919,1.245,-0.3774,-0.4822,0.7383,0.3796,-0.0569,0.1666,-0.541,0.504,0.1738,-1.014,1.573,-0.718,-0.73,0.0,0.0,-0.727,0.0,-0.4946,0.4573,0.0,0.0,0.0,0.0,0.04858,2.0,1.0,1.0,-0.6567,1.055,4.0,0.0,-0.5,-0.5,0.0,0.0,0.0,0.2462
-0.7266,-0.7256,-0.727,-0.6626,0.622,0.8867,0.3494,0.4465,0.5127,0.3696,-0.1974,-0.2042,0.857,-0.802,0.0,0.0,-0.2942,-0.41,0.512,0.0,-0.1895,0.1368,-0.3594,-0.4578,0.471,0.4004,-0.08,-0.3323,-0.5464,0.1666,1.906,-0.687,0.3406,-0.718,-0.73,0.0,0.0,-0.727,0.0,-0.4966,0.5435,0.0,0.0,0.0,0.0,-0.0633,2.0,0.5,1.0,-0.4385,0.804,0.0,1.0,-0.5,-0.5,0.0,0.0,0.0,-0.3198
-0.7266,-0.7256,-0.727,-1.631,1.726,0.8867,0.3494,0.564,1.682,0.8,-0.1849,2.186,0.857,-0.792,0.0,0.0,-0.6426,-0.805,0.6133,1.0,-0.2903,2.426,-0.3484,-0.433,1.653,0.2646,-0.1115,2.549,-0.543,-0.3323,0.504,0.1738,0.3386,-0.718,-0.73,0.0,0.0,-0.727,0.0,-0.4822,0.9863,1.0,0.0,0.0,0.0,0.786,2.0,0.5,1.5,-1.384,1.969,1.0,0.0,-0.5,-0.5,0.0,0.0,0.0,3.994
-0.7266,-0.7256,-0.727,-1.502,1.479,0.8867,0.3494,0.6284,1.399,0.7573,-0.1755,-0.02951,0.857,-0.782,0.0,0.0,-0.603,-0.775,0.597,0.0,-0.2878,0.93,-0.341,-0.4072,1.325,0.3127,0.09863,-0.1594,-0.555,2.549,0.1665,1.906,-1.347,-0.718,-0.73,0.0,0.0,-0.727,0.0,-0.4834,0.8345,1.0,0.0,0.0,0.0,-0.0438,1.0,0.5,1.0,-1.229,1.649,0.0,1.0,-0.5,-0.5,0.0,0.0,0.0,-0.2124
-0.7266,-0.7256,-0.727,-1.145,1.117,0.8867,0.3494,0.6304,1.029,0.664,-0.1707,-0.12494,0.857,-0.7725,0.0,0.0,-0.527,-0.6943,0.548,0.0,-0.2854,0.5156,-0.3345,-0.3855,0.9243,0.344,0.008255,-0.4797,-0.568,-0.1594,-0.3323,0.504,1.206,-0.718,-0.73,0.0,0.0,-0.727,0.0,-0.4863,0.5234,0.0,0.0,0.0,0.0,-0.1431,0.0,0.0,0.5,-0.8833,1.302,0.0,2.0,-0.5,-0.5,0.0,0.0,0.0,-0.696
-0.7266,-0.7256,-0.727,-0.6763,0.6455,0.8867,0.3494,0.823,0.5405,0.52,-0.1682,-0.3254,0.857,-0.762,0.0,0.0,-0.3896,-0.584,0.466,0.0,-0.2827,1.422,-0.3313,-0.3674,0.4316,0.3618,0.17,-0.806,-0.568,-0.4797,2.547,0.1665,-1.013,-0.718,-0.73,0.0,0.0,-0.727,0.0,-0.4907,0.274,0.0,0.0,0.0,0.0,-0.1783,-1.0,0.0,0.0,-0.4163,0.8657,0.0,3.0,-0.5,-0.5,0.0,0.0,0.0,-0.8745
-0.7256,-0.724,-0.726,-1.279,1.26,0.4084,0.3494,0.9004,1.231,0.765,-0.163,1.299,0.857,-0.7524,0.0,0.0,-0.5845,-0.8076,0.6133,1.0,-0.2903,0.7036,-0.3286,-0.352,1.097,0.3743,0.292,1.634,-0.5522,-0.806,-0.1594,-0.332,-0.687,-0.7163,-0.73,0.0,0.0,-0.727,0.0,-0.4824,0.46,0.0,0.0,0.0,0.0,0.4714,0.0,0.5,0.0,-0.9775,1.479,1.0,0.0,-0.5,-0.5,0.0,0.0,0.0,2.344
-0.7246,-0.7236,-0.725,-1.077,1.056,0.4084,0.3494,0.9272,0.9805,0.7236,-0.155,-0.0614,0.857,-0.7427,0.0,0.0,-0.549,-0.7744,0.597,0.0,-0.2878,0.924,-0.3276,-0.342,0.9087,0.396,0.3381,-0.159,-0.5513,1.634,-0.4795,2.547,0.1738,-0.7153,-0.73,0.0,0.0,-0.7266,0.0,-0.4834,0.7363,0.0,0.0,0.0,0.0,-0.0328,-1.0,0.0,0.0,-0.8384,1.222,0.0,1.0,-0.5,-0.5,0.0,0.0,0.0,-0.1587
-0.7236,-0.7227,-0.7246,-0.6196,0.5913,0.4084,0.3494,0.9087,0.48,0.5796,-0.1515,-0.358,0.857,-0.733,0.0,0.0,-0.4321,-0.646,0.5156,0.0,-0.2854,-0.1317,-0.3289,-0.34,0.4211,0.414,0.17,-0.7974,-0.5713,-0.159,-0.8057,-0.1594,1.906,-0.7144,-0.73,0.0,0.0,-0.7256,0.0,-0.4878,0.3762,0.0,0.0,0.0,0.0,-0.10706,-1.0,-0.5,-0.5,-0.4138,0.7573,0.0,2.0,-0.5,-0.5,0.0,0.0,0.0,-0.5195
-0.7236,-0.7227,-0.724,-0.4788,0.4465,0.4084,0.3494,0.8584,0.2761,0.5405,-0.1459,-0.2327,0.857,-0.7227,0.0,0.0,-0.4038,-0.606,0.499,0.0,-0.2827,-0.3462,-0.3364,-0.3447,0.2559,0.4316,0.1365,-0.1616,-0.5835,-0.7974,1.634,-0.4795,0.504,-0.715,-0.73,0.0,0.0,-0.725,0.0,-0.4888,0.5884,0.0,0.0,0.0,0.0,-0.01712,-1.0,-1.0,-0.5,-0.306,0.5874,0.0,3.0,-0.5,-0.5,0.0,0.0,0.0,-0.08417
-0.7227,-0.7217,-0.723,-0.8354,0.8037,0.4084,0.3494,0.7744,0.577,0.6816,-0.1366,0.986,0.857,-0.713,0.0,0.0,-0.5283,-0.723,0.597,0.0,-0.2803,0.924,-0.3418,-0.3467,0.5205,0.4756,0.1365,0.9727,-0.5776,-0.1616,-0.159,-0.8057,0.1665,-0.715,-0.7295,0.0,0.0,-0.7246,0.0,-0.484,0.9023,1.0,0.0,0.0,0.0,0.1791,0.0,-1.0,0.0,-0.602,0.9824,1.0,0.0,-0.5,-0.5,0.0,0.0,0.0,0.883
-0.7217,-0.7207,-0.722,-1.08,1.048,0.4084,0.3494,0.7754,0.771,0.796,-0.126,0.4507,0.857,-0.703,0.0,0.0,-0.6206,-0.8223,0.6133,1.0,-0.2903,0.681,-0.3513,-0.3484,0.788,0.4368,0.21,0.7974,-0.5654,0.9727,-0.7974,1.634,-0.332,-0.714,-0.728,0.0,0.0,-0.7236,0.0,-0.4797,0.97,1.0,0.0,0.0,0.0,0.1218,0.0,-0.5,0.0,-0.885,1.167,2.0,0.0,-0.5,-0.5,0.0,0.0,0.0,0.591
-0.7217,-0.7207,-0.722,-0.0693,0.02293,0.06287,0.1721,0.9326,-0.325,0.448,-0.12396,-1.214,0.7144,-0.693,-1.0,0.0,-0.3186,-0.5293,0.4033,0.0,-0.2878,1.194,-0.3613,-0.3508,-0.333,0.4578,-0.101,-2.047,-0.568,0.7974,-0.1616,-0.1589,2.547,-0.714,-0.7275,0.0,0.0,-0.723,0.0,-0.491,0.2012,0.0,0.0,0.0,0.0,-0.2864,0.0,-1.0,-0.5,0.1586,0.2551,0.0,1.0,-0.5,-0.5,0.0,0.0,0.0,-1.37
-0.7207,-0.7197,-0.721,-0.947,0.911,0.06287,0.1721,0.9263,0.585,0.7695,-0.11847,-4.613,0.7144,-0.683,0.0,0.0,-0.586,-0.814,0.6133,1.0,-0.2903,1.316,-0.3728,-0.354,0.5913,0.4775,-0.0968,2.12,-0.571,-2.047,0.972,-0.797,-0.1594,-0.7134,-0.726,0.0,0.0,-0.722,0.0,-0.48,0.4312,0.0,0.0,0.0,0.0,0.3108,1.0,-0.5,-0.5,-0.5786,1.228,1.0,0.0,-0.5,-0.5,0.0,0.0,0.0,1.541
-0.7207,-0.7197,-0.721,-0.2281,0.1816,0.06287,0.1721,0.9976,-0.1884,0.5254,-0.1166,-1.068,0.5713,-0.6733,-1.0,0.0,-0.3787,-0.6055,0.468,0.0,-0.2878,1.166,-0.383,-0.3577,-0.198,0.4956,-0.02116,-1.416,-0.576,2.12,0.7974,-0.1616,-0.4795,-0.714,-0.7256,0.0,0.0,-0.7217,0.0,-0.488,0.1342,0.0,0.0,0.0,0.0,-0.257,1.0,-0.5,-1.0,0.1658,0.582,0.0,1.0,-0.5,-0.5,0.0,0.0,0.0,-1.231
-0.7207,-0.7197,-0.721,0.38,-0.4358,0.06287,-0.167,1.143,-0.8467,0.308,-0.1168,10.01,0.4285,-0.6636,-1.0,0.0,-0.178,-0.419,0.3386,0.0,-0.2854,0.1151,-0.404,-0.3674,-0.8076,0.4927,0.0839,-1.29,-0.5947,-1.416,-2.045,0.972,-0.8057,-0.7144,-0.725,0.0,0.0,-0.7217,0.0,-0.495,-0.02165,0.0,0.0,0.0,0.0,-0.4631,0.0,-0.5,-1.0,0.671,-0.1001,0.0,2.0,-0.5,-0.5,0.0,1.0,-3.82,-2.271
-0.7207,-0.7197,-0.721,0.3564,-0.4116,0.06287,-0.167,0.946,-0.781,0.2974,-0.1235,0.04404,0.2856,-0.6533,-1.0,0.0,-0.186,-0.39,0.3386,0.0,-0.2827,0.3367,-0.427,-0.3818,-0.7837,0.4873,-0.1326,0.0,-0.627,-1.29,2.117,0.797,1.633,-0.715,-0.7246,0.0,0.0,-0.721,0.0,-0.495,-0.4746,0.0,0.0,0.0,0.0,0.0,-1.0,-1.0,-1.5,0.64,-0.08563,0.0,0.0,-0.5,-0.5,0.0,0.0,0.0,0.0
-0.721,-0.72,-0.7217,0.2625,-0.3157,0.06287,-0.167,0.9375,-0.6465,0.312,-0.1294,-0.0784,0.1428,-0.6436,-1.0,0.0,-0.1996,-0.4028,0.3547,0.0,-0.2803,0.995,-0.4487,-0.4023,-0.6265,0.4702,-0.1388,0.1648,-0.6655,0.0,-1.416,-2.045,-0.1589,-0.716,-0.724,0.0,0.0,-0.72,0.0,-0.4946,-0.4185,0.0,0.0,0.0,0.0,0.06476,0.0,-0.5,-1.0,0.533,-0.010864,1.0,0.0,-0.5,-0.5,0.0,0.0,0.0,0.3245
-0.7207,-0.7197,-0.721,-0.25,0.2035,0.06287,-0.167,0.9204,-0.0925,0.4795,-0.1317,-1.001,0.1428,-0.634,0.0,0.0,-0.3464,-0.5566,0.468,0.0,-0.2778,0.08167,-0.4697,-0.4236,-0.09125,0.473,-0.0569,1.15,-0.6797,0.1648,-1.289,2.117,-0.797,-0.7163,-0.7236,0.0,0.0,-0.72,0.0,-0.489,-0.1375,0.0,0.0,0.0,0.0,0.4534,0.0,0.0,-0.5,0.0612,0.512,2.0,0.0,-0.5,-0.5,0.0,0.0,0.0,2.266
-0.7207,-0.7197,-0.721,-0.0729,0.02306,0.06287,-0.167,0.8003,-0.2676,0.4167,-0.1327,-8.35,0.0,-0.6235,-1.0,0.0,-0.3035,-0.4875,0.4355,0.0,-0.2751,-0.1282,-0.4937,-0.4458,-0.259,0.4753,-0.03378,-0.3225,-0.6904,1.15,0.0,-1.416,-0.1615,-0.7163,-0.723,0.0,0.0,-0.7197,0.0,-0.491,-0.05426,0.0,0.0,0.0,0.0,-0.06204,0.0,0.0,-0.5,0.1621,0.263,0.0,1.0,-0.5,-0.5,0.0,0.0,0.0,-0.3042
-0.7197,-0.7188,-0.72,-0.7446,0.704,0.06287,-0.167,0.802,0.506,0.66,-0.1339,-5.418,0.0,-0.614,0.0,0.0,-0.5083,-0.707,0.597,0.0,-0.2727,2.172,-0.5156,-0.4666,0.4749,0.4854,-0.1599,1.621,-0.6934,-0.3225,0.1647,-1.289,0.972,-0.7163,-0.7227,0.0,0.0,-0.719,0.0,-0.4827,-0.05426,0.0,0.0,0.0,0.0,0.6655,1.0,0.0,-0.5,-0.4043,1.006,1.0,0.0,-0.5,-0.5,0.0,0.0,0.0,3.281
-0.719,-0.7183,-0.7197,-0.8613,0.8237,0.06287,-0.167,0.7607,0.7026,0.724,-0.1337,0.49,0.0,-0.604,0.0,0.0,-0.564,-0.759,0.6133,1.0,-0.2903,0.2485,-0.5366,-0.4893,0.643,0.4666,-0.2566,0.4734,-0.699,1.621,1.149,0.0,0.797,-0.7153,-0.7217,0.0,0.0,-0.7188,0.0,-0.4805,0.05203,0.0,0.0,0.0,0.0,0.1066,2.0,0.0,0.0,-0.535,1.102,2.0,0.0,-0.5,-0.5,0.0,0.0,0.0,0.5117
-0.7188,-0.718,-0.719,-0.2905,0.2461,-0.3132,-0.167,0.889,0.12146,0.5337,-0.1339,-0.636,0.0,-0.594,0.0,0.0,-0.3953,-0.6025,0.501,0.0,-0.2878,0.709,-0.56,-0.5103,0.07404,0.4717,0.02086,-1.096,-0.699,0.4734,-0.3223,0.1647,-2.045,-0.715,-0.7217,0.0,0.0,-0.7188,0.0,-0.4866,-0.005295,0.0,0.0,0.0,0.0,-0.2043,1.0,0.0,0.0,0.0575,0.592,0.0,1.0,-0.5,-0.5,0.0,0.0,0.0,-0.9736
-0.7183,-0.7173,-0.7188,-0.4563,0.4146,-0.3132,-0.167,0.904,0.3066,0.5986,-0.1326,1.001,0.0,-0.584,0.0,0.0,-0.4482,-0.662,0.5493,0.0,-0.2854,0.05356,-0.588,-0.5264,0.281,0.4773,-0.2355,0.4785,-0.697,-1.096,1.62,1.149,2.117,-0.7134,-0.721,0.0,0.0,-0.7183,0.0,-0.4841,0.095,0.0,0.0,0.0,0.0,0.0868,1.0,0.0,0.5,-0.1273,0.7266,1.0,0.0,-0.5,-0.5,0.0,0.0,0.0,0.4211
-0.7173,-0.7163,-0.718,-1.194,1.165,-0.1783,-0.167,0.869,1.163,0.89,-0.1294,2.371,0.0,-0.574,0.0,0.0,-0.687,-0.9106,0.6133,1.0,-0.2903,1.864,-0.5986,-0.5396,1.126,0.3684,-0.0506,1.898,-0.6694,0.4785,0.4734,-0.3223,-1.416,-0.7114,-0.72,0.0,0.0,-0.718,0.0,-0.4744,0.225,0.0,0.0,0.0,0.0,0.578,2.0,0.5,0.5,-0.7793,1.514,2.0,0.0,-0.5,-0.5,0.0,0.0,0.0,2.781
-0.717,-0.716,-0.7173,-0.6733,0.639,-0.1783,-0.167,0.989,0.6694,0.7256,-0.1301,-0.2808,0.0,-0.5645,0.0,0.0,-0.545,-0.7817,0.519,0.0,-0.2878,1.287,-0.5996,-0.5537,0.6113,0.3784,0.1575,-0.92,-0.665,1.898,-1.096,1.62,-1.289,-0.7104,-0.7197,0.0,0.0,-0.7173,0.0,-0.4797,-0.04187,0.0,0.0,0.0,0.0,-0.304,1.0,0.5,0.0,-0.3416,0.937,0.0,1.0,-0.5,-0.5,0.0,0.0,0.0,-1.418
-0.716,-0.715,-0.7163,-0.9253,0.8955,-0.1783,-0.167,0.9136,0.9336,0.84,-0.12396,0.5127,0.1428,-0.5547,0.0,0.0,-0.643,-0.8726,0.5977,0.0,-0.2854,1.046,-0.5938,-0.5654,0.942,0.39,0.2015,0.779,-0.6484,-0.92,0.4783,0.4731,0.0,-0.709,-0.7188,0.0,0.0,-0.7173,0.0,-0.4756,0.4373,0.0,0.0,0.0,0.0,0.1366,1.0,1.0,0.5,-0.6494,1.113,1.0,0.0,-0.5,-0.5,0.0,0.0,0.0,0.647
-0.716,-0.715,-0.7163,-0.222,0.1829,-0.1783,-0.167,0.907,0.2308,0.601,-0.126,-0.5923,0.1428,-0.5444,0.0,0.0,-0.4502,-0.665,0.4558,0.0,-0.2827,-0.166,-0.586,-0.577,0.2312,0.393,0.2352,-1.384,-0.6465,0.779,1.898,-1.096,0.1647,-0.709,-0.7183,0.0,0.0,-0.717,0.0,-0.4834,-0.1375,0.0,0.0,0.0,0.0,-0.1666,1.0,0.5,0.0,0.01854,0.417,0.0,1.0,-0.5,-0.5,0.0,0.0,0.0,-0.779
-0.7153,-0.7144,-0.716,-0.05038,0.00804,-0.1783,-0.167,0.809,0.0353,0.54,-0.1254,-0.4768,0.2856,-0.5347,0.0,0.0,-0.4077,-0.6006,0.4243,0.0,-0.2803,-0.1593,-0.5786,-0.5894,0.0629,0.396,0.12177,-0.3147,-0.648,-1.384,-0.92,0.4783,1.149,-0.709,-0.718,0.0,0.0,-0.717,0.0,-0.4854,0.07227,0.0,0.0,0.0,0.0,-0.0774,0.0,0.0,0.0,0.1321,0.1923,0.0,2.0,-0.5,-0.5,0.0,0.0,0.0,-0.3706
-0.7153,-0.7144,-0.716,0.10565,-0.1525,-0.1783,-0.167,0.729,-0.193,0.48,-0.12213,-1.521,0.2856,-0.525,-1.0,0.0,-0.3643,-0.5386,0.3928,0.0,-0.2778,-0.1525,-0.567,-0.599,-0.1951,0.4177,0.1785,-0.3164,-0.651,-0.3147,0.7783,1.897,-0.3223,-0.709,-0.7173,0.0,0.0,-0.7163,0.0,-0.4873,0.286,0.0,0.0,0.0,0.0,-0.0712,-1.0,0.0,0.0,0.2979,0.05453,0.0,3.0,-0.5,-0.5,0.0,0.0,0.0,-0.3428
-0.7153,-0.7144,-0.716,0.03714,-0.0859,-0.1783,-0.167,0.6646,-0.1927,0.495,-0.11865,0.1401,0.2856,-0.5146,-1.0,0.0,-0.3828,-0.5464,0.4087,0.0,-0.2751,-0.3694,-0.5557,-0.6,-0.178,0.4304,-0.01697,0.159,-0.651,-0.3164,-1.384,-0.92,1.62,-0.709,-0.7173,0.0,0.0,-0.7163,0.0,-0.4866,0.312,0.0,0.0,0.0,0.0,0.0308,0.0,0.0,0.5,0.2339,0.1208,1.0,0.0,-0.5,-0.5,0.0,0.0,0.0,0.149
-0.715,-0.714,-0.7153,-0.5015,0.4573,-0.1783,-0.167,0.5903,0.31,0.685,-0.1129,-6.96,0.4285,-0.505,0.0,0.0,-0.5474,-0.7085,0.5347,0.0,-0.2727,0.02646,-0.545,-0.5938,0.3137,0.4558,-0.0842,1.27,-0.646,0.159,-0.3147,0.7783,0.4731,-0.7095,-0.717,0.0,0.0,-0.7163,0.0,-0.4797,0.4753,0.0,0.0,0.0,0.0,0.1769,0.0,0.0,0.5,-0.2695,0.66,2.0,0.0,-0.5,-0.5,0.0,0.0,0.0,0.853
-0.714,-0.713,-0.7144,-1.094,1.059,0.1367,-0.167,0.5244,0.946,0.9233,-0.10626,1.783,0.4285,-0.495,0.0,0.0,-0.7437,-0.906,0.6133,1.0,-0.2903,0.6006,-0.53,-0.5815,0.934,0.407,0.0692,1.554,-0.629,1.27,-0.3164,-1.383,-1.096,-0.7085,-0.7163,0.0,0.0,-0.7153,0.0,-0.4714,0.5366,0.0,0.0,0.0,0.0,0.2944,1.0,0.5,0.5,-0.772,1.313,3.0,0.0,-0.5,-0.5,0.0,0.0,0.0,1.391
-0.7134,-0.7124,-0.714,-0.3882,0.343,0.1367,-0.167,0.732,0.1588,0.686,-0.10175,-0.6704,0.5713,-0.485,0.0,0.0,-0.536,-0.723,0.4734,0.0,-0.2878,1.481,-0.516,-0.5674,0.1528,0.4272,0.0482,-1.362,-0.625,1.554,0.159,-0.3147,0.4783,-0.709,-0.716,0.0,0.0,-0.7153,0.0,-0.4795,0.3015,0.0,0.0,0.0,0.0,-0.2888,1.0,0.0,0.5,-0.1092,0.606,0.0,1.0,-0.5,-0.5,0.0,0.0,0.0,-1.33
-0.7134,-0.7124,-0.714,-0.2042,0.1554,0.1367,-0.167,0.541,-0.02206,0.625,-0.10187,-0.581,0.5713,-0.4753,0.0,0.0,-0.503,-0.6514,0.4424,0.0,-0.2854,0.03027,-0.5054,-0.5537,-0.05185,0.4382,-0.1871,-0.3098,-0.626,-1.362,1.269,-0.3164,1.897,-0.7085,-0.716,0.0,0.0,-0.715,0.0,-0.4812,0.00474,0.0,0.0,0.0,0.0,-0.04266,1.0,-0.5,0.0,0.05756,0.414,0.0,2.0,-0.5,-0.5,0.0,0.0,0.0,-0.201
-0.7134,-0.7124,-0.714,0.3833,-0.439,0.1367,-0.2761,0.595,-0.603,0.4148,-0.10596,-6.703,0.4285,-0.4653,-1.0,0.0,-0.32,-0.466,0.3179,0.0,-0.2827,0.4895,-0.501,-0.545,-0.631,0.4326,-0.0737,-1.246,-0.6426,-0.3098,1.553,0.1589,-0.9194,-0.7085,-0.716,0.0,0.0,-0.715,0.0,-0.4883,-0.298,0.0,0.0,0.0,0.0,-0.1792,0.0,-0.5,-0.5,0.625,-0.1565,0.0,3.0,-0.5,-0.5,0.0,0.0,0.0,-0.849
-0.7124,-0.7114,-0.713,-1.174,1.141,0.4895,-0.2761,0.678,1.025,0.979,-0.0992,-3.518,0.4285,-0.4556,0.0,0.0,-0.773,-0.9663,0.6133,1.0,-0.2903,2.799,-0.4968,-0.5356,1.013,0.391,-0.1956,2.549,-0.637,-1.246,-1.362,1.269,0.7783,-0.707,-0.7153,0.0,0.0,-0.714,0.0,-0.4688,0.4019,0.0,0.0,0.0,0.0,0.9775,0.0,-0.5,0.0,-0.704,1.551,1.0,0.0,-0.5,-0.5,0.0,0.0,0.0,4.73
-0.712,-0.711,-0.7124,-0.7935,0.757,0.4895,-0.2761,0.7603,0.6245,0.8667,-0.0949,-0.2423,0.4285,-0.4456,0.0,0.0,-0.678,-0.8804,0.552,0.0,-0.2878,0.6006,-0.4927,-0.529,0.6104,0.4116,0.01456,-0.5996,-0.6465,2.549,-0.3098,1.553,-1.383,-0.7056,-0.715,0.0,0.0,-0.713,0.0,-0.4724,0.2407,0.0,0.0,0.0,0.0,-0.1311,-1.0,-0.5,-0.5,-0.4065,1.105,0.0,1.0,-0.5,-1.0,0.0,0.0,0.0,-0.5977
-0.711,-0.71,-0.7114,-0.897,0.863,0.4895,-0.2761,0.649,0.808,0.929,-0.0942,0.415,0.4285,-0.4355,0.0,0.0,-0.737,-0.9224,0.598,0.0,-0.2854,0.585,-0.4885,-0.523,0.78,0.423,0.08813,0.454,-0.641,-0.5996,-1.246,-1.362,-0.3147,-0.7046,-0.7144,0.0,0.0,-0.712,0.0,-0.47,0.05792,0.0,0.0,0.0,0.0,0.0844,0.0,0.0,-0.5,-0.532,1.18,1.0,0.0,-0.5,-1.0,0.0,0.0,0.0,0.3887
-0.71,-0.709,-0.7104,-0.9253,0.893,0.4895,-0.2761,0.6,0.87,0.968,-0.09015,0.2169,0.4285,-0.4258,0.0,0.0,-0.771,-0.949,0.6133,1.0,-0.2903,0.9775,-0.4834,-0.5176,0.826,0.429,0.1721,0.3005,-0.641,0.454,2.547,-0.3098,-0.3162,-0.704,-0.714,0.0,0.0,-0.7114,0.0,-0.4685,0.271,0.0,0.0,0.0,0.0,0.05698,1.0,0.5,0.0,-0.5864,1.18,2.0,0.0,-0.5,-1.0,0.0,0.0,0.0,0.2605
-0.7095,-0.7085,-0.71,-0.824,0.791,0.4895,-0.2761,0.5103,0.809,0.957,-0.08795,0.0746,0.4285,-0.4158,0.0,0.0,-0.771,-0.932,0.6133,1.0,-0.2903,-0.0284,-0.481,-0.5137,0.7827,0.438,0.2015,0.0,-0.6304,0.3005,-0.5996,-1.245,0.1589,-0.703,-0.7134,0.0,0.0,-0.7104,0.0,-0.4688,0.1603,0.0,0.0,0.0,0.0,0.0,1.0,0.0,-0.5,-0.563,1.001,0.0,0.0,-0.5,-1.0,0.0,0.0,0.0,0.0
-0.709,-0.708,-0.7095,-0.1451,0.1034,0.4895,-0.2761,0.605,0.06824,0.722,-0.08563,-0.7363,0.4285,-0.406,0.0,0.0,-0.5767,-0.7427,0.4753,0.0,-0.2878,0.2098,-0.484,-0.5107,0.0671,0.447,0.0818,-1.346,-0.6304,0.0,0.454,2.547,1.269,-0.7026,-0.713,0.0,0.0,-0.7104,0.0,-0.4766,0.1603,0.0,0.0,0.0,0.0,-0.2507,0.0,-0.5,-0.5,0.1378,0.3896,0.0,1.0,-0.5,-1.0,0.0,0.0,0.0,-1.141
-0.709,-0.708,-0.7095,0.0834,-0.1288,0.4895,-0.2761,0.6626,-0.212,0.638,-0.0836,-1.533,0.2856,-0.396,-1.0,0.0,-0.5024,-0.6743,0.4292,0.0,-0.2854,0.2225,-0.49,-0.508,-0.2451,0.4656,-0.1157,-0.4587,-0.6406,-1.346,0.3005,-0.599,1.553,-0.7017,-0.713,0.0,0.0,-0.71,0.0,-0.4792,0.13,0.0,0.0,0.0,0.0,-0.0963,0.0,-1.0,-0.5,0.3638,0.1724,0.0,2.0,-0.5,-1.0,0.0,0.0,0.0,-0.448
-0.708,-0.707,-0.7085,-0.9546,0.9233,0.4895,-0.2761,0.769,0.838,1.024,-0.0751,-11.74,0.4285,-0.3862,0.0,0.0,-0.7993,-1.013,0.6133,1.0,-0.2903,1.75,-0.4895,-0.5034,0.7944,0.4355,0.0587,2.467,-0.63,-0.4587,0.0,0.454,-1.362,-0.701,-0.7124,0.0,0.0,-0.7095,0.0,-0.4658,0.5044,0.0,0.0,0.0,0.0,0.546,0.0,-0.5,0.0,-0.5117,1.321,1.0,0.0,-0.5,-1.0,0.0,0.0,0.0,2.559
-0.7075,-0.7065,-0.708,-0.851,0.8184,0.4895,-0.2761,0.8755,0.6895,1.014,-0.06683,-0.02795,0.5713,-0.3762,0.0,0.0,-0.7812,-1.014,0.6133,1.0,-0.2903,0.7544,-0.485,-0.4958,0.6455,0.466,0.1385,0.0,-0.615,2.467,-1.346,0.3003,-0.3098,-0.7,-0.7114,0.0,0.0,-0.709,0.0,-0.466,0.488,0.0,0.0,0.0,0.0,0.0,-1.0,-0.5,-0.5,-0.4773,1.148,0.0,0.0,-0.5,-1.0,0.0,0.0,0.0,0.0
-0.706,-0.705,-0.7065,-1.312,1.287,0.4895,-0.2761,0.7954,1.205,1.226,-0.05817,0.8457,0.5713,-0.3665,0.0,0.0,-0.9473,-1.176,0.6133,1.0,-0.2903,0.317,-0.476,-0.4878,1.191,0.3555,0.3486,1.332,-0.5864,0.0,-0.4587,0.0,-1.245,-0.699,-0.711,0.0,0.0,-0.708,0.0,-0.4587,0.5044,0.0,0.0,0.0,0.0,0.2216,0.0,0.0,-0.5,-0.929,1.591,1.0,0.0,-0.5,-1.0,0.0,0.0,0.0,0.9976
-0.7046,-0.7036,-0.705,-1.589,1.573,0.4895,-0.2761,0.7827,1.585,1.386,-0.05106,0.4583,0.5713,-0.3564,0.0,0.0,-1.063,-1.298,0.6133,1.0,-0.2903,1.054,-0.4607,-0.4788,1.57,0.2808,-0.0569,1.014,-0.5454,1.332,2.465,-1.345,2.547,-0.6978,-0.7095,0.0,0.0,-0.7075,0.0,-0.453,0.4539,0.0,0.0,0.0,0.0,0.2113,1.0,0.0,-0.5,-1.216,1.846,2.0,0.0,-0.5,-1.0,0.0,0.0,0.0,0.931
-0.703,-0.702,-0.7036,-1.631,1.803,0.4895,-0.2761,0.697,1.907,1.481,-0.03766,0.3713,0.5713,-0.3464,0.0,0.0,-1.156,-1.333,0.6133,1.0,-0.2903,0.4434,-0.4329,-0.4656,1.872,0.2173,0.0713,1.139,-0.5005,1.014,0.0,-0.4587,-0.599,-0.6953,-0.7085,0.0,0.0,-0.706,0.0,-0.4463,0.8667,1.0,0.0,0.0,0.0,0.2927,2.0,0.5,0.0,-1.384,2.045,3.0,0.0,-0.5,-1.0,1.0,0.0,4.234,1.268
-0.7017,-0.7007,-0.702,-1.344,1.33,0.4895,-0.2761,0.786,1.29,1.406,-0.02547,-0.2035,0.5713,-0.3367,0.0,0.0,-1.079,-1.314,0.5273,0.0,-0.2878,0.4702,-0.4055,-0.453,1.304,0.2487,0.0776,-0.8384,-0.486,1.139,1.332,2.465,0.454,-0.693,-0.7075,0.0,0.0,-0.7046,0.0,-0.4517,0.734,0.0,0.0,0.0,0.0,-0.147,1.0,0.0,0.0,-0.963,1.629,0.0,1.0,-0.5,-1.0,0.0,0.0,0.0,-0.6245
-0.701,-0.7,-0.7017,-0.471,0.4421,0.4895,-0.2761,0.938,0.2366,1.099,-0.0146,-0.679,0.7144,-0.3267,0.0,0.0,-0.8403,-1.088,0.355,0.0,-0.2854,0.9185,-0.3845,-0.4387,0.293,0.278,0.086,-1.7,-0.4998,-0.8384,1.014,0.0,0.3003,-0.6914,-0.7065,0.0,0.0,-0.7036,0.0,-0.4622,0.6113,0.0,0.0,0.0,0.0,-0.322,1.0,-0.5,0.0,-0.2144,0.6743,0.0,2.0,-0.5,-1.0,0.0,0.0,0.0,-1.389
-0.7007,-0.6997,-0.701,-0.351,0.3176,0.4895,-0.2761,0.6475,0.11206,1.0625,-0.01282,-0.2454,0.7144,-0.317,0.0,0.0,-0.8394,-1.031,0.3406,0.0,-0.2827,-0.256,-0.3662,-0.426,0.1083,0.301,0.10706,-0.1459,-0.5176,-1.7,1.139,1.332,0.0,-0.691,-0.706,0.0,0.0,-0.703,0.0,-0.4631,0.1434,0.0,0.0,0.0,0.0,-0.0266,0.0,-0.5,-0.5,-0.123,0.5283,0.0,3.0,-0.5,-1.0,0.0,0.0,0.0,-0.118
-0.7,-0.699,-0.7007,-0.8027,0.7744,0.4895,-0.2761,0.579,0.574,1.248,-0.006565,2.373,0.7144,-0.307,0.0,0.0,-0.9834,-1.173,0.4556,0.0,-0.2803,-0.2788,-0.3508,-0.4138,0.5786,0.3215,0.3152,1.17,-0.518,-0.1459,-0.8384,1.014,-1.345,-0.69,-0.7056,0.0,0.0,-0.702,0.0,-0.4565,0.4512,0.0,0.0,0.0,0.0,0.1888,0.0,0.0,0.0,-0.516,1.014,1.0,0.0,-0.5,-1.0,1.0,0.0,2.963,0.84
-0.6997,-0.6987,-0.7,-0.3403,0.3057,0.4895,-0.2761,0.5996,0.07477,1.09,-0.003437,-0.652,0.7144,-0.297,0.0,0.0,-0.8643,-1.049,0.3694,0.0,-0.2778,0.521,-0.343,-0.4023,0.0853,0.3352,0.4329,-0.8604,-0.517,1.17,-1.7,1.139,-0.4587,-0.69,-0.705,0.0,0.0,-0.7017,0.0,-0.462,0.1982,0.0,0.0,0.0,0.0,-0.145,-1.0,0.0,-0.5,-0.0468,0.5884,0.0,1.0,-0.5,-1.0,0.0,0.0,0.0,-0.6323
-0.699,-0.698,-0.6997,-0.2954,0.2588,0.4895,-0.2761,0.5127,0.01804,1.081,-0.000861,-0.1846,0.7144,-0.287,0.0,0.0,-0.8657,-1.034,0.3694,0.0,-0.2751,-0.0661,-0.3408,-0.3936,0.03995,0.3445,0.1449,0.0,-0.528,-0.8604,-0.1459,-0.838,2.465,-0.691,-0.704,0.0,0.0,-0.7007,0.0,-0.462,0.1533,0.0,0.0,0.0,0.0,0.0,-1.0,-0.5,-1.0,-0.004467,0.542,0.0,0.0,-0.5,-1.0,0.0,0.0,0.0,0.0
-0.6987,-0.6978,-0.699,-0.2544,0.2169,0.4895,-0.2761,0.565,-0.03845,1.072,0.001688,-0.3223,0.7144,-0.2773,0.0,0.0,-0.854,-1.031,0.3694,0.0,-0.2727,0.521,-0.3474,-0.3884,0.005543,0.3516,0.1595,0.0,-0.5464,0.0,1.17,-1.7,0.0,-0.692,-0.704,0.0,0.0,-0.7,0.0,-0.4622,0.1533,0.0,0.0,0.0,0.0,0.0,-1.0,-0.5,-1.0,-0.03467,0.4258,0.0,0.0,-0.5,-1.0,0.0,0.0,0.0,0.0
-0.699,-0.698,-0.6997,0.2988,-0.3455,0.4895,-0.1561,0.634,-0.6714,0.868,0.004833,-8.91,0.5713,-0.2673,-1.0,0.0,-0.6904,-0.8696,0.2544,0.0,-0.2703,0.9595,-0.3613,-0.3877,-0.6406,0.3684,-0.01486,-1.164,-0.5933,0.0,-0.8604,-0.1459,1.332,-0.6934,-0.7036,0.0,0.0,-0.699,0.0,-0.4692,0.1836,0.0,0.0,0.0,0.0,-0.1726,-1.0,-1.0,-1.0,0.531,-0.08,0.0,1.0,-0.5,-1.0,0.0,0.0,0.0,-0.764
-0.699,-0.698,-0.6997,0.1498,-0.1996,0.3992,-0.1561,0.6206,-0.614,0.91,0.01,0.02937,0.5713,-0.2573,-1.0,0.0,-0.7246,-0.904,0.2832,0.0,-0.2676,0.153,-0.3784,-0.3872,-0.5996,0.3896,-0.183,0.2969,-0.5967,-1.164,0.0,1.169,1.013,-0.694,-0.703,0.0,0.0,-0.699,0.0,-0.4675,0.3228,0.0,0.0,0.0,0.0,0.0598,-1.0,-1.0,-0.5,0.2834,-0.05286,1.0,0.0,-0.5,-1.0,0.0,0.0,0.0,0.27
-0.6987,-0.6978,-0.699,-0.2379,0.1918,0.3992,-0.1561,0.495,-0.2218,1.05,0.011284,-0.719,0.4285,-0.2476,-1.0,0.0,-0.8433,-1.007,0.3694,0.0,-0.2651,1.108,-0.3972,-0.3882,-0.2388,0.4026,-0.3826,0.8857,-0.605,0.2969,0.0,-0.8604,1.139,-0.694,-0.7026,0.0,0.0,-0.6987,0.0,-0.4626,0.078,0.0,0.0,0.0,0.0,0.1914,0.0,-1.0,-0.5,-0.03836,0.3801,2.0,0.0,-0.5,-1.0,0.0,0.0,0.0,0.86
-0.6987,-0.6978,-0.699,-0.1396,0.09106,0.3992,-0.1561,0.4487,-0.3232,1.018,0.01214,1.186,0.2856,-0.2377,-1.0,0.0,-0.8228,-0.976,0.355,0.0,-0.2627,0.1335,-0.4177,-0.3923,-0.3533,0.412,-0.2922,-0.1455,-0.6113,0.8857,-1.164,0.0,-0.838,-0.6943,-0.702,0.0,0.0,-0.698,0.0,-0.4636,0.0447,0.0,0.0,0.0,0.0,-0.01805,0.0,-1.0,-0.5,-0.00612,0.2152,0.0,1.0,-0.5,-1.0,0.0,0.0,0.0,-0.0799
-0.698,-0.6978,-0.6987,0.014565,-0.0649,0.3992,-0.1561,0.4434,-0.4402,0.961,0.008804,0.76,0.1428,-0.2278,-1.0,0.0,-0.78,-0.9287,0.3264,0.0,-0.26,0.1412,-0.445,-0.3997,-0.4954,0.4124,-0.0653,-0.2917,-0.6157,-0.1455,0.2966,0.0,-1.699,-0.695,-0.7017,0.0,0.0,-0.698,0.0,-0.4656,-0.3052,0.0,0.0,0.0,0.0,-0.03125,0.0,-1.0,-1.0,0.1012,0.02022,0.0,2.0,-0.5,-1.0,0.0,0.0,0.0,-0.1387
-0.698,-0.6973,-0.6987,-0.03903,-0.01178,0.3992,-0.1561,0.3323,-0.3135,0.978,0.003172,-0.2842,0.0,-0.2178,-1.0,0.0,-0.8027,-0.932,0.3406,0.0,-0.2576,-0.0594,-0.4792,-0.4126,-0.3972,0.4065,-0.0485,0.1466,-0.621,-0.2917,0.8857,-1.164,-0.1458,-0.695,-0.7007,0.0,0.0,-0.698,0.0,-0.4648,-0.5425,0.0,0.0,0.0,0.0,0.01101,1.0,-0.5,-1.0,-0.00276,0.014366,1.0,0.0,-1.0,-1.0,0.0,0.0,0.0,0.04907
-0.698,-0.6973,-0.6987,0.10425,-0.1608,0.3992,-0.1561,0.2732,-0.35,0.921,-0.00642,0.3445,-0.1428,-0.2079,-1.0,0.0,-0.764,-0.8794,0.312,0.0,-0.2551,0.145,-0.5093,-0.4336,-0.404,0.3782,-0.2166,-0.2925,-0.645,0.1466,-0.1455,0.2966,1.169,-0.6953,-0.7007,0.0,0.0,-0.6978,0.0,-0.4666,-0.9956,0.0,0.0,0.0,0.0,-0.04044,0.0,-1.0,-1.5,0.1035,-0.1638,0.0,1.0,-1.0,-1.0,0.0,0.0,0.0,-0.1798
-0.698,-0.6973,-0.6987,-0.02365,-0.03415,0.3992,-0.1561,0.192,-0.1407,0.96,-0.01319,-0.8345,-0.2856,-0.198,-1.0,0.0,-0.802,-0.9043,0.3406,0.0,-0.2524,-0.256,-0.5366,-0.459,-0.1814,0.361,-0.1115,0.294,-0.687,-0.2925,-0.2917,0.8857,-0.86,-0.695,-0.7,0.0,0.0,-0.697,0.0,-0.465,-0.7104,0.0,0.0,0.0,0.0,0.0372,0.0,-0.5,-1.0,-0.09247,-0.12115,1.0,0.0,-1.0,-1.0,0.0,0.0,0.0,0.1663
-0.6978,-0.697,-0.698,-0.512,0.4617,0.3992,-0.1561,0.0637,0.3962,1.1455,-0.01236,-17.1,-0.2856,-0.1881,0.0,0.0,-0.9536,-1.042,0.4556,0.0,-0.25,0.1072,-0.5576,-0.4846,0.3796,0.362,-0.1157,1.17,-0.6895,0.294,0.1466,-0.1455,0.0,-0.694,-0.6997,0.0,0.0,-0.697,0.0,-0.4583,0.1971,0.0,0.0,0.0,0.0,0.1505,1.0,0.0,-0.5,-0.5005,0.4246,2.0,0.0,-1.0,-1.0,0.0,0.0,0.0,0.6694
-0.6978,-0.697,-0.698,0.1832,-0.2422,0.3992,-0.1561,0.2732,-0.3096,0.8926,-0.01481,-1.371,-0.4285,-0.1782,-1.0,0.0,-0.742,-0.856,0.312,0.0,-0.2474,1.529,-0.573,-0.5103,-0.3381,0.3643,-0.10315,-1.435,-0.693,1.17,-0.2925,-0.2915,0.0,-0.694,-0.699,0.0,0.0,-0.697,0.0,-0.467,-0.2178,0.0,0.0,0.0,0.0,-0.2673,1.0,0.0,-0.5,0.1698,-0.2527,0.0,1.0,-1.0,-1.0,0.0,0.0,0.0,-1.166
-0.6978,-0.697,-0.698,0.1775,-0.2377,0.3992,-0.1561,0.2205,-0.2585,0.8833,-0.02039,-0.1443,-0.5713,-0.1683,-1.0,0.0,-0.7397,-0.8433,0.312,0.0,-0.245,-0.2502,-0.5825,-0.5376,-0.2903,0.3542,0.05658,0.0,-0.691,-1.435,0.2937,0.1465,-1.163,-0.6943,-0.6987,0.0,0.0,-0.697,0.0,-0.467,-0.6055,0.0,0.0,0.0,0.0,0.0,0.0,0.0,-1.0,0.11896,-0.2979,0.0,0.0,-1.0,-1.0,0.0,0.0,0.0,0.0
-0.698,-0.6973,-0.6987,0.7036,-0.769,0.3992,-0.1561,0.2654,-0.7725,0.68,-0.02661,4.07,-0.7144,-0.1584,-1.0,0.0,-0.5728,-0.6733,0.197,0.0,-0.2424,0.1768,-0.583,-0.566,-0.7734,0.3364,0.02296,-1.176,-0.6846,0.0,1.17,-0.2922,0.2966,-0.695,-0.6987,0.0,0.0,-0.6973,0.0,-0.474,-0.677,0.0,0.0,0.0,0.0,-0.2167,0.0,-0.5,-1.0,0.677,-0.754,0.0,1.0,-1.0,-1.0,0.0,0.0,0.0,-0.9683
-0.6987,-0.698,-0.699,1.062,-1.128,-0.6543,-0.1561,0.4277,-1.114,0.5283,-0.0347,0.714,-0.857,-0.1486,-1.0,0.0,-0.4321,-0.5537,0.1109,0.0,-0.2399,1.43,-0.57,-0.584,-1.07,0.3086,-0.1157,-0.8994,-0.69,-1.176,-1.434,0.2937,0.8857,-0.6963,-0.6987,0.0,0.0,-0.698,0.0,-0.4795,-0.86,0.0,0.0,0.0,0.0,-0.2363,-1.0,-1.0,-1.0,1.062,-1.056,0.0,2.0,-1.0,-1.0,0.0,0.0,0.0,-1.077
-0.699,-0.698,-0.6997,0.4297,-0.4878,-0.6543,-0.1561,0.379,-0.4866,0.715,-0.04007,-0.546,-1.0,-0.1387,-1.0,0.0,-0.591,-0.7144,0.2258,0.0,-0.2374,0.57,-0.5547,-0.5947,-0.454,0.299,-0.1326,1.218,-0.699,-0.8994,0.0,1.169,-0.1454,-0.697,-0.6987,0.0,0.0,-0.6987,0.0,-0.4727,-0.4885,0.0,0.0,0.0,0.0,0.159,-1.0,-0.5,-0.5,0.465,-0.4263,1.0,0.0,-1.0,-1.0,0.0,0.0,0.0,0.736
-0.699,-0.698,-0.6997,0.2688,-0.3252,-0.6274,-0.1561,0.2783,-0.342,0.7534,-0.04196,-0.2834,-1.0,-0.1287,-1.0,0.0,-0.6313,-0.7383,0.2544,0.0,-0.2349,-0.03888,-0.54,-0.5977,-0.2793,0.2925,-0.10944,0.2983,-0.699,1.218,-1.175,-1.434,-0.2915,-0.6973,-0.6987,0.0,0.0,-0.699,0.0,-0.4712,-0.1375,0.0,0.0,0.0,0.0,0.05292,0.0,0.0,0.0,0.3135,-0.266,2.0,0.0,-1.0,-1.0,0.0,0.0,0.0,0.24
-0.699,-0.698,-0.6997,0.0597,-0.1136,-0.3953,0.1572,0.2612,-0.1306,0.815,-0.04376,-0.879,-1.0,-0.11884,-1.0,0.0,-0.6816,-0.789,0.2976,0.0,-0.2323,0.1489,-0.531,-0.596,-0.0607,0.2917,-0.141,0.4453,-0.699,0.2983,-0.899,0.0,0.1465,-0.6978,-0.6987,0.0,0.0,-0.699,0.0,-0.4688,-0.0994,0.0,0.0,0.0,0.0,0.0679,1.0,0.0,0.0,0.0929,-0.0832,3.0,0.0,-1.0,-1.0,0.0,0.0,0.0,0.3064
-0.6987,-0.6978,-0.699,-0.4421,0.395,0.219,0.1572,0.2,0.4314,0.9937,-0.04553,-17.1,-0.857,-0.1089,0.0,0.0,-0.8267,-0.9326,0.4124,0.0,-0.2299,0.8955,-0.5293,-0.593,0.489,0.2964,-0.1052,1.179,-0.699,0.4453,1.217,-1.175,-0.2922,-0.6973,-0.698,0.0,0.0,-0.699,0.0,-0.4622,-0.02696,0.0,0.0,0.0,0.0,0.2451,2.0,0.5,0.0,-0.3289,0.4736,4.0,0.0,-0.5,-1.0,0.0,0.0,0.0,1.099
-0.698,-0.6973,-0.6987,-0.696,0.653,0.595,0.1572,0.1393,0.7446,1.1,-0.04477,0.7715,-0.7144,-0.099,0.0,0.0,-0.913,-1.014,0.4844,0.0,-0.2273,-0.4763,-0.5366,-0.59,0.815,0.3027,-0.1326,0.722,-0.695,1.179,0.298,-0.899,0.2937,-0.6963,-0.6973,0.0,0.0,-0.6987,0.0,-0.458,0.1737,0.0,0.0,0.0,0.0,0.0855,3.0,0.5,0.5,-0.5483,0.749,5.0,0.0,0.0,-1.0,0.0,0.0,0.0,0.376
-0.6978,-0.697,-0.698,-0.307,0.2598,0.595,0.1572,0.1481,0.3528,0.967,-0.0449,-0.3567,-0.5713,-0.0891,0.0,0.0,-0.8105,-0.9053,0.4124,0.0,-0.2247,-0.076,-0.55,-0.5874,0.4216,0.31,-0.2795,-0.714,-0.692,0.722,0.445,1.217,1.169,-0.6953,-0.6973,0.0,0.0,-0.6987,0.0,-0.4624,0.0608,0.0,0.0,0.0,0.0,-0.0943,2.0,0.0,0.5,-0.151,0.3953,0.0,1.0,0.0,-1.0,0.0,0.0,0.0,-0.4094
-0.6973,-0.6963,-0.6978,-0.3276,0.281,0.595,0.1572,0.1083,0.3933,0.9785,-0.0449,0.2382,-0.4285,-0.0792,0.0,0.0,-0.8237,-0.9116,0.4268,0.0,-0.2222,-0.467,-0.568,-0.5864,0.4558,0.3176,-0.0758,0.1444,-0.688,-0.714,1.178,0.298,-1.434,-0.6934,-0.6973,0.0,0.0,-0.6987,0.0,-0.4617,0.0608,0.0,0.0,0.0,0.0,0.02017,2.0,0.5,0.5,-0.1791,0.4067,1.0,0.0,0.0,-1.0,0.0,0.0,0.0,0.0887
-0.6963,-0.6953,-0.697,-0.953,0.9175,0.595,0.1572,0.1376,1.083,1.229,-0.0404,1.63,-0.2856,-0.06934,0.0,0.0,-1.009,-1.115,0.585,0.0,-0.2197,1.019,-0.578,-0.5864,1.176,0.3303,-0.059,1.585,-0.663,0.1444,0.722,0.445,0.0,-0.6914,-0.697,0.0,0.0,-0.698,0.0,-0.4526,0.417,0.0,0.0,0.0,0.0,0.2382,2.0,1.0,1.0,-0.7085,1.099,2.0,0.0,0.0,-1.0,0.0,0.0,0.0,1.044
-0.696,-0.695,-0.6963,-0.729,0.692,0.595,0.1572,0.1139,0.8604,1.167,-0.03717,-0.0609,-0.1428,-0.05942,0.0,0.0,-0.966,-1.064,0.556,0.0,-0.2172,-0.6772,-0.5815,-0.589,0.9487,0.3472,0.149,-0.2808,-0.6484,1.585,-0.7134,1.178,-1.175,-0.69,-0.697,0.0,0.0,-0.6978,0.0,-0.4543,0.3003,0.0,0.0,0.0,0.0,-0.04547,1.0,1.0,0.5,-0.543,0.8276,0.0,1.0,0.0,-1.0,0.0,0.0,0.0,-0.1942
-0.6953,-0.6943,-0.696,-0.4026,0.3618,0.595,0.1572,0.2024,0.5586,1.059,-0.03833,-0.1962,-0.1428,-0.0495,0.0,0.0,-0.8765,-0.9863,0.4985,0.0,-0.2146,1.054,-0.581,-0.5933,0.5825,0.364,0.3276,-0.564,-0.641,-0.2808,0.1444,0.722,-0.899,-0.689,-0.697,0.0,0.0,-0.6973,0.0,-0.4583,-0.04514,0.0,0.0,0.0,0.0,-0.168,0.0,1.0,0.0,-0.2793,0.4543,0.0,2.0,0.0,-1.0,0.0,0.0,0.0,-0.7207
-0.6953,-0.6943,-0.696,0.2157,-0.2646,0.595,0.1307,0.1987,-0.1049,0.8315,-0.039,-0.937,0.0,-0.0396,0.0,0.0,-0.7007,-0.7974,0.3694,0.0,-0.2122,0.9126,-0.5786,-0.599,-0.08704,0.3708,0.2163,-1.281,-0.641,-0.564,1.585,-0.7134,1.217,-0.689,-0.6973,0.0,0.0,-0.6973,0.0,-0.466,-0.01264,0.0,0.0,0.0,0.0,-0.423,0.0,0.5,0.0,0.3745,-0.0856,0.0,3.0,0.0,-1.0,0.0,0.0,0.0,-1.833
-0.696,-0.695,-0.6963,0.734,-0.788,0.595,-0.4673,0.3494,-0.6562,0.6284,-0.04276,-17.1,0.0,-0.02971,-1.0,0.0,-0.523,-0.6357,0.2544,0.0,-0.2096,0.76,-0.575,-0.6064,-0.626,0.3652,0.1953,-1.164,-0.6377,-1.281,-0.2808,0.1444,0.298,-0.6904,-0.6973,0.0,0.0,-0.6973,0.0,-0.4731,-0.2499,0.0,0.0,0.0,0.0,-0.2668,-1.0,0.0,0.0,0.8667,-0.597,0.0,4.0,0.0,-0.5,0.0,0.0,0.0,-1.182
-0.6963,-0.6953,-0.697,0.61,-0.6636,0.595,-0.4673,0.308,-0.61,0.6416,-0.04306,0.04898,0.0,-0.0198,-1.0,0.0,-0.537,-0.643,0.2688,0.0,-0.207,0.1569,-0.5703,-0.614,-0.549,0.364,0.1322,0.1484,-0.6353,-1.164,-0.564,1.585,0.445,-0.6914,-0.6973,0.0,0.0,-0.6978,0.0,-0.4727,0.01643,0.0,0.0,0.0,0.0,0.03708,-1.0,0.0,0.5,0.7114,-0.516,1.0,0.0,0.0,-0.5,0.0,0.0,0.0,0.1674
-0.6963,-0.6953,-0.697,0.4966,-0.5522,0.595,-0.4673,0.1431,-0.5986,0.653,-0.0409,0.1181,0.0,-0.0099,-1.0,0.0,-0.5615,-0.6377,0.2832,0.0,-0.2046,-0.443,-0.561,-0.613,-0.572,0.3838,-0.04007,0.1481,-0.6343,0.1484,-1.281,-0.2808,1.178,-0.692,-0.6978,0.0,0.0,-0.6978,0.0,-0.472,0.259,0.0,0.0,0.0,0.0,0.0268,0.0,0.0,1.0,0.5522,-0.4634,2.0,0.0,0.0,-0.5,0.0,0.0,0.0,0.12067
-0.697,-0.696,-0.6973,0.796,-0.8555,0.595,-0.4673,0.1521,-0.9497,0.521,-0.04382,0.94,0.0,0.0,-1.0,0.0,-0.4504,-0.5205,0.2114,0.0,-0.202,-0.0284,-0.561,-0.612,-0.857,0.3694,-0.1641,-0.7383,-0.628,0.1481,-1.164,-0.564,0.7217,-0.694,-0.6978,0.0,0.0,-0.6978,0.0,-0.4766,-0.172,0.0,0.0,0.0,0.0,-0.295,0.0,-0.5,0.5,0.86,-0.7344,0.0,1.0,0.0,-0.5,0.0,0.0,0.0,-1.324
-0.6978,-0.697,-0.698,1.007,-1.067,0.595,-0.4673,0.1921,-1.2,0.4116,-0.04932,0.4724,0.0,0.0099,-1.0,0.0,-0.3535,-0.4246,0.1539,0.0,-0.1995,0.189,-0.566,-0.612,-1.113,0.3638,-0.09894,-0.598,-0.621,-0.7383,0.1483,-1.281,-0.7134,-0.6963,-0.698,0.0,0.0,-0.6987,0.0,-0.48,-0.3723,0.0,0.0,0.0,0.0,-0.12384,0.0,-0.5,0.0,1.067,-0.932,0.0,2.0,0.0,-0.5,0.0,0.0,0.0,-0.5635
-0.698,-0.6973,-0.6987,1.132,-1.192,0.595,-0.4673,0.1725,-1.352,0.3264,-0.05716,0.2952,0.0,0.0198,-1.0,0.0,-0.2808,-0.343,0.1109,0.0,-0.197,-0.208,-0.575,-0.613,-1.268,0.351,-0.1577,-0.4531,-0.607,-0.598,0.148,-1.164,0.1444,-0.698,-0.698,0.0,0.0,-0.6987,0.0,-0.4827,-0.5737,0.0,0.0,0.0,0.0,-0.08154,0.0,-1.0,-0.5,1.147,-1.098,0.0,3.0,0.0,-0.5,0.0,0.0,0.0,-0.3745
-0.6987,-0.6978,-0.699,0.559,-0.6123,0.595,-0.4673,0.08044,-0.781,0.4795,-0.06525,-0.3633,-0.1428,0.02971,-1.0,0.0,-0.4216,-0.476,0.2114,0.0,-0.1945,0.374,-0.5845,-0.6133,-0.693,0.3345,-0.435,1.065,-0.6035,-0.4531,-0.7383,0.1483,1.584,-0.699,-0.698,0.0,0.0,-0.699,0.0,-0.477,-0.6143,0.0,0.0,0.0,0.0,0.254,0.0,-1.0,-0.5,0.6226,-0.51,1.0,0.0,0.0,-0.5,0.0,0.0,0.0,1.175
-0.6987,-0.6978,-0.699,0.188,-0.2365,0.595,-0.4673,0.10767,-0.3513,0.586,-0.07306,-0.565,-0.2856,0.0396,-1.0,0.0,-0.5093,-0.575,0.2832,0.0,-0.1919,0.3516,-0.591,-0.6133,-0.2795,0.3223,-0.4478,0.7476,-0.6074,1.065,-0.598,0.148,-0.2805,-0.699,-0.698,0.0,0.0,-0.6987,0.0,-0.473,-0.6143,0.0,0.0,0.0,0.0,0.1973,0.0,-0.5,-0.5,0.2717,-0.141,2.0,0.0,0.0,-0.5,0.0,0.0,0.0,0.897
-0.6987,-0.698,-0.699,0.3142,-0.3643,0.595,-0.4673,0.136,-0.4392,0.528,-0.0794,0.5513,-0.4285,0.0495,-1.0,0.0,-0.4578,-0.5254,0.2544,0.0,-0.1895,0.1608,-0.593,-0.614,-0.3843,0.3145,-0.4036,-0.2954,-0.62,0.7476,-0.453,-0.7383,-0.564,-0.699,-0.6987,0.0,0.0,-0.6987,0.0,-0.4749,-0.53,0.0,0.0,0.0,0.0,-0.056,0.0,-0.5,-0.5,0.3992,-0.2576,0.0,1.0,0.0,-0.5,0.0,0.0,0.0,-0.2515
-0.6987,-0.6978,-0.699,-0.2198,0.1768,0.595,-0.4673,0.1638,0.1576,0.706,-0.08325,-1.877,-0.4285,0.05942,0.0,0.0,-0.603,-0.686,0.3694,0.0,-0.1869,0.1296,-0.5903,-0.615,0.2025,0.311,-0.2502,1.1875,-0.623,-0.2954,1.065,-0.5977,-1.281,-0.6987,-0.6987,0.0,0.0,-0.698,0.0,-0.468,-0.2659,0.0,0.0,0.0,0.0,0.223,1.0,0.0,-0.5,-0.1296,0.2476,1.0,0.0,0.0,-0.5,0.0,0.0,0.0,1.007
-0.6987,-0.6978,-0.699,0.1985,-0.2505,0.595,-0.4673,0.08997,-0.1667,0.5527,-0.0935,-1.161,-0.5713,0.06934,-1.0,0.0,-0.483,-0.5435,0.2832,0.0,-0.1843,-0.443,-0.5815,-0.616,-0.1727,0.3,-0.0821,-0.873,-0.6245,1.1875,0.7476,-0.453,-1.163,-0.698,-0.6987,0.0,0.0,-0.698,0.0,-0.4734,-0.8633,0.0,0.0,0.0,0.0,-0.1052,1.0,0.0,-1.0,0.2986,-0.1365,0.0,1.0,0.0,-0.5,0.0,0.0,0.0,-0.4656
-0.699,-0.698,-0.6997,0.589,-0.648,0.595,-0.4673,0.2114,-0.4731,0.401,-0.1052,6.65,-0.7144,0.0792,-1.0,0.0,-0.3423,-0.4165,0.197,0.0,-0.1818,0.3784,-0.5674,-0.6147,-0.5205,0.2832,-0.09894,-0.8857,-0.6187,-0.873,-0.2952,1.064,0.1483,-0.6978,-0.6987,0.0,0.0,-0.6987,0.0,-0.4785,-0.9517,0.0,0.0,0.0,0.0,-0.167,0.0,-0.5,-1.0,0.6855,-0.508,0.0,2.0,0.0,-0.5,0.0,0.0,0.0,-0.75
-0.699,-0.6987,-0.6997,0.611,-0.674,0.595,-0.4673,0.09094,-0.4329,0.3672,-0.1157,0.01959,-0.857,0.0891,-1.0,0.0,-0.3237,-0.3735,0.1827,0.0,-0.1793,-0.4255,-0.547,-0.606,-0.45,0.2534,-0.1305,-0.1499,-0.6147,-0.8857,1.187,0.747,0.148,-0.6978,-0.699,0.0,0.0,-0.6987,0.0,-0.4797,-0.8867,0.0,0.0,0.0,0.0,-0.03008,-1.0,-1.0,-1.0,0.646,-0.5986,0.0,3.0,0.0,-0.5,0.0,0.0,0.0,-0.1371
-0.699,-0.698,-0.6997,-0.409,0.3596,-0.2426,-0.4673,0.1012,0.6504,0.709,-0.1173,-3.596,-0.857,0.099,0.0,0.0,-0.611,-0.6826,0.3982,0.0,-0.1768,1.875,-0.532,-0.5957,0.676,0.2444,-0.04007,2.254,-0.6216,-0.1499,-0.873,-0.2952,-0.738,-0.697,-0.6987,0.0,0.0,-0.699,0.0,-0.467,-0.0751,0.0,0.0,0.0,0.0,0.589,0.0,-0.5,-0.5,-0.2656,0.4734,1.0,0.0,0.0,-0.5,0.0,0.0,0.0,2.691
-0.6987,-0.6978,-0.699,-0.4197,0.3713,-0.1671,-0.4673,-0.007763,0.664,0.719,-0.1158,0.1632,-0.7144,0.1089,0.0,0.0,-0.629,-0.681,0.4124,0.0,-0.1742,-0.2703,-0.5254,-0.5884,0.703,0.2534,0.0713,0.1448,-0.6216,2.254,-0.8857,1.187,-0.5977,-0.696,-0.699,0.0,0.0,-0.699,0.0,-0.4663,0.2428,0.0,0.0,0.0,0.0,0.0304,0.0,0.0,0.0,-0.2773,0.4834,2.0,0.0,0.0,-0.5,0.0,0.0,0.0,0.1339
-0.6987,-0.6978,-0.699,0.1432,-0.1984,-0.1671,-0.4673,0.04947,0.07184,0.5205,-0.1171,-0.691,-0.5713,0.11884,0.0,0.0,-0.4595,-0.5107,0.2976,0.0,-0.1718,-0.2474,-0.524,-0.5825,0.1049,0.2578,0.1721,-1.155,-0.6255,0.1448,-0.1499,-0.8726,-0.453,-0.696,-0.699,0.0,0.0,-0.699,0.0,-0.4734,-0.0751,0.0,0.0,0.0,0.0,-0.1936,0.0,0.0,-0.5,0.3093,-0.01677,0.0,1.0,0.0,-0.5,0.0,0.0,0.0,-0.8506
-0.698,-0.6978,-0.6987,-0.05164,-0.001006,-0.1671,-0.4673,-0.0007367,0.269,0.58,-0.1179,1.299,-0.4285,0.1287,0.0,0.0,-0.5137,-0.559,0.3406,0.0,-0.1692,-0.846,-0.533,-0.5776,0.3147,0.259,0.0524,0.442,-0.653,-1.155,2.254,-0.8857,1.064,-0.696,-0.6987,0.0,0.0,-0.6997,0.0,-0.471,-0.01602,0.0,0.0,0.0,0.0,0.06055,1.0,0.0,-0.5,0.1089,0.1593,1.0,0.0,0.0,-0.5,0.0,0.0,0.0,0.2712
-0.6978,-0.6973,-0.698,-0.4128,0.366,-0.1671,-0.4673,-0.0126,0.625,0.7085,-0.1146,1.16,-0.2856,0.1387,0.0,0.0,-0.621,-0.6714,0.4268,0.0,-0.1666,0.5024,-0.545,-0.576,0.6704,0.2742,-0.03378,0.8774,-0.673,0.442,0.1448,-0.1498,0.747,-0.695,-0.6987,0.0,0.0,-0.7,0.0,-0.4658,0.312,0.0,0.0,0.0,0.0,0.1431,2.0,0.0,0.0,-0.2201,0.533,2.0,0.0,0.0,-0.5,0.0,0.0,0.0,0.636
-0.6973,-0.6963,-0.6978,-0.6084,0.564,-0.1671,-0.4673,-0.083,0.7925,0.79,-0.1083,0.3906,-0.1428,0.1486,0.0,0.0,-0.693,-0.735,0.4844,0.0,-0.1642,-0.4763,-0.56,-0.5786,0.8423,0.297,0.02927,0.5767,-0.6753,0.8774,-1.155,2.254,-0.2952,-0.6934,-0.698,0.0,0.0,-0.7,0.0,-0.4626,0.552,0.0,0.0,0.0,0.0,0.1201,2.0,0.5,0.5,-0.3994,0.734,3.0,0.0,0.0,-0.5,0.0,0.0,0.0,0.5264
-0.6973,-0.6963,-0.6978,-0.2274,0.1776,-0.1671,-0.4673,0.06146,0.3215,0.6606,-0.1027,-0.426,0.0,0.1584,0.0,0.0,-0.575,-0.6367,0.4124,0.0,-0.1616,0.701,-0.571,-0.583,0.3955,0.3154,-0.1052,-0.714,-0.672,0.5767,0.442,0.1448,1.187,-0.6924,-0.6978,0.0,0.0,-0.7,0.0,-0.467,0.4753,0.0,0.0,0.0,0.0,-0.10724,1.0,0.0,0.5,-0.05365,0.3386,0.0,1.0,0.0,-0.5,0.0,0.0,0.0,-0.4656
-0.6963,-0.696,-0.697,-0.5654,0.5205,-0.1671,0.2426,-0.01938,0.6475,0.788,-0.0977,0.962,0.1428,0.1683,0.0,0.0,-0.6855,-0.7393,0.4985,0.0,-0.159,-0.287,-0.5693,-0.5854,0.7065,0.3389,0.02718,0.8667,-0.6562,-0.714,0.877,-1.155,-0.8726,-0.6914,-0.6978,0.0,0.0,-0.6997,0.0,-0.4622,0.4539,0.0,0.0,0.0,0.0,0.1665,2.0,0.5,0.5,-0.3682,0.6807,1.0,0.0,0.0,-0.5,0.0,0.0,0.0,0.7314
-0.696,-0.695,-0.6963,-0.861,0.822,-0.1671,0.2426,0.01979,0.9663,0.914,-0.0924,0.601,0.2856,0.1782,0.0,0.0,-0.7817,-0.8496,0.585,0.0,-0.1566,1.019,-0.5547,-0.5854,1.004,0.3645,0.1848,0.8545,-0.631,0.8667,0.576,0.4417,-0.8857,-0.691,-0.6973,0.0,0.0,-0.6987,0.0,-0.4573,0.4753,0.0,0.0,0.0,0.0,0.179,2.0,1.0,0.5,-0.622,1.005,2.0,0.0,0.0,-0.5,0.0,0.0,0.0,0.775
-0.6953,-0.6943,-0.696,-0.3403,0.2944,-0.1671,0.2426,0.0538,0.3833,0.7397,-0.08856,-0.4482,0.4285,0.1881,0.0,0.0,-0.64,-0.7046,0.4844,0.0,-0.154,-0.0922,-0.535,-0.5864,0.435,0.3796,0.2625,-0.983,-0.623,0.8545,-0.7134,0.877,-0.1498,-0.6895,-0.6973,0.0,0.0,-0.6987,0.0,-0.4634,0.301,0.0,0.0,0.0,0.0,-0.145,1.0,1.0,0.5,-0.1362,0.48,0.0,1.0,0.0,-0.5,0.0,0.0,0.0,-0.6196
-0.695,-0.694,-0.6953,-0.171,0.1225,-0.1671,0.2426,-0.0394,0.2101,0.681,-0.0886,-0.2383,0.4285,0.198,0.0,0.0,-0.601,-0.645,0.4556,0.0,-0.1515,-0.8574,-0.5176,-0.5835,0.2683,0.385,-0.00856,-0.2854,-0.6235,-0.983,0.8667,0.576,2.252,-0.689,-0.6973,0.0,0.0,-0.698,0.0,-0.465,0.03992,0.0,0.0,0.0,0.0,-0.02261,0.0,0.5,0.0,-0.005962,0.2786,0.0,2.0,0.0,-0.5,0.0,0.0,0.0,-0.0982
-0.695,-0.694,-0.6953,-0.1422,0.0932,-0.1671,0.2426,-0.005024,0.1486,0.668,-0.08673,-0.0645,0.5713,0.2079,0.0,0.0,-0.587,-0.6367,0.4556,0.0,-0.149,0.3,-0.5015,-0.579,0.2344,0.392,-0.02116,0.0,-0.6323,-0.2854,0.854,-0.7134,0.1448,-0.689,-0.6973,0.0,0.0,-0.6973,0.0,-0.4653,0.2478,0.0,0.0,0.0,0.0,0.0,0.0,0.0,0.0,-0.02412,0.2003,0.0,0.0,0.0,-0.5,0.0,0.0,0.0,0.0
-0.695,-0.694,-0.6953,0.1361,-0.1908,-0.1671,0.2426,-0.0376,-0.2062,0.562,-0.08417,-1.333,0.5713,0.2178,-1.0,0.0,-0.502,-0.5396,0.3982,0.0,-0.1465,-0.4624,-0.4863,-0.571,-0.1121,0.4055,0.1533,-0.5737,-0.655,0.0,-0.9824,0.866,-1.155,-0.6895,-0.6973,0.0,0.0,-0.697,0.0,-0.4688,0.3252,0.0,0.0,0.0,0.0,-0.07117,-1.0,0.0,0.0,0.263,-0.0525,0.0,1.0,0.0,-0.5,0.0,0.0,0.0,-0.3103
-0.695,-0.6943,-0.6953,0.458,-0.519,-0.1671,0.2426,0.0569,-0.61,0.4329,-0.083,5.008,0.5713,0.2278,-1.0,0.0,-0.384,-0.4314,0.3264,0.0,-0.1439,0.5356,-0.476,-0.559,-0.554,0.425,0.1049,-0.724,-0.664,-0.5737,-0.2854,0.854,0.4417,-0.69,-0.6978,0.0,0.0,-0.697,0.0,-0.4731,0.1746,0.0,0.0,0.0,0.0,-0.145,-2.0,-0.5,0.0,0.493,-0.456,0.0,2.0,0.0,-0.5,0.0,0.0,0.0,-0.6387
-0.6953,-0.6943,-0.696,0.4922,-0.554,-0.1671,0.2426,-0.1493,-0.651,0.3984,-0.0877,0.2338,0.4285,0.2377,-1.0,0.0,-0.3726,-0.3796,0.312,0.0,-0.1414,-0.448,-0.475,-0.548,-0.6377,0.428,-0.02327,-0.1466,-0.666,-0.724,0.0,-0.9824,0.877,-0.691,-0.6978,0.0,0.0,-0.697,0.0,-0.474,-0.3699,0.0,0.0,0.0,0.0,-0.02425,-2.0,-1.0,-0.5,0.526,-0.4895,0.0,3.0,0.0,-0.5,0.0,0.0,0.0,-0.1081
-0.6953,-0.6943,-0.696,0.1979,-0.2556,-0.1671,0.2426,-0.1326,-0.3528,0.478,-0.09155,-0.4673,0.2856,0.2476,-1.0,0.0,-0.4397,-0.4546,0.3694,0.0,-0.1389,0.1296,-0.48,-0.54,-0.3406,0.4243,-0.12415,0.588,-0.6724,-0.1466,-0.5737,-0.2854,0.576,-0.692,-0.698,0.0,0.0,-0.6963,0.0,-0.471,-0.248,0.0,0.0,0.0,0.0,0.11145,-1.0,-1.0,-0.5,0.2173,-0.2294,1.0,0.0,0.0,-0.5,0.0,0.0,0.0,0.498
-0.6953,-0.6943,-0.696,0.06287,-0.1197,-0.1671,0.2426,-0.1764,-0.2465,0.5103,-0.09174,-0.348,0.1428,0.2573,-1.0,0.0,-0.471,-0.4797,0.3982,0.0,-0.1364,-0.0727,-0.4895,-0.532,-0.228,0.4302,-0.0359,0.291,-0.6724,0.588,-0.7236,0.0,-0.7134,-0.6924,-0.6978,0.0,0.0,-0.6963,0.0,-0.4695,0.1486,0.0,0.0,0.0,0.0,0.04828,0.0,-0.5,0.0,0.08264,-0.1036,2.0,0.0,0.0,-0.5,0.0,0.0,0.0,0.2137
-0.6953,-0.6943,-0.696,0.1974,-0.2559,-0.1671,0.2426,-0.0977,-0.398,0.4517,-0.0936,1.407,0.0,0.2673,-1.0,0.0,-0.4138,-0.4338,0.3694,0.0,-0.1338,-0.0661,-0.507,-0.5264,-0.3816,0.4329,-0.1641,-0.2896,-0.677,0.291,-0.1466,-0.573,0.866,-0.693,-0.6978,0.0,0.0,-0.6963,0.0,-0.4712,-0.05426,0.0,0.0,0.0,0.0,-0.04187,0.0,-1.0,-0.5,0.1791,-0.2708,0.0,1.0,0.0,-0.5,0.0,0.0,0.0,-0.1844
-0.6953,-0.6943,-0.696,0.1908,-0.2495,-0.1671,0.2426,-0.1849,-0.378,0.4417,-0.0973,0.0653,-0.1428,0.2773,-1.0,0.0,-0.413,-0.4163,0.3694,0.0,-0.1313,-0.4575,-0.528,-0.5234,-0.3806,0.4329,-0.309,0.0,-0.6943,-0.2896,0.5874,-0.7236,0.854,-0.6934,-0.6978,0.0,0.0,-0.696,0.0,-0.4712,-0.3247,0.0,0.0,0.0,0.0,0.0,0.0,-1.5,-1.0,0.1427,-0.2974,0.0,0.0,0.0,-0.5,0.0,0.0,0.0,0.0
-0.6953,-0.6943,-0.696,-0.1954,0.142,-0.1671,0.4812,-0.1254,0.05673,0.569,-0.1003,-1.671,-0.1428,0.287,0.0,0.0,-0.5156,-0.5376,0.4556,0.0,-0.1288,0.4932,-0.5493,-0.5273,0.06824,0.4265,-0.1935,0.873,-0.699,0.0,0.291,-0.1465,-0.9824,-0.6934,-0.6973,0.0,0.0,-0.6953,0.0,-0.4663,-0.2274,0.0,0.0,0.0,0.0,0.2212,1.0,-1.0,-1.0,-0.2139,0.0965,1.0,0.0,0.0,-0.5,0.0,0.0,0.0,0.979
-0.6953,-0.6943,-0.696,0.152,-0.2104,-0.1671,0.4812,-0.2241,-0.287,0.4436,-0.1033,-2.05,-0.2856,0.297,-1.0,0.0,-0.4182,-0.414,0.3838,0.0,-0.1262,-0.2646,-0.5713,-0.535,-0.2888,0.4282,-0.1556,-0.7173,-0.699,0.873,-0.2896,0.5874,-0.2854,-0.693,-0.6973,0.0,0.0,-0.6953,0.0,-0.471,-0.2274,0.0,0.0,0.0,0.0,-0.1459,0.0,-1.0,-1.0,0.1059,-0.259,0.0,1.0,0.0,-0.5,0.0,0.0,0.0,-0.636
-0.695,-0.6943,-0.6953,-0.0412,-0.01499,-0.4292,0.4812,-0.2198,-0.04935,0.501,-0.1076,-1.374,-0.2856,0.307,0.0,0.0,-0.4668,-0.467,0.4268,0.0,-0.1237,-0.0793,-0.591,-0.545,-0.06165,0.4246,-0.1661,0.4355,-0.699,-0.7173,0.0,0.291,0.0,-0.6924,-0.697,0.0,0.0,-0.6953,0.0,-0.4685,-0.3765,0.0,0.0,0.0,0.0,0.064,0.0,-0.5,-1.0,-0.09863,-0.091,1.0,0.0,0.0,-0.5,0.0,0.0,0.0,0.2827
-0.6953,-0.6943,-0.696,0.359,-0.4224,-0.4292,0.4812,-0.2285,-0.3892,0.3525,-0.1164,-5.523,-0.4285,0.317,-1.0,0.0,-0.3396,-0.3293,0.3406,0.0,-0.1212,0.7275,-0.6035,-0.558,-0.4128,0.41,-0.0863,-0.8647,-0.699,0.4355,0.873,-0.2896,-0.573,-0.6924,-0.697,0.0,0.0,-0.6953,0.0,-0.4736,-0.95,0.0,0.0,0.0,0.0,-0.0994,0.0,-0.5,-1.5,0.2712,-0.5,0.0,1.0,0.0,-0.5,0.0,0.0,0.0,-0.4358
-0.6953,-0.6943,-0.696,0.2073,-0.2693,-0.4292,0.4812,-0.272,-0.2067,0.3882,-0.1216,-0.588,-0.5713,0.3267,-1.0,0.0,-0.3748,-0.3584,0.3694,0.0,-0.1187,-0.262,-0.6084,-0.575,-0.2234,0.3994,0.01036,0.2925,-0.699,-0.8647,-0.717,0.0,-0.7236,-0.6924,-0.6963,0.0,0.0,-0.6953,0.0,-0.472,-0.5654,0.0,0.0,0.0,0.0,0.02827,1.0,0.0,-1.0,0.1289,-0.3486,1.0,0.0,0.0,-0.5,0.0,0.0,0.0,0.1257
-0.6953,-0.6943,-0.696,0.00784,-0.0675,-0.4292,0.4812,-0.2155,0.02217,0.4453,-0.1252,-2.6,-0.5713,0.3367,0.0,0.0,-0.419,-0.4167,0.4124,0.0,-0.11615,-0.076,-0.6084,-0.5933,-0.001945,0.3972,0.0377,0.4365,-0.699,0.2925,0.4353,0.8726,-0.1465,-0.6924,-0.6963,0.0,0.0,-0.6953,0.0,-0.4695,-0.2942,0.0,0.0,0.0,0.0,0.04446,1.0,0.5,-0.5,-0.0359,-0.12476,2.0,0.0,0.0,-0.5,0.0,0.0,0.0,0.1969
-0.695,-0.6943,-0.6953,-0.1072,0.04883,-0.5205,0.4812,-0.2413,0.1697,0.479,-0.1282,1.321,-0.5713,0.3464,0.0,0.0,-0.45,-0.4448,0.4412,0.0,-0.11365,0.11084,-0.6084,-0.6094,0.1459,0.3958,-0.03168,0.2888,-0.699,0.4365,-0.8643,-0.717,0.5874,-0.692,-0.696,0.0,0.0,-0.6953,0.0,-0.4678,-0.1874,0.0,0.0,0.0,0.0,0.024,2.0,0.5,0.0,-0.1593,-0.02657,3.0,0.0,0.0,-0.5,0.0,0.0,0.0,0.10547
-0.6943,-0.694,-0.695,-0.456,0.404,-0.4373,0.4812,-0.1986,0.5503,0.603,-0.1274,1.608,-0.4285,0.3564,0.0,0.0,-0.551,-0.5605,0.5273,0.0,-0.1111,0.4702,-0.6084,-0.6216,0.546,0.4004,-0.0632,0.863,-0.699,0.2888,0.2925,0.4353,0.2908,-0.6914,-0.696,0.0,0.0,-0.6953,0.0,-0.463,0.2927,0.0,0.0,0.0,0.0,0.0948,2.0,0.5,0.5,-0.4817,0.3306,4.0,0.0,0.0,-0.5,0.0,0.0,0.0,0.4146
-0.694,-0.6934,-0.6943,-0.4004,0.348,-0.4373,0.4812,-0.3005,0.4775,0.5903,-0.1247,0.02339,-0.2856,0.3665,0.0,0.0,-0.5493,-0.5396,0.5273,0.0,-0.1086,-0.674,-0.6084,-0.6216,0.482,0.4133,-0.002253,0.0,-0.699,0.863,0.4365,-0.8643,-0.2896,-0.691,-0.6953,0.0,0.0,-0.6953,0.0,-0.4631,0.6113,0.0,0.0,0.0,0.0,0.0,2.0,0.5,0.5,-0.4373,0.2664,0.0,0.0,0.0,-0.5,0.0,0.0,0.0,0.0
-0.6934,-0.6924,-0.694,-0.8896,0.846,-0.4373,0.4812,-0.2532,0.9897,0.782,-0.1183,1.091,-0.1428,0.3665,0.0,0.0,-0.7017,-0.712,0.6133,1.0,-0.2903,0.4304,-0.6084,-0.6216,1.003,0.393,0.02086,1.275,-0.699,0.0,0.2888,0.2922,0.0,-0.6895,-0.695,0.0,0.0,-0.695,0.0,-0.4556,0.941,1.0,0.0,0.0,0.0,0.1901,2.0,1.0,1.0,-0.8633,0.7954,1.0,0.0,0.0,-0.5,0.0,0.0,0.0,0.8193
-0.6924,-0.6914,-0.693,-0.792,0.7485,-0.4373,0.4812,-0.2698,0.8853,0.768,-0.11346,0.0394,0.0,0.3665,0.0,0.0,-0.692,-0.698,0.6133,1.0,-0.2903,-0.1296,-0.6016,-0.6216,0.8677,0.4207,-0.0632,0.0,-0.679,1.275,0.8623,0.4363,0.8726,-0.688,-0.6943,0.0,0.0,-0.695,0.0,-0.4556,0.8394,1.0,0.0,0.0,0.0,0.0,1.0,0.5,0.5,-0.7876,0.681,0.0,0.0,0.0,-0.5,0.0,0.0,0.0,0.0
-0.6914,-0.6904,-0.692,-0.88,0.8394,-0.4373,0.4812,-0.315,0.987,0.8223,-0.1083,0.2544,0.1428,0.3665,0.0,0.0,-0.7393,-0.74,0.6133,1.0,-0.2903,-0.5093,-0.58,-0.6216,0.9414,0.4055,0.0713,0.4163,-0.652,0.0,0.0,0.2888,-0.717,-0.686,-0.694,0.0,0.0,-0.6943,0.0,-0.4534,0.8667,1.0,0.0,0.0,0.0,0.081,1.0,1.0,0.5,-0.865,0.7764,1.0,0.0,0.0,-0.5,0.0,0.0,0.0,0.3418
-0.691,-0.69,-0.6914,-0.7246,0.682,-0.4373,0.4812,-0.3276,0.803,0.788,-0.1023,-0.03995,0.2856,0.3665,0.0,0.0,-0.713,-0.71,0.599,0.0,-0.2878,-0.3215,-0.556,-0.615,0.7734,0.4258,0.0545,-0.1378,-0.633,0.4163,1.275,0.8623,0.4353,-0.6846,-0.6934,0.0,0.0,-0.694,0.0,-0.4543,0.937,1.0,0.0,0.0,0.0,-0.0185,0.0,0.5,0.5,-0.713,0.628,0.0,1.0,0.0,-0.5,0.0,0.0,0.0,-0.0775
-0.6895,-0.689,-0.69,-1.106,1.071,-0.4373,0.4812,-0.2445,1.206,0.9565,-0.0934,0.6235,0.4285,0.3665,0.0,0.0,-0.8384,-0.86,0.6133,1.0,-0.2903,0.753,-0.528,-0.598,1.198,0.354,0.2184,1.1045,-0.5996,-0.1378,0.0,0.0,-0.8643,-0.6826,-0.693,0.0,0.0,-0.693,0.0,-0.4475,1.111,1.0,0.0,0.0,0.0,0.178,1.0,1.0,1.0,-1.062,1.024,1.0,0.0,0.0,-0.5,0.0,0.0,0.0,0.7476
-0.689,-0.688,-0.6895,-0.815,0.777,-0.4373,0.4812,-0.2979,0.889,0.8784,-0.08746,-0.11975,0.4285,0.3665,0.0,0.0,-0.7817,-0.789,0.572,0.0,-0.2878,-0.3342,-0.4915,-0.5737,0.8027,0.392,0.2437,-0.4067,-0.5864,1.1045,0.4163,1.275,0.2922,-0.681,-0.6924,0.0,0.0,-0.692,0.0,-0.4504,0.7876,1.0,0.0,0.0,0.0,-0.08636,0.0,0.5,0.5,-0.8022,0.7173,0.0,1.0,0.0,-0.5,0.0,0.0,0.0,-0.3562
-0.6885,-0.6875,-0.689,-0.3699,0.3264,-0.4373,0.5933,-0.2241,0.373,0.732,-0.08203,-0.4207,0.5713,0.3665,0.0,0.0,-0.6587,-0.6714,0.488,0.0,-0.2854,0.2397,-0.456,-0.5493,0.268,0.418,0.2373,-0.8193,-0.5894,-0.4067,-0.1378,0.0,0.4363,-0.6807,-0.692,0.0,0.0,-0.6914,0.0,-0.4556,0.7266,0.0,0.0,0.0,0.0,-0.1398,0.0,0.0,0.5,-0.3623,0.2957,0.0,2.0,0.0,-0.5,0.0,0.0,0.0,-0.5806
-0.688,-0.687,-0.6885,-0.322,0.2776,-0.4373,0.5933,-0.2241,0.288,0.721,-0.07776,-0.04794,0.5713,0.3665,0.0,0.0,-0.65,-0.662,0.488,0.0,-0.2827,-0.1327,-0.4255,-0.5273,0.1831,0.4358,0.2332,0.0,-0.59,-0.8193,1.1045,0.416,0.2888,-0.68,-0.692,0.0,0.0,-0.691,0.0,-0.4558,0.642,0.0,0.0,0.0,0.0,0.0,-1.0,-0.5,0.0,-0.3613,0.1998,0.0,0.0,0.0,-0.5,0.0,0.0,0.0,0.0
-0.6875,-0.6865,-0.688,-0.3398,0.2935,-0.4373,0.5933,-0.2778,0.2375,0.733,-0.07086,0.00536,0.7144,0.3665,0.0,0.0,-0.6646,-0.6675,0.502,0.0,-0.2803,0.05014,-0.402,-0.5063,0.1703,0.4526,0.1406,0.1384,-0.5894,0.0,-0.4067,-0.1377,0.8623,-0.68,-0.6914,0.0,0.0,-0.6904,0.0,-0.455,1.088,1.0,0.0,0.0,0.0,0.01363,0.0,-0.5,0.5,-0.3845,0.208,1.0,0.0,0.0,-0.5,0.0,0.0,0.0,0.05743
-0.6875,-0.6865,-0.6875,-0.2356,0.1862,-0.4373,0.5933,-0.2573,0.0654,0.699,-0.0652,-0.392,0.857,0.3665,0.0,0.0,-0.6353,-0.6396,0.488,0.0,-0.2778,-0.1327,-0.3855,-0.4863,0.01464,0.4712,0.1638,-0.1381,-0.5947,0.1384,-0.819,1.1045,0.0,-0.68,-0.6914,0.0,0.0,-0.6895,0.0,-0.456,0.96,1.0,0.0,0.0,0.0,-0.01826,-1.0,-0.5,0.0,-0.3008,0.0867,0.0,1.0,0.0,-0.5,0.0,0.0,0.0,-0.0767
-0.687,-0.686,-0.6875,-0.2017,0.1498,-0.4373,0.5933,-0.2573,-0.02267,0.686,-0.06104,-0.3923,0.857,0.3665,0.0,0.0,-0.6245,-0.6284,0.488,0.0,-0.2751,-0.1327,-0.3762,-0.4683,-0.0575,0.4863,-0.004353,0.0,-0.603,-0.1381,0.0,-0.4067,1.274,-0.6807,-0.691,0.0,0.0,-0.689,0.0,-0.4563,0.8735,1.0,0.0,0.0,0.0,0.0,-1.0,-1.0,-0.5,-0.2827,0.03555,0.0,0.0,0.0,-0.5,0.0,0.0,0.0,0.0
-0.6865,-0.6855,-0.687,-0.4697,0.419,-0.4373,0.5933,-0.3267,0.2146,0.7847,-0.0559,2.957,0.857,0.3665,0.0,0.0,-0.71,-0.707,0.5576,0.0,-0.2727,-0.8843,-0.3755,-0.4524,0.217,0.4995,-0.002253,0.6924,-0.6,0.0,0.1384,-0.819,0.0,-0.6807,-0.691,0.0,0.0,-0.6885,0.0,-0.452,0.96,1.0,0.0,0.0,0.0,0.0778,0.0,-0.5,-0.5,-0.541,0.2944,1.0,0.0,0.0,-0.5,0.0,0.0,0.0,0.3276
-0.6865,-0.6855,-0.687,0.007755,-0.06555,-0.4373,0.5933,-0.2491,-0.299,0.6147,-0.05557,-1.566,0.7144,0.3665,-1.0,0.0,-0.565,-0.5664,0.4602,0.0,-0.2703,0.996,-0.3838,-0.4395,-0.2979,0.5093,-0.0527,-0.958,-0.6133,0.6924,-0.1381,0.0,0.416,-0.6816,-0.6904,0.0,0.0,-0.688,0.0,-0.4583,0.271,0.0,0.0,0.0,0.0,-0.165,0.0,-1.0,-1.0,-0.04166,-0.129,0.0,1.0,-0.5,-0.5,0.0,0.0,0.0,-0.687
-0.687,-0.686,-0.6875,0.7104,-0.775,-0.4373,-0.0549,0.1393,-1.031,0.3564,-0.05927,4.504,0.5713,0.3665,-1.0,0.0,-0.3103,-0.3682,0.307,0.0,-0.2676,1.828,-0.404,-0.4324,-0.9893,0.499,-0.04007,-1.53,-0.618,-0.958,0.0,0.1384,-0.1377,-0.6826,-0.6904,0.0,0.0,-0.688,0.0,-0.4678,-0.26,0.0,0.0,0.0,0.0,-0.3445,-1.0,-1.0,-1.0,0.634,-0.8135,0.0,2.0,-0.5,-0.5,0.0,1.0,-3.82,-1.457
-0.687,-0.686,-0.6875,0.4644,-0.525,-0.4373,-0.0549,0.05606,-0.7847,0.4116,-0.0653,-0.1517,0.4285,0.3665,-1.0,0.0,-0.3657,-0.4116,0.3486,0.0,-0.2651,-0.4832,-0.4302,-0.4314,-0.7637,0.4937,-0.2377,0.4282,-0.64,-1.53,0.692,-0.1381,1.1045,-0.683,-0.6904,0.0,0.0,-0.6875,0.0,-0.4653,-0.5503,0.0,0.0,0.0,0.0,0.05945,0.0,-1.0,-1.0,0.4246,-0.542,1.0,0.0,-0.5,-0.5,0.0,0.0,0.0,0.258
-0.6865,-0.686,-0.687,-0.365,0.316,-0.2339,-0.0549,0.1095,0.07886,0.689,-0.06665,-1.271,0.4285,0.3665,0.0,0.0,-0.5938,-0.666,0.53,0.0,-0.2627,0.9683,-0.458,-0.4355,0.1095,0.4937,-0.2145,1.843,-0.661,0.4282,-0.9575,0.0,-0.4067,-0.683,-0.69,0.0,0.0,-0.687,0.0,-0.4543,0.007492,0.0,0.0,0.0,0.0,0.2905,1.0,-0.5,-0.5,-0.2856,0.3635,2.0,0.0,-0.5,-0.5,0.0,0.0,0.0,1.252
-0.686,-0.685,-0.6865,-0.4954,0.4482,-0.01892,-0.0549,0.0949,0.263,0.741,-0.0681,1.184,0.4285,0.3665,0.0,0.0,-0.6377,-0.71,0.572,0.0,-0.26,-0.518,-0.4863,-0.444,0.3071,0.4946,-0.0947,0.4124,-0.677,1.843,-1.529,0.692,-0.819,-0.6826,-0.6895,0.0,0.0,-0.686,0.0,-0.452,0.007496,0.0,0.0,0.0,0.0,0.0472,1.0,0.0,-0.5,-0.3958,0.508,3.0,0.0,-0.5,-0.5,0.0,0.0,0.0,0.1974
-0.6855,-0.6846,-0.686,-0.4355,0.388,-0.01892,-0.0549,0.0949,0.2383,0.7266,-0.06934,0.07184,0.4285,0.3665,0.0,0.0,-0.626,-0.6973,0.572,0.0,-0.2576,-0.3342,-0.518,-0.457,0.2832,0.4998,-0.0821,0.0,-0.6934,0.4124,0.428,-0.9575,0.0,-0.682,-0.689,0.0,0.0,-0.6855,0.0,-0.452,0.04672,0.0,0.0,0.0,0.0,0.0,1.0,0.0,-0.5,-0.3975,0.3853,0.0,0.0,-0.5,-0.5,0.0,0.0,0.0,0.0
-0.685,-0.6846,-0.6855,-0.323,0.2727,-0.01892,-0.0549,-0.015045,0.1901,0.6904,-0.07385,-0.006645,0.4285,0.3665,0.0,0.0,-0.606,-0.6553,0.5576,0.0,-0.2551,-0.5156,-0.552,-0.4749,0.233,0.496,-0.0905,-0.1366,-0.699,0.0,1.842,-1.529,0.1383,-0.682,-0.6885,0.0,0.0,-0.685,0.0,-0.453,-0.304,0.0,0.0,0.0,0.0,-0.01042,1.0,-0.5,-1.0,-0.3057,0.256,0.0,1.0,-0.5,-0.5,0.0,0.0,0.0,-0.04327
-0.685,-0.684,-0.6855,-0.2203,0.1683,-0.01892,-0.0549,-0.05975,0.1321,0.655,-0.0775,-0.0657,0.4285,0.3665,0.0,0.0,-0.581,-0.6196,0.544,0.0,-0.2524,-0.883,-0.577,-0.4968,0.203,0.4883,-0.0611,-0.1368,-0.699,-0.1366,0.4124,0.428,-0.1381,-0.6816,-0.688,0.0,0.0,-0.685,0.0,-0.4539,-0.2239,0.0,0.0,0.0,0.0,-0.011536,0.0,-0.5,-1.0,-0.2451,0.1141,0.0,2.0,-0.5,-1.0,0.0,0.0,0.0,-0.04803
-0.6846,-0.6836,-0.685,-0.365,0.3152,-0.01892,-0.0549,-0.12213,0.3013,0.7085,-0.0775,0.8936,0.4285,0.3665,0.0,0.0,-0.6304,-0.6606,0.5854,0.0,-0.25,-0.3367,-0.597,-0.52,0.3904,0.4912,-0.0527,0.4116,-0.699,-0.1368,0.0,1.842,0.0,-0.68,-0.6875,0.0,0.0,-0.6846,0.0,-0.4514,0.1836,0.0,0.0,0.0,0.0,0.0527,0.0,0.0,-0.5,-0.3606,0.2812,1.0,0.0,-0.5,-1.0,0.0,0.0,0.0,0.2198
-0.684,-0.683,-0.6846,-0.3179,0.2673,-0.01892,-0.0549,-0.1548,0.2668,0.696,-0.0776,0.05255,0.4285,0.3665,0.0,0.0,-0.623,-0.6465,0.5854,0.0,-0.2474,-0.52,-0.6084,-0.542,0.3567,0.4983,-0.1431,0.0,-0.699,0.4116,-0.1365,0.4124,0.692,-0.6787,-0.687,0.0,0.0,-0.6846,0.0,-0.4517,0.1836,0.0,0.0,0.0,0.0,0.0,-1.0,-0.5,-0.5,-0.3237,0.2258,0.0,0.0,-0.5,-1.0,0.0,0.0,0.0,0.0
-0.684,-0.683,-0.6846,0.02428,-0.07904,-0.01892,-0.0549,-0.1333,-0.0765,0.5737,-0.07965,-0.843,0.4285,0.3665,0.0,0.0,-0.5205,-0.541,0.516,0.0,-0.245,-0.1387,-0.6084,-0.5635,0.01142,0.5005,0.008255,-0.681,-0.699,0.0,-0.1368,0.0,-0.9575,-0.6787,-0.6865,0.0,0.0,-0.6846,0.0,-0.456,-0.0951,0.0,0.0,0.0,0.0,-0.1057,-1.0,-0.5,-1.0,0.02698,-0.08453,0.0,1.0,-0.5,-1.0,0.0,0.0,0.0,-0.438
-0.684,-0.6836,-0.6846,0.341,-0.3994,-0.01892,-0.0549,-0.04456,-0.4006,0.453,-0.08307,-9.05,0.2856,0.3665,-1.0,0.0,-0.4102,-0.44,0.4463,0.0,-0.2424,0.6265,-0.6084,-0.5864,-0.3198,0.4995,0.2478,-0.689,-0.699,-0.681,0.4114,-0.1365,-1.529,-0.6797,-0.6865,0.0,0.0,-0.6846,0.0,-0.4604,-0.2559,0.0,0.0,0.0,0.0,-0.1741,-1.0,-0.5,-1.0,0.3623,-0.3604,0.0,2.0,-0.5,-1.0,0.0,0.0,0.0,-0.7295
-0.6846,-0.6836,-0.685,0.3215,-0.3787,-0.01892,-0.0549,0.1225,-0.3862,0.4417,-0.0866,0.0877,0.1428,0.3665,-1.0,0.0,-0.3857,-0.4458,0.4463,0.0,-0.2399,1.752,-0.6084,-0.6094,-0.3264,0.501,0.2058,0.0,-0.699,-0.689,0.0,-0.1368,0.428,-0.68,-0.686,0.0,0.0,-0.685,0.0,-0.4607,-0.2559,0.0,0.0,0.0,0.0,0.0,-1.0,-1.0,-1.0,0.3071,-0.38,0.0,0.0,-0.5,-1.0,0.0,0.0,0.0,0.0
-0.6846,-0.6836,-0.685,0.1189,-0.1736,-0.01892,-0.0549,0.09106,-0.1587,0.4963,-0.09106,-0.7773,0.0,0.3665,-1.0,0.0,-0.435,-0.4927,0.488,0.0,-0.2374,-0.6914,-0.6084,-0.6216,-0.10803,0.497,-0.0527,0.4182,-0.699,0.0,-0.681,0.4114,1.842,-0.6807,-0.6855,0.0,0.0,-0.685,0.0,-0.4583,-0.3418,0.0,0.0,0.0,0.0,0.05978,-1.0,-1.0,-1.0,0.0871,-0.2092,1.0,0.0,-0.5,-1.0,0.0,0.0,0.0,0.2534
-0.684,-0.683,-0.6846,-0.1222,0.0702,-0.01892,-0.0549,0.005985,0.08325,0.572,-0.0915,-5.945,0.1428,0.3665,0.0,0.0,-0.5063,-0.5527,0.544,0.0,-0.2349,0.2245,-0.6084,-0.6216,0.1528,0.4988,-0.1221,0.5537,-0.699,0.4182,-0.689,0.0,0.4124,-0.6807,-0.685,0.0,0.0,-0.685,0.0,-0.455,0.1218,0.0,0.0,0.0,0.0,0.0997,0.0,-1.0,-0.5,-0.1903,-0.02368,2.0,0.0,-0.5,-1.0,0.0,0.0,0.0,0.4197
-0.684,-0.683,-0.6846,-0.03973,-0.01694,-0.01892,-0.0549,-0.286,-0.06204,0.538,-0.08795,-0.66,0.2856,0.3665,0.0,0.0,-0.5044,-0.4944,0.53,0.0,-0.2323,-0.3267,-0.6084,-0.6216,-0.04382,0.5264,-0.1262,-0.1372,-0.699,0.5537,0.0,-0.6807,0.0,-0.681,-0.6846,0.0,0.0,-0.685,0.0,-0.4558,0.7188,0.0,0.0,0.0,0.0,-0.01185,0.0,-1.0,-0.5,-0.1256,-0.12384,0.0,1.0,-0.5,-1.0,0.0,0.0,0.0,-0.04944
-0.684,-0.683,-0.6846,0.2189,-0.2808,-0.01892,-0.0549,-0.2698,-0.3752,0.4392,-0.087,-6.332,0.2856,0.3665,-1.0,0.0,-0.4185,-0.4058,0.474,0.0,-0.2299,-0.3164,-0.6084,-0.6216,-0.3545,0.5356,-0.1115,-0.55,-0.699,-0.1372,0.4182,-0.689,-0.1365,-0.6816,-0.6846,0.0,0.0,-0.685,0.0,-0.4595,0.3328,0.0,0.0,0.0,0.0,-0.0855,0.0,-1.0,-1.0,0.05295,-0.4548,0.0,2.0,-0.5,-1.0,0.0,0.0,0.0,-0.3577
-0.684,-0.683,-0.6846,0.2101,-0.2722,-0.01892,-0.0549,-0.436,-0.3562,0.4277,-0.091,0.0624,0.1428,0.3665,-1.0,0.0,-0.4236,-0.3794,0.474,0.0,-0.2273,-0.69,-0.6084,-0.6216,-0.3628,0.5376,-0.10315,0.0,-0.699,-0.55,0.5537,0.0,-0.1368,-0.6816,-0.6846,0.0,0.0,-0.685,0.0,-0.4595,-0.437,0.0,0.0,0.0,0.0,0.0,0.0,-1.0,-1.5,0.02313,-0.4697,0.0,0.0,-0.5,-1.0,0.0,0.0,0.0,0.0
-0.684,-0.6836,-0.6846,0.264,-0.3267,-0.01892,-0.0549,-0.4158,-0.3855,0.395,-0.0965,0.2761,0.0,0.3665,-1.0,0.0,-0.3936,-0.351,0.4602,0.0,-0.2247,-0.3137,-0.605,-0.6216,-0.406,0.532,-0.1766,-0.1388,-0.699,0.0,-0.1371,0.418,0.4114,-0.6816,-0.6846,0.0,0.0,-0.685,0.0,-0.4604,-0.7793,0.0,0.0,0.0,0.0,-0.01767,-1.0,-1.5,-2.0,0.0808,-0.5156,0.0,1.0,-0.5,-1.0,0.0,0.0,0.0,-0.0746
-0.685,-0.684,-0.685,0.7544,-0.822,-0.01892,-0.0549,-0.3345,-0.851,0.2103,-0.10474,2.031,-0.1428,0.3665,-1.0,0.0,-0.2227,-0.1838,0.3486,0.0,-0.2222,0.08887,-0.6055,-0.6216,-0.8574,0.514,-0.1956,-1.112,-0.699,-0.1388,-0.55,0.5537,0.0,-0.682,-0.6846,0.0,0.0,-0.6855,0.0,-0.4675,-1.136,0.0,1.0,0.0,0.0,-0.2268,-2.0,-1.5,-2.0,0.592,-0.95,0.0,2.0,-0.5,-1.0,0.0,0.0,0.0,-0.96
-0.685,-0.684,-0.6855,0.442,-0.505,-0.01892,-0.0549,-0.3503,-0.5273,0.2874,-0.1113,-0.3394,-0.2856,0.3665,-1.0,0.0,-0.2932,-0.256,0.4045,0.0,-0.2197,-0.4922,-0.606,-0.6216,-0.537,0.503,-0.1262,0.567,-0.696,-1.112,0.0,-0.1371,-0.6807,-0.6826,-0.6846,0.0,0.0,-0.6855,0.0,-0.464,-0.7715,0.0,0.0,0.0,0.0,0.0851,-1.0,-1.0,-1.5,0.3208,-0.613,1.0,0.0,-0.5,-1.0,0.0,0.0,0.0,0.367
-0.685,-0.684,-0.6855,0.2255,-0.286,-0.01892,0.5195,-0.3286,-0.29,0.3433,-0.11615,-0.4888,-0.4285,0.3665,-1.0,0.0,-0.3406,-0.3113,0.4463,0.0,-0.2172,-0.4988,-0.608,-0.6216,-0.3062,0.4963,-0.03796,0.4211,-0.699,0.567,-0.1387,-0.55,-0.6885,-0.683,-0.685,0.0,0.0,-0.685,0.0,-0.4617,-0.521,0.0,0.0,0.0,0.0,0.0623,0.0,-0.5,-1.0,0.1177,-0.396,2.0,0.0,-0.5,-1.0,0.0,0.0,0.0,0.266
-0.6855,-0.6846,-0.686,0.4026,-0.4656,-0.01892,0.5195,-0.3167,-0.4314,0.269,-0.1231,1.03,-0.5713,0.3665,-1.0,0.0,-0.274,-0.2421,0.4045,0.0,-0.2146,-0.3032,-0.607,-0.6216,-0.466,0.4875,-0.03796,-0.4182,-0.699,0.4211,-1.112,0.0,0.0,-0.684,-0.685,0.0,0.0,-0.685,0.0,-0.4644,-0.85,0.0,0.0,0.0,0.0,-0.04828,0.0,-0.5,-1.5,0.3064,-0.5493,0.0,1.0,-0.5,-1.0,0.0,0.0,0.0,-0.2047
-0.6855,-0.6846,-0.686,0.3762,-0.4397,-0.01892,0.5195,-0.3167,-0.3687,0.261,-0.1299,-0.07446,-0.7144,0.3665,-1.0,0.0,-0.2666,-0.2344,0.4045,0.0,-0.2122,-0.4922,-0.601,-0.6216,-0.4158,0.4766,-0.1073,0.0,-0.699,-0.4182,0.567,-0.1387,0.418,-0.6846,-0.6855,0.0,0.0,-0.6855,0.0,-0.4646,-0.85,0.0,0.0,0.0,0.0,0.0,0.0,-1.0,-1.5,0.2455,-0.563,0.0,0.0,-0.5,-1.0,0.0,0.0,0.0,0.0
-0.6855,-0.6846,-0.686,-0.01724,-0.04138,-0.9023,0.5195,-0.3403,0.05072,0.3828,-0.1327,-1.671,-0.7144,0.3665,0.0,0.0,-0.376,-0.347,0.488,0.0,-0.2096,0.05356,-0.594,-0.6216,0.01494,0.471,-0.204,0.8423,-0.699,0.0,0.4211,-1.112,0.553,-0.684,-0.6855,0.0,0.0,-0.6855,0.0,-0.4597,-0.2445,0.0,0.0,0.0,0.0,0.249,1.0,-1.0,-1.0,-0.1165,-0.161,1.0,0.0,-0.5,-1.0,0.0,0.0,0.0,1.063
-0.6855,-0.685,-0.686,0.3665,-0.4302,-0.9023,0.5195,-0.3672,-0.3445,0.2444,-0.1356,-2.47,-0.7144,0.3665,-1.0,0.0,-0.2563,-0.2135,0.4045,0.0,-0.207,-0.681,-0.586,-0.6216,-0.352,0.463,-0.1914,-0.8306,-0.699,0.8423,-0.4182,0.5664,-0.1371,-0.6846,-0.6855,0.0,0.0,-0.686,0.0,-0.4648,-0.2942,0.0,0.0,0.0,0.0,-0.11285,0.0,-1.0,-1.0,0.288,-0.4973,0.0,1.0,-0.5,-1.0,0.0,0.0,0.0,-0.475
-0.6855,-0.685,-0.686,0.2192,-0.2812,-0.9023,0.5195,-0.5254,-0.203,0.2798,-0.1378,-0.5337,-0.7144,0.3665,-1.0,0.0,-0.302,-0.2322,0.4324,0.0,-0.2046,0.0675,-0.576,-0.6216,-0.1725,0.4536,-0.1262,0.2808,-0.699,-0.8306,0.0,0.421,-0.55,-0.684,-0.6855,0.0,0.0,-0.686,0.0,-0.4634,-0.1874,0.0,0.0,0.0,0.0,0.04742,0.0,-0.5,-0.5,0.1426,-0.358,1.0,0.0,-0.5,-1.0,0.0,0.0,0.0,0.2025
-0.686,-0.685,-0.686,0.2106,-0.2727,-0.9023,0.5195,-0.509,-0.1835,0.272,-0.1411,-0.10016,-0.7144,0.3665,-1.0,0.0,-0.2937,-0.2264,0.4324,0.0,-0.202,-0.4966,-0.5674,-0.6216,-0.154,0.4497,-0.1326,0.0,-0.699,0.2808,0.8423,-0.418,0.0,-0.684,-0.6855,0.0,0.0,-0.6865,0.0,-0.4634,-0.3516,0.0,0.0,0.0,0.0,0.0,0.0,-0.5,-1.0,0.1053,-0.381,0.0,0.0,-0.5,-1.0,0.0,0.0,0.0,0.0
-0.686,-0.685,-0.686,0.0793,-0.1403,-0.9023,0.5195,-0.4824,-0.01733,0.3071,-0.1454,-2.521,-0.7144,0.3665,0.0,0.0,-0.3225,-0.2622,0.4602,0.0,-0.1995,0.622,-0.558,-0.617,0.01585,0.4424,-0.11786,0.2795,-0.699,0.0,-0.8306,0.0,-0.1387,-0.684,-0.6855,0.0,0.0,-0.6865,0.0,-0.462,-0.4746,0.0,0.0,0.0,0.0,0.04703,1.0,0.0,-1.0,-0.01049,-0.2421,1.0,0.0,-0.5,-1.0,0.0,0.0,0.0,0.1998
-0.6855,-0.685,-0.686,0.0836,-0.1453,-0.9023,0.5195,-0.4824,0.007214,0.2993,-0.149,0.4182,-0.7144,0.3665,0.0,0.0,-0.3157,-0.255,0.4602,0.0,-0.197,-0.3137,-0.555,-0.612,0.02509,0.4404,0.0503,0.0,-0.699,0.2795,0.2808,0.842,-1.112,-0.6836,-0.6855,0.0,0.0,-0.687,0.0,-0.462,-0.4255,0.0,0.0,0.0,0.0,0.0,0.0,0.0,-1.0,-0.0353,-0.2783,0.0,0.0,-0.5,-1.0,0.0,0.0,0.0,0.0
-0.6855,-0.685,-0.686,0.02663,-0.0875,-0.9023,0.5195,-0.486,0.07574,0.3127,-0.1509,0.7573,-0.5713,0.3665,0.0,0.0,-0.3276,-0.2673,0.474,0.0,-0.1945,-0.3164,-0.558,-0.6074,0.1012,0.4387,-0.01697,0.139,-0.699,0.0,0.0,-0.83,0.5664,-0.683,-0.6855,0.0,0.0,-0.687,0.0,-0.4612,-0.1375,0.0,0.0,0.0,0.0,0.014915,1.0,0.0,-0.5,-0.0816,-0.2135,1.0,0.0,-0.5,-1.0,0.0,0.0,0.0,0.0631
-0.6855,-0.6846,-0.6855,-0.265,0.2087,-0.9023,0.5806,-0.487,0.3933,0.4119,-0.151,1.969,-0.4285,0.3665,0.0,0.0,-0.4143,-0.3596,0.544,0.0,-0.1919,-0.5137,-0.5674,-0.604,0.428,0.4412,-0.0695,0.694,-0.699,0.139,0.2793,0.2808,0.421,-0.683,-0.6855,0.0,0.0,-0.6865,0.0,-0.457,0.1366,0.0,0.0,0.0,0.0,0.07605,1.0,0.0,0.0,-0.3274,0.10986,2.0,0.0,-0.5,-1.0,0.0,0.0,0.0,0.3208
-0.685,-0.684,-0.6855,-0.2866,0.2316,-0.9023,0.5806,-0.4907,0.427,0.4236,-0.1506,0.2155,-0.2856,0.3665,0.0,0.0,-0.425,-0.3704,0.5576,0.0,-0.1895,-0.3318,-0.581,-0.602,0.4685,0.4468,0.008255,0.1372,-0.699,0.694,0.0,0.0,-0.418,-0.682,-0.685,0.0,0.0,-0.6865,0.0,-0.4563,0.2462,0.0,0.0,0.0,0.0,0.01799,2.0,0.5,0.5,-0.3987,0.077,3.0,0.0,-0.5,-1.0,0.0,0.0,0.0,0.0751
-0.685,-0.684,-0.6855,0.05368,-0.1138,-0.9023,0.5806,-0.4397,0.036,0.307,-0.1487,-0.648,-0.1428,0.3665,0.0,0.0,-0.3184,-0.266,0.488,0.0,-0.1869,0.6123,-0.593,-0.602,0.05487,0.4626,0.03137,-0.684,-0.699,0.1372,0.139,0.2793,0.0,-0.6816,-0.685,0.0,0.0,-0.6865,0.0,-0.4607,0.4539,0.0,0.0,0.0,0.0,-0.1362,1.0,0.5,0.5,-0.0721,-0.2566,0.0,1.0,-0.5,-1.0,0.0,0.0,0.0,-0.5674
-0.685,-0.6846,-0.6855,0.5576,-0.6235,-0.9023,0.3027,-0.2917,-0.5005,0.1268,-0.1512,-3.75,-0.1428,0.3665,-1.0,0.0,-0.1427,-0.10657,0.3767,0.0,-0.1843,0.841,-0.6025,-0.602,-0.502,0.4663,-0.0821,-1.107,-0.699,-0.684,0.694,0.0,0.842,-0.682,-0.6855,0.0,0.0,-0.687,0.0,-0.4675,-0.2445,0.0,0.0,0.0,0.0,-0.1975,1.0,0.0,0.0,0.4377,-0.721,0.0,2.0,-0.5,-1.0,0.0,0.0,0.0,-0.8315
-0.6855,-0.6846,-0.686,0.2666,-0.3289,-0.9023,0.3027,-0.291,-0.2224,0.2043,-0.1536,-0.6484,-0.1428,0.3665,-1.0,0.0,-0.2135,-0.1824,0.4324,0.0,-0.1818,-0.3086,-0.6084,-0.606,-0.2312,0.466,0.02718,0.564,-0.699,-1.107,0.1371,0.139,-0.83,-0.682,-0.6855,0.0,0.0,-0.687,0.0,-0.4644,-0.1897,0.0,0.0,0.0,0.0,0.0641,1.0,0.5,0.0,0.1718,-0.4216,1.0,0.0,-0.5,-1.0,0.0,0.0,0.0,0.275
-0.6855,-0.6846,-0.686,0.3154,-0.3784,-0.9023,0.3027,-0.287,-0.2957,0.1738,-0.1553,0.8906,-0.1428,0.3665,-1.0,0.0,-0.1854,-0.1531,0.4185,0.0,-0.1793,-0.306,-0.6084,-0.613,-0.2922,0.4646,-0.01066,-0.1398,-0.699,0.564,-0.684,0.6934,0.2805,-0.6826,-0.686,0.0,0.0,-0.687,0.0,-0.4653,-0.0827,0.0,0.0,0.0,0.0,-0.0234,0.0,0.0,0.0,0.2252,-0.4624,0.0,1.0,-0.5,-1.0,0.0,0.0,0.0,-0.0995
-0.6855,-0.685,-0.686,0.2976,-0.3604,-0.9023,0.3027,-0.3206,-0.3005,0.1649,-0.157,0.1725,-0.1428,0.3665,-1.0,0.0,-0.1803,-0.1411,0.4185,0.0,-0.1768,-0.871,-0.6084,-0.6216,-0.2961,0.4656,-0.01276,0.0,-0.699,-0.1398,-1.107,0.1371,0.0,-0.6826,-0.686,0.0,0.0,-0.687,0.0,-0.4653,-0.0827,0.0,0.0,0.0,0.0,0.0,-1.0,0.0,0.0,0.1647,-0.4922,0.0,0.0,-0.5,-1.0,0.0,0.0,0.0,0.0
-0.6855,-0.685,-0.686,0.2194,-0.2812,-0.9023,0.3027,-0.3748,-0.2128,0.1775,-0.1606,-0.3762,-0.2856,0.3665,-1.0,0.0,-0.1965,-0.1482,0.4324,0.0,-0.1742,-0.4966,-0.6084,-0.6216,-0.2191,0.4634,-0.0569,0.14,-0.699,0.0,0.564,-0.684,0.2793,-0.6836,-0.686,0.0,0.0,-0.6875,0.0,-0.4646,-0.3872,0.0,0.0,0.0,0.0,0.01424,0.0,0.0,0.0,0.0549,-0.4536,1.0,0.0,-0.5,-1.0,0.0,0.0,0.0,0.06067
-0.686,-0.685,-0.686,0.2104,-0.2727,-0.9023,0.3027,-0.442,-0.2224,0.1687,-0.1619,0.2522,-0.2856,0.3665,-1.0,0.0,-0.1946,-0.1332,0.4324,0.0,-0.1718,-0.6846,-0.6084,-0.6216,-0.2285,0.4656,-0.0611,0.0,-0.699,0.14,-0.1396,-1.107,0.0,-0.684,-0.6865,0.0,0.0,-0.687,0.0,-0.4646,0.01233,0.0,0.0,0.0,0.0,0.0,0.0,0.0,0.0,0.0322,-0.4607,0.0,0.0,-0.5,-1.0,0.0,0.0,0.0,0.0
-0.6855,-0.6846,-0.686,-0.2827,0.2275,-0.835,0.3027,-0.4214,0.2844,0.3308,-0.161,-5.035,-0.1428,0.3665,0.0,0.0,-0.338,-0.2905,0.544,0.0,-0.1692,0.5938,-0.6084,-0.6216,0.2751,0.4731,-0.0863,1.118,-0.699,0.0,0.0,0.564,0.139,-0.6836,-0.6865,0.0,0.0,-0.687,0.0,-0.458,0.3618,0.0,0.0,0.0,0.0,0.1344,0.0,0.0,0.0,-0.373,0.097,1.0,0.0,-0.5,-1.0,0.0,0.0,0.0,0.5713
-0.685,-0.684,-0.6855,-0.538,0.4873,-0.4773,0.3027,-0.423,0.5605,0.4285,-0.1582,0.9014,0.0,0.3665,0.0,0.0,-0.423,-0.3813,0.6133,1.0,-0.2903,-0.3418,-0.6084,-0.6216,0.542,0.4875,-0.1809,0.686,-0.699,1.118,0.14,-0.1396,0.6934,-0.6826,-0.686,0.0,0.0,-0.6865,0.0,-0.4539,0.575,0.0,0.0,0.0,0.0,0.1138,1.0,0.0,0.5,-0.5923,0.3757,2.0,0.0,-0.5,-1.0,0.0,0.0,0.0,0.4746
-0.684,-0.683,-0.6846,-0.7056,0.658,-0.1945,0.3027,-0.534,0.758,0.5024,-0.1552,0.463,0.0,0.3665,0.0,0.0,-0.4963,-0.4385,0.6133,1.0,-0.2903,-0.532,-0.6016,-0.6216,0.719,0.451,-0.1914,0.5425,-0.699,0.686,0.0,0.0,0.1371,-0.681,-0.686,0.0,0.0,-0.686,0.0,-0.4507,0.6465,0.0,0.0,0.0,0.0,0.0829,2.0,0.0,0.5,-0.723,0.574,3.0,0.0,-0.5,-1.0,0.0,0.0,0.0,0.342
-0.683,-0.682,-0.6836,-0.966,0.9243,0.2258,0.3027,-0.5063,1.06,0.6167,-0.1503,0.522,0.0,0.3665,0.0,0.0,-0.59,-0.5435,0.6133,1.0,-0.2903,0.1692,-0.5854,-0.6216,1.016,0.3904,-0.0695,0.806,-0.6743,0.5425,1.117,0.14,-0.684,-0.679,-0.6855,0.0,0.0,-0.685,0.0,-0.4456,0.8257,1.0,0.0,0.0,0.0,0.1396,2.0,0.5,1.0,-0.936,0.872,4.0,0.0,-0.5,-1.0,0.0,0.0,0.0,0.571
-0.6826,-0.6816,-0.683,-0.634,0.589,0.2258,0.3027,-0.4927,0.709,0.517,-0.1473,-0.1841,0.0,0.3665,0.0,0.0,-0.505,-0.4553,0.559,0.0,-0.2878,-0.3564,-0.5693,-0.6157,0.6665,0.4072,0.1385,-0.5303,-0.657,0.806,0.6855,0.0,-1.106,-0.6777,-0.6855,0.0,0.0,-0.685,0.0,-0.4492,0.5537,0.0,0.0,0.0,0.0,-0.0791,2.0,0.5,0.5,-0.6313,0.5317,0.0,1.0,-0.5,-1.0,0.0,0.0,0.0,-0.319
-0.682,-0.681,-0.6826,-0.387,0.3394,0.2258,0.3027,-0.4663,0.4673,0.4385,-0.1476,-0.1787,0.0,0.3665,0.0,0.0,-0.4355,-0.3862,0.518,0.0,-0.2854,-0.349,-0.555,-0.6025,0.4126,0.4185,0.10284,-0.4014,-0.653,-0.5303,0.5425,1.117,0.564,-0.6763,-0.685,0.0,0.0,-0.6846,0.0,-0.452,0.222,0.0,0.0,0.0,0.0,-0.06616,1.0,0.0,0.0,-0.386,0.3003,0.0,2.0,-0.5,-1.0,0.0,0.0,0.0,-0.2693
-0.681,-0.68,-0.6816,-0.907,0.869,0.2258,0.3027,-0.39,1.056,0.6357,-0.1445,1.252,0.0,0.3665,0.0,0.0,-0.595,-0.572,0.6133,1.0,-0.2903,0.8677,-0.5376,-0.5874,0.973,0.3992,0.1575,1.347,-0.629,-0.4014,0.806,0.6855,-0.1396,-0.6743,-0.6846,0.0,0.0,-0.6836,0.0,-0.4436,0.51,0.0,0.0,0.0,0.0,0.293,1.0,0.5,0.0,-0.844,0.8574,1.0,0.0,-0.5,-1.0,0.0,0.0,0.0,1.2
-0.6797,-0.679,-0.68,-1.14,1.106,0.2258,0.3027,-0.4111,1.318,0.747,-0.1375,0.3887,0.0,0.3665,0.0,0.0,-0.6875,-0.6665,0.6133,1.0,-0.2903,0.4875,-0.5127,-0.5693,1.231,0.3474,0.2142,0.7905,-0.5967,1.347,-0.5303,0.542,0.0,-0.6724,-0.684,0.0,0.0,-0.6826,0.0,-0.4387,0.911,1.0,0.0,0.0,0.0,0.1602,1.0,1.0,0.5,-1.079,1.073,2.0,0.0,-0.5,-1.0,0.0,0.0,0.0,0.6416
-0.679,-0.678,-0.6797,-0.7407,0.702,0.2258,0.3027,-0.425,0.831,0.6255,-0.1292,-0.23,0.1428,0.3665,0.0,0.0,-0.5894,-0.559,0.547,0.0,-0.2878,0.155,-0.4836,-0.5493,0.751,0.3777,0.2625,-0.65,-0.582,0.7905,-0.4014,0.806,0.14,-0.6714,-0.6836,0.0,0.0,-0.682,0.0,-0.443,1.085,1.0,0.0,0.0,0.0,-0.11774,0.0,0.5,0.5,-0.6978,0.681,0.0,1.0,-0.5,-1.0,0.0,0.0,0.0,-0.4656
-0.6787,-0.6777,-0.6787,-0.5444,0.5034,0.2258,0.3027,-0.3547,0.576,0.568,-0.1229,-0.1523,0.2856,0.3665,0.0,0.0,-0.535,-0.5146,0.52,0.0,-0.2854,0.3398,-0.4583,-0.531,0.5273,0.3967,0.3193,-0.263,-0.5747,-0.65,1.347,-0.5303,0.0,-0.671,-0.683,0.0,0.0,-0.6816,0.0,-0.4448,0.884,1.0,0.0,0.0,0.0,-0.02812,0.0,0.5,0.0,-0.507,0.492,0.0,2.0,-0.5,-1.0,0.0,0.0,0.0,-0.1124
-0.6772,-0.6763,-0.6777,-1.358,1.33,0.2258,0.3027,-0.2585,1.428,0.888,-0.1109,1.493,0.4285,0.3762,0.0,0.0,-0.786,-0.8013,0.6133,1.0,-0.2903,1.137,-0.4272,-0.5073,1.367,0.3206,0.2037,2.111,-0.537,-0.263,0.79,-0.4011,1.117,-0.6694,-0.6826,0.0,0.0,-0.68,0.0,-0.4314,1.211,1.0,0.0,0.0,0.0,0.3633,1.0,0.5,0.5,-1.17,1.419,1.0,0.0,-0.5,-1.0,0.0,0.0,0.0,1.459
-0.676,-0.675,-0.6763,-1.162,1.133,0.2258,0.3027,-0.1782,1.16,0.8486,-0.0992,-0.0469,0.5713,0.3862,0.0,0.0,-0.748,-0.776,0.6006,0.0,-0.2878,-0.06107,-0.3887,-0.478,1.054,0.3699,0.168,-0.1276,-0.5083,2.111,-0.65,1.347,0.6855,-0.668,-0.6816,0.0,0.0,-0.6797,0.0,-0.4326,1.16,1.0,0.0,0.0,0.0,-0.03345,0.0,0.0,0.5,-0.9873,1.222,0.0,1.0,-0.5,-1.0,0.0,0.0,0.0,-0.1298
-0.675,-0.674,-0.6753,-1.038,1.007,0.2258,0.3027,-0.1628,0.967,0.8315,-0.0877,-0.02365,0.7144,0.3862,0.0,0.0,-0.733,-0.7627,0.6006,0.0,-0.2854,-0.4048,-0.3586,-0.4512,0.932,0.3945,0.1406,0.0,-0.485,-0.1276,-0.263,0.79,0.542,-0.666,-0.6807,0.0,0.0,-0.6787,0.0,-0.4326,1.146,1.0,0.0,0.0,0.0,0.0,-1.0,-0.5,0.0,-0.8726,1.097,0.0,0.0,-0.5,-1.0,0.0,0.0,0.0,0.0
-0.674,-0.673,-0.6743,-1.089,1.057,0.2258,0.3027,-0.129,0.9546,0.879,-0.07477,0.1309,0.857,0.3862,0.0,0.0,-0.767,-0.8057,0.6133,1.0,-0.2903,-0.2406,-0.3345,-0.4243,0.988,0.3962,0.06287,0.3833,-0.466,0.0,2.111,-0.65,0.806,-0.6646,-0.68,0.0,0.0,-0.6777,0.0,-0.4302,1.187,1.0,0.0,0.0,0.0,0.0539,0.0,-0.5,0.5,-0.9546,1.107,1.0,0.0,-0.5,-1.0,0.0,0.0,0.0,0.2095
-0.672,-0.671,-0.6724,-1.631,1.628,0.2258,0.7446,-0.1205,1.56,1.135,-0.06018,0.7637,0.857,0.3862,0.0,0.0,-0.962,-1.016,0.6133,1.0,-0.2903,0.891,-0.3057,-0.3928,1.5625,0.2822,0.189,1.65,-0.4385,0.3833,-0.1274,-0.2627,-0.5303,-0.6626,-0.679,0.0,0.0,-0.676,0.0,-0.4194,1.245,1.0,0.0,0.0,0.0,0.4219,1.0,0.0,0.5,-1.384,1.721,2.0,0.0,-0.5,-1.0,0.0,0.0,0.0,1.63
-0.671,-0.67,-0.6714,-1.011,0.98,0.2258,0.652,-0.00914,0.8228,0.9287,-0.05084,-0.3398,0.857,0.3862,0.0,0.0,-0.7954,-0.859,0.4993,0.0,-0.2878,0.0881,-0.2795,-0.3628,0.8203,0.3164,0.3298,-1.112,-0.4348,1.65,0.0,2.111,-0.4011,-0.661,-0.678,0.0,0.0,-0.675,0.0,-0.4272,0.7944,1.0,0.0,0.0,0.0,-0.2051,0.0,0.0,0.0,-0.8013,1.119,0.0,1.0,-0.5,-1.0,0.0,0.0,0.0,-0.771
-0.67,-0.669,-0.6704,-0.848,0.815,0.2258,0.5874,0.01021,0.6235,0.891,-0.04346,-0.08984,0.857,0.3862,0.0,0.0,-0.764,-0.8296,0.4866,0.0,-0.2854,-0.418,-0.2566,-0.3352,0.603,0.3477,0.1848,-0.1259,-0.4421,-1.112,0.3833,-0.1274,1.347,-0.6597,-0.6772,0.0,0.0,-0.6733,0.0,-0.4285,0.6875,0.0,0.0,0.0,0.0,-0.0313,0.0,-0.5,-0.5,-0.682,0.9194,0.0,2.0,-0.5,-1.0,0.0,0.0,0.0,-0.1199
-0.669,-0.668,-0.6694,-0.862,0.8286,0.2258,0.5874,-0.05853,0.6343,0.9165,-0.03748,0.1588,0.857,0.3862,0.0,0.0,-0.7905,-0.844,0.5117,0.0,-0.2827,-0.5913,-0.2399,-0.3125,0.6177,0.37,0.1007,0.2524,-0.455,-0.1259,1.65,0.0,0.79,-0.6587,-0.6763,0.0,0.0,-0.672,0.0,-0.4268,0.6113,0.0,0.0,0.0,0.0,0.0388,1.0,-0.5,-0.5,-0.7095,0.917,1.0,0.0,-0.5,-1.0,0.0,0.0,0.0,0.1488
-0.6685,-0.6675,-0.669,-0.606,0.568,0.2258,0.5874,-0.06125,0.3254,0.8394,-0.0308,-0.3088,0.857,0.3862,0.0,0.0,-0.73,-0.779,0.4739,0.0,-0.2803,-0.586,-0.2316,-0.2957,0.3394,0.389,0.2394,-0.377,-0.4788,0.2524,-1.112,0.3833,-0.65,-0.6587,-0.676,0.0,0.0,-0.671,0.0,-0.4294,0.652,0.0,0.0,0.0,0.0,-0.04233,0.0,-0.5,-0.5,-0.468,0.66,0.0,1.0,-0.5,-1.0,0.0,0.0,0.0,-0.1617
-0.6675,-0.6665,-0.668,-0.591,0.55,0.2258,0.5874,-0.06537,0.252,0.8457,-0.02257,-0.04028,0.857,0.3862,0.0,0.0,-0.7354,-0.784,0.4866,0.0,-0.2778,-0.418,-0.2312,-0.2825,0.2766,0.4146,0.3193,0.1265,-0.512,-0.377,-0.1259,1.65,-0.2627,-0.658,-0.675,0.0,0.0,-0.6694,0.0,-0.4287,0.799,1.0,0.0,0.0,0.0,0.01704,0.0,0.0,0.0,-0.513,0.578,1.0,0.0,-0.5,-1.0,0.0,0.0,0.0,0.06555
-0.6665,-0.6655,-0.667,-1.002,0.9653,0.2258,0.5874,-0.1462,0.6826,1.018,-0.01489,1.43,0.857,0.3862,0.0,0.0,-0.876,-0.919,0.6006,0.0,-0.2751,0.2294,-0.2339,-0.2715,0.6763,0.447,0.02716,1.136,-0.5225,0.1265,0.2522,-1.111,2.111,-0.657,-0.674,0.0,0.0,-0.668,0.0,-0.4214,0.7803,1.0,0.0,0.0,0.0,0.2343,1.0,0.0,0.0,-0.8833,1.007,2.0,0.0,-0.5,-1.0,0.0,0.0,0.0,0.899
-0.665,-0.664,-0.6655,-1.307,1.275,0.2258,0.5874,-0.2205,1.038,1.166,-0.006886,0.632,0.857,0.3862,0.0,0.0,-0.9946,-1.031,0.6133,1.0,-0.2903,-0.1255,-0.2369,-0.2615,1.003,0.393,0.07764,0.9907,-0.516,1.136,-0.377,-0.1259,-0.1274,-0.6567,-0.673,0.0,0.0,-0.667,0.0,-0.4148,0.817,1.0,0.0,0.0,0.0,0.2119,2.0,0.5,0.0,-1.154,1.328,3.0,0.0,-0.5,-1.0,0.0,0.0,0.0,0.7983
-0.664,-0.663,-0.6646,-1.067,1.031,0.2258,0.5874,-0.2424,0.759,1.108,0.00251,-0.12286,0.857,0.3862,0.0,0.0,-0.953,-0.983,0.5884,0.0,-0.2878,-0.2847,-0.241,-0.2527,0.731,0.4236,0.126,-0.2437,-0.5156,0.9907,0.1265,0.2522,0.0,-0.6553,-0.672,0.0,0.0,-0.6655,0.0,-0.4165,0.954,1.0,0.0,0.0,0.0,-0.04245,1.0,0.5,0.0,-0.93,1.088,0.0,1.0,-0.5,-1.0,0.0,0.0,0.0,-0.1573
-0.663,-0.662,-0.6636,-0.7456,0.703,-0.2433,0.5874,-0.2426,0.368,1.009,0.011086,-0.3474,0.857,0.3862,0.0,0.0,-0.878,-0.9023,0.5386,0.0,-0.2854,0.05664,-0.2554,-0.2474,0.3943,0.4426,0.10706,-0.4893,-0.5176,-0.2437,1.136,-0.3767,0.383,-0.655,-0.671,0.0,0.0,-0.6646,0.0,-0.4202,0.8613,1.0,0.0,0.0,0.0,-0.05963,1.0,0.0,0.0,-0.7036,0.6807,0.0,2.0,-0.5,-1.0,0.0,0.0,0.0,-0.2219
-0.6636,-0.663,-0.664,0.8486,-0.908,-0.2433,-0.864,0.06537,-1.246,0.437,0.003824,-3.521,0.7144,0.3862,-1.0,0.0,-0.3867,-0.4358,0.2004,0.0,-0.2827,3.135,-0.277,-0.2496,-1.252,0.4434,-0.1367,-2.514,-0.535,-0.4893,0.99,0.1263,1.649,-0.6562,-0.6704,0.0,0.0,-0.6646,0.0,-0.4434,-0.4353,0.0,0.0,0.0,0.0,-0.7065,0.0,-0.5,-0.5,0.976,-0.714,0.0,3.0,-0.5,-1.0,0.0,0.0,0.0,-2.65
-0.6636,-0.6626,-0.664,0.03464,-0.08295,-0.2433,-0.864,0.1753,-0.458,0.691,0.001596,-0.621,0.5713,0.3862,-1.0,0.0,-0.5894,-0.674,0.3633,0.0,-0.2803,1.81,-0.3003,-0.2607,-0.4417,0.4392,-0.002253,1.697,-0.5713,-2.514,-0.2435,1.135,-1.111,-0.6562,-0.6694,0.0,0.0,-0.6636,0.0,-0.4326,-0.0665,0.0,0.0,0.0,0.0,0.5127,0.0,0.0,0.0,0.2898,0.1871,1.0,0.0,-0.5,-1.0,0.0,0.0,0.0,2.037
-0.664,-0.663,-0.664,0.3843,-0.4355,-0.2433,-0.864,0.3423,-0.8145,0.5547,-0.002472,1.283,0.4285,0.3862,-1.0,0.0,-0.4617,-0.5693,0.288,0.0,-0.2778,0.64,-0.3354,-0.2795,-0.754,0.4277,0.01036,-0.7617,-0.586,1.697,-0.489,0.99,-0.1259,-0.6567,-0.669,0.0,0.0,-0.663,0.0,-0.438,-0.2042,0.0,0.0,0.0,0.0,-0.187,-1.0,0.0,0.0,0.6426,-0.135,0.0,1.0,-0.5,-1.0,0.0,0.0,0.0,-0.7227
-0.664,-0.663,-0.6646,0.4187,-0.4688,-0.2433,-0.864,0.4246,-0.846,0.522,-0.007965,0.1925,0.2856,0.3862,-1.0,0.0,-0.427,-0.548,0.2756,0.0,-0.2751,0.6445,-0.378,-0.3025,-0.799,0.4243,-0.0506,-0.1287,-0.5903,-0.7617,-2.514,-0.2435,0.2522,-0.658,-0.668,0.0,0.0,-0.663,0.0,-0.439,-0.2964,0.0,0.0,0.0,0.0,-0.01987,-1.0,-0.5,-0.5,0.594,-0.2554,0.0,2.0,-0.5,-1.0,0.0,0.0,0.0,-0.07776
-0.664,-0.663,-0.6646,-0.004757,-0.04053,-0.2433,-0.864,0.373,-0.358,0.653,-0.01591,-0.59,0.1428,0.3862,-1.0,0.0,-0.541,-0.6597,0.3633,0.0,-0.2727,0.955,-0.4158,-0.33,-0.3157,0.4126,-0.01276,0.9023,-0.609,-0.1287,1.697,-0.489,-0.3767,-0.66,-0.6675,0.0,0.0,-0.6626,0.0,-0.433,-0.4517,0.0,0.0,0.0,0.0,0.1415,0.0,0.0,-0.5,0.179,0.1487,1.0,0.0,-0.5,-1.0,0.0,0.0,0.0,0.5547
-0.664,-0.663,-0.6646,0.1206,-0.1675,-0.2433,-0.864,0.3528,-0.455,0.599,-0.02118,0.583,0.0,0.3862,-1.0,0.0,-0.498,-0.61,0.3381,0.0,-0.2703,0.10754,-0.452,-0.3638,-0.4043,0.4053,-0.03796,-0.254,-0.6353,0.9023,-0.7617,-2.514,0.1263,-0.6616,-0.6665,0.0,0.0,-0.662,0.0,-0.435,-0.2942,0.0,0.0,0.0,0.0,-0.04028,0.0,-0.5,-0.5,0.3044,0.03177,0.0,1.0,-0.5,-1.0,0.0,0.0,0.0,-0.1556
-0.664,-0.663,-0.6646,0.1786,-0.2256,-0.2433,-0.864,0.3884,-0.4907,0.568,-0.02597,0.258,-0.1428,0.3862,-1.0,0.0,-0.4688,-0.5854,0.3257,0.0,-0.2676,-0.06107,-0.4849,-0.3977,-0.4485,0.4019,-0.2377,-0.1276,-0.635,-0.254,-0.1285,1.697,1.135,-0.6626,-0.666,0.0,0.0,-0.662,0.0,-0.436,-0.2942,0.0,0.0,0.0,0.0,-0.0145,-1.0,-1.0,-0.5,0.3528,-0.0326,0.0,2.0,-0.5,-1.0,0.0,0.0,0.0,-0.05627
-0.664,-0.663,-0.6646,0.2888,-0.3354,-0.2433,-0.864,0.5522,-0.5713,0.5166,-0.03226,0.3772,-0.2856,0.3862,-1.0,0.0,-0.411,-0.555,0.3005,0.0,-0.2651,1.153,-0.517,-0.4287,-0.5215,0.391,-0.4373,-0.2556,-0.633,-0.1276,0.902,-0.7617,0.99,-0.662,-0.6655,0.0,0.0,-0.6626,0.0,-0.4377,-0.3987,0.0,0.0,0.0,0.0,-0.05496,-1.0,-1.5,-1.0,0.45,-0.1478,0.0,3.0,-0.5,-1.0,0.0,0.0,0.0,-0.2136
-0.6646,-0.6636,-0.665,0.505,-0.5527,-0.2433,-0.864,0.621,-0.7715,0.4243,-0.0389,0.625,-0.4285,0.3862,-1.0,0.0,-0.326,-0.4773,0.2505,0.0,-0.2627,-0.0432,-0.549,-0.4622,-0.7305,0.3833,-0.4478,-0.513,-0.6255,-0.2556,-0.254,-0.1285,-0.2435,-0.663,-0.665,0.0,0.0,-0.6626,0.0,-0.4414,-0.4216,0.0,0.0,0.0,0.0,-0.06726,-1.0,-1.5,-1.0,0.6753,-0.3381,0.0,4.0,-0.5,-0.5,0.0,0.0,0.0,-0.2625
-0.665,-0.664,-0.6655,0.528,-0.5757,-0.2433,-0.864,0.6113,-0.7773,0.393,-0.04642,0.1526,-0.5713,0.3862,-1.0,0.0,-0.3,-0.4478,0.238,0.0,-0.26,-0.564,-0.5723,-0.4976,-0.7686,0.3784,-0.4204,-0.1294,-0.616,-0.513,-0.1274,0.902,-0.489,-0.663,-0.665,0.0,0.0,-0.6626,0.0,-0.4424,-0.4731,0.0,0.0,0.0,0.0,-0.005745,-2.0,-1.5,-1.5,0.6436,-0.4192,0.0,5.0,-0.5,0.0,0.0,0.0,0.0,-0.02261
-0.664,-0.6636,-0.6646,-0.46,0.426,-0.2433,-0.864,0.7427,0.3027,0.7285,-0.0511,-1.646,-0.5713,0.3862,0.0,0.0,-0.5693,-0.761,0.4507,0.0,-0.2576,2.771,-0.5757,-0.526,0.3254,0.3684,0.0965,2.205,-0.6226,-0.1294,-0.2556,-0.254,-2.514,-0.662,-0.6646,0.0,0.0,-0.663,0.0,-0.428,-0.2559,0.0,0.0,0.0,0.0,0.4275,-1.0,-1.0,-1.5,-0.2354,0.6245,1.0,0.0,-0.5,0.0,0.0,0.0,0.0,1.6875
-0.6636,-0.663,-0.664,-0.4048,0.3667,-0.2433,-0.864,0.713,0.3616,0.717,-0.0588,0.297,-0.5713,0.3862,0.0,0.0,-0.5625,-0.748,0.4507,0.0,-0.2551,-0.4265,-0.5625,-0.5493,0.4036,0.3523,-0.1346,0.0,-0.621,2.205,-0.513,-0.1274,1.696,-0.6616,-0.664,0.0,0.0,-0.663,0.0,-0.428,-0.4731,0.0,0.0,0.0,0.0,0.0,-1.0,-1.5,-2.0,-0.1956,0.5527,0.0,0.0,-0.5,0.0,0.0,0.0,0.0,0.0
-0.663,-0.6626,-0.6636,-0.355,0.313,-0.2433,-0.864,0.683,0.4114,0.704,-0.0659,0.2578,-0.5713,0.3862,0.0,0.0,-0.5547,-0.734,0.4507,0.0,-0.2524,-0.4265,-0.549,-0.5664,0.452,0.3425,0.006153,0.0,-0.6196,0.0,-0.1294,-0.2554,-0.761,-0.6606,-0.6636,0.0,0.0,-0.6626,0.0,-0.4282,-0.4282,0.0,0.0,0.0,0.0,0.0,-1.0,-1.5,-2.0,-0.1738,0.472,0.0,0.0,-0.5,0.0,0.0,0.0,0.0,0.0
-0.663,-0.662,-0.6636,-0.0354,-0.01357,-0.2433,-0.864,0.6963,0.1531,0.5903,-0.0733,-0.395,-0.5713,0.3862,0.0,0.0,-0.4602,-0.6353,0.3882,0.0,-0.25,-0.2457,-0.5425,-0.5776,0.1794,0.335,0.0545,-0.6255,-0.62,0.0,2.205,-0.513,-0.1285,-0.6606,-0.663,0.0,0.0,-0.663,0.0,-0.4326,-0.451,0.0,0.0,0.0,0.0,-0.0852,-1.0,-1.5,-2.0,-0.01542,-0.004883,0.0,1.0,-0.5,0.0,0.0,0.0,0.0,-0.3242
-0.6626,-0.6616,-0.663,-0.4565,0.4116,-0.2433,-0.864,0.4277,0.549,0.7407,-0.0673,1.761,-0.4285,0.3862,0.0,0.0,-0.6074,-0.7417,0.4883,0.0,-0.2474,0.9053,-0.546,-0.587,0.621,0.3457,-0.0737,1.012,-0.616,-0.6255,0.0,-0.1294,0.902,-0.659,-0.6626,0.0,0.0,-0.6626,0.0,-0.426,0.634,0.0,0.0,0.0,0.0,0.1613,0.0,-1.5,-1.5,-0.4453,0.378,1.0,0.0,-0.5,0.0,0.0,0.0,0.0,0.62
-0.662,-0.661,-0.662,-0.56,0.5176,-0.2433,-0.864,0.3088,0.6763,0.7896,-0.0651,0.3538,-0.2856,0.3862,0.0,0.0,-0.657,-0.772,0.526,0.0,-0.245,0.5586,-0.5557,-0.5923,0.73,0.3613,-0.01066,0.373,-0.609,1.012,0.0,2.205,-0.254,-0.6577,-0.662,0.0,0.0,-0.6626,0.0,-0.4236,0.375,0.0,0.0,0.0,0.0,0.05017,0.0,-1.0,-1.5,-0.564,0.46,2.0,0.0,-0.5,0.0,0.0,0.0,0.0,0.1897
-0.6616,-0.6606,-0.662,-0.1163,0.06757,-0.2433,-0.864,0.253,0.1866,0.6353,-0.0635,-0.5356,-0.1428,0.3862,0.0,0.0,-0.537,-0.6323,0.4382,0.0,-0.2424,0.08167,-0.566,-0.594,0.1952,0.3826,0.04187,-0.8647,-0.614,0.373,-0.6255,0.0,-0.1274,-0.6562,-0.662,0.0,0.0,-0.6626,0.0,-0.4297,0.3274,0.0,0.0,0.0,0.0,-0.1536,0.0,-1.0,-1.5,-0.1067,0.05872,0.0,1.0,-0.5,0.0,0.0,0.0,0.0,-0.577
-0.662,-0.661,-0.662,0.3535,-0.4087,-0.2678,-0.864,0.2764,-0.3325,0.4631,-0.06396,-1.743,-0.1428,0.3862,-1.0,0.0,-0.3904,-0.4802,0.3381,0.0,-0.2399,0.4507,-0.576,-0.594,-0.3267,0.389,0.10284,-1.003,-0.635,-0.8647,1.012,0.0,-0.2554,-0.657,-0.662,0.0,0.0,-0.663,0.0,-0.4368,0.03537,0.0,0.0,0.0,0.0,-0.2017,0.0,-1.0,-1.5,0.3435,-0.4026,0.0,2.0,-0.5,0.0,0.0,0.0,0.0,-0.7695
-0.6616,-0.6606,-0.662,-0.1683,0.1196,-0.2678,-0.864,0.1881,0.195,0.6333,-0.06415,-2.52,0.0,0.3862,0.0,0.0,-0.541,-0.6245,0.4507,0.0,-0.2374,-0.08984,-0.581,-0.596,0.1875,0.397,0.1932,1.147,-0.6533,-1.003,0.373,-0.6255,-0.513,-0.657,-0.6616,0.0,0.0,-0.6636,0.0,-0.4292,0.0973,0.0,0.0,0.0,0.0,0.2085,1.0,-0.5,-1.5,-0.10315,0.1672,1.0,0.0,-0.5,0.0,0.0,0.0,0.0,0.8086
-0.6616,-0.6606,-0.6616,-0.03015,-0.0207,-0.2678,-0.864,0.1522,0.03976,0.58,-0.0645,-0.406,0.1428,0.3862,0.0,0.0,-0.5,-0.5737,0.4258,0.0,-0.2349,-0.4224,-0.58,-0.601,0.01596,0.407,0.2478,-0.2502,-0.666,1.147,-0.8647,1.011,-0.1294,-0.657,-0.6616,0.0,0.0,-0.6636,0.0,-0.4312,0.0973,0.0,0.0,0.0,0.0,-0.05588,0.0,-0.5,-1.5,0.03387,0.0363,0.0,1.0,-0.5,0.0,0.0,0.0,0.0,-0.2126
-0.6606,-0.66,-0.661,-0.5015,0.4575,-0.2678,0.2637,0.1564,0.5205,0.7476,-0.06128,3.547,0.2856,0.3862,0.0,0.0,-0.637,-0.721,0.5386,0.0,-0.2323,0.2225,-0.5737,-0.605,0.5044,0.42,-0.0779,1.131,-0.6685,-0.2502,-1.003,0.3728,2.205,-0.6562,-0.6616,0.0,0.0,-0.663,0.0,-0.4236,0.3718,0.0,0.0,0.0,0.0,0.2297,0.0,-0.5,-1.0,-0.3674,0.5537,1.0,0.0,-0.5,0.0,0.0,0.0,0.0,0.878
-0.66,-0.659,-0.66,-0.7563,0.7163,-0.2678,0.2637,0.05682,0.778,0.8535,-0.0551,0.5864,0.4285,0.3862,0.0,0.0,-0.7305,-0.8022,0.6133,1.0,-0.2903,0.2023,-0.5522,-0.6025,0.728,0.4492,-0.0632,0.7397,-0.644,1.131,1.147,-0.8647,0.0,-0.6553,-0.661,0.0,0.0,-0.6626,0.0,-0.4187,0.5737,0.0,0.0,0.0,0.0,0.1498,1.0,0.0,-0.5,-0.5977,0.8193,2.0,0.0,-0.5,0.0,0.0,0.0,0.0,0.562
-0.659,-0.658,-0.6597,-0.5674,0.524,-0.2678,0.2637,0.03598,0.533,0.8,-0.04794,-0.1575,0.5713,0.3862,0.0,0.0,-0.69,-0.7544,0.5884,0.0,-0.2878,-0.614,-0.5264,-0.5933,0.512,0.4688,-0.0359,-0.2437,-0.635,0.7397,-0.2502,-1.003,0.0,-0.6553,-0.661,0.0,0.0,-0.6616,0.0,-0.4207,0.6504,0.0,0.0,0.0,0.0,-0.03632,1.0,0.0,-0.5,-0.4133,0.637,0.0,1.0,-0.5,0.0,0.0,0.0,0.0,-0.1345
-0.658,-0.6577,-0.6587,-0.7617,0.72,-0.2678,0.2637,0.1023,0.6914,0.8857,-0.03864,0.4104,0.7144,0.3862,0.0,0.0,-0.752,-0.8335,0.6133,1.0,-0.2903,0.3552,-0.4985,-0.579,0.7095,0.453,0.09235,0.6113,-0.621,-0.2437,1.131,1.147,-0.6255,-0.654,-0.6606,0.0,0.0,-0.661,0.0,-0.4165,0.778,1.0,0.0,0.0,0.0,0.149,1.0,0.5,0.0,-0.675,0.745,1.0,0.0,-0.5,0.0,0.0,0.0,0.0,0.5547
-0.657,-0.6562,-0.6577,-1.183,1.149,-0.2678,0.2637,-0.0962,1.183,1.071,-0.03204,0.812,0.7144,0.3862,0.0,0.0,-0.9126,-0.968,0.6133,1.0,-0.2903,0.16,-0.4524,-0.5483,1.034,0.3867,-0.03168,1.211,-0.5806,0.6113,0.7397,-0.2502,1.011,-0.651,-0.66,0.0,0.0,-0.66,0.0,-0.4087,0.652,0.0,0.0,0.0,0.0,0.5537,2.0,0.5,0.0,-1.014,1.231,2.0,0.0,-0.5,0.0,0.0,0.0,0.0,2.04
-0.655,-0.6543,-0.6553,-1.631,1.803,0.584,0.2637,0.04752,1.907,1.3955,-0.01932,0.8467,0.7144,0.3862,0.0,0.0,-1.137,-1.234,0.6133,1.0,-0.2903,1.807,-0.4058,-0.5127,1.847,0.2274,-0.0464,2.018,-0.503,1.211,-0.2435,1.13,0.3728,-0.6475,-0.659,0.0,0.0,-0.6587,0.0,-0.3943,0.9243,1.0,0.0,0.0,0.0,0.5693,2.0,0.5,0.5,-1.384,2.031,3.0,0.0,-0.5,0.0,0.0,0.0,0.0,2.055
-0.6533,-0.6523,-0.654,-1.54,1.523,0.584,0.2637,0.0733,1.652,1.317,-0.007835,-0.04443,0.7144,0.3862,0.0,0.0,-1.079,-1.178,0.578,0.0,-0.2878,-0.349,-0.368,-0.4783,1.532,0.2537,0.1785,-0.3442,-0.459,2.018,0.6113,0.7397,-0.8643,-0.6445,-0.6587,0.0,0.0,-0.657,0.0,-0.3972,0.819,1.0,0.0,0.0,0.0,-0.04855,1.0,0.5,0.5,-1.272,1.684,0.0,1.0,-0.5,0.0,0.0,0.0,0.0,-0.1696
-0.651,-0.65,-0.6514,-1.631,1.803,0.584,0.2637,0.1677,1.907,1.481,0.01169,0.5977,0.7144,0.3862,0.0,0.0,-1.156,-1.333,0.6133,1.0,-0.2903,1.571,-0.338,-0.4446,1.872,0.1255,0.4329,1.963,-0.386,-0.3442,1.21,-0.2435,-1.003,-0.6406,-0.6577,0.0,0.0,-0.6553,0.0,-0.3828,1.177,1.0,0.0,0.0,0.0,0.2296,2.0,1.0,1.0,-1.384,2.045,1.0,0.0,-0.5,0.0,0.0,0.0,0.0,0.806
-0.648,-0.647,-0.6484,-1.631,1.803,0.584,0.2637,0.0657,1.907,1.481,0.03168,0.2495,0.7144,0.3862,0.0,0.0,-1.156,-1.333,0.6133,1.0,-0.2903,-0.1053,-0.303,-0.4072,1.872,0.0718,0.3823,1.006,-0.318,1.963,2.018,0.6113,1.147,-0.636,-0.6567,0.0,0.0,-0.653,0.0,-0.3752,1.186,1.0,0.0,0.0,0.0,0.1868,2.0,1.0,1.0,-1.384,2.045,2.0,0.0,-0.5,0.0,0.0,0.0,0.0,0.635
-0.646,-0.645,-0.6465,-1.631,1.803,0.584,0.2637,0.01099,1.907,1.481,0.0493,-0.03137,0.7144,0.3862,0.0,0.0,-1.156,-1.333,0.5796,0.0,-0.2878,-0.3953,-0.2532,-0.361,1.872,0.1356,0.563,-0.3298,-0.2834,1.006,-0.3442,1.21,-0.25,-0.6323,-0.656,0.0,0.0,-0.651,0.0,-0.3784,1.06,1.0,0.0,0.0,0.0,-0.121,1.0,1.0,0.5,-1.384,2.045,0.0,1.0,-0.5,0.0,0.0,0.0,0.0,-0.4045
-0.643,-0.642,-0.6436,-1.631,1.803,0.584,0.2637,0.11725,1.907,1.481,0.07324,0.2612,0.7144,0.3862,0.0,0.0,-1.156,-1.333,0.6133,1.0,-0.2903,1.484,-0.193,-0.31,1.872,0.122,0.5107,1.105,-0.2206,-0.3298,1.962,2.016,1.13,-0.628,-0.6543,0.0,0.0,-0.649,0.0,-0.37,1.374,1.0,0.0,0.0,0.0,0.3293,1.0,1.0,1.0,-1.384,2.045,1.0,0.0,-0.5,0.0,0.0,0.0,0.0,1.107
-0.6416,-0.6406,-0.642,-1.4,1.406,0.584,0.2637,0.3286,1.388,1.481,0.09546,-0.3088,0.857,0.3862,0.0,0.0,-1.156,-1.333,0.4685,0.0,-0.2878,0.8066,-0.132,-0.2583,1.359,0.1803,0.523,-1.411,-0.1989,1.105,1.006,-0.3442,0.7393,-0.625,-0.653,0.0,0.0,-0.647,0.0,-0.3816,1.211,1.0,0.0,0.0,0.0,-0.5107,1.0,0.5,1.0,-1.075,1.641,0.0,1.0,-0.5,0.0,0.0,0.0,0.0,-1.687
-0.64,-0.639,-0.6406,-1.346,1.35,0.584,0.2637,0.373,1.236,1.481,0.1148,0.03284,0.857,0.3862,0.0,0.0,-1.156,-1.333,0.4907,0.0,-0.2854,0.7983,-0.07855,-0.2101,1.2295,0.2273,0.664,0.2223,-0.1825,-1.411,-0.3298,1.962,-0.2435,-0.6235,-0.6514,0.0,0.0,-0.6455,0.0,-0.3804,1.152,1.0,0.0,0.0,0.0,0.062,1.0,1.0,1.0,-1.026,1.582,1.0,0.0,-0.5,0.0,0.0,0.0,0.0,0.2097
-0.638,-0.637,-0.6387,-1.434,1.437,0.584,0.2637,0.4038,1.228,1.481,0.1367,0.1359,0.857,0.3862,0.0,0.0,-1.156,-1.333,0.5464,0.0,-0.2827,0.0399,-0.03122,-0.1649,1.247,0.2786,0.666,0.5537,-0.1741,0.2223,1.105,1.006,0.6113,-0.6216,-0.65,0.0,0.0,-0.6436,0.0,-0.3765,1.26,1.0,0.0,0.0,0.0,0.1434,1.0,1.0,1.5,-1.136,1.64,2.0,0.0,-0.5,0.0,0.0,0.0,0.0,0.4832
-0.6367,-0.6357,-0.637,-1.193,1.188,0.584,0.2637,0.3599,0.874,1.481,0.1544,-0.1459,0.857,0.3862,0.0,0.0,-1.156,-1.333,0.5244,0.0,-0.2803,-0.5474,0.003357,-0.124,0.9355,0.3184,0.563,-0.2195,-0.1678,0.5537,-1.411,-0.3296,1.21,-0.621,-0.6484,0.0,0.0,-0.6416,0.0,-0.3782,1.116,1.0,0.0,0.0,0.0,-0.04205,1.0,0.5,1.0,-0.931,1.371,0.0,1.0,-0.5,0.0,0.0,0.0,0.0,-0.1404
-0.636,-0.6353,-0.6367,-0.547,0.5303,0.584,0.2637,0.4495,0.09515,1.423,0.1663,-0.7207,0.857,0.3862,0.0,0.0,-1.12,-1.295,0.4016,0.0,-0.2778,0.53,0.02792,-0.0883,0.1608,0.3523,0.2878,-1.212,-0.1766,-0.2195,0.2223,1.105,2.016,-0.622,-0.6475,0.0,0.0,-0.6406,0.0,-0.388,0.708,0.0,0.0,0.0,0.0,-0.339,0.0,0.0,0.5,-0.2637,0.7856,0.0,2.0,-0.5,0.0,0.0,0.0,0.0,-1.136
-0.6357,-0.635,-0.636,-0.0896,0.0629,0.584,0.02603,0.624,-0.4863,1.251,0.1761,-2.89,0.7144,0.3862,-1.0,0.0,-0.9814,-1.179,0.3123,0.0,-0.2751,1.0205,0.03366,-0.0598,-0.3777,0.373,0.374,-0.8994,-0.2056,-1.212,0.5537,-1.41,-0.3442,-0.623,-0.6465,0.0,0.0,-0.639,0.0,-0.395,0.5464,0.0,0.0,0.0,0.0,-0.2156,0.0,0.0,0.5,0.1909,0.3508,0.0,3.0,-0.5,0.0,0.0,0.0,0.0,-0.7373
-0.6353,-0.635,-0.6357,-0.2205,0.1873,0.584,0.02603,0.609,-0.4492,1.293,0.185,0.03357,0.5713,0.3862,-1.0,0.0,-1.014,-1.21,0.3457,0.0,-0.2727,0.243,0.02371,-0.0388,-0.3374,0.3992,0.02927,0.3423,-0.2573,-0.8994,-0.2194,0.2223,1.962,-0.625,-0.6455,0.0,0.0,-0.6377,0.0,-0.3928,0.5186,0.0,0.0,0.0,0.0,0.0743,0.0,0.0,0.5,0.02763,0.43,1.0,0.0,-0.5,0.0,0.0,0.0,0.0,0.2578
-0.6353,-0.635,-0.6357,0.162,-0.2056,0.584,0.02603,0.5615,-0.8955,1.141,0.1875,1.608,0.4285,0.3862,-1.0,0.0,-0.9053,-1.086,0.2678,0.0,-0.2703,-0.6626,0.01715,-0.02226,-0.901,0.4382,-0.1766,-0.7944,-0.3013,0.3423,-1.211,0.5537,1.006,-0.6265,-0.644,0.0,0.0,-0.636,0.0,-0.399,0.1893,0.0,0.0,0.0,0.0,-0.1566,-1.0,-0.5,0.0,0.3337,-0.01639,0.0,1.0,-0.5,0.0,0.0,0.0,0.0,-0.5405
-0.6357,-0.635,-0.6357,0.21,-0.2554,0.584,0.02603,0.373,-0.943,1.1045,0.1829,0.2095,0.2856,0.3862,-1.0,0.0,-0.8955,-1.039,0.2566,0.0,-0.2676,-0.3513,-0.00497,-0.01814,-0.971,0.4417,-0.1641,-0.115,-0.3596,-0.7944,-0.899,-0.2194,-0.3296,-0.628,-0.643,0.0,0.0,-0.6353,0.0,-0.4001,-0.1853,0.0,0.0,0.0,0.0,-0.03177,-1.0,-0.5,-0.5,0.368,-0.0774,0.0,2.0,-1.0,0.0,0.0,0.0,0.0,-0.11115
-0.636,-0.6353,-0.636,0.6724,-0.7183,0.584,0.02603,0.724,-1.407,0.916,0.1769,0.7583,0.1428,0.3862,-1.0,0.0,-0.7197,-0.9185,0.1561,0.0,-0.2651,3.135,-0.05438,-0.03027,-1.352,0.418,-0.4204,-1.037,-0.3997,-0.115,0.3423,-1.211,1.1045,-0.631,-0.6426,0.0,0.0,-0.6343,0.0,-0.4084,-0.3171,0.0,0.0,0.0,0.0,-0.562,-1.0,-1.0,-0.5,0.7563,-0.5854,0.0,3.0,-1.0,0.0,0.0,0.0,0.0,-1.97
-0.637,-0.636,-0.6377,1.272,-1.319,0.584,-0.4998,0.7183,-1.931,0.671,0.1599,0.5874,0.0,0.3862,-1.0,0.0,-0.5244,-0.7085,0.02231,0.0,-0.2627,0.8257,-0.1344,-0.0582,-1.743,0.3596,-0.2334,-1.407,-0.4133,-1.037,-0.7944,-0.899,-1.41,-0.6343,-0.642,0.0,0.0,-0.6343,0.0,-0.4192,-1.013,0.0,0.0,0.0,0.0,-0.9653,-1.0,-1.0,-1.0,1.342,-1.155,0.0,4.0,-1.0,0.0,0.0,0.0,0.0,-3.443
-0.638,-0.637,-0.6387,1.004,-1.041,0.584,-0.4998,0.8594,-1.604,0.718,0.1407,-0.0545,-0.1428,0.3862,-1.0,0.0,-0.5503,-0.7627,0.0558,0.0,-0.26,1.775,-0.2261,-0.09717,-1.438,0.329,-0.3596,0.3604,-0.4377,-1.407,-0.115,0.3423,0.2222,-0.6367,-0.6416,0.0,0.0,-0.634,0.0,-0.417,-1.224,0.0,1.0,0.0,0.0,0.11365,-1.0,-1.0,-1.0,1.086,-0.884,1.0,0.0,-1.0,0.0,0.0,0.0,0.0,0.4153
-0.6387,-0.6377,-0.639,0.9233,-0.957,0.584,-0.4998,0.888,-1.452,0.7065,0.1227,0.0313,-0.2856,0.3862,-1.0,0.0,-0.5386,-0.756,0.0558,0.0,-0.2576,0.00896,-0.3093,-0.1455,-1.316,0.3027,-0.5464,0.0,-0.452,0.3604,-1.037,-0.794,0.553,-0.6387,-0.641,0.0,0.0,-0.634,0.0,-0.4172,-1.183,0.0,1.0,0.0,0.0,0.0,-1.0,-1.5,-1.0,0.9478,-0.869,0.0,0.0,-1.0,0.0,0.0,0.0,0.0,0.0
-0.6396,-0.6387,-0.64,1.121,-1.16,0.584,-0.4998,0.802,-1.522,0.599,0.09906,0.2007,-0.4285,0.3862,-1.0,0.0,-0.458,-0.6533,0.0,0.0,-0.2551,0.02351,-0.37,-0.1936,-1.396,0.26,-0.597,-0.5967,-0.4373,0.0,-1.407,-0.115,-0.2194,-0.641,-0.641,0.0,0.0,-0.634,0.0,-0.4216,-1.663,0.0,1.0,0.0,0.0,-0.1677,-1.0,-1.5,-1.5,1.087,-1.12,0.0,1.0,-1.0,0.0,0.0,0.0,0.0,-0.609
-0.64,-0.639,-0.6406,0.4353,-0.4678,0.13,-0.4998,0.6274,-0.7817,0.8,0.0841,-0.4346,-0.5713,0.3862,-1.0,0.0,-0.6367,-0.811,0.1227,0.0,-0.2524,0.944,-0.3955,-0.2417,-0.656,0.2336,-0.4646,1.326,-0.4268,-0.5967,0.36,-1.037,-1.211,-0.642,-0.6406,0.0,0.0,-0.6343,0.0,-0.4126,-1.02,0.0,0.0,0.0,0.0,0.2737,0.0,-1.0,-1.0,0.4968,-0.3774,1.0,0.0,-1.0,0.0,0.0,0.0,0.0,1.004
-0.6406,-0.6396,-0.641,0.566,-0.6006,0.13,-0.4998,0.686,-0.809,0.7285,0.0672,0.1885,-0.7144,0.3862,-1.0,0.0,-0.5747,-0.756,0.08923,0.0,-0.25,1.4375,-0.3877,-0.2915,-0.712,0.2102,-0.349,-0.3538,-0.4143,1.326,0.0,-1.406,-0.899,-0.643,-0.64,0.0,0.0,-0.635,0.0,-0.4153,-1.148,0.0,1.0,0.0,0.0,-0.077,0.0,-1.0,-1.5,0.609,-0.5205,0.0,1.0,-1.0,0.0,0.0,0.0,0.0,-0.2764
-0.6406,-0.6396,-0.641,0.26,-0.2964,0.13,-0.4998,0.645,-0.3804,0.814,0.05063,-0.5347,-0.857,0.3862,-1.0,0.0,-0.6465,-0.8247,0.145,0.0,-0.2474,-0.01378,-0.3555,-0.341,-0.3206,0.1877,-0.454,0.5933,-0.4124,-0.3538,-0.5967,0.36,0.3423,-0.6436,-0.639,0.0,0.0,-0.6353,0.0,-0.4111,-1.148,0.0,1.0,0.0,0.0,0.07855,0.0,-1.0,-1.5,0.3408,-0.1985,1.0,0.0,-1.0,0.0,0.0,0.0,0.0,0.2834
-0.641,-0.6406,-0.6416,0.832,-0.8794,-0.726,-0.4998,0.7905,-0.8296,0.591,0.03088,2.0,-1.0,0.3862,-1.0,0.0,-0.4521,-0.645,0.02231,0.0,-0.245,0.664,-0.3164,-0.382,-0.8423,0.167,-0.3447,-1.292,-0.4114,0.5933,1.326,0.0,-0.794,-0.6436,-0.639,0.0,0.0,-0.6367,0.0,-0.4207,-1.273,0.0,1.0,0.0,0.0,-0.2009,0.0,-1.0,-1.5,0.8853,-0.7676,0.0,1.0,-1.0,0.0,0.0,0.0,0.0,-0.7183
-0.642,-0.6416,-0.6426,1.095,-1.147,-0.726,-0.4998,0.81,-1.015,0.4668,0.013466,0.428,-1.143,0.3862,-1.0,0.0,-0.3457,-0.5347,-0.04462,0.0,-0.2424,0.03537,-0.272,-0.3994,-0.996,0.128,-0.37,-0.7207,-0.4033,-1.292,-0.3538,-0.5967,-0.1149,-0.644,-0.6387,0.0,0.0,-0.638,0.0,-0.426,-1.208,0.0,1.0,0.0,0.0,-0.2362,0.0,-1.0,-1.5,1.123,-1.042,0.0,2.0,-1.0,0.0,0.0,1.0,-3.34,-0.863
-0.643,-0.642,-0.6436,0.8926,-0.944,-0.726,-0.4998,0.813,-0.7783,0.4973,0.0,-0.1454,-1.143,0.3862,-1.0,0.0,-0.3713,-0.563,-0.02231,0.0,-0.2399,1.332,-0.2358,-0.3955,-0.776,0.1063,-0.2377,0.243,-0.4268,-0.7207,0.5933,1.326,-1.036,-0.6445,-0.6387,0.0,0.0,-0.6396,0.0,-0.4246,-1.002,0.0,0.0,0.0,0.0,0.05908,0.0,-0.5,-1.0,0.9277,-0.8467,1.0,0.0,-1.0,0.0,0.0,0.0,0.0,0.2184
-0.6436,-0.6426,-0.644,0.7095,-0.7627,-0.726,-0.4998,0.773,-0.5356,0.529,-0.01369,-0.2585,-1.143,0.3862,-1.0,0.0,-0.4014,-0.5874,0.0,0.0,-0.2374,0.02351,-0.2148,-0.3774,-0.5786,0.0895,-0.01906,0.2422,-0.436,0.243,-1.292,-0.3538,-1.406,-0.6445,-0.638,0.0,0.0,-0.6406,0.0,-0.423,-1.042,0.0,1.0,0.0,0.0,0.04446,1.0,0.0,-1.0,0.726,-0.7,2.0,0.0,-1.0,0.0,0.0,0.0,0.0,0.1637
-0.643,-0.6426,-0.6436,-0.1356,0.0922,-0.2218,-0.4998,0.929,0.377,0.8076,-0.01952,-2.236,-1.0,0.3862,0.0,0.0,-0.616,-0.8467,0.1674,0.0,-0.2349,2.5,-0.2239,-0.3552,0.3171,0.0831,-0.0863,1.809,-0.464,0.2422,-0.72,0.5933,0.36,-0.644,-0.638,0.0,0.0,-0.6416,0.0,-0.4106,-0.3755,0.0,0.0,0.0,0.0,0.619,1.0,0.0,-0.5,0.01348,0.2336,3.0,0.0,-1.0,0.0,0.0,0.0,0.0,2.271
-0.643,-0.642,-0.6436,-0.00852,-0.03934,-0.2218,-0.4998,0.997,0.3025,0.7583,-0.026,-0.02301,-0.857,0.3862,0.0,0.0,-0.571,-0.811,0.145,0.0,-0.2323,0.3025,-0.2554,-0.3337,0.2291,0.07776,-0.0653,-0.234,-0.512,1.809,0.243,-1.292,0.0,-0.644,-0.6377,0.0,0.0,-0.6426,0.0,-0.4126,-0.3987,0.0,0.0,0.0,0.0,-0.0607,1.0,0.0,-0.5,0.092,0.05902,0.0,1.0,-1.0,0.0,0.0,0.0,0.0,-0.2161
-0.6426,-0.642,-0.643,-0.2507,0.2056,-0.2218,-0.4998,0.731,0.5776,0.843,-0.02728,0.8657,-0.7144,0.3862,0.0,0.0,-0.662,-0.858,0.2008,0.0,-0.2299,0.442,-0.2947,-0.3145,0.597,0.0623,0.05658,0.5874,-0.5664,-0.234,0.2421,-0.72,-0.5967,-0.6436,-0.6377,0.0,0.0,-0.6436,0.0,-0.4084,-0.02786,0.0,0.0,0.0,0.0,0.1261,2.0,0.5,0.0,-0.1802,0.2524,1.0,0.0,-1.0,0.0,0.0,0.0,0.0,0.4507
-0.6416,-0.6406,-0.642,-0.9014,0.871,-0.2218,-0.4998,0.726,1.265,1.099,-0.01877,1.23,-0.5713,0.3862,0.0,0.0,-0.86,-1.068,0.357,0.0,-0.2273,1.002,-0.3335,-0.3079,1.261,0.0899,-0.1367,1.629,-0.5757,0.5874,1.809,0.243,1.325,-0.641,-0.637,0.0,0.0,-0.6436,0.0,-0.397,0.665,0.0,0.0,0.0,0.0,0.4963,2.0,0.5,0.5,-0.7344,0.9727,2.0,0.0,-1.0,0.0,0.0,0.0,0.0,1.757
-0.6406,-0.64,-0.641,-0.6562,0.6245,-0.2218,-0.4998,0.564,0.9863,1.028,-0.012634,-0.07806,-0.4285,0.3862,0.0,0.0,-0.8213,-0.996,0.3235,0.0,-0.2247,-0.3635,-0.3792,-0.3113,0.9595,0.1146,-0.02957,-0.3398,-0.5737,1.629,-0.234,0.2421,-0.3538,-0.6387,-0.637,0.0,0.0,-0.6436,0.0,-0.3997,0.5044,0.0,0.0,0.0,0.0,-0.0883,1.0,0.5,0.0,-0.4866,0.748,0.0,1.0,-1.0,0.0,0.0,0.0,0.0,-0.3042
-0.64,-0.639,-0.6406,-0.4814,0.4497,-0.2218,-0.4998,0.6426,0.777,0.978,-0.007217,-0.066,-0.2856,0.3862,0.0,0.0,-0.7754,-0.962,0.3013,0.0,-0.2222,0.7173,-0.4285,-0.3252,0.7505,0.1329,-0.0905,-0.2278,-0.581,-0.3398,0.5874,1.808,0.593,-0.636,-0.6377,0.0,0.0,-0.6436,0.0,-0.4019,0.4373,0.0,0.0,0.0,0.0,-0.0662,0.0,0.0,0.0,-0.341,0.5547,0.0,2.0,-1.0,0.0,0.0,0.0,0.0,-0.2294
-0.6396,-0.6387,-0.64,-0.2236,0.1879,-0.2218,-0.4998,0.608,0.4487,0.8896,-0.001308,-0.2605,-0.1428,0.3862,0.0,0.0,-0.7095,-0.8853,0.2566,0.0,-0.2197,-0.1962,-0.4653,-0.3557,0.4197,0.1531,0.17,-0.4573,-0.5825,-0.2278,1.629,-0.234,-1.292,-0.6343,-0.638,0.0,0.0,-0.6436,0.0,-0.4053,0.4705,0.0,0.0,0.0,0.0,-0.08044,0.0,0.0,0.0,-0.1395,0.2517,0.0,3.0,-1.0,0.0,0.0,0.0,0.0,-0.2798
-0.6396,-0.6387,-0.64,-0.0888,0.05035,-0.2218,-0.4998,0.4792,0.2917,0.839,-0.000536,-0.1624,0.0,0.3862,0.0,0.0,-0.681,-0.83,0.2343,0.0,-0.2172,-0.658,-0.4937,-0.3962,0.2634,0.1615,0.3403,-0.2305,-0.585,-0.4573,-0.3398,0.5874,-0.72,-0.634,-0.638,0.0,0.0,-0.6436,0.0,-0.4072,0.1582,0.0,0.0,0.0,0.0,-0.02872,-1.0,0.0,-0.5,-0.01807,0.1101,0.0,4.0,-1.0,0.0,0.0,0.0,0.0,-0.10065
-0.639,-0.638,-0.6396,-0.1687,0.1301,-0.2218,-0.4998,0.3455,0.3442,0.8643,0.002151,0.2844,0.1428,0.3862,0.0,0.0,-0.7134,-0.839,0.2566,0.0,-0.2146,-0.0412,-0.5117,-0.4402,0.3457,0.1677,0.3508,0.2313,-0.578,-0.2305,-0.2278,1.628,0.2429,-0.6333,-0.639,0.0,0.0,-0.6436,0.0,-0.4058,0.312,0.0,0.0,0.0,0.0,0.04495,-1.0,0.0,0.0,-0.11163,0.1688,1.0,0.0,-1.0,0.0,0.0,0.0,0.0,0.1582
-0.6396,-0.6387,-0.6396,0.322,-0.3655,-0.2218,0.1891,0.5137,-0.1766,0.682,-0.0001186,-1.101,0.1428,0.3862,-1.0,0.0,-0.5522,-0.6987,0.1561,0.0,-0.2122,1.403,-0.5195,-0.4734,-0.1697,0.1687,0.3613,-1.037,-0.584,0.2313,-0.4573,-0.3396,0.242,-0.634,-0.6396,0.0,0.0,-0.643,0.0,-0.4136,-0.109,0.0,0.0,0.0,0.0,-0.2932,-1.0,-0.5,-0.5,0.339,-0.332,0.0,1.0,-1.0,0.0,0.0,0.0,0.0,-1.027
-0.639,-0.638,-0.6396,-0.2064,0.1694,-0.2218,0.1891,0.5337,0.306,0.8604,0.005356,-8.46,0.2856,0.3862,0.0,0.0,-0.6934,-0.8535,0.2678,0.0,-0.2096,1.349,-0.5156,-0.5034,0.3528,0.1776,0.0755,1.173,-0.581,-1.037,-0.2305,-0.2278,1.808,-0.6343,-0.6396,0.0,0.0,-0.6426,0.0,-0.4055,0.4963,0.0,0.0,0.0,0.0,0.464,0.0,-0.5,0.0,-0.136,0.2197,1.0,0.0,-1.0,0.0,0.0,0.0,0.0,1.655
-0.6396,-0.6387,-0.64,0.6006,-0.649,-0.2218,0.1891,0.7515,-0.605,0.565,0.007732,-2.229,0.2856,0.3862,-1.0,0.0,-0.4338,-0.6177,0.1004,0.0,-0.207,2.068,-0.497,-0.529,-0.6006,0.1989,0.1365,-1.726,-0.584,1.173,0.2313,-0.4573,-0.2339,-0.6357,-0.6406,0.0,0.0,-0.6426,0.0,-0.4187,0.1982,0.0,0.0,0.0,0.0,-0.885,0.0,-0.5,0.0,0.708,-0.4954,0.0,1.0,-1.0,0.0,0.0,0.0,0.0,-3.094
-0.6406,-0.6396,-0.6406,1.042,-1.098,-0.2218,-0.2107,0.715,-1.127,0.385,0.006165,1.3125,0.2856,0.3862,-1.0,0.0,-0.2837,-0.45,0.0,0.0,-0.2046,0.02353,-0.486,-0.543,-1.094,0.1958,0.02296,-1.065,-0.584,-1.726,-1.037,-0.2303,0.5874,-0.6377,-0.6416,0.0,0.0,-0.6426,0.0,-0.4268,-0.08966,0.0,0.0,0.0,0.0,-0.3467,0.0,-1.0,-0.5,1.173,-0.885,0.0,2.0,-1.0,0.0,0.0,1.0,-3.82,-1.249
-0.641,-0.64,-0.6416,0.738,-0.7905,-0.2218,-0.2107,0.6787,-0.914,0.4512,0.005203,-0.08746,0.2856,0.3862,-1.0,0.0,-0.344,-0.508,0.04462,0.0,-0.202,-0.149,-0.484,-0.552,-0.85,0.192,-0.309,0.4822,-0.579,-1.065,1.173,0.2312,1.628,-0.639,-0.642,0.0,0.0,-0.6426,0.0,-0.4236,-0.04385,0.0,0.0,0.0,0.0,0.1497,0.0,-1.0,-0.5,0.817,-0.657,1.0,0.0,-1.0,0.0,0.0,0.0,0.0,0.549
-0.642,-0.641,-0.6426,1.063,-1.119,-0.2218,-0.2107,0.5283,-1.243,0.3098,-0.003933,0.5947,0.1428,0.3862,-1.0,0.0,-0.2345,-0.3616,-0.03348,0.0,-0.1995,0.0324,-0.4917,-0.557,-1.183,0.1787,-0.305,-0.8374,-0.567,0.4822,-1.725,-1.037,-0.3396,-0.641,-0.6426,0.0,0.0,-0.643,0.0,-0.43,-0.597,0.0,0.0,0.0,0.0,-0.2756,0.0,-1.0,-1.0,1.158,-0.944,0.0,1.0,-1.0,0.0,0.0,0.0,0.0,-1.002
-0.642,-0.641,-0.6426,0.3816,-0.427,-0.2218,-0.2107,0.558,-0.5938,0.509,-0.00818,-0.4885,0.0,0.3862,-1.0,0.0,-0.404,-0.549,0.08923,0.0,-0.197,1.277,-0.508,-0.559,-0.522,0.1711,-0.33,1.334,-0.5654,-0.8374,-1.065,1.172,-0.2277,-0.6426,-0.643,0.0,0.0,-0.643,0.0,-0.4207,-0.2534,0.0,0.0,0.0,0.0,0.3499,0.0,-0.5,-0.5,0.5493,-0.2255,1.0,0.0,-1.0,0.0,0.0,0.0,0.0,1.291
-0.6426,-0.6416,-0.643,0.518,-0.5645,-0.2218,-0.2107,0.5303,-0.7134,0.4424,-0.01567,0.4172,-0.1428,0.3862,-1.0,0.0,-0.3499,-0.4854,0.0558,0.0,-0.1945,0.00894,-0.5435,-0.559,-0.6597,0.1644,-0.286,-0.356,-0.5684,1.334,0.4822,-1.725,-0.4573,-0.643,-0.6436,0.0,0.0,-0.643,0.0,-0.4233,-0.445,0.0,0.0,0.0,0.0,-0.07135,0.0,-0.5,-1.0,0.6104,-0.434,0.0,1.0,-1.0,0.0,0.0,0.0,0.0,-0.2573
-0.642,-0.641,-0.6426,-0.2463,0.2069,-0.2218,-0.2107,0.4333,0.1434,0.6953,-0.02354,-1.428,-0.1428,0.3862,0.0,0.0,-0.5703,-0.7026,0.2119,0.0,-0.1919,1.376,-0.5703,-0.5596,0.2104,0.1494,-0.2817,1.671,-0.583,-0.356,-0.837,-1.065,-0.2303,-0.6436,-0.6436,0.0,0.0,-0.6426,0.0,-0.4116,-0.445,0.0,0.0,0.0,0.0,0.4521,1.0,0.0,-1.0,-0.04602,0.3955,1.0,0.0,-1.0,-0.5,0.0,0.0,0.0,1.642
-0.642,-0.6416,-0.6426,0.253,-0.2996,-0.2218,-0.2107,0.548,-0.2961,0.514,-0.0337,-1.722,-0.2856,0.3862,-1.0,0.0,-0.4094,-0.5527,0.1116,0.0,-0.1895,0.4717,-0.5825,-0.5615,-0.2426,0.1375,-0.328,-1.045,-0.597,1.671,1.334,0.4822,0.2312,-0.6436,-0.6436,0.0,0.0,-0.642,0.0,-0.4197,-0.56,0.0,0.0,0.0,0.0,-0.2094,0.0,-0.5,-1.0,0.472,-0.05212,0.0,1.0,-1.0,-0.5,0.0,0.0,0.0,-0.7393
-0.642,-0.6416,-0.6426,0.0844,-0.1313,-0.2218,-0.2107,0.4482,-0.0656,0.5586,-0.04214,-1.254,-0.2856,0.3862,0.0,0.0,-0.4558,-0.583,0.145,0.0,-0.1869,-0.1719,-0.5786,-0.566,-0.01309,0.1257,-0.1661,0.3545,-0.6104,-1.045,-0.356,-0.837,-1.036,-0.6426,-0.6436,0.0,0.0,-0.6416,0.0,-0.4172,-0.4458,0.0,0.0,0.0,0.0,0.05194,1.0,0.0,-0.5,0.3064,0.10657,1.0,0.0,-1.0,-0.5,0.0,0.0,0.0,0.1868
-0.6426,-0.6416,-0.6426,0.2448,-0.2952,-0.2622,-0.2107,0.4343,-0.1853,0.4912,-0.04993,-2.51,-0.4285,0.3862,-1.0,0.0,-0.4,-0.521,0.1116,0.0,-0.1843,-0.4824,-0.5664,-0.572,-0.1506,0.1189,-0.3784,-0.3525,-0.6084,0.3545,1.671,1.334,1.172,-0.642,-0.643,0.0,0.0,-0.6416,0.0,-0.42,-0.4268,0.0,0.0,0.0,0.0,-0.06064,0.0,-0.5,-0.5,0.466,-0.04572,0.0,1.0,-1.0,-0.5,0.0,0.0,0.0,-0.2167
-0.6426,-0.6416,-0.643,0.445,-0.4983,-0.2622,-0.2107,0.511,-0.3552,0.4058,-0.05832,2.797,-0.5713,0.3862,-1.0,0.0,-0.3198,-0.4497,0.06696,0.0,-0.1818,0.00607,-0.553,-0.579,-0.3538,0.1137,-0.0926,-0.4727,-0.604,-0.3525,-1.045,-0.356,-1.725,-0.641,-0.643,0.0,0.0,-0.642,0.0,-0.4233,-0.4648,0.0,0.0,0.0,0.0,-0.06174,0.0,-0.5,-0.5,0.67,-0.2297,0.0,2.0,-1.0,-0.5,0.0,0.0,0.0,-0.222
-0.643,-0.6426,-0.6436,0.738,-0.7954,-0.2622,-0.2107,0.5703,-0.6094,0.284,-0.0695,1.304,-0.7144,0.3862,-1.0,0.0,-0.2076,-0.341,0.0,0.0,-0.1793,0.348,-0.5396,-0.591,-0.65,0.10394,0.0902,-0.715,-0.5933,-0.4727,0.3545,1.671,-1.065,-0.6416,-0.643,0.0,0.0,-0.6426,0.0,-0.4287,-0.6206,0.0,0.0,0.0,0.0,-0.11475,-1.0,-0.5,-1.0,0.9307,-0.5386,0.0,3.0,-1.0,-0.5,0.0,0.0,0.0,-0.4158
-0.644,-0.6436,-0.6445,1.066,-1.127,-0.5464,-0.2107,0.4902,-0.9316,0.145,-0.0796,0.858,-0.7144,0.3862,-1.0,0.0,-0.0895,-0.1993,-0.07806,0.0,-0.1768,0.209,-0.5244,-0.5913,-0.991,0.09155,0.006153,-0.844,-0.5923,-0.715,-0.3523,-1.045,0.482,-0.6426,-0.6436,0.0,0.0,-0.6436,0.0,-0.4348,-0.587,0.0,0.0,0.0,0.0,-0.1442,-1.0,-1.0,-1.0,1.226,-0.882,0.0,4.0,-1.0,-0.5,0.0,0.0,0.0,-0.529
-0.6455,-0.6445,-0.646,1.605,-1.671,-0.5464,-0.693,0.503,-1.406,-0.067,-0.0972,0.7803,-0.857,0.3862,-1.0,0.0,0.1105,0.012146,-0.2008,0.0,-0.1742,1.089,-0.499,-0.5757,-1.454,0.05612,0.1301,-1.346,-0.566,-0.844,-0.4727,0.3545,-0.837,-0.6455,-0.644,0.0,0.0,-0.645,0.0,-0.4443,-1.028,0.0,0.0,0.0,0.0,-0.4329,-2.0,-1.0,-1.5,1.714,-1.439,0.0,5.0,-1.0,0.0,0.0,0.0,0.0,-1.61
-0.6465,-0.646,-0.647,1.235,-1.296,-0.5464,-0.693,0.274,-1.078,0.001198,-0.10785,-0.1356,-0.857,0.3862,-1.0,0.0,0.02496,-0.03546,-0.1561,0.0,-0.1718,-0.101,-0.4707,-0.5493,-1.046,0.01991,-0.1326,0.5005,-0.558,-1.346,-0.715,-0.3523,1.334,-0.6475,-0.6445,0.0,0.0,-0.646,0.0,-0.4412,-0.6816,0.0,0.0,0.0,0.0,0.1263,-1.0,-1.0,-1.0,1.332,-1.105,1.0,0.0,-1.0,0.0,0.0,0.0,0.0,0.481
-0.648,-0.647,-0.648,1.303,-1.363,-0.5464,-0.693,0.2284,-1.186,-0.06125,-0.1161,0.2656,-0.857,0.3862,-1.0,0.0,0.0803,0.03247,-0.1896,0.0,-0.1692,-0.2607,-0.4458,-0.523,-1.125,0.0003383,-0.1157,-0.3723,-0.545,0.5005,-0.8438,-0.4727,-0.3557,-0.65,-0.645,0.0,0.0,-0.647,0.0,-0.444,-0.567,0.0,0.0,0.0,0.0,-0.1128,-1.0,-1.0,-1.0,1.391,-1.177,0.0,1.0,-1.0,0.0,0.0,0.0,0.0,-0.4255
-0.649,-0.648,-0.649,1.192,-1.25,-0.5464,-0.693,0.2135,-1.101,-0.0664,-0.1255,0.05533,-0.857,0.3862,-1.0,0.0,0.0839,0.0392,-0.1896,0.0,-0.1666,-0.2607,-0.4268,-0.4993,-1.047,-0.01539,-0.4563,0.0,-0.536,-0.3723,-1.345,-0.7144,1.67,-0.652,-0.645,0.0,0.0,-0.648,0.0,-0.444,-0.693,0.0,0.0,0.0,0.0,0.0,-1.0,-1.5,-1.5,1.242,-1.113,0.0,0.0,-1.0,0.0,0.0,0.0,0.0,0.0
-0.65,-0.649,-0.65,1.149,-1.205,-0.5464,-0.693,0.1282,-1.098,-0.0904,-0.1327,0.1406,-0.857,0.3862,-1.0,0.0,0.09937,0.072,-0.2008,0.0,-0.1642,-0.4265,-0.4126,-0.4797,-1.066,-0.02335,-0.3428,-0.1248,-0.5366,0.0,0.5005,-0.8438,-1.045,-0.654,-0.6455,0.0,0.0,-0.6494,0.0,-0.445,-0.564,0.0,0.0,0.0,0.0,-0.02031,-1.0,-1.5,-1.5,1.138,-1.14,0.0,1.0,-1.0,0.0,0.0,0.0,0.0,-0.0771
-0.6504,-0.65,-0.651,1.053,-1.108,-0.5464,-0.693,-0.0667,-0.991,-0.096,-0.1443,0.02373,-0.857,0.3862,-1.0,0.0,0.08734,0.09656,-0.2008,0.0,-0.1616,-0.763,-0.399,-0.46,-0.96,-0.04477,-0.4646,0.0,-0.529,-0.1248,-0.372,-1.345,0.3545,-0.6553,-0.646,0.0,0.0,-0.6504,0.0,-0.4453,-0.9966,0.0,0.0,0.0,0.0,0.0,-1.0,-1.5,-2.0,1.028,-1.063,0.0,0.0,-1.0,0.0,0.0,0.0,0.0,0.0
-0.652,-0.651,-0.652,1.254,-1.311,-0.5464,-0.693,-0.0461,-1.174,-0.1953,-0.1566,0.372,-0.857,0.3862,-1.0,0.0,0.1863,0.1984,-0.2566,0.0,-0.159,0.0945,-0.386,-0.4412,-1.142,-0.06757,-0.4668,-0.6255,-0.537,0.0,0.0,0.5005,-0.3523,-0.6567,-0.6465,0.0,0.0,-0.6514,0.0,-0.4497,-1.036,0.0,0.0,0.0,0.0,-0.1332,-2.0,-1.5,-2.0,1.159,-1.326,0.0,1.0,-1.0,0.0,0.0,0.0,0.0,-0.507
-0.6523,-0.6514,-0.6523,0.6895,-0.7437,-0.5464,-0.693,-0.2279,-0.5527,-0.05368,-0.1718,-0.5005,-1.0,0.3862,-1.0,0.0,0.03223,0.0684,-0.1674,0.0,-0.1566,-0.4329,-0.3687,-0.4246,-0.5195,-0.0968,-0.452,1.012,-0.537,-0.6255,-0.1248,-0.372,-0.4724,-0.6562,-0.647,0.0,0.0,-0.6523,0.0,-0.4429,-1.331,0.0,1.0,0.0,0.0,0.1724,-1.0,-1.5,-2.0,0.624,-0.7715,1.0,0.0,-1.0,0.0,0.0,0.0,0.0,0.6626
-0.653,-0.652,-0.653,0.6357,-0.6914,-0.5464,-0.693,-0.3171,-0.4468,-0.06116,-0.1833,-0.1228,-1.0,0.3862,-1.0,0.0,0.0314,0.08466,-0.1674,0.0,-0.154,-0.4329,-0.3528,-0.4097,-0.4116,-0.1178,-0.37,0.0,-0.5327,1.012,0.0,0.0,-0.7144,-0.6562,-0.6475,0.0,0.0,-0.6523,0.0,-0.443,-1.159,0.0,1.0,0.0,0.0,0.0,-1.0,-1.5,-2.0,0.5557,-0.7393,0.0,0.0,-1.0,0.0,0.0,0.0,0.0,0.0
-0.6533,-0.6523,-0.6533,0.642,-0.701,-0.5464,-0.693,-0.3584,-0.3833,-0.0871,-0.1964,-0.0669,-1.143,0.3862,-1.0,0.0,0.05264,0.11523,-0.1785,0.0,-0.1515,-0.598,-0.3408,-0.3975,-0.384,-0.1348,-0.2544,-0.1243,-0.531,0.0,-0.6255,-0.1248,-0.8438,-0.6562,-0.6484,0.0,0.0,-0.6533,0.0,-0.444,-1.367,0.0,1.0,0.0,0.0,-0.01434,-1.0,-1.5,-2.0,0.551,-0.761,0.0,1.0,-1.0,0.0,0.0,0.0,0.0,-0.05426
-0.6533,-0.653,-0.654,0.4253,-0.4844,-0.5464,-0.693,-0.369,-0.1021,-0.03934,-0.2075,-1.007,-1.0,0.3862,0.0,0.0,0.005913,0.06726,-0.145,0.0,-0.149,-0.437,-0.3345,-0.386,-0.1107,-0.1526,-0.04218,0.3738,-0.529,-0.1243,1.012,0.0,-1.345,-0.656,-0.6494,0.0,0.0,-0.6533,0.0,-0.4417,-1.112,0.0,1.0,0.0,0.0,0.1086,0.0,-1.0,-2.0,0.342,-0.5522,1.0,0.0,-1.0,0.0,0.0,0.0,0.0,0.4114
-0.6533,-0.653,-0.654,0.1228,-0.1808,-0.5464,-0.693,-0.4004,0.2632,0.04462,-0.2153,14.88,-0.857,0.3862,0.0,0.0,-0.07623,-0.0146,-0.08923,0.0,-0.1465,-0.11743,-0.3386,-0.3784,0.2391,-0.162,-0.1157,0.619,-0.538,0.3738,0.0,-0.6255,0.5,-0.6553,-0.65,0.0,0.0,-0.654,0.0,-0.4375,-0.72,0.0,0.0,0.0,0.0,0.0743,1.0,-1.0,-1.5,0.0523,-0.2583,2.0,0.0,-1.0,0.0,0.0,0.0,0.0,0.2798
-0.653,-0.6523,-0.6533,-0.3022,0.2496,-0.389,-0.693,-0.4265,0.7505,0.183,-0.218,1.555,-0.7144,0.3862,0.0,0.0,-0.2062,-0.1487,0.0,0.0,-0.1439,0.348,-0.3555,-0.3767,0.7183,-0.1615,-0.04007,0.9805,-0.5425,0.619,-0.1243,1.011,-0.372,-0.654,-0.6504,0.0,0.0,-0.654,0.0,-0.431,-0.1375,0.0,0.0,0.0,0.0,0.2107,1.0,-0.5,-1.0,-0.3416,0.1732,3.0,0.0,-1.0,0.0,0.0,0.0,0.0,0.7856
-0.653,-0.6523,-0.6533,0.1655,-0.2235,-0.389,-0.693,-0.2683,0.2676,0.0259,-0.2208,-0.4688,-0.5713,0.3862,0.0,0.0,-0.04684,-0.00846,-0.08923,0.0,-0.1414,1.696,-0.3838,-0.3787,0.2343,-0.161,-0.004353,-0.9644,-0.579,0.9805,0.3738,0.0,0.0,-0.653,-0.651,0.0,0.0,-0.655,0.0,-0.4377,-0.1769,0.0,0.0,0.0,0.0,-0.2053,1.0,-0.5,-1.0,0.0789,-0.3152,0.0,1.0,-1.0,0.0,0.0,0.0,0.0,-0.7534
-0.653,-0.652,-0.6533,0.000571,-0.05655,-0.389,-0.693,-0.4102,0.3928,0.07306,-0.2181,0.5015,-0.4285,0.3862,0.0,0.0,-0.1037,-0.04205,-0.0558,0.0,-0.1389,-0.4531,-0.4111,-0.3848,0.3977,-0.1578,0.03558,0.3677,-0.598,-0.9644,0.619,-0.12427,-0.12476,-0.652,-0.6514,0.0,0.0,-0.6553,0.0,-0.4353,0.4587,0.0,0.0,0.0,0.0,0.05246,2.0,0.0,-0.5,-0.0825,-0.1572,1.0,0.0,-1.0,0.0,0.0,0.0,0.0,0.1956
-0.653,-0.6523,-0.6533,0.2832,-0.3428,-0.389,-0.693,-0.3938,0.0715,-0.02763,-0.2189,-0.551,-0.2856,0.3862,0.0,0.0,-0.007458,0.0577,-0.1116,0.0,-0.1364,-0.112,-0.4336,-0.3948,0.0805,-0.1548,0.06287,-0.609,-0.6313,0.3677,0.98,0.3735,0.0,-0.6514,-0.652,0.0,0.0,-0.656,0.0,-0.4397,0.0423,0.0,0.0,0.0,0.0,-0.0803,1.0,0.0,-1.0,0.196,-0.4258,0.0,1.0,-1.0,0.0,0.0,0.0,0.0,-0.2976
-0.653,-0.6523,-0.6533,0.1599,-0.2179,-0.389,-0.693,-0.415,0.1536,0.001882,-0.2174,0.6255,-0.1428,0.3862,0.0,0.0,-0.03735,0.02982,-0.08923,0.0,-0.1338,-0.4473,-0.4583,-0.4097,0.1708,-0.149,0.1848,0.2461,-0.6626,-0.609,-0.9644,0.6187,-0.6255,-0.651,-0.6523,0.0,0.0,-0.6562,0.0,-0.4382,0.2751,0.0,0.0,0.0,0.0,0.03122,1.0,0.5,-0.5,0.09296,-0.2886,1.0,0.0,-1.0,0.0,0.0,0.0,0.0,0.1169
-0.6533,-0.6523,-0.6533,0.157,-0.215,-0.389,-0.693,-0.415,0.11426,-0.00619,-0.2162,-0.01749,0.0,0.3862,0.0,0.0,-0.02972,0.038,-0.08923,0.0,-0.1313,-0.2822,-0.486,-0.4304,0.1254,-0.1405,0.0482,0.0,-0.689,0.2461,0.3677,0.98,1.011,-0.6504,-0.653,0.0,0.0,-0.6567,0.0,-0.4382,0.2751,0.0,0.0,0.0,0.0,0.0,0.0,0.0,-0.5,0.0839,-0.2925,0.0,0.0,-1.0,0.0,0.0,0.0,0.0,0.0
-0.653,-0.652,-0.6533,-0.1131,0.0595,-0.389,-0.693,-0.286,0.3513,0.07697,-0.213,1.276,0.1428,0.3862,0.0,0.0,-0.0962,-0.05786,-0.03348,0.0,-0.1288,1.175,-0.522,-0.4563,0.3708,-0.1302,0.06287,0.613,-0.6953,0.0,-0.609,-0.9644,0.0,-0.65,-0.653,0.0,0.0,-0.6567,0.0,-0.434,0.4985,0.0,0.0,0.0,0.0,0.1284,1.0,0.5,0.0,-0.139,0.01223,1.0,0.0,-1.0,0.0,0.0,0.0,0.0,0.4788
-0.6533,-0.6523,-0.6533,0.4521,-0.5127,-0.389,-0.693,-0.1313,-0.2747,-0.1158,-0.2134,-1.329,0.1428,0.3862,-1.0,0.0,0.1007,0.12317,-0.145,0.0,-0.1262,0.5625,-0.555,-0.487,-0.2656,-0.1229,0.10913,-1.213,-0.6978,0.613,0.2461,0.3674,-0.12427,-0.651,-0.6533,0.0,0.0,-0.6567,0.0,-0.4429,0.04086,0.0,0.0,0.0,0.0,-0.1957,0.0,0.5,0.0,0.4258,-0.5166,0.0,1.0,-1.0,0.0,0.0,0.0,0.0,-0.722
-0.6533,-0.6523,-0.654,0.2556,-0.316,-0.389,0.6,-0.1873,-0.1495,-0.06744,-0.2103,-0.7173,0.1428,0.3862,-1.0,0.0,0.04907,0.0787,-0.1116,0.0,-0.1237,-0.443,-0.579,-0.5137,-0.1506,-0.1106,0.0524,0.3713,-0.699,-1.213,0.0,-0.609,0.3735,-0.6514,-0.6533,0.0,0.0,-0.6567,0.0,-0.4404,0.3413,0.0,0.0,0.0,0.0,0.05344,1.0,0.5,0.5,0.2096,-0.3564,1.0,0.0,-1.0,0.0,0.0,0.0,0.0,0.2013
-0.6533,-0.653,-0.654,0.353,-0.4148,-0.389,0.6,-0.2094,-0.283,-0.111,-0.211,4.39,0.1428,0.3862,-1.0,0.0,0.0891,0.1257,-0.1339,0.0,-0.1212,-0.439,-0.583,-0.5347,-0.3003,-0.1047,-0.0464,-0.2461,-0.699,0.3713,0.613,0.246,0.6187,-0.652,-0.654,0.0,0.0,-0.6567,0.0,-0.4421,-0.01491,0.0,0.0,0.0,0.0,-0.04584,0.0,0.0,0.0,0.3145,-0.4395,0.0,1.0,-1.0,0.0,0.0,0.0,0.0,-0.1716
-0.654,-0.6533,-0.6543,0.553,-0.6177,-0.389,0.6,-0.1196,-0.52,-0.1917,-0.2134,1.69,0.1428,0.3862,-1.0,0.0,0.176,0.2015,-0.1785,0.0,-0.1187,0.4075,-0.5786,-0.553,-0.532,-0.1059,-0.2229,-0.4941,-0.699,-0.2461,-1.213,0.0,0.98,-0.6523,-0.654,0.0,0.0,-0.6567,0.0,-0.4458,-0.1755,0.0,0.0,0.0,0.0,-0.1177,0.0,-0.5,0.0,0.5234,-0.6177,0.0,2.0,-1.0,0.0,0.0,0.0,0.0,-0.4421
-0.6533,-0.6523,-0.654,-0.5054,0.457,-0.1835,0.6,0.0667,0.542,0.149,-0.2086,-2.734,0.2856,0.3862,0.0,0.0,-0.1311,-0.1627,0.03348,0.0,-0.11615,2.271,-0.567,-0.57,0.532,-0.0933,-0.08844,2.367,-0.685,-0.4941,0.3713,0.6123,-0.964,-0.6514,-0.6543,0.0,0.0,-0.6562,0.0,-0.43,0.417,0.0,0.0,0.0,0.0,1.232,0.0,0.0,0.5,-0.3762,0.5483,1.0,0.0,-1.0,0.0,0.0,0.0,0.0,4.668
-0.6523,-0.6514,-0.6523,-0.999,0.9624,0.504,0.6,0.2466,1.082,0.3418,-0.2008,1.046,0.2856,0.3862,0.0,0.0,-0.2876,-0.3647,0.1561,0.0,-0.11365,2.035,-0.538,-0.579,0.9697,-0.05313,-0.1283,1.318,-0.643,2.367,-0.2461,-1.213,0.3674,-0.6494,-0.6543,0.0,0.0,-0.6553,0.0,-0.421,0.576,0.0,0.0,0.0,0.0,0.669,1.0,0.0,0.5,-0.811,1.079,2.0,0.0,-1.0,0.0,0.0,0.0,0.0,2.44
-0.6504,-0.6494,-0.651,-1.423,1.399,1.176,0.6,0.35,1.592,0.533,-0.1909,0.6094,0.2856,0.3862,0.0,0.0,-0.443,-0.551,0.2788,0.0,-0.1111,0.4167,-0.4905,-0.5635,1.34,-0.001585,0.01666,1.29,-0.5806,1.318,-0.4941,0.3713,-0.609,-0.6475,-0.654,0.0,0.0,-0.654,0.0,-0.412,0.6772,0.0,0.0,0.0,0.0,0.642,1.0,0.5,0.5,-1.201,1.5205,3.0,0.0,-1.0,0.0,1.0,0.0,4.234,2.291
-0.649,-0.648,-0.6494,-1.462,1.444,1.415,0.6,0.2776,1.699,0.595,-0.1827,0.2119,0.2856,0.3862,0.0,0.0,-0.5015,-0.5996,0.3235,0.0,-0.1086,-0.3635,-0.452,-0.539,1.469,0.018,0.0482,0.4592,-0.5347,1.29,2.367,-0.246,0.246,-0.644,-0.654,0.0,0.0,-0.6523,0.0,-0.409,0.6113,0.0,0.0,0.0,0.0,0.09875,2.0,0.5,0.5,-1.268,1.533,4.0,0.0,-0.5,0.0,0.0,0.0,0.0,0.3447
-0.6465,-0.6455,-0.647,-1.631,1.803,2.188,0.6,0.2087,1.907,0.821,-0.1667,0.471,0.2856,0.3862,0.0,0.0,-0.6914,-0.789,0.4685,0.0,-0.1061,1.256,-0.4084,-0.5044,1.872,0.05646,0.126,1.48,-0.4568,0.4592,1.318,-0.4941,0.0,-0.64,-0.653,0.0,0.0,-0.651,0.0,-0.398,1.084,1.0,0.0,0.0,0.0,0.4302,3.0,1.0,1.0,-1.384,2.04,5.0,0.0,0.0,0.0,0.0,0.0,0.0,1.49
-0.645,-0.644,-0.6455,-1.388,1.382,2.188,0.6,0.3865,1.65,0.682,-0.1543,-0.1321,0.2856,0.3862,0.0,0.0,-0.5635,-0.6865,0.3904,0.0,-0.1035,1.14,-0.3635,-0.4658,1.414,0.09344,0.126,-0.7783,-0.4204,1.48,1.29,2.367,0.6123,-0.636,-0.6523,0.0,0.0,-0.6494,0.0,-0.4043,0.799,1.0,0.0,0.0,0.0,-0.2766,2.0,0.5,0.5,-1.139,1.534,0.0,1.0,0.0,0.0,0.0,0.0,0.0,-0.935
-0.644,-0.643,-0.6445,-0.662,0.6494,2.188,0.1292,0.5527,0.805,0.4526,-0.1443,-0.382,0.2856,0.3862,0.0,0.0,-0.3564,-0.4968,0.2566,0.0,-0.101,0.579,-0.3267,-0.4312,0.61,0.1157,0.416,-1.352,-0.4163,-0.7783,0.459,1.317,-1.213,-0.6333,-0.652,0.0,0.0,-0.6484,0.0,-0.4148,0.5825,0.0,0.0,0.0,0.0,-0.4717,1.0,0.5,0.5,-0.392,0.881,0.0,2.0,0.0,0.0,0.0,0.0,0.0,-1.616
-0.644,-0.643,-0.6445,0.0754,-0.0956,2.188,-0.6406,0.746,-0.02791,0.2064,-0.1399,-0.85,0.2856,0.3862,0.0,0.0,-0.1225,-0.2837,0.1116,0.0,-0.0985,0.4717,-0.3022,-0.4045,-0.1814,0.1251,0.4285,-1.498,-0.4238,-1.352,1.48,1.289,0.3713,-0.633,-0.6514,0.0,0.0,-0.648,0.0,-0.4263,0.2173,0.0,0.0,0.0,0.0,-0.448,0.0,0.0,0.0,0.3884,0.2406,0.0,3.0,0.0,0.0,0.0,0.0,0.0,-1.57
-0.644,-0.643,-0.6445,0.2925,-0.3145,2.188,-0.8833,0.8965,-0.3184,0.1252,-0.1367,-3.508,0.1428,0.3862,-1.0,0.0,-0.03497,-0.2188,0.06696,0.0,-0.09595,1.128,-0.2886,-0.3853,-0.4402,0.1312,0.5127,-0.4727,-0.429,-1.498,-0.778,0.459,-0.246,-0.6333,-0.651,0.0,0.0,-0.6475,0.0,-0.43,0.1292,0.0,0.0,0.0,0.0,-0.1597,-1.0,0.0,0.0,0.5894,0.02068,0.0,4.0,0.0,0.0,0.0,0.0,0.0,-0.5737
-0.644,-0.643,-0.6445,0.01572,-0.03723,2.188,-0.8833,0.7407,-0.0862,0.2072,-0.1339,-1.11,0.1428,0.3862,0.0,0.0,-0.1236,-0.2837,0.1227,0.0,-0.09344,-0.3254,-0.2825,-0.3706,-0.1968,0.1396,0.6343,0.5957,-0.4285,-0.4727,-1.352,1.48,-0.494,-0.635,-0.6504,0.0,0.0,-0.647,0.0,-0.4258,0.1292,0.0,0.0,0.0,0.0,0.1154,-1.0,0.5,0.0,0.2954,0.258,1.0,0.0,0.0,0.0,0.0,0.0,0.0,0.4182
-0.6445,-0.6436,-0.645,0.3425,-0.369,2.188,-0.8833,0.888,-0.5073,0.08887,-0.1295,-15.805,0.1428,0.3862,-1.0,0.0,-0.002182,-0.1821,0.0558,0.0,-0.0909,1.775,-0.2866,-0.3616,-0.554,0.1427,0.292,-0.7075,-0.4348,0.5957,-1.498,-0.778,2.365,-0.636,-0.65,0.0,0.0,-0.647,0.0,-0.4312,0.2173,0.0,0.0,0.0,0.0,-0.2394,-1.0,0.0,0.0,0.6265,-0.04385,0.0,1.0,0.0,0.0,0.0,0.0,0.0,-0.859
-0.6445,-0.644,-0.645,0.5913,-0.6216,2.188,-0.8833,0.9897,-0.8364,-0.01056,-0.128,1.063,0.1428,0.3862,-1.0,0.0,0.10016,-0.0921,0.0,0.0,-0.0884,0.348,-0.298,-0.357,-0.8623,0.1475,0.065,-0.5967,-0.4377,-0.7075,-0.4727,-1.351,1.317,-0.6396,-0.6494,0.0,0.0,-0.6465,0.0,-0.4355,0.05624,0.0,0.0,0.0,0.0,-0.0954,-1.0,-0.5,-0.5,0.884,-0.2678,0.0,2.0,0.0,0.0,0.0,0.0,0.0,-0.3464
-0.645,-0.644,-0.6455,0.3333,-0.363,2.188,-0.8833,0.994,-0.6704,0.05356,-0.1243,-0.1096,0.1428,0.3862,-1.0,0.0,0.0402,-0.1571,0.04462,0.0,-0.0859,-0.31,-0.3188,-0.3562,-0.673,0.1554,-0.1956,0.4822,-0.4473,-0.5967,0.5957,-1.497,1.289,-0.642,-0.6494,0.0,0.0,-0.6465,0.0,-0.4321,0.1672,0.0,0.0,0.0,0.0,0.0759,0.0,-0.5,0.0,0.6396,-0.01421,1.0,0.0,0.0,0.0,0.0,0.0,0.0,0.2783
-0.6445,-0.6436,-0.645,-0.2089,0.1794,2.188,-0.8833,0.949,-0.2175,0.2256,-0.1155,-0.7515,0.1428,0.3862,-1.0,0.0,-0.1216,-0.3215,0.1561,0.0,-0.0833,0.4568,-0.3533,-0.3572,-0.1842,0.1716,-0.3237,1.196,-0.4543,0.4822,-0.7075,-0.4727,0.459,-0.643,-0.6484,0.0,0.0,-0.6455,0.0,-0.4238,0.4062,0.0,0.0,0.0,0.0,0.2195,1.0,-0.5,0.5,0.06934,0.4556,2.0,0.0,0.0,0.0,0.0,0.0,0.0,0.799
-0.6436,-0.6426,-0.644,-0.8247,0.801,2.188,-0.8833,0.7656,0.4277,0.4502,-0.10925,-6.77,0.1428,0.3862,0.0,0.0,-0.3352,-0.515,0.3013,0.0,-0.0808,0.4097,-0.39,-0.355,0.3545,0.2112,-0.6284,1.524,-0.4526,1.196,-0.5967,0.595,1.48,-0.6416,-0.648,0.0,0.0,-0.6445,0.0,-0.413,0.3196,0.0,0.0,0.0,0.0,0.636,1.0,-0.5,0.5,-0.5063,1.073,3.0,0.0,0.0,0.0,1.0,0.0,4.234,2.27
-0.6426,-0.6416,-0.643,-0.975,0.952,2.188,-0.8833,0.5903,0.6377,0.529,-0.1055,0.568,0.1428,0.3862,0.0,0.0,-0.418,-0.57,0.357,0.0,-0.0783,0.2397,-0.4158,-0.353,0.5107,0.2361,-0.5127,0.572,-0.4426,1.524,0.4822,-0.7075,-0.778,-0.6396,-0.647,0.0,0.0,-0.6436,0.0,-0.4092,0.2236,0.0,0.0,0.0,0.0,0.1904,2.0,0.0,0.5,-0.687,1.18,4.0,0.0,0.0,0.0,0.0,0.0,0.0,0.6626
-0.6416,-0.6406,-0.642,-0.6753,0.6484,2.188,-0.8833,0.5415,0.3975,0.4458,-0.10724,-0.2072,0.1428,0.3862,0.0,0.0,-0.3516,-0.4897,0.3123,0.0,-0.07574,0.7134,-0.4333,-0.3582,0.3035,0.2327,-0.267,-0.4531,-0.4575,0.572,1.196,-0.5967,-1.351,-0.638,-0.646,0.0,0.0,-0.6426,0.0,-0.4128,-0.0733,0.0,0.0,0.0,0.0,-0.1476,2.0,0.0,0.0,-0.4038,0.881,0.0,1.0,0.0,0.0,0.0,0.0,0.0,-0.5083
-0.6396,-0.639,-0.64,-1.401,1.389,2.188,-0.8833,0.5938,1.298,0.7397,-0.10455,2.068,0.1428,0.3862,0.0,0.0,-0.592,-0.7563,0.502,0.0,-0.07324,1.092,-0.4534,-0.366,1.205,0.243,0.01666,1.94,-0.447,-0.4531,1.524,0.4822,-1.497,-0.6353,-0.645,0.0,0.0,-0.641,0.0,-0.3987,0.1672,0.0,0.0,0.0,0.0,0.528,2.0,0.5,0.0,-1.077,1.622,1.0,0.0,0.0,0.0,0.0,0.0,0.0,1.833
-0.6387,-0.6377,-0.639,-0.928,0.9062,2.188,-0.8833,0.5073,0.9165,0.6016,-0.1093,-0.1528,0.1428,0.3862,0.0,0.0,-0.486,-0.627,0.4238,0.0,-0.0707,-0.0804,-0.4668,-0.3806,0.809,0.2438,0.1743,-0.774,-0.4636,1.94,0.572,1.195,-0.4724,-0.632,-0.644,0.0,0.0,-0.6396,0.0,-0.4048,-0.2178,0.0,0.0,0.0,0.0,-0.2225,1.0,0.5,-0.5,-0.6274,1.151,0.0,1.0,0.0,0.0,0.0,0.0,0.0,-0.7485
-0.638,-0.637,-0.6387,-0.4402,0.411,2.188,-0.8833,0.4639,0.4824,0.4456,-0.1143,-0.3186,0.1428,0.3862,0.0,0.0,-0.3584,-0.482,0.3347,0.0,-0.0682,0.2462,-0.475,-0.406,0.395,0.2368,0.1365,-0.896,-0.511,-0.774,-0.453,1.523,0.595,-0.63,-0.6436,0.0,0.0,-0.6387,0.0,-0.4119,-0.2369,0.0,0.0,0.0,0.0,-0.2172,0.0,0.0,-0.5,-0.1879,0.641,0.0,2.0,0.0,0.0,0.0,0.0,0.0,-0.74
-0.6377,-0.6367,-0.6377,-0.4834,0.4536,2.188,-0.8833,0.3052,0.5586,0.47,-0.114,0.2832,0.1428,0.3862,0.0,0.0,-0.3936,-0.489,0.357,0.0,-0.0657,-0.6743,-0.4807,-0.4382,0.4998,0.2383,0.3025,0.2274,-0.522,-0.896,1.939,0.5713,-0.7075,-0.6284,-0.643,0.0,0.0,-0.6377,0.0,-0.4102,0.05887,0.0,0.0,0.0,0.0,0.03662,0.0,0.5,0.0,-0.2952,0.611,1.0,0.0,0.0,0.0,0.0,0.0,0.0,0.1266
-0.6367,-0.636,-0.637,-0.3757,0.3433,2.188,-0.8833,0.2008,0.4153,0.4407,-0.109,-0.0908,0.1428,0.3862,0.0,0.0,-0.3777,-0.4524,0.3457,0.0,-0.0631,-0.3677,-0.4841,-0.4656,0.3647,0.2542,0.4644,-0.1133,-0.523,0.2274,-0.7734,-0.453,-0.5967,-0.6284,-0.642,0.0,0.0,-0.637,0.0,-0.4114,0.381,0.0,0.0,0.0,0.0,-0.02719,0.0,0.5,0.0,-0.2112,0.483,0.0,1.0,0.0,0.0,0.0,0.0,0.0,-0.0937
-0.6357,-0.6353,-0.636,-0.81,0.782,2.188,-0.8833,0.07947,0.8354,0.608,-0.0989,1.013,0.2856,0.3862,0.0,0.0,-0.53,-0.592,0.4573,0.0,-0.0606,0.0619,-0.4832,-0.4805,0.7964,0.2795,0.4453,1.135,-0.51,-0.1133,-0.896,1.939,0.482,-0.6274,-0.641,0.0,0.0,-0.6367,0.0,-0.4028,0.6733,0.0,0.0,0.0,0.0,0.1924,0.0,0.5,0.5,-0.5947,0.943,1.0,0.0,0.0,0.0,0.0,0.0,0.0,0.664
-0.6353,-0.6343,-0.6357,-0.528,0.4966,2.188,-0.8833,0.1355,0.503,0.5254,-0.09186,-0.2407,0.2856,0.3862,0.0,0.0,-0.4556,-0.523,0.4128,0.0,-0.05807,0.0731,-0.4797,-0.4937,0.4836,0.2976,0.313,-0.4456,-0.504,1.135,0.2273,-0.7734,1.195,-0.627,-0.6406,0.0,0.0,-0.6367,0.0,-0.4065,0.4712,0.0,0.0,0.0,0.0,-0.0902,0.0,0.0,0.0,-0.3406,0.6494,0.0,1.0,0.0,0.0,0.0,0.0,0.0,-0.3054
-0.635,-0.634,-0.6353,-0.2715,0.2329,0.5503,-0.8833,-0.010765,0.1648,0.443,-0.08405,-0.4573,0.4285,0.3862,0.0,0.0,-0.3987,-0.434,0.3682,0.0,-0.05554,-0.2196,-0.472,-0.495,0.1161,0.3274,0.08813,-0.4487,-0.514,-0.4456,-0.1132,-0.8955,1.523,-0.628,-0.6396,0.0,0.0,-0.6367,0.0,-0.4102,0.5317,0.0,0.0,0.0,0.0,-0.0709,0.0,-0.5,0.0,-0.1021,0.3857,0.0,2.0,0.0,0.0,0.0,0.0,0.0,-0.2421
-0.635,-0.6343,-0.6353,0.2157,-0.265,0.5503,-0.8833,0.010155,-0.434,0.2734,-0.0772,-2.203,0.4285,0.3862,-1.0,0.0,-0.2484,-0.2773,0.2678,0.0,-0.05304,-0.3533,-0.4692,-0.4905,-0.4363,0.339,-0.004356,-1.018,-0.5195,-0.4487,1.135,0.2273,0.5713,-0.629,-0.639,0.0,0.0,-0.637,0.0,-0.418,0.4128,0.0,0.0,0.0,0.0,-0.2896,-1.0,-1.0,0.0,0.392,-0.0666,0.0,3.0,0.0,0.0,0.0,1.0,-2.805,-0.996
-0.635,-0.6343,-0.6353,0.1043,-0.1566,0.5503,-0.8833,0.04358,-0.4092,0.3003,-0.0712,0.05768,0.4285,0.3862,-1.0,0.0,-0.2693,-0.3062,0.29,0.0,-0.0505,0.259,-0.472,-0.4841,-0.3728,0.3489,0.06287,0.23,-0.5195,-1.018,-0.4453,-0.1132,-0.453,-0.6294,-0.6387,0.0,0.0,-0.637,0.0,-0.4165,0.3774,0.0,0.0,0.0,0.0,0.05252,0.0,-0.5,0.0,0.2404,-0.0107,1.0,0.0,0.0,0.0,0.0,0.0,0.0,0.1837
-0.635,-0.634,-0.635,-0.0454,-0.00837,0.5503,-0.8833,-0.0637,-0.3015,0.345,-0.06793,-0.2585,0.4285,0.3862,-1.0,0.0,-0.3184,-0.338,0.3235,0.0,-0.04797,-0.67,-0.474,-0.4788,-0.2625,0.3604,-0.2986,0.3438,-0.5273,0.23,-0.4487,1.135,1.939,-0.6294,-0.6377,0.0,0.0,-0.6367,0.0,-0.414,0.2412,0.0,0.0,0.0,0.0,0.03613,0.0,-0.5,0.0,0.0402,0.071,2.0,0.0,0.0,0.0,0.0,0.0,0.0,0.126
-0.6343,-0.6333,-0.635,-0.2764,0.225,0.5503,0.2411,-0.1498,-0.05173,0.4246,-0.0679,-1.327,0.4285,0.3862,0.0,0.0,-0.3953,-0.4038,0.3792,0.0,-0.04544,0.08167,-0.4648,-0.4746,-0.042,0.3716,-0.185,0.5693,-0.541,0.3438,-1.018,-0.4453,-0.7734,-0.6294,-0.6367,0.0,0.0,-0.6357,0.0,-0.41,0.0567,0.0,0.0,0.0,0.0,0.1362,1.0,0.0,0.0,-0.1786,0.2998,3.0,0.0,0.0,0.0,0.0,0.0,0.0,0.4722
-0.6343,-0.6333,-0.6343,-0.03998,-0.0148,0.5503,0.2411,-0.2037,-0.2656,0.345,-0.0709,-3.559,0.2856,0.3862,-1.0,0.0,-0.3308,-0.3247,0.3347,0.0,-0.04294,-0.5186,-0.456,-0.4744,-0.2605,0.3713,-0.02538,-0.4514,-0.5522,0.5693,0.23,-0.4487,-0.8955,-0.63,-0.636,0.0,0.0,-0.6353,0.0,-0.4136,-0.1936,0.0,0.0,0.0,0.0,-0.095,1.0,0.0,-0.5,0.04483,0.0641,0.0,1.0,0.0,0.0,0.0,0.0,0.0,-0.326
-0.634,-0.6333,-0.6343,-0.0738,0.019,0.5503,0.2411,-0.2615,-0.222,0.3542,-0.07214,-0.1748,0.1428,0.3862,-1.0,0.0,-0.344,-0.3276,0.3457,0.0,-0.0404,0.09033,-0.4536,-0.4773,-0.2312,0.3767,-0.0674,0.1137,-0.5786,-0.4514,0.3435,-1.017,0.2273,-0.6304,-0.6357,0.0,0.0,-0.6343,0.0,-0.4128,-0.04993,0.0,0.0,0.0,0.0,0.0193,2.0,0.0,0.0,-0.0823,-0.006264,1.0,0.0,0.0,0.0,0.0,0.0,0.0,0.0668
-0.634,-0.633,-0.634,-0.05554,-0.001806,0.5503,0.2411,-0.4248,-0.1667,0.345,-0.0801,-0.4248,0.0,0.3862,-1.0,0.0,-0.3506,-0.3035,0.3457,0.0,-0.03787,-0.673,-0.4565,-0.4858,-0.1931,0.369,-0.0485,0.0,-0.6294,0.1137,0.5693,0.23,-0.1132,-0.631,-0.6353,0.0,0.0,-0.634,0.0,-0.4128,-0.6616,0.0,0.0,0.0,0.0,0.0,1.0,0.0,-0.5,-0.10583,-0.0711,0.0,0.0,0.0,0.0,0.0,0.0,0.0,0.0
-0.634,-0.633,-0.6343,0.2131,-0.2742,0.5503,0.2411,-0.3958,-0.3975,0.2474,-0.08704,5.047,-0.1428,0.3862,-1.0,0.0,-0.2615,-0.2137,0.29,0.0,-0.03534,-0.0492,-0.4685,-0.5,-0.395,0.3535,-0.2585,-0.5674,-0.6826,0.0,-0.4512,0.3435,1.134,-0.6304,-0.6353,0.0,0.0,-0.633,0.0,-0.4172,-0.6025,0.0,0.0,0.0,0.0,-0.09753,0.0,-0.5,-0.5,0.129,-0.3594,0.0,1.0,0.0,0.0,0.0,0.0,0.0,-0.3367
-0.634,-0.633,-0.634,0.05374,-0.1128,0.5503,0.2411,-0.4731,-0.2264,0.2917,-0.0899,-0.521,-0.2856,0.3862,-1.0,0.0,-0.308,-0.2487,0.3235,0.0,-0.03284,-0.517,-0.4905,-0.5156,-0.2075,0.3489,-0.206,0.3438,-0.699,-0.5674,0.11365,0.5693,-0.4453,-0.6304,-0.6353,0.0,0.0,-0.633,0.0,-0.4148,-0.1799,0.0,0.0,0.0,0.0,0.03995,0.0,0.0,0.0,-0.01477,-0.1935,1.0,0.0,0.0,0.0,0.0,0.0,0.0,0.1392
-0.633,-0.6323,-0.6333,-0.4788,0.4277,0.5503,0.2411,-0.4114,0.3535,0.4768,-0.0896,-5.57,-0.2856,0.3862,0.0,0.0,-0.4634,-0.4268,0.4463,0.0,-0.0303,0.365,-0.521,-0.5234,0.3792,0.3528,-0.1388,1.253,-0.699,0.3438,0.0,-0.4512,-0.4485,-0.6294,-0.6353,0.0,0.0,-0.6323,0.0,-0.4055,0.1525,0.0,0.0,0.0,0.0,0.267,1.0,0.5,0.0,-0.4583,0.4026,2.0,0.0,0.0,0.0,0.0,0.0,0.0,0.9253
-0.633,-0.632,-0.633,-0.2751,0.222,-0.406,0.2411,-0.3484,0.1627,0.4138,-0.09,-0.3037,-0.2856,0.3862,0.0,0.0,-0.4038,-0.3748,0.4128,0.0,-0.02777,0.2241,-0.5527,-0.528,0.1587,0.364,0.065,-0.3347,-0.699,1.253,-0.5674,0.11365,-1.017,-0.6294,-0.6353,0.0,0.0,-0.6323,0.0,-0.4084,0.0732,0.0,0.0,0.0,0.0,-0.1024,0.0,0.5,0.0,-0.3083,0.1543,0.0,1.0,0.0,0.0,0.0,0.0,0.0,-0.3474
-0.632,-0.631,-0.6323,-0.5737,0.5254,-0.406,0.2411,-0.264,0.5396,0.5273,-0.0917,1.631,-0.2856,0.3862,0.0,0.0,-0.4934,-0.4868,0.4907,0.0,-0.02525,1.245,-0.579,-0.5347,0.535,0.3657,0.0503,0.7856,-0.6963,-0.3347,0.3435,0.0,0.2299,-0.628,-0.635,0.0,0.0,-0.632,0.0,-0.4026,-0.02696,0.0,0.0,0.0,0.0,0.1456,1.0,0.5,0.0,-0.5728,0.4712,1.0,0.0,0.0,0.0,0.0,0.0,0.0,0.497
-0.632,-0.6313,-0.6323,0.2803,-0.3389,-0.585,0.2411,-0.04633,-0.3137,0.2356,-0.0976,-1.286,-0.4285,0.3862,-1.0,0.0,-0.2196,-0.2358,0.3123,0.0,-0.02272,1.635,-0.606,-0.5425,-0.3188,0.3606,0.02507,-1.771,-0.699,0.7856,1.253,-0.5674,0.3435,-0.6284,-0.6343,0.0,0.0,-0.6323,0.0,-0.4165,-0.4146,0.0,0.0,0.0,0.0,-0.576,1.0,0.0,0.0,0.3022,-0.3032,0.0,1.0,0.0,-0.5,0.0,0.0,0.0,-1.94
-0.6333,-0.6323,-0.6333,1.322,-1.388,-0.585,-0.86,0.3162,-1.331,-0.1256,-0.10944,5.758,-0.5713,0.3862,-1.0,0.0,0.1504,0.0906,0.08923,0.0,-0.0202,3.033,-0.6084,-0.5537,-1.299,0.3347,-0.0821,-2.283,-0.6597,-1.771,-0.3347,0.3435,0.5693,-0.6304,-0.6343,0.0,0.0,-0.633,0.0,-0.4338,-0.7686,0.0,0.0,0.0,0.0,-0.868,0.0,-0.5,0.0,1.353,-1.262,0.0,2.0,0.0,-0.5,0.0,0.0,0.0,-3.014
-0.6343,-0.6333,-0.6343,0.9937,-1.053,-0.585,-0.86,0.2695,-1.062,-0.0629,-0.11633,-0.10016,-0.5713,0.3862,-1.0,0.0,0.08563,0.03027,0.1339,0.0,-0.01767,-0.1693,-0.6025,-0.57,-1.032,0.325,-0.0527,0.4746,-0.634,-2.283,0.785,1.253,-0.4512,-0.6313,-0.6343,0.0,0.0,-0.6333,0.0,-0.4307,-0.4585,0.0,0.0,0.0,0.0,0.0865,0.0,0.0,0.5,1.055,-0.9194,1.0,0.0,0.0,-0.5,0.0,0.0,0.0,0.3123
-0.635,-0.634,-0.6353,0.8057,-0.861,-0.585,-0.86,0.2466,-0.903,-0.0346,-0.1229,-0.04065,-0.5713,0.3862,-1.0,0.0,0.0565,0.003492,0.1561,0.0,-0.01515,0.1412,-0.5913,-0.589,-0.8975,0.3196,-0.1115,0.2355,-0.6177,0.4746,-1.771,-0.3347,0.11365,-0.6323,-0.6343,0.0,0.0,-0.634,0.0,-0.429,-0.4585,0.0,0.0,0.0,0.0,0.0371,1.0,0.0,0.5,0.871,-0.738,2.0,0.0,0.0,-0.5,0.0,0.0,0.0,0.1329
-0.6387,-0.6377,-0.6396,2.701,-2.545,-0.585,-2.754,1.858,-2.36,-1.198,-0.1542,4.902,-0.5713,0.3762,-1.0,-1.0,1.475,1.212,-0.58,0.0,-0.01263,3.135,-0.253,-0.4226,-2.086,-0.0566,-0.1472,-2.514,-0.3638,0.2355,-2.281,0.785,0.0,-0.6396,-0.6353,0.0,0.0,-0.636,0.0,-0.4858,-1.376,0.0,1.0,0.0,0.0,-8.15,0.0,0.0,0.0,2.75,-2.195,0.0,1.0,0.0,-0.5,0.0,1.0,-3.82,-5.477
-0.6426,-0.641,-0.643,2.701,-2.545,-0.585,-2.754,1.923,-2.36,-1.199,-0.1871,0.06433,-0.7144,0.3665,-1.0,-1.0,1.48,1.206,-0.58,0.0,-0.0101,1.101,-0.04105,-0.2856,-2.086,-0.1615,-0.2166,0.0,-0.2278,-2.514,0.4746,-1.771,-0.567,-0.6465,-0.636,0.0,0.0,-0.6387,0.0,-0.4863,-1.498,0.0,1.0,0.0,0.0,0.0,0.0,0.0,-0.5,2.75,-2.195,0.0,0.0,0.0,-0.5,0.0,0.0,0.0,0.0
-0.6465,-0.645,-0.647,2.701,-2.545,-0.585,-2.754,2.244,-2.36,-1.375,-0.2223,0.2131,-0.7144,0.3564,-1.0,-1.0,1.736,1.418,-0.6914,0.0,-0.007576,2.271,0.1289,-0.1666,-2.086,-0.2322,-0.4436,-1.347,-0.1023,0.0,0.2354,-2.281,0.3435,-0.655,-0.6377,0.0,0.0,-0.6416,0.0,-0.4949,-1.534,0.0,1.0,0.0,0.0,-0.6587,0.0,-0.5,-0.5,2.75,-2.195,0.0,1.0,0.0,-0.5,0.0,0.0,0.0,-2.7
-0.65,-0.6484,-0.651,2.701,-2.545,-0.585,-2.754,2.463,-2.36,-1.41,-0.2585,0.08356,-0.7144,0.3464,-1.0,-1.0,1.802,1.446,-0.714,0.0,-0.00505,2.66,0.2776,-0.0555,-2.086,-0.3083,-0.866,-0.2756,-0.003523,-1.347,-2.514,0.4744,1.252,-0.662,-0.639,0.0,0.0,-0.644,0.0,-0.4968,-1.57,0.0,1.0,0.0,0.0,-0.1604,-1.0,-1.0,-1.0,2.75,-2.195,0.0,2.0,0.0,-0.5,0.0,0.0,0.0,-0.672
-0.653,-0.6514,-0.654,2.701,-2.545,-0.5513,-2.754,2.553,-2.36,-1.198,-0.2905,-0.1418,-0.7144,0.3367,-1.0,-1.0,1.537,1.1455,-0.58,0.0,-0.002525,1.825,0.39,0.03625,-1.516,-0.3406,-1.021,1.661,0.05252,-0.2756,0.0,0.2354,-0.3345,-0.6665,-0.641,0.0,0.0,-0.6465,0.0,-0.4868,-1.296,0.0,1.0,0.0,0.0,0.536,-1.0,-0.5,-0.5,2.75,-2.195,1.0,0.0,0.0,-0.5,0.0,0.0,0.0,2.258
-0.6553,-0.654,-0.6562,2.701,-2.545,-0.5513,-2.754,2.594,-2.36,-1.27,-0.3218,0.11395,-0.7144,0.3267,-1.0,-1.0,1.63,1.237,-0.6245,0.0,0.0,0.392,0.476,0.114,-1.594,-0.3738,-1.355,-0.5386,0.1021,1.661,-1.347,-2.514,0.785,-0.672,-0.6426,0.0,0.0,-0.6484,0.0,-0.4902,-1.289,0.0,1.0,0.0,0.0,-0.1788,-1.0,-1.0,-0.5,2.75,-2.195,0.0,1.0,0.0,-0.5,0.0,0.0,0.0,-0.7324
-0.6577,-0.6562,-0.6587,2.701,-2.545,-0.5513,-2.754,2.756,-2.36,-1.375,-0.3567,0.146,-0.7144,0.317,-1.0,-1.0,1.782,1.369,-0.6914,0.0,0.002525,0.788,0.535,0.1779,-1.838,-0.3994,-1.2295,-0.8154,0.147,-0.5386,-0.2756,0.0,-1.771,-0.678,-0.6445,0.0,0.0,-0.651,0.0,-0.4954,-1.392,0.0,1.0,0.0,0.0,-0.218,-1.0,-1.0,-1.0,2.75,-2.195,0.0,2.0,0.0,-0.5,0.0,0.0,0.0,-0.9014
-0.66,-0.6587,-0.661,2.701,-2.545,-0.5513,-2.754,2.615,-2.314,-1.306,-0.3945,-0.1041,-0.857,0.307,-1.0,-1.0,1.679,1.285,-0.647,0.0,0.00505,-0.3342,0.57,0.2317,-1.391,-0.4365,-0.9985,0.5513,0.1674,-0.8154,1.661,-1.347,-2.281,-0.678,-0.646,0.0,0.0,-0.654,0.0,-0.4922,-1.549,0.0,1.0,0.0,0.0,0.1398,0.0,-0.5,-1.0,2.75,-1.958,1.0,0.0,0.0,-0.5,0.0,0.0,0.0,0.586
-0.6616,-0.66,-0.6626,2.09,-2.033,-0.5513,-2.754,2.535,-1.568,-1.2,-0.429,-0.2291,-1.0,0.297,-1.0,-1.0,1.538,1.15,-0.58,0.0,0.007576,0.3757,0.5786,0.2793,-0.753,-0.4844,-1.221,0.8193,0.1731,0.5513,-0.5386,-0.2754,0.4744,-0.678,-0.648,0.0,0.0,-0.656,0.0,-0.487,-1.3955,0.0,1.0,0.0,0.0,0.1984,1.0,-0.5,-0.5,2.58,-1.348,2.0,0.0,0.0,-0.5,0.0,0.0,0.0,0.8237
-0.663,-0.662,-0.664,1.898,-1.862,-0.5513,-2.754,2.406,-1.153,-1.201,-0.466,-0.1705,-1.143,0.287,-1.0,-1.0,1.527,1.164,-0.58,0.0,0.0101,0.3757,0.553,0.3154,-0.5923,-0.5137,-1.397,0.0,0.1683,0.8193,-0.8154,1.66,0.2354,-0.6777,-0.6494,0.0,0.0,-0.658,0.0,-0.4873,-1.557,0.0,1.0,0.0,0.0,0.0,0.0,-1.0,-1.0,2.3,-1.288,0.0,0.0,0.0,-0.5,0.0,0.0,0.0,0.0
-0.6636,-0.662,-0.664,0.2908,-0.2576,0.2676,-2.754,2.21,0.638,-0.7817,-0.4883,-1.75,-1.0,0.2773,0.0,-1.0,1.009,0.646,-0.3123,0.0,0.01263,2.69,0.4922,0.3428,1.152,-0.5483,-0.1494,2.549,0.139,0.0,0.5513,-0.5386,-2.514,-0.675,-0.6504,0.0,0.0,-0.6597,0.0,-0.4668,-0.924,0.0,0.0,0.0,0.0,0.8257,1.0,-0.5,-0.5,0.794,0.3022,1.0,0.0,0.0,-0.5,0.0,0.0,0.0,3.383
-0.664,-0.663,-0.665,0.9707,-0.959,0.2676,-2.754,2.164,0.0885,-0.9946,-0.5073,-0.657,-0.857,0.2673,0.0,-1.0,1.252,0.9155,-0.4463,0.0,0.01515,1.387,0.3967,0.3623,0.5767,-0.583,-0.09894,-1.533,0.11566,2.549,0.819,-0.8154,0.0,-0.674,-0.652,0.0,0.0,-0.6616,0.0,-0.4773,-0.847,0.0,0.0,0.0,0.0,-0.4219,1.0,-0.5,-0.5,1.512,-0.3057,0.0,1.0,0.0,-0.5,0.0,0.0,0.0,-1.64
-0.6646,-0.6636,-0.6655,0.886,-0.89,0.2676,-2.754,2.291,0.3328,-0.9966,-0.528,1.459,-0.7144,0.2573,0.0,-1.0,1.266,0.9062,-0.4463,0.0,0.01767,1.387,0.2373,0.3687,0.667,-0.5986,0.1365,0.0,0.0804,-1.533,0.0,0.551,-1.347,-0.673,-0.6533,0.0,0.0,-0.6636,0.0,-0.4773,-0.9272,0.0,0.0,0.0,0.0,0.0,0.0,-0.5,-1.0,1.427,-0.2433,0.0,0.0,0.0,-0.5,0.0,0.0,0.0,0.0
-0.666,-0.665,-0.6665,1.282,-1.327,0.2676,-2.754,2.367,0.1016,-1.139,-0.552,-0.423,-0.5713,0.2476,0.0,-1.0,1.446,1.084,-0.5356,0.0,0.0202,0.3596,-0.04028,0.3596,0.2278,-0.613,0.2247,-1.049,0.01787,0.0,2.547,0.819,-0.2754,-0.6714,-0.655,0.0,0.0,-0.666,0.0,-0.4841,-1.042,0.0,1.0,0.0,0.0,-0.2305,-1.0,-0.5,-1.5,1.425,-1.083,0.0,1.0,0.0,-0.5,0.0,0.0,0.0,-0.9194
-0.666,-0.665,-0.6665,0.4548,-0.4966,0.2676,-2.754,1.162,0.8154,-0.93,-0.547,3.756,-0.4285,0.2377,0.0,-1.0,1.086,0.9297,-0.4016,0.0,0.02272,1.013,-0.1305,0.3281,0.9434,-0.601,0.006153,1.602,-0.05978,-1.049,-1.533,0.0,1.66,-0.67,-0.656,0.0,0.0,-0.668,0.0,-0.474,0.222,0.0,0.0,0.0,0.0,0.2205,0.0,-0.5,-1.0,0.724,-0.1786,1.0,0.0,0.0,-0.5,0.0,0.0,0.0,0.895
-0.6655,-0.6646,-0.666,-0.2512,0.223,0.2676,-2.754,1.082,1.467,-0.723,-0.537,0.91,-0.2856,0.2278,0.0,-1.0,0.842,0.6836,-0.2678,0.0,0.02525,0.6094,-0.2012,0.2754,1.693,-0.595,0.12384,1.561,-0.1764,1.602,0.0,2.547,-0.5386,-0.6675,-0.6567,0.0,0.0,-0.67,0.0,-0.4639,0.4243,0.0,0.0,0.0,0.0,0.2352,0.0,0.0,-0.5,0.06155,0.5337,2.0,0.0,0.0,-0.5,0.0,0.0,0.0,0.93
-0.665,-0.664,-0.6655,-0.4321,0.4072,0.4949,-2.754,0.875,1.5205,-0.657,-0.5225,0.1808,-0.1428,0.2178,0.0,-1.0,0.75,0.6255,-0.2231,0.0,0.02777,-0.08417,-0.2693,0.1976,1.805,-0.571,0.3171,0.507,-0.2656,1.561,-1.049,-1.533,-0.815,-0.665,-0.6577,0.0,0.0,-0.6714,0.0,-0.4607,0.753,0.0,0.0,0.0,0.0,0.1012,1.0,0.5,0.0,-0.0996,0.725,3.0,0.0,0.0,-0.5,0.0,0.0,0.0,0.3901
-0.664,-0.663,-0.6646,-0.9087,0.892,1.149,-2.754,0.6973,1.903,-0.4866,-0.5034,0.3994,0.0,0.2079,0.0,-1.0,0.5503,0.4453,-0.1116,0.0,0.0303,0.8813,-0.323,0.09424,1.872,-0.5073,0.3213,1.257,-0.3,0.507,1.602,0.0,0.551,-0.6636,-0.6587,0.0,0.0,-0.672,0.0,-0.4521,0.927,1.0,0.0,0.0,0.0,0.3389,2.0,0.5,0.5,-0.571,1.179,4.0,0.0,0.0,-0.5,0.0,0.0,0.0,1.295
-0.6636,-0.6626,-0.664,-0.4895,0.4697,1.149,-2.754,0.7017,1.342,-0.5967,-0.491,-0.162,0.1428,0.198,0.0,-1.0,0.6685,0.571,-0.1785,0.0,0.03284,1.245,-0.37,-0.04446,1.475,-0.472,0.2961,-0.7383,-0.3584,1.257,1.56,-1.049,0.819,-0.662,-0.659,0.0,0.0,-0.6724,0.0,-0.4575,0.6113,0.0,0.0,0.0,0.0,-0.1602,2.0,0.0,0.0,-0.1605,0.7793,0.0,1.0,0.0,-0.5,0.0,0.0,0.0,-0.5996
-0.6626,-0.6616,-0.663,-0.746,0.733,1.149,-2.754,0.786,1.505,-0.4963,-0.475,0.2654,0.2856,0.1881,0.0,-1.0,0.569,0.448,-0.1116,0.0,0.03534,1.544,-0.3955,-0.2488,1.612,-0.4307,0.3718,0.7476,-0.4233,-0.7383,0.507,1.602,0.0,-0.6597,-0.66,0.0,0.0,-0.6733,0.0,-0.4524,0.8022,1.0,0.0,0.0,0.0,0.2009,2.0,0.5,0.5,-0.4092,1.031,1.0,0.0,0.0,-0.5,0.0,0.0,0.0,0.7617
-0.662,-0.661,-0.6626,-0.2338,0.2124,1.149,0.3896,0.8926,0.7886,-0.6406,-0.4595,-0.3418,0.4285,0.1782,0.0,-1.0,0.734,0.604,-0.2008,0.0,0.03787,1.257,-0.393,-0.325,0.901,-0.3945,-0.04428,-0.9844,-0.41,0.7476,1.256,1.56,2.547,-0.657,-0.661,0.0,0.0,-0.6724,0.0,-0.4595,0.745,0.0,0.0,0.0,0.0,-0.193,1.0,0.0,0.5,0.10535,0.5527,0.0,1.0,0.0,-0.5,0.0,0.0,0.0,-0.7227
-0.662,-0.661,-0.6626,0.02074,-0.04828,1.149,0.3896,0.978,0.37,-0.715,-0.447,-0.3647,0.5713,0.1683,0.0,-1.0,0.823,0.6836,-0.2454,0.0,0.0404,0.261,-0.3591,-0.3733,0.459,-0.3604,0.2289,-0.5005,-0.4055,-0.9844,-0.7383,0.507,-1.532,-0.6562,-0.662,0.0,0.0,-0.6714,0.0,-0.463,0.585,0.0,0.0,0.0,0.0,-0.1016,0.0,0.0,0.0,0.3362,0.2861,0.0,2.0,0.0,-0.5,0.0,0.0,0.0,-0.3867
-0.662,-0.661,-0.6626,0.255,-0.2878,1.149,0.201,1.095,0.001255,-0.7886,-0.4382,-0.691,0.7144,0.1584,0.0,-1.0,0.9165,0.761,-0.29,0.0,0.04294,1.303,-0.307,-0.3977,0.03183,-0.328,0.2668,-0.505,-0.421,-0.5005,0.7476,1.256,0.0,-0.6562,-0.663,0.0,0.0,-0.6704,0.0,-0.4666,0.3936,0.0,0.0,0.0,0.0,-0.1632,-1.0,0.0,-0.5,0.5874,0.08344,0.0,3.0,0.0,-0.5,0.0,0.0,0.0,-0.6265
-0.6626,-0.6616,-0.663,0.4695,-0.51,1.149,-0.06042,1.152,-0.3472,-0.862,-0.4307,-3.14,0.7144,0.1486,-1.0,-1.0,1.006,0.8457,-0.3347,0.0,0.04544,0.6353,-0.2542,-0.3962,-0.3547,-0.3022,0.4644,-0.509,-0.4473,-0.505,-0.9844,-0.738,-1.049,-0.657,-0.664,0.0,0.0,-0.6694,0.0,-0.47,0.2961,0.0,0.0,0.0,0.0,-0.1091,-1.0,0.0,-0.5,0.661,-0.2751,0.0,4.0,-0.5,-0.5,0.0,0.0,0.0,-0.422
-0.6626,-0.6616,-0.663,0.09796,-0.1353,1.149,-0.06042,0.9297,0.00971,-0.7603,-0.4304,-1.544,0.7144,0.1387,0.0,-1.0,0.87,0.7427,-0.2678,0.0,0.04797,0.6094,-0.2151,-0.386,-0.04028,-0.2917,0.2499,0.77,-0.4548,-0.509,-0.5005,0.747,1.601,-0.658,-0.6655,0.0,0.0,-0.6685,0.0,-0.465,-0.04385,0.0,0.0,0.0,0.0,0.1071,-1.0,0.0,-0.5,0.269,0.0482,1.0,0.0,-0.5,-0.5,0.0,0.0,0.0,0.4182
-0.6616,-0.6606,-0.662,-0.762,0.7363,1.149,-0.06042,0.892,0.861,-0.4854,-0.4197,7.62,0.7144,0.1287,0.0,-1.0,0.5664,0.4253,-0.08923,0.0,0.0505,2.191,-0.1868,-0.3647,0.79,-0.264,0.02296,2.027,-0.4534,0.77,-0.5044,-0.984,1.56,-0.6577,-0.6665,0.0,0.0,-0.6675,0.0,-0.4514,0.5815,0.0,0.0,0.0,0.0,0.612,0.0,0.0,0.0,-0.4463,1.01,2.0,0.0,-0.5,-0.5,0.0,0.0,0.0,2.357
-0.661,-0.66,-0.6616,-0.4658,0.434,1.149,-0.06042,0.857,0.4858,-0.56,-0.4104,-0.2786,0.7144,0.11884,0.0,-1.0,0.6426,0.5137,-0.1339,0.0,0.05304,0.5586,-0.1691,-0.336,0.3796,-0.2334,-0.02747,-0.4902,-0.4802,2.027,-0.509,-0.5005,0.5063,-0.6577,-0.667,0.0,0.0,-0.666,0.0,-0.455,0.4675,0.0,0.0,0.0,0.0,-0.1268,0.0,-0.5,0.0,-0.1906,0.687,0.0,1.0,-0.5,-0.5,0.0,0.0,0.0,-0.473
-0.6606,-0.6597,-0.661,-0.3025,0.2656,1.149,-0.06042,1.404,0.2102,-0.5986,-0.3987,-0.36,0.7144,0.1089,0.0,-1.0,0.7334,0.5063,-0.1561,0.0,0.05554,3.135,-0.1654,-0.302,0.08484,-0.201,-0.2208,-0.2471,-0.5107,-0.4902,0.77,-0.5044,1.256,-0.657,-0.6675,0.0,0.0,-0.6646,0.0,-0.4568,0.642,0.0,0.0,0.0,0.0,-0.0396,0.0,-1.0,0.0,-0.0997,0.4524,0.0,2.0,-0.5,-0.5,0.0,0.0,0.0,-0.1489
-0.6606,-0.6597,-0.661,-0.04538,0.000528,1.149,-0.06042,1.343,-0.1151,-0.6724,-0.3928,-0.9536,0.7144,0.099,0.0,-1.0,0.8086,0.598,-0.2008,0.0,0.05807,-0.4265,-0.1769,-0.2722,-0.2177,-0.1897,-0.10315,-0.4963,-0.539,-0.2471,2.027,-0.509,-0.738,-0.657,-0.668,0.0,0.0,-0.6636,0.0,-0.4604,0.312,0.0,0.0,0.0,0.0,-0.0705,0.0,-1.0,-0.5,0.0938,0.1381,0.0,3.0,-0.5,-0.5,0.0,0.0,0.0,-0.266
-0.6606,-0.6597,-0.661,0.4187,-0.4688,1.149,-0.06042,1.399,-0.5977,-0.815,-0.3945,-17.1,0.5713,0.0891,-1.0,-1.0,0.974,0.764,-0.29,0.0,0.0606,0.6177,-0.2122,-0.2507,-0.7,-0.1898,-0.2334,-1.001,-0.578,-0.4963,-0.49,0.7695,0.747,-0.657,-0.669,0.0,0.0,-0.663,0.0,-0.4673,-0.1897,0.0,0.0,0.0,0.0,-0.1735,-1.0,-1.5,-1.0,0.56,-0.2925,0.0,4.0,-0.5,-0.5,0.0,0.0,0.0,-0.66
-0.6606,-0.66,-0.661,0.1667,-0.2136,1.149,-0.06042,1.371,-0.3433,-0.7495,-0.3967,-0.4353,0.4285,0.0792,-1.0,-1.0,0.897,0.6875,-0.2454,0.0,0.0631,-0.0785,-0.263,-0.239,-0.46,-0.1896,-0.09894,0.509,-0.5796,-1.001,-0.2471,2.027,-0.984,-0.6562,-0.668,0.0,0.0,-0.663,0.0,-0.4639,-0.1897,0.0,0.0,0.0,0.0,0.0819,-1.0,-1.0,-1.0,0.2817,-0.0858,1.0,0.0,-0.5,-0.5,0.0,0.0,0.0,0.3171
-0.661,-0.66,-0.6616,0.6177,-0.6694,1.149,-0.06042,1.429,-0.7485,-0.892,-0.4053,2.092,0.2856,0.06934,-1.0,-1.0,1.065,0.857,-0.3347,0.0,0.0657,0.981,-0.308,-0.241,-0.8833,-0.2013,-0.02327,-1.01,-0.593,0.509,-0.496,-0.49,-0.5,-0.6567,-0.668,0.0,0.0,-0.6626,0.0,-0.471,-0.6724,0.0,0.0,0.0,0.0,-0.1879,-1.0,-1.0,-1.5,0.7227,-0.5176,0.0,1.0,-0.5,-0.5,0.0,0.0,0.0,-0.7207
-0.661,-0.6606,-0.6616,0.2303,-0.278,1.149,-0.06042,1.264,-0.3442,-0.7915,-0.4097,-0.557,0.1428,0.05942,-1.0,-1.0,0.935,0.7485,-0.2678,0.0,0.0682,-0.0727,-0.3582,-0.2544,-0.4727,-0.2103,0.04398,0.77,-0.612,-1.01,-1.001,-0.2471,-0.5044,-0.658,-0.667,0.0,0.0,-0.662,0.0,-0.4658,-0.3516,0.0,0.0,0.0,0.0,0.0872,0.0,-0.5,-1.0,0.3562,-0.1334,1.0,0.0,-0.5,-0.5,0.0,0.0,0.0,0.3406
-0.661,-0.6606,-0.6616,0.1084,-0.157,1.149,-0.06042,1.129,-0.1681,-0.7603,-0.4155,-0.7,0.0,0.0495,-1.0,-1.0,0.8877,0.7236,-0.2454,0.0,0.0707,0.261,-0.4062,-0.2803,-0.2988,-0.2203,0.1322,0.2534,-0.6626,0.77,0.509,-0.496,-0.509,-0.6587,-0.6665,0.0,0.0,-0.6616,0.0,-0.464,-0.4746,0.0,0.0,0.0,0.0,0.02858,1.0,0.0,-1.0,0.2023,-0.05673,2.0,0.0,-0.5,-0.5,0.0,0.0,0.0,0.1101
-0.661,-0.66,-0.6616,-0.219,0.1743,1.149,-0.06042,1.0,0.1937,-0.66,-0.416,-7.35,0.0,0.0396,0.0,-1.0,0.7646,0.6167,-0.1785,0.0,0.07324,0.2399,-0.4514,-0.313,0.0799,-0.2229,0.02296,0.757,-0.6826,0.2534,-1.009,-1.001,0.7695,-0.659,-0.6655,0.0,0.0,-0.661,0.0,-0.459,-0.07983,0.0,0.0,0.0,0.0,0.11774,2.0,0.0,-0.5,-0.09485,0.282,3.0,0.0,-0.5,-0.5,0.0,0.0,0.0,0.452
-0.66,-0.659,-0.6606,-0.7163,0.6807,1.149,-0.06042,0.997,0.739,-0.4915,-0.4116,2.078,0.0,0.02971,0.0,-1.0,0.582,0.422,-0.06696,0.0,0.07574,0.8623,-0.4907,-0.3547,0.633,-0.2128,-0.2964,1.246,-0.6694,0.757,0.77,0.509,2.025,-0.658,-0.6646,0.0,0.0,-0.6606,0.0,-0.4507,0.2905,0.0,0.0,0.0,0.0,0.245,2.0,0.0,0.0,-0.53,0.8174,4.0,0.0,-0.5,-0.5,0.0,0.0,0.0,0.9287
-0.659,-0.658,-0.6597,-0.7383,0.7046,1.149,-0.06042,0.8975,0.762,-0.4614,-0.4048,0.1732,0.0,0.0198,0.0,-1.0,0.5415,0.398,-0.04462,0.0,0.0783,0.199,-0.52,-0.4,0.6426,-0.1921,-0.2083,0.2441,-0.6533,1.246,0.2534,-1.009,-0.49,-0.6562,-0.6636,0.0,0.0,-0.66,0.0,-0.4492,0.4653,0.0,0.0,0.0,0.0,0.0568,3.0,0.5,0.5,-0.566,0.8247,5.0,0.0,0.0,-0.5,0.0,0.0,0.0,0.2109
-0.659,-0.658,-0.659,-0.2325,0.1912,0.2874,-0.06042,0.946,0.1912,-0.6045,-0.399,-0.571,0.1428,0.0099,0.0,-1.0,0.6987,0.5566,-0.1339,0.0,0.0808,0.5586,-0.5405,-0.4343,0.06934,-0.1754,-0.1494,-0.9727,-0.6553,0.2441,0.757,0.7695,-0.247,-0.656,-0.6626,0.0,0.0,-0.66,0.0,-0.456,0.3328,0.0,0.0,0.0,0.0,-0.1871,2.0,0.5,0.5,-0.07416,0.3352,0.0,1.0,0.0,-0.5,0.0,0.0,0.0,-0.692
-0.6587,-0.6577,-0.6587,-0.3052,0.264,0.2874,-0.06042,0.8745,0.2515,-0.573,-0.3948,0.3596,0.1428,0.0,0.0,-1.0,0.658,0.5273,-0.1116,0.0,0.0833,-0.112,-0.565,-0.4675,0.1418,-0.1664,-0.0611,0.2471,-0.651,-0.9727,1.246,0.2534,-0.496,-0.6543,-0.662,0.0,0.0,-0.6597,0.0,-0.4543,0.2462,0.0,0.0,0.0,0.0,0.03537,2.0,1.0,0.5,-0.2335,0.3079,1.0,0.0,0.0,-0.5,0.0,0.0,0.0,0.1329
-0.6577,-0.6567,-0.658,-0.7866,0.753,0.2874,-0.06042,0.7007,0.8267,-0.403,-0.3928,1.863,0.1428,0.0,0.0,0.0,0.4631,0.3518,0.0,0.0,0.0859,0.8345,-0.579,-0.497,0.7246,-0.1627,0.12384,1.23,-0.633,0.2471,0.244,0.757,-1.0,-0.6523,-0.661,0.0,0.0,-0.6597,0.0,-0.446,0.09906,0.0,0.0,0.0,0.0,0.1653,2.0,1.5,0.5,-0.6523,0.8276,2.0,0.0,0.0,-0.5,0.0,0.0,0.0,0.6187
-0.657,-0.6562,-0.6577,-0.3853,0.3474,0.2874,-0.06042,0.7925,0.4338,-0.511,-0.3916,-0.3147,0.1428,-0.0099,0.0,-1.0,0.585,0.464,-0.06696,0.0,0.0884,1.19,-0.5796,-0.523,0.3337,-0.1571,0.0944,-0.7236,-0.625,1.23,-0.972,1.245,0.509,-0.651,-0.6606,0.0,0.0,-0.659,0.0,-0.4512,0.03537,0.0,0.0,0.0,0.0,-0.1444,1.0,1.0,0.5,-0.2488,0.4558,0.0,1.0,0.0,-0.5,0.0,0.0,0.0,-0.53
-0.6567,-0.656,-0.657,-0.3376,0.2952,0.2874,-0.06042,0.2073,0.3984,-0.515,-0.39,0.07214,0.1428,-0.0198,0.0,-1.0,0.5366,0.5244,-0.06696,0.0,0.0909,-0.4512,-0.575,-0.546,0.3613,-0.1624,0.2961,0.0,-0.62,-0.7236,0.2471,0.244,-1.009,-0.6504,-0.66,0.0,0.0,-0.6587,0.0,-0.4512,0.09906,0.0,0.0,0.0,0.0,0.0,0.0,1.0,0.5,-0.2281,0.3777,0.0,0.0,0.0,-0.5,0.0,0.0,0.0,0.0
-0.6562,-0.6553,-0.6567,-0.2922,0.25,0.2874,-0.06042,0.2366,0.3452,-0.518,-0.3862,0.02968,0.1428,-0.02971,0.0,-1.0,0.5425,0.5254,-0.06696,0.0,0.09344,0.2056,-0.567,-0.563,0.2998,-0.1508,0.2205,0.0,-0.622,0.0,1.23,-0.972,0.7695,-0.6504,-0.659,0.0,0.0,-0.658,0.0,-0.4514,0.237,0.0,0.0,0.0,0.0,0.0,0.0,0.5,0.5,-0.2374,0.2766,0.0,0.0,0.0,-0.5,0.0,0.0,0.0,0.0
-0.656,-0.6553,-0.6562,-0.1455,0.10046,0.2874,0.07526,0.2751,0.1448,-0.555,-0.3801,-0.3347,0.2856,-0.0396,0.0,-1.0,0.5854,0.564,-0.08923,0.0,0.09595,1.201,-0.552,-0.5728,0.07434,-0.1307,0.2163,-0.2441,-0.636,0.0,-0.723,0.2471,0.2532,-0.6504,-0.6587,0.0,0.0,-0.6577,0.0,-0.4531,0.4753,0.0,0.0,0.0,0.0,-0.04785,-1.0,0.0,0.5,-0.1117,0.1156,0.0,1.0,0.0,-0.5,0.0,0.0,0.0,-0.1777
-0.6553,-0.6543,-0.656,-0.643,0.606,0.2874,0.07526,0.373,0.6445,-0.3855,-0.372,2.252,0.4285,-0.0396,0.0,0.0,0.4158,0.3635,0.02231,0.0,0.0985,1.472,-0.534,-0.581,0.5957,-0.11646,0.1196,1.226,-0.629,-0.2441,0.0,1.23,0.757,-0.6494,-0.6577,0.0,0.0,-0.6567,0.0,-0.4448,0.6113,0.0,0.0,0.0,0.0,0.1525,-1.0,0.0,0.5,-0.5703,0.6245,1.0,0.0,0.0,-0.5,0.0,0.0,0.0,0.5684
-0.655,-0.654,-0.6553,-0.1515,0.10406,0.2874,0.07526,0.3535,0.05695,-0.5273,-0.3638,-0.7056,0.5713,-0.0495,0.0,-1.0,0.563,0.525,-0.06696,0.0,0.101,0.2056,-0.513,-0.578,0.003353,-0.0944,-0.0527,-0.961,-0.6274,1.226,0.0,-0.723,1.245,-0.649,-0.6577,0.0,0.0,-0.6567,0.0,-0.4517,0.6113,0.0,0.0,0.0,0.0,-0.1409,-1.0,-0.5,0.5,-0.0922,0.1465,0.0,1.0,0.0,-0.5,0.0,0.0,0.0,-0.5146
-0.655,-0.654,-0.6553,0.0894,-0.1426,0.2874,0.07526,0.373,-0.2439,-0.598,-0.359,-1.774,0.5713,-0.05942,-1.0,-1.0,0.6406,0.6045,-0.1116,0.0,0.1035,-0.112,-0.4978,-0.569,-0.291,-0.0834,-0.0947,-0.4883,-0.627,-0.961,-0.244,0.0,0.244,-0.65,-0.657,0.0,0.0,-0.6567,0.0,-0.455,0.312,0.0,0.0,0.0,0.0,-0.053,-1.0,-1.0,0.0,0.1493,-0.08075,0.0,2.0,0.0,-0.5,0.0,0.0,0.0,-0.1968
-0.655,-0.6543,-0.6553,0.201,-0.2583,0.2874,0.07526,0.4126,-0.4065,-0.6343,-0.3555,1.528,0.5713,-0.06934,-1.0,-1.0,0.6836,0.6426,-0.1339,0.0,0.1061,0.5586,-0.4915,-0.556,-0.4475,-0.076,0.0608,-0.2461,-0.6274,-0.4883,1.226,0.0,-0.9717,-0.6504,-0.6577,0.0,0.0,-0.6567,0.0,-0.4568,0.1836,0.0,0.0,0.0,0.0,-0.03564,-1.0,-1.0,-0.5,0.2302,-0.2212,0.0,3.0,0.0,-0.5,0.0,0.0,0.0,-0.1334
-0.655,-0.6543,-0.6553,0.1938,-0.252,0.2874,0.07526,0.383,-0.4236,-0.6357,-0.3545,0.2068,0.4285,-0.0792,-1.0,-1.0,0.6826,0.647,-0.1339,0.0,0.1086,-0.1065,-0.4937,-0.5444,-0.4697,-0.07166,0.01877,0.0,-0.63,-0.2461,-0.9604,-0.244,0.247,-0.651,-0.657,0.0,0.0,-0.6567,0.0,-0.457,0.002966,0.0,0.0,0.0,0.0,0.0,-1.0,-1.5,-1.0,0.1593,-0.2847,0.0,0.0,0.0,-0.5,0.0,0.0,0.0,0.0
-0.655,-0.654,-0.655,-0.2423,0.1898,0.2874,0.3525,0.3147,0.0476,-0.4988,-0.3542,-1.532,0.4285,-0.0891,0.0,-1.0,0.529,0.4958,-0.04462,0.0,0.1111,0.526,-0.4998,-0.535,-0.00891,-0.0692,-0.1956,0.9883,-0.6416,0.0,-0.488,1.225,1.2295,-0.651,-0.657,0.0,0.0,-0.656,0.0,-0.4502,-0.065,0.0,0.0,0.0,0.0,0.11365,-1.0,-1.5,-1.0,-0.2137,0.1919,1.0,0.0,0.0,-0.5,0.0,0.0,0.0,0.4272
-0.6543,-0.6533,-0.6543,-0.4167,0.367,0.2874,0.3525,0.296,0.27,-0.4304,-0.353,1.643,0.4285,-0.0891,0.0,0.0,0.4556,0.421,0.0,0.0,0.11365,0.1858,-0.503,-0.528,0.2094,-0.0657,-0.0779,0.4863,-0.644,0.9883,-0.2461,-0.9604,-0.723,-0.65,-0.6567,0.0,0.0,-0.6553,0.0,-0.4468,0.002966,0.0,0.0,0.0,0.0,0.0934,0.0,-1.0,-1.0,-0.4043,0.338,2.0,0.0,0.0,-0.5,0.0,0.0,0.0,0.3452
-0.654,-0.653,-0.6543,-0.1544,0.10077,0.2874,0.3525,0.2856,-0.00397,-0.5015,-0.3503,-0.637,0.4285,-0.099,0.0,-1.0,0.529,0.5015,-0.04462,0.0,0.11615,0.199,-0.504,-0.523,-0.0625,-0.05887,-0.0653,-0.4822,-0.6777,0.4863,0.0,-0.488,0.0,-0.6504,-0.6567,0.0,0.0,-0.655,0.0,-0.4504,0.1621,0.0,0.0,0.0,0.0,-0.05014,0.0,-1.0,-1.0,-0.1447,0.08905,0.0,1.0,0.0,-0.5,0.0,0.0,0.0,-0.1838
-0.654,-0.653,-0.6543,0.0868,-0.1438,0.2874,0.3525,0.3044,-0.252,-0.572,-0.35,-2.303,0.2856,-0.1089,-1.0,-1.0,0.606,0.58,-0.08923,0.0,0.1187,-0.11743,-0.506,-0.5215,-0.321,-0.05447,-0.0611,-0.4863,-0.699,-0.4822,0.9883,-0.246,0.0,-0.651,-0.6562,0.0,0.0,-0.6543,0.0,-0.4539,-0.065,0.0,0.0,0.0,0.0,-0.04498,0.0,-1.0,-1.5,0.04425,-0.1936,0.0,2.0,0.0,-0.5,0.0,0.0,0.0,-0.1664
-0.6543,-0.6533,-0.6543,0.531,-0.5923,0.2874,0.2219,0.4329,-0.6636,-0.7104,-0.3562,3.443,0.1428,-0.11884,-1.0,-1.0,0.7695,0.731,-0.1785,0.0,0.1212,1.916,-0.514,-0.527,-0.7563,-0.0618,-0.02327,-0.9805,-0.699,-0.4863,0.486,0.0,-0.244,-0.6514,-0.6562,0.0,0.0,-0.6543,0.0,-0.4607,-0.737,0.0,0.0,0.0,0.0,-0.1725,0.0,-1.0,-2.0,0.475,-0.622,0.0,3.0,0.0,-0.5,0.0,0.0,0.0,-0.643
-0.6543,-0.654,-0.655,0.493,-0.553,0.2874,0.2219,0.3132,-0.6216,-0.7114,-0.3604,0.05878,0.0,-0.1287,-1.0,-1.0,0.76,0.743,-0.1785,0.0,0.1237,-0.09546,-0.528,-0.538,-0.6934,-0.0743,-0.2502,0.0,-0.699,-0.9805,-0.4822,0.9883,1.225,-0.6514,-0.656,0.0,0.0,-0.6543,0.0,-0.4607,-0.5537,0.0,0.0,0.0,0.0,0.0,-1.0,-1.5,-2.0,0.4397,-0.5835,0.0,0.0,0.0,-0.5,0.0,0.0,0.0,0.0
-0.655,-0.654,-0.655,0.2379,-0.2942,0.2874,0.2219,0.383,-0.3555,-0.6426,-0.3628,-0.4329,-0.1428,-0.1387,-1.0,-1.0,0.6904,0.6553,-0.1339,0.0,0.1262,0.5586,-0.552,-0.551,-0.4175,-0.0819,-0.11993,0.4983,-0.699,0.0,-0.486,0.486,-0.9604,-0.6514,-0.656,0.0,0.0,-0.6543,0.0,-0.4575,-0.3699,0.0,0.0,0.0,0.0,0.0964,-1.0,-1.0,-1.5,0.2251,-0.3,1.0,0.0,0.0,-0.5,0.0,0.0,0.0,0.3652
-0.654,-0.653,-0.6543,-0.619,0.5757,-0.1271,0.2219,0.392,0.5625,-0.3672,-0.3596,-4.043,-0.1428,-0.1387,0.0,0.0,0.3987,0.3418,0.04462,0.0,0.1288,0.8164,-0.5776,-0.561,0.5176,-0.07935,-0.0485,1.977,-0.699,0.4983,-0.98,-0.4822,-0.488,-0.651,-0.656,0.0,0.0,-0.654,0.0,-0.4438,0.1661,0.0,0.0,0.0,0.0,0.3354,0.0,-0.5,-1.0,-0.4968,0.65,2.0,0.0,0.0,-0.5,0.0,0.0,0.0,1.261
-0.6533,-0.6523,-0.654,-0.4438,0.399,-0.1271,0.2219,0.373,0.3987,-0.4026,-0.356,-0.122,-0.1428,-0.1387,0.0,0.0,0.4333,0.3823,0.02231,0.0,0.1313,0.8257,-0.5986,-0.5693,0.3735,-0.07446,0.02296,-0.2393,-0.698,1.977,0.0,-0.486,-0.246,-0.651,-0.6553,0.0,0.0,-0.654,0.0,-0.4458,0.1661,0.0,0.0,0.0,0.0,-0.03604,0.0,-0.5,-1.0,-0.3828,0.4207,0.0,1.0,0.0,-0.5,0.0,0.0,0.0,-0.1311
-0.653,-0.6523,-0.6533,-0.18,0.1306,-0.1271,0.2219,0.2764,0.1761,-0.4722,-0.3574,-0.332,-0.1428,-0.1486,0.0,-1.0,0.4973,0.4695,-0.02231,0.0,0.1338,0.1923,-0.6084,-0.577,0.1324,-0.07367,0.0524,-0.4805,-0.698,-0.2393,0.4983,-0.98,0.0,-0.6504,-0.6553,0.0,0.0,-0.6533,0.0,-0.4492,-0.2698,0.0,0.0,0.0,0.0,-0.05823,0.0,-0.5,-1.5,-0.159,0.129,0.0,2.0,0.0,-0.5,0.0,0.0,0.0,-0.2126
-0.653,-0.6523,-0.6533,0.1707,-0.2247,-0.1271,0.2219,0.2751,-0.1752,-0.576,-0.3584,-1.18,-0.2856,-0.1584,-1.0,-1.0,0.6084,0.5884,-0.08923,0.0,0.1364,-0.11743,-0.6084,-0.5864,-0.2113,-0.07587,-0.0947,-0.7266,-0.699,-0.4805,1.977,0.0,0.988,-0.6504,-0.655,0.0,0.0,-0.654,0.0,-0.4543,-0.2056,0.0,0.0,0.0,0.0,-0.0671,0.0,-1.0,-1.5,0.1846,-0.2067,0.0,3.0,0.0,-0.5,0.0,0.0,0.0,-0.247
-0.6523,-0.6514,-0.6523,-0.671,0.6304,-0.1271,0.2219,0.3447,0.7056,-0.3035,-0.3528,-15.95,-0.1428,-0.1584,0.0,0.0,0.3293,0.2766,0.08923,0.0,0.1389,1.4375,-0.6084,-0.596,0.6987,-0.0687,-0.1871,1.961,-0.682,-0.7266,-0.2391,0.4983,0.4858,-0.6484,-0.6543,0.0,0.0,-0.6533,0.0,-0.441,0.381,0.0,0.0,0.0,0.0,0.2214,0.0,-1.0,-1.0,-0.5244,0.7266,1.0,0.0,0.0,-0.5,0.0,0.0,0.0,0.8257
-0.652,-0.651,-0.6523,-0.285,0.2394,-0.1271,0.2219,0.3442,0.286,-0.4094,-0.3481,-0.418,0.0,-0.1584,0.0,0.0,0.438,0.393,0.02231,0.0,0.1414,-0.1439,-0.6084,-0.611,0.289,-0.05835,-0.0863,-0.712,-0.6772,1.961,-0.4802,1.977,-0.482,-0.6475,-0.654,0.0,0.0,-0.653,0.0,-0.446,0.2462,0.0,0.0,0.0,0.0,-0.0965,-1.0,-1.0,-1.0,-0.1226,0.3835,0.0,1.0,0.0,-0.5,0.0,0.0,0.0,-0.3484
-0.6514,-0.651,-0.652,-0.03467,-0.01445,-0.1271,0.2219,0.3923,0.004128,-0.4812,-0.345,-0.6274,0.1428,-0.1683,0.0,-1.0,0.5176,0.4685,-0.02231,0.0,0.1439,0.1923,-0.6084,-0.6216,0.00486,-0.04904,0.01036,-0.4805,-0.6763,-0.712,-0.726,-0.2391,-0.486,-0.6465,-0.6533,0.0,0.0,-0.653,0.0,-0.4495,0.12384,0.0,0.0,0.0,0.0,-0.076,-1.0,-1.0,-1.0,0.0891,0.10724,0.0,2.0,0.0,-0.5,0.0,0.0,0.0,-0.2776
-0.6514,-0.6504,-0.652,-0.2296,0.1827,-0.1271,0.2219,0.2866,0.2168,-0.415,-0.3438,2.1,0.1428,-0.1683,0.0,0.0,0.4385,0.4045,0.02231,0.0,0.1465,-0.467,-0.6084,-0.6216,0.2274,-0.0465,0.191,0.4841,-0.6733,-0.4805,1.96,-0.4802,-0.98,-0.6465,-0.653,0.0,0.0,-0.653,0.0,-0.446,0.02695,0.0,0.0,0.0,0.0,0.03345,0.0,-0.5,-1.0,-0.096,0.3,1.0,0.0,0.0,-0.5,0.0,0.0,0.0,0.1231
-0.652,-0.651,-0.652,0.5596,-0.615,-0.1271,0.2219,0.4421,-0.567,-0.658,-0.3486,-2.447,0.0,-0.1782,-1.0,-1.0,0.7124,0.6675,-0.1339,0.0,0.149,1.224,-0.6084,-0.6216,-0.5483,-0.0562,0.2289,-1.682,-0.673,0.4841,-0.712,-0.726,0.0,-0.6475,-0.653,0.0,0.0,-0.653,0.0,-0.4583,-0.4307,0.0,0.0,0.0,0.0,-0.2903,0.0,-0.5,-1.5,0.716,-0.4119,0.0,1.0,0.0,-0.5,0.0,0.0,0.0,-1.061
-0.652,-0.6514,-0.6523,0.519,-0.5737,-0.1271,0.2219,0.4126,-0.533,-0.659,-0.352,0.06137,-0.1428,-0.1881,-1.0,-1.0,0.711,0.672,-0.1339,0.0,0.1515,-0.1065,-0.6084,-0.6216,-0.504,-0.06494,0.1533,0.0,-0.6694,-1.682,-0.4802,1.96,0.498,-0.6484,-0.653,0.0,0.0,-0.6533,0.0,-0.4583,-0.3418,0.0,0.0,0.0,0.0,0.0,-1.0,-1.0,-1.5,0.6523,-0.399,0.0,0.0,0.0,-0.5,0.0,0.0,0.0,0.0
-0.6523,-0.6514,-0.653,0.4824,-0.5366,-0.1271,0.2219,0.3828,-0.5166,-0.6606,-0.354,0.0988,-0.1428,-0.198,-1.0,-1.0,0.71,0.6763,-0.1339,0.0,0.154,-0.439,-0.6084,-0.6216,-0.4834,-0.06903,-0.183,0.0,-0.6675,0.0,0.4841,-0.712,1.976,-0.649,-0.653,0.0,0.0,-0.6533,0.0,-0.4583,-0.2445,0.0,0.0,0.0,0.0,0.0,-1.0,-1.5,-1.5,0.5664,-0.4182,0.0,0.0,0.0,-0.5,0.0,0.0,0.0,0.0
-0.6523,-0.652,-0.653,0.3381,-0.3928,-0.1271,0.2219,0.1666,-0.4224,-0.628,-0.3523,-0.11444,-0.1428,-0.2079,-1.0,-1.0,0.655,0.6587,-0.1116,0.0,0.1566,-0.443,-0.6084,-0.6216,-0.3833,-0.0654,-0.1746,0.2471,-0.6694,0.0,-1.681,-0.4802,-0.2391,-0.6504,-0.653,0.0,0.0,-0.6533,0.0,-0.4565,0.03537,0.0,0.0,0.0,0.0,0.02472,0.0,-1.0,-1.0,0.4443,-0.2615,1.0,0.0,0.0,-0.5,0.0,0.0,0.0,0.0929
-0.6523,-0.6514,-0.653,-0.1123,0.0625,-0.1271,0.2219,0.1893,-0.004425,-0.4924,-0.3477,-1.349,0.0,-0.2178,0.0,-1.0,0.511,0.5005,-0.02231,0.0,0.159,0.1923,-0.6084,-0.6216,0.03023,-0.05396,-0.1157,0.9844,-0.6724,0.2471,0.0,0.4841,-0.4802,-0.6504,-0.653,0.0,0.0,-0.653,0.0,-0.45,0.2283,0.0,0.0,0.0,0.0,0.1582,0.0,-0.5,-0.5,0.04303,0.2125,2.0,0.0,0.0,-0.5,0.0,0.0,0.0,0.592
-0.653,-0.652,-0.6533,0.675,-0.734,-0.1271,0.2219,0.2834,-0.8223,-0.736,-0.3499,-7.96,0.0,-0.2278,-1.0,-1.0,0.7847,0.7754,-0.1785,0.0,0.1616,0.91,-0.6084,-0.6216,-0.817,-0.04977,0.01036,-1.695,-0.663,0.9844,0.0,-1.681,-0.726,-0.6514,-0.653,0.0,0.0,-0.6533,0.0,-0.462,-0.2311,0.0,0.0,0.0,0.0,-0.2637,0.0,-0.5,-1.0,0.7764,-0.581,0.0,1.0,0.0,-0.5,0.0,0.0,0.0,-0.9707
-0.6533,-0.653,-0.654,0.8496,-0.9097,-0.1271,0.09644,0.2426,-0.9614,-0.8047,-0.359,0.359,-0.1428,-0.2377,-1.0,-1.0,0.859,0.8623,-0.2231,0.0,0.1642,0.592,-0.6084,-0.6216,-0.9263,-0.075,-0.3428,-0.4983,-0.651,-1.695,0.2471,0.0,1.96,-0.6533,-0.6533,0.0,0.0,-0.654,0.0,-0.4656,-0.7793,0.0,0.0,0.0,0.0,-0.1125,0.0,-1.0,-1.5,0.956,-0.7383,0.0,2.0,0.0,-0.5,0.0,0.0,0.0,-0.4265
-0.6543,-0.6533,-0.6543,0.7817,-0.8403,-0.1271,0.09644,0.1824,-0.87,-0.8047,-0.3672,0.02425,-0.2856,-0.2476,-1.0,-1.0,0.853,0.868,-0.2231,0.0,0.1666,0.254,-0.6055,-0.6216,-0.8115,-0.0978,-0.2754,0.0,-0.639,-0.4983,0.9844,0.0,-0.7114,-0.654,-0.6533,0.0,0.0,-0.6543,0.0,-0.4656,-0.74,0.0,0.0,0.0,0.0,0.0,0.0,-1.0,-1.5,0.866,-0.6978,0.0,0.0,0.0,-0.5,0.0,0.0,0.0,0.0
-0.655,-0.654,-0.655,0.607,-0.6636,-0.1271,0.09644,0.1132,-0.6826,-0.77,-0.3733,-0.1293,-0.4285,-0.2573,-1.0,-1.0,0.8076,0.8325,-0.2008,0.0,0.1692,-0.4265,-0.587,-0.6216,-0.611,-0.11383,-0.2377,0.2512,-0.632,0.0,-1.694,0.2471,-0.4802,-0.6543,-0.654,0.0,0.0,-0.6543,0.0,-0.4639,-0.587,0.0,0.0,0.0,0.0,0.0489,0.0,-0.5,-1.0,0.676,-0.552,1.0,0.0,0.0,-0.5,0.0,0.0,0.0,0.1869
-0.6553,-0.6543,-0.656,0.7886,-0.8467,-0.1271,0.09644,0.10095,-0.8647,-0.8394,-0.379,0.4949,-0.4285,-0.2673,-1.0,-1.0,0.8853,0.918,-0.2454,0.0,0.1718,-0.418,-0.5684,-0.6216,-0.804,-0.12274,-0.3552,-0.5005,-0.623,0.2512,-0.4983,0.984,0.484,-0.6553,-0.654,0.0,0.0,-0.655,0.0,-0.4673,-0.541,0.0,0.0,0.0,0.0,-0.05627,-1.0,-1.0,-1.0,0.769,-0.817,0.0,1.0,0.0,-0.5,0.0,0.0,0.0,-0.2141
-0.656,-0.6553,-0.6562,0.955,-1.017,-0.1271,0.09644,-0.003044,-0.964,-0.907,-0.3916,0.2878,-0.5713,-0.2773,-1.0,-1.0,0.955,1.013,-0.29,0.0,0.1742,0.2754,-0.545,-0.6094,-0.949,-0.1412,-0.1115,-0.505,-0.6074,-0.5005,0.0,-1.694,-1.681,-0.6562,-0.655,0.0,0.0,-0.655,0.0,-0.471,-1.295,0.0,1.0,0.0,0.0,-0.073,-1.0,-1.0,-1.5,0.9146,-0.997,0.0,2.0,0.0,-0.5,0.0,0.0,0.0,-0.2803
-0.6567,-0.656,-0.657,0.9927,-1.055,-0.1271,0.09644,-0.0557,-0.959,-0.9404,-0.4026,0.1366,-0.7144,-0.287,-1.0,-1.0,0.9893,1.06,-0.3123,0.0,0.1768,-0.4048,-0.5195,-0.5913,-0.964,-0.162,-0.141,-0.2544,-0.587,-0.505,0.2512,-0.498,0.0,-0.6587,-0.655,0.0,0.0,-0.6553,0.0,-0.4727,-1.225,0.0,1.0,0.0,0.0,-0.0315,-1.0,-1.0,-1.5,0.938,-1.048,0.0,3.0,0.0,-0.5,0.0,0.0,0.0,-0.12195
-0.6577,-0.6567,-0.6577,0.9106,-0.972,-0.3953,0.09644,-0.0863,-0.8486,-0.94,-0.4124,-0.0003445,-0.857,-0.297,-1.0,-1.0,0.986,1.062,-0.3123,0.0,0.1793,-0.06107,-0.4932,-0.5703,-0.8477,-0.1847,-0.1746,0.0,-0.581,-0.2544,-0.5005,0.0,0.0,-0.659,-0.6553,0.0,0.0,-0.6562,0.0,-0.4727,-1.145,0.0,1.0,0.0,0.0,0.0,-1.0,-1.0,-1.5,0.835,-0.994,0.0,0.0,0.0,-0.5,0.0,0.0,0.0,0.0
-0.6587,-0.658,-0.659,1.675,-1.741,-0.3953,0.09644,0.3206,-1.521,-1.181,-0.4287,1.149,-1.0,-0.307,-1.0,-1.0,1.314,1.335,-0.4685,0.0,0.1818,3.135,-0.4487,-0.5356,-1.423,-0.2385,-0.2502,-1.789,-0.5464,0.0,-0.5044,0.2512,0.247,-0.661,-0.656,0.0,0.0,-0.6577,0.0,-0.4849,-1.592,0.0,1.0,0.0,0.0,-0.6665,-2.0,-1.5,-2.0,1.555,-1.752,0.0,1.0,0.0,-0.5,0.0,0.0,0.0,-2.59
-0.66,-0.659,-0.6606,1.652,-1.716,-0.3953,0.09644,0.3308,-1.511,-1.213,-0.4402,0.1345,-1.0,-0.317,-1.0,-1.0,1.356,1.378,-0.4907,0.0,0.1843,1.412,-0.3962,-0.4958,-1.324,-0.2817,-0.4856,-0.2634,-0.513,-1.789,-0.2544,-0.5005,0.984,-0.663,-0.6562,0.0,0.0,-0.6587,0.0,-0.4866,-1.422,0.0,1.0,0.0,0.0,-0.06647,-2.0,-1.5,-2.0,1.548,-1.712,0.0,2.0,0.0,-0.5,0.0,0.0,0.0,-0.2664
-0.6616,-0.6606,-0.6616,1.388,-1.444,-0.3953,0.09644,0.4468,-1.26,-1.177,-0.4512,-0.05426,-1.0,-0.3267,-1.0,-1.0,1.321,1.318,-0.4685,0.0,0.1869,1.399,-0.349,-0.4585,-1.067,-0.3076,-0.2795,0.2646,-0.4888,-0.2634,0.0,-0.5044,-1.694,-0.665,-0.657,0.0,0.0,-0.6597,0.0,-0.4849,-1.3,0.0,1.0,0.0,0.0,0.0581,-1.0,-1.5,-1.5,1.312,-1.429,1.0,0.0,0.0,-0.5,0.0,0.0,0.0,0.2339
-0.6626,-0.6616,-0.663,1.391,-1.446,-0.7754,0.09644,0.4575,-1.247,-1.209,-0.4624,0.1312,-1.0,-0.3367,-1.0,-1.0,1.362,1.359,-0.4907,0.0,0.1895,-0.3684,-0.3079,-0.424,-1.0625,-0.3323,-0.2502,-0.2634,-0.4907,0.2646,-1.789,-0.2544,-0.498,-0.6665,-0.6577,0.0,0.0,-0.661,0.0,-0.4868,-1.336,0.0,1.0,0.0,0.0,-0.06107,-1.0,-1.5,-1.5,1.316,-1.43,0.0,1.0,0.0,-0.5,0.0,0.0,0.0,-0.2446
-0.6636,-0.6626,-0.664,1.15,-1.202,-0.7754,0.09644,0.4783,-0.984,-1.171,-0.4739,-0.112,-1.0,-0.3464,-1.0,-1.0,1.316,1.308,-0.4685,0.0,0.1919,-0.01865,-0.2778,-0.3953,-0.8486,-0.349,-0.3008,0.2646,-0.4941,-0.2634,-0.2634,0.0,0.0,-0.668,-0.6587,0.0,0.0,-0.662,0.0,-0.485,-1.336,0.0,1.0,0.0,0.0,0.04892,0.0,-1.0,-1.5,1.05,-1.233,1.0,0.0,0.0,-0.5,0.0,0.0,0.0,0.1969
-0.6646,-0.6636,-0.665,1.543,-1.603,-0.7754,0.09644,0.555,-1.279,-1.306,-0.491,0.5156,-1.143,-0.3564,-1.0,-1.0,1.495,1.483,-0.5576,0.0,0.1945,1.089,-0.2556,-0.3672,-1.182,-0.3809,-0.389,-1.054,-0.4832,0.2646,0.2646,-1.788,0.2512,-0.6694,-0.6597,0.0,0.0,-0.6636,0.0,-0.492,-1.719,0.0,1.0,0.0,1.0,-0.1929,0.0,-1.5,-2.0,1.38,-1.67,0.0,1.0,0.0,-0.5,0.0,0.0,0.0,-0.773
-0.666,-0.665,-0.6665,1.788,-1.847,-0.7754,0.09644,0.7207,-1.486,-1.406,-0.505,0.338,-1.143,-0.3665,-1.0,-1.0,1.641,1.607,-0.6245,0.0,0.197,1.855,-0.2324,-0.3345,-1.284,-0.4326,-0.372,-0.8047,-0.478,-1.054,-0.2634,-0.2634,-0.5,-0.672,-0.66,0.0,0.0,-0.665,0.0,-0.4973,-1.719,0.0,1.0,0.0,0.0,-0.2878,0.0,-1.5,-2.0,1.625,-1.896,0.0,2.0,0.0,-0.5,0.0,0.0,0.0,-1.174
-0.6675,-0.6665,-0.668,1.505,-1.56,-0.7754,0.09644,0.7407,-1.211,-1.366,-0.516,-0.0776,-1.143,-0.3762,-1.0,-1.0,1.591,1.55,-0.6025,0.0,0.1995,1.112,-0.2083,-0.3022,-0.9785,-0.4663,-0.3596,0.2717,-0.463,-0.8047,0.2646,0.2644,-0.5044,-0.673,-0.6606,0.0,0.0,-0.6665,0.0,-0.4956,-1.666,0.0,1.0,0.0,0.0,0.0643,0.0,-1.0,-1.5,1.374,-1.596,1.0,0.0,0.0,-0.5,0.0,0.0,0.0,0.2656
-0.6685,-0.6675,-0.669,1.375,-1.428,-0.7754,0.09644,0.773,-1.061,-1.36,-0.5273,-0.0074,-1.143,-0.3862,-1.0,-1.0,1.585,1.538,-0.6025,0.0,0.202,0.748,-0.1888,-0.273,-0.843,-0.4912,-0.3762,0.0,-0.455,0.2717,-1.054,-0.2634,-0.2544,-0.6733,-0.6616,0.0,0.0,-0.6675,0.0,-0.4956,-1.666,0.0,1.0,0.0,0.0,0.0,0.0,-1.0,-1.5,1.239,-1.4795,0.0,0.0,0.0,-0.5,0.0,0.0,0.0,0.0
-0.6685,-0.668,-0.669,0.4119,-0.4543,-0.43,0.09644,0.939,-0.05988,-1.112,-0.5337,-1.018,-1.0,-0.396,0.0,-1.0,1.285,1.186,-0.4463,0.0,0.2046,2.445,-0.1788,-0.2489,0.1586,-0.5103,-0.431,1.895,-0.468,0.0,-0.804,0.2644,0.0,-0.6733,-0.6626,0.0,0.0,-0.6685,0.0,-0.4836,-0.935,0.0,0.0,0.0,0.0,0.402,0.0,-0.5,-1.5,0.4026,-0.4429,1.0,0.0,0.0,-0.5,0.0,0.0,0.0,1.654
-0.669,-0.668,-0.6694,0.2683,-0.3115,-0.2932,0.09644,1.02,0.1433,-1.071,-0.538,4.176,-0.857,-0.406,0.0,-1.0,1.243,1.124,-0.4238,0.0,0.207,0.672,-0.187,-0.2343,0.3123,-0.5146,-0.162,0.2622,-0.489,1.895,0.2717,-1.054,-1.788,-0.673,-0.663,0.0,0.0,-0.669,0.0,-0.4822,-0.737,0.0,0.0,0.0,0.0,0.0643,1.0,0.0,-1.0,0.255,-0.3157,2.0,0.0,0.0,-0.5,0.0,0.0,0.0,0.2563
-0.6685,-0.668,-0.669,0.02528,-0.06757,-0.02104,0.09644,0.9937,0.4395,-0.9956,-0.5386,1.399,-0.7144,-0.4158,0.0,-1.0,1.148,1.028,-0.3792,0.0,0.2096,0.3052,-0.2072,-0.2297,0.6133,-0.522,-0.1115,0.5225,-0.5366,0.2622,0.0,-0.804,-0.2634,-0.6724,-0.6636,0.0,0.0,-0.67,0.0,-0.4788,-0.437,0.0,0.0,0.0,0.0,0.05862,2.0,0.5,-0.5,0.0401,-0.05978,3.0,0.0,0.0,-0.5,0.0,0.0,0.0,0.2328
-0.669,-0.668,-0.6694,0.2646,-0.3118,-0.02104,0.09644,1.082,0.2274,-1.059,-0.5405,-0.2764,-0.5713,-0.4258,0.0,-1.0,1.232,1.102,-0.4238,0.0,0.2122,0.3203,-0.2404,-0.2355,0.3662,-0.524,-0.1326,-0.5176,-0.5566,0.5225,1.894,0.2717,0.2644,-0.6714,-0.6646,0.0,0.0,-0.6704,0.0,-0.4822,-0.5,0.0,0.0,0.0,0.0,-0.0927,1.0,0.0,-0.5,0.2942,-0.2693,0.0,1.0,0.0,-1.0,0.0,0.0,0.0,-0.365
-0.669,-0.668,-0.669,0.02205,-0.0677,-0.02104,0.1688,1.117,0.515,-0.9814,-0.5405,1.063,-0.4285,-0.4355,0.0,-1.0,1.143,0.999,-0.3792,0.0,0.2146,0.6533,-0.2856,-0.2448,0.64,-0.527,-0.0821,0.5225,-0.572,-0.5176,0.2622,0.0,-0.2634,-0.6694,-0.665,0.0,0.0,-0.671,0.0,-0.479,-0.3418,0.0,0.0,0.0,0.0,0.0819,2.0,0.5,0.0,-0.002008,-0.1024,1.0,0.0,0.0,-1.0,0.0,0.0,0.0,0.3254
-0.668,-0.667,-0.6685,-0.523,0.487,-0.02104,0.1688,0.869,1.077,-0.802,-0.5317,1.121,-0.2856,-0.4456,0.0,-1.0,0.9116,0.7993,-0.2678,0.0,0.2172,1.291,-0.3267,-0.259,1.247,-0.5205,-0.10315,1.295,-0.5786,0.5225,0.522,1.894,0.2644,-0.667,-0.6655,0.0,0.0,-0.671,0.0,-0.4705,0.515,0.0,0.0,0.0,0.0,0.2064,2.0,0.5,0.5,-0.4644,0.4998,2.0,0.0,0.0,-1.0,0.0,0.0,0.0,0.813
-0.6675,-0.6665,-0.668,-0.4587,0.4246,-0.02104,0.1688,0.808,0.981,-0.7964,-0.522,0.05478,-0.1428,-0.4556,0.0,-1.0,0.9,0.798,-0.2678,0.0,0.2197,0.6094,-0.366,-0.28,1.165,-0.507,0.10284,0.0,-0.59,1.295,-0.5176,0.2622,-1.054,-0.665,-0.666,0.0,0.0,-0.6714,0.0,-0.4705,0.6113,0.0,0.0,0.0,0.0,0.0,1.0,0.5,0.5,-0.4192,0.4219,0.0,0.0,0.0,-1.0,0.0,0.0,0.0,0.0
-0.667,-0.666,-0.6675,-0.4016,0.3677,-0.02104,0.1688,0.687,0.895,-0.79,-0.513,0.05716,0.0,-0.4653,0.0,-1.0,0.882,0.8022,-0.2678,0.0,0.2222,-0.0727,-0.409,-0.309,1.105,-0.4963,0.2834,0.0,-0.5933,0.0,0.522,0.522,-0.804,-0.6636,-0.6665,0.0,0.0,-0.6714,0.0,-0.4705,0.56,0.0,0.0,0.0,0.0,0.0,0.0,0.5,0.0,-0.3796,0.3499,0.0,0.0,0.0,-1.0,0.0,0.0,0.0,0.0
-0.667,-0.666,-0.6675,0.2117,-0.2512,-0.02104,0.1688,0.9316,0.2058,-0.958,-0.5073,-0.6055,0.1428,-0.4753,0.0,-1.0,1.099,0.987,-0.3792,0.0,0.2247,1.698,-0.4543,-0.3435,0.4177,-0.488,0.3088,-1.267,-0.6016,0.0,1.294,-0.5176,0.2717,-0.663,-0.667,0.0,0.0,-0.6714,0.0,-0.4792,0.203,0.0,0.0,0.0,0.0,-0.2389,0.0,0.0,0.0,0.2517,-0.2015,0.0,1.0,0.0,-1.0,0.0,0.0,0.0,-0.921
-0.667,-0.666,-0.6675,-0.1342,0.0996,-0.02104,0.1688,0.8936,0.5254,-0.8477,-0.5005,1.235,0.2856,-0.485,0.0,-1.0,0.9663,0.853,-0.3123,0.0,0.2273,-0.06104,-0.508,-0.3826,0.7607,-0.481,0.3508,0.777,-0.6016,-1.267,0.0,0.522,0.0,-0.6626,-0.667,0.0,0.0,-0.6714,0.0,-0.474,0.312,0.0,0.0,0.0,0.0,0.1207,0.0,0.5,0.0,-0.08905,0.1279,1.0,0.0,0.0,-1.0,0.0,0.0,0.0,0.4753
-0.6665,-0.6655,-0.667,-0.2202,0.185,-0.02104,0.1688,0.7593,0.541,-0.8086,-0.4897,0.1702,0.4285,-0.495,0.0,-1.0,0.909,0.8174,-0.29,0.0,0.2299,-0.4092,-0.557,-0.4268,0.822,-0.4695,0.1112,0.2556,-0.5986,0.777,0.0,1.294,1.894,-0.662,-0.6675,0.0,0.0,-0.6714,0.0,-0.4724,0.705,0.0,0.0,0.0,0.0,0.0265,0.0,0.5,0.5,-0.1967,0.1832,2.0,0.0,-1.0,-1.0,0.0,0.0,0.0,0.103
-0.6665,-0.6655,-0.667,0.2632,-0.3088,-0.02104,0.1688,0.6523,-0.0697,-0.943,-0.4795,-0.878,0.5713,-0.505,0.0,-1.0,1.056,0.9946,-0.3792,0.0,0.2323,0.3052,-0.555,-0.4631,0.09076,-0.43,0.09863,-1.018,-0.598,0.2556,-1.267,0.0,0.2622,-0.662,-0.668,0.0,0.0,-0.6714,0.0,-0.4792,0.6113,0.0,0.0,0.0,0.0,-0.1497,0.0,0.0,0.5,0.302,-0.2563,0.0,1.0,-1.0,-1.0,0.0,0.0,0.0,-0.579
-0.6665,-0.6655,-0.667,0.02151,-0.06836,-0.02104,0.2686,0.568,0.07495,-0.8687,-0.4688,3.637,0.7144,-0.5146,0.0,-1.0,0.961,0.9097,-0.3347,0.0,0.2349,0.2903,-0.522,-0.4897,0.1882,-0.4019,0.02296,0.5176,-0.597,-1.018,0.7764,0.0,0.522,-0.6626,-0.6685,0.0,0.0,-0.671,0.0,-0.476,0.656,0.0,0.0,0.0,0.0,0.06757,1.0,0.0,0.5,0.1025,0.01111,1.0,0.0,-1.0,-1.0,0.0,0.0,0.0,0.266
-0.6665,-0.6655,-0.667,0.2568,-0.3127,-0.02104,0.2686,0.497,-0.2686,-0.9336,-0.4597,-1.839,0.7144,-0.525,-1.0,-1.0,1.031,0.998,-0.3792,0.0,0.2374,-0.3916,-0.485,-0.5083,-0.1725,-0.382,0.1154,-0.513,-0.5977,0.5176,0.2556,-1.267,-0.5176,-0.663,-0.669,0.0,0.0,-0.6704,0.0,-0.4795,0.4868,0.0,0.0,0.0,0.0,-0.07196,1.0,0.0,0.5,0.2603,-0.2996,0.0,1.0,-1.0,-1.0,0.0,0.0,0.0,-0.2808
-0.667,-0.666,-0.6675,0.4758,-0.5356,-0.02104,0.2686,0.3,-0.5303,-0.9995,-0.4575,2.014,0.5713,-0.5347,-1.0,-1.0,1.091,1.101,-0.4238,0.0,0.2399,-0.03104,-0.457,-0.519,-0.475,-0.3723,0.03976,-0.5176,-0.6006,-0.513,-1.018,0.7764,0.522,-0.664,-0.669,0.0,0.0,-0.6704,0.0,-0.483,-0.065,0.0,0.0,0.0,0.0,-0.0762,0.0,-0.5,0.0,0.4814,-0.503,0.0,2.0,-1.0,-1.0,0.0,0.0,0.0,-0.3
-0.667,-0.666,-0.6675,0.0971,-0.1533,-0.02104,0.2686,0.1775,-0.1782,-0.8916,-0.4543,-0.787,0.4285,-0.5444,-1.0,-1.0,0.953,0.9756,-0.357,0.0,0.2424,-0.396,-0.4363,-0.5234,-0.1401,-0.365,-0.1788,0.7837,-0.601,-0.5176,0.5176,0.2554,1.294,-0.664,-0.6694,0.0,0.0,-0.67,0.0,-0.4778,0.06683,0.0,0.0,0.0,0.0,0.1663,0.0,-0.5,0.0,0.1381,-0.11145,1.0,0.0,-1.0,-1.0,0.0,0.0,0.0,0.66
-0.667,-0.666,-0.6675,0.10016,-0.1566,-0.02104,0.2686,0.1775,-0.1873,-0.8887,-0.4526,0.2993,0.2856,-0.5547,-1.0,-1.0,0.949,0.9717,-0.357,0.0,0.245,0.2976,-0.4243,-0.5186,-0.1677,-0.3599,-0.1956,0.0,-0.6123,0.7837,-0.513,-1.018,0.0,-0.6646,-0.6694,0.0,0.0,-0.6694,0.0,-0.478,-0.065,0.0,0.0,0.0,0.0,0.0,0.0,-0.5,-0.5,0.1141,-0.1439,0.0,0.0,-1.0,-1.0,0.0,0.0,0.0,0.0
-0.666,-0.6655,-0.6665,-0.561,0.514,-0.02104,0.5723,0.1824,0.4868,-0.676,-0.445,-10.12,0.2856,-0.5645,0.0,-1.0,0.709,0.714,-0.2231,0.0,0.2474,0.93,-0.4167,-0.504,0.509,-0.347,-0.2124,1.547,-0.629,0.0,-0.5176,0.5176,0.0,-0.664,-0.6694,0.0,0.0,-0.6685,0.0,-0.4678,0.4404,0.0,0.0,0.0,0.0,0.4165,0.0,0.0,0.0,-0.4585,0.5723,1.0,0.0,-1.0,-1.0,0.0,0.0,0.0,1.634
-0.666,-0.6655,-0.6665,0.05743,-0.11273,-0.02104,0.5723,0.2295,-0.16,-0.8486,-0.4426,-1.035,0.1428,-0.574,-1.0,-1.0,0.908,0.918,-0.3347,0.0,0.25,0.6353,-0.4182,-0.49,-0.1425,-0.3416,0.006153,-1.257,-0.6606,1.547,0.783,-0.513,-1.267,-0.6636,-0.6694,0.0,0.0,-0.668,0.0,-0.4763,-0.01921,0.0,0.0,0.0,0.0,-0.2134,0.0,0.0,-0.5,0.1261,-0.04385,0.0,1.0,-1.0,-1.0,0.0,0.0,0.0,-0.8154
-0.667,-0.666,-0.667,0.881,-0.9443,-0.02104,-0.3452,0.3308,-0.9526,-1.09,-0.4487,14.88,0.0,-0.584,-1.0,-1.0,1.203,1.214,-0.4907,0.0,0.2524,1.768,-0.4304,-0.4822,-0.955,-0.3525,-0.1115,-1.797,-0.6904,-1.257,0.0,-0.5176,0.7764,-0.6646,-0.67,0.0,0.0,-0.6675,0.0,-0.4885,-0.699,0.0,0.0,0.0,0.0,-0.3757,0.0,-0.5,-1.0,1.001,-0.7554,0.0,2.0,-1.0,-1.0,0.0,0.0,0.0,-1.467
-0.6675,-0.6665,-0.668,0.81,-0.8716,-0.02104,-0.3452,0.299,-0.865,-1.086,-0.455,0.02806,-0.1428,-0.594,-1.0,-1.0,1.195,1.212,-0.4907,0.0,0.2551,0.3438,-0.4487,-0.4814,-0.8735,-0.368,-0.1871,0.0,-0.683,-1.797,1.546,0.783,0.2554,-0.6655,-0.67,0.0,0.0,-0.668,0.0,-0.4885,-0.699,0.0,0.0,0.0,0.0,0.0,-1.0,-1.0,-1.0,0.935,-0.683,0.0,0.0,-1.0,-1.0,0.0,0.0,0.0,0.0
-0.668,-0.6675,-0.6685,0.9873,-1.05,-0.02104,-0.3452,0.3518,-1.013,-1.151,-0.4626,0.3594,-0.2856,-0.604,-1.0,-1.0,1.28,1.293,-0.5356,0.0,0.2576,0.3596,-0.4722,-0.4854,-1.029,-0.3857,-0.0569,-0.5293,-0.6646,0.0,-1.256,0.0,-1.018,-0.6665,-0.6704,0.0,0.0,-0.668,0.0,-0.492,-0.7793,0.0,0.0,0.0,0.0,-0.0855,-1.0,-1.0,-1.0,1.0625,-0.902,0.0,1.0,-1.0,-1.0,0.0,0.0,0.0,-0.344
-0.6685,-0.668,-0.669,0.666,-0.7236,-0.4705,-0.3452,0.2356,-0.7144,-1.077,-0.4653,-0.2214,-0.4285,-0.614,-1.0,-1.0,1.179,1.206,-0.4907,0.0,0.26,0.6997,-0.499,-0.4932,-0.7246,-0.396,-0.1704,0.534,-0.6543,-0.5293,-1.796,1.546,0.5176,-0.667,-0.6704,0.0,0.0,-0.6685,0.0,-0.4885,-0.4255,0.0,0.0,0.0,0.0,0.0774,-1.0,-1.0,-0.5,0.7446,-0.5967,1.0,0.0,-1.0,-1.0,0.0,0.0,0.0,0.3142
-0.669,-0.6685,-0.6694,0.615,-0.672,-0.4705,-0.3452,0.2356,-0.643,-1.074,-0.4702,0.01242,-0.5713,-0.6235,-1.0,-1.0,1.175,1.202,-0.4907,0.0,0.2627,-0.012375,-0.529,-0.5044,-0.6533,-0.4092,-0.1157,0.0,-0.6475,0.534,0.0,-1.256,-0.513,-0.668,-0.6704,0.0,0.0,-0.6685,0.0,-0.4888,-0.6367,0.0,0.0,0.0,0.0,0.0,-1.0,-1.0,-1.0,0.6836,-0.56,0.0,0.0,-1.0,-1.0,0.0,0.0,0.0,0.0
-0.6685,-0.6675,-0.669,-0.4575,0.4158,-0.176,-0.3452,0.3933,0.504,-0.7554,-0.4697,-2.24,-0.5713,-0.634,0.0,-1.0,0.816,0.788,-0.29,0.0,0.2651,2.33,-0.56,-0.5186,0.4707,-0.4075,-0.0527,2.38,-0.6436,0.0,-0.5293,-1.796,-0.5176,-0.6685,-0.67,0.0,0.0,-0.6685,0.0,-0.4734,-0.1375,0.0,0.0,0.0,0.0,0.607,0.0,-0.5,-1.0,-0.2664,0.578,1.0,0.0,-1.0,-1.0,0.0,0.0,0.0,2.443
-0.668,-0.667,-0.6685,-0.6187,0.5806,0.0893,-0.3452,0.3428,0.7026,-0.683,-0.4644,0.495,-0.5713,-0.6436,0.0,-1.0,0.731,0.7065,-0.2454,0.0,0.2676,-0.0785,-0.5747,-0.533,0.6147,-0.3884,-0.1536,0.509,-0.6406,2.38,0.5337,0.0,0.783,-0.668,-0.6694,0.0,0.0,-0.6685,0.0,-0.4702,0.1836,0.0,0.0,0.0,0.0,0.17,1.0,-0.5,-0.5,-0.4214,0.737,2.0,0.0,-1.0,-1.0,0.0,0.0,0.0,0.658
-0.667,-0.666,-0.6675,-0.761,0.7266,0.3523,-0.3452,0.2932,0.901,-0.61,-0.459,0.4084,-0.5713,-0.6533,0.0,-1.0,0.646,0.6255,-0.2008,0.0,0.2703,-0.08984,-0.579,-0.5474,0.8203,-0.3804,-0.1326,0.505,-0.631,0.509,0.0,-0.529,0.0,-0.666,-0.669,0.0,0.0,-0.668,0.0,-0.4668,0.1836,0.0,0.0,0.0,0.0,0.0772,2.0,0.0,-0.5,-0.559,0.877,3.0,0.0,-1.0,-1.0,0.0,0.0,0.0,0.2964
-0.666,-0.665,-0.6665,-0.887,0.8564,0.6133,-0.3452,0.3037,1.061,-0.537,-0.4507,0.3154,-0.4285,-0.6636,0.0,-1.0,0.5684,0.5405,-0.1561,0.0,0.2727,-0.101,-0.5786,-0.561,0.9785,-0.364,-0.3552,0.5005,-0.6133,0.505,2.38,0.5337,1.546,-0.6636,-0.6685,0.0,0.0,-0.668,0.0,-0.4634,0.3975,0.0,0.0,0.0,0.0,0.1167,2.0,0.0,0.0,-0.6816,1.001,4.0,0.0,-0.5,-1.0,0.0,0.0,0.0,0.444
-0.6646,-0.6636,-0.665,-1.405,1.387,1.39,-0.3452,0.3054,1.647,-0.3237,-0.4363,0.691,-0.2856,-0.6636,0.0,0.0,0.3464,0.3025,-0.02231,0.0,0.2751,0.1923,-0.5684,-0.572,1.541,-0.3315,-0.1326,1.489,-0.565,0.5005,0.509,0.0,-1.256,-0.66,-0.6675,0.0,0.0,-0.667,0.0,-0.4534,0.7417,0.0,0.0,0.0,0.0,0.442,3.0,0.5,0.5,-1.141,1.556,5.0,0.0,0.0,-1.0,0.0,0.0,0.0,1.667
-0.6626,-0.6616,-0.663,-1.556,1.544,1.768,-0.3452,0.3635,1.853,-0.2157,-0.4216,0.2705,-0.1428,-0.6636,0.0,0.0,0.243,0.1807,0.04462,0.0,0.2778,0.4946,-0.5425,-0.5767,1.716,-0.2974,0.2205,0.7266,-0.511,1.489,0.5044,2.38,-1.796,-0.6562,-0.666,0.0,0.0,-0.666,0.0,-0.4485,0.7417,0.0,0.0,0.0,0.0,0.1953,3.0,1.0,0.5,-1.252,1.744,5.734,0.0,0.5,-1.0,0.0,0.0,0.0,0.719
-0.661,-0.66,-0.6616,-1.393,1.382,1.768,-0.3452,0.3062,1.682,-0.2134,-0.4072,0.04773,0.0,-0.6636,0.0,0.0,0.2356,0.1837,0.04462,0.0,0.2803,-0.471,-0.5146,-0.5776,1.613,-0.2793,0.3213,0.0,-0.4697,0.7266,0.5005,0.509,0.0,-0.6523,-0.6655,0.0,0.0,-0.665,0.0,-0.4485,0.7417,0.0,0.0,0.0,0.0,0.0,2.0,1.0,0.5,-1.177,1.499,0.0,0.0,0.5,-1.0,0.0,0.0,0.0,0.0
-0.6597,-0.6587,-0.66,-1.631,1.635,1.768,-0.3452,0.2415,1.907,-0.07104,-0.3948,0.3538,0.0,-0.6636,0.0,0.0,0.0909,0.0413,0.1339,0.0,0.2827,0.464,-0.4817,-0.5645,1.872,-0.2551,0.5063,0.957,-0.4194,0.0,1.488,0.5044,-0.529,-0.6494,-0.6646,0.0,0.0,-0.664,0.0,-0.4417,0.6797,0.0,0.0,0.0,0.0,0.1821,2.0,1.5,0.5,-1.384,1.727,1.0,0.0,0.5,-1.0,0.0,0.0,0.0,0.6626
-0.658,-0.657,-0.6587,-0.9697,0.9595,1.768,-0.3452,0.258,1.259,-0.2454,-0.3818,-0.2502,0.1428,-0.6636,0.0,0.0,0.2632,0.2224,0.02231,0.0,0.2854,0.1792,-0.4495,-0.5464,1.27,-0.24,0.5483,-1.177,-0.398,0.957,0.726,0.5005,0.5337,-0.6475,-0.6636,0.0,0.0,-0.663,0.0,-0.4504,0.6797,0.0,0.0,0.0,0.0,-0.135,1.0,1.0,0.5,-0.822,1.035,0.0,1.0,0.5,-1.0,0.0,0.0,0.0,-0.4834
-0.657,-0.6562,-0.6577,-0.9663,0.9536,1.768,-0.3452,0.1628,1.162,-0.2086,-0.363,0.0653,0.2856,-0.6636,0.0,0.0,0.218,0.1924,0.04462,0.0,0.2878,0.4946,-0.4104,-0.522,1.216,-0.2085,0.645,0.2402,-0.38,-1.177,0.0,1.488,0.0,-0.646,-0.663,0.0,0.0,-0.662,0.0,-0.4487,1.282,1.0,0.0,0.0,0.0,0.03632,1.0,1.5,1.0,-0.8066,1.042,1.0,0.0,0.5,-1.0,0.0,0.0,0.0,0.1327
-0.6562,-0.6553,-0.6567,-0.7593,0.742,1.768,-0.3452,0.1428,0.8315,-0.242,-0.345,-0.1405,0.4285,-0.6636,0.0,0.0,0.2494,0.2297,0.02231,0.0,0.2903,-0.1439,-0.3696,-0.4941,0.929,-0.1782,0.3677,-0.2393,-0.3735,0.2402,0.9565,0.726,2.38,-0.6445,-0.6626,0.0,0.0,-0.661,0.0,-0.4504,1.1875,1.0,0.0,0.0,0.0,-0.02156,0.0,1.0,1.0,-0.624,0.82,0.0,1.0,0.5,-1.0,0.0,0.0,0.0,-0.0784
-0.656,-0.655,-0.6562,-0.676,0.6523,1.768,-0.3452,0.08527,0.6094,-0.2408,-0.3254,-0.1148,0.5713,-0.6636,0.0,0.0,0.2432,0.2341,0.02231,0.0,0.293,-0.467,-0.3335,-0.4644,0.7773,-0.1503,0.3423,0.0,-0.366,-0.2393,-1.177,0.0,0.509,-0.6445,-0.662,0.0,0.0,-0.66,0.0,-0.4504,1.381,1.0,0.0,0.0,0.0,0.0,0.0,0.5,1.0,-0.5693,0.7056,0.0,0.0,0.5,-1.0,0.0,0.0,0.0,0.0
-0.6553,-0.6543,-0.656,-0.2874,0.2544,1.768,-0.3452,0.1109,0.0735,-0.3442,-0.3093,-0.6685,0.7144,-0.6636,0.0,0.0,0.3499,0.3433,-0.04462,0.0,0.2954,0.526,-0.3027,-0.4336,0.2627,-0.12115,0.3088,-0.7207,-0.3672,0.0,0.2401,0.9565,0.5044,-0.645,-0.6616,0.0,0.0,-0.659,0.0,-0.4558,1.045,1.0,0.0,0.0,0.0,-0.1381,-1.0,0.0,0.5,-0.1625,0.3577,0.0,1.0,0.5,-1.0,0.0,0.0,0.0,-0.5044
-0.655,-0.654,-0.6553,-0.3555,0.3164,1.768,-0.3452,0.1603,0.01268,-0.3079,-0.293,-0.2106,0.857,-0.6636,0.0,0.0,0.3174,0.299,-0.02231,0.0,0.298,0.518,-0.2793,-0.4,0.2081,-0.08813,0.2542,0.243,-0.3618,-0.7207,-0.2391,-1.177,0.5,-0.6455,-0.661,0.0,0.0,-0.6587,0.0,-0.454,1.072,1.0,0.0,0.0,0.0,0.04398,0.0,0.0,1.0,-0.326,0.3108,1.0,0.0,0.5,-1.0,0.0,0.0,0.0,0.1626
-0.6543,-0.6533,-0.655,-0.2054,0.16,1.768,-0.3452,0.02348,-0.2001,-0.3428,-0.2844,-1.683,0.7144,-0.6636,-1.0,0.0,0.3406,0.35,-0.04462,0.0,0.3005,0.526,-0.2617,-0.3652,-0.0773,-0.056,0.02718,-0.2421,-0.365,0.243,0.0,0.2401,1.488,-0.647,-0.6606,0.0,0.0,-0.658,0.0,-0.4558,0.6597,0.0,0.0,0.0,0.0,-0.04578,-1.0,-0.5,0.5,-0.1956,0.1445,0.0,1.0,0.5,-1.0,0.0,0.0,0.0,-0.1686
-0.654,-0.6533,-0.6543,-0.1748,0.1257,1.768,0.6187,-0.00565,-0.2761,-0.342,-0.2773,1.125,0.5713,-0.6636,-1.0,0.0,0.3374,0.3523,-0.04462,0.0,0.303,-0.1282,-0.247,-0.333,-0.2106,-0.03003,-0.10315,0.0,-0.391,-0.2421,-0.72,-0.2391,0.726,-0.6475,-0.66,0.0,0.0,-0.6567,0.0,-0.456,0.56,0.0,0.0,0.0,0.0,0.0,-1.0,-1.0,0.0,-0.191,0.0841,0.0,0.0,0.5,-1.0,0.0,0.0,0.0,0.0
-0.6533,-0.653,-0.654,-0.3577,0.3079,1.768,0.6187,-0.02187,-0.1151,-0.2717,-0.2705,-0.9536,0.5713,-0.6636,0.0,0.0,0.2646,0.2776,0.0,0.0,0.3057,-0.1387,-0.2454,-0.3074,-0.04932,-0.01567,-0.11993,0.4863,-0.422,0.0,0.243,0.0,0.0,-0.6475,-0.6597,0.0,0.0,-0.656,0.0,-0.4526,0.56,0.0,0.0,0.0,0.0,0.05725,0.0,-0.5,0.0,-0.3623,0.2646,1.0,0.0,0.5,-1.0,0.0,0.0,0.0,0.2117
-0.653,-0.652,-0.6533,-0.6226,0.5737,1.768,0.6187,-0.01714,0.1545,-0.1658,-0.263,14.88,0.5713,-0.6636,0.0,0.0,0.1597,0.1644,0.06696,0.0,0.308,0.1664,-0.251,-0.2878,0.1997,0.00418,-0.2964,0.7236,-0.4697,0.4863,-0.2421,-0.72,0.9565,-0.6475,-0.6587,0.0,0.0,-0.6543,0.0,-0.4475,0.6113,0.0,0.0,0.0,0.0,0.10455,1.0,-0.5,0.0,-0.649,0.4863,2.0,0.0,0.5,-1.0,0.0,0.0,0.0,0.3835
-0.652,-0.651,-0.6523,-0.754,0.7075,1.768,0.6187,-0.0896,0.339,-0.09564,-0.2583,0.894,0.5713,-0.6636,0.0,0.0,0.08496,0.0983,0.1116,0.0,0.3105,-0.1643,-0.258,-0.275,0.3538,0.01955,-0.09894,0.4766,-0.518,0.7236,0.0,0.243,-1.177,-0.6465,-0.658,0.0,0.0,-0.653,0.0,-0.4443,0.381,0.0,0.0,0.0,0.0,0.0635,1.0,0.0,0.0,-0.786,0.6035,3.0,0.0,0.5,-1.0,0.0,0.0,0.0,0.2301
-0.651,-0.6504,-0.6514,-0.77,0.7246,1.768,0.6187,-0.1254,0.4226,-0.05972,-0.2551,0.3445,0.5713,-0.6636,0.0,0.0,0.04718,0.06476,0.1339,0.0,0.3132,0.1475,-0.2676,-0.272,0.4321,0.0269,-0.12415,0.2363,-0.589,0.4766,0.486,-0.2421,0.2401,-0.6455,-0.657,0.0,0.0,-0.6514,0.0,-0.4426,0.237,0.0,0.0,0.0,0.0,0.04553,2.0,0.0,0.0,-0.7905,0.6323,4.0,0.0,0.5,-1.0,0.0,0.0,0.0,0.1637
-0.651,-0.65,-0.6514,0.04105,-0.0959,1.768,0.3765,0.04425,-0.3757,-0.3057,-0.257,-1.485,0.4285,-0.6636,-1.0,0.0,0.3047,0.3079,-0.02231,0.0,0.3157,0.518,-0.2878,-0.278,-0.382,0.02686,-0.0653,-1.648,-0.6265,0.2363,0.723,0.0,-0.2391,-0.6455,-0.6567,0.0,0.0,-0.6504,0.0,-0.4546,-0.355,0.0,0.0,0.0,0.0,-0.2886,2.0,0.0,0.0,0.00963,-0.1372,0.0,1.0,0.5,-1.0,0.0,0.0,0.0,-1.033
-0.6504,-0.65,-0.651,-0.2666,0.2148,1.768,0.3765,0.07684,0.01114,-0.199,-0.26,-1.485,0.4285,-0.6636,0.0,0.0,0.2008,0.1904,0.04462,0.0,0.318,1.139,-0.3164,-0.2898,-0.00118,0.02061,-0.0737,0.7266,-0.6606,-1.648,0.4763,0.486,0.0,-0.6445,-0.656,0.0,0.0,-0.65,0.0,-0.4497,-0.437,0.0,0.0,0.0,0.0,0.09924,2.0,0.5,0.0,-0.3052,0.142,1.0,0.0,0.5,-1.0,0.0,0.0,0.0,0.3655
-0.65,-0.649,-0.65,-0.638,0.5923,1.768,0.3765,0.10034,0.4397,-0.05795,-0.256,3.865,0.4285,-0.6636,0.0,0.0,0.06573,0.04138,0.1339,0.0,0.3208,0.781,-0.3552,-0.3079,0.4453,0.02434,0.05658,0.957,-0.683,0.7266,0.2363,0.723,-0.72,-0.6436,-0.6553,0.0,0.0,-0.649,0.0,-0.4429,0.25,0.0,0.0,0.0,0.0,0.1871,2.0,1.0,0.5,-0.619,0.553,2.0,0.0,0.5,-1.0,0.0,0.0,0.0,0.6807
-0.6494,-0.6484,-0.6494,-0.3608,0.3118,1.768,0.3765,0.0887,0.1873,-0.1288,-0.2546,-0.356,0.4285,-0.6636,0.0,0.0,0.133,0.1156,0.08923,0.0,0.3232,0.16,-0.3936,-0.33,0.1698,0.03268,0.0482,-0.471,-0.699,0.957,-1.647,0.4763,0.2429,-0.643,-0.655,0.0,0.0,-0.6484,0.0,-0.4463,0.01233,0.0,0.0,0.0,0.0,-0.10767,1.0,0.5,0.0,-0.3462,0.2893,0.0,1.0,0.5,-1.0,0.0,0.0,0.0,-0.3855
-0.649,-0.6484,-0.6494,-0.001272,-0.05206,1.768,0.3765,0.1716,-0.1655,-0.2349,-0.2546,-1.137,0.2856,-0.6636,-1.0,0.0,0.2449,0.2194,0.02231,0.0,0.3257,0.5024,-0.4333,-0.3528,-0.1874,0.03436,0.1112,-0.712,-0.699,-0.471,0.726,0.2363,-0.242,-0.643,-0.6543,0.0,0.0,-0.6484,0.0,-0.4517,-0.1375,0.0,0.0,0.0,0.0,-0.1126,0.0,0.5,0.0,0.02994,-0.0285,0.0,2.0,0.5,-1.0,0.0,0.0,0.0,-0.4065
-0.6484,-0.6475,-0.6484,-0.706,0.664,-0.4153,0.3765,0.2798,0.5977,0.01013,-0.25,-16.47,0.2856,-0.6636,0.0,0.0,0.01704,-0.04504,0.1785,0.0,0.3284,1.393,-0.4731,-0.374,0.5894,0.04138,0.12384,1.682,-0.695,-0.712,0.9565,-1.647,0.0,-0.6426,-0.653,0.0,0.0,-0.648,0.0,-0.4397,0.2659,0.0,0.0,0.0,0.0,0.2874,1.0,1.0,0.5,-0.5884,0.7266,1.0,0.0,0.5,-1.0,0.0,0.0,0.0,1.05
-0.647,-0.646,-0.6475,-1.115,1.082,0.0678,0.3765,0.2084,1.054,0.1824,-0.2396,0.8447,0.2856,-0.6636,0.0,0.0,-0.1488,-0.2089,0.29,0.0,0.3308,0.1049,-0.4993,-0.3928,0.9663,0.08014,0.0818,1.168,-0.6543,1.682,-0.4707,0.726,0.4858,-0.6416,-0.652,0.0,0.0,-0.6475,0.0,-0.4314,0.6846,0.0,0.0,0.0,0.0,0.4678,1.0,1.0,1.0,-0.931,1.186,2.0,0.0,0.5,-1.0,0.0,0.0,0.0,1.662
-0.6455,-0.6445,-0.646,-1.282,1.254,0.426,0.3765,0.2102,1.256,0.2837,-0.2279,0.3325,0.2856,-0.6636,0.0,0.0,-0.2397,-0.3064,0.357,0.0,0.3333,0.697,-0.508,-0.409,1.174,0.1065,0.01035,0.6875,-0.6094,1.168,-0.712,0.9565,0.723,-0.639,-0.6504,0.0,0.0,-0.6465,0.0,-0.4265,0.751,0.0,0.0,0.0,0.0,0.1322,1.0,1.0,1.0,-1.069,1.376,3.0,0.0,0.5,-1.0,0.0,0.0,0.0,0.4607
-0.6445,-0.644,-0.645,-0.5625,0.527,0.426,0.3765,0.401,0.4563,0.06885,-0.2197,-0.4968,0.4285,-0.6636,0.0,0.0,-0.02713,-0.1155,0.2231,0.0,0.336,1.683,-0.499,-0.4265,0.3748,0.1282,-0.01906,-1.359,-0.5996,0.6875,1.681,-0.4707,0.4763,-0.6377,-0.649,0.0,0.0,-0.646,0.0,-0.4368,0.4243,0.0,0.0,0.0,0.0,-0.3574,1.0,0.5,1.0,-0.3164,0.74,0.0,1.0,0.5,-1.0,0.0,0.0,0.0,-1.231
-0.645,-0.644,-0.645,0.2224,-0.2686,0.426,-0.3086,0.5537,-0.3962,-0.1799,-0.2164,-1.493,0.4285,-0.6636,-1.0,0.0,0.2247,0.1247,0.06696,0.0,0.3384,0.8076,-0.4863,-0.4426,-0.4753,0.1383,-0.04007,-1.623,-0.6,-1.359,1.168,-0.712,0.2362,-0.638,-0.648,0.0,0.0,-0.646,0.0,-0.449,0.06683,0.0,0.0,0.0,0.0,-0.31,1.0,0.0,1.0,0.492,0.0316,0.0,2.0,0.5,-1.0,0.0,0.0,0.0,-1.093
-0.645,-0.644,-0.6455,0.32,-0.3677,0.426,-0.4312,0.593,-0.5283,-0.2172,-0.2156,0.658,0.2856,-0.6636,-1.0,0.0,0.2651,0.1603,0.04462,0.0,0.3408,0.1727,-0.4785,-0.459,-0.596,0.1396,0.2416,-0.2383,-0.601,-1.623,0.6875,1.681,-1.647,-0.6387,-0.6475,0.0,0.0,-0.646,0.0,-0.4507,-0.05426,0.0,0.0,0.0,0.0,-0.03607,0.0,0.0,0.5,0.5605,-0.09155,0.0,3.0,0.5,-1.0,0.0,0.0,0.0,-0.1307
-0.645,-0.644,-0.6455,0.1964,-0.2428,0.426,-0.4312,0.5537,-0.4126,-0.1841,-0.2162,-0.1642,0.1428,-0.6636,-1.0,0.0,0.2289,0.129,0.06696,0.0,0.3435,-0.1542,-0.4731,-0.476,-0.4683,0.1368,0.128,0.2393,-0.6025,-0.2383,-1.359,1.168,0.726,-0.638,-0.647,0.0,0.0,-0.646,0.0,-0.449,-0.1375,0.0,0.0,0.0,0.0,0.06635,0.0,0.0,0.5,0.4307,0.01689,1.0,0.0,0.5,-1.0,0.0,0.0,0.0,0.2413
-0.6455,-0.6445,-0.646,0.7295,-0.7803,0.426,-0.4312,0.6646,-0.935,-0.3618,-0.222,2.068,0.0,-0.6636,-1.0,0.0,0.4175,0.3098,-0.04462,0.0,0.346,0.526,-0.472,-0.4937,-1.002,0.1293,-0.0359,-1.191,-0.6025,0.2393,-1.622,0.687,0.9565,-0.6396,-0.647,0.0,0.0,-0.646,0.0,-0.4578,-0.4236,0.0,0.0,0.0,0.0,-0.2354,-1.0,-0.5,0.0,0.989,-0.452,0.0,1.0,0.5,-1.0,0.0,0.0,0.0,-0.853
-0.646,-0.645,-0.6465,0.5645,-0.6123,0.426,-0.4312,0.6245,-0.762,-0.328,-0.2278,-0.08795,-0.1428,-0.6636,-1.0,0.0,0.3792,0.2764,-0.02231,0.0,0.3484,-0.1334,-0.474,-0.509,-0.8643,0.12445,0.01456,0.243,-0.6025,-1.191,-0.2382,-1.358,-0.4707,-0.642,-0.6465,0.0,0.0,-0.646,0.0,-0.456,-0.4236,0.0,0.0,0.0,0.0,0.02562,0.0,0.0,0.0,0.756,-0.3704,1.0,0.0,0.5,-1.0,0.0,0.0,0.0,0.0947
-0.647,-0.646,-0.6475,0.9653,-1.017,0.426,-0.4312,0.6387,-1.195,-0.469,-0.231,0.8765,-0.1428,-0.6733,-1.0,-1.0,0.527,0.4314,-0.1116,0.0,0.351,0.5503,-0.4805,-0.5205,-1.312,0.12225,0.1196,-0.9683,-0.5923,0.243,0.2391,-1.622,-0.7114,-0.645,-0.6465,0.0,0.0,-0.646,0.0,-0.463,-0.3103,0.0,0.0,0.0,0.0,-0.1165,0.0,0.0,0.0,1.15,-0.75,0.0,1.0,0.5,-1.0,0.0,0.0,0.0,-0.429
-0.6475,-0.6465,-0.648,0.887,-0.936,0.426,-0.4312,0.5796,-1.139,-0.4697,-0.2365,0.086,-0.2856,-0.683,-1.0,-1.0,0.522,0.4377,-0.1116,0.0,0.3535,0.5503,-0.4958,-0.5312,-1.227,0.10455,-0.1998,0.0,-0.583,-0.9683,-1.191,-0.2382,1.681,-0.6475,-0.647,0.0,0.0,-0.6465,0.0,-0.4631,-0.4585,0.0,0.0,0.0,0.0,0.0,0.0,-0.5,-0.5,1.026,-0.7266,0.0,0.0,0.5,-1.0,0.0,0.0,0.0,0.0
-0.649,-0.648,-0.6494,1.388,-1.4375,0.426,-0.4312,0.724,-1.595,-0.645,-0.2485,0.632,-0.4285,-0.693,-1.0,-1.0,0.723,0.6255,-0.2231,0.0,0.356,1.944,-0.5103,-0.542,-1.615,0.06555,-0.4646,-1.23,-0.549,0.0,0.243,0.2391,1.167,-0.6494,-0.6475,0.0,0.0,-0.647,0.0,-0.4717,-0.8564,0.0,0.0,0.0,0.0,-0.4426,-1.0,-1.0,-1.0,1.54,-1.174,0.0,1.0,0.5,-1.0,0.0,0.0,0.0,-1.657
-0.6504,-0.6494,-0.651,1.986,-2.033,0.426,-0.4312,1.012,-2.14,-0.8545,-0.2632,0.5483,-0.5713,-0.703,-1.0,-1.0,0.9844,0.8496,-0.357,0.0,0.3586,2.725,-0.495,-0.542,-2.02,0.004097,-0.6875,-1.508,-0.489,-1.23,-0.9683,-1.19,0.687,-0.6523,-0.6484,0.0,0.0,-0.648,0.0,-0.4822,-0.9697,0.0,0.0,0.0,0.0,-0.619,-1.0,-1.5,-1.0,2.148,-1.712,0.0,2.0,0.5,-1.0,0.0,0.0,0.0,-2.365
-0.6523,-0.6514,-0.653,2.434,-2.477,0.426,-0.8457,1.078,-2.36,-1.027,-0.2788,0.3699,-0.5713,-0.713,-1.0,-1.0,1.193,1.061,-0.4685,0.0,0.361,0.6904,-0.4583,-0.53,-2.086,-0.03503,-0.57,-1.289,-0.4182,-1.508,0.0,0.243,-1.358,-0.6562,-0.649,0.0,0.0,-0.6494,0.0,-0.4907,-1.0205,0.0,0.0,0.0,0.0,-0.321,-2.0,-1.5,-1.0,2.547,-2.174,0.0,3.0,0.5,-1.0,0.0,0.0,0.0,-1.259
-0.654,-0.653,-0.6543,1.724,-1.756,0.426,-0.8457,0.9316,-1.888,-0.884,-0.2974,-0.1587,-0.7144,-0.7227,-1.0,-1.0,1.012,0.894,-0.3792,0.0,0.3635,0.6533,-0.3992,-0.504,-1.722,-0.08203,-0.4058,1.054,-0.3853,-1.289,-1.23,-0.9683,-1.622,-0.6587,-0.65,0.0,0.0,-0.651,0.0,-0.4841,-1.197,0.0,1.0,0.0,0.0,0.3467,-1.0,-1.0,-1.0,1.862,-1.482,1.0,0.0,0.5,-1.0,0.0,0.0,0.0,1.39
-0.6553,-0.6543,-0.6562,1.818,-1.85,0.426,-0.8457,1.051,-1.87,-0.9517,-0.321,0.132,-0.857,-0.733,-1.0,-1.0,1.102,0.9673,-0.4238,0.0,0.3662,1.374,-0.319,-0.4626,-1.662,-0.1426,-0.4478,-0.5176,-0.3464,1.054,-1.508,0.0,-0.2382,-0.661,-0.6504,0.0,0.0,-0.652,0.0,-0.4875,-1.575,0.0,1.0,0.0,0.0,-0.1072,-1.0,-1.0,-1.5,1.941,-1.585,0.0,1.0,0.5,-1.0,0.0,0.0,0.0,-0.422
-0.657,-0.6562,-0.6577,2.154,-2.193,0.426,-0.8457,1.105,-2.04,-1.09,-0.3499,0.2482,-1.0,-0.7427,-1.0,-1.0,1.272,1.14,-0.513,0.0,0.3687,1.066,-0.2347,-0.4106,-1.854,-0.201,-0.578,-1.045,-0.3003,-0.5176,-1.289,-1.23,0.2391,-0.664,-0.6514,0.0,0.0,-0.653,0.0,-0.4944,-1.719,0.0,1.0,0.0,0.0,-0.3137,-1.0,-1.5,-2.0,2.238,-1.944,0.0,2.0,0.5,-1.0,0.0,0.0,0.0,-1.246
-0.6587,-0.6577,-0.659,1.59,-1.626,0.426,-0.8457,1.033,-1.424,-0.981,-0.372,-0.2078,-1.143,-0.7524,-1.0,-1.0,1.135,1.007,-0.4463,0.0,0.371,2.092,-0.1537,-0.3518,-1.2,-0.258,-0.4773,0.7974,-0.2805,-1.045,1.054,-1.507,-1.19,-0.6665,-0.652,0.0,0.0,-0.6543,0.0,-0.4893,-1.542,0.0,1.0,0.0,0.0,0.2227,0.0,-1.0,-1.5,1.652,-1.445,1.0,0.0,0.5,-1.0,0.0,0.0,0.0,0.9
-0.6606,-0.659,-0.661,2.205,-2.242,0.426,-0.8457,1.277,-1.922,-1.189,-0.393,0.561,-1.143,-0.762,-1.0,-1.0,1.411,1.255,-0.58,0.0,0.3738,2.912,-0.0843,-0.2922,-1.709,-0.3027,-0.5947,-1.574,-0.2437,0.7974,-0.5176,-1.288,0.2429,-0.669,-0.653,0.0,0.0,-0.6562,0.0,-0.4998,-1.524,0.0,1.0,0.0,0.0,-0.452,0.0,-1.5,-1.5,2.307,-1.97,0.0,1.0,0.5,-1.0,0.0,0.0,0.0,-1.803
-0.6616,-0.6606,-0.662,1.632,-1.664,0.426,-0.8457,1.328,-1.338,-1.08,-0.411,-0.2117,-1.143,-0.7725,-1.0,-1.0,1.28,1.105,-0.513,0.0,0.3762,1.066,-0.02956,-0.2357,-1.155,-0.3381,-0.5317,0.808,-0.2217,-1.574,-1.044,1.054,-0.968,-0.67,-0.654,0.0,0.0,-0.657,0.0,-0.4946,-1.284,0.0,1.0,0.0,0.0,0.316,0.0,-1.0,-1.0,1.794,-1.37,1.0,0.0,0.5,-1.0,0.0,0.0,0.0,1.295
-0.6636,-0.662,-0.664,1.992,-2.03,0.426,-0.8457,1.519,-1.583,-1.218,-0.4329,0.363,-1.143,-0.782,-1.0,-1.0,1.469,1.2705,-0.6025,0.0,0.379,1.477,0.01598,-0.1794,-1.419,-0.3833,-0.6074,-1.063,-0.2092,0.808,0.7974,-0.5176,0.0,-0.671,-0.655,0.0,0.0,-0.659,0.0,-0.5015,-1.434,0.0,1.0,0.0,0.0,-0.2817,0.0,-1.0,-1.5,2.127,-1.738,0.0,1.0,0.5,-1.0,0.0,0.0,0.0,-1.139
-0.6655,-0.6646,-0.666,2.701,-2.545,0.426,-0.8457,1.701,-2.2,-1.461,-0.4558,0.6025,-1.143,-0.792,-1.0,-1.0,1.802,1.592,-0.7583,0.0,0.3813,1.571,0.05832,-0.1227,-1.992,-0.4426,-0.4897,-1.895,-0.2015,-1.063,-1.573,-1.044,-1.2295,-0.674,-0.656,0.0,0.0,-0.662,0.0,-0.5137,-1.469,0.0,1.0,0.0,0.0,-0.9316,0.0,-1.0,-1.5,2.75,-2.195,0.0,2.0,0.5,-1.0,0.0,0.0,0.0,-3.834
-0.667,-0.666,-0.6675,1.962,-1.998,-0.835,-0.8457,1.731,-1.437,-1.315,-0.4766,-0.2578,-1.143,-0.802,-1.0,-1.0,1.612,1.384,-0.6694,0.0,0.3838,0.778,0.0807,-0.0755,-1.323,-0.4731,-0.3384,1.118,-0.2426,-1.895,0.808,0.797,-1.507,-0.6753,-0.657,0.0,0.0,-0.6646,0.0,-0.507,-1.281,0.0,1.0,0.0,0.0,0.3848,0.0,-0.5,-1.5,2.195,-1.604,1.0,0.0,0.5,-1.0,0.0,0.0,0.0,1.635
-0.668,-0.667,-0.6685,1.281,-1.315,-0.2627,-0.8457,1.6,-0.7344,-1.171,-0.4917,-0.4402,-1.143,-0.812,-1.0,-1.0,1.417,1.2,-0.58,0.0,0.3865,0.0133,0.07623,-0.04047,-0.7046,-0.4932,-0.1871,1.098,-0.2844,1.118,-1.0625,-1.573,-1.288,-0.676,-0.658,0.0,0.0,-0.6665,0.0,-0.5,-0.9653,0.0,0.0,0.0,0.0,0.302,1.0,0.0,-1.0,1.607,-0.8716,2.0,0.0,0.5,-1.0,0.0,0.0,0.0,1.26
-0.669,-0.668,-0.6694,1.046,-1.086,-0.1223,-0.8457,1.744,-0.4219,-1.131,-0.506,-0.4102,-1.143,-0.822,-1.0,-1.0,1.381,1.134,-0.5576,0.0,0.389,2.533,0.05237,-0.01457,-0.4297,-0.52,-0.3762,0.2693,-0.3108,1.098,-1.894,0.8076,1.054,-0.677,-0.659,0.0,0.0,-0.668,0.0,-0.4985,-0.9126,0.0,0.0,0.0,0.0,0.052,1.0,0.0,-0.5,1.333,-0.703,3.0,0.0,0.5,-1.0,0.0,0.0,0.0,0.2131
-0.6694,-0.6685,-0.67,0.5947,-0.637,0.297,-0.8457,1.567,0.0809,-1.0205,-0.513,-1.654,-1.0,-0.8315,0.0,-1.0,1.2295,1.006,-0.4907,0.0,0.3914,0.3438,0.01631,0.002167,0.0818,-0.542,-0.326,0.8047,-0.3472,0.2693,1.117,-1.0625,-0.5176,-0.676,-0.66,0.0,0.0,-0.6694,0.0,-0.4934,-0.619,0.0,0.0,0.0,0.0,0.1307,2.0,0.5,0.0,0.8657,-0.3066,4.0,0.0,0.5,-1.0,0.0,0.0,0.0,0.533
-0.6704,-0.6694,-0.671,1.156,-1.209,0.297,-0.8457,1.551,-0.471,-1.191,-0.5195,-2.945,-1.0,-0.842,-1.0,-1.0,1.4375,1.231,-0.6025,0.0,0.394,1.84,-0.02083,0.00935,-0.463,-0.56,-0.1704,-1.323,-0.3916,0.8047,1.097,-1.894,-1.044,-0.677,-0.661,0.0,0.0,-0.671,0.0,-0.502,-0.587,0.0,0.0,0.0,0.0,-0.2474,2.0,0.5,0.0,1.405,-0.8594,0.0,1.0,0.5,-1.0,0.0,0.0,0.0,-0.9956
-0.6714,-0.6704,-0.672,1.437,-1.491,0.297,-0.8457,1.633,-0.782,-1.29,-0.524,1.102,-1.0,-0.8516,-1.0,-1.0,1.571,1.358,-0.6694,0.0,0.3965,1.147,-0.0703,0.006733,-0.7764,-0.5737,-0.3132,-0.812,-0.4182,-1.323,0.2693,1.117,0.797,-0.6772,-0.6626,0.0,0.0,-0.6724,0.0,-0.5073,-0.519,0.0,0.0,0.0,0.0,-0.1852,1.0,0.0,0.0,1.66,-1.146,0.0,2.0,0.5,-1.0,0.0,0.0,0.0,-0.762
-0.6724,-0.672,-0.673,1.567,-1.625,0.297,-0.8457,1.634,-0.908,-1.353,-0.5327,0.35,-1.0,-0.8613,-1.0,-1.0,1.652,1.445,-0.714,0.0,0.399,0.426,-0.1256,-0.005684,-0.928,-0.5938,-0.10315,-0.549,-0.4585,-0.812,0.804,1.097,-1.573,-0.677,-0.664,0.0,0.0,-0.6743,0.0,-0.5107,-0.7983,0.0,0.0,0.0,0.0,-0.11255,0.0,0.0,-0.5,1.789,-1.272,0.0,3.0,0.5,-1.0,0.0,0.0,0.0,-0.4695
-0.6733,-0.6724,-0.674,0.926,-0.9795,0.297,-0.8457,1.4375,-0.295,-1.203,-0.537,-0.705,-1.0,-0.871,-1.0,-1.0,1.443,1.259,-0.6245,0.0,0.4016,0.02646,-0.1791,-0.03094,-0.328,-0.6074,-0.2544,1.107,-0.502,-0.549,-1.323,0.2693,0.8076,-0.6763,-0.665,0.0,0.0,-0.676,0.0,-0.504,-0.519,0.0,0.0,0.0,0.0,0.2039,0.0,0.0,0.0,1.182,-0.6396,1.0,0.0,0.5,-1.0,0.0,0.0,0.0,0.8584
-0.674,-0.673,-0.6743,0.85,-0.904,0.297,-0.8457,1.404,-0.2479,-1.197,-0.539,-0.1444,-1.0,-0.8813,-1.0,-1.0,1.433,1.253,-0.6245,0.0,0.404,0.758,-0.2305,-0.06757,-0.279,-0.616,-0.1073,0.0,-0.5625,1.107,-0.8115,0.804,-1.0625,-0.677,-0.6665,0.0,0.0,-0.677,0.0,-0.504,-0.3667,0.0,0.0,0.0,0.0,0.0,-1.0,0.0,0.0,1.069,-0.6104,0.0,0.0,0.5,-1.0,0.0,0.0,0.0,0.0
-0.676,-0.675,-0.6763,2.207,-2.273,0.297,-0.8457,1.619,-1.537,-1.581,-0.5513,10.79,-1.0,-0.891,-1.0,-1.0,1.96,1.776,-0.87,0.0,0.4065,2.799,-0.2703,-0.10706,-1.57,-0.6436,0.1827,-2.514,-0.5674,0.0,-0.5483,-1.322,-1.894,-0.6787,-0.668,0.0,0.0,-0.678,0.0,-0.5225,-0.8867,0.0,0.0,0.0,0.0,-1.212,-1.0,0.0,-0.5,2.438,-1.862,0.0,1.0,0.5,-1.0,0.0,0.0,0.0,-5.01
-0.676,-0.675,-0.6763,0.4756,-0.52,0.3723,-0.8457,1.486,0.07574,-1.149,-0.5503,-1.102,-0.857,-0.901,0.0,-1.0,1.38,1.182,-0.6025,0.0,0.4092,3.135,-0.308,-0.1449,0.0916,-0.6577,-0.006454,2.549,-0.589,-2.514,1.107,-0.8115,1.117,-0.6797,-0.67,0.0,0.0,-0.679,0.0,-0.5024,-0.1731,0.0,0.0,0.0,0.0,1.646,0.0,0.0,0.0,0.914,-0.01668,1.0,0.0,0.5,-1.0,0.0,0.0,0.0,5.766
-0.6763,-0.6753,-0.677,0.6865,-0.736,0.3723,-0.313,1.453,-0.1343,-1.215,-0.553,-1.063,-0.857,-0.911,-1.0,-1.0,1.459,1.273,-0.647,0.0,0.4116,0.768,-0.3474,-0.1868,-0.08594,-0.6724,-0.162,-0.541,-0.5938,2.549,0.0,-0.5483,1.097,-0.68,-0.6714,0.0,0.0,-0.6797,0.0,-0.506,-0.355,0.0,0.0,0.0,0.0,-0.1141,0.0,-0.5,-0.5,1.09,-0.2534,0.0,1.0,0.5,-1.0,0.0,0.0,0.0,-0.4695
-0.677,-0.676,-0.6772,0.5117,-0.559,0.3723,-0.313,1.372,0.009224,-1.174,-0.5522,-8.086,-0.7144,-0.921,0.0,-1.0,1.4,1.227,-0.6245,0.0,0.414,0.758,-0.383,-0.2317,0.08466,-0.679,-0.2166,0.2732,-0.617,-0.541,-2.514,1.107,0.2693,-0.6797,-0.6724,0.0,0.0,-0.68,0.0,-0.504,-0.1755,0.0,0.0,0.0,0.0,0.04886,0.0,-0.5,0.0,0.8384,-0.174,1.0,0.0,0.5,-1.0,0.0,0.0,0.0,0.203
-0.6777,-0.677,-0.678,1.355,-1.412,0.3723,-0.313,1.517,-0.919,-1.419,-0.5513,-8.05,-0.7144,-0.9307,-1.0,-1.0,1.729,1.549,-0.781,0.0,0.4167,1.963,-0.406,-0.276,-0.858,-0.677,-0.3552,-1.903,-0.622,0.2732,2.547,0.0,0.804,-0.68,-0.674,0.0,0.0,-0.681,0.0,-0.516,-0.1755,0.0,0.0,0.0,0.0,-0.3877,0.0,-1.0,0.0,1.69,-0.952,0.0,1.0,0.5,-1.0,0.0,0.0,0.0,-1.603
-0.678,-0.6772,-0.6787,0.4858,-0.5317,0.3723,-0.313,1.485,-0.1247,-1.199,-0.549,-0.941,-0.7144,-0.9404,-1.0,-1.0,1.442,1.249,-0.647,0.0,0.4192,1.87,-0.4272,-0.317,-0.04492,-0.6797,-0.1998,1.685,-0.629,-1.903,-0.541,-2.514,-1.322,-0.68,-0.675,0.0,0.0,-0.681,0.0,-0.506,-0.10065,0.0,0.0,0.0,0.0,0.3918,1.0,-0.5,0.0,0.8887,-0.06586,1.0,0.0,0.5,-1.0,0.0,0.0,0.0,1.673
-0.678,-0.6772,-0.6787,0.331,-0.3755,0.3723,-0.313,1.502,0.02844,-1.158,-0.5483,-17.1,-0.5713,-0.9507,0.0,-1.0,1.392,1.191,-0.6245,0.0,0.4216,0.392,-0.4512,-0.354,0.1004,-0.6816,-0.0821,0.2732,-0.649,1.685,0.273,2.547,-0.8115,-0.68,-0.676,0.0,0.0,-0.6816,0.0,-0.5044,-0.215,0.0,0.0,0.0,0.0,0.0681,1.0,0.0,0.0,0.7417,0.0865,2.0,0.0,0.5,-1.0,0.0,0.0,0.0,0.2827
-0.678,-0.6772,-0.6787,0.07263,-0.11505,0.3723,-0.313,1.342,0.3062,-1.08,-0.547,2.264,-0.4285,-0.9604,0.0,-1.0,1.281,1.1045,-0.58,0.0,0.4243,1.101,-0.4736,-0.3901,0.3713,-0.6826,0.01035,0.5435,-0.649,0.2732,-1.902,-0.541,-0.5483,-0.678,-0.677,0.0,0.0,-0.6816,0.0,-0.501,-0.1755,0.0,0.0,0.0,0.0,0.0954,2.0,0.5,0.0,0.4805,0.324,3.0,0.0,0.5,-1.0,0.0,0.0,0.0,0.3943
-0.6777,-0.6772,-0.678,-0.1572,0.1161,0.3723,-0.313,1.279,0.5938,-1.001,-0.5464,0.892,-0.4285,-0.97,0.0,-1.0,1.182,1.009,-0.5356,0.0,0.4268,0.3596,-0.4941,-0.427,0.655,-0.6855,-0.1326,0.5386,-0.6523,0.5435,1.685,0.273,1.106,-0.6777,-0.6777,0.0,0.0,-0.6816,0.0,-0.4973,-0.215,0.0,0.0,0.0,0.0,0.09827,2.0,0.5,0.0,0.2185,0.5024,4.0,0.0,0.5,-1.0,0.0,0.0,0.0,0.4026
-0.6787,-0.6777,-0.679,1.222,-1.277,0.3723,-0.313,1.618,-0.8066,-1.388,-0.55,-2.023,-0.4285,-0.98,-1.0,-1.0,1.697,1.496,-0.781,0.0,0.4292,2.342,-0.511,-0.4585,-0.727,-0.6997,-0.1157,-2.514,-0.642,0.5386,0.273,-1.902,0.0,-0.6787,-0.6787,0.0,0.0,-0.682,0.0,-0.516,-0.4185,0.0,0.0,0.0,0.0,-0.9336,2.0,0.5,0.0,1.654,-0.721,0.0,1.0,-0.5,-1.0,0.0,0.0,0.0,-3.791
-0.6807,-0.6797,-0.681,2.053,-2.111,0.3723,-1.295,1.881,-1.639,-1.629,-0.5557,1.463,-0.4285,-0.99,-1.0,-1.0,2.049,1.822,-0.937,0.0,0.432,2.469,-0.521,-0.475,-1.513,-0.7266,0.3171,-1.966,-0.6055,-2.514,0.5435,1.684,-2.514,-0.681,-0.6797,0.0,0.0,-0.6826,0.0,-0.5264,-0.534,0.0,0.0,0.0,0.0,-0.7017,1.0,0.5,0.0,2.53,-1.442,0.0,2.0,-0.5,-1.0,0.0,0.0,0.0,-2.996
-0.6826,-0.6816,-0.683,2.701,-2.545,0.3723,-2.19,2.213,-2.307,-1.834,-0.564,0.6235,-0.4285,-1.0,-1.0,-1.0,2.375,2.107,-1.071,0.0,0.4343,2.988,-0.5176,-0.4849,-2.086,-0.7524,-0.1998,-1.742,-0.536,-1.966,0.5386,0.273,2.547,-0.683,-0.681,0.0,0.0,-0.6836,0.0,-0.5264,-0.6367,0.0,0.0,0.0,0.0,-0.4805,0.0,0.0,0.0,2.75,-2.045,0.0,3.0,-0.5,-1.0,0.0,0.0,0.0,-2.121
-0.685,-0.684,-0.6855,2.701,-2.545,0.3723,-3.111,2.527,-2.36,-2.04,-0.5806,0.4365,-0.4285,-1.01,-1.0,-1.0,2.719,2.416,-1.205,0.0,0.4368,2.297,-0.4883,-0.4827,-2.086,-0.8037,-0.204,-1.794,-0.4543,-1.742,-2.514,0.5435,-0.541,-0.687,-0.682,0.0,0.0,-0.685,0.0,-0.5264,-0.9272,0.0,0.0,0.0,0.0,-0.6777,-1.0,0.0,-0.5,2.75,-2.195,0.0,4.0,-0.5,-0.5,0.0,0.0,0.0,-3.082
-0.688,-0.687,-0.689,2.701,-2.545,0.3723,-3.158,2.785,-2.36,-2.164,-0.602,0.4602,-0.4285,-1.02,-1.0,-1.0,2.768,2.695,-1.383,0.0,0.4395,3.135,-0.4226,-0.456,-2.086,-0.8813,-0.351,-2.467,-0.3513,-1.794,-1.965,0.5386,0.273,-0.6924,-0.684,0.0,0.0,-0.6875,0.0,-0.5264,-1.069,0.0,1.0,0.0,0.0,-1.151,-2.0,-0.5,-0.5,2.75,-2.195,0.0,5.0,-0.5,0.0,0.0,0.0,0.0,-5.4
-0.69,-0.689,-0.691,2.701,-2.545,0.3723,-3.158,2.785,-2.36,-2.018,-0.61,-0.2382,-0.4285,-1.029,-1.0,-1.0,2.719,2.344,-1.205,0.0,0.442,3.125,-0.3435,-0.4172,-1.953,-0.94,-0.1998,2.549,-0.3257,-2.467,-1.741,-2.514,-1.902,-0.697,-0.685,0.0,0.0,-0.689,0.0,-0.5264,-0.564,0.0,0.0,0.0,0.0,1.116,-1.0,0.0,0.0,2.75,-1.982,1.0,0.0,-0.5,0.0,0.0,0.0,0.0,5.457
-0.6904,-0.689,-0.691,0.529,-0.5073,2.174,-3.158,2.566,-0.3748,-1.503,-0.6167,-0.832,-0.5713,-1.04,-1.0,-1.0,1.936,1.569,-0.8926,0.0,0.4443,3.135,-0.2747,-0.3784,0.2258,-0.975,-0.5317,2.549,-0.3315,2.549,-1.794,-1.965,1.684,-0.699,-0.6855,0.0,0.0,-0.69,0.0,-0.525,-0.498,0.0,0.0,0.0,0.0,1.944,0.0,0.0,0.0,1.271,0.3315,2.0,0.0,-0.5,0.0,1.0,0.0,4.234,5.766
-0.6904,-0.689,-0.691,0.1142,-0.08887,2.623,-3.158,2.604,0.1251,-1.385,-0.6196,-1.969,-0.4285,-1.05,0.0,-1.0,1.782,1.398,-0.8257,0.0,0.447,1.995,-0.2247,-0.3489,0.708,-0.9844,-0.62,0.863,-0.3357,2.549,-2.465,-1.741,0.273,-0.699,-0.6865,0.0,0.0,-0.69,0.0,-0.5195,-0.3567,0.0,0.0,0.0,0.0,0.292,1.0,0.0,0.5,0.9,0.764,3.0,0.0,-0.5,0.0,0.0,0.0,0.0,1.276
-0.6904,-0.6895,-0.6914,0.3708,-0.3506,2.623,-3.158,2.682,-0.04477,-1.448,-0.6255,-0.633,-0.4285,-1.06,0.0,-1.0,1.873,1.48,-0.87,0.0,0.4495,1.259,-0.1903,-0.3257,0.4678,-0.991,-0.742,-0.567,-0.3372,0.863,2.547,-1.793,0.5435,-0.6987,-0.687,0.0,0.0,-0.6904,0.0,-0.523,-0.4353,0.0,0.0,0.0,0.0,-0.1238,1.0,-0.5,0.0,1.075,0.4348,0.0,1.0,-0.5,0.0,0.0,0.0,0.0,-0.5337
-0.691,-0.6895,-0.6914,0.6074,-0.5923,2.623,-3.158,2.588,-0.266,-1.513,-0.627,-3.309,-0.4285,-1.069,-1.0,-1.0,1.952,1.583,-0.9146,0.0,0.452,0.507,-0.1709,-0.308,0.2279,-0.998,-0.881,-0.5723,-0.3442,-0.567,2.547,-2.465,0.5386,-0.6978,-0.6875,0.0,0.0,-0.6914,0.0,-0.5264,-0.3103,0.0,0.0,0.0,0.0,-0.1489,1.0,-1.0,0.0,1.247,0.1406,0.0,2.0,-0.5,0.0,0.0,0.0,0.0,-0.6484
-0.691,-0.69,-0.692,0.433,-0.4233,2.623,-3.158,2.36,-0.01404,-1.468,-0.633,-1.6875,-0.2856,-1.079,0.0,-1.0,1.871,1.539,-0.8926,0.0,0.4546,-0.276,-0.1625,-0.2952,0.4392,-1.009,-0.4897,0.2888,-0.354,-0.5723,0.8623,2.547,-2.514,-0.696,-0.688,0.0,0.0,-0.692,0.0,-0.525,-0.476,0.0,0.0,0.0,0.0,0.05865,1.0,-0.5,0.0,1.083,0.3076,1.0,0.0,-0.5,0.0,0.0,0.0,0.0,0.2576
-0.6914,-0.6904,-0.6924,0.7954,-0.794,2.623,-3.158,2.424,-0.2878,-1.568,-0.641,-2.828,-0.4285,-1.089,-1.0,-1.0,2.014,1.68,-0.9595,0.0,0.457,0.1335,-0.1635,-0.2817,0.1273,-1.027,-0.2166,-0.8623,-0.351,0.2888,-0.567,2.547,-1.965,-0.693,-0.6885,0.0,0.0,-0.692,0.0,-0.5264,-0.587,0.0,0.0,0.0,0.0,-0.1946,0.0,-0.5,-0.5,1.453,-0.02711,0.0,1.0,-0.5,0.0,0.0,0.0,0.0,-0.8506
-0.692,-0.691,-0.693,0.8633,-0.871,2.623,-3.158,2.34,-0.248,-1.595,-0.6514,-0.1098,-0.5713,-1.099,-1.0,-1.0,2.043,1.728,-0.9814,0.0,0.4597,0.1412,-0.1771,-0.2703,0.08386,-1.043,0.03137,-0.2917,-0.363,-0.8623,-0.5723,0.8623,-1.741,-0.691,-0.689,0.0,0.0,-0.693,0.0,-0.5264,-0.684,0.0,0.0,0.0,0.0,-0.03714,-1.0,-0.5,-1.0,1.51,-0.11066,0.0,2.0,-0.5,0.0,0.0,0.0,0.0,-0.1648
-0.693,-0.6914,-0.6934,0.79,-0.8096,2.623,-3.158,2.375,-0.04306,-1.585,-0.6636,-1.549,-0.5713,-1.109,0.0,-1.0,2.033,1.71,-0.9814,0.0,0.4622,0.93,-0.2057,-0.2605,0.1786,-1.059,0.3003,0.0,-0.373,-0.2917,0.2888,-0.5664,-1.793,-0.692,-0.6895,0.0,0.0,-0.694,0.0,-0.5264,-0.7617,0.0,0.0,0.0,0.0,0.0,-1.0,-0.5,-1.5,1.279,-0.2264,0.0,0.0,-0.5,0.0,0.0,0.0,0.0,0.0
-0.6924,-0.6914,-0.693,-0.168,0.1556,2.623,-3.158,2.06,0.9873,-1.321,-0.6626,14.88,-0.4285,-1.119,0.0,-1.0,1.65,1.361,-0.8257,0.0,0.4646,1.995,-0.248,-0.2546,1.264,-1.07,0.6787,2.053,-0.3892,0.0,-0.8623,-0.5723,-2.465,-0.692,-0.69,0.0,0.0,-0.6943,0.0,-0.5195,-0.2036,0.0,0.0,0.0,0.0,0.4148,0.0,0.0,-1.0,0.3596,0.7065,1.0,0.0,-0.5,0.0,0.0,0.0,0.0,1.85
-0.693,-0.692,-0.694,1.025,-1.053,2.623,-3.158,2.17,-0.27,-1.641,-0.662,-1.107,-0.4285,-1.129,-1.0,-1.0,2.092,1.8125,-1.026,0.0,0.4673,1.75,-0.3018,-0.2551,0.00769,-1.077,0.4475,-2.514,-0.389,2.053,-0.2917,0.2888,2.547,-0.693,-0.691,0.0,0.0,-0.695,0.0,-0.5264,-0.2659,0.0,0.0,0.0,0.0,-0.5586,-1.0,-0.5,-1.0,1.556,-0.4065,0.0,1.0,-0.5,0.0,0.0,0.0,0.0,-2.408
-0.693,-0.692,-0.6934,-0.2174,0.2058,2.623,-3.158,1.958,0.9126,-1.303,-0.651,-8.234,-0.2856,-1.139,0.0,-1.0,1.617,1.346,-0.8257,0.0,0.4697,1.995,-0.3752,-0.2642,1.239,-1.066,-0.1073,2.549,-0.405,-2.514,0.0,-0.8623,2.547,-0.6924,-0.6914,0.0,0.0,-0.6953,0.0,-0.52,0.2012,0.0,0.0,0.0,0.0,0.803,0.0,-0.5,-0.5,0.4026,0.853,1.0,0.0,-0.5,0.0,0.0,0.0,0.0,3.615
-0.6924,-0.6914,-0.6934,-0.06012,0.04285,2.623,-3.158,1.875,0.6006,-1.331,-0.636,-0.1903,-0.1428,-1.148,0.0,-1.0,1.6455,1.392,-0.8477,0.0,0.4722,0.8623,-0.455,-0.2832,0.9463,-1.044,-0.2208,-0.2834,-0.427,2.549,2.05,-0.2915,0.8623,-0.692,-0.6914,0.0,0.0,-0.696,0.0,-0.5215,0.3914,0.0,0.0,0.0,0.0,-0.05353,0.0,-1.0,-0.5,0.451,0.584,0.0,1.0,-0.5,0.0,0.0,0.0,0.0,-0.2307
-0.692,-0.691,-0.693,-0.4177,0.3882,2.623,-3.158,1.551,0.7456,-1.212,-0.6123,0.3655,0.0,-1.158,0.0,-1.0,1.464,1.26,-0.781,0.0,0.4749,1.586,-0.504,-0.3145,1.008,-0.9873,-0.141,0.8545,-0.4558,-0.2834,-2.514,0.0,-0.5664,-0.6904,-0.6914,0.0,0.0,-0.6963,0.0,-0.5166,0.8257,1.0,0.0,0.0,0.0,0.2163,1.0,-0.5,0.0,0.04022,0.8438,1.0,0.0,-0.5,0.0,0.0,0.0,0.0,0.937
-0.692,-0.691,-0.6924,-0.2476,0.2054,2.623,-3.158,1.297,0.4182,-1.239,-0.5957,-0.2742,0.1428,-1.168,0.0,-1.0,1.477,1.321,-0.803,0.0,0.4773,-0.2979,-0.501,-0.3535,0.531,-0.934,-0.04007,-0.2808,-0.5024,0.8545,2.547,2.05,-0.572,-0.6895,-0.692,0.0,0.0,-0.6973,0.0,-0.518,0.585,0.0,0.0,0.0,0.0,-0.02924,0.0,-0.5,-0.5,0.01507,0.4617,0.0,1.0,-0.5,0.0,0.0,0.0,0.0,-0.1248
-0.692,-0.691,-0.6924,0.289,-0.3396,2.623,-3.158,1.085,-0.1453,-1.376,-0.5923,-1.016,0.1428,-1.178,-1.0,-1.0,1.635,1.531,-0.8926,0.0,0.4797,-0.276,-0.4778,-0.3962,-0.1124,-0.92,-0.0611,-1.128,-0.511,-0.2808,-0.2834,-2.514,0.2888,-0.689,-0.6924,0.0,0.0,-0.6973,0.0,-0.525,-0.1375,0.0,0.0,0.0,0.0,-0.1521,0.0,-1.0,-1.0,0.5415,-0.0526,0.0,2.0,-0.5,0.0,0.0,1.0,-2.348,-0.6523
-0.6924,-0.6914,-0.693,0.7944,-0.8516,2.623,-3.158,0.97,-0.6396,-1.514,-0.5947,14.88,0.0,-1.188,-1.0,-1.0,1.809,1.739,-0.9814,0.0,0.4824,-0.6475,-0.4607,-0.4397,-0.622,-0.928,0.065,-1.15,-0.511,-1.128,0.854,2.547,-0.8623,-0.69,-0.6924,0.0,0.0,-0.6978,0.0,-0.5264,-0.4722,0.0,0.0,0.0,0.0,-0.2678,-1.0,-1.0,-1.5,1.055,-0.5166,0.0,3.0,-0.5,0.0,0.0,0.0,0.0,-1.171
-0.693,-0.692,-0.6934,0.7314,-0.788,2.623,-3.158,0.9,-0.5903,-1.507,-0.5957,0.0392,-0.1428,-1.198,-1.0,-1.0,1.792,1.735,-0.9814,0.0,0.4849,0.5356,-0.4485,-0.4849,-0.569,-0.937,0.10284,0.0,-0.5156,-1.15,-0.2808,-0.2832,-0.2915,-0.6895,-0.6934,0.0,0.0,-0.6973,0.0,-0.5264,-0.3872,0.0,0.0,0.0,0.0,0.0,-1.0,-1.0,-1.5,0.966,-0.4866,0.0,0.0,-0.5,0.0,0.0,0.0,0.0,0.0
-0.695,-0.694,-0.6953,2.516,-2.545,2.623,-3.158,1.398,-2.28,-1.976,-0.605,4.043,-0.1428,-1.208,-1.0,-1.0,2.52,2.418,-1.271,0.0,0.4873,3.135,-0.4463,-0.523,-2.086,-0.9756,0.10284,-2.514,-0.5024,0.0,-1.128,0.854,0.0,-0.693,-0.6943,0.0,0.0,-0.6973,0.0,-0.5264,-0.7793,0.0,0.0,0.0,0.0,-1.536,-2.0,-1.0,-1.5,2.75,-2.021,0.0,1.0,-0.5,0.0,0.0,0.0,0.0,-5.477
-0.696,-0.695,-0.6963,1.282,-1.326,2.623,-0.735,1.64,-1.186,-1.709,-0.6094,-0.4114,-0.2856,-1.218,-1.0,-1.0,2.14,1.967,-1.115,0.0,0.49,3.135,-0.4463,-0.54,-1.002,-1.006,-0.246,2.191,-0.562,-2.514,-1.149,-0.2808,2.05,-0.6943,-0.695,0.0,0.0,-0.697,0.0,-0.5264,-0.5,0.0,0.0,0.0,0.0,0.8,-1.0,-1.0,-1.5,1.742,-0.7373,1.0,0.0,-0.5,0.0,0.0,0.0,0.0,3.809
-0.6963,-0.6953,-0.697,1.175,-1.216,2.623,-0.735,1.64,-1.117,-1.705,-0.6133,0.0723,-0.2856,-1.218,-1.0,-1.0,2.137,1.961,-1.115,0.0,0.4924,0.595,-0.4473,-0.5454,-0.9424,-1.016,0.0776,0.0,-0.578,2.191,0.0,-1.128,-2.514,-0.697,-0.696,0.0,0.0,-0.697,0.0,-0.5264,-0.404,0.0,0.0,0.0,0.0,0.0,-1.0,-1.0,-1.5,1.625,-0.6445,0.0,0.0,-0.5,0.0,0.0,0.0,0.0,0.0
-0.6978,-0.697,-0.698,1.936,-1.977,2.623,-0.735,2.053,-1.86,-1.922,-0.621,0.9565,-0.2856,-1.218,-1.0,-1.0,2.494,2.266,-1.249,0.0,0.4949,1.916,-0.444,-0.5425,-1.544,-1.059,-0.3174,-1.8125,-0.5425,0.0,-2.514,-1.149,2.547,-0.7,-0.697,0.0,0.0,-0.6973,0.0,-0.5264,-0.5586,0.0,0.0,0.0,0.0,-0.881,-1.0,-1.5,-1.5,2.455,-1.271,0.0,1.0,-0.5,0.0,0.0,1.0,-3.82,-4.047
-0.6987,-0.6978,-0.699,1.336,-1.366,-0.02852,-0.735,2.064,-1.341,-1.808,-0.627,-0.1836,-0.4285,-1.218,-1.0,-1.0,2.324,2.08,-1.183,0.0,0.4976,1.864,-0.4395,-0.537,-1.016,-1.074,-0.3552,0.9346,-0.532,-1.8125,2.191,0.0,-0.2832,-0.702,-0.6973,0.0,0.0,-0.698,0.0,-0.5264,-0.4395,0.0,0.0,0.0,0.0,0.2031,0.0,-1.0,-1.0,1.815,-0.751,1.0,0.0,-0.5,0.0,0.0,0.0,0.0,0.9624
-0.7,-0.699,-0.7007,1.948,-1.981,-0.02852,-0.735,2.209,-1.857,-1.988,-0.6416,0.606,-0.5713,-1.218,-1.0,-1.0,2.611,2.361,-1.294,0.0,0.5,2.799,-0.4312,-0.529,-1.614,-1.095,-0.5444,-1.533,-0.5034,0.9346,0.0,-2.514,0.854,-0.704,-0.6987,0.0,0.0,-0.699,0.0,-0.5264,-0.8633,0.0,0.0,0.0,0.0,-0.3164,0.0,-1.5,-1.5,2.342,-1.412,0.0,1.0,-0.5,0.0,0.0,0.0,0.0,-1.477
-0.7007,-0.6997,-0.701,0.9194,-0.94,-0.02852,-0.735,2.043,-0.926,-1.763,-0.6445,-0.4436,-0.5713,-1.218,-1.0,-1.0,2.256,2.012,-1.16,0.0,0.5024,1.4375,-0.4202,-0.5195,-0.6714,-1.106,-0.599,1.889,-0.4976,-1.533,-1.812,2.191,-0.2805,-0.7056,-0.6997,0.0,0.0,-0.7,0.0,-0.5264,-0.355,0.0,0.0,0.0,0.0,0.3108,0.0,-1.0,-1.0,1.31,-0.4543,1.0,0.0,-0.5,0.0,0.0,0.0,0.0,1.487
-0.7,-0.6987,-0.7007,-0.718,0.7153,1.476,-0.735,1.878,0.8525,-1.316,-0.6465,-2.264,-0.5713,-1.218,0.0,-1.0,1.626,1.37,-0.8926,0.0,0.505,3.135,-0.4036,-0.5093,1.139,-1.117,-0.4983,2.549,-0.4976,1.889,0.934,0.0,-1.128,-0.7026,-0.6997,0.0,0.0,-0.7,0.0,-0.525,-0.2412,0.0,0.0,0.0,0.0,0.9224,1.0,-0.5,-1.0,-0.0946,1.327,2.0,0.0,-0.5,0.0,0.0,0.0,0.0,4.28
-0.6997,-0.698,-0.7,-0.3865,0.3794,1.476,-0.735,2.02,0.604,-1.389,-0.649,-0.1389,-0.5713,-1.218,0.0,-1.0,1.733,1.458,-0.937,0.0,0.508,2.078,-0.3872,-0.5015,0.82,-1.113,-0.33,-0.575,-0.4966,2.549,-1.533,-1.812,-1.149,-0.7017,-0.6997,0.0,0.0,-0.7,0.0,-0.5264,-0.2737,0.0,0.0,0.0,0.0,-0.1667,1.0,-0.5,-1.0,0.2076,0.986,0.0,1.0,-0.5,0.0,0.0,0.0,0.0,-0.7295
-0.6997,-0.6987,-0.7,0.307,-0.3274,1.476,-0.735,2.084,0.0,-1.57,-0.6567,-0.7783,-0.5713,-1.218,0.0,-1.0,1.986,1.716,-1.049,0.0,0.5103,1.365,-0.3704,-0.492,0.1846,-1.127,-0.3218,-1.451,-0.4963,-0.575,1.888,0.934,0.0,-0.701,-0.6997,0.0,0.0,-0.7,0.0,-0.5264,-0.534,0.0,0.0,0.0,0.0,-0.1865,0.0,-0.5,-1.5,0.9404,0.3755,0.0,2.0,-0.5,0.0,0.0,0.0,0.0,-0.8237
-0.6997,-0.6987,-0.7007,0.423,-0.448,1.476,-0.735,2.428,-0.02052,-1.6045,-0.665,-0.05258,-0.5713,-1.218,0.0,-1.0,2.064,1.733,-1.071,0.0,0.5127,3.135,-0.3716,-0.4824,0.0922,-1.136,0.2122,-0.2976,-0.4956,-1.451,2.547,-1.533,-2.514,-0.6997,-0.6997,0.0,0.0,-0.7,0.0,-0.5264,-0.534,0.0,0.0,0.0,0.0,-0.0685,0.0,-0.5,-1.5,1.008,0.2112,0.0,3.0,-0.5,0.0,0.0,0.0,0.0,-0.31
-0.6997,-0.6987,-0.7,0.001333,-0.02449,1.476,-0.735,2.326,0.4746,-1.49,-0.668,5.883,-0.4285,-1.218,0.0,-1.0,1.897,1.574,-1.004,0.0,0.515,0.5454,-0.3884,-0.4736,0.5635,-1.141,-0.04428,0.897,-0.5083,-0.2976,-0.5747,1.888,2.191,-0.6987,-0.699,0.0,0.0,-0.7007,0.0,-0.5264,-0.3052,0.0,0.0,0.0,0.0,0.09894,0.0,-0.5,-1.0,0.5874,0.603,1.0,0.0,-0.5,0.0,0.0,0.0,0.0,0.45
-0.7,-0.6987,-0.7007,0.4092,-0.4373,1.476,-0.735,2.5,0.0747,-1.596,-0.669,-0.6006,-0.2856,-1.218,0.0,-1.0,2.059,1.714,-1.071,0.0,0.5176,1.38,-0.4138,-0.4646,0.1672,-1.147,-0.02327,-0.884,-0.5073,0.897,-1.451,2.547,0.0,-0.6973,-0.6987,0.0,0.0,-0.7007,0.0,-0.5264,-0.2737,0.0,0.0,0.0,0.0,-0.1157,-1.0,-0.5,-1.0,1.028,0.2576,0.0,1.0,-0.5,0.0,0.0,0.0,0.0,-0.5186
-0.7007,-0.6997,-0.701,0.789,-0.823,1.476,-0.735,2.604,-0.295,-1.702,-0.673,-1.992,-0.2856,-1.218,-1.0,-1.0,2.219,1.865,-1.138,0.0,0.52,1.014,-0.45,-0.4548,-0.2219,-1.155,0.2373,-0.897,-0.519,-0.884,-0.2974,-0.5747,-1.812,-0.697,-0.699,0.0,0.0,-0.7017,0.0,-0.5264,-0.3655,0.0,0.0,0.0,0.0,-0.1367,-1.0,-0.5,-1.0,1.238,-0.2832,0.0,2.0,-0.5,0.0,0.0,0.0,0.0,-0.6216
-0.7017,-0.7007,-0.702,1.723,-1.767,1.476,-0.7837,2.7,-1.32,-1.956,-0.6714,6.402,-0.2856,-1.218,-1.0,-1.0,2.605,2.26,-1.294,0.0,0.523,1.1045,-0.476,-0.444,-1.182,-1.166,0.1322,-2.125,-0.513,-0.897,0.897,-1.451,0.934,-0.6997,-0.7,0.0,0.0,-0.7026,0.0,-0.5264,-0.1731,0.0,0.0,0.0,0.0,-0.629,-1.0,-1.0,-1.0,2.139,-1.19,0.0,3.0,-0.5,0.0,0.0,1.0,-3.82,-2.904
-0.7017,-0.7007,-0.702,-0.081,0.05823,1.476,-0.7837,2.383,0.4128,-1.507,-0.667,-1.435,-0.1428,-1.218,0.0,-1.0,1.925,1.593,-1.026,0.0,0.5254,1.352,-0.5015,-0.4407,0.534,-1.158,0.3213,2.549,-0.5435,-2.125,-0.884,-0.2974,-1.532,-0.7,-0.7,0.0,0.0,-0.7036,0.0,-0.5264,-0.005295,0.0,0.0,0.0,0.0,0.6416,0.0,-0.5,-1.0,0.5938,0.7754,1.0,0.0,-0.5,0.0,1.0,0.0,4.234,3.072
-0.7017,-0.7007,-0.702,0.3362,-0.3628,1.476,-0.7837,2.559,-0.04123,-1.613,-0.6646,-0.8003,0.0,-1.218,0.0,-1.0,2.088,1.734,-1.093,0.0,0.528,1.798,-0.5366,-0.4504,0.08356,-1.157,0.1196,-0.888,-0.575,2.549,-0.897,0.8965,1.888,-0.7007,-0.7007,0.0,0.0,-0.704,0.0,-0.5264,-0.10583,0.0,0.0,0.0,0.0,-0.1675,-1.0,-1.0,-1.0,0.949,0.3203,0.0,1.0,-0.5,0.0,0.0,0.0,0.0,-0.7544
-0.7017,-0.7007,-0.702,0.316,-0.3467,1.476,-0.7837,2.342,-0.1151,-1.607,-0.657,-0.9536,0.1428,-1.218,0.0,-1.0,2.06,1.746,-1.093,0.0,0.5303,0.9893,-0.559,-0.4724,-0.1065,-1.127,-0.372,0.0,-0.5938,-0.888,-2.125,-0.8833,2.547,-0.7007,-0.7007,0.0,0.0,-0.7046,0.0,-0.5264,0.1045,0.0,0.0,0.0,0.0,0.0,-1.0,-1.5,-1.0,0.8853,0.2874,0.0,0.0,-0.5,0.0,0.0,0.0,0.0,0.0
-0.701,-0.7,-0.702,-0.3516,0.3286,1.476,-0.7837,2.2,0.525,-1.415,-0.649,14.88,0.2856,-1.218,0.0,-1.0,1.786,1.4795,-0.9814,0.0,0.5327,1.324,-0.576,-0.499,0.545,-1.115,-0.326,1.503,-0.5938,0.0,2.547,-0.8965,-0.5747,-0.7007,-0.7007,0.0,0.0,-0.7046,0.0,-0.5264,0.1644,0.0,0.0,0.0,0.0,0.1705,0.0,-1.0,-1.0,0.2413,0.936,1.0,0.0,-0.5,0.0,0.0,0.0,0.0,0.7793
-0.701,-0.7,-0.7017,-0.05072,0.01736,1.476,-0.7837,2.064,0.1044,-1.483,-0.637,-0.5776,0.4285,-1.218,0.0,-1.0,1.864,1.59,-1.026,0.0,0.535,0.555,-0.578,-0.5312,0.1509,-1.1,-0.12415,-0.5864,-0.598,1.503,-0.888,-2.125,-1.451,-0.7,-0.701,0.0,0.0,-0.7046,0.0,-0.5264,0.284,0.0,0.0,0.0,0.0,-0.1026,0.0,-1.0,-1.0,0.4714,0.5713,0.0,1.0,-0.5,0.0,0.0,0.0,0.0,-0.4573
-0.7,-0.699,-0.7007,-0.9097,0.8896,1.476,-0.7837,2.064,0.988,-1.217,-0.6255,4.56,0.5713,-1.218,0.0,-1.0,1.516,1.217,-0.87,0.0,0.538,3.135,-0.5635,-0.555,1.015,-1.076,-0.0779,2.072,-0.59,-0.5864,0.0,2.547,-0.2974,-0.698,-0.7007,0.0,0.0,-0.7036,0.0,-0.5234,0.312,0.0,0.0,0.0,0.0,0.526,0.0,-0.5,-1.0,-0.433,1.327,1.0,0.0,-0.5,0.0,0.0,0.0,0.0,2.367
-0.6987,-0.6978,-0.699,-1.631,1.626,1.476,-0.7837,1.8,1.907,-0.95,-0.618,1.068,0.5713,-1.218,0.0,-1.0,1.167,0.894,-0.714,0.0,0.5405,1.544,-0.5386,-0.569,1.872,-1.056,-0.1661,2.004,-0.537,2.072,1.502,-0.8877,0.8965,-0.6943,-0.7007,0.0,0.0,-0.7026,0.0,-0.511,0.1621,0.0,0.0,0.0,0.0,0.5317,1.0,-0.5,-1.0,-1.06,2.045,2.0,0.0,-0.5,0.0,0.0,0.0,0.0,2.314
-0.6973,-0.6963,-0.6978,-1.631,1.803,1.476,-0.7837,1.682,1.907,-0.8345,-0.607,0.2996,0.5713,-1.218,0.0,-1.0,1.021,0.761,-0.647,0.0,0.543,0.768,-0.4995,-0.5703,1.872,-1.0205,0.01456,0.8306,-0.482,2.004,-0.5864,0.0,-0.8833,-0.692,-0.7,0.0,0.0,-0.7017,0.0,-0.5063,0.3413,0.0,0.0,0.0,0.0,0.309,2.0,0.0,-0.5,-1.259,2.045,3.0,0.0,-0.5,0.0,1.0,0.0,4.234,1.302
-0.697,-0.696,-0.6978,-0.05505,0.04333,1.476,-0.7837,2.158,0.2766,-1.315,-0.6016,-0.769,0.5713,-1.218,0.0,-1.0,1.651,1.343,-0.937,0.0,0.5454,3.135,-0.4678,-0.558,0.1681,-1.011,0.2205,-2.514,-0.4944,0.8306,2.072,1.502,-0.8965,-0.6904,-0.7,0.0,0.0,-0.7007,0.0,-0.5264,0.02536,0.0,0.0,0.0,0.0,-0.57,1.0,0.0,-0.5,0.592,0.733,0.0,1.0,-0.5,0.0,0.0,0.0,0.0,-2.365
-0.697,-0.696,-0.6973,-0.03638,0.02248,1.476,-0.7837,2.02,0.214,-1.311,-0.5957,-0.03214,0.5713,-1.218,0.0,-1.0,1.633,1.35,-0.937,0.0,0.548,1.688,-0.4395,-0.5405,0.0736,-0.996,0.5527,0.0,-0.5015,-2.514,2.002,-0.586,-2.123,-0.6895,-0.7,0.0,0.0,-0.7,0.0,-0.5264,0.0608,0.0,0.0,0.0,0.0,0.0,1.0,0.0,-0.5,0.5645,0.663,0.0,0.0,-0.5,0.0,0.0,0.0,0.0,0.0
-0.696,-0.695,-0.697,-0.8794,0.8784,1.476,-0.7837,1.988,1.115,-1.045,-0.587,3.145,0.5713,-1.218,0.0,-1.0,1.297,0.997,-0.781,0.0,0.5503,1.208,-0.417,-0.5225,1.004,-0.9863,0.1154,2.031,-0.5146,0.0,0.8306,2.072,2.547,-0.688,-0.7,0.0,0.0,-0.6987,0.0,-0.5166,0.1747,0.0,0.0,0.0,0.0,0.2544,1.0,0.0,-0.5,-0.1937,1.546,1.0,0.0,-0.5,0.0,0.0,0.0,0.0,1.124
-0.694,-0.693,-0.6943,-1.631,1.803,1.545,-0.7837,1.9795,1.907,-0.556,-0.5664,1.546,0.5713,-1.218,0.0,-1.0,0.7393,0.402,-0.4907,0.0,0.553,3.135,-0.3792,-0.4907,1.872,-0.9297,0.2878,2.549,-0.4531,2.031,-2.514,2.002,-0.8877,-0.6846,-0.6997,0.0,0.0,-0.6973,0.0,-0.4944,0.575,0.0,0.0,0.0,0.0,1.546,1.0,0.5,0.0,-1.384,2.045,2.0,0.0,-0.5,0.0,0.0,0.0,0.0,5.766
-0.6924,-0.6914,-0.6934,-1.349,1.37,1.545,-0.7837,2.154,1.588,-0.777,-0.5474,-0.2876,0.7144,-1.218,0.0,-1.0,0.998,0.6455,-0.6245,0.0,0.5557,1.124,-0.3457,-0.4583,1.436,-0.9004,0.4011,-1.588,-0.4248,2.549,0.0,0.83,0.0,-0.6826,-0.699,0.0,0.0,-0.697,0.0,-0.505,0.4705,0.0,0.0,0.0,0.0,-0.28,0.0,0.5,0.0,-0.542,2.045,0.0,1.0,-0.5,0.0,0.0,0.0,0.0,-1.128
-0.6914,-0.6904,-0.6924,-0.864,0.869,1.545,-0.7837,2.047,0.8833,-0.885,-0.5254,-0.3108,0.857,-1.218,0.0,-1.0,1.112,0.7886,-0.6914,0.0,0.558,0.788,-0.3062,-0.4163,0.6704,-0.8447,0.2793,-0.8154,-0.4092,-1.588,2.031,-2.514,1.502,-0.6826,-0.6987,0.0,0.0,-0.696,0.0,-0.51,0.6113,0.0,0.0,0.0,0.0,-0.0868,0.0,0.0,0.0,-0.201,1.513,0.0,2.0,-0.5,0.0,0.0,0.0,0.0,-0.3586
-0.69,-0.689,-0.691,-1.453,1.464,1.545,-0.7837,1.744,1.501,-0.6562,-0.5083,0.8213,0.857,-1.218,0.0,-1.0,0.827,0.541,-0.5576,0.0,0.5605,0.7285,-0.2737,-0.378,1.317,-0.8164,0.418,1.653,-0.381,-0.8154,2.547,0.0,-0.586,-0.682,-0.698,0.0,0.0,-0.695,0.0,-0.4998,0.4917,0.0,0.0,0.0,0.0,0.2195,1.0,0.5,0.0,-0.733,2.045,1.0,0.0,-0.5,0.0,0.0,0.0,0.0,0.92
-0.688,-0.687,-0.689,-1.631,1.803,1.545,-0.7837,1.583,1.907,-0.4294,-0.4849,0.4917,0.857,-1.208,0.0,0.0,0.57,0.2966,-0.4238,0.0,0.563,0.672,-0.2438,-0.3386,1.861,-0.773,0.2122,1.609,-0.3389,1.653,-1.587,2.031,2.072,-0.678,-0.697,0.0,0.0,-0.6934,0.0,-0.4895,0.7266,0.0,0.0,0.0,0.0,0.3738,1.0,0.5,0.5,-1.143,2.045,2.0,0.0,-0.5,0.0,0.0,0.0,0.0,1.524
-0.687,-0.686,-0.6875,-1.207,1.213,1.545,-0.7837,1.695,1.072,-0.615,-0.465,-0.3423,0.857,-1.208,0.0,-1.0,0.7773,0.4973,-0.5356,0.0,0.5654,0.7188,-0.2128,-0.302,0.9907,-0.7417,0.00195,-1.306,-0.3203,1.609,-0.8154,2.547,2.002,-0.6753,-0.696,0.0,0.0,-0.692,0.0,-0.498,0.5396,0.0,0.0,0.0,0.0,-0.2247,0.0,0.0,0.5,-0.4238,1.962,0.0,1.0,-0.5,0.0,0.0,0.0,0.0,-0.8926
-0.686,-0.685,-0.6865,-1.079,1.081,1.545,-0.7837,1.76,0.871,-0.613,-0.4492,-0.04288,0.857,-1.208,0.0,-1.0,0.781,0.4885,-0.5356,0.0,0.5684,1.796,-0.19,-0.2705,0.8237,-0.714,-0.0905,0.0,-0.3135,-1.306,1.653,-1.587,0.83,-0.674,-0.695,0.0,0.0,-0.691,0.0,-0.498,0.4387,0.0,0.0,0.0,0.0,0.0,0.0,-0.5,0.0,-0.3315,1.8,0.0,0.0,-0.5,0.0,0.0,0.0,0.0,0.0
-0.685,-0.684,-0.686,-0.621,0.612,1.545,-0.7837,1.843,0.2788,-0.723,-0.434,-0.5156,0.857,-1.208,0.0,-1.0,0.91,0.611,-0.6025,0.0,0.571,0.748,-0.1744,-0.2448,0.2698,-0.688,0.4768,-0.801,-0.3281,0.0,1.608,-0.8154,-2.514,-0.6743,-0.694,0.0,0.0,-0.6895,0.0,-0.5034,0.403,0.0,0.0,0.0,0.0,-0.1582,0.0,-0.5,0.0,0.05432,1.288,0.0,1.0,-0.5,0.0,0.0,0.0,0.0,-0.6426
-0.6846,-0.6836,-0.685,-0.5503,0.535,1.545,-0.6006,1.648,0.1625,-0.72,-0.424,-0.181,0.857,-1.208,0.0,-1.0,0.8896,0.626,-0.6025,0.0,0.573,0.748,-0.1631,-0.2255,0.11145,-0.661,0.54,0.0,-0.384,-0.801,-1.306,1.653,0.0,-0.6743,-0.693,0.0,0.0,-0.6875,0.0,-0.5034,0.237,0.0,0.0,0.0,0.0,0.0,-1.0,-0.5,-0.5,0.02339,1.106,0.0,0.0,-0.5,0.0,0.0,0.0,0.0,0.0
-0.684,-0.683,-0.6846,-0.2494,0.2291,1.545,-0.6006,1.584,-0.1343,-0.7925,-0.4207,-1.029,0.7144,-1.208,-1.0,-1.0,0.965,0.7188,-0.647,0.0,0.5757,0.4006,-0.1617,-0.2129,-0.2397,-0.646,0.3088,-0.541,-0.401,0.0,0.0,1.608,2.031,-0.6743,-0.692,0.0,0.0,-0.6865,0.0,-0.507,-0.03687,0.0,0.0,0.0,0.0,-0.10675,-2.0,-1.0,-1.0,0.2979,0.795,0.0,1.0,-0.5,0.0,0.0,0.0,0.0,-0.4395
-0.684,-0.6826,-0.6846,-0.3306,0.3103,1.545,-0.6006,1.47,-0.00998,-0.751,-0.419,-6.984,0.7144,-1.208,0.0,-1.0,0.9077,0.68,-0.6245,0.0,0.578,0.02646,-0.1685,-0.2113,-0.1072,-0.646,-0.2124,0.2732,-0.4338,-0.541,-0.801,-1.306,2.547,-0.6743,-0.691,0.0,0.0,-0.6855,0.0,-0.505,-0.1029,0.0,0.0,0.0,0.0,0.04337,-1.0,-1.0,-1.0,0.04803,0.686,1.0,0.0,-1.0,0.0,0.0,0.0,0.0,0.18
-0.6836,-0.6826,-0.684,-0.05164,0.01851,1.545,-0.6006,1.206,-0.3914,-0.8213,-0.4082,-3.834,0.5713,-1.208,-1.0,-1.0,0.964,0.7905,-0.6694,0.0,0.5806,0.409,-0.1887,-0.2118,-0.4321,-0.6353,0.01456,-0.5435,-0.478,0.2732,0.0,0.0,-1.587,-0.6763,-0.6904,0.0,0.0,-0.6846,0.0,-0.5083,0.3618,0.0,0.0,0.0,0.0,-0.0789,-1.0,-1.0,-1.0,0.3472,0.438,0.0,1.0,-1.0,0.0,0.0,0.0,0.0,-0.3262
-0.6846,-0.6836,-0.685,0.9644,-1.013,1.545,-0.6006,1.362,-1.494,-1.116,-0.4033,4.523,0.4285,-1.208,-1.0,-1.0,1.328,1.15,-0.8477,0.0,0.5835,0.8623,-0.222,-0.2183,-1.531,-0.627,0.1322,-2.195,-0.4973,-0.5435,-0.541,-0.801,-0.815,-0.678,-0.6904,0.0,0.0,-0.684,0.0,-0.522,0.007496,0.0,0.0,0.0,0.0,-0.3035,-1.0,-1.0,-1.0,1.337,-0.5425,0.0,2.0,-1.0,0.0,0.0,1.0,-3.82,-1.267
-0.6846,-0.6836,-0.685,0.1311,-0.1707,1.545,-0.6006,1.368,-0.723,-0.8857,-0.3997,-0.4702,0.2856,-1.208,-1.0,-1.0,1.053,0.8545,-0.714,0.0,0.586,2.66,-0.2778,-0.2318,-0.72,-0.631,-0.1494,1.709,-0.539,-2.195,0.273,0.0,1.652,-0.6797,-0.69,0.0,0.0,-0.6836,0.0,-0.512,-0.02696,0.0,0.0,0.0,0.0,0.3684,0.0,-1.0,-1.0,0.4392,0.1644,1.0,0.0,-1.0,0.0,0.0,0.0,0.0,1.596
-0.6836,-0.6826,-0.684,-0.925,0.8965,1.545,-0.6006,1.138,0.4836,-0.5435,-0.3994,-2.033,0.2856,-1.208,0.0,-1.0,0.65,0.4678,-0.513,0.0,0.5884,0.709,-0.3267,-0.249,0.435,-0.626,-0.431,2.492,-0.547,1.709,-0.5435,-0.541,1.608,-0.679,-0.689,0.0,0.0,-0.6826,0.0,-0.4966,-0.1769,0.0,0.0,0.0,0.0,0.766,1.0,-1.0,-1.0,-0.528,1.246,2.0,0.0,-1.0,0.0,1.0,0.0,4.234,3.227
-0.6826,-0.6816,-0.683,-0.823,0.7944,1.545,-0.6006,1.138,0.435,-0.539,-0.3943,0.0543,0.2856,-1.218,0.0,-1.0,0.6455,0.463,-0.513,0.0,0.591,1.425,-0.3823,-0.27,0.3962,-0.619,-0.2377,0.0,-0.5415,2.492,-2.193,0.273,-1.305,-0.678,-0.688,0.0,0.0,-0.682,0.0,-0.4968,0.0828,0.0,0.0,0.0,0.0,0.0,0.0,-1.0,-1.0,-0.4753,1.099,0.0,0.0,-1.0,-1.0,0.0,0.0,0.0,0.0
-0.6816,-0.681,-0.682,-0.6177,0.5864,1.545,-0.6006,1.184,0.2351,-0.5728,-0.388,-0.2556,0.2856,-1.218,0.0,-1.0,0.6855,0.4973,-0.5356,0.0,0.5933,1.078,-0.424,-0.29,0.2048,-0.609,-0.2334,-0.2659,-0.537,0.0,1.708,-0.5435,0.0,-0.6777,-0.687,0.0,0.0,-0.6816,0.0,-0.4985,0.1836,0.0,0.0,0.0,0.0,-0.0684,0.0,-1.0,-1.0,-0.351,0.8184,0.0,1.0,-1.0,-1.0,0.0,0.0,0.0,-0.2766
-0.681,-0.68,-0.6816,-0.66,0.629,1.545,-0.1836,1.074,0.3484,-0.5312,-0.3853,0.4978,0.2856,-1.218,0.0,-1.0,0.6313,0.4602,-0.513,0.0,0.596,-0.3635,-0.4692,-0.3171,0.315,-0.6055,-0.1073,0.267,-0.57,-0.2659,2.492,-2.193,-0.801,-0.677,-0.686,0.0,0.0,-0.6807,0.0,-0.4968,-0.03534,0.0,0.0,0.0,0.0,0.03146,1.0,-0.5,-1.0,-0.4626,0.782,1.0,0.0,-1.0,-1.0,0.0,0.0,0.0,0.1278
-0.6807,-0.6797,-0.681,-0.4707,0.435,1.545,-0.1836,1.088,0.264,-0.565,-0.388,-0.05704,0.2856,-1.218,0.0,-1.0,0.669,0.4976,-0.5356,0.0,0.5986,0.3596,-0.5083,-0.352,0.2325,-0.614,-0.0905,-0.2659,-0.6177,0.267,0.0,1.708,0.0,-0.676,-0.685,0.0,0.0,-0.6797,0.0,-0.4985,-0.4255,0.0,0.0,0.0,0.0,-0.0762,0.0,-0.5,-1.5,-0.3389,0.5312,0.0,1.0,-1.0,-1.0,0.0,0.0,0.0,-0.3079
-0.68,-0.679,-0.6807,-0.528,0.4927,1.545,-0.1836,1.01,0.387,-0.524,-0.3862,0.499,0.2856,-1.218,0.0,-1.0,0.6177,0.4578,-0.513,0.0,0.601,0.3516,-0.5425,-0.3975,0.3643,-0.614,0.006153,0.267,-0.634,-0.2659,-0.2656,2.49,-0.541,-0.674,-0.684,0.0,0.0,-0.679,0.0,-0.4968,-0.0733,0.0,0.0,0.0,0.0,0.03665,0.0,0.0,-1.0,-0.3801,0.602,1.0,0.0,-1.0,-1.0,0.0,0.0,0.0,0.1488
-0.6797,-0.6787,-0.68,-0.2335,0.1938,0.772,-0.1836,0.941,0.1312,-0.5947,-0.3855,-0.4155,0.2856,-1.228,0.0,-1.0,0.6875,0.546,-0.5576,0.0,0.6035,0.3677,-0.5728,-0.437,0.1113,-0.615,-0.01066,-0.5317,-0.6387,0.267,0.2668,0.0,0.273,-0.6724,-0.683,0.0,0.0,-0.679,0.0,-0.5005,-0.1982,0.0,0.0,0.0,0.0,-0.1049,0.0,-0.5,-1.0,-0.1159,0.2932,0.0,1.0,-1.0,-1.0,0.0,0.0,0.0,-0.4243
-0.679,-0.6787,-0.6797,-0.1985,0.158,0.772,-0.1836,0.8765,0.1121,-0.5903,-0.3828,0.05795,0.2856,-1.228,0.0,-1.0,0.6772,0.547,-0.5576,0.0,0.606,0.006794,-0.596,-0.4795,0.0939,-0.6123,0.086,0.0,-0.639,-0.5317,-0.2656,-0.2656,-0.5435,-0.673,-0.682,0.0,0.0,-0.679,0.0,-0.5005,-0.005295,0.0,0.0,0.0,0.0,0.0,0.0,-0.5,-1.0,-0.0832,0.2578,0.0,0.0,-1.0,-1.0,0.0,0.0,0.0,0.0
-0.679,-0.6787,-0.6797,0.1892,-0.2346,0.772,-0.1836,0.8833,-0.2761,-0.6997,-0.3823,-1.731,0.1428,-1.228,-1.0,-1.0,0.798,0.675,-0.6245,0.0,0.6084,0.392,-0.6084,-0.5137,-0.2886,-0.6143,0.4434,-0.8047,-0.645,0.0,0.2668,0.2668,-2.193,-0.674,-0.6816,0.0,0.0,-0.6787,0.0,-0.5054,-0.1982,0.0,0.0,0.0,0.0,-0.1428,-1.0,-0.5,-1.0,0.2979,-0.1119,0.0,1.0,-1.0,-1.0,0.0,0.0,0.0,-0.5825
-0.6797,-0.6787,-0.68,0.55,-0.5996,0.772,-0.1836,0.8906,-0.6553,-0.8086,-0.3826,2.727,0.1428,-1.228,-1.0,-1.0,0.9214,0.805,-0.6914,0.0,0.6113,0.0467,-0.6084,-0.549,-0.659,-0.618,0.2332,-0.8154,-0.6387,-0.8047,-0.5312,-0.2656,1.708,-0.675,-0.681,0.0,0.0,-0.679,0.0,-0.5107,-0.2559,0.0,0.0,0.0,0.0,-0.131,-1.0,-1.0,-1.0,0.669,-0.4377,0.0,2.0,-1.0,-1.0,0.0,0.0,0.0,-0.5415
-0.68,-0.679,-0.6807,0.5107,-0.559,0.772,-0.1836,0.9233,-0.6274,-0.804,-0.3835,0.08624,0.0,-1.228,-1.0,-1.0,0.919,0.7964,-0.6914,0.0,0.614,0.4175,-0.6084,-0.578,-0.632,-0.623,-0.141,0.0,-0.6504,-0.8154,0.0,0.2668,2.49,-0.676,-0.6807,0.0,0.0,-0.6797,0.0,-0.5107,-0.3196,0.0,0.0,0.0,0.0,0.0,-2.0,-1.5,-1.5,0.6035,-0.4292,0.0,0.0,-1.0,-1.0,0.0,0.0,0.0,0.0
-0.68,-0.679,-0.6807,0.1103,-0.1544,0.772,-0.1836,0.8184,-0.2479,-0.6855,-0.3806,-0.6694,0.0,-1.228,-1.0,-1.0,0.7764,0.664,-0.6245,0.0,0.616,-0.3394,-0.6084,-0.603,-0.2402,-0.6226,-0.1746,0.8267,-0.653,0.0,-0.804,-0.5312,0.0,-0.677,-0.6807,0.0,0.0,-0.68,0.0,-0.506,-0.01921,0.0,0.0,0.0,0.0,0.1394,-1.0,-1.0,-1.0,0.1533,-0.1093,1.0,0.0,-1.0,-1.0,0.0,0.0,0.0,0.5845
-0.6807,-0.6797,-0.681,0.5986,-0.654,0.772,-0.1836,0.738,-0.8345,-0.8315,-0.3743,4.99,0.0,-1.237,-1.0,-1.0,0.9336,0.8477,-0.714,0.0,0.6187,0.426,-0.6084,-0.6216,-0.7886,-0.6187,-0.1536,-1.087,-0.6494,0.8267,-0.8154,0.0,-0.2656,-0.678,-0.6807,0.0,0.0,-0.6807,0.0,-0.5127,0.259,0.0,0.0,0.0,0.0,-0.2325,-1.0,-1.0,-1.0,0.5884,-0.629,0.0,1.0,-1.0,-1.0,0.0,0.0,0.0,-0.962
-0.6816,-0.6807,-0.682,1.724,-1.786,0.772,-0.6157,0.8926,-1.947,-1.166,-0.3792,1.84,0.0,-1.237,-1.0,-1.0,1.348,1.261,-0.9146,0.0,0.621,2.84,-0.6084,-0.6216,-1.9,-0.6313,-0.2292,-2.492,-0.6035,-1.087,0.0,-0.804,0.2668,-0.6807,-0.6807,0.0,0.0,-0.681,0.0,-0.5264,-0.684,0.0,0.0,0.0,0.0,-0.6694,-1.0,-1.5,-1.5,1.649,-1.744,0.0,2.0,-1.0,-1.0,0.0,0.0,0.0,-2.818
-0.683,-0.682,-0.6836,1.44,-1.497,0.772,-0.6157,0.637,-1.661,-1.122,-0.3901,-0.0281,-0.1428,-1.237,-1.0,-1.0,1.27,1.227,-0.8926,0.0,0.6235,0.11084,-0.6084,-0.6216,-1.625,-0.6577,-0.263,0.2888,-0.574,-2.492,0.8267,-0.8154,-0.2656,-0.6826,-0.6807,0.0,0.0,-0.682,0.0,-0.5264,-1.455,0.0,1.0,0.0,0.0,0.0403,0.0,-1.0,-1.5,1.397,-1.441,1.0,0.0,-1.0,-1.0,0.0,0.0,0.0,0.1771
-0.684,-0.683,-0.6846,1.585,-1.642,0.772,-0.6157,0.524,-1.757,-1.191,-0.4028,0.211,-0.2856,-1.237,-1.0,-1.0,1.347,1.331,-0.937,0.0,0.6265,0.1259,-0.5806,-0.6216,-1.763,-0.681,-0.372,-0.575,-0.5415,0.2888,-1.087,0.0,0.2668,-0.685,-0.681,0.0,0.0,-0.6826,0.0,-0.5264,-1.515,0.0,1.0,0.0,0.0,-0.0696,0.0,-1.5,-1.5,1.55,-1.566,0.0,1.0,-1.0,-1.0,0.0,0.0,0.0,-0.3042
-0.685,-0.684,-0.6855,1.313,-1.366,0.772,-0.6157,0.373,-1.467,-1.148,-0.414,-0.05084,-0.4285,-1.237,-1.0,-1.0,1.279,1.287,-0.9146,0.0,0.629,-0.659,-0.5454,-0.608,-1.47,-0.7104,-0.368,0.2903,-0.5195,-0.575,-2.492,0.8267,-0.5312,-0.6865,-0.6816,0.0,0.0,-0.6836,0.0,-0.5264,-1.37,0.0,1.0,0.0,0.0,0.04224,0.0,-1.0,-1.0,1.296,-1.294,1.0,0.0,-1.0,-1.0,0.0,0.0,0.0,0.1865
-0.6855,-0.6846,-0.686,0.9385,-0.9873,0.772,-0.6157,0.35,-1.047,-1.066,-0.4246,-0.1978,-0.5713,-1.237,-1.0,-1.0,1.176,1.182,-0.87,0.0,0.6313,-0.2815,-0.5093,-0.582,-1.052,-0.737,-0.435,0.5776,-0.507,0.2903,0.2888,-1.087,0.0,-0.688,-0.682,0.0,0.0,-0.684,0.0,-0.5244,-1.261,0.0,1.0,0.0,0.0,0.1422,1.0,-0.5,-1.0,0.958,-0.9033,2.0,0.0,-1.0,-1.0,0.0,0.0,0.0,0.6245
-0.6865,-0.6855,-0.687,0.992,-1.043,0.772,-0.6157,0.2927,-1.032,-1.097,-0.4346,0.1259,-0.7144,-1.247,-1.0,-1.0,1.208,1.227,-0.8926,0.0,0.634,0.11084,-0.47,-0.5537,-1.03,-0.764,-0.368,-0.2861,-0.501,0.5776,-0.5747,-2.49,-0.804,-0.6895,-0.6826,0.0,0.0,-0.684,0.0,-0.5264,-1.261,0.0,1.0,0.0,0.0,-0.0457,1.0,-0.5,-1.0,1.011,-0.956,0.0,1.0,-1.0,-1.0,0.0,0.0,0.0,-0.1987
-0.6865,-0.6855,-0.687,0.3975,-0.4421,0.772,-0.6157,0.3506,-0.36,-0.938,-0.4426,-0.6606,-0.857,-1.258,-1.0,-1.0,1.022,1.017,-0.803,0.0,0.636,1.6,-0.434,-0.526,-0.3643,-0.786,-0.2922,1.15,-0.4968,-0.2861,0.2903,0.2888,-0.815,-0.6904,-0.6826,0.0,0.0,-0.684,0.0,-0.5195,-0.972,0.0,0.0,0.0,0.0,0.2356,1.0,0.0,-1.0,0.4792,-0.3325,1.0,0.0,-1.0,-1.0,0.0,0.0,0.0,1.03
-0.687,-0.686,-0.6875,0.7544,-0.805,-0.818,-0.6157,0.3845,-0.637,-1.046,-0.4512,1.383,-1.0,-1.258,-1.0,-1.0,1.154,1.151,-0.87,0.0,0.6387,0.8735,-0.4028,-0.4998,-0.667,-0.8037,-0.3132,-0.846,-0.4988,1.15,0.5776,-0.5747,0.0,-0.69,-0.6836,0.0,0.0,-0.685,0.0,-0.5244,-1.012,0.0,0.0,0.0,0.0,-0.09143,1.0,0.0,-1.0,0.864,-0.6377,0.0,1.0,-1.0,-1.0,0.0,0.0,0.0,-0.3923
-0.6865,-0.686,-0.687,-0.2988,0.2603,-0.2242,-0.6157,0.4612,0.5264,-0.735,-0.4543,-2.3,-1.0,-1.258,0.0,-1.0,0.7993,0.7573,-0.6914,0.0,0.6416,1.9,-0.379,-0.4768,0.5083,-0.818,-0.473,2.29,-0.512,-0.846,-0.2861,0.2903,0.826,-0.6885,-0.6836,0.0,0.0,-0.6855,0.0,-0.5107,-0.4438,0.0,0.0,0.0,0.0,0.385,1.0,0.0,-0.5,-0.0626,0.4836,1.0,0.0,-1.0,-1.0,0.0,0.0,0.0,1.676
-0.6865,-0.6855,-0.687,-0.1378,0.0956,-0.2242,-0.6157,0.4727,0.4282,-0.7666,-0.4556,-0.0245,-0.857,-1.268,0.0,-1.0,0.836,0.7944,-0.714,0.0,0.644,0.426,-0.3635,-0.4587,0.42,-0.826,-0.3174,-0.2756,-0.5244,2.29,1.149,0.5776,-1.087,-0.687,-0.684,0.0,0.0,-0.686,0.0,-0.5127,-0.3516,0.0,0.0,0.0,0.0,-0.03702,0.0,0.0,-0.5,0.06158,0.2915,0.0,1.0,-1.0,-1.0,0.0,0.0,0.0,-0.1552
-0.687,-0.686,-0.6875,0.764,-0.8174,-0.2242,-0.6157,0.6587,-0.462,-1.027,-0.4595,-1.653,-0.857,-1.277,-1.0,-1.0,1.156,1.102,-0.87,0.0,0.6465,1.259,-0.3545,-0.4443,-0.4802,-0.836,0.0608,-1.938,-0.536,-0.2756,-0.846,-0.2861,-2.49,-0.6865,-0.6846,0.0,0.0,-0.687,0.0,-0.5244,-0.5283,0.0,0.0,0.0,0.0,-0.6187,0.0,0.0,-0.5,1.023,-0.486,0.0,2.0,-1.0,-1.0,0.0,0.0,0.0,-2.604
-0.6875,-0.6865,-0.688,0.7036,-0.758,-0.2242,-0.6157,0.5903,-0.3833,-1.0205,-0.4636,-0.1054,-0.857,-1.277,-1.0,-1.0,1.143,1.1,-0.87,0.0,0.649,-0.2815,-0.3518,-0.4316,-0.4248,-0.845,0.02718,0.0,-0.549,-1.938,2.29,1.149,0.2888,-0.6865,-0.685,0.0,0.0,-0.688,0.0,-0.525,-0.5283,0.0,0.0,0.0,0.0,0.0,-1.0,-0.5,-0.5,0.9233,-0.4744,0.0,0.0,-1.0,-1.0,0.0,0.0,0.0,0.0
-0.688,-0.687,-0.6885,0.7773,-0.8354,-0.2242,-0.6157,0.672,-0.4043,-1.052,-0.4705,0.229,-0.857,-1.287,-1.0,-1.0,1.187,1.131,-0.8926,0.0,0.6514,0.4978,-0.356,-0.4204,-0.4727,-0.8604,0.1154,-0.2861,-0.5693,0.0,-0.2756,-0.846,-0.5747,-0.6865,-0.6855,0.0,0.0,-0.6885,0.0,-0.5264,-0.7505,0.0,0.0,0.0,0.0,-0.03534,-1.0,-0.5,-1.0,0.951,-0.596,0.0,1.0,-1.0,-1.0,0.0,0.0,0.0,-0.1538
-0.689,-0.688,-0.6895,1.11,-1.174,-0.2242,-0.6157,0.641,-0.716,-1.16,-0.477,1.324,-0.857,-1.287,-1.0,-1.0,1.317,1.276,-0.9595,0.0,0.654,-0.259,-0.3699,-0.41,-0.771,-0.88,0.0818,-0.8623,-0.5806,-0.2861,-1.9375,2.29,0.29,-0.688,-0.686,0.0,0.0,-0.6895,0.0,-0.5264,-0.7124,0.0,0.0,0.0,0.0,-0.1427,-2.0,-1.0,-1.0,1.179,-1.023,0.0,2.0,-1.0,-1.0,0.0,0.0,0.0,-0.624
-0.6895,-0.6885,-0.69,0.623,-0.6816,-0.2242,-0.6157,0.3271,-0.3054,-1.039,-0.4744,-0.6064,-0.857,-1.287,-1.0,-1.0,1.141,1.147,-0.8926,0.0,0.6567,-0.276,-0.3948,-0.405,-0.3555,-0.88,-0.01066,0.875,-0.6064,-0.8623,0.0,-0.2754,0.5776,-0.688,-0.6865,0.0,0.0,-0.6904,0.0,-0.5264,-0.0767,0.0,0.0,0.0,0.0,0.1167,-1.0,-1.0,-0.5,0.7485,-0.507,1.0,0.0,-1.0,-1.0,0.0,0.0,0.0,0.5176
-0.6895,-0.6885,-0.6895,0.07,-0.1214,-0.2242,-0.6157,0.3506,0.2147,-0.8794,-0.4697,-2.855,-0.7144,-1.287,0.0,-1.0,0.9546,0.9443,-0.803,0.0,0.659,0.4612,-0.424,-0.406,0.1702,-0.8755,0.02718,1.15,-0.626,0.875,-0.2861,-1.9375,-0.286,-0.689,-0.686,0.0,0.0,-0.691,0.0,-0.5195,0.0872,0.0,0.0,0.0,0.0,0.1225,0.0,-0.5,-0.5,0.2537,0.07355,2.0,0.0,-1.0,-1.0,0.0,0.0,0.0,0.5356
-0.6895,-0.6885,-0.69,0.4539,-0.5107,-0.2242,-0.6157,0.3845,-0.235,-0.989,-0.4656,-1.353,-0.7144,-1.287,-1.0,-1.0,1.086,1.078,-0.87,0.0,0.6616,0.10345,-0.4578,-0.4114,-0.2617,-0.8726,-0.12415,-0.846,-0.6357,1.15,-0.8623,0.0,1.149,-0.69,-0.6865,0.0,0.0,-0.6914,0.0,-0.525,0.02695,0.0,0.0,0.0,0.0,-0.09375,0.0,-1.0,-0.5,0.6484,-0.2734,0.0,1.0,-1.0,-1.0,0.0,0.0,0.0,-0.4023
-0.69,-0.689,-0.6904,0.5513,-0.6094,-0.2242,-0.6157,0.4304,-0.3845,-1.0205,-0.4626,1.514,-0.7144,-1.287,-1.0,-1.0,1.128,1.114,-0.8926,0.0,0.664,0.11084,-0.4893,-0.4207,-0.3967,-0.873,-0.01066,-0.2861,-0.6465,-0.846,0.875,-0.2861,-0.8457,-0.69,-0.687,0.0,0.0,-0.692,0.0,-0.5264,-0.0827,0.0,0.0,0.0,0.0,-0.0422,0.0,-1.0,-1.0,0.727,-0.3855,0.0,2.0,-1.0,-1.0,0.0,0.0,0.0,-0.1836
-0.6904,-0.6895,-0.691,0.9043,-0.965,-0.2242,-0.6157,0.5713,-0.7646,-1.13,-0.4639,1.69,-0.7144,-1.287,-1.0,-1.0,1.273,1.243,-0.9595,0.0,0.6665,0.9185,-0.5186,-0.4353,-0.807,-0.8735,-0.351,-0.8623,-0.673,-0.2861,1.149,-0.8623,2.287,-0.6904,-0.688,0.0,0.0,-0.693,0.0,-0.5264,-0.3516,0.0,0.0,0.0,0.0,-0.1109,0.0,-1.5,-1.5,1.094,-0.699,0.0,3.0,-1.0,-1.0,0.0,0.0,0.0,-0.485
-0.691,-0.6904,-0.6914,0.964,-1.024,-0.2242,-0.6157,0.549,-0.8657,-1.162,-0.465,0.3135,-0.7144,-1.287,-1.0,-1.0,1.312,1.288,-0.9814,0.0,0.6694,-0.2532,-0.5396,-0.456,-0.876,-0.8853,-0.3596,-0.2917,-0.6807,-0.8623,-0.846,0.875,-0.2754,-0.6914,-0.6885,0.0,0.0,-0.6934,0.0,-0.5264,-0.3516,0.0,0.0,0.0,0.0,-0.06064,-1.0,-1.5,-1.5,1.105,-0.8057,0.0,4.0,-1.0,-0.5,0.0,0.0,0.0,-0.269
-0.692,-0.691,-0.6924,1.154,-1.216,-0.2242,-0.253,0.503,-1.049,-1.232,-0.471,0.411,-0.7144,-1.287,-1.0,-1.0,1.396,1.388,-1.026,0.0,0.672,0.555,-0.5483,-0.4778,-1.02,-0.908,-0.1157,-0.5864,-0.666,-0.2917,-0.2861,1.149,-1.9375,-0.692,-0.6895,0.0,0.0,-0.694,0.0,-0.5264,-0.699,0.0,0.0,0.0,0.0,-0.1427,-2.0,-1.5,-2.0,1.272,-1.008,0.0,5.0,-1.0,0.0,0.0,0.0,0.0,-0.636
-0.6934,-0.6924,-0.694,1.611,-1.675,-0.2242,-0.8613,0.5903,-1.507,-1.38,-0.477,0.6797,-0.7144,-1.287,-1.0,-1.0,1.595,1.583,-1.115,0.0,0.6743,1.002,-0.543,-0.4944,-1.425,-0.934,-0.1451,-1.185,-0.634,-0.5864,-0.8623,-0.846,0.0,-0.6934,-0.6904,0.0,0.0,-0.6943,0.0,-0.5264,-0.74,0.0,0.0,0.0,0.0,-0.274,-2.0,-1.5,-2.0,1.644,-1.524,0.0,5.617,-1.0,0.5,0.0,0.0,0.0,-1.233
-0.694,-0.693,-0.6943,0.786,-0.842,-0.2242,-0.8613,0.4907,-0.662,-1.181,-0.486,-0.5225,-0.857,-1.287,-1.0,-1.0,1.33,1.319,-1.004,0.0,0.677,0.5454,-0.53,-0.508,-0.6147,-0.9526,-0.1494,1.51,-0.628,-1.185,-0.2917,-0.2861,-0.286,-0.695,-0.6914,0.0,0.0,-0.6943,0.0,-0.5264,-0.9653,0.0,0.0,0.0,0.0,0.2937,-1.0,-1.0,-2.0,0.927,-0.638,1.0,0.0,-1.0,0.5,0.0,0.0,0.0,1.35
-0.694,-0.693,-0.6943,0.3293,-0.383,-0.1696,-0.8613,0.4194,-0.1355,-1.06,-0.4922,-0.913,-1.0,-1.287,-1.0,-1.0,1.175,1.166,-0.937,0.0,0.679,0.1259,-0.5156,-0.516,-0.098,-0.9683,-0.04428,0.884,-0.6274,1.51,-0.5864,-0.8623,-0.8623,-0.6953,-0.692,0.0,0.0,-0.6943,0.0,-0.5264,-0.699,0.0,0.0,0.0,0.0,0.2064,0.0,-0.5,-1.5,0.4346,-0.2532,2.0,0.0,-1.0,0.5,0.0,0.0,0.0,0.925
-0.6943,-0.6934,-0.695,0.837,-0.8965,-0.1696,-0.8613,0.5386,-0.635,-1.209,-0.4958,14.88,-1.0,-1.287,-1.0,-1.0,1.369,1.353,-1.026,0.0,0.6816,1.75,-0.4924,-0.515,-0.4895,-0.9966,-0.1661,-1.161,-0.619,0.884,-1.184,-0.2915,0.8745,-0.6963,-0.6924,0.0,0.0,-0.695,0.0,-0.5264,-0.5625,0.0,0.0,0.0,0.0,-0.3613,0.0,-1.0,-1.5,0.9785,-0.6885,0.0,1.0,-1.0,0.5,0.0,0.0,0.0,-1.595
-0.695,-0.694,-0.6953,0.505,-0.5605,-0.1696,-0.8613,0.584,-0.2988,-1.126,-0.498,-0.566,-1.0,-1.287,-1.0,-1.0,1.2705,1.237,-0.9814,0.0,0.6846,0.1412,-0.4758,-0.512,-0.1702,-1.003,-0.3596,0.5923,-0.6167,-1.161,1.51,-0.586,1.149,-0.6963,-0.6934,0.0,0.0,-0.695,0.0,-0.5264,-0.4255,0.0,0.0,0.0,0.0,0.11615,1.0,-1.0,-1.0,0.679,-0.3418,1.0,0.0,-1.0,0.5,0.0,0.0,0.0,0.523
-0.695,-0.694,-0.6953,0.0822,-0.1322,-0.1696,-0.8613,0.5806,0.1401,-1.006,-0.4978,-2.479,-0.857,-1.287,0.0,-1.0,1.125,1.082,-0.9146,0.0,0.687,0.11835,-0.4658,-0.5103,0.2385,-1.0,-0.267,0.8794,-0.6226,0.5923,0.884,-1.184,-0.8457,-0.696,-0.6934,0.0,0.0,-0.6953,0.0,-0.5264,-0.1923,0.0,0.0,0.0,0.0,0.2085,2.0,-0.5,-0.5,0.2778,0.0767,2.0,0.0,-1.0,0.5,0.0,0.0,0.0,0.9297
-0.695,-0.694,-0.6953,0.08734,-0.1368,-0.1696,-0.8613,0.65,0.11957,-1.003,-0.495,0.05453,-0.7144,-1.287,0.0,-1.0,1.127,1.071,-0.9146,0.0,0.6895,0.507,-0.4583,-0.51,0.2192,-0.9966,-0.2334,0.0,-0.6235,0.8794,-1.161,1.51,-0.286,-0.695,-0.694,0.0,0.0,-0.6953,0.0,-0.5264,-0.01921,0.0,0.0,0.0,0.0,0.0,1.0,-0.5,-0.5,0.237,0.02246,0.0,0.0,-1.0,0.5,0.0,0.0,0.0,0.0
-0.6953,-0.6943,-0.696,0.7446,-0.802,-0.1696,-0.8613,0.8223,-0.534,-1.192,-0.4983,-2.914,-0.7144,-1.287,-1.0,-1.0,1.374,1.303,-1.026,0.0,0.692,0.9536,-0.4539,-0.5093,-0.4517,-1.003,-0.1115,-1.444,-0.6484,0.0,0.592,0.8833,-0.8623,-0.6943,-0.695,0.0,0.0,-0.6963,0.0,-0.5264,-0.4746,0.0,0.0,0.0,0.0,-0.2461,0.0,-0.5,-1.0,0.876,-0.611,0.0,1.0,-1.0,0.5,0.0,0.0,0.0,-1.081
-0.696,-0.695,-0.6963,1.092,-1.155,-0.1696,-0.8613,0.793,-0.834,-1.304,-0.507,0.9272,-0.857,-1.287,-1.0,-1.0,1.514,1.458,-1.093,0.0,0.6943,0.1809,-0.453,-0.508,-0.804,-1.015,-0.0821,-0.888,-0.667,-1.444,0.8794,-1.161,-0.2915,-0.695,-0.6953,0.0,0.0,-0.6973,0.0,-0.5264,-0.8867,0.0,0.0,0.0,0.0,-0.1327,0.0,-0.5,-1.5,1.208,-0.9536,0.0,2.0,-1.0,0.5,0.0,0.0,0.0,-0.5977
-0.6963,-0.6953,-0.697,0.864,-0.925,-0.1696,-0.8613,0.7793,-0.5996,-1.26,-0.512,-0.2151,-0.857,-1.287,-1.0,-1.0,1.456,1.399,-1.071,0.0,0.697,0.1727,-0.4568,-0.507,-0.6006,-1.025,-0.01906,0.3005,-0.663,-0.888,0.0,0.592,-0.586,-0.696,-0.6953,0.0,0.0,-0.6978,0.0,-0.5264,-0.684,0.0,0.0,0.0,0.0,0.04712,0.0,0.0,-1.0,0.9937,-0.7266,1.0,0.0,-1.0,0.5,0.0,0.0,0.0,0.2155
-0.6963,-0.6953,-0.697,0.1337,-0.1864,-0.1696,-0.8613,0.781,0.1531,-1.0625,-0.5137,-1.562,-0.7144,-1.287,0.0,-1.0,1.211,1.136,-0.9595,0.0,0.6997,0.9185,-0.4683,-0.507,0.138,-1.029,0.1406,1.495,-0.669,0.3005,-1.444,0.879,-1.184,-0.6953,-0.696,0.0,0.0,-0.6978,0.0,-0.5264,-0.302,0.0,0.0,0.0,0.0,0.282,0.0,0.5,-0.5,0.3323,0.02971,2.0,0.0,-1.0,0.5,0.0,0.0,0.0,1.282
-0.696,-0.6953,-0.6963,-0.371,0.326,0.1268,-0.8613,0.6587,0.6885,-0.906,-0.5103,2.332,-0.5713,-1.287,0.0,-1.0,1.013,0.9473,-0.87,0.0,0.702,0.10345,-0.4912,-0.508,0.6934,-1.026,-0.04007,1.167,-0.6665,1.495,-0.888,0.0,1.51,-0.695,-0.6953,0.0,0.0,-0.6978,0.0,-0.525,0.07654,0.0,0.0,0.0,0.0,0.2041,1.0,0.5,0.0,-0.1037,0.5776,3.0,0.0,-1.0,0.5,0.0,0.0,0.0,0.906
-0.6963,-0.6953,-0.6963,0.1835,-0.2347,0.1268,-0.8613,0.816,0.10114,-1.058,-0.5083,-0.6587,-0.4285,-1.287,0.0,-1.0,1.208,1.126,-0.9595,0.0,0.7046,0.526,-0.5205,-0.508,0.1106,-1.024,-0.141,-1.145,-0.6665,1.167,0.3005,-1.444,0.8833,-0.695,-0.6953,0.0,0.0,-0.6978,0.0,-0.5264,-0.0875,0.0,0.0,0.0,0.0,-0.1888,1.0,0.0,0.0,0.4539,0.0634,0.0,1.0,-1.0,0.5,0.0,0.0,0.0,-0.822
-0.696,-0.695,-0.6963,-0.07684,0.02869,0.1268,-0.8613,0.6846,0.3372,-0.9775,-0.504,1.34,-0.2856,-1.287,0.0,-1.0,1.1,1.036,-0.9146,0.0,0.707,-0.2703,-0.551,-0.5117,0.351,-1.018,0.02296,0.5835,-0.6685,-1.145,1.495,-0.8877,-1.16,-0.695,-0.696,0.0,0.0,-0.6978,0.0,-0.5264,0.1122,0.0,0.0,0.0,0.0,0.0603,2.0,0.5,0.5,0.1754,0.2869,1.0,0.0,-1.0,0.5,0.0,0.0,0.0,0.2676
-0.696,-0.695,-0.6963,0.1981,-0.2512,0.1268,-0.8613,0.8506,-0.02284,-1.052,-0.4973,-0.73,-0.1428,-1.287,0.0,-1.0,1.203,1.114,-0.9595,0.0,0.7095,2.88,-0.5757,-0.52,-0.001088,-1.007,-0.04007,-0.5776,-0.6885,0.5835,1.167,0.3003,0.592,-0.6943,-0.696,0.0,0.0,-0.698,0.0,-0.5264,0.2284,0.0,0.0,0.0,0.0,-0.05487,1.0,0.0,0.5,0.3918,-0.0352,0.0,1.0,-1.0,0.5,0.0,0.0,0.0,-0.2411
-0.6963,-0.6953,-0.697,0.321,-0.3767,0.1268,-0.8613,0.6543,-0.1766,-1.086,-0.495,-1.685,-0.1428,-1.287,-1.0,-1.0,1.228,1.178,-0.9814,0.0,0.712,-0.6475,-0.596,-0.532,-0.157,-1.005,-0.162,-0.2917,-0.6973,-0.5776,-1.145,1.494,0.879,-0.694,-0.696,0.0,0.0,-0.6987,0.0,-0.5264,-0.07983,0.0,0.0,0.0,0.0,-0.0496,0.0,-0.5,0.0,0.4788,-0.1903,0.0,2.0,-1.0,0.5,0.0,0.0,0.0,-0.22
-0.6963,-0.6953,-0.697,0.566,-0.625,0.1268,-0.8613,0.645,-0.423,-1.158,-0.4966,4.54,-0.1428,-1.287,-1.0,-1.0,1.316,1.274,-1.026,0.0,0.715,-0.2415,-0.6084,-0.548,-0.427,-1.007,-0.1746,-0.5864,-0.699,-0.2917,0.5835,1.166,0.0,-0.6934,-0.6963,0.0,0.0,-0.6987,0.0,-0.5264,-0.374,0.0,0.0,0.0,0.0,-0.06366,-1.0,-0.5,-0.5,0.681,-0.466,0.0,3.0,-1.0,0.5,0.0,0.0,0.0,-0.284
-0.6973,-0.6963,-0.6978,0.9287,-0.9917,0.1268,-0.8613,0.505,-0.824,-1.27,-0.4973,1.571,-0.1428,-1.287,-1.0,-1.0,1.444,1.438,-1.093,0.0,0.7173,0.1808,-0.6084,-0.5684,-0.8735,-1.004,0.01456,-0.888,-0.6943,-0.5864,-0.5776,-1.145,-1.443,-0.6943,-0.697,0.0,0.0,-0.699,0.0,-0.5264,-0.3196,0.0,0.0,0.0,0.0,-0.12085,-1.0,-0.5,-0.5,1.042,-0.807,0.0,4.0,-1.0,0.5,0.0,0.0,0.0,-0.544
-0.6978,-0.697,-0.698,0.7173,-0.7773,0.1268,-0.8613,0.421,-0.64,-1.226,-0.4988,-0.142,-0.1428,-1.287,-1.0,-1.0,1.38,1.386,-1.071,0.0,0.7197,-0.2295,-0.6084,-0.5913,-0.689,-1.011,0.128,0.3005,-0.69,-0.888,-0.2917,0.583,-0.8877,-0.696,-0.6978,0.0,0.0,-0.6997,0.0,-0.5264,-0.3872,0.0,0.0,0.0,0.0,0.03772,-1.0,0.0,-0.5,0.811,-0.63,1.0,0.0,-1.0,0.5,0.0,0.0,0.0,0.1724
-0.698,-0.6973,-0.6987,0.797,-0.858,0.1268,-0.8613,0.397,-0.703,-1.258,-0.503,0.2754,-0.2856,-1.287,-1.0,-1.0,1.419,1.433,-1.093,0.0,0.722,0.585,-0.6084,-0.611,-0.74,-1.025,0.0902,-0.299,-0.6836,0.3005,-0.5864,-0.5776,0.3003,-0.697,-0.6978,0.0,0.0,-0.6997,0.0,-0.5264,-0.666,0.0,0.0,0.0,0.0,-0.0353,-1.0,-0.5,-1.0,0.9033,-0.6904,0.0,1.0,-1.0,0.5,0.0,0.0,0.0,-0.1605
-0.698,-0.6978,-0.6987,0.5986,-0.6577,0.1268,0.01897,0.349,-0.4875,-1.213,-0.5063,-0.2593,-0.4285,-1.287,-1.0,-1.0,1.357,1.375,-1.071,0.0,0.7246,0.1727,-0.6084,-0.6216,-0.4946,-1.042,-0.12415,0.3005,-0.69,-0.299,-0.888,-0.2915,1.494,-0.6978,-0.698,0.0,0.0,-0.6997,0.0,-0.5264,-0.587,0.0,0.0,0.0,0.0,0.04642,0.0,-0.5,-0.5,0.654,-0.561,1.0,0.0,-1.0,0.5,0.0,0.0,0.0,0.2122
-0.6987,-0.6978,-0.699,0.5537,-0.613,0.1268,0.01897,0.17,-0.467,-1.206,-0.506,0.08276,-0.4285,-1.287,-1.0,-1.0,1.333,1.384,-1.071,0.0,0.727,-0.632,-0.607,-0.6216,-0.4707,-1.046,-0.3132,0.0,-0.6865,0.3005,0.3005,-0.586,1.166,-0.6987,-0.6987,0.0,0.0,-0.6997,0.0,-0.5264,-0.2874,0.0,0.0,0.0,0.0,0.0,0.0,-1.0,-0.5,0.5654,-0.5674,0.0,0.0,-1.0,0.5,0.0,0.0,0.0,0.0
-0.699,-0.698,-0.6997,0.784,-0.8457,0.1268,0.01897,0.1921,-0.7466,-1.278,-0.505,1.015,-0.4285,-1.287,-1.0,-1.0,1.427,1.48,-1.115,0.0,0.73,0.189,-0.6006,-0.6216,-0.7524,-1.047,-0.183,-0.598,-0.681,0.0,-0.299,-0.8877,-1.144,-0.6997,-0.6987,0.0,0.0,-0.7,0.0,-0.5264,-0.215,0.0,0.0,0.0,0.0,-0.06354,0.0,-1.0,-0.5,0.8,-0.7783,0.0,1.0,-1.0,0.5,0.0,0.0,0.0,-0.289
-0.6997,-0.6987,-0.7,0.8594,-0.9214,0.1268,0.01897,0.1305,-0.8613,-1.312,-0.5054,0.342,-0.4285,-1.287,-1.0,-1.0,1.464,1.531,-1.138,0.0,0.7324,-0.6196,-0.595,-0.6216,-0.885,-1.049,-0.2964,-0.302,-0.67,-0.598,0.3005,0.3003,0.583,-0.7,-0.699,0.0,0.0,-0.7,0.0,-0.5264,-0.3699,0.0,0.0,0.0,0.0,-0.02892,-1.0,-1.5,-1.0,0.808,-0.921,0.0,2.0,-1.0,0.5,0.0,0.0,0.0,-0.1328
-0.7007,-0.6997,-0.701,1.209,-1.273,0.1268,0.01897,0.2377,-1.1875,-1.421,-0.511,0.621,-0.5713,-1.287,-1.0,-1.0,1.618,1.676,-1.205,0.0,0.735,1.882,-0.5796,-0.6216,-1.177,-1.071,-0.2544,-0.9106,-0.6494,-0.302,0.0,-0.2988,-0.5776,-0.701,-0.6997,0.0,0.0,-0.701,0.0,-0.5264,-1.053,0.0,1.0,0.0,0.0,-0.1704,-1.0,-1.5,-1.5,1.122,-1.285,0.0,3.0,-1.0,0.5,0.0,0.0,0.0,-0.7866
-0.7017,-0.701,-0.702,1.684,-1.753,0.1268,-0.3406,0.2852,-1.582,-1.571,-0.524,0.547,-0.7144,-1.287,-1.0,-1.0,1.826,1.889,-1.294,0.0,0.7373,0.2576,-0.551,-0.607,-1.57,-1.103,-0.2585,-1.233,-0.6206,-0.9106,-0.598,0.3003,-0.2915,-0.7026,-0.7007,0.0,0.0,-0.7017,0.0,-0.5264,-1.719,0.0,1.0,0.0,0.0,-0.1583,-2.0,-1.5,-2.0,1.57,-1.756,0.0,4.0,-1.0,0.5,0.0,0.0,0.0,-0.742
-0.7036,-0.7026,-0.704,2.445,-2.518,0.1268,-1.311,0.4768,-2.258,-1.799,-0.537,0.6484,-0.857,-1.287,-1.0,-1.0,2.168,2.219,-1.428,0.0,0.7397,2.5,-0.4963,-0.574,-2.086,-1.158,-0.2334,-1.889,-0.567,-1.233,-0.302,0.0,-0.586,-0.705,-0.7017,0.0,0.0,-0.703,0.0,-0.5264,-1.719,0.0,1.0,0.0,0.0,-0.535,-2.0,-1.5,-2.0,2.355,-2.195,0.0,5.0,-1.0,0.5,0.0,0.0,0.0,-2.562
-0.7046,-0.7036,-0.705,1.7705,-1.831,0.1268,-1.311,0.5903,-1.614,-1.673,-0.5503,-0.1865,-1.0,-1.287,-1.0,-1.0,1.997,2.014,-1.361,0.0,0.742,1.575,-0.434,-0.533,-1.379,-1.206,-0.183,0.975,-0.537,-1.889,-0.9106,-0.5977,-0.8877,-0.707,-0.702,0.0,0.0,-0.704,0.0,-0.5264,-1.636,0.0,1.0,0.0,0.0,0.2861,-1.0,-1.0,-2.0,1.736,-1.741,1.0,0.0,-1.0,0.5,0.0,0.0,0.0,1.415
-0.7056,-0.7046,-0.706,0.8877,-0.9404,0.1268,-1.311,0.3357,-0.735,-1.471,-0.558,-0.5005,-1.143,-1.287,-1.0,-1.0,1.692,1.736,-1.249,0.0,0.745,0.6587,-0.3901,-0.5005,-0.5493,-1.22,-0.2754,1.599,-0.528,0.975,-1.232,-0.302,0.3003,-0.7085,-0.7026,0.0,0.0,-0.7046,0.0,-0.5264,-1.022,0.0,0.0,0.0,0.0,0.2236,0.0,-1.0,-1.5,0.97,-0.792,2.0,0.0,-1.0,0.5,0.0,0.0,0.0,1.088
-0.705,-0.704,-0.7056,-0.1362,0.0966,1.061,-1.311,0.469,0.3665,-1.188,-0.56,-1.807,-1.0,-1.287,0.0,-1.0,1.338,1.332,-1.093,0.0,0.7476,1.798,-0.3574,-0.4714,0.586,-1.233,-0.267,2.18,-0.528,1.599,-1.888,-0.91,-0.2988,-0.708,-0.7026,0.0,0.0,-0.7046,0.0,-0.5264,-0.4255,0.0,0.0,0.0,0.0,0.3584,1.0,-0.5,-1.0,0.0786,0.3096,3.0,0.0,-1.0,0.5,0.0,0.0,0.0,1.697
-0.7046,-0.7036,-0.705,-0.3704,0.3337,1.374,-1.311,0.48,0.6772,-1.1045,-0.559,0.8506,-0.857,-1.287,0.0,-1.0,1.234,1.219,-1.049,0.0,0.75,0.1648,-0.34,-0.45,0.867,-1.231,-0.309,0.601,-0.534,2.18,0.975,-1.232,0.3003,-0.7075,-0.7026,0.0,0.0,-0.7046,0.0,-0.5264,-0.1951,0.0,0.0,0.0,0.0,0.1166,2.0,-0.5,-0.5,-0.1604,0.523,4.0,0.0,-0.5,0.5,0.0,0.0,0.0,0.5327
-0.7036,-0.7026,-0.704,-1.072,1.048,2.305,-1.311,0.5117,1.486,-0.8623,-0.552,1.263,-0.7144,-1.287,0.0,-1.0,0.9487,0.907,-0.9146,0.0,0.7524,0.8955,-0.3403,-0.4368,1.67,-1.218,-0.305,1.785,-0.5415,0.601,1.599,-1.888,0.0,-0.7056,-0.7026,0.0,0.0,-0.7046,0.0,-0.5264,0.2905,0.0,0.0,0.0,0.0,0.3477,3.0,0.0,0.0,-0.755,1.299,5.0,0.0,0.0,0.5,0.0,0.0,0.0,1.573
-0.7026,-0.7017,-0.703,-1.434,1.419,2.906,-1.311,0.4976,1.907,-0.7,-0.542,0.4663,-0.5713,-1.287,0.0,-1.0,0.764,0.7124,-0.8257,0.0,0.755,0.08887,-0.3538,-0.4316,1.872,-1.194,-0.1914,1.155,-0.521,1.785,2.18,0.9746,-0.5977,-0.702,-0.702,0.0,0.0,-0.7046,0.0,-0.5215,0.4119,0.0,0.0,0.0,0.0,0.2537,3.0,0.5,0.0,-1.061,1.703,5.734,0.0,0.5,0.5,0.0,0.0,0.0,1.115
-0.7017,-0.7007,-0.702,-0.923,0.904,2.906,-1.311,0.5337,1.411,-0.8154,-0.534,-0.1465,-0.4285,-1.287,0.0,-1.0,0.897,0.8477,-0.8926,0.0,0.758,0.11084,-0.3728,-0.4324,1.524,-1.175,-0.0947,-0.85,-0.5176,1.155,0.601,1.599,-0.302,-0.698,-0.702,0.0,0.0,-0.7046,0.0,-0.5264,0.2927,0.0,0.0,0.0,0.0,-0.1963,2.0,0.5,0.0,-0.5474,1.23,0.0,1.0,0.5,0.5,0.0,0.0,0.0,-0.846
-0.7007,-0.6997,-0.701,-0.8203,0.8022,2.906,-1.311,0.5684,1.322,-0.812,-0.527,0.07904,-0.2856,-1.287,0.0,-1.0,0.896,0.8403,-0.8926,0.0,0.7603,0.4978,-0.392,-0.4373,1.473,-1.167,0.0776,0.0,-0.51,-0.85,1.785,2.18,-0.91,-0.6953,-0.7017,0.0,0.0,-0.704,0.0,-0.5264,0.2534,0.0,0.0,0.0,0.0,0.0,1.0,0.5,-0.5,-0.453,1.128,0.0,0.0,0.5,0.5,0.0,0.0,0.0,0.0
-0.7,-0.699,-0.7007,-0.6045,0.5854,2.906,-1.311,0.5806,1.097,-0.848,-0.5205,-0.02872,-0.1428,-1.287,0.0,-1.0,0.939,0.8833,-0.9146,0.0,0.7627,-0.659,-0.4158,-0.4456,1.291,-1.162,0.3047,-0.2876,-0.5034,0.0,1.155,0.6006,-1.232,-0.693,-0.7017,0.0,0.0,-0.704,0.0,-0.5264,0.1971,0.0,0.0,0.0,0.0,-0.02747,0.0,0.5,-0.5,-0.2646,0.8975,0.0,1.0,0.5,0.5,0.0,0.0,0.0,-0.1201
-0.6997,-0.6987,-0.7,-0.408,0.3867,2.906,-1.311,0.5586,0.8623,-0.884,-0.5137,-0.0694,0.0,-1.287,0.0,-1.0,0.978,0.9297,-0.937,0.0,0.765,-0.2646,-0.4458,-0.456,1.078,-1.152,0.6284,-0.2888,-0.4968,-0.2876,-0.85,1.784,-1.888,-0.692,-0.7017,0.0,0.0,-0.7036,0.0,-0.5264,0.2534,0.0,0.0,0.0,0.0,-0.0357,-1.0,0.5,-0.5,-0.0791,0.7026,0.0,2.0,0.5,0.5,0.0,0.0,0.0,-0.1569
-0.6987,-0.6978,-0.699,-0.9663,0.9575,2.906,-1.311,0.7354,1.443,-0.6836,-0.502,0.7944,0.1428,-1.287,0.0,-1.0,0.7666,0.67,-0.8257,0.0,0.7676,1.995,-0.481,-0.4705,1.693,-1.135,0.5947,1.451,-0.4763,-0.2888,0.0,1.155,0.9746,-0.69,-0.7017,0.0,0.0,-0.703,0.0,-0.5215,0.4917,0.0,0.0,0.0,0.0,0.228,-1.0,0.5,0.0,-0.5874,1.285,1.0,0.0,0.5,0.5,0.0,0.0,0.0,1.007
-0.698,-0.6973,-0.6987,-0.618,0.6035,2.906,-1.311,0.6245,0.988,-0.758,-0.489,-0.1777,0.2856,-1.287,0.0,-1.0,0.8394,0.769,-0.87,0.0,0.77,0.10345,-0.5034,-0.4854,1.282,-1.117,0.4854,-0.567,-0.4644,1.451,-0.2874,-0.85,1.599,-0.69,-0.701,0.0,0.0,-0.7026,0.0,-0.525,0.5503,0.0,0.0,0.0,0.0,-0.05963,-1.0,0.0,0.0,-0.2861,0.9062,0.0,1.0,0.5,0.5,0.0,0.0,0.0,-0.257
-0.6973,-0.6963,-0.698,-0.5464,0.529,2.906,-1.311,0.6245,0.7837,-0.7524,-0.4731,-0.05966,0.4285,-1.287,0.0,-1.0,0.8335,0.762,-0.87,0.0,0.773,0.10345,-0.502,-0.4973,1.164,-1.099,0.2625,0.0,-0.4543,-0.567,-0.2888,0.0,2.18,-0.69,-0.7007,0.0,0.0,-0.702,0.0,-0.525,0.8115,1.0,0.0,0.0,0.0,0.0,-1.0,-0.5,0.0,-0.3083,0.735,0.0,0.0,0.5,0.5,0.0,0.0,0.0,0.0
-0.6973,-0.6963,-0.6978,-0.3608,0.332,2.906,-1.311,0.5337,0.387,-0.786,-0.4531,-0.3413,0.5713,-1.287,0.0,-1.0,0.8633,0.812,-0.8926,0.0,0.7754,0.8843,-0.4583,-0.4985,0.6865,-1.048,0.2205,-0.2861,-0.4478,0.0,1.451,-0.2874,0.6006,-0.69,-0.7007,0.0,0.0,-0.7017,0.0,-0.5264,1.211,1.0,0.0,0.0,0.0,-0.04395,-1.0,-1.0,0.0,-0.159,0.513,0.0,1.0,0.5,0.5,0.0,0.0,0.0,-0.1913
-0.697,-0.696,-0.6973,-0.3179,0.279,2.906,-1.311,0.4304,0.1697,-0.78,-0.4353,-0.3315,0.7144,-1.287,0.0,-1.0,0.847,0.814,-0.8926,0.0,0.778,0.11084,-0.3945,-0.4824,0.282,-0.984,-0.002253,0.0,-0.442,-0.2861,-0.567,-0.2888,1.784,-0.69,-0.7007,0.0,0.0,-0.701,0.0,-0.5264,1.138,1.0,0.0,0.0,0.0,0.0,-1.0,-1.5,-0.5,-0.19,0.3833,0.0,0.0,0.5,0.5,0.0,0.0,0.0,0.0
-0.696,-0.695,-0.6963,-1.122,1.09,2.906,-1.311,0.651,0.9243,-0.4958,-0.4158,3.049,0.857,-1.297,0.0,-1.0,0.556,0.4604,-0.7363,0.0,0.7803,2.307,-0.3271,-0.45,0.918,-0.9287,-0.1661,2.012,-0.4214,0.0,0.0,1.451,1.155,-0.689,-0.7,0.0,0.0,-0.7,0.0,-0.5146,1.1875,1.0,0.0,0.0,0.0,0.5444,-1.0,-1.5,-0.5,-0.9517,1.178,1.0,0.0,0.5,0.5,1.0,0.0,4.234,2.38
-0.695,-0.694,-0.6953,-0.886,0.848,2.906,-1.311,0.4958,0.628,-0.5283,-0.4026,-0.1699,0.857,-1.307,0.0,-1.0,0.5767,0.512,-0.7583,0.0,0.7827,-0.3086,-0.2766,-0.413,0.595,-0.8994,-0.02327,-0.278,-0.41,2.012,-0.2861,-0.5664,-0.85,-0.6875,-0.7,0.0,0.0,-0.699,0.0,-0.516,0.884,1.0,0.0,0.0,0.0,-0.0339,-1.0,-1.5,-1.0,-0.743,0.9243,0.0,1.0,0.5,0.5,0.0,0.0,0.0,-0.1434
-0.6943,-0.6934,-0.695,-0.3054,0.2568,2.906,-1.311,0.612,-0.02504,-0.6797,-0.3936,-0.821,0.857,-1.316,0.0,-1.0,0.7515,0.677,-0.8477,0.0,0.785,0.0961,-0.241,-0.3745,-0.0826,-0.8794,0.001951,-1.118,-0.4175,-0.278,0.0,0.0,0.0,-0.688,-0.7,0.0,0.0,-0.698,0.0,-0.523,0.4404,0.0,0.0,0.0,0.0,-0.1182,-1.0,-1.5,-1.5,-0.2231,0.3123,0.0,2.0,0.5,0.5,0.0,1.0,-2.777,-0.5024
-0.6943,-0.6934,-0.695,0.2413,-0.2964,2.906,-1.311,0.7324,-0.5757,-0.8296,-0.3916,-6.562,0.7144,-1.327,-1.0,-1.0,0.9307,0.8457,-0.937,0.0,0.788,1.298,-0.2231,-0.3418,-0.6353,-0.8794,0.0524,-1.139,-0.4468,-1.118,2.012,-0.2861,-0.2874,-0.6885,-0.6997,0.0,0.0,-0.6978,0.0,-0.5264,-0.2056,0.0,0.0,0.0,0.0,-0.2,-1.0,-1.5,-2.0,0.2932,-0.2314,0.0,3.0,0.5,0.5,0.0,0.0,0.0,-0.8657
-0.6943,-0.6934,-0.695,-0.2737,0.2255,2.906,-0.0792,0.7827,-0.00495,-0.6626,-0.3904,-1.216,0.7144,-1.337,0.0,-1.0,0.748,0.6406,-0.8477,0.0,0.7905,1.245,-0.2169,-0.3179,-0.05786,-0.8833,0.0902,1.161,-0.518,-1.139,-0.278,0.0,-0.2888,-0.688,-0.6997,0.0,0.0,-0.6963,0.0,-0.523,-0.2056,0.0,0.0,0.0,0.0,0.2039,0.0,-1.0,-2.0,-0.1791,0.2966,1.0,0.0,0.5,0.5,0.0,0.0,0.0,0.9004
-0.694,-0.693,-0.6943,-0.2349,0.1864,2.906,-0.0792,0.817,-0.02504,-0.655,-0.3867,-0.05707,0.7144,-1.347,0.0,-1.0,0.7427,0.6284,-0.8477,0.0,0.793,0.8623,-0.2174,-0.3037,-0.0883,-0.8784,-0.10315,0.0,-0.5957,1.161,-1.117,2.012,1.451,-0.688,-0.699,0.0,0.0,-0.695,0.0,-0.5234,0.01233,0.0,0.0,0.0,0.0,0.0,-1.0,-1.5,-2.0,-0.1432,0.2576,0.0,0.0,0.5,0.5,0.0,0.0,0.0,0.0
-0.694,-0.693,-0.6943,0.178,-0.2313,2.906,-0.0792,0.8926,-0.4355,-0.7666,-0.3853,-4.855,0.5713,-1.356,-1.0,-1.0,0.8735,0.754,-0.9146,0.0,0.7954,0.8955,-0.2296,-0.2979,-0.4985,-0.879,-0.02327,-0.8545,-0.664,0.0,-1.139,-0.278,-0.5664,-0.688,-0.6987,0.0,0.0,-0.694,0.0,-0.5264,-0.2056,0.0,0.0,0.0,0.0,-0.1279,-1.0,-1.5,-2.0,0.277,-0.1199,0.0,1.0,0.5,0.5,0.0,0.0,0.0,-0.554
-0.6934,-0.6924,-0.694,-0.5703,0.528,2.906,-0.0792,1.08,0.3445,-0.52,-0.3787,-2.527,0.5713,-1.366,0.0,-1.0,0.62,0.4468,-0.781,0.0,0.798,2.342,-0.2534,-0.3003,0.3057,-0.875,-0.03168,1.733,-0.6895,-0.8545,1.161,-1.117,0.0,-0.6885,-0.698,0.0,0.0,-0.6934,0.0,-0.518,0.2173,0.0,0.0,0.0,0.0,0.3184,0.0,-1.0,-1.5,-0.3594,0.703,1.0,0.0,0.5,0.5,0.0,0.0,0.0,1.399
-0.6924,-0.6914,-0.693,-0.8604,0.823,2.906,-0.0792,1.136,0.6616,-0.3943,-0.3694,0.8994,0.5713,-1.366,0.0,0.0,0.4932,0.3003,-0.714,0.0,0.8003,0.7983,-0.2864,-0.307,0.649,-0.8633,0.02718,0.8423,-0.6987,1.733,0.0,-1.139,-0.286,-0.688,-0.6978,0.0,0.0,-0.6924,0.0,-0.513,0.4243,0.0,0.0,0.0,0.0,0.1495,1.0,-0.5,-1.0,-0.6665,0.9575,2.0,0.0,0.5,0.5,0.0,0.0,0.0,0.6387
-0.692,-0.691,-0.6924,-0.285,0.24,2.906,-0.0792,1.026,0.09393,-0.547,-0.3667,-0.6587,0.5713,-1.376,0.0,-1.0,0.644,0.483,-0.803,0.0,0.803,-0.2979,-0.3289,-0.3171,0.0737,-0.8594,0.0608,-1.107,-0.699,0.8423,-0.854,1.161,0.0,-0.6875,-0.6973,0.0,0.0,-0.6924,0.0,-0.52,-0.07983,0.0,0.0,0.0,0.0,-0.1335,0.0,-0.5,-1.5,-0.092,0.4175,0.0,1.0,0.5,0.5,0.0,0.0,0.0,-0.5625
-0.692,-0.691,-0.6924,-0.1216,0.07495,-0.07477,-0.0792,1.143,-0.06537,-0.58,-0.3633,-0.693,0.5713,-1.386,0.0,-1.0,0.6904,0.51,-0.8257,0.0,0.8057,1.232,-0.3845,-0.3296,-0.0475,-0.8623,-0.2166,-0.282,-0.699,-1.107,1.733,0.0,2.012,-0.687,-0.697,0.0,0.0,-0.6924,0.0,-0.5215,-0.01921,0.0,0.0,0.0,0.0,-0.1061,0.0,-1.0,-1.5,0.07715,0.2715,0.0,2.0,0.5,0.5,0.0,0.0,0.0,-0.455
-0.6924,-0.6914,-0.693,0.5386,-0.592,-0.07477,-0.2188,1.324,-0.7324,-0.7725,-0.3635,-14.57,0.4285,-1.396,-1.0,-1.0,0.919,0.7197,-0.937,0.0,0.808,1.298,-0.4597,-0.3442,-0.722,-0.8647,-0.1914,-1.417,-0.6953,-0.282,0.8423,-0.854,-0.278,-0.6875,-0.697,0.0,0.0,-0.6924,0.0,-0.5264,-0.2942,0.0,0.0,0.0,0.0,-0.1979,0.0,-1.0,-1.5,0.7646,-0.3145,0.0,3.0,0.5,0.5,0.0,0.0,0.0,-0.853
-0.6924,-0.6914,-0.693,0.1159,-0.1641,-0.07477,-0.2188,1.276,-0.3242,-0.645,-0.3606,-0.5825,0.2856,-1.406,-1.0,-1.0,0.7725,0.5723,-0.87,0.0,0.8105,0.4885,-0.534,-0.3635,-0.3113,-0.8643,-0.0569,0.871,-0.6963,-1.417,-1.107,1.732,-1.117,-0.6875,-0.696,0.0,0.0,-0.6924,0.0,-0.525,-0.0875,0.0,0.0,0.0,0.0,0.2732,0.0,-0.5,-1.0,0.4075,0.1519,1.0,0.0,0.5,0.5,0.0,0.0,0.0,1.206
-0.6924,-0.6914,-0.693,0.2445,-0.2942,-0.07477,-0.2188,1.292,-0.4636,-0.6763,-0.3584,0.874,0.1428,-1.416,-1.0,-1.0,0.8086,0.608,-0.8926,0.0,0.813,0.11084,-0.589,-0.389,-0.4402,-0.8657,0.10706,-0.2861,-0.698,0.871,-0.282,0.842,-1.139,-0.6875,-0.6953,0.0,0.0,-0.6924,0.0,-0.5264,-0.1375,0.0,0.0,0.0,0.0,-0.08496,-1.0,-0.5,-1.0,0.44,-0.0729,0.0,1.0,0.5,0.5,0.0,0.0,0.0,-0.3699
-0.6914,-0.6904,-0.692,-0.7476,0.71,-0.07477,-0.2188,0.97,0.641,-0.348,-0.3555,-3.334,0.1428,-1.416,0.0,0.0,0.4307,0.2651,-0.714,0.0,0.8154,1.916,-0.6084,-0.4207,0.7036,-0.872,-0.0527,2.3,-0.6914,-0.2861,-1.417,-1.107,1.16,-0.687,-0.6943,0.0,0.0,-0.6914,0.0,-0.513,-0.08966,0.0,0.0,0.0,0.0,0.686,0.0,-0.5,-1.0,-0.4023,1.017,1.0,0.0,0.5,0.5,0.0,0.0,0.0,3.0
-0.6904,-0.6895,-0.691,-0.8975,0.864,0.0702,-0.2188,1.009,0.8784,-0.2603,-0.3506,0.4873,0.1428,-1.416,0.0,0.0,0.3452,0.1665,-0.6694,0.0,0.8184,0.409,-0.6084,-0.4558,0.9316,-0.8647,-0.02747,0.5537,-0.6714,2.3,0.8706,-0.282,0.0,-0.6865,-0.693,0.0,0.0,-0.6914,0.0,-0.51,0.04977,0.0,0.0,0.0,0.0,0.1216,1.0,0.0,-0.5,-0.5776,1.132,2.0,0.0,0.5,0.5,0.0,0.0,0.0,0.512
-0.6895,-0.689,-0.69,-0.914,0.8833,0.2133,-0.2188,0.962,0.9253,-0.2142,-0.3423,0.1943,0.1428,-1.416,0.0,0.0,0.2952,0.1218,-0.647,0.0,0.821,0.4006,-0.6084,-0.4963,1.014,-0.8555,0.1322,0.2744,-0.652,0.5537,-0.2861,-1.417,-0.854,-0.6855,-0.692,0.0,0.0,-0.691,0.0,-0.5083,0.312,0.0,0.0,0.0,0.0,0.04163,2.0,0.5,0.0,-0.64,1.101,3.0,0.0,0.5,0.5,0.0,0.0,0.0,0.1737
-0.6895,-0.6885,-0.69,-0.3416,0.3015,0.2133,-0.2188,0.8506,0.28,-0.368,-0.3335,-0.537,0.2856,-1.416,0.0,0.0,0.4404,0.2986,-0.7363,0.0,0.823,0.0605,-0.6084,-0.546,0.3877,-0.8433,-0.0695,-1.093,-0.6494,0.2744,2.299,0.8706,1.732,-0.685,-0.6914,0.0,0.0,-0.6904,0.0,-0.515,0.312,0.0,0.0,0.0,0.0,-0.1134,1.0,0.0,0.0,-0.09595,0.5317,0.0,1.0,0.5,0.5,0.0,0.0,0.0,-0.471
-0.6885,-0.6875,-0.689,-0.77,0.7363,0.2133,-0.2188,0.733,0.7417,-0.1997,-0.3247,1.425,0.2856,-1.416,0.0,0.0,0.2603,0.1284,-0.647,0.0,0.8257,0.4006,-0.6074,-0.5903,0.8535,-0.8296,-0.1871,1.112,-0.6387,-1.093,0.5537,-0.2861,0.842,-0.683,-0.691,0.0,0.0,-0.69,0.0,-0.5083,0.312,0.0,0.0,0.0,0.0,0.1741,2.0,0.0,0.0,-0.4482,1.016,1.0,0.0,0.5,0.0,0.0,0.0,0.0,0.7363
-0.688,-0.687,-0.6885,-0.6836,0.649,0.2133,-0.2188,0.6675,0.651,-0.1929,-0.316,0.02655,0.2856,-1.416,0.0,0.0,0.2477,0.1274,-0.647,0.0,0.828,0.03314,-0.594,-0.615,0.7876,-0.8193,-0.006454,0.0,-0.632,1.112,0.2742,2.299,-1.106,-0.6816,-0.6904,0.0,0.0,-0.689,0.0,-0.5083,0.312,0.0,0.0,0.0,0.0,0.0,1.0,0.0,0.0,-0.411,0.8823,0.0,0.0,0.5,0.0,0.0,0.0,0.0,0.0
-0.687,-0.686,-0.6875,-0.722,0.688,0.2133,-0.2188,0.6553,0.657,-0.1465,-0.3044,0.1522,0.4285,-1.416,0.0,0.0,0.201,0.0799,-0.6245,0.0,0.8306,0.758,-0.5796,-0.616,0.8384,-0.805,0.065,0.2732,-0.619,0.0,-1.092,0.5537,-0.282,-0.6797,-0.69,0.0,0.0,-0.689,0.0,-0.5063,0.542,0.0,0.0,0.0,0.0,0.04587,1.0,0.5,0.5,-0.5205,0.841,1.0,0.0,0.5,0.0,0.0,0.0,0.0,0.1904
-0.6865,-0.686,-0.687,-0.1666,0.1241,0.2133,-0.2188,0.539,0.0802,-0.2998,-0.3,-0.6763,0.4285,-1.416,0.0,0.0,0.343,0.254,-0.714,0.0,0.8335,0.05356,-0.565,-0.609,0.2363,-0.7954,0.313,-1.087,-0.617,0.2732,1.112,0.2742,-1.416,-0.6797,-0.69,0.0,0.0,-0.689,0.0,-0.513,0.02695,0.0,0.0,0.0,0.0,-0.2087,0.0,0.5,0.0,0.0206,0.3044,0.0,1.0,0.5,0.0,0.0,0.0,0.0,-0.8633
-0.6865,-0.6855,-0.687,-0.1378,0.095,0.2133,-0.2188,0.539,0.0802,-0.2905,-0.2976,0.143,0.4285,-1.416,0.0,0.0,0.3335,0.2439,-0.714,0.0,0.836,0.7983,-0.5527,-0.6006,0.2219,-0.793,0.2289,0.0,-0.6177,-1.087,0.0,-1.092,0.8706,-0.6797,-0.6895,0.0,0.0,-0.6885,0.0,-0.513,-0.1375,0.0,0.0,0.0,0.0,0.0,0.0,0.0,-0.5,-0.01063,0.2124,0.0,0.0,0.5,0.0,0.0,0.0,0.0,0.0
-0.6865,-0.6855,-0.687,0.009674,-0.05463,0.2133,-0.2188,0.551,-0.0859,-0.3208,-0.2927,-0.7896,0.4285,-1.416,0.0,0.0,0.3655,0.2756,-0.7363,0.0,0.8384,0.0605,-0.5435,-0.5938,0.071,-0.7905,0.3003,-0.2769,-0.632,0.0,0.273,1.112,-0.286,-0.6807,-0.689,0.0,0.0,-0.688,0.0,-0.515,0.05515,0.0,0.0,0.0,0.0,-0.0328,-1.0,0.0,-0.5,0.1289,0.06555,0.0,1.0,0.5,0.0,0.0,0.0,0.0,-0.1381
-0.6865,-0.6855,-0.687,0.3933,-0.4436,0.2133,-0.2188,0.553,-0.5054,-0.4329,-0.2896,-15.57,0.2856,-1.416,-1.0,0.0,0.4812,0.399,-0.803,0.0,0.841,0.841,-0.532,-0.5864,-0.4216,-0.776,-0.006454,-0.8345,-0.6353,-0.2769,-1.087,0.0,2.299,-0.681,-0.689,0.0,0.0,-0.688,0.0,-0.52,-0.0767,0.0,0.0,0.0,0.0,-0.1306,-1.0,-0.5,-0.5,0.4634,-0.3472,0.0,2.0,0.5,0.0,0.0,0.0,0.0,-0.5527
-0.687,-0.686,-0.6875,0.494,-0.5474,0.2133,-0.2188,0.6333,-0.6895,-0.4653,-0.2834,0.661,0.2856,-1.426,-1.0,-1.0,0.5225,0.4277,-0.8257,0.0,0.8433,1.995,-0.5264,-0.5806,-0.5557,-0.7764,-0.1073,-0.282,-0.637,-0.8345,0.0,0.273,0.553,-0.682,-0.689,0.0,0.0,-0.688,0.0,-0.522,0.203,0.0,0.0,0.0,0.0,-0.0639,-2.0,-1.0,-0.5,0.5303,-0.48,0.0,3.0,0.5,0.0,0.0,0.0,0.0,-0.2742
-0.687,-0.686,-0.687,-0.03845,-0.01032,0.2133,-0.2188,0.584,-0.2026,-0.296,-0.277,-0.7866,0.2856,-1.426,-1.0,0.0,0.3433,0.2455,-0.7363,0.0,0.846,0.4348,-0.52,-0.574,-0.1022,-0.761,-0.1788,1.134,-0.652,-0.282,-0.2769,-1.087,0.2742,-0.6826,-0.6885,0.0,0.0,-0.6875,0.0,-0.515,0.259,0.0,0.0,0.0,0.0,0.177,-1.0,-1.0,-0.5,0.07166,0.0962,1.0,0.0,0.5,0.0,0.0,0.0,0.0,0.763
-0.687,-0.686,-0.6875,0.2229,-0.2778,0.2133,-0.2188,0.6084,-0.5225,-0.3694,-0.2712,4.156,0.2856,-1.426,-1.0,0.0,0.4202,0.3232,-0.781,0.0,0.8486,0.0745,-0.512,-0.565,-0.4731,-0.744,-0.02747,-0.556,-0.652,1.134,-0.8345,0.0,-1.092,-0.684,-0.6885,0.0,0.0,-0.6875,0.0,-0.5186,0.1836,0.0,0.0,0.0,0.0,-0.0778,-1.0,-1.0,-0.5,0.2323,-0.2605,0.0,1.0,0.5,0.0,0.0,0.0,0.0,-0.329
-0.6875,-0.6865,-0.6875,0.593,-0.6514,0.2133,-0.2188,0.51,-0.8735,-0.484,-0.274,1.087,0.1428,-1.436,-1.0,-1.0,0.531,0.4604,-0.8477,0.0,0.851,0.4792,-0.5156,-0.5576,-0.8745,-0.7446,-0.204,-0.8423,-0.6475,-0.556,-0.282,-0.2769,1.112,-0.685,-0.6885,0.0,0.0,-0.6875,0.0,-0.524,-0.587,0.0,0.0,0.0,0.0,-0.1139,-1.0,-1.5,-1.0,0.596,-0.612,0.0,2.0,0.5,0.0,0.0,0.0,0.0,-0.4863
-0.687,-0.686,-0.6875,-0.1956,0.1473,0.2133,-0.2188,0.539,-0.03732,-0.2335,-0.2737,-1.066,0.1428,-1.436,0.0,0.0,0.2764,0.1829,-0.714,0.0,0.8535,1.171,-0.5254,-0.553,-0.0408,-0.749,-0.2418,1.709,-0.648,-0.8423,1.134,-0.834,0.0,-0.685,-0.688,0.0,0.0,-0.6875,0.0,-0.5137,-0.2698,0.0,0.0,0.0,0.0,0.3628,0.0,-1.0,-1.0,-0.0759,0.252,1.0,0.0,0.5,0.0,0.0,0.0,0.0,1.571
-0.6865,-0.6855,-0.687,-0.404,0.358,0.2133,-0.2188,0.5156,0.2449,-0.1469,-0.2732,4.12,0.1428,-1.426,0.0,0.0,0.1888,0.09357,-0.6694,0.0,0.856,0.0399,-0.536,-0.5503,0.2024,-0.7446,-0.2964,0.5537,-0.647,1.709,-0.556,-0.282,0.273,-0.6846,-0.688,0.0,0.0,-0.687,0.0,-0.5103,-0.2017,0.0,0.0,0.0,0.0,0.1407,1.0,-1.0,-1.0,-0.3025,0.4265,2.0,0.0,0.5,0.0,0.0,0.0,0.0,0.5923
-0.6855,-0.6846,-0.686,-1.156,1.125,0.7627,0.505,0.596,1.097,0.1421,-0.2646,2.74,0.1428,-1.416,0.0,0.0,-0.0774,-0.2067,-0.513,0.0,0.8584,1.425,-0.5425,-0.547,1.044,-0.7285,-0.1367,1.92,-0.642,0.5537,-0.8423,1.133,-1.087,-0.682,-0.6875,0.0,0.0,-0.686,0.0,-0.4983,0.4539,0.0,0.0,0.0,0.0,0.434,1.0,-0.5,-0.5,-0.9766,1.221,3.0,0.0,0.5,0.0,0.0,0.0,0.0,1.812
-0.6846,-0.6836,-0.685,-0.692,0.656,0.7627,0.505,0.6636,0.66,0.02338,-0.2615,-0.2527,0.1428,-1.406,0.0,0.0,0.0389,-0.09515,-0.58,0.0,0.8613,0.7383,-0.5464,-0.545,0.6025,-0.7217,-0.09894,-0.7974,-0.6445,1.92,1.708,-0.556,0.0,-0.6807,-0.687,0.0,0.0,-0.685,0.0,-0.5034,0.0447,0.0,0.0,0.0,0.0,-0.1266,1.0,-0.5,-1.0,-0.4968,0.804,0.0,1.0,0.5,0.0,0.0,0.0,0.0,-0.5117
-0.6836,-0.6826,-0.684,-0.8413,0.809,0.7627,0.505,0.672,0.8813,0.1066,-0.257,0.456,0.1428,-1.396,0.0,0.0,-0.03793,-0.179,-0.5356,0.0,0.864,0.3596,-0.551,-0.546,0.85,-0.7183,-0.03168,0.5386,-0.6494,-0.7974,0.5537,-0.842,-0.2766,-0.679,-0.6865,0.0,0.0,-0.6846,0.0,-0.5,0.1506,0.0,0.0,0.0,0.0,0.0664,2.0,0.0,-0.5,-0.627,0.9663,1.0,0.0,0.5,0.0,0.0,0.0,0.0,0.2722
-0.682,-0.681,-0.6826,-1.625,1.609,0.7627,0.505,0.6406,1.841,0.4316,-0.2482,1.199,0.1428,-1.386,0.0,0.0,-0.3306,-0.486,-0.357,0.0,0.866,1.338,-0.5454,-0.5474,1.796,-0.698,0.1322,2.137,-0.5938,0.5386,1.92,1.708,-0.834,-0.6763,-0.6855,0.0,0.0,-0.6836,0.0,-0.4863,0.4487,0.0,0.0,0.0,0.0,0.4329,2.0,0.5,-0.5,-1.322,1.801,2.0,0.0,0.5,0.0,0.0,0.0,0.0,1.758
-0.6816,-0.6807,-0.682,-0.3381,0.309,0.7627,-0.10114,0.922,0.4329,0.02596,-0.2432,-0.6465,0.1428,-1.376,0.0,0.0,0.0596,-0.12244,-0.58,0.0,0.8687,2.188,-0.537,-0.548,0.3838,-0.685,0.2583,-2.514,-0.59,2.137,-0.7974,0.5537,-0.282,-0.6743,-0.685,0.0,0.0,-0.683,0.0,-0.5034,0.1218,0.0,0.0,0.0,0.0,-0.4482,1.0,0.5,-0.5,0.03848,0.682,0.0,1.0,0.5,0.0,0.0,0.0,0.0,-1.757
-0.681,-0.68,-0.6816,-0.409,0.3806,0.7627,-0.10114,0.844,0.4988,0.068,-0.2374,0.275,0.1428,-1.366,0.0,0.0,0.01332,-0.1571,-0.5576,0.0,0.871,0.006794,-0.5312,-0.549,0.4678,-0.677,0.1365,0.2693,-0.5845,-2.514,0.5386,1.92,1.133,-0.6733,-0.6846,0.0,0.0,-0.683,0.0,-0.502,0.1593,0.0,0.0,0.0,0.0,0.02962,1.0,0.5,0.0,-0.03062,0.75,1.0,0.0,0.5,0.0,0.0,0.0,0.0,0.12134
-0.6807,-0.6797,-0.681,-0.3567,0.3276,0.7627,-0.10114,0.844,0.4207,0.0684,-0.2312,0.00337,0.1428,-1.356,0.0,0.0,0.01292,-0.1576,-0.5576,0.0,0.8735,0.006794,-0.5283,-0.5493,0.4224,-0.669,0.2542,0.0,-0.582,0.2693,2.135,-0.797,-0.556,-0.6724,-0.6846,0.0,0.0,-0.6826,0.0,-0.502,0.2083,0.0,0.0,0.0,0.0,0.0,1.0,0.5,0.0,-0.02405,0.6514,0.0,0.0,0.5,0.0,0.0,0.0,0.0,0.0
-0.6807,-0.6797,-0.681,0.1637,-0.2012,0.7627,-0.10114,0.831,-0.182,-0.0927,-0.2253,-1.091,0.1428,-1.347,-1.0,0.0,0.1646,0.007168,-0.647,0.0,0.8765,-0.3342,-0.523,-0.548,-0.1608,-0.6597,0.4224,-1.072,-0.582,0.0,-2.514,0.5386,-0.842,-0.6733,-0.684,0.0,0.0,-0.6826,0.0,-0.509,0.1593,0.0,0.0,0.0,0.0,-0.184,0.0,0.5,0.0,0.516,0.1844,0.0,1.0,0.5,0.0,0.0,0.0,0.0,-0.75
-0.68,-0.679,-0.6807,-0.4297,0.3967,0.7627,-0.10114,0.7036,0.36,0.1107,-0.2156,-8.76,0.2856,-1.337,0.0,0.0,-0.03888,-0.186,-0.5356,0.0,0.879,0.3596,-0.5117,-0.5405,0.3335,-0.6313,0.2079,1.365,-0.5757,-1.072,0.2693,2.135,1.708,-0.6733,-0.6836,0.0,0.0,-0.682,0.0,-0.5,0.375,0.0,0.0,0.0,0.0,0.2278,0.0,0.5,0.5,-0.03693,0.7803,1.0,0.0,0.5,0.0,0.0,0.0,0.0,0.9463
-0.6797,-0.6787,-0.68,-0.718,0.688,0.7627,-0.10114,0.636,0.6426,0.2327,-0.2064,0.7944,0.4285,-1.327,0.0,0.0,-0.1559,-0.2983,-0.4685,0.0,0.8813,0.3357,-0.4968,-0.5312,0.64,-0.616,0.1575,0.801,-0.5625,1.365,0.0,-2.514,0.553,-0.673,-0.683,0.0,0.0,-0.682,0.0,-0.495,0.344,0.0,0.0,0.0,0.0,0.0908,1.0,0.5,0.5,-0.3005,1.076,2.0,0.0,0.5,0.0,0.0,0.0,0.0,0.369
-0.6787,-0.6777,-0.679,-0.749,0.7188,0.7627,-0.10114,0.656,0.6294,0.272,-0.1953,0.124,0.5713,-1.316,0.0,0.0,-0.1892,-0.338,-0.4463,0.0,0.884,0.3281,-0.4727,-0.5176,0.615,-0.59,-0.09894,0.2634,-0.5503,0.801,-1.072,0.2693,1.919,-0.6733,-0.6826,0.0,0.0,-0.681,0.0,-0.4934,0.4753,0.0,0.0,0.0,0.0,0.0686,1.0,0.5,1.0,-0.36,1.074,3.0,0.0,0.5,0.0,0.0,0.0,0.0,0.275
-0.6777,-0.677,-0.678,-0.999,0.9683,0.7627,-0.10114,0.621,0.821,0.3904,-0.1802,0.4253,0.7144,-1.307,0.0,0.0,-0.2966,-0.446,-0.3792,0.0,0.886,0.3052,-0.4473,-0.502,0.8545,-0.564,0.03976,0.787,-0.531,0.2634,1.365,0.0,-0.797,-0.672,-0.6816,0.0,0.0,-0.6807,0.0,-0.4883,0.7207,0.0,0.0,0.0,0.0,0.1344,2.0,1.0,1.5,-0.6406,1.2705,4.0,0.0,0.5,0.0,0.0,0.0,0.0,0.536
-0.677,-0.676,-0.6772,-0.7817,0.746,0.7627,-0.10114,0.5703,0.5557,0.347,-0.1702,-0.1676,0.7144,-1.297,0.0,0.0,-0.2632,-0.4006,-0.4016,0.0,0.8887,0.6626,-0.4194,-0.4822,0.527,-0.53,-0.006454,-0.2588,-0.522,0.787,0.801,-1.072,0.5386,-0.671,-0.6807,0.0,0.0,-0.6797,0.0,-0.49,0.4917,0.0,0.0,0.0,0.0,-0.0671,2.0,0.5,1.0,-0.448,1.038,0.0,1.0,0.5,0.0,0.0,0.0,0.0,-0.2642
-0.677,-0.676,-0.6772,-0.01026,-0.0368,0.7627,-0.10114,0.672,-0.2825,0.10205,-0.1656,-1.228,0.5713,-1.287,-1.0,0.0,-0.03372,-0.1744,-0.5356,0.0,0.8916,0.7188,-0.398,-0.4626,-0.3445,-0.512,-0.3174,-1.561,-0.5376,-0.2588,0.2634,1.365,2.135,-0.6704,-0.6807,0.0,0.0,-0.679,0.0,-0.5005,0.1122,0.0,0.0,0.0,0.0,-0.321,1.0,0.0,0.5,0.2732,0.2605,0.0,2.0,0.5,-1.0,0.0,0.0,0.0,-1.27
-0.677,-0.676,-0.6772,0.1208,-0.1705,0.7627,-0.10114,0.491,-0.3943,0.0613,-0.1671,0.8755,0.4285,-1.277,-1.0,0.0,-0.01208,-0.11664,-0.5576,0.0,0.894,-0.354,-0.3855,-0.4507,-0.4746,-0.5117,0.0692,-0.267,-0.562,-1.561,0.7866,0.801,-2.514,-0.67,-0.68,0.0,0.0,-0.678,0.0,-0.502,-0.2311,0.0,0.0,0.0,0.0,-0.03876,0.0,0.0,0.0,0.3704,0.10016,0.0,3.0,0.5,-1.0,0.0,0.0,0.0,-0.1573
-0.677,-0.676,-0.677,0.003723,-0.05295,0.7627,-0.10114,0.3838,-0.2825,0.1025,-0.1655,-0.2961,0.2856,-1.268,-1.0,0.0,-0.0599,-0.1472,-0.5356,0.0,0.8965,-0.359,-0.3823,-0.442,-0.3564,-0.51,0.03137,0.268,-0.574,-0.267,-0.2588,0.2634,0.2693,-0.67,-0.68,0.0,0.0,-0.6777,0.0,-0.5005,-0.0398,0.0,0.0,0.0,0.0,0.0561,0.0,0.0,0.5,0.2452,0.1998,1.0,0.0,0.5,-1.0,0.0,0.0,0.0,0.2288
-0.677,-0.676,-0.677,0.1339,-0.1848,0.7627,-0.10114,0.3623,-0.4036,0.0613,-0.1664,0.9355,0.1428,-1.258,-1.0,0.0,-0.02359,-0.1043,-0.5576,0.0,0.899,0.006783,-0.389,-0.4348,-0.4976,-0.5073,0.03558,-0.267,-0.597,0.268,-1.56,0.7866,0.0,-0.6704,-0.6797,0.0,0.0,-0.6772,0.0,-0.502,-0.1874,0.0,0.0,0.0,0.0,-0.03494,-1.0,0.0,0.0,0.2708,-0.03577,0.0,1.0,0.5,-1.0,0.0,0.0,0.0,-0.1418
-0.6763,-0.6753,-0.677,-0.218,0.1688,0.7627,-0.10114,0.204,0.04333,0.1818,-0.1714,-1.557,0.1428,-1.247,0.0,0.0,-0.1487,-0.2078,-0.4907,0.0,0.9014,-0.012375,-0.4006,-0.4338,-0.0629,-0.5166,0.2037,0.8047,-0.646,-0.267,-0.2668,-0.2588,-1.072,-0.671,-0.6797,0.0,0.0,-0.6763,0.0,-0.497,-0.4746,0.0,0.0,0.0,0.0,0.1442,0.0,0.5,0.0,-0.1589,0.2058,1.0,0.0,0.5,-1.0,0.0,0.0,0.0,0.588
-0.6753,-0.675,-0.676,-0.638,0.594,0.7627,-0.10114,0.07184,0.4893,0.3416,-0.166,3.229,0.1428,-1.237,0.0,0.0,-0.3032,-0.348,-0.4016,0.0,0.904,1.013,-0.4143,-0.4373,0.4114,-0.5093,0.02296,1.059,-0.659,0.8047,0.268,-1.56,1.364,-0.671,-0.679,0.0,0.0,-0.676,0.0,-0.4902,0.3914,0.0,0.0,0.0,0.0,0.2157,1.0,0.5,0.5,-0.516,0.6675,2.0,0.0,0.5,-1.0,0.0,0.0,0.0,0.868
-0.675,-0.674,-0.675,-0.895,0.856,0.7627,-0.10114,0.01423,0.784,0.461,-0.159,0.6777,0.1428,-1.228,0.0,0.0,-0.4116,-0.453,-0.3347,0.0,0.9067,-0.4004,-0.4304,-0.4417,0.71,-0.4944,-0.0779,0.7803,-0.657,1.059,-0.2668,-0.2668,0.8003,-0.6704,-0.6787,0.0,0.0,-0.675,0.0,-0.485,0.4868,0.0,0.0,0.0,0.0,0.173,2.0,0.5,0.5,-0.7207,0.9653,3.0,0.0,-0.5,-1.0,0.0,0.0,0.0,0.684
-0.674,-0.673,-0.6743,-0.5767,0.5337,0.2593,-0.10114,0.0628,0.449,0.377,-0.1536,-0.2659,0.1428,-1.218,0.0,0.0,-0.335,-0.3801,-0.3792,0.0,0.909,0.3052,-0.4507,-0.4453,0.3804,-0.4814,-0.0947,-0.513,-0.649,0.7803,0.804,0.268,0.2634,-0.6694,-0.678,0.0,0.0,-0.6743,0.0,-0.4888,0.3357,0.0,0.0,0.0,0.0,-0.1078,1.0,0.0,0.5,-0.448,0.6187,0.0,1.0,-0.5,-1.0,0.0,0.0,0.0,-0.4207
-0.673,-0.672,-0.6733,-0.9473,0.909,0.2593,-0.10114,0.02745,0.814,0.5337,-0.1427,0.853,0.2856,-1.208,0.0,0.0,-0.4727,-0.5205,-0.29,0.0,0.9116,-0.0669,-0.473,-0.4485,0.765,-0.4595,-0.2083,1.035,-0.6323,-0.513,1.059,-0.2668,0.7866,-0.6675,-0.6772,0.0,0.0,-0.674,0.0,-0.482,0.8086,1.0,0.0,0.0,0.0,0.2131,2.0,0.0,1.0,-0.814,0.9707,1.0,0.0,-0.5,-1.0,0.0,0.0,0.0,0.8394
-0.6724,-0.6714,-0.673,-0.4045,0.3591,0.2593,-0.10114,0.0318,0.2336,0.369,-0.1378,-0.542,0.2856,-1.198,0.0,0.0,-0.3308,-0.3696,-0.3792,0.0,0.914,0.6533,-0.4878,-0.4539,0.1754,-0.445,-0.1494,-1.018,-0.6294,1.035,0.78,0.804,-0.2588,-0.6665,-0.677,0.0,0.0,-0.6733,0.0,-0.4888,0.2876,0.0,0.0,0.0,0.0,-0.236,1.0,0.0,0.5,-0.2878,0.4443,0.0,1.0,-0.5,-1.0,0.0,0.0,0.0,-0.913
-0.672,-0.671,-0.6724,-0.3535,0.3074,0.2593,-0.10114,0.0318,0.1965,0.3662,-0.1355,0.02629,0.2856,-1.188,0.0,0.0,-0.3284,-0.3672,-0.3792,0.0,0.9165,0.3052,-0.506,-0.459,0.1362,-0.438,0.10706,0.0,-0.632,-1.018,-0.513,1.058,-1.56,-0.6655,-0.6763,0.0,0.0,-0.6733,0.0,-0.4888,0.1268,0.0,0.0,0.0,0.0,0.0,0.0,0.0,0.0,-0.254,0.378,0.0,0.0,-0.5,-1.0,0.0,0.0,0.0,0.0
-0.6714,-0.6704,-0.672,-0.4187,0.374,0.2593,0.1515,0.05386,0.2878,0.4043,-0.133,0.4639,0.2856,-1.178,0.0,0.0,-0.3594,-0.4045,-0.357,0.0,0.9194,0.6445,-0.5186,-0.4658,0.2334,-0.4326,0.1785,0.2588,-0.633,0.0,1.035,0.78,-0.2668,-0.6646,-0.6753,0.0,0.0,-0.673,0.0,-0.4873,0.1268,0.0,0.0,0.0,0.0,0.0539,0.0,0.5,0.0,-0.3438,0.4128,1.0,0.0,-0.5,-1.0,0.0,0.0,0.0,0.2123
-0.6714,-0.671,-0.672,0.2041,-0.2568,0.2593,0.1515,0.0994,-0.317,0.198,-0.1368,-1.503,0.1428,-1.168,-1.0,0.0,-0.1727,-0.2135,-0.4685,0.0,0.922,0.3357,-0.5283,-0.4768,-0.3933,-0.4338,0.1743,-1.289,-0.6387,0.2588,-1.018,-0.513,0.268,-0.665,-0.675,0.0,0.0,-0.673,0.0,-0.4958,-0.3872,0.0,0.0,0.0,0.0,-0.276,0.0,0.0,-0.5,0.2998,-0.1472,0.0,1.0,-0.5,-1.0,0.0,0.0,0.0,-1.081
-0.6714,-0.6704,-0.672,-0.03415,-0.01627,0.2593,0.1515,-0.0129,-0.05093,0.277,-0.1382,-1.303,0.1428,-1.158,0.0,0.0,-0.2537,-0.2786,-0.4238,0.0,0.9243,-0.3823,-0.5303,-0.4927,-0.11786,-0.4377,0.2289,0.527,-0.6445,-1.289,0.0,1.035,-0.2668,-0.6655,-0.6743,0.0,0.0,-0.6724,0.0,-0.4924,-0.1982,0.0,0.0,0.0,0.0,0.1228,0.0,0.5,0.0,0.01967,0.02936,1.0,0.0,-0.5,-1.0,0.0,0.0,0.0,0.4922
-0.671,-0.67,-0.6714,-0.469,0.4238,0.2593,0.1515,-0.07806,0.3787,0.4365,-0.132,7.484,0.2856,-1.148,0.0,0.0,-0.3992,-0.4219,-0.3347,0.0,0.927,-0.05515,-0.527,-0.511,0.3333,-0.428,0.128,1.045,-0.664,0.527,0.2588,-1.018,0.804,-0.665,-0.6733,0.0,0.0,-0.6714,0.0,-0.4856,0.4404,0.0,0.0,0.0,0.0,0.188,1.0,0.5,0.5,-0.3513,0.505,2.0,0.0,-0.5,-1.0,0.0,0.0,0.0,0.747
-0.6704,-0.6694,-0.6704,-0.5225,0.4773,0.2593,0.1515,-0.0863,0.4043,0.4744,-0.1242,0.2,0.4285,-1.139,0.0,0.0,-0.4324,-0.4558,-0.3123,0.0,0.929,-0.4048,-0.5244,-0.5254,0.4028,-0.418,-0.01066,0.2566,-0.663,1.045,-1.289,0.0,1.058,-0.6655,-0.673,0.0,0.0,-0.671,0.0,-0.484,0.569,0.0,0.0,0.0,0.0,0.01269,2.0,0.5,1.0,-0.4028,0.5566,3.0,0.0,-0.5,-1.0,0.0,0.0,0.0,0.04953
-0.6694,-0.669,-0.67,-0.4604,0.414,0.2593,0.1515,0.005558,0.3118,0.4722,-0.11707,-0.05225,0.5713,-1.129,0.0,0.0,-0.4224,-0.4624,-0.3123,0.0,0.9316,0.6265,-0.519,-0.538,0.3005,-0.3994,-0.11993,0.0,-0.6577,0.2566,0.527,0.2588,0.78,-0.665,-0.6724,0.0,0.0,-0.6704,0.0,-0.484,0.5234,0.0,0.0,0.0,0.0,0.0,1.0,0.0,0.5,-0.3584,0.4792,0.0,0.0,-0.5,-1.0,0.0,0.0,0.0,0.0
-0.669,-0.6685,-0.6694,-0.4053,0.3557,0.2593,0.1515,0.005558,0.2108,0.4675,-0.10974,-0.1166,0.7144,-1.119,0.0,0.0,-0.4182,-0.4583,-0.3123,0.0,0.9346,-0.06104,-0.515,-0.546,0.2448,-0.3894,-0.03168,0.0,-0.6523,0.0,1.044,-1.288,-0.513,-0.6646,-0.672,0.0,0.0,-0.6704,0.0,-0.4841,0.6113,0.0,0.0,0.0,0.0,0.0,1.0,0.0,0.5,-0.346,0.3784,0.0,0.0,-0.5,-1.0,0.0,0.0,0.0,0.0
-0.669,-0.668,-0.6694,-0.2439,0.1906,-0.0397,0.1515,0.01424,0.0204,0.421,-0.10583,-0.4978,0.7144,-1.109,0.0,0.0,-0.3774,-0.4163,-0.3347,0.0,0.937,-0.05515,-0.5176,-0.548,0.04337,-0.3757,-0.1871,-0.2556,-0.65,0.0,0.2566,0.527,1.035,-0.664,-0.6714,0.0,0.0,-0.67,0.0,-0.4858,0.3699,0.0,0.0,0.0,0.0,-0.04422,0.0,-0.5,0.0,-0.2338,0.1724,0.0,1.0,-0.5,-1.0,0.0,0.0,0.0,-0.1719
-0.668,-0.6675,-0.6685,-0.5396,0.4902,-0.0397,0.1515,-0.0723,0.3447,0.534,-0.1032,2.768,0.7144,-1.099,0.0,0.0,-0.482,-0.511,-0.2678,0.0,0.9395,0.2683,-0.5215,-0.543,0.3618,-0.3655,-0.02747,0.77,-0.639,-0.2556,0.0,1.044,-1.018,-0.6626,-0.671,0.0,0.0,-0.67,0.0,-0.4807,0.312,0.0,0.0,0.0,0.0,0.152,0.0,0.0,0.0,-0.513,0.4666,1.0,0.0,-0.5,-1.0,0.0,0.0,0.0,0.5933
-0.6675,-0.6665,-0.668,-0.692,0.646,-0.0397,0.1515,-0.05853,0.5513,0.6055,-0.10175,0.6353,0.7144,-1.089,0.0,0.0,-0.54,-0.576,-0.2231,0.0,0.942,-0.08417,-0.5234,-0.5366,0.564,-0.357,-0.006454,0.507,-0.6353,0.77,0.0,0.2566,0.0,-0.6616,-0.671,0.0,0.0,-0.669,0.0,-0.4773,0.25,0.0,0.0,0.0,0.0,0.0966,0.0,0.5,0.0,-0.6587,0.618,2.0,0.0,-0.5,-1.0,0.0,0.0,0.0,0.3726
-0.6665,-0.6655,-0.667,-0.826,0.7837,-0.0397,0.561,-0.1047,0.72,0.674,-0.0977,0.421,0.7144,-1.079,0.0,0.0,-0.6006,-0.6323,-0.1785,0.0,0.9443,-0.09546,-0.5186,-0.5283,0.696,-0.3357,-0.01906,0.5024,-0.633,0.507,-0.2556,0.0,0.2588,-0.66,-0.67,0.0,0.0,-0.668,0.0,-0.474,0.56,0.0,0.0,0.0,0.0,0.1869,1.0,0.5,0.5,-0.8135,0.7236,3.0,0.0,-0.5,-1.0,0.0,0.0,0.0,0.7144
-0.666,-0.665,-0.666,-0.5205,0.4746,-0.0397,0.561,-0.0886,0.4412,0.583,-0.0978,-0.2233,0.7144,-1.069,0.0,0.0,-0.5244,-0.5537,-0.2231,0.0,0.947,-0.08417,-0.509,-0.5215,0.3958,-0.3264,0.2247,-0.4983,-0.641,0.5024,0.77,0.0,-1.288,-0.6597,-0.6694,0.0,0.0,-0.6675,0.0,-0.4775,0.1122,0.0,0.0,0.0,0.0,-0.11896,1.0,0.5,0.0,-0.5527,0.3884,0.0,1.0,-0.5,-1.0,0.0,0.0,0.0,-0.4507
-0.665,-0.6646,-0.6655,-0.5664,0.521,-0.0397,0.561,-0.1866,0.4934,0.6167,-0.0933,0.2462,0.7144,-1.06,0.0,0.0,-0.561,-0.5737,-0.2008,0.0,0.9497,-0.4265,-0.4978,-0.5166,0.471,-0.3176,0.1869,0.2512,-0.6587,-0.4983,0.507,-0.2554,0.527,-0.6587,-0.669,0.0,0.0,-0.6665,0.0,-0.4758,0.6113,0.0,0.0,0.0,0.0,0.04587,2.0,0.5,0.5,-0.5835,0.4478,1.0,0.0,-0.5,-1.0,0.0,0.0,0.0,0.1753
-0.665,-0.664,-0.6655,0.05066,-0.1038,-0.0397,0.561,-0.11694,-0.1598,0.4097,-0.0923,-1.034,0.5713,-1.05,-1.0,0.0,-0.3794,-0.3933,-0.3123,0.0,0.952,0.2827,-0.4885,-0.5166,-0.1947,-0.3088,0.0608,-1.251,-0.6772,0.2512,0.5024,0.7695,1.044,-0.6587,-0.6685,0.0,0.0,-0.666,0.0,-0.4844,0.095,0.0,0.0,0.0,0.0,-0.2964,1.0,0.0,0.5,0.0501,-0.1108,0.0,1.0,-0.5,-1.0,0.0,0.0,0.0,-1.128
-0.6655,-0.665,-0.666,0.752,-0.812,-0.0397,-0.2074,0.02733,-0.876,0.1637,-0.0963,14.88,0.4285,-1.04,-1.0,0.0,-0.1481,-0.1733,-0.4463,0.0,0.9546,1.739,-0.4875,-0.5215,-0.895,-0.317,0.02296,-1.533,-0.671,-1.251,-0.4983,0.507,0.2566,-0.6597,-0.6685,0.0,0.0,-0.666,0.0,-0.4949,-0.4019,0.0,0.0,0.0,0.0,-0.6216,0.0,-0.5,0.0,0.7246,-0.7935,0.0,2.0,-0.5,-1.0,0.0,0.0,0.0,-2.416
-0.666,-0.6655,-0.6665,0.693,-0.753,-0.4644,-0.2074,0.02733,-0.885,0.1592,-0.0967,0.1555,0.4285,-1.029,-1.0,0.0,-0.1439,-0.1688,-0.4463,0.0,0.957,0.3281,-0.4934,-0.5273,-0.881,-0.3196,-0.002253,0.0,-0.661,-1.533,0.2512,0.5024,0.0,-0.661,-0.6685,0.0,0.0,-0.6665,0.0,-0.4949,-0.06,0.0,0.0,0.0,0.0,0.0,-1.0,-0.5,0.0,0.6426,-0.7637,0.0,0.0,-0.5,-1.0,0.0,0.0,0.0,0.0
-0.6665,-0.6655,-0.667,0.522,-0.5796,-0.4644,-0.2074,0.0184,-0.7593,0.195,-0.09784,-0.03558,0.2856,-1.02,-1.0,0.0,-0.1772,-0.2028,-0.4238,0.0,0.9595,-0.3823,-0.507,-0.533,-0.78,-0.3152,-0.02747,0.2622,-0.657,0.0,-1.251,-0.498,0.0,-0.6626,-0.668,0.0,0.0,-0.6665,0.0,-0.4932,-0.1375,0.0,0.0,0.0,0.0,0.04065,0.0,0.0,0.0,0.441,-0.637,1.0,0.0,-0.5,-1.0,0.0,0.0,0.0,0.1621
-0.667,-0.666,-0.6675,0.721,-0.78,-0.4644,-0.2074,0.0679,-0.958,0.1097,-0.1036,0.4807,0.1428,-1.01,-1.0,0.0,-0.09485,-0.12415,-0.4685,0.0,0.962,0.6904,-0.525,-0.5386,-0.9863,-0.323,-0.006454,-0.5225,-0.6475,0.2622,-1.533,0.2512,-0.2554,-0.6646,-0.6685,0.0,0.0,-0.667,0.0,-0.4966,-0.6562,0.0,0.0,0.0,0.0,-0.10504,-1.0,0.0,-0.5,0.642,-0.82,0.0,1.0,-0.5,-1.0,0.0,0.0,0.0,-0.4172
-0.668,-0.667,-0.668,0.9062,-0.964,-0.4644,-0.2074,0.2139,-1.131,0.02478,-0.11163,0.3684,0.0,-1.0,-1.0,0.0,-0.002655,-0.0535,-0.513,0.0,0.965,1.066,-0.547,-0.5444,-1.174,-0.3347,-0.1577,-0.527,-0.632,-0.5225,0.0,-1.251,0.7695,-0.6665,-0.6685,0.0,0.0,-0.6675,0.0,-0.5,-0.8867,0.0,0.0,0.0,0.0,-0.0942,-1.0,-0.5,-1.0,0.8438,-0.9717,0.0,2.0,-0.5,-1.0,0.0,0.0,0.0,-0.3774
-0.668,-0.667,-0.6685,0.4763,-0.5283,-0.4644,-0.2074,0.1844,-0.7007,0.1403,-0.1175,-0.3218,-0.1428,-0.99,-1.0,0.0,-0.1125,-0.1654,-0.4463,0.0,0.9673,0.681,-0.565,-0.552,-0.7383,-0.3464,-0.288,0.7974,-0.627,-0.527,0.2622,-1.533,0.5063,-0.668,-0.6685,0.0,0.0,-0.6675,0.0,-0.4949,-0.587,0.0,0.0,0.0,0.0,0.1671,0.0,-0.5,-0.5,0.4802,-0.4976,1.0,0.0,-0.5,-1.0,0.0,0.0,0.0,0.676
-0.668,-0.667,-0.6685,0.0974,-0.1437,-0.4644,-0.2074,0.249,-0.2954,0.2566,-0.12085,-0.616,-0.2856,-0.98,-1.0,0.0,-0.2119,-0.2842,-0.3792,0.0,0.9697,1.002,-0.5806,-0.559,-0.342,-0.3508,-0.414,0.787,-0.6265,0.7974,-0.522,0.0,0.5024,-0.6685,-0.668,0.0,0.0,-0.6675,0.0,-0.49,-0.3418,0.0,0.0,0.0,0.0,0.1385,1.0,-0.5,0.0,0.1492,-0.0901,2.0,0.0,-0.5,-1.0,0.0,0.0,0.0,0.5527
-0.668,-0.667,-0.6685,0.10126,-0.1471,-0.4644,-0.2074,0.311,-0.2776,0.2502,-0.12396,0.0339,-0.4285,-0.97,-1.0,0.0,-0.2008,-0.284,-0.3792,0.0,0.972,0.6533,-0.59,-0.5693,-0.326,-0.3538,-0.368,0.0,-0.634,0.787,-0.527,0.2622,-0.498,-0.668,-0.668,0.0,0.0,-0.6675,0.0,-0.49,-0.2778,0.0,0.0,0.0,0.0,0.0,0.0,-0.5,0.0,0.1119,-0.138,0.0,0.0,-0.5,-1.0,0.0,0.0,0.0,0.0
-0.6675,-0.6665,-0.668,-0.3442,0.3042,-0.4644,-0.2074,0.3325,0.2368,0.4055,-0.126,-3.33,-0.4285,-0.9604,0.0,0.0,-0.3357,-0.4324,-0.29,0.0,0.9746,0.9604,-0.5938,-0.5825,0.1859,-0.3562,-0.4395,1.035,-0.6357,0.0,0.7974,-0.522,0.2512,-0.667,-0.6675,0.0,0.0,-0.667,0.0,-0.4832,-0.2056,0.0,0.0,0.0,0.0,0.206,1.0,-0.5,0.0,-0.2822,0.3345,1.0,0.0,-0.5,-1.0,0.0,0.0,0.0,0.811
-0.667,-0.666,-0.6675,-0.5176,0.4797,-0.4644,-0.2074,0.373,0.4988,0.4797,-0.1282,0.959,-0.4285,-0.9507,0.0,0.0,-0.3958,-0.5044,-0.2454,0.0,0.977,0.6006,-0.5938,-0.596,0.439,-0.3567,-0.246,0.509,-0.6313,1.035,0.7866,-0.527,-1.251,-0.666,-0.667,0.0,0.0,-0.6665,0.0,-0.4797,-0.2056,0.0,0.0,0.0,0.0,0.09344,2.0,0.0,0.0,-0.447,0.506,2.0,0.0,-0.5,-1.0,0.0,0.0,0.0,0.3616
-0.666,-0.665,-0.6665,-0.778,0.743,-0.2178,-0.2074,0.3132,0.878,0.5938,-0.1296,0.8203,-0.4285,-0.9404,0.0,0.0,-0.4973,-0.6016,-0.1785,0.0,0.98,-0.4307,-0.583,-0.607,0.9014,-0.3723,0.01877,0.757,-0.6187,0.509,0.0,0.797,-1.532,-0.6636,-0.6665,0.0,0.0,-0.6665,0.0,-0.4746,-0.1375,0.0,0.0,0.0,0.0,0.0694,2.0,0.5,0.0,-0.681,0.778,3.0,0.0,-0.5,-1.0,0.0,0.0,0.0,0.266
-0.6655,-0.6646,-0.666,-0.4763,0.4375,-0.2178,-0.2074,0.3027,0.625,0.508,-0.1311,-0.1362,-0.4285,-0.9307,0.0,0.0,-0.426,-0.5234,-0.2231,0.0,0.9824,-0.4224,-0.5737,-0.613,0.6772,-0.3772,0.0692,-0.4983,-0.6133,0.757,1.035,0.7866,0.0,-0.6616,-0.6665,0.0,0.0,-0.666,0.0,-0.478,-0.1375,0.0,0.0,0.0,0.0,-0.0742,1.0,0.5,0.0,-0.3838,0.4907,0.0,1.0,-0.5,-1.0,0.0,0.0,0.0,-0.2812
-0.665,-0.664,-0.6655,-0.4185,0.3782,-0.2178,-0.2074,0.2727,0.6343,0.5015,-0.1334,0.1567,-0.4285,-0.921,0.0,0.0,-0.423,-0.5146,-0.2231,0.0,0.985,-0.7603,-0.568,-0.6147,0.694,-0.3801,0.0692,0.0,-0.6084,-0.4983,0.509,0.0,0.2622,-0.66,-0.666,0.0,0.0,-0.666,0.0,-0.4783,-0.2056,0.0,0.0,0.0,0.0,0.0,1.0,0.0,-0.5,-0.3955,0.3604,0.0,0.0,-0.5,-1.0,0.0,0.0,0.0,0.0
-0.665,-0.664,-0.6655,0.077,-0.12335,-0.2178,-0.2074,0.3118,0.1287,0.3347,-0.135,-0.597,-0.2856,-0.911,0.0,0.0,-0.2756,-0.3643,-0.3123,0.0,0.9873,0.6265,-0.5684,-0.6133,0.2065,-0.3826,0.191,-1.005,-0.6084,0.0,0.757,1.035,-0.522,-0.6597,-0.666,0.0,0.0,-0.666,0.0,-0.485,-0.1375,0.0,0.0,0.0,0.0,-0.1443,0.0,0.0,-0.5,0.0446,-0.163,0.0,1.0,-0.5,-1.0,0.0,0.0,0.0,-0.5513
-0.6646,-0.6636,-0.665,-0.2512,0.2085,-0.2178,-0.2074,0.2219,0.425,0.4473,-0.1299,1.477,-0.1428,-0.901,0.0,0.0,-0.3816,-0.4604,-0.2454,0.0,0.9897,0.261,-0.5737,-0.6133,0.506,-0.369,0.3047,0.7666,-0.607,-1.005,-0.4983,0.509,-0.527,-0.6587,-0.666,0.0,0.0,-0.666,0.0,-0.48,0.56,0.0,0.0,0.0,0.0,0.1133,0.0,0.5,0.0,-0.2251,0.207,1.0,0.0,-0.5,-1.0,0.0,0.0,0.0,0.4404
-0.665,-0.664,-0.665,0.4624,-0.5137,-0.2178,-0.2074,0.404,-0.358,0.199,-0.1298,-1.447,-0.1428,-0.891,-1.0,0.0,-0.1464,-0.2437,-0.3792,0.0,0.992,1.698,-0.581,-0.6133,-0.3088,-0.357,0.2289,-1.514,-0.6104,0.7666,0.0,0.757,0.797,-0.659,-0.666,0.0,0.0,-0.666,0.0,-0.4902,0.0551,0.0,0.0,0.0,0.0,-0.3345,-1.0,0.0,0.0,0.5156,-0.43,0.0,1.0,-0.5,-1.0,0.0,0.0,0.0,-1.284
-0.6646,-0.6636,-0.665,-0.1339,0.0911,-0.2178,-0.2074,0.535,0.208,0.3904,-0.1265,-2.414,0.0,-0.8813,0.0,0.0,-0.3042,-0.4377,-0.2678,0.0,0.995,1.632,-0.5933,-0.6133,0.2708,-0.3489,0.1154,1.295,-0.6196,-1.514,-1.005,-0.498,0.7866,-0.6597,-0.666,0.0,0.0,-0.6665,0.0,-0.4817,0.2659,0.0,0.0,0.0,0.0,0.2147,0.0,0.0,0.0,-0.00897,0.2063,1.0,0.0,-0.5,-1.0,0.0,0.0,0.0,0.8457
-0.664,-0.663,-0.664,-0.6504,0.6147,-0.0822,-0.2074,0.5713,0.707,0.58,-0.11804,1.837,0.1428,-0.871,0.0,0.0,-0.4626,-0.6143,-0.1561,0.0,0.9976,1.234,-0.581,-0.6094,0.6436,-0.3042,0.1365,1.267,-0.6104,1.295,0.7666,0.0,0.0,-0.659,-0.6655,0.0,0.0,-0.6665,0.0,-0.4734,0.6113,0.0,0.0,0.0,0.0,0.6357,1.0,0.5,0.5,-0.4607,0.7607,2.0,0.0,-0.5,-1.0,0.0,0.0,0.0,2.451
-0.6636,-0.6626,-0.664,-0.2537,0.2094,-0.0822,-0.2074,0.5435,0.2144,0.4504,-0.11053,-0.5146,0.2856,-0.8613,0.0,0.0,-0.3555,-0.4941,-0.2231,0.0,1.0,-0.08417,-0.5537,-0.601,0.156,-0.2825,0.01035,-0.7446,-0.613,1.267,-1.514,-1.005,1.035,-0.659,-0.665,0.0,0.0,-0.6665,0.0,-0.4785,0.542,0.0,0.0,0.0,0.0,-0.1857,1.0,0.0,0.5,-0.0836,0.3645,0.0,1.0,-0.5,-1.0,0.0,0.0,0.0,-0.701
-0.663,-0.662,-0.6636,-0.2183,0.1705,-0.0822,-0.2074,0.4834,0.1245,0.441,-0.10516,-0.1559,0.4285,-0.8516,0.0,0.0,-0.3528,-0.4797,-0.2231,0.0,1.003,-0.08417,-0.5215,-0.589,0.04935,-0.2627,-0.0611,0.0,-0.608,-0.7446,1.294,0.7666,0.509,-0.659,-0.665,0.0,0.0,-0.666,0.0,-0.4785,0.4243,0.0,0.0,0.0,0.0,0.0,0.0,-0.5,0.0,-0.08875,0.2842,0.0,0.0,-0.5,-1.0,0.0,0.0,0.0,0.0
-0.6626,-0.6616,-0.663,-0.4028,0.356,-0.0822,0.4453,0.3433,0.292,0.5093,-0.10095,0.9097,0.5713,-0.842,0.0,0.0,-0.4238,-0.529,-0.1785,0.0,1.005,-0.4307,-0.491,-0.573,0.2103,-0.2472,-0.183,0.5024,-0.6064,0.0,1.267,-1.514,0.757,-0.6587,-0.6646,0.0,0.0,-0.6655,0.0,-0.4753,0.381,0.0,0.0,0.0,0.0,0.1353,1.0,-0.5,0.0,-0.2377,0.4941,1.0,0.0,-0.5,-1.0,0.0,0.0,0.0,0.5166
-0.662,-0.661,-0.6626,-0.4602,0.4126,-0.0822,0.4453,0.2443,0.3262,0.539,-0.0957,0.2347,0.7144,-0.8315,0.0,0.0,-0.4578,-0.546,-0.1561,0.0,1.008,-0.4348,-0.464,-0.5566,0.2715,-0.236,-0.09894,0.2491,-0.606,0.5024,-0.744,1.294,-0.498,-0.6577,-0.6646,0.0,0.0,-0.6646,0.0,-0.4736,0.4243,0.0,0.0,0.0,0.0,0.04318,1.0,0.0,0.5,-0.3313,0.507,2.0,0.0,-0.5,-1.0,0.0,0.0,0.0,0.1636
-0.662,-0.661,-0.6626,0.03238,-0.08655,-0.0822,0.4453,0.2825,-0.1857,0.3743,-0.09576,-1.129,0.5713,-0.822,-1.0,0.0,-0.313,-0.3984,-0.2454,0.0,1.01,0.94,-0.4424,-0.541,-0.2583,-0.228,-0.0863,-0.9927,-0.614,0.2491,0.0,1.267,0.0,-0.6567,-0.664,0.0,0.0,-0.664,0.0,-0.4805,-0.02513,0.0,0.0,0.0,0.0,-0.1621,0.0,0.0,0.0,0.161,0.0456,0.0,1.0,-0.5,-1.0,0.0,0.0,0.0,-0.612
-0.662,-0.661,-0.6626,0.3792,-0.4375,-0.0822,0.3245,0.2505,-0.5303,0.2493,-0.09955,5.496,0.4285,-0.812,-1.0,0.0,-0.2053,-0.2773,-0.3123,0.0,1.013,-0.06107,-0.429,-0.5283,-0.608,-0.231,0.07764,-0.757,-0.632,-0.9927,0.5024,-0.744,-1.005,-0.657,-0.664,0.0,0.0,-0.664,0.0,-0.4856,-0.302,0.0,0.0,0.0,0.0,-0.1234,0.0,0.0,-0.5,0.4897,-0.298,0.0,2.0,-0.5,-1.0,0.0,0.0,0.0,-0.4736
-0.662,-0.661,-0.6626,0.01854,-0.0723,-0.0822,0.3245,0.2825,-0.1328,0.3604,-0.10376,-0.907,0.2856,-0.802,-1.0,0.0,-0.3008,-0.3855,-0.2454,0.0,1.016,-0.0785,-0.4258,-0.5186,-0.2323,-0.2329,-0.0485,0.7666,-0.6665,-0.757,0.2491,0.0,0.766,-0.6577,-0.664,0.0,0.0,-0.663,0.0,-0.4805,-0.302,0.0,0.0,0.0,0.0,0.1043,1.0,0.0,-0.5,0.1613,0.0741,1.0,0.0,-0.5,-1.0,0.0,0.0,0.0,0.4055
-0.662,-0.661,-0.662,-0.08124,0.02875,-0.0822,0.3245,0.2727,-0.00909,0.3916,-0.10583,-7.535,0.2856,-0.792,0.0,0.0,-0.3289,-0.4138,-0.2231,0.0,1.018,-0.4224,-0.431,-0.5117,-0.1056,-0.2338,0.2037,0.2524,-0.6904,0.7666,-0.992,0.5024,-1.514,-0.6577,-0.664,0.0,0.0,-0.6626,0.0,-0.4788,-0.1375,0.0,0.0,0.0,0.0,0.03204,1.0,0.5,0.0,0.07947,0.187,2.0,0.0,-0.5,-1.0,0.0,0.0,0.0,0.12305
-0.6616,-0.6606,-0.662,-0.06082,0.00848,-0.0822,0.3245,0.363,-0.00909,0.384,-0.10767,0.143,0.2856,-0.782,0.0,0.0,-0.3142,-0.4155,-0.2231,0.0,1.0205,0.254,-0.444,-0.507,-0.1069,-0.2335,0.02296,0.0,-0.699,0.2524,-0.757,0.2491,1.294,-0.6577,-0.664,0.0,0.0,-0.662,0.0,-0.479,-0.1375,0.0,0.0,0.0,0.0,0.0,0.0,0.0,0.0,0.04565,0.1093,0.0,0.0,-0.5,-1.0,0.0,0.0,0.0,0.0
-0.662,-0.661,-0.6626,0.5205,-0.5796,-0.0822,0.3245,0.5063,-0.619,0.1794,-0.1102,-6.164,0.1428,-0.7725,-1.0,0.0,-0.11945,-0.2345,-0.3347,0.0,1.022,1.672,-0.4683,-0.5044,-0.692,-0.2383,-0.1788,-1.257,-0.699,0.0,0.7666,-0.992,1.267,-0.6587,-0.6646,0.0,0.0,-0.662,0.0,-0.4875,-0.1923,0.0,0.0,0.0,0.0,-0.3882,0.0,-0.5,0.0,0.6226,-0.438,0.0,1.0,-0.5,-1.0,0.0,0.0,0.0,-1.483
-0.662,-0.661,-0.6626,0.256,-0.311,-0.0822,0.3245,0.546,-0.354,0.2502,-0.1138,-0.434,0.0,-0.762,-1.0,0.0,-0.1799,-0.3066,-0.29,0.0,1.025,1.645,-0.497,-0.5054,-0.4026,-0.2468,-0.0863,0.513,-0.699,-1.257,0.2522,-0.757,-0.744,-0.6597,-0.6646,0.0,0.0,-0.662,0.0,-0.4841,-0.2499,0.0,0.0,0.0,0.0,0.0982,1.0,0.0,0.0,0.319,-0.233,1.0,0.0,-0.5,-1.0,0.0,0.0,0.0,0.3833
-0.6626,-0.662,-0.663,0.821,-0.883,-0.0822,0.3245,0.477,-0.9644,0.04465,-0.1167,2.947,0.0,-0.7524,-1.0,0.0,0.002241,-0.09863,-0.4016,0.0,1.027,0.3127,-0.5303,-0.508,-1.006,-0.2483,-0.09894,-1.272,-0.6924,0.513,0.0,0.7666,0.0,-0.661,-0.6646,0.0,0.0,-0.6626,0.0,-0.4927,-0.1951,0.0,0.0,0.0,0.0,-0.2715,0.0,0.0,0.0,0.8535,-0.7935,0.0,1.0,-0.5,-1.0,0.0,0.0,0.0,-1.051
-0.6636,-0.663,-0.664,1.235,-1.299,-0.0822,0.03516,0.426,-1.375,-0.118,-0.1256,0.6733,-0.1428,-0.7427,-1.0,0.0,0.1527,0.0721,-0.4907,0.0,1.03,0.6997,-0.5767,-0.515,-1.452,-0.2568,-0.2166,-1.04,-0.659,-1.272,-1.256,0.2522,0.5024,-0.662,-0.6646,0.0,0.0,-0.6636,0.0,-0.4995,-0.729,0.0,0.0,0.0,0.0,-0.1652,-1.0,-0.5,-0.5,1.231,-1.217,0.0,2.0,-0.5,-1.0,0.0,0.0,0.0,-0.6533
-0.6646,-0.6636,-0.665,1.01,-1.069,-0.0822,0.03516,0.2888,-1.131,-0.0843,-0.1378,-0.0696,-0.2856,-0.733,-1.0,0.0,0.1079,0.0504,-0.4685,0.0,1.033,0.3357,-0.582,-0.526,-1.128,-0.296,-0.3174,0.2646,-0.6377,-1.04,0.513,0.0,0.249,-0.6636,-0.665,0.0,0.0,-0.664,0.0,-0.498,-1.0625,0.0,1.0,0.0,0.0,0.07275,0.0,-0.5,-0.5,0.992,-1.0205,1.0,0.0,-0.5,-1.0,0.0,0.0,0.0,0.2927
-0.665,-0.6646,-0.6655,0.808,-0.864,-0.0822,0.03516,0.2788,-0.9194,-0.0509,-0.1471,-0.0853,-0.4285,-0.7227,-1.0,0.0,0.07495,0.01707,-0.4463,0.0,1.035,0.3281,-0.5654,-0.538,-0.926,-0.311,-0.2083,0.2634,-0.6255,0.2646,-1.272,-1.256,-0.992,-0.6655,-0.665,0.0,0.0,-0.6646,0.0,-0.4963,-0.84,0.0,0.0,0.0,0.0,0.03653,1.0,0.0,0.0,0.816,-0.8027,2.0,0.0,-0.5,-1.0,0.0,0.0,0.0,0.1464
-0.6655,-0.6646,-0.666,0.2786,-0.3271,-0.0822,0.03516,0.3628,-0.366,0.10065,-0.1532,-0.612,-0.5713,-0.713,-1.0,0.0,-0.0601,-0.1434,-0.357,0.0,1.038,1.338,-0.5405,-0.5513,-0.361,-0.324,-0.11993,1.049,-0.6235,0.2634,-1.04,0.513,-0.757,-0.6665,-0.6646,0.0,0.0,-0.6646,0.0,-0.4895,-0.512,0.0,0.0,0.0,0.0,0.2242,1.0,0.5,0.5,0.3428,-0.246,3.0,0.0,-1.0,-1.0,0.0,0.0,0.0,0.8945
-0.665,-0.6646,-0.6655,0.03766,-0.0843,-0.0822,0.03516,0.373,-0.0613,0.1726,-0.1594,-1.189,-0.5713,-0.703,0.0,0.0,-0.1251,-0.215,-0.3123,0.0,1.04,-0.06107,-0.517,-0.56,-0.05154,-0.3354,-0.2544,0.5156,-0.625,1.049,0.2646,-1.271,0.766,-0.666,-0.6646,0.0,0.0,-0.6646,0.0,-0.486,-0.512,0.0,0.0,0.0,0.0,0.092,2.0,0.5,0.5,0.1287,0.007427,4.0,0.0,-0.5,-1.0,0.0,0.0,0.0,0.3608
-0.665,-0.664,-0.6655,-0.1765,0.1316,-0.0601,0.03516,0.4744,0.2354,0.2454,-0.1648,6.188,-0.5713,-0.693,0.0,0.0,-0.1819,-0.2952,-0.2678,0.0,1.043,0.95,-0.5015,-0.565,0.2085,-0.3376,-0.309,0.511,-0.6284,0.5156,0.2634,-1.04,0.2522,-0.666,-0.664,0.0,0.0,-0.6646,0.0,-0.4827,-0.4412,0.0,0.0,0.0,0.0,0.1484,3.0,0.5,0.5,-0.10046,0.1904,5.0,0.0,0.0,-1.0,0.0,0.0,0.0,0.5767
-0.6646,-0.6636,-0.665,-0.3665,0.324,0.2041,0.03516,0.4233,0.4778,0.3193,-0.1652,0.902,-0.4285,-0.683,0.0,0.0,-0.2522,-0.3604,-0.2231,0.0,1.046,0.592,-0.4946,-0.568,0.4487,-0.3362,-0.3174,0.507,-0.6265,0.511,1.049,0.2644,0.0,-0.6646,-0.6636,0.0,0.0,-0.6646,0.0,-0.4795,-0.0733,0.0,0.0,0.0,0.0,0.1181,3.0,1.0,1.0,-0.2937,0.3643,5.734,0.0,0.5,-1.0,0.0,0.0,0.0,0.455
-0.6636,-0.663,-0.664,-0.6406,0.6035,0.597,0.03516,0.3928,0.79,0.4324,-0.161,0.721,-0.2856,-0.6733,0.0,0.0,-0.3533,-0.463,-0.1561,0.0,1.048,-0.101,-0.4954,-0.565,0.759,-0.3247,-0.1073,0.754,-0.6265,0.507,0.5156,0.2634,-1.256,-0.6626,-0.6636,0.0,0.0,-0.6646,0.0,-0.4744,0.312,0.0,0.0,0.0,0.0,0.1829,3.0,1.5,1.5,-0.5547,0.6367,5.734,0.0,1.0,-1.0,0.0,0.0,0.0,0.6987
-0.663,-0.662,-0.6636,-0.4595,0.4207,0.597,0.03516,0.373,0.637,0.3857,-0.1605,-0.04248,-0.1428,-0.6636,0.0,0.0,-0.3147,-0.418,-0.1785,0.0,1.051,-0.09546,-0.5005,-0.5615,0.602,-0.3188,-0.1577,-0.2482,-0.622,0.754,0.511,1.049,0.513,-0.66,-0.663,0.0,0.0,-0.664,0.0,-0.476,0.06683,0.0,0.0,0.0,0.0,-0.05652,2.0,1.0,1.0,-0.385,0.4558,0.0,1.0,1.0,-1.0,0.0,0.0,0.0,-0.2133
-0.6636,-0.6626,-0.664,0.4895,-0.5386,0.597,0.03516,0.7026,-0.3125,0.06665,-0.1665,-1.241,-0.2856,-0.6533,-1.0,0.0,0.001884,-0.1422,-0.357,0.0,1.053,2.379,-0.509,-0.558,-0.3696,-0.3225,0.0734,-1.993,-0.622,-0.2482,0.507,0.515,-1.271,-0.6597,-0.6636,0.0,0.0,-0.6646,0.0,-0.4897,-0.4746,0.0,0.0,0.0,0.0,-0.395,1.0,1.0,0.5,0.6187,-0.3704,0.0,2.0,1.0,-1.0,0.0,0.0,0.0,-1.497
-0.6636,-0.6626,-0.664,0.003296,-0.04596,0.597,0.03516,0.778,0.208,0.2185,-0.1692,-2.75,-0.2856,-0.6436,0.0,0.0,-0.1305,-0.2983,-0.2678,0.0,1.056,1.632,-0.52,-0.555,0.1716,-0.3308,0.2499,1.031,-0.629,-1.993,0.754,0.5107,-1.039,-0.659,-0.6636,0.0,0.0,-0.665,0.0,-0.4832,-0.2396,0.0,0.0,0.0,0.0,0.1887,1.0,1.5,1.0,0.1443,0.09735,1.0,0.0,1.0,-1.0,0.0,0.0,0.0,0.74
-0.6636,-0.6626,-0.664,0.24,-0.2869,0.597,0.03516,0.649,-0.0523,0.1385,-0.169,-0.7407,-0.1428,-0.634,0.0,0.0,-0.0694,-0.2081,-0.3123,0.0,1.058,-0.06107,-0.5347,-0.555,-0.06665,-0.3328,0.2499,-0.507,-0.641,1.031,-0.248,0.507,0.2644,-0.659,-0.6636,0.0,0.0,-0.665,0.0,-0.4866,-0.0827,0.0,0.0,0.0,0.0,-0.11316,0.0,1.0,1.0,0.3691,-0.1378,0.0,1.0,1.0,-1.0,0.0,0.0,0.0,-0.436
-0.6636,-0.6626,-0.664,0.2295,-0.2773,0.597,0.03516,0.4956,-0.0433,0.1356,-0.1704,0.3,0.0,-0.6235,0.0,0.0,-0.0804,-0.1906,-0.3123,0.0,1.061,-0.06107,-0.5522,-0.5586,-0.08575,-0.329,0.2373,0.0,-0.643,-0.507,-1.993,0.7534,0.2634,-0.659,-0.664,0.0,0.0,-0.6655,0.0,-0.4866,-0.1951,0.0,0.0,0.0,0.0,0.0,-1.0,0.5,0.5,0.2932,-0.2006,0.0,0.0,1.0,-1.0,0.0,0.0,0.0,0.0
-0.664,-0.6636,-0.6646,0.918,-0.9736,0.597,0.03516,0.5933,-0.78,-0.1015,-0.1725,-11.11,0.0,-0.614,-1.0,0.0,0.1517,0.039,-0.4463,0.0,1.063,0.681,-0.5776,-0.5625,-0.821,-0.3308,0.0944,-1.533,-0.633,0.0,1.031,-0.248,1.049,-0.661,-0.664,0.0,0.0,-0.6655,0.0,-0.4968,-0.2499,0.0,0.0,0.0,0.0,-0.27,-1.0,0.0,0.5,0.972,-0.8535,0.0,1.0,1.0,-1.0,0.0,0.0,0.0,-1.049
-0.6646,-0.6636,-0.665,0.3752,-0.4258,0.597,0.03516,0.579,-0.3303,0.0532,-0.1685,-0.5986,0.0,-0.604,-1.0,0.0,0.003405,-0.11694,-0.357,0.0,1.065,0.991,-0.6084,-0.569,-0.3523,-0.3257,-0.006454,1.049,-0.6353,-1.533,-0.507,-1.993,0.515,-0.6626,-0.664,0.0,0.0,-0.666,0.0,-0.49,0.1996,0.0,0.0,0.0,0.0,0.11487,0.0,0.0,1.0,0.5005,-0.2708,1.0,0.0,1.0,-1.0,0.0,0.0,0.0,0.4583
-0.664,-0.663,-0.6646,-0.2098,0.1654,0.597,0.03516,0.585,0.2067,0.2471,-0.1613,-2.594,0.1428,-0.604,0.0,0.0,-0.1735,-0.3074,-0.2454,0.0,1.068,0.6006,-0.6084,-0.5776,0.1616,-0.3064,-0.09894,1.289,-0.637,1.049,0.0,1.03,0.5107,-0.6626,-0.664,0.0,0.0,-0.666,0.0,-0.4814,0.3733,0.0,0.0,0.0,0.0,0.2373,0.0,0.0,1.0,-0.001228,0.3657,2.0,0.0,1.0,-1.0,0.0,0.0,0.0,0.93
-0.664,-0.663,-0.6646,0.04416,-0.0933,0.597,0.03516,0.698,-0.1062,0.1665,-0.1565,-0.9233,0.2856,-0.594,0.0,0.0,-0.0906,-0.2404,-0.29,0.0,1.07,1.303,-0.6084,-0.588,-0.1412,-0.296,-0.1788,-0.505,-0.6426,1.289,-1.533,-0.507,0.5063,-0.6626,-0.664,0.0,0.0,-0.666,0.0,-0.485,0.212,0.0,0.0,0.0,0.0,-0.1556,0.0,-0.5,0.5,0.2137,0.0844,0.0,1.0,1.0,-1.0,0.0,0.0,0.0,-0.5977
-0.6646,-0.6636,-0.665,0.625,-0.6807,0.597,0.03516,0.726,-0.713,-0.0302,-0.1583,-17.1,0.2856,-0.584,-1.0,0.0,0.0952,-0.0469,-0.4016,0.0,1.073,1.013,-0.602,-0.599,-0.7812,-0.2915,-0.3174,-1.272,-0.639,-0.505,1.049,0.0,0.7534,-0.663,-0.6646,0.0,0.0,-0.6665,0.0,-0.4937,-0.2352,0.0,0.0,0.0,0.0,-0.2576,0.0,-1.0,0.0,0.806,-0.4456,0.0,2.0,1.0,-1.0,0.0,0.0,0.0,-0.9976
-0.665,-0.6646,-0.6655,0.9346,-0.991,0.597,-0.0905,0.857,-1.027,-0.1487,-0.164,0.7197,0.1428,-0.574,-1.0,0.0,0.2213,0.06287,-0.4685,0.0,1.076,1.045,-0.601,-0.61,-1.085,-0.304,-0.3218,-0.7803,-0.6304,-1.272,1.289,-1.533,-0.248,-0.6646,-0.665,0.0,0.0,-0.667,0.0,-0.4988,-0.4722,0.0,0.0,0.0,0.0,-0.1948,0.0,-1.0,-0.5,1.114,-0.7334,0.0,3.0,1.0,-1.0,0.0,0.0,0.0,-0.7705
-0.666,-0.665,-0.6665,0.979,-1.035,0.597,-0.2258,0.743,-1.066,-0.1888,-0.1719,0.1895,0.0,-0.5645,-1.0,0.0,0.2505,0.1159,-0.4907,0.0,1.078,-0.3684,-0.604,-0.6216,-1.129,-0.3193,-0.04007,-0.2634,-0.62,-0.7803,-0.5044,1.049,-1.992,-0.6655,-0.6655,0.0,0.0,-0.667,0.0,-0.5005,-0.626,0.0,0.0,0.0,0.0,-0.04752,-1.0,-1.0,-1.0,1.144,-0.79,0.0,4.0,1.0,-0.5,0.0,0.0,0.0,-0.1904
-0.6665,-0.6655,-0.667,0.7793,-0.8325,0.597,-0.2258,0.636,-0.844,-0.1514,-0.1808,-0.11285,-0.1428,-0.5547,-1.0,0.0,0.2041,0.0868,-0.4685,0.0,1.081,-0.373,-0.604,-0.6216,-0.917,-0.3362,-0.2334,0.2646,-0.623,-0.2634,-1.272,1.288,1.03,-0.666,-0.666,0.0,0.0,-0.667,0.0,-0.4988,-0.687,0.0,0.0,0.0,0.0,0.0496,-1.0,-1.0,-1.0,0.9277,-0.6206,1.0,0.0,1.0,-0.5,0.0,0.0,0.0,0.1996
-0.6675,-0.6665,-0.668,0.9575,-1.014,0.597,-0.2258,0.6914,-0.9565,-0.2305,-0.1932,0.3118,-0.2856,-0.5444,-1.0,0.0,0.287,0.165,-0.513,0.0,1.083,0.3516,-0.5884,-0.6216,-1.022,-0.3633,-0.1871,-0.527,-0.616,0.2646,-0.78,-0.5044,-0.5063,-0.667,-0.6665,0.0,0.0,-0.667,0.0,-0.5024,-0.9546,0.0,0.0,0.0,0.0,-0.1147,-1.0,-1.0,-1.5,1.112,-0.7803,0.0,1.0,1.0,-0.5,0.0,0.0,0.0,-0.4597
-0.669,-0.668,-0.6694,1.883,-1.944,0.597,-0.2258,0.9897,-1.773,-0.543,-0.2108,1.208,-0.4285,-0.5444,-1.0,-1.0,0.636,0.4817,-0.6914,0.0,1.086,1.9,-0.5522,-0.613,-1.814,-0.4038,-0.225,-2.127,-0.5664,-0.527,-0.2634,-1.271,0.0,-0.67,-0.667,0.0,0.0,-0.6675,0.0,-0.516,-1.151,0.0,1.0,0.0,0.0,-0.5137,-1.0,-1.0,-1.5,1.992,-1.689,0.0,2.0,1.0,-0.5,0.0,0.0,0.0,-2.076
-0.67,-0.669,-0.6704,1.335,-1.39,0.597,-0.2258,0.753,-1.286,-0.4277,-0.2206,-0.1796,-0.4285,-0.5347,-1.0,0.0,0.4934,0.374,-0.6245,0.0,1.089,0.392,-0.519,-0.592,-1.346,-0.4211,-0.04428,0.8267,-0.539,-2.127,0.2646,-0.78,-1.532,-0.6724,-0.6675,0.0,0.0,-0.6685,0.0,-0.5107,-0.7236,0.0,0.0,0.0,0.0,0.0964,0.0,-0.5,-1.0,1.46,-1.16,1.0,0.0,1.0,-0.5,0.0,0.0,0.0,0.404
-0.671,-0.67,-0.6714,1.097,-1.149,0.597,-0.2258,0.5786,-1.024,-0.3896,-0.2323,-0.10156,-0.5713,-0.525,-1.0,0.0,0.4385,0.3484,-0.6025,0.0,1.091,0.01984,-0.4917,-0.574,-1.179,-0.4287,-0.246,0.2717,-0.522,0.8267,-0.527,-0.2634,1.049,-0.674,-0.6685,0.0,0.0,-0.669,0.0,-0.5093,-0.9214,0.0,0.0,0.0,0.0,0.003475,1.0,-0.5,-1.0,1.222,-0.9375,2.0,0.0,1.0,-0.5,0.0,0.0,0.0,0.01437
-0.6714,-0.6704,-0.672,0.7607,-0.809,0.597,-0.2258,0.5874,-0.6685,-0.311,-0.2406,-0.2869,-0.7144,-0.5146,-1.0,0.0,0.359,0.2617,-0.5576,0.0,1.094,0.3677,-0.4622,-0.5537,-0.8145,-0.4495,-0.5024,0.541,-0.5176,0.2717,-2.125,0.2644,1.288,-0.6743,-0.669,0.0,0.0,-0.67,0.0,-0.506,-0.7124,0.0,0.0,0.0,0.0,0.08795,1.0,-0.5,-0.5,0.9326,-0.5728,3.0,0.0,1.0,-0.5,0.0,0.0,0.0,0.362
-0.6724,-0.6714,-0.673,1.448,-1.503,0.597,-0.2258,0.7915,-1.292,-0.544,-0.2532,1.38,-0.857,-0.5146,-1.0,-1.0,0.6196,0.5015,-0.6914,0.0,1.096,0.0467,-0.424,-0.5264,-1.384,-0.4858,-0.4773,-1.609,-0.502,0.541,0.8267,-0.527,-0.5044,-0.676,-0.6694,0.0,0.0,-0.671,0.0,-0.516,-0.917,0.0,0.0,0.0,0.0,-0.4573,1.0,-0.5,-0.5,1.587,-1.249,0.0,1.0,1.0,-0.5,0.0,0.0,0.0,-1.865
-0.674,-0.673,-0.6743,1.712,-1.766,-0.1987,-0.2258,0.8975,-1.559,-0.659,-0.2634,0.3906,-0.857,-0.5146,-1.0,-1.0,0.7544,0.6255,-0.7583,0.0,1.099,1.571,-0.382,-0.4966,-1.596,-0.5186,-0.3428,-0.8267,-0.4937,-1.609,0.2717,-2.125,-1.271,-0.6777,-0.6704,0.0,0.0,-0.6724,0.0,-0.521,-0.8213,0.0,0.0,0.0,0.0,-0.192,1.0,-0.5,-0.5,1.825,-1.5205,0.0,2.0,1.0,-0.5,0.0,0.0,0.0,-0.8047
-0.6753,-0.6743,-0.676,1.693,-1.746,-0.1987,-0.2258,0.8105,-1.5205,-0.6963,-0.2773,0.114,-0.857,-0.5146,-1.0,-1.0,0.787,0.6772,-0.781,0.0,1.101,0.0745,-0.3442,-0.468,-1.599,-0.542,-0.284,-0.2795,-0.4888,-0.8267,0.541,0.8267,-0.78,-0.6797,-0.671,0.0,0.0,-0.674,0.0,-0.523,-1.131,0.0,1.0,0.0,0.0,-0.05182,0.0,-0.5,-1.0,1.751,-1.562,0.0,3.0,1.0,-0.5,0.0,0.0,0.0,-0.2203
-0.676,-0.675,-0.6763,0.7817,-0.8276,-0.1987,-0.2258,0.733,-0.5674,-0.4604,-0.2908,-0.6006,-1.0,-0.5146,-1.0,-1.0,0.526,0.4126,-0.647,0.0,1.104,0.4006,-0.3142,-0.439,-0.679,-0.568,-0.3008,1.685,-0.4863,-0.2795,-1.608,0.2717,-0.2634,-0.679,-0.6714,0.0,0.0,-0.675,0.0,-0.5127,-1.057,0.0,1.0,0.0,0.0,0.2434,0.0,0.0,-1.0,0.9478,-0.5967,1.0,0.0,1.0,-0.5,0.0,0.0,0.0,1.039
-0.676,-0.675,-0.6763,0.4734,-0.5215,-0.1987,-0.2258,0.5786,-0.1719,-0.3816,-0.3013,-0.816,-1.143,-0.505,-1.0,0.0,0.43,0.3396,-0.6025,0.0,1.106,0.01984,-0.2876,-0.4065,-0.2097,-0.605,-0.372,0.5464,-0.5015,1.685,-0.8267,0.541,0.2644,-0.679,-0.672,0.0,0.0,-0.6753,0.0,-0.5093,-0.8525,0.0,0.0,0.0,0.0,0.08435,0.0,0.0,-0.5,0.616,-0.3398,2.0,0.0,1.0,-0.5,0.0,0.0,0.0,0.3503
-0.676,-0.675,-0.6763,-0.0343,-0.009384,0.3096,-0.2258,0.564,0.4062,-0.2255,-0.3052,-11.02,-1.0,-0.495,0.0,0.0,0.2708,0.1719,-0.513,0.0,1.108,1.425,-0.2756,-0.378,0.408,-0.6216,-0.3132,1.082,-0.516,0.5464,-0.2793,-1.608,-0.527,-0.6787,-0.672,0.0,0.0,-0.676,0.0,-0.5024,-0.3987,0.0,0.0,0.0,0.0,0.1904,1.0,0.5,0.0,0.1492,0.1772,3.0,0.0,1.0,-0.5,0.0,0.0,0.0,0.7837
-0.676,-0.675,-0.6763,0.0983,-0.1451,0.3096,-0.2258,0.5117,0.3022,-0.265,-0.3076,-0.07556,-0.857,-0.485,0.0,0.0,0.3054,0.219,-0.5356,0.0,1.111,0.3596,-0.2744,-0.3547,0.3376,-0.632,0.02296,-0.2659,-0.533,1.082,1.685,-0.8267,-2.125,-0.678,-0.672,0.0,0.0,-0.677,0.0,-0.5044,-0.302,0.0,0.0,0.0,0.0,-0.0457,1.0,0.5,0.0,0.2756,0.0451,0.0,1.0,1.0,-0.5,0.0,0.0,0.0,-0.1846
-0.676,-0.675,-0.6763,-0.01532,-0.02995,0.3096,-0.2258,0.564,0.4448,-0.2267,-0.3086,0.5176,-0.7144,-0.4753,0.0,0.0,0.272,0.1732,-0.513,0.0,1.113,0.3516,-0.284,-0.337,0.5005,-0.637,-0.0737,0.267,-0.536,-0.2659,0.546,-0.2793,0.826,-0.6772,-0.6724,0.0,0.0,-0.677,0.0,-0.5024,-0.1923,0.0,0.0,0.0,0.0,0.0377,2.0,0.5,0.5,0.1674,0.1573,1.0,0.0,1.0,-0.5,0.0,0.0,0.0,0.153
-0.6753,-0.6743,-0.676,-0.11755,0.0729,0.3096,-0.2258,0.521,0.5874,-0.1895,-0.3098,0.4224,-0.5713,-0.4653,0.0,0.0,0.2312,0.1378,-0.4907,0.0,1.116,-0.7246,-0.3032,-0.325,0.658,-0.6416,-0.0947,0.2659,-0.548,0.267,1.082,1.684,0.2717,-0.6753,-0.6724,0.0,0.0,-0.6772,0.0,-0.501,-0.1923,0.0,0.0,0.0,0.0,0.03946,2.0,0.5,0.5,0.0564,0.2427,2.0,0.0,1.0,-0.5,0.0,0.0,0.0,0.1595
-0.675,-0.6743,-0.6753,-0.3225,0.2815,0.3096,-0.2258,0.4673,0.8237,-0.11346,-0.308,0.512,-0.4285,-0.4556,0.0,0.0,0.1521,0.0635,-0.4463,0.0,1.119,-0.02487,-0.3286,-0.3228,0.9126,-0.64,-0.1577,0.5293,-0.582,0.2659,-0.2656,0.546,0.541,-0.673,-0.673,0.0,0.0,-0.6777,0.0,-0.4976,0.02695,0.0,0.0,0.0,0.0,0.1051,2.0,0.5,1.0,-0.2218,0.356,3.0,0.0,1.0,-0.5,0.0,0.0,0.0,0.4229
-0.675,-0.674,-0.6753,-0.0496,0.004,0.3096,-0.2258,0.3308,0.4712,-0.1929,-0.3015,-0.269,-0.2856,-0.4456,0.0,0.0,0.2175,0.1597,-0.4907,0.0,1.121,0.3438,-0.353,-0.3306,0.5825,-0.629,0.1154,-0.5244,-0.6143,0.5293,0.2668,1.082,-1.608,-0.672,-0.6733,0.0,0.0,-0.678,0.0,-0.501,0.4404,0.0,0.0,0.0,0.0,-0.06757,1.0,0.5,1.0,0.02267,0.0685,0.0,1.0,1.0,-0.5,0.0,0.0,0.0,-0.2695
-0.675,-0.674,-0.675,-0.1473,0.10345,0.3096,-0.2258,0.2888,0.536,-0.156,-0.2969,0.2642,-0.1428,-0.4355,0.0,0.0,0.1775,0.1249,-0.4685,0.0,1.124,-0.01863,-0.3848,-0.348,0.6484,-0.6177,0.2793,0.2646,-0.6235,-0.5244,0.2656,-0.2656,-0.826,-0.671,-0.674,0.0,0.0,-0.678,0.0,-0.4993,0.339,0.0,0.0,0.0,0.0,0.04782,2.0,1.0,1.0,-0.0704,0.1655,1.0,0.0,1.0,-0.5,0.0,0.0,0.0,0.1925
-0.6743,-0.6733,-0.675,-0.004017,-0.04,0.3096,-0.2258,0.4575,0.356,-0.1989,-0.294,-0.1603,0.0,-0.4258,0.0,0.0,0.2349,0.1538,-0.4907,0.0,1.126,1.768,-0.4292,-0.371,0.4185,-0.6006,0.376,-0.2634,-0.6255,0.2646,0.5293,0.2668,-0.2793,-0.671,-0.6743,0.0,0.0,-0.678,0.0,-0.501,0.203,0.0,0.0,0.0,0.0,-0.1451,1.0,1.0,0.5,0.0502,0.00836,0.0,1.0,1.0,-0.5,0.0,0.0,0.0,-0.5815
-0.6743,-0.6733,-0.675,-0.10614,0.06396,0.3096,-0.1718,0.4468,0.4495,-0.1637,-0.292,0.3606,0.1428,-0.4158,0.0,0.0,0.1992,0.1178,-0.4685,0.0,1.129,0.3357,-0.4783,-0.3982,0.4993,-0.5923,0.1785,0.2646,-0.6235,-0.2634,-0.5244,0.2656,1.684,-0.6704,-0.6743,0.0,0.0,-0.678,0.0,-0.4993,0.1434,0.0,0.0,0.0,0.0,0.06223,1.0,1.0,0.5,-0.11584,0.0349,1.0,0.0,1.0,-0.5,0.0,0.0,0.0,0.2505
-0.674,-0.673,-0.6743,-0.1985,0.1562,0.3096,-0.1718,0.3416,0.4756,-0.129,-0.2847,0.1937,0.2856,-0.406,0.0,0.0,0.156,0.09174,-0.4463,0.0,1.131,0.3281,-0.516,-0.4292,0.507,-0.571,0.128,0.2634,-0.621,0.2646,0.2646,0.529,0.546,-0.67,-0.675,0.0,0.0,-0.678,0.0,-0.4978,0.778,1.0,0.0,0.0,0.0,0.05698,1.0,1.0,1.0,-0.2301,0.0961,2.0,0.0,1.0,-0.5,0.0,0.0,0.0,0.2283
-0.674,-0.673,-0.6743,0.1793,-0.2301,0.3096,-0.1718,0.2776,-0.0217,-0.2498,-0.2773,-0.7803,0.4285,-0.396,0.0,0.0,0.2693,0.2252,-0.513,0.0,1.134,0.3516,-0.5312,-0.4595,-0.02182,-0.5464,-0.01066,-0.787,-0.621,0.2634,-0.2634,-0.5244,1.082,-0.67,-0.675,0.0,0.0,-0.678,0.0,-0.503,0.778,1.0,0.0,0.0,0.0,-0.1489,1.0,0.5,1.0,0.155,-0.253,0.0,1.0,1.0,-0.5,0.0,0.0,0.0,-0.594
-0.675,-0.674,-0.6753,1.022,-1.087,0.3096,-0.1718,0.4827,-0.9824,-0.5244,-0.274,-11.14,0.4285,-0.396,-1.0,-1.0,0.5713,0.509,-0.6694,0.0,1.137,1.517,-0.5293,-0.4824,-0.973,-0.538,0.03137,-1.86,-0.6235,-0.787,0.2646,0.2644,-0.2656,-0.6714,-0.676,0.0,0.0,-0.678,0.0,-0.5146,0.203,0.0,0.0,0.0,0.0,-0.442,0.0,0.5,1.0,0.9663,-1.079,0.0,2.0,1.0,-0.5,0.0,0.0,0.0,-1.786
-0.676,-0.675,-0.6763,1.19,-1.255,0.3096,-0.419,0.4727,-1.217,-0.604,-0.2766,0.4392,0.4285,-0.396,-1.0,-1.0,0.656,0.6016,-0.714,0.0,1.139,0.7983,-0.518,-0.5044,-1.233,-0.5376,-0.0359,-0.549,-0.6143,-1.86,0.2634,-0.2634,0.2668,-0.6733,-0.6763,0.0,0.0,-0.678,0.0,-0.518,-0.3699,0.0,0.0,0.0,0.0,-0.07745,0.0,0.0,0.5,1.125,-1.244,0.0,3.0,1.0,-0.5,0.0,0.0,0.0,-0.3232
-0.6763,-0.6753,-0.677,0.7153,-0.773,0.3096,-0.419,0.4712,-0.8066,-0.4883,-0.2786,-0.2656,0.4285,-0.396,-1.0,-1.0,0.5317,0.469,-0.647,0.0,1.142,0.4006,-0.5054,-0.528,-0.8433,-0.538,-0.1157,0.8306,-0.612,-0.549,-0.7866,0.2644,0.2656,-0.6743,-0.677,0.0,0.0,-0.678,0.0,-0.513,-0.2874,0.0,0.0,0.0,0.0,0.113,0.0,0.0,0.5,0.6636,-0.7847,1.0,0.0,1.0,-0.5,0.0,0.0,0.0,0.4756
-0.6763,-0.6753,-0.677,0.296,-0.3489,0.3096,-0.419,0.3086,-0.3862,-0.374,-0.2815,-0.5234,0.2856,-0.3862,-1.0,0.0,0.3982,0.3572,-0.58,0.0,1.144,0.0133,-0.4995,-0.5493,-0.4353,-0.542,-0.2292,0.8193,-0.612,0.8306,-1.86,0.2634,0.529,-0.675,-0.6772,0.0,0.0,-0.6787,0.0,-0.508,-0.3699,0.0,0.0,0.0,0.0,0.1536,0.0,0.0,0.5,0.2969,-0.3352,2.0,0.0,1.0,-0.5,0.0,0.0,0.0,0.6377
-0.677,-0.676,-0.6772,0.522,-0.5776,0.3096,-0.419,0.297,-0.6113,-0.4524,-0.2847,1.054,0.1428,-0.3862,-1.0,-1.0,0.4785,0.4453,-0.6245,0.0,1.146,0.02647,-0.5015,-0.563,-0.6445,-0.551,-0.1704,-0.5386,-0.6177,0.8193,-0.5483,-0.7866,-0.5244,-0.6763,-0.6777,0.0,0.0,-0.678,0.0,-0.5117,-0.437,0.0,0.0,0.0,0.0,-0.1396,0.0,0.0,0.5,0.5244,-0.5444,0.0,1.0,1.0,-0.5,0.0,0.0,0.0,-0.5723
-0.6777,-0.677,-0.678,1.367,-1.427,0.3096,-0.419,0.7095,-1.422,-0.7246,-0.2937,1.934,0.0,-0.3862,-1.0,-1.0,0.81,0.721,-0.781,0.0,1.149,3.135,-0.5117,-0.5703,-1.408,-0.577,-0.2377,-1.903,-0.6133,-0.5386,0.8306,-1.859,0.2644,-0.678,-0.678,0.0,0.0,-0.678,0.0,-0.5234,-0.8867,0.0,0.0,0.0,0.0,-0.574,0.0,-0.5,0.0,1.409,-1.285,0.0,2.0,1.0,-0.5,0.0,0.0,0.0,-2.375
-0.679,-0.678,-0.6797,1.78,-1.837,0.3096,-0.6084,1.036,-1.798,-0.8804,-0.307,0.4585,-0.1428,-0.3862,-1.0,-1.0,1.017,0.88,-0.87,0.0,1.151,1.259,-0.521,-0.573,-1.721,-0.6157,-0.2544,-1.123,-0.5913,-1.903,0.819,-0.5483,-0.2634,-0.681,-0.6787,0.0,0.0,-0.6787,0.0,-0.5264,-1.117,0.0,1.0,0.0,0.0,-0.3506,0.0,-0.5,-0.5,1.829,-1.656,0.0,3.0,1.0,-0.5,0.0,0.0,0.0,-1.497
-0.679,-0.6787,-0.68,0.5967,-0.638,0.3096,-0.6084,1.089,-0.6367,-0.5703,-0.3157,-0.614,-0.2856,-0.3862,-1.0,-1.0,0.675,0.5034,-0.6914,0.0,1.154,0.4175,-0.5244,-0.571,-0.5806,-0.6323,-0.368,2.29,-0.588,-1.123,-0.5386,0.83,0.2644,-0.681,-0.679,0.0,0.0,-0.6787,0.0,-0.5166,-0.687,0.0,0.0,0.0,0.0,0.4731,0.0,-0.5,-0.5,0.795,-0.3865,1.0,0.0,1.0,-0.5,1.0,0.0,4.234,2.059
-0.68,-0.679,-0.6807,0.929,-0.9746,0.3096,-0.6084,1.132,-0.9243,-0.6885,-0.3252,0.748,-0.4285,-0.3862,-1.0,-1.0,0.8076,0.637,-0.7583,0.0,1.156,0.4434,-0.5186,-0.567,-0.918,-0.6426,-0.452,-0.8267,-0.574,2.29,-1.902,0.819,0.2634,-0.6816,-0.6797,0.0,0.0,-0.679,0.0,-0.522,-0.7236,0.0,0.0,0.0,0.0,-0.109,-1.0,-1.0,-0.5,1.142,-0.681,0.0,1.0,1.0,-0.5,0.0,0.0,0.0,-0.4568
-0.6807,-0.6797,-0.681,0.728,-0.7705,-0.2242,-0.6084,1.284,-0.679,-0.6514,-0.335,-0.1896,-0.5713,-0.3862,-1.0,-1.0,0.7803,0.579,-0.7363,0.0,1.159,1.932,-0.5024,-0.5615,-0.698,-0.658,-0.3848,0.2795,-0.568,-0.8267,-1.123,-0.5386,-0.7866,-0.682,-0.68,0.0,0.0,-0.6797,0.0,-0.52,-0.7236,0.0,0.0,0.0,0.0,0.045,0.0,-0.5,-0.5,0.9517,-0.4812,1.0,0.0,1.0,-0.5,0.0,0.0,0.0,0.1913
-0.6816,-0.6807,-0.682,1.183,-1.23,-0.2242,-0.6084,1.278,-1.076,-0.8076,-0.3464,0.914,-0.7144,-0.3862,-1.0,-1.0,0.9546,0.7666,-0.8257,0.0,1.161,1.232,-0.4683,-0.549,-1.029,-0.6934,-0.1326,-1.112,-0.55,0.2795,2.29,-1.902,-1.859,-0.6836,-0.68,0.0,0.0,-0.68,0.0,-0.5264,-0.825,0.0,0.0,0.0,0.0,-0.1965,0.0,-0.5,-0.5,1.431,-0.879,0.0,1.0,1.0,-0.5,0.0,0.0,0.0,-0.8315
-0.682,-0.681,-0.6826,0.699,-0.743,-0.2242,-0.6084,1.333,-0.5493,-0.691,-0.3564,-0.4583,-0.857,-0.3862,-1.0,-1.0,0.8286,0.6216,-0.7583,0.0,1.164,1.571,-0.4304,-0.5317,-0.4922,-0.7173,-0.0779,0.85,-0.546,-1.112,-0.8267,-1.123,-0.5483,-0.6846,-0.6807,0.0,0.0,-0.681,0.0,-0.522,-0.7104,0.0,0.0,0.0,0.0,0.1818,1.0,0.0,-0.5,1.002,-0.37,1.0,0.0,1.0,-0.5,0.0,0.0,0.0,0.7837
-0.6826,-0.682,-0.683,1.157,-1.21,-0.2242,-0.6084,1.431,-0.9204,-0.847,-0.3704,1.081,-1.0,-0.3862,-1.0,-1.0,1.014,0.801,-0.8477,0.0,1.167,0.8623,-0.3928,-0.5103,-0.8877,-0.742,-0.2124,-1.118,-0.536,0.85,0.2793,2.29,0.83,-0.685,-0.681,0.0,0.0,-0.6816,0.0,-0.5264,-0.8867,0.0,0.0,0.0,0.0,-0.1752,0.0,-0.5,-1.0,1.457,-0.803,0.0,1.0,1.0,-0.5,0.0,0.0,0.0,-0.7446
-0.6826,-0.682,-0.683,0.1766,-0.2213,-0.2242,-0.6084,1.419,0.10864,-0.576,-0.377,-1.259,-1.0,-0.3862,0.0,-1.0,0.7104,0.4788,-0.6914,0.0,1.169,0.4175,-0.366,-0.4878,0.1451,-0.758,-0.3762,1.993,-0.551,-1.118,-1.112,-0.8267,0.819,-0.684,-0.681,0.0,0.0,-0.6826,0.0,-0.5166,-0.4475,0.0,0.0,0.0,0.0,0.391,1.0,-0.5,-0.5,0.5234,0.1597,1.0,0.0,1.0,-0.5,0.0,0.0,0.0,1.694
-0.683,-0.682,-0.6836,0.1725,-0.2178,-0.2242,-0.6084,1.353,0.11847,-0.5786,-0.3784,0.191,-0.857,-0.3862,0.0,-1.0,0.707,0.4878,-0.6914,0.0,1.172,0.788,-0.3528,-0.4678,0.1685,-0.7617,-0.3132,0.0,-0.562,1.993,0.85,0.2793,-0.5386,-0.684,-0.681,0.0,0.0,-0.683,0.0,-0.5166,-0.1815,0.0,0.0,0.0,0.0,0.0,0.0,-0.5,-0.5,0.4912,0.1322,0.0,0.0,1.0,-0.5,0.0,0.0,0.0,0.0
-0.6826,-0.682,-0.683,0.0479,-0.0913,-0.2242,-0.6084,1.337,0.235,-0.5425,-0.3777,0.6904,-0.7144,-0.3862,0.0,-1.0,0.667,0.4475,-0.6694,0.0,1.174,0.778,-0.3528,-0.4517,0.2896,-0.7593,-0.03168,0.2756,-0.579,0.0,-1.117,-1.112,-1.902,-0.683,-0.681,0.0,0.0,-0.6836,0.0,-0.515,-0.0476,0.0,0.0,0.0,0.0,0.0527,1.0,0.0,0.0,0.3433,0.2235,1.0,0.0,1.0,-0.5,0.0,0.0,0.0,0.221
-0.6826,-0.6816,-0.683,0.05606,-0.1001,-0.2242,-0.6084,1.305,0.2449,-0.5454,-0.3792,0.1738,-0.5713,-0.3862,0.0,-1.0,0.6675,0.4543,-0.6694,0.0,1.177,0.0399,-0.3647,-0.4392,0.283,-0.7583,0.1575,0.0,-0.5947,0.2756,1.993,0.85,-1.122,-0.6826,-0.6807,0.0,0.0,-0.684,0.0,-0.515,-0.1853,0.0,0.0,0.0,0.0,0.0,0.0,0.0,-0.5,0.308,0.1682,0.0,0.0,1.0,-0.5,0.0,0.0,0.0,0.0
-0.682,-0.681,-0.6826,-0.4106,0.3726,-0.2242,-0.6084,1.277,0.7896,-0.3945,-0.3806,1.803,-0.4285,-0.3762,0.0,0.0,0.506,0.287,-0.58,0.0,1.18,-0.349,-0.3884,-0.4304,0.808,-0.756,-0.141,1.098,-0.6123,0.0,0.0,-1.117,2.287,-0.681,-0.6807,0.0,0.0,-0.684,0.0,-0.5083,-0.1375,0.0,0.0,0.0,0.0,0.2242,1.0,0.0,-0.5,-0.10895,0.6587,1.0,0.0,1.0,-0.5,0.0,0.0,0.0,0.9355
-0.6816,-0.6807,-0.682,-0.358,0.3206,-0.2242,-0.6084,1.31,0.7695,-0.3982,-0.3801,0.11865,-0.2856,-0.3665,0.0,0.0,0.5127,0.288,-0.58,0.0,1.182,0.3757,-0.424,-0.4275,0.7573,-0.7476,0.006153,0.0,-0.638,1.098,0.2756,1.993,-0.826,-0.6797,-0.6807,0.0,0.0,-0.6846,0.0,-0.5083,-0.03976,0.0,0.0,0.0,0.0,0.0,0.0,0.0,-0.5,-0.1592,0.4985,0.0,0.0,1.0,-0.5,0.0,0.0,0.0,0.0
-0.681,-0.68,-0.6816,-0.769,0.739,-0.2242,-0.6084,0.933,1.183,-0.2468,-0.371,0.6543,-0.1428,-0.3564,0.0,0.0,0.3252,0.1593,-0.4907,0.0,1.185,0.3438,-0.4631,-0.4338,1.157,-0.7246,-0.002253,1.077,-0.6333,0.0,0.0,0.0,0.2793,-0.6772,-0.6807,0.0,0.0,-0.6846,0.0,-0.5015,0.542,0.0,0.0,0.0,0.0,0.259,1.0,0.0,0.0,-0.5522,0.905,1.0,0.0,1.0,-0.5,0.0,0.0,0.0,1.062
-0.68,-0.6797,-0.6807,-0.5703,0.535,-0.2242,-0.6084,0.6914,0.8867,-0.2903,-0.36,-0.10706,0.0,-0.3464,0.0,0.0,0.347,0.2291,-0.513,0.0,1.187,-0.721,-0.4883,-0.4473,0.804,-0.6885,0.2122,-0.2646,-0.6167,1.077,1.097,0.2754,-1.112,-0.6763,-0.6807,0.0,0.0,-0.684,0.0,-0.5034,0.761,0.0,0.0,0.0,0.0,-0.05045,0.0,0.0,0.0,-0.4612,0.599,0.0,1.0,1.0,-0.5,0.0,0.0,0.0,-0.203
-0.6797,-0.6787,-0.68,-0.616,0.583,-0.2242,-0.6084,0.5527,0.9316,-0.2559,-0.3545,0.1923,0.1428,-0.3367,0.0,0.0,0.3,0.2053,-0.4907,0.0,1.189,0.3438,-0.507,-0.4634,0.8774,-0.6787,0.1449,0.2659,-0.599,-0.2646,0.0,0.0,0.85,-0.675,-0.6807,0.0,0.0,-0.6836,0.0,-0.5015,0.4753,0.0,0.0,0.0,0.0,0.03256,1.0,0.0,0.0,-0.534,0.6143,1.0,0.0,1.0,-0.5,0.0,0.0,0.0,0.1317
-0.679,-0.678,-0.6797,-0.4302,0.3948,-0.2242,-0.6084,0.532,0.6885,-0.298,-0.347,-0.11163,0.2856,-0.3267,0.0,0.0,0.3408,0.253,-0.513,0.0,1.192,-0.006046,-0.519,-0.4827,0.684,-0.6685,0.3635,-0.2646,-0.588,0.2659,1.077,1.097,-1.117,-0.674,-0.6807,0.0,0.0,-0.683,0.0,-0.5034,0.6597,0.0,0.0,0.0,0.0,-0.0353,0.0,0.0,0.0,-0.3594,0.428,0.0,1.0,1.0,-0.5,0.0,0.0,0.0,-0.1422
-0.678,-0.6772,-0.6787,-0.938,0.9106,-0.2242,-0.6084,0.4146,1.208,-0.1089,-0.3367,0.852,0.4285,-0.317,0.0,0.0,0.1428,0.0637,-0.4016,0.0,1.194,1.013,-0.512,-0.503,1.202,-0.6445,0.1322,1.329,-0.561,-0.2646,-0.2646,0.0,1.992,-0.672,-0.6807,0.0,0.0,-0.6826,0.0,-0.4949,0.8257,1.0,0.0,0.0,0.0,0.2874,1.0,0.0,0.0,-0.8276,0.9473,1.0,0.0,1.0,-0.5,0.0,0.0,0.0,1.161
-0.6777,-0.677,-0.678,-0.5005,0.4658,-0.2242,-0.6084,0.415,0.6523,-0.2301,-0.3257,-0.3179,0.5713,-0.307,0.0,0.0,0.262,0.191,-0.4685,0.0,1.197,0.6904,-0.4812,-0.5195,0.6416,-0.6167,0.1869,-0.7803,-0.5474,1.329,0.2656,1.077,0.0,-0.671,-0.6807,0.0,0.0,-0.682,0.0,-0.5,0.92,1.0,0.0,0.0,0.0,-0.1855,0.0,0.0,0.0,-0.4146,0.51,0.0,1.0,1.0,-0.5,0.0,0.0,0.0,-0.7334
-0.677,-0.676,-0.6772,-0.776,0.7456,-0.2242,-0.6084,0.4458,0.893,-0.1201,-0.3152,0.4875,0.7144,-0.297,0.0,0.0,0.1566,0.07245,-0.4016,0.0,1.199,2.062,-0.4421,-0.5225,0.867,-0.588,0.1869,0.7905,-0.5327,-0.7803,-0.2646,-0.2644,0.2754,-0.67,-0.6807,0.0,0.0,-0.6816,0.0,-0.4949,0.92,1.0,0.0,0.0,0.0,0.1947,1.0,0.0,0.0,-0.6904,0.768,1.0,0.0,-1.0,-0.5,0.0,0.0,0.0,0.78
-0.676,-0.675,-0.6763,-0.802,0.7676,-0.2242,0.649,0.373,0.821,-0.0877,-0.3008,0.06433,0.857,-0.287,0.0,0.0,0.1187,0.04584,-0.3792,0.0,1.202,-0.0432,-0.4055,-0.5093,0.8525,-0.5635,0.2373,0.26,-0.5347,0.7905,1.329,0.2656,0.0,-0.669,-0.68,0.0,0.0,-0.68,0.0,-0.4932,1.385,1.0,0.0,0.0,0.0,0.04874,1.0,0.5,0.5,-0.7954,0.7017,2.0,0.0,-1.0,-0.5,0.0,0.0,0.0,0.1927
-0.6753,-0.6743,-0.676,-0.4902,0.4502,-0.3784,0.649,0.2374,0.4443,-0.1698,-0.293,-0.2983,0.857,-0.2773,0.0,0.0,0.1865,0.1443,-0.4238,0.0,1.204,-0.3823,-0.3762,-0.4897,0.4736,-0.543,0.12384,-0.5176,-0.526,0.26,-0.78,-0.2644,1.097,-0.6685,-0.68,0.0,0.0,-0.6797,0.0,-0.4968,0.9,1.0,0.0,0.0,0.0,-0.08466,1.0,0.0,0.0,-0.4749,0.4187,0.0,1.0,-1.0,-0.5,0.0,0.0,0.0,-0.3333
-0.675,-0.674,-0.6753,-0.3186,0.2742,-0.3784,0.649,0.1844,0.2101,-0.2123,-0.2854,-0.3162,0.857,-0.2673,0.0,0.0,0.2236,0.1942,-0.4463,0.0,1.207,-0.02487,-0.3525,-0.4656,0.2194,-0.521,0.1533,-0.2612,-0.5293,-0.5176,0.79,1.328,0.0,-0.668,-0.68,0.0,0.0,-0.6787,0.0,-0.4985,0.778,1.0,0.0,0.0,0.0,-0.0643,0.0,0.0,0.0,-0.3127,0.2456,0.0,2.0,-1.0,-0.5,0.0,0.0,0.0,-0.2551
-0.6753,-0.6743,-0.6753,0.3062,-0.3604,-0.3784,0.1493,0.2659,-0.4863,-0.409,-0.2827,-2.205,0.7144,-0.2573,-1.0,0.0,0.4304,0.4,-0.5576,0.0,1.21,0.3677,-0.3396,-0.4426,-0.4666,-0.513,0.01035,-1.312,-0.539,-0.2612,0.26,-0.78,1.077,-0.6685,-0.68,0.0,0.0,-0.678,0.0,-0.507,0.225,0.0,0.0,0.0,0.0,-0.2411,0.0,-0.5,-0.5,0.3472,-0.3022,0.0,3.0,-1.0,-0.5,0.0,1.0,-3.463,-0.962
-0.6753,-0.675,-0.676,0.5293,-0.5874,-0.3784,-0.1263,0.319,-0.7734,-0.489,-0.281,0.991,0.5713,-0.2573,-1.0,-1.0,0.519,0.4844,-0.6025,0.0,1.212,0.384,-0.3374,-0.4224,-0.762,-0.506,0.03976,-0.536,-0.566,-1.312,-0.5176,0.79,-0.2644,-0.67,-0.68,0.0,0.0,-0.6777,0.0,-0.5103,0.06683,0.0,0.0,0.0,0.0,-0.1,-1.0,-0.5,-0.5,0.531,-0.555,0.0,4.0,-1.0,-0.5,0.0,0.0,0.0,-0.4077
-0.6753,-0.6743,-0.676,-0.2158,0.1667,-0.3784,-0.1263,0.3835,-0.04108,-0.2615,-0.2786,-1.077,0.5713,-0.2476,0.0,0.0,0.2905,0.2278,-0.4685,0.0,1.215,0.6904,-0.3457,-0.4058,-0.04468,-0.4968,-0.01906,1.624,-0.581,-0.536,-0.261,0.26,0.2656,-0.67,-0.6797,0.0,0.0,-0.6772,0.0,-0.5005,0.1836,0.0,0.0,0.0,0.0,0.3918,-1.0,-0.5,-0.5,-0.0899,0.2766,1.0,0.0,-1.0,-0.5,0.0,0.0,0.0,1.613
-0.675,-0.6743,-0.6753,-0.0678,0.01588,-0.3784,-0.1263,0.426,-0.2075,-0.3044,-0.2766,-2.322,0.4285,-0.2377,-1.0,0.0,0.3376,0.27,-0.4907,0.0,1.217,0.6997,-0.364,-0.3955,-0.2053,-0.491,0.02718,-0.2634,-0.628,1.624,-1.312,-0.5176,-0.2644,-0.6704,-0.6797,0.0,0.0,-0.6763,0.0,-0.502,0.1122,0.0,0.0,0.0,0.0,-0.04456,-1.0,-0.5,-0.5,0.00876,0.0836,0.0,1.0,-1.0,-0.5,0.0,0.0,0.0,-0.1785
-0.6743,-0.6733,-0.675,-0.5044,0.4587,-0.5713,-0.1263,0.4146,0.2725,-0.1558,-0.275,-5.555,0.4285,-0.2278,0.0,0.0,0.1886,0.1126,-0.4016,0.0,1.22,-0.03714,-0.3835,-0.3904,0.2465,-0.4802,-0.1788,1.059,-0.6367,-0.2634,-0.536,-0.261,1.328,-0.6704,-0.679,0.0,0.0,-0.6753,0.0,-0.495,0.1122,0.0,0.0,0.0,0.0,0.2198,0.0,-0.5,-0.5,-0.3643,0.5615,1.0,0.0,-1.0,-0.5,0.0,0.0,0.0,0.885
-0.674,-0.673,-0.6743,-0.555,0.5107,-0.5713,-0.1263,0.435,0.3455,-0.1236,-0.2722,0.3494,0.4285,-0.2178,0.0,0.0,0.159,0.0771,-0.3792,0.0,1.223,-0.3916,-0.3967,-0.39,0.3223,-0.4712,-0.0527,0.26,-0.648,1.059,1.623,-1.311,-0.78,-0.6704,-0.6787,0.0,0.0,-0.675,0.0,-0.4937,0.237,0.0,0.0,0.0,0.0,0.05103,1.0,0.0,0.0,-0.414,0.6113,2.0,0.0,-1.0,-0.5,0.0,0.0,0.0,0.2019
-0.6724,-0.672,-0.673,-1.141,1.107,0.0795,-0.1263,0.4639,1.015,0.1,-0.2656,1.735,0.4285,-0.2079,0.0,0.0,-0.0504,-0.1525,-0.2454,0.0,1.225,1.279,-0.4133,-0.391,0.9863,-0.4536,-0.162,1.554,-0.6343,0.26,-0.2634,-0.536,0.79,-0.669,-0.6777,0.0,0.0,-0.674,0.0,-0.4834,0.4653,0.0,0.0,0.0,0.0,0.4153,2.0,0.0,0.0,-0.906,1.264,3.0,0.0,-1.0,-0.5,0.0,0.0,0.0,1.635
-0.6714,-0.6704,-0.672,-1.229,1.2,0.3425,-0.1263,0.443,1.138,0.1687,-0.257,0.2625,0.4285,-0.198,0.0,0.0,-0.11536,-0.2179,-0.2008,0.0,1.228,-0.08984,-0.432,-0.3943,1.1045,-0.4302,-0.1746,0.505,-0.6196,1.554,1.059,1.623,0.2598,-0.6665,-0.677,0.0,0.0,-0.6724,0.0,-0.48,0.6113,0.0,0.0,0.0,0.0,0.1427,2.0,0.0,0.5,-1.033,1.308,4.0,0.0,-0.5,-0.5,0.0,0.0,0.0,0.548
-0.67,-0.6694,-0.6704,-0.992,0.9624,0.3425,-0.1263,0.393,0.9336,0.12244,-0.253,-0.03543,0.4285,-0.1881,0.0,0.0,-0.07745,-0.1678,-0.2231,0.0,1.2295,0.254,-0.4448,-0.4,0.8506,-0.408,-0.0569,-0.2502,-0.605,0.505,0.26,-0.2634,-0.5176,-0.6636,-0.676,0.0,0.0,-0.6714,0.0,-0.4817,0.3357,0.0,0.0,0.0,0.0,-0.0823,2.0,0.0,0.0,-0.8384,1.042,0.0,1.0,-0.5,-0.5,0.0,0.0,0.0,-0.313
-0.669,-0.6685,-0.6694,-0.8843,0.854,0.3425,-0.1263,0.363,0.83,0.1147,-0.2466,0.03467,0.4285,-0.1782,0.0,0.0,-0.073,-0.1573,-0.2231,0.0,1.232,0.254,-0.4524,-0.409,0.767,-0.393,0.02296,0.0,-0.5967,-0.2502,1.553,1.058,-0.261,-0.662,-0.6753,0.0,0.0,-0.671,0.0,-0.482,0.569,0.0,0.0,0.0,0.0,0.0,1.0,0.0,0.0,-0.778,0.8906,0.0,0.0,-0.5,-0.5,0.0,0.0,0.0,0.0
-0.6685,-0.6675,-0.669,-0.6797,0.646,0.3425,-0.1263,0.1917,0.6377,0.0683,-0.2434,-0.0804,0.4285,-0.1683,0.0,0.0,-0.0454,-0.095,-0.2454,0.0,1.234,-0.0785,-0.4546,-0.418,0.5767,-0.3816,0.2751,-0.2512,-0.5874,0.0,0.5044,0.26,-1.311,-0.66,-0.6743,0.0,0.0,-0.67,0.0,-0.4836,0.339,0.0,0.0,0.0,0.0,-0.04227,0.0,0.0,-0.5,-0.5854,0.6855,0.0,1.0,-0.5,-0.5,0.0,0.0,0.0,-0.1615
-0.6685,-0.6675,-0.6685,-0.04828,0.00839,0.3425,-0.1263,0.3936,-0.00634,-0.1305,-0.2445,-0.7954,0.4285,-0.1584,0.0,0.0,0.162,0.0882,-0.357,0.0,1.237,1.685,-0.4563,-0.4243,-0.0742,-0.377,0.418,-1.262,-0.5923,-0.2512,-0.2502,1.553,-0.536,-0.6597,-0.6733,0.0,0.0,-0.67,0.0,-0.4922,-0.0767,0.0,0.0,0.0,0.0,-0.222,-1.0,0.0,-1.0,0.0503,0.10156,0.0,2.0,-0.5,-0.5,0.0,0.0,0.0,-0.852
-0.668,-0.667,-0.6685,-0.2542,0.218,0.3425,-0.1263,0.4956,0.2017,-0.0618,-0.2428,2.24,0.4285,-0.1486,0.0,0.0,0.10474,0.007473,-0.3123,0.0,1.24,0.9707,-0.4578,-0.435,0.1492,-0.372,0.2122,0.5156,-0.5938,-1.262,0.0,0.5044,1.623,-0.659,-0.673,0.0,0.0,-0.6694,0.0,-0.4888,0.1661,0.0,0.0,0.0,0.0,0.1526,-1.0,0.0,-0.5,-0.1323,0.3206,1.0,0.0,-0.5,-0.5,0.0,0.0,0.0,0.598
-0.667,-0.666,-0.6675,-0.6533,0.6245,0.3425,-0.1263,0.664,0.6157,0.0816,-0.2377,1.577,0.4285,-0.1387,0.0,0.0,-0.01548,-0.1534,-0.2231,0.0,1.242,2.283,-0.4502,-0.4458,0.517,-0.3484,0.2834,1.022,-0.591,0.5156,-0.2512,-0.2502,-0.2634,-0.659,-0.672,0.0,0.0,-0.6685,0.0,-0.4822,0.4243,0.0,0.0,0.0,0.0,0.4258,0.0,0.5,0.0,-0.526,0.7026,2.0,0.0,-0.5,-0.5,0.0,0.0,0.0,1.655
-0.666,-0.665,-0.6665,-1.106,1.083,0.3425,-0.1263,0.668,1.06,0.2607,-0.2256,0.809,0.5713,-0.1287,0.0,0.0,-0.1782,-0.3284,-0.1116,0.0,1.245,1.544,-0.4368,-0.4512,0.97,-0.3184,0.1659,1.257,-0.5635,1.022,-1.262,0.0,1.058,-0.6587,-0.671,0.0,0.0,-0.668,0.0,-0.4736,0.9863,1.0,0.0,0.0,0.0,0.391,1.0,0.5,0.5,-0.9175,1.192,3.0,0.0,-0.5,-0.5,0.0,0.0,0.0,1.494
-0.6646,-0.6636,-0.665,-1.297,1.274,0.424,-0.1263,0.6353,1.202,0.363,-0.2096,0.276,0.7144,-0.11884,0.0,0.0,-0.2715,-0.4219,-0.04462,0.0,1.247,0.1989,-0.4194,-0.4497,1.176,-0.2888,0.1785,0.7383,-0.533,1.257,0.5156,-0.2512,0.2598,-0.657,-0.67,0.0,0.0,-0.667,0.0,-0.4685,1.232,1.0,0.0,0.0,0.0,0.1403,2.0,0.5,1.0,-1.138,1.336,4.0,0.0,-0.5,-0.5,0.0,0.0,0.0,0.525
-0.664,-0.663,-0.6646,-0.4255,0.391,0.424,-0.1263,0.7427,0.2219,0.08636,-0.2029,-0.6733,0.7144,-0.1089,0.0,0.0,-0.01282,-0.1656,-0.2008,0.0,1.25,1.93,-0.4011,-0.4424,0.1787,-0.2642,-0.01066,-1.702,-0.5283,0.7383,1.022,-1.261,1.553,-0.657,-0.669,0.0,0.0,-0.6665,0.0,-0.4805,0.5044,0.0,0.0,0.0,0.0,-0.4167,2.0,0.0,0.5,-0.236,0.5537,0.0,1.0,-0.5,-0.5,0.0,0.0,0.0,-1.541
-0.663,-0.662,-0.6636,-0.7993,0.767,0.424,-0.1263,0.786,0.5645,0.2297,-0.1923,1.257,0.857,-0.099,0.0,0.0,-0.1399,-0.3098,-0.1116,0.0,1.253,1.544,-0.3882,-0.433,0.5747,-0.2468,-0.0863,1.001,-0.514,-1.702,1.256,0.515,0.5044,-0.6562,-0.668,0.0,0.0,-0.6655,0.0,-0.4739,0.7114,0.0,0.0,0.0,0.0,0.1946,2.0,0.0,1.0,-0.591,0.921,1.0,0.0,-0.5,-0.5,0.0,0.0,0.0,0.7407
-0.6616,-0.661,-0.662,-1.124,1.096,0.424,-0.1263,0.7407,0.9033,0.3726,-0.1818,0.69,0.857,-0.0891,0.0,0.0,-0.2705,-0.4407,-0.02231,0.0,1.255,0.1923,-0.3755,-0.4207,0.9277,-0.2222,-0.02747,0.9844,-0.4924,1.001,0.7383,1.021,-0.25,-0.654,-0.667,0.0,0.0,-0.6646,0.0,-0.467,0.7114,0.0,0.0,0.0,0.0,0.239,2.0,0.5,1.0,-0.8633,1.281,2.0,0.0,-0.5,-0.5,0.0,0.0,0.0,0.8945
-0.66,-0.6597,-0.6606,-1.306,1.282,0.424,-0.1263,0.7935,1.098,0.4775,-0.1694,0.353,0.857,-0.0792,0.0,0.0,-0.3562,-0.543,0.04462,0.0,1.258,0.4946,-0.3652,-0.4055,1.16,-0.1984,0.01035,0.7266,-0.4673,0.9844,-1.701,1.256,0.0,-0.6514,-0.666,0.0,0.0,-0.6636,0.0,-0.462,0.771,1.0,0.0,0.0,0.0,0.1573,2.0,1.0,1.0,-1.078,1.419,3.0,0.0,-0.5,-0.5,0.0,0.0,0.0,0.579
-0.6597,-0.6587,-0.66,-0.4453,0.4114,0.424,-0.1263,0.904,0.1898,0.205,-0.1666,-0.678,0.857,-0.06934,0.0,0.0,-0.10706,-0.2974,-0.1116,0.0,1.26,1.544,-0.358,-0.393,0.2302,-0.183,0.10284,-1.675,-0.489,0.7266,1.001,0.738,-0.2512,-0.651,-0.6655,0.0,0.0,-0.662,0.0,-0.4739,0.1434,0.0,0.0,0.0,0.0,-0.2773,1.0,1.0,0.5,-0.199,0.6343,0.0,1.0,-0.5,-0.5,0.0,0.0,0.0,-1.01
-0.659,-0.658,-0.6597,-0.6006,0.5693,0.424,0.3489,0.9385,0.3806,0.2732,-0.164,0.829,0.857,-0.05942,0.0,0.0,-0.1653,-0.3662,-0.06696,0.0,1.263,0.534,-0.3535,-0.385,0.4258,-0.1744,0.3381,0.4922,-0.5264,-1.675,0.9844,-1.701,-1.261,-0.6504,-0.6646,0.0,0.0,-0.661,0.0,-0.4705,0.1434,0.0,0.0,0.0,0.0,0.07935,2.0,1.5,0.5,-0.3357,0.801,1.0,0.0,-0.5,-0.5,0.0,0.0,0.0,0.2969
-0.658,-0.657,-0.6587,-0.841,0.814,0.424,0.3489,0.903,0.6567,0.379,-0.1584,0.754,0.857,-0.0495,0.0,0.0,-0.2615,-0.4622,0.0,0.0,1.266,0.1858,-0.3503,-0.38,0.73,-0.1638,0.3088,0.7324,-0.5356,0.4922,0.726,1.001,0.515,-0.65,-0.664,0.0,0.0,-0.6597,0.0,-0.4656,0.312,0.0,0.0,0.0,0.0,0.0982,2.0,1.5,1.0,-0.529,1.077,2.0,0.0,-0.5,-0.5,0.0,0.0,0.0,0.3645
-0.657,-0.6567,-0.6577,-0.54,0.51,0.424,0.3489,0.9556,0.3435,0.295,-0.1544,-0.3022,0.857,-0.0396,0.0,0.0,-0.183,-0.3884,-0.04462,0.0,1.268,0.526,-0.3499,-0.378,0.4143,-0.1498,0.1995,-0.4822,-0.5645,0.7324,-1.674,0.984,1.021,-0.649,-0.663,0.0,0.0,-0.6587,0.0,-0.469,0.2083,0.0,0.0,0.0,0.0,-0.07196,1.0,1.0,1.0,-0.2316,0.793,0.0,1.0,-0.5,-0.5,0.0,0.0,0.0,-0.264
-0.657,-0.6562,-0.6577,-0.04938,0.01228,0.424,0.3489,1.034,-0.1842,0.1361,-0.1526,-1.119,0.7144,-0.02971,-1.0,0.0,-0.03268,-0.2428,-0.1339,0.0,1.2705,0.226,-0.3552,-0.3794,-0.1055,-0.1422,0.02296,-0.9727,-0.588,-0.4822,0.4922,0.726,1.256,-0.649,-0.6626,0.0,0.0,-0.658,0.0,-0.4758,0.06683,0.0,0.0,0.0,0.0,-0.1638,0.0,0.5,1.0,0.2224,0.294,0.0,2.0,-0.5,-0.5,0.0,0.0,0.0,-0.606
-0.6567,-0.656,-0.657,-0.3555,0.3164,0.424,0.3489,0.8506,0.0656,0.2428,-0.1444,-3.822,0.7144,-0.0198,0.0,0.0,-0.1458,-0.3286,-0.06696,0.0,1.272,-0.1228,-0.3684,-0.3835,0.1824,-0.1285,-0.1073,0.741,-0.609,-0.9727,0.732,-1.674,0.738,-0.6494,-0.662,0.0,0.0,-0.657,0.0,-0.4707,0.4138,0.0,0.0,0.0,0.0,0.1504,1.0,0.5,1.5,-0.0546,0.606,1.0,0.0,-0.5,-0.5,0.0,0.0,0.0,0.5654
-0.6567,-0.656,-0.6567,-0.09766,0.0501,0.424,0.3489,0.786,-0.2524,0.1603,-0.1394,-1.787,0.5713,-0.0099,-1.0,0.0,-0.07697,-0.2426,-0.1116,0.0,1.275,-0.112,-0.3865,-0.386,-0.1887,-0.1033,0.1827,-0.4883,-0.614,0.741,-0.4822,0.492,-1.701,-0.6504,-0.6616,0.0,0.0,-0.6567,0.0,-0.474,0.2441,0.0,0.0,0.0,0.0,-0.1121,0.0,0.5,1.0,0.1671,0.3203,0.0,1.0,-0.5,-0.5,0.0,0.0,0.0,-0.4163
-0.6562,-0.6553,-0.6567,-0.291,0.2427,0.424,0.3489,0.5874,-0.0723,0.2285,-0.1359,-1.296,0.5713,0.0,0.0,0.0,-0.1565,-0.2898,-0.06696,0.0,1.277,0.2056,-0.4026,-0.3862,-0.05582,-0.083,0.03137,0.4922,-0.6133,-0.4883,-0.972,0.732,1.0,-0.6504,-0.661,0.0,0.0,-0.6567,0.0,-0.471,0.1709,0.0,0.0,0.0,0.0,0.1028,0.0,0.5,1.0,-0.05466,0.467,1.0,0.0,-0.5,-0.5,0.0,0.0,0.0,0.3845
-0.6562,-0.6553,-0.6562,-0.03708,-0.01529,0.424,0.3489,0.4321,-0.3123,0.1459,-0.1378,-6.0,0.4285,0.0099,-1.0,0.0,-0.0955,-0.1946,-0.1116,0.0,1.28,-0.7744,-0.4187,-0.3882,-0.3164,-0.0785,-0.1283,-0.4883,-0.6177,0.4922,0.741,-0.4822,0.984,-0.6504,-0.6606,0.0,0.0,-0.6562,0.0,-0.4744,-0.1375,0.0,0.0,0.0,0.0,-0.0824,0.0,0.0,0.5,0.1737,0.2009,0.0,1.0,-0.5,-0.5,0.0,0.0,0.0,-0.306
-0.6562,-0.6553,-0.6567,0.419,-0.4756,0.424,0.3489,0.503,-0.733,-0.01121,-0.1448,2.486,0.2856,0.0198,-1.0,0.0,0.0572,-0.04483,-0.2008,0.0,1.283,0.5835,-0.441,-0.3967,-0.7036,-0.0956,-0.2712,-0.9844,-0.62,-0.4883,-0.488,-0.972,0.726,-0.652,-0.66,0.0,0.0,-0.6562,0.0,-0.4812,-0.4585,0.0,0.0,0.0,0.0,-0.4163,0.0,-0.5,0.0,0.5674,-0.2917,0.0,2.0,-0.5,-0.5,0.0,0.0,0.0,-1.559
-0.6567,-0.656,-0.657,0.731,-0.7905,0.424,0.081,0.4136,-1.068,-0.1284,-0.1482,0.739,0.1428,0.02971,-1.0,0.0,0.1617,0.08417,-0.2678,0.0,1.285,0.2683,-0.465,-0.4102,-1.016,-0.10443,-0.02327,-0.7505,-0.6167,-0.9844,0.4922,0.741,-1.674,-0.6533,-0.6597,0.0,0.0,-0.6562,0.0,-0.4863,-0.2874,0.0,0.0,0.0,0.0,-0.1315,-1.0,-0.5,0.0,0.8506,-0.614,0.0,3.0,-0.5,-0.5,0.0,0.0,0.0,-0.5005
-0.657,-0.6562,-0.657,0.336,-0.3904,0.424,0.081,0.2332,-0.6743,-0.02031,-0.1526,-0.3108,0.0,0.0396,-1.0,0.0,0.0417,-0.00975,-0.2008,0.0,1.288,-0.08984,-0.492,-0.4294,-0.6426,-0.1076,-0.1367,0.7603,-0.644,-0.7505,-0.488,-0.488,0.492,-0.654,-0.659,0.0,0.0,-0.656,0.0,-0.4814,-0.3418,0.0,0.0,0.0,0.0,0.1357,0.0,-0.5,0.0,0.4634,-0.2357,1.0,0.0,-0.5,-0.5,0.0,0.0,0.0,0.5234
-0.657,-0.6562,-0.6577,0.3167,-0.3706,0.424,0.081,0.2031,-0.6064,-0.02605,-0.1603,0.01025,-0.1428,0.0495,-1.0,0.0,0.04446,-0.001048,-0.2008,0.0,1.29,0.2468,-0.5166,-0.4563,-0.5845,-0.11896,-0.288,0.0,-0.6636,0.7603,-0.9844,0.492,0.732,-0.655,-0.6587,0.0,0.0,-0.656,0.0,-0.4814,-0.587,0.0,0.0,0.0,0.0,0.0,-1.0,-1.0,-0.5,0.4062,-0.2588,0.0,0.0,-0.5,-0.5,0.0,0.0,0.0,0.0
-0.6577,-0.6567,-0.658,0.751,-0.8105,0.424,0.081,0.241,-0.964,-0.1823,-0.1733,0.9404,-0.2856,0.05942,-1.0,0.0,0.199,0.1571,-0.29,0.0,1.293,0.6177,-0.535,-0.485,-0.9736,-0.1365,-0.2418,-1.001,-0.6514,0.0,-0.7505,-0.488,-0.482,-0.6562,-0.658,0.0,0.0,-0.656,0.0,-0.4883,-0.9595,0.0,0.0,0.0,0.0,-0.11237,-1.0,-1.0,-1.0,0.7783,-0.733,0.0,1.0,-0.5,-0.5,0.0,0.0,0.0,-0.4277
-0.6587,-0.658,-0.659,1.28,-1.343,0.424,0.0553,0.1653,-1.463,-0.3743,-0.1843,0.7876,-0.4285,0.06934,-1.0,0.0,0.3855,0.371,-0.4016,0.0,1.296,0.3127,-0.5464,-0.512,-1.483,-0.1544,-0.11993,-1.272,-0.609,-1.001,0.7603,-0.984,-0.9717,-0.6587,-0.658,0.0,0.0,-0.6567,0.0,-0.4968,-0.8867,0.0,0.0,0.0,0.0,-0.1779,-1.0,-1.0,-1.0,1.319,-1.211,0.0,2.0,-0.5,-0.5,0.0,0.0,0.0,-0.6885
-0.659,-0.6587,-0.6597,0.7026,-0.757,-0.003925,0.0553,0.22,-0.8823,-0.2284,-0.1941,-0.329,-0.5713,0.0792,-1.0,0.0,0.2428,0.2079,-0.3123,0.0,1.298,1.658,-0.548,-0.5347,-0.9194,-0.1708,-0.2964,1.04,-0.598,-1.272,0.0,-0.7505,0.741,-0.6597,-0.658,0.0,0.0,-0.657,0.0,-0.49,-0.74,0.0,0.0,0.0,0.0,0.1747,0.0,-1.0,-1.0,0.7866,-0.621,1.0,0.0,-0.5,-0.5,0.0,0.0,0.0,0.691
-0.6597,-0.6587,-0.66,0.3071,-0.358,-0.003925,0.0553,0.1614,-0.4214,-0.12146,-0.2041,-0.516,-0.7144,0.0891,-1.0,0.0,0.1324,0.1011,-0.2454,0.0,1.301,-0.0785,-0.539,-0.5522,-0.4888,-0.1841,-0.2585,0.7666,-0.5947,1.04,-1.001,0.76,-0.488,-0.66,-0.658,0.0,0.0,-0.657,0.0,-0.4849,-0.74,0.0,0.0,0.0,0.0,0.1138,0.0,-0.5,-1.0,0.4265,-0.2145,2.0,0.0,-0.5,-0.5,0.0,0.0,0.0,0.4421
-0.6597,-0.6587,-0.66,0.2898,-0.342,-0.003925,0.0553,0.1311,-0.3433,-0.1261,-0.2123,-0.1368,-0.857,0.099,-1.0,0.0,0.1343,0.1088,-0.2454,0.0,1.303,0.261,-0.522,-0.565,-0.4282,-0.1957,-0.368,0.0,-0.5913,0.7666,-1.272,0.0,0.492,-0.66,-0.658,0.0,0.0,-0.6577,0.0,-0.4849,-0.6562,0.0,0.0,0.0,0.0,0.0,0.0,-1.0,-1.0,0.3584,-0.2554,0.0,0.0,-0.5,-0.5,0.0,0.0,0.0,0.0
-0.66,-0.6597,-0.6606,0.8477,-0.9053,-0.003925,0.0553,0.27,-0.872,-0.317,-0.2208,2.686,-0.857,0.099,-1.0,0.0,0.3364,0.2983,-0.357,0.0,1.306,1.338,-0.502,-0.5684,-0.971,-0.2078,-0.3174,-1.262,-0.5825,0.0,1.04,-1.001,-0.488,-0.661,-0.658,0.0,0.0,-0.6587,0.0,-0.4934,-0.699,0.0,0.0,0.0,0.0,-0.2031,0.0,-1.0,-1.0,0.913,-0.779,0.0,1.0,-0.5,-0.5,0.0,0.0,0.0,-0.7793
-0.661,-0.66,-0.661,0.78,-0.8364,-0.4756,0.0553,0.3936,-0.76,-0.3208,-0.2318,-0.01918,-1.0,0.1089,-1.0,0.0,0.3513,0.2908,-0.357,0.0,1.308,1.338,-0.476,-0.561,-0.857,-0.23,-0.1956,0.0,-0.591,-1.262,0.7666,-1.271,-0.984,-0.662,-0.6587,0.0,0.0,-0.6597,0.0,-0.4937,-0.9272,0.0,0.0,0.0,0.0,0.0,0.0,-1.0,-1.5,0.8228,-0.7393,0.0,0.0,-0.5,-0.5,0.0,0.0,0.0,0.0
-0.6606,-0.6597,-0.661,-0.0718,0.02615,-0.4756,0.0553,0.503,0.1414,-0.0636,-0.2363,-1.39,-0.857,0.11884,0.0,0.0,0.1072,0.00863,-0.2008,0.0,1.311,1.594,-0.4563,-0.5483,0.06073,-0.2421,-0.09894,1.805,-0.594,0.0,0.0,1.04,-0.7505,-0.6616,-0.6587,0.0,0.0,-0.6597,0.0,-0.4817,-0.3516,0.0,0.0,0.0,0.0,0.434,0.0,-0.5,-1.0,0.0828,0.1785,1.0,0.0,-0.5,-0.5,0.0,0.0,0.0,1.702
-0.6606,-0.6597,-0.661,-0.05362,0.004784,-0.4756,0.0553,0.443,0.195,-0.07007,-0.2428,0.3723,-0.857,0.1287,0.0,0.0,0.10803,0.021,-0.2008,0.0,1.313,-0.4265,-0.4465,-0.534,0.1236,-0.254,-0.2124,0.0,-0.602,1.805,-1.262,0.7666,0.76,-0.66,-0.658,0.0,0.0,-0.66,0.0,-0.4817,-0.4746,0.0,0.0,0.0,0.0,0.0,-1.0,-1.0,-1.5,0.0749,0.1301,0.0,0.0,-0.5,-0.5,0.0,0.0,0.0,0.0
-0.6606,-0.6597,-0.6606,-0.0367,-0.01408,-0.4756,0.0553,0.443,0.2308,-0.0759,-0.2474,0.2698,-0.7144,0.1387,0.0,0.0,0.11365,0.02702,-0.2008,0.0,1.315,-0.4265,-0.446,-0.5195,0.1638,-0.2612,-0.2124,0.0,-0.6235,0.0,0.0,0.0,0.0,-0.659,-0.658,0.0,0.0,-0.6606,0.0,-0.4817,-0.374,0.0,0.0,0.0,0.0,0.0,-1.0,-1.0,-1.5,0.03903,0.0552,0.0,0.0,-0.5,-0.5,0.0,0.0,0.0,0.0
-0.66,-0.659,-0.6606,-0.13,0.08026,-0.4756,0.0553,0.3433,0.346,-0.04477,-0.2484,0.5083,-0.5713,0.1486,0.0,0.0,0.0748,0.00464,-0.1785,0.0,1.318,-0.4307,-0.4448,-0.505,0.3433,-0.2717,-0.04428,0.2502,-0.6387,0.0,1.804,-1.261,-1.0,-0.6587,-0.658,0.0,0.0,-0.6606,0.0,-0.48,-0.0733,0.0,0.0,0.0,0.0,0.02684,0.0,-0.5,-1.0,-0.0756,0.11914,1.0,0.0,-0.5,-0.5,0.0,0.0,0.0,0.1022
-0.6606,-0.66,-0.661,0.798,-0.858,-0.4756,0.0553,0.5483,-0.6123,-0.3472,-0.2522,-2.137,-0.5713,0.1486,-1.0,0.0,0.3918,0.3047,-0.357,0.0,1.32,1.685,-0.4492,-0.493,-0.6265,-0.2742,0.1869,-1.993,-0.6333,0.2502,0.0,0.0,-1.271,-0.6597,-0.658,0.0,0.0,-0.6616,0.0,-0.4937,-0.3623,0.0,0.0,0.0,0.0,-0.2454,0.0,-0.5,-1.0,0.868,-0.7295,0.0,1.0,-0.5,-0.5,0.0,0.0,0.0,-0.93
-0.663,-0.662,-0.6636,2.701,-2.545,-0.4756,-2.053,1.251,-2.36,-0.9824,-0.2705,4.37,-0.5713,0.1387,-1.0,-1.0,1.156,0.9873,-0.7363,0.0,1.323,3.135,-0.4177,-0.46,-2.086,-0.366,0.02718,-2.514,-0.5386,-1.993,0.0,1.804,1.039,-0.6626,-0.6597,0.0,0.0,-0.663,0.0,-0.523,-1.136,0.0,1.0,0.0,0.0,-2.285,-1.0,-1.0,-1.5,2.75,-2.195,0.0,2.0,-0.5,-0.5,0.0,1.0,-3.82,-5.477
-0.665,-0.664,-0.6655,2.094,-2.145,-0.4756,-2.053,1.289,-1.861,-0.8325,-0.286,-0.1609,-0.5713,0.1287,-1.0,-1.0,0.9844,0.7964,-0.647,0.0,1.326,0.4006,-0.3696,-0.4211,-1.461,-0.4233,-0.1788,1.112,-0.4993,-2.514,0.2502,0.0,0.766,-0.6646,-0.66,0.0,0.0,-0.6646,0.0,-0.516,-0.9126,0.0,0.0,0.0,0.0,0.531,0.0,-1.0,-1.0,2.334,-1.731,1.0,0.0,-0.5,-0.5,0.0,0.0,0.0,2.244
-0.666,-0.665,-0.6665,1.529,-1.57,-0.4104,-2.053,1.245,-1.371,-0.7217,-0.2961,-0.1648,-0.5713,0.11884,-1.0,-1.0,0.855,0.6665,-0.58,0.0,1.328,0.0133,-0.3333,-0.3928,-0.9956,-0.4395,-0.2544,0.8193,-0.4917,1.112,-1.993,0.0,0.0,-0.667,-0.661,0.0,0.0,-0.6655,0.0,-0.5107,-0.65,0.0,0.0,0.0,0.0,0.1484,1.0,-0.5,-0.5,1.769,-1.2,2.0,0.0,-0.5,-0.5,0.0,0.0,0.0,0.6167
-0.667,-0.666,-0.6675,1.397,-1.436,-0.4104,-2.053,1.18,-1.302,-0.722,-0.3025,0.0824,-0.5713,0.1089,-1.0,-1.0,0.8496,0.6733,-0.58,0.0,1.331,-0.349,-0.3064,-0.3728,-0.927,-0.4524,-0.1073,0.0,-0.4858,0.8193,-2.514,0.2502,-1.261,-0.67,-0.662,0.0,0.0,-0.667,0.0,-0.5107,-0.4832,0.0,0.0,0.0,0.0,0.0,0.0,-0.5,-0.5,1.59,-1.129,0.0,0.0,-0.5,-0.5,0.0,0.0,0.0,0.0
-0.6685,-0.6675,-0.669,1.403,-1.441,-0.4104,-2.053,1.032,-1.315,-0.7603,-0.3125,0.1558,-0.5713,0.099,-1.0,-1.0,0.879,0.733,-0.6025,0.0,1.333,0.01984,-0.2866,-0.3557,-0.983,-0.4653,-0.1494,-0.2693,-0.4724,0.0,1.112,-1.993,0.0,-0.6724,-0.663,0.0,0.0,-0.668,0.0,-0.5127,-0.734,0.0,0.0,0.0,0.0,-0.03412,0.0,-0.5,-1.0,1.569,-1.162,0.0,1.0,-0.5,-0.5,0.0,0.0,0.0,-0.1399
-0.6694,-0.6685,-0.67,1.284,-1.32,-0.4104,-2.053,1.032,-1.175,-0.7603,-0.3247,0.01483,-0.5713,0.0891,-1.0,-1.0,0.879,0.733,-0.6025,0.0,1.336,0.01985,-0.272,-0.3413,-0.884,-0.484,-0.4897,0.0,-0.4583,-0.2693,0.819,-2.514,1.804,-0.6753,-0.664,0.0,0.0,-0.6685,0.0,-0.5127,-0.919,0.0,0.0,0.0,0.0,0.0,0.0,-1.0,-1.5,1.459,-1.041,0.0,0.0,-0.5,-0.5,0.0,0.0,0.0,0.0
-0.67,-0.669,-0.6704,0.929,-0.962,-0.4104,-2.053,0.973,-0.7944,-0.687,-0.336,-0.251,-0.5713,0.0792,-1.0,-1.0,0.7915,0.651,-0.5576,0.0,1.339,0.006783,-0.2642,-0.3318,-0.5474,-0.4985,-0.5654,0.541,-0.4592,0.0,0.0,1.112,0.0,-0.677,-0.6646,0.0,0.0,-0.6694,0.0,-0.5093,-0.793,0.0,0.0,0.0,0.0,0.06573,0.0,-0.5,-1.0,1.081,-0.735,1.0,0.0,-0.5,-0.5,0.0,0.0,0.0,0.2705
-0.6704,-0.6694,-0.671,0.7324,-0.765,-0.4104,-2.053,0.8,-0.5938,-0.651,-0.3425,-0.1812,-0.5713,0.06934,-1.0,-1.0,0.7363,0.625,-0.5356,0.0,1.341,-0.359,-0.2634,-0.3257,-0.3499,-0.511,-0.633,0.268,-0.466,0.541,-0.2693,0.819,0.0,-0.6753,-0.6655,0.0,0.0,-0.6704,0.0,-0.5073,-0.546,0.0,0.0,0.0,0.0,0.03702,0.0,0.0,-0.5,0.911,-0.5244,2.0,0.0,-0.5,-0.5,0.0,0.0,0.0,0.151
-0.6714,-0.6704,-0.672,0.9185,-0.955,-0.4104,-2.053,0.696,-0.761,-0.727,-0.3503,0.5273,-0.5713,0.05942,-1.0,-1.0,0.8115,0.725,-0.58,0.0,1.344,0.01328,-0.2632,-0.32,-0.4941,-0.5312,-0.738,-0.534,-0.4626,0.268,0.0,0.0,0.25,-0.675,-0.6665,0.0,0.0,-0.671,0.0,-0.5107,-0.626,0.0,0.0,0.0,0.0,-0.08234,0.0,-0.5,-0.5,1.02,-0.784,0.0,1.0,-0.5,-0.5,0.0,0.0,0.0,-0.3342
-0.6714,-0.6704,-0.672,0.1293,-0.1609,-0.4104,-2.053,0.5303,0.11646,-0.5054,-0.3596,-1.347,-0.5713,0.0495,0.0,-1.0,0.5557,0.483,-0.4463,0.0,1.346,0.681,-0.2659,-0.314,0.4175,-0.5557,-0.4773,1.616,-0.4626,-0.534,0.541,-0.2693,-1.992,-0.6743,-0.667,0.0,0.0,-0.6714,0.0,-0.501,-0.687,0.0,0.0,0.0,0.0,0.246,1.0,0.0,-0.5,0.3562,0.0855,1.0,0.0,-0.5,-0.5,0.0,0.0,0.0,1.008
-0.672,-0.671,-0.6724,0.843,-0.8853,-0.4104,-2.053,0.728,-0.5063,-0.732,-0.3733,-2.807,-0.7144,0.0495,-1.0,-1.0,0.82,0.7275,-0.58,0.0,1.349,0.5117,-0.2756,-0.3093,-0.2676,-0.572,0.2205,-1.574,-0.4607,1.616,0.268,0.0,-2.514,-0.6743,-0.668,0.0,0.0,-0.672,0.0,-0.511,-0.8867,0.0,0.0,0.0,0.0,-0.1805,1.0,0.0,-0.5,1.121,-0.527,0.0,1.0,-0.5,-0.5,0.0,0.0,0.0,-0.72
-0.6724,-0.6714,-0.6724,0.5327,-0.575,-0.4104,-2.053,0.8,-0.1058,-0.6587,-0.3853,-0.98,-0.7144,0.0396,0.0,-1.0,0.745,0.6343,-0.5356,0.0,1.351,0.7188,-0.2974,-0.3079,0.06775,-0.585,0.0818,0.5386,-0.4705,-1.574,-0.5337,0.541,1.112,-0.674,-0.6685,0.0,0.0,-0.6724,0.0,-0.508,-0.7734,0.0,0.0,0.0,0.0,0.0588,1.0,0.0,0.0,0.843,-0.207,1.0,0.0,-0.5,-0.5,0.0,0.0,0.0,0.2408
-0.6724,-0.6714,-0.673,0.4902,-0.5425,-0.4104,-2.053,0.8315,0.04477,-0.6606,-0.3982,14.88,-0.7144,0.02971,0.0,-1.0,0.75,0.6333,-0.5356,0.0,1.354,0.000352,-0.3315,-0.3096,0.1456,-0.5986,-0.02327,0.0,-0.4834,0.5386,1.616,0.268,0.819,-0.6733,-0.6694,0.0,0.0,-0.6733,0.0,-0.508,-0.829,0.0,0.0,0.0,0.0,0.0,0.0,-0.5,-0.5,0.696,-0.2908,0.0,0.0,-0.5,-0.5,0.0,0.0,0.0,0.0
-0.673,-0.672,-0.673,0.3352,-0.3904,-0.4104,-2.053,0.6597,0.243,-0.626,-0.4043,1.503,-0.5713,0.02971,0.0,-1.0,0.697,0.6094,-0.513,0.0,1.356,0.3516,-0.3933,-0.3154,0.3232,-0.607,-0.01486,0.267,-0.487,0.0,-1.573,-0.5337,0.0,-0.673,-0.67,0.0,0.0,-0.674,0.0,-0.506,-0.487,0.0,0.0,0.0,0.0,0.02718,1.0,0.0,0.0,0.3289,-0.3816,1.0,0.0,-0.5,-0.5,0.0,0.0,0.0,0.11035
-0.673,-0.672,-0.6733,0.3132,-0.3735,-0.4104,-2.053,0.1183,0.148,-0.628,-0.3972,-0.1482,-0.4285,0.0198,0.0,-1.0,0.65,0.663,-0.513,0.0,1.358,-0.721,-0.4277,-0.3281,0.2036,-0.586,0.03976,0.0,-0.4917,0.267,0.5386,1.615,-0.2693,-0.673,-0.6704,0.0,0.0,-0.674,0.0,-0.506,0.665,0.0,0.0,0.0,0.0,0.0,0.0,0.0,0.0,0.2554,-0.4224,0.0,0.0,-0.5,-0.5,0.0,0.0,0.0,0.0
-0.6724,-0.6714,-0.673,-0.281,0.2297,-0.4104,-2.053,0.103,0.6997,-0.4434,-0.3894,2.441,-0.2856,0.0198,0.0,0.0,0.4517,0.4539,-0.4016,0.0,1.361,1.712,-0.4502,-0.3486,0.706,-0.5605,0.05658,1.329,-0.5176,0.0,0.0,-1.573,0.0,-0.6714,-0.671,0.0,0.0,-0.6743,0.0,-0.4976,0.715,0.0,0.0,0.0,0.0,0.2252,1.0,0.5,0.0,-0.2778,0.201,1.0,0.0,-0.5,-0.5,0.0,0.0,0.0,0.91
-0.673,-0.672,-0.6733,0.575,-0.637,-0.4104,-2.053,0.2017,-0.2274,-0.704,-0.3884,-1.105,-0.2856,0.0099,-1.0,-1.0,0.7417,0.745,-0.5576,0.0,1.363,0.7285,-0.4734,-0.374,-0.2329,-0.555,0.01035,-1.82,-0.5503,1.329,0.2668,0.5386,0.541,-0.6724,-0.6714,0.0,0.0,-0.6753,0.0,-0.5093,-0.0694,0.0,0.0,0.0,0.0,-0.3843,0.0,0.0,-0.5,0.6274,-0.546,0.0,1.0,-0.5,-1.0,0.0,0.0,0.0,-1.52
-0.6733,-0.6724,-0.674,0.7754,-0.84,-0.4104,-2.053,0.2542,-0.4802,-0.779,-0.3892,2.611,-0.2856,0.0,-1.0,-1.0,0.83,0.8296,-0.6025,0.0,1.366,0.01985,-0.4978,-0.406,-0.5054,-0.5527,-0.03168,-0.536,-0.592,-1.82,0.0,0.0,0.268,-0.6724,-0.672,0.0,0.0,-0.6763,0.0,-0.5127,-0.2017,0.0,0.0,0.0,0.0,-0.0628,0.0,-0.5,-0.5,0.8315,-0.7285,0.0,2.0,-0.5,-1.0,0.0,0.0,0.0,-0.256
-0.674,-0.6733,-0.6743,0.837,-0.9014,-0.4104,-2.053,0.2319,-0.602,-0.8154,-0.3896,0.5093,-0.2856,-0.0099,-1.0,-1.0,0.8696,0.8765,-0.6245,0.0,1.369,-0.3394,-0.523,-0.4448,-0.6187,-0.5557,0.03976,-0.2705,-0.6597,-0.536,1.329,0.2668,-0.5337,-0.673,-0.6724,0.0,0.0,-0.6777,0.0,-0.5146,-0.2017,0.0,0.0,0.0,0.0,-0.03287,-1.0,-0.5,-0.5,0.9053,-0.7725,0.0,3.0,-0.5,-1.0,0.0,0.0,0.0,-0.1353
-0.675,-0.674,-0.6753,1.145,-1.211,-0.4104,-2.053,0.329,-0.959,-0.9243,-0.392,0.947,-0.2856,-0.0198,-1.0,-1.0,1.005,1.002,-0.6914,0.0,1.371,0.788,-0.5444,-0.4988,-0.984,-0.56,-0.2208,-0.8154,-0.6772,-0.2705,-1.819,0.0,1.615,-0.6743,-0.673,0.0,0.0,-0.678,0.0,-0.5195,-0.374,0.0,0.0,0.0,0.0,-0.1292,-1.0,-1.0,-0.5,1.211,-1.06,0.0,4.0,-0.5,-0.5,0.0,0.0,0.0,-0.5337
-0.6753,-0.6743,-0.676,0.676,-0.736,-0.4104,-0.5454,0.2644,-0.5376,-0.812,-0.3943,-0.4048,-0.2856,-0.02971,-1.0,-1.0,0.869,0.8696,-0.6245,0.0,1.374,-0.3394,-0.564,-0.5283,-0.5645,-0.5654,-0.01486,0.8267,-0.6963,-0.8154,-0.536,1.328,-1.573,-0.675,-0.6733,0.0,0.0,-0.678,0.0,-0.5146,-0.3103,0.0,0.0,0.0,0.0,0.10333,-1.0,-0.5,-0.5,0.797,-0.562,1.0,0.0,-0.5,-0.5,0.0,0.0,0.0,0.433
-0.675,-0.674,-0.6753,-0.3186,0.273,0.1471,-0.5454,0.373,0.4756,-0.5146,-0.3914,-2.488,-0.1428,-0.0396,0.0,-1.0,0.551,0.5083,-0.4463,0.0,1.376,1.739,-0.5825,-0.5454,0.4553,-0.562,-0.1073,2.174,-0.692,0.8267,-0.2705,-1.819,0.5386,-0.6743,-0.674,0.0,0.0,-0.6777,0.0,-0.501,0.05792,0.0,0.0,0.0,0.0,0.365,0.0,-0.5,-0.5,-0.065,0.5137,2.0,0.0,-0.5,-0.5,0.0,0.0,0.0,1.509
-0.675,-0.674,-0.6753,-0.1609,0.11383,0.1471,-0.5454,0.4468,0.2966,-0.5527,-0.3877,-0.1891,0.0,-0.0495,0.0,-1.0,0.598,0.5444,-0.4685,0.0,1.379,0.6904,-0.5903,-0.562,0.271,-0.5527,-0.0905,-0.2622,-0.687,2.174,-0.8154,-0.536,0.0,-0.675,-0.6743,0.0,0.0,-0.6772,0.0,-0.503,0.1122,0.0,0.0,0.0,0.0,-0.06027,0.0,-0.5,-0.5,0.01511,0.2825,0.0,1.0,-0.5,-0.5,0.0,0.0,0.0,-0.2405
-0.6743,-0.6733,-0.675,-0.361,0.3164,0.1471,-0.5454,0.3313,0.5493,-0.4797,-0.3875,0.8154,0.0,-0.05942,0.0,-1.0,0.5103,0.473,-0.4238,0.0,1.381,-0.03104,-0.5894,-0.5786,0.5234,-0.5513,-0.11993,0.527,-0.677,-0.2622,0.8267,-0.2705,0.2668,-0.674,-0.6743,0.0,0.0,-0.677,0.0,-0.4993,-0.0827,0.0,0.0,0.0,0.0,0.06226,1.0,-0.5,-0.5,-0.2303,0.4204,1.0,0.0,-0.5,-0.5,0.0,0.0,0.0,0.2494
-0.6733,-0.673,-0.674,-0.649,0.6094,0.1471,-0.5454,0.2393,0.8457,-0.3694,-0.3804,0.6323,0.1428,-0.05942,0.0,0.0,0.3872,0.3586,-0.357,0.0,1.384,0.2976,-0.582,-0.594,0.812,-0.534,-0.10315,0.7837,-0.658,0.527,2.174,-0.8154,0.0,-0.6724,-0.6743,0.0,0.0,-0.6763,0.0,-0.4941,0.4539,0.0,0.0,0.0,0.0,0.1449,2.0,0.0,0.0,-0.4912,0.72,2.0,0.0,-0.5,-0.5,0.0,0.0,0.0,0.575
-0.672,-0.671,-0.6724,-1.631,1.613,0.6094,-0.5454,0.3237,1.907,0.000708,-0.3674,1.429,0.1428,-0.05942,0.0,0.0,0.02988,-0.03973,-0.1339,0.0,1.387,2.22,-0.54,-0.5894,1.719,-0.4702,-0.284,2.549,-0.584,0.7837,-0.2622,0.8267,1.328,-0.669,-0.6743,0.0,0.0,-0.6753,0.0,-0.4773,0.7417,0.0,0.0,0.0,0.0,1.105,2.0,0.0,0.0,-1.3,1.837,3.0,0.0,-0.5,-0.5,0.0,0.0,0.0,4.332
-0.6694,-0.6685,-0.67,-1.631,1.803,1.511,-0.5454,0.3442,1.907,0.2576,-0.3494,0.4875,0.1428,-0.05942,0.0,0.0,-0.2043,-0.2942,0.02231,0.0,1.389,0.5024,-0.468,-0.551,1.872,-0.396,0.0608,1.7295,-0.4866,2.549,0.527,2.174,-1.819,-0.6636,-0.674,0.0,0.0,-0.674,0.0,-0.4653,0.9224,1.0,0.0,0.0,0.0,0.766,2.0,0.5,0.5,-1.384,2.045,4.0,0.0,-0.5,-0.5,0.0,0.0,0.0,2.879
-0.668,-0.667,-0.669,-1.2295,1.223,1.511,-0.5454,0.5605,1.56,-0.005566,-0.337,-0.284,0.1428,-0.05942,0.0,0.0,0.057,-0.05606,-0.1339,0.0,1.392,0.891,-0.4153,-0.5107,1.13,-0.3687,0.2542,-1.682,-0.4536,1.7295,0.783,-0.2622,-0.536,-0.66,-0.674,0.0,0.0,-0.673,0.0,-0.4775,0.51,0.0,0.0,0.0,0.0,-0.4482,2.0,0.5,0.0,-0.765,1.622,0.0,1.0,-0.5,-0.5,0.0,0.0,0.0,-1.638
-0.667,-0.666,-0.6675,-1.098,1.091,1.511,-0.5454,0.5903,1.396,-0.00792,-0.3245,0.03583,0.1428,-0.05942,0.0,0.0,0.0619,-0.05652,-0.1339,0.0,1.394,-0.439,-0.3706,-0.4744,1.029,-0.3508,0.3845,0.0,-0.431,-1.682,2.547,0.527,-0.2705,-0.658,-0.674,0.0,0.0,-0.672,0.0,-0.4775,0.51,0.0,0.0,0.0,0.0,0.0,1.0,0.5,0.0,-0.708,1.419,0.0,0.0,-0.5,-0.5,0.0,0.0,0.0,0.0
-0.6655,-0.6646,-0.666,-1.187,1.181,1.511,-0.5454,0.422,1.517,0.0626,-0.315,0.2303,0.1428,-0.05942,0.0,0.0,-0.01949,-0.1113,-0.08923,0.0,1.396,-0.11743,-0.3293,-0.4414,1.172,-0.3323,0.603,0.4941,-0.4006,0.0,1.7295,0.783,-0.815,-0.6553,-0.6733,0.0,0.0,-0.671,0.0,-0.474,0.4243,0.0,0.0,0.0,0.0,0.07654,1.0,1.0,0.0,-0.8604,1.433,1.0,0.0,-0.5,-0.5,0.0,0.0,0.0,0.2878
-0.665,-0.664,-0.6655,-0.7456,0.7344,1.511,-0.5454,0.3928,0.967,-0.05258,-0.302,-0.2267,0.2856,-0.05942,0.0,0.0,0.08673,0.00786,-0.1561,0.0,1.399,0.2329,-0.2922,-0.4116,0.677,-0.31,0.5903,-0.7354,-0.3923,0.4941,-1.681,2.547,0.826,-0.654,-0.6724,0.0,0.0,-0.67,0.0,-0.4792,0.64,0.0,0.0,0.0,0.0,-0.0782,0.0,0.5,0.0,-0.43,1.01,0.0,1.0,-0.5,-0.5,0.0,0.0,0.0,-0.2915
-0.664,-0.663,-0.6646,-0.872,0.861,1.511,-0.5454,0.3435,1.014,0.01814,-0.2861,0.1901,0.4285,-0.05942,0.0,0.0,0.015205,-0.05923,-0.1116,0.0,1.401,-0.443,-0.2607,-0.3853,0.811,-0.2898,0.3423,0.4963,-0.3792,-0.7354,0.0,1.7295,2.174,-0.652,-0.6714,0.0,0.0,-0.6685,0.0,-0.4758,0.8135,1.0,0.0,0.0,0.0,0.068,0.0,0.5,0.5,-0.539,1.145,1.0,0.0,-0.5,-0.5,0.0,0.0,0.0,0.2566
-0.663,-0.662,-0.6636,-0.7764,0.761,1.511,-0.5454,0.3435,0.801,0.01421,-0.2698,-0.0635,0.5713,-0.05942,0.0,0.0,0.0189,-0.05527,-0.1116,0.0,1.404,-0.443,-0.2347,-0.3625,0.6743,-0.2651,0.4475,0.0,-0.3708,0.4963,0.4941,-1.681,-0.2622,-0.652,-0.6704,0.0,0.0,-0.6675,0.0,-0.4758,0.876,1.0,0.0,0.0,0.0,0.0,0.0,0.5,0.5,-0.4878,1.005,0.0,0.0,-0.5,-0.5,0.0,0.0,0.0,0.0
-0.6616,-0.6606,-0.662,-1.003,0.9854,1.511,-0.5454,0.2566,0.907,0.1218,-0.2485,0.2708,0.7144,-0.05942,0.0,0.0,-0.0891,-0.1542,-0.04462,0.0,1.406,-0.1282,-0.2118,-0.3403,0.8447,-0.2294,0.4307,0.7383,-0.3567,0.0,-0.7354,0.0,0.527,-0.6523,-0.67,0.0,0.0,-0.6665,0.0,-0.4707,1.141,1.0,0.0,0.0,0.0,0.1113,1.0,0.5,1.0,-0.7036,1.223,1.0,0.0,-0.5,-0.5,0.0,0.0,0.0,0.4167
-0.661,-0.66,-0.6616,-0.5835,0.555,1.511,-0.5454,0.3435,0.3313,0.00775,-0.2317,-0.4749,0.857,-0.05942,0.0,0.0,0.025,-0.04877,-0.1116,0.0,1.409,-0.112,-0.1987,-0.3171,0.332,-0.202,0.376,-0.7295,-0.3552,0.7383,0.496,0.4941,0.783,-0.652,-0.669,0.0,0.0,-0.6655,0.0,-0.476,0.876,1.0,0.0,0.0,0.0,-0.1213,0.0,0.0,0.5,-0.368,0.7344,0.0,1.0,-0.5,-0.5,0.0,0.0,0.0,-0.4482
-0.6606,-0.6597,-0.661,-0.3032,0.2668,1.511,-0.5454,0.2443,-0.02792,-0.0681,-0.2222,-0.7397,0.857,-0.05942,0.0,0.0,0.0883,0.03802,-0.1561,0.0,1.411,0.2328,-0.1969,-0.2935,-0.02844,-0.1797,0.00195,-0.4922,-0.3523,-0.7295,0.0,-0.735,2.547,-0.6523,-0.668,0.0,0.0,-0.665,0.0,-0.4795,0.5117,0.0,0.0,0.0,0.0,-0.06256,0.0,-0.5,0.0,-0.08765,0.4675,0.0,2.0,-0.5,-0.5,0.0,0.0,0.0,-0.2341
-0.6606,-0.6597,-0.6606,-0.1553,0.11224,1.511,-0.5454,0.2238,-0.2627,-0.10706,-0.2126,-2.81,0.7144,-0.05942,-1.0,0.0,0.124,0.08014,-0.1785,0.0,1.414,0.2399,-0.2042,-0.272,-0.2798,-0.1548,-0.2964,-0.2482,-0.3667,-0.4922,0.7383,0.496,1.729,-0.653,-0.6675,0.0,0.0,-0.664,0.0,-0.4812,0.5117,0.0,0.0,0.0,0.0,-0.04092,-1.0,-1.0,0.0,0.04144,0.304,0.0,3.0,-0.5,-0.5,0.0,0.0,0.0,-0.1544
-0.66,-0.659,-0.6606,-0.02092,-0.02913,1.511,-0.5454,0.1732,-0.4702,-0.1449,-0.2052,1.684,0.5713,-0.05942,-1.0,0.0,0.1564,0.1244,-0.2008,0.0,1.417,-0.763,-0.233,-0.2559,-0.4631,-0.1426,-0.04007,-0.2491,-0.3928,-0.2482,-0.729,0.0,-1.681,-0.6533,-0.667,0.0,0.0,-0.663,0.0,-0.483,0.3733,0.0,0.0,0.0,0.0,-0.01976,-1.0,-1.0,-0.5,0.1449,0.1394,0.0,4.0,-0.5,-0.5,0.0,0.0,0.0,-0.0749
-0.66,-0.6597,-0.6606,0.2136,-0.27,1.511,-0.5454,0.1614,-0.7554,-0.2203,-0.2018,1.022,0.4285,-0.05942,-1.0,0.0,0.2296,0.2051,-0.2454,0.0,1.419,-0.0784,-0.2776,-0.2455,-0.7773,-0.128,-0.0527,-0.5005,-0.4302,-0.2491,-0.4922,0.738,0.0,-0.6543,-0.6665,0.0,0.0,-0.662,0.0,-0.4863,0.12384,0.0,0.0,0.0,0.0,-0.0452,-2.0,-1.0,-1.0,0.2634,-0.2095,0.0,5.0,-0.5,0.0,0.0,0.0,0.0,-0.172
-0.6606,-0.6597,-0.6606,0.2057,-0.262,1.511,0.08307,-0.0805,-0.713,-0.2216,-0.2059,0.0704,0.2856,-0.05942,-1.0,0.0,0.2091,0.2294,-0.2454,0.0,1.422,-0.0785,-0.3115,-0.2429,-0.82,-0.1196,-0.1577,0.0,-0.4949,-0.5005,-0.248,-0.729,0.494,-0.6553,-0.666,0.0,0.0,-0.6606,0.0,-0.4863,-0.478,0.0,0.0,0.0,0.0,0.0,-2.0,-1.5,-1.5,0.1637,-0.302,0.0,0.0,-0.5,0.0,0.0,0.0,0.0,0.0
-0.66,-0.659,-0.66,-0.3494,0.2979,1.511,0.08307,-0.1205,-0.0457,-0.03778,-0.2118,-1.081,0.2856,-0.05942,0.0,0.0,0.02667,0.0419,-0.1339,0.0,1.424,0.5586,-0.3354,-0.2546,-0.0937,-0.1444,-0.0611,1.262,-0.5566,0.0,-0.2491,-0.492,-0.735,-0.656,-0.6655,0.0,0.0,-0.6597,0.0,-0.4778,-0.645,0.0,0.0,0.0,0.0,0.2888,-1.0,-1.0,-1.5,-0.3843,0.2223,1.0,0.0,-0.5,0.0,0.0,0.0,0.0,1.108
-0.659,-0.658,-0.659,-0.8286,0.784,1.511,0.08307,-0.275,0.5176,0.1439,-0.209,9.04,0.2856,-0.05942,0.0,0.0,-0.157,-0.125,-0.02231,0.0,1.427,0.518,-0.3584,-0.273,0.4563,-0.1351,-0.141,1.235,-0.575,1.262,-0.5005,-0.248,0.496,-0.6553,-0.6646,0.0,0.0,-0.6587,0.0,-0.4695,0.25,0.0,0.0,0.0,0.0,0.3074,0.0,-1.0,-1.0,-0.7734,0.77,2.0,0.0,-0.5,0.0,0.0,0.0,0.0,1.155
-0.659,-0.658,-0.659,0.11755,-0.1731,1.511,0.08307,-0.006744,-0.4275,-0.1549,-0.2119,-1.495,0.1428,-0.05942,-1.0,0.0,0.15,0.1521,-0.2008,0.0,1.43,1.594,-0.3882,-0.299,-0.4832,-0.1387,-0.12415,-1.937,-0.618,1.235,0.0,-0.249,0.0,-0.6553,-0.664,0.0,0.0,-0.6577,0.0,-0.4832,-0.3196,0.0,0.0,0.0,0.0,-0.3867,0.0,-1.0,-1.0,0.1968,-0.088,0.0,1.0,-0.5,0.0,0.0,0.0,0.0,-1.425
-0.659,-0.658,-0.659,0.1188,-0.1743,1.511,0.08307,-0.006744,-0.3845,-0.1561,-0.2161,-0.00796,0.0,-0.05942,-1.0,0.0,0.1511,0.1533,-0.2008,0.0,1.432,-0.08984,-0.4233,-0.3372,-0.4622,-0.1428,-0.267,0.0,-0.659,-1.937,1.262,-0.5005,0.738,-0.6553,-0.6636,0.0,0.0,-0.657,0.0,-0.4832,-0.4585,0.0,0.0,0.0,0.0,0.0,0.0,-1.5,-1.5,0.1587,-0.132,0.0,0.0,-0.5,0.0,0.0,0.0,0.0,0.0
-0.6587,-0.658,-0.659,0.009834,-0.06433,1.511,0.08307,-0.0898,-0.2542,-0.1201,-0.217,-0.3875,-0.1428,-0.05942,-1.0,0.0,0.1087,0.1237,-0.1785,0.0,1.435,-0.598,-0.462,-0.3848,-0.3193,-0.1472,-0.1704,0.2502,-0.6904,0.0,1.235,0.0,-0.729,-0.6553,-0.663,0.0,0.0,-0.6567,0.0,-0.4814,-0.2056,0.0,0.0,0.0,0.0,0.0484,1.0,-1.0,-1.0,0.0428,-0.03802,1.0,0.0,-0.5,0.0,0.0,0.0,0.0,0.1842
-0.6587,-0.6577,-0.6587,-0.3032,0.2527,1.511,0.08307,-0.1135,0.1108,-0.01061,-0.2175,-2.736,-0.1428,-0.05942,0.0,0.0,0.001452,0.013596,-0.1116,0.0,1.437,-0.443,-0.504,-0.424,0.0416,-0.1473,-0.09894,0.7476,-0.69,0.2502,-1.937,1.261,-0.492,-0.6543,-0.6626,0.0,0.0,-0.6567,0.0,-0.4763,-0.1375,0.0,0.0,0.0,0.0,0.0726,1.0,-0.5,-1.0,-0.2146,0.3152,2.0,0.0,-0.5,0.0,0.0,0.0,0.0,0.2751
-0.6577,-0.6567,-0.658,-0.5786,0.532,-0.11566,0.08307,-0.1076,0.4492,0.09827,-0.216,1.786,-0.1428,-0.05942,0.0,0.0,-0.1,-0.09607,-0.04462,0.0,1.439,-0.1282,-0.5474,-0.4485,0.3823,-0.1437,-0.0485,0.7383,-0.699,0.7476,0.0,1.235,-0.248,-0.653,-0.6616,0.0,0.0,-0.657,0.0,-0.4712,0.0447,0.0,0.0,0.0,0.0,0.11084,1.0,0.0,-0.5,-0.4763,0.5884,3.0,0.0,-0.5,0.0,0.0,0.0,0.0,0.4148
-0.657,-0.6567,-0.6577,-0.3003,0.2499,-0.11566,0.08307,-0.12134,0.2236,0.02197,-0.218,-0.2954,-0.1428,-0.05942,0.0,0.0,-0.03003,-0.01859,-0.08923,0.0,1.442,-0.4473,-0.5806,-0.472,0.1252,-0.1405,0.01877,-0.4863,-0.699,0.7383,0.2502,-1.937,-0.249,-0.653,-0.6606,0.0,0.0,-0.6567,0.0,-0.4749,-0.2622,0.0,0.0,0.0,0.0,-0.164,1.0,0.0,-1.0,-0.2266,0.2964,0.0,1.0,-0.5,0.0,0.0,0.0,0.0,-0.606
-0.6567,-0.6562,-0.657,-0.3652,0.316,-0.11566,0.08307,-0.129,0.3276,0.05728,-0.217,0.4797,-0.1428,-0.05942,0.0,0.0,-0.0638,-0.05325,-0.06696,0.0,1.444,0.2056,-0.606,-0.4966,0.215,-0.1348,0.12384,0.2451,-0.6978,-0.4863,0.7476,0.0,-0.5,-0.653,-0.6597,0.0,0.0,-0.6567,0.0,-0.4731,-0.005295,0.0,0.0,0.0,0.0,0.04504,2.0,0.5,-0.5,-0.3015,0.3464,1.0,0.0,-0.5,0.0,0.0,0.0,0.0,0.168
-0.657,-0.6562,-0.657,0.3335,-0.3914,-0.11566,0.08307,-0.05173,-0.3845,-0.1653,-0.2186,-1.621,-0.2856,-0.05942,-1.0,0.0,0.1561,0.1672,-0.2008,0.0,1.447,0.5835,-0.6084,-0.523,-0.4968,-0.136,0.1575,-1.465,-0.6963,0.2451,0.7383,0.2502,0.0,-0.653,-0.659,0.0,0.0,-0.657,0.0,-0.4834,-0.2559,0.0,0.0,0.0,0.0,-0.3035,1.0,0.5,-0.5,0.4236,-0.2778,0.0,1.0,-0.5,0.0,0.0,0.0,0.0,-1.127
-0.6567,-0.656,-0.657,-0.12317,0.0713,-0.11566,0.08307,-0.08405,0.0758,-0.01762,-0.2164,-1.731,-0.1428,-0.05942,0.0,0.0,0.01074,0.01788,-0.1116,0.0,1.449,0.2191,-0.6084,-0.5493,-0.04306,-0.1312,-0.04428,1.001,-0.696,-1.465,-0.486,0.747,1.261,-0.6523,-0.658,0.0,0.0,-0.6567,0.0,-0.4766,0.02695,0.0,0.0,0.0,0.0,0.1708,1.0,0.5,0.0,0.0296,0.2177,1.0,0.0,-0.5,0.0,0.0,0.0,0.0,0.65
-0.656,-0.655,-0.6562,-1.031,0.9956,0.2588,0.08307,0.1029,1.052,0.313,-0.2073,5.75,0.0,-0.05942,0.0,0.0,-0.2754,-0.324,0.08923,0.0,1.452,1.757,-0.6084,-0.5747,0.9155,-0.1094,-0.2502,2.215,-0.6606,1.001,0.245,0.738,1.235,-0.6504,-0.657,0.0,0.0,-0.6562,0.0,-0.4612,0.4587,0.0,0.0,0.0,0.0,0.631,1.0,0.5,0.5,-0.748,1.213,2.0,0.0,-0.5,0.0,0.0,0.0,0.0,2.361
-0.6553,-0.6543,-0.656,-0.1963,0.1498,0.2588,0.08307,0.2512,0.135,0.05258,-0.2014,-0.7188,0.1428,-0.05942,0.0,0.0,-0.02538,-0.08496,-0.06696,0.0,1.454,0.534,-0.6035,-0.598,0.0333,-0.10016,0.10706,-1.661,-0.658,2.215,-1.464,-0.486,-1.936,-0.6504,-0.6567,0.0,0.0,-0.6562,0.0,-0.4734,0.1954,0.0,0.0,0.0,0.0,-0.2803,1.0,0.5,0.5,0.1342,0.484,0.0,1.0,-0.5,0.0,0.0,0.0,0.0,-1.012
-0.655,-0.654,-0.6553,-0.3767,0.3315,0.2588,0.08307,0.262,0.289,0.1241,-0.1945,0.8184,0.2856,-0.05942,0.0,0.0,-0.09076,-0.1569,-0.02231,0.0,1.457,-0.4592,-0.5874,-0.6104,0.2002,-0.0866,0.1322,0.4883,-0.656,-1.661,1.001,0.245,0.0,-0.65,-0.656,0.0,0.0,-0.6562,0.0,-0.47,0.264,0.0,0.0,0.0,0.0,0.133,1.0,1.0,1.0,-0.07666,0.6187,1.0,0.0,-0.5,0.0,0.0,0.0,0.0,0.4941
-0.6543,-0.6533,-0.6543,-0.536,0.4937,0.2588,0.08307,0.2147,0.4685,0.194,-0.1903,0.63,0.2856,-0.05942,0.0,0.0,-0.1588,-0.2207,0.02231,0.0,1.46,0.5024,-0.5693,-0.613,0.371,-0.074,0.12384,0.4841,-0.643,0.4883,2.215,-1.464,0.25,-0.6494,-0.6553,0.0,0.0,-0.656,0.0,-0.4666,0.1593,0.0,0.0,0.0,0.0,0.1057,2.0,1.0,1.0,-0.268,0.7334,2.0,0.0,-0.5,0.0,0.0,0.0,0.0,0.3894
-0.653,-0.652,-0.6533,-1.077,1.046,0.2588,0.08307,0.1904,1.118,0.4106,-0.1855,1.363,0.2856,-0.05942,0.0,0.0,-0.3528,-0.4236,0.1561,0.0,1.462,0.7725,-0.547,-0.605,0.985,-0.05594,0.03558,1.441,-0.6064,0.4841,-1.661,1.001,0.747,-0.6475,-0.655,0.0,0.0,-0.6553,0.0,-0.4565,0.1954,0.0,0.0,0.0,0.0,0.4275,2.0,1.0,1.0,-0.8115,1.24,3.0,0.0,-0.5,0.0,0.0,0.0,0.0,1.562
-0.6523,-0.6514,-0.653,-0.4565,0.4155,0.2588,0.08307,0.1486,0.4226,0.2214,-0.1783,-0.4756,0.4285,-0.05942,0.0,0.0,-0.1895,-0.2408,0.04462,0.0,1.465,0.8164,-0.525,-0.5913,0.3223,-0.0421,-0.04007,-1.173,-0.5996,1.441,0.488,2.215,0.738,-0.646,-0.655,0.0,0.0,-0.655,0.0,-0.465,0.3472,0.0,0.0,0.0,0.0,-0.1454,1.0,0.5,1.0,-0.1602,0.6924,0.0,1.0,-0.5,0.0,0.0,0.0,0.0,-0.5186
-0.652,-0.651,-0.652,-0.5034,0.463,0.2588,0.08307,0.197,0.4377,0.2537,-0.1704,0.1738,0.5713,-0.05942,0.0,0.0,-0.214,-0.2764,0.06696,0.0,1.467,0.4868,-0.506,-0.5767,0.3728,-0.02922,0.0608,0.2393,-0.595,-1.173,0.4841,-1.66,-0.486,-0.6445,-0.6543,0.0,0.0,-0.654,0.0,-0.4634,0.381,0.0,0.0,0.0,0.0,0.03983,2.0,1.0,1.5,-0.2062,0.737,1.0,0.0,-0.5,0.0,0.0,0.0,0.0,0.1449
-0.651,-0.65,-0.6514,-0.6465,0.6084,0.2588,0.2281,0.307,0.563,0.3218,-0.162,0.391,0.7144,-0.05942,0.0,0.0,-0.265,-0.3518,0.1116,0.0,1.47,0.7896,-0.4856,-0.558,0.4978,-0.008224,0.0482,0.4766,-0.594,0.2393,1.44,0.488,0.245,-0.6445,-0.654,0.0,0.0,-0.653,0.0,-0.46,0.4138,0.0,0.0,0.0,0.0,0.1204,2.0,1.0,1.5,-0.357,0.863,2.0,0.0,-0.5,0.0,0.0,0.0,0.0,0.4363
-0.651,-0.65,-0.6514,0.1592,-0.2068,0.2588,0.2281,0.548,-0.293,0.05978,-0.1606,-1.241,0.5713,-0.05942,-1.0,0.0,-0.00556,-0.12054,-0.04462,0.0,1.473,1.507,-0.4727,-0.5425,-0.352,-0.002186,0.334,-1.654,-0.612,0.4766,-1.173,0.4841,-1.464,-0.6445,-0.654,0.0,0.0,-0.6523,0.0,-0.472,-0.01921,0.0,0.0,0.0,0.0,-0.284,1.0,1.0,1.0,0.4604,0.12286,0.0,1.0,-0.5,0.0,0.0,0.0,0.0,-1.0205
-0.6514,-0.6504,-0.6514,0.3738,-0.4233,0.2588,0.12335,0.598,-0.513,-0.01657,-0.1628,1.502,0.4285,-0.05942,-1.0,0.0,0.0708,-0.0485,-0.08923,0.0,1.475,-0.11743,-0.4688,-0.533,-0.5664,-0.00609,0.1953,-0.4863,-0.6147,-1.654,0.2391,1.44,1.0,-0.645,-0.654,0.0,0.0,-0.6523,0.0,-0.4753,-0.2178,0.0,0.0,0.0,0.0,-0.09656,0.0,0.5,0.5,0.665,-0.0877,0.0,2.0,-0.5,0.0,0.0,1.0,-3.82,-0.357
-0.6514,-0.6504,-0.652,0.2426,-0.2903,0.2588,0.12335,0.646,-0.403,0.01761,-0.1628,-0.1606,0.2856,-0.05942,-1.0,0.0,0.0428,-0.08765,-0.06696,0.0,1.478,0.2056,-0.469,-0.525,-0.4712,-0.001779,-0.1788,0.2451,-0.615,-0.4863,0.4763,-1.172,2.213,-0.6455,-0.654,0.0,0.0,-0.6523,0.0,-0.4739,-0.0966,0.0,0.0,0.0,0.0,0.04773,1.0,0.5,1.0,0.54,0.0421,1.0,0.0,-0.5,0.0,0.0,0.0,0.0,0.1779
-0.651,-0.6504,-0.6514,-0.08813,0.04462,0.2588,0.12335,0.672,-0.0728,0.1257,-0.1613,-1.115,0.2856,-0.05942,0.0,0.0,-0.0556,-0.1978,0.0,0.0,1.4795,0.8345,-0.4739,-0.519,-0.1294,-3.6e-06,0.086,0.7324,-0.6265,0.2451,-1.654,0.2391,-1.66,-0.6465,-0.6533,0.0,0.0,-0.652,0.0,-0.4688,-0.01921,0.0,0.0,0.0,0.0,0.10675,1.0,1.0,1.0,0.1865,0.3264,2.0,0.0,-0.5,0.0,0.0,0.0,0.0,0.3962
-0.651,-0.65,-0.6514,0.0373,-0.0863,0.2588,0.12335,0.5957,-0.2585,0.0869,-0.1556,-4.676,0.2856,-0.05942,-1.0,0.0,-0.02652,-0.1521,-0.02231,0.0,1.482,-0.4592,-0.4836,-0.5146,-0.3044,0.01146,0.01456,-0.2412,-0.642,0.7324,-0.486,0.4763,0.488,-0.647,-0.6533,0.0,0.0,-0.652,0.0,-0.4705,0.2083,0.0,0.0,0.0,0.0,-0.0275,0.0,0.5,1.0,0.2695,0.159,0.0,1.0,-0.5,0.0,0.0,0.0,0.0,-0.1008
-0.6504,-0.65,-0.651,-0.2698,0.2236,0.2588,0.12335,0.6216,0.03653,0.1956,-0.1508,-2.113,0.2856,-0.05942,0.0,0.0,-0.12384,-0.2612,0.04462,0.0,1.484,0.4946,-0.4966,-0.5107,-0.02097,0.0245,-0.0695,0.7266,-0.653,-0.2412,0.245,-1.654,0.484,-0.6475,-0.6533,0.0,0.0,-0.651,0.0,-0.4653,0.1709,0.0,0.0,0.0,0.0,0.1512,1.0,0.5,1.0,-0.09784,0.3794,1.0,0.0,-0.5,0.0,0.0,0.0,0.0,0.5566
-0.65,-0.6494,-0.6504,-0.336,0.289,0.2588,0.12335,0.354,0.163,0.2299,-0.1522,1.058,0.2856,-0.05942,0.0,0.0,-0.1787,-0.2686,0.06696,0.0,1.487,-0.7954,-0.5083,-0.511,0.0982,0.02394,-0.3174,0.2393,-0.6543,0.7266,0.732,-0.486,1.44,-0.6475,-0.653,0.0,0.0,-0.651,0.0,-0.4636,-0.1897,0.0,0.0,0.0,0.0,0.02588,2.0,0.5,1.0,-0.2355,0.3618,2.0,0.0,-0.5,0.0,0.0,0.0,0.0,0.0942
-0.6494,-0.649,-0.65,-0.3948,0.348,0.2588,0.12335,0.2878,0.2213,0.264,-0.1477,0.373,0.2856,-0.05942,0.0,0.0,-0.2152,-0.295,0.08923,0.0,1.49,-0.1593,-0.5195,-0.5117,0.151,0.03635,-0.12415,0.2383,-0.6494,0.2393,-0.2411,0.245,-1.172,-0.6465,-0.6523,0.0,0.0,-0.6504,0.0,-0.4622,0.2876,0.0,0.0,0.0,0.0,0.06415,2.0,1.0,1.5,-0.3042,0.4055,3.0,0.0,-0.5,0.0,0.0,0.0,0.0,0.2325
-0.6484,-0.648,-0.649,-0.749,0.708,0.2588,0.12335,0.2517,0.6147,0.407,-0.142,1.426,0.2856,-0.05942,0.0,0.0,-0.344,-0.426,0.1785,0.0,1.492,0.135,-0.5293,-0.5127,0.5586,0.0474,-0.1577,0.949,-0.636,0.2383,0.726,0.732,0.2391,-0.6445,-0.652,0.0,0.0,-0.6494,0.0,-0.4553,0.381,0.0,0.0,0.0,0.0,0.1685,2.0,1.0,1.5,-0.616,0.7837,4.0,0.0,-0.5,0.0,0.0,0.0,0.0,0.6084
-0.6484,-0.6475,-0.6484,-0.2585,0.2115,0.2588,0.12335,0.2593,0.11957,0.2566,-0.1405,-0.601,0.2856,-0.05942,0.0,0.0,-0.211,-0.2852,0.08923,0.0,1.495,-0.4785,-0.539,-0.5156,0.06274,0.05368,-0.2208,-0.9346,-0.6367,0.949,0.2391,-0.2411,0.4763,-0.6436,-0.6514,0.0,0.0,-0.6494,0.0,-0.4622,0.02695,0.0,0.0,0.0,0.0,-0.1366,2.0,0.5,1.0,-0.1782,0.2686,0.0,1.0,-0.5,0.0,0.0,0.0,0.0,-0.4856
-0.6484,-0.6475,-0.6484,0.0921,-0.1443,0.2588,0.12335,0.373,-0.1823,0.1426,-0.146,-1.268,0.1428,-0.05942,-1.0,0.0,-0.0977,-0.1857,0.02231,0.0,1.497,1.148,-0.5537,-0.527,-0.1965,0.0362,0.0692,-0.712,-0.667,-0.9346,0.2382,0.726,-1.653,-0.6436,-0.651,0.0,0.0,-0.649,0.0,-0.4673,-0.4922,0.0,0.0,0.0,0.0,-0.2357,1.0,0.5,0.5,0.1282,-0.1081,0.0,2.0,-0.5,0.0,0.0,1.0,-1.969,-0.8506
-0.648,-0.647,-0.6484,-0.2177,0.1699,0.2588,0.12335,0.4016,0.1534,0.2498,-0.1454,-5.34,0.1428,-0.05942,0.0,0.0,-0.1924,-0.2922,0.08923,0.0,1.5,1.4375,-0.567,-0.5405,0.1486,0.03683,0.1659,0.7207,-0.6797,-0.712,0.949,0.2391,-0.486,-0.6426,-0.6504,0.0,0.0,-0.6484,0.0,-0.4624,-0.01264,0.0,0.0,0.0,0.0,0.1663,1.0,1.0,1.0,-0.14,0.2272,1.0,0.0,-0.5,0.0,0.0,0.0,0.0,0.6074
-0.648,-0.647,-0.648,0.0244,-0.0751,-0.1594,0.12335,0.4495,-0.0732,0.1744,-0.1466,-0.782,0.1428,-0.05942,0.0,0.0,-0.12,-0.2241,0.04462,0.0,1.503,0.8164,-0.579,-0.553,-0.0645,0.03305,0.1575,-0.4746,-0.6816,0.7207,-0.934,0.2382,0.245,-0.6426,-0.6504,0.0,0.0,-0.6484,0.0,-0.4658,-0.1982,0.0,0.0,0.0,0.0,-0.0833,0.0,0.5,0.5,0.0884,-0.013855,0.0,1.0,-0.5,0.0,0.0,0.0,0.0,-0.3008
-0.648,-0.647,-0.6484,0.2463,-0.3008,-0.1594,0.12335,0.3828,-0.2664,0.0989,-0.151,-4.906,0.0,-0.05942,-1.0,0.0,-0.05664,-0.1436,0.0,0.0,1.505,-0.1387,-0.585,-0.568,-0.2598,0.02567,0.0524,-0.4785,-0.6885,-0.4746,-0.712,0.9487,0.732,-0.643,-0.65,0.0,0.0,-0.648,0.0,-0.4692,-0.4412,0.0,0.0,0.0,0.0,-0.0657,-1.0,0.0,0.0,0.2355,-0.3037,0.0,2.0,-0.5,0.0,0.0,0.0,0.0,-0.2389
-0.6484,-0.6475,-0.6484,0.56,-0.618,-0.1594,0.12335,0.3535,-0.6113,-0.01283,-0.1521,2.643,0.0,-0.05942,-1.0,0.0,0.04538,-0.02887,-0.06696,0.0,1.508,0.8623,-0.59,-0.583,-0.6,0.02393,0.0944,-0.7236,-0.683,-0.4785,0.72,-0.934,-0.241,-0.644,-0.65,0.0,0.0,-0.6484,0.0,-0.4744,-0.2056,0.0,0.0,0.0,0.0,-0.08673,-1.0,0.0,0.0,0.5444,-0.602,0.0,3.0,-0.5,0.0,0.0,0.0,0.0,-0.318
-0.649,-0.648,-0.649,0.629,-0.688,-0.1594,0.12335,0.334,-0.729,-0.05038,-0.1523,0.4033,0.0,-0.05942,-1.0,0.0,0.07935,0.01125,-0.08923,0.0,1.51,-0.11743,-0.598,-0.5977,-0.731,0.02684,-0.04007,-0.2441,-0.6724,-0.7236,-0.4746,-0.712,0.726,-0.646,-0.6494,0.0,0.0,-0.6484,0.0,-0.476,-0.1375,0.0,0.0,0.0,0.0,-0.0394,-1.0,-0.5,0.0,0.6104,-0.67,0.0,4.0,-0.5,0.0,0.0,0.0,0.0,-0.1462
-0.6494,-0.6484,-0.65,0.917,-0.9775,-0.2952,-0.1412,0.4226,-1.05,-0.1606,-0.1554,0.716,0.0,-0.05942,-1.0,0.0,0.1941,0.117,-0.1561,0.0,1.513,0.9004,-0.606,-0.6104,-1.057,0.02214,-0.1073,-0.7354,-0.6626,-0.2441,-0.4783,0.72,0.2391,-0.648,-0.65,0.0,0.0,-0.6494,0.0,-0.4812,-0.4019,0.0,0.0,0.0,0.0,-0.1753,-2.0,-1.0,-0.5,0.882,-0.9546,0.0,5.0,-0.5,0.0,0.0,0.0,0.0,-0.6533
-0.6494,-0.649,-0.65,0.1838,-0.2352,-0.2952,-0.1412,0.3345,-0.334,0.05798,-0.1566,-0.697,-0.1428,-0.05942,-1.0,0.0,-0.023,-0.0983,-0.02231,0.0,1.516,0.518,-0.6084,-0.6216,-0.346,0.0197,-0.1914,1.489,-0.662,-0.7354,-0.723,-0.4744,0.2382,-0.648,-0.65,0.0,0.0,-0.6494,0.0,-0.471,-0.1982,0.0,0.0,0.0,0.0,0.2042,-1.0,-1.0,-0.5,0.254,-0.1549,1.0,0.0,-0.5,0.0,0.0,0.0,0.0,0.7705
-0.649,-0.6484,-0.6494,-0.3452,0.3015,-0.010284,-0.1412,0.43,0.2128,0.2383,-0.1538,-2.596,0.0,-0.05942,0.0,0.0,-0.1794,-0.284,0.08923,0.0,1.518,1.118,-0.6084,-0.6216,0.2125,0.02435,-0.3806,1.211,-0.66,1.489,-0.244,-0.4783,0.9487,-0.648,-0.6494,0.0,0.0,-0.6494,0.0,-0.4626,0.1366,0.0,0.0,0.0,0.0,0.2395,0.0,-1.0,0.0,-0.2224,0.398,2.0,0.0,-0.5,0.0,0.0,0.0,0.0,0.882
-0.649,-0.6484,-0.6494,0.11926,-0.1687,-0.010284,-0.1412,0.4695,-0.2413,0.0891,-0.1559,-1.376,-0.1428,-0.05942,-1.0,0.0,-0.03986,-0.1422,0.0,0.0,1.5205,0.8345,-0.6084,-0.6216,-0.2507,0.0239,-0.2292,-0.949,-0.667,1.211,-0.7354,-0.723,-0.934,-0.6484,-0.6494,0.0,0.0,-0.65,0.0,-0.4695,-0.2445,0.0,0.0,0.0,0.0,-0.2147,0.0,-1.0,-0.5,0.2546,-0.02238,0.0,1.0,-0.5,0.0,0.0,0.0,0.0,-0.775
-0.649,-0.648,-0.6494,0.01495,-0.0625,-0.010284,-0.1412,0.5747,-0.1067,0.12366,-0.1581,-1.027,-0.1428,-0.05942,0.0,0.0,-0.06238,-0.1864,0.02231,0.0,1.522,0.5024,-0.6084,-0.6216,-0.1206,0.0212,-0.11993,0.2411,-0.669,-0.949,1.488,-0.244,-0.7114,-0.6484,-0.649,0.0,0.0,-0.6494,0.0,-0.4678,-0.2445,0.0,0.0,0.0,0.0,0.0361,1.0,-0.5,-0.5,0.1554,0.0811,1.0,0.0,-0.5,0.0,0.0,0.0,0.0,0.1324
-0.649,-0.6484,-0.6494,0.2391,-0.2896,-0.010284,-0.1412,0.6245,-0.3005,0.04846,-0.1624,-17.1,-0.2856,-0.05942,-1.0,0.0,0.01189,-0.1166,-0.02231,0.0,1.525,0.518,-0.6084,-0.6216,-0.2966,0.009926,-0.246,-0.4805,-0.6753,0.2411,1.21,-0.735,0.72,-0.648,-0.649,0.0,0.0,-0.6494,0.0,-0.4712,-0.3987,0.0,0.0,0.0,0.0,-0.07666,1.0,-1.0,-1.0,0.3425,-0.1687,0.0,1.0,-0.5,0.0,0.0,0.0,0.0,-0.28
-0.649,-0.648,-0.649,-0.1943,0.1467,-0.010284,-0.1412,0.5537,0.2141,0.1918,-0.1671,-2.9,-0.2856,-0.05942,0.0,0.0,-0.1265,-0.251,0.06696,0.0,1.527,-0.1542,-0.6084,-0.6216,0.2086,0.002455,-0.183,0.9683,-0.6787,-0.4805,-0.949,1.488,-0.4744,-0.647,-0.649,0.0,0.0,-0.649,0.0,-0.4644,-0.3987,0.0,0.0,0.0,0.0,0.1534,1.0,-0.5,-1.0,-0.067,0.26,1.0,0.0,-0.5,0.0,0.0,0.0,0.0,0.5654
-0.649,-0.648,-0.649,0.152,-0.2051,-0.010284,-0.1412,0.5273,-0.1067,0.07916,-0.1709,-0.926,-0.2856,-0.05942,0.0,0.0,-0.02544,-0.1378,0.0,0.0,1.53,-0.4631,-0.6084,-0.6216,-0.12103,-0.001649,-0.0947,-0.715,-0.6787,0.9683,0.2411,1.21,-0.4783,-0.646,-0.649,0.0,0.0,-0.649,0.0,-0.4697,-0.3516,0.0,0.0,0.0,0.0,-0.11176,0.0,-0.5,-1.0,0.2612,-0.08453,0.0,1.0,-0.5,0.0,0.0,0.0,0.0,-0.405
-0.649,-0.648,-0.649,0.1497,-0.2036,-0.010284,-0.1412,0.3538,-0.0982,0.0756,-0.1726,1.24,-0.1428,-0.05942,0.0,0.0,-0.0377,-0.1178,0.0,0.0,1.533,-0.1387,-0.6084,-0.6216,-0.1318,0.0004814,0.03137,0.0,-0.6797,-0.715,-0.4802,-0.9487,-0.723,-0.6455,-0.6484,0.0,0.0,-0.649,0.0,-0.4697,-0.1951,0.0,0.0,0.0,0.0,0.0,0.0,-0.5,-1.0,0.2217,-0.12384,0.0,0.0,-0.5,0.0,0.0,0.0,0.0,0.0
-0.6484,-0.648,-0.649,0.04108,-0.0952,-0.010284,-0.1412,0.2003,0.04565,0.10785,-0.1761,9.48,-0.1428,-0.05942,0.0,0.0,-0.08124,-0.135,0.02231,0.0,1.535,-0.1439,-0.6084,-0.6216,0.00366,-0.003162,0.086,0.2411,-0.68,0.0,0.9683,0.2411,-0.244,-0.646,-0.6484,0.0,0.0,-0.649,0.0,-0.468,-0.3196,0.0,0.0,0.0,0.0,0.04575,0.0,0.0,-1.0,0.1071,-0.03046,1.0,0.0,-0.5,0.0,0.0,0.0,0.0,0.1677
-0.648,-0.647,-0.6484,-0.6685,0.626,-0.010284,-0.1412,0.1677,0.8223,0.3586,-0.1731,5.44,-0.1428,-0.05942,0.0,0.0,-0.3096,-0.373,0.1785,0.0,1.538,-0.1792,-0.6084,-0.6216,0.71,0.01826,0.2332,1.682,-0.6646,0.2411,-0.715,-0.4802,-0.735,-0.645,-0.6484,0.0,0.0,-0.649,0.0,-0.456,0.1836,0.0,0.0,0.0,0.0,0.575,1.0,0.5,-0.5,-0.505,0.742,2.0,0.0,-0.5,0.0,1.0,0.0,3.227,2.102
-0.647,-0.646,-0.6475,-0.6904,0.6514,-0.010284,-0.1412,0.2151,0.8623,0.3896,-0.1678,0.1895,0.0,-0.05942,0.0,0.0,-0.3323,-0.4062,0.2008,0.0,1.54,0.442,-0.6084,-0.6216,0.714,0.03983,0.04398,0.2336,-0.6484,1.682,0.0,0.9683,1.488,-0.6436,-0.6484,0.0,0.0,-0.6484,0.0,-0.4546,0.3557,0.0,0.0,0.0,0.0,0.0596,1.0,0.5,0.0,-0.5527,0.7373,3.0,0.0,-0.5,0.0,0.0,0.0,0.0,0.2118
-0.646,-0.6455,-0.6465,-0.711,0.6733,-0.010284,-0.1412,0.1509,0.867,0.421,-0.1592,0.1483,0.1428,-0.05942,0.0,0.0,-0.3652,-0.4292,0.2231,0.0,1.543,0.12286,-0.6,-0.6216,0.785,0.04834,-0.12415,0.2327,-0.6396,0.2336,0.2411,-0.7144,1.21,-0.642,-0.648,0.0,0.0,-0.6484,0.0,-0.453,0.6113,0.0,0.0,0.0,0.0,0.02255,2.0,0.5,0.5,-0.574,0.757,4.0,0.0,-0.5,0.0,0.0,0.0,0.0,0.07983
-0.645,-0.6445,-0.6455,-0.8267,0.7925,0.06934,-0.1412,0.1617,0.963,0.4888,-0.1484,0.25,0.2856,-0.05942,0.0,0.0,-0.4224,-0.4927,0.2678,0.0,1.546,0.1109,-0.581,-0.6216,0.903,0.0701,0.0692,0.4636,-0.613,0.2327,1.681,0.0,-0.9487,-0.6406,-0.648,0.0,0.0,-0.648,0.0,-0.4495,0.761,1.0,0.0,0.0,0.0,0.07996,3.0,1.0,1.0,-0.698,0.858,5.0,0.0,0.0,0.0,0.0,0.0,0.0,0.2817
-0.644,-0.6436,-0.6445,-0.736,0.699,0.06934,-0.1412,0.1342,0.799,0.484,-0.1351,-0.0236,0.4285,-0.05942,0.0,0.0,-0.4207,-0.4856,0.2678,0.0,1.548,0.4204,-0.5464,-0.61,0.7314,0.1032,0.0776,0.0,-0.5903,0.4636,0.2335,0.2411,0.241,-0.6387,-0.6475,0.0,0.0,-0.6475,0.0,-0.4495,1.017,1.0,0.0,0.0,0.0,0.0,2.0,0.5,1.0,-0.685,0.6865,0.0,0.0,0.0,0.0,0.0,0.0,0.0,0.0
-0.6436,-0.6426,-0.644,-0.554,0.5146,0.06934,-0.1412,0.05948,0.5806,0.443,-0.1271,-0.1191,0.5713,-0.05942,0.0,0.0,-0.3926,-0.441,0.2454,0.0,1.551,-0.5044,-0.514,-0.5894,0.5264,0.12085,0.2079,-0.23,-0.575,0.0,0.2327,1.681,-0.4802,-0.6367,-0.647,0.0,0.0,-0.647,0.0,-0.4512,0.705,0.0,0.0,0.0,0.0,-0.03137,1.0,0.5,0.5,-0.563,0.4517,0.0,1.0,0.0,0.0,0.0,0.0,0.0,-0.1098
-0.6426,-0.6416,-0.643,-0.88,0.846,0.06934,-0.1412,0.0006685,0.95,0.585,-0.1198,0.725,0.5713,-0.05942,0.0,0.0,-0.5176,-0.5635,0.3347,0.0,1.553,0.705,-0.4844,-0.569,0.9097,0.1354,0.0902,0.924,-0.547,-0.23,0.4634,0.2335,0.968,-0.635,-0.646,0.0,0.0,-0.646,0.0,-0.4446,0.6597,0.0,0.0,0.0,0.0,0.1365,1.0,0.5,0.5,-0.8716,0.7764,1.0,0.0,0.0,0.0,0.0,0.0,0.0,0.4795
-0.6416,-0.641,-0.642,-0.4893,0.4502,0.06934,-0.1412,-0.03119,0.502,0.4712,-0.1117,-0.3184,0.7144,-0.05942,0.0,0.0,-0.4248,-0.458,0.2678,0.0,1.556,0.11084,-0.455,-0.548,0.4739,0.1537,0.2668,-0.682,-0.5366,0.924,0.0,0.2327,-0.7144,-0.6343,-0.6455,0.0,0.0,-0.6455,0.0,-0.4497,0.761,0.0,0.0,0.0,0.0,-0.1292,0.0,0.5,0.5,-0.4807,0.4114,0.0,1.0,0.0,0.0,0.0,0.0,0.0,-0.4468
-0.6416,-0.6406,-0.642,-0.0266,-0.019,0.06934,-0.1412,-0.0001827,-0.01657,0.3203,-0.1076,-0.779,0.7144,-0.05942,0.0,0.0,-0.291,-0.321,0.1785,0.0,1.558,0.4495,-0.4292,-0.5283,-0.04675,0.1667,0.3171,-0.92,-0.5444,-0.682,-0.23,0.4634,0.0,-0.6343,-0.6455,0.0,0.0,-0.645,0.0,-0.4565,0.339,0.0,0.0,0.0,0.0,-0.1656,-1.0,0.5,0.0,-0.02023,-0.02444,0.0,2.0,0.0,0.0,0.0,0.0,0.0,-0.5796
-0.642,-0.641,-0.6426,0.6187,-0.6724,0.06934,-0.32,0.1342,-0.7305,0.0987,-0.1061,-7.805,0.7144,-0.05942,-1.0,0.0,-0.07874,-0.11957,0.04462,0.0,1.561,1.46,-0.4136,-0.512,-0.7485,0.171,0.3088,-1.401,-0.5586,-0.92,0.9233,0.0,0.241,-0.6357,-0.6455,0.0,0.0,-0.6445,0.0,-0.4668,0.0447,0.0,0.0,0.0,0.0,-0.3157,-1.0,0.0,0.0,0.614,-0.64,0.0,3.0,0.0,0.0,0.0,0.0,0.0,-1.121
-0.6426,-0.6416,-0.643,0.573,-0.625,0.06934,-0.32,0.3062,-0.7227,0.0956,-0.1077,0.1287,0.5713,-0.05942,-1.0,0.0,-0.06046,-0.1329,0.04462,0.0,1.563,1.782,-0.4094,-0.501,-0.734,0.168,0.01877,0.0,-0.588,-1.401,-0.682,-0.23,1.681,-0.637,-0.6455,0.0,0.0,-0.644,0.0,-0.4668,-0.2056,0.0,0.0,0.0,0.0,0.0,-1.0,-0.5,-0.5,0.533,-0.6343,0.0,0.0,0.0,0.0,0.0,0.0,0.0,0.0
-0.6426,-0.642,-0.643,0.3186,-0.368,0.06934,-0.32,0.3447,-0.525,0.165,-0.1056,-0.2136,0.4285,-0.05942,-1.0,0.0,-0.1208,-0.205,0.08923,0.0,1.565,0.16,-0.4126,-0.491,-0.5435,0.1754,-0.0485,0.4785,-0.597,0.0,-0.92,0.9233,0.2335,-0.638,-0.6455,0.0,0.0,-0.644,0.0,-0.4636,0.1434,0.0,0.0,0.0,0.0,0.02306,-1.0,-0.5,0.0,0.3188,-0.3533,1.0,0.0,0.0,0.0,0.0,0.0,0.0,0.0839
-0.6426,-0.6416,-0.643,-0.012276,-0.03473,0.06934,-0.32,0.317,-0.2379,0.269,-0.1017,-0.6255,0.2856,-0.05942,-1.0,0.0,-0.2172,-0.3027,0.1561,0.0,1.568,-0.1743,-0.422,-0.482,-0.2434,0.1836,-0.1115,0.712,-0.5977,0.4785,-1.401,-0.682,0.2325,-0.639,-0.6455,0.0,0.0,-0.6436,0.0,-0.4585,0.312,0.0,0.0,0.0,0.0,0.09534,0.0,-0.5,0.5,0.03195,0.00213,2.0,0.0,0.0,0.0,0.0,0.0,0.0,0.3442
-0.6426,-0.6416,-0.6426,-0.1018,0.05417,0.06934,-0.32,0.3357,-0.1804,0.3008,-0.09766,-0.37,0.1428,-0.05942,-1.0,0.0,-0.2435,-0.3345,0.1785,0.0,1.57,0.135,-0.443,-0.4746,-0.1632,0.1903,-0.2083,0.2345,-0.605,0.712,0.0,-0.92,0.4634,-0.64,-0.645,0.0,0.0,-0.643,0.0,-0.4568,0.312,0.0,0.0,0.0,0.0,0.0669,1.0,-0.5,0.5,-0.1255,0.01022,3.0,0.0,0.0,0.0,0.0,0.0,0.0,0.2385
-0.642,-0.6416,-0.6426,0.02295,-0.0728,0.06934,-0.32,0.2325,-0.2866,0.2607,-0.09937,1.926,0.0,-0.05942,-1.0,0.0,-0.2173,-0.2866,0.1561,0.0,1.573,-0.1743,-0.4648,-0.4697,-0.292,0.1935,-0.225,-0.2336,-0.6123,0.2345,0.4783,-1.401,0.0,-0.6406,-0.645,0.0,0.0,-0.643,0.0,-0.4585,-0.215,0.0,0.0,0.0,0.0,-0.04785,1.0,-0.5,0.0,-0.00784,-0.1148,0.0,1.0,0.0,0.0,0.0,0.0,0.0,-0.17
-0.6426,-0.6416,-0.6426,0.2413,-0.294,0.06934,-0.32,0.1937,-0.4832,0.1844,-0.1034,1.399,-0.1428,-0.05942,-1.0,0.0,-0.152,-0.2094,0.1116,0.0,1.576,-0.1643,-0.4893,-0.4712,-0.4775,0.1852,-0.204,-0.469,-0.6265,-0.2336,0.712,0.0,-0.2299,-0.641,-0.645,0.0,0.0,-0.6426,0.0,-0.462,-0.437,0.0,0.0,0.0,0.0,-0.06274,1.0,-0.5,-0.5,0.2102,-0.3193,0.0,2.0,0.0,0.0,0.0,0.0,0.0,-0.2239
-0.6426,-0.642,-0.643,0.5493,-0.605,0.06934,-0.32,0.2489,-0.7627,0.07135,-0.1106,0.976,-0.2856,-0.05942,-1.0,0.0,-0.04312,-0.10345,0.04462,0.0,1.578,0.4946,-0.524,-0.4788,-0.7544,0.1722,-0.3975,-0.709,-0.6245,-0.469,0.2345,0.4783,0.9233,-0.641,-0.645,0.0,0.0,-0.6426,0.0,-0.4673,-0.699,0.0,0.0,0.0,0.0,-0.1713,0.0,-1.0,-1.0,0.513,-0.6123,0.0,3.0,0.0,0.0,0.0,0.0,0.0,-0.6157
-0.6426,-0.6416,-0.643,-0.11774,0.0706,0.06934,-0.32,0.2517,-0.04126,0.284,-0.1152,-1.079,-0.2856,-0.05942,0.0,0.0,-0.2362,-0.3105,0.1785,0.0,1.581,0.7637,-0.5596,-0.4915,-0.03763,0.1649,-0.326,1.436,-0.637,-0.709,-0.2335,0.712,-0.6816,-0.64,-0.6445,0.0,0.0,-0.642,0.0,-0.457,-0.3872,0.0,0.0,0.0,0.0,0.2333,0.0,-0.5,-1.0,-0.0426,0.1329,1.0,0.0,0.0,0.0,0.0,0.0,0.0,0.8486
-0.642,-0.641,-0.642,-0.4963,0.454,0.06934,-0.32,0.2169,0.4182,0.4226,-0.117,6.97,-0.2856,-0.05942,0.0,0.0,-0.3606,-0.437,0.2678,0.0,1.583,0.4204,-0.5825,-0.508,0.4324,0.1619,-0.1746,0.9346,-0.6475,1.436,-0.469,0.2344,-0.9194,-0.639,-0.644,0.0,0.0,-0.6416,0.0,-0.4502,-0.1375,0.0,0.0,0.0,0.0,0.1929,0.0,0.0,-0.5,-0.3652,0.548,2.0,0.0,0.0,0.0,0.0,0.0,0.0,0.6855
-0.6416,-0.6406,-0.642,-0.2362,0.1906,0.06934,-0.32,0.262,0.1968,0.3438,-0.11945,-0.3125,-0.2856,-0.05942,0.0,0.0,-0.288,-0.3682,0.2231,0.0,1.586,-0.189,-0.6,-0.5303,0.2006,0.1627,0.0944,-0.46,-0.6616,0.9346,-0.709,-0.2335,-1.401,-0.6387,-0.6436,0.0,0.0,-0.641,0.0,-0.4536,-0.1923,0.0,0.0,0.0,0.0,-0.0875,0.0,0.0,-0.5,-0.144,0.2622,0.0,1.0,0.0,0.0,0.0,0.0,0.0,-0.3062
-0.6416,-0.641,-0.642,0.4185,-0.4744,0.06934,-0.32,0.373,-0.4033,0.12067,-0.1293,-1.967,-0.4285,-0.05942,-1.0,0.0,-0.07764,-0.1642,0.08923,0.0,1.589,1.4375,-0.6084,-0.5522,-0.436,0.1536,0.128,-1.391,-0.6562,-0.46,1.435,-0.4688,0.0,-0.639,-0.643,0.0,0.0,-0.641,0.0,-0.4639,-0.7124,0.0,0.0,0.0,0.0,-0.2117,0.0,0.0,-1.0,0.5137,-0.3489,0.0,2.0,0.0,0.0,0.0,0.0,0.0,-0.746
-0.642,-0.641,-0.642,0.2852,-0.3408,0.06934,-0.32,0.3635,-0.2306,0.1499,-0.1366,-0.514,-0.5713,-0.0495,-1.0,0.0,-0.10535,-0.192,0.1116,0.0,1.591,0.1537,-0.602,-0.5723,-0.2502,0.1389,0.0524,0.2373,-0.654,-1.391,0.934,-0.709,0.4783,-0.6396,-0.643,0.0,0.0,-0.6416,0.0,-0.4624,-0.521,0.0,0.0,0.0,0.0,0.04053,1.0,0.0,-0.5,0.351,-0.2573,1.0,0.0,0.0,0.0,0.0,0.0,0.0,0.1462
-0.6416,-0.6406,-0.642,-0.1423,0.0922,0.06934,-0.32,0.2986,0.223,0.2876,-0.1378,-4.164,-0.5713,-0.0495,0.0,0.0,-0.2354,-0.3186,0.2008,0.0,1.594,0.1289,-0.593,-0.594,0.2218,0.1359,-0.0695,0.9453,-0.655,0.2373,-0.46,1.435,0.7114,-0.639,-0.643,0.0,0.0,-0.6416,0.0,-0.4556,-0.0827,0.0,0.0,0.0,0.0,0.1699,1.0,0.0,0.0,-0.0779,0.1411,2.0,0.0,0.0,0.0,0.0,0.0,0.0,0.611
-0.6416,-0.641,-0.642,0.2964,-0.3535,-0.1821,-0.32,0.222,-0.2634,0.1366,-0.1372,-1.435,-0.5713,-0.0495,-1.0,0.0,-0.1058,-0.1654,0.1116,0.0,1.596,-0.1643,-0.5864,-0.6133,-0.2493,0.1388,-0.10315,-0.9307,-0.659,0.9453,-1.391,0.934,0.2344,-0.6387,-0.6426,0.0,0.0,-0.642,0.0,-0.4624,0.03537,0.0,0.0,0.0,0.0,-0.1475,0.0,-0.5,0.0,0.387,-0.2423,0.0,1.0,0.0,0.0,0.0,0.0,0.0,-0.522
-0.6416,-0.6406,-0.642,-0.133,0.08026,-0.1821,-0.32,0.0756,0.1398,0.2747,-0.1337,-2.84,-0.4285,-0.0495,0.0,0.0,-0.2438,-0.285,0.2008,0.0,1.599,0.442,-0.585,-0.6216,0.1466,0.1508,-0.0737,0.9453,-0.665,-0.9307,0.2373,-0.46,-0.2335,-0.638,-0.6426,0.0,0.0,-0.642,0.0,-0.4556,0.2284,0.0,0.0,0.0,0.0,0.1671,1.0,0.0,0.5,0.00503,0.2098,1.0,0.0,0.0,0.0,0.0,0.0,0.0,0.6006
-0.6416,-0.6406,-0.642,0.0969,-0.1532,-0.1821,-0.32,0.0639,-0.1151,0.195,-0.1334,-0.9536,-0.2856,-0.0396,0.0,0.0,-0.1732,-0.2073,0.1561,0.0,1.601,-0.1743,-0.585,-0.6216,-0.0968,0.1539,0.01877,-0.4653,-0.67,0.9453,0.9453,-1.391,-0.4688,-0.639,-0.642,0.0,0.0,-0.642,0.0,-0.459,0.0193,0.0,0.0,0.0,0.0,-0.05417,1.0,0.0,0.0,0.2107,-0.03217,0.0,1.0,0.0,0.0,0.0,0.0,0.0,-0.1917
-0.641,-0.64,-0.6416,-0.3066,0.2563,-0.1821,-0.32,0.0318,0.3118,0.3308,-0.1328,14.88,-0.1428,-0.02971,0.0,0.0,-0.2974,-0.3337,0.2454,0.0,1.604,-0.1938,-0.5884,-0.6216,0.3044,0.1647,0.1533,0.938,-0.6875,-0.4653,-0.9307,0.2372,-0.709,-0.639,-0.6416,0.0,0.0,-0.6426,0.0,-0.4524,0.06683,0.0,0.0,0.0,0.0,0.3655,1.0,0.5,0.0,-0.1362,0.4077,1.0,0.0,0.0,0.0,0.0,0.0,0.0,1.304
-0.6406,-0.6396,-0.641,-0.265,0.2144,-0.1821,-0.32,0.004135,0.2869,0.3218,-0.1329,0.07886,0.0,-0.0198,0.0,0.0,-0.2917,-0.3225,0.2454,0.0,1.606,-0.1938,-0.594,-0.6216,0.277,0.1702,-0.0611,0.0,-0.6914,0.938,0.9453,0.9453,1.435,-0.6377,-0.641,0.0,0.0,-0.6426,0.0,-0.4524,0.0193,0.0,0.0,0.0,0.0,0.0,0.0,0.0,-0.5,-0.10956,0.3525,0.0,0.0,0.0,0.0,0.0,0.0,0.0,0.0
-0.64,-0.6396,-0.6406,-0.2269,0.1765,-0.1821,-0.32,0.0318,0.2534,0.3137,-0.1321,0.0523,0.1428,-0.0099,0.0,0.0,-0.2822,-0.3179,0.2454,0.0,1.608,0.1168,-0.602,-0.6216,0.248,0.1759,-0.2166,0.0,-0.685,0.0,-0.4653,-0.9307,0.934,-0.6367,-0.641,0.0,0.0,-0.6426,0.0,-0.4524,0.07654,0.0,0.0,0.0,0.0,0.0,0.0,-0.5,-0.5,-0.0987,0.288,0.0,0.0,0.0,0.0,0.0,0.0,0.0,0.0
-0.639,-0.6387,-0.6396,-0.7812,0.741,-0.1821,0.2725,0.12067,0.8403,0.5215,-0.1252,1.889,0.2856,-0.0099,0.0,0.0,-0.4536,-0.518,0.3792,0.0,1.611,1.296,-0.5864,-0.6216,0.7534,0.2102,-0.1367,1.386,-0.6626,0.0,0.938,0.9453,-0.4597,-0.6357,-0.64,0.0,0.0,-0.6416,0.0,-0.4424,0.4487,0.0,0.0,0.0,0.0,0.6997,0.0,0.0,0.0,-0.5913,0.8774,1.0,0.0,0.0,0.0,0.0,0.0,0.0,2.457
-0.638,-0.637,-0.638,-1.073,1.04,-0.1821,0.2725,0.1954,1.136,0.6562,-0.11304,0.4822,0.4285,-0.0099,0.0,0.0,-0.5596,-0.6455,0.4685,0.0,1.613,1.555,-0.5493,-0.608,1.029,0.2444,0.1449,0.903,-0.6255,1.386,0.0,-0.4653,-1.39,-0.6333,-0.6396,0.0,0.0,-0.6406,0.0,-0.4355,0.771,1.0,0.0,0.0,0.0,0.2551,1.0,0.5,0.5,-0.8945,1.141,2.0,0.0,0.0,0.0,0.0,0.0,0.0,0.876
-0.6367,-0.636,-0.637,-0.863,0.8286,-0.1821,0.2725,0.1503,0.921,0.6113,-0.1062,-0.04523,0.4285,-0.0099,0.0,0.0,-0.5264,-0.6016,0.4463,0.0,1.616,0.0647,-0.5176,-0.5903,0.851,0.2576,0.1743,-0.2223,-0.6016,0.903,0.0,0.9375,0.2372,-0.6313,-0.6396,0.0,0.0,-0.6396,0.0,-0.4375,0.5044,0.0,0.0,0.0,0.0,-0.02295,0.0,0.0,0.0,-0.7334,0.892,0.0,1.0,0.0,0.0,0.0,0.0,0.0,-0.0776
-0.636,-0.6353,-0.6367,-0.575,0.539,-0.1821,0.2725,0.1395,0.6445,0.5312,-0.1038,-0.1497,0.4285,-0.0099,0.0,0.0,-0.4604,-0.529,0.4016,0.0,1.619,-0.2266,-0.4917,-0.574,0.586,0.2659,0.0692,-0.4463,-0.5874,-0.2223,1.385,0.0,0.945,-0.63,-0.639,0.0,0.0,-0.639,0.0,-0.441,0.1996,0.0,0.0,0.0,0.0,-0.0711,0.0,-0.5,-0.5,-0.4634,0.606,0.0,2.0,0.0,0.0,0.0,0.0,0.0,-0.2412
-0.6357,-0.635,-0.636,-0.3123,0.2732,-0.1821,0.2725,0.1831,0.369,0.4521,-0.10126,-0.255,0.4285,-0.0099,0.0,0.0,-0.3892,-0.461,0.357,0.0,1.621,0.0874,-0.4712,-0.56,0.3372,0.271,0.2751,-0.4497,-0.5806,-0.4463,0.9023,0.0,-0.93,-0.629,-0.639,0.0,0.0,-0.6387,0.0,-0.4443,0.1996,0.0,0.0,0.0,0.0,-0.0511,0.0,-0.5,-0.5,-0.263,0.2922,0.0,3.0,0.0,0.0,0.0,0.0,0.0,-0.1747
-0.6353,-0.6343,-0.6357,-0.271,0.2285,-0.1821,0.2725,0.02017,0.271,0.4448,-0.094,-0.0793,0.5713,-0.0099,0.0,0.0,-0.3975,-0.4387,0.357,0.0,1.624,-0.522,-0.454,-0.5454,0.2803,0.2825,0.1533,0.0,-0.577,-0.4497,-0.2223,1.385,0.945,-0.628,-0.6387,0.0,0.0,-0.638,0.0,-0.4443,0.656,0.0,0.0,0.0,0.0,0.0,-1.0,-1.0,-0.5,-0.2352,0.2361,0.0,0.0,0.0,0.0,0.0,0.0,0.0,0.0
-0.6353,-0.6343,-0.6357,0.06604,-0.1144,-0.1821,0.2725,0.01611,-0.1312,0.3306,-0.0897,-0.9995,0.5713,-0.0099,-1.0,0.0,-0.2983,-0.332,0.29,0.0,1.626,-0.2034,-0.4421,-0.53,-0.1282,0.2979,0.2668,-0.6797,-0.5845,0.0,-0.4463,0.9023,-0.465,-0.628,-0.6387,0.0,0.0,-0.6377,0.0,-0.4495,0.3618,0.0,0.0,0.0,0.0,-0.0961,-2.0,-1.0,-1.0,0.07135,-0.11383,0.0,1.0,0.0,0.0,0.0,0.0,0.0,-0.3313
-0.6353,-0.6343,-0.6353,-0.02846,-0.01964,-0.1821,0.2725,-0.04636,-0.05902,0.3594,-0.08777,-4.79,0.5713,-0.0099,0.0,0.0,-0.3293,-0.3533,0.3123,0.0,1.629,-0.515,-0.4365,-0.515,-0.0638,0.3074,0.12384,0.2291,-0.6045,-0.6797,-0.4495,-0.2222,0.9375,-0.6284,-0.6387,0.0,0.0,-0.637,0.0,-0.4478,0.203,0.0,0.0,0.0,0.0,0.04172,-1.0,-1.0,-1.0,-0.05338,-0.05927,1.0,0.0,0.0,0.0,0.0,0.0,0.0,0.1454
-0.635,-0.6343,-0.6353,-0.01421,-0.03644,-0.1821,0.2725,-0.07367,-0.1311,0.3523,-0.0828,-1.267,0.5713,-0.0099,-1.0,0.0,-0.3257,-0.344,0.3123,0.0,1.631,-0.208,-0.4355,-0.502,-0.1171,0.3186,0.1365,0.0,-0.6074,0.2291,0.0,-0.446,0.0,-0.6294,-0.6387,0.0,0.0,-0.6367,0.0,-0.448,0.56,0.0,0.0,0.0,0.0,0.0,-1.0,-1.0,-1.0,-0.0868,-0.1268,0.0,0.0,0.0,0.0,0.0,0.0,0.0,0.0
-0.635,-0.6343,-0.6353,0.2013,-0.2556,-0.2247,0.2725,-0.1139,-0.3787,0.2744,-0.0823,14.88,0.4285,-0.0099,-1.0,0.0,-0.2605,-0.2666,0.2678,0.0,1.634,-0.1986,-0.4368,-0.4905,-0.3723,0.3257,0.149,-0.4565,-0.6074,0.0,-0.6797,-0.4495,0.0,-0.631,-0.6387,0.0,0.0,-0.6367,0.0,-0.4514,0.1122,0.0,0.0,0.0,0.0,-0.0929,-1.0,-1.0,-1.5,0.1163,-0.3428,0.0,1.0,0.0,0.0,0.0,0.0,0.0,-0.3225
-0.6353,-0.635,-0.6357,0.608,-0.6675,-0.2247,0.2725,-0.0001847,-0.834,0.126,-0.083,2.037,0.2856,-0.0099,-1.0,0.0,-0.11597,-0.1337,0.1785,0.0,1.637,0.7637,-0.4468,-0.4827,-0.814,0.3254,-0.09894,-0.92,-0.6045,-0.4565,0.2291,0.0,1.385,-0.6323,-0.638,0.0,0.0,-0.6367,0.0,-0.4583,-0.06,0.0,0.0,0.0,0.0,-0.1675,-1.0,-1.5,-1.5,0.499,-0.749,0.0,2.0,0.0,0.0,0.0,0.0,0.0,-0.586
-0.636,-0.6353,-0.6367,0.775,-0.8345,-0.2247,0.276,0.01569,-1.019,0.04904,-0.08844,0.425,0.1428,-0.0099,-1.0,0.0,-0.04315,-0.05887,0.1339,0.0,1.639,-0.1693,-0.4607,-0.478,-1.06,0.3308,-0.305,-0.4673,-0.6113,-0.92,0.0,-0.679,0.9023,-0.634,-0.638,0.0,0.0,-0.6367,0.0,-0.4617,-0.5537,0.0,0.0,0.0,0.0,-0.07184,-1.0,-1.5,-2.0,0.68,-0.8877,0.0,3.0,0.0,0.0,0.0,0.0,0.0,-0.2554
-0.637,-0.636,-0.6377,1.147,-1.208,-0.2247,-0.2079,0.0482,-1.397,-0.0998,-0.09705,0.603,0.0,0.0,-1.0,0.0,0.10126,0.0894,0.04462,0.0,1.642,-0.149,-0.4888,-0.4832,-1.385,0.3054,-0.326,-0.942,-0.5986,-0.4673,-0.4565,0.229,-0.2222,-0.6357,-0.638,0.0,0.0,-0.6367,0.0,-0.4688,-0.79,0.0,0.0,0.0,0.0,-0.3096,-2.0,-1.5,-2.0,1.08,-1.202,0.0,4.0,0.0,0.0,0.0,0.0,0.0,-1.108
-0.638,-0.637,-0.6387,1.053,-1.108,-0.2247,-0.2079,0.1055,-1.328,-0.1061,-0.1057,0.0838,-0.1428,0.0099,-1.0,0.0,0.1125,0.09045,0.04462,0.0,1.644,0.8164,-0.528,-0.4946,-1.232,0.2727,-0.3174,0.0,-0.5786,-0.942,-0.92,0.0,-0.446,-0.6377,-0.6387,0.0,0.0,-0.637,0.0,-0.4688,-0.79,0.0,0.0,0.0,0.0,0.0,-2.0,-1.5,-2.0,0.9155,-1.187,0.0,0.0,0.0,0.0,0.0,0.0,0.0,0.0
-0.6387,-0.6377,-0.639,0.7485,-0.802,-0.2247,-0.2079,-0.082,-1.002,-0.0409,-0.11743,-0.152,-0.2856,0.0198,-1.0,0.0,0.03308,0.04138,0.08923,0.0,1.646,-0.4785,-0.545,-0.509,-0.875,0.2443,-0.3008,0.4785,-0.5757,0.0,-0.467,-0.4563,-0.4495,-0.639,-0.6387,0.0,0.0,-0.637,0.0,-0.4653,-1.22,0.0,1.0,0.0,0.0,0.0732,-1.0,-1.5,-2.0,0.606,-0.909,1.0,0.0,0.0,0.0,0.0,0.0,0.0,0.266
-0.639,-0.638,-0.6396,0.5825,-0.636,-0.2247,-0.2079,-0.2312,-0.763,-0.01107,-0.1313,-0.1526,-0.4285,0.0198,-1.0,0.0,-0.008644,0.02533,0.1116,0.0,1.649,0.1537,-0.5283,-0.5195,-0.606,0.2117,-0.351,0.2373,-0.568,0.4785,-0.9414,-0.92,0.0,-0.6406,-0.6387,0.0,0.0,-0.6377,0.0,-0.4636,-1.636,0.0,1.0,0.0,0.0,0.0509,0.0,-1.0,-2.0,0.4517,-0.7437,2.0,0.0,0.0,0.0,0.0,0.0,0.0,0.1837
-0.639,-0.638,-0.6396,0.2249,-0.276,-0.2247,-0.2079,-0.2522,-0.3264,0.089,-0.1425,-0.596,-0.5713,0.02971,-1.0,0.0,-0.1043,-0.073,0.1785,0.0,1.651,0.135,-0.5044,-0.529,-0.2047,0.1987,-0.2712,0.709,-0.5693,0.2373,0.0,-0.467,-0.679,-0.641,-0.6387,0.0,0.0,-0.637,0.0,-0.4587,-1.175,0.0,1.0,0.0,0.0,0.145,1.0,-0.5,-1.5,0.1289,-0.373,3.0,0.0,0.0,0.0,0.0,0.0,0.0,0.521
-0.639,-0.638,-0.6396,0.01015,-0.0599,-0.2247,-0.2079,-0.2659,-0.0337,0.1516,-0.151,-1.377,-0.5713,0.0396,0.0,0.0,-0.1632,-0.1334,0.2231,0.0,1.654,0.12286,-0.4795,-0.534,0.07135,0.1886,-0.3342,0.4673,-0.5693,0.709,0.4783,-0.9414,0.229,-0.641,-0.638,0.0,0.0,-0.6377,0.0,-0.4553,-0.829,0.0,0.0,0.0,0.0,0.1026,2.0,-0.5,-1.0,-0.0722,-0.159,4.0,0.0,0.0,0.0,0.0,0.0,0.0,0.3645
-0.639,-0.6387,-0.6396,0.3303,-0.3855,-0.2247,-0.2079,-0.2734,-0.303,0.0363,-0.1604,-3.482,-0.7144,0.0495,-1.0,0.0,-0.05707,-0.0184,0.1561,0.0,1.656,-0.1743,-0.4568,-0.537,-0.2369,0.1824,-0.351,-0.6953,-0.5654,0.4673,0.2373,0.0,0.0,-0.6406,-0.638,0.0,0.0,-0.6377,0.0,-0.4604,-0.8867,0.0,0.0,0.0,0.0,-0.12024,2.0,-0.5,-1.0,0.2664,-0.44,0.0,1.0,0.0,0.0,0.0,0.0,0.0,-0.424
-0.639,-0.6387,-0.6396,0.1041,-0.1576,-0.2247,-0.2079,-0.259,-0.01695,0.0998,-0.1678,-1.527,-0.7144,0.05942,0.0,0.0,-0.1149,-0.08307,0.2008,0.0,1.659,-0.4973,-0.4373,-0.537,0.02316,0.1755,-0.2964,0.469,-0.5645,-0.6953,0.709,0.4783,-0.4563,-0.6396,-0.6387,0.0,0.0,-0.6377,0.0,-0.457,-0.6797,0.0,0.0,0.0,0.0,0.06696,2.0,0.0,-0.5,0.0418,-0.2277,1.0,0.0,0.0,0.0,0.0,0.0,0.0,0.2388
-0.639,-0.6387,-0.6396,0.10626,-0.1608,-0.2247,-0.2079,-0.3147,0.01591,0.0917,-0.1732,0.5103,-0.5713,0.06934,0.0,0.0,-0.1124,-0.06964,0.2008,0.0,1.661,-0.81,-0.423,-0.5293,0.0529,0.1696,-0.141,0.0,-0.5713,0.469,0.467,0.2372,-0.9194,-0.6387,-0.6387,0.0,0.0,-0.638,0.0,-0.457,-0.4832,0.0,0.0,0.0,0.0,0.0,1.0,0.0,-0.5,0.03204,-0.2435,0.0,0.0,0.0,0.0,0.0,0.0,0.0,0.0
-0.6387,-0.6377,-0.639,-0.4924,0.4468,-0.4312,-0.2079,-0.2173,0.6953,0.2952,-0.175,5.832,-0.5713,0.0792,0.0,0.0,-0.288,-0.2764,0.3347,0.0,1.664,1.011,-0.4175,-0.52,0.721,0.172,-0.05267,1.396,-0.5913,0.0,-0.6953,0.709,-0.467,-0.6367,-0.638,0.0,0.0,-0.6387,0.0,-0.447,-0.065,0.0,0.0,0.0,0.0,0.3591,1.0,0.5,-0.5,-0.4607,0.4329,1.0,0.0,0.0,-0.5,0.0,0.0,0.0,1.2705
-0.6377,-0.637,-0.638,-0.6274,0.5845,-0.4312,-0.2079,-0.2039,0.8994,0.3557,-0.1757,0.4187,-0.4285,0.0891,0.0,0.0,-0.34,-0.3345,0.3792,0.0,1.667,0.08167,-0.422,-0.5127,0.934,0.1748,0.1533,0.4548,-0.6025,1.396,0.469,0.467,-0.9414,-0.6353,-0.6377,0.0,0.0,-0.6387,0.0,-0.4436,0.06683,0.0,0.0,0.0,0.0,0.08856,1.0,1.0,0.0,-0.5894,0.567,2.0,0.0,0.0,-0.5,0.0,0.0,0.0,0.3064
-0.6367,-0.6357,-0.637,-0.8413,0.8047,-0.0997,-0.2079,-0.1707,1.175,0.4512,-0.1724,0.4407,-0.2856,0.099,0.0,0.0,-0.4202,-0.4263,0.4463,0.0,1.669,0.365,-0.4382,-0.508,1.2295,0.1835,0.2163,0.6772,-0.594,0.4548,0.0,-0.6953,0.0,-0.6333,-0.637,0.0,0.0,-0.6387,0.0,-0.4385,0.3914,0.0,0.0,0.0,0.0,0.1338,2.0,1.5,0.5,-0.8057,0.7676,3.0,0.0,0.0,-0.5,0.0,0.0,0.0,0.4592
-0.636,-0.6353,-0.636,-0.556,0.5166,-0.0997,-0.2079,-0.2375,0.862,0.3696,-0.1677,-0.1231,-0.1428,0.1089,0.0,0.0,-0.3555,-0.3445,0.4016,0.0,1.672,-0.2266,-0.4644,-0.506,0.955,0.1929,0.2079,-0.4463,-0.5884,0.6772,1.3955,0.4688,0.4783,-0.632,-0.6367,0.0,0.0,-0.6387,0.0,-0.442,0.565,0.0,0.0,0.0,0.0,-0.07,1.0,1.0,0.5,-0.538,0.4824,0.0,1.0,0.0,-0.5,0.0,0.0,0.0,-0.2375
-0.6343,-0.634,-0.635,-1.24,1.215,-0.0997,-0.2079,-0.1849,1.601,0.6406,-0.1555,0.973,0.0,0.11884,0.0,0.0,-0.5806,-0.5957,0.58,0.0,1.674,0.619,-0.5063,-0.5073,1.7,0.2231,0.2247,1.799,-0.5454,-0.4463,0.4546,0.0,0.2372,-0.629,-0.636,0.0,0.0,-0.638,0.0,-0.4285,1.045,1.0,0.0,0.0,0.0,0.4473,2.0,1.0,1.0,-1.142,1.216,1.0,0.0,0.0,-0.5,0.0,0.0,0.0,1.529
-0.633,-0.632,-0.6333,-1.29,1.268,-0.0997,-0.2079,-0.1722,1.6045,0.6997,-0.1388,0.1454,0.1428,0.1287,0.0,0.0,-0.628,-0.6484,0.6133,1.0,-0.2903,0.02116,-0.5254,-0.51,1.66,0.2634,0.1869,0.4365,-0.4963,1.799,0.677,1.3955,0.709,-0.626,-0.6353,0.0,0.0,-0.637,0.0,-0.425,1.478,1.0,0.0,0.0,0.0,0.1164,2.0,1.0,1.5,-1.169,1.289,2.0,0.0,0.0,-0.5,0.0,0.0,0.0,0.3862
-0.631,-0.63,-0.6313,-1.631,1.761,0.538,-0.2079,-0.1418,1.907,0.933,-0.11694,0.4634,0.2856,0.1387,0.0,0.0,-0.8105,-0.8496,0.6133,1.0,-0.2903,1.122,-0.4553,-0.495,1.872,0.2125,0.1869,1.517,-0.42,0.4365,-0.4463,0.4546,0.467,-0.622,-0.6343,0.0,0.0,-0.636,0.0,-0.4133,1.478,1.0,0.0,0.0,0.0,0.6265,2.0,1.0,2.0,-1.384,1.828,3.0,0.0,0.0,-0.5,0.0,0.0,0.0,2.064
-0.629,-0.628,-0.6294,-1.501,1.49,0.538,-0.2079,-0.03354,1.741,0.885,-0.0974,-0.03748,0.4285,0.1486,0.0,0.0,-0.763,-0.82,0.592,0.0,-0.2878,0.561,-0.3506,-0.4595,1.429,0.2874,0.418,-0.2113,-0.3657,1.517,1.798,0.677,-0.695,-0.619,-0.634,0.0,0.0,-0.635,0.0,-0.4153,1.468,1.0,0.0,0.0,0.0,-0.10956,1.0,1.0,1.5,-1.322,1.558,0.0,1.0,0.0,-0.5,0.0,0.0,0.0,-0.352
-0.6274,-0.627,-0.628,-0.986,0.9683,0.538,-0.2079,0.02077,1.094,0.733,-0.0813,-0.2399,0.5713,0.1486,0.0,0.0,-0.6377,-0.696,0.505,0.0,-0.2854,0.3,-0.2583,-0.417,0.7915,0.328,0.4475,-0.848,-0.3374,-0.2113,0.4365,-0.446,0.4688,-0.6167,-0.633,0.0,0.0,-0.634,0.0,-0.422,1.111,1.0,0.0,0.0,0.0,-0.2227,1.0,0.5,1.0,-0.8257,1.056,0.0,2.0,0.0,-0.5,0.0,0.0,0.0,-0.7183
-0.6265,-0.626,-0.627,-0.787,0.7666,0.538,-0.2079,0.02812,0.8135,0.687,-0.0682,-0.111,0.7144,0.1486,0.0,0.0,-0.5996,-0.6562,0.4832,0.0,-0.2827,0.01591,-0.1802,-0.3716,0.523,0.3606,0.5356,-0.2151,-0.322,-0.848,1.517,1.798,0.0,-0.6157,-0.6323,0.0,0.0,-0.633,0.0,-0.4238,0.96,1.0,0.0,0.0,0.0,-0.04727,0.0,0.5,0.5,-0.65,0.844,0.0,3.0,0.0,-0.5,0.0,0.0,0.0,-0.1547
-0.625,-0.624,-0.6255,-1.414,1.405,0.538,-0.2079,0.12164,1.466,0.9556,-0.05066,0.913,0.7144,0.1486,0.0,0.0,-0.804,-0.8936,0.6133,1.0,-0.2903,1.669,-0.1089,-0.3215,1.166,0.3604,0.3677,1.728,-0.289,-0.2151,-0.2113,0.4363,1.3955,-0.613,-0.632,0.0,0.0,-0.631,0.0,-0.4104,1.101,1.0,0.0,0.0,0.0,0.475,0.0,0.5,0.5,-1.192,1.526,1.0,0.0,0.0,-0.5,0.0,0.0,0.0,1.561
-0.623,-0.622,-0.6235,-1.354,1.343,0.538,0.5684,0.11414,1.322,0.978,-0.03021,0.0434,0.857,0.1486,0.0,0.0,-0.8223,-0.9116,0.6133,1.0,-0.2903,-0.311,-0.0464,-0.2678,1.073,0.379,0.376,0.2098,-0.2756,1.728,-0.848,1.517,0.4546,-0.611,-0.6313,0.0,0.0,-0.629,0.0,-0.4087,1.345,1.0,0.0,0.0,0.0,0.05286,0.0,0.5,1.0,-1.148,1.45,2.0,0.0,0.0,-0.5,0.0,0.0,0.0,0.1687
-0.622,-0.6216,-0.6226,-0.6753,0.654,0.538,0.5684,0.2366,0.496,0.7573,-0.015495,-0.4873,0.857,0.1486,0.0,0.0,-0.6377,-0.7373,0.4846,0.0,-0.2878,0.2876,-0.0006223,-0.2179,0.3135,0.405,0.3381,-1.255,-0.2927,0.2098,-0.2151,-0.2112,0.677,-0.61,-0.631,0.0,0.0,-0.6274,0.0,-0.4192,0.876,1.0,0.0,0.0,0.0,-0.3206,0.0,0.0,0.5,-0.4397,0.8477,0.0,1.0,0.0,-0.5,0.0,0.0,0.0,-1.02
-0.6216,-0.6206,-0.6216,-0.5996,0.5728,0.538,0.5684,0.2878,0.3176,0.7466,-0.0008383,-0.177,0.857,0.1486,0.0,0.0,-0.6245,-0.733,0.4846,0.0,-0.2854,-0.287,0.02596,-0.1742,0.2144,0.4255,0.4727,0.0,-0.3118,-1.255,1.727,-0.848,-0.446,-0.6104,-0.6304,0.0,0.0,-0.626,0.0,-0.4192,0.876,1.0,0.0,0.0,0.0,0.0,0.0,0.0,0.5,-0.4343,0.696,0.0,0.0,-0.5,-0.5,0.0,0.0,0.0,0.0
-0.621,-0.62,-0.621,-0.3464,0.3118,0.538,0.5684,0.2269,-0.00922,0.667,0.00807,-0.6855,0.857,0.1486,0.0,0.0,-0.5654,-0.658,0.4417,0.0,-0.2827,0.01068,0.03818,-0.1366,-0.1298,0.454,0.1953,-0.4272,-0.3396,0.0,0.2098,-0.2151,1.798,-0.6113,-0.6294,0.0,0.0,-0.6245,0.0,-0.4226,0.5796,0.0,0.0,0.0,0.0,-0.1141,0.0,-0.5,0.0,-0.1931,0.4414,0.0,1.0,-0.5,-0.5,0.0,0.0,0.0,-0.3706
-0.6206,-0.6196,-0.6206,-0.302,0.2632,0.538,0.5684,0.2269,-0.1076,0.657,0.01529,-0.876,0.857,0.1486,0.0,0.0,-0.557,-0.6494,0.4417,0.0,-0.2803,0.01067,0.02925,-0.1072,-0.2037,0.4697,0.128,0.0,-0.3638,-0.4272,-1.254,1.727,0.4363,-0.6113,-0.629,0.0,0.0,-0.623,0.0,-0.4226,0.5117,0.0,0.0,0.0,0.0,0.0,-1.0,-1.0,-0.5,-0.184,0.358,0.0,0.0,-0.5,-0.5,0.0,0.0,0.0,0.0
-0.62,-0.619,-0.6206,-0.1681,0.1243,0.538,0.5684,0.1833,-0.2805,0.6133,0.01965,-17.1,0.7144,0.1486,-1.0,0.0,-0.525,-0.6064,0.4202,0.0,-0.2778,-0.2747,-0.0018215,-0.08655,-0.365,0.482,-0.1577,-0.2151,-0.388,0.0,0.0,0.2097,1.516,-0.6113,-0.6284,0.0,0.0,-0.622,0.0,-0.4246,0.3328,0.0,0.0,0.0,0.0,-0.05414,-2.0,-1.5,-1.0,-0.0675,0.2103,0.0,1.0,-0.5,-0.5,0.0,0.0,0.0,-0.1771
-0.6196,-0.619,-0.62,-0.1418,0.0924,0.538,0.5684,0.1833,-0.3625,0.604,0.02562,0.6865,0.5713,0.1486,-1.0,0.0,-0.5176,-0.598,0.4202,0.0,-0.2751,-0.2747,-0.05972,-0.07495,-0.4075,0.4912,-0.141,0.0,-0.433,-0.2151,-0.427,-1.254,-0.2112,-0.6123,-0.628,0.0,0.0,-0.621,0.0,-0.4246,0.4653,0.0,0.0,0.0,0.0,0.0,-2.0,-1.5,-1.0,-0.1311,0.0828,0.0,0.0,-0.5,-0.5,0.0,0.0,0.0,0.0
-0.6196,-0.6187,-0.6196,-0.1166,0.06525,0.538,0.5684,0.07983,-0.385,0.5947,0.02534,0.2418,0.4285,0.1486,-1.0,0.0,-0.519,-0.58,0.4202,0.0,-0.2727,-0.2747,-0.1388,-0.073,-0.4446,0.499,0.006153,0.0,-0.4795,0.0,0.0,0.0,-0.8477,-0.614,-0.6274,0.0,0.0,-0.62,0.0,-0.4246,0.0668,0.0,0.0,0.0,0.0,0.0,-2.0,-1.5,-1.5,-0.1294,0.03186,0.0,0.0,-0.5,-0.5,0.0,0.0,0.0,0.0
-0.619,-0.6187,-0.6196,0.001721,-0.05484,0.538,0.5684,0.03552,-0.49,0.551,0.02277,0.5693,0.2856,0.1486,-1.0,0.0,-0.486,-0.5366,0.3987,0.0,-0.2703,-0.562,-0.2323,-0.08264,-0.546,0.4985,0.04398,-0.216,-0.5405,0.0,-0.2151,-0.427,-0.215,-0.6143,-0.6265,0.0,0.0,-0.6187,0.0,-0.4265,-0.1375,0.0,0.0,0.0,0.0,-0.07104,-2.0,-1.5,-2.0,-0.0861,-0.1605,0.0,1.0,-0.5,-0.5,0.0,0.0,0.0,-0.2334
-0.6196,-0.6187,-0.6196,0.303,-0.3596,0.538,0.5684,-0.0732,-0.7314,0.437,0.012436,0.8496,0.1428,0.1486,-1.0,0.0,-0.3992,-0.4226,0.3342,0.0,-0.2676,0.03717,-0.306,-0.1048,-0.789,0.484,-0.2964,-0.65,-0.575,-0.216,0.0,0.0,1.727,-0.6157,-0.626,0.0,0.0,-0.618,0.0,-0.4316,-0.94,0.0,0.0,0.0,0.0,-0.1572,-2.0,-1.5,-2.0,0.2198,-0.4368,0.0,2.0,-0.5,-0.5,0.0,0.0,0.0,-0.518
-0.619,-0.6187,-0.6196,-0.1912,0.1403,0.538,0.5684,-0.1339,-0.1753,0.599,0.006317,-0.8467,0.0,0.1584,-1.0,0.0,-0.5415,-0.5635,0.4417,0.0,-0.2651,0.3,-0.364,-0.14,-0.194,0.4678,-0.389,1.096,-0.609,-0.65,0.0,-0.2151,0.2097,-0.6157,-0.625,0.0,0.0,-0.6177,0.0,-0.4233,-0.4185,0.0,0.0,0.0,0.0,0.2656,-1.0,-1.5,-2.0,-0.2336,0.069,1.0,0.0,-0.5,-0.5,0.0,0.0,0.0,0.885
-0.618,-0.6177,-0.6187,-0.6216,0.5767,0.538,0.5684,-0.1925,0.313,0.761,0.007145,-8.76,0.0,0.1584,0.0,0.0,-0.6797,-0.6997,0.549,0.0,-0.2627,-0.2993,-0.4185,-0.1853,0.2961,0.4739,-0.1704,1.075,-0.6265,1.096,-0.2158,0.0,-1.254,-0.6147,-0.6235,0.0,0.0,-0.6167,0.0,-0.4148,0.203,0.0,0.0,0.0,0.0,0.3567,0.0,-1.5,-1.5,-0.595,0.5464,2.0,0.0,-0.5,-0.5,0.0,0.0,0.0,1.167
-0.617,-0.6167,-0.6177,-0.819,0.7773,0.538,0.5684,-0.2115,0.5596,0.853,0.01082,0.774,0.0,0.1584,0.0,0.0,-0.7544,-0.776,0.6133,1.0,-0.2903,-0.0298,-0.4731,-0.2434,0.5728,0.4812,-0.1577,0.634,-0.658,1.075,-0.65,0.0,0.0,-0.6133,-0.622,0.0,0.0,-0.6157,0.0,-0.4097,0.4404,0.0,0.0,0.0,0.0,0.1115,1.0,-1.0,-1.0,-0.838,0.683,3.0,0.0,-0.5,-0.5,0.0,0.0,0.0,0.3584
-0.6167,-0.616,-0.617,-0.275,0.225,0.538,0.5684,-0.3071,0.06494,0.6704,0.005024,-0.661,0.0,0.1584,0.0,0.0,-0.616,-0.61,0.506,0.0,-0.2878,0.2815,-0.5205,-0.3123,0.07684,0.4763,-0.0485,-1.046,-0.6665,0.634,1.095,-0.2158,-0.427,-0.613,-0.621,0.0,0.0,-0.615,0.0,-0.4185,-0.4185,0.0,0.0,0.0,0.0,-0.1384,1.0,-1.0,-1.5,-0.2812,0.1863,0.0,1.0,-0.5,-0.5,0.0,0.0,0.0,-0.4402
-0.616,-0.615,-0.616,-0.5117,0.4639,0.538,0.5684,-0.325,0.3953,0.7637,0.000654,2.156,0.0,0.1584,0.0,0.0,-0.693,-0.689,0.5703,0.0,-0.2854,-0.3032,-0.556,-0.3867,0.4353,0.4666,-0.0359,0.6387,-0.6655,-1.046,1.075,-0.65,0.0,-0.612,-0.62,0.0,0.0,-0.6147,0.0,-0.4133,-0.2698,0.0,0.0,0.0,0.0,0.07196,2.0,-0.5,-1.5,-0.5376,0.3853,1.0,0.0,-0.5,-0.5,0.0,0.0,0.0,0.233
-0.6157,-0.6147,-0.6157,-0.3591,0.3096,0.04465,0.5684,-0.395,0.2673,0.72,0.0004861,-0.1318,0.0,0.1584,0.0,0.0,-0.664,-0.6445,0.549,0.0,-0.2827,-0.2993,-0.5845,-0.443,0.3193,0.469,0.03137,-0.2106,-0.6655,0.6387,0.634,1.095,-0.215,-0.6104,-0.619,0.0,0.0,-0.6147,0.0,-0.415,0.095,0.0,0.0,0.0,0.0,-0.0505,1.0,-0.5,-1.5,-0.3838,0.2444,0.0,1.0,-0.5,-0.5,0.0,0.0,0.0,-0.1617
-0.615,-0.6143,-0.6157,-0.1277,0.0753,0.04465,0.5684,-0.358,0.04987,0.643,-0.0009985,-0.4807,0.0,0.1584,0.0,0.0,-0.598,-0.581,0.506,0.0,-0.2803,-0.004765,-0.6074,-0.485,0.1064,0.4702,0.05658,-0.4226,-0.6665,-0.2106,-1.045,1.075,0.0,-0.6094,-0.618,0.0,0.0,-0.6147,0.0,-0.4185,-0.065,0.0,0.0,0.0,0.0,-0.06915,0.0,-0.5,-1.5,-0.1665,0.012886,0.0,2.0,-0.5,-0.5,0.0,0.0,0.0,-0.2222
-0.6147,-0.614,-0.615,-0.2878,0.2377,0.04465,0.5684,-0.395,0.2219,0.703,0.0004172,1.287,0.0,0.1584,0.0,0.0,-0.6504,-0.63,0.549,0.0,-0.2778,-0.299,-0.6084,-0.5234,0.288,0.4756,0.0734,0.4255,-0.665,-0.4226,0.638,0.634,0.0,-0.6084,-0.617,0.0,0.0,-0.6147,0.0,-0.4153,0.225,0.0,0.0,0.0,0.0,0.07745,0.0,0.0,-1.0,-0.2957,0.1965,1.0,0.0,-0.5,-0.5,0.0,0.0,0.0,0.2507
-0.6147,-0.614,-0.6147,-0.0629,0.00973,0.04465,0.5786,-0.3835,-0.01035,0.626,0.0004094,-0.613,0.0,0.1584,0.0,0.0,-0.5864,-0.5635,0.506,0.0,-0.2751,-0.5776,-0.6084,-0.5615,0.0645,0.479,0.1406,-0.4226,-0.6685,0.4255,-0.2106,-1.045,-0.2158,-0.609,-0.6167,0.0,0.0,-0.6143,0.0,-0.4187,0.06683,0.0,0.0,0.0,0.0,-0.08374,0.0,0.0,-1.0,-0.0729,-0.01628,0.0,1.0,-0.5,-0.5,0.0,0.0,0.0,-0.269
-0.6147,-0.614,-0.6147,0.2384,-0.2957,0.04465,0.5786,-0.366,-0.332,0.515,-0.001022,-3.225,0.0,0.1584,-1.0,0.0,-0.492,-0.4658,0.4417,0.0,-0.2727,-0.5684,-0.6084,-0.593,-0.2605,0.482,0.2878,-0.6387,-0.675,-0.4226,-0.4226,0.638,-0.65,-0.61,-0.6157,0.0,0.0,-0.6147,0.0,-0.4238,-0.0733,0.0,0.0,0.0,0.0,-0.1177,-1.0,0.0,-1.0,0.2449,-0.2803,0.0,2.0,-0.5,-0.5,0.0,0.0,0.0,-0.3809
-0.6147,-0.614,-0.6147,0.1329,-0.1892,0.04465,0.5786,-0.3975,-0.2423,0.5405,-0.002008,-0.3113,0.0,0.1584,-1.0,0.0,-0.516,-0.4856,0.4631,0.0,-0.2703,-0.5713,-0.6084,-0.615,-0.17,0.4846,0.09863,0.2151,-0.6885,-0.6387,0.4255,-0.2104,1.095,-0.6104,-0.615,0.0,0.0,-0.615,0.0,-0.422,-0.01264,0.0,0.0,0.0,0.0,0.033,0.0,0.0,-0.5,0.1569,-0.1631,1.0,0.0,-0.5,-0.5,0.0,0.0,0.0,0.1079
-0.6147,-0.614,-0.6147,0.1326,-0.1891,0.04465,0.678,-0.3975,-0.257,0.5317,-0.00289,0.2715,0.0,0.1584,-1.0,0.0,-0.509,-0.478,0.4631,0.0,-0.2676,-0.283,-0.6084,-0.6216,-0.1924,0.4895,-0.1073,0.0,-0.6885,0.2151,-0.4226,-0.4224,1.075,-0.6113,-0.615,0.0,0.0,-0.615,0.0,-0.4224,-0.01264,0.0,0.0,0.0,0.0,0.0,0.0,-0.5,-0.5,0.1455,-0.175,0.0,0.0,-0.5,-0.5,0.0,0.0,0.0,0.0
-0.6143,-0.6133,-0.6143,-0.3323,0.282,0.04465,0.678,-0.325,0.2056,0.6943,0.000769,-3.432,0.1428,0.1584,0.0,0.0,-0.637,-0.629,0.5703,0.0,-0.2651,0.547,-0.6084,-0.6216,0.2546,0.5044,-0.2502,1.071,-0.681,0.0,-0.638,0.4255,0.634,-0.611,-0.6143,0.0,0.0,-0.6147,0.0,-0.4138,0.312,0.0,0.0,0.0,0.0,0.1947,0.0,-0.5,0.0,-0.2717,0.3118,1.0,0.0,-0.5,-0.5,0.0,0.0,0.0,0.635
-0.613,-0.6123,-0.6133,-0.9126,0.8706,0.04465,0.678,-0.3164,0.7983,0.9243,0.01198,2.17,0.2856,0.1584,0.0,0.0,-0.8193,-0.8257,0.6133,1.0,-0.2903,0.499,-0.5825,-0.6216,0.803,0.4338,-0.0485,1.474,-0.644,1.071,0.2151,-0.4224,-1.045,-0.6094,-0.614,0.0,0.0,-0.6143,0.0,-0.402,0.7817,1.0,0.0,0.0,0.0,0.504,1.0,0.0,0.5,-0.8,0.912,2.0,0.0,-0.5,-0.5,0.0,0.0,0.0,1.614
-0.611,-0.6104,-0.6113,-1.491,1.463,0.7666,0.678,-0.2421,1.466,1.187,0.0252,0.9443,0.4285,0.1584,0.0,0.0,-1.012,-1.046,0.6133,1.0,-0.2903,0.9854,-0.523,-0.5938,1.358,0.3223,-0.1326,1.645,-0.567,1.474,0.0,-0.638,0.638,-0.607,-0.613,0.0,0.0,-0.6133,0.0,-0.3884,0.8667,1.0,0.0,0.0,0.0,0.6147,2.0,0.0,0.5,-1.32,1.522,3.0,0.0,-0.5,-0.5,1.0,0.0,4.234,1.921
-0.61,-0.609,-0.61,-0.911,0.878,0.7666,0.678,-0.1876,0.8643,1.005,0.03069,-0.2742,0.4285,0.1584,0.0,0.0,-0.87,-0.905,0.5107,0.0,-0.2878,0.2056,-0.4644,-0.555,0.6733,0.3577,-0.02747,-1.0,-0.5425,1.645,1.071,0.2151,-0.2104,-0.605,-0.6123,0.0,0.0,-0.6123,0.0,-0.3972,0.3884,0.0,0.0,0.0,0.0,-0.359,1.0,0.0,0.0,-0.754,0.9683,0.0,1.0,-0.5,-0.5,0.0,0.0,0.0,-1.092
-0.6084,-0.608,-0.609,-0.8975,0.8647,0.7666,0.678,-0.2423,0.899,1.028,0.0348,0.1816,0.4285,0.1584,0.0,0.0,-0.8936,-0.919,0.5312,0.0,-0.2854,-0.618,-0.4182,-0.523,0.7036,0.372,0.10284,0.2034,-0.5215,-1.0,1.474,0.0,-0.4224,-0.602,-0.612,0.0,0.0,-0.6113,0.0,-0.3955,0.312,0.0,0.0,0.0,0.0,0.04507,2.0,0.5,0.0,-0.785,0.9067,1.0,0.0,-0.5,-0.5,0.0,0.0,0.0,0.1394
-0.6074,-0.6064,-0.608,-0.799,0.765,0.7666,0.678,-0.3152,0.793,1.02,0.04294,0.02826,0.4285,0.1584,0.0,0.0,-0.8926,-0.9043,0.5312,0.0,-0.2827,-0.618,-0.3748,-0.4902,0.582,0.397,0.07764,0.0,-0.507,0.2034,1.644,1.071,0.4255,-0.5996,-0.6113,0.0,0.0,-0.6104,0.0,-0.3958,0.649,0.0,0.0,0.0,0.0,0.0,1.0,0.0,0.0,-0.7256,0.7725,0.0,0.0,-0.5,-0.5,0.0,0.0,0.0,0.0
-0.6055,-0.605,-0.606,-1.3,1.277,0.7666,0.678,-0.236,1.372,1.247,0.05392,0.8423,0.4285,0.1584,0.0,0.0,-1.056,-1.094,0.6133,1.0,-0.2903,0.9614,-0.3406,-0.4597,1.198,0.354,0.2122,1.419,-0.4717,0.0,-1.0,1.474,-0.4224,-0.596,-0.6104,0.0,0.0,-0.609,0.0,-0.3838,0.7817,1.0,0.0,0.0,0.0,0.2808,1.0,0.5,0.0,-1.141,1.339,1.0,0.0,-0.5,-0.5,0.0,0.0,0.0,0.866
-0.604,-0.6035,-0.6045,-1.161,1.141,0.7666,0.678,-0.1411,1.228,1.235,0.0653,0.03613,0.4285,0.1584,0.0,0.0,-1.038,-1.094,0.6133,1.0,-0.2903,0.695,-0.3018,-0.4253,1.011,0.3916,0.4265,0.0,-0.46,1.419,0.2034,1.644,-0.638,-0.5933,-0.61,0.0,0.0,-0.607,0.0,-0.384,0.8555,1.0,0.0,0.0,0.0,0.0,0.0,0.5,0.0,-1.034,1.179,0.0,0.0,-0.5,-0.5,0.0,0.0,0.0,0.0
-0.6025,-0.6016,-0.603,-1.203,1.184,0.7666,0.678,-0.2006,1.256,1.291,0.0798,0.1663,0.4285,0.1584,0.0,0.0,-1.084,-1.131,0.6133,1.0,-0.2903,-0.6426,-0.2659,-0.3918,1.062,0.3813,0.4854,0.396,-0.4343,0.0,0.0,-0.9995,0.215,-0.5913,-0.6094,0.0,0.0,-0.6055,0.0,-0.3806,1.064,1.0,0.0,0.0,0.0,0.11615,1.0,0.5,0.5,-1.075,1.218,1.0,0.0,-0.5,-0.5,0.0,0.0,0.0,0.3499
-0.601,-0.6,-0.6016,-1.074,1.054,0.7666,0.678,-0.2006,1.098,1.279,0.09283,0.01674,0.4285,0.1584,0.0,0.0,-1.076,-1.122,0.6133,1.0,-0.2903,-0.3777,-0.2325,-0.3582,0.9116,0.4116,0.5903,0.0,-0.4072,0.396,1.419,0.2034,0.0,-0.5903,-0.6084,0.0,0.0,-0.6045,0.0,-0.3809,1.014,1.0,0.0,0.0,0.0,0.0,0.0,0.5,0.0,-0.9775,1.066,0.0,0.0,-0.5,-0.5,0.0,0.0,0.0,0.0
-0.6,-0.599,-0.6,-0.791,0.767,0.7666,0.678,-0.1648,0.7417,1.2,0.1059,-0.179,0.4285,0.1584,0.0,0.0,-1.015,-1.063,0.573,0.0,-0.2878,0.1621,-0.2063,-0.3252,0.588,0.4375,0.4854,-0.3936,-0.3894,0.0,0.0,0.0,1.071,-0.5894,-0.6074,0.0,0.0,-0.6035,0.0,-0.3843,1.014,1.0,0.0,0.0,0.0,-0.078,0.0,0.0,0.0,-0.7217,0.771,0.0,1.0,-0.5,-0.5,0.0,0.0,0.0,-0.2333
-0.599,-0.598,-0.599,-0.619,0.59,0.7666,0.678,-0.1825,0.4744,1.154,0.12036,-0.1995,0.5713,0.1584,0.0,0.0,-0.9824,-1.026,0.5527,0.0,-0.2854,-0.635,-0.1893,-0.2957,0.3735,0.4617,0.2668,-0.198,-0.3872,-0.3936,0.396,1.419,1.474,-0.5884,-0.6064,0.0,0.0,-0.6025,0.0,-0.3862,1.1875,1.0,0.0,0.0,0.0,-0.03516,-1.0,-0.5,0.0,-0.559,0.5967,0.0,2.0,-0.5,-0.5,0.0,0.0,0.0,-0.1059
-0.5986,-0.5977,-0.5986,-0.3767,0.3406,0.7666,0.678,-0.1702,0.1322,1.076,0.1328,-0.4937,0.7144,0.1584,0.0,0.0,-0.923,-0.9644,0.512,0.0,-0.2827,-0.6294,-0.1852,-0.272,0.0843,0.4812,-0.02747,-0.3975,-0.387,-0.198,0.0,0.0,1.644,-0.588,-0.606,0.0,0.0,-0.6016,0.0,-0.3896,0.9863,1.0,0.0,0.0,0.0,-0.0726,-1.0,-1.0,-0.5,-0.3083,0.3755,0.0,3.0,-0.5,-0.5,0.0,0.0,0.0,-0.2194
-0.598,-0.5977,-0.5986,0.1109,-0.1577,0.7666,0.2014,-0.04132,-0.4673,0.8975,0.1415,-2.516,0.7144,0.1584,-1.0,0.0,-0.774,-0.8296,0.4114,0.0,-0.2803,0.753,-0.1985,-0.2544,-0.458,0.493,0.1827,-1.0,-0.3967,-0.3975,-0.3933,0.396,-0.9995,-0.589,-0.6055,0.0,0.0,-0.601,0.0,-0.3982,0.6113,0.0,0.0,0.0,0.0,-0.2344,-2.0,-1.0,-0.5,0.1542,-0.11237,0.0,4.0,-0.5,-0.5,0.0,0.0,0.0,-0.713
-0.5986,-0.5977,-0.5986,0.2917,-0.3452,0.7666,-0.007603,-0.0769,-0.7197,0.821,0.1451,0.929,0.5713,0.1584,-1.0,0.0,-0.717,-0.7617,0.3708,0.0,-0.2778,-0.05872,-0.2257,-0.2427,-0.7085,0.505,0.1406,-0.4067,-0.4143,-1.0,-0.198,0.0,0.2034,-0.5903,-0.6045,0.0,0.0,-0.6006,0.0,-0.4016,0.2905,0.0,0.0,0.0,0.0,-0.0634,-2.0,-1.5,-1.0,0.2737,-0.3525,0.0,5.0,-0.5,0.0,0.0,0.0,0.0,-0.1962
-0.599,-0.5986,-0.5996,0.8345,-0.8926,0.7666,-0.639,-0.0362,-1.276,0.6104,0.139,1.153,0.4285,0.1584,-1.0,0.0,-0.542,-0.583,0.2496,0.0,-0.2751,-0.311,-0.2617,-0.2397,-1.272,0.5005,0.128,-1.229,-0.4211,-0.4067,-0.3972,-0.3933,0.0,-0.5933,-0.6045,0.0,0.0,-0.6,0.0,-0.412,-0.4116,0.0,0.0,0.0,0.0,-0.4424,-2.0,-1.5,-1.5,0.763,-0.9155,0.0,5.617,-0.5,0.5,0.0,1.0,-3.379,-1.378
-0.5996,-0.5986,-0.5996,0.3032,-0.3547,0.7666,-0.639,-0.1934,-0.7285,0.7686,0.1301,-0.3745,0.2856,0.1584,-1.0,0.0,-0.6855,-0.706,0.3506,0.0,-0.2727,0.2225,-0.2944,-0.2465,-0.7344,0.4893,-0.204,1.046,-0.4412,-1.229,-1.0,-0.198,1.418,-0.595,-0.604,0.0,0.0,-0.5996,0.0,-0.4036,-0.6104,0.0,0.0,0.0,0.0,0.2168,-1.0,-1.5,-1.5,0.2632,-0.3853,1.0,0.0,-0.5,0.5,0.0,0.0,0.0,0.6895
-0.5986,-0.598,-0.599,-0.5093,0.4685,0.7666,-0.639,-0.1764,0.1172,1.059,0.1312,-1.369,0.2856,0.1584,0.0,0.0,-0.91,-0.9497,0.5327,0.0,-0.2703,0.709,-0.3252,-0.2603,0.131,0.492,-0.2502,1.85,-0.4746,1.046,-0.4067,-0.3972,0.0,-0.5957,-0.603,0.0,0.0,-0.5986,0.0,-0.3884,0.1836,0.0,0.0,0.0,0.0,0.4692,0.0,-1.0,-1.0,-0.4194,0.516,2.0,0.0,-0.5,0.5,1.0,0.0,4.234,1.467
-0.5977,-0.597,-0.598,-0.618,0.58,0.7666,-0.639,-0.0699,0.2644,1.113,0.1332,0.838,0.2856,0.1584,0.0,0.0,-0.942,-1.004,0.573,0.0,-0.2676,0.695,-0.3623,-0.2803,0.2732,0.503,-0.3428,0.3987,-0.51,1.85,-1.229,-0.9995,0.3958,-0.5957,-0.602,0.0,0.0,-0.597,0.0,-0.385,0.2283,0.0,0.0,0.0,0.0,0.1497,1.0,-1.0,-1.0,-0.5034,0.6465,3.0,0.0,-0.5,0.5,0.0,0.0,0.0,0.4536
-0.5967,-0.596,-0.597,-0.799,0.764,0.7666,-0.639,-0.06555,0.4878,1.201,0.1373,0.7886,0.2856,0.1584,0.0,0.0,-1.007,-1.074,0.6133,1.0,-0.2903,-0.3813,-0.398,-0.3064,0.475,0.5015,-0.351,0.594,-0.5527,0.3987,1.045,-0.4067,0.0,-0.5947,-0.601,0.0,0.0,-0.5957,0.0,-0.3801,0.351,0.0,0.0,0.0,0.0,0.1779,2.0,-0.5,-0.5,-0.7173,0.7803,4.0,0.0,-0.5,0.5,0.0,0.0,0.0,0.5356
-0.5967,-0.5957,-0.5967,-0.1097,0.06635,0.7666,-0.639,0.02837,-0.1713,0.954,0.1309,-1.056,0.1428,0.1584,-1.0,0.0,-0.812,-0.884,0.4724,0.0,-0.2878,1.264,-0.4446,-0.3403,-0.1987,0.5005,-0.263,-1.372,-0.591,0.594,1.85,-1.229,-0.3933,-0.5938,-0.6006,0.0,0.0,-0.595,0.0,-0.392,-0.333,0.0,0.0,0.0,0.0,-0.3555,2.0,-0.5,-1.0,0.006073,0.1735,0.0,1.0,-0.5,0.5,0.0,0.0,0.0,-1.061
-0.596,-0.595,-0.596,-0.261,0.2192,0.7666,-0.639,-0.00915,0.03934,1.008,0.1256,-3.97,0.1428,0.1584,0.0,0.0,-0.856,-0.924,0.5127,0.0,-0.2854,0.441,-0.4873,-0.3762,0.02722,0.4937,-0.2377,0.4014,-0.6016,-1.372,0.3987,1.045,-0.1979,-0.593,-0.6,0.0,0.0,-0.5947,0.0,-0.389,-0.2311,0.0,0.0,0.0,0.0,0.10645,2.0,0.0,-0.5,-0.1377,0.323,1.0,0.0,-0.5,0.5,0.0,0.0,0.0,0.325
-0.5947,-0.594,-0.595,-0.733,0.6987,0.6094,-0.639,0.0686,0.6147,1.193,0.1233,4.23,0.1428,0.1584,0.0,0.0,-0.9893,-1.081,0.6133,1.0,-0.2903,-0.1217,-0.5215,-0.4026,0.52,0.4922,-0.1577,1.196,-0.5884,0.4014,0.5938,1.849,-0.3972,-0.59,-0.599,0.0,0.0,-0.594,0.0,-0.379,-0.05106,0.0,0.0,0.0,0.0,0.85,2.0,0.5,-0.5,-0.5254,0.858,2.0,0.0,-0.5,0.5,0.0,0.0,0.0,2.578
-0.5938,-0.593,-0.594,-0.816,0.784,0.6094,-0.639,0.05508,0.782,1.246,0.12256,0.3948,0.1428,0.1584,0.0,0.0,-1.029,-1.121,0.6133,1.0,-0.2903,-0.3916,-0.542,-0.424,0.64,0.4673,0.0818,0.3909,-0.5757,1.196,-1.372,0.3984,-0.9995,-0.587,-0.598,0.0,0.0,-0.5933,0.0,-0.3757,0.02898,0.0,0.0,0.0,0.0,0.2096,2.0,1.0,0.0,-0.6064,0.9385,3.0,0.0,-0.5,0.5,0.0,0.0,0.0,0.623
-0.5923,-0.5913,-0.593,-1.052,1.024,0.6094,-0.639,0.005554,1.102,1.364,0.1262,0.5337,0.1428,0.1584,0.0,0.0,-1.119,-1.207,0.6133,1.0,-0.2903,-0.147,-0.5513,-0.4487,0.9824,0.3972,0.2247,0.777,-0.5493,0.3909,0.4014,0.5938,-0.4067,-0.585,-0.597,0.0,0.0,-0.5923,0.0,-0.3691,0.2637,0.0,0.0,0.0,0.0,0.184,2.0,1.5,0.5,-0.803,1.203,4.0,0.0,-0.5,0.5,0.0,0.0,0.0,0.5435
-0.592,-0.591,-0.5923,-0.2708,0.2367,0.6094,-0.639,0.2238,0.2974,1.084,0.12463,-0.582,0.1428,0.1584,0.0,0.0,-0.8936,-1.009,0.4558,0.0,-0.2878,1.21,-0.551,-0.4734,0.1786,0.404,0.561,-1.533,-0.5522,0.777,1.196,-1.372,-1.229,-0.585,-0.596,0.0,0.0,-0.592,0.0,-0.3828,-0.03047,0.0,0.0,0.0,0.0,-0.4053,2.0,1.5,0.5,-0.002062,0.4976,0.0,1.0,-0.5,0.5,0.0,0.0,0.0,-1.182
-0.5913,-0.591,-0.592,-0.05893,0.02306,0.6094,-0.639,0.2861,0.08044,1.004,0.12317,-0.4336,0.1428,0.1584,0.0,0.0,-0.827,-0.949,0.4165,0.0,-0.2854,-0.1043,-0.545,-0.502,-0.03235,0.4077,0.4265,-0.3936,-0.5522,-1.533,0.3909,0.4011,1.045,-0.5854,-0.5957,0.0,0.0,-0.592,0.0,-0.3865,-0.03047,0.0,0.0,0.0,0.0,-0.1265,1.0,1.0,0.5,0.1675,0.2546,0.0,2.0,-0.5,0.5,0.0,0.0,0.0,-0.3784
-0.592,-0.591,-0.5923,0.401,-0.4434,0.6094,-0.639,0.3008,-0.4292,0.8267,0.1224,-2.715,0.1428,0.1584,-1.0,0.0,-0.6875,-0.8027,0.318,0.0,-0.2827,0.46,-0.539,-0.5244,-0.5264,0.4104,0.0944,-0.99,-0.5503,-0.3936,0.7764,1.195,1.849,-0.5854,-0.5947,0.0,0.0,-0.5923,0.0,-0.395,-0.03047,0.0,0.0,0.0,0.0,-0.2466,0.0,0.5,0.5,0.637,-0.1656,0.0,3.0,-0.5,0.5,0.0,0.0,0.0,-0.7427
-0.5923,-0.5913,-0.593,0.465,-0.5103,0.6094,-0.639,0.2358,-0.5547,0.7827,0.1224,0.58,0.1428,0.1584,-1.0,0.0,-0.658,-0.7593,0.2983,0.0,-0.2803,-0.8926,-0.533,-0.544,-0.632,0.4124,-0.002253,-0.2014,-0.55,-0.99,-1.533,0.3906,0.3984,-0.586,-0.594,0.0,0.0,-0.593,0.0,-0.3967,0.007496,0.0,0.0,0.0,0.0,-0.03815,-1.0,0.0,0.5,0.647,-0.2866,0.0,4.0,-0.5,0.5,0.0,0.0,0.0,-0.1168
-0.5923,-0.592,-0.593,0.2524,-0.2996,0.6094,-0.639,0.2448,-0.442,0.838,0.1284,-0.138,0.1428,0.1584,-1.0,0.0,-0.7017,-0.807,0.3376,0.0,-0.2778,0.1836,-0.5215,-0.5527,-0.547,0.4353,-0.1536,0.404,-0.5527,-0.2014,-0.3933,0.7764,0.5938,-0.5874,-0.5933,0.0,0.0,-0.5933,0.0,-0.3936,0.3274,0.0,0.0,0.0,0.0,0.11523,-1.0,0.0,1.0,0.4158,-0.1124,1.0,0.0,-0.5,0.5,0.0,0.0,0.0,0.3542
-0.5913,-0.5903,-0.5913,-0.7847,0.7505,0.6094,-0.639,0.319,0.591,1.221,0.1392,-3.324,0.2856,0.1584,0.0,0.0,-0.987,-1.127,0.574,0.0,-0.2751,1.419,-0.512,-0.5527,0.5146,0.4539,0.1112,2.408,-0.534,0.404,-0.9897,-1.533,-1.372,-0.587,-0.593,0.0,0.0,-0.593,0.0,-0.373,0.5195,0.0,0.0,0.0,0.0,0.5938,0.0,0.5,1.0,-0.5396,0.946,2.0,0.0,-0.5,0.5,0.0,0.0,0.0,1.8125
-0.591,-0.59,-0.591,-0.2783,0.2369,0.6094,-0.639,0.3103,0.07153,1.042,0.139,-0.664,0.2856,0.1584,0.0,0.0,-0.8535,-0.9824,0.4756,0.0,-0.2727,0.4102,-0.5044,-0.5464,-0.0235,0.4666,0.0776,-0.9644,-0.53,2.408,-0.2013,-0.3933,0.4011,-0.588,-0.592,0.0,0.0,-0.5923,0.0,-0.3818,0.04672,0.0,0.0,0.0,0.0,-0.513,0.0,0.0,0.5,-0.0283,0.477,0.0,1.0,-0.5,0.5,0.0,0.0,0.0,-1.507
-0.5894,-0.589,-0.59,-0.822,0.789,0.6094,-0.639,0.2583,0.678,1.254,0.1416,3.707,0.2856,0.1683,0.0,0.0,-1.016,-1.146,0.6133,1.0,-0.2903,-0.147,-0.4915,-0.534,0.557,0.4844,-0.1536,1.372,-0.5073,-0.9644,0.404,-0.9897,1.195,-0.587,-0.5913,0.0,0.0,-0.592,0.0,-0.37,0.203,0.0,0.0,0.0,0.0,0.597,1.0,0.0,0.5,-0.508,1.057,1.0,0.0,-0.5,0.5,0.0,0.0,0.0,1.781
-0.5884,-0.588,-0.589,-0.73,0.6973,0.6094,-0.639,0.2352,0.6284,1.235,0.142,0.0745,0.2856,0.1782,0.0,0.0,-1.005,-1.13,0.6133,1.0,-0.2903,-0.6626,-0.4775,-0.5225,0.5225,0.4917,-0.2124,0.0,-0.497,1.372,2.408,-0.2013,0.3906,-0.5854,-0.591,0.0,0.0,-0.591,0.0,-0.37,0.1122,0.0,0.0,0.0,0.0,0.0,1.0,-0.5,0.0,-0.4934,0.888,0.0,0.0,-0.5,0.5,0.0,0.0,0.0,0.0
-0.587,-0.5864,-0.5874,-0.891,0.8613,0.6094,-0.639,0.1455,0.7974,1.315,0.1499,0.3916,0.4285,0.1881,0.0,0.0,-1.071,-1.184,0.6133,1.0,-0.2903,0.607,-0.465,-0.5083,0.731,0.4485,-0.3638,0.575,-0.4888,0.0,-0.9644,0.4038,0.7764,-0.5825,-0.5903,0.0,0.0,-0.5894,0.0,-0.3652,0.51,0.0,0.0,0.0,0.0,0.1438,1.0,-0.5,0.5,-0.6387,1.057,1.0,0.0,-0.5,0.5,0.0,0.0,0.0,0.4192
-0.586,-0.585,-0.5864,-0.8735,0.8438,0.6094,-0.379,0.0934,0.7803,1.33,0.1572,0.12244,0.4285,0.198,0.0,0.0,-1.086,-1.189,0.6133,1.0,-0.2903,-0.1633,-0.4587,-0.4954,0.7476,0.445,-0.01486,0.1898,-0.516,0.575,1.372,2.408,-1.532,-0.579,-0.5894,0.0,0.0,-0.588,0.0,-0.3635,0.4824,0.0,0.0,0.0,0.0,0.04965,1.0,0.0,0.5,-0.674,0.983,2.0,0.0,-0.5,0.5,0.0,0.0,0.0,0.1433
-0.5845,-0.5835,-0.5845,-1.094,1.07,0.6094,-0.379,0.0894,1.063,1.44,0.1626,0.49,0.4285,0.2079,0.0,0.0,-1.156,-1.273,0.6133,1.0,-0.2903,0.8267,-0.448,-0.4858,1.055,0.3828,0.1196,0.757,-0.5127,0.1898,0.0,-0.9644,-0.3933,-0.5757,-0.589,0.0,0.0,-0.586,0.0,-0.357,0.4243,0.0,0.0,0.0,0.0,0.1775,2.0,0.5,0.5,-0.867,1.222,3.0,0.0,-0.5,0.5,0.0,0.0,0.0,0.5107
-0.5825,-0.5815,-0.583,-1.21,1.191,0.6094,-0.379,0.0698,1.242,1.481,0.1686,0.3098,0.4285,0.2178,0.0,0.0,-1.156,-1.329,0.6133,1.0,-0.2903,-0.44,-0.431,-0.4749,1.2295,0.3477,0.4055,0.5605,-0.4749,0.757,0.5747,1.372,-0.9897,-0.5737,-0.588,0.0,0.0,-0.585,0.0,-0.352,0.4539,0.0,0.0,0.0,0.0,0.1958,2.0,1.0,0.5,-0.991,1.325,4.0,0.0,-0.5,0.5,0.0,0.0,0.0,0.5566
-0.5815,-0.5806,-0.582,-0.6836,0.662,0.6094,-0.379,0.2605,0.7256,1.337,0.1681,-0.2747,0.4285,0.2278,0.0,0.0,-1.076,-1.211,0.5186,0.0,-0.2878,1.6,-0.4158,-0.464,0.697,0.3606,0.5566,-0.926,-0.4624,0.5605,0.1898,0.0,-0.2013,-0.572,-0.5874,0.0,0.0,-0.584,0.0,-0.3606,0.095,0.0,0.0,0.0,0.0,-0.2646,2.0,1.0,0.0,-0.525,0.771,0.0,1.0,-0.5,0.5,0.0,0.0,0.0,-0.745
-0.58,-0.579,-0.5806,-0.9233,0.9053,0.04852,-0.379,0.1876,0.9785,1.447,0.1766,0.4731,0.4285,0.2377,0.0,0.0,-1.156,-1.288,0.5947,0.0,-0.2854,0.5625,-0.4011,-0.4504,0.984,0.3782,0.565,0.7524,-0.4365,-0.926,0.757,0.5747,0.4038,-0.5703,-0.587,0.0,0.0,-0.583,0.0,-0.354,0.6113,0.0,0.0,0.0,0.0,0.2234,2.0,1.0,0.5,-0.735,1.028,1.0,0.0,-0.5,0.5,0.0,0.0,0.0,0.639
-0.5786,-0.5776,-0.579,-0.9775,0.9624,0.04852,-0.379,0.2183,1.014,1.481,0.188,0.1779,0.4285,0.2476,0.0,0.0,-1.156,-1.324,0.6133,1.0,-0.2903,0.302,-0.3865,-0.4365,1.058,0.382,0.1616,0.3713,-0.4248,0.7524,0.5605,0.1898,2.406,-0.5684,-0.586,0.0,0.0,-0.5815,0.0,-0.3506,0.778,1.0,0.0,0.0,0.0,0.07654,2.0,1.0,1.0,-0.8184,1.05,2.0,0.0,-0.5,0.5,0.0,0.0,0.0,0.2162
-0.578,-0.577,-0.5786,-0.3118,0.2854,0.04852,-0.379,0.3127,0.2191,1.247,0.1985,-0.629,0.5713,0.2573,0.0,0.0,-1.007,-1.146,0.4807,0.0,-0.2878,0.8477,-0.3728,-0.4243,0.287,0.4065,0.4307,-1.292,-0.4338,0.3713,-0.926,0.757,-0.964,-0.568,-0.5854,0.0,0.0,-0.5806,0.0,-0.3625,0.665,0.0,0.0,0.0,0.0,-0.2842,1.0,1.0,1.0,-0.1284,0.4502,0.0,1.0,-0.5,0.5,0.0,0.0,0.0,-0.798
-0.577,-0.5767,-0.5776,-0.5146,0.4858,0.04852,-0.379,0.3582,0.337,1.325,0.2117,0.53,0.7144,0.2673,0.0,0.0,-1.06,-1.212,0.5376,0.0,-0.2854,-0.1792,-0.363,-0.4084,0.452,0.43,0.1869,0.566,-0.4268,-1.292,0.752,0.5605,1.372,-0.5674,-0.5845,0.0,0.0,-0.58,0.0,-0.3577,0.7925,1.0,0.0,0.0,0.0,0.1826,1.0,1.0,1.5,-0.31,0.658,1.0,0.0,-0.5,0.5,0.0,0.0,0.0,0.524
-0.576,-0.575,-0.576,-0.774,0.742,0.04852,-0.379,0.3066,0.5327,1.436,0.2262,0.6177,0.857,0.2773,0.0,0.0,-1.142,-1.29,0.6133,1.0,-0.2903,0.302,-0.3418,-0.3872,0.659,0.4634,0.2205,0.7476,-0.4094,0.566,0.3713,-0.9253,0.0,-0.567,-0.5835,0.0,0.0,-0.579,0.0,-0.351,0.8364,1.0,0.0,0.0,0.0,0.2795,2.0,1.5,1.5,-0.6323,0.8257,2.0,0.0,-0.5,0.5,0.0,0.0,0.0,0.7944
-0.5767,-0.576,-0.577,0.7305,-0.778,0.04852,-0.389,0.622,-1.021,0.871,0.2195,-2.488,0.7144,0.287,-1.0,0.0,-0.694,-0.871,0.291,0.0,-0.2878,3.135,-0.3372,-0.3762,-0.8555,0.453,0.1449,-2.514,-0.4058,0.7476,-1.292,0.752,0.5747,-0.5693,-0.583,0.0,0.0,-0.579,0.0,-0.3804,-0.2412,0.0,0.0,0.0,0.0,-3.082,1.0,1.0,1.0,0.9126,-0.533,0.0,1.0,-0.5,0.5,0.0,0.0,0.0,-5.477
-0.5776,-0.577,-0.578,0.9404,-0.9893,0.04852,-0.689,0.672,-1.293,0.76,0.2145,0.4714,0.5713,0.297,-1.0,0.0,-0.601,-0.7812,0.2341,0.0,-0.2854,0.1516,-0.3467,-0.3743,-1.073,0.4402,0.0692,-0.5845,-0.4058,-2.514,0.566,0.3713,0.1897,-0.5713,-0.582,0.0,0.0,-0.579,0.0,-0.3857,-0.1731,0.0,0.0,0.0,0.0,-0.379,0.0,0.5,1.0,1.072,-0.783,0.0,2.0,-0.5,0.5,0.0,0.0,0.0,-1.122
-0.578,-0.577,-0.5786,0.3396,-0.3801,0.04852,-0.689,0.6426,-0.724,0.937,0.2084,-0.3867,0.4285,0.307,-1.0,0.0,-0.7437,-0.928,0.348,0.0,-0.2827,0.64,-0.3606,-0.3777,-0.514,0.439,-0.1494,1.181,-0.4192,-0.5845,0.7476,-1.292,0.757,-0.573,-0.5815,0.0,0.0,-0.5786,0.0,-0.3757,-0.21,0.0,0.0,0.0,0.0,0.414,1.0,0.5,1.0,0.5625,-0.1214,1.0,0.0,-0.5,0.5,0.0,0.0,0.0,1.238
-0.578,-0.5776,-0.5786,0.321,-0.3604,0.04852,-0.689,0.689,-0.711,0.922,0.2025,0.1196,0.2856,0.307,-1.0,0.0,-0.728,-0.9204,0.348,0.0,-0.2803,-0.1387,-0.383,-0.3865,-0.5127,0.4387,-0.3174,0.0,-0.4531,1.181,-2.514,0.566,0.5605,-0.5757,-0.581,0.0,0.0,-0.578,0.0,-0.3757,-0.21,0.0,0.0,0.0,0.0,0.0,0.0,0.0,1.0,0.5146,-0.1351,0.0,0.0,-0.5,0.5,0.0,0.0,0.0,0.0
-0.579,-0.5786,-0.5796,0.92,-0.962,0.04852,-0.689,0.775,-1.284,0.683,0.1891,1.197,0.1428,0.317,-1.0,0.0,-0.5293,-0.7246,0.2151,0.0,-0.2778,0.9536,-0.4126,-0.404,-1.086,0.4226,-0.162,-1.351,-0.4827,0.0,-0.5845,0.747,-0.9253,-0.5776,-0.581,0.0,0.0,-0.5776,0.0,-0.388,-0.546,0.0,0.0,0.0,0.0,-0.619,-1.0,0.0,0.5,1.145,-0.656,0.0,1.0,-0.5,0.5,0.0,0.0,0.0,-1.816
-0.58,-0.579,-0.5806,0.8477,-0.885,0.04852,-0.689,0.8223,-1.201,0.668,0.1747,0.06494,0.0,0.3267,-1.0,0.0,-0.513,-0.716,0.2151,0.0,-0.2751,0.4224,-0.4453,-0.4229,-1.009,0.406,-0.393,0.0,-0.504,-1.351,1.18,-2.514,0.752,-0.5806,-0.581,0.0,0.0,-0.5776,0.0,-0.3882,-0.587,0.0,0.0,0.0,0.0,0.0,-1.0,-0.5,0.0,1.035,-0.626,0.0,0.0,-0.5,0.5,0.0,0.0,0.0,0.0
-0.5806,-0.5796,-0.581,0.6035,-0.6377,-0.3318,-0.689,0.71,-0.917,0.717,0.1587,-0.1436,-0.1428,0.3367,-1.0,0.0,-0.5625,-0.7476,0.2532,0.0,-0.2727,-0.11743,-0.4785,-0.4424,-0.7764,0.396,-0.557,0.3948,-0.494,0.0,0.0,-0.584,0.3713,-0.5835,-0.581,0.0,0.0,-0.5776,0.0,-0.3848,-0.6724,0.0,0.0,0.0,0.0,0.084,0.0,-0.5,0.0,0.7935,-0.3945,1.0,0.0,-0.5,0.5,0.0,0.0,0.0,0.2522
-0.5806,-0.5796,-0.581,0.04147,-0.0705,-0.3318,-0.689,0.703,-0.276,0.891,0.1445,-0.734,-0.2856,0.3464,-1.0,0.0,-0.702,-0.8955,0.367,0.0,-0.2703,0.11584,-0.5024,-0.4636,-0.1511,0.3816,-0.3428,1.177,-0.5054,0.3948,-1.351,1.18,-1.291,-0.5825,-0.5806,0.0,0.0,-0.5776,0.0,-0.3748,-0.546,0.0,0.0,0.0,0.0,0.1932,0.0,0.0,0.0,0.27,0.1709,2.0,0.0,-0.5,0.5,0.0,0.0,0.0,0.5767
-0.581,-0.58,-0.5815,0.6577,-0.6924,-0.3318,-0.689,0.837,-0.8413,0.653,0.1293,3.998,-0.4285,0.3564,-1.0,0.0,-0.499,-0.7036,0.2341,0.0,-0.2676,2.533,-0.5156,-0.483,-0.7275,0.3655,-0.494,-1.346,-0.4902,1.177,0.0,0.0,0.5654,-0.5825,-0.5806,0.0,0.0,-0.5776,0.0,-0.3867,-0.6,0.0,0.0,0.0,0.0,-0.579,0.0,-0.5,0.0,0.887,-0.4026,0.0,1.0,-0.5,0.5,0.0,0.0,0.0,-1.694
-0.581,-0.58,-0.5815,0.003345,-0.03192,-0.3318,-0.689,0.842,-0.1084,0.8604,0.1164,-0.964,-0.4285,0.3665,0.0,0.0,-0.6655,-0.883,0.367,0.0,-0.2651,0.892,-0.5137,-0.503,-0.02725,0.356,-0.7295,1.377,-0.4897,-1.346,0.3948,-1.35,0.747,-0.5825,-0.5806,0.0,0.0,-0.578,0.0,-0.375,-0.4856,0.0,0.0,0.0,0.0,0.5137,1.0,-0.5,0.0,0.315,0.297,1.0,0.0,-0.5,0.5,0.0,0.0,0.0,1.537
-0.581,-0.58,-0.5815,0.1846,-0.2197,-0.3318,-0.689,0.8833,-0.1963,0.7817,0.1005,-14.164,-0.5713,0.3762,-1.0,0.0,-0.5996,-0.8203,0.3289,0.0,-0.2627,0.6465,-0.4985,-0.5195,-0.1731,0.3472,-0.0695,-0.3845,-0.4873,1.377,1.176,0.0,-2.514,-0.5825,-0.5806,0.0,0.0,-0.578,0.0,-0.3784,-0.6123,0.0,0.0,0.0,0.0,-0.07275,1.0,-0.5,-0.5,0.4392,0.0614,0.0,1.0,-0.5,0.5,0.0,0.0,0.0,-0.2128
-0.5806,-0.5796,-0.581,-0.2416,0.2097,-0.3318,-0.689,0.7686,0.2976,0.925,0.0937,-6.53,-0.5713,0.3862,0.0,0.0,-0.7227,-0.93,0.4238,0.0,-0.26,0.101,-0.4802,-0.5317,0.3225,0.3416,0.065,0.968,-0.4888,-0.3845,-1.346,0.3945,-0.584,-0.581,-0.58,0.0,0.0,-0.578,0.0,-0.37,-0.2352,0.0,0.0,0.0,0.0,0.2029,1.0,0.0,0.0,0.0537,0.502,1.0,0.0,-0.5,0.5,0.0,0.0,0.0,0.597
-0.5796,-0.5786,-0.5796,-0.6934,0.6675,-0.3174,-0.689,0.761,0.866,1.099,0.0889,1.653,-0.5713,0.3862,0.0,0.0,-0.8564,-1.071,0.5376,0.0,-0.2576,0.3237,-0.4675,-0.5396,0.8994,0.3389,-0.1451,1.143,-0.4888,0.968,1.377,1.176,1.18,-0.578,-0.5796,0.0,0.0,-0.578,0.0,-0.3599,-0.1375,0.0,0.0,0.0,0.0,0.2866,1.0,0.0,0.0,-0.3594,0.967,2.0,0.0,-0.5,0.5,0.0,0.0,0.0,0.83
-0.5786,-0.5776,-0.5786,-0.6157,0.5854,-0.3174,-0.689,0.739,0.894,1.084,0.0817,0.1743,-0.5713,0.3862,0.0,0.0,-0.847,-1.058,0.5376,0.0,-0.2551,0.0722,-0.469,-0.5396,0.9507,0.3286,-0.10315,0.0,-0.497,1.143,-0.3845,-1.346,0.0,-0.576,-0.5786,0.0,0.0,-0.5786,0.0,-0.36,-0.2698,0.0,0.0,0.0,0.0,0.0,1.0,0.0,-0.5,-0.4517,0.7056,0.0,0.0,-0.5,0.5,0.0,0.0,0.0,0.0
-0.578,-0.577,-0.578,-0.3013,0.2656,-0.3174,-0.689,0.4485,0.5405,0.9766,0.08575,-0.2415,-0.4285,0.3862,0.0,0.0,-0.7915,-0.9424,0.4807,0.0,-0.2524,0.3403,-0.4746,-0.5366,0.665,0.3293,0.2332,-0.5605,-0.4988,0.0,0.9673,1.377,-1.35,-0.575,-0.578,0.0,0.0,-0.5786,0.0,-0.3652,0.2786,0.0,0.0,0.0,0.0,-0.1247,0.0,0.0,-0.5,-0.154,0.392,0.0,1.0,-0.5,0.5,0.0,0.0,0.0,-0.3542
-0.5776,-0.577,-0.578,0.0723,-0.11365,-0.3174,-0.689,0.48,0.1007,0.8374,0.0888,-0.593,-0.2856,0.3862,0.0,0.0,-0.68,-0.829,0.4048,0.0,-0.25,0.62,-0.4885,-0.5366,0.147,0.3586,0.292,-0.7544,-0.514,-0.5605,1.143,-0.3845,0.0,-0.5737,-0.5776,0.0,0.0,-0.579,0.0,-0.3723,0.2302,0.0,0.0,0.0,0.0,-0.3884,0.0,0.0,-0.5,0.1802,-0.001026,0.0,2.0,-0.5,0.5,0.0,0.0,0.0,-1.114
-0.577,-0.5767,-0.5776,-0.3352,0.2998,-0.3174,-0.689,0.4182,0.5176,0.981,0.0909,2.262,-0.1428,0.3862,0.0,0.0,-0.798,-0.9434,0.4998,0.0,-0.2474,0.588,-0.5083,-0.536,0.5586,0.3699,0.2499,0.9556,-0.533,-0.7544,0.0,0.9673,0.3945,-0.5728,-0.577,0.0,0.0,-0.5796,0.0,-0.3638,0.1954,0.0,0.0,0.0,0.0,0.2944,0.0,0.0,-0.5,-0.1576,0.4568,1.0,0.0,-0.5,0.5,0.0,0.0,0.0,0.8555
-0.577,-0.576,-0.577,-0.1256,0.08795,-0.3174,-0.689,0.411,0.2883,0.9053,0.0916,-0.2546,0.0,0.3862,0.0,0.0,-0.7393,-0.8794,0.4617,0.0,-0.245,-0.418,-0.534,-0.536,0.357,0.373,0.0524,-0.3762,-0.5347,0.9556,-0.5605,1.143,1.176,-0.5713,-0.5767,0.0,0.0,-0.5796,0.0,-0.3674,0.1033,0.0,0.0,0.0,0.0,-0.04758,-1.0,-0.5,-0.5,-0.00904,0.1947,0.0,1.0,-0.5,0.5,0.0,0.0,0.0,-0.1361
-0.576,-0.5757,-0.5767,-0.3474,0.3105,-0.3174,-0.689,0.3093,0.461,0.985,0.0997,0.6123,0.1428,0.3862,0.0,0.0,-0.8105,-0.936,0.5186,0.0,-0.2424,-0.04922,-0.55,-0.539,0.5415,0.3923,0.3677,0.568,-0.5376,-0.3762,-0.7544,0.0,-1.346,-0.571,-0.5767,0.0,0.0,-0.5796,0.0,-0.3623,0.5537,0.0,0.0,0.0,0.0,0.0862,0.0,0.0,0.0,-0.1896,0.4453,1.0,0.0,-0.5,0.5,0.0,0.0,0.0,0.248
-0.576,-0.5757,-0.5767,0.111,-0.1556,-0.3174,-0.689,0.4148,-0.0817,0.8154,0.1043,-0.89,0.2856,0.3862,0.0,0.0,-0.6685,-0.804,0.4238,0.0,-0.2399,0.6133,-0.545,-0.55,-0.02716,0.414,0.1365,-0.9375,-0.5664,0.568,0.955,-0.5605,1.376,-0.572,-0.576,0.0,0.0,-0.58,0.0,-0.3708,0.2961,0.0,0.0,0.0,0.0,-0.1562,0.0,-0.5,0.0,0.2756,0.02179,0.0,1.0,-0.5,0.5,0.0,0.0,0.0,-0.4456
-0.5757,-0.575,-0.576,-0.301,0.2595,-0.3174,-0.689,0.3767,0.291,0.958,0.1109,12.38,0.4285,0.3862,0.0,0.0,-0.7837,-0.9204,0.5186,0.0,-0.2374,-0.1753,-0.5273,-0.556,0.3687,0.428,0.2332,0.952,-0.56,-0.9375,-0.376,-0.7544,-0.3843,-0.572,-0.576,0.0,0.0,-0.5796,0.0,-0.3623,0.387,0.0,0.0,0.0,0.0,0.1436,1.0,0.0,0.0,-0.1248,0.4175,1.0,0.0,-0.5,0.5,0.0,0.0,0.0,0.4158
-0.5747,-0.574,-0.575,-0.6597,0.6245,-0.3174,0.5293,0.3398,0.6685,1.101,0.1167,1.162,0.5713,0.3862,0.0,0.0,-0.8955,-1.032,0.6133,1.0,-0.2903,0.05356,-0.5005,-0.555,0.7544,0.4436,0.065,0.9375,-0.5483,0.952,0.568,0.955,0.9673,-0.571,-0.576,0.0,0.0,-0.578,0.0,-0.354,0.3577,0.0,0.0,0.0,0.0,0.2347,1.0,0.0,0.0,-0.4868,0.7515,2.0,0.0,-0.5,0.5,0.0,0.0,0.0,0.6694
-0.574,-0.5737,-0.574,-0.2659,0.2201,-0.3174,0.5293,0.1454,0.1892,0.9614,0.1248,-0.528,0.7144,0.3862,0.0,0.0,-0.8066,-0.9004,0.5376,0.0,-0.2878,-0.1792,-0.464,-0.546,0.2605,0.47,-0.1451,-0.7383,-0.5415,0.9375,-0.937,-0.376,1.143,-0.57,-0.576,0.0,0.0,-0.5776,0.0,-0.3608,0.5044,0.0,0.0,0.0,0.0,-0.1406,1.0,-0.5,0.0,-0.141,0.325,0.0,1.0,-0.5,0.5,0.0,0.0,0.0,-0.3945
-0.5737,-0.573,-0.5737,-0.2289,0.1805,-0.3174,0.5293,-0.01138,0.1292,0.947,0.1274,-0.0734,0.7144,0.3862,0.0,0.0,-0.8096,-0.8735,0.5376,0.0,-0.2854,-0.4307,-0.43,-0.5312,0.1776,0.4873,-0.1451,0.0,-0.5366,-0.7383,0.952,0.5674,0.0,-0.5693,-0.576,0.0,0.0,-0.577,0.0,-0.361,0.2751,0.0,0.0,0.0,0.0,0.0,0.0,-0.5,-0.5,-0.1252,0.2654,0.0,0.0,-0.5,0.5,0.0,0.0,0.0,0.0
-0.5728,-0.5723,-0.573,-0.517,0.471,-0.3174,0.5317,-0.0804,0.3982,1.056,0.1344,1.351,0.857,0.3862,0.0,0.0,-0.8994,-0.9565,0.6133,1.0,-0.2903,-0.1948,-0.3948,-0.507,0.4177,0.5137,-0.01907,0.7476,-0.545,0.0,0.937,-0.937,-0.5605,-0.568,-0.5757,0.0,0.0,-0.576,0.0,-0.3542,0.5234,0.0,0.0,0.0,0.0,0.3682,1.0,0.0,0.0,-0.4077,0.5396,1.0,0.0,-0.5,0.5,0.0,0.0,0.0,1.046
-0.572,-0.5713,-0.5723,-0.6914,0.649,-0.3174,0.5317,-0.12006,0.587,1.133,0.1396,0.5464,0.857,0.3862,0.0,0.0,-0.961,-1.015,0.6133,1.0,-0.2903,-0.2062,-0.3657,-0.48,0.608,0.4739,0.1785,0.5537,-0.551,0.7476,-0.7383,0.952,-0.7544,-0.567,-0.5757,0.0,0.0,-0.5747,0.0,-0.3494,0.4587,0.0,0.0,0.0,0.0,0.1373,1.0,0.5,0.0,-0.603,0.6807,2.0,0.0,-0.5,0.5,0.0,0.0,0.0,0.3855
-0.571,-0.5703,-0.571,-0.691,0.649,-0.3174,0.5317,-0.2133,0.625,1.147,0.141,0.2024,0.857,0.3862,0.0,0.0,-0.98,-1.018,0.6133,1.0,-0.2903,-0.7007,-0.3455,-0.454,0.636,0.468,0.02718,0.1829,-0.554,0.5537,0.0,0.937,0.955,-0.5645,-0.5757,0.0,0.0,-0.573,0.0,-0.3477,0.271,0.0,0.0,0.0,0.0,0.04285,1.0,0.5,0.0,-0.5947,0.6895,3.0,0.0,-0.5,0.5,0.0,0.0,0.0,0.1192
-0.5693,-0.569,-0.57,-0.7666,0.728,-0.3174,0.5317,-0.2241,0.741,1.192,0.1436,0.315,0.857,0.3862,0.0,0.0,-1.015,-1.052,0.6133,1.0,-0.2903,0.02646,-0.3386,-0.4304,0.7607,0.4424,0.1533,0.3647,-0.5347,0.1829,0.7476,-0.738,-0.376,-0.563,-0.575,0.0,0.0,-0.5723,0.0,-0.3445,0.351,0.0,0.0,0.0,0.0,0.07404,2.0,1.0,0.5,-0.678,0.7544,4.0,0.0,-0.5,0.5,0.0,0.0,0.0,0.2052
-0.5674,-0.567,-0.568,-1.357,1.332,0.3965,0.5474,-0.166,1.413,1.452,0.1553,1.004,0.857,0.3862,0.0,0.0,-1.156,-1.258,0.6133,1.0,-0.2903,1.412,-0.3337,-0.4048,1.433,0.3076,0.086,1.631,-0.5063,0.3647,0.5537,0.0,0.5674,-0.5605,-0.574,0.0,0.0,-0.5703,0.0,-0.3293,0.813,1.0,0.0,0.0,0.0,0.5303,3.0,1.0,1.0,-1.194,1.394,5.0,0.0,0.0,0.5,0.0,0.0,0.0,1.462
-0.566,-0.5654,-0.5664,-0.9907,0.962,0.3965,0.5474,-0.1921,0.985,1.344,0.1681,-0.1644,0.857,0.3862,0.0,0.0,-1.121,-1.172,0.559,0.0,-0.2878,-0.2391,-0.312,-0.3757,0.979,0.3442,0.3801,-0.5293,-0.4836,1.631,0.1829,0.747,-0.937,-0.558,-0.5737,0.0,0.0,-0.569,0.0,-0.3345,0.876,1.0,0.0,0.0,0.0,-0.0836,2.0,1.0,1.0,-0.869,1.007,0.0,1.0,0.0,0.5,0.0,0.0,0.0,-0.2245
-0.5654,-0.565,-0.566,-0.2644,0.2267,0.3965,0.2198,-0.1259,0.1948,1.08,0.171,-0.645,0.857,0.3862,0.0,0.0,-0.922,-0.9717,0.414,0.0,-0.2854,0.7715,-0.2947,-0.3506,0.1707,0.363,0.2625,-1.424,-0.5044,-0.5293,0.3645,0.5537,0.9517,-0.5566,-0.573,0.0,0.0,-0.568,0.0,-0.3481,0.2786,0.0,0.0,0.0,0.0,-0.2408,1.0,0.5,0.5,-0.1263,0.346,0.0,2.0,0.0,0.5,0.0,0.0,0.0,-0.652
-0.5654,-0.565,-0.566,0.1769,-0.22,0.3965,-0.2485,0.03656,-0.302,0.911,0.1719,-1.615,0.7144,0.3862,-1.0,0.0,-0.778,-0.8486,0.3235,0.0,-0.2827,1.055,-0.292,-0.3325,-0.3196,0.3723,0.0902,-0.9116,-0.5166,-1.424,1.631,0.1829,0.937,-0.557,-0.5723,0.0,0.0,-0.5674,0.0,-0.357,0.1384,0.0,0.0,0.0,0.0,-0.328,0.0,0.0,0.5,0.3108,-0.0708,0.0,3.0,0.0,-0.5,0.0,0.0,0.0,-0.909
-0.5654,-0.5645,-0.5654,-0.0706,0.02968,0.3965,-0.2485,0.006683,-0.07654,0.9883,0.1726,-1.181,0.7144,0.3862,0.0,0.0,-0.84,-0.9097,0.378,0.0,-0.2803,-0.2024,-0.2961,-0.3218,-0.0822,0.3784,0.2542,0.5557,-0.5166,-0.9116,-0.5293,0.3645,-0.738,-0.557,-0.572,0.0,0.0,-0.5674,0.0,-0.3518,0.1384,0.0,0.0,0.0,0.0,0.2172,0.0,0.5,0.5,0.0572,0.153,1.0,0.0,0.0,-0.5,0.0,0.0,0.0,0.6113
-0.565,-0.5645,-0.5654,-0.05273,0.00777,0.3965,-0.2485,-0.08124,-0.1537,0.973,0.1774,-2.049,0.5713,0.3862,-1.0,0.0,-0.8364,-0.8887,0.378,0.0,-0.2778,0.0444,-0.3022,-0.3186,-0.1332,0.3892,0.2793,0.0,-0.517,0.5557,-1.424,1.631,0.0,-0.5576,-0.5713,0.0,0.0,-0.567,0.0,-0.352,0.381,0.0,0.0,0.0,0.0,0.0,-1.0,0.5,0.5,0.02754,0.08075,0.0,0.0,0.0,-0.5,0.0,0.0,0.0,0.0
-0.565,-0.5645,-0.5654,0.1267,-0.1746,0.3965,-0.2485,-0.002949,-0.3652,0.898,0.177,6.168,0.4285,0.3862,-1.0,0.0,-0.771,-0.834,0.3416,0.0,-0.2751,0.5503,-0.3162,-0.3228,-0.3418,0.3958,0.1365,-0.367,-0.5244,0.0,-0.9116,-0.529,0.747,-0.5586,-0.5703,0.0,0.0,-0.5664,0.0,-0.3555,0.0918,0.0,0.0,0.0,0.0,-0.06094,-1.0,0.0,0.0,0.1685,-0.1296,0.0,1.0,0.0,-0.5,0.0,0.0,0.0,-0.17
-0.565,-0.5645,-0.565,0.04623,-0.0931,0.3965,-0.2485,-0.00914,-0.2817,0.9146,0.1733,-0.2228,0.2856,0.3862,-1.0,0.0,-0.784,-0.8467,0.3596,0.0,-0.2727,0.04898,-0.3374,-0.3264,-0.2769,0.4006,0.01035,0.1846,-0.547,-0.367,0.555,-1.424,0.553,-0.5605,-0.57,0.0,0.0,-0.566,0.0,-0.3538,-0.0875,0.0,0.0,0.0,0.0,0.01776,0.0,0.0,0.0,0.0635,-0.08105,1.0,0.0,0.0,-0.5,0.0,0.0,0.0,0.04987
-0.5654,-0.565,-0.566,0.5503,-0.602,0.3965,-0.2485,0.11847,-0.814,0.718,0.1687,3.645,0.1428,0.3862,-1.0,0.0,-0.6167,-0.692,0.251,0.0,-0.2703,0.8335,-0.3613,-0.3354,-0.799,0.3984,-0.04007,-1.1045,-0.5493,0.1846,0.0,-0.911,0.1827,-0.563,-0.5693,0.0,0.0,-0.566,0.0,-0.3643,-0.1853,0.0,0.0,0.0,0.0,-0.278,0.0,-0.5,0.0,0.5977,-0.518,0.0,1.0,0.0,-0.5,0.0,0.0,0.0,-0.7783
-0.566,-0.5654,-0.5664,0.6807,-0.7324,0.3965,-0.2485,0.1771,-0.975,0.6436,0.1622,0.3955,0.0,0.3862,-1.0,0.0,-0.551,-0.633,0.2146,0.0,-0.2676,-0.4211,-0.3938,-0.3538,-0.9263,0.3877,-0.162,-0.375,-0.5522,-1.1045,-0.3667,0.555,0.3645,-0.565,-0.569,0.0,0.0,-0.566,0.0,-0.3677,-0.2751,0.0,0.0,0.0,0.0,-0.114,-1.0,-1.0,0.0,0.701,-0.6675,0.0,2.0,0.0,-0.5,0.0,0.0,0.0,-0.325
-0.5684,-0.5674,-0.5684,1.785,-1.837,0.3965,-0.797,0.577,-2.023,0.237,0.1436,1.4795,-0.1428,0.3862,-1.0,0.0,-0.1652,-0.2969,-0.02106,0.0,-0.2651,2.27,-0.4192,-0.3816,-1.654,0.293,-0.5947,-2.453,-0.4858,-0.375,0.1846,0.0,1.63,-0.568,-0.569,0.0,0.0,-0.5664,0.0,-0.3904,-0.9126,0.0,0.0,0.0,0.0,-2.473,-1.0,-1.5,-0.5,1.844,-1.6455,0.0,3.0,0.0,-0.5,0.0,1.0,-3.82,-5.477
-0.57,-0.569,-0.5703,1.45,-1.491,0.3965,-0.797,0.6074,-1.715,0.289,0.12463,-0.03436,-0.2856,0.3862,-1.0,0.0,-0.2089,-0.3494,0.015205,0.0,-0.2627,-0.12177,-0.4226,-0.4055,-1.328,0.2615,-0.6157,0.3936,-0.453,-2.453,-1.104,-0.3667,-0.529,-0.571,-0.569,0.0,0.0,-0.567,0.0,-0.387,-0.9653,0.0,0.0,0.0,0.0,0.1676,0.0,-1.0,-0.5,1.535,-1.296,1.0,0.0,0.0,-0.5,0.0,0.0,0.0,0.5015
-0.5713,-0.5703,-0.572,1.328,-1.362,0.3965,-0.797,0.6543,-1.579,0.279,0.10455,0.05017,-0.4285,0.3862,-1.0,0.0,-0.1957,-0.3442,0.015205,0.0,-0.26,-0.1217,-0.397,-0.4233,-1.16,0.226,-0.4058,0.0,-0.4153,0.3936,-0.3748,0.1844,-1.423,-0.574,-0.5693,0.0,0.0,-0.568,0.0,-0.3872,-1.0205,0.0,0.0,0.0,0.0,0.0,-1.0,-1.0,-1.0,1.399,-1.192,0.0,0.0,0.0,-0.5,0.0,0.0,0.0,0.0
-0.5728,-0.572,-0.573,1.582,-1.614,0.3965,-0.797,0.7134,-1.771,0.1484,0.08014,0.287,-0.5713,0.3862,-1.0,0.0,-0.07263,-0.224,-0.0573,0.0,-0.2576,0.4285,-0.3474,-0.4287,-1.361,0.1909,-0.288,-0.7817,-0.3652,0.0,-2.451,-1.104,-0.911,-0.5776,-0.57,0.0,0.0,-0.569,0.0,-0.3943,-1.223,0.0,1.0,0.0,0.0,-0.3845,-1.0,-1.0,-1.5,1.589,-1.495,0.0,1.0,0.0,-0.5,0.0,0.0,0.0,-1.143
-0.5737,-0.5728,-0.574,0.9033,-0.934,0.3965,-0.797,0.5205,-1.024,0.3208,0.05325,-0.3513,-0.7144,0.3862,-1.0,0.0,-0.2449,-0.3713,0.05145,0.0,-0.2551,0.131,-0.269,-0.4104,-0.562,0.1399,-0.5024,1.188,-0.3452,-0.7817,0.3933,-0.3748,0.555,-0.58,-0.57,0.0,0.0,-0.5693,0.0,-0.3843,-1.404,0.0,1.0,0.0,0.0,1.072,0.0,-1.0,-1.5,0.9814,-0.789,1.0,0.0,0.0,-0.5,0.0,0.0,0.0,3.23
-0.5747,-0.5737,-0.575,0.8286,-0.864,0.3965,-0.797,0.4739,-0.8447,0.312,0.02899,-0.07404,-0.857,0.3862,-1.0,0.0,-0.2412,-0.3586,0.05145,0.0,-0.2524,-0.3916,-0.2025,-0.3843,-0.4775,0.1227,-0.578,0.0,-0.3274,1.188,0.0,-2.451,0.0,-0.582,-0.5703,0.0,0.0,-0.5703,0.0,-0.3845,-1.348,0.0,1.0,0.0,0.0,0.0,0.0,-1.0,-1.5,0.833,-0.8047,0.0,0.0,0.0,-0.5,0.0,0.0,0.0,0.0
-0.575,-0.574,-0.5757,0.501,-0.536,0.3965,-0.797,0.3347,-0.4548,0.3928,0.01271,-0.4434,-1.0,0.3862,-1.0,0.0,-0.3245,-0.421,0.10583,0.0,-0.25,-0.4016,-0.1528,-0.3542,-0.1434,0.11163,-0.57,0.5825,-0.3203,0.0,-0.7817,0.3933,-0.3667,-0.583,-0.571,0.0,0.0,-0.571,0.0,-0.3794,-0.95,0.0,0.0,0.0,0.0,0.1165,0.0,-0.5,-1.0,0.506,-0.502,1.0,0.0,0.0,-1.0,0.0,0.0,0.0,0.344
-0.575,-0.5747,-0.5757,0.3796,-0.4163,0.3965,-0.797,0.2123,-0.2888,0.413,0.001021,-0.3933,-1.0,0.3862,-1.0,0.0,-0.3528,-0.4277,0.12396,0.0,-0.2474,-0.147,-0.1146,-0.3218,0.0345,0.0948,-0.6665,0.1923,-0.321,0.5825,1.1875,0.0,0.1844,-0.5815,-0.571,0.0,0.0,-0.572,0.0,-0.378,-0.7124,0.0,0.0,0.0,0.0,0.05402,1.0,-0.5,-0.5,0.3733,-0.404,2.0,0.0,0.0,-1.0,0.0,0.0,0.0,0.158
-0.5757,-0.575,-0.576,0.442,-0.4805,0.3965,-0.797,0.3347,-0.2827,0.373,-0.013565,0.1044,-1.143,0.3862,-1.0,0.0,-0.3074,-0.4026,0.10583,0.0,-0.245,1.15,-0.0882,-0.2886,0.02867,0.0774,-0.4688,-0.1917,-0.325,0.1923,0.0,-0.7812,-1.104,-0.581,-0.571,0.0,0.0,-0.5728,0.0,-0.3796,-0.9595,0.0,0.0,0.0,0.0,-0.08185,1.0,-0.5,-1.0,0.443,-0.4553,0.0,1.0,0.0,-1.0,0.0,0.0,0.0,-0.2386
-0.5767,-0.5757,-0.5767,0.76,-0.804,0.3965,-0.797,0.4587,-0.532,0.2423,-0.03137,1.778,-1.143,0.3862,-1.0,0.0,-0.1805,-0.2905,0.03333,0.0,-0.2424,1.185,-0.08026,-0.258,-0.2988,0.0679,-0.4185,-0.769,-0.33,-0.1917,0.5825,1.1875,-0.3748,-0.5806,-0.5713,0.0,0.0,-0.574,0.0,-0.3867,-1.086,0.0,1.0,0.0,0.0,-0.2554,0.0,-0.5,-1.0,0.765,-0.75,0.0,2.0,0.0,-1.0,0.0,0.0,0.0,-0.747
-0.577,-0.5767,-0.5776,0.6987,-0.7466,-0.798,-0.797,0.3887,-0.4192,0.232,-0.04776,-0.1547,-1.143,0.3862,-1.0,0.0,-0.1776,-0.2742,0.03333,0.0,-0.2399,-0.126,-0.09174,-0.2317,-0.2507,0.05832,0.086,0.0,-0.3816,-0.769,0.1923,0.0,-2.451,-0.58,-0.572,0.0,0.0,-0.5757,0.0,-0.3867,-1.026,0.0,0.0,0.0,0.0,0.0,0.0,-0.5,-1.0,0.7,-0.701,0.0,0.0,0.0,-1.0,0.0,0.0,0.0,0.0
-0.5776,-0.577,-0.578,0.6426,-0.696,-0.798,-0.797,0.4587,-0.2983,0.2219,-0.0649,-0.293,-1.143,0.3862,-1.0,0.0,-0.1622,-0.271,0.03333,0.0,-0.2374,0.9224,-0.1272,-0.2131,-0.2179,0.0518,0.01456,0.0,-0.434,0.0,-0.1917,0.582,0.3933,-0.58,-0.5723,0.0,0.0,-0.577,0.0,-0.387,-1.101,0.0,1.0,0.0,0.0,0.0,-1.0,-1.0,-1.5,0.5894,-0.714,0.0,0.0,0.0,-1.0,0.0,0.0,0.0,0.0
-0.578,-0.577,-0.578,0.332,-0.3857,-0.798,-0.797,0.3655,0.048,0.3022,-0.0751,-1.931,-1.0,0.3862,0.0,0.0,-0.2422,-0.3389,0.0877,0.0,-0.2349,0.12085,-0.1879,-0.2015,0.1126,0.04233,0.01877,0.5845,-0.4631,0.0,-0.769,0.1923,0.0,-0.5796,-0.5723,0.0,0.0,-0.578,0.0,-0.3818,-0.6562,0.0,0.0,0.0,0.0,0.1547,-1.0,-0.5,-1.0,0.3093,-0.395,1.0,0.0,0.0,-1.0,0.0,0.0,0.0,0.4583
-0.578,-0.5776,-0.5786,0.226,-0.2815,-0.798,-0.797,0.3577,0.1843,0.3218,-0.0831,1.06,-0.857,0.3862,0.0,0.0,-0.2603,-0.3564,0.10583,0.0,-0.2323,0.11584,-0.2808,-0.1978,0.2263,0.03854,0.2037,0.1929,-0.4792,0.5845,0.0,-0.1917,-0.7812,-0.5796,-0.5728,0.0,0.0,-0.579,0.0,-0.3804,-0.4922,0.0,0.0,0.0,0.0,0.0552,0.0,0.0,-0.5,0.09033,-0.4219,2.0,0.0,0.0,-1.0,0.0,0.0,0.0,0.162
-0.5776,-0.5767,-0.5776,-0.4458,0.4014,-0.2103,-0.797,0.07355,0.8413,0.551,-0.0753,2.549,-0.7144,0.3862,0.0,0.0,-0.4824,-0.54,0.251,0.0,-0.2299,0.329,-0.3398,-0.2058,0.8765,0.05853,-0.01066,1.538,-0.503,0.1929,0.0,-0.769,1.1875,-0.5786,-0.5728,0.0,0.0,-0.5796,0.0,-0.3667,0.884,1.0,0.0,0.0,0.0,0.4873,1.0,0.0,0.0,-0.483,0.3162,3.0,0.0,0.0,-1.0,0.0,0.0,0.0,1.425
-0.5767,-0.576,-0.577,-0.47,0.429,-0.1126,-0.797,0.0894,0.8384,0.569,-0.0683,0.1394,-0.5713,0.3862,0.0,0.0,-0.4966,-0.558,0.269,0.0,-0.2273,0.575,-0.4033,-0.2246,0.934,0.0655,0.03558,0.1875,-0.526,1.538,0.5845,0.0,0.0,-0.577,-0.5728,0.0,0.0,-0.5796,0.0,-0.3652,0.8457,1.0,0.0,0.0,0.0,0.0343,2.0,0.5,0.0,-0.498,0.3518,4.0,0.0,0.0,-1.0,0.0,0.0,0.0,0.09784
-0.576,-0.575,-0.576,-0.4111,0.372,-0.1126,-0.797,0.179,0.7407,0.5576,-0.06122,0.0309,-0.4285,0.3862,0.0,0.0,-0.479,-0.556,0.269,0.0,-0.2247,0.8267,-0.4656,-0.2559,0.838,0.0839,-0.04007,0.0,-0.5415,0.1875,0.1929,0.0,0.582,-0.575,-0.573,0.0,0.0,-0.58,0.0,-0.3652,0.8457,1.0,0.0,0.0,0.0,0.0,2.0,0.0,0.0,-0.4836,0.251,0.0,0.0,0.0,-1.0,0.0,0.0,0.0,0.0
-0.5757,-0.575,-0.576,0.051,-0.098,-0.1126,-0.797,0.2139,0.1805,0.3982,-0.05444,-0.575,-0.2856,0.3862,0.0,0.0,-0.3398,-0.4143,0.1783,0.0,-0.2222,0.3516,-0.519,-0.3003,0.289,0.0998,-0.04428,-0.9346,-0.577,0.0,1.538,0.584,0.1921,-0.574,-0.5737,0.0,0.0,-0.5806,0.0,-0.3738,0.7476,0.0,0.0,0.0,0.0,-0.1841,1.0,-0.5,0.0,-0.05862,-0.2236,0.0,1.0,0.0,-1.0,0.0,0.0,0.0,-0.5234
-0.576,-0.5757,-0.5767,0.3977,-0.4487,-0.1126,-0.797,0.3347,-0.2158,0.269,-0.0553,-1.327,-0.2856,0.3862,-1.0,0.0,-0.2155,-0.3042,0.10583,0.0,-0.2197,1.15,-0.5293,-0.359,-0.2004,0.12305,0.01036,-0.7593,-0.592,-0.9346,0.1875,0.1929,-0.1915,-0.573,-0.574,0.0,0.0,-0.581,0.0,-0.3809,0.07996,0.0,0.0,0.0,0.0,-0.1989,0.0,-0.5,-0.5,0.3071,-0.5264,0.0,2.0,0.0,-1.0,0.0,0.0,0.0,-0.574
-0.5767,-0.576,-0.577,0.545,-0.598,-0.1126,-0.797,0.373,-0.4104,0.1996,-0.05774,2.264,-0.2856,0.3862,-1.0,0.0,-0.1497,-0.2412,0.0696,0.0,-0.2172,-0.3948,-0.527,-0.4326,-0.4062,0.1271,0.1785,-0.3845,-0.602,-0.7593,0.0,1.538,-0.7686,-0.5737,-0.5747,0.0,0.0,-0.5815,0.0,-0.3843,-0.0694,0.0,0.0,0.0,0.0,-0.0781,-1.0,-0.5,-0.5,0.436,-0.6846,0.0,3.0,0.0,-1.0,0.0,0.0,0.0,-0.2285
-0.577,-0.5767,-0.5776,0.5063,-0.5576,-0.1126,0.1554,0.4658,-0.3972,0.1904,-0.06235,0.0936,-0.2856,0.3862,-1.0,0.0,-0.133,-0.2413,0.0696,0.0,-0.2146,0.6465,-0.52,-0.4756,-0.4028,0.1263,0.1869,0.0,-0.6113,-0.3845,-0.934,0.1874,0.0,-0.5737,-0.576,0.0,0.0,-0.581,0.0,-0.3843,-0.2874,0.0,0.0,0.0,0.0,0.0,-2.0,-0.5,-1.0,0.3896,-0.656,0.0,0.0,0.0,-1.0,0.0,0.0,0.0,0.0
-0.5776,-0.577,-0.578,0.6455,-0.698,-0.1126,0.1554,0.4587,-0.5522,0.12177,-0.0692,0.7456,-0.2856,0.3862,-1.0,0.0,-0.071,-0.1735,0.03333,0.0,-0.2122,-0.3882,-0.5127,-0.5156,-0.5557,0.1196,0.1953,-0.387,-0.6133,0.0,-0.7593,0.0,0.0,-0.5757,-0.577,0.0,0.0,-0.581,0.0,-0.388,-0.5,0.0,0.0,0.0,0.0,-0.1288,-2.0,-0.5,-1.5,0.531,-0.783,0.0,1.0,0.0,-1.0,0.0,0.0,0.0,-0.3792
-0.578,-0.5776,-0.5786,0.4226,-0.4731,-0.1126,0.1554,0.3267,-0.3506,0.1716,-0.07404,-0.363,-0.2856,0.3862,-1.0,0.0,-0.1284,-0.2096,0.0696,0.0,-0.2096,-0.1345,-0.5063,-0.5474,-0.3616,0.11804,0.0692,0.3896,-0.6177,-0.387,-0.3845,-0.934,0.584,-0.5776,-0.5776,0.0,0.0,-0.581,0.0,-0.3845,-0.2778,0.0,0.0,0.0,0.0,0.073,-1.0,-0.5,-1.0,0.3018,-0.5825,1.0,0.0,0.0,-1.0,0.0,0.0,0.0,0.2162
-0.5786,-0.5776,-0.5786,0.4814,-0.5337,-0.1126,0.1554,0.2644,-0.4514,0.1318,-0.0766,0.613,-0.2856,0.3862,-1.0,0.0,-0.0976,-0.1648,0.05145,0.0,-0.207,0.392,-0.503,-0.5693,-0.4565,0.1184,0.02296,-0.1935,-0.6367,0.3896,0.0,-0.7593,0.1927,-0.579,-0.578,0.0,0.0,-0.5806,0.0,-0.3865,-0.06,0.0,0.0,0.0,0.0,-0.05832,-1.0,-1.0,-1.0,0.3677,-0.63,0.0,1.0,0.0,-1.0,0.0,0.0,0.0,-0.1716
-0.5786,-0.578,-0.579,0.276,-0.326,-0.1126,0.1554,0.2498,-0.2832,0.1808,-0.0779,-0.4058,-0.2856,0.3862,-1.0,0.0,-0.1436,-0.2112,0.0877,0.0,-0.2046,-0.1387,-0.5024,-0.573,-0.2935,0.12305,-0.326,0.3884,-0.639,-0.1935,-0.387,-0.3845,1.537,-0.58,-0.579,0.0,0.0,-0.5806,0.0,-0.383,0.07996,0.0,0.0,0.0,0.0,0.0616,0.0,-1.0,-0.5,0.1952,-0.4026,1.0,0.0,0.0,-1.0,0.0,0.0,0.0,0.182
-0.579,-0.5786,-0.5796,0.609,-0.6636,-0.1126,0.1554,0.2091,-0.653,0.05176,-0.0821,2.557,-0.2856,0.3862,-1.0,0.0,-0.02837,-0.0801,0.015205,0.0,-0.202,0.1412,-0.5073,-0.5728,-0.68,0.1261,-0.4058,-0.7715,-0.6343,0.3884,0.3894,0.0,0.1874,-0.581,-0.5796,0.0,0.0,-0.5806,0.0,-0.39,-0.2017,0.0,0.0,0.0,0.0,-0.1412,0.0,-1.5,-0.5,0.5195,-0.724,0.0,1.0,0.0,-1.0,0.0,0.0,0.0,-0.4143
-0.5796,-0.5786,-0.5796,0.2175,-0.2673,-0.1126,0.1554,0.1573,-0.2764,0.1604,-0.0855,-0.625,-0.4285,0.3862,-1.0,0.0,-0.1333,-0.1825,0.0877,0.0,-0.1995,-0.1387,-0.5215,-0.57,-0.3228,0.129,-0.4646,0.7817,-0.6343,-0.7715,-0.1935,-0.387,0.0,-0.5806,-0.58,0.0,0.0,-0.5806,0.0,-0.383,-0.1375,0.0,0.0,0.0,0.0,0.1178,1.0,-1.0,-0.5,0.1815,-0.2998,1.0,0.0,0.0,-1.0,0.0,0.0,0.0,0.35
-0.58,-0.5796,-0.5806,0.733,-0.787,-0.1126,0.1554,0.2473,-0.7954,-0.02545,-0.0936,3.67,-0.5713,0.3862,-1.0,0.0,0.04785,-0.00588,-0.02106,0.0,-0.197,0.4163,-0.551,-0.5684,-0.817,0.11597,-0.2964,-1.157,-0.6226,0.7817,0.3882,0.3894,-0.934,-0.5815,-0.581,0.0,0.0,-0.581,0.0,-0.3936,-0.521,0.0,0.0,0.0,0.0,-0.395,0.0,-1.0,-1.0,0.6465,-0.835,0.0,1.0,0.0,-1.0,0.0,0.0,0.0,-1.159
-0.5815,-0.581,-0.582,1.5,-1.56,-0.1126,-0.281,0.3406,-1.489,-0.2988,-0.1145,1.263,-0.7144,0.3862,-1.0,0.0,0.3245,0.272,-0.1842,0.0,-0.1945,1.019,-0.56,-0.568,-1.447,0.0724,-0.1746,-1.7705,-0.5693,-1.157,-0.7715,-0.1935,-0.759,-0.5835,-0.582,0.0,0.0,-0.582,0.0,-0.409,-1.422,0.0,1.0,0.0,0.0,-0.7524,0.0,-1.0,-1.5,1.452,-1.505,0.0,2.0,0.0,-1.0,0.0,0.0,0.0,-2.25
-0.5835,-0.5825,-0.5835,1.466,-1.521,-0.1126,-0.3853,0.4949,-1.416,-0.3352,-0.1368,0.08435,-0.857,0.3862,-1.0,0.0,0.375,0.2969,-0.2024,0.0,-0.1919,2.395,-0.527,-0.558,-1.319,0.02654,-0.1577,-0.2028,-0.5244,-1.7705,0.7817,0.3882,-0.3843,-0.586,-0.5825,0.0,0.0,-0.5825,0.0,-0.411,-1.528,0.0,1.0,0.0,0.0,-0.1109,-1.0,-1.0,-2.0,1.432,-1.456,0.0,3.0,0.0,-1.0,0.0,0.0,0.0,-0.342
-0.5845,-0.584,-0.585,1.152,-1.206,-0.1126,-0.3853,0.381,-1.067,-0.2834,-0.1578,-0.1511,-1.0,0.3862,-1.0,0.0,0.3125,0.2515,-0.1661,0.0,-0.1895,-0.07733,-0.4636,-0.5366,-0.9365,-0.01275,-0.2208,0.4067,-0.4968,-0.2028,-1.157,-0.7715,0.0,-0.5874,-0.583,0.0,0.0,-0.5835,0.0,-0.4077,-1.363,0.0,1.0,0.0,0.0,0.1327,0.0,-0.5,-1.5,1.105,-1.177,1.0,0.0,0.0,-1.0,0.0,0.0,0.0,0.4106
-0.5854,-0.5845,-0.5854,0.781,-0.831,-0.1126,-0.3853,0.3572,-0.672,-0.2023,-0.1726,-0.3123,-1.143,0.3862,-1.0,0.0,0.2291,0.167,-0.1117,0.0,-0.1869,0.1781,-0.4087,-0.513,-0.566,-0.02963,-0.1914,0.606,-0.4832,0.4067,-1.7705,0.7812,-0.387,-0.5894,-0.583,0.0,0.0,-0.5835,0.0,-0.4026,-0.9937,0.0,0.0,0.0,0.0,0.163,0.0,0.0,-1.0,0.7466,-0.818,2.0,0.0,0.0,-1.0,0.0,0.0,0.0,0.501
-0.586,-0.585,-0.586,0.6284,-0.679,-0.1126,-0.3853,0.182,-0.501,-0.1807,-0.1838,-0.1936,-1.143,0.3862,-1.0,0.0,0.1921,0.161,-0.09357,0.0,-0.1843,-0.632,-0.3638,-0.4883,-0.3872,-0.04605,-0.309,0.2001,-0.474,0.606,-0.2026,-1.157,0.3894,-0.5903,-0.5835,0.0,0.0,-0.5845,0.0,-0.401,-0.7715,0.0,0.0,0.0,0.0,0.04172,1.0,0.0,-0.5,0.594,-0.6777,3.0,0.0,0.0,-1.0,0.0,0.0,0.0,0.127
-0.5864,-0.5854,-0.5864,0.4922,-0.542,-0.1126,-0.3853,0.1509,-0.3499,-0.1592,-0.1929,-0.2866,-1.143,0.3862,-1.0,0.0,0.1683,0.1415,-0.07544,0.0,-0.1818,-0.3672,-0.3315,-0.4656,-0.2542,-0.0533,-0.305,0.1993,-0.47,0.2001,0.4067,-1.77,-0.1935,-0.592,-0.5835,0.0,0.0,-0.585,0.0,-0.3994,-0.6104,0.0,0.0,0.0,0.0,0.04382,2.0,0.5,0.0,0.477,-0.5303,4.0,0.0,0.0,-1.0,0.0,0.0,0.0,0.1328
-0.5864,-0.586,-0.587,0.369,-0.4185,-0.1126,-0.3853,0.0725,-0.2051,-0.1378,-0.201,-0.5337,-1.143,0.3862,-1.0,0.0,0.1405,0.1267,-0.0573,0.0,-0.1793,-0.1043,-0.3098,-0.4434,-0.1337,-0.0581,-0.4185,0.1987,-0.4905,0.1993,0.606,-0.2026,0.3882,-0.592,-0.5835,0.0,0.0,-0.586,0.0,-0.3977,-0.541,0.0,0.0,0.0,0.0,0.0359,3.0,0.5,0.5,0.3516,-0.4192,5.0,0.0,0.0,-1.0,0.0,0.0,0.0,0.10846
-0.587,-0.586,-0.587,0.259,-0.3071,-0.4744,-0.3853,0.1129,-0.0805,-0.11566,-0.2065,-1.376,-1.0,0.3862,0.0,0.0,0.12244,0.0997,-0.03918,0.0,-0.1768,0.1569,-0.2932,-0.4219,0.009186,-0.06714,-0.284,0.198,-0.5234,0.1987,0.2,0.4067,-0.7715,-0.591,-0.584,0.0,0.0,-0.587,0.0,-0.396,-0.374,0.0,0.0,0.0,0.0,0.0323,3.0,1.0,1.0,0.2375,-0.3206,5.734,0.0,0.5,-1.0,0.0,0.0,0.0,0.0973
-0.5864,-0.586,-0.587,-0.0983,0.0545,-0.0629,-0.3853,0.1318,0.3213,-0.00577,-0.2108,12.875,-0.857,0.3862,0.0,0.0,0.01883,-0.0148,0.03333,0.0,-0.1742,0.3982,-0.2869,-0.4048,0.3953,-0.06744,-0.4646,0.7896,-0.5654,0.198,0.1993,0.606,0.7812,-0.589,-0.584,0.0,0.0,-0.5874,0.0,-0.3894,-0.2499,0.0,0.0,0.0,0.0,0.1936,3.0,1.0,1.0,-0.0687,0.0688,5.734,0.0,1.0,-1.0,0.0,0.0,0.0,0.581
-0.586,-0.5854,-0.5864,-0.2456,0.2036,0.1401,-0.3853,0.0948,0.5083,0.04504,-0.2128,0.613,-0.7144,0.3862,0.0,0.0,-0.03235,-0.06244,0.0696,0.0,-0.1718,0.1259,-0.2893,-0.3916,0.611,-0.0719,-0.225,0.3896,-0.585,0.7896,0.1986,0.2,-1.157,-0.5864,-0.584,0.0,0.0,-0.588,0.0,-0.386,-0.0827,0.0,0.0,0.0,0.0,0.086,3.0,1.5,1.5,-0.2081,0.215,5.734,0.0,1.5,-1.0,0.0,0.0,0.0,0.255
-0.5854,-0.5845,-0.586,-0.2935,0.252,0.2411,-0.3853,0.08795,0.605,0.06665,-0.2155,0.3135,-0.5713,0.3862,0.0,0.0,-0.0531,-0.0833,0.0877,0.0,-0.1692,-0.1387,-0.306,-0.3857,0.6963,-0.0698,0.1743,0.1936,-0.5874,0.3896,0.198,0.1992,-1.77,-0.585,-0.584,0.0,0.0,-0.588,0.0,-0.3843,-0.1375,0.0,0.0,0.0,0.0,0.04056,3.0,1.5,1.5,-0.2842,0.2289,5.734,0.0,2.0,-1.0,0.0,0.0,0.0,0.1193
-0.585,-0.584,-0.5854,-0.2524,0.2108,0.2411,-0.3853,0.0186,0.5767,0.05887,-0.2151,0.0998,-0.4285,0.3862,0.0,0.0,-0.05206,-0.069,0.0877,0.0,-0.1666,-0.6577,-0.3386,-0.3855,0.673,-0.0654,0.2793,0.0,-0.585,0.1936,0.7896,0.1986,-0.2026,-0.5835,-0.584,0.0,0.0,-0.588,0.0,-0.3845,0.1122,0.0,0.0,0.0,0.0,0.0,2.0,1.5,1.5,-0.2866,0.1437,0.0,0.0,2.0,-1.0,0.0,0.0,0.0,0.0
-0.585,-0.584,-0.585,-0.0466,0.001924,0.2411,-0.3853,0.0318,0.3972,-0.00729,-0.2192,-0.1418,-0.2856,0.3862,0.0,0.0,0.011314,-0.003689,0.05145,0.0,-0.1642,-0.1302,-0.3928,-0.389,0.477,-0.06476,0.2625,-0.3857,-0.587,0.0,0.3894,0.198,0.4065,-0.582,-0.584,0.0,0.0,-0.588,0.0,-0.388,-0.2698,0.0,0.0,0.0,0.0,-0.0608,1.0,1.5,1.0,-0.1335,-0.1067,0.0,1.0,2.0,-1.0,0.0,0.0,0.0,-0.1783
-0.5845,-0.584,-0.585,-0.02945,-0.01575,0.2411,-0.3853,-0.06125,0.369,-0.01421,-0.2186,0.0827,-0.1428,0.3862,0.0,0.0,0.009544,0.01224,0.05145,0.0,-0.1616,-0.3916,-0.4653,-0.3945,0.4841,-0.0661,0.1869,0.0,-0.5854,-0.3857,0.1935,0.789,0.606,-0.5815,-0.584,0.0,0.0,-0.588,0.0,-0.388,0.1836,0.0,0.0,0.0,0.0,0.0,0.0,1.0,1.0,-0.209,-0.2236,0.0,0.0,2.0,-1.0,0.0,0.0,0.0,0.0
-0.584,-0.583,-0.584,-0.3508,0.3086,0.2411,-0.3853,-0.1667,0.6357,0.0947,-0.2084,0.747,0.0,0.3862,0.0,0.0,-0.102,-0.08685,0.12396,0.0,-0.159,-0.01808,-0.532,-0.4062,0.7373,-0.04138,0.1827,0.777,-0.5776,0.0,0.0,0.3894,0.2,-0.58,-0.584,0.0,0.0,-0.5874,0.0,-0.381,1.478,1.0,0.0,0.0,0.0,0.2067,0.0,1.0,1.5,-0.4795,0.131,1.0,0.0,2.0,-1.0,0.0,0.0,0.0,0.6104
-0.583,-0.5825,-0.5835,-0.4712,0.428,0.2411,-0.3853,-0.3838,0.687,0.144,-0.1962,0.218,0.1428,0.3862,0.0,0.0,-0.1669,-0.11475,0.1603,0.0,-0.1566,-0.1553,-0.5596,-0.423,0.742,-0.00606,0.191,0.3833,-0.562,0.777,-0.3857,0.1935,0.1992,-0.5786,-0.584,0.0,0.0,-0.5874,0.0,-0.378,1.478,1.0,0.0,1.0,0.0,0.05246,0.0,1.0,2.0,-0.592,0.2499,2.0,0.0,2.0,-1.0,0.0,0.0,0.0,0.153
-0.5825,-0.5815,-0.5825,-0.4133,0.3699,0.2411,-0.3853,-0.2241,0.5605,0.1342,-0.1858,-0.02965,0.2856,0.3862,0.0,0.0,-0.1434,-0.12024,0.1603,0.0,-0.154,1.639,-0.528,-0.4426,0.5645,0.02795,0.2037,0.0,-0.551,0.3833,0.0,0.0,0.1986,-0.578,-0.584,0.0,0.0,-0.587,0.0,-0.378,1.478,1.0,0.0,1.0,0.0,0.0,0.0,0.5,1.5,-0.5684,0.1592,0.0,0.0,2.0,-1.0,0.0,0.0,0.0,0.0
-0.582,-0.581,-0.582,-0.2793,0.2327,0.2411,-0.3853,-0.287,0.368,0.09515,-0.1785,-0.1698,0.4285,0.3862,0.0,0.0,-0.11316,-0.0758,0.1421,0.0,-0.1515,-0.4082,-0.4824,-0.463,0.3542,0.05035,0.2122,-0.1904,-0.539,0.0,0.7764,-0.3857,0.1979,-0.5776,-0.5845,0.0,0.0,-0.5864,0.0,-0.3796,1.436,1.0,0.0,0.0,0.0,-0.03705,0.0,0.0,1.0,-0.4421,0.02344,0.0,1.0,2.0,-1.0,0.0,0.0,0.0,-0.10736
-0.5815,-0.5806,-0.5815,-0.4058,0.3599,0.2411,-0.3853,-0.298,0.4546,0.1437,-0.1704,0.3394,0.5713,0.3862,0.0,0.0,-0.1588,-0.1225,0.1783,0.0,-0.149,-0.67,-0.4375,-0.483,0.4465,0.06903,0.086,0.382,-0.5264,-0.1904,0.3833,0.0,0.789,-0.5767,-0.5845,0.0,0.0,-0.5864,0.0,-0.3765,1.468,1.0,0.0,0.0,0.0,0.05515,1.0,0.0,1.0,-0.551,0.1604,1.0,0.0,2.0,-1.0,0.0,0.0,0.0,0.1602
-0.5806,-0.5796,-0.5806,-0.5986,0.5557,0.2411,-0.3853,-0.2917,0.621,0.2211,-0.1608,0.4639,0.7144,0.3862,0.0,0.0,-0.2285,-0.1984,0.2328,0.0,-0.1465,-0.1714,-0.3918,-0.4917,0.6025,0.0933,0.03558,0.5693,-0.5024,0.382,0.0,0.7764,0.3894,-0.575,-0.5845,0.0,0.0,-0.5854,0.0,-0.3713,1.478,1.0,0.0,0.0,0.0,0.1317,1.0,0.0,1.0,-0.7124,0.3752,2.0,0.0,2.0,-1.0,0.0,0.0,0.0,0.3804
-0.579,-0.578,-0.579,-1.005,0.9688,0.2411,-0.3853,-0.2573,1.034,0.3845,-0.1475,0.7583,0.857,0.3862,0.0,0.0,-0.3704,-0.3564,0.3416,0.0,-0.1439,0.5503,-0.3367,-0.4692,0.9536,0.1337,0.03137,1.128,-0.4797,0.5693,-0.1904,0.3833,0.1935,-0.5728,-0.584,0.0,0.0,-0.584,0.0,-0.3613,1.478,1.0,0.0,0.0,0.0,0.5005,1.0,0.0,1.0,-1.047,0.835,3.0,0.0,2.0,-1.0,0.0,0.0,0.0,1.431
-0.578,-0.577,-0.578,-0.5786,0.5386,0.2411,0.8438,0.01101,0.541,0.2583,-0.138,-0.3276,0.857,0.3862,0.0,0.0,-0.2349,-0.263,0.269,0.0,-0.1414,2.838,-0.267,-0.419,0.295,0.1906,0.0902,-0.7383,-0.4924,1.128,0.382,0.0,0.0,-0.5713,-0.5835,0.0,0.0,-0.5825,0.0,-0.3684,1.095,1.0,0.0,0.0,0.0,-0.6113,1.0,0.0,0.5,-0.6475,0.4082,0.0,1.0,2.0,-1.0,0.0,0.0,0.0,-1.717
-0.576,-0.575,-0.576,-1.363,1.34,0.2411,0.8438,0.0952,1.403,0.5645,-0.1238,1.584,0.857,0.3862,0.0,0.0,-0.4924,-0.5547,0.4685,0.0,-0.1389,1.967,-0.2078,-0.3684,1.164,0.2181,0.2163,2.057,-0.4548,-0.7383,0.5693,-0.1904,-0.3857,-0.569,-0.5825,0.0,0.0,-0.5806,0.0,-0.3499,1.282,1.0,0.0,0.0,0.0,0.641,2.0,0.5,0.5,-1.304,1.288,1.0,0.0,2.0,-1.0,0.0,0.0,0.0,1.822
-0.5737,-0.5728,-0.5737,-1.631,1.725,0.3135,0.8438,0.1364,1.85,0.753,-0.1063,0.4656,0.857,0.3862,0.0,0.0,-0.6436,-0.724,0.595,0.0,-0.1364,0.2299,-0.1418,-0.3093,1.516,0.274,0.313,1.265,-0.3853,2.057,1.128,0.382,0.0,-0.565,-0.5815,0.0,0.0,-0.5786,0.0,-0.3381,1.378,1.0,0.0,0.0,0.0,0.6357,2.0,1.0,0.5,-1.384,1.721,2.0,0.0,2.0,-1.0,1.0,0.0,4.234,1.747
-0.5713,-0.5703,-0.572,-1.48,1.472,0.3135,0.8438,0.164,1.568,0.7104,-0.08997,-0.01415,0.857,0.3862,0.0,0.0,-0.607,-0.69,0.577,0.0,-0.1338,-0.00392,-0.08405,-0.253,1.232,0.3115,0.271,-0.1769,-0.3438,1.265,-0.7383,0.5693,0.7764,-0.5615,-0.5806,0.0,0.0,-0.5767,0.0,-0.34,1.273,1.0,0.0,0.0,0.0,-0.06384,1.0,0.5,0.0,-1.359,1.478,0.0,1.0,2.0,-1.0,0.0,0.0,0.0,-0.1718
-0.569,-0.5684,-0.5693,-1.543,1.541,0.3135,0.8438,0.25,1.635,0.784,-0.0713,0.1868,0.857,0.3862,0.0,0.0,-0.658,-0.7617,0.6133,1.0,-0.2903,0.4568,-0.03085,-0.1969,1.279,0.338,0.292,0.532,-0.3027,-0.1769,2.055,1.128,0.383,-0.5576,-0.579,0.0,0.0,-0.574,0.0,-0.335,1.328,1.0,0.0,0.0,0.0,0.2306,1.0,0.5,0.5,-1.384,1.55,1.0,0.0,2.0,-1.0,0.0,0.0,0.0,0.6226
-0.567,-0.5664,-0.5674,-1.308,1.305,0.3135,0.8438,0.2778,1.331,0.742,-0.0519,-0.04745,0.857,0.3862,0.0,0.0,-0.622,-0.728,0.595,0.0,-0.2878,-0.012375,0.005047,-0.1472,1.043,0.3672,0.4011,-0.1759,-0.2805,0.532,1.265,-0.738,0.0,-0.554,-0.578,0.0,0.0,-0.5723,0.0,-0.337,1.41,1.0,0.0,0.0,0.0,-0.06027,1.0,0.5,0.5,-1.187,1.324,0.0,1.0,2.0,-1.0,0.0,0.0,0.0,-0.1613
-0.565,-0.564,-0.5654,-1.389,1.387,0.3135,0.8438,0.2788,1.372,0.8135,-0.03072,0.1738,0.857,0.3862,0.0,0.0,-0.679,-0.7896,0.6133,1.0,-0.2903,-0.4954,0.01683,-0.1069,1.201,0.3533,0.5483,0.5293,-0.2573,-0.1759,-0.1769,2.055,-0.1903,-0.5513,-0.5767,0.0,0.0,-0.57,0.0,-0.3318,1.454,1.0,0.0,0.0,0.0,0.09595,1.0,1.0,1.0,-1.275,1.393,1.0,0.0,2.0,-1.0,0.0,0.0,0.0,0.2573
-0.5625,-0.5615,-0.563,-1.631,1.677,0.3135,0.8438,0.2495,1.667,0.97,-0.008255,0.3606,0.857,0.3862,0.0,0.0,-0.804,-0.918,0.6133,1.0,-0.2903,-0.04922,0.0262,-0.06885,1.536,0.2874,0.586,1.049,-0.2113,0.5293,0.532,1.265,0.3818,-0.547,-0.5757,0.0,0.0,-0.568,0.0,-0.3218,1.478,1.0,0.0,0.0,0.0,0.3105,1.0,1.0,1.0,-1.384,1.712,2.0,0.0,2.0,-1.0,0.0,0.0,0.0,0.8257
-0.5605,-0.5596,-0.561,-1.282,1.284,0.3135,0.8438,0.3523,1.191,0.8696,0.01076,-0.1494,0.857,0.3862,0.0,0.0,-0.717,-0.8438,0.5605,0.0,-0.2878,0.6626,0.03952,-0.03403,1.065,0.3284,0.5986,-0.5156,-0.1886,1.049,-0.1759,-0.1769,0.5693,-0.545,-0.574,0.0,0.0,-0.566,0.0,-0.3271,1.229,1.0,0.0,0.0,0.0,-0.2974,1.0,0.5,0.5,-1.118,1.353,0.0,1.0,2.0,-1.0,0.0,0.0,0.0,-0.7773
-0.559,-0.558,-0.5596,-0.928,0.921,0.3135,0.6914,0.2473,0.7427,0.769,0.02742,-0.2341,0.857,0.3862,0.0,0.0,-0.646,-0.7485,0.5073,0.0,-0.2854,-0.02487,0.04718,-0.007145,0.677,0.3538,0.4602,-0.52,-0.1837,-0.5156,0.5293,0.532,1.128,-0.544,-0.5723,0.0,0.0,-0.564,0.0,-0.3323,1.027,1.0,0.0,0.0,0.0,-0.1062,0.0,0.0,0.5,-0.7646,1.017,0.0,2.0,2.0,-1.0,0.0,0.0,0.0,-0.28
-0.5576,-0.557,-0.558,-0.753,0.7397,0.3135,0.6016,0.275,0.474,0.7266,0.04434,-0.2003,0.857,0.3862,0.0,0.0,-0.6094,-0.7144,0.49,0.0,-0.2827,-0.2566,0.04254,0.011475,0.476,0.377,0.704,-0.1748,-0.19,-0.52,1.049,-0.1758,-0.738,-0.5435,-0.5703,0.0,0.0,-0.5625,0.0,-0.3342,1.027,1.0,0.0,0.0,0.0,-0.05988,0.0,0.0,0.5,-0.608,0.8286,0.0,3.0,2.0,-1.0,0.0,0.0,0.0,-0.1592
-0.5566,-0.5557,-0.557,-0.744,0.7266,0.3135,0.6016,0.352,0.3896,0.7407,0.06036,-0.01413,0.857,0.3862,0.0,0.0,-0.6143,-0.7344,0.5073,0.0,-0.2803,0.2104,0.01901,0.01831,0.4878,0.3923,0.3298,0.1754,-0.2096,-0.1748,-0.5156,0.529,2.055,-0.5435,-0.569,0.0,0.0,-0.5605,0.0,-0.3325,1.007,1.0,0.0,0.0,0.0,0.0399,0.0,0.0,0.5,-0.6177,0.7964,1.0,0.0,2.0,-1.0,0.0,0.0,0.0,0.10645
-0.5547,-0.554,-0.555,-1.103,1.086,0.3135,0.6016,0.373,0.7207,0.8975,0.07855,0.863,0.857,0.3862,0.0,0.0,-0.737,-0.8696,0.6133,1.0,-0.2903,0.4133,-0.01718,0.0143,0.8906,0.416,0.0818,1.049,-0.2251,0.1754,-0.52,1.049,1.264,-0.542,-0.567,0.0,0.0,-0.558,0.0,-0.3225,1.066,1.0,0.0,0.0,0.0,0.2393,0.0,0.0,0.5,-0.957,1.148,2.0,0.0,2.0,-1.0,0.0,0.0,0.0,0.636
-0.5522,-0.552,-0.5527,-1.621,1.611,0.3135,0.6016,0.353,1.287,1.138,0.0986,0.8857,0.857,0.3862,0.0,0.0,-0.922,-1.063,0.6133,1.0,-0.2903,0.8174,-0.04535,0.01184,1.438,0.3064,0.1659,1.547,-0.2072,1.049,-0.1748,-0.515,-0.1769,-0.5396,-0.565,0.0,0.0,-0.5557,0.0,-0.3074,1.119,1.0,0.0,0.0,0.0,0.563,1.0,0.5,0.5,-1.384,1.708,3.0,0.0,2.0,-1.0,0.0,0.0,0.0,1.471
-0.551,-0.55,-0.551,-1.033,1.008,0.3135,0.6016,0.271,0.575,0.9517,0.1174,-0.4138,0.857,0.3862,0.0,0.0,-0.788,-0.905,0.5103,0.0,-0.2878,0.6265,-0.04443,0.01811,0.632,0.3655,0.12384,-1.005,-0.2192,1.547,0.1753,-0.52,0.532,-0.539,-0.563,0.0,0.0,-0.5537,0.0,-0.3176,1.005,1.0,0.0,0.0,0.0,-0.2627,1.0,0.0,0.5,-0.8926,1.07,0.0,1.0,2.0,-1.0,0.0,0.0,0.0,-0.6694
-0.549,-0.5483,-0.5493,-1.066,1.038,0.3135,0.6016,0.1565,0.609,0.9937,0.1295,0.1959,0.857,0.3862,0.0,0.0,-0.831,-0.9287,0.5444,0.0,-0.2854,0.6147,-0.0515,0.02304,0.6577,0.3948,0.2122,0.3408,-0.2388,-1.005,1.049,-0.1748,-0.1758,-0.5376,-0.561,0.0,0.0,-0.552,0.0,-0.3145,0.8135,1.0,0.0,0.0,0.0,0.0804,2.0,0.5,0.5,-0.969,1.052,1.0,0.0,2.0,-1.0,0.0,0.0,0.0,0.2083
-0.548,-0.547,-0.548,-0.8086,0.776,0.3135,0.6016,0.10767,0.3582,0.9233,0.135,-0.2368,0.857,0.3862,0.0,0.0,-0.781,-0.8657,0.5103,0.0,-0.2827,0.1682,-0.05444,0.01999,0.3997,0.413,0.1449,-0.3389,-0.2842,0.3408,1.546,0.1753,0.529,-0.536,-0.5596,0.0,0.0,-0.5493,0.0,-0.3179,0.4841,0.0,0.0,0.0,0.0,-0.056,1.0,0.0,0.0,-0.7173,0.802,0.0,1.0,2.0,-1.0,0.0,0.0,0.0,-0.1443
-0.5493,-0.549,-0.55,1.504,-1.549,0.3135,-1.402,0.824,-1.94,0.12177,0.1214,-5.184,0.7144,0.3862,-1.0,0.0,-0.03824,-0.2085,0.02815,0.0,-0.2803,3.135,-0.0846,-0.004475,-1.827,0.3845,-0.0695,-2.514,-0.318,-0.3389,-1.005,1.049,1.049,-0.539,-0.5586,0.0,0.0,-0.549,0.0,-0.366,-0.5625,0.0,0.0,0.0,0.0,-3.648,0.0,-0.5,0.0,1.702,-1.227,0.0,2.0,2.0,-1.0,0.0,0.0,0.0,-5.477
-0.552,-0.5513,-0.5522,2.176,-2.209,0.3135,-2.258,1.065,-2.36,-0.1401,0.09894,0.5166,0.5713,0.3862,-1.0,0.0,0.2314,0.03394,-0.1268,0.0,-0.2778,2.15,-0.1434,-0.0613,-1.993,0.2515,-0.0485,-1.666,-0.2983,-2.514,0.3406,1.546,-0.515,-0.5435,-0.5586,0.0,0.0,-0.5493,0.0,-0.3818,-0.8677,0.0,0.0,0.0,0.0,-2.422,-1.0,-0.5,-0.5,2.418,-1.788,0.0,3.0,2.0,-1.0,0.0,0.0,0.0,-5.477
-0.5537,-0.5527,-0.554,1.633,-1.651,0.3135,-2.258,1.049,-2.1,-0.03494,0.07996,-0.0643,0.4285,0.3862,-1.0,0.0,0.1287,-0.073,-0.05792,0.0,-0.2751,-0.4243,-0.1968,-0.1214,-1.517,0.2233,-0.0527,0.7617,-0.2761,-1.666,-0.3389,-1.005,-0.5195,-0.5483,-0.558,0.0,0.0,-0.55,0.0,-0.3752,-0.706,0.0,0.0,0.0,0.0,0.3325,0.0,0.0,0.0,1.908,-1.234,1.0,0.0,2.0,-1.0,0.0,0.0,0.0,0.9634
-0.555,-0.554,-0.5557,1.236,-1.243,0.3135,-2.258,1.065,-1.72,0.04132,0.06082,-0.0671,0.2856,0.3862,-1.0,0.0,0.058,-0.1516,-0.00628,0.0,-0.2727,-0.1832,-0.2429,-0.1752,-1.162,0.2034,-0.1115,0.564,-0.2798,0.7617,-2.514,0.3406,-0.1748,-0.5537,-0.558,0.0,0.0,-0.5493,0.0,-0.3704,-0.706,0.0,0.0,0.0,0.0,0.235,0.0,0.5,0.0,1.5,-0.87,2.0,0.0,2.0,-1.0,0.0,0.0,0.0,0.672
-0.5566,-0.5557,-0.557,1.308,-1.312,0.3135,-2.258,1.062,-1.724,-0.02374,0.0355,0.1455,0.1428,0.3862,-1.0,0.0,0.11914,-0.08563,-0.0407,0.0,-0.2703,0.0769,-0.263,-0.2301,-1.219,0.1785,-0.2377,-0.3726,-0.2477,0.564,-1.666,-0.3386,0.1753,-0.559,-0.5576,0.0,0.0,-0.5503,0.0,-0.3738,-0.9624,0.0,0.0,0.0,0.0,-0.1194,0.0,0.0,-0.5,1.56,-0.946,0.0,1.0,2.0,-1.0,0.0,0.0,0.0,-0.3384
-0.558,-0.557,-0.559,1.46,-1.464,0.0271,-2.258,1.001,-1.814,-0.1163,0.010414,0.2052,0.0,0.3862,-1.0,0.0,0.2025,0.01536,-0.09235,0.0,-0.2676,-0.1633,-0.2451,-0.2703,-1.295,0.1394,-0.5864,-0.5625,-0.2037,-0.3726,0.7617,-2.514,1.049,-0.5645,-0.557,0.0,0.0,-0.5513,0.0,-0.379,-0.9624,0.0,0.0,0.0,0.0,-0.1722,0.0,-0.5,-0.5,1.708,-1.091,0.0,2.0,2.0,-1.0,0.0,0.0,0.0,-0.491
-0.56,-0.559,-0.5605,1.515,-1.514,0.0271,-2.258,1.043,-1.824,-0.1802,-0.0138,0.1495,-0.1428,0.3862,-1.0,0.0,0.2688,0.0782,-0.1268,0.0,-0.2651,0.3572,-0.2039,-0.2969,-1.32,0.1077,-1.1,-0.3784,-0.1595,-0.5625,0.564,-1.666,1.546,-0.5703,-0.557,0.0,0.0,-0.5527,0.0,-0.3826,-0.9443,0.0,0.0,0.0,0.0,-0.1827,0.0,-1.0,-0.5,1.7705,-1.128,0.0,3.0,2.0,-1.0,0.0,0.0,0.0,-0.526
-0.56,-0.559,-0.561,0.3708,-0.3538,0.0271,-2.258,1.084,-0.6763,0.1478,-0.02882,-0.5938,-0.2856,0.3862,-1.0,0.0,-0.0389,-0.2588,0.0798,0.0,-0.2627,1.525,-0.1542,-0.307,-0.1581,0.08777,-1.027,2.285,-0.153,-0.3784,-0.3726,0.7617,-1.005,-0.57,-0.5566,0.0,0.0,-0.553,0.0,-0.3623,-0.516,0.0,0.0,0.0,0.0,0.9033,0.0,-0.5,0.0,0.784,0.1142,1.0,0.0,2.0,-1.0,0.0,0.0,0.0,2.617
-0.5605,-0.5596,-0.5615,0.598,-0.5845,0.0271,-2.258,1.091,-0.824,0.0534,-0.04697,0.4321,-0.4285,0.3862,-1.0,0.0,0.04898,-0.1661,0.02815,0.0,-0.26,0.05817,-0.1073,-0.3064,-0.3718,0.07715,-1.217,-0.5503,-0.1423,2.285,-0.5625,0.564,0.3406,-0.5684,-0.556,0.0,0.0,-0.554,0.0,-0.3674,-0.6064,0.0,0.0,0.0,0.0,-0.1646,-1.0,-1.0,-0.5,0.974,-0.1392,0.0,1.0,2.0,-1.0,0.0,0.0,0.0,-0.459
-0.561,-0.56,-0.562,0.4724,-0.4612,0.0271,-2.258,1.059,-0.586,0.0711,-0.0691,-0.2253,-0.5713,0.3862,-1.0,0.0,0.02965,-0.1808,0.04538,0.0,-0.2576,0.302,-0.0637,-0.2969,-0.2047,0.06158,-1.259,0.1852,-0.1387,-0.5503,-0.3784,-0.3726,-0.3386,-0.5674,-0.556,0.0,0.0,-0.555,0.0,-0.366,-0.7646,0.0,0.0,0.0,0.0,0.07324,0.0,-0.5,-0.5,0.7793,-0.1009,1.0,0.0,2.0,-1.0,0.0,0.0,0.0,0.2062
-0.5615,-0.5605,-0.562,0.519,-0.522,0.0271,-2.258,0.935,-0.4614,0.0322,-0.099,-0.1475,-0.7144,0.3862,-1.0,0.0,0.05493,-0.13,0.02815,0.0,-0.2551,-0.44,-0.02666,-0.2732,-0.1471,0.03244,-0.1956,-0.1846,-0.1481,0.1852,2.285,-0.562,-2.514,-0.5674,-0.5557,0.0,0.0,-0.5566,0.0,-0.3677,-1.117,0.0,1.0,0.0,0.0,-0.05072,0.0,-0.5,-1.0,0.783,-0.2051,0.0,1.0,2.0,-1.0,0.0,0.0,0.0,-0.1423
-0.562,-0.561,-0.5625,0.562,-0.577,0.0271,-2.258,0.8105,-0.3667,-0.006466,-0.1251,-0.1566,-0.857,0.3862,-1.0,0.0,0.08026,-0.0791,0.01093,0.0,-0.2524,-0.1871,-0.02042,-0.243,-0.1395,0.013245,0.1827,-0.1852,-0.1538,-0.1846,-0.5503,-0.3784,-1.665,-0.567,-0.5557,0.0,0.0,-0.558,0.0,-0.3696,-1.03,0.0,0.0,0.0,0.0,-0.0899,0.0,-0.5,-1.0,0.821,-0.2625,0.0,2.0,2.0,-1.0,0.0,0.0,0.0,-0.2532
-0.563,-0.5625,-0.5635,0.9385,-0.972,0.0271,-2.258,0.81,-0.59,-0.1559,-0.1561,1.115,-1.0,0.3862,-1.0,0.0,0.2241,0.0749,-0.07513,0.0,-0.25,0.3403,-0.04727,-0.2106,-0.4863,-0.00733,0.0482,-0.9287,-0.1486,-0.1852,0.185,2.285,0.761,-0.5664,-0.5557,0.0,0.0,-0.5596,0.0,-0.3784,-1.202,0.0,1.0,0.0,0.0,-0.2754,-1.0,-1.0,-1.5,1.218,-0.606,0.0,3.0,2.0,-1.0,0.0,0.0,0.0,-0.7783
-0.5645,-0.5635,-0.5645,1.11,-1.17,0.0271,-2.258,0.7915,-0.6265,-0.2485,-0.1877,0.2278,-1.143,0.3862,-1.0,0.0,0.3142,0.1747,-0.1268,0.0,-0.2474,-0.1553,-0.11865,-0.1794,-0.674,-0.02397,-0.0821,-0.566,-0.14,-0.9287,-0.1846,-0.5503,0.564,-0.5664,-0.556,0.0,0.0,-0.561,0.0,-0.3835,-1.217,0.0,1.0,0.0,0.0,-0.1484,-1.0,-1.5,-1.5,1.146,-1.056,0.0,4.0,2.0,-0.5,0.0,0.0,0.0,-0.426
-0.5654,-0.565,-0.5654,0.929,-0.99,0.0271,-2.258,0.191,-0.483,-0.229,-0.197,-0.1649,-1.143,0.3862,-1.0,0.0,0.2408,0.2114,-0.10956,0.0,-0.245,-0.4148,-0.2062,-0.148,-0.4458,-0.05112,-0.02747,0.1904,-0.1416,-0.566,-0.185,0.185,-0.3723,-0.5684,-0.5566,0.0,0.0,-0.5625,0.0,-0.3818,-0.497,0.0,0.0,0.0,0.0,0.0428,-1.0,-1.0,-1.0,0.898,-0.962,1.0,0.0,2.0,-0.5,0.0,0.0,0.0,0.12396
-0.566,-0.5654,-0.5664,0.596,-0.6553,0.0271,-2.258,-0.0326,-0.2333,-0.1539,-0.1971,-0.6016,-1.143,0.3862,-1.0,0.0,0.1467,0.1536,-0.05792,0.0,-0.2424,0.08167,-0.2366,-0.1305,-0.2734,-0.03143,0.0818,0.5693,-0.1727,0.1904,-0.928,-0.1844,-0.562,-0.5693,-0.557,0.0,0.0,-0.564,0.0,-0.377,0.06683,0.0,0.0,0.0,0.0,0.1296,0.0,-0.5,-0.5,0.576,-0.6416,2.0,0.0,2.0,-0.5,0.0,0.0,0.0,0.3743
-0.567,-0.566,-0.567,0.722,-0.782,-0.2261,-2.258,-0.02003,-0.404,-0.2185,-0.2019,1.729,-1.143,0.3862,-1.0,0.0,0.2115,0.2203,-0.09235,0.0,-0.2399,0.346,-0.2712,-0.1261,-0.449,-0.03262,0.1743,-0.3762,-0.258,0.5693,-0.566,-0.185,-0.3784,-0.5703,-0.558,0.0,0.0,-0.5664,0.0,-0.3804,-0.2445,0.0,0.0,0.0,0.0,-0.1043,0.0,-0.5,-1.0,0.6855,-0.7764,0.0,1.0,2.0,-0.5,0.0,0.0,0.0,-0.2983
-0.568,-0.567,-0.568,1.012,-1.074,-0.2261,-2.258,0.005558,-0.714,-0.3376,-0.2118,1.319,-1.143,0.3862,-1.0,0.0,0.3337,0.3464,-0.1613,0.0,-0.2374,0.3687,-0.3096,-0.1412,-0.739,-0.04718,-0.3218,-0.757,-0.327,-0.3762,0.1904,-0.928,2.285,-0.5723,-0.559,0.0,0.0,-0.5684,0.0,-0.3875,-0.608,0.0,0.0,0.0,0.0,-0.2893,0.0,-1.0,-1.5,0.979,-1.042,0.0,2.0,2.0,-0.5,0.0,0.0,0.0,-0.833
-0.5684,-0.568,-0.569,0.6694,-0.727,-0.2261,-2.258,-0.013695,-0.4114,-0.2625,-0.2179,-0.411,-1.143,0.3862,-1.0,0.0,0.2559,0.2666,-0.10956,0.0,-0.2349,0.0961,-0.3523,-0.1777,-0.4443,-0.05142,-0.2544,0.575,-0.4504,-0.757,0.5693,-0.566,-0.5503,-0.573,-0.56,0.0,0.0,-0.5703,0.0,-0.3823,-0.3418,0.0,0.0,0.0,0.0,0.0989,1.0,-0.5,-1.0,0.6567,-0.699,1.0,0.0,2.0,-0.5,0.0,0.0,0.0,0.2883
-0.569,-0.5684,-0.5693,0.533,-0.5894,-0.2261,-2.258,0.02533,-0.3193,-0.2422,-0.2208,-0.1982,-1.143,0.3862,-1.0,0.0,0.2391,0.2413,-0.09235,0.0,-0.2323,0.346,-0.3877,-0.2407,-0.356,-0.05087,-0.33,0.1898,-0.646,0.575,-0.376,0.1904,0.185,-0.573,-0.561,0.0,0.0,-0.5723,0.0,-0.3806,-0.1375,0.0,0.0,0.0,0.0,0.04,1.0,-0.5,-0.5,0.519,-0.5737,2.0,0.0,2.0,-0.5,0.0,0.0,0.0,0.11554
-0.57,-0.569,-0.57,0.6655,-0.723,-0.2261,-2.258,0.084,-0.5034,-0.3047,-0.2234,1.134,-1.143,0.3862,-1.0,0.0,0.3071,0.303,-0.1268,0.0,-0.2299,0.8696,-0.42,-0.3176,-0.5825,-0.0421,-0.3218,-0.3784,-0.6484,0.1898,-0.757,0.5693,-0.1844,-0.573,-0.562,0.0,0.0,-0.5728,0.0,-0.3843,-0.1375,0.0,0.0,0.0,0.0,-0.0839,0.0,-0.5,-0.5,0.545,-0.8135,0.0,1.0,2.0,-0.5,0.0,0.0,0.0,-0.2415
-0.57,-0.569,-0.57,0.1923,-0.2466,-0.2261,0.2654,-0.1062,0.00359,-0.1731,-0.2314,-1.289,-1.0,0.3862,0.0,0.0,0.1589,0.1807,-0.0407,0.0,-0.2273,-0.1753,-0.4502,-0.3503,-0.0909,-0.04935,-0.3174,0.952,-0.653,-0.3784,0.5747,-0.376,-0.185,-0.5728,-0.563,0.0,0.0,-0.5728,0.0,-0.3757,-0.587,0.0,0.0,0.0,0.0,0.2354,1.0,0.0,-0.5,0.1209,-0.3196,1.0,0.0,2.0,-0.5,0.0,0.0,0.0,0.6816
-0.57,-0.5693,-0.5703,0.3528,-0.4102,-0.2261,0.2654,-0.11676,-0.1416,-0.2358,-0.2388,-1.198,-1.0,0.3862,-1.0,0.0,0.2202,0.2482,-0.07513,0.0,-0.2247,-0.1674,-0.4849,-0.3818,-0.2241,-0.05887,-0.11993,-0.375,-0.653,0.952,0.1898,-0.757,-0.928,-0.5728,-0.564,0.0,0.0,-0.5728,0.0,-0.3792,-0.534,0.0,0.0,0.0,0.0,-0.0815,1.0,0.0,-0.5,0.2825,-0.4697,0.0,1.0,2.0,-0.5,0.0,0.0,0.0,-0.2323
-0.571,-0.57,-0.571,0.585,-0.647,-0.2261,0.2654,-0.12146,-0.3535,-0.3247,-0.2487,8.94,-1.0,0.3862,-1.0,0.0,0.309,0.3442,-0.1268,0.0,-0.2222,0.101,-0.5205,-0.4143,-0.4348,-0.07117,0.006153,-0.566,-0.651,-0.375,-0.3784,0.5747,-0.566,-0.573,-0.565,0.0,0.0,-0.573,0.0,-0.3845,-0.7617,0.0,0.0,0.0,0.0,-0.1052,0.0,0.0,-1.0,0.522,-0.68,0.0,2.0,2.0,-0.5,0.0,0.0,0.0,-0.302
-0.5713,-0.571,-0.5713,0.713,-0.778,-0.2261,0.2654,-0.0863,-0.4668,-0.385,-0.259,0.665,-1.0,0.3862,-1.0,0.0,0.3743,0.4072,-0.1613,0.0,-0.2197,-0.405,-0.536,-0.4446,-0.529,-0.0886,-0.0359,-0.3809,-0.6426,-0.566,0.952,0.1898,0.1903,-0.573,-0.5664,0.0,0.0,-0.5737,0.0,-0.388,-0.8057,0.0,0.0,0.0,0.0,-0.11127,-1.0,-0.5,-1.0,0.654,-0.797,0.0,3.0,2.0,-0.5,0.0,0.0,0.0,-0.3223
-0.572,-0.5713,-0.572,0.485,-0.549,-0.2261,0.2654,-0.05295,-0.2281,-0.334,-0.2668,-0.6016,-1.0,0.3862,-1.0,0.0,0.325,0.348,-0.1268,0.0,-0.2172,0.3572,-0.5356,-0.4639,-0.2499,-0.1072,-0.1746,0.3833,-0.64,-0.3809,-0.3748,-0.3784,0.5693,-0.573,-0.5674,0.0,0.0,-0.5737,0.0,-0.3845,-0.6104,0.0,0.0,0.0,0.0,0.12213,0.0,-0.5,-0.5,0.4106,-0.6025,1.0,0.0,2.0,-0.5,0.0,0.0,0.0,0.356
-0.572,-0.5713,-0.572,0.11523,-0.174,-0.2261,0.2654,-0.12274,0.1375,-0.2285,-0.2678,-3.404,-0.857,0.3862,0.0,0.0,0.2123,0.2408,-0.05792,0.0,-0.2146,-0.1714,-0.5303,-0.4788,0.1294,-0.1094,-0.1073,0.7617,-0.643,0.3833,-0.566,0.952,-0.376,-0.573,-0.569,0.0,0.0,-0.573,0.0,-0.378,-0.0767,0.0,0.0,0.0,0.0,0.2399,0.0,0.0,0.0,0.07245,-0.2218,2.0,0.0,2.0,-0.5,0.0,0.0,0.0,0.695
-0.5713,-0.571,-0.5713,-0.2102,0.1576,-0.4285,0.2654,-0.12396,0.4553,-0.1242,-0.2642,1.524,-0.7144,0.3862,0.0,0.0,0.10956,0.1312,0.01093,0.0,-0.2122,0.0628,-0.529,-0.4956,0.452,-0.10077,0.0692,0.7524,-0.659,0.7617,-0.3809,-0.3748,-0.757,-0.572,-0.57,0.0,0.0,-0.5737,0.0,-0.3713,0.3357,0.0,0.0,0.0,0.0,0.2708,1.0,0.5,0.5,-0.206,0.1355,3.0,0.0,2.0,-0.5,0.0,0.0,0.0,0.775
-0.571,-0.57,-0.571,-0.3376,0.289,-0.2347,0.2654,-0.09143,0.58,-0.0757,-0.2598,0.3826,-0.5713,0.3862,0.0,0.0,0.06555,0.07794,0.04538,0.0,-0.2096,0.05356,-0.527,-0.5186,0.563,-0.0871,-0.01486,0.3713,-0.6553,0.7524,0.3833,-0.566,0.5747,-0.571,-0.5713,0.0,0.0,-0.5737,0.0,-0.368,0.381,0.0,0.0,0.0,0.0,0.1376,2.0,0.5,0.5,-0.3374,0.2527,4.0,0.0,2.0,-0.5,0.0,0.0,0.0,0.3884
-0.57,-0.5693,-0.5703,-0.4512,0.4065,-0.0423,0.2654,-0.1472,0.711,-0.0264,-0.2559,0.3496,-0.4285,0.3862,0.0,0.0,0.01343,0.03284,0.0798,0.0,-0.207,-0.4492,-0.5356,-0.544,0.6885,-0.07623,-0.01906,0.3691,-0.646,0.3713,0.7617,-0.3809,0.1897,-0.57,-0.572,0.0,0.0,-0.573,0.0,-0.3647,0.3357,0.0,0.0,0.0,0.0,0.10767,3.0,0.5,0.5,-0.4463,0.3665,5.0,0.0,2.0,-0.5,0.0,0.0,0.0,0.3022
-0.569,-0.5684,-0.569,-0.7075,0.669,0.34,0.2654,-0.235,0.985,0.0776,-0.2474,0.507,-0.2856,0.3862,0.0,0.0,-0.09216,-0.0633,0.1487,0.0,-0.2046,-0.4612,-0.5454,-0.564,0.974,-0.06134,0.10706,0.734,-0.612,0.3691,0.752,0.3833,-0.3784,-0.567,-0.572,0.0,0.0,-0.573,0.0,-0.358,0.649,0.0,0.0,0.0,0.0,0.2109,3.0,1.0,1.0,-0.6904,0.6226,5.734,0.0,2.0,-0.5,0.0,0.0,0.0,0.5884
-0.5684,-0.5674,-0.5684,-0.3127,0.2698,0.34,0.2654,-0.1912,0.522,-0.0394,-0.2393,-0.3188,-0.1428,0.3862,0.0,0.0,0.0219,0.05032,0.0798,0.0,-0.202,0.538,-0.5425,-0.5786,0.494,-0.03943,-0.0359,-0.725,-0.6,0.734,0.3713,0.7617,0.9517,-0.565,-0.5713,0.0,0.0,-0.5728,0.0,-0.3647,0.649,0.0,0.0,0.0,0.0,-0.1727,2.0,0.5,1.0,-0.3096,0.2385,0.0,1.0,2.0,-0.5,0.0,0.0,0.0,-0.476
-0.568,-0.567,-0.568,-0.2703,0.2263,0.34,0.2654,-0.279,0.4482,-0.04605,-0.2333,0.0162,0.0,0.3862,0.0,0.0,0.02036,0.0655,0.0798,0.0,-0.1995,-0.9326,-0.5347,-0.5854,0.46,-0.03296,0.0776,0.0,-0.586,-0.725,0.3691,0.752,-0.3748,-0.563,-0.571,0.0,0.0,-0.5723,0.0,-0.365,0.531,0.0,0.0,0.0,0.0,0.0,1.0,0.5,0.5,-0.2795,0.185,0.0,0.0,0.5,-0.5,0.0,0.0,0.0,0.0
-0.567,-0.5664,-0.5674,-0.3904,0.3481,0.34,0.544,-0.3335,0.5513,0.001782,-0.2268,0.3435,0.1428,0.3862,0.0,0.0,-0.02995,0.0221,0.11426,0.0,-0.197,-0.21,-0.5225,-0.585,0.585,-0.0222,0.2416,0.367,-0.5723,0.0,0.734,0.3713,-0.566,-0.5615,-0.571,0.0,0.0,-0.572,0.0,-0.3616,0.5723,0.0,0.0,0.0,0.0,0.0765,1.0,1.0,0.5,-0.3933,0.3044,1.0,0.0,0.5,-0.5,0.0,0.0,0.0,0.2134
-0.5664,-0.566,-0.567,-0.1819,0.1361,0.34,0.544,-0.367,0.2888,-0.06015,-0.2202,-0.2888,0.2856,0.3862,0.0,0.0,0.02599,0.0884,0.0798,0.0,-0.1945,0.2913,-0.5073,-0.577,0.3425,-0.010376,0.3845,-0.3647,-0.567,0.367,-0.7246,0.369,-0.3806,-0.561,-0.5703,0.0,0.0,-0.571,0.0,-0.365,0.5723,0.0,0.0,0.0,0.0,-0.08624,0.0,1.0,0.5,-0.2258,0.06396,0.0,1.0,0.5,-0.5,0.0,0.0,0.0,-0.2391
-0.5664,-0.5654,-0.5664,-0.1519,0.1057,0.34,0.544,-0.389,0.2427,-0.0672,-0.2174,0.01762,0.2856,0.3862,0.0,0.0,0.03076,0.0977,0.0798,0.0,-0.1919,-0.4492,-0.4863,-0.5684,0.286,0.000525,0.3591,0.0,-0.56,-0.3647,0.0,0.7334,0.383,-0.5605,-0.5703,0.0,0.0,-0.5703,0.0,-0.3652,0.339,0.0,0.0,0.0,0.0,0.0,-1.0,0.5,0.0,-0.217,0.01266,0.0,0.0,0.5,-0.5,0.0,0.0,0.0,0.0
-0.566,-0.5654,-0.5664,-0.04456,-0.00357,0.34,0.544,-0.406,0.0992,-0.1015,-0.2139,-0.2969,0.4285,0.3862,0.0,0.0,0.06232,0.1348,0.06256,0.0,-0.1895,-0.446,-0.4614,-0.556,0.1251,0.014275,0.2416,-0.1835,-0.559,0.0,0.367,-0.7246,0.761,-0.5605,-0.57,0.0,0.0,-0.57,0.0,-0.367,0.4243,0.0,0.0,0.0,0.0,-0.0724,-1.0,0.0,0.0,-0.1354,-0.11615,0.0,1.0,0.5,-0.5,0.0,0.0,0.0,-0.2019
-0.567,-0.5664,-0.567,0.8057,-0.864,0.34,0.1836,-0.2185,-0.8164,-0.3813,-0.2152,-4.543,0.4285,0.3862,-1.0,0.0,0.3584,0.4155,-0.10956,0.0,-0.1869,1.629,-0.4448,-0.5454,-0.7637,0.01202,0.10284,-1.84,-0.568,-0.1835,-0.3645,0.0,0.752,-0.563,-0.5703,0.0,0.0,-0.57,0.0,-0.3843,-0.07983,0.0,0.0,0.0,0.0,-0.94,-1.0,-0.5,0.0,0.743,-0.8794,0.0,2.0,0.5,-0.5,0.0,0.0,0.0,-2.63
-0.5674,-0.567,-0.568,0.5703,-0.627,0.34,0.1836,-0.2297,-0.6665,-0.332,-0.2135,-0.09155,0.4285,0.3862,-1.0,0.0,0.3071,0.3628,-0.07513,0.0,-0.1843,-0.1674,-0.4377,-0.536,-0.5835,0.01205,-0.01066,0.3796,-0.572,-1.84,0.0,0.3667,0.3713,-0.5645,-0.5703,0.0,0.0,-0.57,0.0,-0.381,0.1506,0.0,0.0,0.0,0.0,0.221,-1.0,-0.5,0.5,0.523,-0.645,1.0,0.0,0.5,-0.5,0.0,0.0,0.0,0.638
-0.5674,-0.5664,-0.5674,0.03035,-0.0818,0.34,0.1836,-0.1964,-0.1798,-0.1747,-0.2094,-0.825,0.4285,0.3862,-1.0,0.0,0.1525,0.191,0.02815,0.0,-0.1818,0.05817,-0.44,-0.5244,-0.1141,0.02592,-0.12415,1.132,-0.576,0.3796,-0.1833,-0.3645,0.369,-0.565,-0.5703,0.0,0.0,-0.5693,0.0,-0.371,0.3328,0.0,0.0,0.0,0.0,0.608,0.0,-0.5,0.5,0.03397,-0.0858,2.0,0.0,0.5,-0.5,1.0,0.0,2.867,1.745
-0.566,-0.5654,-0.5664,-0.825,0.7866,0.4321,0.1836,-0.1276,0.7104,0.11847,-0.2001,-14.945,0.4285,0.3862,0.0,0.0,-0.1204,-0.1141,0.2175,0.0,-0.1793,0.7314,-0.4426,-0.508,0.758,0.04807,-0.305,2.037,-0.556,1.132,-1.84,0.0,0.7334,-0.564,-0.57,0.0,0.0,-0.5684,0.0,-0.3525,0.5815,0.0,0.0,0.0,0.0,1.039,1.0,-0.5,0.5,-0.709,0.8384,3.0,0.0,0.5,-0.5,0.0,0.0,0.0,2.926
-0.5654,-0.565,-0.5654,-0.3452,0.302,0.4321,0.1836,0.0318,0.2134,-0.025,-0.1971,-0.5176,0.4285,0.3862,0.0,0.0,0.02812,0.01429,0.1315,0.0,-0.1768,1.498,-0.4402,-0.4863,0.1908,0.0715,-0.11993,-0.8955,-0.55,2.037,0.3796,-0.1833,-0.7246,-0.5635,-0.57,0.0,0.0,-0.568,0.0,-0.3613,0.1709,0.0,0.0,0.0,0.0,-0.5933,1.0,-0.5,0.0,-0.2286,0.3918,0.0,1.0,0.5,-0.5,0.0,0.0,0.0,-1.615
-0.5645,-0.564,-0.565,-0.5337,0.4937,0.4321,0.1836,-0.02986,0.4314,0.0504,-0.1935,0.871,0.4285,0.3862,0.0,0.0,-0.0485,-0.05585,0.1831,0.0,-0.1742,-0.467,-0.4382,-0.467,0.407,0.0815,-0.1073,0.5454,-0.541,-0.8955,1.132,-1.84,0.0,-0.5625,-0.5693,0.0,0.0,-0.567,0.0,-0.3562,0.2083,0.0,0.0,0.0,0.0,0.1979,2.0,0.0,0.0,-0.3992,0.589,1.0,0.0,0.5,-0.5,0.0,0.0,0.0,0.547
-0.5635,-0.563,-0.564,-0.5474,0.5083,0.4321,0.1836,-0.014305,0.4753,0.0702,-0.1909,0.2314,0.4285,0.3862,0.0,0.0,-0.06555,-0.0771,0.2003,0.0,-0.1718,-0.47,-0.4387,-0.4512,0.449,0.09064,-0.1661,0.1802,-0.543,0.5454,2.037,0.3796,0.3667,-0.5615,-0.5684,0.0,0.0,-0.566,0.0,-0.3547,0.1709,0.0,0.0,0.0,0.0,0.0587,2.0,0.0,0.0,-0.4414,0.5703,2.0,0.0,0.5,-0.5,0.0,0.0,0.0,0.1608
-0.563,-0.562,-0.563,-0.4817,0.443,0.4321,0.1836,0.02873,0.4558,0.0631,-0.1913,0.1065,0.4285,0.3862,0.0,0.0,-0.0551,-0.07416,0.2003,0.0,-0.1692,0.01328,-0.4397,-0.441,0.4106,0.09814,-0.0611,0.0,-0.5625,0.1802,-0.895,1.132,-0.3645,-0.5586,-0.568,0.0,0.0,-0.5645,0.0,-0.3547,0.00595,0.0,0.0,0.0,0.0,0.0,1.0,0.0,-0.5,-0.4187,0.4639,0.0,0.0,0.5,-0.5,0.0,0.0,0.0,0.0
-0.562,-0.561,-0.562,-0.4995,0.4626,0.4321,0.1836,0.06555,0.4932,0.083,-0.1879,0.2148,0.4285,0.3862,0.0,0.0,-0.0703,-0.0975,0.2175,0.0,-0.1666,0.9727,-0.433,-0.4373,0.4312,0.1115,-0.03168,0.1796,-0.578,0.0,0.5454,2.035,0.0,-0.5557,-0.5674,0.0,0.0,-0.5635,0.0,-0.3533,0.271,0.0,0.0,0.0,0.0,0.0857,1.0,0.5,0.0,-0.4277,0.4915,1.0,0.0,0.5,-0.5,0.0,0.0,0.0,0.2341
-0.561,-0.5605,-0.5615,-0.438,0.4023,0.4321,0.1836,0.1942,0.4412,0.0753,-0.1846,0.04886,0.4285,0.3862,0.0,0.0,-0.0517,-0.1022,0.2175,0.0,-0.1642,0.4907,-0.4282,-0.437,0.3677,0.12396,0.04398,0.0,-0.5835,0.1796,0.18,-0.895,-0.1833,-0.554,-0.5664,0.0,0.0,-0.5625,0.0,-0.3535,0.271,0.0,0.0,0.0,0.0,0.0,1.0,0.5,0.0,-0.3904,0.41,0.0,0.0,0.5,-0.5,0.0,0.0,0.0,0.0
-0.5605,-0.56,-0.561,-0.2273,0.1891,0.4321,0.1836,0.1644,0.2362,0.01382,-0.1842,-0.261,0.4285,0.3862,0.0,0.0,0.003242,-0.03772,0.1831,0.0,-0.1616,-0.7095,-0.4248,-0.4387,0.1436,0.1334,0.502,-0.3582,-0.5854,0.0,0.0,0.545,-1.839,-0.5547,-0.566,0.0,0.0,-0.562,0.0,-0.3572,0.06683,0.0,0.0,0.0,0.0,-0.265,0.0,0.5,-0.5,-0.1921,0.1995,0.0,1.0,0.5,-0.5,0.0,0.0,0.0,-0.721
-0.5605,-0.5596,-0.5605,-0.1142,0.0739,0.4321,0.1836,0.106,0.11456,-0.02055,-0.183,-0.2367,0.4285,0.3862,0.0,0.0,0.03053,0.002663,0.1659,0.0,-0.159,-0.464,-0.4248,-0.4421,0.0372,0.1371,0.4895,-0.1802,-0.5864,-0.3582,0.1796,0.18,0.3794,-0.554,-0.5654,0.0,0.0,-0.5615,0.0,-0.3591,0.12384,0.0,0.0,0.0,0.0,-0.04904,-1.0,0.0,-0.5,-0.076,0.09625,0.0,2.0,0.5,-0.5,0.0,0.0,0.0,-0.1344
-0.561,-0.56,-0.561,0.559,-0.6055,0.4321,0.1836,0.2917,-0.581,-0.2444,-0.1877,-3.18,0.2856,0.3862,-1.0,0.0,0.2651,0.2181,0.02815,0.0,-0.1566,1.055,-0.4304,-0.4492,-0.6567,0.1349,0.2961,-1.445,-0.5815,-0.1802,0.0,0.0,1.132,-0.5557,-0.565,0.0,0.0,-0.562,0.0,-0.3728,-0.2698,0.0,0.0,0.0,0.0,-0.594,-1.0,-0.5,-0.5,0.6265,-0.4988,0.0,3.0,0.5,-0.5,0.0,0.0,0.0,-1.633
-0.5615,-0.5605,-0.5615,0.4368,-0.4807,0.4321,0.1836,0.373,-0.4856,-0.2235,-0.1909,-0.0822,0.1428,0.3862,-1.0,0.0,0.2517,0.1881,0.04538,0.0,-0.154,0.5503,-0.438,-0.4578,-0.5654,0.1343,-0.1661,0.1852,-0.58,-1.445,-0.3582,0.1796,2.035,-0.557,-0.5645,0.0,0.0,-0.562,0.0,-0.3713,-0.1815,0.0,0.0,0.0,0.0,0.06476,-1.0,-0.5,0.0,0.424,-0.4707,1.0,0.0,0.5,-0.5,0.0,0.0,0.0,0.1824
-0.562,-0.561,-0.562,0.6553,-0.7065,0.4321,0.1836,0.2391,-0.791,-0.3108,-0.1886,1.048,0.1428,0.3862,-1.0,0.0,0.3274,0.2947,-0.00628,0.0,-0.1515,-0.1832,-0.4531,-0.4631,-0.8647,0.1415,0.001951,-0.5537,-0.5713,0.1852,-0.18,0.0,-0.895,-0.559,-0.5645,0.0,0.0,-0.5625,0.0,-0.3767,0.169,0.0,0.0,0.0,0.0,-0.2194,-1.0,-0.5,0.0,0.6426,-0.6797,0.0,1.0,0.5,-0.5,0.0,0.0,0.0,-0.6157
-0.562,-0.5615,-0.562,0.1921,-0.241,0.4321,0.1836,0.2266,-0.4016,-0.1809,-0.184,-0.489,0.1428,0.3862,-1.0,0.0,0.1964,0.1571,0.0798,0.0,-0.149,-0.696,-0.4724,-0.4668,-0.521,0.1611,-0.1577,0.9316,-0.5713,-0.5537,-1.445,-0.358,0.545,-0.56,-0.564,0.0,0.0,-0.5625,0.0,-0.3682,0.2927,0.0,0.0,0.0,0.0,0.1991,0.0,-0.5,0.0,0.1979,-0.23,1.0,0.0,0.5,-0.5,0.0,0.0,0.0,0.564
-0.562,-0.5615,-0.562,0.10455,-0.1547,0.4321,0.1836,0.04434,-0.3376,-0.1589,-0.1827,-0.1015,0.1428,0.3862,-1.0,0.0,0.1584,0.1514,0.09705,0.0,-0.1465,-0.9326,-0.4915,-0.47,-0.4822,0.171,-0.225,0.1835,-0.5713,0.9316,0.185,-0.18,0.18,-0.561,-0.5635,0.0,0.0,-0.5625,0.0,-0.3665,0.07654,0.0,0.0,0.0,0.0,0.02335,1.0,-0.5,0.0,0.02072,-0.248,2.0,0.0,0.5,-0.5,0.0,0.0,0.0,0.0652
-0.5625,-0.562,-0.5625,0.517,-0.572,0.4321,0.1836,0.00955,-0.708,-0.2976,-0.1932,1.968,0.0,0.3862,-1.0,0.0,0.2935,0.3022,0.01093,0.0,-0.1439,0.5625,-0.51,-0.4763,-0.896,0.166,-0.2502,-0.9146,-0.5664,0.1835,-0.5537,-1.445,0.0,-0.5625,-0.5635,0.0,0.0,-0.563,0.0,-0.375,-0.8867,0.0,0.0,0.0,0.0,-0.2021,1.0,-0.5,-0.5,0.4084,-0.66,0.0,1.0,0.5,-0.5,0.0,0.0,0.0,-0.5625
-0.562,-0.5615,-0.562,-0.2468,0.2013,0.4321,0.1836,-0.06714,0.08246,-0.05896,-0.1936,-1.319,0.0,0.3862,0.0,0.0,0.05167,0.05844,0.1659,0.0,-0.1414,0.994,-0.5234,-0.4856,-0.0789,0.1603,-0.3384,1.672,-0.5635,-0.9146,0.931,0.185,0.1794,-0.5625,-0.5625,0.0,0.0,-0.5625,0.0,-0.3599,-0.02512,0.0,0.0,0.0,0.0,0.6094,1.0,-0.5,0.0,-0.253,0.1653,1.0,0.0,0.5,-0.5,0.0,0.0,0.0,1.722
-0.5615,-0.5605,-0.5615,-0.367,0.3232,0.4321,0.1836,-0.05734,0.2544,-0.010185,-0.195,1.098,0.0,0.3862,0.0,0.0,0.00608,0.007786,0.2003,0.0,-0.1389,-0.2284,-0.537,-0.4944,0.0884,0.162,-0.351,0.3613,-0.5586,1.672,0.1835,-0.5537,0.0,-0.561,-0.562,0.0,0.0,-0.562,0.0,-0.3567,-0.07983,0.0,0.0,0.0,0.0,0.10046,2.0,0.0,0.0,-0.3574,0.295,2.0,0.0,0.5,-0.5,0.0,0.0,0.0,0.2761
-0.5605,-0.56,-0.561,-0.3955,0.355,0.4321,0.2041,0.2585,0.3372,0.011314,-0.1963,0.3884,0.0,0.3862,0.0,0.0,0.01403,-0.04422,0.2175,0.0,-0.1364,3.135,-0.55,-0.5073,0.1415,0.169,-0.2712,0.1796,-0.5884,0.3613,-0.914,0.931,-0.358,-0.5596,-0.5615,0.0,0.0,-0.561,0.0,-0.355,-0.07983,0.0,0.0,0.0,0.0,0.0799,2.0,0.5,0.0,-0.377,0.3342,3.0,0.0,0.5,-0.5,0.0,0.0,0.0,0.2183
-0.56,-0.559,-0.56,-0.4224,0.3823,0.4321,0.2041,0.2091,0.4133,0.03366,-0.1965,0.328,0.0,0.3862,0.0,0.0,-0.01142,-0.06195,0.2347,0.0,-0.1338,-0.4758,-0.564,-0.5264,0.2198,0.1708,-0.2208,0.1791,-0.615,0.1796,1.671,0.1833,-0.18,-0.5576,-0.5615,0.0,0.0,-0.56,0.0,-0.3535,-0.02513,0.0,0.0,0.0,0.0,0.0689,2.0,1.0,0.5,-0.403,0.36,4.0,0.0,0.5,-0.5,0.0,0.0,0.0,0.1876
-0.5586,-0.558,-0.559,-0.749,0.715,0.4321,0.2041,0.1131,0.82,0.1633,-0.194,0.9863,0.0,0.3862,0.0,0.0,-0.14,-0.1812,0.3208,0.0,-0.1313,0.2201,-0.5747,-0.5464,0.6562,0.171,0.1322,0.8926,-0.6025,0.1791,0.3613,-0.914,-1.444,-0.555,-0.5605,0.0,0.0,-0.559,0.0,-0.3452,0.169,0.0,0.0,0.0,0.0,0.312,3.0,1.5,0.5,-0.667,0.736,5.0,0.0,0.5,-0.5,0.0,0.0,0.0,0.847
-0.558,-0.5576,-0.5586,-0.1267,0.0849,0.2944,0.2041,0.1793,0.2029,-0.02992,-0.1963,-0.5806,0.0,0.3862,0.0,0.0,0.04602,0.00517,0.2003,0.0,-0.1288,0.7383,-0.5825,-0.564,0.0636,0.167,0.1616,-1.231,-0.604,0.8926,0.1796,1.671,0.185,-0.554,-0.5605,0.0,0.0,-0.559,0.0,-0.3572,-0.1815,0.0,0.0,0.0,0.0,-0.3638,2.0,1.0,0.5,-0.03296,0.1667,0.0,1.0,0.5,-0.5,0.0,0.0,0.0,-0.973
-0.557,-0.5566,-0.5576,-0.5635,0.53,0.2944,0.2041,0.2251,0.6914,0.1271,-0.1927,1.828,0.0,0.3862,0.0,0.0,-0.0968,-0.1564,0.3037,0.0,-0.1262,0.225,-0.589,-0.5767,0.614,0.1621,0.3257,1.077,-0.588,-1.231,0.179,0.3613,-0.553,-0.552,-0.56,0.0,0.0,-0.5586,0.0,-0.347,0.1486,0.0,0.0,0.0,0.0,0.0858,2.0,1.5,1.0,-0.402,0.6514,1.0,0.0,0.5,-0.5,0.0,0.0,0.0,0.2344
-0.5566,-0.556,-0.557,-0.2952,0.259,0.2944,0.2041,0.264,0.4233,0.0513,-0.1906,-0.2217,0.0,0.3862,0.0,0.0,-0.02306,-0.0849,0.2585,0.0,-0.1237,-0.2405,-0.594,-0.589,0.362,0.1664,0.191,-0.4631,-0.5815,1.077,0.8926,0.1796,0.931,-0.551,-0.5596,0.0,0.0,-0.558,0.0,-0.3516,0.0758,0.0,0.0,0.0,0.0,-0.1056,1.0,1.0,1.0,-0.1992,0.33,0.0,1.0,0.5,-0.5,0.0,0.0,0.0,-0.2832
-0.558,-0.557,-0.558,0.993,-1.042,0.2944,-0.4192,0.5156,-0.9297,-0.3662,-0.1931,-2.613,0.0,0.3862,-1.0,0.0,0.4087,0.3286,-0.00628,0.0,-0.1212,1.571,-0.6045,-0.601,-0.976,0.1644,0.1926,-2.514,-0.5625,-0.4631,-1.231,0.179,0.1833,-0.5527,-0.56,0.0,0.0,-0.559,0.0,-0.378,-0.2078,0.0,0.0,0.0,0.0,-1.105,0.0,0.5,1.0,1.159,-0.7954,0.0,2.0,0.5,-0.5,0.0,1.0,-3.82,-2.988
-0.5586,-0.5576,-0.5586,0.5767,-0.622,0.2944,-0.4192,0.418,-0.5806,-0.262,-0.1937,-0.3271,0.0,0.3862,-1.0,0.0,0.294,0.2249,0.06256,0.0,-0.1187,-0.4463,-0.6084,-0.614,-0.6313,0.1656,0.3777,0.745,-0.558,-2.514,1.077,0.892,-0.914,-0.554,-0.56,0.0,0.0,-0.5596,0.0,-0.371,-0.10394,0.0,0.0,0.0,0.0,0.1863,0.0,1.0,1.0,0.7744,-0.3726,1.0,0.0,0.5,-0.5,0.0,0.0,0.0,0.528
-0.559,-0.558,-0.5596,0.617,-0.664,0.2944,-0.4192,0.4478,-0.688,-0.293,-0.193,0.3962,0.0,0.3862,-1.0,0.0,0.328,0.2554,0.04538,0.0,-0.11615,0.05356,-0.6084,-0.6216,-0.7544,0.173,0.01193,-0.184,-0.555,0.745,-0.463,-1.23,1.671,-0.5557,-0.56,0.0,0.0,-0.56,0.0,-0.373,-0.03375,0.0,0.0,0.0,0.0,-0.0629,0.0,0.5,1.0,0.776,-0.454,0.0,1.0,0.5,-0.5,0.0,0.0,0.0,-0.1761
-0.56,-0.559,-0.56,0.739,-0.786,0.2944,-0.4192,0.4407,-0.841,-0.351,-0.1978,0.4355,0.0,0.3862,-1.0,0.0,0.3862,0.319,0.01093,0.0,-0.11365,-0.1871,-0.6084,-0.6216,-0.9062,0.1682,-0.10156,-0.3691,-0.549,-0.184,-2.514,1.077,0.361,-0.5586,-0.56,0.0,0.0,-0.5605,0.0,-0.3765,-0.2825,0.0,0.0,0.0,0.0,-0.0942,-1.0,0.0,0.5,0.9014,-0.562,0.0,2.0,0.5,-0.5,0.0,0.0,0.0,-0.2644
-0.5605,-0.56,-0.561,0.852,-0.8965,0.2944,-0.4192,0.613,-0.9756,-0.4094,-0.2048,0.3464,0.0,0.3862,-1.0,0.0,0.462,0.3672,-0.0235,0.0,-0.1111,0.8267,-0.6084,-0.6216,-0.9478,0.1404,-0.1898,-0.3713,-0.5366,-0.3691,0.745,-0.463,0.1794,-0.5605,-0.56,0.0,0.0,-0.5615,0.0,-0.3801,-0.3872,0.0,0.0,0.0,0.0,-0.3186,-1.0,-0.5,0.0,0.9795,-0.702,0.0,3.0,0.5,-0.5,0.0,0.0,0.0,-0.9
-0.5625,-0.562,-0.563,1.661,-1.707,0.2944,-0.4192,0.767,-1.794,-0.681,-0.2151,1.186,0.0,0.3762,-1.0,-1.0,0.7666,0.6636,-0.1957,0.0,-0.1086,0.8994,-0.557,-0.609,-1.6,0.0919,-0.2908,-1.869,-0.4836,-0.3713,-0.184,-2.514,0.179,-0.565,-0.5605,0.0,0.0,-0.5625,0.0,-0.3977,-0.534,0.0,0.0,0.0,0.0,-1.732,-1.0,-1.0,0.0,1.756,-1.485,0.0,4.0,0.5,-0.5,0.0,0.0,0.0,-4.926
-0.564,-0.563,-0.5645,1.251,-1.29,0.2944,-0.4192,0.626,-1.416,-0.602,-0.2296,-0.1036,-0.1428,0.3665,-1.0,-1.0,0.6675,0.5845,-0.144,0.0,-0.1061,0.1059,-0.5044,-0.58,-1.216,0.0676,-0.606,0.5786,-0.4558,-1.869,-0.3691,0.745,0.892,-0.569,-0.5605,0.0,0.0,-0.563,0.0,-0.3926,-0.79,0.0,0.0,0.0,0.0,0.235,-1.0,-1.0,0.0,1.378,-1.065,1.0,0.0,0.5,-0.5,0.0,0.0,0.0,0.6895
-0.5654,-0.5645,-0.566,1.235,-1.2705,0.2944,-0.4192,0.6343,-1.377,-0.6304,-0.2462,0.1101,-0.2856,0.3564,-1.0,-1.0,0.699,0.6167,-0.1613,0.0,-0.1035,-0.147,-0.4502,-0.546,-1.174,0.04062,-0.4253,-0.191,-0.4268,0.5786,-0.3713,-0.184,-1.23,-0.5703,-0.5615,0.0,0.0,-0.5635,0.0,-0.3945,-0.911,0.0,0.0,0.0,0.0,-0.0985,-1.0,-1.0,-0.5,1.364,-1.046,0.0,1.0,0.5,-0.5,0.0,0.0,0.0,-0.2864
-0.567,-0.566,-0.5674,1.307,-1.347,0.2944,-0.4192,0.328,-1.41,-0.6846,-0.265,0.1713,-0.4285,0.3464,-1.0,-1.0,0.7314,0.71,-0.1957,0.0,-0.101,0.12085,-0.3894,-0.503,-1.176,0.004406,-0.7656,-0.3833,-0.3965,-0.191,-1.868,-0.3691,1.077,-0.5728,-0.562,0.0,0.0,-0.5645,0.0,-0.398,-1.008,0.0,0.0,0.0,0.0,-0.1466,-1.0,-1.5,-1.0,1.445,-1.1045,0.0,2.0,0.5,-0.5,0.0,0.0,0.0,-0.4275
-0.5674,-0.567,-0.568,0.762,-0.792,0.2944,-0.4192,0.518,-0.8315,-0.5527,-0.281,-0.347,-0.5713,0.3367,-1.0,-1.0,0.6045,0.5376,-0.10956,0.0,-0.0985,2.139,-0.3306,-0.4595,-0.576,-0.0254,-0.7773,0.9644,-0.383,-0.3833,0.5786,-0.3713,-0.463,-0.574,-0.563,0.0,0.0,-0.565,0.0,-0.3896,-0.8184,0.0,0.0,0.0,0.0,0.4922,0.0,-1.0,-1.0,0.928,-0.5625,1.0,0.0,0.5,-0.5,0.0,0.0,0.0,1.444
-0.568,-0.567,-0.5684,0.4468,-0.4778,0.2944,-0.4192,0.4717,-0.4175,-0.4744,-0.2988,-0.4907,-0.7144,0.3267,-1.0,-1.0,0.517,0.4531,-0.05792,0.0,-0.09595,0.08167,-0.2786,-0.4194,-0.1873,-0.0483,-0.2208,0.5693,-0.3777,0.9644,-0.191,-1.868,-2.514,-0.5747,-0.5635,0.0,0.0,-0.5654,0.0,-0.3848,-0.91,0.0,0.0,0.0,0.0,0.2876,1.0,-0.5,-1.0,0.5923,-0.295,2.0,0.0,0.5,-0.5,0.0,0.0,0.0,0.8306
-0.5684,-0.5674,-0.569,0.5005,-0.5356,0.2944,-0.4192,0.3892,-0.4055,-0.5024,-0.3118,0.0994,-0.857,0.317,-1.0,-1.0,0.5396,0.4932,-0.07513,0.0,-0.09344,-0.1674,-0.2369,-0.384,-0.2012,-0.0633,-0.4016,-0.1881,-0.3716,0.5693,-0.3833,0.5786,0.7446,-0.575,-0.564,0.0,0.0,-0.566,0.0,-0.3865,-0.7573,0.0,0.0,0.0,0.0,-0.0594,0.0,-1.0,-1.0,0.596,-0.4028,0.0,1.0,0.5,-0.5,0.0,0.0,0.0,-0.1698
-0.5684,-0.5674,-0.5684,0.0483,-0.08417,0.2944,-0.4192,0.4407,0.1649,-0.37,-0.3254,-2.012,-0.857,0.317,0.0,0.0,0.406,0.34,0.01093,0.0,-0.0909,1.3125,-0.21,-0.3557,0.271,-0.0664,-0.393,0.9434,-0.3767,-0.1881,0.9644,-0.191,-0.184,-0.573,-0.5645,0.0,0.0,-0.5664,0.0,-0.3782,-0.8076,0.0,0.0,0.0,0.0,0.28,1.0,-0.5,-1.0,0.194,0.06775,1.0,0.0,0.5,-0.5,0.0,0.0,0.0,0.803
-0.5684,-0.5674,-0.5684,0.135,-0.18,0.2944,-0.4192,0.4485,0.1749,-0.3982,-0.3376,0.1823,-0.857,0.317,0.0,0.0,0.4355,0.3704,-0.00628,0.0,-0.0884,-0.1832,-0.196,-0.3325,0.2233,-0.07477,-0.3174,-0.1857,-0.3865,0.9434,0.5693,-0.3833,-0.369,-0.572,-0.565,0.0,0.0,-0.567,0.0,-0.38,-0.761,0.0,0.0,0.0,0.0,-0.0473,1.0,-0.5,-1.0,0.1398,-0.1747,0.0,1.0,0.5,-0.5,0.0,0.0,0.0,-0.1337
-0.567,-0.566,-0.567,-1.039,1.017,0.2944,-0.4192,0.3943,1.455,0.0003088,-0.328,4.984,-0.7144,0.317,0.0,0.0,0.0366,-0.04608,0.252,0.0,-0.0859,1.197,-0.2067,-0.324,1.444,-0.04727,-0.2377,2.549,-0.3809,-0.1857,-0.188,0.9644,-0.3713,-0.5684,-0.565,0.0,0.0,-0.567,0.0,-0.3545,0.4753,0.0,0.0,0.0,0.0,2.041,1.0,0.0,-0.5,-0.8706,1.109,1.0,0.0,0.5,-0.5,1.0,0.0,4.234,5.766
-0.565,-0.564,-0.5654,-1.221,1.209,0.4104,-0.4192,0.4504,1.719,0.1023,-0.3184,0.327,-0.5713,0.317,0.0,0.0,-0.05377,-0.1534,0.3208,0.0,-0.0833,0.6934,-0.2355,-0.3242,1.699,-0.02724,0.2499,0.712,-0.364,2.549,0.943,0.5693,-1.868,-0.5635,-0.5645,0.0,0.0,-0.5664,0.0,-0.348,0.4753,0.0,0.0,0.0,0.0,0.3472,1.0,0.5,-0.5,-1.021,1.321,2.0,0.0,0.5,-0.5,0.0,0.0,0.0,0.9395
-0.563,-0.562,-0.563,-1.38,1.378,0.7773,-0.4192,0.3801,1.907,0.2029,-0.3057,0.2786,-0.4285,0.317,0.0,0.0,-0.152,-0.2451,0.3896,0.0,-0.0808,-0.501,-0.2861,-0.3313,1.872,-0.002052,0.2499,0.7036,-0.3472,0.712,-0.1857,-0.188,0.5786,-0.559,-0.5635,0.0,0.0,-0.5664,0.0,-0.3413,0.637,0.0,0.0,0.0,0.0,0.3862,2.0,0.5,0.0,-1.16,1.499,3.0,0.0,0.5,-0.5,0.0,0.0,0.0,1.033
-0.5605,-0.56,-0.561,-1.303,1.308,0.8677,-0.4192,0.4768,1.876,0.2227,-0.2908,0.1063,-0.2856,0.317,0.0,0.0,-0.1611,-0.2734,0.407,0.0,-0.0783,0.8955,-0.3508,-0.343,1.859,0.02629,0.4224,0.1738,-0.308,0.7036,2.547,0.943,-0.1909,-0.5547,-0.563,0.0,0.0,-0.5654,0.0,-0.3398,0.769,1.0,0.0,0.0,0.0,0.09064,2.0,1.0,0.5,-1.103,1.414,4.0,0.0,0.5,-0.5,0.0,0.0,0.0,0.2396
-0.5586,-0.5576,-0.559,-1.307,1.316,1.049,-0.4192,0.4211,1.871,0.269,-0.2727,0.14,-0.1428,0.317,0.0,0.0,-0.2078,-0.3127,0.4414,0.0,-0.07574,0.1866,-0.405,-0.356,1.872,0.04724,0.645,0.3467,-0.2778,0.1738,0.712,-0.1857,-0.383,-0.5503,-0.562,0.0,0.0,-0.565,0.0,-0.3364,0.927,1.0,0.0,0.0,0.0,0.1145,3.0,1.5,1.0,-1.184,1.339,5.0,0.0,0.5,-0.5,0.0,0.0,0.0,0.302
-0.5576,-0.5566,-0.558,-0.7266,0.7285,1.049,-0.4192,0.422,1.121,0.104,-0.2505,-0.2712,0.0,0.317,0.0,0.0,-0.05786,-0.1525,0.3381,0.0,-0.07324,0.4512,-0.4026,-0.3691,1.133,0.0957,0.5903,-1.034,-0.2654,0.3467,0.7036,2.547,0.964,-0.5474,-0.5615,0.0,0.0,-0.565,0.0,-0.347,1.177,1.0,0.0,0.0,0.0,-0.3694,2.0,1.0,1.0,-0.609,0.7896,0.0,1.0,0.5,-0.5,0.0,0.0,0.0,-0.9683
-0.5557,-0.5547,-0.556,-1.085,1.092,1.049,-0.2119,0.4006,1.43,0.2585,-0.2268,0.417,0.1428,0.317,0.0,0.0,-0.2002,-0.3005,0.4414,0.0,-0.0707,0.1866,-0.3613,-0.3765,1.471,0.1324,0.5737,1.053,-0.2251,-1.034,0.1738,0.712,0.5693,-0.543,-0.5605,0.0,0.0,-0.5635,0.0,-0.337,1.227,1.0,0.0,0.0,0.0,0.3647,2.0,1.0,1.0,-0.9053,1.193,1.0,0.0,0.5,-0.5,0.0,0.0,0.0,0.973
-0.554,-0.553,-0.5547,-1.039,1.046,1.049,-0.2119,0.4348,1.279,0.28,-0.2012,0.03595,0.2856,0.317,0.0,0.0,-0.2163,-0.3245,0.4585,0.0,-0.0682,0.182,-0.289,-0.3733,1.328,0.1766,0.7373,0.1724,-0.1865,1.053,0.3467,0.703,-0.188,-0.541,-0.5596,0.0,0.0,-0.562,0.0,-0.3352,1.307,1.0,0.0,0.0,0.0,0.06015,2.0,1.5,1.5,-0.8735,1.136,2.0,0.0,0.5,-0.5,0.0,0.0,0.0,0.1577
-0.5527,-0.552,-0.553,-0.9277,0.9287,1.049,-0.2119,0.4143,1.03,0.275,-0.1741,-0.05298,0.4285,0.317,0.0,0.0,-0.2135,-0.3174,0.4585,0.0,-0.0657,-0.2805,-0.2042,-0.358,1.1045,0.22,0.6577,0.0,-0.155,0.1724,-1.034,0.1738,0.943,-0.54,-0.559,0.0,0.0,-0.561,0.0,-0.3354,1.443,1.0,0.0,0.0,0.0,0.0,1.0,1.0,1.5,-0.8125,0.972,0.0,0.0,0.5,-0.5,0.0,0.0,0.0,0.0
-0.551,-0.55,-0.5513,-1.259,1.259,1.049,-0.2119,0.2517,1.3,0.4294,-0.1462,0.4014,0.5713,0.317,0.0,0.0,-0.3635,-0.4468,0.562,0.0,-0.0631,0.1545,-0.11224,-0.3208,1.336,0.2761,0.809,1.031,-0.1123,0.0,1.052,0.3464,-0.1857,-0.5386,-0.558,0.0,0.0,-0.559,0.0,-0.3252,1.456,1.0,0.0,0.0,0.0,0.3816,1.0,1.5,1.5,-1.099,1.324,1.0,0.0,0.5,-0.5,0.0,0.0,0.0,0.9976
-0.5493,-0.5483,-0.55,-0.839,0.8306,1.049,-0.2119,0.298,0.7476,0.3176,-0.1236,-0.285,0.7144,0.317,0.0,0.0,-0.262,-0.347,0.493,0.0,-0.0606,0.1727,-0.0289,-0.265,0.758,0.3228,0.3171,-0.676,-0.0947,1.031,0.1724,-1.033,2.547,-0.5376,-0.5576,0.0,0.0,-0.5576,0.0,-0.3323,1.146,1.0,0.0,0.0,0.0,-0.207,1.0,1.0,1.0,-0.675,0.933,0.0,1.0,0.5,-0.5,0.0,0.0,0.0,-0.532
-0.549,-0.548,-0.5493,-0.2267,0.2058,1.049,0.2615,0.4915,-0.01704,0.1276,-0.1049,-0.829,0.857,0.317,0.0,0.0,-0.07336,-0.1823,0.3726,0.0,-0.05807,1.379,0.03177,-0.2035,0.01889,0.352,0.2079,-1.196,-0.1263,-0.676,0.0,1.052,0.7114,-0.538,-0.5576,0.0,0.0,-0.5557,0.0,-0.3442,0.8047,1.0,0.0,0.0,0.0,-0.3105,0.0,0.5,1.0,-0.0753,0.3425,0.0,2.0,0.5,-0.5,0.0,0.0,0.0,-0.807
-0.5474,-0.5464,-0.548,-0.8604,0.842,1.049,0.2615,0.5293,0.567,0.3635,-0.0835,6.676,0.857,0.317,0.0,0.0,-0.2815,-0.412,0.5273,0.0,-0.05554,2.22,0.07776,-0.1406,0.603,0.3887,0.0524,1.569,-0.1389,-1.196,1.031,0.1722,0.703,-0.5366,-0.557,0.0,0.0,-0.553,0.0,-0.329,0.884,1.0,0.0,0.0,0.0,0.797,0.0,0.5,1.0,-0.604,1.044,1.0,0.0,0.5,-0.5,0.0,0.0,0.0,2.113
-0.547,-0.546,-0.547,-0.3293,0.2908,1.049,0.2615,0.6562,-0.0969,0.1993,-0.06586,-0.925,0.857,0.317,0.0,0.0,-0.12415,-0.268,0.424,0.0,-0.05304,-0.0412,0.0943,-0.08496,-0.0003185,0.409,0.04398,-1.02,-0.1802,1.569,-0.676,0.0,0.1737,-0.5366,-0.5566,0.0,0.0,-0.552,0.0,-0.3396,0.654,0.0,0.0,0.0,0.0,-0.3281,0.0,0.0,1.0,-0.1755,0.422,0.0,1.0,0.0,-0.5,0.0,0.0,0.0,-0.848
-0.5464,-0.546,-0.547,0.01659,-0.064,1.049,0.2615,0.4778,-0.4722,0.08997,-0.06235,-17.1,0.7144,0.317,-1.0,0.0,-0.03986,-0.1438,0.3552,0.0,-0.0505,0.2104,0.0998,-0.03836,-0.4375,0.4302,-0.0359,-0.6914,-0.2491,-1.02,-1.196,1.03,0.3464,-0.5376,-0.556,0.0,0.0,-0.55,0.0,-0.3464,0.0872,0.0,0.0,0.0,0.0,-0.1973,-1.0,-0.5,0.5,0.1539,0.0764,0.0,2.0,0.0,-0.5,0.0,0.0,0.0,-0.5186
-0.548,-0.5474,-0.5483,1.155,-1.206,1.049,-0.9136,0.6934,-1.59,-0.2837,-0.0718,3.574,0.5713,0.317,-1.0,0.0,0.3406,0.2218,0.11426,0.0,-0.04797,1.998,0.07214,-0.01402,-1.519,0.4097,0.1953,-2.447,-0.2944,-0.6914,1.569,-0.6753,-1.033,-0.5405,-0.5566,0.0,0.0,-0.5493,0.0,-0.3706,-0.523,0.0,0.0,0.0,0.0,-1.911,-1.0,-0.5,0.0,1.325,-0.9424,0.0,3.0,0.0,-0.5,0.0,0.0,0.0,-5.082
-0.5483,-0.548,-0.549,0.5693,-0.61,1.049,-0.9136,0.709,-1.021,-0.1261,-0.0803,-0.28,0.4285,0.317,-1.0,0.0,0.186,0.0535,0.2175,0.0,-0.04544,-0.473,0.02182,-0.00802,-0.939,0.3936,-0.1115,1.094,-0.3425,-2.447,-1.02,-1.195,1.052,-0.544,-0.556,0.0,0.0,-0.5483,0.0,-0.3606,-0.4497,0.0,0.0,0.0,0.0,0.5693,0.0,-0.5,0.0,0.8145,-0.3093,1.0,0.0,0.0,-0.5,0.0,0.0,0.0,1.579
-0.549,-0.5483,-0.5493,0.53,-0.5674,1.049,-0.9136,0.6665,-0.956,-0.128,-0.0895,0.06433,0.2856,0.317,-1.0,0.0,0.1841,0.0596,0.2175,0.0,-0.04294,0.4907,-0.0452,-0.01805,-0.876,0.38,-0.2083,0.0,-0.4048,1.094,-0.6914,1.568,0.1722,-0.5464,-0.5557,0.0,0.0,-0.5474,0.0,-0.3608,-0.4856,0.0,0.0,0.0,0.0,0.0,-1.0,-1.0,-0.5,0.758,-0.2886,0.0,0.0,0.0,-0.5,0.0,0.0,0.0,0.0
-0.5503,-0.5493,-0.5503,0.9844,-1.022,1.049,-0.9136,0.7373,-1.357,-0.2883,-0.10425,0.666,0.1428,0.317,-1.0,0.0,0.3494,0.2228,0.11426,0.0,-0.0404,0.526,-0.1339,-0.04205,-1.303,0.3623,-0.267,-1.074,-0.431,0.0,-2.447,-1.019,0.0,-0.549,-0.5557,0.0,0.0,-0.547,0.0,-0.371,-0.7065,0.0,0.0,0.0,0.0,-0.374,-1.0,-1.0,-1.0,1.189,-0.7334,0.0,1.0,0.0,-0.5,0.0,0.0,0.0,-1.019
-0.5513,-0.551,-0.552,1.158,-1.193,1.049,-0.9136,0.7407,-1.5205,-0.3708,-0.1175,0.2876,0.0,0.317,-1.0,0.0,0.4333,0.3123,0.06256,0.0,-0.03787,0.544,-0.2216,-0.0831,-1.441,0.3372,-0.6035,-0.547,-0.452,-1.074,1.094,-0.691,1.03,-0.5527,-0.5557,0.0,0.0,-0.547,0.0,-0.3765,-0.6367,0.0,0.0,0.0,0.0,-0.2744,-1.0,-1.5,-1.0,1.326,-0.9307,0.0,2.0,0.0,-0.5,0.0,0.0,0.0,-0.7607
-0.552,-0.5513,-0.5522,0.5674,-0.5933,1.049,-0.9136,0.7554,-0.9097,-0.2147,-0.1311,-0.334,-0.1428,0.317,-1.0,0.0,0.277,0.1421,0.1659,0.0,-0.03534,0.7515,-0.3088,-0.1289,-0.8335,0.3164,-0.557,1.1045,-0.4404,-0.547,0.0,-2.447,-0.6753,-0.555,-0.555,0.0,0.0,-0.547,0.0,-0.3665,-0.6367,0.0,0.0,0.0,0.0,0.574,0.0,-1.0,-1.0,0.812,-0.2937,1.0,0.0,0.0,-0.5,0.0,0.0,0.0,1.606
-0.5522,-0.5513,-0.5527,0.287,-0.309,1.049,-0.9136,0.8164,-0.566,-0.1382,-0.1432,-0.3313,-0.2856,0.317,-1.0,0.0,0.2073,0.05573,0.2175,0.0,-0.03284,1.214,-0.3804,-0.1802,-0.4956,0.2993,-0.3428,0.542,-0.4333,1.1045,-1.074,1.094,-1.195,-0.5566,-0.554,0.0,0.0,-0.5474,0.0,-0.3613,-0.5625,0.0,0.0,0.0,0.0,0.2725,0.0,-0.5,-1.0,0.573,0.01399,2.0,0.0,0.0,-0.5,0.0,0.0,0.0,0.7485
-0.552,-0.5513,-0.5522,-0.04,0.02193,1.049,-0.9136,0.889,-0.1584,-0.03564,-0.1523,-0.8486,-0.4285,0.317,-1.0,0.0,0.115,-0.05695,0.2864,0.0,-0.0303,0.944,-0.425,-0.2344,-0.10046,0.2883,-0.759,0.7163,-0.4336,0.542,-0.547,0.0,1.568,-0.555,-0.553,0.0,0.0,-0.548,0.0,-0.3547,-0.4255,0.0,0.0,0.0,0.0,0.3584,1.0,-0.5,-0.5,0.2424,0.3157,3.0,0.0,0.0,-0.5,0.0,0.0,0.0,0.9756
-0.5503,-0.5493,-0.551,-0.9937,0.987,1.049,-0.9136,0.904,0.9873,0.303,-0.1572,-17.1,-0.4285,0.317,0.0,0.0,-0.1948,-0.391,0.5103,0.0,-0.02777,1.085,-0.4321,-0.2896,1.012,0.2893,-0.5654,2.3,-0.4219,0.7163,1.104,-1.074,-1.019,-0.5522,-0.552,0.0,0.0,-0.5474,0.0,-0.3328,-0.2168,0.0,0.0,0.0,0.0,1.291,2.0,0.0,-0.5,-0.5884,1.341,4.0,0.0,0.0,-0.5,0.0,0.0,0.0,3.473
-0.5493,-0.5483,-0.55,-0.519,0.5054,1.013,-0.9136,1.008,0.579,0.1641,-0.1626,-0.2632,-0.4285,0.317,0.0,0.0,-0.0606,-0.2676,0.424,0.0,-0.02525,0.4238,-0.4197,-0.3494,0.5894,0.2878,-0.3762,-0.852,-0.4233,2.3,0.542,-0.547,-0.691,-0.5503,-0.551,0.0,0.0,-0.5474,0.0,-0.3416,-0.242,0.0,0.0,0.0,0.0,-0.391,2.0,0.0,-0.5,-0.1542,0.8516,0.0,1.0,0.0,-0.5,0.0,0.0,0.0,-1.014
-0.549,-0.548,-0.549,-0.381,0.365,1.013,-0.9136,0.913,0.4797,0.1318,-0.1632,-0.014114,-0.4285,0.317,0.0,0.0,-0.0396,-0.2269,0.407,0.0,-0.02272,0.196,-0.4065,-0.4004,0.4963,0.2893,0.2289,-0.1729,-0.4214,-0.852,0.7163,1.104,-2.447,-0.548,-0.5493,0.0,0.0,-0.5474,0.0,-0.3433,-0.0813,0.0,0.0,0.0,0.0,-0.05032,1.0,0.0,-0.5,-0.0962,0.6353,0.0,2.0,0.0,-0.5,0.0,0.0,0.0,-0.1322
-0.5474,-0.5464,-0.548,-0.776,0.7607,1.013,-0.9136,0.679,1.007,0.2854,-0.166,1.114,-0.4285,0.317,0.0,0.0,-0.1992,-0.3528,0.5103,0.0,-0.0202,0.1682,-0.4004,-0.445,1.038,0.284,0.0482,1.04,-0.413,-0.1729,2.299,0.542,1.094,-0.5435,-0.5483,0.0,0.0,-0.547,0.0,-0.3333,-0.1666,0.0,0.0,0.0,0.0,0.4194,1.0,0.0,-0.5,-0.4724,1.0205,1.0,0.0,0.0,-0.5,0.0,0.0,0.0,1.105
-0.5474,-0.5464,-0.5474,0.06274,-0.086,1.013,-0.9136,0.9473,0.1703,0.01497,-0.1719,-0.675,-0.4285,0.317,0.0,0.0,0.07227,-0.1139,0.3381,0.0,-0.01767,1.867,-0.4075,-0.4766,0.1951,0.2808,0.1196,-1.704,-0.4192,1.04,-0.8516,0.716,0.0,-0.542,-0.5474,0.0,0.0,-0.5474,0.0,-0.3506,-0.2761,0.0,0.0,0.0,0.0,-0.863,0.0,0.0,-0.5,0.3796,0.2534,0.0,1.0,0.0,-0.5,0.0,0.0,0.0,-2.236
-0.5474,-0.547,-0.548,0.304,-0.331,1.013,-0.9136,0.931,-0.0654,-0.0683,-0.1764,-0.7627,-0.2856,0.317,0.0,0.0,0.15,-0.0276,0.2864,0.0,-0.01515,-0.2462,-0.4377,-0.493,-0.04813,0.2776,0.4011,-0.5264,-0.425,-1.704,-0.1729,2.299,-1.074,-0.5415,-0.547,0.0,0.0,-0.548,0.0,-0.3557,-0.2499,0.0,0.0,0.0,0.0,-0.1648,-1.0,0.0,-0.5,0.509,-0.0949,0.0,2.0,0.0,-0.5,0.0,0.0,0.0,-0.4395
-0.5474,-0.547,-0.548,0.2085,-0.2385,1.013,-0.9136,0.775,-0.04697,-0.04596,-0.1696,0.551,-0.1428,0.317,0.0,0.0,0.11456,-0.0355,0.3037,0.0,-0.01263,0.225,-0.4702,-0.495,-0.00903,0.2874,0.5693,0.1769,-0.452,-0.5264,1.04,-0.8516,-0.547,-0.5415,-0.5464,0.0,0.0,-0.549,0.0,-0.354,0.2314,0.0,0.0,0.0,0.0,0.0432,0.0,0.5,0.0,0.374,-0.05267,1.0,0.0,0.0,-0.5,0.0,0.0,0.0,0.1163
-0.5483,-0.5474,-0.549,0.7607,-0.7964,1.013,-0.9136,0.855,-0.642,-0.2338,-0.1721,-9.43,-0.1428,0.317,-1.0,0.0,0.305,0.1528,0.1831,0.0,-0.0101,0.26,-0.505,-0.492,-0.6294,0.2913,0.376,-1.235,-0.4607,0.1769,-1.703,-0.1727,1.104,-0.5444,-0.5464,0.0,0.0,-0.55,0.0,-0.3662,-0.2036,0.0,0.0,0.0,0.0,-0.3064,0.0,0.0,-0.5,0.965,-0.526,0.0,1.0,0.0,-0.5,0.0,0.0,0.0,-0.8223
-0.5483,-0.548,-0.549,0.3018,-0.3325,1.013,-0.9136,0.8125,-0.2267,-0.10376,-0.1707,-0.7217,-0.1428,0.317,-1.0,0.0,0.1736,0.02032,0.2693,0.0,-0.007576,-0.00392,-0.5435,-0.4902,-0.211,0.2935,0.2542,0.901,-0.463,-1.235,-0.526,1.04,0.5415,-0.546,-0.5464,0.0,0.0,-0.55,0.0,-0.3577,-0.04514,0.0,0.0,0.0,0.0,0.2252,0.0,0.0,0.0,0.5195,-0.08246,1.0,0.0,0.0,-0.5,0.0,0.0,0.0,0.617
-0.55,-0.549,-0.55,1.016,-1.054,1.013,-0.9136,0.9775,-1.007,-0.343,-0.1711,7.82,-0.1428,0.317,-1.0,0.0,0.4263,0.259,0.11426,0.0,-0.00505,0.2808,-0.58,-0.4927,-0.9062,0.2773,0.09863,-1.597,-0.4775,0.901,0.1769,-1.703,0.716,-0.5483,-0.547,0.0,0.0,-0.5513,0.0,-0.3733,-0.1375,0.0,0.0,0.0,0.0,-1.404,0.0,-0.5,0.0,1.257,-0.723,0.0,1.0,0.0,-0.5,0.0,1.0,-3.53,-3.791
-0.5513,-0.5503,-0.552,1.2705,-1.308,1.013,-0.9136,1.235,-1.348,-0.4497,-0.1722,0.562,-0.1428,0.307,-1.0,-1.0,0.5596,0.3525,0.04538,0.0,-0.002525,3.033,-0.608,-0.504,-1.263,0.2798,-0.4897,-0.7295,-0.465,-1.597,-1.234,-0.526,2.299,-0.5527,-0.548,0.0,0.0,-0.5527,0.0,-0.3804,-0.1666,0.0,0.0,0.0,0.0,-0.3914,0.0,-1.0,0.0,1.481,-0.99,0.0,2.0,0.0,-0.5,0.0,0.0,0.0,-1.085
-0.552,-0.551,-0.5522,0.5835,-0.6123,1.013,-0.9136,1.167,-0.7407,-0.267,-0.1732,-0.3972,-0.1428,0.307,-1.0,0.0,0.3662,0.1586,0.1659,0.0,0.0,0.994,-0.6084,-0.5283,-0.635,0.2744,-0.393,1.292,-0.4668,-0.7295,0.9004,0.1769,-0.8516,-0.554,-0.5483,0.0,0.0,-0.553,0.0,-0.3687,-0.1375,0.0,0.0,0.0,0.0,0.7065,0.0,-0.5,0.0,0.8657,-0.2703,1.0,0.0,0.0,-0.5,0.0,0.0,0.0,1.983
-0.553,-0.5522,-0.553,1.123,-1.154,1.013,0.028,1.169,-1.289,-0.453,-0.1812,1.103,-0.1428,0.297,-1.0,-1.0,0.557,0.3625,0.04538,0.0,0.002525,0.302,-0.6084,-0.5493,-1.196,0.2659,-0.414,-1.265,-0.455,1.292,-1.597,-1.234,-0.1727,-0.556,-0.549,0.0,0.0,-0.553,0.0,-0.3806,-0.4116,0.0,0.0,0.0,0.0,-0.516,0.0,-0.5,-0.5,1.409,-0.7656,0.0,1.0,0.0,-0.5,0.0,0.0,0.0,-1.418
-0.5537,-0.5527,-0.5537,0.534,-0.5586,1.013,0.028,1.068,-0.7183,-0.2961,-0.1881,-0.39,-0.1428,0.297,-1.0,0.0,0.3867,0.1995,0.1487,0.0,0.00505,0.02647,-0.6045,-0.5684,-0.6235,0.2542,-0.7544,1.107,-0.4512,-1.265,-0.729,0.9004,1.039,-0.5576,-0.55,0.0,0.0,-0.5537,0.0,-0.3706,-0.3516,0.0,0.0,0.0,0.0,0.4856,0.0,-0.5,-0.5,0.782,-0.257,1.0,0.0,0.0,-0.5,0.0,0.0,0.0,1.363
-0.554,-0.553,-0.5547,0.657,-0.6895,1.013,0.028,0.89,-0.7524,-0.3503,-0.2062,0.2052,-0.2856,0.297,-1.0,0.0,0.4258,0.2754,0.11426,0.0,0.007576,-0.21,-0.573,-0.58,-0.67,0.2278,-0.4226,-0.3625,-0.4438,1.107,1.292,-1.597,-1.703,-0.5586,-0.5503,0.0,0.0,-0.5537,0.0,-0.374,-0.8457,0.0,0.0,0.0,0.0,-0.08136,0.0,-0.5,-1.0,0.875,-0.4116,0.0,1.0,0.0,-0.5,0.0,0.0,0.0,-0.2244
-0.555,-0.554,-0.5557,0.8564,-0.8916,1.013,0.028,0.917,-0.887,-0.4312,-0.2228,0.3748,-0.4285,0.297,-1.0,0.0,0.5117,0.362,0.06256,0.0,0.0101,1.039,-0.5337,-0.578,-0.8105,0.2028,-0.351,-0.547,-0.4368,-0.3625,-1.265,-0.729,-0.526,-0.56,-0.5513,0.0,0.0,-0.554,0.0,-0.3794,-0.8022,0.0,0.0,0.0,0.0,-0.178,0.0,-0.5,-1.0,1.086,-0.5854,0.0,2.0,0.0,-0.5,0.0,0.0,0.0,-0.4934
-0.5557,-0.5547,-0.556,0.5396,-0.574,1.013,0.028,0.8247,-0.5186,-0.353,-0.2363,-0.381,-0.5713,0.297,-1.0,0.0,0.4226,0.2847,0.11426,0.0,0.01263,-0.4553,-0.4973,-0.564,-0.4668,0.1858,-0.4478,0.5522,-0.4438,-0.547,1.107,1.292,0.1769,-0.56,-0.5522,0.0,0.0,-0.5537,0.0,-0.3743,-0.6606,0.0,0.0,0.0,0.0,0.1655,0.0,-0.5,-0.5,0.758,-0.305,1.0,0.0,0.0,-0.5,0.0,0.0,0.0,0.4634
-0.5566,-0.5557,-0.5566,0.828,-0.8745,1.013,0.028,0.882,-0.7046,-0.4587,-0.257,0.6494,-0.7144,0.287,-1.0,-1.0,0.5376,0.3962,0.04538,0.0,0.01515,0.5503,-0.4524,-0.5376,-0.6772,0.1571,-0.1998,-0.7295,-0.4294,0.5522,-0.3623,-1.265,-1.234,-0.56,-0.553,0.0,0.0,-0.554,0.0,-0.3813,-0.992,0.0,0.0,0.0,0.0,-0.2439,0.0,-0.5,-1.0,0.98,-0.6553,0.0,1.0,0.0,-0.5,0.0,0.0,0.0,-0.6763
-0.557,-0.5566,-0.5576,0.677,-0.7266,1.013,0.028,0.6523,-0.5156,-0.4329,-0.2695,-0.2083,-0.857,0.287,-1.0,0.0,0.49,0.3894,0.06256,0.0,0.01767,0.544,-0.407,-0.507,-0.4768,0.1342,-0.4436,0.1846,-0.4172,-0.7295,-0.547,1.107,0.9004,-0.561,-0.5537,0.0,0.0,-0.5547,0.0,-0.3796,-0.7173,0.0,0.0,0.0,0.0,0.0799,0.0,-0.5,-0.5,0.821,-0.528,1.0,0.0,0.0,-0.5,0.0,0.0,0.0,0.2242
-0.5576,-0.557,-0.558,0.542,-0.592,1.013,0.028,0.688,-0.351,-0.4072,-0.279,-0.308,-1.0,0.287,-1.0,0.0,0.4666,0.3574,0.0798,0.0,0.0202,0.7847,-0.3713,-0.4802,-0.3413,0.1245,-0.1157,0.184,-0.4111,0.1846,0.552,-0.3623,-1.597,-0.561,-0.5547,0.0,0.0,-0.5557,0.0,-0.3782,-0.587,0.0,0.0,0.0,0.0,0.0877,1.0,0.0,0.0,0.6943,-0.3943,2.0,0.0,0.0,-0.5,0.0,0.0,0.0,0.2455
-0.557,-0.5566,-0.5576,-0.2168,0.1742,-0.3647,0.028,0.6797,0.4783,-0.1709,-0.2827,-3.713,-1.0,0.287,0.0,0.0,0.227,0.1031,0.2347,0.0,0.02272,0.2448,-0.3513,-0.4604,0.457,0.1238,0.04398,1.651,-0.4543,0.184,-0.729,-0.547,-0.729,-0.56,-0.555,0.0,0.0,-0.556,0.0,-0.363,-0.2698,0.0,0.0,0.0,0.0,0.569,2.0,0.5,0.0,-0.00643,0.376,3.0,0.0,0.0,-0.5,0.0,0.0,0.0,1.587
-0.557,-0.556,-0.557,-0.1052,0.0612,-0.3647,0.028,0.5806,0.376,-0.1982,-0.2815,-0.0461,-0.857,0.287,0.0,0.0,0.2452,0.1415,0.2175,0.0,0.02525,-0.714,-0.3447,-0.446,0.367,0.1241,-0.204,-0.1785,-0.4814,1.651,0.1846,0.552,1.291,-0.559,-0.5557,0.0,0.0,-0.557,0.0,-0.3647,-0.065,0.0,0.0,0.0,0.0,-0.04202,1.0,0.0,0.0,0.06152,0.2241,0.0,1.0,0.0,-0.5,0.0,0.0,0.0,-0.1141
-0.5566,-0.556,-0.5566,-0.0835,0.03683,-0.3647,0.028,0.4731,0.3955,-0.1991,-0.2842,0.1864,-0.7144,0.287,0.0,0.0,0.2365,0.1526,0.2175,0.0,0.02777,-0.714,-0.349,-0.4355,0.3823,0.1211,0.10284,0.0,-0.509,-0.1785,0.184,-0.729,-1.264,-0.5576,-0.555,0.0,0.0,-0.5576,0.0,-0.3647,-0.2559,0.0,0.0,0.0,0.0,0.0,1.0,0.0,-0.5,-0.001535,0.10925,0.0,0.0,0.0,-0.5,0.0,0.0,0.0,0.0
-0.556,-0.5557,-0.556,-0.2183,0.1743,-0.3647,0.028,0.3303,0.522,-0.1471,-0.2783,0.4148,-0.5713,0.287,0.0,0.0,0.1725,0.1116,0.252,0.0,0.0303,0.0003417,-0.3586,-0.43,0.5225,0.1283,-0.10736,0.3582,-0.579,0.0,1.65,0.1844,1.106,-0.5566,-0.555,0.0,0.0,-0.5586,0.0,-0.3616,0.222,0.0,0.0,0.0,0.0,0.112,1.0,0.0,0.0,-0.1486,0.2229,1.0,0.0,0.0,-0.5,0.0,0.0,0.0,0.305
-0.5547,-0.554,-0.555,-0.8623,0.8315,-0.3647,0.028,0.2069,1.186,0.08984,-0.2625,1.284,-0.4285,0.287,0.0,0.0,-0.064,-0.11786,0.407,0.0,0.03284,2.062,-0.385,-0.4314,1.1875,0.1531,0.00195,1.602,-0.559,0.3582,-0.1785,0.184,-0.3623,-0.553,-0.5547,0.0,0.0,-0.558,0.0,-0.3464,0.7207,0.0,0.0,0.0,0.0,1.065,1.0,0.5,0.5,-0.7427,0.885,2.0,0.0,0.0,-0.5,0.0,0.0,0.0,2.885
-0.554,-0.5537,-0.5547,-0.2389,0.2012,-0.3647,0.028,0.2106,0.518,-0.09534,-0.2573,-0.4197,-0.2856,0.287,0.0,0.0,0.1115,0.0693,0.2864,0.0,0.03534,0.468,-0.4192,-0.4368,0.4712,0.173,0.1995,-1.214,-0.559,1.602,0.0,1.65,-0.547,-0.5513,-0.554,0.0,0.0,-0.558,0.0,-0.3584,0.1486,0.0,0.0,0.0,0.0,-0.5767,0.0,0.5,0.0,-0.1545,0.2642,0.0,1.0,0.0,-0.5,0.0,0.0,0.0,-1.5205
-0.5547,-0.554,-0.5547,0.4285,-0.4749,-0.3647,-0.1274,0.3513,-0.229,-0.307,-0.253,-1.151,-0.2856,0.287,-1.0,0.0,0.3335,0.2798,0.1487,0.0,0.03787,1.489,-0.4563,-0.4465,-0.2722,0.1818,0.128,-1.415,-0.5723,-1.214,0.3582,-0.1785,0.552,-0.551,-0.554,0.0,0.0,-0.5586,0.0,-0.3723,0.1033,0.0,0.0,0.0,0.0,-0.5786,0.0,0.0,0.0,0.4956,-0.3787,0.0,2.0,0.0,-0.5,0.0,0.0,0.0,-1.557
-0.555,-0.554,-0.555,0.401,-0.4465,-0.3647,-0.1274,0.373,-0.229,-0.3079,-0.2532,0.143,-0.2856,0.287,-1.0,0.0,0.3364,0.2786,0.1487,0.0,0.0404,0.758,-0.4958,-0.4595,-0.252,0.1776,0.3047,0.0,-0.5728,-1.415,1.602,0.0,-0.729,-0.5513,-0.554,0.0,0.0,-0.559,0.0,-0.3726,-0.1375,0.0,0.0,0.0,0.0,0.0,0.0,0.0,-0.5,0.451,-0.3713,0.0,0.0,0.0,-0.5,0.0,0.0,0.0,0.0
-0.555,-0.554,-0.555,0.2152,-0.2588,-0.3647,-0.1274,0.3586,-0.0772,-0.2559,-0.2505,-1.319,-0.1428,0.287,0.0,0.0,0.2827,0.224,0.1831,0.0,0.04294,-0.2247,-0.522,-0.476,-0.08936,0.18,0.2878,0.3625,-0.581,0.0,-1.213,0.358,0.1844,-0.552,-0.554,0.0,0.0,-0.559,0.0,-0.3691,0.0423,0.0,0.0,0.0,0.0,0.06854,0.0,0.0,0.0,0.2664,-0.1968,1.0,0.0,0.0,-1.0,0.0,0.0,0.0,0.1888
-0.5557,-0.5547,-0.5557,0.3674,-0.4146,-0.3647,-0.1274,0.3079,-0.2856,-0.309,-0.2468,-5.883,-0.1428,0.287,-1.0,0.0,0.3318,0.2864,0.1487,0.0,0.04544,0.2703,-0.531,-0.4905,-0.2922,0.1858,0.2751,-0.3604,-0.5825,0.3625,-1.415,1.602,0.184,-0.5522,-0.5547,0.0,0.0,-0.559,0.0,-0.3726,0.0918,0.0,0.0,0.0,0.0,-0.1283,-1.0,-0.5,0.0,0.4016,-0.359,0.0,1.0,0.0,-1.0,0.0,0.0,0.0,-0.3516
-0.556,-0.555,-0.556,0.508,-0.556,-0.3647,-0.1274,0.344,-0.4624,-0.3625,-0.2471,1.28,-0.1428,0.287,-1.0,0.0,0.3894,0.341,0.11426,0.0,0.04797,-0.21,-0.53,-0.509,-0.475,0.1875,-0.0863,-0.3625,-0.591,-0.3604,0.0,-1.213,1.65,-0.5537,-0.5557,0.0,0.0,-0.5586,0.0,-0.3762,-0.1375,0.0,0.0,0.0,0.0,-0.09155,-1.0,-1.0,-0.5,0.5156,-0.5186,0.0,2.0,0.0,-1.0,0.0,0.0,0.0,-0.2522
-0.5566,-0.5557,-0.5566,0.6357,-0.6875,-0.3647,-0.1274,0.2925,-0.6514,-0.4155,-0.2456,0.7407,-0.1428,0.287,-1.0,0.0,0.4397,0.4045,0.0798,0.0,0.0505,-0.4492,-0.5225,-0.5283,-0.656,0.1887,-0.0737,-0.3647,-0.586,-0.3625,0.3623,-1.415,-0.1785,-0.5566,-0.556,0.0,0.0,-0.559,0.0,-0.3796,-0.0398,0.0,0.0,0.0,0.0,-0.10114,-1.0,-1.0,-0.5,0.6475,-0.6357,0.0,3.0,0.0,-1.0,0.0,0.0,0.0,-0.2805
-0.557,-0.556,-0.557,0.4238,-0.4739,-0.3647,-0.1274,0.2347,-0.4934,-0.3638,-0.2438,-0.1802,-0.1428,0.287,-1.0,0.0,0.381,0.353,0.11426,0.0,0.05304,0.0354,-0.518,-0.5483,-0.5073,0.1941,-0.1073,0.367,-0.594,-0.3647,-0.36,0.0,0.0,-0.558,-0.5566,0.0,0.0,-0.559,0.0,-0.3765,0.005955,0.0,0.0,0.0,0.0,0.12146,0.0,-0.5,-0.5,0.4578,-0.4143,1.0,0.0,0.0,-1.0,0.0,0.0,0.0,0.3389
-0.5566,-0.556,-0.557,-0.004765,-0.04166,-0.3647,-0.1274,0.1578,-0.09625,-0.234,-0.2393,-1.009,0.0,0.287,0.0,0.0,0.2429,0.2198,0.2003,0.0,0.05554,0.255,-0.5176,-0.565,-0.1094,0.2019,-0.2166,0.9116,-0.5933,0.367,-0.3623,0.3623,0.358,-0.5576,-0.5576,0.0,0.0,-0.5586,0.0,-0.368,0.1709,0.0,0.0,0.0,0.0,0.2869,0.0,-0.5,-0.5,0.01607,-0.02968,2.0,0.0,0.0,-1.0,0.0,0.0,0.0,0.7954
-0.5566,-0.556,-0.557,0.167,-0.2161,-0.3647,-0.1274,0.106,-0.2474,-0.2905,-0.2438,-8.64,-0.1428,0.287,-1.0,0.0,0.295,0.2854,0.1659,0.0,0.05807,0.2651,-0.5234,-0.5723,-0.2827,0.2017,-0.6074,-0.3591,-0.595,0.9116,-0.3645,-0.36,1.601,-0.5576,-0.5576,0.0,0.0,-0.5586,0.0,-0.3713,-0.3418,0.0,0.0,0.0,0.0,-0.0948,0.0,-1.0,-1.0,0.1877,-0.1908,0.0,1.0,0.0,-1.0,0.0,0.0,0.0,-0.2588
-0.5566,-0.5557,-0.5566,-0.0733,0.02765,-0.3647,-0.1274,0.1514,0.01721,-0.2151,-0.2452,-2.05,-0.1428,0.287,0.0,0.0,0.2235,0.2003,0.2175,0.0,0.0606,0.00894,-0.5356,-0.5728,-0.01437,0.2002,-0.372,0.542,-0.602,-0.3591,0.367,-0.3623,-1.213,-0.557,-0.558,0.0,0.0,-0.558,0.0,-0.3665,-0.1375,0.0,0.0,0.0,0.0,0.0969,1.0,-0.5,-0.5,-0.011314,0.0791,1.0,0.0,0.0,-1.0,0.0,0.0,0.0,0.2664
-0.557,-0.5566,-0.5576,0.757,-0.8096,-0.3647,-0.1274,0.3953,-0.8037,-0.4812,-0.254,-6.66,-0.2856,0.2773,-1.0,-1.0,0.5176,0.4683,0.04538,0.0,0.0631,1.047,-0.561,-0.5723,-0.8394,0.1906,-0.0527,-1.79,-0.5923,0.542,0.9116,-0.3645,-1.415,-0.558,-0.5586,0.0,0.0,-0.558,0.0,-0.3835,-0.5386,0.0,0.0,0.0,0.0,-0.753,1.0,-0.5,-0.5,0.8496,-0.6606,0.0,1.0,0.0,-1.0,0.0,0.0,0.0,-2.05
-0.5576,-0.557,-0.558,0.369,-0.4172,-0.3647,-0.1274,0.344,-0.4,-0.3792,-0.2615,-0.5,-0.4285,0.2773,-1.0,0.0,0.4067,0.3594,0.11426,0.0,0.0657,-0.21,-0.5947,-0.572,-0.444,0.1812,-0.0779,0.7383,-0.602,-1.79,-0.3591,0.3667,0.0,-0.558,-0.5586,0.0,0.0,-0.558,0.0,-0.377,-0.4475,0.0,0.0,0.0,0.0,0.2357,1.0,0.0,-0.5,0.435,-0.3271,1.0,0.0,0.0,-1.0,0.0,0.0,0.0,0.662
-0.558,-0.5576,-0.5586,0.589,-0.647,-0.3647,-0.1274,0.1453,-0.541,-0.4604,-0.2776,0.686,-0.5713,0.2673,-1.0,-1.0,0.4734,0.469,0.06256,0.0,0.0682,-0.1986,-0.5967,-0.575,-0.5806,0.1553,-0.1704,-0.547,-0.602,0.7383,0.542,0.911,0.3623,-0.558,-0.559,0.0,0.0,-0.558,0.0,-0.382,-1.002,0.0,0.0,0.0,0.0,-0.1326,0.0,-0.5,-1.0,0.6084,-0.5903,0.0,1.0,0.0,-1.0,0.0,0.0,0.0,-0.3677
-0.558,-0.5576,-0.5586,0.2178,-0.2747,-0.3647,-0.1274,0.0754,-0.1278,-0.358,-0.2856,-0.921,-0.7144,0.2673,-1.0,0.0,0.3606,0.3618,0.1315,0.0,0.0707,0.03091,-0.57,-0.5776,-0.1299,0.1353,-0.1157,0.736,-0.608,-0.547,-1.79,-0.3591,-0.36,-0.558,-0.559,0.0,0.0,-0.5576,0.0,-0.3752,-0.5503,0.0,0.0,0.0,0.0,0.1925,1.0,0.0,-0.5,0.2217,-0.2637,1.0,0.0,0.0,-1.0,0.0,0.0,0.0,0.5386
-0.559,-0.558,-0.559,0.535,-0.596,-0.3958,-0.1274,-0.05325,-0.453,-0.465,-0.2903,14.88,-0.7144,0.2573,-1.0,-1.0,0.4604,0.4932,0.06256,0.0,0.07324,-0.694,-0.5444,-0.5786,-0.4387,0.1263,-0.0359,-0.727,-0.6016,0.736,0.7383,0.542,-0.3623,-0.559,-0.559,0.0,0.0,-0.5586,0.0,-0.3823,-0.3872,0.0,0.0,0.0,0.0,-0.1826,0.0,0.0,-0.5,0.56,-0.5376,0.0,1.0,0.0,-1.0,0.0,0.0,0.0,-0.505
-0.559,-0.5586,-0.5596,0.4143,-0.4744,-0.3958,-0.1274,-0.1692,-0.3384,-0.4407,-0.294,-0.2289,-0.7144,0.2573,-1.0,0.0,0.4243,0.4768,0.0798,0.0,0.07574,-0.4492,-0.525,-0.5786,-0.341,0.12445,0.03558,0.184,-0.5986,-0.727,-0.547,-1.79,-0.3645,-0.56,-0.559,0.0,0.0,-0.559,0.0,-0.3806,-0.333,0.0,0.0,0.0,0.0,0.05142,1.0,0.5,0.0,0.4373,-0.4277,1.0,0.0,-0.5,-1.0,0.0,0.0,0.0,0.1439
-0.56,-0.5596,-0.56,0.803,-0.8667,-0.3958,-0.1274,-0.09576,-0.7163,-0.5737,-0.303,1.999,-0.857,0.2476,-1.0,-1.0,0.5723,0.6206,-0.00628,0.0,0.0783,0.0675,-0.503,-0.5757,-0.7207,0.1118,-0.0485,-0.917,-0.582,0.184,0.736,0.738,0.3667,-0.562,-0.5596,0.0,0.0,-0.5596,0.0,-0.3892,-0.642,0.0,0.0,0.0,0.0,-0.3115,0.0,0.0,-0.5,0.834,-0.7812,0.0,1.0,-0.5,-1.0,0.0,0.0,0.0,-0.869
-0.5615,-0.561,-0.5615,1.256,-1.32,-0.3958,-0.1274,-0.03644,-1.161,-0.7324,-0.315,0.954,-0.857,0.2377,-1.0,-1.0,0.752,0.802,-0.10956,0.0,0.0808,0.607,-0.4763,-0.5625,-1.155,0.0919,-0.288,-1.118,-0.548,-0.917,-0.727,-0.547,0.911,-0.5635,-0.56,0.0,0.0,-0.5605,0.0,-0.3997,-0.7734,0.0,0.0,0.0,0.0,-0.4011,0.0,-0.5,-0.5,1.301,-1.184,0.0,2.0,-0.5,-1.0,0.0,0.0,0.0,-1.137
-0.5625,-0.562,-0.563,0.977,-1.036,-0.751,-0.1274,0.01889,-0.9126,-0.681,-0.324,-0.11743,-0.857,0.2278,-1.0,-1.0,0.6997,0.7354,-0.07513,0.0,0.0833,0.594,-0.4482,-0.5415,-0.8936,0.07465,-0.2795,0.3796,-0.58,-1.118,0.184,0.736,-0.359,-0.5654,-0.5605,0.0,0.0,-0.5625,0.0,-0.3962,-0.604,0.0,0.0,0.0,0.0,0.1306,0.0,0.0,0.0,1.037,-0.9043,1.0,0.0,-0.5,-1.0,0.0,0.0,0.0,0.3772
-0.5635,-0.563,-0.564,0.984,-1.04,-0.751,-0.1274,0.048,-0.94,-0.7085,-0.332,0.1809,-0.857,0.2178,-1.0,-1.0,0.733,0.765,-0.09235,0.0,0.0859,0.09125,-0.4224,-0.5195,-0.914,0.0606,-0.4646,-0.1887,-0.5806,0.3796,-0.917,-0.727,0.5415,-0.5664,-0.5605,0.0,0.0,-0.5635,0.0,-0.3982,-0.57,0.0,0.0,0.0,0.0,-0.066,0.0,-0.5,0.0,1.034,-0.9194,0.0,1.0,-0.5,-1.0,0.0,0.0,0.0,-0.1893
-0.565,-0.564,-0.565,0.9907,-1.045,-0.751,0.1777,0.1228,-0.9487,-0.7354,-0.3423,0.1547,-0.857,0.2079,-1.0,-1.0,0.77,0.79,-0.10956,0.0,0.0884,0.8623,-0.3962,-0.4954,-0.8955,0.03867,-0.11993,-0.1892,-0.5586,-0.1887,-1.117,0.184,-1.79,-0.569,-0.561,0.0,0.0,-0.5645,0.0,-0.4,-0.7104,0.0,0.0,0.0,0.0,-0.0774,-1.0,-0.5,-0.5,1.001,-0.9663,0.0,2.0,-0.5,-1.0,0.0,0.0,0.0,-0.2228
-0.5654,-0.5645,-0.5654,0.6523,-0.7036,-0.751,0.1777,0.0463,-0.582,-0.6577,-0.354,-0.3396,-1.0,0.198,-1.0,-1.0,0.6763,0.705,-0.05792,0.0,0.0909,-0.2979,-0.375,-0.4695,-0.5264,0.01863,-0.326,0.5693,-0.552,-0.1892,0.3796,-0.917,0.738,-0.57,-0.5615,0.0,0.0,-0.565,0.0,-0.395,-0.825,0.0,0.0,0.0,0.0,0.2166,0.0,-0.5,-0.5,0.693,-0.6187,1.0,0.0,-0.5,-1.0,0.0,0.0,0.0,0.625
-0.5654,-0.565,-0.566,0.351,-0.4004,-0.751,0.1777,-0.01762,-0.2451,-0.5786,-0.3618,-0.6484,-1.0,0.1881,-1.0,-1.0,0.585,0.619,-0.00628,0.0,0.09344,-0.4338,-0.3618,-0.446,-0.1921,0.00587,-0.2418,0.564,-0.5596,0.5693,-0.1886,-1.117,-0.547,-0.571,-0.5615,0.0,0.0,-0.5654,0.0,-0.39,-0.587,0.0,0.0,0.0,0.0,0.1494,1.0,0.0,0.0,0.4097,-0.3198,2.0,0.0,-0.5,-1.0,0.0,0.0,0.0,0.4272
-0.5654,-0.5645,-0.5654,-0.1586,0.1132,-0.2438,0.1777,-0.01046,0.347,-0.4219,-0.3677,-4.855,-1.0,0.1881,0.0,0.0,0.4192,0.4407,0.09705,0.0,0.09595,0.532,-0.363,-0.429,0.3567,0.00429,-0.4268,1.118,-0.5645,0.564,-0.1892,0.3796,0.736,-0.57,-0.5615,0.0,0.0,-0.566,0.0,-0.38,-0.4343,0.0,0.0,0.0,0.0,0.503,1.0,0.0,0.0,-0.1097,0.1438,3.0,0.0,-0.5,-1.0,0.0,0.0,0.0,1.426
-0.5654,-0.5645,-0.5654,0.1107,-0.1605,-0.2438,0.1777,-0.1246,0.07367,-0.5015,-0.3677,-0.506,-0.857,0.1782,0.0,-1.0,0.4924,0.541,0.04538,0.0,0.0985,-0.1948,-0.3716,-0.416,0.1096,-0.000254,-0.267,-0.549,-0.5674,1.118,0.5693,-0.1886,-0.7266,-0.5684,-0.562,0.0,0.0,-0.566,0.0,-0.385,-0.1375,0.0,0.0,0.0,0.0,-0.1785,1.0,0.0,0.0,0.1353,-0.1355,0.0,1.0,-0.5,-1.0,0.0,0.0,0.0,-0.4963
-0.565,-0.564,-0.565,-0.2087,0.163,-0.2438,0.1777,-0.1477,0.4382,-0.398,-0.3684,2.262,-0.7144,0.1782,0.0,0.0,0.3818,0.4272,0.11426,0.0,0.101,-0.21,-0.3906,-0.409,0.461,0.001555,-0.3132,0.7383,-0.565,-0.549,0.564,-0.1892,0.184,-0.5664,-0.562,0.0,0.0,-0.566,0.0,-0.3782,-0.1375,0.0,0.0,0.0,0.0,0.2986,2.0,0.0,0.0,-0.1571,0.1926,1.0,0.0,-0.5,-1.0,0.0,0.0,0.0,0.8384
-0.5645,-0.564,-0.565,-0.0961,0.04944,-0.2438,0.1777,-0.12006,0.3337,-0.4263,-0.368,-0.0639,-0.5713,0.1782,0.0,0.0,0.4138,0.456,0.09705,0.0,0.1035,0.0399,-0.4072,-0.4077,0.3633,0.003006,-0.0947,-0.1824,-0.5664,0.7383,1.117,0.5693,-0.917,-0.565,-0.5625,0.0,0.0,-0.566,0.0,-0.3801,-0.03534,0.0,0.0,0.0,0.0,-0.0545,1.0,0.0,0.0,-0.08014,0.0491,0.0,1.0,-0.5,-1.0,0.0,0.0,0.0,-0.1511
-0.564,-0.563,-0.564,-0.3123,0.2683,-0.2438,0.1777,-0.1589,0.6006,-0.35,-0.3682,0.7944,-0.4285,0.1782,0.0,0.0,0.3318,0.3757,0.1487,0.0,0.1061,-0.4612,-0.4236,-0.4133,0.6255,0.0046,0.1827,0.549,-0.5757,-0.1824,-0.5483,0.564,-1.117,-0.5625,-0.5625,0.0,0.0,-0.566,0.0,-0.375,-0.0852,0.0,0.0,0.0,0.0,0.144,1.0,0.5,0.0,-0.294,0.2537,1.0,0.0,-0.5,-1.0,0.0,0.0,0.0,0.4004
-0.563,-0.5625,-0.5635,-0.4253,0.385,-0.2438,0.1777,-0.1486,0.736,-0.3008,-0.364,0.3503,-0.2856,0.1782,0.0,0.0,0.2825,0.3208,0.1831,0.0,0.1086,0.01765,-0.4456,-0.4253,0.7783,0.0098,0.1616,0.3625,-0.5728,0.549,0.7383,1.117,0.3794,-0.5605,-0.563,0.0,0.0,-0.566,0.0,-0.3718,0.2462,0.0,0.0,0.0,0.0,0.0879,1.0,0.5,0.5,-0.3928,0.377,2.0,0.0,-0.5,-1.0,0.0,0.0,0.0,0.2423
-0.5625,-0.562,-0.563,-0.2932,0.2524,-0.2438,0.1777,-0.1213,0.6113,-0.33,-0.3616,-0.01714,-0.1428,0.1782,0.0,0.0,0.3147,0.3503,0.1659,0.0,0.1111,-0.2211,-0.4783,-0.4429,0.664,0.01441,0.2668,-0.1802,-0.584,0.3625,-0.1823,-0.5483,-0.1886,-0.559,-0.5635,0.0,0.0,-0.5664,0.0,-0.3735,0.1366,0.0,0.0,0.0,0.0,-0.04263,1.0,0.5,0.0,-0.3074,0.204,0.0,1.0,-0.5,-1.0,0.0,0.0,0.0,-0.1168
-0.5615,-0.561,-0.562,-0.562,0.5264,-0.2438,0.1777,-0.1439,0.881,-0.2286,-0.3523,0.55,0.0,0.1782,0.0,0.0,0.2104,0.243,0.2347,0.0,0.11365,0.2448,-0.515,-0.4648,0.9473,0.02902,0.3718,0.7227,-0.559,-0.1802,0.5483,0.738,-0.1892,-0.5576,-0.563,0.0,0.0,-0.5654,0.0,-0.3667,0.649,0.0,0.0,0.0,0.0,0.2449,1.0,1.0,0.5,-0.5806,0.452,1.0,0.0,-0.5,-1.0,0.0,0.0,0.0,0.673
-0.561,-0.5605,-0.5615,-0.1843,0.1437,-0.2438,0.1777,-0.0997,0.4133,-0.3367,-0.341,-0.3718,0.1428,0.1782,0.0,0.0,0.3232,0.3552,0.1659,0.0,0.11615,0.7515,-0.5415,-0.4905,0.4836,0.0492,0.3298,-0.714,-0.553,0.7227,0.3623,-0.1823,0.5693,-0.5566,-0.563,0.0,0.0,-0.5654,0.0,-0.3738,0.8086,1.0,0.0,0.0,0.0,-0.2817,1.0,0.5,0.5,-0.2068,0.09454,0.0,1.0,-0.5,-1.0,0.0,0.0,0.0,-0.7646
-0.5596,-0.559,-0.56,-0.9917,0.965,-0.2438,0.1777,-0.07745,1.237,-0.0524,-0.3237,1.853,0.2856,0.1782,0.0,0.0,0.04446,0.0527,0.3552,0.0,0.1187,1.151,-0.537,-0.509,1.305,0.0799,0.2583,1.987,-0.501,-0.714,-0.18,0.5483,0.564,-0.554,-0.5625,0.0,0.0,-0.5645,0.0,-0.3552,1.058,1.0,0.0,0.0,0.0,0.7427,1.0,0.5,0.5,-0.8784,1.001,1.0,0.0,-0.5,-1.0,0.0,0.0,0.0,2.041
-0.5586,-0.558,-0.559,-0.659,0.629,-0.2438,0.1777,-0.01802,0.816,-0.1356,-0.3079,-0.1987,0.4285,0.1782,0.0,0.0,0.1301,0.1329,0.3037,0.0,0.1212,0.4624,-0.4998,-0.516,0.8784,0.11053,0.0944,-0.5244,-0.4746,1.987,0.7227,0.3623,1.117,-0.5522,-0.5625,0.0,0.0,-0.564,0.0,-0.3604,0.9175,1.0,0.0,0.0,0.0,-0.1748,0.0,0.0,0.5,-0.5474,0.689,0.0,1.0,-0.5,-1.0,0.0,0.0,0.0,-0.465
-0.5576,-0.557,-0.558,-0.4326,0.396,-0.2438,0.1777,-0.06995,0.4941,-0.1917,-0.2925,-0.2361,0.5713,0.1782,0.0,0.0,0.1804,0.1968,0.2693,0.0,0.1237,-0.00392,-0.4412,-0.5103,0.531,0.1439,0.271,-0.3528,-0.4575,-0.5244,-0.714,-0.18,-0.5483,-0.5513,-0.562,0.0,0.0,-0.5635,0.0,-0.3638,0.851,1.0,0.0,0.0,0.0,-0.09076,0.0,0.0,0.5,-0.3418,0.4507,0.0,2.0,-1.0,-1.0,0.0,0.0,0.0,-0.2435
-0.5566,-0.5557,-0.5566,-0.831,0.7993,-0.2438,0.1777,-0.03087,0.8633,-0.03976,-0.2754,0.8076,0.7144,0.1782,0.0,0.0,0.0366,0.03534,0.3726,0.0,0.1262,0.4402,-0.3767,-0.49,0.8813,0.1783,0.1575,1.064,-0.4216,-0.3528,1.987,0.7227,0.738,-0.55,-0.5615,0.0,0.0,-0.5625,0.0,-0.3538,0.9224,1.0,0.0,0.0,0.0,0.3584,0.0,0.0,0.5,-0.693,0.8755,1.0,0.0,-1.0,-1.0,0.0,0.0,0.0,0.968
-0.555,-0.554,-0.555,-0.8867,0.856,-0.2438,0.1777,-0.0216,0.8833,0.00571,-0.2598,0.1655,0.857,0.1782,0.0,0.0,-0.00576,-0.01173,0.407,0.0,0.1288,-0.03714,-0.319,-0.4585,0.922,0.2046,0.2625,0.3486,-0.3906,1.064,-0.5244,-0.714,-0.1823,-0.5474,-0.561,0.0,0.0,-0.561,0.0,-0.3503,0.9,1.0,0.0,0.0,0.0,0.1094,1.0,0.5,0.5,-0.783,0.889,2.0,0.0,-1.0,-1.0,0.0,0.0,0.0,0.29
-0.554,-0.5537,-0.5547,-0.4907,0.4546,-0.2438,0.7725,-0.04025,0.4421,-0.10535,-0.2515,-0.3418,0.857,0.1782,0.0,0.0,0.09875,0.1037,0.3381,0.0,0.1313,-0.2566,-0.2686,-0.4207,0.4568,0.2279,0.2122,-0.6934,-0.3992,0.3486,-0.3528,1.986,0.5483,-0.5464,-0.5605,0.0,0.0,-0.5596,0.0,-0.3574,0.4917,0.0,0.0,0.0,0.0,-0.1735,0.0,0.0,0.0,-0.4011,0.504,0.0,1.0,-1.0,-1.0,0.0,0.0,0.0,-0.4573
-0.553,-0.5527,-0.5537,-0.5073,0.4697,-0.2438,0.7725,-0.06696,0.415,-0.0855,-0.2402,0.08966,0.857,0.1782,0.0,0.0,0.0772,0.0857,0.3552,0.0,0.1338,-0.4954,-0.2264,-0.3809,0.431,0.2505,0.1743,0.1754,-0.4062,-0.6934,1.064,-0.5244,0.3623,-0.545,-0.56,0.0,0.0,-0.558,0.0,-0.3557,0.705,0.0,0.0,0.0,0.0,0.05133,1.0,0.0,0.5,-0.4443,0.4885,1.0,0.0,-1.0,-1.0,0.0,0.0,0.0,0.1368
-0.552,-0.551,-0.552,-1.106,1.08,-0.2438,0.7725,-0.01486,1.052,0.1425,-0.2255,1.46,0.857,0.1782,0.0,0.0,-0.1323,-0.1484,0.5103,0.0,0.1364,0.856,-0.1838,-0.3362,1.029,0.2856,0.2583,1.574,-0.3933,0.1754,0.3486,-0.3528,-0.18,-0.5435,-0.5596,0.0,0.0,-0.556,0.0,-0.3406,0.838,1.0,0.0,0.0,0.0,0.6743,2.0,0.5,0.5,-0.942,1.162,2.0,0.0,-1.0,-1.0,0.0,0.0,0.0,1.793
-0.5503,-0.55,-0.5503,-0.8438,0.8125,-0.2438,0.7725,-0.04446,0.7373,0.08344,-0.2112,-0.1525,0.857,0.1782,0.0,0.0,-0.08057,-0.0874,0.4758,0.0,0.1389,-0.514,-0.1473,-0.2927,0.7134,0.3145,0.1743,-0.3408,-0.4092,1.574,-0.6934,1.064,0.722,-0.542,-0.5586,0.0,0.0,-0.554,0.0,-0.344,0.778,1.0,0.0,0.0,0.0,-0.1228,1.0,0.0,0.5,-0.703,0.889,0.0,1.0,-1.0,-1.0,0.0,0.0,0.0,-0.3184
-0.549,-0.5483,-0.5493,-0.75,0.7188,-0.2438,0.7725,0.0582,0.617,0.0768,-0.1992,-0.0118,0.857,0.1782,0.0,0.0,-0.0652,-0.09064,0.4758,0.0,0.1414,0.869,-0.1254,-0.2563,0.627,0.332,0.4011,0.0,-0.425,-0.3408,0.1753,0.3486,-0.714,-0.54,-0.5576,0.0,0.0,-0.5527,0.0,-0.3442,0.6997,0.0,0.0,0.0,0.0,0.0,0.0,0.0,0.0,-0.6343,0.7754,0.0,0.0,-1.0,-1.0,0.0,0.0,0.0,0.0
-0.5483,-0.5474,-0.5483,-0.518,0.4832,-0.2438,0.7725,0.0702,0.351,0.01845,-0.1902,-0.2556,0.857,0.1782,0.0,0.0,-0.00956,-0.03336,0.4414,0.0,0.1439,-0.0452,-0.117,-0.2272,0.3752,0.3486,0.01456,-0.3428,-0.4458,0.0,1.573,-0.693,1.986,-0.5396,-0.557,0.0,0.0,-0.5513,0.0,-0.3477,0.5234,0.0,0.0,0.0,0.0,-0.1023,0.0,-0.5,-0.5,-0.4072,0.553,0.0,1.0,-1.0,-1.0,0.0,0.0,0.0,-0.2666
-0.5474,-0.547,-0.548,-0.3823,0.3433,-0.3813,0.7725,0.0762,0.1724,-0.0135,-0.181,-0.2776,0.857,0.1782,0.0,0.0,0.02116,-0.001644,0.424,0.0,0.1465,-0.2737,-0.12494,-0.204,0.2202,0.363,0.1616,-0.1724,-0.4539,-0.3428,-0.3406,0.1753,-0.5244,-0.539,-0.556,0.0,0.0,-0.5503,0.0,-0.3496,0.5234,0.0,0.0,0.0,0.0,-0.04315,-1.0,-0.5,-0.5,-0.3057,0.3867,0.0,2.0,-1.0,-1.0,0.0,0.0,0.0,-0.11316
-0.5474,-0.5464,-0.5474,-0.03064,-0.014565,-0.3813,0.6035,0.0797,-0.2129,-0.1224,-0.1775,-1.327,0.7144,0.1782,-1.0,0.0,0.126,0.10986,0.3552,0.0,0.149,-0.26,-0.1459,-0.1882,-0.1779,0.3752,0.2751,-0.6914,-0.4866,-0.1724,0.0,1.573,-0.3525,-0.539,-0.5557,0.0,0.0,-0.5493,0.0,-0.3564,0.1709,0.0,0.0,0.0,0.0,-0.278,-2.0,-0.5,-1.0,0.02696,0.03543,0.0,3.0,-1.0,-1.0,0.0,0.0,0.0,-0.731
-0.5464,-0.546,-0.547,-0.3955,0.35,-0.3813,0.6035,-0.0331,0.11615,0.002537,-0.1674,-3.55,0.7144,0.1782,0.0,0.0,-0.00379,-0.007416,0.4414,0.0,0.1515,-0.277,-0.1733,-0.1765,0.1495,0.3953,0.04398,0.8745,-0.501,-0.6914,-0.3425,-0.3406,1.064,-0.538,-0.555,0.0,0.0,-0.5483,0.0,-0.348,0.5537,0.0,0.0,0.0,0.0,0.2084,-1.0,-0.5,-0.5,-0.3704,0.3364,1.0,0.0,-1.0,-1.0,0.0,0.0,0.0,0.554
-0.5464,-0.5454,-0.5464,-0.04343,-0.00746,-0.3813,0.6035,-0.1354,-0.2307,-0.10596,-0.1683,-1.502,0.5713,0.1782,-1.0,0.0,0.0909,0.1134,0.3726,0.0,0.154,-0.02898,-0.2058,-0.1729,-0.2266,0.4033,-0.02327,-0.6895,-0.533,0.8745,-0.1724,0.0,0.3486,-0.5396,-0.554,0.0,0.0,-0.5474,0.0,-0.355,-0.0875,0.0,0.0,0.0,0.0,-0.1339,-1.0,-1.0,-1.0,-0.02911,-0.005566,0.0,1.0,-1.0,-1.0,0.0,0.0,0.0,-0.3508
-0.546,-0.5454,-0.546,-0.10376,0.05206,-0.3813,0.6035,-0.245,-0.1759,-0.0846,-0.1663,-0.3772,0.4285,0.1782,-1.0,0.0,0.0604,0.1018,0.3896,0.0,0.1566,-0.735,-0.243,-0.1777,-0.1693,0.409,0.1365,0.1743,-0.557,-0.6895,-0.6914,-0.3425,-0.693,-0.54,-0.553,0.0,0.0,-0.5464,0.0,-0.3533,0.12384,0.0,0.0,0.0,0.0,0.0408,0.0,-0.5,-0.5,-0.09467,0.04358,1.0,0.0,-1.0,-1.0,0.0,0.0,0.0,0.1082
-0.5454,-0.545,-0.5454,-0.234,0.1814,-0.3813,0.6035,-0.3381,-0.06052,-0.03778,-0.1615,-1.939,0.4285,0.1782,0.0,0.0,0.007195,0.06274,0.424,0.0,0.159,-0.9326,-0.2803,-0.1906,-0.0353,0.4163,0.10706,0.3477,-0.5757,0.1743,0.874,-0.1722,0.1753,-0.5405,-0.552,0.0,0.0,-0.546,0.0,-0.3499,0.3328,0.0,0.0,0.0,0.0,0.1088,1.0,-0.5,0.0,-0.253,0.1323,2.0,0.0,-1.0,-1.0,0.0,0.0,0.0,0.2876
-0.545,-0.5444,-0.5454,-0.1242,0.0694,-0.3813,0.6035,-0.4578,-0.1576,-0.0688,-0.1619,-1.807,0.2856,0.1782,-1.0,0.0,0.02612,0.1059,0.407,0.0,0.1616,-0.9326,-0.3152,-0.2125,-0.1431,0.4211,-0.2544,-0.1729,-0.6064,0.3477,-0.6895,-0.691,1.573,-0.541,-0.551,0.0,0.0,-0.545,0.0,-0.3518,-0.01921,0.0,0.0,0.0,0.0,-0.02788,1.0,-1.0,-0.5,-0.1586,0.012024,0.0,1.0,-1.0,-1.0,0.0,0.0,0.0,-0.0733
-0.545,-0.5444,-0.5454,0.1296,-0.1874,-0.3813,0.6035,-0.465,-0.3943,-0.1506,-0.1658,6.258,0.1428,0.1782,-1.0,0.0,0.10486,0.1915,0.3552,0.0,0.1642,-0.26,-0.3542,-0.2424,-0.391,0.4204,-0.1956,-0.52,-0.624,-0.1729,0.1743,0.874,-0.3406,-0.5415,-0.55,0.0,0.0,-0.5444,0.0,-0.357,-0.3103,0.0,0.0,0.0,0.0,-0.1066,0.0,-1.0,-1.0,0.071,-0.2515,0.0,2.0,-1.0,-1.0,0.0,0.0,0.0,-0.281
-0.545,-0.544,-0.545,-0.1002,0.04468,-0.3813,0.6035,-0.4993,-0.1637,-0.077,-0.1644,-0.763,0.0,0.1782,-1.0,0.0,0.03035,0.1184,0.407,0.0,0.1666,-0.2703,-0.3962,-0.2776,-0.1544,0.4236,-0.225,0.5244,-0.674,-0.52,0.3477,-0.689,0.0,-0.541,-0.549,0.0,0.0,-0.544,0.0,-0.352,0.09906,0.0,0.0,0.0,0.0,0.2325,1.0,-0.5,-0.5,-0.1271,-0.00255,1.0,0.0,-1.0,-1.0,0.0,0.0,0.0,0.618
-0.5444,-0.544,-0.5444,-0.1543,0.099,-0.506,0.6035,-0.483,-0.103,-0.05545,-0.1631,-1.228,0.0,0.1782,0.0,0.0,0.011086,0.09467,0.424,0.0,0.1692,-0.2737,-0.4407,-0.3135,-0.1002,0.43,-0.1577,0.1733,-0.675,0.5244,-0.1729,0.1743,-0.3425,-0.5415,-0.548,0.0,0.0,-0.5435,0.0,-0.3503,0.09906,0.0,0.0,0.0,0.0,0.04745,1.0,0.0,-0.5,-0.2505,-0.0279,2.0,0.0,-1.0,-1.0,0.0,0.0,0.0,0.1251
-0.544,-0.543,-0.544,-0.278,0.2231,-0.506,0.6035,-0.5947,0.08496,-0.00838,-0.1672,14.88,0.0,0.1782,0.0,0.0,-0.04373,0.0574,0.4585,0.0,0.1718,-0.5117,-0.476,-0.3503,0.07007,0.4292,-0.11993,0.3457,-0.6826,0.1733,-0.52,0.3477,-0.1722,-0.5405,-0.5474,0.0,0.0,-0.543,0.0,-0.347,-0.355,0.0,0.0,0.0,0.0,0.0863,1.0,0.5,-0.5,-0.3665,0.09515,3.0,0.0,-1.0,-1.0,0.0,0.0,0.0,0.2268
-0.5435,-0.543,-0.5435,-0.1646,0.1078,-0.506,0.6035,-0.57,0.01224,-0.03864,-0.1705,-0.2556,0.0,0.1782,0.0,0.0,-0.01277,0.0858,0.4414,0.0,0.1742,-0.277,-0.505,-0.3872,0.005917,0.425,0.05658,-0.1719,-0.699,0.3457,0.5244,-0.1727,-0.691,-0.54,-0.5464,0.0,0.0,-0.5425,0.0,-0.3489,-0.2874,0.0,0.0,0.0,0.0,-0.03302,1.0,0.5,-0.5,-0.251,-0.009285,0.0,1.0,-1.0,-1.0,0.0,0.0,0.0,-0.0863
-0.5425,-0.542,-0.543,-0.3606,0.3064,-0.506,0.6035,-0.6646,0.2607,0.03467,-0.1714,2.283,0.0,0.1782,0.0,0.0,-0.0906,0.02065,0.493,0.0,0.1768,-0.05713,-0.532,-0.421,0.2494,0.427,-0.1326,0.517,-0.699,-0.1719,0.1733,-0.52,0.874,-0.5396,-0.5454,0.0,0.0,-0.542,0.0,-0.3438,-0.0694,0.0,0.0,0.0,0.0,0.09656,2.0,0.5,0.0,-0.4265,0.1963,1.0,0.0,-1.0,-1.0,0.0,0.0,0.0,0.2532
-0.5425,-0.5415,-0.5425,-0.1649,0.1081,-0.506,0.6035,-0.7183,0.08496,-0.02034,-0.172,-0.37,0.0,0.1782,0.0,0.0,-0.04346,0.08136,0.4585,0.0,0.1793,-0.7427,-0.557,-0.454,0.0719,0.429,0.0482,-0.3418,-0.699,0.517,0.3457,0.5244,-0.689,-0.539,-0.545,0.0,0.0,-0.542,0.0,-0.3472,-0.0694,0.0,0.0,0.0,0.0,-0.0845,1.0,0.5,0.0,-0.2341,0.0098,0.0,1.0,-1.0,-1.0,0.0,0.0,0.0,-0.2195
-0.542,-0.5415,-0.542,-0.06177,0.003555,-0.506,0.6035,-0.7354,-0.006023,-0.04987,-0.1726,-0.3557,0.0,0.1782,0.0,0.0,-0.01682,0.1131,0.4414,0.0,0.1818,-0.509,-0.5806,-0.4878,-0.018,0.4302,0.02718,-0.1719,-0.699,-0.3418,-0.1719,0.1733,0.1743,-0.538,-0.544,0.0,0.0,-0.5415,0.0,-0.349,-0.0694,0.0,0.0,0.0,0.0,-0.0275,0.0,0.0,0.0,-0.1643,-0.12317,0.0,2.0,-1.0,-1.0,0.0,0.0,0.0,-0.0719
-0.542,-0.541,-0.542,-0.044,-0.0151,-0.506,0.6035,-0.7764,-0.0364,-0.05203,-0.1697,-0.1625,0.1428,0.1782,0.0,0.0,-0.01845,0.11926,0.4414,0.0,0.1843,-0.509,-0.6,-0.521,-0.05817,0.4387,-0.04428,0.0,-0.699,-0.1719,0.517,0.3455,0.3474,-0.538,-0.5435,0.0,0.0,-0.5415,0.0,-0.349,0.25,0.0,0.0,0.0,0.0,0.0,-1.0,-0.5,0.0,-0.1926,-0.1906,0.0,0.0,-1.0,-1.0,0.0,0.0,0.0,0.0
-0.5415,-0.541,-0.5415,-0.178,0.12067,-0.8735,0.6035,-0.8247,0.1209,-0.001824,-0.1687,2.336,0.1428,0.1782,0.0,0.0,-0.0705,0.0728,0.4758,0.0,0.1869,-0.7446,-0.6074,-0.5474,0.0971,0.4412,0.00195,0.3447,-0.699,0.0,-0.3416,-0.1718,-0.1727,-0.5376,-0.543,0.0,0.0,-0.5415,0.0,-0.3457,0.03537,0.0,0.0,0.0,0.0,0.0489,0.0,0.0,0.0,-0.3364,-0.07587,1.0,0.0,-1.0,-1.0,0.0,0.0,0.0,0.1282
-0.5415,-0.541,-0.542,0.386,-0.4502,-0.8735,0.6035,-0.7793,-0.4663,-0.1835,-0.1698,-2.586,0.1428,0.1782,-1.0,0.0,0.1089,0.256,0.3552,0.0,0.1895,-0.4954,-0.6084,-0.567,-0.4893,0.4414,0.1449,-1.199,-0.699,0.3447,-0.1719,0.5166,-0.5195,-0.5386,-0.5425,0.0,0.0,-0.542,0.0,-0.3577,-0.215,0.0,0.0,0.0,0.0,-0.1472,-1.0,0.0,0.0,0.2466,-0.582,0.0,1.0,-1.0,-1.0,0.0,0.0,0.0,-0.3838
-0.5425,-0.542,-0.5425,0.758,-0.824,-0.8735,0.1578,-0.655,-0.8486,-0.3123,-0.1749,1.338,0.1428,0.1782,-1.0,0.0,0.2489,0.3818,0.2693,0.0,0.1919,0.4736,-0.6084,-0.587,-0.8726,0.4336,0.01877,-0.8745,-0.694,-1.199,0.0,-0.3416,0.5244,-0.54,-0.5425,0.0,0.0,-0.5425,0.0,-0.3662,-0.6143,0.0,0.0,0.0,0.0,-0.195,-1.0,-0.5,-0.5,0.6226,-0.9224,0.0,2.0,-1.0,-1.0,0.0,0.0,0.0,-0.5186
-0.544,-0.543,-0.544,1.023,-1.09,-0.8735,-0.2069,-0.5093,-1.112,-0.4148,-0.1846,0.5366,0.0,0.1782,-1.0,0.0,0.3672,0.4807,0.2003,0.0,0.1945,0.4966,-0.6084,-0.605,-1.093,0.4087,-0.0569,-0.71,-0.6455,-0.8745,0.3447,-0.1718,0.1732,-0.5425,-0.543,0.0,0.0,-0.5435,0.0,-0.3733,-0.972,0.0,0.0,0.0,0.0,-0.2803,-1.0,-1.0,-1.0,0.9,-1.155,0.0,3.0,-1.0,-1.0,0.0,0.0,0.0,-0.7563
-0.544,-0.5435,-0.5444,0.3794,-0.4355,-0.762,-0.2069,-0.4348,-0.4863,-0.2336,-0.1884,-0.5454,0.0,0.1782,-1.0,0.0,0.1895,0.2764,0.3208,0.0,0.197,0.2201,-0.598,-0.6177,-0.446,0.3962,-0.1956,1.257,-0.64,-0.71,-1.199,0.0,0.3455,-0.544,-0.543,0.0,0.0,-0.5435,0.0,-0.3613,-0.4116,0.0,0.0,0.0,0.0,0.4,0.0,-1.0,-0.5,0.3306,-0.4695,1.0,0.0,-1.0,-1.0,0.0,0.0,0.0,1.093
-0.5435,-0.543,-0.544,-0.2556,0.2085,-0.02864,-0.2069,-0.3684,0.1583,-0.02686,-0.1837,-1.762,0.1428,0.1782,0.0,0.0,-0.00592,0.0545,0.4585,0.0,0.1995,0.8755,-0.5903,-0.6216,0.2,0.402,-0.1871,1.407,-0.6387,1.257,-0.874,0.3445,-0.1718,-0.5435,-0.5425,0.0,0.0,-0.5435,0.0,-0.3481,0.1556,0.0,0.0,0.0,0.0,1.006,0.0,-0.5,0.0,-0.2234,0.2134,2.0,0.0,-1.0,-1.0,0.0,0.0,0.0,2.69
-0.5425,-0.542,-0.5425,-0.659,0.619,0.509,-0.2069,-0.3152,0.613,0.127,-0.1772,1.966,0.2856,0.1782,0.0,0.0,-0.145,-0.10455,0.562,0.0,0.202,0.6094,-0.591,-0.6216,0.595,0.4248,-0.309,1.031,-0.617,1.407,-0.7095,-1.199,0.5166,-0.5425,-0.542,0.0,0.0,-0.543,0.0,-0.3381,0.2751,0.0,0.0,0.0,0.0,0.7607,1.0,-0.5,0.0,-0.5615,0.6636,3.0,0.0,-1.0,-1.0,0.0,0.0,0.0,1.987
-0.542,-0.5415,-0.542,-0.1404,0.0948,0.509,-0.2069,-0.2241,0.09106,-0.0289,-0.1761,-0.643,0.2856,0.1782,0.0,0.0,0.00892,0.04276,0.4585,0.0,0.2046,0.4133,-0.5903,-0.6216,0.05383,0.4326,-0.2083,-1.014,-0.6167,1.031,1.257,-0.874,-0.3416,-0.543,-0.542,0.0,0.0,-0.5425,0.0,-0.3484,-0.05426,0.0,0.0,0.0,0.0,-0.5425,1.0,-0.5,-0.5,-0.0367,0.1864,0.0,1.0,-1.0,-1.0,0.0,0.0,0.0,-1.394
-0.542,-0.541,-0.542,-0.03815,-0.00714,0.509,-0.2069,-0.0331,0.01224,-0.05554,-0.1771,-0.2764,0.2856,0.1782,0.0,0.0,0.05145,0.0517,0.4414,0.0,0.207,1.81,-0.5903,-0.6216,0.003408,0.4258,-0.1661,-0.1719,-0.616,-1.014,1.407,-0.7095,-0.1718,-0.542,-0.5415,0.0,0.0,-0.5425,0.0,-0.3506,-0.1799,0.0,0.0,0.0,0.0,-0.1488,1.0,-0.5,-1.0,0.05896,0.08527,0.0,2.0,-1.0,-1.0,0.0,0.0,0.0,-0.3892
-0.542,-0.5415,-0.542,0.2847,-0.3333,0.509,-0.2069,0.0527,-0.3032,-0.159,-0.1803,-2.574,0.1428,0.1782,-1.0,0.0,0.1594,0.1508,0.3726,0.0,0.2096,0.4402,-0.5903,-0.6216,-0.3237,0.4238,-0.1661,-0.6895,-0.6147,-0.1719,1.031,1.257,0.0,-0.541,-0.5415,0.0,0.0,-0.5425,0.0,-0.3574,-0.298,0.0,0.0,0.0,0.0,-0.2751,0.0,-0.5,-1.0,0.3733,-0.2251,0.0,3.0,-1.0,-1.0,0.0,0.0,0.0,-0.7207
-0.5405,-0.5396,-0.5405,-1.049,1.024,0.509,-0.2069,0.2275,1.156,0.3042,-0.1726,-8.37,0.1428,0.1782,0.0,0.0,-0.2563,-0.3276,0.6133,1.0,-0.2903,3.021,-0.588,-0.6216,1.105,0.3726,-0.267,2.549,-0.562,-0.6895,-1.014,1.406,0.3445,-0.5366,-0.541,0.0,0.0,-0.5415,0.0,-0.327,0.2107,0.0,0.0,0.0,0.0,1.753,0.0,-0.5,-1.0,-0.755,1.252,1.0,0.0,-1.0,-1.0,0.0,0.0,0.0,4.65
-0.5396,-0.5386,-0.5396,-0.5063,0.4778,0.509,-0.2069,0.3662,0.6045,0.1495,-0.1671,-0.3333,0.1428,0.1782,0.0,0.0,-0.10474,-0.1919,0.511,0.0,-0.2878,0.1501,-0.5815,-0.6216,0.559,0.3816,0.07764,-0.994,-0.551,2.549,-0.1719,1.03,-1.199,-0.534,-0.541,0.0,0.0,-0.541,0.0,-0.3374,0.07227,0.0,0.0,0.0,0.0,-0.3872,-1.0,-0.5,-1.0,-0.1979,0.7637,0.0,1.0,-1.0,-1.0,0.0,0.0,0.0,-0.9756
-0.5386,-0.5376,-0.539,-0.444,0.4163,0.509,-0.2069,0.3662,0.555,0.149,-0.1613,0.06757,0.1428,0.1782,0.0,0.0,-0.10425,-0.1914,0.511,0.0,-0.2854,-0.53,-0.574,-0.6216,0.5312,0.3872,0.3423,0.0,-0.5396,-0.994,-0.6895,-1.014,-0.874,-0.533,-0.5405,0.0,0.0,-0.5405,0.0,-0.3374,0.10547,0.0,0.0,0.0,0.0,0.0,-1.0,-0.5,-1.0,-0.1407,0.7017,0.0,0.0,-1.0,-1.0,0.0,0.0,0.0,0.0
-0.5386,-0.5376,-0.5386,0.05692,-0.0899,0.509,-0.2069,0.4895,0.03574,-0.005493,-0.1594,-0.707,0.1428,0.1782,0.0,0.0,0.05057,-0.04932,0.4092,0.0,-0.2827,0.408,-0.567,-0.6216,0.01484,0.3904,0.586,-1.011,-0.539,0.0,2.547,-0.1718,-0.7095,-0.534,-0.5405,0.0,0.0,-0.5405,0.0,-0.348,-0.0813,0.0,0.0,0.0,0.0,-0.3533,-1.0,-0.5,-1.0,0.3716,0.2466,0.0,1.0,-1.0,-1.0,0.0,0.0,0.0,-0.9053
-0.538,-0.5376,-0.5386,-0.00931,-0.02095,0.509,-0.2069,0.6255,0.11414,0.02048,-0.1587,0.713,0.1428,0.1782,0.0,0.0,0.03824,-0.08856,0.4263,0.0,-0.2803,0.8623,-0.561,-0.618,0.0995,0.3901,0.3591,0.1714,-0.538,-1.011,-0.9937,-0.689,1.257,-0.5337,-0.5405,0.0,0.0,-0.54,0.0,-0.3462,-0.109,0.0,0.0,0.0,0.0,0.0518,0.0,-0.5,-1.0,0.2534,0.254,1.0,0.0,-1.0,-1.0,0.0,0.0,0.0,0.135
-0.5376,-0.537,-0.538,-0.2184,0.1901,0.509,-0.2069,0.5625,0.3003,0.0939,-0.1519,1.033,0.2856,0.1782,0.0,0.0,-0.03595,-0.1559,0.4773,0.0,-0.2778,-0.2969,-0.553,-0.614,0.3218,0.396,0.065,0.5127,-0.5327,0.1714,0.0,2.547,1.406,-0.5327,-0.54,0.0,0.0,-0.54,0.0,-0.3413,0.1921,0.0,0.0,0.0,0.0,0.1578,0.0,-0.5,-0.5,0.0363,0.44,2.0,0.0,-1.0,-1.0,0.0,0.0,0.0,0.4102
-0.5366,-0.536,-0.537,-0.4775,0.4497,0.509,-0.2069,0.4734,0.5146,0.1913,-0.1388,0.7085,0.4285,0.1782,0.0,0.0,-0.1332,-0.2428,0.5454,0.0,-0.2751,-0.3096,-0.5415,-0.6064,0.608,0.4058,-0.1661,0.6777,-0.519,0.5127,-1.011,-0.9937,1.03,-0.531,-0.5396,0.0,0.0,-0.5396,0.0,-0.3345,0.47,0.0,0.0,0.0,0.0,0.1276,1.0,-0.5,0.0,-0.2103,0.693,3.0,0.0,-1.0,-1.0,0.0,0.0,0.0,0.3289
-0.5366,-0.5356,-0.5366,-0.0552,0.01483,0.509,-0.2069,0.468,-0.01956,0.05753,-0.1261,-0.787,0.5713,0.1782,0.0,0.0,-0.01058,-0.11066,0.4602,0.0,-0.2727,-0.522,-0.5293,-0.5947,0.1046,0.4238,0.09863,-0.8374,-0.516,0.6777,0.1714,0.0,-1.013,-0.5317,-0.5396,0.0,0.0,-0.539,0.0,-0.343,0.432,0.0,0.0,0.0,0.0,-0.1422,1.0,-0.5,0.0,0.1765,0.2524,0.0,1.0,-1.0,-1.0,0.0,0.0,0.0,-0.3625
-0.536,-0.5356,-0.536,-0.1871,0.1442,0.509,-0.2069,0.3933,0.06354,0.1046,-0.1171,1.097,0.7144,0.1782,0.0,0.0,-0.06097,-0.1503,0.4944,0.0,-0.2703,-0.5273,-0.5225,-0.58,0.2056,0.4375,0.1575,0.3398,-0.5117,-0.8374,0.5127,-1.011,-0.1718,-0.532,-0.539,0.0,0.0,-0.539,0.0,-0.3396,0.312,0.0,0.0,0.0,0.0,0.06946,2.0,0.0,0.0,-0.0006223,0.3223,1.0,0.0,-1.0,-1.0,0.0,0.0,0.0,0.1796
-0.536,-0.535,-0.536,0.066,-0.1135,0.509,-0.2069,0.2915,-0.2043,0.02287,-0.1166,-1.502,0.5713,0.1782,-1.0,0.0,0.006077,-0.059,0.4434,0.0,-0.2676,-0.7485,-0.515,-0.564,-0.09814,0.449,0.355,-0.507,-0.511,0.3398,0.6777,0.1713,-0.689,-0.5327,-0.539,0.0,0.0,-0.5386,0.0,-0.345,-0.03375,0.0,0.0,0.0,0.0,-0.1,1.0,0.0,-0.5,0.2133,0.04156,0.0,1.0,-1.0,-1.0,0.0,0.0,0.0,-0.2568
-0.5356,-0.5347,-0.5356,-0.2974,0.2544,0.509,-0.2069,0.2389,0.2002,0.1462,-0.1172,-4.83,0.5713,0.1782,0.0,0.0,-0.1131,-0.1764,0.5283,0.0,-0.2651,0.3716,-0.5034,-0.5503,0.3018,0.452,-0.368,0.852,-0.503,-0.507,-0.8374,0.512,2.547,-0.5317,-0.5386,0.0,0.0,-0.538,0.0,-0.3364,-0.06726,0.0,0.0,0.0,0.0,0.29,1.0,0.0,-0.5,-0.1407,0.3916,1.0,0.0,-1.0,-1.0,0.0,0.0,0.0,0.752
-0.534,-0.5337,-0.534,-0.6865,0.65,0.509,-0.2069,0.1619,0.6147,0.294,-0.109,1.584,0.5713,0.1782,0.0,0.0,-0.2532,-0.3115,0.6133,1.0,-0.2903,-0.3252,-0.4895,-0.535,0.742,0.4463,-0.1367,1.008,-0.4883,0.852,0.3398,0.6772,-0.9937,-0.53,-0.5376,0.0,0.0,-0.537,0.0,-0.3264,0.354,0.0,0.0,0.0,0.0,0.2969,1.0,0.5,0.0,-0.4685,0.8237,2.0,0.0,-1.0,-1.0,0.0,0.0,0.0,0.7583
-0.5327,-0.532,-0.533,-0.7495,0.7134,0.509,-0.2069,-0.04694,0.6772,0.34,-0.0981,0.2369,0.5713,0.1782,0.0,0.0,-0.3125,-0.3352,0.6133,1.0,-0.2903,-0.5522,-0.4622,-0.5107,0.724,0.45,-0.1073,0.3303,-0.492,1.008,-0.507,-0.8374,0.0,-0.528,-0.537,0.0,0.0,-0.5356,0.0,-0.323,0.4502,0.0,0.0,0.0,0.0,0.08496,2.0,1.0,0.5,-0.547,0.865,3.0,0.0,-1.0,-1.0,0.0,0.0,0.0,0.2135
-0.5312,-0.531,-0.5317,-0.8745,0.84,0.509,0.26,-0.0826,0.7793,0.4111,-0.08203,0.2844,0.7144,0.1782,0.0,0.0,-0.3777,-0.398,0.6133,1.0,-0.2903,0.0982,-0.4287,-0.484,0.8184,0.4307,0.1827,0.493,-0.5205,0.3303,0.8516,0.3396,-1.01,-0.5264,-0.536,0.0,0.0,-0.5337,0.0,-0.318,0.705,0.0,0.0,0.0,0.0,0.1658,2.0,1.5,1.0,-0.7954,0.8477,4.0,0.0,-0.5,-1.0,0.0,0.0,0.0,0.414
-0.531,-0.53,-0.531,-0.4277,0.3848,0.509,0.26,-0.333,0.3613,0.2773,-0.0833,-0.3694,0.7144,0.1782,0.0,0.0,-0.2827,-0.2483,0.53,0.0,-0.2878,-0.10284,-0.4,-0.4656,0.3657,0.44,0.2163,-0.815,-0.5435,0.493,1.008,-0.507,0.1713,-0.525,-0.5356,0.0,0.0,-0.5327,0.0,-0.3267,-0.09344,0.0,0.0,0.0,0.0,-0.2238,2.0,1.0,0.5,-0.3818,0.391,0.0,1.0,-0.5,-1.0,0.0,0.0,0.0,-0.5547
-0.5293,-0.529,-0.53,-0.726,0.689,0.509,0.26,-0.317,0.7007,0.3997,-0.0765,0.924,0.7144,0.1782,0.0,0.0,-0.3887,-0.3647,0.6133,1.0,-0.2903,0.756,-0.3716,-0.4473,0.688,0.4573,0.1406,0.826,-0.525,-0.815,0.3303,0.8516,0.512,-0.523,-0.535,0.0,0.0,-0.5317,0.0,-0.3184,0.4019,0.0,0.0,0.0,0.0,0.3489,2.0,1.0,1.0,-0.623,0.7344,1.0,0.0,-0.5,-1.0,0.0,0.0,0.0,0.8765
-0.528,-0.527,-0.528,-0.9863,0.9565,0.2185,0.26,-0.282,1.008,0.521,-0.06616,0.556,0.7144,0.1782,0.0,0.0,-0.4893,-0.479,0.6133,1.0,-0.2903,0.0776,-0.343,-0.4233,0.9863,0.3965,0.03137,0.815,-0.4812,0.826,0.4927,1.008,0.6772,-0.5195,-0.534,0.0,0.0,-0.531,0.0,-0.3098,0.557,0.0,0.0,0.0,0.0,0.2502,2.0,1.0,1.5,-0.881,0.9844,2.0,0.0,-0.5,-1.0,0.0,0.0,0.0,0.62
-0.5264,-0.526,-0.5264,-0.811,0.779,0.2185,0.26,-0.2966,0.7935,0.4875,-0.05222,-0.0666,0.7144,0.1782,0.0,0.0,-0.4622,-0.4475,0.597,0.0,-0.2878,0.08167,-0.315,-0.3977,0.7905,0.42,0.3047,-0.1608,-0.4624,0.815,-0.8145,0.3303,-0.8374,-0.517,-0.533,0.0,0.0,-0.5293,0.0,-0.3118,0.851,1.0,0.0,0.0,0.0,-0.03503,1.0,1.0,1.5,-0.717,0.808,0.0,1.0,-0.5,-1.0,0.0,0.0,0.0,-0.08563
-0.5254,-0.525,-0.5254,-0.513,0.4763,0.2185,0.26,-0.3215,0.442,0.4028,-0.04132,-0.2812,0.7144,0.1782,0.0,0.0,-0.3918,-0.3674,0.5474,0.0,-0.2854,0.3127,-0.2832,-0.369,0.3757,0.4556,0.3003,-0.4836,-0.465,-0.1608,0.8257,0.4927,0.3396,-0.5166,-0.5327,0.0,0.0,-0.5283,0.0,-0.317,0.64,0.0,0.0,0.0,0.0,-0.2163,0.0,0.5,1.0,-0.436,0.51,0.0,2.0,-0.5,-1.0,0.0,0.0,0.0,-0.5303
-0.5244,-0.524,-0.525,-0.3813,0.342,0.2185,0.704,-0.3364,0.2783,0.37,-0.0334,-0.1791,0.7144,0.1782,0.0,0.0,-0.3647,-0.3354,0.531,0.0,-0.2827,-0.5596,-0.2588,-0.3442,0.2035,0.475,0.4854,-0.1625,-0.4956,-0.4836,0.8145,-0.8145,-0.5063,-0.516,-0.5317,0.0,0.0,-0.527,0.0,-0.3188,0.4917,0.0,0.0,0.0,0.0,-0.04425,0.0,0.5,0.5,-0.3376,0.3499,0.0,3.0,-0.5,-1.0,0.0,0.0,0.0,-0.1094
-0.5234,-0.523,-0.524,-0.542,0.5054,-0.01881,0.704,-0.2725,0.4448,0.4395,-0.02623,0.607,0.7144,0.1782,0.0,0.0,-0.419,-0.4058,0.5806,0.0,-0.2803,0.5205,-0.2407,-0.3198,0.355,0.4934,0.3423,0.4888,-0.4792,-0.1625,-0.1608,0.8257,0.8516,-0.5156,-0.5312,0.0,0.0,-0.5264,0.0,-0.3137,0.4587,0.0,0.0,0.0,0.0,0.183,0.0,0.5,0.5,-0.5073,0.4907,1.0,0.0,-0.5,-1.0,0.0,0.0,0.0,0.4536
-0.522,-0.521,-0.522,-1.022,0.9937,-0.01881,0.704,-0.2146,0.9355,0.6353,-0.00964,1.1045,0.7144,0.1782,0.0,0.0,-0.5786,-0.588,0.6133,1.0,-0.2903,0.905,-0.2225,-0.2957,0.8843,0.4172,0.149,1.293,-0.4395,0.4888,-0.4834,0.8145,1.008,-0.5127,-0.53,0.0,0.0,-0.525,0.0,-0.3003,0.9863,1.0,0.0,0.0,0.0,0.4343,0.0,0.5,1.0,-0.9126,1.022,2.0,0.0,-0.5,-1.0,0.0,0.0,0.0,1.067
-0.52,-0.5195,-0.5205,-1.045,1.018,-0.01881,0.704,-0.243,0.942,0.6763,0.00661,0.1493,0.7144,0.1782,0.0,0.0,-0.615,-0.621,0.6133,1.0,-0.2903,-0.8013,-0.207,-0.2734,0.937,0.4065,0.1322,0.3164,-0.4016,1.293,-0.1625,-0.1606,0.3303,-0.5107,-0.5283,0.0,0.0,-0.5234,0.0,-0.2969,0.9863,1.0,0.0,0.0,0.0,0.06836,1.0,0.5,1.0,-0.9443,1.035,3.0,0.0,-0.5,-1.0,0.0,0.0,0.0,0.1646
-0.5186,-0.5176,-0.5186,-0.933,0.9023,-0.01881,0.793,-0.243,0.771,0.667,0.02533,-0.03415,0.857,0.1782,0.0,0.0,-0.6074,-0.613,0.6133,1.0,-0.2903,-0.5894,-0.1946,-0.253,0.8203,0.4302,0.0734,0.0,-0.3918,0.3164,0.4888,-0.4834,0.4927,-0.51,-0.5264,0.0,0.0,-0.522,0.0,-0.297,1.192,1.0,0.0,0.0,0.0,0.0,1.0,0.0,1.0,-0.881,0.876,0.0,0.0,-0.5,-1.0,0.0,0.0,0.0,0.0
-0.5176,-0.5166,-0.5176,-0.562,0.524,-0.01881,0.793,-0.2241,0.3376,0.5566,0.0374,-0.3936,0.857,0.1782,0.0,0.0,-0.514,-0.5166,0.549,0.0,-0.2878,0.2754,-0.1898,-0.2345,0.3748,0.4573,0.3381,-0.6294,-0.403,0.0,1.293,-0.1625,-0.8145,-0.509,-0.525,0.0,0.0,-0.5205,0.0,-0.304,0.799,1.0,0.0,0.0,0.0,-0.1836,1.0,0.0,0.5,-0.548,0.4856,0.0,1.0,-0.5,-1.0,0.0,0.0,0.0,-0.4395
-0.516,-0.515,-0.516,-0.834,0.7993,-0.01881,0.793,-0.2477,0.6235,0.6743,0.04837,0.8354,0.857,0.1782,0.0,0.0,-0.614,-0.6187,0.6133,1.0,-0.2903,-0.3806,-0.1926,-0.2191,0.6553,0.464,0.1869,0.7954,-0.3962,-0.6294,0.3164,0.4888,0.8257,-0.507,-0.524,0.0,0.0,-0.519,0.0,-0.2957,0.771,1.0,0.0,0.0,0.0,0.2428,1.0,0.0,0.5,-0.7803,0.782,1.0,0.0,-0.5,-1.0,0.0,0.0,0.0,0.5874
-0.515,-0.5146,-0.5156,-0.264,0.2219,-0.01881,0.6587,-0.1188,0.014305,0.4883,0.05307,-0.7617,0.857,0.1782,0.0,0.0,-0.447,-0.465,0.5005,0.0,-0.2878,0.4998,-0.1934,-0.2096,0.0512,0.476,0.03558,-1.099,-0.4036,0.7954,0.0,1.293,0.8145,-0.506,-0.523,0.0,0.0,-0.518,0.0,-0.3076,0.2947,0.0,0.0,0.0,0.0,-0.2632,0.0,-0.5,0.0,-0.2101,0.2498,0.0,1.0,-0.5,-1.0,0.0,0.0,0.0,-0.6284
-0.515,-0.514,-0.515,-0.0864,0.04126,-0.01881,0.4944,-0.1471,-0.1714,0.4297,0.05396,-1.431,0.7144,0.1782,-1.0,0.0,-0.3994,-0.409,0.4683,0.0,-0.2854,-0.355,-0.1957,-0.2043,-0.1453,0.4849,0.086,-0.3198,-0.4365,-1.099,-0.6294,0.3164,-0.1606,-0.5054,-0.5225,0.0,0.0,-0.517,0.0,-0.311,0.0828,0.0,0.0,0.0,0.0,-0.03915,-1.0,-0.5,-0.5,-0.0677,0.04465,0.0,2.0,-0.5,-1.0,0.0,0.0,0.0,-0.0952
-0.5146,-0.514,-0.515,0.003767,-0.053,-0.01881,0.4119,-0.1807,-0.3003,0.3962,0.0578,2.66,0.5713,0.1782,-1.0,0.0,-0.3735,-0.3748,0.4521,0.0,-0.2827,-0.569,-0.2117,-0.2043,-0.2603,0.4927,0.2163,-0.1608,-0.469,-0.3198,0.795,0.0,-0.4834,-0.5063,-0.5215,0.0,0.0,-0.516,0.0,-0.313,0.2927,0.0,0.0,0.0,0.0,-0.0445,-1.0,-0.5,-0.5,-0.01519,-0.0837,0.0,3.0,-0.5,-1.0,0.0,0.0,0.0,-0.10876
-0.515,-0.5146,-0.515,0.375,-0.4292,-0.01881,-0.002245,-0.2339,-0.6875,0.262,0.05414,2.438,0.4285,0.1782,-1.0,0.0,-0.26,-0.2432,0.3716,0.0,-0.2803,-0.11743,-0.2356,-0.2095,-0.6924,0.502,0.271,-0.806,-0.525,-0.1608,-1.099,-0.6294,-0.1625,-0.509,-0.5205,0.0,0.0,-0.515,0.0,-0.3215,-0.1853,0.0,0.0,0.0,0.0,-0.1506,-1.0,-0.5,-1.0,0.3347,-0.4539,0.0,4.0,-0.5,-0.5,0.0,0.0,0.0,-0.3694
-0.516,-0.515,-0.516,0.6475,-0.702,-0.01881,-0.3381,-0.2142,-0.9478,0.1539,0.0439,0.6406,0.2856,0.1782,-1.0,0.0,-0.1608,-0.1406,0.3071,0.0,-0.2778,0.1194,-0.2715,-0.2269,-0.972,0.4954,0.1406,-0.654,-0.551,-0.806,-0.3198,0.795,0.4885,-0.5117,-0.5205,0.0,0.0,-0.5146,0.0,-0.3284,-0.626,0.0,0.0,0.0,0.0,-0.1637,-2.0,-1.0,-1.5,0.6167,-0.696,0.0,5.0,-0.5,0.0,0.0,0.0,0.0,-0.4067
-0.5166,-0.516,-0.517,0.7485,-0.8027,-0.01881,-0.508,-0.264,-1.045,0.0976,0.03323,0.2715,0.1428,0.1782,-1.0,0.0,-0.11334,-0.0804,0.2747,0.0,-0.2751,-0.5425,-0.317,-0.2544,-1.085,0.4858,-0.2292,-0.3303,-0.5435,-0.654,-0.1608,-1.099,1.292,-0.514,-0.5205,0.0,0.0,-0.5146,0.0,-0.332,-0.6636,0.0,0.0,0.0,0.0,-0.078,-2.0,-1.5,-1.5,0.7036,-0.804,0.0,5.617,-0.5,0.5,0.0,0.0,0.0,-0.196
-0.517,-0.5166,-0.5176,0.3945,-0.4434,-0.01881,-0.508,-0.2438,-0.7075,0.1932,0.02792,-0.2554,0.0,0.1782,-1.0,0.0,-0.1991,-0.176,0.3394,0.0,-0.2727,0.774,-0.358,-0.2812,-0.739,0.4783,-0.389,0.6646,-0.5435,-0.3303,-0.8057,-0.3196,0.3162,-0.5166,-0.52,0.0,0.0,-0.5146,0.0,-0.3252,-0.3247,0.0,0.0,0.0,0.0,0.1555,-1.0,-1.5,-1.0,0.3955,-0.422,1.0,0.0,-0.5,0.5,0.0,0.0,0.0,0.3928
-0.517,-0.5166,-0.5176,0.1528,-0.1974,-0.3237,-0.508,-0.1606,-0.4705,0.2632,0.02562,-0.2957,-0.1428,0.1782,-1.0,0.0,-0.2546,-0.2515,0.3877,0.0,-0.2703,0.5366,-0.402,-0.3071,-0.494,0.476,-0.4563,0.493,-0.5435,0.6646,-0.6533,-0.1606,0.0,-0.5176,-0.5195,0.0,0.0,-0.5146,0.0,-0.32,-0.1375,0.0,0.0,0.0,0.0,0.1229,0.0,-1.0,-0.5,0.1669,-0.1805,2.0,0.0,-0.5,0.5,0.0,0.0,0.0,0.3071
-0.517,-0.516,-0.517,-0.0633,0.02068,-0.3237,-0.508,-0.2338,-0.2335,0.333,0.02327,-0.5884,-0.2856,0.1782,-1.0,0.0,-0.3232,-0.3105,0.436,0.0,-0.2676,-0.1317,-0.4497,-0.3396,-0.2532,0.4746,-0.3428,0.4888,-0.558,0.493,-0.3303,-0.8057,-0.6294,-0.518,-0.5186,0.0,0.0,-0.5146,0.0,-0.3152,-0.1375,0.0,0.0,0.0,0.0,0.11426,1.0,-0.5,-0.5,-0.0792,-0.01189,3.0,0.0,-0.5,0.5,0.0,0.0,0.0,0.2832
-0.5166,-0.5156,-0.5166,-0.1862,0.1433,-0.3237,-0.508,-0.3396,-0.04172,0.378,0.01642,-1.634,-0.2856,0.1782,0.0,0.0,-0.3718,-0.3423,0.4683,0.0,-0.2651,-0.1387,-0.497,-0.376,-0.0724,0.4692,-0.578,0.3232,-0.561,0.4888,0.6646,-0.6533,0.795,-0.518,-0.518,0.0,0.0,-0.514,0.0,-0.3118,-0.4438,0.0,0.0,0.0,0.0,0.07764,2.0,-0.5,-0.5,-0.1946,0.10944,4.0,0.0,-0.5,0.5,0.0,0.0,0.0,0.1909
-0.5156,-0.515,-0.5156,-0.4336,0.393,-0.0556,-0.508,-0.3384,0.2974,0.472,0.01068,5.21,-0.2856,0.1782,0.0,0.0,-0.453,-0.4292,0.5327,0.0,-0.2627,-0.5806,-0.5415,-0.4143,0.2668,0.4636,-0.3218,0.643,-0.556,0.3232,0.4927,-0.3303,-1.099,-0.5166,-0.517,0.0,0.0,-0.514,0.0,-0.305,-0.3328,0.0,0.0,0.0,0.0,0.1245,3.0,0.0,-0.5,-0.3948,0.3916,5.0,0.0,0.0,0.5,0.0,0.0,0.0,0.3044
-0.5146,-0.514,-0.515,-0.3801,0.338,-0.0556,-0.508,-0.3384,0.3203,0.465,0.004944,0.204,-0.2856,0.1782,0.0,0.0,-0.4468,-0.4229,0.5327,0.0,-0.26,-0.5806,-0.574,-0.4536,0.296,0.4575,-0.2292,0.0,-0.552,0.643,0.4888,0.664,-0.3196,-0.514,-0.516,0.0,0.0,-0.5137,0.0,-0.3052,-0.3328,0.0,0.0,0.0,0.0,0.0,2.0,0.0,-0.5,-0.3777,0.3005,0.0,0.0,0.0,0.5,0.0,0.0,0.0,0.0
-0.514,-0.5137,-0.5146,-0.193,0.1472,-0.0556,-0.508,-0.4062,0.1735,0.4082,0.0009484,-0.227,-0.2856,0.1782,0.0,0.0,-0.404,-0.364,0.5005,0.0,-0.2576,-0.791,-0.5825,-0.486,0.1649,0.4521,-0.1704,-0.318,-0.5537,0.0,0.3232,0.4927,-0.1606,-0.512,-0.5156,0.0,0.0,-0.513,0.0,-0.3086,-0.2396,0.0,0.0,0.0,0.0,-0.0731,1.0,0.0,-0.5,-0.2264,0.08545,0.0,1.0,0.0,0.5,0.0,0.0,0.0,-0.177
-0.5137,-0.513,-0.5137,-0.37,0.3254,-0.0556,-0.508,-0.4,0.434,0.4766,-0.004845,1.134,-0.2856,0.1782,0.0,0.0,-0.4624,-0.4277,0.549,0.0,-0.2551,0.0575,-0.5723,-0.5176,0.4355,0.4448,0.0524,0.4797,-0.5537,-0.318,0.643,0.4888,-0.8057,-0.51,-0.5146,0.0,0.0,-0.5127,0.0,-0.3037,-0.3516,0.0,0.0,0.0,0.0,0.1151,1.0,0.5,-0.5,-0.4265,0.2251,1.0,0.0,0.0,0.5,0.0,0.0,0.0,0.28
-0.512,-0.5117,-0.5127,-0.6606,0.6216,-0.0556,-0.508,-0.44,0.7837,0.5947,-0.001723,0.8413,-0.2856,0.1782,0.0,0.0,-0.5654,-0.5303,0.6133,1.0,-0.2903,-0.5938,-0.5674,-0.5483,0.7837,0.4377,0.2668,0.793,-0.538,0.4797,0.0,0.3232,-0.6533,-0.508,-0.5137,0.0,0.0,-0.512,0.0,-0.2952,0.312,0.0,0.0,0.0,0.0,0.1931,1.0,1.0,0.0,-0.677,0.543,2.0,0.0,0.0,0.5,1.0,0.0,2.412,0.466
-0.5107,-0.5103,-0.511,-0.7837,0.7495,-0.0556,-0.508,-0.3962,0.9453,0.6616,0.005013,0.3398,-0.1428,0.1782,0.0,0.0,-0.6167,-0.5938,0.6133,1.0,-0.2903,0.02646,-0.569,-0.5757,0.9033,0.4133,0.4348,0.4697,-0.5166,0.793,-0.318,0.6426,-0.3303,-0.5054,-0.5127,0.0,0.0,-0.5117,0.0,-0.2903,0.575,0.0,0.0,0.0,0.0,0.1572,1.0,1.5,0.5,-0.779,0.6836,3.0,0.0,0.0,0.5,0.0,0.0,0.0,0.3743
-0.51,-0.5093,-0.5103,-0.5615,0.527,-0.0556,-0.508,-0.3503,0.718,0.602,0.01055,-0.09235,0.0,0.1782,0.0,0.0,-0.5635,-0.545,0.5815,0.0,-0.2878,-0.176,-0.5703,-0.5977,0.688,0.4255,0.3718,-0.3105,-0.508,0.4697,0.4795,0.0,0.664,-0.5034,-0.512,0.0,0.0,-0.5117,0.0,-0.2937,0.5044,0.0,0.0,0.0,0.0,-0.0638,1.0,1.0,0.5,-0.5957,0.4353,0.0,1.0,0.0,0.5,0.0,0.0,0.0,-0.1506
-0.5093,-0.509,-0.5093,-0.2917,0.2532,-0.0556,-0.508,-0.375,0.4011,0.5176,0.0179,-0.274,0.1428,0.1782,0.0,0.0,-0.4949,-0.4673,0.5337,0.0,-0.2854,-0.5894,-0.5713,-0.6104,0.403,0.436,0.3257,-0.4685,-0.508,-0.3105,0.793,-0.3179,0.4927,-0.503,-0.5117,0.0,0.0,-0.5117,0.0,-0.2988,0.649,0.0,0.0,0.0,0.0,-0.0757,1.0,0.5,0.5,-0.3508,0.1559,0.0,2.0,0.0,0.5,0.0,0.0,0.0,-0.1797
-0.508,-0.5073,-0.5083,-0.721,0.6885,-0.0556,-0.508,-0.349,0.806,0.684,0.0336,1.004,0.2856,0.1782,0.0,0.0,-0.631,-0.618,0.6133,1.0,-0.2903,0.6426,-0.546,-0.6025,0.81,0.4324,0.2542,1.102,-0.4797,-0.4685,0.4695,0.4795,0.4885,-0.501,-0.5107,0.0,0.0,-0.5107,0.0,-0.287,1.169,1.0,0.0,0.0,0.0,0.2825,1.0,0.5,1.0,-0.7153,0.6284,1.0,0.0,0.0,0.5,0.0,0.0,0.0,0.676
-0.5073,-0.507,-0.5073,-0.237,0.196,-0.0556,-0.508,-0.2477,0.2186,0.5273,0.04715,-0.5566,0.4285,0.1782,0.0,0.0,-0.4917,-0.488,0.518,0.0,-0.2878,0.253,-0.4966,-0.576,0.1926,0.4644,0.2416,-0.9272,-0.4797,1.102,-0.3105,0.793,0.323,-0.5,-0.5103,0.0,0.0,-0.5107,0.0,-0.2974,0.8667,1.0,0.0,0.0,0.0,-0.4114,0.0,0.0,1.0,-0.2426,0.1614,0.0,1.0,0.0,0.5,0.0,0.0,0.0,-0.967
-0.507,-0.5063,-0.507,-0.2035,0.1582,-0.0556,-0.508,-0.3418,0.1233,0.52,0.05737,-0.1703,0.5713,0.1782,0.0,0.0,-0.494,-0.4727,0.518,0.0,-0.2854,-0.3806,-0.4456,-0.546,0.0885,0.4863,0.1112,0.0,-0.4724,-0.9272,-0.4683,0.4695,0.6426,-0.4995,-0.51,0.0,0.0,-0.5107,0.0,-0.2976,0.751,0.0,0.0,0.0,0.0,0.0,-1.0,-0.5,0.5,-0.2343,0.0987,0.0,0.0,0.0,0.5,0.0,0.0,0.0,0.0
-0.506,-0.5054,-0.5063,-0.3762,0.331,-0.0556,-0.508,-0.3735,0.2607,0.588,0.0676,0.775,0.7144,0.1782,0.0,0.0,-0.5537,-0.5303,0.566,0.0,-0.2827,0.2397,-0.394,-0.5127,0.2114,0.509,0.1322,0.471,-0.46,0.0,1.102,-0.3105,0.0,-0.4993,-0.5093,0.0,0.0,-0.51,0.0,-0.2925,0.751,0.0,0.0,0.0,0.0,0.1121,0.0,0.0,0.5,-0.3965,0.2695,1.0,0.0,0.0,0.5,0.0,0.0,0.0,0.2676
-0.505,-0.5044,-0.505,-0.5293,0.485,-0.0556,-0.508,-0.3862,0.3972,0.6553,0.07776,0.5415,0.857,0.1782,0.0,0.0,-0.611,-0.589,0.6133,1.0,-0.2903,-0.397,-0.343,-0.4773,0.3313,0.5317,0.2499,0.4673,-0.4429,0.471,-0.9272,-0.4683,-0.3179,-0.4988,-0.509,0.0,0.0,-0.5093,0.0,-0.2876,0.751,0.0,0.0,0.0,0.0,0.1487,1.0,0.5,0.5,-0.5327,0.43,2.0,0.0,0.0,0.5,0.0,0.0,0.0,0.3523
-0.504,-0.5034,-0.504,-0.6646,0.622,-0.0556,-0.508,-0.3804,0.5273,0.722,0.08844,0.4214,0.857,0.1782,0.0,0.0,-0.6646,-0.648,0.6133,1.0,-0.2903,0.00771,-0.2969,-0.4414,0.4668,0.5034,0.1785,0.4636,-0.4314,0.4673,0.0,1.102,0.4795,-0.4978,-0.508,0.0,0.0,-0.508,0.0,-0.2825,0.7817,1.0,0.0,0.0,0.0,0.1053,1.0,0.5,0.5,-0.669,0.5557,3.0,0.0,0.0,0.5,0.0,0.0,0.0,0.2476
-0.5024,-0.5015,-0.5024,-0.848,0.8105,-0.0556,-0.508,-0.3423,0.733,0.8135,0.099,0.4944,0.857,0.1782,0.0,0.0,-0.735,-0.73,0.6133,1.0,-0.2903,-0.006954,-0.26,-0.4075,0.6963,0.4556,0.02296,0.6133,-0.4287,0.4636,0.4707,-0.927,0.793,-0.4956,-0.507,0.0,0.0,-0.506,0.0,-0.2756,0.7817,1.0,0.0,0.0,0.0,0.11835,2.0,0.5,0.5,-0.8125,0.7734,4.0,0.0,0.0,0.5,0.0,0.0,0.0,0.2761
-0.501,-0.5005,-0.501,-0.7544,0.7163,-0.0556,0.747,-0.3242,0.632,0.805,0.10956,0.01236,0.857,0.1782,0.0,0.0,-0.726,-0.7246,0.6133,1.0,-0.2903,-0.4153,-0.228,-0.3728,0.5825,0.4792,-0.05267,0.0,-0.4514,0.6133,0.467,0.0,0.4695,-0.4944,-0.5063,0.0,0.0,-0.504,0.0,-0.276,0.7817,1.0,0.0,0.0,0.0,0.0,2.0,0.0,0.5,-0.741,0.6616,0.0,0.0,0.0,0.5,0.0,0.0,0.0,0.0
-0.4995,-0.499,-0.4995,-0.735,0.6963,-0.0556,0.747,-0.3467,0.5913,0.821,0.12225,0.0829,0.857,0.1782,0.0,0.0,-0.7407,-0.736,0.6133,1.0,-0.2903,-0.825,-0.2068,-0.3403,0.57,0.482,0.0692,0.1517,-0.4648,0.0,0.4636,0.4707,-0.3105,-0.4924,-0.506,0.0,0.0,-0.5024,0.0,-0.2742,0.96,1.0,0.0,0.0,0.0,0.02402,2.0,0.5,1.0,-0.7397,0.6235,1.0,0.0,0.0,0.5,0.0,0.0,0.0,0.05542
-0.4983,-0.4978,-0.4985,-0.5874,0.546,-0.0556,0.747,-0.3606,0.4211,0.787,0.132,-0.1212,0.857,0.1782,0.0,0.0,-0.7153,-0.7056,0.598,0.0,-0.2878,-0.2112,-0.1982,-0.3088,0.391,0.5034,0.2457,-0.1514,-0.481,0.1517,0.6133,0.467,-0.4683,-0.4902,-0.5054,0.0,0.0,-0.501,0.0,-0.2761,0.7944,1.0,0.0,0.0,0.0,-0.04105,1.0,0.5,0.5,-0.6333,0.4402,0.0,1.0,0.0,0.5,0.0,0.0,0.0,-0.09454
-0.497,-0.4966,-0.4973,-0.649,0.6084,-0.0556,0.747,-0.4414,0.4954,0.826,0.1387,0.295,0.857,0.1782,0.0,0.0,-0.754,-0.7314,0.6133,1.0,-0.2903,-0.6235,-0.2003,-0.2812,0.4727,0.502,0.01035,0.3035,-0.487,-0.1514,0.0,0.4634,1.102,-0.4885,-0.5044,0.0,0.0,-0.4995,0.0,-0.2727,0.6904,0.0,0.0,0.0,0.0,0.0711,1.0,0.5,0.5,-0.6997,0.4922,1.0,0.0,0.0,0.5,0.0,0.0,0.0,0.1642
-0.4954,-0.4946,-0.4954,-1.019,0.9863,-0.0556,0.747,-0.4688,0.924,0.989,0.1483,0.913,0.857,0.1782,0.0,0.0,-0.8833,-0.8647,0.6133,1.0,-0.2903,0.1608,-0.2009,-0.2568,0.901,0.4138,0.3003,1.058,-0.4646,0.3035,0.1517,0.6133,-0.927,-0.4858,-0.504,0.0,0.0,-0.4978,0.0,-0.261,0.8257,1.0,0.0,0.0,0.0,0.2966,1.0,1.0,0.5,-1.012,0.9053,2.0,0.0,0.0,0.5,0.0,0.0,0.0,0.681
-0.4937,-0.493,-0.4937,-0.908,0.8755,-0.367,0.747,-0.4863,0.813,0.977,0.1592,0.02573,0.857,0.1782,0.0,0.0,-0.8755,-0.853,0.6133,1.0,-0.2903,-0.4382,-0.2079,-0.2363,0.8105,0.4321,0.3928,0.0,-0.442,1.058,-0.1514,0.0,0.0,-0.484,-0.5024,0.0,0.0,-0.4963,0.0,-0.261,0.9863,1.0,0.0,0.0,0.0,0.0,1.0,1.0,0.5,-0.9326,0.7686,0.0,0.0,0.0,0.5,0.0,0.0,0.0,0.0
-0.492,-0.4912,-0.492,-0.9336,0.9033,-0.367,0.747,-0.3877,0.8247,1.016,0.1741,0.1569,0.857,0.1782,0.0,0.0,-0.896,-0.894,0.6133,1.0,-0.2903,0.5503,-0.2142,-0.216,0.7974,0.435,0.3591,0.2969,-0.422,0.0,0.3035,0.1517,0.4707,-0.4822,-0.5015,0.0,0.0,-0.4946,0.0,-0.2578,1.303,1.0,0.0,0.0,0.0,0.1405,1.0,1.0,1.0,-0.997,0.7515,1.0,0.0,0.0,0.5,0.0,0.0,0.0,0.3171
-0.4915,-0.4907,-0.4915,-0.1881,0.1481,-0.367,0.4646,-0.3284,0.03418,0.758,0.1765,-0.78,0.857,0.1782,0.0,0.0,-0.689,-0.6836,0.4617,0.0,-0.2878,0.804,-0.221,-0.2035,-0.01245,0.45,0.3213,-1.477,-0.4502,0.2969,1.057,-0.1514,0.467,-0.482,-0.5005,0.0,0.0,-0.4934,0.0,-0.275,0.2905,0.0,0.0,0.0,0.0,-0.5327,1.0,0.5,0.5,-0.2656,0.03867,0.0,1.0,0.0,0.5,0.0,0.0,0.0,-1.196
-0.4912,-0.4907,-0.4915,0.1085,-0.155,-0.367,0.1534,-0.3662,-0.3174,0.649,0.1805,-2.44,0.7144,0.1782,-1.0,0.0,-0.6035,-0.5854,0.4011,0.0,-0.2854,-0.6133,-0.2213,-0.1992,-0.3938,0.4685,0.2289,-0.6055,-0.476,-1.477,0.0,0.3035,0.4634,-0.4827,-0.4995,0.0,0.0,-0.4927,0.0,-0.282,0.4243,0.0,0.0,0.0,0.0,-0.1245,0.0,0.0,0.5,0.04617,-0.2247,0.0,2.0,0.0,0.5,0.0,0.0,0.0,-0.2866
-0.49,-0.4895,-0.49,-0.6743,0.6377,-0.367,0.1534,-0.273,0.4575,0.9355,0.1935,-4.06,0.7144,0.1782,0.0,0.0,-0.824,-0.8394,0.583,0.0,-0.2827,1.159,-0.2227,-0.1997,0.405,0.4856,0.065,1.835,-0.4666,-0.6055,0.2966,1.057,0.6133,-0.4812,-0.498,0.0,0.0,-0.4915,0.0,-0.2615,0.813,1.0,0.0,0.0,0.0,0.706,0.0,0.0,1.0,-0.621,0.633,1.0,0.0,0.0,0.5,0.0,0.0,0.0,1.643
-0.4875,-0.487,-0.4878,-1.277,1.252,0.3901,0.1534,-0.2155,1.108,1.195,0.2122,1.39,0.7144,0.1782,0.0,0.0,-1.016,-1.056,0.6133,1.0,-0.2903,1.284,-0.2147,-0.1952,1.058,0.382,0.10284,1.633,-0.4077,1.835,-1.477,0.0,0.0,-0.4785,-0.496,0.0,0.0,-0.49,0.0,-0.2429,0.9863,1.0,0.0,0.0,0.0,0.6006,1.0,0.5,1.0,-1.133,1.3,2.0,0.0,0.0,0.5,0.0,0.0,0.0,1.355
-0.486,-0.4854,-0.486,-0.897,0.8677,0.3901,0.1534,-0.128,0.6885,1.086,0.2257,-0.2335,0.7144,0.1782,0.0,0.0,-0.9263,-0.976,0.554,0.0,-0.2878,0.526,-0.191,-0.1865,0.569,0.4224,0.1449,-0.5776,-0.3882,1.633,-0.6055,0.2966,0.1517,-0.4773,-0.4944,0.0,0.0,-0.4885,0.0,-0.25,0.71,0.0,0.0,0.0,0.0,-0.2922,0.0,0.0,0.5,-0.768,0.928,0.0,1.0,0.0,0.5,0.0,0.0,0.0,-0.642
-0.4846,-0.484,-0.4846,-0.737,0.7046,0.3901,0.1534,-0.1584,0.5127,1.051,0.2362,-0.0965,0.7144,0.1782,0.0,0.0,-0.9023,-0.9443,0.539,0.0,-0.2854,-0.453,-0.1744,-0.1844,0.421,0.438,0.2499,-0.1459,-0.3923,-0.5776,1.835,-1.476,-0.1514,-0.4763,-0.493,0.0,0.0,-0.4868,0.0,-0.252,0.586,0.0,0.0,0.0,0.0,-0.03207,0.0,0.0,0.0,-0.6406,0.7417,0.0,2.0,0.0,0.5,0.0,0.0,0.0,-0.07117
-0.4824,-0.4817,-0.4827,-1.144,1.119,0.3901,0.1534,-0.1597,0.974,1.236,0.2498,0.9487,0.7144,0.1782,0.0,0.0,-1.041,-1.093,0.6133,1.0,-0.2903,0.3,-0.163,-0.1808,0.896,0.4148,0.2289,1.17,-0.3528,-0.1459,1.632,-0.6055,0.3035,-0.4746,-0.4912,0.0,0.0,-0.485,0.0,-0.2383,0.683,0.0,0.0,0.0,0.0,0.3542,1.0,0.0,0.0,-0.968,1.211,1.0,0.0,0.0,0.5,0.0,0.0,0.0,0.7876
-0.4797,-0.4792,-0.48,-1.377,1.36,0.3901,0.1534,-0.1351,1.254,1.37,0.267,0.4246,0.7144,0.1782,0.0,0.0,-1.136,-1.198,0.6133,1.0,-0.2903,0.08527,-0.1458,-0.171,1.184,0.357,0.02296,0.8604,-0.3186,1.17,-0.5776,1.835,1.057,-0.4702,-0.4893,0.0,0.0,-0.483,0.0,-0.2283,0.807,1.0,0.0,0.0,0.0,0.2717,1.0,0.0,0.5,-1.157,1.482,2.0,0.0,0.0,0.5,0.0,0.0,0.0,0.593
-0.4783,-0.4775,-0.4785,-0.81,0.7886,0.3901,0.1534,-0.01741,0.634,1.187,0.279,-0.3538,0.7144,0.1782,0.0,0.0,-0.9917,-1.067,0.5117,0.0,-0.2878,0.11084,-0.135,-0.163,0.5977,0.374,0.10706,-0.9897,-0.3323,0.8604,-0.1459,1.632,0.0,-0.4663,-0.4878,0.0,0.0,-0.481,0.0,-0.2402,0.4917,0.0,0.0,0.0,0.0,-0.2612,0.0,0.0,0.0,-0.5776,0.9688,0.0,1.0,0.0,0.5,0.0,0.0,0.0,-0.5615
-0.4778,-0.477,-0.478,-0.1552,0.125,0.3901,0.05005,0.1148,-0.0842,0.956,0.2852,-0.9087,0.7144,0.1782,0.0,0.0,-0.8057,-0.8936,0.381,0.0,-0.2854,0.3428,-0.1305,-0.1577,-0.1089,0.3875,0.0776,-1.294,-0.365,-0.9897,1.17,-0.5776,0.2966,-0.4656,-0.4866,0.0,0.0,-0.4797,0.0,-0.2559,0.2145,0.0,0.0,0.0,0.0,-0.516,0.0,-0.5,0.0,0.0978,0.378,0.0,2.0,0.0,0.5,0.0,1.0,-3.783,-1.128
-0.4775,-0.4768,-0.4775,-0.06305,0.03075,0.3901,-0.02544,0.173,-0.2078,0.9194,0.2883,-4.24,0.5713,0.1782,-1.0,0.0,-0.772,-0.8687,0.3665,0.0,-0.2827,-0.0492,-0.14,-0.157,-0.2131,0.3943,0.5063,-0.147,-0.3943,-1.294,0.8604,-0.1458,-1.476,-0.4668,-0.4854,0.0,0.0,-0.4785,0.0,-0.2578,0.1366,0.0,0.0,0.0,0.0,-0.0583,0.0,-0.5,-0.5,0.1392,0.2355,0.0,3.0,0.0,0.5,0.0,0.0,0.0,-0.1302
-0.477,-0.4763,-0.477,-0.1719,0.1414,0.3901,-0.02544,0.215,-0.0894,0.9565,0.2876,-1.258,0.5713,0.1782,0.0,0.0,-0.797,-0.9033,0.3955,0.0,-0.2803,0.733,-0.1592,-0.1609,-0.1026,0.401,0.7207,0.2947,-0.4163,-0.147,-0.9893,1.169,-0.6055,-0.4673,-0.4844,0.0,0.0,-0.4775,0.0,-0.2544,0.00844,0.0,0.0,0.0,0.0,0.07996,0.0,0.0,-0.5,0.05026,0.3594,1.0,0.0,0.0,0.5,0.0,0.0,0.0,0.1792
-0.4773,-0.4766,-0.4775,0.3813,-0.4165,0.3901,-0.02544,0.3672,-0.65,0.75,0.2812,-17.1,0.4285,0.1782,-1.0,0.0,-0.6206,-0.7437,0.2793,0.0,-0.2778,0.7764,-0.1913,-0.1725,-0.6714,0.4011,0.2878,-1.173,-0.4282,0.2947,-1.294,0.8604,1.835,-0.4685,-0.4836,0.0,0.0,-0.4773,0.0,-0.268,-0.2168,0.0,0.0,0.0,0.0,-0.3203,-1.0,-0.5,-0.5,0.622,-0.1351,0.0,1.0,0.0,0.5,0.0,0.0,0.0,-0.7144
-0.4778,-0.4773,-0.478,0.4927,-0.5283,0.3901,-0.02544,0.325,-0.759,0.691,0.272,0.366,0.2856,0.1782,-1.0,0.0,-0.576,-0.6885,0.2502,0.0,-0.2751,-0.02132,-0.2246,-0.1891,-0.798,0.3975,-0.1871,-0.299,-0.4377,-1.173,-0.1469,-0.9893,1.632,-0.4714,-0.4832,0.0,0.0,-0.477,0.0,-0.2717,-0.3225,0.0,0.0,0.0,0.0,-0.08984,-1.0,-1.0,-1.0,0.6655,-0.3123,0.0,2.0,0.0,0.5,0.0,0.0,0.0,-0.2042
-0.4775,-0.477,-0.4778,-0.00408,-0.02898,0.3901,-0.02544,0.2314,-0.3054,0.8496,0.275,-0.63,0.1428,0.1782,-1.0,0.0,-0.712,-0.816,0.352,0.0,-0.2727,0.153,-0.266,-0.2089,-0.332,0.4043,-0.0863,1.052,-0.4517,-0.299,0.2944,-1.293,-0.5776,-0.4744,-0.4824,0.0,0.0,-0.4766,0.0,-0.2598,0.1366,0.0,0.0,0.0,0.0,0.2742,0.0,-0.5,-0.5,0.2185,0.2026,1.0,0.0,0.0,0.5,0.0,0.0,0.0,0.6265
-0.478,-0.4773,-0.478,0.3367,-0.377,0.3901,-0.02544,0.349,-0.7104,0.7153,0.277,2.479,0.1428,0.1881,-1.0,0.0,-0.5938,-0.712,0.2793,0.0,-0.2703,0.575,-0.3145,-0.2305,-0.716,0.4104,-0.0653,-0.7383,-0.4666,1.052,-1.173,-0.1469,-0.1458,-0.4768,-0.4817,0.0,0.0,-0.476,0.0,-0.2686,0.1062,0.0,0.0,0.0,0.0,-0.1996,0.0,-0.5,-0.5,0.4895,-0.1948,0.0,1.0,0.0,0.5,0.0,0.0,0.0,-0.448
-0.4775,-0.477,-0.4778,-0.0756,0.03906,0.3901,-0.02544,0.2437,-0.2947,0.8486,0.2744,-0.623,0.0,0.198,-1.0,0.0,-0.71,-0.816,0.3665,0.0,-0.2676,0.3472,-0.3723,-0.2568,-0.3184,0.4165,-0.4395,0.897,-0.481,-0.7383,-0.299,0.2944,1.169,-0.477,-0.481,0.0,0.0,-0.4756,0.0,-0.2585,-0.04993,0.0,0.0,0.0,0.0,0.3362,0.0,-0.5,-0.5,0.06012,0.1705,1.0,0.0,0.0,0.5,0.0,0.0,0.0,0.7646
-0.478,-0.4773,-0.478,0.3376,-0.38,0.3901,-0.02544,0.17,-0.6553,0.6904,0.259,2.344,-0.1428,0.2079,-1.0,0.0,-0.59,-0.673,0.2793,0.0,-0.2651,0.1727,-0.432,-0.289,-0.703,0.4077,-0.738,-0.884,-0.4768,0.897,1.052,-1.172,0.86,-0.478,-0.4802,0.0,0.0,-0.4758,0.0,-0.2688,-0.574,0.0,0.0,0.0,0.0,-0.2776,0.0,-1.0,-1.0,0.4678,-0.2224,0.0,1.0,0.0,0.5,0.0,0.0,0.0,-0.6216
-0.478,-0.4773,-0.4783,0.1864,-0.2268,0.3901,-0.02544,0.1235,-0.4705,0.726,0.2479,-0.232,-0.2856,0.2178,-1.0,0.0,-0.623,-0.6997,0.3083,0.0,-0.2627,0.1648,-0.4773,-0.3286,-0.468,0.388,-0.54,0.299,-0.4758,-0.884,-0.7383,-0.2988,-0.9893,-0.479,-0.4795,0.0,0.0,-0.4758,0.0,-0.2656,-0.3943,0.0,0.0,0.0,0.0,0.1147,1.0,-0.5,-0.5,0.3323,-0.06384,1.0,0.0,0.0,0.5,0.0,0.0,0.0,0.2607
-0.4775,-0.4768,-0.4775,-0.2067,0.1718,0.3901,-0.02544,0.1622,-0.0327,0.859,0.2422,-1.208,-0.2856,0.2278,0.0,0.0,-0.7256,-0.817,0.3955,0.0,-0.26,0.1412,-0.5254,-0.3645,-0.03748,0.3875,-0.2208,0.8926,-0.4753,0.299,0.897,1.052,-1.293,-0.4775,-0.4785,0.0,0.0,-0.4756,0.0,-0.2554,-0.1675,0.0,0.0,0.0,0.0,0.3481,1.0,0.0,0.0,-0.05658,0.3088,2.0,0.0,0.0,0.5,0.0,0.0,0.0,0.7876
-0.4756,-0.4749,-0.4758,-0.978,0.9556,0.3901,-0.02544,0.1971,0.8833,1.159,0.2396,12.336,-0.2856,0.2377,0.0,0.0,-0.9517,-1.065,0.5845,0.0,-0.2576,1.431,-0.57,-0.4036,0.8657,0.392,-0.1746,1.905,-0.4636,0.8926,-0.884,-0.7383,-0.1469,-0.474,-0.4773,0.0,0.0,-0.474,0.0,-0.2335,-0.02513,0.0,0.0,0.0,0.0,0.7397,2.0,0.5,0.0,-0.739,1.13,3.0,0.0,0.0,0.5,0.0,0.0,0.0,1.648
-0.4739,-0.4731,-0.4739,-0.932,0.908,0.3901,-0.02544,0.1919,0.961,1.168,0.2333,0.228,-0.2856,0.2476,0.0,0.0,-0.959,-1.072,0.599,0.0,-0.2551,0.08887,-0.5938,-0.4456,0.93,0.3936,-0.1956,0.1421,-0.4778,1.905,0.299,0.8965,0.2944,-0.4714,-0.476,0.0,0.0,-0.4724,0.0,-0.2319,-0.1675,0.0,0.0,0.0,0.0,0.05087,2.0,0.5,0.0,-0.741,1.033,4.0,0.0,0.0,0.5,0.0,0.0,0.0,0.10986
-0.4717,-0.471,-0.472,-1.125,1.108,0.6406,-0.02544,0.1493,1.262,1.273,0.2361,0.45,-0.2856,0.2476,0.0,0.0,-1.04,-1.151,0.6133,1.0,-0.2903,-0.11743,-0.6055,-0.4912,1.242,0.3452,0.1995,0.7085,-0.4375,0.1421,0.8926,-0.8833,-1.172,-0.4673,-0.4749,0.0,0.0,-0.4712,0.0,-0.2235,0.2012,0.0,0.0,0.0,0.0,0.2311,3.0,1.0,0.5,-0.9585,1.192,5.0,0.0,0.0,0.5,0.0,0.0,0.0,0.498
-0.4697,-0.469,-0.47,-0.9443,0.9272,0.6406,-0.02544,0.03662,1.088,1.234,0.245,0.00473,-0.2856,0.2476,0.0,0.0,-1.021,-1.109,0.599,0.0,-0.2878,-0.681,-0.605,-0.532,1.119,0.3557,0.397,-0.14,-0.406,0.7085,1.905,0.2988,-0.2988,-0.464,-0.4736,0.0,0.0,-0.4705,0.0,-0.2253,0.5195,0.0,0.0,0.0,0.0,-0.02855,2.0,1.0,0.5,-0.79,1.012,0.0,1.0,0.0,0.5,0.0,0.0,0.0,-0.06082
-0.4688,-0.468,-0.469,-0.4763,0.4563,0.6406,-0.02544,0.1342,0.5845,1.078,0.2512,-0.316,-0.1428,0.2476,0.0,0.0,-0.897,-0.9946,0.5127,0.0,-0.2854,0.671,-0.591,-0.556,0.6143,0.3716,0.2205,-0.8423,-0.3953,-0.14,0.142,0.892,1.052,-0.461,-0.4727,0.0,0.0,-0.47,0.0,-0.2357,0.312,0.0,0.0,0.0,0.0,-0.2433,1.0,0.5,0.5,-0.3198,0.5796,0.0,2.0,0.0,0.5,0.0,0.0,0.0,-0.5195
-0.4678,-0.467,-0.468,-0.4175,0.3962,0.6406,-0.02544,0.04886,0.522,1.066,0.256,0.04483,-0.1428,0.2476,0.0,0.0,-0.896,-0.9775,0.5127,0.0,-0.2827,-0.287,-0.5737,-0.578,0.5737,0.38,0.4937,0.0,-0.3865,-0.8423,0.7085,1.904,-0.738,-0.458,-0.472,0.0,0.0,-0.4695,0.0,-0.2358,0.259,0.0,0.0,0.0,0.0,0.0,0.0,0.5,0.0,-0.3245,0.4546,0.0,0.0,0.0,0.5,0.0,0.0,0.0,0.0
-0.466,-0.4653,-0.4663,-0.847,0.8325,0.6406,-0.02544,0.02702,0.9453,1.247,0.273,0.871,0.0,0.2476,0.0,0.0,-1.031,-1.118,0.6133,1.0,-0.2903,0.8193,-0.5435,-0.586,1.038,0.386,0.3257,1.139,-0.3582,0.0,-0.14,0.142,0.8965,-0.455,-0.4707,0.0,0.0,-0.4688,0.0,-0.2223,0.7876,1.0,0.0,0.0,0.0,0.3423,0.0,0.5,0.5,-0.689,0.9287,1.0,0.0,0.0,0.5,0.0,0.0,0.0,0.741
-0.4646,-0.4639,-0.4648,-0.7524,0.7373,0.6406,-0.02544,0.1107,0.788,1.234,0.2915,-0.0193,0.1428,0.2476,0.0,0.0,-1.016,-1.117,0.6133,1.0,-0.2903,0.8193,-0.47,-0.5503,0.7783,0.439,0.6704,0.0,-0.343,1.139,-0.8423,0.7085,-0.8833,-0.4539,-0.4697,0.0,0.0,-0.4685,0.0,-0.2227,0.884,1.0,0.0,0.0,0.0,0.0,-1.0,0.5,0.5,-0.6523,0.7773,0.0,0.0,0.0,0.5,0.0,0.0,0.0,0.0
-0.4634,-0.4626,-0.4636,-0.547,0.529,0.6406,-0.02544,0.1376,0.5386,1.176,0.3035,-0.1602,0.2856,0.2476,0.0,0.0,-0.9697,-1.073,0.585,0.0,-0.2878,0.2634,-0.4045,-0.5103,0.5303,0.4612,0.704,-0.2795,-0.3245,0.0,0.0,-0.14,0.2988,-0.4534,-0.4688,0.0,0.0,-0.468,0.0,-0.2262,0.636,0.0,0.0,0.0,0.0,-0.1002,-1.0,0.0,0.0,-0.4812,0.548,0.0,1.0,0.0,0.5,0.0,0.0,0.0,-0.213
-0.462,-0.4612,-0.4622,-0.7227,0.703,0.6406,-0.02544,0.01752,0.6655,1.259,0.3215,0.3557,0.4285,0.2476,0.0,0.0,-1.041,-1.127,0.6133,1.0,-0.2903,-0.688,-0.3406,-0.4685,0.694,0.4563,0.5527,0.5615,-0.2998,-0.2795,1.139,-0.842,0.892,-0.453,-0.468,0.0,0.0,-0.4668,0.0,-0.2195,0.9863,1.0,0.0,0.0,0.0,0.1859,0.0,0.0,0.5,-0.661,0.7036,1.0,0.0,0.0,0.5,0.0,0.0,0.0,0.3967
-0.4604,-0.4597,-0.4607,-0.7,0.6787,0.6406,0.4673,-0.02045,0.6074,1.2705,0.3362,0.0613,0.5713,0.2476,0.0,0.0,-1.053,-1.133,0.6133,1.0,-0.2903,-0.1296,-0.2734,-0.4229,0.624,0.4705,0.09863,0.139,-0.2803,0.5615,0.0,0.0,1.904,-0.4521,-0.4666,0.0,0.0,-0.4653,0.0,-0.2179,0.884,1.0,0.0,0.0,0.0,0.04398,1.0,0.0,0.5,-0.677,0.6396,2.0,0.0,0.0,0.5,0.0,0.0,0.0,0.093
-0.4585,-0.4578,-0.4585,-1.031,1.011,0.6406,0.4673,-0.0196,0.8994,1.425,0.3606,0.587,0.7144,0.2476,0.0,0.0,-1.156,-1.251,0.6133,1.0,-0.2903,0.2168,-0.2,-0.3696,0.9185,0.4102,0.09863,0.971,-0.2397,0.139,-0.2793,1.139,0.142,-0.4492,-0.4648,0.0,0.0,-0.4636,0.0,-0.2062,1.388,1.0,0.0,0.0,0.0,0.4348,1.0,0.0,1.0,-0.953,1.006,3.0,0.0,0.0,0.5,0.0,0.0,0.0,0.918
-0.4558,-0.455,-0.4558,-1.375,1.357,0.6406,0.4673,-0.05542,1.227,1.481,0.389,0.496,0.857,0.2476,0.0,0.0,-1.156,-1.333,0.6133,1.0,-0.2903,-0.1736,-0.1191,-0.3044,1.21,0.3516,-0.04428,1.093,-0.1976,0.971,0.5615,0.0,0.708,-0.445,-0.4634,0.0,0.0,-0.4612,0.0,-0.1927,1.457,1.0,0.0,0.0,0.0,0.4814,2.0,0.0,1.0,-1.265,1.36,4.0,0.0,0.0,0.5,0.0,0.0,0.0,1.0
-0.4524,-0.452,-0.4526,-1.631,1.66,0.6406,0.7188,-0.01104,1.538,1.481,0.4187,0.3977,0.857,0.2476,0.0,0.0,-1.156,-1.333,0.6133,1.0,-0.2903,1.045,-0.02101,-0.2251,1.437,0.307,0.0776,1.072,-0.1459,1.093,0.139,-0.2793,-0.14,-0.4412,-0.462,0.0,0.0,-0.458,0.0,-0.1794,1.478,1.0,0.0,0.0,0.0,0.708,3.0,0.5,1.0,-1.384,1.615,5.0,0.0,0.0,-1.0,0.0,0.0,0.0,1.443
-0.45,-0.4495,-0.4502,-1.22,1.207,0.6406,0.7188,-0.05255,1.055,1.481,0.4348,-0.1777,0.857,0.2476,0.0,0.0,-1.156,-1.333,0.546,0.0,-0.2878,0.5347,0.0696,-0.1458,0.8916,0.3484,0.4475,-0.6587,-0.118,1.072,0.971,0.5615,-0.842,-0.4377,-0.4604,0.0,0.0,-0.4556,0.0,-0.1882,0.9863,1.0,0.0,0.0,0.0,-0.3464,2.0,0.5,0.5,-1.134,1.196,0.0,1.0,0.0,-1.0,0.0,0.0,0.0,-0.694
-0.448,-0.4475,-0.4482,-0.921,0.9043,0.6406,0.6797,-0.0876,0.731,1.481,0.4478,-0.1605,0.857,0.2476,0.0,0.0,-1.156,-1.333,0.5054,0.0,-0.2854,-0.534,0.1328,-0.0773,0.587,0.3696,0.5693,-0.3997,-0.1343,-0.6587,1.092,0.139,0.0,-0.4348,-0.459,0.0,0.0,-0.4531,0.0,-0.1935,0.7925,1.0,0.0,0.0,0.0,-0.1216,1.0,0.5,0.0,-0.8667,0.8813,0.0,2.0,0.0,-1.0,0.0,0.0,0.0,-0.2463
-0.4465,-0.4458,-0.4468,-0.7627,0.7437,0.6406,0.611,-0.1476,0.574,1.481,0.4565,-0.06024,0.857,0.2476,0.0,0.0,-1.156,-1.31,0.4917,0.0,-0.2827,-0.894,0.1687,-0.02101,0.4604,0.3818,0.3423,-0.134,-0.146,-0.3997,1.072,0.9707,1.139,-0.4324,-0.458,0.0,0.0,-0.451,0.0,-0.1952,0.6113,0.0,0.0,0.0,0.0,-0.01311,0.0,0.0,-0.5,-0.7188,0.7217,0.0,3.0,0.0,-1.0,0.0,0.0,0.0,-0.02673
-0.4453,-0.4448,-0.4456,-0.5024,0.4807,0.6406,0.4036,-0.0863,0.2935,1.435,0.4636,-0.3037,0.857,0.2476,0.0,0.0,-1.156,-1.252,0.4512,0.0,-0.2803,-0.5264,0.1794,0.02158,0.216,0.3914,0.4138,-0.403,-0.2057,-0.134,-0.6587,1.092,0.0,-0.4307,-0.4573,0.0,0.0,-0.4485,0.0,-0.2006,0.5044,0.0,0.0,0.0,0.0,-0.1234,-1.0,0.0,-0.5,-0.4958,0.4387,0.0,4.0,0.0,-0.5,0.0,1.0,-1.339,-0.2522
-0.4453,-0.4448,-0.4456,0.1553,-0.1879,0.6406,-0.2915,-0.04166,-0.4365,1.185,0.468,-1.816,0.7144,0.2476,-1.0,0.0,-0.9927,-1.063,0.3157,0.0,-0.2778,0.6123,0.1702,0.04892,-0.4944,0.4011,0.5566,-1.353,-0.2864,-0.403,-0.3994,1.072,-0.2793,-0.4316,-0.4568,0.0,0.0,-0.447,0.0,-0.2178,0.312,0.0,0.0,0.0,0.0,-0.667,-2.0,0.0,-0.5,0.1975,-0.1401,0.0,5.0,0.0,0.0,0.0,0.0,0.0,-1.372
-0.446,-0.4453,-0.4463,0.5264,-0.563,0.6406,-0.7183,0.1376,-0.8677,1.029,0.4673,1.614,0.5713,0.2476,-1.0,0.0,-0.86,-0.956,0.2345,0.0,-0.2751,1.396,0.1265,0.0596,-0.8574,0.3938,0.4138,-0.8306,-0.346,-1.353,-0.134,-0.658,0.561,-0.4348,-0.456,0.0,0.0,-0.4458,0.0,-0.2283,0.06683,0.0,0.0,0.0,0.0,-0.5396,-2.0,-0.5,-0.5,0.5337,-0.5244,0.0,5.617,0.0,0.5,0.0,0.0,0.0,-1.137
-0.447,-0.4463,-0.447,0.679,-0.7183,0.6406,-0.9346,0.03424,-1.046,0.9463,0.4587,0.4026,0.4285,0.2476,-1.0,0.0,-0.805,-0.878,0.1938,0.0,-0.2727,-0.4854,0.05966,0.05817,-1.048,0.3918,0.355,-0.4211,-0.351,-0.8306,-0.403,-0.3994,0.139,-0.4395,-0.4553,0.0,0.0,-0.4458,0.0,-0.2336,-0.3218,0.0,0.0,0.0,0.0,-0.149,-2.0,-1.0,-1.0,0.701,-0.652,0.0,5.617,0.0,1.0,0.0,0.0,0.0,-0.318
-0.4478,-0.4473,-0.448,0.694,-0.729,0.6406,-1.008,0.158,-1.085,0.911,0.4495,0.1893,0.2856,0.2476,-1.0,0.0,-0.7666,-0.86,0.1803,0.0,-0.2703,2.186,-0.00516,0.04187,-1.064,0.381,0.02718,-0.1414,-0.351,-0.4211,-1.353,-0.134,0.9707,-0.4438,-0.4548,0.0,0.0,-0.4458,0.0,-0.2355,-0.355,0.0,0.0,0.0,0.0,-0.06146,-2.0,-1.5,-1.0,0.7065,-0.6714,0.0,5.617,0.0,1.5,0.0,0.0,0.0,-0.1322
-0.4478,-0.447,-0.448,0.0791,-0.10803,0.5825,-1.008,0.11255,-0.504,1.108,0.4478,-0.514,0.1428,0.2476,-1.0,0.0,-0.922,-1.018,0.3022,0.0,-0.2676,-0.1296,-0.0827,0.01704,-0.4885,0.3857,-0.3762,1.275,-0.3547,-0.1414,-0.8306,-0.403,1.092,-0.446,-0.4536,0.0,0.0,-0.4456,0.0,-0.2202,0.02536,0.0,0.0,0.0,0.0,0.2725,-1.0,-1.5,-0.5,0.1627,-0.0212,1.0,0.0,0.0,1.5,0.0,0.0,0.0,0.5874
-0.4478,-0.447,-0.4478,0.0859,-0.11365,0.5825,-1.008,0.1957,-0.5083,1.094,0.4429,0.1564,0.0,0.2476,-1.0,0.0,-0.9033,-1.014,0.3022,0.0,-0.2651,0.2437,-0.1748,-0.0167,-0.5034,0.389,-0.7754,0.0,-0.3604,1.275,-0.4211,-1.353,1.072,-0.4482,-0.4524,0.0,0.0,-0.4453,0.0,-0.2203,-0.1029,0.0,0.0,0.0,0.0,0.0,-1.0,-1.5,-1.0,0.1613,-0.0353,0.0,0.0,0.0,1.5,0.0,0.0,0.0,0.0
-0.449,-0.4482,-0.4492,0.915,-0.945,0.5825,-1.008,0.4531,-1.321,0.777,0.4282,2.41,-0.1428,0.2476,-1.0,0.0,-0.6343,-0.775,0.1261,0.0,-0.2627,0.8735,-0.2847,-0.06058,-1.314,0.3774,-0.662,-1.804,-0.3535,0.0,-0.1414,-0.83,-0.658,-0.4521,-0.452,0.0,0.0,-0.4453,0.0,-0.2427,-0.517,0.0,0.0,0.0,0.0,-0.639,-1.0,-1.5,-1.5,0.9873,-0.805,0.0,1.0,0.0,1.5,0.0,1.0,-3.82,-1.349
-0.451,-0.4502,-0.4514,1.442,-1.47,0.5825,-1.008,0.5073,-1.796,0.556,0.402,0.574,-0.2856,0.2476,-1.0,0.0,-0.4482,-0.5864,0.0043,0.0,-0.26,0.334,-0.4026,-0.12,-1.799,0.352,-0.6665,-1.288,-0.3083,-1.804,1.275,-0.421,-0.3994,-0.4556,-0.4517,0.0,0.0,-0.446,0.0,-0.2583,-0.9624,0.0,0.0,0.0,0.0,-0.4727,-1.0,-1.5,-2.0,1.493,-1.313,0.0,2.0,0.0,1.5,0.0,0.0,0.0,-1.028
-0.4526,-0.452,-0.4531,1.1875,-1.208,0.5825,-1.008,0.53,-1.5,0.5933,0.3713,-0.05038,-0.4285,0.2476,-1.0,0.0,-0.4775,-0.622,0.03137,0.0,-0.2576,0.521,-0.4827,-0.1891,-1.505,0.3171,-0.78,0.2925,-0.2642,-1.288,0.0,-0.1414,-0.134,-0.458,-0.4514,0.0,0.0,-0.447,0.0,-0.255,-1.215,0.0,1.0,0.0,0.0,0.1013,0.0,-1.5,-2.0,1.206,-1.106,1.0,0.0,0.0,1.5,0.0,0.0,0.0,0.2253
-0.455,-0.4543,-0.4553,1.632,-1.657,0.5825,-1.008,0.5093,-1.811,0.3994,0.3296,0.3892,-0.5713,0.2476,-1.0,0.0,-0.3145,-0.4438,-0.0769,0.0,-0.2551,0.56,-0.4297,-0.2434,-1.788,0.2612,-0.797,-1.164,-0.1917,0.2925,-1.804,1.275,-0.403,-0.4612,-0.4514,0.0,0.0,-0.4482,0.0,-0.2688,-1.707,0.0,1.0,0.0,0.0,-0.3213,-1.0,-1.5,-2.0,1.651,-1.52,0.0,1.0,0.0,1.5,0.0,0.0,0.0,-0.711
-0.457,-0.456,-0.4573,1.285,-1.309,0.5825,-1.008,0.4553,-1.403,0.462,0.2935,-0.1205,-0.7144,0.2476,-1.0,0.0,-0.373,-0.496,-0.03632,0.0,-0.2524,0.3472,-0.308,-0.282,-1.306,0.2015,-0.54,0.445,-0.1444,-1.164,-1.287,0.0,-1.353,-0.4636,-0.4512,0.0,0.0,-0.4495,0.0,-0.2637,-1.498,0.0,1.0,0.0,0.0,0.1636,0.0,-1.0,-2.0,1.326,-1.174,1.0,0.0,0.0,1.5,0.0,0.0,0.0,0.3691
-0.4587,-0.458,-0.459,1.245,-1.268,0.5825,-1.008,0.532,-1.278,0.4307,0.2588,0.03635,-0.857,0.2476,-1.0,0.0,-0.3396,-0.4749,-0.04987,0.0,-0.25,0.3516,-0.194,-0.2974,-1.197,0.1644,-0.3975,-0.1473,-0.09937,0.445,0.2925,-1.803,-0.83,-0.4675,-0.4514,0.0,0.0,-0.451,0.0,-0.2656,-1.473,0.0,1.0,0.0,0.0,-0.0518,0.0,-1.0,-2.0,1.291,-1.132,0.0,1.0,0.0,1.5,0.0,0.0,0.0,-0.116
-0.4587,-0.458,-0.4592,0.2241,-0.2383,0.5825,-1.008,0.6694,-0.175,0.7485,0.2352,-0.8975,-1.0,0.2476,-1.0,0.0,-0.5923,-0.7715,0.1396,0.0,-0.2474,0.676,-0.11084,-0.2944,-0.1725,0.1522,-0.3596,2.066,-0.09375,-0.1473,-1.164,-1.287,-0.421,-0.4695,-0.4514,0.0,0.0,-0.4514,0.0,-0.242,-0.85,0.0,0.0,0.0,0.0,1.184,1.0,-0.5,-1.5,0.408,-0.03111,1.0,0.0,0.0,1.5,0.0,0.0,0.0,2.658
-0.4585,-0.4578,-0.459,0.02586,-0.04413,0.5825,-1.008,0.7524,0.1353,0.8076,0.2156,-5.54,-1.0,0.2476,0.0,0.0,-0.632,-0.83,0.1803,0.0,-0.245,0.6606,-0.05612,-0.2756,0.0544,0.1483,-0.3342,0.4282,-0.10004,2.066,0.445,0.2922,-0.1414,-0.469,-0.4514,0.0,0.0,-0.4524,0.0,-0.2372,-0.6855,0.0,0.0,0.0,0.0,0.3594,1.0,0.0,-1.0,0.1707,0.1051,2.0,0.0,0.0,1.5,0.0,0.0,0.0,0.7803
-0.4587,-0.458,-0.4587,0.1608,-0.1847,0.5825,-1.008,0.7314,0.05548,0.75,0.202,-0.2064,-0.857,0.2476,0.0,0.0,-0.588,-0.779,0.1532,0.0,-0.2424,0.2876,-0.0166,-0.2384,0.007515,0.13,-0.7124,-0.2834,-0.1267,0.4282,-0.1472,-1.164,1.274,-0.4673,-0.4517,0.0,0.0,-0.4539,0.0,-0.2407,-0.502,0.0,0.0,0.0,0.0,-0.0683,1.0,-0.5,-1.0,0.2705,-0.063,0.0,1.0,0.0,1.5,0.0,0.0,0.0,-0.1472
-0.4585,-0.4578,-0.4587,0.03247,-0.05835,-0.11664,-1.008,0.5483,0.2163,0.7856,0.1945,1.177,-0.7144,0.2476,0.0,0.0,-0.633,-0.7915,0.1803,0.0,-0.2399,-0.4832,0.01049,-0.1964,0.2091,0.11755,-0.759,0.2847,-0.196,-0.2834,2.066,0.445,0.0,-0.4656,-0.452,0.0,0.0,-0.4556,0.0,-0.2373,-0.2659,0.0,0.0,0.0,0.0,0.02483,1.0,0.0,-0.5,0.1432,0.0543,1.0,0.0,0.0,1.5,0.0,0.0,0.0,0.05377
-0.4583,-0.4575,-0.4583,-0.01889,-0.006153,-0.11664,-1.008,0.5596,0.2866,0.797,0.1896,0.3757,-0.5713,0.2476,0.0,0.0,-0.6406,-0.8022,0.1938,0.0,-0.2374,-0.2952,0.01764,-0.1635,0.2952,0.1143,-0.2502,0.1417,-0.2559,0.2847,0.4282,-0.1472,-1.803,-0.4624,-0.4517,0.0,0.0,-0.457,0.0,-0.2357,-0.1375,0.0,0.0,0.0,0.0,0.03015,2.0,0.5,0.0,0.0942,0.10504,2.0,0.0,0.0,1.5,0.0,0.0,0.0,0.065
-0.458,-0.4573,-0.458,-0.005234,-0.02391,-0.11664,-1.008,0.2883,0.2815,0.785,0.1858,0.129,-0.4285,0.2476,0.0,0.0,-0.656,-0.7666,0.1938,0.0,-0.2349,-0.8657,0.00905,-0.1414,0.2932,0.1147,0.149,0.0,-0.313,0.1417,-0.2834,2.066,-1.287,-0.4597,-0.4517,0.0,0.0,-0.4583,0.0,-0.2357,-0.10394,0.0,0.0,0.0,0.0,0.0,1.0,0.5,0.0,0.04208,0.01685,0.0,0.0,0.0,1.5,0.0,0.0,0.0,0.0
-0.4583,-0.4575,-0.4583,0.3213,-0.3582,-0.11664,-1.008,0.2817,-0.004425,0.6577,0.171,-0.648,-0.2856,0.2476,0.0,0.0,-0.5527,-0.6553,0.1261,0.0,-0.2323,-0.08905,-0.022,-0.1272,-0.02365,0.1085,0.12384,-0.707,-0.378,0.0,0.2847,0.428,0.2922,-0.4578,-0.452,0.0,0.0,-0.4597,0.0,-0.2444,-0.601,0.0,0.0,0.0,0.0,-0.1519,0.0,0.0,-0.5,0.39,-0.2688,0.0,1.0,0.0,1.5,0.0,0.0,0.0,-0.3267
-0.4597,-0.4592,-0.46,1.088,-1.137,-0.11664,-1.008,0.4026,-0.7266,0.3694,0.1475,-7.01,-0.2856,0.2573,-1.0,0.0,-0.2979,-0.4055,-0.03632,0.0,-0.2299,0.942,-0.0768,-0.1187,-0.7866,0.0937,0.4895,-1.717,-0.4202,-0.707,0.1417,-0.2832,-1.163,-0.4597,-0.453,0.0,0.0,-0.4617,0.0,-0.265,-0.8867,0.0,0.0,0.0,0.0,-0.4358,0.0,0.0,-0.5,1.109,-1.039,0.0,2.0,0.0,1.5,0.0,0.0,0.0,-0.948
-0.4614,-0.461,-0.4617,1.201,-1.25,-0.11664,-1.008,0.296,-0.865,0.2908,0.1321,0.391,-0.2856,0.2573,-1.0,0.0,-0.2384,-0.3215,-0.0769,0.0,-0.2273,0.76,-0.148,-0.11584,-0.8936,0.07275,0.376,-0.442,-0.4182,-1.717,0.0,0.2847,0.445,-0.4626,-0.4536,0.0,0.0,-0.4634,0.0,-0.2703,-0.6562,0.0,0.0,0.0,0.0,-0.2172,-1.0,-0.5,-0.5,1.172,-1.199,0.0,3.0,0.0,1.5,0.0,0.0,0.0,-0.4866
-0.4622,-0.4614,-0.4622,0.5024,-0.543,-0.11664,-1.008,0.2455,-0.2417,0.4875,0.1298,-0.7686,-0.2856,0.2673,-1.0,0.0,-0.4138,-0.4995,0.04492,0.0,-0.2247,0.3213,-0.2367,-0.12,-0.2512,0.0704,0.4055,1.336,-0.4268,-0.442,-0.7065,0.1416,-0.1472,-0.4639,-0.4543,0.0,0.0,-0.464,0.0,-0.2551,-0.03375,0.0,0.0,0.0,0.0,0.544,-1.0,0.0,0.0,0.566,-0.4453,1.0,0.0,0.0,1.5,0.0,0.0,0.0,1.229
-0.4631,-0.4624,-0.4634,0.797,-0.84,-0.11664,-1.008,0.3262,-0.576,0.3625,0.1225,3.041,-0.2856,0.2673,-1.0,0.0,-0.2988,-0.3918,-0.02278,0.0,-0.2222,1.134,-0.3372,-0.1338,-0.6025,0.07056,-0.1536,-0.7256,-0.4226,1.336,-1.717,0.0,2.066,-0.4663,-0.455,0.0,0.0,-0.465,0.0,-0.264,-0.2698,0.0,0.0,0.0,0.0,-0.2598,-1.0,-0.5,-0.5,0.822,-0.761,0.0,1.0,0.0,1.5,0.0,0.0,0.0,-0.573
-0.4631,-0.4624,-0.4634,0.1499,-0.186,-0.11664,-0.365,0.3616,-0.00389,0.5586,0.1278,-1.219,-0.1428,0.2673,0.0,0.0,-0.4636,-0.5747,0.09906,0.0,-0.2197,1.465,-0.4185,-0.1545,0.013084,0.0735,-0.33,1.322,-0.4287,-0.7256,-0.442,-0.7065,0.428,-0.4673,-0.456,0.0,0.0,-0.4653,0.0,-0.2485,0.286,0.0,0.0,0.0,0.0,0.482,0.0,-0.5,0.0,0.256,-0.0692,1.0,0.0,0.0,1.5,0.0,0.0,0.0,1.077
-0.4639,-0.4631,-0.4639,0.5347,-0.577,-0.11664,-0.365,0.379,-0.4487,0.4097,0.1262,-4.242,-0.1428,0.2673,-1.0,0.0,-0.3352,-0.4407,0.01784,0.0,-0.2172,0.1335,-0.4626,-0.1902,-0.4426,0.0806,-0.2712,-0.863,-0.4634,1.322,1.335,-1.716,-0.2832,-0.4695,-0.4573,0.0,0.0,-0.4666,0.0,-0.259,-0.01264,0.0,0.0,0.0,0.0,-0.2817,0.0,-0.5,-0.5,0.6597,-0.4097,0.0,1.0,0.0,1.5,0.0,0.0,0.0,-0.6157
-0.4639,-0.4634,-0.464,0.2378,-0.278,-0.11664,-0.365,0.3904,-0.2109,0.4907,0.1285,-0.6387,-0.1428,0.2673,-1.0,0.0,-0.4036,-0.516,0.072,0.0,-0.2146,0.701,-0.487,-0.243,-0.2047,0.089,-0.3975,0.5835,-0.511,-0.863,-0.7256,-0.4417,0.2847,-0.47,-0.4587,0.0,0.0,-0.4675,0.0,-0.2522,0.1322,0.0,0.0,0.0,0.0,0.1346,1.0,-0.5,0.0,0.3037,-0.1982,1.0,0.0,0.0,1.5,0.0,0.0,0.0,0.2986
-0.4631,-0.4626,-0.4634,-0.2734,0.2401,-0.11664,-0.365,0.328,0.3386,0.662,0.1256,-6.15,0.0,0.2773,0.0,0.0,-0.5522,-0.663,0.1803,0.0,-0.2122,1.424,-0.5093,-0.308,0.3562,0.08856,-0.473,1.155,-0.502,0.5835,1.322,1.335,0.1416,-0.4675,-0.4597,0.0,0.0,-0.4673,0.0,-0.2386,-0.0398,0.0,0.0,0.0,0.0,0.3486,1.0,-0.5,0.0,-0.1434,0.35,2.0,0.0,0.0,1.5,0.0,0.0,0.0,0.766
-0.463,-0.4624,-0.4631,-0.04858,0.01092,-0.11664,-0.249,0.2761,0.1422,0.581,0.1183,-0.332,0.0,0.2773,0.0,0.0,-0.4897,-0.5864,0.1396,0.0,-0.2096,0.2917,-0.5273,-0.376,0.277,0.063,-0.4773,-0.425,-0.5015,1.155,-0.8623,-0.7256,0.0,-0.465,-0.4607,0.0,0.0,-0.4668,0.0,-0.2439,-0.2352,0.0,0.0,0.0,0.0,-0.1251,1.0,-0.5,-0.5,0.0773,0.1338,0.0,1.0,0.0,1.5,0.0,0.0,0.0,-0.2698
-0.462,-0.4612,-0.462,-0.521,0.492,-0.11664,-0.249,0.3003,0.671,0.751,0.1182,2.396,0.0,0.2773,0.0,0.0,-0.6274,-0.7383,0.248,0.0,-0.207,0.4478,-0.5435,-0.4502,0.7637,0.07733,-0.284,1.142,-0.478,-0.425,0.5835,1.322,-0.7065,-0.4626,-0.4614,0.0,0.0,-0.4658,0.0,-0.2305,0.07227,0.0,0.0,0.0,0.0,0.4966,1.0,0.0,0.0,-0.3284,0.6504,1.0,0.0,0.0,1.5,0.0,0.0,0.0,1.078
-0.461,-0.4602,-0.461,-0.3962,0.3677,-0.11664,-0.249,0.3562,0.5796,0.7163,0.1164,0.01576,0.0,0.2773,0.0,0.0,-0.594,-0.7134,0.2345,0.0,-0.2046,0.0745,-0.5557,-0.5103,0.6484,0.0861,0.2583,-0.14,-0.4846,1.142,1.155,-0.8623,-1.716,-0.4597,-0.462,0.0,0.0,-0.4646,0.0,-0.2323,-0.016,0.0,0.0,0.0,0.0,-0.04602,1.0,0.0,-0.5,-0.2123,0.527,0.0,1.0,0.0,1.5,0.0,0.0,0.0,-0.098
-0.4583,-0.4575,-0.4585,-1.333,1.329,-0.11664,-0.249,0.443,1.671,1.091,0.1259,1.866,0.0,0.2773,0.0,0.0,-0.8784,-1.034,0.4646,0.0,-0.202,0.743,-0.5444,-0.542,1.619,0.1268,0.4685,2.387,-0.4045,-0.14,-0.425,0.583,-0.4417,-0.4556,-0.4617,0.0,0.0,-0.4624,0.0,-0.2036,0.3618,0.0,0.0,0.0,0.0,1.597,1.0,0.5,-0.5,-0.9897,1.589,1.0,0.0,0.0,1.5,1.0,0.0,4.234,3.408
-0.456,-0.4553,-0.4565,-1.074,1.076,-0.11664,-0.249,0.568,1.436,1.03,0.1339,-0.0016775,0.0,0.2773,0.0,0.0,-0.8223,-0.998,0.4375,0.0,-0.1995,0.388,-0.5083,-0.5474,1.347,0.1523,0.2583,-0.27,-0.3665,2.387,1.142,1.155,1.335,-0.4507,-0.4612,0.0,0.0,-0.4604,0.0,-0.2073,0.3022,0.0,0.0,0.0,0.0,-0.1202,0.0,0.0,-0.5,-0.7715,1.312,0.0,1.0,0.0,1.5,0.0,0.0,0.0,-0.2467
-0.454,-0.4531,-0.4543,-1.011,1.02,-0.11664,-0.249,0.5947,1.38,1.039,0.1466,0.1033,0.0,0.2773,0.0,0.0,-0.826,-1.008,0.4512,0.0,-0.197,0.2019,-0.46,-0.538,1.315,0.1716,0.5903,0.1356,-0.3132,-0.27,-0.14,-0.425,-0.7256,-0.4463,-0.4604,0.0,0.0,-0.4592,0.0,-0.2057,0.4753,0.0,0.0,0.0,0.0,0.04642,1.0,0.5,0.0,-0.7954,1.165,1.0,0.0,0.0,1.5,0.0,0.0,0.0,0.0957
-0.4524,-0.4514,-0.4526,-0.8423,0.8486,-0.1735,-0.249,0.568,1.128,1.004,0.1682,-0.0416,0.1428,0.2773,0.0,0.0,-0.8013,-0.976,0.4375,0.0,-0.1945,0.388,-0.397,-0.5127,1.099,0.2003,0.3591,-0.1353,-0.2732,0.1356,2.387,1.142,1.321,-0.4434,-0.4597,0.0,0.0,-0.4583,0.0,-0.2076,0.884,1.0,0.0,0.0,0.0,-0.0671,0.0,0.0,0.0,-0.6514,0.9805,0.0,1.0,0.0,1.5,0.0,0.0,0.0,-0.1381
-0.4497,-0.449,-0.4502,-1.256,1.27,-0.1735,-0.249,0.5483,1.507,1.193,0.1982,0.4768,0.2856,0.2773,0.0,0.0,-0.946,-1.126,0.5596,0.0,-0.1919,0.888,-0.3018,-0.452,1.412,0.2588,0.7163,1.221,-0.2031,-0.1353,-0.27,-0.14,-0.8623,-0.4385,-0.459,0.0,0.0,-0.4565,0.0,-0.1925,1.135,1.0,0.0,0.0,0.0,0.7275,1.0,0.5,0.5,-1.048,1.389,1.0,0.0,0.0,1.5,0.0,0.0,0.0,1.501
-0.4492,-0.4482,-0.4495,-0.194,0.1976,-0.1735,-0.249,0.824,0.2961,0.816,0.2095,-0.676,0.4285,0.2773,0.0,0.0,-0.6323,-0.844,0.3428,0.0,-0.1895,2.457,-0.2139,-0.3882,0.1667,0.2913,0.7163,-2.127,-0.1937,1.221,0.1356,2.385,0.583,-0.4373,-0.4587,0.0,0.0,-0.4558,0.0,-0.22,0.4119,0.0,0.0,0.0,0.0,-0.8916,0.0,0.0,0.0,0.03647,0.4229,0.0,1.0,0.0,1.5,0.0,0.0,0.0,-1.803
-0.4485,-0.4475,-0.4487,-0.2834,0.2815,-0.1735,-0.249,0.7783,0.2893,0.8477,0.226,0.1247,0.5713,0.2773,0.0,0.0,-0.6616,-0.866,0.3699,0.0,-0.1869,0.5938,-0.1385,-0.3276,0.1798,0.3162,0.4644,0.2756,-0.1819,-2.127,-0.1353,-0.2698,1.155,-0.4358,-0.4583,0.0,0.0,-0.455,0.0,-0.2168,0.6113,0.0,0.0,0.0,0.0,0.10345,1.0,0.0,0.5,-0.0966,0.4524,1.0,0.0,0.0,1.5,0.0,0.0,0.0,0.2168
-0.4485,-0.4478,-0.4487,0.1803,-0.1926,-0.1735,-0.249,0.7236,-0.2512,0.677,0.2307,-1.323,0.4285,0.2773,-1.0,0.0,-0.529,-0.7144,0.2751,0.0,-0.1843,0.06396,-0.07776,-0.272,-0.381,0.335,0.6494,-0.96,-0.1804,0.2756,1.221,0.1355,-0.4248,-0.438,-0.4575,0.0,0.0,-0.4548,0.0,-0.2289,0.2062,0.0,0.0,0.0,0.0,-0.2883,0.0,0.0,0.0,0.353,-0.001123,0.0,1.0,0.0,1.5,0.0,0.0,0.0,-0.6016
-0.4485,-0.4478,-0.4487,0.1746,-0.1931,-0.1735,-0.249,0.774,-0.343,0.664,0.24,0.8813,0.4285,0.2773,-1.0,0.0,-0.514,-0.708,0.2751,0.0,-0.1818,0.6265,-0.02934,-0.2222,-0.4592,0.3516,0.355,0.0,-0.1835,-0.96,-2.125,-0.1353,1.142,-0.44,-0.4568,0.0,0.0,-0.454,0.0,-0.229,0.403,0.0,0.0,0.0,0.0,0.0,0.0,-0.5,0.0,0.3213,-0.03018,0.0,0.0,0.0,1.5,0.0,0.0,0.0,0.0
-0.449,-0.4482,-0.4492,0.4182,-0.445,-0.1735,-0.249,0.783,-0.6665,0.5615,0.2432,1.702,0.4285,0.2773,-1.0,0.0,-0.4282,-0.6177,0.221,0.0,-0.1793,0.0781,-0.003344,-0.1868,-0.715,0.3489,0.4055,-0.5576,-0.2179,0.0,0.2756,1.22,-0.14,-0.4424,-0.456,0.0,0.0,-0.4531,0.0,-0.2361,0.1754,0.0,0.0,0.0,0.0,-0.3228,-1.0,-0.5,-0.5,0.526,-0.3057,0.0,1.0,0.0,1.5,0.0,0.0,0.0,-0.684
-0.4485,-0.4478,-0.4487,-0.1622,0.1384,-0.1735,0.1309,0.6426,-0.1151,0.7505,0.2466,-0.9536,0.2856,0.2773,-1.0,0.0,-0.596,-0.7705,0.3428,0.0,-0.1768,0.4175,0.005512,-0.162,-0.1478,0.3562,-0.3132,1.267,-0.268,-0.5576,-0.96,-2.125,2.385,-0.4436,-0.4548,0.0,0.0,-0.4514,0.0,-0.221,0.1996,0.0,0.0,0.0,0.0,0.752,0.0,-0.5,-0.5,0.02072,0.3145,1.0,0.0,0.0,1.5,0.0,0.0,0.0,1.609
-0.4478,-0.447,-0.448,-0.2554,0.2275,-0.1735,0.1309,0.6304,-0.06216,0.7817,0.254,-17.1,0.2856,0.2773,0.0,0.0,-0.622,-0.796,0.3699,0.0,-0.1742,0.2245,-0.01944,-0.1431,-0.06995,0.3677,-0.267,0.2756,-0.2893,1.267,0.0,0.2754,-0.2698,-0.4458,-0.4539,0.0,0.0,-0.4502,0.0,-0.2178,0.3462,0.0,0.0,0.0,0.0,0.1005,0.0,0.0,0.0,-0.10913,0.3567,2.0,0.0,0.0,1.5,0.0,0.0,0.0,0.2107
-0.4473,-0.4468,-0.4475,-0.099,0.0662,-0.1735,0.1309,0.5273,-0.2306,0.7236,0.254,-3.344,0.1428,0.2773,-1.0,0.0,-0.585,-0.7363,0.3428,0.0,-0.1718,-0.324,-0.05905,-0.131,-0.2391,0.3752,-0.33,-0.2744,-0.343,0.2756,-0.5576,-0.96,0.1355,-0.4458,-0.4534,0.0,0.0,-0.4487,0.0,-0.2212,0.078,0.0,0.0,0.0,0.0,-0.05878,0.0,-0.5,-0.5,0.04718,0.2073,0.0,1.0,0.0,1.5,0.0,0.0,0.0,-0.1226
-0.4465,-0.446,-0.4465,-0.3164,0.2842,-0.1735,0.1309,0.5366,-0.01913,0.8,0.2573,-1.866,0.1428,0.2773,0.0,0.0,-0.645,-0.8027,0.397,0.0,-0.1692,0.4006,-0.12054,-0.1249,-0.01094,0.3833,-0.3218,0.5513,-0.363,-0.2744,1.267,0.0,-0.1353,-0.4456,-0.4526,0.0,0.0,-0.4475,0.0,-0.2145,0.2173,0.0,0.0,0.0,0.0,0.1508,1.0,0.0,0.0,-0.2515,0.3198,1.0,0.0,0.0,1.5,0.0,0.0,0.0,0.3162
-0.4463,-0.4458,-0.4465,0.02657,-0.06415,-0.1735,0.1309,0.533,-0.3074,0.6753,0.2443,-3.15,0.0,0.2773,-1.0,0.0,-0.545,-0.6943,0.329,0.0,-0.1666,1.351,-0.1815,-0.1273,-0.317,0.3777,-0.7124,-0.6826,-0.4246,0.5513,0.2756,-0.5576,1.22,-0.4448,-0.4521,0.0,0.0,-0.446,0.0,-0.2233,-0.4885,0.0,0.0,0.0,0.0,-0.302,1.0,-0.5,-0.5,0.09436,0.001324,0.0,1.0,0.0,1.5,0.0,0.0,0.0,-0.627
-0.4458,-0.445,-0.4458,-0.2039,0.1683,-0.1735,0.1309,0.51,-0.0189,0.7505,0.2351,-1.503,0.0,0.287,0.0,0.0,-0.608,-0.758,0.3833,0.0,-0.1642,0.4048,-0.2527,-0.1372,-0.01996,0.371,-0.1115,0.5522,-0.4763,-0.6826,-0.2742,1.266,-2.125,-0.4436,-0.4517,0.0,0.0,-0.4448,0.0,-0.2166,-0.2737,0.0,0.0,0.0,0.0,0.1581,1.0,0.0,0.0,-0.10205,0.253,1.0,0.0,0.0,1.5,0.0,0.0,0.0,0.332
-0.4446,-0.4438,-0.4446,-0.582,0.5522,-0.1735,0.1309,0.47,0.4429,0.892,0.2305,5.406,0.0,0.287,0.0,0.0,-0.724,-0.874,0.478,0.0,-0.1616,-0.168,-0.3394,-0.1553,0.4421,0.372,-0.183,0.958,-0.4856,0.5522,0.5513,0.2754,0.2754,-0.4407,-0.451,0.0,0.0,-0.4436,0.0,-0.2047,-0.0751,0.0,0.0,0.0,0.0,0.309,1.0,0.0,0.0,-0.4192,0.674,2.0,0.0,0.0,1.5,0.0,0.0,0.0,0.6436
-0.4429,-0.4424,-0.443,-0.6855,0.658,-0.1735,0.1309,0.3892,0.615,0.943,0.2285,0.482,0.0,0.297,0.0,0.0,-0.771,-0.909,0.5186,0.0,-0.159,-0.7163,-0.436,-0.1934,0.619,0.3767,0.1449,0.404,-0.51,0.958,-0.6826,-0.2742,-0.9595,-0.4387,-0.45,0.0,0.0,-0.4421,0.0,-0.1997,0.0447,0.0,0.0,0.0,0.0,0.1192,2.0,0.5,0.5,-0.561,0.73,3.0,0.0,0.0,1.5,0.0,0.0,0.0,0.2441
-0.4417,-0.441,-0.4417,-0.6655,0.6353,-0.1735,0.1309,0.3037,0.6924,0.95,0.2206,0.2588,0.0,0.297,0.0,0.0,-0.784,-0.9067,0.532,0.0,-0.1566,0.0003395,-0.498,-0.2401,0.725,0.3687,0.2205,0.1338,-0.505,0.404,0.5522,0.551,0.0,-0.4368,-0.449,0.0,0.0,-0.441,0.0,-0.1982,-0.2056,0.0,0.0,0.0,0.0,0.0439,2.0,1.0,0.5,-0.6475,0.5933,4.0,0.0,0.0,1.5,0.0,0.0,0.0,0.08936
-0.4395,-0.439,-0.4397,-0.982,0.9595,0.1373,0.1309,0.07904,1.059,1.089,0.2297,0.64,0.0,0.307,0.0,0.0,-0.91,-0.9985,0.6133,1.0,-0.2903,-0.02177,-0.539,-0.296,1.115,0.3706,0.4685,0.9346,-0.482,0.1338,0.9575,-0.6826,-0.557,-0.4333,-0.447,0.0,0.0,-0.4395,0.0,-0.1865,0.6904,0.0,0.0,0.0,0.0,0.4185,3.0,1.5,1.0,-0.914,0.947,5.0,0.0,0.0,1.5,0.0,0.0,0.0,0.8496
-0.4363,-0.4355,-0.4365,-1.574,1.571,1.028,0.1309,0.06683,1.767,1.358,0.2466,0.805,0.0,0.307,0.0,0.0,-1.109,-1.209,0.6133,1.0,-0.2903,0.4548,-0.525,-0.3347,1.746,0.2467,0.2163,1.709,-0.3718,0.9346,0.404,0.5522,1.266,-0.4287,-0.4446,0.0,0.0,-0.438,0.0,-0.1646,0.92,1.0,0.0,0.0,0.0,1.1045,3.0,1.5,1.0,-1.384,1.584,5.734,0.0,0.5,1.5,1.0,0.0,4.23,2.207
-0.4336,-0.4329,-0.4338,-1.302,1.3,1.028,0.1309,0.06036,1.448,1.295,0.267,-0.043,0.1428,0.317,0.0,0.0,-1.063,-1.159,0.5874,0.0,-0.2878,-0.05515,-0.4658,-0.3623,1.419,0.2847,0.2751,-0.2556,-0.3003,1.709,0.1338,0.9575,0.2754,-0.4236,-0.4426,0.0,0.0,-0.4365,0.0,-0.1682,1.183,1.0,0.0,0.0,0.0,-0.1305,2.0,1.0,1.0,-1.174,1.327,0.0,1.0,0.5,1.5,0.0,0.0,0.0,-0.2537
-0.43,-0.4292,-0.4304,-1.631,1.75,1.028,0.1309,0.0726,1.907,1.481,0.2952,0.4841,0.2856,0.3267,0.0,0.0,-1.156,-1.328,0.6133,1.0,-0.2903,1.094,-0.3667,-0.37,1.863,0.2242,0.4854,1.412,-0.1859,-0.2556,0.934,0.4038,-0.2742,-0.4175,-0.4402,0.0,0.0,-0.4346,0.0,-0.1498,1.32,1.0,0.0,0.0,0.0,0.903,2.0,1.5,1.5,-1.384,1.812,1.0,0.0,0.5,1.5,0.0,0.0,0.0,1.762
-0.4275,-0.4265,-0.4277,-1.243,1.249,1.028,0.1309,0.0992,1.3125,1.363,0.3223,-0.1897,0.4285,0.3367,0.0,0.0,-1.109,-1.216,0.536,0.0,-0.2878,0.2717,-0.2524,-0.3477,1.202,0.277,0.4978,-0.7524,-0.1259,1.412,1.708,0.1338,0.551,-0.413,-0.438,0.0,0.0,-0.433,0.0,-0.1602,1.223,1.0,0.0,0.0,0.0,-0.2793,1.0,1.0,1.5,-1.102,1.296,0.0,1.0,0.5,1.5,0.0,0.0,0.0,-0.5327
-0.4258,-0.425,-0.426,-0.7305,0.731,1.028,0.1309,0.162,0.7114,1.189,0.3372,-0.3188,0.5713,0.3464,0.0,0.0,-0.9775,-1.087,0.446,0.0,-0.2854,0.6445,-0.1398,-0.2927,0.5405,0.3196,0.8467,-0.8887,-0.09973,-0.7524,-0.2556,0.934,-0.682,-0.4104,-0.436,0.0,0.0,-0.4321,0.0,-0.1724,0.7734,1.0,0.0,0.0,0.0,-0.3464,0.0,1.0,1.0,-0.585,0.8223,0.0,2.0,0.5,1.5,0.0,0.0,0.0,-0.669
-0.4248,-0.424,-0.425,-0.4253,0.419,1.028,0.11523,0.1186,0.3381,1.082,0.348,-0.3523,0.5713,0.3564,0.0,0.0,-0.902,-0.997,0.3945,0.0,-0.2827,-0.562,-0.04605,-0.2368,0.1744,0.3423,0.809,-0.5156,-0.0954,-0.8887,1.411,1.708,0.5522,-0.4087,-0.4343,0.0,0.0,-0.4307,0.0,-0.1793,0.5723,0.0,0.0,0.0,0.0,-0.1671,-1.0,0.5,0.5,-0.2822,0.5312,0.0,3.0,0.5,1.5,0.0,0.0,0.0,-0.3276
-0.4233,-0.4224,-0.4236,-0.6484,0.645,1.028,0.11523,0.219,0.5156,1.173,0.3638,0.572,0.7144,0.3665,0.0,0.0,-0.9604,-1.079,0.459,0.0,-0.2803,0.986,0.02982,-0.1848,0.405,0.3604,0.6113,0.65,-0.0814,-0.5156,-0.752,-0.2554,0.9575,-0.407,-0.4329,0.0,0.0,-0.4292,0.0,-0.1709,0.744,0.0,0.0,0.0,0.0,0.2103,0.0,0.5,1.0,-0.4883,0.759,1.0,0.0,0.5,1.5,0.0,0.0,0.0,0.416
-0.4216,-0.421,-0.4219,-0.7383,0.7334,1.028,0.11523,0.2046,0.5674,1.22,0.3787,0.2334,0.7144,0.3762,0.0,0.0,-0.996,-1.114,0.4976,0.0,-0.2778,0.2827,0.09436,-0.1353,0.492,0.3813,0.5737,0.3857,-0.08417,0.65,-0.8887,1.411,0.4038,-0.407,-0.431,0.0,0.0,-0.427,0.0,-0.1659,0.7266,0.0,0.0,0.0,0.0,0.1218,0.0,0.5,1.0,-0.587,0.83,2.0,0.0,0.5,1.5,0.0,0.0,0.0,0.2383
-0.4207,-0.42,-0.421,-0.3804,0.3645,1.028,0.11523,0.244,0.10834,1.093,0.3945,-0.5947,0.857,0.3762,0.0,0.0,-0.8984,-1.018,0.433,0.0,-0.2751,1.344,0.1471,-0.0854,0.04382,0.4087,0.6196,-0.639,-0.1088,0.3857,-0.5156,-0.752,0.1337,-0.4075,-0.4297,0.0,0.0,-0.425,0.0,-0.1746,0.7266,0.0,0.0,0.0,0.0,-0.1864,0.0,0.0,1.0,-0.2395,0.478,0.0,1.0,0.5,1.5,0.0,0.0,0.0,-0.3623
-0.42,-0.4194,-0.4202,-0.1648,0.1388,1.028,0.11523,0.2433,-0.1879,1.01,0.4048,-1.311,0.7144,0.3862,-1.0,0.0,-0.8354,-0.9497,0.3945,0.0,-0.2727,0.1378,0.1777,-0.0437,-0.2299,0.4268,0.3887,-0.3875,-0.1648,-0.639,0.65,-0.8887,0.934,-0.4102,-0.4285,0.0,0.0,-0.423,0.0,-0.1799,0.5337,0.0,0.0,0.0,0.0,-0.134,0.0,-0.5,0.5,-0.0596,0.2301,0.0,2.0,0.5,1.5,0.0,0.0,0.0,-0.2634
-0.4207,-0.42,-0.4207,0.444,-0.4795,1.028,0.02795,0.3413,-0.8506,0.7764,0.4028,10.14,0.5713,0.3862,-1.0,0.0,-0.644,-0.7637,0.2656,0.0,-0.2703,0.709,0.1823,-0.01138,-0.8984,0.4355,-0.1367,-1.3,-0.197,-0.3875,0.3857,-0.515,1.708,-0.4136,-0.4282,0.0,0.0,-0.4224,0.0,-0.1971,0.03105,0.0,0.0,0.0,0.0,-0.4468,0.0,-1.0,0.0,0.5664,-0.3223,0.0,3.0,0.5,1.5,0.0,0.0,0.0,-0.8833
-0.4204,-0.42,-0.4204,0.06366,-0.09595,1.028,0.02795,0.436,-0.51,0.8906,0.4028,-0.3657,0.4285,0.3862,-1.0,0.0,-0.726,-0.87,0.343,0.0,-0.2676,1.034,0.1578,0.01102,-0.526,0.4363,-0.1283,0.7974,-0.2281,-1.3,-0.6387,0.65,-0.2554,-0.4148,-0.4275,0.0,0.0,-0.4211,0.0,-0.187,0.1062,0.0,0.0,0.0,0.0,0.294,0.0,-0.5,0.0,0.2408,0.09143,1.0,0.0,0.5,1.5,0.0,0.0,0.0,0.5938
-0.4211,-0.4207,-0.4214,0.602,-0.639,1.028,0.02795,0.5493,-1.076,0.6807,0.3958,1.72,0.2856,0.3862,-1.0,0.0,-0.548,-0.701,0.2269,0.0,-0.2651,0.7236,0.0923,0.02484,-1.1045,0.4395,-0.633,-1.181,-0.2651,0.7974,-0.3875,0.3857,1.411,-0.4167,-0.4275,0.0,0.0,-0.4204,0.0,-0.2025,-0.1622,0.0,0.0,0.0,0.0,-0.3896,-1.0,-1.0,-0.5,0.7656,-0.4246,0.0,1.0,0.5,1.5,0.0,0.0,0.0,-0.7773
-0.4194,-0.419,-0.4197,-0.8066,0.7896,1.028,0.02795,0.647,0.3733,1.184,0.4006,-1.511,0.2856,0.3862,0.0,0.0,-0.93,-1.129,0.536,0.0,-0.2627,2.15,0.000185,0.0334,0.3462,0.4504,-0.507,2.549,-0.2795,-1.181,-1.3,-0.6387,-0.752,-0.4158,-0.4263,0.0,0.0,-0.4187,0.0,-0.1617,0.1954,0.0,0.0,0.0,0.0,1.284,0.0,-0.5,-0.5,-0.502,1.049,1.0,0.0,0.5,-1.0,0.0,0.0,0.0,2.613
-0.419,-0.4185,-0.4192,-0.1049,0.0802,1.028,0.02795,0.804,-0.287,0.929,0.3875,-1.34,0.1428,0.3862,-1.0,0.0,-0.723,-0.937,0.3945,0.0,-0.26,2.062,-0.0968,0.0296,-0.3447,0.4512,-0.2124,-1.396,-0.347,2.549,0.7974,-0.3875,-0.888,-0.417,-0.426,0.0,0.0,-0.4172,0.0,-0.1809,-0.3071,0.0,0.0,0.0,0.0,-0.963,0.0,-0.5,-1.0,0.2264,0.422,0.0,1.0,0.5,-1.0,0.0,0.0,0.0,-1.859
-0.4172,-0.4167,-0.4175,-0.745,0.7314,1.028,0.02795,0.869,0.4458,1.171,0.3848,-4.53,0.1428,0.3862,0.0,0.0,-0.901,-1.14,0.5493,0.0,-0.2576,1.12,-0.203,0.01281,0.393,0.4539,-0.0611,1.561,-0.3906,-1.396,-1.18,-1.3,-0.515,-0.4155,-0.4246,0.0,0.0,-0.4153,0.0,-0.1606,-0.02126,0.0,0.0,0.0,0.0,0.6147,1.0,0.0,-0.5,-0.3813,1.059,1.0,0.0,0.5,-1.0,0.0,0.0,0.0,1.216
-0.4148,-0.4143,-0.415,-1.139,1.131,1.028,0.02795,0.7407,0.997,1.346,0.38,1.221,0.1428,0.3862,0.0,0.0,-1.04,-1.264,0.6133,1.0,-0.2903,0.2363,-0.2988,-0.01714,0.969,0.4,-0.2208,1.141,-0.3816,1.561,2.547,0.797,0.65,-0.4124,-0.4229,0.0,0.0,-0.4133,0.0,-0.1454,-0.05862,0.0,0.0,0.0,0.0,0.4878,1.0,0.0,-0.5,-0.741,1.465,2.0,0.0,0.5,-1.0,0.0,0.0,0.0,0.94
-0.4136,-0.4128,-0.4136,-0.589,0.575,1.028,0.02795,0.8022,0.4814,1.157,0.3743,-0.3655,0.1428,0.3862,0.0,0.0,-0.896,-1.122,0.511,0.0,-0.2878,0.0945,-0.371,-0.0592,0.4644,0.401,-0.2795,-0.9946,-0.402,1.141,-1.396,-1.18,0.3857,-0.4087,-0.4211,0.0,0.0,-0.4119,0.0,-0.1593,-0.09875,0.0,0.0,0.0,0.0,-0.3765,1.0,-0.5,-0.5,-0.2122,0.929,0.0,1.0,0.5,-1.0,0.0,0.0,0.0,-0.712
-0.412,-0.4116,-0.4124,-0.5186,0.5044,1.028,0.02795,0.7266,0.4402,1.14,0.374,0.0668,0.1428,0.3862,0.0,0.0,-0.89,-1.102,0.511,0.0,-0.2854,-0.2457,-0.4204,-0.1215,0.4316,0.4077,-0.0485,0.0,-0.4277,-0.9946,1.56,2.547,-0.6387,-0.406,-0.4197,0.0,0.0,-0.4104,0.0,-0.1594,0.04807,0.0,0.0,0.0,0.0,0.0,0.0,-0.5,-0.5,-0.1735,0.8296,0.0,0.0,0.5,-1.0,0.0,0.0,0.0,0.0
-0.4116,-0.411,-0.4119,-0.1793,0.1615,1.028,0.02795,0.7866,0.08777,1.016,0.373,-0.553,0.1428,0.3862,0.0,0.0,-0.7915,-1.007,0.4475,0.0,-0.2827,-0.5767,-0.4648,-0.1979,0.0904,0.4136,0.1196,-0.6323,-0.4417,0.0,1.14,-1.396,-0.3872,-0.4028,-0.418,0.0,0.0,-0.4097,0.0,-0.1682,0.02594,0.0,0.0,0.0,0.0,-0.2551,0.0,-0.5,-0.5,0.149,0.4946,0.0,1.0,0.5,-1.0,0.0,0.0,0.0,-0.4905
-0.4116,-0.411,-0.4119,0.1335,-0.1555,0.2563,0.02795,0.7705,-0.2189,0.8936,0.3652,-1.515,0.0,0.3862,-1.0,0.0,-0.698,-0.9043,0.3835,0.0,-0.2803,0.475,-0.5103,-0.2725,-0.2351,0.4165,0.5737,-0.639,-0.4417,-0.6323,-0.9946,1.56,-1.3,-0.404,-0.417,0.0,0.0,-0.41,0.0,-0.1769,-0.1783,0.0,0.0,0.0,0.0,-0.2732,-1.0,-0.5,-1.0,0.4612,0.2009,0.0,2.0,0.5,-1.0,0.0,0.0,0.0,-0.531
-0.41,-0.4092,-0.4102,-0.743,0.739,0.2563,0.02795,0.947,0.74,1.219,0.3665,-10.0,0.0,0.3862,0.0,0.0,-0.929,-1.186,0.588,0.0,-0.2778,3.135,-0.546,-0.3481,0.723,0.4246,0.376,2.066,-0.4172,-0.639,0.0,1.14,0.797,-0.4011,-0.4153,0.0,0.0,-0.4092,0.0,-0.1499,0.0635,0.0,0.0,0.0,0.0,1.394,-1.0,-0.5,-1.0,-0.309,1.143,1.0,0.0,0.5,-1.0,0.0,0.0,0.0,2.738
-0.4087,-0.408,-0.409,-0.497,0.489,0.2563,0.02795,0.8145,0.4915,1.138,0.3691,-0.176,0.0,0.3862,0.0,0.0,-0.881,-1.108,0.55,0.0,-0.2751,-0.4224,-0.5503,-0.4097,0.4736,0.4375,0.851,-0.3745,-0.4202,2.066,-0.632,-0.994,-1.18,-0.4004,-0.4138,0.0,0.0,-0.4092,0.0,-0.1553,0.10394,0.0,0.0,0.0,0.0,-0.1688,-1.0,-0.5,-1.0,-0.07526,0.899,0.0,1.0,0.5,-1.0,0.0,0.0,0.0,-0.3206
-0.4082,-0.4075,-0.4084,-0.105,0.09393,0.2563,0.02795,0.9727,0.0688,0.994,0.3699,-0.621,0.1428,0.3862,0.0,0.0,-0.758,-1.007,0.473,0.0,-0.2727,1.474,-0.5356,-0.4507,0.045,0.4492,-0.0359,-0.754,-0.4214,-0.3745,-0.6387,0.0,2.547,-0.402,-0.4126,0.0,0.0,-0.4094,0.0,-0.1656,0.04373,0.0,0.0,0.0,0.0,-0.3525,-1.0,-1.0,-1.0,0.2715,0.485,0.0,2.0,0.5,-1.0,0.0,0.0,0.0,-0.6733
-0.4082,-0.4075,-0.4084,0.1979,-0.2185,0.2563,0.02795,0.9897,-0.312,0.8735,0.3752,-2.129,0.1428,0.3862,-1.0,0.0,-0.6626,-0.908,0.4092,0.0,-0.2703,0.467,-0.517,-0.4753,-0.3052,0.4578,0.4224,-0.636,-0.4219,-0.754,2.066,-0.632,-1.3955,-0.4036,-0.4114,0.0,0.0,-0.4092,0.0,-0.1744,0.1458,0.0,0.0,0.0,0.0,-0.2195,-1.0,-1.0,-1.0,0.557,0.1775,0.0,3.0,0.5,-1.0,0.0,0.0,0.0,-0.4248
-0.4087,-0.408,-0.4087,0.3633,-0.3894,0.2563,0.02795,0.9316,-0.5264,0.796,0.3738,1.337,0.1428,0.3862,-1.0,0.0,-0.6064,-0.837,0.3708,0.0,-0.2676,0.131,-0.499,-0.4927,-0.5386,0.468,-0.0611,-0.3857,-0.4246,-0.636,-0.3745,-0.6387,1.56,-0.4053,-0.4106,0.0,0.0,-0.4092,0.0,-0.1797,-0.02126,0.0,0.0,0.0,0.0,-0.192,-1.0,-1.5,-1.5,0.677,-0.03029,0.0,4.0,0.5,-0.5,0.0,0.0,0.0,-0.3757
-0.4075,-0.407,-0.4077,-0.4453,0.4177,0.2563,0.02795,0.89,0.2188,1.077,0.3892,-1.844,0.2856,0.3862,0.0,0.0,-0.8286,-1.066,0.55,0.0,-0.2651,0.761,-0.475,-0.502,0.251,0.484,-0.4814,1.8125,-0.4124,-0.3857,-0.754,2.066,1.14,-0.404,-0.4094,0.0,0.0,-0.4087,0.0,-0.156,0.4011,0.0,0.0,0.0,0.0,0.565,-1.0,-1.5,-1.0,-0.1565,0.687,1.0,0.0,0.5,-0.5,0.0,0.0,0.0,1.111
-0.407,-0.4065,-0.407,-0.1711,0.1383,0.2563,0.02795,0.7173,-0.035,0.977,0.3833,-0.6904,0.2856,0.3862,0.0,0.0,-0.7676,-0.9683,0.4985,0.0,-0.2627,0.4387,-0.45,-0.5034,-0.03665,0.4927,-0.1661,-0.5024,-0.409,1.8125,-0.636,-0.3745,-0.994,-0.4026,-0.4084,0.0,0.0,-0.4084,0.0,-0.163,-0.11523,0.0,0.0,0.0,0.0,-0.1586,-1.0,-1.5,-1.5,0.05814,0.3643,0.0,1.0,0.5,-0.5,0.0,0.0,0.0,-0.3032
-0.4062,-0.4058,-0.4062,-0.2544,0.2172,0.2563,0.02795,0.5093,0.02702,1.004,0.3872,0.9917,0.4285,0.3862,0.0,0.0,-0.8066,-0.97,0.524,0.0,-0.26,-0.2482,-0.4277,-0.4941,0.03714,0.503,-0.1704,0.2534,-0.405,-0.5024,-0.3857,-0.7534,0.0,-0.4033,-0.4075,0.0,0.0,-0.4077,0.0,-0.1597,0.2045,0.0,0.0,0.0,0.0,0.08704,0.0,-1.0,-1.0,-0.08527,0.371,1.0,0.0,0.5,-0.5,0.0,0.0,0.0,0.1677
-0.4065,-0.406,-0.4065,0.345,-0.3882,0.2563,0.02795,0.5483,-0.56,0.7773,0.3745,-4.387,0.2856,0.3862,-1.0,0.0,-0.626,-0.784,0.3962,0.0,-0.2576,1.338,-0.417,-0.4858,-0.566,0.5005,0.04398,-1.262,-0.4106,0.2534,1.812,-0.6357,-0.632,-0.4053,-0.4072,0.0,0.0,-0.4075,0.0,-0.177,-0.3372,0.0,0.0,0.0,0.0,-0.5923,0.0,-1.0,-1.5,0.4893,-0.2147,0.0,1.0,0.5,-0.5,0.0,0.0,0.0,-1.137
-0.4084,-0.408,-0.4087,1.219,-1.263,0.2563,-0.4182,0.7773,-1.357,0.4485,0.3445,2.11,0.1428,0.3862,-1.0,0.0,-0.3328,-0.5146,0.2046,0.0,-0.2551,1.969,-0.4292,-0.4878,-1.372,0.4744,0.2373,-1.934,-0.406,-1.262,-0.5024,-0.3857,-0.6387,-0.4084,-0.4077,0.0,0.0,-0.4075,0.0,-0.2029,-0.8867,0.0,0.0,0.0,0.0,-1.064,0.0,-1.0,-2.0,1.363,-1.0205,0.0,2.0,0.5,-0.5,0.0,0.0,0.0,-2.086
-0.4106,-0.41,-0.411,1.367,-1.403,0.2563,-0.692,0.7866,-1.488,0.3523,0.3176,0.2585,0.0,0.3862,-1.0,0.0,-0.2487,-0.4263,0.1534,0.0,-0.2524,0.3716,-0.4482,-0.4963,-1.481,0.4438,-0.494,-0.5327,-0.3604,-1.934,0.2534,1.812,2.066,-0.4116,-0.4087,0.0,0.0,-0.4082,0.0,-0.21,-0.8213,0.0,0.0,0.0,0.0,-0.302,-1.0,-1.5,-2.0,1.53,-1.129,0.0,3.0,0.5,-0.5,0.0,0.0,0.0,-0.612
-0.4124,-0.4116,-0.4126,1.132,-1.157,0.2563,-0.692,0.918,-1.251,0.3826,0.2922,-0.04697,-0.1428,0.3862,-1.0,0.0,-0.2632,-0.4673,0.1791,0.0,-0.25,1.443,-0.4578,-0.504,-1.265,0.4233,-0.5107,0.2688,-0.3604,-0.5327,-1.262,-0.5024,-0.3743,-0.4138,-0.4097,0.0,0.0,-0.4082,0.0,-0.2067,-0.759,0.0,0.0,0.0,0.0,0.09924,0.0,-1.0,-1.5,1.284,-0.913,1.0,0.0,0.5,-0.5,0.0,0.0,0.0,0.2029
-0.414,-0.4133,-0.4143,1.041,-1.06,-0.009796,-0.692,0.9663,-1.159,0.3708,0.2708,0.05484,-0.2856,0.3862,-1.0,0.0,-0.2489,-0.461,0.1791,0.0,-0.2474,0.3635,-0.4543,-0.5063,-1.197,0.4084,-0.3806,0.0,-0.3203,0.2688,-1.933,0.2534,-0.7534,-0.4185,-0.4106,0.0,0.0,-0.4094,0.0,-0.2068,-0.6675,0.0,0.0,0.0,0.0,0.0,-1.0,-1.0,-1.5,1.163,-0.8564,0.0,0.0,0.5,-0.5,0.0,0.0,0.0,0.0
-0.4143,-0.4136,-0.4148,0.362,-0.371,-0.009796,-0.692,0.964,-0.4998,0.568,0.2603,-0.55,-0.2856,0.3862,-1.0,0.0,-0.4175,-0.6406,0.307,0.0,-0.245,1.204,-0.4404,-0.5054,-0.5186,0.397,-0.267,1.338,-0.3157,0.0,-0.5327,-1.261,-0.6357,-0.421,-0.411,0.0,0.0,-0.4097,0.0,-0.1898,-0.281,0.0,0.0,0.0,0.0,0.4387,0.0,-0.5,-1.0,0.477,-0.2279,1.0,0.0,0.5,-0.5,0.0,0.0,0.0,0.8926
-0.4153,-0.4146,-0.4155,0.6924,-0.7124,-0.009796,-0.692,0.749,-0.756,0.4294,0.2329,0.8735,-0.4285,0.3862,-1.0,0.0,-0.3188,-0.4944,0.2302,0.0,-0.2424,0.7046,-0.4111,-0.4983,-0.819,0.3809,-0.1746,-0.785,-0.2996,1.338,0.2688,-1.933,-0.3857,-0.4243,-0.4111,0.0,0.0,-0.411,0.0,-0.2002,-0.8867,0.0,0.0,0.0,0.0,-0.1432,0.0,-0.5,-1.5,0.8154,-0.535,0.0,1.0,0.5,-0.5,0.0,0.0,0.0,-0.285
-0.416,-0.4155,-0.4163,0.5806,-0.601,-0.34,-0.692,0.8066,-0.585,0.438,0.2087,-0.1497,-0.5713,0.3862,-1.0,0.0,-0.3213,-0.508,0.2429,0.0,-0.2399,0.3438,-0.3643,-0.4822,-0.646,0.3574,-0.809,0.1326,-0.3157,-0.785,0.0,-0.5327,1.812,-0.4263,-0.4116,0.0,0.0,-0.4124,0.0,-0.1986,-0.7954,0.0,0.0,0.0,0.0,0.03607,1.0,-0.5,-1.0,0.6763,-0.4622,1.0,0.0,0.5,-0.5,0.0,0.0,0.0,0.07275
-0.4177,-0.417,-0.418,1.023,-1.047,-0.34,-0.692,0.8735,-0.981,0.2595,0.1836,1.067,-0.7144,0.3862,-1.0,0.0,-0.1587,-0.3467,0.1407,0.0,-0.2374,1.825,-0.308,-0.4556,-1.036,0.333,-0.742,-1.059,-0.2917,0.1326,1.338,0.2686,-0.5024,-0.427,-0.4126,0.0,0.0,-0.414,0.0,-0.2124,-0.833,0.0,0.0,0.0,0.0,-0.3076,0.0,-0.5,-1.0,1.118,-0.8755,0.0,1.0,0.5,-0.5,0.0,0.0,0.0,-0.619
-0.4182,-0.4175,-0.4185,0.4001,-0.4165,-0.34,-0.692,0.8633,-0.349,0.4355,0.1688,-0.657,-0.7144,0.3862,-1.0,0.0,-0.314,-0.5107,0.2556,0.0,-0.2349,1.05,-0.2595,-0.4263,-0.4106,0.3213,-0.944,1.212,-0.299,-1.059,-0.785,0.0,0.2532,-0.4258,-0.4128,0.0,0.0,-0.415,0.0,-0.1971,-0.4438,0.0,0.0,0.0,0.0,0.355,1.0,-0.5,-0.5,0.569,-0.2123,1.0,0.0,0.5,-0.5,0.0,0.0,0.0,0.727
-0.421,-0.4202,-0.4214,1.81,-1.825,-0.34,-0.692,1.367,-1.6875,-0.05383,0.1399,6.418,-0.7144,0.3862,-1.0,0.0,0.1752,-0.08417,-0.03818,0.0,-0.2323,3.135,-0.2004,-0.3828,-1.702,0.2847,-0.612,-2.514,-0.22,1.212,0.1326,1.337,-1.261,-0.4285,-0.414,0.0,0.0,-0.4172,0.0,-0.2366,-0.803,0.0,0.0,0.0,0.0,-1.302,0.0,-0.5,-0.5,1.968,-1.523,0.0,1.0,0.5,-0.5,0.0,0.0,0.0,-2.613
-0.4224,-0.4216,-0.4229,1.016,-1.028,-0.34,-0.692,1.258,-0.8804,0.1448,0.1075,-0.4202,-0.857,0.3862,-1.0,0.0,-0.02051,-0.2725,0.0896,0.0,-0.2299,0.941,-0.1455,-0.3315,-0.9175,0.2537,-0.12415,1.391,-0.1925,-2.514,-1.059,-0.7847,-1.933,-0.4294,-0.4143,0.0,0.0,-0.4185,0.0,-0.2197,-0.9155,0.0,0.0,0.0,0.0,0.5024,1.0,0.0,-0.5,1.26,-0.694,1.0,0.0,0.5,-0.5,0.0,0.0,0.0,1.063
-0.4226,-0.4219,-0.4229,0.2079,-0.2191,0.1577,-0.692,1.203,-0.00811,0.3828,0.0866,-1.107,-0.857,0.3862,0.0,0.0,-0.238,-0.4946,0.2429,0.0,-0.2273,0.1656,-0.10675,-0.2815,-0.0499,0.2335,0.006153,1.631,-0.2339,1.391,1.212,0.1326,-0.5327,-0.4304,-0.4146,0.0,0.0,-0.42,0.0,-0.1993,-0.5386,0.0,0.0,0.0,0.0,0.5527,1.0,0.5,0.0,0.563,0.1733,2.0,0.0,0.5,-0.5,1.0,0.0,4.234,1.143
-0.4211,-0.4204,-0.4214,-0.594,0.5884,1.123,-0.692,1.275,0.9424,0.66,0.0741,9.88,-0.857,0.3862,0.0,0.0,-0.466,-0.7524,0.4219,0.0,-0.2247,1.672,-0.09894,-0.2402,0.887,0.2262,-0.0485,1.853,-0.2622,1.631,-2.514,-1.058,0.2686,-0.428,-0.4138,0.0,0.0,-0.4207,0.0,-0.1757,-0.2825,0.0,0.0,0.0,0.0,0.931,2.0,0.5,0.0,-0.1763,0.987,3.0,0.0,0.5,-0.5,0.0,0.0,0.0,1.874
-0.4197,-0.419,-0.42,-0.633,0.628,1.257,-0.692,1.139,1.054,0.6875,0.0707,0.258,-0.7144,0.3862,0.0,0.0,-0.5005,-0.763,0.4475,0.0,-0.2222,-0.06107,-0.1211,-0.2109,1.003,0.2289,0.03137,0.2566,-0.2673,1.853,1.391,1.212,0.0,-0.4255,-0.414,0.0,0.0,-0.4207,0.0,-0.1725,-0.06,0.0,0.0,0.0,0.0,0.1295,2.0,1.0,0.5,-0.3027,0.9277,4.0,0.0,0.5,-0.5,0.0,0.0,0.0,0.2527
-0.4187,-0.418,-0.419,-0.3367,0.3284,1.257,-0.692,0.9805,0.7207,0.5913,0.076,-0.1692,-0.5713,0.3862,0.0,0.0,-0.4353,-0.663,0.3962,0.0,-0.2197,-0.2227,-0.1539,-0.1935,0.709,0.2361,-0.3008,-0.511,-0.2693,0.2566,1.631,-2.514,1.337,-0.4224,-0.4138,0.0,0.0,-0.4207,0.0,-0.1794,0.1836,0.0,0.0,0.0,0.0,-0.175,2.0,0.5,0.5,-0.02159,0.635,0.0,1.0,0.5,-0.5,0.0,0.0,0.0,-0.3403
-0.4172,-0.4165,-0.4177,-0.6196,0.6187,1.257,-0.692,0.9272,0.9907,0.7007,0.08826,0.4968,-0.4285,0.3862,0.0,0.0,-0.5303,-0.7544,0.473,0.0,-0.2172,0.1043,-0.1941,-0.1912,0.9824,0.258,-0.01906,0.7734,-0.2534,-0.511,1.852,1.391,-0.7847,-0.4197,-0.4138,0.0,0.0,-0.4202,0.0,-0.1694,0.3875,0.0,0.0,0.0,0.0,0.2988,2.0,1.0,1.0,-0.2686,0.9424,1.0,0.0,0.5,-0.5,0.0,0.0,0.0,0.5854
-0.4148,-0.4138,-0.4153,-1.181,1.198,1.257,-0.692,0.928,1.597,0.931,0.1073,0.744,-0.2856,0.3862,0.0,0.0,-0.7134,-0.9507,0.6133,1.0,-0.2903,2.068,-0.2421,-0.2087,1.47,0.3003,0.01877,1.527,-0.2277,0.7734,0.2566,1.631,0.1326,-0.4116,-0.4138,0.0,0.0,-0.42,0.0,-0.1493,0.5347,0.0,0.0,0.0,0.0,1.088,2.0,1.0,1.0,-0.7344,1.581,2.0,0.0,0.5,-0.5,0.0,0.0,0.0,2.105
-0.4128,-0.4119,-0.4133,-0.892,0.9116,1.257,-0.692,0.9316,1.249,0.852,0.12396,-0.0796,-0.1428,0.3862,0.0,0.0,-0.6514,-0.885,0.575,0.0,-0.2878,0.0753,-0.2805,-0.2356,1.125,0.331,0.4812,-0.3723,-0.2037,1.527,-0.511,1.852,-1.058,-0.4055,-0.4136,0.0,0.0,-0.4197,0.0,-0.1545,0.4617,0.0,0.0,0.0,0.0,-0.1465,1.0,1.0,1.0,-0.5103,1.248,0.0,1.0,0.5,-0.5,0.0,0.0,0.0,-0.2764
-0.4114,-0.4104,-0.4119,-0.577,0.5933,1.257,-0.692,0.836,0.9077,0.7534,0.1305,-0.1317,0.0,0.3862,0.0,0.0,-0.5815,-0.7915,0.5244,0.0,-0.2854,-0.2507,-0.3064,-0.2717,0.7915,0.3472,0.2499,-0.4995,-0.2007,-0.3723,0.773,0.2566,1.212,-0.4019,-0.4136,0.0,0.0,-0.4194,0.0,-0.1615,0.2173,0.0,0.0,0.0,0.0,-0.1328,0.0,0.5,0.5,-0.2247,0.922,0.0,2.0,0.5,-0.5,0.0,0.0,0.0,-0.2522
-0.4106,-0.4097,-0.411,-0.289,0.3003,1.257,-0.692,0.7686,0.5586,0.657,0.1393,-0.2314,0.1428,0.3862,0.0,0.0,-0.509,-0.701,0.4731,0.0,-0.2827,-0.5825,-0.3154,-0.3123,0.4988,0.3555,1.31,-0.5034,-0.1877,-0.4995,1.526,-0.5107,-2.514,-0.4011,-0.4133,0.0,0.0,-0.4192,0.0,-0.1685,0.264,0.0,0.0,0.0,0.0,-0.0962,0.0,0.5,0.5,0.06976,0.6577,0.0,3.0,0.5,-0.5,0.0,0.0,0.0,-0.1842
-0.4097,-0.4087,-0.41,-0.3564,0.3677,1.257,-0.692,0.7114,0.588,0.684,0.1489,0.1912,0.2856,0.3862,0.0,0.0,-0.536,-0.7197,0.4988,0.0,-0.2803,-0.2457,-0.2966,-0.3428,0.538,0.3733,1.062,0.254,-0.1743,-0.5034,-0.372,0.773,1.39,-0.4004,-0.413,0.0,0.0,-0.4177,0.0,-0.1652,0.28,0.0,0.0,0.0,0.0,0.09344,0.0,0.5,0.5,-0.03534,0.679,1.0,0.0,0.5,-0.5,0.0,0.0,0.0,0.1804
-0.4075,-0.4065,-0.4077,-0.9497,0.9663,1.257,-0.3367,0.5703,1.156,0.914,0.173,1.029,0.4285,0.3862,0.0,0.0,-0.7324,-0.9023,0.6133,1.0,-0.2903,0.72,-0.2424,-0.3516,1.116,0.3704,0.6953,1.518,-0.1368,0.254,-0.4993,1.526,1.63,-0.397,-0.4128,0.0,0.0,-0.4155,0.0,-0.145,0.65,0.0,0.0,0.0,0.0,0.908,0.0,0.5,1.0,-0.584,1.28,2.0,0.0,0.5,-0.5,0.0,0.0,0.0,1.747
-0.405,-0.4043,-0.4055,-0.999,1.019,1.257,-0.3367,0.5396,1.181,0.959,0.1923,0.1642,0.5713,0.3862,0.0,0.0,-0.77,-0.9365,0.6133,1.0,-0.2903,0.707,-0.1725,-0.3406,1.154,0.3628,0.2457,0.3699,-0.09753,1.518,-0.5034,-0.372,1.852,-0.3943,-0.4124,0.0,0.0,-0.4133,0.0,-0.14,0.5713,0.0,0.0,0.0,0.0,0.1643,1.0,0.5,1.0,-0.763,1.1875,3.0,0.0,0.5,-0.5,0.0,0.0,0.0,0.3083
-0.403,-0.4023,-0.4033,-0.8984,0.897,1.257,-0.3367,0.2605,0.9116,0.942,0.2289,-0.08484,0.7144,0.3862,0.0,0.0,-0.7812,-0.8955,0.6133,1.0,-0.2903,0.3772,-0.082,-0.3027,0.9165,0.4106,0.2542,0.0,-0.0724,0.3699,0.254,-0.4993,0.2566,-0.3933,-0.4116,0.0,0.0,-0.4111,0.0,-0.1403,1.344,1.0,0.0,0.0,0.0,0.0,1.0,0.0,1.0,-0.7246,1.006,0.0,0.0,0.5,-0.5,0.0,0.0,0.0,0.0
-0.4006,-0.4,-0.4006,-1.162,1.156,1.257,-0.3367,0.2139,1.093,1.068,0.2637,0.3364,0.857,0.3862,0.0,0.0,-0.883,-0.995,0.6133,1.0,-0.2903,0.514,0.00997,-0.2421,1.11,0.3716,0.5063,0.858,-0.015396,0.0,1.517,-0.5034,-0.5107,-0.3909,-0.4106,0.0,0.0,-0.409,0.0,-0.1284,1.316,1.0,0.0,0.0,0.0,0.3071,2.0,0.5,1.0,-1.005,1.227,1.0,0.0,0.5,-0.5,0.0,0.0,0.0,0.5728
-0.397,-0.3965,-0.3972,-1.585,1.585,1.257,-0.3367,0.1653,1.5205,1.274,0.2969,0.5312,0.857,0.3862,0.0,0.0,-1.039,-1.153,0.6133,1.0,-0.2903,0.631,0.0927,-0.1653,1.555,0.284,0.3845,1.329,0.0619,0.858,0.3699,0.254,0.773,-0.386,-0.409,0.0,0.0,-0.406,0.0,-0.1099,1.307,1.0,0.0,0.0,0.0,0.577,2.0,0.5,1.0,-1.384,1.624,2.0,0.0,0.5,-0.5,0.0,0.0,0.0,1.061
-0.3938,-0.3933,-0.394,-1.419,1.419,1.257,-0.3367,0.02371,1.337,1.256,0.3196,0.01987,0.857,0.3862,0.0,0.0,-1.039,-1.125,0.6133,1.0,-0.2903,-0.1643,0.17,-0.0759,1.304,0.333,0.03137,0.0,0.11786,1.329,0.0,1.517,1.526,-0.3806,-0.408,0.0,0.0,-0.4028,0.0,-0.11017,1.146,1.0,0.0,0.0,0.0,0.0,1.0,0.0,0.5,-1.286,1.443,0.0,0.0,0.5,-0.5,0.0,0.0,0.0,0.0
-0.3916,-0.3909,-0.3916,-1.02,1.017,1.257,-0.3367,0.0727,0.884,1.136,0.3367,-0.199,0.857,0.3862,0.0,0.0,-0.946,-1.035,0.5527,0.0,-0.2878,0.1696,0.2281,0.01116,0.83,0.368,0.2583,-0.591,0.11334,0.0,0.858,0.3699,-0.372,-0.3762,-0.4067,0.0,0.0,-0.4,0.0,-0.1189,0.8784,1.0,0.0,0.0,0.0,-0.2634,0.0,0.0,0.0,-0.9053,1.052,0.0,1.0,0.5,-0.5,0.0,0.0,0.0,-0.4736
-0.3894,-0.389,-0.3896,-0.859,0.8516,1.257,-0.3367,0.1342,0.6636,1.098,0.3562,-0.09894,0.857,0.3862,0.0,0.0,-0.912,-1.011,0.5405,0.0,-0.2854,0.3337,0.2659,0.09344,0.6104,0.4004,0.519,-0.1194,0.1173,-0.591,1.329,0.0,-0.4993,-0.3738,-0.4058,0.0,0.0,-0.3972,0.0,-0.12085,1.019,1.0,0.0,0.0,0.0,-0.06195,0.0,0.0,0.0,-0.7847,0.8545,0.0,2.0,0.5,-0.5,0.0,0.0,0.0,-0.1125
-0.3875,-0.387,-0.3877,-0.865,0.8564,1.257,0.5166,0.1256,0.6426,1.12,0.3726,0.1137,0.857,0.3862,0.0,0.0,-0.9297,-1.028,0.565,0.0,-0.2827,0.00606,0.2861,0.1617,0.6084,0.425,0.792,0.2393,0.003073,-0.1194,0.0,0.8574,-0.5034,-0.3716,-0.4045,0.0,0.0,-0.3933,0.0,-0.1176,0.952,1.0,0.0,0.0,0.0,0.07336,0.0,0.5,0.0,-0.854,0.7905,1.0,0.0,0.5,-0.5,0.0,0.0,0.0,0.1334
-0.3848,-0.3843,-0.385,-1.169,1.163,1.257,0.5166,-0.06256,0.998,1.264,0.386,0.6567,0.857,0.3862,0.0,0.0,-1.052,-1.123,0.6133,1.0,-0.2903,0.1412,0.3167,0.2151,0.9478,0.4043,0.8384,0.953,-0.0679,0.2393,-0.591,1.328,0.254,-0.3682,-0.402,0.0,0.0,-0.3894,0.0,-0.1041,0.8774,1.0,0.0,0.0,0.0,0.3027,0.0,0.5,0.0,-1.11,1.125,2.0,0.0,-0.5,-0.5,0.0,0.0,0.0,0.5483
-0.382,-0.3813,-0.3823,-1.19,1.186,1.257,0.5166,-0.1019,1.026,1.305,0.4033,0.171,0.857,0.3862,0.0,0.0,-1.085,-1.151,0.6133,1.0,-0.2903,-0.3386,0.3457,0.2559,0.9653,0.401,0.4895,0.3518,-0.09564,0.953,-0.1193,0.0,1.517,-0.3655,-0.3997,0.0,0.0,-0.386,0.0,-0.09924,1.095,1.0,0.0,0.0,0.0,0.1893,1.0,0.5,0.5,-1.14,1.139,3.0,0.0,-0.5,-0.5,0.0,0.0,0.0,0.3376
-0.379,-0.3784,-0.3792,-1.354,1.353,1.257,0.5166,-0.09644,1.1875,1.405,0.4282,0.298,0.857,0.3862,0.0,0.0,-1.156,-1.229,0.6133,1.0,-0.2903,-0.5063,0.3635,0.2856,1.154,0.3628,0.4812,0.699,-0.0638,0.3518,0.2391,-0.591,0.3696,-0.3633,-0.397,0.0,0.0,-0.383,0.0,-0.08923,1.407,1.0,0.0,0.0,0.0,0.3015,2.0,0.5,1.0,-1.283,1.3125,4.0,0.0,-0.5,-0.5,1.0,0.0,2.166,0.5347
-0.3743,-0.3735,-0.3745,-1.631,1.803,0.833,0.5166,0.0261,1.907,1.481,0.4688,0.7866,0.857,0.3862,0.0,0.0,-1.156,-1.333,0.6133,1.0,-0.2903,1.561,0.38,0.3167,1.872,0.2141,0.6113,2.074,0.03928,0.699,0.9526,-0.1193,0.0,-0.3584,-0.3938,0.0,0.0,-0.3792,0.0,-0.0589,1.478,1.0,0.0,1.0,0.0,1.567,3.0,1.0,1.5,-1.384,2.045,5.0,0.0,0.0,-0.5,0.0,0.0,0.0,2.746
-0.3708,-0.37,-0.371,-1.513,1.524,0.833,0.5166,0.1748,1.294,1.481,0.503,-0.2065,0.857,0.3862,0.0,0.0,-1.156,-1.333,0.533,0.0,-0.2878,0.689,0.3953,0.3474,1.24,0.267,0.523,-0.78,0.05716,2.074,0.3518,0.2391,0.8574,-0.354,-0.391,0.0,0.0,-0.3755,0.0,-0.0712,1.405,1.0,0.0,0.0,0.0,-0.586,2.0,0.5,1.0,-1.379,1.542,0.0,1.0,0.0,-0.5,0.0,0.0,0.0,-0.992
-0.3677,-0.367,-0.368,-1.309,1.314,0.833,0.5166,0.08405,1.046,1.481,0.528,-0.04974,0.857,0.3862,0.0,0.0,-1.156,-1.333,0.522,0.0,-0.2854,-0.524,0.414,0.3787,0.9487,0.3132,0.2079,-0.11285,0.06836,-0.78,0.699,0.9526,1.328,-0.3494,-0.3882,0.0,0.0,-0.3723,0.0,-0.0732,1.235,1.0,0.0,0.0,0.0,-0.05585,1.0,0.0,0.5,-1.199,1.321,0.0,2.0,0.0,-0.5,0.0,0.0,0.0,-0.0958
-0.3657,-0.3652,-0.366,-0.737,0.7324,0.833,0.2421,0.1066,0.3933,1.342,0.544,-0.4736,0.857,0.3862,0.0,0.0,-1.094,-1.2,0.419,0.0,-0.2827,0.11084,0.4146,0.4136,0.291,0.3433,0.3047,-1.018,0.07117,-0.11285,2.074,0.3516,0.0,-0.3467,-0.3857,0.0,0.0,-0.3704,0.0,-0.0888,0.7847,1.0,0.0,0.0,0.0,-0.566,0.0,0.0,0.0,-0.605,0.8086,0.0,3.0,0.0,-0.5,0.0,0.0,0.0,-0.973
-0.3655,-0.365,-0.3657,0.003407,-0.01816,0.833,-0.526,0.3306,-0.43,1.066,0.551,-1.633,0.7144,0.3862,-1.0,0.0,-0.8706,-1.005,0.2703,0.0,-0.2803,2.213,0.3984,0.4358,-0.502,0.3555,0.5737,-1.495,0.03943,-1.018,-0.7793,0.699,-0.591,-0.3472,-0.3833,0.0,0.0,-0.3687,0.0,-0.1114,0.3318,0.0,0.0,0.0,0.0,-1.15,-1.0,0.0,0.0,0.1328,0.1126,0.0,4.0,0.0,-0.5,0.0,0.0,0.0,-2.014
-0.3652,-0.3647,-0.3655,0.01484,-0.03488,0.833,-0.526,0.2458,-0.4785,1.05,0.5522,0.3118,0.5713,0.3862,-1.0,0.0,-0.8657,-0.983,0.2703,0.0,-0.2778,-0.4844,0.3682,0.44,-0.538,0.363,0.6406,0.0,-0.013336,-1.495,-0.1128,2.074,-0.1193,-0.3481,-0.3813,0.0,0.0,-0.367,0.0,-0.1116,0.1836,0.0,0.0,0.0,0.0,0.0,-2.0,0.0,-0.5,0.07794,0.0246,0.0,0.0,0.0,-0.5,0.0,0.0,0.0,0.0
-0.3645,-0.364,-0.3645,-0.2306,0.2107,0.833,-0.526,0.1257,-0.217,1.132,0.5493,-0.646,0.4285,0.3862,-1.0,0.0,-0.938,-1.037,0.3274,0.0,-0.2751,-0.651,0.3264,0.4233,-0.292,0.3706,0.586,0.59,-0.0945,0.0,-1.018,-0.7793,0.2391,-0.349,-0.3784,0.0,0.0,-0.3647,0.0,-0.10315,0.03537,0.0,0.0,0.0,0.0,0.1573,-1.0,0.0,-0.5,-0.1227,0.2998,1.0,0.0,0.0,-0.5,0.0,0.0,0.0,0.2822
-0.3638,-0.3633,-0.3638,-0.1945,0.1746,0.833,-0.526,0.1818,-0.2415,1.115,0.5464,0.405,0.2856,0.3862,-1.0,0.0,-0.921,-1.029,0.3274,0.0,-0.2727,0.4492,0.2815,0.3884,-0.3157,0.3755,0.292,0.0,-0.1877,0.59,-1.495,-0.1128,0.9526,-0.353,-0.3757,0.0,0.0,-0.3625,0.0,-0.10333,0.03537,0.0,0.0,0.0,0.0,0.0,-1.0,-0.5,-0.5,-0.1199,0.2303,0.0,0.0,0.0,-0.5,0.0,0.0,0.0,0.0
-0.364,-0.3633,-0.364,0.1995,-0.2246,0.833,-0.526,0.2406,-0.6567,0.9614,0.542,3.75,0.1428,0.3862,-1.0,0.0,-0.7983,-0.91,0.2473,0.0,-0.2703,0.4756,0.2245,0.3428,-0.726,0.379,0.1743,-0.818,-0.2373,0.0,0.0,-1.017,0.3516,-0.357,-0.3738,0.0,0.0,-0.3613,0.0,-0.1154,-0.02513,0.0,0.0,0.0,0.0,-0.2964,-1.0,-1.0,-0.5,0.2898,-0.12115,0.0,1.0,0.0,-0.5,0.0,0.0,0.0,-0.527
-0.364,-0.3635,-0.3643,0.2462,-0.2732,0.833,-0.526,0.2451,-0.73,0.9263,0.538,0.2908,0.0,0.3862,-1.0,0.0,-0.7705,-0.881,0.2358,0.0,-0.2676,0.3196,0.1573,0.2854,-0.809,0.3848,-0.1115,-0.1184,-0.28,-0.818,0.59,-1.494,0.699,-0.3608,-0.3723,0.0,0.0,-0.3606,0.0,-0.1173,-0.02513,0.0,0.0,0.0,0.0,-0.03738,-1.0,-1.5,-0.5,0.3286,-0.1748,0.0,2.0,0.0,-0.5,0.0,0.0,0.0,-0.0673
-0.3643,-0.3638,-0.3643,0.2367,-0.2634,0.833,-0.526,0.2878,-0.738,0.9106,0.532,0.1572,-0.1428,0.3862,-1.0,0.0,-0.755,-0.872,0.2358,0.0,-0.2651,0.4792,0.0715,0.2242,-0.8154,0.386,-0.931,0.0,-0.3289,-0.1184,0.0,0.0,2.072,-0.3633,-0.3708,0.0,0.0,-0.3596,0.0,-0.1175,-0.07983,0.0,0.0,0.0,0.0,0.0,-1.0,-1.5,-1.0,0.27,-0.2191,0.0,0.0,0.0,-0.5,0.0,0.0,0.0,0.0
-0.3647,-0.3643,-0.365,0.3882,-0.4136,0.833,-0.526,0.3445,-0.873,0.8364,0.518,0.381,-0.2856,0.3862,-1.0,0.0,-0.6914,-0.8154,0.2014,0.0,-0.2627,0.6514,-0.03326,0.1603,-0.9746,0.3843,-0.7754,-0.356,-0.3464,0.0,-0.8174,0.5894,-0.7793,-0.3643,-0.3696,0.0,0.0,-0.3594,0.0,-0.12274,-0.4146,0.0,0.0,0.0,0.0,-0.0962,-2.0,-1.5,-1.5,0.4119,-0.368,0.0,1.0,0.0,-0.5,0.0,0.0,0.0,-0.1736
-0.3647,-0.364,-0.3647,0.103,-0.1233,0.833,-0.526,0.3777,-0.5596,0.9204,0.506,-0.3105,-0.4285,0.3862,-1.0,0.0,-0.7544,-0.889,0.2588,0.0,-0.26,0.3127,-0.1528,0.0947,-0.6865,0.3826,-0.8555,0.5967,-0.3464,-0.356,-0.1184,0.0,-0.1128,-0.3645,-0.3682,0.0,0.0,-0.3594,0.0,-0.1143,-0.3472,0.0,0.0,0.0,0.0,0.1693,-1.0,-1.5,-1.5,0.1356,-0.0901,1.0,0.0,0.0,-0.5,0.0,0.0,0.0,0.3074
-0.365,-0.3643,-0.365,0.2644,-0.2869,0.833,-0.526,0.335,-0.667,0.847,0.487,0.4077,-0.5713,0.3862,-1.0,0.0,-0.7007,-0.8237,0.2244,0.0,-0.2576,-0.7964,-0.2942,0.03084,-0.819,0.3748,-0.5737,-0.3545,-0.342,0.5967,0.0,-0.8174,-1.017,-0.3657,-0.3674,0.0,0.0,-0.3594,0.0,-0.1195,-0.6367,0.0,0.0,0.0,0.0,-0.0733,-1.0,-1.5,-2.0,0.195,-0.3523,0.0,1.0,0.0,-0.5,0.0,0.0,0.0,-0.1317
-0.3652,-0.3647,-0.3652,0.354,-0.388,0.833,-0.526,0.1584,-0.6367,0.7944,0.4531,0.0832,-0.7144,0.3862,-1.0,0.0,-0.675,-0.7617,0.2014,0.0,-0.2551,-0.3123,-0.4187,-0.04013,-0.788,0.3442,-0.09894,-0.2378,-0.342,-0.3545,-0.356,-0.11835,-1.494,-0.3674,-0.3667,0.0,0.0,-0.3594,0.0,-0.1231,-1.582,0.0,1.0,0.0,0.0,-0.0644,-1.0,-1.5,-2.0,0.2532,-0.4805,0.0,2.0,0.0,-0.5,0.0,0.0,0.0,-0.11646
-0.3645,-0.364,-0.3645,-0.241,0.2072,0.833,-0.526,0.0838,0.0702,0.9946,0.4321,-1.344,-0.7144,0.3862,0.0,0.0,-0.838,-0.9224,0.3274,0.0,-0.2524,0.7637,-0.481,-0.1144,-0.02771,0.3154,-0.12415,1.313,-0.357,-0.2378,0.5967,0.0,0.0,-0.3665,-0.3652,0.0,0.0,-0.359,0.0,-0.1045,-0.8115,0.0,0.0,0.0,0.0,0.5186,0.0,-1.0,-2.0,-0.2421,0.177,1.0,0.0,0.0,-0.5,0.0,0.0,0.0,0.9414
-0.363,-0.3625,-0.363,-0.608,0.574,0.833,-0.526,0.148,0.5693,1.135,0.4177,3.098,-0.7144,0.3862,0.0,0.0,-0.9385,-1.042,0.419,0.0,-0.25,0.575,-0.471,-0.1926,0.481,0.3044,-0.3132,0.9346,-0.3618,1.313,-0.3545,-0.356,0.5894,-0.364,-0.3635,0.0,0.0,-0.358,0.0,-0.09106,-0.4395,0.0,0.0,0.0,0.0,0.4014,1.0,-1.0,-1.5,-0.5923,0.533,2.0,0.0,0.0,-0.5,0.0,0.0,0.0,0.7134
-0.3618,-0.3616,-0.3618,-0.3884,0.3503,0.833,-0.526,0.1328,0.409,1.06,0.4077,-0.1144,-0.7144,0.3862,0.0,0.0,-0.8833,-0.98,0.3845,0.0,-0.2474,0.1199,-0.4412,-0.2732,0.323,0.3018,-0.2795,-0.345,-0.3606,0.9346,-0.2378,0.5967,0.0,-0.3618,-0.3618,0.0,0.0,-0.3574,0.0,-0.09644,-0.248,0.0,0.0,0.0,0.0,-0.1797,0.0,-1.0,-1.5,-0.4463,0.2468,0.0,1.0,0.0,-0.5,0.0,0.0,0.0,-0.3145
-0.36,-0.3596,-0.36,-0.732,0.701,0.833,-0.526,-0.0774,0.7944,1.198,0.4133,0.95,-0.5713,0.3862,0.0,0.0,-1.006,-1.07,0.476,0.0,-0.245,0.0961,-0.422,-0.353,0.7393,0.3098,0.03558,0.9253,-0.3445,-0.345,1.3125,-0.3545,-0.8174,-0.3582,-0.3604,0.0,0.0,-0.3567,0.0,-0.08295,0.585,0.0,0.0,0.0,0.0,0.2727,1.0,-0.5,-1.0,-0.7236,0.643,1.0,0.0,0.0,-0.5,0.0,0.0,0.0,0.4797
-0.3577,-0.3572,-0.3577,-0.9824,0.9624,0.833,-0.526,-0.03555,1.091,1.315,0.4238,0.5,-0.4285,0.3862,0.0,0.0,-1.087,-1.166,0.556,0.0,-0.2424,0.2272,-0.42,-0.4346,1.006,0.336,0.1616,0.7974,-0.3113,0.9253,0.934,-0.2377,-0.11835,-0.354,-0.359,0.0,0.0,-0.356,0.0,-0.0712,0.7544,0.0,0.0,0.0,0.0,0.4116,2.0,0.0,-0.5,-0.9526,0.908,2.0,0.0,0.0,-0.5,0.0,0.0,0.0,0.713
-0.3557,-0.3552,-0.3557,-0.825,0.8076,-0.2458,-0.526,-0.04532,0.952,1.276,0.4294,0.01729,-0.2856,0.3862,0.0,0.0,-1.061,-1.135,0.545,0.0,-0.2399,-0.6787,-0.4219,-0.4922,0.822,0.3616,0.2793,-0.1124,-0.3374,0.7974,-0.345,1.3125,0.0,-0.3499,-0.3572,0.0,0.0,-0.3564,0.0,-0.07324,0.586,0.0,0.0,0.0,0.0,-0.06323,1.0,0.0,-1.0,-0.8022,0.7583,0.0,1.0,0.0,-0.5,0.0,0.0,0.0,-0.10815
-0.354,-0.3535,-0.354,-0.6357,0.6177,-0.2458,-0.526,-0.09204,0.766,1.219,0.4336,-0.04828,-0.1428,0.3862,0.0,0.0,-1.021,-1.085,0.522,0.0,-0.2374,-0.2196,-0.4214,-0.519,0.6353,0.3765,0.519,-0.2252,-0.341,-0.1124,0.9253,0.934,-0.3557,-0.3455,-0.356,0.0,0.0,-0.3564,0.0,-0.0768,0.4888,0.0,0.0,0.0,0.0,-0.0761,0.0,0.0,-1.0,-0.6553,0.5366,0.0,2.0,0.0,-0.5,0.0,0.0,0.0,-0.1304
-0.3533,-0.3528,-0.3533,-0.267,0.2435,-0.2458,-0.526,-0.1111,0.3489,1.084,0.4387,-0.3765,0.0,0.3862,0.0,0.0,-0.9233,-0.976,0.4534,0.0,-0.2349,-0.2057,-0.4143,-0.521,0.2202,0.3926,0.4265,-0.678,-0.358,-0.2252,0.7974,-0.345,0.5967,-0.3438,-0.3552,0.0,0.0,-0.3567,0.0,-0.0873,0.5366,0.0,0.0,0.0,0.0,-0.3213,0.0,-0.5,-1.0,-0.2783,0.2001,0.0,3.0,0.0,-0.5,0.0,0.0,0.0,-0.5522
-0.353,-0.3525,-0.353,0.02242,-0.0514,-0.2458,-0.526,-0.1342,0.006737,0.9697,0.4412,-0.6655,0.1428,0.3862,0.0,0.0,-0.8384,-0.881,0.396,0.0,-0.2323,-0.1938,-0.4028,-0.5127,-0.1124,0.4036,0.624,-0.572,-0.3606,-0.678,-0.11237,0.925,-0.3545,-0.344,-0.355,0.0,0.0,-0.357,0.0,-0.096,0.354,0.0,0.0,0.0,0.0,-0.2006,-1.0,-0.5,-1.0,0.02512,-0.05707,0.0,4.0,0.0,-0.5,0.0,0.0,0.0,-0.3486
-0.351,-0.3506,-0.351,-0.7524,0.7354,-0.2458,0.4075,-0.11005,0.791,1.26,0.455,7.203,0.2856,0.3862,0.0,0.0,-1.054,-1.115,0.579,0.0,-0.2299,0.8237,-0.3765,-0.496,0.6826,0.424,0.771,1.848,-0.3215,-0.572,-0.2252,0.797,-0.2377,-0.3413,-0.3538,0.0,0.0,-0.3555,0.0,-0.06885,0.705,0.0,0.0,0.0,0.0,0.6035,-1.0,0.0,-0.5,-0.632,0.7983,1.0,0.0,0.0,-0.5,0.0,0.0,0.0,1.06
-0.3494,-0.3489,-0.3494,-0.6685,0.648,-0.2458,0.4075,-0.1771,0.654,1.24,0.4717,-0.02284,0.4285,0.3862,0.0,0.0,-1.046,-1.094,0.579,0.0,-0.2273,-0.2311,-0.3206,-0.4639,0.517,0.4583,0.4475,0.0,-0.293,1.848,-0.678,-0.11237,1.3125,-0.3398,-0.3523,0.0,0.0,-0.354,0.0,-0.0692,0.8257,1.0,0.0,0.0,0.0,0.0,-1.0,-0.5,-0.5,-0.5815,0.68,0.0,0.0,0.0,-0.5,0.0,0.0,0.0,0.0
-0.3494,-0.3489,-0.3494,0.1501,-0.1819,-0.2458,0.36,-0.0688,-0.2438,0.9355,0.4736,-1.138,0.4285,0.3862,-1.0,0.0,-0.806,-0.859,0.4075,0.0,-0.2247,0.579,-0.2664,-0.4324,-0.3655,0.469,0.2037,-1.68,-0.2942,0.0,-0.572,-0.2252,0.934,-0.342,-0.3518,0.0,0.0,-0.3535,0.0,-0.09503,0.1982,0.0,0.0,0.0,0.0,-0.6562,-1.0,-1.0,-1.0,0.2642,-0.0564,0.0,1.0,0.0,-0.5,0.0,1.0,-3.82,-1.118
-0.3467,-0.3462,-0.3467,-1.062,1.05,0.08417,0.36,0.11835,0.992,1.3955,0.496,-10.4,0.5713,0.3862,0.0,0.0,-1.131,-1.242,0.6133,1.0,-0.2903,1.521,-0.2024,-0.3943,0.905,0.413,0.3257,2.549,-0.2275,-1.68,1.847,-0.678,-0.3447,-0.3398,-0.3506,0.0,0.0,-0.3518,0.0,-0.0526,0.708,0.0,0.0,0.0,0.0,1.543,0.0,-0.5,-0.5,-0.7554,1.29,1.0,0.0,0.0,-0.5,0.0,0.0,0.0,2.703
-0.3452,-0.3447,-0.3452,-0.595,0.5728,0.08417,0.36,0.2417,0.428,1.233,0.5146,-0.416,0.7144,0.3862,0.0,0.0,-1.003,-1.129,0.529,0.0,-0.2878,0.663,-0.1418,-0.3518,0.3884,0.4343,0.10284,-0.8247,-0.2169,2.549,0.0,-0.5713,0.925,-0.3386,-0.3496,0.0,0.0,-0.35,0.0,-0.0657,0.559,0.0,0.0,0.0,0.0,-0.3987,0.0,-1.0,-0.5,-0.3315,0.803,0.0,1.0,0.0,-0.5,0.0,0.0,0.0,-0.6665
-0.3447,-0.3442,-0.3447,-0.0632,0.03018,0.08417,0.2556,0.2756,-0.1608,1.035,0.518,-1.046,0.5713,0.3862,-1.0,0.0,-0.8516,-0.9736,0.4214,0.0,-0.2854,0.6245,-0.1028,-0.3088,-0.2118,0.4507,-0.1431,-1.059,-0.2369,-0.8247,-1.68,1.847,0.797,-0.3381,-0.3494,0.0,0.0,-0.3486,0.0,-0.08203,0.1608,0.0,0.0,0.0,0.0,-0.385,-1.0,-1.5,-1.0,0.1847,0.2847,0.0,2.0,0.0,-0.5,0.0,0.0,0.0,-0.653
-0.3428,-0.3423,-0.3428,-0.7676,0.7466,0.08417,0.2556,0.3643,0.5835,1.303,0.526,-17.1,0.5713,0.3862,0.0,0.0,-1.042,-1.194,0.591,0.0,-0.2827,2.053,-0.07983,-0.2637,0.512,0.4712,-0.122,1.702,-0.2284,-1.059,2.547,0.0,-0.11237,-0.3345,-0.349,0.0,0.0,-0.3467,0.0,-0.05673,0.2744,0.0,0.0,0.0,0.0,0.971,0.0,-1.0,-1.0,-0.4194,1.056,1.0,0.0,0.0,-0.5,0.0,0.0,0.0,1.677
-0.3418,-0.3413,-0.3418,-0.2986,0.2703,0.08417,0.2556,0.4536,0.07245,1.133,0.531,-0.659,0.5713,0.3862,0.0,0.0,-0.9097,-1.069,0.5005,0.0,-0.2803,0.673,-0.0776,-0.2208,0.00886,0.485,0.008255,-0.883,-0.266,1.702,-0.824,-1.68,-0.2251,-0.3345,-0.349,0.0,0.0,-0.3447,0.0,-0.0706,0.1681,0.0,0.0,0.0,0.0,-0.4363,0.0,-1.0,-1.0,0.02728,0.5913,0.0,1.0,0.0,-0.5,0.0,0.0,0.0,-0.7324
-0.3418,-0.3413,-0.3418,0.1138,-0.1471,0.08417,0.2556,0.523,-0.3481,0.9746,0.5244,-2.316,0.4285,0.3862,-1.0,0.0,-0.783,-0.9478,0.4158,0.0,-0.2778,0.4739,-0.0977,-0.1849,-0.4177,0.4888,0.2815,-0.84,-0.302,-0.883,-1.059,2.547,-0.6777,-0.3354,-0.349,0.0,0.0,-0.3438,0.0,-0.0837,-0.1104,0.0,0.0,0.0,0.0,-0.363,-1.0,-1.0,-1.5,0.4233,0.1881,0.0,2.0,0.0,-0.5,0.0,0.0,0.0,-0.618
-0.341,-0.3406,-0.341,-0.1567,0.1257,0.08417,0.2556,0.4292,-0.04407,1.0625,0.516,-1.288,0.4285,0.3862,0.0,0.0,-0.859,-1.011,0.478,0.0,-0.2751,-0.6045,-0.12274,-0.157,-0.1265,0.4907,0.5063,0.6245,-0.3574,-0.84,1.702,-0.824,-0.5713,-0.3335,-0.3486,0.0,0.0,-0.342,0.0,-0.07446,-0.1375,0.0,0.0,0.0,0.0,0.221,0.0,-0.5,-1.5,0.1915,0.4822,1.0,0.0,0.0,-0.5,0.0,0.0,0.0,0.3818
-0.3389,-0.3384,-0.3389,-0.8877,0.8726,0.08417,0.2556,0.5015,0.771,1.347,0.5205,12.73,0.4285,0.3862,0.0,0.0,-1.062,-1.241,0.6133,1.0,-0.2903,0.4722,-0.1465,-0.1399,0.712,0.4524,-0.1073,1.799,-0.3977,0.6245,-0.8823,-1.059,1.847,-0.3328,-0.3472,0.0,0.0,-0.3396,0.0,-0.0473,0.1393,0.0,0.0,0.0,0.0,0.573,1.0,-0.5,-1.0,-0.4321,1.289,2.0,0.0,0.0,-0.5,1.0,0.0,3.984,0.9795
-0.338,-0.3374,-0.3381,-0.2432,0.2213,0.08417,0.2556,0.609,0.10724,1.112,0.518,-0.6787,0.4285,0.3862,0.0,0.0,-0.88,-1.067,0.4846,0.0,-0.2878,0.3633,-0.1776,-0.1383,0.0543,0.4592,-0.0485,-1.255,-0.434,1.799,-0.84,1.701,0.0,-0.3328,-0.3462,0.0,0.0,-0.3381,0.0,-0.0671,-0.02322,0.0,0.0,0.0,0.0,-0.4397,0.0,-0.5,-1.0,0.2152,0.691,0.0,1.0,0.0,-0.5,0.0,0.0,0.0,-0.73
-0.3367,-0.3362,-0.3367,-0.4475,0.4265,0.08417,0.2556,0.5386,0.3088,1.188,0.5234,1.138,0.4285,0.3862,0.0,0.0,-0.9434,-1.122,0.5405,0.0,-0.2854,-0.619,-0.2114,-0.1476,0.2695,0.471,0.5923,0.557,-0.4353,-1.255,0.6245,-0.8823,-1.679,-0.3306,-0.345,0.0,0.0,-0.337,0.0,-0.0587,0.1462,0.0,0.0,0.0,0.0,0.131,1.0,0.0,-0.5,0.01845,0.888,1.0,0.0,0.0,-0.5,0.0,0.0,0.0,0.222
-0.3367,-0.3362,-0.3367,0.09406,-0.1247,0.08417,0.2556,0.721,-0.2935,0.9834,0.526,-1.415,0.2856,0.3862,-1.0,0.0,-0.7725,-0.974,0.4285,0.0,-0.2827,1.288,-0.2551,-0.167,-0.3242,0.482,-0.3638,-1.1045,-0.4675,0.557,1.798,-0.84,2.547,-0.3323,-0.3442,0.0,0.0,-0.3362,0.0,-0.0759,0.06274,0.0,0.0,0.0,0.0,-0.4446,1.0,-0.5,-0.5,0.5034,0.3176,0.0,1.0,0.0,-0.5,0.0,0.0,0.0,-0.747
-0.337,-0.3364,-0.337,0.2734,-0.3062,0.08417,0.2556,0.672,-0.4622,0.902,0.5137,1.182,0.1428,0.3862,-1.0,0.0,-0.7134,-0.9014,0.3892,0.0,-0.2803,0.5444,-0.3062,-0.197,-0.512,0.4814,-0.101,-0.3938,-0.473,-1.1045,-1.255,0.6245,-0.824,-0.3333,-0.3435,0.0,0.0,-0.336,0.0,-0.08215,-0.2345,0.0,0.0,0.0,0.0,-0.1724,0.0,-0.5,-1.0,0.696,0.1644,0.0,2.0,0.0,-0.5,0.0,0.0,0.0,-0.295
-0.3386,-0.3381,-0.3389,1.016,-1.046,0.08417,-0.3904,0.915,-1.181,0.6157,0.4912,2.414,0.0,0.3862,-1.0,0.0,-0.4617,-0.6787,0.2266,0.0,-0.2778,1.07,-0.358,-0.2362,-1.144,0.4478,0.2625,-1.643,-0.4238,-0.3938,0.557,1.798,-1.059,-0.3352,-0.343,0.0,0.0,-0.337,0.0,-0.1073,-0.4375,0.0,0.0,0.0,0.0,-1.445,-1.0,-0.5,-1.0,1.4,-0.558,0.0,3.0,0.0,-0.5,0.0,1.0,-3.82,-2.488
-0.3403,-0.3396,-0.3403,0.907,-0.935,0.08417,-0.3904,0.8145,-1.135,0.612,0.4807,0.0951,0.0,0.3862,-1.0,0.0,-0.4675,-0.666,0.2322,0.0,-0.2751,-0.1842,-0.419,-0.275,-1.07,0.4375,-0.4246,0.05823,-0.3862,-1.643,-1.1045,-1.255,1.701,-0.3381,-0.3428,0.0,0.0,-0.338,0.0,-0.1067,-0.2183,0.0,0.0,0.0,0.0,0.02985,0.0,-0.5,-0.5,1.149,-0.6113,1.0,0.0,0.0,-0.5,0.0,0.0,0.0,0.05286
-0.341,-0.3406,-0.341,0.5723,-0.599,0.08417,-0.3904,0.6216,-0.7627,0.6924,0.4548,-0.257,-0.1428,0.3862,-1.0,0.0,-0.551,-0.7183,0.2883,0.0,-0.2727,0.734,-0.4595,-0.3184,-0.68,0.412,-0.206,0.5815,-0.3706,0.05823,-0.3938,0.557,-0.8823,-0.3425,-0.342,0.0,0.0,-0.3384,0.0,-0.09845,-0.6094,0.0,0.0,0.0,0.0,0.3442,0.0,0.0,-0.5,0.818,-0.298,2.0,0.0,0.0,-0.5,0.0,0.0,0.0,0.609
-0.342,-0.3416,-0.342,0.6104,-0.636,0.08417,-0.3904,0.615,-0.7725,0.6514,0.4336,0.1592,-0.2856,0.3862,-1.0,0.0,-0.5176,-0.6816,0.2715,0.0,-0.2703,0.585,-0.4614,-0.361,-0.6655,0.3914,0.04608,-0.1729,-0.358,0.5815,-1.642,-1.104,-0.8394,-0.3455,-0.3416,0.0,0.0,-0.3389,0.0,-0.10126,-0.515,0.0,0.0,0.0,0.0,-0.09595,0.0,0.0,-0.5,0.806,-0.3862,0.0,1.0,0.0,-0.5,0.0,0.0,0.0,-0.1681
-0.3445,-0.3438,-0.3447,1.401,-1.423,0.08417,-0.3904,0.8467,-1.537,0.3506,0.4087,1.42,-0.2856,0.3862,-1.0,0.0,-0.2418,-0.4304,0.0976,0.0,-0.2676,2.41,-0.3904,-0.3933,-1.298,0.3433,-0.2229,-1.791,-0.29,-0.1729,0.05823,-0.3936,0.6245,-0.3518,-0.3416,0.0,0.0,-0.3396,0.0,-0.1284,-0.6094,0.0,0.0,0.0,0.0,-2.678,0.0,-0.5,-0.5,1.558,-1.154,0.0,2.0,0.0,-0.5,0.0,0.0,0.0,-4.707
-0.3474,-0.3467,-0.3477,1.59,-1.609,0.08417,-0.3904,0.6904,-1.672,0.2375,0.3684,0.2468,-0.4285,0.3862,-1.0,0.0,-0.1555,-0.3083,0.0359,0.0,-0.2651,0.4272,-0.2676,-0.3865,-1.361,0.291,-1.021,-0.6553,-0.1992,-1.791,0.5815,-1.642,1.798,-0.3572,-0.3418,0.0,0.0,-0.3418,0.0,-0.1383,-1.071,0.0,1.0,0.0,0.0,-0.6963,0.0,-1.0,-1.0,1.722,-1.353,0.0,3.0,0.0,-0.5,0.0,0.0,0.0,-1.262
-0.35,-0.3494,-0.3503,1.54,-1.553,0.08417,-0.3904,0.6553,-1.607,0.1997,0.3333,0.0979,-0.5713,0.3862,-1.0,0.0,-0.1245,-0.2683,0.01907,0.0,-0.2627,0.3516,-0.1584,-0.3477,-1.326,0.2654,-0.7544,-0.1807,-0.1238,-0.6553,-0.1729,0.0582,-1.254,-0.3623,-0.3425,0.0,0.0,-0.344,0.0,-0.141,-0.9883,0.0,0.0,0.0,0.0,-0.0718,-1.0,-1.0,-1.0,1.637,-1.339,0.0,4.0,0.0,-0.5,0.0,0.0,0.0,-0.1315
-0.3516,-0.3506,-0.3518,0.862,-0.865,0.08417,-0.3904,0.574,-0.9614,0.3755,0.3113,-0.332,-0.5713,0.3862,-1.0,0.0,-0.288,-0.4277,0.1312,0.0,-0.26,-0.0025,-0.0653,-0.2986,-0.6694,0.2455,-1.14,1.208,-0.0961,-0.1807,-1.791,0.5815,0.557,-0.3635,-0.343,0.0,0.0,-0.3447,0.0,-0.1242,-0.595,0.0,0.0,0.0,0.0,0.6836,-1.0,-1.0,-0.5,1.021,-0.635,1.0,0.0,0.0,-0.5,0.0,0.0,0.0,1.256
-0.352,-0.351,-0.3523,0.3743,-0.3704,-0.1542,-0.3904,0.6523,-0.4343,0.513,0.291,-0.54,-0.7144,0.3862,-1.0,0.0,-0.3992,-0.5615,0.221,0.0,-0.2576,0.524,0.005283,-0.2482,-0.1761,0.2367,-0.872,0.9473,-0.11884,1.208,-0.6553,-0.1727,-1.104,-0.3638,-0.3433,0.0,0.0,-0.3464,0.0,-0.11084,-0.5327,0.0,0.0,0.0,0.0,0.5728,0.0,-0.5,-0.5,0.51,-0.2042,2.0,0.0,0.0,-0.5,1.0,0.0,3.324,1.031
-0.3528,-0.352,-0.353,0.5845,-0.593,-0.1542,-0.3904,0.648,-0.5317,0.419,0.2551,0.477,-0.857,0.3862,-1.0,0.0,-0.3188,-0.4749,0.1705,0.0,-0.2551,0.6206,0.0626,-0.1959,-0.3452,0.2192,-0.8027,-0.5244,-0.11993,0.9473,-0.1807,-1.791,-0.3936,-0.3655,-0.3438,0.0,0.0,-0.348,0.0,-0.1188,-1.058,0.0,1.0,0.0,0.0,-0.2708,0.0,-0.5,-1.0,0.6714,-0.4634,0.0,1.0,0.0,-0.5,0.0,0.0,0.0,-0.4802
-0.3535,-0.3528,-0.3538,0.5156,-0.527,-0.1542,-0.3904,0.737,-0.3923,0.4165,0.228,-0.2234,-1.0,0.3862,-1.0,0.0,-0.3088,-0.4812,0.1761,0.0,-0.2524,1.488,0.1024,-0.1469,-0.2477,0.2051,-0.2754,0.0588,-0.11127,-0.5244,1.208,-0.655,-1.642,-0.3667,-0.3447,0.0,0.0,-0.3489,0.0,-0.1181,-0.8604,0.0,0.0,0.0,0.0,0.02563,1.0,0.0,-0.5,0.581,-0.426,1.0,0.0,0.0,-0.5,0.0,0.0,0.0,0.04587
-0.3547,-0.354,-0.3547,0.688,-0.7114,-0.1542,-0.3904,0.8154,-0.4739,0.3308,0.194,0.4646,-1.143,0.3862,-1.0,0.0,-0.2272,-0.409,0.1312,0.0,-0.25,0.07715,0.1157,-0.1054,-0.425,0.195,-0.3154,-0.47,-0.1332,0.0588,0.9473,-0.1807,0.0582,-0.3662,-0.3455,0.0,0.0,-0.351,0.0,-0.1251,-1.108,0.0,1.0,0.0,0.0,-0.1848,1.0,-0.5,-1.0,0.7124,-0.6416,0.0,1.0,0.0,-0.5,0.0,0.0,0.0,-0.3303
-0.3547,-0.3542,-0.3547,0.213,-0.2395,-0.1542,-0.3904,0.722,0.06158,0.4678,0.174,-1.494,-1.0,0.3862,0.0,0.0,-0.3542,-0.527,0.221,0.0,-0.2474,0.838,0.09814,-0.0717,0.0826,0.1842,-0.5635,0.9473,-0.1508,-0.47,-0.5244,1.208,0.5815,-0.3638,-0.3462,0.0,0.0,-0.352,0.0,-0.1117,-0.6416,0.0,0.0,0.0,0.0,0.4565,1.0,-0.5,-0.5,0.2954,-0.1438,1.0,0.0,0.0,-0.5,0.0,0.0,0.0,0.8228
-0.3542,-0.3538,-0.3542,-0.1525,0.1247,-0.1542,-0.3904,0.6235,0.4978,0.5864,0.1621,2.852,-0.857,0.3862,0.0,0.0,-0.4631,-0.6245,0.2996,0.0,-0.245,-0.276,0.04922,-0.0464,0.511,0.1782,-0.5254,0.816,-0.1567,0.9473,0.05878,0.947,-0.1727,-0.3599,-0.3462,0.0,0.0,-0.3525,0.0,-0.1,-0.3464,0.0,0.0,0.0,0.0,0.3965,1.0,0.0,0.0,-0.0933,0.1669,2.0,0.0,0.0,-0.5,0.0,0.0,0.0,0.703
-0.3533,-0.3528,-0.3533,-0.2988,0.2734,-0.1542,-0.3904,0.414,0.657,0.639,0.1637,0.4282,-0.7144,0.3862,0.0,0.0,-0.526,-0.6514,0.3386,0.0,-0.2424,-0.514,-0.002903,-0.03094,0.7114,0.1781,0.1365,0.4026,-0.1716,0.816,-0.47,-0.5244,-1.79,-0.357,-0.346,0.0,0.0,-0.353,0.0,-0.0942,0.1621,0.0,0.0,0.0,0.0,0.1643,2.0,0.5,0.5,-0.2146,0.3315,3.0,0.0,0.0,-0.5,0.0,0.0,0.0,0.2874
-0.3538,-0.3533,-0.3538,0.3801,-0.4124,-0.2883,-0.3904,0.565,-0.04938,0.398,0.1559,-0.8604,-0.5713,0.3862,0.0,0.0,-0.3083,-0.4478,0.1985,0.0,-0.2399,0.8467,-0.08105,-0.02626,0.003332,0.1772,0.458,-1.428,-0.2612,0.4026,0.9473,0.05878,-0.655,-0.3572,-0.347,0.0,0.0,-0.355,0.0,-0.1157,-0.215,0.0,0.0,0.0,0.0,-0.5825,1.0,0.5,0.0,0.4727,-0.2925,0.0,1.0,0.0,-0.5,0.0,0.0,0.0,-1.013
-0.3547,-0.3542,-0.3547,0.619,-0.657,-0.2883,-0.3904,0.5195,-0.284,0.2969,0.1412,-3.77,-0.5713,0.3862,-1.0,0.0,-0.2238,-0.3484,0.1425,0.0,-0.2374,-0.005333,-0.1691,-0.03137,-0.2524,0.1713,0.582,-0.585,-0.3035,-1.428,0.816,-0.4697,-0.1805,-0.3577,-0.348,0.0,0.0,-0.3567,0.0,-0.1245,-0.4731,0.0,0.0,0.0,0.0,-0.341,1.0,0.5,-0.5,0.7227,-0.507,0.0,2.0,0.0,-0.5,0.0,0.0,0.0,-0.607
-0.3555,-0.355,-0.3555,0.4932,-0.532,-0.2883,-0.3904,0.4202,-0.1564,0.316,0.129,-0.686,-0.5713,0.3862,-1.0,0.0,-0.2495,-0.3572,0.1593,0.0,-0.2349,-0.406,-0.277,-0.0501,-0.1364,0.1652,0.2079,0.1772,-0.395,-0.585,0.4023,0.947,1.208,-0.358,-0.3484,0.0,0.0,-0.3586,0.0,-0.12225,-0.3958,0.0,0.0,0.0,0.0,0.1069,1.0,0.5,0.0,0.519,-0.4763,1.0,0.0,0.0,-0.5,0.0,0.0,0.0,0.192
-0.3562,-0.3557,-0.3562,0.537,-0.5806,-0.2883,-0.3904,0.1511,-0.2593,0.2795,0.1273,2.883,-0.5713,0.3862,-1.0,0.0,-0.2412,-0.2966,0.1425,0.0,-0.2323,-0.7207,-0.3667,-0.08734,-0.2197,0.1647,-0.11786,-0.1768,-0.4463,0.1772,-1.428,0.816,0.947,-0.3577,-0.3499,0.0,0.0,-0.3599,0.0,-0.125,-0.01435,0.0,0.0,0.0,0.0,-0.0714,0.0,0.0,0.0,0.538,-0.548,0.0,1.0,0.0,-0.5,0.0,0.0,0.0,-0.1279
-0.3564,-0.3562,-0.3564,0.2876,-0.3313,-0.2883,-0.3904,0.1131,-0.0843,0.3425,0.1321,-1.188,-0.4285,0.3862,0.0,0.0,-0.3005,-0.3528,0.1873,0.0,-0.2299,-0.1743,-0.4255,-0.1459,-0.08887,0.1843,0.04187,0.4727,-0.495,-0.1768,-0.585,0.4023,-0.5244,-0.3582,-0.3508,0.0,0.0,-0.361,0.0,-0.1184,0.2869,0.0,0.0,0.0,0.0,0.2615,0.0,0.5,0.5,0.3196,-0.2842,1.0,0.0,0.0,-0.5,0.0,0.0,0.0,0.47
-0.3567,-0.3562,-0.3564,0.1929,-0.2406,-0.2883,-0.2153,0.07184,-0.06586,0.3596,0.139,0.797,-0.2856,0.3862,0.0,0.0,-0.319,-0.3647,0.2041,0.0,-0.2273,-0.09937,-0.4727,-0.2031,-0.06274,0.1963,0.02718,0.1759,-0.4968,0.4727,0.1772,-1.428,0.05878,-0.3596,-0.3513,0.0,0.0,-0.361,0.0,-0.1162,0.381,0.0,0.0,0.0,0.0,0.1221,1.0,0.5,1.0,0.1808,-0.249,2.0,0.0,0.0,-0.5,0.0,0.0,0.0,0.2177
-0.3567,-0.3562,-0.3564,0.10986,-0.1569,-0.2883,-0.2153,0.1146,-0.01265,0.3765,0.1395,1.329,-0.1428,0.3862,0.0,0.0,-0.33,-0.3845,0.221,0.0,-0.2247,0.7593,-0.506,-0.273,-0.01214,0.2032,0.2058,0.1754,-0.498,0.1759,-0.1768,-0.585,-0.4697,-0.361,-0.3523,0.0,0.0,-0.361,0.0,-0.11395,0.1478,0.0,0.0,0.0,0.0,0.1266,2.0,1.0,1.0,0.06305,-0.2096,3.0,0.0,-1.0,-0.5,0.0,0.0,0.0,0.2251
-0.3567,-0.3564,-0.3564,0.1892,-0.2379,-0.2883,-0.2153,0.0508,-0.0926,0.338,0.1324,-0.7124,0.0,0.3862,0.0,0.0,-0.3018,-0.3423,0.2041,0.0,-0.2222,0.05792,-0.5366,-0.346,-0.1007,0.204,-0.0968,-0.1748,-0.513,0.1754,0.4727,0.1772,0.947,-0.361,-0.3533,0.0,0.0,-0.3616,0.0,-0.1168,-0.1971,0.0,0.0,0.0,0.0,-0.1167,1.0,0.5,0.5,0.11975,-0.309,0.0,1.0,-1.0,-0.5,0.0,0.0,0.0,-0.2069
-0.3577,-0.3574,-0.3577,0.6587,-0.7114,-0.2883,-0.2153,0.0807,-0.585,0.163,0.12225,-17.1,0.0,0.3862,-1.0,0.0,-0.1426,-0.1776,0.1032,0.0,-0.2197,0.725,-0.5503,-0.4287,-0.6064,0.203,-0.3975,-1.053,-0.519,-0.1748,0.1759,-0.1766,0.8154,-0.3616,-0.354,0.0,0.0,-0.3623,0.0,-0.1326,-0.3584,0.0,0.0,0.0,0.0,-0.7803,1.0,0.0,0.5,0.614,-0.719,0.0,2.0,-1.0,-0.5,0.0,0.0,0.0,-1.388
-0.358,-0.3577,-0.358,0.265,-0.3142,-0.2883,-0.2153,-0.0939,-0.2115,0.2715,0.11664,-0.7285,0.0,0.3862,-1.0,0.0,-0.256,-0.2656,0.1761,0.0,-0.2172,-0.409,-0.552,-0.4956,-0.2372,0.2029,-0.618,0.7734,-0.527,-1.053,0.1753,0.4727,0.4023,-0.3613,-0.355,0.0,0.0,-0.362,0.0,-0.1216,-0.1375,0.0,0.0,0.0,0.0,0.2438,1.0,0.0,0.5,0.259,-0.3103,1.0,0.0,-1.0,-0.5,0.0,0.0,0.0,0.4414
-0.3608,-0.3604,-0.3608,1.571,-1.623,-0.2883,-0.2255,0.2155,-1.512,-0.1748,0.0968,14.88,0.0,0.3862,-1.0,0.0,0.1895,0.1516,-0.0931,0.0,-0.2146,1.965,-0.553,-0.5327,-1.512,0.1842,-0.1536,-2.514,-0.46,0.7734,-0.1748,0.1758,-1.428,-0.3647,-0.3572,0.0,0.0,-0.3625,0.0,-0.1628,-0.6543,0.0,0.0,0.0,0.0,-2.04,0.0,0.0,0.5,1.59,-1.491,0.0,1.0,-1.0,-0.5,0.0,0.0,0.0,-3.643
-0.3618,-0.3613,-0.3618,0.632,-0.6714,-0.2883,-0.2255,0.1506,-0.622,0.0807,0.0815,-0.5557,-0.1428,0.3862,-1.0,0.0,-0.06055,-0.10333,0.0695,0.0,-0.2122,0.416,-0.55,-0.5576,-0.622,0.1711,-0.0527,1.788,-0.475,-2.514,-1.052,0.1753,-0.585,-0.3662,-0.3586,0.0,0.0,-0.3623,0.0,-0.1383,-0.462,0.0,0.0,0.0,0.0,0.941,0.0,0.5,0.5,0.748,-0.506,1.0,0.0,-1.0,-0.5,0.0,0.0,0.0,1.765
-0.3633,-0.3628,-0.3633,0.912,-0.9536,-0.2883,-0.2255,0.2279,-0.862,-0.0376,0.05615,0.6616,-0.2856,0.3862,-1.0,0.0,0.05768,0.00836,0.002249,0.0,-0.2096,0.52,-0.5317,-0.5664,-0.867,0.1509,-0.1431,-0.7183,-0.4446,1.788,0.7734,-0.1748,0.1772,-0.3691,-0.3604,0.0,0.0,-0.363,0.0,-0.1489,-0.7812,0.0,0.0,0.0,0.0,-0.4934,0.0,0.0,0.0,1.03,-0.764,0.0,1.0,-1.0,-0.5,0.0,0.0,0.0,-0.8984
-0.3643,-0.364,-0.3643,0.7007,-0.7427,-0.2883,-0.2255,0.2527,-0.6055,-0.001092,0.03008,-0.234,-0.4285,0.3862,-1.0,0.0,0.02522,-0.03111,0.03029,0.0,-0.207,-0.0576,-0.4985,-0.5645,-0.634,0.1324,-0.1388,0.303,-0.4304,-0.7183,-2.514,-1.052,-0.1766,-0.3718,-0.3618,0.0,0.0,-0.364,0.0,-0.1449,-0.813,0.0,0.0,0.0,0.0,0.2047,1.0,0.5,0.0,0.7695,-0.6235,1.0,0.0,-1.0,-0.5,0.0,0.0,0.0,0.3772
-0.3662,-0.3657,-0.3662,1.062,-1.105,-0.2883,-0.2255,0.2654,-0.9507,-0.1451,0.008545,0.9155,-0.5713,0.3862,-1.0,0.0,0.1648,0.1157,-0.05383,0.0,-0.2046,0.7046,-0.4565,-0.547,-0.985,0.11597,-0.349,-0.9043,-0.3882,0.303,1.787,0.7734,0.4724,-0.3752,-0.3633,0.0,0.0,-0.365,0.0,-0.158,-0.722,0.0,0.0,0.0,0.0,-0.4937,0.0,0.0,0.0,1.128,-0.962,0.0,1.0,-1.0,-0.5,0.0,0.0,0.0,-0.9053
-0.3682,-0.3674,-0.3682,1.145,-1.186,-0.2883,-0.2255,0.3018,-1.043,-0.2057,-0.010605,0.2642,-0.5713,0.3862,-1.0,0.0,0.2275,0.176,-0.08746,0.0,-0.202,0.2208,-0.408,-0.5195,-1.073,0.0984,-0.5024,-0.3672,-0.3423,-0.9043,-0.7183,-2.514,0.1758,-0.378,-0.3643,0.0,0.0,-0.3665,0.0,-0.1633,-0.6826,0.0,0.0,0.0,0.0,-0.1954,0.0,-0.5,0.0,1.216,-1.029,0.0,2.0,-1.0,-0.5,0.0,0.0,0.0,-0.364
-0.3708,-0.37,-0.371,1.6,-1.635,-0.2883,-0.2255,0.4834,-1.474,-0.383,-0.0376,0.652,-0.5713,0.3862,-1.0,0.0,0.423,0.3503,-0.1941,0.0,-0.1995,1.184,-0.3533,-0.4858,-1.532,0.07965,-0.675,-1.17,-0.2595,-0.3672,0.303,1.787,0.1753,-0.383,-0.3657,0.0,0.0,-0.368,0.0,-0.1797,-0.903,0.0,0.0,0.0,0.0,-0.5786,-1.0,-1.0,-0.5,1.696,-1.415,0.0,3.0,-1.0,-0.5,0.0,0.0,0.0,-1.084
-0.373,-0.3723,-0.373,1.262,-1.288,-0.2883,-0.2255,0.5547,-1.16,-0.3245,-0.0607,-0.1098,-0.5713,0.3862,-1.0,0.0,0.3694,0.2793,-0.1548,0.0,-0.197,0.3254,-0.296,-0.4487,-1.245,0.0621,-0.767,0.4397,-0.2198,-1.17,-0.9043,-0.7183,-0.1748,-0.384,-0.3672,0.0,0.0,-0.3699,0.0,-0.174,-0.7676,0.0,0.0,0.0,0.0,0.2097,0.0,-0.5,0.0,1.373,-1.079,1.0,0.0,-1.0,-0.5,0.0,0.0,0.0,0.4006
-0.3745,-0.374,-0.3748,1.014,-1.037,-0.2883,-0.2255,0.549,-0.898,-0.2842,-0.08514,-0.1323,-0.7144,0.3862,-1.0,0.0,0.3281,0.2363,-0.1267,0.0,-0.1945,0.3164,-0.2394,-0.4077,-0.997,0.04117,-0.5234,0.3118,-0.2212,0.4397,-0.3672,0.3027,-1.052,-0.3867,-0.3684,0.0,0.0,-0.3718,0.0,-0.1699,-0.814,0.0,0.0,0.0,0.0,0.1415,0.0,0.0,0.0,1.1455,-0.825,2.0,0.0,-1.0,-0.5,0.0,0.0,0.0,0.2683
-0.3762,-0.3755,-0.3765,0.974,-0.997,-0.4854,-0.2255,0.605,-0.8174,-0.3035,-0.1116,0.03018,-0.857,0.3862,-1.0,0.0,0.3528,0.2517,-0.1351,0.0,-0.1919,0.57,-0.1857,-0.362,-0.919,0.01639,-0.883,-0.0931,-0.2493,0.3118,-1.17,-0.904,0.773,-0.3887,-0.3691,0.0,0.0,-0.3743,0.0,-0.1714,-0.8745,0.0,0.0,0.0,0.0,-0.04645,0.0,-0.5,-0.5,1.1045,-0.789,0.0,1.0,-1.0,-0.5,0.0,0.0,0.0,-0.08765
-0.3777,-0.3772,-0.378,0.992,-1.0205,-0.4854,-0.2255,0.5547,-0.782,-0.3406,-0.1404,0.0883,-1.0,0.3862,-1.0,0.0,0.386,0.2969,-0.1548,0.0,-0.1895,0.2416,-0.1399,-0.315,-0.9106,-0.00598,0.00931,-0.2175,-0.2393,-0.0931,0.4397,-0.3672,-2.514,-0.3914,-0.3699,0.0,0.0,-0.376,0.0,-0.1744,-0.951,0.0,0.0,0.0,0.0,-0.06665,0.0,-0.5,-1.0,1.128,-0.806,0.0,2.0,-1.0,-0.5,0.0,0.0,0.0,-0.126
-0.3774,-0.3767,-0.3774,-0.07306,0.05322,-0.2472,-0.2255,0.5845,0.3545,-0.02135,-0.1549,-1.726,-1.0,0.3862,0.0,0.0,0.0741,-0.04233,0.04712,0.0,-0.1869,1.232,-0.1026,-0.2668,0.2583,-0.02727,-0.623,2.244,-0.2485,-0.2175,0.3118,-1.17,1.787,-0.39,-0.3696,0.0,0.0,-0.3765,0.0,-0.1439,-0.426,0.0,0.0,0.0,0.0,1.042,1.0,-0.5,-0.5,0.175,0.3071,1.0,0.0,-1.0,-0.5,0.0,0.0,0.0,1.977
-0.3765,-0.376,-0.3767,-0.2617,0.243,0.003439,-0.2255,0.535,0.5986,0.044,-0.1595,0.713,-0.857,0.3862,0.0,0.0,0.00805,-0.1036,0.092,0.0,-0.1843,0.3284,-0.08466,-0.2242,0.5493,-0.03775,-0.3794,0.4807,-0.2588,2.244,-0.093,0.4395,-0.718,-0.3875,-0.3699,0.0,0.0,-0.3767,0.0,-0.1373,-0.159,0.0,0.0,0.0,0.0,0.2023,1.0,0.0,0.0,-0.02028,0.4749,2.0,0.0,-1.0,-0.5,1.0,0.0,4.234,0.3699
-0.376,-0.3752,-0.376,-0.173,0.1487,0.003439,-0.2255,0.5327,0.5757,0.01883,-0.17,0.1081,-0.7144,0.3862,0.0,0.0,0.03152,-0.07806,0.08075,0.0,-0.1818,-0.2307,-0.09485,-0.1912,0.4968,-0.039,-0.451,-0.11926,-0.2673,0.4807,-0.2174,0.3118,0.3027,-0.3835,-0.3704,0.0,0.0,-0.3772,0.0,-0.1392,-0.3313,0.0,0.0,0.0,0.0,-0.04922,0.0,-0.5,-0.5,-0.07837,0.2279,0.0,1.0,-1.0,-0.5,0.0,0.0,0.0,-0.0893
-0.376,-0.3755,-0.376,0.1466,-0.1764,0.003439,-0.2255,0.431,0.2026,-0.0867,-0.1659,-0.4495,-0.5713,0.3862,0.0,0.0,0.12286,0.0392,0.01907,0.0,-0.1793,1.002,-0.1174,-0.1718,0.1625,-0.0373,-0.11676,-0.657,-0.2905,-0.11926,2.244,-0.093,-0.904,-0.381,-0.3708,0.0,0.0,-0.378,0.0,-0.1488,0.1434,0.0,0.0,0.0,0.0,-0.2339,0.0,-0.5,-0.5,0.1677,-0.1525,0.0,2.0,-1.0,-0.5,0.0,0.0,0.0,-0.425
-0.3767,-0.3762,-0.377,0.6064,-0.644,0.003439,-0.2255,0.437,-0.2512,-0.2452,-0.1788,-1.424,-0.5713,0.3862,-1.0,0.0,0.279,0.2052,-0.07623,0.0,-0.1768,0.5483,-0.1501,-0.1621,-0.3098,-0.04324,0.03662,-1.027,-0.3179,-0.657,0.4807,-0.2174,-0.3672,-0.3804,-0.3716,0.0,0.0,-0.3794,0.0,-0.1635,-0.532,0.0,0.0,0.0,0.0,-0.429,0.0,-0.5,-1.0,0.6196,-0.5933,0.0,3.0,-1.0,-0.5,0.0,0.0,0.0,-0.788
-0.3777,-0.3772,-0.3777,0.617,-0.656,0.003439,-0.2255,0.405,-0.277,-0.2676,-0.1875,0.3518,-0.5713,0.3862,-1.0,0.0,0.2986,0.2322,-0.08746,0.0,-0.1742,0.138,-0.1835,-0.1605,-0.3198,-0.05292,0.4402,-0.1229,-0.3599,-1.027,-0.1192,2.244,-1.17,-0.3796,-0.3723,0.0,0.0,-0.3809,0.0,-0.1653,-0.398,0.0,0.0,0.0,0.0,-0.0426,-1.0,-0.5,-1.0,0.621,-0.6143,0.0,4.0,-1.0,-0.5,0.0,0.0,0.0,-0.07965
-0.3794,-0.379,-0.3794,1.051,-1.093,0.003439,-0.3044,0.4783,-0.708,-0.4238,-0.2037,3.06,-0.5713,0.3862,-1.0,0.0,0.4648,0.396,-0.1829,0.0,-0.1718,0.3347,-0.2145,-0.1637,-0.7485,-0.06793,0.333,-1.047,-0.3875,-0.1229,-0.657,0.4807,0.4395,-0.3801,-0.3735,0.0,0.0,-0.3828,0.0,-0.1799,-0.7065,0.0,0.0,0.0,0.0,-0.3752,-2.0,-1.0,-1.5,1.037,-1.036,0.0,5.0,-1.0,0.0,0.0,0.0,0.0,-0.7026
-0.381,-0.3806,-0.381,1.021,-1.063,0.003439,-0.369,0.4006,-0.716,-0.4438,-0.2145,0.157,-0.5713,0.3862,-1.0,0.0,0.4788,0.4258,-0.1941,0.0,-0.1692,-0.1687,-0.2458,-0.1729,-0.7393,-0.0815,0.2174,-0.1254,-0.3865,-1.047,-1.026,-0.1192,0.3115,-0.3835,-0.3752,0.0,0.0,-0.3843,0.0,-0.1819,-0.5474,0.0,0.0,0.0,0.0,-0.05215,-2.0,-1.5,-1.5,0.998,-1.0205,0.0,5.617,-1.0,0.5,0.0,0.0,0.0,-0.0995
-0.3806,-0.38,-0.3806,-0.1567,0.1333,0.003439,-0.369,0.4548,0.4456,-0.0877,-0.2089,-1.979,-0.4285,0.3862,0.0,0.0,0.1261,0.03802,0.03029,0.0,-0.1666,1.97,-0.2896,-0.1973,0.4197,-0.0752,0.2236,2.514,-0.4348,-0.1254,-0.1229,-0.6567,-0.093,-0.3843,-0.3762,0.0,0.0,-0.385,0.0,-0.148,0.1384,0.0,0.0,0.0,0.0,1.441,-1.0,-1.0,-1.0,-0.05008,0.2268,1.0,0.0,-1.0,0.5,0.0,0.0,0.0,2.754
-0.3801,-0.3796,-0.3801,-0.0501,0.0226,0.003439,-0.369,0.361,0.2747,-0.11926,-0.1974,-0.1918,-0.2856,0.3862,0.0,0.0,0.1482,0.07965,0.013466,0.0,-0.1642,-0.0534,-0.344,-0.2283,0.268,-0.0633,0.3591,-0.1809,-0.431,2.514,-1.047,-1.026,-0.2174,-0.3853,-0.377,0.0,0.0,-0.3843,0.0,-0.1506,0.399,0.0,0.0,0.0,0.0,-0.05627,-1.0,-1.0,-1.0,0.0391,0.10547,0.0,1.0,-1.0,0.5,0.0,0.0,0.0,-0.1032
-0.3784,-0.378,-0.3787,-0.701,0.6865,0.003439,-0.369,0.3706,0.9316,0.1088,-0.1792,1.992,-0.1428,0.3862,0.0,0.0,-0.0669,-0.1522,0.1593,0.0,-0.1616,0.3076,-0.4082,-0.27,0.906,-0.03802,-0.3342,1.572,-0.3997,-0.1809,-0.1254,-0.12286,2.244,-0.3833,-0.377,0.0,0.0,-0.384,0.0,-0.1287,0.586,0.0,0.0,0.0,0.0,0.7793,0.0,-1.0,-1.0,-0.5156,0.8237,1.0,0.0,-1.0,0.5,0.0,0.0,0.0,1.434
-0.3772,-0.3765,-0.3772,-0.4932,0.4766,0.003439,-0.369,0.3186,0.6807,0.05783,-0.165,-0.11975,0.0,0.3862,0.0,0.0,-0.02425,-0.0967,0.1312,0.0,-0.159,-0.4805,-0.4622,-0.314,0.658,-0.01913,-0.4604,-0.2947,-0.371,1.572,2.512,-1.047,0.4805,-0.3804,-0.377,0.0,0.0,-0.3833,0.0,-0.133,0.4565,0.0,0.0,0.0,0.0,-0.10175,0.0,-1.5,-1.5,-0.309,0.6284,0.0,1.0,-1.0,0.5,0.0,0.0,0.0,-0.1824
-0.3755,-0.3748,-0.3755,-0.684,0.6724,0.003439,-0.369,0.338,0.8525,0.1403,-0.1472,0.3796,0.1428,0.3862,0.0,0.0,-0.09875,-0.18,0.1873,0.0,-0.1566,0.4568,-0.4673,-0.3562,0.789,0.011986,-0.4036,0.5923,-0.3289,-0.2947,-0.1808,-0.1254,-0.1192,-0.3767,-0.3767,0.0,0.0,-0.3826,0.0,-0.1248,0.5703,0.0,0.0,0.0,0.0,0.3027,1.0,-1.0,-1.0,-0.4731,0.839,1.0,0.0,-1.0,0.5,0.0,0.0,0.0,0.5454
-0.3733,-0.3728,-0.3735,-0.8774,0.8706,0.003439,-0.369,0.3267,1.0205,0.2303,-0.12445,0.3335,0.2856,0.3862,0.0,0.0,-0.1816,-0.2666,0.249,0.0,-0.154,0.2805,-0.4187,-0.3904,0.964,0.03992,-0.1326,0.645,-0.2666,0.5923,1.572,2.512,-0.6567,-0.3706,-0.3767,0.0,0.0,-0.381,0.0,-0.11566,0.714,0.0,0.0,0.0,0.0,0.3445,1.0,-0.5,-0.5,-0.7354,0.9463,2.0,0.0,-1.0,0.5,0.0,0.0,0.0,0.6143
-0.371,-0.3704,-0.3713,-0.9263,0.9214,0.003439,-0.369,0.1473,1.105,0.275,-0.11346,0.225,0.2856,0.3862,0.0,0.0,-0.2375,-0.292,0.2827,0.0,-0.1515,-0.5054,-0.3555,-0.4111,1.045,0.05783,0.3108,0.3481,-0.2076,0.645,-0.2944,-0.1808,-1.026,-0.364,-0.3762,0.0,0.0,-0.3792,0.0,-0.11066,0.4524,0.0,0.0,0.0,0.0,0.1184,2.0,0.0,-0.5,-0.7905,0.9873,3.0,0.0,-1.0,0.5,0.0,0.0,0.0,0.209
-0.3694,-0.369,-0.3696,-0.65,0.644,0.003439,-0.369,0.12024,0.841,0.2032,-0.10815,-0.0951,0.2856,0.3862,0.0,0.0,-0.1755,-0.2206,0.2434,0.0,-0.149,-0.2646,-0.3062,-0.42,0.8184,0.06223,0.4873,-0.4038,-0.1987,0.3481,0.592,1.571,-0.12286,-0.361,-0.3762,0.0,0.0,-0.377,0.0,-0.11676,0.2441,0.0,0.0,0.0,0.0,-0.1081,1.0,0.0,-1.0,-0.516,0.7285,0.0,1.0,-1.0,0.5,0.0,0.0,0.0,-0.1897
-0.3691,-0.3684,-0.3691,-0.06366,0.05386,0.003439,-0.369,0.2832,0.2334,0.01706,-0.10864,-0.5537,0.2856,0.3862,0.0,0.0,0.01081,-0.05237,0.1312,0.0,-0.1465,1.112,-0.2637,-0.416,0.1969,0.07007,0.9688,-1.161,-0.215,-0.4038,0.645,-0.2944,-1.047,-0.3594,-0.3765,0.0,0.0,-0.3757,0.0,-0.134,-0.02322,0.0,0.0,0.0,0.0,-0.5635,1.0,0.0,-1.0,0.0645,0.178,0.0,2.0,-1.0,0.5,0.0,0.0,0.0,-0.995
-0.369,-0.3682,-0.3691,0.08673,-0.0995,0.003439,-0.369,0.2448,0.05475,-0.0344,-0.10675,-0.4192,0.2856,0.3862,0.0,0.0,0.05612,0.00348,0.1032,0.0,-0.1439,0.405,-0.2284,-0.4016,0.02312,0.07574,1.128,-0.2961,-0.2327,-1.161,0.348,0.592,-0.1254,-0.36,-0.3765,0.0,0.0,-0.3745,0.0,-0.1384,0.05963,0.0,0.0,0.0,0.0,-0.09924,0.0,0.0,-1.0,0.1699,-0.01253,0.0,3.0,-1.0,0.5,0.0,0.0,0.0,-0.1788
-0.3682,-0.3674,-0.3684,-0.2196,0.2072,0.003439,-0.369,0.1334,0.3135,0.06433,-0.0947,1.813,0.4285,0.3862,0.0,0.0,-0.0469,-0.08545,0.1705,0.0,-0.1414,-0.5664,-0.1958,-0.3762,0.2988,0.0899,0.3992,0.714,-0.2495,-0.2961,-0.4036,0.6445,2.512,-0.3596,-0.3765,0.0,0.0,-0.373,0.0,-0.1284,0.4583,0.0,0.0,0.0,0.0,0.2443,0.0,0.0,-0.5,-0.0881,0.323,1.0,0.0,-1.0,0.5,0.0,0.0,0.0,0.4421
-0.3667,-0.3662,-0.367,-0.5386,0.53,0.003439,-0.369,0.1738,0.5947,0.1792,-0.0775,0.863,0.5713,0.3862,0.0,0.0,-0.149,-0.2024,0.249,0.0,-0.1389,0.8267,-0.1677,-0.3447,0.614,0.1074,0.5146,0.823,-0.2651,0.714,-1.161,0.348,-0.1808,-0.3586,-0.3755,0.0,0.0,-0.371,0.0,-0.1166,0.62,0.0,0.0,0.0,0.0,0.2251,0.0,0.5,0.0,-0.4004,0.628,2.0,0.0,-1.0,0.5,0.0,0.0,0.0,0.4026
-0.366,-0.3652,-0.366,-0.2754,0.2551,0.003439,-0.369,0.163,0.2163,0.09827,-0.0565,-0.4417,0.7144,0.3862,0.0,0.0,-0.0758,-0.12195,0.2041,0.0,-0.1364,-0.09937,-0.1484,-0.3088,0.2644,0.1309,0.05658,-0.464,-0.2556,0.823,-0.296,-0.4036,1.571,-0.3594,-0.375,0.0,0.0,-0.3704,0.0,-0.12354,0.78,1.0,0.0,0.0,0.0,-0.13,0.0,0.0,0.0,-0.1299,0.3818,0.0,1.0,-1.0,0.5,0.0,0.0,0.0,-0.2294
-0.365,-0.3645,-0.365,-0.293,0.259,-0.1076,-0.369,0.1726,0.1219,0.1057,-0.0344,-0.1696,0.857,0.3862,0.0,0.0,-0.0818,-0.1302,0.2153,0.0,-0.1338,-0.102,-0.1373,-0.2659,0.1578,0.1633,0.1785,0.11694,-0.2444,-0.464,0.714,-1.161,-0.2944,-0.3604,-0.3743,0.0,0.0,-0.3696,0.0,-0.12195,0.833,1.0,0.0,0.0,0.0,0.0318,1.0,0.5,0.5,-0.2568,0.2654,1.0,0.0,-1.0,0.5,0.0,0.0,0.0,0.05655
-0.3638,-0.3635,-0.3638,-0.4307,0.3936,-0.1076,-0.369,-0.04358,0.2404,0.1576,-0.025,0.6914,0.857,0.3862,0.0,0.0,-0.1488,-0.1605,0.2546,0.0,-0.1313,-0.4229,-0.1268,-0.2195,0.2134,0.1921,-0.0001516,0.4084,-0.2272,0.11694,0.823,-0.296,0.592,-0.36,-0.3735,0.0,0.0,-0.369,0.0,-0.1161,0.5234,0.0,0.0,0.0,0.0,0.116,2.0,0.5,0.5,-0.373,0.4124,2.0,0.0,-1.0,0.5,0.0,0.0,0.0,0.2059
-0.363,-0.3625,-0.3628,-0.3032,0.2605,-0.1076,-0.369,0.10144,0.07135,0.1205,-0.01554,-0.3784,0.857,0.3862,0.0,0.0,-0.1018,-0.1381,0.2378,0.0,-0.1288,1.457,-0.1294,-0.1782,0.06036,0.2058,-0.206,-0.1738,-0.2216,0.4084,-0.4639,0.714,0.6445,-0.3586,-0.3726,0.0,0.0,-0.3677,0.0,-0.1189,0.5234,0.0,0.0,0.0,0.0,-0.0897,1.0,0.0,0.5,-0.3215,0.2067,0.0,1.0,-1.0,0.5,0.0,0.0,0.0,-0.1582
-0.3616,-0.3613,-0.3613,-0.5366,0.4968,-0.1076,-0.369,-0.04498,0.335,0.2086,-0.01139,1.693,0.857,0.3862,0.0,0.0,-0.1952,-0.21,0.2996,0.0,-0.1262,-0.74,-0.1313,-0.1444,0.3079,0.2188,-0.3364,0.639,-0.2291,-0.1738,0.1169,0.8228,0.348,-0.356,-0.3713,0.0,0.0,-0.366,0.0,-0.1096,0.327,0.0,0.0,0.0,0.0,0.2288,1.0,0.0,0.5,-0.524,0.4585,1.0,0.0,-1.0,0.5,0.0,0.0,0.0,0.4043
-0.3596,-0.3591,-0.3594,-0.8135,0.781,-0.1076,-0.369,-0.01675,0.6436,0.3228,-0.0001742,0.895,0.857,0.3862,0.0,0.0,-0.2944,-0.3215,0.378,0.0,-0.1237,0.09033,-0.1377,-0.11945,0.64,0.2313,-0.183,0.805,-0.23,0.639,0.4084,-0.4639,-0.4036,-0.353,-0.3694,0.0,0.0,-0.3635,0.0,-0.09784,0.623,0.0,0.0,0.0,0.0,0.2462,2.0,0.5,1.0,-0.776,0.748,2.0,0.0,-1.0,0.5,0.0,0.0,0.0,0.4307
-0.358,-0.3577,-0.358,-0.601,0.566,-0.1076,-0.369,-0.09607,0.4404,0.2683,0.005325,-0.1505,0.857,0.3862,0.0,0.0,-0.2534,-0.2625,0.3499,0.0,-0.1212,-0.1326,-0.1395,-0.1091,0.4617,0.2389,0.2878,-0.2837,-0.303,0.805,-0.1738,0.1169,-1.16,-0.3516,-0.3677,0.0,0.0,-0.3608,0.0,-0.10223,0.3838,0.0,0.0,0.0,0.0,-0.08203,1.0,0.5,0.5,-0.5947,0.516,0.0,1.0,-1.0,0.5,0.0,0.0,0.0,-0.1416
-0.3572,-0.3567,-0.357,-0.2827,0.2446,-0.1076,0.267,-0.0431,0.1392,0.1705,0.003162,-0.452,0.857,0.3862,0.0,0.0,-0.1605,-0.1731,0.294,0.0,-0.1187,0.4995,-0.1411,-0.11707,0.1663,0.2416,0.4749,-0.5703,-0.4404,-0.2837,0.639,0.4082,-0.296,-0.3503,-0.3665,0.0,0.0,-0.3586,0.0,-0.1109,0.007496,0.0,0.0,0.0,0.0,-0.2009,0.0,0.5,0.0,-0.284,0.2112,0.0,2.0,-1.0,0.5,0.0,0.0,0.0,-0.3484
-0.357,-0.3567,-0.357,0.08704,-0.1295,-0.5913,0.267,0.00986,-0.2087,0.04703,-0.00587,-1.357,0.7144,0.3862,-1.0,0.0,-0.04178,-0.05627,0.221,0.0,-0.11615,-0.6523,-0.1514,-0.1378,-0.185,0.2385,0.294,-0.748,-0.4805,-0.5703,0.8047,-0.1738,0.714,-0.3503,-0.3652,0.0,0.0,-0.3577,0.0,-0.12213,-0.3262,0.0,0.0,0.0,0.0,-0.1615,0.0,0.0,-0.5,0.0825,-0.138,0.0,3.0,-1.0,0.5,0.0,0.0,0.0,-0.2827
-0.357,-0.3564,-0.3567,0.06604,-0.1084,-0.5913,0.267,-0.006073,-0.1742,0.0474,-0.01186,-0.2622,0.5713,0.3862,-1.0,0.0,-0.04355,-0.05515,0.2266,0.0,-0.11365,-0.2612,-0.1768,-0.1671,-0.1569,0.2385,0.01877,0.0583,-0.541,-0.748,-0.2837,0.639,0.8228,-0.3506,-0.364,0.0,0.0,-0.3564,0.0,-0.12134,-0.1914,0.0,0.0,0.0,0.0,0.00861,0.0,0.0,0.0,0.004852,-0.1802,1.0,0.0,-1.0,0.5,0.0,0.0,0.0,0.015274
-0.3562,-0.356,-0.3562,-0.1824,0.1407,-0.5913,0.267,-0.08765,0.0556,0.1262,-0.006916,-4.125,0.5713,0.3862,0.0,0.0,-0.124,-0.1256,0.2827,0.0,-0.1111,-0.03983,-0.2089,-0.1932,0.0672,0.2502,0.1785,0.5825,-0.5454,0.0583,-0.57,0.8047,-0.4639,-0.35,-0.363,0.0,0.0,-0.356,0.0,-0.113,0.3901,0.0,0.0,0.0,0.0,0.2351,0.0,0.5,0.5,-0.2129,0.08295,2.0,0.0,-1.0,0.5,0.0,0.0,0.0,0.4165
-0.3567,-0.3564,-0.3564,0.36,-0.4111,-0.5913,0.267,-0.06384,-0.5376,-0.05966,-0.00782,-3.668,0.4285,0.3862,-1.0,0.0,0.05264,0.05884,0.1705,0.0,-0.1086,-0.1707,-0.2576,-0.222,-0.511,0.2534,0.1659,-1.153,-0.556,0.5825,-0.748,-0.2837,0.1169,-0.3518,-0.3628,0.0,0.0,-0.3557,0.0,-0.1302,0.06995,0.0,0.0,0.0,0.0,-0.596,0.0,0.0,0.5,0.3237,-0.433,0.0,1.0,-1.0,0.5,0.0,0.0,0.0,-1.046
-0.3572,-0.3567,-0.357,0.3386,-0.3894,-0.5913,0.267,-0.06384,-0.5376,-0.0694,-0.01347,0.143,0.2856,0.3862,-1.0,0.0,0.06198,0.0688,0.1705,0.0,-0.1061,-0.487,-0.3162,-0.2457,-0.529,0.257,0.001951,0.0,-0.5527,-1.153,0.0583,-0.57,0.4082,-0.3547,-0.3625,0.0,0.0,-0.3557,0.0,-0.1304,-0.1375,0.0,0.0,0.0,0.0,0.0,0.0,-0.5,0.0,0.2605,-0.4583,0.0,0.0,-1.0,0.5,0.0,0.0,0.0,0.0
-0.3572,-0.357,-0.3572,0.1893,-0.2378,-0.5913,0.267,-0.0804,-0.3772,-0.0345,-0.02222,-0.2732,0.1428,0.3862,-1.0,0.0,0.02711,0.0347,0.1985,0.0,-0.1035,0.768,-0.3877,-0.2678,-0.3562,0.2505,0.03348,0.294,-0.5513,0.0,0.582,-0.748,-0.1737,-0.357,-0.362,0.0,0.0,-0.356,0.0,-0.1263,-0.323,0.0,0.0,0.0,0.0,0.1495,1.0,0.0,0.0,0.1109,-0.3188,1.0,0.0,-1.0,0.5,0.0,0.0,0.0,0.2676
-0.3577,-0.3572,-0.3574,0.3145,-0.3638,-0.616,0.267,-0.07086,-0.5073,-0.08777,-0.02995,0.688,0.0,0.3862,-1.0,0.0,0.07904,0.08844,0.1705,0.0,-0.101,-0.2498,-0.4634,-0.2913,-0.4707,0.2451,-0.2124,-0.2925,-0.5493,0.294,-1.153,0.05826,0.639,-0.3586,-0.361,0.0,0.0,-0.3567,0.0,-0.1307,-0.2646,0.0,0.0,0.0,0.0,-0.0955,0.0,-0.5,0.0,0.2377,-0.4333,0.0,1.0,-1.0,0.5,0.0,0.0,0.0,-0.1699
-0.358,-0.3574,-0.3577,0.2452,-0.2937,-0.616,0.267,-0.131,-0.4385,-0.0788,-0.03726,-0.04987,-0.1428,0.3862,-1.0,0.0,0.065,0.0849,0.1818,0.0,-0.0985,-0.7256,-0.522,-0.322,-0.3896,0.24,-0.555,0.1176,-0.5464,-0.2925,0.0,0.582,0.8047,-0.3591,-0.3604,0.0,0.0,-0.357,0.0,-0.1293,-0.2646,0.0,0.0,0.0,0.0,0.05933,0.0,-0.5,0.0,0.1573,-0.3806,1.0,0.0,-1.0,0.5,0.0,0.0,0.0,0.10614
-0.3582,-0.358,-0.3582,0.3135,-0.362,-0.616,0.267,-0.1395,-0.4917,-0.1141,-0.04865,0.3237,-0.2856,0.3862,-1.0,0.0,0.0983,0.1222,0.1649,0.0,-0.09595,-0.5654,-0.557,-0.359,-0.4543,0.2358,-0.5234,-0.176,-0.5547,0.1176,0.294,-1.153,-0.2834,-0.3599,-0.3591,0.0,0.0,-0.3567,0.0,-0.132,-0.49,0.0,0.0,0.0,0.0,-0.05542,0.0,-0.5,-0.5,0.2212,-0.4482,0.0,1.0,-1.0,0.5,0.0,0.0,0.0,-0.09894
-0.3599,-0.3596,-0.3599,1.053,-1.104,-0.616,0.2861,-0.1008,-1.21,-0.3667,-0.0686,2.232,-0.4285,0.3862,-1.0,0.0,0.354,0.3882,0.00786,0.0,-0.09344,0.02942,-0.562,-0.4053,-1.12,0.2096,-0.3826,-1.648,-0.508,-0.176,-0.2925,0.0,-0.57,-0.3638,-0.3584,0.0,0.0,-0.3572,0.0,-0.1561,-0.863,0.0,0.0,0.0,0.0,-0.9736,0.0,-0.5,-0.5,0.968,-1.124,0.0,2.0,-1.0,0.5,0.0,1.0,-3.326,-1.743
-0.3618,-0.3613,-0.3618,1.079,-1.124,-0.616,0.1616,0.0526,-1.214,-0.408,-0.0938,0.1472,-0.5713,0.3862,-1.0,0.0,0.4102,0.419,-0.01457,0.0,-0.0909,1.262,-0.528,-0.452,-1.142,0.1903,-0.2166,-0.2421,-0.4436,-1.648,0.11755,0.294,-0.748,-0.3665,-0.3586,0.0,0.0,-0.3582,0.0,-0.1597,-1.187,0.0,1.0,0.0,0.0,-0.0879,-1.0,-0.5,-1.0,0.9595,-1.182,0.0,3.0,-1.0,0.5,0.0,0.0,0.0,-0.1619
-0.3662,-0.3655,-0.3665,2.521,-2.545,-0.6646,-1.462,0.4219,-2.36,-0.867,-0.1431,1.403,-0.7144,0.3762,-1.0,-1.0,0.9463,0.922,-0.3062,0.0,-0.0884,3.135,-0.4263,-0.4734,-2.086,0.1384,-0.326,-2.514,-0.2206,-0.2421,-0.176,-0.2925,0.05826,-0.373,-0.3596,0.0,0.0,-0.3608,0.0,-0.2043,-1.719,0.0,1.0,0.0,0.0,-1.745,-1.0,-1.0,-1.5,2.467,-2.195,0.0,4.0,-1.0,0.5,0.0,0.0,0.0,-3.227
-0.3677,-0.3667,-0.3682,0.913,-0.9023,0.1881,-1.462,1.662,-0.948,-0.4526,-0.1729,-0.567,-0.857,0.3665,-1.0,-1.0,0.601,0.3147,-0.03702,0.0,-0.0859,3.135,-0.3467,-0.467,-0.927,0.1218,-0.736,2.549,-0.1881,-2.514,-1.647,0.11755,0.582,-0.3762,-0.3604,0.0,0.0,-0.362,0.0,-0.1637,-0.9087,0.0,0.0,0.0,0.0,2.764,-1.0,-1.0,-1.0,1.053,-0.6895,1.0,0.0,-1.0,0.5,0.0,0.0,0.0,5.395
-0.3694,-0.3684,-0.3699,1.01,-0.9985,0.1881,-1.462,1.736,-0.9917,-0.5103,-0.2009,0.2002,-1.0,0.3564,-1.0,-1.0,0.6685,0.3728,-0.0707,0.0,-0.0833,1.372,-0.2722,-0.4312,-0.9976,0.1007,-0.435,-0.3662,-0.1523,2.549,-0.2421,-0.176,-1.152,-0.3796,-0.361,0.0,0.0,-0.3635,0.0,-0.1691,-0.879,0.0,0.0,0.0,0.0,-0.1995,-1.0,-1.0,-1.0,1.123,-0.807,0.0,1.0,-1.0,0.5,0.0,0.0,0.0,-0.3704
-0.3713,-0.3704,-0.372,1.244,-1.228,0.1881,-1.462,1.943,-1.187,-0.61,-0.227,0.3867,-1.0,0.3464,-1.0,-1.0,0.794,0.4673,-0.1323,0.0,-0.0808,1.738,-0.2052,-0.3848,-1.234,0.0839,-0.5254,-0.6753,-0.1094,-0.3662,-2.514,-1.647,0.0,-0.384,-0.362,0.0,0.0,-0.3655,0.0,-0.1787,-0.8633,0.0,0.0,0.0,0.0,-0.2866,-1.0,-1.0,-1.0,1.377,-0.997,0.0,2.0,-1.0,0.5,0.0,0.0,0.0,-0.5356
-0.3723,-0.371,-0.3728,0.6396,-0.616,0.1881,-1.462,1.98,-0.563,-0.4568,-0.2473,-0.495,-1.0,0.3367,-1.0,-1.0,0.634,0.289,-0.0314,0.0,-0.0783,1.024,-0.15,-0.3403,-0.6543,0.072,-0.744,1.118,-0.0997,-0.6753,2.547,-0.2421,0.294,-0.3867,-0.363,0.0,0.0,-0.3667,0.0,-0.1635,-0.625,0.0,0.0,0.0,0.0,0.4412,0.0,-1.0,-1.0,0.829,-0.3708,1.0,0.0,-1.0,0.5,0.0,0.0,0.0,0.833
-0.3723,-0.3713,-0.3728,0.1869,-0.1665,0.1881,-1.462,1.941,-0.03497,-0.3308,-0.266,-1.15,-1.0,0.3367,0.0,0.0,0.5,0.1534,0.05273,0.0,-0.07574,-0.3862,-0.1092,-0.298,-0.1495,0.05817,-0.725,0.9146,-0.1165,1.118,-0.366,-2.514,-0.2925,-0.3862,-0.3638,0.0,0.0,-0.368,0.0,-0.1508,-0.562,0.0,0.0,0.0,0.0,0.3281,1.0,-0.5,-1.0,0.3867,0.05502,2.0,0.0,-1.0,0.5,1.0,0.0,3.75,0.6084
-0.3716,-0.3706,-0.372,-0.1821,0.2047,0.1881,-1.462,1.88,0.3936,-0.2144,-0.2722,6.004,-0.857,0.3367,0.0,0.0,0.3774,0.0341,0.1312,0.0,-0.07324,0.1569,-0.0856,-0.2632,0.2976,0.05035,-0.8115,0.841,-0.1627,0.9146,-0.6753,2.547,0.11755,-0.384,-0.364,0.0,0.0,-0.3691,0.0,-0.139,-0.212,0.0,0.0,0.0,0.0,0.3672,1.0,-0.5,-0.5,0.0796,0.465,3.0,0.0,-1.0,0.5,0.0,0.0,0.0,0.671
-0.3704,-0.3694,-0.3708,-0.4038,0.4307,0.3887,-1.462,1.912,0.6826,-0.1326,-0.2742,0.766,-0.7144,0.3367,0.0,0.0,0.2998,-0.055,0.1873,0.0,-0.0707,0.299,-0.0889,-0.2401,0.564,0.05515,-0.767,0.5923,-0.2006,0.841,1.117,-0.366,-0.176,-0.3772,-0.364,0.0,0.0,-0.3699,0.0,-0.1307,-0.107,0.0,0.0,0.0,0.0,0.3293,2.0,0.0,0.0,-0.1182,0.6997,4.0,0.0,-0.5,0.5,0.0,0.0,0.0,0.5933
-0.3704,-0.3694,-0.3708,0.1666,-0.1501,0.3887,-1.462,1.962,0.1385,-0.3127,-0.2861,-0.605,-0.5713,0.3367,0.0,0.0,0.4834,0.1318,0.07513,0.0,-0.0682,-0.149,-0.1035,-0.2222,0.01581,0.04852,-0.1704,-1.173,-0.2307,0.5923,0.914,-0.6753,-1.647,-0.3757,-0.364,0.0,0.0,-0.371,0.0,-0.148,-0.347,0.0,0.0,0.0,0.0,-0.4097,2.0,0.0,-0.5,0.4736,0.1865,0.0,1.0,-0.5,0.5,0.0,0.0,0.0,-0.7305
-0.3706,-0.3696,-0.3708,0.1919,-0.1781,0.3887,-1.462,2.002,0.1473,-0.3271,-0.2964,0.181,-0.4285,0.3367,0.0,0.0,0.5015,0.1436,0.0695,0.0,-0.0657,0.3354,-0.1317,-0.2079,0.0181,0.04233,-0.0611,-0.0598,-0.2457,-1.173,0.8403,1.117,-0.242,-0.3738,-0.3643,0.0,0.0,-0.3718,0.0,-0.149,-0.3118,0.0,0.0,0.0,0.0,-0.02899,1.0,0.0,-0.5,0.4958,0.1572,0.0,2.0,-0.5,0.5,0.0,0.0,0.0,-0.05276
-0.3704,-0.3694,-0.3708,0.0823,-0.0706,0.3887,-1.462,2.014,0.3,-0.2986,-0.3064,0.7817,-0.2856,0.3367,0.0,0.0,0.4739,0.1116,0.092,0.0,-0.0631,-0.4739,-0.1766,-0.1982,0.165,0.0364,1.063,0.2395,-0.2637,-0.0598,0.592,0.914,-2.514,-0.3706,-0.3647,0.0,0.0,-0.3723,0.0,-0.1458,-0.291,0.0,0.0,0.0,0.0,0.1067,1.0,0.5,-0.5,0.3958,0.2666,1.0,0.0,-0.5,0.5,0.0,0.0,0.0,0.1943
-0.3704,-0.3694,-0.3706,0.1411,-0.1332,0.3887,-1.462,2.037,0.273,-0.3223,-0.3162,0.07135,-0.1428,0.3367,0.0,0.0,0.5,0.1351,0.08075,0.0,-0.0606,-0.3916,-0.2462,-0.198,0.1274,0.03232,0.2037,-0.11926,-0.3022,0.2395,-1.173,0.8403,2.547,-0.3691,-0.3652,0.0,0.0,-0.3735,0.0,-0.1476,-0.2822,0.0,0.0,0.0,0.0,-0.02666,0.0,0.0,-0.5,0.372,0.11865,0.0,1.0,-0.5,0.5,0.0,0.0,0.0,-0.04834
-0.37,-0.3691,-0.3706,0.06464,-0.05508,0.3887,-1.462,1.996,0.3276,-0.303,-0.314,0.2974,0.0,0.3367,0.0,0.0,0.4768,0.1181,0.0976,0.0,-0.05807,1.048,-0.3218,-0.2085,0.1904,0.03714,0.374,0.1792,-0.3118,-0.11926,-0.05978,0.592,-0.366,-0.3684,-0.3657,0.0,0.0,-0.3738,0.0,-0.1453,0.03537,0.0,0.0,0.0,0.0,0.07837,0.0,0.5,0.0,0.2957,0.1909,1.0,0.0,-0.5,0.5,0.0,0.0,0.0,0.1423
-0.3691,-0.3684,-0.3696,-0.2607,0.2776,0.3887,-1.462,1.959,0.6416,-0.1968,-0.3054,0.9204,0.1428,0.3367,0.0,0.0,0.3672,0.00799,0.1705,0.0,-0.05554,1.333,-0.4165,-0.2317,0.5117,0.0484,0.668,0.7744,-0.3118,0.1792,0.2394,-1.172,-0.6753,-0.368,-0.366,0.0,0.0,-0.3738,0.0,-0.1344,0.2042,0.0,0.0,0.0,0.0,0.4592,1.0,1.0,0.5,-0.1365,0.3823,2.0,0.0,-0.5,0.5,0.0,0.0,0.0,0.832
-0.3677,-0.367,-0.368,-0.5835,0.5845,0.3887,-1.462,1.689,0.84,-0.0825,-0.2717,0.4302,0.2856,0.3367,0.0,0.0,0.2314,-0.0855,0.249,0.0,-0.05304,0.2805,-0.4648,-0.2656,0.746,0.08167,0.4033,0.823,-0.2976,0.7744,-0.1192,-0.05978,1.117,-0.367,-0.366,0.0,0.0,-0.3735,0.0,-0.1226,1.105,1.0,0.0,0.0,0.0,0.377,2.0,1.0,1.0,-0.537,0.5786,3.0,0.0,-0.5,0.5,0.0,0.0,0.0,0.6743
-0.366,-0.3655,-0.3662,-0.6704,0.656,0.3887,-1.462,0.3755,0.892,-0.03815,-0.2544,0.2034,0.4285,0.3367,0.0,0.0,0.0714,-0.0052,0.2827,0.0,-0.0505,-0.5054,-0.4902,-0.306,0.8325,0.0985,0.1932,0.3481,-0.2676,0.823,0.1792,0.2394,0.914,-0.364,-0.366,0.0,0.0,-0.373,0.0,-0.11774,0.7974,1.0,0.0,0.0,0.0,0.1881,2.0,1.0,1.0,-0.613,0.656,4.0,0.0,-0.5,0.5,1.0,0.0,2.674,0.3318
-0.365,-0.3645,-0.365,-0.3694,0.348,0.3887,-1.462,0.2917,0.5137,-0.123,-0.2379,-0.2693,0.5713,0.3367,0.0,0.0,0.1456,0.09015,0.2322,0.0,-0.04797,0.05066,-0.472,-0.351,0.476,0.11743,-0.01486,-0.519,-0.2563,0.3481,0.7744,-0.1192,0.8403,-0.3618,-0.3665,0.0,0.0,-0.3728,0.0,-0.1256,0.7295,0.0,0.0,0.0,0.0,-0.1896,2.0,0.5,1.0,-0.3342,0.3472,0.0,1.0,-0.5,0.5,0.0,0.0,0.0,-0.3325
-0.3633,-0.3628,-0.3633,-0.6475,0.623,0.3887,-1.462,0.1528,0.7256,-0.01839,-0.2128,0.5127,0.7144,0.3367,0.0,0.0,0.03265,-0.00402,0.3052,0.0,-0.04544,0.264,-0.4175,-0.3984,0.722,0.1423,-0.1871,0.7563,-0.2217,-0.519,0.823,0.1792,0.592,-0.359,-0.3667,0.0,0.0,-0.372,0.0,-0.1147,1.097,1.0,0.0,0.0,0.0,0.3005,2.0,0.5,1.5,-0.61,0.6035,1.0,0.0,-0.5,0.5,0.0,0.0,0.0,0.5317
-0.3616,-0.361,-0.3616,-0.72,0.6953,0.3887,-1.462,0.06506,0.759,0.02562,-0.1921,0.1863,0.857,0.3367,0.0,0.0,-0.01677,-0.0401,0.3386,0.0,-0.04294,0.02368,-0.3381,-0.4197,0.728,0.1748,0.2773,0.3447,-0.1787,0.7563,0.348,0.774,-1.172,-0.3552,-0.3665,0.0,0.0,-0.3704,0.0,-0.1098,1.003,1.0,0.0,0.0,0.0,0.2017,2.0,1.0,1.5,-0.7056,0.6445,2.0,0.0,-0.5,0.5,0.0,0.0,0.0,0.3523
-0.3596,-0.3591,-0.3596,-0.8076,0.785,0.3887,-1.462,-0.01675,0.8374,0.0785,-0.1743,0.2416,0.857,0.3367,0.0,0.0,-0.07355,-0.08514,0.378,0.0,-0.0404,-0.2151,-0.267,-0.4187,0.8403,0.1919,0.397,0.4,-0.136,0.3447,-0.519,0.8228,-0.05978,-0.3513,-0.366,0.0,0.0,-0.3684,0.0,-0.104,0.9307,1.0,0.0,0.0,0.0,0.1498,2.0,1.5,1.5,-0.8105,0.709,3.0,0.0,-0.5,0.5,0.0,0.0,0.0,0.2603
-0.3584,-0.358,-0.3584,-0.3982,0.371,0.3887,0.59,-0.02621,0.399,-0.0404,-0.1665,-0.3618,0.857,0.3367,0.0,0.0,0.0376,0.03555,0.3052,0.0,-0.03787,-0.3542,-0.209,-0.3872,0.4045,0.2051,0.4285,-0.738,-0.2399,0.4,0.7563,0.348,0.2394,-0.3496,-0.3657,0.0,0.0,-0.3655,0.0,-0.11523,0.4382,0.0,0.0,0.0,0.0,-0.2249,1.0,1.0,1.0,-0.4172,0.309,0.0,1.0,-0.5,0.5,0.0,0.0,0.0,-0.3882
-0.3567,-0.3562,-0.3567,-0.689,0.6685,0.3887,0.59,-0.04584,0.7266,0.0731,-0.1573,0.8423,0.857,0.3367,0.0,0.0,-0.0711,-0.077,0.3835,0.0,-0.03534,-0.1399,-0.1576,-0.349,0.7324,0.2188,0.5503,0.804,-0.225,-0.738,0.3447,-0.519,-0.1192,-0.3477,-0.3652,0.0,0.0,-0.3633,0.0,-0.10345,0.4917,0.0,0.0,0.0,0.0,0.3086,2.0,1.5,1.0,-0.7114,0.5806,1.0,0.0,-0.5,0.5,0.0,0.0,0.0,0.539
-0.3552,-0.3547,-0.3552,-0.5864,0.563,0.3887,0.59,-0.1323,0.585,0.05792,-0.1405,-0.04147,0.857,0.3367,0.0,0.0,-0.0647,-0.05356,0.378,0.0,-0.03284,-0.5967,-0.1155,-0.3076,0.624,0.2346,0.601,-0.05667,-0.2365,0.804,0.3997,0.756,0.1791,-0.3462,-0.3647,0.0,0.0,-0.361,0.0,-0.10443,1.007,1.0,0.0,0.0,0.0,-0.01646,1.0,1.0,1.0,-0.6147,0.476,0.0,1.0,-0.5,0.5,0.0,0.0,0.0,-0.0284
-0.3545,-0.354,-0.3542,-0.2223,0.1908,0.3887,0.59,-0.152,0.1548,-0.05023,-0.1268,-0.5312,0.857,0.3367,0.0,0.0,0.03574,0.05765,0.3108,0.0,-0.0303,-0.2009,-0.0812,-0.2642,0.1826,0.2554,0.4329,-0.6807,-0.3093,-0.05667,-0.7373,0.3445,0.774,-0.3452,-0.3643,0.0,0.0,-0.359,0.0,-0.11475,0.6885,0.0,0.0,0.0,0.0,-0.0946,0.0,0.5,1.0,-0.2471,0.1362,0.0,2.0,-0.5,0.5,0.0,0.0,0.0,-0.1633
-0.3518,-0.3516,-0.3518,-1.01,0.9917,0.3887,0.59,-0.0643,0.9673,0.2358,-0.1028,3.443,0.857,0.3367,0.0,0.0,-0.2216,-0.2344,0.5015,0.0,-0.02777,1.181,-0.05554,-0.219,1.015,0.28,0.191,1.951,-0.294,-0.6807,0.804,0.3997,0.8228,-0.3425,-0.3633,0.0,0.0,-0.3564,0.0,-0.0859,0.9785,1.0,0.0,0.0,0.0,0.661,0.0,0.5,1.0,-0.8984,1.024,1.0,0.0,-0.5,0.5,0.0,0.0,0.0,1.154
-0.3496,-0.349,-0.3496,-0.9,0.881,0.3887,0.59,-0.02432,0.811,0.2302,-0.0774,-0.01534,0.857,0.3367,0.0,0.0,-0.2129,-0.2328,0.5015,0.0,-0.02525,-0.01569,-0.0466,-0.1779,0.9155,0.2996,0.1595,0.0,-0.269,1.951,-0.05667,-0.7373,0.348,-0.3403,-0.362,0.0,0.0,-0.3542,0.0,-0.086,1.024,1.0,0.0,0.0,0.0,0.0,0.0,0.0,1.0,-0.805,0.904,0.0,0.0,-0.5,0.5,0.0,0.0,0.0,0.0
-0.347,-0.3464,-0.347,-1.174,1.158,0.3887,0.59,-0.0929,1.077,0.3608,-0.0477,0.458,0.857,0.3367,0.0,0.0,-0.3347,-0.35,0.5913,0.0,-0.02272,0.4055,-0.0375,-0.1332,1.187,0.3342,0.4307,0.889,-0.2035,0.0,-0.6807,0.804,-0.5186,-0.3372,-0.3608,0.0,0.0,-0.3518,0.0,-0.0725,1.114,1.0,0.0,0.0,0.0,0.3188,0.0,0.5,1.0,-1.057,1.184,1.0,0.0,-0.5,0.5,0.0,0.0,0.0,0.539
-0.3447,-0.3445,-0.3447,-0.7925,0.7705,-0.3098,0.59,-0.10645,0.638,0.259,-0.02731,-0.2605,0.857,0.3367,0.0,0.0,-0.2461,-0.2527,0.5293,0.0,-0.0202,0.7964,-0.01508,-0.07776,0.6553,0.38,0.292,-0.6025,-0.1692,0.889,1.951,-0.05667,0.756,-0.3342,-0.3596,0.0,0.0,-0.3503,0.0,-0.08215,0.7847,1.0,0.0,0.0,0.0,-0.341,0.0,0.0,0.5,-0.7065,0.792,0.0,1.0,-0.5,0.5,0.0,0.0,0.0,-0.5684
-0.3425,-0.3423,-0.3425,-0.8677,0.847,-0.3098,0.59,-0.1122,0.717,0.3113,-0.01,0.2568,0.857,0.3367,0.0,0.0,-0.293,-0.3018,0.569,0.0,-0.01767,0.2644,0.0181,-0.02838,0.72,0.406,0.2499,0.3872,-0.1588,-0.6025,0.0,-0.6807,0.3445,-0.3315,-0.3577,0.0,0.0,-0.348,0.0,-0.07635,0.722,0.0,0.0,0.0,0.0,0.1155,1.0,0.0,0.5,-0.7764,0.8687,1.0,0.0,-0.5,-0.5,0.0,0.0,0.0,0.1943
-0.3413,-0.3408,-0.3413,-0.487,0.4622,-0.3098,0.844,-0.0643,0.3057,0.2017,0.001017,-0.3992,0.857,0.3367,0.0,0.0,-0.1907,-0.2014,0.5015,0.0,-0.01515,0.05908,0.0384,0.009254,0.308,0.423,0.189,-0.6597,-0.184,0.3872,0.889,1.95,0.3997,-0.3298,-0.356,0.0,0.0,-0.3457,0.0,-0.0867,0.428,0.0,0.0,0.0,0.0,-0.1716,0.0,-0.5,0.0,-0.4094,0.4985,0.0,1.0,-0.5,-0.5,0.0,0.0,0.0,-0.287
-0.3389,-0.3384,-0.3389,-0.9214,0.9023,-0.3098,0.844,-0.03632,0.746,0.374,0.02312,1.291,0.857,0.3367,0.0,0.0,-0.3413,-0.368,0.6133,1.0,-0.2903,0.6904,0.05917,0.04047,0.742,0.4463,0.5083,1.167,-0.1821,-0.6597,-0.6025,0.0,-0.7373,-0.3254,-0.353,0.0,0.0,-0.343,0.0,-0.069,0.791,1.0,0.0,0.0,0.0,0.5635,1.0,0.0,0.5,-0.799,0.954,1.0,0.0,-0.5,-0.5,0.0,0.0,0.0,0.9526
-0.3376,-0.3372,-0.3374,-0.5156,0.4902,-0.3098,0.844,-0.0258,0.3025,0.2554,0.03534,-0.4219,0.857,0.3367,0.0,0.0,-0.2356,-0.2568,0.5405,0.0,-0.2878,-0.2488,0.0797,0.06128,0.2773,0.4695,0.3318,-0.7085,-0.2241,1.167,0.3872,0.889,0.8037,-0.325,-0.351,0.0,0.0,-0.3408,0.0,-0.08026,0.4412,0.0,0.0,0.0,0.0,-0.3035,0.0,-0.5,0.0,-0.3955,0.571,0.0,1.0,-0.5,-0.5,0.0,0.0,0.0,-0.5034
-0.337,-0.3367,-0.337,-0.09186,0.0595,-0.3098,0.434,0.00883,-0.1523,0.12024,0.03976,-1.052,0.7144,0.3367,-1.0,0.0,-0.1098,-0.1289,0.4565,0.0,-0.2854,0.0689,0.10205,0.07166,-0.2134,0.4873,0.4138,-0.8276,-0.2905,-0.7085,-0.6597,-0.602,-0.05664,-0.3254,-0.3494,0.0,0.0,-0.3389,0.0,-0.0933,0.1434,0.0,0.0,0.0,0.0,-0.3975,0.0,-0.5,-0.5,0.02917,0.1737,0.0,2.0,-0.5,-0.5,0.0,0.0,0.0,-0.667
-0.3367,-0.3364,-0.3367,0.003813,-0.03775,-0.3098,0.3477,0.04813,-0.2578,0.08704,0.03992,3.256,0.5713,0.3367,-1.0,0.0,-0.0756,-0.0998,0.44,0.0,-0.2827,0.1486,0.1088,0.0703,-0.34,0.497,0.6978,-0.1678,-0.3406,-0.8276,1.167,0.3872,-0.6807,-0.3274,-0.3474,0.0,0.0,-0.3376,0.0,-0.096,0.0193,0.0,0.0,0.0,0.0,-0.05185,-1.0,-0.5,-1.0,0.09033,0.04636,0.0,3.0,-0.5,-0.5,0.0,0.0,0.0,-0.08826
-0.3357,-0.3352,-0.3354,-0.373,0.341,-0.3098,0.3477,0.1037,0.0995,0.216,0.05106,-2.602,0.5713,0.3367,0.0,0.0,-0.1886,-0.2313,0.5293,0.0,-0.2803,0.6455,0.10004,0.06946,0.0358,0.509,0.03348,0.8975,-0.3599,-0.1678,-0.7085,-0.659,1.95,-0.3274,-0.3455,0.0,0.0,-0.3362,0.0,-0.0826,0.389,0.0,0.0,0.0,0.0,0.4143,0.0,-0.5,-0.5,-0.2598,0.425,1.0,0.0,-0.5,-0.5,0.0,0.0,0.0,0.707
-0.3337,-0.3335,-0.3337,-0.702,0.6743,-0.4001,0.3477,0.04672,0.451,0.343,0.06204,1.939,0.5713,0.3367,0.0,0.0,-0.3066,-0.3467,0.6133,1.0,-0.2903,-0.1907,0.07904,0.064,0.389,0.5195,0.04608,0.8843,-0.354,0.8975,-0.827,1.167,0.0,-0.3267,-0.3438,0.0,0.0,-0.3345,0.0,-0.06903,0.4084,0.0,0.0,0.0,0.0,0.2988,0.0,0.0,-0.5,-0.53,0.797,2.0,0.0,-0.5,-0.5,0.0,0.0,0.0,0.5024
-0.3333,-0.3328,-0.333,-0.1472,0.1108,-0.4001,0.3477,0.1714,-0.1404,0.1663,0.06757,-1.003,0.4285,0.3367,-1.0,0.0,-0.1375,-0.1896,0.5015,0.0,-0.2878,0.355,0.0422,0.05252,-0.1962,0.53,-0.2439,-1.089,-0.4016,0.8843,-0.1678,-0.7085,0.8887,-0.3264,-0.3423,0.0,0.0,-0.3333,0.0,-0.0863,0.1377,0.0,0.0,0.0,0.0,-0.3667,0.0,-0.5,-0.5,0.01935,0.2703,0.0,1.0,-0.5,-0.5,0.0,0.0,0.0,-0.6074
-0.3345,-0.334,-0.3342,0.7324,-0.778,-0.4001,-0.3054,0.4553,-1.068,-0.1292,0.065,14.88,0.2856,0.3367,-1.0,0.0,0.1661,0.0809,0.3113,0.0,-0.2854,1.492,-0.02145,0.02913,-1.04,0.5146,-0.04218,-1.886,-0.4067,-1.089,0.8975,-0.827,-0.602,-0.3306,-0.342,0.0,0.0,-0.333,0.0,-0.11554,-0.1169,0.0,0.0,0.0,0.0,-1.124,0.0,-0.5,-0.5,0.8535,-0.5996,0.0,2.0,-0.5,-0.5,0.0,1.0,-3.82,-1.896
-0.336,-0.3354,-0.3362,0.942,-0.979,-0.4001,-0.5996,0.5693,-1.262,-0.2183,0.04654,0.3655,0.1428,0.3367,-1.0,0.0,0.264,0.1637,0.2554,0.0,-0.2827,1.987,-0.1114,-0.006256,-1.114,0.4717,-0.267,-0.5728,-0.3828,-1.886,0.8843,-0.1677,0.387,-0.3345,-0.3413,0.0,0.0,-0.3335,0.0,-0.12445,-0.624,0.0,0.0,0.0,0.0,-0.5146,0.0,-1.0,-1.0,1.078,-0.767,0.0,3.0,-0.5,-0.5,0.0,0.0,0.0,-0.897
-0.3364,-0.3357,-0.3364,0.2766,-0.3035,-0.4001,-0.5996,0.574,-0.5986,-0.02661,0.0367,-0.4915,0.0,0.3367,-1.0,0.0,0.0782,-0.036,0.384,0.0,-0.2803,0.6187,-0.2153,-0.04788,-0.4485,0.4624,-0.1283,1.33,-0.3853,-0.5728,-1.089,0.8975,-0.659,-0.3354,-0.3403,0.0,0.0,-0.3333,0.0,-0.10504,-0.3342,0.0,0.0,0.0,0.0,0.5474,0.0,-0.5,-0.5,0.4675,-0.0848,1.0,0.0,-0.5,-0.5,0.0,0.0,0.0,0.963
-0.3376,-0.337,-0.3376,0.752,-0.7803,-0.4001,-0.5996,0.6494,-1.016,-0.1924,0.01359,1.088,-0.1428,0.3367,-1.0,0.0,0.2456,0.1287,0.2776,0.0,-0.2778,0.8115,-0.31,-0.09705,-0.9126,0.4512,-0.6094,-1.075,-0.38,1.33,-1.886,0.884,1.167,-0.3376,-0.3396,0.0,0.0,-0.3335,0.0,-0.12134,-0.689,0.0,0.0,0.0,0.0,-0.3323,-1.0,-1.0,-1.0,0.942,-0.525,0.0,1.0,-0.5,-0.5,0.0,0.0,0.0,-0.5723
-0.339,-0.3384,-0.339,0.8525,-0.8784,-0.4001,-0.5996,0.595,-1.087,-0.2472,-0.00747,0.2303,-0.2856,0.3367,-1.0,0.0,0.2952,0.192,0.244,0.0,-0.2751,0.12286,-0.3635,-0.1532,-0.998,0.4343,-0.4604,-0.3457,-0.3455,-1.075,-0.5728,-1.089,-0.7085,-0.3416,-0.339,0.0,0.0,-0.334,0.0,-0.1266,-0.6494,0.0,0.0,0.0,0.0,-0.05627,-1.0,-1.0,-1.0,1.035,-0.6245,0.0,2.0,-0.5,-0.5,0.0,0.0,0.0,-0.09863
-0.3396,-0.339,-0.3398,0.4746,-0.4968,-0.4001,-0.5996,0.524,-0.6724,-0.1499,-0.0272,-0.325,-0.4285,0.3367,-1.0,0.0,0.1926,0.09595,0.3113,0.0,-0.2727,-0.4346,-0.3901,-0.2137,-0.6304,0.4255,-0.2544,0.6953,-0.3347,-0.3457,1.33,-1.886,-0.827,-0.3457,-0.3384,0.0,0.0,-0.3342,0.0,-0.11633,-0.587,0.0,0.0,0.0,0.0,0.04385,0.0,-0.5,-1.0,0.677,-0.2505,1.0,0.0,-0.5,-0.5,0.0,0.0,0.0,0.0773
-0.3398,-0.339,-0.3398,0.1895,-0.2098,-0.4001,-0.5996,0.4387,-0.3538,-0.07056,-0.03906,-0.4841,-0.5713,0.3367,-1.0,0.0,0.1081,0.0219,0.3672,0.0,-0.2703,-0.5967,-0.396,-0.275,-0.3254,0.4187,-0.2439,0.5728,-0.3484,0.6953,-1.075,-0.5728,-0.1677,-0.3477,-0.3376,0.0,0.0,-0.334,0.0,-0.1079,-0.3643,0.0,0.0,0.0,0.0,0.1371,1.0,0.0,-0.5,0.3738,-0.004974,2.0,0.0,-0.5,-0.5,0.0,0.0,0.0,0.2389
-0.3389,-0.3384,-0.339,-0.2368,0.2161,-0.2537,-0.5996,0.333,0.1674,0.0688,-0.05203,-2.252,-0.5713,0.3367,0.0,0.0,-0.03317,-0.10895,0.4624,0.0,-0.2676,-0.3848,-0.3723,-0.3318,0.197,0.4067,-0.6055,0.9644,-0.3499,0.5728,-0.3457,1.33,0.897,-0.3455,-0.337,0.0,0.0,-0.3342,0.0,-0.0935,-0.4104,0.0,0.0,0.0,0.0,0.2866,1.0,0.0,-0.5,-0.0175,0.426,3.0,0.0,-0.5,-0.5,1.0,0.0,2.586,0.4949
-0.3394,-0.3389,-0.3396,0.3716,-0.3997,-0.2537,-0.5996,0.4802,-0.3982,-0.1307,-0.06836,-2.053,-0.7144,0.3367,-1.0,0.0,0.1699,0.0802,0.3337,0.0,-0.2651,1.174,-0.3374,-0.384,-0.3757,0.3948,-0.965,-1.284,-0.3413,0.9644,0.6953,-1.074,0.884,-0.3445,-0.3367,0.0,0.0,-0.335,0.0,-0.11334,-0.4985,0.0,0.0,0.0,0.0,-0.465,1.0,-0.5,-0.5,0.5845,-0.1492,0.0,1.0,-0.5,-0.5,0.0,0.0,0.0,-0.7896
-0.3381,-0.3376,-0.3384,-0.413,0.3975,-0.2537,-0.5996,0.5347,0.441,0.126,-0.0683,-3.107,-0.5713,0.3367,0.0,0.0,-0.0681,-0.1849,0.5073,0.0,-0.2627,1.472,-0.3098,-0.4185,0.4944,0.3906,-0.6494,1.769,-0.3557,-1.284,0.5728,-0.3455,-1.089,-0.3428,-0.3357,0.0,0.0,-0.3352,0.0,-0.0871,-0.04385,0.0,0.0,0.0,0.0,0.8496,2.0,0.0,0.0,-0.0825,0.7144,1.0,0.0,-0.5,-0.5,0.0,0.0,0.0,1.475
-0.337,-0.3362,-0.337,-0.5015,0.4895,-0.2537,-0.5996,0.5337,0.569,0.1699,-0.0652,0.395,-0.4285,0.3367,0.0,0.0,-0.1083,-0.2278,0.5405,0.0,-0.26,0.269,-0.3008,-0.4312,0.608,0.4011,0.0671,0.3325,-0.3518,1.769,0.9644,0.6953,-1.885,-0.339,-0.335,0.0,0.0,-0.3352,0.0,-0.0822,0.0382,0.0,0.0,0.0,0.0,0.1865,2.0,0.5,0.5,-0.1987,0.77,2.0,0.0,-0.5,-0.5,0.0,0.0,0.0,0.3145
-0.3364,-0.336,-0.3367,-0.00528,-0.01495,-0.2537,-0.5996,0.543,0.1005,0.01096,-0.0747,-0.608,-0.4285,0.3367,0.0,0.0,0.03983,-0.0711,0.44,0.0,-0.2576,0.0717,-0.3035,-0.4321,0.132,0.3975,0.3635,-0.992,-0.3662,0.3325,-1.284,0.5728,-0.5728,-0.3364,-0.3345,0.0,0.0,-0.3357,0.0,-0.0978,-0.2751,0.0,0.0,0.0,0.0,-0.422,1.0,0.5,0.0,0.2805,0.2852,0.0,1.0,-0.5,-0.5,0.0,0.0,0.0,-0.708
-0.336,-0.3354,-0.336,-0.1647,0.1407,-0.2537,-0.5996,0.5264,0.3425,0.06476,-0.08716,1.374,-0.4285,0.3367,0.0,0.0,-0.0121,-0.1235,0.4792,0.0,-0.2551,-0.01304,-0.326,-0.4248,0.3665,0.3887,-0.0506,0.3923,-0.3674,-0.992,1.769,0.9644,1.329,-0.334,-0.3342,0.0,0.0,-0.3357,0.0,-0.092,-0.366,0.0,0.0,0.0,0.0,0.1472,1.0,0.5,0.0,0.09265,0.3977,1.0,0.0,-0.5,-0.5,0.0,0.0,0.0,0.251
-0.3345,-0.334,-0.3345,-0.4705,0.452,-0.2537,-0.5996,0.474,0.7104,0.1766,-0.0872,1.024,-0.2856,0.3367,0.0,0.0,-0.1199,-0.2288,0.5576,0.0,-0.2524,-0.549,-0.386,-0.4177,0.695,0.4,0.3845,0.78,-0.3826,0.3923,0.3325,-1.284,-1.074,-0.3313,-0.3333,0.0,0.0,-0.336,0.0,-0.0803,-0.03976,0.0,0.0,0.0,0.0,0.5034,2.0,1.0,0.5,-0.258,0.636,2.0,0.0,-0.5,-0.5,1.0,0.0,3.129,0.8525
-0.334,-0.3335,-0.334,-0.125,0.09955,-0.2537,-0.5996,0.3154,0.3137,0.06946,-0.07837,-0.3843,-0.1428,0.3367,0.0,0.0,-0.0354,-0.108,0.4905,0.0,-0.25,-0.01569,-0.4597,-0.4165,0.2747,0.419,0.6157,-0.6597,-0.3904,0.78,-0.9917,1.769,-0.3455,-0.3308,-0.333,0.0,0.0,-0.3362,0.0,-0.0908,0.2083,0.0,0.0,0.0,0.0,-0.4521,1.0,1.0,0.5,0.07654,0.2988,0.0,1.0,-0.5,-0.5,0.0,0.0,0.0,-0.756
-0.3315,-0.3308,-0.3315,-0.9663,0.9565,-0.2537,-0.5996,0.2764,1.174,0.3735,-0.05313,2.344,0.0,0.3367,0.0,0.0,-0.313,-0.3975,0.6133,1.0,-0.2903,2.467,-0.4521,-0.4172,0.9927,0.3953,0.4558,2.057,-0.3242,-0.6597,0.3923,0.3325,0.695,-0.326,-0.3318,0.0,0.0,-0.335,0.0,-0.0596,0.618,0.0,0.0,0.0,0.0,1.508,1.0,1.0,1.0,-0.6875,1.174,1.0,0.0,-0.5,-0.5,0.0,0.0,0.0,2.549
-0.329,-0.3284,-0.329,-0.948,0.9443,-0.2334,-0.5996,0.2234,1.161,0.3972,-0.036,0.132,0.1428,0.3367,0.0,0.0,-0.3381,-0.4143,0.6133,1.0,-0.2903,0.07623,-0.3928,-0.4097,0.9272,0.4084,0.3906,0.215,-0.2617,2.057,0.7793,-0.9917,0.5728,-0.323,-0.3306,0.0,0.0,-0.3337,0.0,-0.05652,0.4868,0.0,0.0,0.0,0.0,0.1511,2.0,1.0,1.0,-0.718,1.111,2.0,0.0,-0.5,-0.5,0.0,0.0,0.0,0.2471
-0.3267,-0.3262,-0.3267,-0.9116,0.9077,-0.1497,-0.5996,0.1342,1.076,0.4119,-0.010796,0.07007,0.2856,0.3367,0.0,0.0,-0.359,-0.4192,0.6133,1.0,-0.2903,-0.287,-0.314,-0.395,0.8906,0.416,0.1659,0.1606,-0.2069,0.215,-0.6597,0.392,0.964,-0.32,-0.3296,0.0,0.0,-0.3325,0.0,-0.05414,0.7837,1.0,0.0,0.0,0.0,0.0693,2.0,1.0,1.5,-0.694,1.063,3.0,0.0,-0.5,-0.5,0.0,0.0,0.0,0.11285
-0.325,-0.3245,-0.325,-0.606,0.595,-0.1497,-0.5996,0.1387,0.6733,0.326,0.013626,-0.2283,0.4285,0.3367,0.0,0.0,-0.2834,-0.3396,0.564,0.0,-0.2878,-0.1328,-0.233,-0.3765,0.5547,0.4353,0.7524,-0.4805,-0.188,0.1606,2.057,0.7793,-1.283,-0.3167,-0.329,0.0,0.0,-0.3323,0.0,-0.06204,0.737,0.0,0.0,0.0,0.0,-0.2158,1.0,1.0,1.5,-0.4124,0.748,0.0,1.0,-0.5,-0.5,0.0,0.0,0.0,-0.3506
-0.323,-0.3225,-0.323,-0.7637,0.754,-0.1497,-0.5996,0.1387,0.7905,0.3997,0.03702,0.3064,0.5713,0.3367,0.0,0.0,-0.348,-0.4084,0.6133,1.0,-0.2903,-0.0727,-0.1506,-0.3486,0.702,0.4543,0.2332,0.538,-0.1399,-0.4805,0.2148,-0.659,1.769,-0.313,-0.3284,0.0,0.0,-0.331,0.0,-0.05386,0.723,0.0,0.0,0.0,0.0,0.437,2.0,1.0,1.5,-0.5635,0.9023,1.0,0.0,-0.5,-0.5,0.0,0.0,0.0,0.7153
-0.3198,-0.3193,-0.32,-1.167,1.167,-0.1497,-0.5996,0.1959,1.205,0.5737,0.06494,0.6445,0.7144,0.3367,0.0,0.0,-0.491,-0.5728,0.6133,1.0,-0.2903,-0.04617,-0.06256,-0.299,1.127,0.3682,0.1953,1.174,-0.07404,0.538,0.1606,2.055,0.3323,-0.3088,-0.3274,0.0,0.0,-0.3284,0.0,-0.03543,0.8013,1.0,0.0,0.0,0.0,0.843,2.0,1.0,1.5,-0.937,1.316,2.0,0.0,-0.5,-0.5,0.0,0.0,0.0,1.368
-0.3179,-0.3171,-0.318,-0.7725,0.7705,-0.1497,0.4934,0.2448,0.7646,0.4624,0.0818,-0.2228,0.7144,0.3367,0.0,0.0,-0.3926,-0.4766,0.549,0.0,-0.2878,0.1998,0.008484,-0.2418,0.7236,0.3857,0.6953,-0.628,-0.0688,1.174,-0.4805,0.2148,-0.9917,-0.3044,-0.3264,0.0,0.0,-0.3257,0.0,-0.0459,0.5107,0.0,0.0,0.0,0.0,-0.2942,1.0,1.0,1.0,-0.5967,0.892,0.0,1.0,-0.5,-0.5,0.0,0.0,0.0,-0.4683
-0.3164,-0.316,-0.3164,-0.53,0.5156,-0.1497,0.4934,0.1122,0.43,0.3936,0.105,-0.2744,0.857,0.3367,0.0,0.0,-0.345,-0.4004,0.511,0.0,-0.2854,-0.649,0.0637,-0.1838,0.4368,0.4067,0.6826,-0.37,-0.05582,-0.628,0.538,0.1605,0.392,-0.3037,-0.3257,0.0,0.0,-0.3237,0.0,-0.05215,0.752,0.0,0.0,0.0,0.0,-0.2272,0.0,0.5,1.0,-0.4304,0.5728,0.0,2.0,-0.5,-0.5,0.0,0.0,0.0,-0.3655
-0.3152,-0.3147,-0.3152,-0.3293,0.308,-0.1497,0.4934,-0.04306,0.1956,0.3328,0.1137,-0.3286,0.857,0.3367,0.0,0.0,-0.306,-0.3286,0.479,0.0,-0.2827,-0.501,0.1023,-0.1279,0.1866,0.4258,0.4937,-0.3193,-0.08734,-0.37,1.174,-0.4805,0.7793,-0.3035,-0.3252,0.0,0.0,-0.3215,0.0,-0.05756,0.3872,0.0,0.0,0.0,0.0,-0.1906,0.0,0.0,0.5,-0.2394,0.37,0.0,3.0,-0.5,-1.0,0.0,0.0,0.0,-0.3083
-0.315,-0.3145,-0.315,-0.0268,0.0003903,-0.1497,0.2441,-0.04288,-0.1378,0.2317,0.11676,-1.034,0.7144,0.3367,-1.0,0.0,-0.2158,-0.2324,0.42,0.0,-0.2803,0.01721,0.1246,-0.0813,-0.1495,0.436,0.809,-0.5884,-0.1553,-0.3193,-0.628,0.538,-0.659,-0.3044,-0.325,0.0,0.0,-0.3196,0.0,-0.06714,0.1499,0.0,0.0,0.0,0.0,-0.29,-1.0,0.0,0.0,0.02718,0.0467,0.0,4.0,-0.5,-0.5,0.0,0.0,0.0,-0.472
-0.3132,-0.3127,-0.313,-0.6367,0.615,-0.1497,0.2441,-0.00769,0.448,0.4448,0.135,-17.1,0.7144,0.3367,0.0,0.0,-0.4,-0.436,0.565,0.0,-0.2778,1.118,0.1271,-0.039,0.4685,0.4543,0.0965,1.459,-0.1847,-0.5884,-0.37,1.173,2.055,-0.3027,-0.3237,0.0,0.0,-0.3171,0.0,-0.04437,0.6943,0.0,0.0,0.0,0.0,0.8047,-1.0,0.0,0.5,-0.4937,0.711,1.0,0.0,-0.5,-0.5,0.0,0.0,0.0,1.322
-0.3115,-0.311,-0.3113,-0.5874,0.5605,-0.1497,0.2441,-0.01578,0.3577,0.4414,0.1516,-0.03305,0.7144,0.3367,0.0,0.0,-0.3977,-0.4321,0.5703,0.0,-0.2751,-0.1604,0.09985,-0.001025,0.3984,0.474,0.05658,0.05273,-0.2079,1.459,-0.319,-0.6274,0.2148,-0.3018,-0.3223,0.0,0.0,-0.3147,0.0,-0.04373,0.646,0.0,0.0,0.0,0.0,0.02458,0.0,0.0,0.5,-0.482,0.619,2.0,0.0,-0.5,-0.5,0.0,0.0,0.0,0.03943
-0.3093,-0.3088,-0.309,-0.8535,0.8306,-0.1497,0.2441,0.01423,0.6323,0.555,0.1687,0.7803,0.7144,0.3367,0.0,0.0,-0.4915,-0.538,0.6133,1.0,-0.2903,0.6626,0.0551,0.03003,0.689,0.4573,0.03137,0.7905,-0.1891,0.05273,-0.5884,-0.3699,0.1605,-0.301,-0.321,0.0,0.0,-0.3125,0.0,-0.03116,0.6543,0.0,0.0,0.0,0.0,0.3967,1.0,0.0,0.5,-0.727,0.8916,3.0,0.0,-0.5,-0.5,0.0,0.0,0.0,0.6357
-0.308,-0.3079,-0.3079,-0.3806,0.343,-0.1497,0.2441,0.05734,0.0804,0.4043,0.1852,-0.667,0.7144,0.3367,0.0,0.0,-0.3591,-0.4048,0.5225,0.0,-0.2878,0.05487,0.002796,0.05527,0.119,0.4844,0.2834,-0.8843,-0.2617,0.7905,1.458,-0.319,-0.4802,-0.301,-0.3206,0.0,0.0,-0.3103,0.0,-0.04596,0.5703,0.0,0.0,0.0,0.0,-0.5435,1.0,0.0,0.5,-0.332,0.3557,0.0,1.0,-0.5,-0.5,0.0,0.0,0.0,-0.86
-0.3066,-0.3064,-0.3064,-0.469,0.4304,-0.1497,0.2441,-0.1487,0.1879,0.4448,0.1897,0.746,0.7144,0.3367,0.0,0.0,-0.4126,-0.4226,0.5547,0.0,-0.2854,-0.1649,-0.0103,0.0741,0.1542,0.51,0.1196,0.3167,-0.273,-0.8843,0.05273,-0.5884,0.538,-0.2998,-0.3193,0.0,0.0,-0.3086,0.0,-0.0412,0.252,0.0,0.0,0.0,0.0,0.2406,2.0,0.0,0.5,-0.41,0.4478,1.0,0.0,-0.5,-0.5,0.0,0.0,0.0,0.3862
-0.3062,-0.306,-0.306,-0.1366,0.09296,-0.1497,0.2441,-0.1542,-0.143,0.336,0.1881,-1.055,0.5713,0.3367,-1.0,0.0,-0.3186,-0.321,0.4905,0.0,-0.2827,-0.2942,-0.02364,0.0827,-0.1876,0.5166,-0.305,-0.63,-0.2927,0.3167,0.79,1.458,1.173,-0.299,-0.3179,0.0,0.0,-0.3074,0.0,-0.05176,0.00474,0.0,0.0,0.0,0.0,-0.4429,1.0,-0.5,0.0,-0.0713,0.1431,0.0,1.0,-0.5,-0.5,0.0,0.0,0.0,-0.7075
-0.3057,-0.3054,-0.3054,-0.0876,0.04315,-0.1497,0.2441,-0.1398,-0.1802,0.3193,0.1854,1.6045,0.4285,0.3367,-1.0,0.0,-0.3025,-0.3066,0.4854,0.0,-0.2803,-0.1503,-0.0497,0.0727,-0.2191,0.518,-0.0863,-0.05307,-0.362,-0.63,-0.884,0.0527,-0.6274,-0.2976,-0.3162,0.0,0.0,-0.306,0.0,-0.05283,-0.05106,0.0,0.0,0.0,0.0,-0.02663,0.0,-0.5,-0.5,-0.04752,0.06964,0.0,2.0,-0.5,-0.5,0.0,0.0,0.0,-0.04297
-0.305,-0.3047,-0.3047,-0.16,0.1146,-0.1497,0.2441,-0.1718,-0.1114,0.345,0.1882,-1.017,0.4285,0.3367,0.0,0.0,-0.328,-0.3276,0.507,0.0,-0.2778,-0.4397,-0.0888,0.04034,-0.1292,0.5205,0.0503,0.2124,-0.4287,-0.05307,0.3167,0.79,-0.3699,-0.2979,-0.3147,0.0,0.0,-0.3042,0.0,-0.04965,0.1453,0.0,0.0,0.0,0.0,0.1118,0.0,0.0,0.0,-0.1321,0.1224,1.0,0.0,-0.5,-0.5,0.0,0.0,0.0,0.1807
-0.3032,-0.303,-0.303,-0.5635,0.5244,-0.1497,0.2441,-0.2085,0.329,0.4937,0.1938,14.88,0.4285,0.3367,0.0,0.0,-0.4597,-0.4614,0.6084,0.0,-0.2751,-0.10596,-0.1289,-0.003828,0.314,0.5303,0.189,1.006,-0.4512,0.2124,-0.63,-0.884,-0.319,-0.2969,-0.3127,0.0,0.0,-0.3025,0.0,-0.0337,0.2559,0.0,0.0,0.0,0.0,0.5176,1.0,0.5,0.0,-0.5225,0.515,2.0,0.0,-0.5,-0.5,0.0,0.0,0.0,0.8335
-0.302,-0.3018,-0.3018,-0.4524,0.4114,-0.1497,0.2441,-0.2725,0.2698,0.468,0.1902,-0.00351,0.4285,0.3367,0.0,0.0,-0.4436,-0.4321,0.5977,0.0,-0.2727,-0.314,-0.1653,-0.06055,0.2642,0.53,0.4854,-0.1041,-0.542,1.006,-0.05304,0.3167,-0.588,-0.297,-0.3105,0.0,0.0,-0.3005,0.0,-0.03558,-0.0733,0.0,0.0,0.0,0.0,-0.04385,0.0,0.5,-0.5,-0.4453,0.3735,0.0,1.0,-0.5,-0.5,0.0,0.0,0.0,-0.06946
-0.299,-0.2988,-0.299,-1.052,1.026,-0.1497,0.2441,-0.256,0.959,0.705,0.2014,2.105,0.4285,0.3367,0.0,0.0,-0.64,-0.645,0.6133,1.0,-0.2903,0.8193,-0.1996,-0.0974,0.9556,0.4026,0.001951,1.564,-0.463,-0.1041,0.2124,-0.63,1.458,-0.2937,-0.308,0.0,0.0,-0.2988,0.0,-0.0103,0.5166,0.0,0.0,0.0,0.0,1.055,1.0,0.5,0.0,-0.954,1.041,1.0,0.0,-0.5,-0.5,0.0,0.0,0.0,1.673
-0.2969,-0.2966,-0.2969,-0.807,0.7817,-0.1497,0.2441,-0.2288,0.715,0.645,0.2134,-0.1064,0.4285,0.3367,0.0,0.0,-0.5884,-0.595,0.582,0.0,-0.2878,-0.4746,-0.224,-0.1249,0.7095,0.4216,0.0713,-0.305,-0.4219,1.564,1.005,-0.05304,0.0527,-0.291,-0.306,0.0,0.0,-0.2974,0.0,-0.01572,0.535,0.0,0.0,0.0,0.0,-0.1929,1.0,0.0,0.0,-0.726,0.797,0.0,1.0,-0.5,-0.5,0.0,0.0,0.0,-0.298
-0.2944,-0.294,-0.2942,-0.9526,0.933,-0.2177,0.2441,-0.1787,0.8765,0.726,0.2322,0.3567,0.4285,0.3367,0.0,0.0,-0.65,-0.671,0.6133,1.0,-0.2903,0.1973,-0.2367,-0.1471,0.884,0.4172,-0.1683,0.562,-0.364,-0.305,-0.10406,0.2124,0.79,-0.2869,-0.304,0.0,0.0,-0.2957,0.0,-0.006615,0.7505,0.0,0.0,0.0,0.0,0.3425,1.0,0.0,0.5,-0.8667,0.9424,1.0,0.0,-0.5,-0.5,0.0,0.0,0.0,0.532
-0.292,-0.2915,-0.2917,-0.9126,0.8926,-0.2177,0.2441,-0.1833,0.806,0.741,0.2566,0.065,0.5713,0.3367,0.0,0.0,-0.6626,-0.683,0.6133,1.0,-0.2903,-0.0785,-0.2411,-0.1633,0.8257,0.4292,0.2563,0.1517,-0.3284,0.562,1.563,1.005,-0.884,-0.2822,-0.3015,0.0,0.0,-0.2937,0.0,-0.00434,1.001,1.0,0.0,0.0,0.0,0.0917,1.0,0.5,1.0,-0.894,0.8315,2.0,0.0,-1.0,-0.5,0.0,0.0,0.0,0.1411
-0.2886,-0.2883,-0.2886,-1.212,1.2,-0.2177,0.2441,-0.2659,1.158,0.8867,0.277,0.562,0.5713,0.3367,0.0,0.0,-0.7856,-0.7993,0.6133,1.0,-0.2903,0.1006,-0.2223,-0.1669,1.1455,0.3645,0.2394,0.959,-0.248,0.1517,-0.3047,-0.10406,0.3167,-0.2764,-0.299,0.0,0.0,-0.2913,0.0,0.01151,0.94,1.0,0.0,0.0,0.0,0.7134,2.0,0.5,1.0,-1.133,1.182,3.0,0.0,-1.0,-0.5,0.0,0.0,0.0,1.095
-0.2861,-0.2856,-0.286,-0.955,0.943,-0.2177,0.2441,-0.263,0.887,0.8276,0.2957,-0.0904,0.5713,0.3367,0.0,0.0,-0.739,-0.7495,0.583,0.0,-0.2878,-0.2947,-0.1962,-0.1602,0.897,0.3843,0.6284,-0.298,-0.1896,0.959,0.5615,1.563,-0.63,-0.2727,-0.297,0.0,0.0,-0.2898,0.0,0.00613,0.8003,1.0,0.0,0.0,0.0,-0.1637,1.0,0.5,0.5,-0.917,0.9,0.0,1.0,-1.0,-0.5,0.0,0.0,0.0,-0.2473
-0.2847,-0.2842,-0.2844,-0.4631,0.444,-0.2177,0.2441,-0.309,0.376,0.672,0.3027,-0.4163,0.5713,0.3367,0.0,0.0,-0.617,-0.611,0.491,0.0,-0.2854,-0.7544,-0.1705,-0.155,0.3813,0.3975,0.7983,-0.8984,-0.1771,-0.298,0.1517,-0.3047,-0.05304,-0.27,-0.295,0.0,0.0,-0.2883,0.0,-0.009476,0.3003,0.0,0.0,0.0,0.0,-0.468,1.0,0.5,0.0,-0.4514,0.4106,0.0,2.0,-1.0,-0.5,0.0,1.0,-2.56,-0.7104
-0.283,-0.2825,-0.2827,-0.5796,0.561,-0.2177,0.2441,-0.3389,0.4768,0.729,0.319,0.3684,0.5713,0.3367,0.0,0.0,-0.6665,-0.658,0.5317,0.0,-0.2827,-0.2174,-0.1343,-0.1467,0.496,0.415,0.8276,0.4055,-0.1675,-0.8984,0.9585,0.5615,0.2123,-0.2693,-0.2927,0.0,0.0,-0.2866,0.0,-0.00295,0.715,0.0,0.0,0.0,0.0,0.261,1.0,0.5,0.5,-0.5566,0.5312,1.0,0.0,-1.0,-0.5,0.0,0.0,0.0,0.4023
-0.2808,-0.2803,-0.2808,-0.7476,0.73,-0.2177,0.2441,-0.4138,0.643,0.81,0.3367,0.4512,0.5713,0.3367,0.0,0.0,-0.7383,-0.72,0.588,0.0,-0.2803,-0.564,-0.0918,-0.137,0.6904,0.4314,0.5503,0.5537,-0.1592,0.4055,-0.2979,0.1517,1.005,-0.267,-0.2908,0.0,0.0,-0.2844,0.0,0.00628,0.761,1.0,0.0,0.0,0.0,0.185,1.0,0.5,0.5,-0.718,0.694,2.0,0.0,-1.0,-0.5,0.0,0.0,0.0,0.2834
-0.2788,-0.2786,-0.2788,-0.621,0.599,-0.2177,0.6084,-0.423,0.465,0.7847,0.3582,-0.11475,0.7144,0.3367,0.0,0.0,-0.7188,-0.6978,0.5776,0.0,-0.2778,-0.4282,-0.04547,-0.12463,0.5117,0.458,0.6978,-0.09973,-0.1907,0.5537,-0.8984,0.9585,-0.10406,-0.2659,-0.2886,0.0,0.0,-0.282,0.0,0.004353,0.9863,1.0,0.0,0.0,0.0,-0.0462,0.0,0.5,0.5,-0.5957,0.568,0.0,1.0,-1.0,-0.5,0.0,0.0,0.0,-0.0701
-0.2773,-0.277,-0.277,-0.5293,0.5015,-0.2177,0.6084,-0.428,0.3132,0.7676,0.38,-0.1439,0.857,0.3367,0.0,0.0,-0.7056,-0.6826,0.5728,0.0,-0.2751,-0.2927,-0.00339,-0.107,0.3638,0.4836,0.1721,-0.04996,-0.1882,-0.09973,0.4053,-0.2979,1.563,-0.265,-0.287,0.0,0.0,-0.2803,0.0,0.003277,0.9863,1.0,0.0,0.0,0.0,-0.02321,0.0,0.0,0.5,-0.5156,0.4646,0.0,2.0,-1.0,-0.5,0.0,0.0,0.0,-0.03525
-0.2761,-0.276,-0.276,-0.3816,0.3464,-0.2177,0.6084,-0.3865,0.1027,0.7266,0.399,-0.3962,0.857,0.3367,0.0,0.0,-0.669,-0.6514,0.5522,0.0,-0.2727,-0.2888,0.0288,-0.0859,0.1593,0.506,0.3381,-0.2,-0.1971,-0.04996,0.5537,-0.8984,-0.3047,-0.2659,-0.2856,0.0,0.0,-0.2786,0.0,-0.0003474,0.858,1.0,0.0,0.0,0.0,-0.0896,0.0,0.0,0.0,-0.4143,0.271,0.0,3.0,-1.0,-0.5,0.0,0.0,0.0,-0.1362
-0.2747,-0.2744,-0.2744,-0.4426,0.404,-0.5454,0.6084,-0.423,0.1409,0.76,0.4128,0.3354,0.857,0.3367,0.0,0.0,-0.6987,-0.6763,0.5776,0.0,-0.2703,-0.4954,0.04987,-0.064,0.1981,0.524,0.1511,0.251,-0.1893,-0.2,-0.09973,0.4053,0.5615,-0.2659,-0.2842,0.0,0.0,-0.2773,0.0,0.003748,0.7188,0.0,0.0,0.0,0.0,0.09064,0.0,0.0,0.0,-0.4624,0.3376,1.0,0.0,-1.0,-0.5,0.0,0.0,0.0,0.1383
-0.2732,-0.273,-0.2727,-0.5195,0.4758,-0.5454,0.6084,-0.443,0.1893,0.801,0.4297,0.3503,0.857,0.3367,0.0,0.0,-0.734,-0.7095,0.6084,0.0,-0.2676,-0.5,0.0477,-0.03958,0.2703,0.5396,0.1196,0.2998,-0.2034,0.251,-0.04996,0.5537,0.1517,-0.2642,-0.2825,0.0,0.0,-0.2754,0.0,0.00872,0.8306,1.0,0.0,0.0,0.0,0.0916,0.0,0.0,0.5,-0.595,0.3428,2.0,0.0,-1.0,-0.5,0.0,0.0,0.0,0.1392
-0.2717,-0.2717,-0.2715,-0.4155,0.3684,-0.5454,0.6084,-0.5835,0.09753,0.779,0.4355,-0.1879,0.857,0.3367,0.0,0.0,-0.7285,-0.6772,0.598,0.0,-0.2651,-0.8335,0.03397,-0.014145,0.1544,0.5537,-0.2418,-0.0994,-0.2197,0.2998,-0.2,-0.09973,0.9585,-0.2632,-0.281,0.0,0.0,-0.2737,0.0,0.006847,0.3914,0.0,0.0,0.0,0.0,-0.03543,0.0,-0.5,0.0,-0.508,0.2256,0.0,1.0,-1.0,-0.5,0.0,0.0,0.0,-0.05356
-0.2712,-0.2712,-0.271,-0.08093,0.02765,-0.5454,0.6084,-0.5137,-0.252,0.6665,0.4387,-1.66,0.7144,0.3367,-1.0,0.0,-0.6313,-0.587,0.5317,0.0,-0.2627,-0.01417,0.007347,0.003038,-0.2028,0.5557,-0.1221,-0.6475,-0.2822,-0.0994,0.2507,-0.04996,-0.2979,-0.264,-0.2803,0.0,0.0,-0.272,0.0,-0.004444,0.213,0.0,0.0,0.0,0.0,-0.2751,0.0,-0.5,0.0,-0.1877,-0.1051,0.0,2.0,-1.0,-0.5,0.0,0.0,0.0,-0.4167
-0.2705,-0.2703,-0.27,-0.2367,0.1841,-0.5454,0.6084,-0.5776,-0.08,0.7256,0.4404,-1.234,0.7144,0.3367,0.0,0.0,-0.685,-0.632,0.5728,0.0,-0.26,-0.4272,-0.02827,0.009834,-0.04803,0.5557,0.2352,0.4028,-0.3633,-0.6475,0.2998,-0.2,-0.898,-0.2642,-0.279,0.0,0.0,-0.27,0.0,0.0022,0.1593,0.0,0.0,0.0,0.0,0.1562,1.0,0.0,0.0,-0.3206,0.06415,1.0,0.0,-1.0,-0.5,0.0,0.0,0.0,0.2393
-0.2688,-0.2686,-0.2683,-0.5874,0.541,-0.5454,0.6084,-0.5874,0.3103,0.8643,0.4468,12.35,0.7144,0.3367,0.0,0.0,-0.7964,-0.7495,0.6133,1.0,-0.2903,-0.2434,-0.06158,0.008026,0.3318,0.5317,0.1007,0.9,-0.4395,0.4028,-0.0994,0.2507,0.4053,-0.2627,-0.2773,0.0,0.0,-0.2678,0.0,0.01729,0.4011,0.0,0.0,0.0,0.0,0.515,1.0,0.0,0.0,-0.654,0.4126,2.0,0.0,-1.0,-0.5,1.0,0.0,2.707,0.7837
-0.2673,-0.2673,-0.2668,-0.434,0.3855,-0.5454,0.6084,-0.6597,0.2017,0.8223,0.4438,-0.1372,0.7144,0.3367,0.0,0.0,-0.77,-0.707,0.5933,0.0,-0.2878,-0.5054,-0.0911,-0.00362,0.2173,0.5356,-0.0758,-0.197,-0.4863,0.9,-0.647,0.2996,0.553,-0.2612,-0.2756,0.0,0.0,-0.266,0.0,0.013596,-0.010284,0.0,0.0,0.0,0.0,-0.1123,0.0,-0.5,-0.5,-0.5156,0.2527,0.0,1.0,-1.0,-0.5,0.0,0.0,0.0,-0.1683
-0.2651,-0.265,-0.2646,-0.799,0.7593,-0.5454,0.6084,-0.635,0.6343,0.9746,0.4502,1.641,0.7144,0.3367,0.0,0.0,-0.887,-0.837,0.6133,1.0,-0.2903,0.002674,-0.1221,-0.02785,0.6533,0.4646,-0.01066,0.9883,-0.52,-0.197,0.4026,-0.09937,-0.09973,-0.2588,-0.2734,0.0,0.0,-0.264,0.0,0.03043,0.4617,0.0,0.0,0.0,0.0,0.507,1.0,0.0,0.0,-0.856,0.625,1.0,0.0,-1.0,-0.5,0.0,0.0,0.0,0.7617
-0.2625,-0.2622,-0.262,-0.9556,0.9214,-0.5454,0.6084,-0.6714,0.8164,1.062,0.4683,0.409,0.7144,0.3367,0.0,0.0,-0.957,-0.905,0.6133,1.0,-0.2903,-0.659,-0.1511,-0.052,0.8354,0.4272,0.0797,0.5835,-0.4548,0.9883,0.9,-0.647,-0.04993,-0.2556,-0.2715,0.0,0.0,-0.262,0.0,0.0404,1.085,1.0,0.0,0.0,0.0,0.2874,2.0,0.5,0.5,-0.9956,0.793,2.0,0.0,-1.0,-0.5,0.0,0.0,0.0,0.425
-0.2595,-0.2593,-0.2593,-0.992,0.9624,-0.4224,0.6084,-0.6616,0.877,1.108,0.4854,0.2146,0.7144,0.3367,0.0,0.0,-0.9907,-0.943,0.6133,1.0,-0.2903,-0.0836,-0.1715,-0.07324,0.8857,0.417,0.2605,0.3372,-0.4043,0.5835,-0.197,0.4026,-0.2,-0.252,-0.2693,0.0,0.0,-0.2598,0.0,0.04617,1.075,1.0,0.0,0.0,0.0,0.1432,2.0,1.0,0.5,-1.043,0.82,3.0,0.0,-1.0,-0.5,0.0,0.0,0.0,0.2098
-0.257,-0.2568,-0.2568,-0.822,0.7935,-0.4224,0.6084,-0.601,0.72,1.072,0.497,-0.03024,0.7144,0.3367,0.0,0.0,-0.9585,-0.92,0.5986,0.0,-0.2878,0.04877,-0.1841,-0.0898,0.697,0.441,0.2751,-0.1437,-0.3652,0.3372,0.9883,0.9,0.2507,-0.2474,-0.2676,0.0,0.0,-0.258,0.0,0.0433,0.868,1.0,0.0,0.0,0.0,-0.09064,1.0,0.5,0.0,-0.883,0.6523,0.0,1.0,-1.0,-0.5,0.0,0.0,0.0,-0.132
-0.255,-0.2546,-0.2546,-0.75,0.722,-0.4224,0.6084,-0.608,0.656,1.069,0.51,0.05826,0.7144,0.3367,0.0,0.0,-0.9565,-0.9165,0.6035,0.0,-0.2854,-0.533,-0.1794,-0.0994,0.6206,0.4614,0.252,0.048,-0.3342,-0.1437,0.5835,-0.197,0.2996,-0.2434,-0.2654,0.0,0.0,-0.2563,0.0,0.0439,0.943,1.0,0.0,0.0,0.0,0.02585,2.0,0.5,0.5,-0.8174,0.5806,1.0,0.0,-1.0,-0.5,0.0,0.0,0.0,0.03775
-0.253,-0.2524,-0.2527,-0.726,0.699,-0.4224,0.6084,-0.6284,0.633,1.082,0.524,0.11017,0.7144,0.3367,0.0,0.0,-0.9683,-0.925,0.6133,1.0,-0.2903,-0.535,-0.1633,-0.1007,0.61,0.4736,0.3865,0.1439,-0.2925,0.048,0.337,0.9883,-0.09937,-0.2406,-0.2634,0.0,0.0,-0.2551,0.0,0.04626,1.007,1.0,0.0,0.0,0.0,0.06055,2.0,1.0,1.0,-0.799,0.5537,2.0,0.0,-1.0,-0.5,0.0,0.0,0.0,0.0883
-0.2517,-0.2512,-0.2515,-0.3538,0.3218,-0.4224,0.6084,-0.5664,0.2192,0.9575,0.5347,-0.4634,0.7144,0.3367,0.0,0.0,-0.8677,-0.8296,0.545,0.0,-0.2878,0.3862,-0.1387,-0.09985,0.1917,0.4915,0.7627,-0.67,-0.283,0.1439,-0.1436,0.583,-0.647,-0.2385,-0.2612,0.0,0.0,-0.2542,0.0,0.03406,0.715,0.0,0.0,0.0,0.0,-0.3398,1.0,1.0,1.0,-0.4268,0.2047,0.0,1.0,-1.0,-0.5,0.0,0.0,0.0,-0.4944
-0.2507,-0.2505,-0.2505,-0.2233,0.1884,-0.4224,0.78,-0.5674,0.06287,0.915,0.542,-0.37,0.7144,0.3367,0.0,0.0,-0.835,-0.794,0.525,0.0,-0.2854,-0.5874,-0.1182,-0.10455,0.04736,0.502,0.6953,-0.1935,-0.3054,-0.67,0.04797,0.337,0.4026,-0.2384,-0.2593,0.0,0.0,-0.2527,0.0,0.03047,0.5464,0.0,0.0,0.0,0.0,-0.07806,0.0,0.5,0.5,-0.3088,0.0675,0.0,2.0,-1.0,-0.5,0.0,0.0,0.0,-0.1149
-0.2493,-0.249,-0.249,-0.4402,0.4082,-0.4224,0.78,-0.541,0.2793,1.001,0.5513,1.477,0.7144,0.3367,0.0,0.0,-0.8984,-0.867,0.584,0.0,-0.2827,-0.0782,-0.0989,-0.1103,0.265,0.516,0.3928,0.5825,-0.3083,-0.1935,0.1438,-0.1436,0.8994,-0.2383,-0.2573,0.0,0.0,-0.251,0.0,0.04034,0.624,0.0,0.0,0.0,0.0,0.4377,1.0,0.5,0.5,-0.488,0.3115,1.0,0.0,-1.0,-0.5,0.0,0.0,0.0,0.6465
-0.2484,-0.2482,-0.2482,-0.1973,0.1606,-0.4224,0.78,-0.5244,0.005836,0.917,0.558,-0.617,0.7144,0.3367,0.0,0.0,-0.8325,-0.8,0.5396,0.0,-0.2803,-0.915,-0.08563,-0.11993,0.006687,0.526,0.54,-0.4326,-0.313,0.5825,-0.6694,0.04797,-0.1969,-0.2394,-0.2556,0.0,0.0,-0.25,0.0,0.03247,0.4595,0.0,0.0,0.0,0.0,-0.1619,0.0,0.5,0.5,-0.2695,0.05627,0.0,1.0,-1.0,-0.5,0.0,0.0,0.0,-0.2368
-0.248,-0.2479,-0.2477,-0.01921,-0.02502,-0.4224,0.78,-0.5566,-0.229,0.8516,0.568,-1.986,0.7144,0.3367,-1.0,0.0,-0.7837,-0.7417,0.5054,0.0,-0.2778,-0.3882,-0.0794,-0.125,-0.2196,0.539,0.1721,-0.3389,-0.3274,-0.4326,-0.1935,0.1438,0.988,-0.2407,-0.2542,0.0,0.0,-0.2493,0.0,0.02625,0.599,0.0,0.0,0.0,0.0,-0.1844,-1.0,0.0,0.5,-0.1025,-0.1274,0.0,2.0,-1.0,-0.5,0.0,0.0,0.0,-0.2717
-0.2495,-0.2494,-0.2493,0.7676,-0.8184,-0.4224,-0.04892,-0.3337,-1.057,0.563,0.563,8.12,0.5713,0.3367,-1.0,0.0,-0.5293,-0.512,0.3333,0.0,-0.2751,1.599,-0.097,-0.1355,-1.013,0.532,-0.0842,-1.704,-0.3228,-0.3389,0.5825,-0.6694,0.583,-0.245,-0.254,0.0,0.0,-0.2493,0.0,-0.004032,-0.1827,0.0,0.0,0.0,0.0,-1.508,-1.0,-0.5,0.0,0.6807,-0.864,0.0,3.0,-1.0,-0.5,0.0,0.0,0.0,-2.232
-0.2502,-0.25,-0.25,0.4172,-0.4626,-0.4224,-0.04892,-0.3696,-0.7344,0.6597,0.555,-0.2329,0.4285,0.3367,-1.0,0.0,-0.613,-0.594,0.3972,0.0,-0.2727,-0.2356,-0.1305,-0.15,-0.6787,0.526,-0.3342,0.652,-0.3406,-1.704,-0.4326,-0.1935,0.337,-0.2484,-0.2532,0.0,0.0,-0.2489,0.0,0.0067,-0.2622,0.0,0.0,0.0,0.0,0.5005,0.0,-0.5,0.0,0.374,-0.4875,1.0,0.0,-1.0,-0.5,0.0,0.0,0.0,0.7637
-0.251,-0.2507,-0.2507,0.48,-0.525,-0.4224,-0.04892,-0.3403,-0.8164,0.6206,0.548,0.288,0.2856,0.3367,-1.0,0.0,-0.578,-0.563,0.3774,0.0,-0.2703,-0.2316,-0.1868,-0.1687,-0.7524,0.5215,-0.3616,-0.1984,-0.3472,0.652,-0.3389,0.582,-0.1436,-0.251,-0.253,0.0,0.0,-0.2488,0.0,0.002913,-0.2622,0.0,0.0,0.0,0.0,-0.1561,-1.0,-0.5,0.0,0.3914,-0.594,0.0,1.0,-1.0,-0.5,0.0,0.0,0.0,-0.2355
-0.2527,-0.2524,-0.2524,0.81,-0.854,-0.4224,-0.04892,-0.3298,-1.125,0.4868,0.528,0.626,0.1428,0.3367,-1.0,0.0,-0.4648,-0.4438,0.2988,0.0,-0.2676,0.1239,-0.264,-0.1931,-1.078,0.51,-0.475,-0.796,-0.321,-0.1984,-1.704,-0.4326,0.04797,-0.2546,-0.253,0.0,0.0,-0.2493,0.0,-0.01099,-0.8438,0.0,0.0,0.0,0.0,-0.418,-1.0,-1.0,-0.5,0.711,-0.9097,0.0,2.0,-1.0,-0.5,0.0,0.0,0.0,-0.633
-0.2532,-0.2527,-0.253,0.3213,-0.3577,-0.4224,-0.04892,-0.303,-0.6094,0.633,0.51,-0.4172,0.0,0.3367,-1.0,0.0,-0.5845,-0.577,0.3923,0.0,-0.2651,-0.5684,-0.3425,-0.2222,-0.568,0.4968,-0.6665,0.958,-0.3252,-0.796,0.6514,-0.3389,0.1438,-0.2578,-0.253,0.0,0.0,-0.2491,0.0,0.004932,-0.703,0.0,0.0,0.0,0.0,0.607,0.0,-1.0,-0.5,0.2815,-0.3862,1.0,0.0,-1.0,-0.5,0.0,0.0,0.0,0.931
-0.253,-0.2527,-0.2527,0.0631,-0.09796,-0.4224,-0.04892,-0.3362,-0.2898,0.714,0.493,-0.566,-0.1428,0.3367,-1.0,0.0,-0.654,-0.645,0.4463,0.0,-0.2627,-0.4438,-0.4106,-0.256,-0.269,0.4885,-0.4668,0.546,-0.358,0.958,-0.1984,-1.704,-0.6694,-0.2593,-0.2524,0.0,0.0,-0.2484,0.0,0.01398,-0.6284,0.0,0.0,0.0,0.0,0.3896,1.0,-0.5,-0.5,0.05963,-0.1072,2.0,0.0,-1.0,-0.5,0.0,0.0,0.0,0.5884
-0.2515,-0.2512,-0.2515,-0.397,0.3687,-0.06946,-0.04892,-0.2676,0.2517,0.881,0.4849,-3.256,-0.1428,0.3367,0.0,0.0,-0.7812,-0.7944,0.5547,0.0,-0.26,1.163,-0.4578,-0.2942,0.285,0.482,-0.4246,1.082,-0.3762,0.546,-0.796,0.6514,-0.1935,-0.2583,-0.2515,0.0,0.0,-0.2472,0.0,0.03244,-0.2433,0.0,0.0,0.0,0.0,0.7104,1.0,0.0,0.0,-0.322,0.409,3.0,0.0,-1.0,-0.5,0.0,0.0,0.0,1.0625
-0.2496,-0.2494,-0.2495,-0.6147,0.5894,0.2578,-0.04892,-0.2856,0.5566,0.975,0.4807,1.055,-0.1428,0.3367,0.0,0.0,-0.856,-0.8706,0.6133,1.0,-0.2903,-0.7935,-0.4841,-0.3335,0.5874,0.4783,-0.664,0.628,-0.3628,1.082,0.958,-0.1982,0.582,-0.254,-0.2502,0.0,0.0,-0.2462,0.0,0.04324,-0.0881,0.0,0.0,0.0,0.0,0.361,2.0,0.0,0.0,-0.5044,0.652,4.0,0.0,-0.5,-0.5,0.0,0.0,0.0,0.531
-0.2488,-0.2485,-0.2487,-0.2092,0.1799,0.2578,-0.04892,-0.1066,0.1987,0.8394,0.4705,-0.4414,-0.1428,0.3367,0.0,0.0,-0.7344,-0.775,0.535,0.0,-0.2878,1.234,-0.4934,-0.3804,0.2024,0.4792,-0.4604,-0.7646,-0.3708,0.628,0.546,-0.796,-0.4324,-0.2517,-0.2496,0.0,0.0,-0.2455,0.0,0.02934,-0.3103,0.0,0.0,0.0,0.0,-0.4055,2.0,0.0,-0.5,-0.1167,0.254,0.0,1.0,-0.5,-0.5,0.0,0.0,0.0,-0.5894
-0.2483,-0.248,-0.2482,-0.0489,0.01675,0.2578,-0.04892,-0.1265,0.0667,0.784,0.4634,-0.3184,-0.1428,0.3367,0.0,0.0,-0.692,-0.7256,0.5054,0.0,-0.2854,0.06934,-0.4875,-0.4324,0.0703,0.477,-0.3132,-0.2905,-0.3708,-0.7646,1.082,0.9575,-0.3389,-0.2495,-0.249,0.0,0.0,-0.2455,0.0,0.02406,-0.2216,0.0,0.0,0.0,0.0,-0.09937,1.0,0.0,-0.5,0.04,0.09937,0.0,2.0,-0.5,-0.5,0.0,0.0,0.0,-0.1464
-0.2489,-0.2485,-0.2487,0.3596,-0.3958,0.2578,-0.04892,-0.0392,-0.3298,0.633,0.4507,-2.248,-0.2856,0.3367,-1.0,0.0,-0.561,-0.6025,0.417,0.0,-0.2827,0.09174,-0.477,-0.479,-0.3425,0.4739,0.4243,-0.876,-0.3687,-0.2905,0.628,0.546,-1.704,-0.2476,-0.2488,0.0,0.0,-0.2463,0.0,0.0085,-0.3723,0.0,0.0,0.0,0.0,-0.381,0.0,0.0,-0.5,0.4417,-0.2888,0.0,3.0,-0.5,-0.5,0.0,0.0,0.0,-0.564
-0.2488,-0.2485,-0.2485,0.0982,-0.1335,0.2578,-0.04892,-0.08044,-0.0274,0.7144,0.4387,-1.402,-0.2856,0.3367,0.0,0.0,-0.632,-0.67,0.471,0.0,-0.2803,-0.383,-0.4639,-0.5127,-0.03772,0.4648,0.189,0.5435,-0.3838,-0.876,-0.7646,1.082,0.6514,-0.2462,-0.2482,0.0,0.0,-0.2472,0.0,0.0177,-0.3848,0.0,0.0,0.0,0.0,0.2072,0.0,0.0,-0.5,0.2006,-0.0249,1.0,0.0,-0.5,-0.5,0.0,0.0,0.0,0.311
-0.2499,-0.2496,-0.2496,0.609,-0.6484,0.2578,-0.04892,0.07623,-0.52,0.5254,0.4216,-6.02,-0.4285,0.3367,-1.0,0.0,-0.4612,-0.5176,0.3582,0.0,-0.2778,0.0399,-0.4548,-0.528,-0.548,0.4568,0.3066,-1.126,-0.3782,0.5435,-0.2905,0.628,-0.1982,-0.2476,-0.2482,0.0,0.0,-0.2484,0.0,-0.002092,-0.5156,0.0,0.0,0.0,0.0,-0.4163,-1.0,0.0,-0.5,0.7256,-0.4849,0.0,1.0,-0.5,-0.5,0.0,0.0,0.0,-0.6196
-0.2507,-0.2505,-0.2505,0.4749,-0.5137,0.2578,-0.04892,0.03946,-0.3809,0.551,0.408,-0.234,-0.4285,0.3367,-1.0,0.0,-0.4858,-0.537,0.3777,0.0,-0.2751,-0.7007,-0.4592,-0.526,-0.4104,0.4478,0.6367,0.1995,-0.386,-1.126,-0.8755,-0.7646,-0.7954,-0.2502,-0.2482,0.0,0.0,-0.2496,0.0,0.001094,-0.4038,0.0,0.0,0.0,0.0,0.0979,0.0,0.5,0.0,0.5186,-0.4392,1.0,0.0,-0.5,-0.5,0.0,0.0,0.0,0.1486
-0.2524,-0.2522,-0.2522,0.8716,-0.9155,0.2578,-0.04892,-0.0728,-0.8247,0.3953,0.4019,1.975,-0.4285,0.3367,-1.0,0.0,-0.363,-0.384,0.2844,0.0,-0.2727,-0.07733,-0.4666,-0.5156,-0.851,0.445,0.273,-0.9443,-0.3762,0.1995,0.543,-0.2905,0.9575,-0.2556,-0.2485,0.0,0.0,-0.2515,0.0,-0.015396,-0.2412,0.0,0.0,0.0,0.0,-0.565,0.0,0.0,0.0,0.9106,-0.8154,0.0,1.0,-0.5,-0.5,0.0,0.0,0.0,-0.854
-0.2556,-0.2551,-0.2556,1.56,-1.6,0.2578,-0.0924,0.0807,-1.51,0.1371,0.379,1.201,-0.4285,0.3367,-1.0,0.0,-0.1189,-0.1523,0.1271,0.0,-0.2703,0.589,-0.4482,-0.4873,-1.492,0.4177,-0.002253,-1.616,-0.2764,-0.9443,-1.125,-0.8755,0.5454,-0.262,-0.2491,0.0,0.0,-0.254,0.0,-0.04312,-0.7046,0.0,0.0,0.0,0.0,-1.475,0.0,-0.5,-0.5,1.634,-1.408,0.0,2.0,-0.5,-0.5,0.0,1.0,-3.82,-2.266
-0.256,-0.2556,-0.256,0.3638,-0.3862,0.2578,-0.0924,0.1677,-0.3872,0.4963,0.3735,-0.7397,-0.4285,0.3367,-1.0,0.0,-0.4285,-0.5,0.353,0.0,-0.2676,1.519,-0.4246,-0.4556,-0.318,0.4026,-0.599,2.389,-0.2803,-1.616,0.1995,0.543,1.081,-0.2644,-0.2491,0.0,0.0,-0.2546,0.0,-0.00428,-0.1726,0.0,0.0,0.0,0.0,2.225,0.0,-0.5,0.0,0.5776,-0.1355,1.0,0.0,-0.5,-0.5,0.0,0.0,0.0,3.514
-0.258,-0.2576,-0.258,1.005,-1.031,0.2578,-0.0924,0.277,-1.0625,0.2615,0.3643,2.865,-0.4285,0.3367,-1.0,0.0,-0.214,-0.2915,0.2107,0.0,-0.2651,0.4219,-0.3992,-0.4294,-0.9756,0.394,-0.9565,-1.447,-0.2673,2.389,-0.9443,-1.125,0.6274,-0.2676,-0.25,0.0,0.0,-0.2568,0.0,-0.02936,-0.2795,0.0,0.0,0.0,0.0,-1.042,0.0,-1.0,0.0,1.214,-0.736,0.0,1.0,-0.5,-0.5,0.0,0.0,0.0,-1.583
-0.2603,-0.2598,-0.2603,1.066,-1.088,0.2578,-0.0924,0.2703,-1.138,0.2109,0.3464,0.2303,-0.4285,0.3367,-1.0,0.0,-0.1692,-0.2424,0.1812,0.0,-0.2627,-0.05276,-0.36,-0.4033,-1.04,0.3767,-0.7925,-0.307,-0.2422,-1.447,-1.616,0.1995,-0.7646,-0.2722,-0.2507,0.0,0.0,-0.2588,0.0,-0.0348,-0.5063,0.0,0.0,0.0,0.0,-0.2205,-1.0,-1.0,-0.5,1.259,-0.806,0.0,2.0,-0.5,-0.5,0.0,0.0,0.0,-0.343
-0.2625,-0.262,-0.2627,1.146,-1.165,0.2578,-0.0924,0.2532,-1.208,0.1519,0.321,0.218,-0.4285,0.3367,-1.0,0.0,-0.117,-0.1833,0.1467,0.0,-0.26,-0.5317,-0.308,-0.3777,-1.103,0.3538,-0.818,-0.3599,-0.2069,-0.307,2.387,-0.9443,-0.2903,-0.2756,-0.2522,0.0,0.0,-0.2607,0.0,-0.04105,-0.6724,0.0,0.0,0.0,0.0,-0.226,-1.0,-1.0,-1.0,1.295,-0.925,0.0,3.0,-0.5,-1.0,0.0,0.0,0.0,-0.3535
-0.2646,-0.2642,-0.265,1.098,-1.119,0.2578,-0.0924,0.10187,-1.115,0.1329,0.287,0.04987,-0.5713,0.3367,-1.0,0.0,-0.1132,-0.1504,0.137,0.0,-0.2576,-0.3906,-0.2437,-0.3425,-1.027,0.3271,-0.593,-0.10345,-0.1627,-0.3599,-1.447,-1.615,-0.8755,-0.2795,-0.254,0.0,0.0,-0.262,0.0,-0.04297,-0.951,0.0,0.0,0.0,0.0,-0.05225,-1.0,-1.0,-1.5,1.222,-0.9087,0.0,4.0,-0.5,-0.5,0.0,0.0,0.0,-0.0822
-0.2668,-0.2664,-0.267,1.126,-1.148,0.2578,-0.0924,0.2483,-1.064,0.08966,0.2457,0.08777,-0.7144,0.3367,-1.0,0.0,-0.06018,-0.12164,0.11237,0.0,-0.2551,1.085,-0.1694,-0.2966,-0.9985,0.295,-0.944,-0.259,-0.117,-0.10345,-0.307,2.387,0.543,-0.2822,-0.2556,0.0,0.0,-0.2634,0.0,-0.0475,-1.161,0.0,1.0,0.0,0.0,-0.1337,-2.0,-1.5,-2.0,1.222,-0.9673,0.0,5.0,-0.5,0.0,0.0,0.0,0.0,-0.2107
-0.2693,-0.2688,-0.2693,1.198,-1.226,0.2578,-0.2366,0.1493,-1.079,0.03055,0.2079,0.1594,-0.857,0.3367,-1.0,0.0,-0.01387,-0.0531,0.078,0.0,-0.2524,0.1136,-0.0814,-0.237,-0.9805,0.2546,-0.614,-0.3643,-0.06616,-0.259,-0.3599,-1.447,-1.125,-0.283,-0.2576,0.0,0.0,-0.2651,0.0,-0.05377,-1.109,0.0,1.0,0.0,0.0,-0.27,-2.0,-1.5,-2.0,1.297,-1.036,0.0,5.617,-0.5,0.5,0.0,0.0,0.0,-0.4275
-0.2725,-0.272,-0.2725,1.5625,-1.592,0.2578,-0.748,0.2306,-1.371,-0.124,0.1647,0.4753,-1.0,0.3367,-1.0,0.0,0.1411,0.0971,-0.015366,0.0,-0.25,0.713,0.0,-0.174,-1.314,0.226,-0.818,-0.995,0.01415,-0.3643,-0.10345,-0.307,0.1995,-0.2888,-0.2598,0.0,0.0,-0.2668,0.0,-0.07025,-1.183,0.0,1.0,0.0,0.0,-0.6196,-2.0,-1.5,-2.0,1.646,-1.39,0.0,5.617,-0.5,1.0,0.0,0.0,0.0,-0.987
-0.275,-0.2744,-0.2751,1.257,-1.283,0.2578,-0.748,0.2103,-1.056,-0.07275,0.131,-0.1322,-1.0,0.3367,-1.0,0.0,0.0898,0.04605,0.01903,0.0,-0.2474,-0.3684,0.0653,-0.11304,-1.039,0.2045,-0.5864,0.3728,0.06335,-0.995,-0.259,-0.3599,-0.944,-0.292,-0.262,0.0,0.0,-0.2688,0.0,-0.06445,-0.976,0.0,0.0,0.0,0.0,0.1724,-1.0,-1.5,-1.5,1.348,-1.097,1.0,0.0,-0.5,1.0,0.0,0.0,0.0,0.2793
-0.2751,-0.2747,-0.2751,0.2124,-0.2305,0.2578,-0.748,0.33,0.04333,0.2384,0.10754,-1.139,-1.0,0.3367,0.0,0.0,-0.1885,-0.2747,0.2156,0.0,-0.245,1.5205,0.11096,-0.06088,0.01941,0.1914,-0.02747,2.117,0.05194,0.3728,-0.3643,-0.1034,-1.615,-0.2913,-0.2632,0.0,0.0,-0.2703,0.0,-0.03061,-0.6123,0.0,0.0,0.0,0.0,1.268,0.0,-1.0,-1.5,0.4055,-0.01426,2.0,0.0,-0.5,1.0,0.0,0.0,0.0,2.041
-0.2754,-0.275,-0.2754,0.2944,-0.319,0.2578,-0.748,0.2583,0.002157,0.2012,0.09143,-0.142,-0.857,0.3367,0.0,0.0,-0.1614,-0.2318,0.1959,0.0,-0.2424,-0.2634,0.1335,-0.01929,-0.04184,0.1836,-0.9565,-0.2045,0.005733,2.117,-0.9946,-0.259,2.387,-0.2905,-0.2644,0.0,0.0,-0.2722,0.0,-0.03412,-0.464,0.0,0.0,0.0,0.0,-0.05106,0.0,-1.5,-1.5,0.4863,-0.0978,0.0,1.0,-0.5,1.0,0.0,0.0,0.0,-0.0794
-0.2761,-0.2756,-0.2761,0.4155,-0.446,-0.1196,-0.748,0.3752,-0.0717,0.1471,0.0708,-0.548,-0.7144,0.3367,0.0,0.0,-0.10175,-0.1903,0.1664,0.0,-0.2399,0.506,0.1377,0.01185,-0.1423,0.1737,-0.414,-0.3079,-0.08167,-0.2045,0.3728,-0.3643,-1.447,-0.29,-0.266,0.0,0.0,-0.2747,0.0,-0.03946,-0.5596,0.0,0.0,0.0,0.0,-0.1478,0.0,-1.5,-2.0,0.569,-0.257,0.0,2.0,-0.5,1.0,0.0,0.0,0.0,-0.2306
-0.2773,-0.277,-0.2773,0.7144,-0.7505,-0.1196,-0.748,0.423,-0.3582,0.03004,0.05212,-7.094,-0.7144,0.3367,-1.0,0.0,0.01113,-0.0788,0.09766,0.0,-0.2374,-0.1025,0.1201,0.03473,-0.424,0.1598,-0.307,-0.7217,-0.1398,-0.3079,2.117,-0.9946,-0.307,-0.2903,-0.2676,0.0,0.0,-0.277,0.0,-0.0516,-0.5186,0.0,0.0,0.0,0.0,-0.3347,0.0,-1.5,-2.0,0.805,-0.6064,0.0,3.0,-0.5,1.0,0.0,1.0,-3.209,-0.525
-0.2793,-0.279,-0.2793,1.018,-1.056,-0.1196,-0.748,0.4111,-0.7017,-0.09424,0.0403,1.693,-0.7144,0.3367,-1.0,0.0,0.1284,0.04898,0.02394,0.0,-0.2349,0.5557,0.09894,0.04688,-0.7656,0.1527,-0.1956,-0.7827,-0.185,-0.7217,-0.2045,0.3726,-0.3599,-0.2913,-0.2695,0.0,0.0,-0.2798,0.0,-0.06464,-0.3655,0.0,0.0,0.0,0.0,-0.3735,-1.0,-1.5,-2.0,1.008,-0.998,0.0,4.0,-0.5,1.0,0.0,0.0,0.0,-0.593
-0.2805,-0.2803,-0.2805,0.691,-0.736,-0.1196,-0.748,0.2642,-0.3447,-0.02075,0.015,-0.5244,-0.7144,0.3367,-1.0,0.0,0.0449,-0.01228,0.07306,0.0,-0.2323,0.397,0.0775,0.0569,-0.3933,0.128,-0.206,0.529,-0.2201,-0.7827,-0.3076,2.115,-0.1034,-0.2898,-0.2705,0.0,0.0,-0.2817,0.0,-0.05634,-0.8867,0.0,0.0,0.0,0.0,0.2996,-1.0,-1.0,-2.0,0.653,-0.734,1.0,0.0,-0.5,1.0,0.0,0.0,0.0,0.4817
-0.2808,-0.2803,-0.2805,0.152,-0.1909,-0.1196,-0.748,0.2354,0.2039,0.1392,0.008675,-2.479,-0.5713,0.3367,0.0,0.0,-0.107,-0.1692,0.1763,0.0,-0.2299,0.71,0.03323,0.0589,0.1794,0.1193,-0.1283,1.101,-0.3098,0.529,-0.7217,-0.2043,-0.259,-0.2874,-0.2712,0.0,0.0,-0.2834,0.0,-0.0386,-0.234,0.0,0.0,0.0,0.0,0.4941,0.0,-0.5,-1.5,0.1855,-0.153,2.0,0.0,-0.5,1.0,0.0,0.0,0.0,0.7876
-0.281,-0.2805,-0.2808,0.242,-0.282,-0.1196,-0.748,0.274,0.11096,0.10175,0.002983,-0.1764,-0.4285,0.3367,0.0,0.0,-0.06903,-0.136,0.1566,0.0,-0.2273,0.3005,-0.02937,0.0505,0.10077,0.11487,0.04608,-0.2058,-0.3545,1.101,-0.7827,-0.3076,-0.3643,-0.2883,-0.272,0.0,0.0,-0.2847,0.0,-0.04218,-0.2073,0.0,0.0,0.0,0.0,-0.07117,0.0,-0.5,-1.5,0.2627,-0.2512,0.0,1.0,-0.5,1.0,0.0,0.0,0.0,-0.1114
-0.2803,-0.28,-0.2803,-0.1051,0.0723,-0.1196,-0.748,0.306,0.4624,0.2134,0.005337,1.847,-0.2856,0.3367,0.0,0.0,-0.1682,-0.2482,0.2303,0.0,-0.2247,0.1412,-0.1073,0.03027,0.476,0.11554,0.479,0.775,-0.4119,-0.2058,0.529,-0.7217,-0.9946,-0.2876,-0.2722,0.0,0.0,-0.2854,0.0,-0.02957,0.08856,0.0,0.0,0.0,0.0,0.3394,1.0,0.0,-1.0,-0.03207,0.1333,1.0,0.0,-0.5,1.0,0.0,0.0,0.0,0.533
-0.2798,-0.2793,-0.2795,-0.10266,0.0726,-0.1196,-0.748,0.3284,0.4507,0.2144,0.0086,0.1209,-0.1428,0.3367,0.0,0.0,-0.167,-0.2512,0.2352,0.0,-0.2222,-0.1343,-0.1964,-0.00691,0.4783,0.12,0.437,0.051,-0.4272,0.775,1.101,-0.7827,0.3726,-0.2866,-0.273,0.0,0.0,-0.2856,0.0,-0.02888,0.13,0.0,0.0,0.0,0.0,0.01997,2.0,0.0,-0.5,-0.04208,0.1202,2.0,0.0,-0.5,1.0,0.0,0.0,0.0,0.03098
-0.28,-0.2795,-0.2798,0.2361,-0.2715,-0.1196,-0.748,0.2578,0.074,0.0985,0.00922,-0.5874,0.0,0.3367,0.0,0.0,-0.0675,-0.1313,0.1664,0.0,-0.2197,-0.188,-0.2847,-0.04614,0.1028,0.1245,-0.3113,-0.7134,-0.4272,0.051,-0.2058,0.529,2.115,-0.2854,-0.274,0.0,0.0,-0.2854,0.0,-0.04114,0.002172,0.0,0.0,0.0,0.0,-0.4902,1.0,-0.5,-0.5,0.2974,-0.1967,0.0,1.0,-0.5,1.0,0.0,0.0,0.0,-0.7593
-0.2786,-0.278,-0.2786,-0.4592,0.4387,-0.1196,-0.748,0.307,0.771,0.336,0.02393,4.188,0.1428,0.3367,0.0,0.0,-0.277,-0.365,0.3188,0.0,-0.2172,1.131,-0.3557,-0.0983,0.7563,0.1493,-0.2482,1.599,-0.446,-0.7134,0.7744,1.101,-0.2043,-0.2808,-0.275,0.0,0.0,-0.2856,0.0,-0.015015,0.4104,0.0,0.0,0.0,0.0,1.186,1.0,0.0,0.0,-0.3323,0.5312,1.0,0.0,-0.5,1.0,0.0,0.0,0.0,1.858
-0.2766,-0.2761,-0.2764,-0.7017,0.685,-0.1196,-0.748,0.2026,0.972,0.439,0.0511,0.3918,0.2856,0.3367,0.0,0.0,-0.3762,-0.451,0.3875,0.0,-0.2146,-0.3013,-0.3943,-0.1658,0.9155,0.1865,-0.0695,0.703,-0.3748,1.599,0.05096,-0.2058,-0.3076,-0.276,-0.2756,0.0,0.0,-0.2847,0.0,-0.003439,0.8027,1.0,0.0,0.0,0.0,0.5723,2.0,0.5,0.5,-0.5454,0.7905,2.0,0.0,-0.5,1.0,0.0,0.0,0.0,0.874
-0.275,-0.2744,-0.275,-0.5356,0.517,-0.1196,-0.748,0.192,0.7397,0.4,0.0734,-0.0918,0.4285,0.3367,0.0,0.0,-0.3433,-0.4138,0.368,0.0,-0.2122,-0.1636,-0.3848,-0.2361,0.6816,0.2131,0.3193,-0.1985,-0.3237,0.703,-0.713,0.7744,-0.721,-0.2727,-0.2764,0.0,0.0,-0.2837,0.0,-0.00714,0.689,0.0,0.0,0.0,0.0,-0.1262,1.0,0.5,0.0,-0.4832,0.522,0.0,1.0,-0.5,1.0,0.0,0.0,0.0,-0.1906
-0.2722,-0.2717,-0.2722,-0.932,0.924,-0.1196,-0.748,0.0,1.193,0.563,0.0881,0.725,0.4285,0.3367,0.0,0.0,-0.4998,-0.5444,0.476,0.0,-0.2096,0.0767,-0.3457,-0.3008,1.141,0.23,0.75,1.096,-0.2292,-0.1985,1.598,0.05096,-0.782,-0.2676,-0.2764,0.0,0.0,-0.2817,0.0,0.01144,0.543,0.0,0.0,0.0,0.0,0.4744,1.0,1.0,0.0,-0.815,0.9683,1.0,0.0,-0.5,1.0,0.0,0.0,0.0,0.7188
-0.2708,-0.2703,-0.271,-0.4263,0.4153,-0.1196,-0.748,0.0794,0.6475,0.4062,0.0976,-0.3147,0.4285,0.3367,0.0,0.0,-0.359,-0.4087,0.3826,0.0,-0.207,0.2343,-0.2927,-0.3503,0.5986,0.2443,0.7334,-0.929,-0.1962,1.096,0.7026,-0.713,0.5283,-0.2654,-0.2766,0.0,0.0,-0.2803,0.0,-0.00501,0.312,0.0,0.0,0.0,0.0,-0.4727,1.0,0.5,0.0,-0.306,0.5024,0.0,1.0,-0.5,1.0,0.0,0.0,0.0,-0.703
-0.2695,-0.269,-0.2695,-0.4146,0.403,-0.1196,-0.748,-0.01318,0.6133,0.4133,0.11,0.0938,0.4285,0.3367,0.0,0.0,-0.3735,-0.4067,0.3923,0.0,-0.2046,-0.5693,-0.2383,-0.376,0.6016,0.2537,0.4243,0.09937,-0.1702,-0.929,-0.1985,1.598,1.101,-0.2627,-0.2769,0.0,0.0,-0.2788,0.0,-0.00344,0.4182,0.0,0.0,0.0,0.0,0.03046,1.0,0.5,0.5,-0.327,0.4558,1.0,0.0,-0.5,1.0,0.0,0.0,0.0,0.04602
-0.2688,-0.2683,-0.2686,-0.1896,0.172,-0.1196,-0.748,-0.0776,0.3198,0.3433,0.1251,-0.2988,0.5713,0.3367,0.0,0.0,-0.318,-0.335,0.353,0.0,-0.202,-0.7646,-0.18,-0.3674,0.3247,0.2698,0.601,-0.3967,-0.1696,0.09937,1.096,0.7026,-0.2058,-0.2598,-0.2769,0.0,0.0,-0.2773,0.0,-0.01044,0.5117,0.0,0.0,0.0,0.0,-0.1492,0.0,0.5,0.5,-0.1316,0.21,0.0,1.0,-0.5,1.0,0.0,0.0,0.0,-0.225
-0.2683,-0.2678,-0.268,-0.02907,0.003515,-0.1196,0.1871,-0.0618,0.06174,0.289,0.1439,-0.508,0.7144,0.3367,0.0,0.0,-0.2688,-0.2854,0.3237,0.0,-0.1995,0.521,-0.1217,-0.338,0.0905,0.2874,0.3696,-0.2996,-0.2153,-0.3967,-0.9287,-0.1985,0.7744,-0.2598,-0.277,0.0,0.0,-0.2754,0.0,-0.01584,0.664,0.0,0.0,0.0,0.0,-0.1925,0.0,0.0,0.5,0.01202,0.0356,0.0,2.0,-0.5,1.0,0.0,0.0,0.0,-0.2925
-0.2676,-0.2673,-0.2673,-0.1472,0.1165,-0.1196,0.1871,-0.1255,0.1087,0.3286,0.1611,0.4343,0.857,0.3367,0.0,0.0,-0.3096,-0.317,0.353,0.0,-0.197,-0.2947,-0.0706,-0.294,0.1236,0.3105,0.3887,0.301,-0.2542,-0.2996,0.0993,1.095,0.05096,-0.2603,-0.2769,0.0,0.0,-0.2734,0.0,-0.010895,0.6294,0.0,0.0,0.0,0.0,0.11743,0.0,0.0,0.5,-0.1361,0.1069,1.0,0.0,-0.5,1.0,0.0,0.0,0.0,0.1792
-0.2676,-0.2673,-0.2673,0.12067,-0.1583,-0.2179,0.1871,-0.1985,-0.2067,0.236,0.1663,-1.402,0.7144,0.3367,-1.0,0.0,-0.2335,-0.2216,0.299,0.0,-0.1945,-0.1486,-0.04065,-0.251,-0.1938,0.3208,0.7334,-0.5493,-0.254,0.301,-0.3967,-0.9287,-0.713,-0.2615,-0.2761,0.0,0.0,-0.273,0.0,-0.02048,0.2203,0.0,0.0,0.0,0.0,-0.2439,0.0,0.0,0.0,0.1366,-0.142,0.0,1.0,-0.5,1.0,0.0,0.0,0.0,-0.3704
-0.2683,-0.268,-0.268,0.459,-0.503,-0.2179,0.1871,-0.1569,-0.6006,0.11194,0.1672,4.863,0.5713,0.3367,-1.0,0.0,-0.117,-0.10486,0.2253,0.0,-0.1919,0.4858,-0.03693,-0.214,-0.576,0.3245,0.1385,-0.756,-0.2568,-0.5493,-0.2996,0.0993,1.598,-0.2654,-0.2766,0.0,0.0,-0.2727,0.0,-0.03345,0.04977,0.0,0.0,0.0,0.0,-0.2688,-1.0,-0.5,0.0,0.4573,-0.4797,0.0,2.0,-0.5,1.0,0.0,0.0,0.0,-0.412
-0.269,-0.2688,-0.2688,0.4746,-0.518,-0.2179,0.1871,-0.1354,-0.6445,0.0901,0.162,0.2426,0.4285,0.3367,-1.0,0.0,-0.09485,-0.08527,0.2156,0.0,-0.1895,0.3516,-0.05765,-0.1841,-0.6343,0.3264,-0.1956,-0.10205,-0.264,-0.756,0.301,-0.3965,0.7026,-0.268,-0.2766,0.0,0.0,-0.2725,0.0,-0.03534,-0.181,0.0,0.0,0.0,0.0,-0.04602,-1.0,-1.0,-0.5,0.4746,-0.4912,0.0,3.0,-0.5,1.0,0.0,0.0,0.0,-0.0715
-0.27,-0.2698,-0.27,0.5815,-0.6235,-0.2179,0.1871,-0.0456,-0.775,0.03534,0.153,0.4133,0.2856,0.3367,-1.0,0.0,-0.0358,-0.03928,0.186,0.0,-0.1869,0.7754,-0.1034,-0.1635,-0.775,0.3252,-0.185,-0.3066,-0.2864,-0.10205,-0.549,-0.2993,-0.1984,-0.2712,-0.2766,0.0,0.0,-0.272,0.0,-0.04065,-0.2778,0.0,0.0,0.0,0.0,-0.1234,-1.0,-1.0,-1.0,0.5537,-0.619,0.0,4.0,-0.5,1.0,0.0,0.0,0.0,-0.1919
-0.2708,-0.2705,-0.2705,0.4475,-0.4885,-0.2179,0.3428,0.00902,-0.6904,0.0595,0.1515,0.002127,0.1428,0.3367,-1.0,0.0,-0.05353,-0.06866,0.2057,0.0,-0.1843,0.6304,-0.1764,-0.1498,-0.69,0.328,-0.725,0.2056,-0.35,-0.3066,-0.7554,0.301,1.095,-0.2737,-0.2764,0.0,0.0,-0.271,0.0,-0.03745,-0.01764,0.0,0.0,0.0,0.0,0.1,-1.0,-1.0,-0.5,0.3555,-0.564,1.0,0.0,-0.5,1.0,0.0,0.0,0.0,0.1562
-0.2698,-0.2695,-0.2695,-0.2935,0.2612,-0.2179,0.3428,-0.0748,0.0818,0.2993,0.1492,-1.329,0.1428,0.3367,0.0,0.0,-0.279,-0.294,0.363,0.0,-0.1818,0.709,-0.2517,-0.1497,0.07025,0.3315,-0.4414,1.639,-0.3977,0.2056,-0.10205,-0.549,-0.9287,-0.273,-0.2754,0.0,0.0,-0.2693,0.0,-0.0103,-0.003546,0.0,0.0,0.0,0.0,0.6313,0.0,-0.5,-0.5,-0.2947,0.2269,2.0,0.0,-0.5,1.0,1.0,0.0,4.234,0.983
-0.2693,-0.269,-0.2693,-0.03333,-0.001448,-0.2179,0.3428,0.0318,-0.1381,0.2134,0.1382,-1.081,0.0,0.3367,-1.0,0.0,-0.1926,-0.2219,0.3137,0.0,-0.1793,0.727,-0.3108,-0.1631,-0.1522,0.3274,-0.492,-0.4983,-0.4158,1.639,-0.3066,-0.7554,0.0993,-0.2737,-0.2747,0.0,0.0,-0.2686,0.0,-0.01906,-0.3667,0.0,0.0,0.0,0.0,-0.246,0.0,-1.0,-1.0,-0.0343,-0.01544,0.0,1.0,-0.5,1.0,0.0,0.0,0.0,-0.3728
-0.269,-0.2688,-0.2688,-0.01682,-0.01817,-0.2179,0.3428,0.06192,-0.11865,0.2045,0.1283,-0.785,-0.1428,0.3367,-1.0,0.0,-0.182,-0.2162,0.3137,0.0,-0.1768,0.1863,-0.3616,-0.1901,-0.12244,0.321,-0.3574,0.0,-0.4458,-0.4983,0.2054,-0.102,-0.3965,-0.2734,-0.274,0.0,0.0,-0.2678,0.0,-0.01924,-0.3103,0.0,0.0,0.0,0.0,0.0,0.0,-1.0,-1.0,-0.07684,-0.0951,0.0,0.0,-0.5,1.0,0.0,0.0,0.0,0.0
-0.268,-0.2678,-0.2678,-0.222,0.1869,-0.2179,0.3428,0.182,0.1687,0.2725,0.11334,-17.1,-0.1428,0.3367,0.0,0.0,-0.2322,-0.293,0.363,0.0,-0.1742,1.647,-0.4114,-0.2288,0.1436,0.3167,-0.2482,0.5024,-0.4504,0.0,1.638,-0.3066,-0.2993,-0.2712,-0.2725,0.0,0.0,-0.267,0.0,-0.01091,-0.532,0.0,0.0,0.0,0.0,0.2225,1.0,-0.5,-1.0,-0.2925,0.0827,1.0,0.0,-0.5,1.0,0.0,0.0,0.0,0.34
-0.2678,-0.2676,-0.2676,-0.01334,-0.02571,-0.2179,0.3428,0.1907,-0.0075,0.2004,0.1023,-0.538,-0.1428,0.3367,0.0,0.0,-0.1667,-0.2246,0.3237,0.0,-0.1718,0.1836,-0.46,-0.2788,-0.02567,0.3113,-0.3574,-0.3987,-0.46,0.5024,-0.4983,0.2054,0.3008,-0.2695,-0.2712,0.0,0.0,-0.2666,0.0,-0.01797,-0.3623,0.0,0.0,0.0,0.0,-0.2122,0.0,-1.0,-1.0,-0.08014,-0.10974,0.0,1.0,-0.5,1.0,0.0,0.0,0.0,-0.3218
-0.2656,-0.2651,-0.2654,-0.7646,0.743,-0.2179,0.3428,0.3186,0.842,0.4675,0.1035,8.8,-0.1428,0.3367,0.0,0.0,-0.3901,-0.488,0.5005,0.0,-0.1692,1.577,-0.514,-0.3413,0.812,0.3193,-0.1388,1.806,-0.4512,-0.3987,0.0,1.638,-0.549,-0.2644,-0.2703,0.0,0.0,-0.2646,0.0,0.012474,0.1836,0.0,0.0,0.0,0.0,1.109,0.0,-0.5,-1.0,-0.72,0.722,1.0,0.0,-0.5,1.0,0.0,0.0,0.0,1.693
-0.2632,-0.2627,-0.2632,-0.798,0.787,-0.2179,0.3428,0.4988,0.924,0.5024,0.11005,0.2373,-0.1428,0.3367,0.0,0.0,-0.4036,-0.537,0.53,0.0,-0.1666,1.433,-0.5503,-0.3962,0.8364,0.3438,0.2625,0.2922,-0.4,1.806,0.5024,-0.4983,-0.7554,-0.2593,-0.269,0.0,0.0,-0.2634,0.0,0.01718,0.3948,0.0,0.0,0.0,0.0,0.269,1.0,0.0,-0.5,-0.7573,0.759,2.0,0.0,-0.5,1.0,0.0,0.0,0.0,0.3987
-0.2605,-0.2598,-0.2605,-0.9897,0.99,0.03003,0.3428,0.442,1.166,0.598,0.12384,0.3982,-0.1428,0.3367,0.0,0.0,-0.4893,-0.6177,0.5986,0.0,-0.1642,0.1109,-0.5327,-0.4253,1.047,0.3699,0.4348,0.6787,-0.3254,0.2922,-0.3987,0.0,-0.102,-0.2556,-0.2673,0.0,0.0,-0.2622,0.0,0.02881,0.649,0.0,0.0,0.0,0.0,0.4604,2.0,0.5,0.0,-0.924,0.9746,3.0,0.0,-0.5,1.0,0.0,0.0,0.0,0.6787
-0.2563,-0.2554,-0.2566,-1.468,1.492,0.7793,0.3428,0.4573,1.753,0.815,0.1459,0.6455,-0.1428,0.3367,0.0,0.0,-0.6646,-0.808,0.6133,1.0,-0.2903,0.2004,-0.444,-0.4219,1.575,0.2798,0.725,1.4375,-0.1803,0.6787,1.806,0.5024,-0.3066,-0.2487,-0.265,0.0,0.0,-0.26,0.0,0.05402,0.8394,1.0,0.0,0.0,0.0,1.174,2.0,1.0,0.0,-1.339,1.508,4.0,0.0,-0.5,1.0,0.0,0.0,0.0,1.712
-0.251,-0.2499,-0.2515,-1.631,1.803,1.511,0.3428,0.5044,1.907,1.032,0.1838,0.4392,0.0,0.3367,0.0,0.0,-0.829,-0.993,0.6133,1.0,-0.2903,0.901,-0.3157,-0.3813,1.872,0.1893,0.8804,1.404,0.01283,1.4375,0.2922,-0.3984,0.2054,-0.2395,-0.2617,0.0,0.0,-0.2578,0.0,0.0792,1.202,1.0,0.0,0.0,0.0,1.123,3.0,1.0,0.5,-1.384,1.958,5.0,0.0,0.0,1.0,0.0,0.0,0.0,1.599
-0.2476,-0.2465,-0.2482,-1.138,1.188,1.511,0.3428,0.627,1.382,0.8047,0.2178,-0.2617,0.1428,0.3367,0.0,0.0,-0.6406,-0.8154,0.482,0.0,-0.2878,1.078,-0.1775,-0.317,1.17,0.2301,0.502,-1.28,0.09326,1.404,0.678,1.806,1.638,-0.2333,-0.259,0.0,0.0,-0.2556,0.0,0.055,0.9863,1.0,0.0,0.0,0.0,-0.98,2.0,0.5,0.5,-0.947,1.298,0.0,1.0,0.0,1.0,0.0,0.0,0.0,-1.363
-0.2443,-0.2432,-0.245,-1.089,1.143,1.511,0.3428,0.6523,1.272,0.8228,0.254,0.06305,0.2856,0.3367,0.0,0.0,-0.653,-0.833,0.501,0.0,-0.2854,0.569,-0.0515,-0.2498,1.117,0.259,0.8804,0.1869,0.1674,-1.28,1.4375,0.292,-0.498,-0.2261,-0.2568,0.0,0.0,-0.2534,0.0,0.0582,1.038,1.0,0.0,0.0,0.0,0.0829,2.0,1.0,1.0,-0.9097,1.243,1.0,0.0,0.0,1.0,0.0,0.0,0.0,0.11774
-0.2404,-0.2391,-0.241,-1.356,1.413,1.511,0.3428,0.6113,1.499,0.962,0.299,0.3218,0.4285,0.3367,0.0,0.0,-0.7656,-0.946,0.5947,0.0,-0.2827,0.538,0.068,-0.1765,1.429,0.29,1.078,0.9316,0.2637,0.1869,1.403,0.678,0.0,-0.2201,-0.2542,0.0,0.0,-0.2505,0.0,0.0751,1.219,1.0,0.0,0.0,0.0,0.4211,2.0,1.5,1.5,-1.127,1.546,2.0,0.0,0.0,1.0,0.0,0.0,0.0,0.5967
-0.2354,-0.2341,-0.2361,-1.631,1.763,1.511,0.3428,0.6245,1.823,1.145,0.3513,0.3633,0.5713,0.3367,0.0,0.0,-0.9033,-1.096,0.6133,1.0,-0.2903,1.1045,0.2015,-0.08594,1.795,0.2373,1.107,1.192,0.39,0.9316,-1.28,1.4375,0.5024,-0.2126,-0.2512,0.0,0.0,-0.2468,0.0,0.097,1.296,1.0,0.0,0.0,0.0,0.621,2.0,1.5,1.5,-1.384,1.866,3.0,0.0,0.0,1.0,0.0,0.0,0.0,0.866
-0.2307,-0.2295,-0.2316,-1.554,1.62,1.511,0.3428,0.5347,1.636,1.144,0.3923,0.03665,0.5713,0.3367,0.0,0.0,-0.9106,-1.086,0.6133,1.0,-0.2903,-0.2284,0.3389,0.01659,1.614,0.2722,1.549,0.0899,0.4934,1.192,0.1869,1.403,-0.3984,-0.206,-0.2483,0.0,0.0,-0.243,0.0,0.0984,1.187,1.0,0.0,0.0,0.0,0.0609,2.0,1.5,1.5,-1.358,1.701,4.0,0.0,0.0,1.0,0.0,0.0,0.0,0.0833
-0.2256,-0.2242,-0.2263,-1.631,1.803,1.511,0.3428,0.4756,1.814,1.278,0.4436,0.2551,0.7144,0.3367,0.0,0.0,-1.015,-1.187,0.6133,1.0,-0.2903,0.2299,0.4644,0.12054,1.872,0.2222,1.086,0.898,0.601,0.0899,0.931,-1.279,1.806,-0.2003,-0.2448,0.0,0.0,-0.2385,0.0,0.11523,1.418,1.0,0.0,0.0,0.0,0.4304,3.0,1.5,2.0,-1.384,1.948,5.0,0.0,0.0,1.0,0.0,0.0,0.0,0.588
-0.2207,-0.2195,-0.2214,-1.608,1.675,1.511,0.3428,0.4402,1.574,1.275,0.4956,0.006397,0.857,0.3367,0.0,0.0,-1.016,-1.181,0.6133,1.0,-0.2903,-0.3667,0.573,0.2245,1.714,0.253,1.221,0.08844,0.6606,0.898,1.192,0.1868,0.292,-0.1967,-0.2417,0.0,0.0,-0.2335,0.0,0.1167,1.424,1.0,0.0,0.0,0.0,0.04184,3.0,1.5,2.0,-1.384,1.777,5.734,0.0,0.5,1.0,0.0,0.0,0.0,0.05627
-0.2185,-0.2174,-0.2192,-0.6484,0.6953,1.511,0.2703,0.5186,0.4248,0.9414,0.53,-0.603,0.857,0.3367,0.0,0.0,-0.7583,-0.92,0.4229,0.0,-0.2878,1.14,0.6533,0.3218,0.595,0.2854,1.179,-1.855,0.6265,0.08844,0.0899,0.931,0.678,-0.1942,-0.2397,0.0,0.0,-0.2296,0.0,0.08057,0.802,1.0,0.0,0.0,0.0,-1.063,2.0,1.5,2.0,-0.396,0.909,0.0,1.0,0.5,1.0,0.0,0.0,0.0,-1.429
-0.2158,-0.215,-0.2163,-0.849,0.8813,1.511,0.2703,0.503,0.521,1.033,0.5723,0.3381,0.857,0.3367,0.0,0.0,-0.8296,-0.9937,0.4863,0.0,-0.2854,0.1412,0.7,0.4128,0.74,0.3198,0.6826,0.638,0.5747,-1.855,0.898,1.192,1.437,-0.1909,-0.2374,0.0,0.0,-0.2251,0.0,0.0923,0.9614,1.0,0.0,0.0,0.0,0.2854,2.0,1.5,2.0,-0.6333,1.04,1.0,0.0,0.5,1.0,0.0,0.0,0.0,0.3958
-0.2129,-0.2122,-0.2131,-0.948,0.971,1.511,0.2703,0.4302,0.569,1.095,0.605,0.2251,0.857,0.3367,0.0,0.0,-0.883,-1.036,0.5317,0.0,-0.2827,0.7314,0.72,0.4973,0.7954,0.354,0.1533,0.451,0.5146,0.638,0.08844,0.0899,1.403,-0.1885,-0.2354,0.0,0.0,-0.2205,0.0,0.1007,0.8413,1.0,0.0,0.0,0.0,0.1265,2.0,1.5,2.0,-0.7153,1.141,2.0,0.0,0.5,1.0,0.0,0.0,0.0,0.1735
-0.2085,-0.2079,-0.2087,-1.44,1.461,1.511,0.2703,0.3103,1.063,1.32,0.6465,0.9375,0.857,0.3367,0.0,0.0,-1.06,-1.203,0.6133,1.0,-0.2903,-0.02486,0.7456,0.588,1.239,0.3457,0.8003,1.433,0.535,0.451,-1.8545,0.8975,-1.279,-0.1854,-0.2324,0.0,0.0,-0.2158,0.0,0.1278,0.9614,1.0,0.0,0.0,0.0,0.6733,2.0,1.5,2.0,-1.141,1.665,3.0,0.0,0.5,1.0,0.0,0.0,0.0,0.917
-0.2051,-0.2045,-0.2051,-1.1455,1.154,1.511,0.2703,0.3132,0.702,1.244,0.68,-0.1936,0.857,0.3367,0.0,0.0,-1.005,-1.145,0.5776,0.0,-0.2878,-0.1349,0.761,0.6704,0.85,0.3884,0.9014,-0.3499,0.4946,1.433,0.638,0.08844,0.1868,-0.1832,-0.2295,0.0,0.0,-0.2112,0.0,0.1207,0.802,1.0,0.0,0.0,0.0,-0.1624,1.0,1.5,2.0,-0.91,1.311,0.0,1.0,0.5,1.0,0.0,0.0,0.0,-0.216
-0.2013,-0.2008,-0.2013,-1.207,1.214,1.511,0.2703,0.2544,0.7734,1.305,0.7065,0.2391,0.857,0.3367,0.0,0.0,-1.054,-1.186,0.6133,1.0,-0.2903,-0.1444,0.77,0.739,0.8936,0.4153,0.6406,0.4397,0.4355,-0.3499,0.451,-1.8545,0.931,-0.1819,-0.2263,0.0,0.0,-0.2062,0.0,0.1292,0.6963,0.0,0.0,0.0,0.0,0.1398,2.0,1.5,2.0,-1.016,1.318,1.0,0.0,0.5,1.0,0.0,0.0,0.0,0.1869
-0.1978,-0.1971,-0.1978,-1.149,1.158,1.511,0.2703,0.2479,0.755,1.319,0.7227,0.11975,0.857,0.3367,0.0,0.0,-1.064,-1.196,0.6133,1.0,-0.2903,0.7886,0.7827,0.79,0.8096,0.4324,0.2332,0.1746,0.3684,0.4397,1.433,0.6377,1.191,-0.1803,-0.223,0.0,0.0,-0.2013,0.0,0.1322,0.531,0.0,0.0,0.0,0.0,0.1013,2.0,1.5,2.0,-1.02,1.2,2.0,0.0,0.5,1.0,0.0,0.0,0.0,0.1345
-0.1929,-0.1924,-0.193,-1.564,1.578,1.511,0.2703,0.1791,1.211,1.481,0.7603,0.718,0.857,0.3367,0.0,0.0,-1.156,-1.333,0.6133,1.0,-0.2903,0.6265,0.802,0.8257,1.255,0.3428,0.2834,1.306,0.2883,0.1746,-0.3496,0.451,0.0899,-0.1731,-0.2192,0.0,0.0,-0.1956,0.0,0.1576,1.106,1.0,0.0,0.0,0.0,0.7065,2.0,1.5,2.0,-1.356,1.672,3.0,0.0,0.5,1.0,0.0,0.0,0.0,0.9355
-0.1874,-0.1868,-0.1875,-1.631,1.803,1.511,0.2703,0.2056,1.458,1.481,0.803,0.3474,0.857,0.3367,0.0,0.0,-1.156,-1.333,0.6133,1.0,-0.2903,1.046,0.818,0.852,1.499,0.2944,0.01456,0.937,0.3027,1.306,0.4397,1.432,0.8975,-0.1653,-0.2148,0.0,0.0,-0.1901,0.0,0.176,1.181,1.0,0.0,0.0,0.0,0.5815,2.0,1.5,2.0,-1.384,1.891,4.0,0.0,0.5,1.0,0.0,0.0,0.0,0.7534
-0.1816,-0.1809,-0.1818,-1.631,1.803,1.511,0.2703,0.1809,1.579,1.481,0.844,0.2272,0.857,0.3367,0.0,0.0,-1.156,-1.333,0.6133,1.0,-0.2903,0.349,0.8306,0.875,1.61,0.273,0.128,0.671,0.3218,0.937,0.1746,-0.3496,0.08844,-0.1571,-0.2098,0.0,0.0,-0.1843,0.0,0.1893,1.165,1.0,0.0,0.0,0.0,0.3962,3.0,1.5,2.0,-1.384,1.951,5.0,0.0,0.5,1.0,0.0,0.0,0.0,0.5054
-0.1781,-0.1774,-0.1783,-1.08,1.101,1.511,0.2703,0.1932,0.7236,1.481,0.864,-0.4106,0.857,0.3367,0.0,0.0,-1.156,-1.328,0.4685,0.0,-0.2878,0.5063,0.8413,0.886,0.7236,0.3054,1.195,-1.41,0.261,0.671,1.306,0.4395,-1.8545,-0.1539,-0.2054,0.0,0.0,-0.1798,0.0,0.1602,0.575,0.0,0.0,0.0,0.0,-0.7163,2.0,1.5,2.0,-0.8604,1.245,0.0,1.0,0.5,1.0,0.0,0.0,0.0,-0.9033
-0.174,-0.1732,-0.1743,-1.279,1.306,1.511,0.2703,0.2156,0.9604,1.481,0.889,0.4524,0.857,0.3367,0.0,0.0,-1.156,-1.333,0.5454,0.0,-0.2854,0.2563,0.8486,0.8916,0.948,0.3367,1.104,0.7646,0.2644,-1.41,0.937,0.1746,0.6377,-0.1488,-0.2006,0.0,0.0,-0.1758,0.0,0.1753,0.669,0.0,0.0,0.0,0.0,0.3699,2.0,1.5,2.0,-1.059,1.437,1.0,0.0,0.5,1.0,0.0,0.0,0.0,0.478
-0.1698,-0.169,-0.17,-1.315,1.346,0.4216,0.2703,0.18,1.041,1.481,0.91,0.2249,0.857,0.3367,0.0,0.0,-1.156,-1.333,0.588,0.0,-0.2827,-0.09174,0.842,0.8945,1.029,0.3625,1.104,0.4194,0.3088,0.7646,0.671,1.306,0.4507,-0.1437,-0.1957,0.0,0.0,-0.1722,0.0,0.1836,0.6113,0.0,0.0,0.0,0.0,0.1847,2.0,1.5,2.0,-1.079,1.489,2.0,0.0,0.5,1.0,0.0,0.0,0.0,0.2356
-0.1663,-0.1654,-0.1666,-1.065,1.1,0.4216,0.2703,0.3096,0.7944,1.481,0.9287,-0.0907,0.857,0.3367,0.0,0.0,-1.156,-1.333,0.5625,0.0,-0.2803,0.927,0.817,0.8877,0.8125,0.3809,0.6406,-0.2499,0.272,0.4194,-1.41,0.9365,1.432,-0.1393,-0.1914,0.0,0.0,-0.1681,0.0,0.1782,0.53,0.0,0.0,0.0,0.0,-0.0934,1.0,1.0,1.5,-0.9272,1.157,0.0,1.0,0.5,1.0,0.0,0.0,0.0,-0.11835
-0.1653,-0.1646,-0.1655,-0.1884,0.2008,0.4216,0.1925,0.3594,-0.2084,1.28,0.948,-1.066,0.7144,0.3367,-1.0,0.0,-1.026,-1.177,0.3833,0.0,-0.2778,0.8823,0.781,0.8716,-0.2086,0.4106,0.9395,-1.757,0.1753,-0.2499,0.764,0.671,-0.3496,-0.1405,-0.1877,0.0,0.0,-0.1653,0.0,0.1421,0.53,0.0,0.0,0.0,0.0,-1.04,0.0,1.0,1.5,-0.02968,0.3486,0.0,2.0,0.5,1.0,0.0,0.0,0.0,-1.323
-0.1624,-0.1616,-0.1625,-0.888,0.904,0.4216,0.1925,0.4333,0.4778,1.481,0.9766,-7.92,0.7144,0.3367,0.0,0.0,-1.156,-1.333,0.5537,0.0,-0.2751,1.606,0.7334,0.8477,0.483,0.44,0.788,1.724,0.137,-1.757,0.4192,-1.409,0.4395,-0.1404,-0.1833,0.0,0.0,-0.1619,0.0,0.176,0.6753,0.0,0.0,0.0,0.0,0.768,1.0,1.0,1.5,-0.6274,1.108,1.0,0.0,0.5,1.0,0.0,0.0,0.0,1.006
-0.1615,-0.161,-0.1615,-0.1351,0.1316,0.4216,0.1925,0.4966,-0.3599,1.276,0.9883,-1.407,0.5713,0.3367,-1.0,0.0,-1.012,-1.187,0.4004,0.0,-0.2727,0.6445,0.6597,0.8164,-0.3293,0.4539,0.8257,-1.508,0.0996,1.724,-0.2499,0.764,0.1746,-0.1443,-0.1798,0.0,0.0,-0.1602,0.0,0.1451,0.271,0.0,0.0,0.0,0.0,-0.651,0.0,0.5,1.0,0.10175,0.3684,0.0,1.0,0.5,-0.5,0.0,0.0,0.0,-0.829
-0.1605,-0.16,-0.1605,-0.1843,0.1775,0.4216,0.1925,0.4895,-0.3179,1.291,0.9897,-0.0456,0.4285,0.3367,-1.0,0.0,-1.022,-1.197,0.4175,0.0,-0.2703,0.408,0.584,0.7764,-0.29,0.4631,0.2332,0.1719,0.05905,-1.508,-1.756,0.4192,1.305,-0.1451,-0.176,0.0,0.0,-0.1583,0.0,0.1482,0.0872,0.0,0.0,0.0,0.0,0.0931,0.0,0.5,1.0,0.04706,0.4045,1.0,0.0,0.5,-0.5,0.0,0.0,0.0,0.12164
-0.1598,-0.1594,-0.1597,-0.11743,0.1044,0.4216,0.1925,0.5444,-0.4097,1.261,0.9937,0.64,0.2856,0.3367,-1.0,0.0,-0.996,-1.18,0.409,0.0,-0.2676,0.4106,0.4995,0.7266,-0.377,0.473,-0.246,-0.0857,0.03995,0.1719,1.723,-0.2498,0.9365,-0.1477,-0.173,0.0,0.0,-0.1572,0.0,0.1464,0.1414,0.0,0.0,0.0,0.0,-0.02907,0.0,0.0,1.0,0.0946,0.3157,0.0,1.0,0.5,-0.5,0.0,0.0,0.0,-0.03787
-0.1608,-0.1603,-0.1606,0.4868,-0.5005,0.4216,0.1925,0.8423,-1.026,1.025,0.983,2.438,0.1428,0.3367,-1.0,0.0,-0.794,-1.0205,0.281,0.0,-0.2651,1.867,0.3857,0.66,-0.955,0.464,-0.6494,-1.287,0.03041,-0.0857,-1.508,-1.756,0.671,-0.1533,-0.1705,0.0,0.0,-0.1569,0.0,0.1205,-0.1833,0.0,0.0,0.0,0.0,-0.712,0.0,-0.5,0.5,0.7256,-0.2129,0.0,2.0,0.5,-0.5,0.0,0.0,0.0,-0.9287
-0.1613,-0.1608,-0.1611,0.3376,-0.3503,0.4216,0.1925,0.725,-0.8955,1.055,0.972,-0.01455,0.0,0.3367,-1.0,0.0,-0.8267,-1.033,0.3066,0.0,-0.2627,-0.3794,0.2551,0.581,-0.847,0.4675,-0.09894,0.2632,-0.06744,-1.287,0.1719,1.723,-1.409,-0.158,-0.1683,0.0,0.0,-0.1553,0.0,0.1255,-0.1678,0.0,0.0,0.0,0.0,0.07196,0.0,0.0,0.5,0.53,-0.1254,1.0,0.0,0.5,-0.5,0.0,0.0,0.0,0.096
-0.1613,-0.1608,-0.1613,0.1666,-0.1757,0.4216,0.1925,0.668,-0.6904,1.099,0.9526,-0.1448,-0.1428,0.3367,-1.0,0.0,-0.8647,-1.0625,0.3408,0.0,-0.26,0.1985,0.1164,0.4883,-0.6636,0.4636,-0.557,0.349,-0.1497,0.2632,-0.0857,-1.507,0.764,-0.1588,-0.1665,0.0,0.0,-0.1538,0.0,0.1321,-0.3508,0.0,0.0,0.0,0.0,0.1333,1.0,0.0,0.5,0.3347,0.00995,2.0,0.0,0.5,-0.5,0.0,0.0,0.0,0.177
-0.1637,-0.1631,-0.1638,1.085,-1.09,0.4216,0.1925,0.7925,-1.518,0.7485,0.9087,1.719,-0.2856,0.3367,-1.0,0.0,-0.581,-0.783,0.1447,0.0,-0.2576,1.463,-0.02292,0.3772,-1.53,0.445,-0.868,-1.996,-0.1399,0.349,-1.287,0.1718,0.4192,-0.1663,-0.166,0.0,0.0,-0.1539,0.0,0.0927,-0.846,0.0,0.0,0.0,0.0,-0.7344,0.0,-0.5,0.0,1.271,-0.813,0.0,1.0,0.5,-0.5,0.0,0.0,0.0,-0.9697
-0.1647,-0.164,-0.1648,0.515,-0.513,0.4216,0.1925,0.8384,-0.8887,0.91,0.8667,-0.3489,-0.4285,0.3367,-1.0,0.0,-0.705,-0.9243,0.247,0.0,-0.2551,1.53,-0.1444,0.2659,-0.9224,0.421,-0.9604,1.077,-0.12463,-1.996,0.263,-0.08563,-0.2498,-0.1691,-0.1647,0.0,0.0,-0.1543,0.0,0.11304,-0.769,0.0,0.0,0.0,0.0,0.3147,1.0,0.0,0.0,0.707,-0.2744,1.0,0.0,0.5,-0.5,0.0,0.0,0.0,0.4297
-0.1685,-0.1675,-0.1691,1.648,-1.628,0.4216,-0.04565,1.236,-1.916,0.4883,0.818,1.6,-0.5713,0.3367,-1.0,0.0,-0.3257,-0.595,0.00826,0.0,-0.2524,3.135,-0.2363,0.1512,-1.926,0.3848,-0.2334,-2.47,0.00914,1.077,0.349,-1.286,-1.756,-0.1765,-0.1643,0.0,0.0,-0.156,0.0,0.065,-0.8774,0.0,0.0,0.0,0.0,-1.31,1.0,0.0,0.0,1.864,-1.275,0.0,1.0,0.5,-0.5,0.0,0.0,0.0,-1.757
-0.1719,-0.1707,-0.1727,1.517,-1.478,0.4216,-0.04565,1.436,-1.735,0.477,0.762,0.03326,-0.7144,0.3367,-1.0,0.0,-0.2983,-0.604,0.00826,0.0,-0.25,2.648,-0.2179,0.04047,-1.653,0.3245,-1.259,0.0,0.1257,-2.47,-1.996,0.263,1.723,-0.184,-0.1644,0.0,0.0,-0.1578,0.0,0.0647,-1.051,0.0,1.0,0.0,0.0,0.0,0.0,-0.5,-0.5,1.71,-1.16,0.0,0.0,0.5,-0.5,0.0,0.0,0.0,0.0
-0.1753,-0.174,-0.1761,1.478,-1.433,0.4216,-0.04565,1.468,-1.618,0.4365,0.701,0.0638,-0.857,0.3367,-1.0,0.0,-0.2607,-0.57,-0.00879,0.0,-0.2474,0.302,-0.0998,-0.04782,-1.527,0.2788,-0.7715,-0.184,0.2333,0.0,1.077,0.349,-1.507,-0.1892,-0.165,0.0,0.0,-0.16,0.0,0.06104,-1.172,0.0,1.0,0.0,0.0,-0.0976,-1.0,-0.5,-1.0,1.669,-1.121,0.0,1.0,0.5,-0.5,0.0,0.0,0.0,-0.1366
-0.1783,-0.177,-0.1792,1.396,-1.353,0.4216,-0.04565,1.418,-1.462,0.411,0.6416,0.0291,-1.0,0.3367,-1.0,0.0,-0.2432,-0.5415,-0.01732,0.0,-0.245,0.553,0.0596,-0.0891,-1.388,0.2395,-1.058,-0.0923,0.3203,-0.184,-2.469,-1.995,0.1718,-0.1952,-0.1658,0.0,0.0,-0.1631,0.0,0.0591,-1.156,0.0,1.0,0.0,0.0,-0.04416,-1.0,-1.0,-1.0,1.498,-1.144,0.0,2.0,0.5,-0.5,0.0,0.0,0.0,-0.06198
-0.1812,-0.1798,-0.1821,1.284,-1.233,0.4216,-0.04565,1.418,-1.323,0.4,0.598,0.02962,-1.0,0.3367,-1.0,0.0,-0.2335,-0.5312,-0.01732,0.0,-0.2424,1.175,0.2268,-0.07166,-1.224,0.2046,-1.2295,0.0,0.3655,-0.0923,0.0,1.077,-0.08563,-0.2017,-0.1669,0.0,0.0,-0.1667,0.0,0.05893,-0.956,0.0,0.0,0.0,0.0,0.0,-2.0,-1.0,-1.0,1.295,-1.133,0.0,0.0,0.5,-0.5,0.0,0.0,0.0,0.0
-0.1831,-0.1819,-0.1838,0.9204,-0.8813,-0.519,-0.04565,1.343,-0.878,0.4744,0.543,-0.2615,-1.143,0.3367,-1.0,0.0,-0.3044,-0.5923,0.03384,0.0,-0.2399,1.397,0.3928,0.002861,-0.7583,0.1616,-0.809,0.5547,0.3457,0.0,-0.184,-2.469,-1.286,-0.2037,-0.1677,0.0,0.0,-0.1705,0.0,0.06885,-1.329,0.0,1.0,0.0,0.0,0.3633,-1.0,-0.5,-1.0,0.902,-0.841,1.0,0.0,0.5,-0.5,0.0,0.0,0.0,0.5107
-0.184,-0.1827,-0.1846,0.4778,-0.4421,-0.519,-0.04565,1.265,-0.3787,0.5913,0.508,-0.5747,-1.143,0.3367,-1.0,0.0,-0.4102,-0.6904,0.11053,0.0,-0.2374,0.3867,0.525,0.09534,-0.2482,0.1376,-1.058,0.824,0.3384,0.5547,-0.0923,0.0,0.263,-0.2063,-0.1675,0.0,0.0,-0.1729,0.0,0.084,-0.8584,0.0,0.0,0.0,0.0,0.4045,0.0,-0.5,-0.5,0.521,-0.3682,2.0,0.0,0.5,-0.5,0.0,0.0,0.0,0.5635
-0.1846,-0.1836,-0.185,0.444,-0.4182,-0.519,-0.04565,1.286,-0.2664,0.5757,0.47,-0.3247,-1.143,0.3464,-1.0,0.0,-0.3948,-0.678,0.11053,0.0,-0.2349,0.7515,0.622,0.1923,-0.1422,0.1162,-1.322,0.0,0.2957,0.824,0.0,-0.184,0.349,-0.2043,-0.1675,0.0,0.0,-0.1757,0.0,0.0838,-0.9155,0.0,0.0,0.0,0.0,0.0,0.0,-1.0,-1.0,0.4897,-0.3445,0.0,0.0,0.5,-0.5,0.0,0.0,0.0,0.0
-0.1863,-0.1854,-0.1866,0.8223,-0.8105,-0.519,-0.04565,1.414,-0.568,0.4175,0.4268,2.33,-1.143,0.3564,-1.0,0.0,-0.2493,-0.547,0.02531,0.0,-0.2323,1.402,0.6772,0.2834,-0.4941,0.0988,-0.4688,-0.9033,0.2349,0.0,0.5547,-0.0923,-1.995,-0.2041,-0.1681,0.0,0.0,-0.1792,0.0,0.0665,-1.032,0.0,0.0,0.0,0.0,-0.3992,0.0,-1.0,-1.0,0.829,-0.7495,0.0,1.0,0.5,-0.5,0.0,0.0,0.0,-0.5483
-0.1853,-0.1846,-0.1857,-0.201,0.2198,-0.27,-0.04565,1.2705,0.515,0.7495,0.412,-2.48,-1.0,0.3665,0.0,0.0,-0.539,-0.8296,0.2299,0.0,-0.2299,2.373,0.696,0.3608,0.602,0.0906,-1.032,2.201,0.1404,-0.9033,0.824,0.0,1.077,-0.1997,-0.1685,0.0,0.0,-0.1814,0.0,0.10724,-0.248,0.0,0.0,0.0,0.0,1.189,1.0,-1.0,-0.5,-0.039,0.37,1.0,0.0,0.5,-0.5,0.0,0.0,0.0,1.659
-0.1838,-0.183,-0.1841,-0.3958,0.4165,0.00675,-0.04565,1.326,0.7905,0.8193,0.399,0.623,-0.857,0.3762,0.0,0.0,-0.5903,-0.895,0.281,0.0,-0.2273,0.5693,0.657,0.4146,0.8496,0.0937,0.1365,0.531,0.1182,2.201,0.0,0.554,-2.469,-0.1942,-0.1683,0.0,0.0,-0.1821,0.0,0.11725,-0.1914,0.0,0.0,0.0,0.0,0.2334,1.0,-0.5,-0.5,-0.2155,0.5713,2.0,0.0,0.5,-0.5,0.0,0.0,0.0,0.314
-0.1819,-0.1812,-0.1823,-0.5317,0.5522,0.2354,-0.04565,1.302,1.02,0.8755,0.387,0.4194,-0.7144,0.3862,0.0,0.0,-0.636,-0.94,0.3237,0.0,-0.2247,0.2032,0.569,0.4456,1.08,0.0916,0.271,0.4385,0.02016,0.531,-0.9033,0.8237,0.0,-0.188,-0.1682,0.0,0.0,-0.1836,0.0,0.1256,-0.1731,0.0,0.0,0.0,0.0,0.1553,1.0,0.0,-0.5,-0.427,0.6143,3.0,0.0,0.5,-0.5,0.0,0.0,0.0,0.2072
-0.18,-0.1792,-0.1804,-0.4995,0.5264,0.2808,-0.04565,1.203,0.991,0.874,0.3936,0.1159,-0.5713,0.3862,0.0,0.0,-0.644,-0.929,0.3323,0.0,-0.2222,0.4348,0.436,0.4514,1.069,0.10205,0.5107,0.08704,-0.002934,0.4385,2.201,0.0,-0.184,-0.1825,-0.1682,0.0,0.0,-0.184,0.0,0.1271,0.338,0.0,0.0,0.0,0.0,0.04233,2.0,0.5,0.0,-0.451,0.5303,4.0,0.0,0.5,-0.5,0.0,0.0,0.0,0.05603
-0.1777,-0.1768,-0.1783,-0.6533,0.694,0.5527,-0.04565,1.31,1.204,0.9443,0.3958,0.3538,-0.4285,0.3862,0.0,0.0,-0.6895,-0.998,0.3833,0.0,-0.2197,2.969,0.264,0.434,1.28,0.1121,0.7207,0.5215,-0.01706,0.08704,0.531,-0.903,-0.0922,-0.1775,-0.1686,0.0,0.0,-0.1842,0.0,0.1371,0.2294,0.0,0.0,0.0,0.0,0.3271,3.0,1.0,0.0,-0.702,0.5796,5.0,0.0,0.5,-0.5,0.0,0.0,0.0,0.4326
-0.1759,-0.1749,-0.1764,-0.501,0.538,0.5527,-0.04565,1.081,0.978,0.9004,0.4182,-0.0448,-0.2856,0.3862,0.0,0.0,-0.676,-0.94,0.3662,0.0,-0.2172,0.773,0.06683,0.3906,1.1045,0.129,0.9185,-0.1724,-0.03418,0.5215,0.4385,2.201,0.0,-0.1729,-0.1693,0.0,0.0,-0.1844,0.0,0.1334,1.174,1.0,0.0,0.0,0.0,-0.08887,2.0,1.0,0.0,-0.55,0.4358,0.0,1.0,0.5,-0.5,0.0,0.0,0.0,-0.11646
-0.1742,-0.1733,-0.1747,-0.4397,0.4705,0.5527,-0.04565,0.843,0.842,0.885,0.44,0.006283,-0.1428,0.3862,0.0,0.0,-0.685,-0.904,0.3662,0.0,-0.2146,-0.2737,-0.09436,0.3274,0.9053,0.1676,0.855,0.0,-0.01053,-0.1724,0.08704,0.531,0.554,-0.1666,-0.1704,0.0,0.0,-0.184,0.0,0.133,1.174,1.0,0.0,0.0,0.0,0.0,1.0,0.5,0.0,-0.4993,0.361,0.0,0.0,0.5,-0.5,0.0,0.0,0.0,0.0
-0.1715,-0.1704,-0.172,-0.817,0.863,0.5527,-0.04565,1.028,1.185,1.039,0.472,0.5356,0.0,0.3862,0.0,0.0,-0.7876,-1.049,0.4685,0.0,-0.2122,2.793,-0.1975,0.2417,1.255,0.2006,0.6406,1.037,0.049,0.0,0.5215,0.4382,0.8237,-0.1622,-0.1704,0.0,0.0,-0.1829,0.0,0.1532,1.397,1.0,0.0,0.0,0.0,0.6606,1.0,0.5,0.5,-0.8115,0.7954,1.0,0.0,0.5,-0.5,0.0,0.0,0.0,0.868
-0.1715,-0.1704,-0.172,0.1763,-0.1451,0.5527,-0.04565,1.241,0.03665,0.6816,0.4875,-0.8257,0.1428,0.3862,0.0,0.0,-0.4868,-0.768,0.264,0.0,-0.2096,1.521,-0.2147,0.1403,0.0848,0.2277,0.8174,-2.04,0.03323,1.037,-0.1724,0.08704,0.0,-0.1625,-0.1716,0.0,0.0,-0.1833,0.0,0.1119,0.569,0.0,0.0,0.0,0.0,-1.467,0.0,0.5,0.5,0.2362,-0.0766,0.0,1.0,0.5,-1.0,0.0,0.0,0.0,-1.8955
-0.1732,-0.1724,-0.1737,0.8496,-0.8335,0.5527,-0.5923,1.324,-0.749,0.4265,0.4912,-5.535,0.1428,0.3862,-1.0,0.0,-0.265,-0.547,0.1191,0.0,-0.207,1.112,-0.1799,0.03323,-0.6733,0.2335,1.313,-1.495,0.03552,-2.04,0.0,0.5215,-0.903,-0.1663,-0.1736,0.0,0.0,-0.1836,0.0,0.0825,0.1572,0.0,0.0,0.0,0.0,-1.132,-1.0,0.5,0.5,0.9297,-0.691,0.0,2.0,0.5,-1.0,0.0,0.0,0.0,-1.515
-0.1798,-0.1782,-0.1809,2.701,-2.545,0.5527,-2.771,2.148,-2.36,-0.2517,0.4568,3.482,0.1428,0.3862,-1.0,0.0,0.439,0.04822,-0.2815,0.0,-0.2046,3.135,-0.1583,-0.08093,-2.086,0.2004,0.3508,-2.514,0.1941,-1.495,1.037,-0.1722,2.201,-0.1775,-0.1772,0.0,0.0,-0.187,0.0,0.001902,-0.6475,0.0,0.0,0.0,0.0,-3.984,-1.0,0.0,0.0,2.75,-2.195,0.0,3.0,0.5,-1.0,0.0,0.0,0.0,-5.465
-0.1841,-0.1821,-0.1855,1.908,-1.811,0.5527,-2.771,2.451,-1.896,-0.03317,0.427,-0.1919,0.1428,0.3862,-1.0,0.0,0.2524,-0.2091,-0.1451,0.0,-0.202,3.135,-0.1578,-0.1906,-1.633,0.1537,-0.1536,1.554,0.2432,-2.514,-2.04,0.0,0.531,-0.1871,-0.1796,0.0,0.0,-0.188,0.0,0.02882,-0.534,0.0,0.0,0.0,0.0,1.373,0.0,0.0,0.0,2.164,-1.395,1.0,0.0,0.5,-1.0,0.0,0.0,0.0,2.027
-0.1888,-0.1866,-0.1907,2.164,-2.043,0.5527,-2.771,2.54,-2.176,-0.1691,0.3916,0.315,0.1428,0.3862,-1.0,0.0,0.3918,-0.07684,-0.2219,0.0,-0.1995,1.146,-0.1621,-0.2651,-1.918,0.1307,-0.5737,-0.8516,0.3218,1.554,-1.495,1.037,0.4382,-0.198,-0.1829,0.0,0.0,-0.1895,0.0,0.0132,-0.627,0.0,0.0,0.0,0.0,-0.5034,-1.0,-0.5,0.0,2.396,-1.632,0.0,1.0,0.5,-1.0,0.0,0.0,0.0,-0.724
-0.1913,-0.1887,-0.1932,1.151,-1.008,0.5527,-2.771,2.617,-1.314,0.0916,0.3772,-0.3157,0.1428,0.3862,-1.0,0.0,0.15,-0.3503,-0.05994,0.0,-0.197,3.135,-0.1693,-0.3125,-0.995,0.1115,-0.885,1.824,0.333,-0.8516,-2.514,-2.037,0.08704,-0.2058,-0.1849,0.0,0.0,-0.1898,0.0,0.04538,-0.257,0.0,0.0,0.0,0.0,1.105,0.0,-0.5,0.5,1.402,-0.6567,1.0,0.0,0.5,-1.0,0.0,0.0,0.0,1.613
-0.1942,-0.1915,-0.1963,1.415,-1.261,0.5527,-2.771,2.686,-1.54,-0.0309,0.3386,0.3494,0.0,0.3862,-1.0,0.0,0.2712,-0.2339,-0.1282,0.0,-0.1945,2.752,-0.1719,-0.3347,-1.261,0.09393,-1.33,-0.745,0.3623,1.824,1.553,-1.494,0.5215,-0.2167,-0.1873,0.0,0.0,-0.1906,0.0,0.0315,-0.686,0.0,0.0,0.0,0.0,-0.3826,0.0,-1.0,0.0,1.66,-0.8945,0.0,1.0,0.5,-1.0,0.0,0.0,0.0,-0.542
-0.1936,-0.1909,-0.1958,0.02191,0.1472,0.5527,-2.771,2.672,-0.1214,0.3975,0.3179,-0.949,-0.1428,0.3862,-1.0,0.0,-0.1193,-0.649,0.1361,0.0,-0.1919,2.557,-0.1643,-0.339,0.1506,0.08417,-1.499,2.549,0.348,-0.745,-0.8516,-2.514,-0.1722,-0.219,-0.1885,0.0,0.0,-0.1896,0.0,0.08417,-0.3313,0.0,0.0,0.0,0.0,1.359,1.0,-0.5,0.0,0.4507,0.605,1.0,0.0,0.5,-1.0,0.0,0.0,0.0,1.95
-0.1947,-0.1919,-0.1969,0.6504,-0.4832,0.5527,-2.771,2.785,-0.6685,0.1754,0.2827,14.88,-0.2856,0.3862,-1.0,0.0,0.0956,-0.4568,0.00826,0.0,-0.1895,1.287,-0.1501,-0.3281,-0.4644,0.0751,-1.612,-1.349,0.3518,2.549,1.823,1.553,0.0,-0.2211,-0.1896,0.0,0.0,-0.1897,0.0,0.05838,-0.539,0.0,0.0,0.0,0.0,-0.5645,0.0,-0.5,-0.5,1.12,0.0682,0.0,1.0,0.5,-1.0,0.0,0.0,0.0,-0.7725
-0.1954,-0.1926,-0.1976,0.53,-0.3604,0.5527,-2.771,2.785,-0.4675,0.1942,0.2485,-0.2554,-0.4285,0.3862,-1.0,0.0,0.09296,-0.4905,0.02531,0.0,-0.1869,2.512,-0.1102,-0.3066,-0.274,0.05466,-2.293,0.184,0.359,-1.349,-0.745,-0.851,1.036,-0.2155,-0.1908,0.0,0.0,-0.1903,0.0,0.06152,-0.5264,0.0,0.0,0.0,0.0,0.1081,1.0,-0.5,-0.5,0.986,0.1661,1.0,0.0,0.5,-1.0,0.0,0.0,0.0,0.1512
-0.1956,-0.193,-0.1976,0.2925,-0.1349,0.5527,-2.771,2.785,-0.1279,0.2544,0.2129,-0.914,-0.5713,0.3862,-1.0,0.0,0.0372,-0.547,0.06793,0.0,-0.1843,3.135,-0.05304,-0.2793,0.0359,0.0372,-1.503,0.4585,0.361,0.184,2.547,1.823,-2.037,-0.2115,-0.192,0.0,0.0,-0.1906,0.0,0.0699,-0.539,0.0,0.0,0.0,0.0,0.1964,1.0,0.0,-0.5,0.779,0.4065,2.0,0.0,0.5,-1.0,0.0,0.0,0.0,0.274
-0.1927,-0.1902,-0.1948,-0.7974,0.9614,0.5527,-2.771,2.785,1.1455,0.637,0.1991,-17.1,-0.5713,0.3862,0.0,0.0,-0.2969,-0.893,0.3066,0.0,-0.1818,1.147,-0.001449,-0.2559,1.289,0.0352,-0.885,2.549,0.372,0.4585,-1.349,-0.745,-1.494,-0.2019,-0.1913,0.0,0.0,-0.1887,0.0,0.1174,-0.205,0.0,0.0,0.0,0.0,1.477,2.0,0.5,0.0,-0.1431,1.601,3.0,0.0,0.5,-1.0,0.0,0.0,0.0,2.045
-0.1884,-0.1854,-0.1907,-1.345,1.528,1.065,-2.771,2.785,1.907,0.877,0.1981,0.81,-0.5713,0.3862,0.0,0.0,-0.4856,-1.104,0.46,0.0,-0.1793,1.653,0.03336,-0.2339,1.872,0.03091,1.183,1.571,0.4285,2.549,0.184,2.547,-2.514,-0.1924,-0.1904,0.0,0.0,-0.1873,0.0,0.1478,-0.039,0.0,0.0,0.0,0.0,0.83,2.0,1.0,0.5,-0.658,2.045,4.0,0.0,0.5,-1.0,0.0,0.0,0.0,1.103
-0.1857,-0.1831,-0.1877,-0.73,0.8936,1.065,-2.771,2.785,1.379,0.68,0.1783,-0.1455,-0.5713,0.3862,0.0,0.0,-0.3262,-0.937,0.3494,0.0,-0.1768,1.945,0.0353,-0.2096,1.576,0.02301,0.876,-1.105,0.4414,1.571,0.4585,-1.349,1.553,-0.1836,-0.189,0.0,0.0,-0.1868,0.0,0.1254,-0.2622,0.0,0.0,0.0,0.0,-0.6196,2.0,0.5,0.0,-0.1108,1.5,0.0,1.0,0.5,-1.0,0.0,0.0,0.0,-0.8013
-0.1842,-0.1816,-0.1863,-0.2993,0.4602,1.065,-2.771,2.785,0.973,0.5425,0.1714,-0.1548,-0.5713,0.3862,0.0,0.0,-0.2069,-0.8203,0.2725,0.0,-0.1742,1.163,-0.008766,-0.1808,1.25,0.009026,1.498,-0.7803,0.4329,-1.105,2.547,0.184,-0.851,-0.1812,-0.1877,0.0,0.0,-0.1871,0.0,0.10986,-0.128,0.0,0.0,0.0,0.0,-0.329,1.0,0.5,0.0,0.265,1.041,0.0,2.0,0.5,-1.0,0.0,0.0,0.0,-0.4338
-0.1824,-0.1797,-0.1846,-0.4346,0.603,1.065,-2.771,2.785,1.12,0.601,0.1812,0.291,-0.4285,0.3862,0.0,0.0,-0.263,-0.865,0.3152,0.0,-0.1718,0.5576,-0.1173,-0.1606,1.407,0.02126,0.9434,0.4392,0.4292,-0.7803,1.571,0.4585,1.823,-0.1755,-0.1864,0.0,0.0,-0.1873,0.0,0.11804,0.0922,0.0,0.0,0.0,0.0,0.3215,1.0,0.5,0.5,-0.06223,0.964,1.0,0.0,0.5,-1.0,0.0,0.0,0.0,0.4297
-0.1788,-0.1763,-0.1808,-1.039,1.196,1.065,-2.771,2.627,1.625,0.841,0.24,0.592,-0.2856,0.3862,0.0,0.0,-0.4907,-1.037,0.4685,0.0,-0.1692,3.135,-0.237,-0.1583,1.872,0.0751,1.465,1.569,0.4568,0.4392,-1.105,2.547,-0.7446,-0.1674,-0.1843,0.0,0.0,-0.1866,0.0,0.1486,0.8716,1.0,0.0,0.0,0.0,0.8667,1.0,1.0,1.0,-0.6274,1.553,2.0,0.0,0.5,-1.0,0.0,0.0,0.0,1.149
-0.1758,-0.1735,-0.1776,-0.8545,0.993,1.065,-2.771,2.271,1.306,0.8,0.285,-0.05847,-0.1428,0.3862,0.0,0.0,-0.4897,-0.9688,0.4517,0.0,-0.1666,0.2827,-0.2499,-0.1558,1.461,0.1443,0.4558,-0.1699,0.4817,1.569,-0.78,1.571,2.547,-0.1603,-0.1823,0.0,0.0,-0.1862,0.0,0.1449,0.7266,0.0,0.0,0.0,0.0,-0.0853,0.0,0.5,0.5,-0.4773,1.326,0.0,1.0,0.5,-1.0,0.0,0.0,0.0,-0.1102
-0.1703,-0.1678,-0.1722,-1.631,1.803,1.065,-2.771,2.25,1.907,1.162,0.3562,0.7803,0.0,0.3862,0.0,0.0,-0.7705,-1.265,0.6133,1.0,-0.2903,2.316,-0.1329,-0.1385,1.872,0.1443,1.242,2.3,0.606,-0.1699,0.439,-1.105,-1.349,-0.1534,-0.1794,0.0,0.0,-0.1841,0.0,0.1906,1.054,1.0,0.0,0.0,0.0,1.505,1.0,1.0,1.0,-1.252,2.045,1.0,0.0,0.0,-1.0,0.0,0.0,0.0,1.949
-0.1672,-0.1649,-0.169,-0.8535,0.988,1.065,-2.771,2.152,1.089,0.883,0.399,-0.3657,0.1428,0.3862,0.0,0.0,-0.5664,-1.027,0.4534,0.0,-0.2878,0.83,0.0643,-0.09705,1.161,0.2039,1.49,-1.559,0.623,2.3,1.569,-0.78,0.184,-0.1523,-0.1776,0.0,0.0,-0.1837,0.0,0.158,0.6265,0.0,0.0,0.0,0.0,-0.9067,1.0,0.5,0.5,-0.3994,1.405,0.0,1.0,0.0,-1.0,0.0,0.0,0.0,-1.131
-0.1647,-0.1627,-0.1661,-0.6914,0.8,1.065,-2.771,2.084,0.769,0.8423,0.447,-0.1487,0.2856,0.3862,0.0,0.0,-0.5405,-0.987,0.4365,0.0,-0.2854,1.404,0.2722,-0.03687,0.8496,0.2482,1.523,-0.1685,0.6714,-1.559,-0.1699,0.439,0.4585,-0.1495,-0.176,0.0,0.0,-0.1821,0.0,0.1543,0.7197,0.0,0.0,0.0,0.0,-0.0861,0.0,0.0,0.5,-0.3635,1.093,0.0,2.0,0.0,-1.0,0.0,0.0,0.0,-0.11035
-0.1617,-0.1599,-0.1631,-0.8257,0.9263,1.065,-2.771,1.839,0.8706,0.912,0.4753,0.269,0.4285,0.3862,0.0,0.0,-0.617,-1.021,0.487,0.0,-0.2827,0.254,0.4573,0.0378,0.9556,0.2773,0.561,0.507,0.729,-0.1685,2.299,1.568,2.547,-0.1444,-0.1737,0.0,0.0,-0.1793,0.0,0.1643,0.514,0.0,0.0,0.0,0.0,0.2043,0.0,0.0,0.5,-0.5293,1.174,1.0,0.0,0.0,-1.0,0.0,0.0,0.0,0.2625
-0.159,-0.1575,-0.1602,-0.7363,0.8184,1.065,0.2544,1.778,0.6714,0.8975,0.5146,-0.0788,0.5713,0.3862,0.0,0.0,-0.6113,-1.004,0.487,0.0,-0.2803,0.3667,0.618,0.1337,0.825,0.3035,-0.0737,0.0,0.646,0.507,-1.559,-0.1698,1.57,-0.14,-0.1722,0.0,0.0,-0.174,0.0,0.1641,0.7964,1.0,0.0,0.0,0.0,0.0,0.0,-0.5,0.5,-0.4473,1.065,0.0,0.0,0.0,-1.0,0.0,0.0,0.0,0.0
-0.1587,-0.1575,-0.1594,0.03937,0.009605,1.065,0.2544,1.83,-0.259,0.621,0.539,-1.154,0.5713,0.3862,-1.0,0.0,-0.3838,-0.771,0.327,0.0,-0.2778,1.11,0.7627,0.2483,-0.1528,0.3408,0.519,-1.592,0.5625,0.0,-0.1685,2.299,-1.105,-0.1415,-0.1718,0.0,0.0,-0.1705,0.0,0.1315,0.4275,0.0,0.0,0.0,0.0,-0.763,-1.0,-0.5,0.0,0.3657,0.3574,0.0,1.0,0.0,-1.0,0.0,0.0,0.0,-0.972
-0.1604,-0.1593,-0.1609,0.783,-0.76,1.065,-0.4343,1.949,-1.112,0.347,0.5464,6.64,0.5713,0.3862,-1.0,0.0,-0.1399,-0.5327,0.1666,0.0,-0.2751,2.135,0.8467,0.3438,-0.964,0.345,0.9185,-1.635,0.411,-1.592,0.507,-1.558,-0.78,-0.1455,-0.1722,0.0,0.0,-0.1676,0.0,0.0987,0.0933,0.0,0.0,0.0,0.0,-1.13,-1.0,-0.5,-0.5,1.044,-0.4255,0.0,2.0,0.0,-1.0,0.0,1.0,-3.82,-1.479
-0.1621,-0.1611,-0.1627,0.8477,-0.8203,1.065,-0.571,1.817,-1.203,0.2961,0.5303,0.2433,0.4285,0.3862,-1.0,0.0,-0.10675,-0.472,0.1414,0.0,-0.2727,0.835,0.873,0.4138,-1.049,0.3364,0.687,-0.2654,0.3303,-1.635,0.0,-0.1683,0.439,-0.1543,-0.1727,0.0,0.0,-0.1659,0.0,0.0933,-0.306,0.0,0.0,0.0,0.0,-0.1749,-1.0,-1.0,-1.0,1.035,-0.5605,0.0,3.0,0.0,-1.0,0.0,0.0,0.0,-0.2354
-0.1619,-0.1608,-0.1625,0.0813,-0.0422,1.065,-0.571,1.863,-0.4124,0.5337,0.513,-0.6543,0.2856,0.3862,-1.0,0.0,-0.308,-0.696,0.2932,0.0,-0.2703,3.135,0.844,0.461,-0.2474,0.326,-0.12415,1.6,0.183,-0.2654,-1.591,0.507,1.568,-0.1572,-0.1729,0.0,0.0,-0.1627,0.0,0.1238,-0.306,0.0,0.0,0.0,0.0,0.942,-1.0,-1.0,-1.0,0.3274,0.2214,1.0,0.0,0.0,-1.0,0.0,0.0,0.0,1.273
-0.1621,-0.161,-0.1626,0.2434,-0.2068,1.065,-0.571,1.823,-0.572,0.4656,0.502,0.7305,0.1428,0.3862,-1.0,0.0,-0.254,-0.6304,0.2595,0.0,-0.2676,1.374,0.7593,0.4922,-0.402,0.3232,-0.0947,-0.3462,0.1492,1.6,-1.635,0.0,-0.1698,-0.1605,-0.1731,0.0,0.0,-0.1615,0.0,0.1166,-0.1821,0.0,0.0,0.0,0.0,-0.2472,-1.0,-1.0,-1.0,0.4595,0.03668,0.0,1.0,0.0,-1.0,0.0,0.0,0.0,-0.3254
-0.1642,-0.163,-0.1648,0.955,-0.915,1.065,-0.571,1.9795,-1.294,0.2057,0.4846,1.878,0.0,0.3862,-1.0,0.0,-0.01139,-0.4011,0.10767,0.0,-0.2651,2.172,0.594,0.5073,-1.132,0.3184,-1.293,-1.567,0.07935,-0.3462,-0.2654,-1.591,2.299,-0.1675,-0.174,0.0,0.0,-0.1604,0.0,0.0856,-0.306,0.0,0.0,0.0,0.0,-0.9316,-1.0,-1.5,-1.0,1.193,-0.592,0.0,2.0,0.0,-1.0,0.0,0.0,0.0,-1.233
-0.1682,-0.1665,-0.1694,1.781,-1.708,1.065,-0.724,2.42,-2.07,-0.0926,0.4492,0.866,-0.1428,0.3862,-1.0,0.0,0.3066,-0.145,-0.0694,0.0,-0.2627,2.041,0.3484,0.4897,-1.795,0.271,-0.746,-1.877,0.0992,-1.567,1.6,-1.635,-1.558,-0.1779,-0.176,0.0,0.0,-0.1606,0.0,0.04935,-0.6226,0.0,0.0,0.0,0.0,-1.782,-1.0,-1.5,-1.5,1.9795,-1.364,0.0,3.0,0.0,-1.0,0.0,1.0,-3.82,-2.424
-0.1694,-0.1677,-0.1707,0.6733,-0.5938,1.065,-0.724,2.086,-1.003,0.2131,0.4158,-0.4563,-0.2856,0.3862,-1.0,0.0,-0.008644,-0.4182,0.1245,0.0,-0.26,1.801,0.1009,0.4507,-0.746,0.2544,-0.923,2.123,0.0522,-1.877,-0.3462,-0.2654,-0.1683,-0.1815,-0.1763,0.0,0.0,-0.1599,0.0,0.0884,-0.5474,0.0,0.0,0.0,0.0,1.17,0.0,-1.0,-1.5,1.025,-0.1697,1.0,0.0,0.0,-1.0,0.0,0.0,0.0,1.642
-0.169,-0.1672,-0.1702,0.003756,0.0842,1.065,-0.724,2.105,-0.2788,0.4204,0.395,-0.7515,-0.4285,0.3862,-1.0,0.0,-0.1898,-0.6157,0.2595,0.0,-0.2576,0.3203,-0.098,0.3977,-0.02823,0.246,-1.33,1.426,0.0507,2.123,-1.566,1.599,0.5063,-0.1798,-0.1754,0.0,0.0,-0.1598,0.0,0.1155,-0.3103,0.0,0.0,0.0,0.0,0.474,0.0,-1.0,-1.0,0.3328,0.4321,2.0,0.0,0.0,-1.0,1.0,0.0,4.234,0.6426
-0.1675,-0.166,-0.1685,-0.3286,0.3962,0.841,-0.724,1.928,0.2045,0.531,0.3606,-3.094,-0.4285,0.3862,0.0,0.0,-0.2998,-0.6997,0.3352,0.0,-0.2551,0.7603,-0.2161,0.328,0.4285,0.2308,-1.444,0.7837,0.04382,1.426,-1.877,-0.346,0.0,-0.1763,-0.1725,0.0,0.0,-0.1602,0.0,0.1306,-0.5566,0.0,0.0,0.0,0.0,0.4602,1.0,-0.5,-1.0,-0.01974,0.6963,3.0,0.0,0.0,-1.0,0.0,0.0,0.0,0.6094
-0.1656,-0.1643,-0.1666,-0.4653,0.5327,1.064,-0.724,1.981,0.4453,0.586,0.3442,0.97,-0.4285,0.3862,0.0,0.0,-0.3413,-0.7544,0.3774,0.0,-0.2524,1.893,-0.2365,0.2362,0.6943,0.2202,-0.721,0.4297,0.04895,0.7837,2.123,-1.566,-1.591,-0.1747,-0.1699,0.0,0.0,-0.1595,0.0,0.1388,-0.2615,0.0,0.0,0.0,0.0,0.2642,2.0,0.0,-0.5,-0.1376,0.843,4.0,0.0,0.0,-1.0,0.0,0.0,0.0,0.345
-0.1632,-0.1617,-0.1642,-0.693,0.766,1.421,-0.724,2.068,0.7837,0.682,0.3357,0.8047,-0.4285,0.3862,0.0,0.0,-0.413,-0.8477,0.4448,0.0,-0.25,2.875,-0.2185,0.10913,1.002,0.2266,0.10284,0.6826,0.05667,0.4297,1.426,-1.877,-1.634,-0.1713,-0.1667,0.0,0.0,-0.158,0.0,0.1521,-0.1242,0.0,0.0,0.0,0.0,0.4863,3.0,0.5,0.0,-0.3496,1.075,5.0,0.0,0.0,-1.0,0.0,0.0,0.0,0.631
-0.16,-0.1586,-0.161,-0.893,0.971,1.772,-0.724,2.062,1.115,0.777,0.3276,0.548,-0.4285,0.3862,0.0,0.0,-0.49,-0.9287,0.512,0.0,-0.2474,0.1346,-0.2039,-0.04526,1.262,0.2421,0.3677,0.675,0.0842,0.6826,0.783,2.121,-0.2654,-0.1638,-0.164,0.0,0.0,-0.1562,0.0,0.1654,-0.0981,0.0,0.0,0.0,0.0,0.514,3.0,1.0,0.0,-0.5103,1.309,5.734,0.0,0.5,-1.0,0.0,0.0,0.0,0.6597
-0.1572,-0.1558,-0.1583,-0.7896,0.867,1.772,-0.724,2.012,1.105,0.7627,0.3206,0.1345,-0.4285,0.3862,0.0,0.0,-0.4834,-0.912,0.512,0.0,-0.245,-0.202,-0.1962,-0.1885,1.25,0.2445,-0.204,0.0,0.1078,0.675,0.4294,1.426,1.599,-0.153,-0.1609,0.0,0.0,-0.1555,0.0,0.1653,-0.0981,0.0,0.0,0.0,0.0,0.0,2.0,0.5,0.0,-0.4973,1.113,0.0,0.0,0.5,-1.0,0.0,0.0,0.0,0.0
-0.1545,-0.1528,-0.1556,-0.7607,0.851,1.772,-0.724,2.08,1.114,0.7764,0.3293,0.1511,-0.2856,0.3862,0.0,0.0,-0.488,-0.93,0.5293,0.0,-0.2424,2.48,-0.2258,-0.2947,1.245,0.2617,0.0734,0.1669,0.1362,0.0,0.682,0.783,-0.346,-0.1455,-0.1589,0.0,0.0,-0.1547,0.0,0.1683,0.2128,0.0,0.0,0.0,0.0,0.0972,2.0,1.0,0.5,-0.5522,1.009,1.0,0.0,0.5,-1.0,0.0,0.0,0.0,0.12335
-0.1521,-0.1505,-0.1533,-0.635,0.722,1.772,-0.724,1.907,0.94,0.7485,0.3518,-0.01277,-0.1428,0.3862,0.0,0.0,-0.4812,-0.8896,0.521,0.0,-0.2399,1.141,-0.2688,-0.3574,1.07,0.288,0.9644,-0.0832,0.1012,0.1669,0.675,0.4294,-1.566,-0.1406,-0.1564,0.0,0.0,-0.1553,0.0,0.1664,0.5566,0.0,0.0,0.0,0.0,-0.05154,1.0,1.0,0.5,-0.4421,0.8716,0.0,1.0,0.5,-1.0,0.0,0.0,0.0,-0.0652
-0.1482,-0.1464,-0.1497,-1.141,1.25,1.772,-0.724,1.991,1.462,0.964,0.3887,0.6855,0.0,0.3862,0.0,0.0,-0.6436,-1.08,0.6133,1.0,-0.2903,2.613,-0.2876,-0.3745,1.627,0.2698,2.053,1.416,0.1753,-0.0832,0.0,0.682,-1.876,-0.1345,-0.1533,0.0,0.0,-0.1538,0.0,0.1952,0.7915,1.0,0.0,0.0,0.0,0.7036,1.0,1.5,1.0,-0.9375,1.372,1.0,0.0,0.5,-1.0,0.0,0.0,0.0,0.891
-0.1432,-0.1411,-0.1448,-1.479,1.603,1.772,-0.724,1.696,1.865,1.138,0.4219,0.423,0.1428,0.3862,0.0,0.0,-0.802,-1.192,0.6133,1.0,-0.2903,0.3896,-0.2482,-0.357,1.872,0.1953,1.452,1.139,0.3037,1.416,0.1667,0.6743,2.121,-0.1271,-0.1499,0.0,0.0,-0.1516,0.0,0.2188,0.7554,0.0,0.0,0.0,0.0,0.6484,1.0,1.5,1.0,-1.225,1.753,2.0,0.0,0.5,-1.0,0.0,0.0,0.0,0.8022
-0.1407,-0.1385,-0.1423,-0.6323,0.752,1.772,-0.724,1.769,0.899,0.8516,0.4438,-0.392,0.2856,0.3862,0.0,0.0,-0.5757,-0.9644,0.4495,0.0,-0.2878,0.6606,-0.1753,-0.3225,1.06,0.2196,1.107,-1.597,0.3352,1.139,-0.0832,0.0,1.425,-0.12396,-0.1483,0.0,0.0,-0.1508,0.0,0.1844,0.445,0.0,0.0,0.0,0.0,-0.715,1.0,1.0,1.0,-0.4163,0.9272,0.0,1.0,0.5,-1.0,0.0,0.0,0.0,-0.8677
-0.1395,-0.1376,-0.141,-0.2013,0.3032,1.772,-0.724,1.752,0.3315,0.7036,0.4734,-0.4707,0.4285,0.3862,0.0,0.0,-0.4587,-0.836,0.3674,0.0,-0.2854,1.138,-0.0737,-0.2751,0.5127,0.2462,0.906,-0.8203,0.343,-1.597,1.416,0.1667,0.783,-0.12366,-0.1477,0.0,0.0,-0.1505,0.0,0.1671,0.5923,0.0,0.0,0.0,0.0,-0.3464,0.0,0.5,1.0,-0.0494,0.4424,0.0,2.0,0.5,-1.0,0.0,0.0,0.0,-0.4324
-0.1367,-0.1354,-0.1376,-0.7847,0.851,1.772,-0.724,1.499,0.7676,0.9194,0.5312,1.213,0.5713,0.3862,0.0,0.0,-0.6533,-0.9956,0.507,0.0,-0.2827,1.625,0.1361,-0.1677,0.798,0.3286,0.792,1.414,0.3967,-0.8203,1.139,-0.0831,0.4294,-0.12067,-0.146,0.0,0.0,-0.1482,0.0,0.1959,1.181,1.0,0.0,0.0,0.0,0.5303,1.0,0.5,1.5,-0.611,0.9688,1.0,0.0,0.5,-1.0,0.0,0.0,0.0,0.6704
-0.1321,-0.1309,-0.1328,-1.34,1.402,1.772,-0.724,1.401,1.29,1.161,0.585,0.7915,0.7144,0.3862,0.0,0.0,-0.845,-1.183,0.6133,1.0,-0.2903,1.761,0.3381,-0.04166,1.336,0.3267,0.603,1.544,0.474,1.414,-1.597,1.415,0.682,-0.11505,-0.1433,0.0,0.0,-0.1438,0.0,0.2283,1.155,1.0,0.0,0.0,0.0,0.5933,1.0,0.5,1.5,-1.123,1.523,2.0,0.0,0.5,-1.0,0.0,0.0,0.0,0.733
-0.1283,-0.1272,-0.1289,-1.099,1.151,1.772,-0.724,1.357,0.971,1.1045,0.6245,-0.10547,0.857,0.3862,0.0,0.0,-0.8076,-1.134,0.589,0.0,-0.2878,0.7036,0.504,0.0821,1.07,0.3555,0.4602,-0.2377,0.5024,1.544,-0.8203,1.139,0.6743,-0.10974,-0.1409,0.0,0.0,-0.1395,0.0,0.2229,0.961,1.0,0.0,0.0,0.0,-0.1043,0.0,0.0,1.0,-0.919,1.252,0.0,1.0,0.5,-1.0,0.0,0.0,0.0,-0.1256
-0.12476,-0.12366,-0.1252,-1.013,1.061,1.772,-0.724,1.334,0.842,1.103,0.6577,0.01212,0.857,0.3862,0.0,0.0,-0.808,-1.13,0.597,0.0,-0.2854,0.7007,0.6406,0.2075,0.9385,0.3901,0.6074,0.0795,0.5537,-0.2377,1.414,-1.597,0.0,-0.10693,-0.139,0.0,0.0,-0.1361,0.0,0.2244,0.887,1.0,0.0,0.0,0.0,0.03763,1.0,0.5,1.0,-0.8545,1.144,1.0,0.0,0.5,-1.0,0.0,0.0,0.0,0.0455
-0.12195,-0.12103,-0.1223,-0.7705,0.8027,1.772,-0.724,1.161,0.54,1.035,0.685,-0.2031,0.857,0.3862,0.0,0.0,-0.7725,-1.059,0.5645,0.0,-0.2827,-0.4697,0.7437,0.3315,0.617,0.423,0.6743,-0.3176,0.5693,0.0795,1.544,-0.82,0.1667,-0.10693,-0.1373,0.0,0.0,-0.1327,0.0,0.2174,0.7324,0.0,0.0,0.0,0.0,-0.11414,1.0,0.0,0.5,-0.6377,0.8774,0.0,1.0,0.5,-1.0,0.0,0.0,0.0,-0.138
-0.1214,-0.12067,-0.12164,-0.0204,0.03473,1.772,-0.724,1.1455,-0.2808,0.767,0.6924,-1.231,0.7144,0.3862,-1.0,0.0,-0.5645,-0.833,0.41,0.0,-0.2803,1.649,0.8135,0.447,-0.2566,0.4485,0.843,-1.517,0.4768,-0.3176,-0.2375,1.413,-0.0831,-0.10675,-0.1373,0.0,0.0,-0.1293,0.0,0.1846,0.212,0.0,0.0,0.0,0.0,-0.9272,0.0,0.0,0.0,0.1235,0.1793,0.0,2.0,0.5,-1.0,0.0,0.0,0.0,-1.126
-0.1193,-0.11865,-0.1195,-0.533,0.5493,1.772,-0.01866,1.072,0.2378,0.954,0.7036,-3.293,0.7144,0.3862,0.0,0.0,-0.7183,-0.9834,0.532,0.0,-0.2778,0.5073,0.8506,0.539,0.252,0.466,0.1785,1.229,0.2473,-1.517,0.0795,1.543,1.415,-0.1027,-0.136,0.0,0.0,-0.1239,0.0,0.21,0.3057,0.0,0.0,0.0,0.0,0.6304,0.0,0.0,0.0,-0.299,0.7524,1.0,0.0,0.5,-1.0,0.0,0.0,0.0,0.7856
-0.1162,-0.1155,-0.1164,-0.8745,0.897,1.772,-0.01866,1.184,0.5996,1.099,0.7236,1.267,0.7144,0.3862,0.0,0.0,-0.819,-1.112,0.6133,1.0,-0.2903,1.54,0.839,0.6104,0.652,0.4648,-0.368,0.9634,0.1304,1.229,-0.3176,-0.2375,1.139,-0.0994,-0.1342,0.0,0.0,-0.11914,0.0,0.2302,0.4463,0.0,0.0,0.0,0.0,0.4773,1.0,0.0,0.5,-0.5854,1.133,2.0,0.0,0.5,-1.0,0.0,0.0,0.0,0.5825
-0.1146,-0.114,-0.11475,-0.3691,0.378,1.772,-0.01866,1.14,0.04892,0.924,0.7334,-0.702,0.7144,0.3862,0.0,0.0,-0.689,-0.965,0.516,0.0,-0.2878,1.264,0.79,0.661,0.1196,0.4775,0.5063,-0.948,0.03093,0.9634,-1.517,0.07947,-1.596,-0.101,-0.133,0.0,0.0,-0.11597,0.0,0.2095,0.2188,0.0,0.0,0.0,0.0,-0.404,0.0,0.0,0.0,-0.05597,0.6797,0.0,1.0,0.5,-1.0,0.0,0.0,0.0,-0.4854
-0.11163,-0.1111,-0.11163,-0.833,0.8423,1.772,-0.01866,1.096,0.5215,1.108,0.7554,3.303,0.7144,0.3862,0.0,0.0,-0.834,-1.112,0.6133,1.0,-0.2903,1.21,0.7324,0.699,0.553,0.4854,0.9937,1.204,-0.01258,-0.948,1.229,-0.3176,-0.82,-0.09973,-0.1313,0.0,0.0,-0.1124,0.0,0.2349,0.3928,0.0,0.0,0.0,0.0,0.572,1.0,0.5,0.5,-0.5063,1.123,1.0,0.0,0.5,-1.0,0.0,0.0,0.0,0.6978
-0.1115,-0.111,-0.1116,0.1289,-0.1311,1.772,-0.01866,1.134,-0.4644,0.7627,0.746,-1.556,0.5713,0.3862,-1.0,0.0,-0.562,-0.828,0.4114,0.0,-0.2878,1.738,0.6475,0.71,-0.4678,0.495,0.4517,-1.967,-0.09814,1.204,0.963,-1.517,1.413,-0.10254,-0.1299,0.0,0.0,-0.11053,0.0,0.192,-0.1375,0.0,0.0,0.0,0.0,-0.9707,1.0,0.0,0.0,0.4568,0.2253,0.0,1.0,0.5,-1.0,0.0,0.0,0.0,-1.161
-0.11176,-0.11127,-0.1118,0.2401,-0.2428,1.772,-0.01866,1.107,-0.5356,0.711,0.725,0.3662,0.4285,0.3862,-1.0,0.0,-0.5225,-0.781,0.387,0.0,-0.2854,0.1024,0.533,0.6914,-0.5522,0.488,-0.351,-0.2441,-0.1581,-1.967,-0.9478,1.229,1.543,-0.1052,-0.1278,0.0,0.0,-0.1093,0.0,0.1866,-0.3557,0.0,0.0,0.0,0.0,-0.0993,0.0,-0.5,-0.5,0.4902,0.03754,0.0,2.0,0.5,-1.0,0.0,0.0,0.0,-0.1229
-0.1117,-0.1112,-0.11163,0.1223,-0.1274,0.1244,-0.01866,1.017,-0.4338,0.7383,0.72,-0.1225,0.2856,0.3862,-1.0,0.0,-0.5527,-0.7954,0.4114,0.0,-0.2827,-0.01334,0.3801,0.656,-0.446,0.4902,-0.3218,0.2451,-0.1948,-0.2441,1.204,0.963,-0.2375,-0.10443,-0.1255,0.0,0.0,-0.1083,0.0,0.1917,-0.05215,0.0,0.0,0.0,0.0,0.0676,0.0,0.0,0.0,0.3499,0.11945,1.0,0.0,0.5,-1.0,0.0,0.0,0.0,0.08405
-0.1075,-0.10693,-0.10754,-1.201,1.217,0.3645,-0.01866,1.049,0.9453,1.24,0.7515,-4.6,0.2856,0.3862,0.0,0.0,-0.935,-1.211,0.6133,1.0,-0.2903,2.098,0.2032,0.6045,0.9453,0.4048,-0.435,2.549,-0.1416,0.2451,-1.967,-0.9478,0.07947,-0.0999,-0.1225,0.0,0.0,-0.10516,0.0,0.258,0.5234,0.0,0.0,0.0,0.0,1.72,1.0,0.0,0.5,-0.825,1.522,2.0,0.0,0.5,-1.0,1.0,0.0,4.234,2.129
-0.1057,-0.10516,-0.1057,-0.4392,0.4436,0.3645,-0.01866,1.06,0.1453,0.973,0.756,-0.6846,0.2856,0.3862,0.0,0.0,-0.7344,-0.998,0.4626,0.0,-0.2878,0.695,0.1037,0.539,0.1335,0.4202,-0.1788,-1.468,-0.1727,2.549,-0.244,1.204,-0.3176,-0.1002,-0.11993,0.0,0.0,-0.10315,0.0,0.2253,0.08844,0.0,0.0,0.0,0.0,-0.6646,0.0,0.0,0.0,-0.09863,0.7695,0.0,1.0,0.5,-1.0,0.0,0.0,0.0,-0.781
-0.1039,-0.1034,-0.1038,-0.4521,0.4536,0.3645,-0.01866,0.8906,0.218,0.9844,0.747,0.4492,0.2856,0.3862,0.0,0.0,-0.7583,-0.991,0.4785,0.0,-0.2854,-0.0547,0.02312,0.4595,0.1881,0.425,0.645,0.1584,-0.2178,-1.468,0.245,-1.967,-1.517,-0.0983,-0.1167,0.0,0.0,-0.101,0.0,0.2285,-0.1113,0.0,0.0,0.0,0.0,0.0676,1.0,0.5,0.0,-0.11536,0.775,1.0,0.0,0.5,-1.0,0.0,0.0,0.0,0.0815
-0.0998,-0.0991,-0.0999,-1.15,1.173,0.3645,-0.01866,0.869,1.038,1.271,0.757,2.842,0.2856,0.3862,0.0,0.0,-0.9746,-1.219,0.6133,1.0,-0.2903,1.349,-0.0556,0.3713,1.033,0.387,0.128,1.817,-0.1321,0.1584,2.547,-0.244,1.229,-0.0952,-0.1118,0.0,0.0,-0.0985,0.0,0.2676,0.1902,0.0,0.0,0.0,0.0,0.7114,2.0,0.5,0.5,-0.7026,1.561,2.0,0.0,0.5,-1.0,0.0,0.0,0.0,0.855
-0.09534,-0.0945,-0.0957,-1.243,1.279,0.3645,-0.01866,0.8164,1.213,1.347,0.7715,0.3088,0.2856,0.3862,0.0,0.0,-1.033,-1.271,0.6133,1.0,-0.2903,0.3015,-0.1101,0.2837,1.226,0.3484,-0.2292,0.5366,-0.02199,1.817,-1.468,0.245,0.963,-0.0871,-0.10754,0.0,0.0,-0.09644,0.0,0.2793,0.2484,0.0,0.0,0.0,0.0,0.2603,2.0,0.5,0.5,-0.7896,1.667,3.0,0.0,0.5,-1.0,0.0,0.0,0.0,0.3035
-0.0905,-0.0894,-0.09106,-1.354,1.408,0.3645,-0.01866,0.86,1.39,1.435,0.795,0.2893,0.2856,0.3862,0.0,0.0,-1.092,-1.333,0.6133,1.0,-0.2903,0.2842,-0.1306,0.1876,1.433,0.3076,0.4011,0.608,0.0729,0.5366,0.1584,2.547,-0.9478,-0.0773,-0.1036,0.0,0.0,-0.0928,0.0,0.2927,0.3743,0.0,0.0,0.0,0.0,0.2573,2.0,1.0,1.0,-0.9507,1.731,4.0,0.0,0.5,-1.0,0.0,0.0,0.0,0.2974
-0.08746,-0.0864,-0.088,-0.794,0.838,0.3645,0.08716,0.8433,0.737,1.248,0.824,-0.3328,0.4285,0.3862,0.0,0.0,-0.96,-1.198,0.513,0.0,-0.2878,0.724,-0.1091,0.0901,0.7764,0.339,-0.01906,-0.978,0.0444,0.608,1.816,-1.468,1.203,-0.0699,-0.1004,0.0,0.0,-0.0893,0.0,0.2703,0.4587,0.0,0.0,0.0,0.0,-0.4988,2.0,0.5,1.0,-0.4248,1.167,0.0,1.0,0.5,-1.0,0.0,0.0,0.0,-0.5703
-0.08484,-0.08386,-0.0853,-0.67,0.7104,0.3645,0.08716,0.7554,0.5967,1.22,0.8413,-0.0376,0.4285,0.3862,0.0,0.0,-0.947,-1.167,0.5054,0.0,-0.2854,-0.6123,-0.0729,0.04626,0.629,0.3613,1.124,-0.0765,0.05392,-0.978,0.5366,0.1583,-1.966,-0.06885,-0.0975,0.0,0.0,-0.0868,0.0,0.2683,0.3071,0.0,0.0,0.0,0.0,-0.0256,1.0,0.5,0.5,-0.3518,0.994,0.0,2.0,0.5,-1.0,0.0,0.0,0.0,-0.02979
-0.08167,-0.0807,-0.0821,-0.8506,0.891,0.3645,0.08716,0.5547,0.8135,1.31,0.8555,0.4775,0.4285,0.3862,0.0,0.0,-1.03,-1.218,0.567,0.0,-0.2827,-0.5186,-0.0393,0.0213,0.8613,0.3757,1.443,0.613,0.10846,-0.0765,0.608,1.816,-0.244,-0.06354,-0.0945,0.0,0.0,-0.0849,0.0,0.282,0.2666,0.0,0.0,0.0,0.0,0.105,1.0,1.0,0.5,-0.5415,1.151,1.0,0.0,0.5,-1.0,0.0,0.0,0.0,0.12225
-0.08093,-0.08,-0.08136,-0.05667,0.0874,0.3645,0.08716,0.662,-0.055,1.0205,0.8633,-0.883,0.4285,0.3862,0.0,0.0,-0.806,-0.999,0.4048,0.0,-0.2803,1.602,-0.003937,0.006077,-0.03001,0.3953,1.557,-1.592,0.1084,0.613,-0.9775,0.5366,0.245,-0.0618,-0.09265,0.0,0.0,-0.08405,0.0,0.2458,0.1389,0.0,0.0,0.0,0.0,-0.76,0.0,0.5,0.5,0.2389,0.394,0.0,1.0,0.5,-1.0,0.0,0.0,0.0,-0.876
-0.0805,-0.07965,-0.0809,0.03198,-0.005436,0.3645,0.08716,0.585,-0.148,0.982,0.8594,-1.552,0.2856,0.3862,-1.0,0.0,-0.7837,-0.96,0.3894,0.0,-0.2778,0.2441,0.036,-0.00329,-0.138,0.402,0.05658,-0.1558,0.10645,-1.592,-0.0765,0.608,2.547,-0.06396,-0.0908,0.0,0.0,-0.0833,0.0,0.2422,-0.06,0.0,0.0,0.0,0.0,-0.0693,-1.0,0.0,0.0,0.2306,0.2028,0.0,2.0,0.5,-1.0,0.0,0.0,0.0,-0.08203
-0.0784,-0.0777,-0.0787,-0.4978,0.52,0.3645,0.08716,0.4768,0.3337,1.177,0.8853,-15.97,0.4285,0.3862,0.0,0.0,-0.94,-1.106,0.513,0.0,-0.2751,1.033,0.0826,0.005424,0.3518,0.4258,0.822,1.249,0.1203,-0.1558,0.6123,-0.9775,-1.468,-0.06476,-0.0885,0.0,0.0,-0.0815,0.0,0.2693,0.5024,0.0,0.0,0.0,0.0,0.6743,0.0,0.5,0.5,-0.2173,0.776,1.0,0.0,0.5,-1.0,0.0,0.0,0.0,0.801
-0.07825,-0.0777,-0.0783,0.09906,-0.0948,0.3645,0.08716,0.604,-0.3674,0.9546,0.902,-1.57,0.4285,0.3862,-1.0,0.0,-0.7607,-0.939,0.3894,0.0,-0.2727,0.8745,0.112,0.02448,-0.3516,0.4473,0.851,-1.224,0.05215,1.249,-1.592,-0.0765,0.1583,-0.0693,-0.08673,0.0,0.0,-0.0795,0.0,0.2417,0.2917,0.0,0.0,0.0,0.0,-0.6255,0.0,0.0,0.5,0.409,0.2397,0.0,1.0,0.5,-1.0,0.0,0.0,0.0,-0.7275
-0.07495,-0.0745,-0.0749,-0.8936,0.899,0.3645,0.08716,0.667,0.602,1.33,0.938,-4.074,0.5713,0.3862,0.0,0.0,-1.034,-1.244,0.6133,1.0,-0.2903,1.495,0.1306,0.04965,0.6626,0.4626,-0.0779,2.342,0.0816,-1.224,-0.1558,0.6123,1.816,-0.0671,-0.0845,0.0,0.0,-0.0767,0.0,0.2927,0.5312,0.0,0.0,0.0,0.0,1.176,0.0,0.0,0.5,-0.571,1.17,1.0,0.0,0.5,-1.0,0.0,0.0,0.0,1.396
-0.0719,-0.07153,-0.07184,-0.7944,0.7974,0.3645,0.08716,0.433,0.5415,1.314,0.9443,0.05023,0.5713,0.3862,0.0,0.0,-1.044,-1.21,0.6133,1.0,-0.2903,0.282,0.1567,0.0738,0.5825,0.4792,-0.305,0.0,0.1207,2.342,1.249,-1.591,0.5366,-0.06476,-0.08276,0.0,0.0,-0.0745,0.0,0.2925,0.1603,0.0,0.0,0.0,0.0,0.0,0.0,-0.5,0.0,-0.5527,0.988,0.0,0.0,0.5,-1.0,0.0,0.0,0.0,0.0
-0.0694,-0.0691,-0.0692,-0.643,0.637,0.3645,0.08716,0.358,0.3596,1.273,0.9634,-0.161,0.5713,0.3862,0.0,0.0,-1.021,-1.171,0.598,0.0,-0.2878,-0.2205,0.1854,0.09955,0.4011,0.5015,-0.6035,-0.1503,0.1163,0.0,-1.224,-0.1556,0.6074,-0.06396,-0.0803,0.0,0.0,-0.07184,0.0,0.2888,0.4507,0.0,0.0,0.0,0.0,-0.0858,0.0,-1.0,0.0,-0.4075,0.833,0.0,1.0,0.5,-1.0,0.0,0.0,0.0,-0.098
-0.06757,-0.0674,-0.06726,-0.4412,0.4253,0.3645,0.08716,0.37,0.1202,1.206,0.9785,-0.4102,0.5713,0.3862,0.0,0.0,-0.9717,-1.12,0.5674,0.0,-0.2854,-0.1124,0.1965,0.1342,0.167,0.5195,-0.0611,-0.3013,0.1259,-0.1503,2.342,1.249,-0.9775,-0.06055,-0.0777,0.0,0.0,-0.0702,0.0,0.2817,0.3535,0.0,0.0,0.0,0.0,-0.10284,-1.0,-1.0,-0.5,-0.2888,0.5464,0.0,2.0,0.5,-1.0,0.0,0.0,0.0,-0.1178
-0.068,-0.0678,-0.0677,0.2878,-0.3105,0.3645,0.08716,0.3855,-0.602,0.934,0.9614,-3.225,0.4285,0.3862,-1.0,0.0,-0.7646,-0.9014,0.4128,0.0,-0.2827,0.758,0.1719,0.1537,-0.575,0.5195,0.01456,-1.514,0.03482,-0.3013,0.0,-1.223,-0.0764,-0.0599,-0.0765,0.0,0.0,-0.06824,0.0,0.2473,-0.2893,0.0,0.0,0.0,0.0,-0.8516,-1.0,-1.0,-1.0,0.4539,-0.11786,0.0,3.0,0.5,-1.0,0.0,0.0,0.0,-0.9805
-0.06714,-0.0669,-0.06683,-0.1328,0.11487,0.3645,0.2134,0.358,-0.1393,1.075,0.9478,-0.8994,0.2856,0.3862,-1.0,0.0,-0.875,-1.015,0.5054,0.0,-0.2803,0.3127,0.12164,0.1498,-0.1262,0.519,-0.368,0.932,-0.09686,-1.514,-0.1503,2.342,0.6123,-0.0599,-0.07544,0.0,0.0,-0.0655,0.0,0.2676,-0.2109,0.0,0.0,0.0,0.0,0.379,-1.0,-1.0,-1.0,0.0703,0.3152,1.0,0.0,0.5,-1.0,0.0,0.0,0.0,0.4475
-0.06824,-0.06793,-0.068,0.512,-0.533,0.3645,0.2134,0.554,-0.733,0.831,0.9155,14.88,0.1428,0.3862,-1.0,0.0,-0.6685,-0.8306,0.3665,0.0,-0.2778,1.934,0.04678,0.12213,-0.7397,0.5073,0.4854,-1.377,-0.2344,0.932,-0.3013,0.0,-1.591,-0.06024,-0.075,0.0,0.0,-0.0639,0.0,0.2366,-0.565,0.0,0.0,0.0,0.0,-0.841,-1.0,-1.0,-1.5,0.7017,-0.2979,0.0,1.0,0.5,-1.0,0.0,0.0,0.0,-0.978
-0.0705,-0.07007,-0.0704,0.909,-0.9253,0.209,0.03342,0.586,-1.105,0.665,0.8843,0.8057,0.0,0.3862,-1.0,0.0,-0.5317,-0.691,0.2737,0.0,-0.2751,0.0615,-0.03394,0.08295,-1.052,0.4778,0.5527,-0.9395,-0.1754,-1.377,-1.514,-0.1501,-0.1556,-0.0671,-0.0751,0.0,0.0,-0.0651,0.0,0.2157,-0.5537,0.0,0.0,0.0,0.0,-0.71,-1.0,-1.0,-1.5,1.122,-0.634,0.0,2.0,0.5,-1.0,0.0,1.0,-3.82,-0.845
-0.074,-0.07336,-0.07416,1.36,-1.363,0.209,-0.5386,0.6934,-1.523,0.4744,0.8438,0.605,-0.1428,0.3862,-1.0,0.0,-0.3625,-0.5303,0.1656,0.0,-0.2727,0.0899,-0.1109,0.0347,-1.482,0.457,-0.1788,-1.113,-0.09247,-0.9395,0.9316,-0.3013,1.248,-0.0762,-0.07544,0.0,0.0,-0.06604,0.0,0.1917,-0.6895,0.0,0.0,0.0,0.0,-0.5176,-1.0,-1.5,-1.5,1.57,-1.039,0.0,3.0,0.5,-1.0,0.0,0.0,0.0,-0.6265
-0.0746,-0.07385,-0.07477,0.3472,-0.3352,0.209,-0.5386,0.7925,-0.508,0.784,0.815,-0.648,-0.2856,0.3862,-1.0,0.0,-0.6094,-0.8135,0.3586,0.0,-0.2703,1.306,-0.1831,-0.02551,-0.4907,0.445,0.3088,2.025,-0.10785,-1.113,-1.376,-1.514,-1.223,-0.081,-0.0742,0.0,0.0,-0.06573,0.0,0.2341,-0.442,0.0,0.0,0.0,0.0,0.9795,0.0,-1.0,-1.5,0.621,-0.02065,1.0,0.0,0.5,-1.0,0.0,0.0,0.0,1.207
-0.0761,-0.0754,-0.0763,0.6826,-0.6753,0.209,-0.5386,0.6587,-0.8477,0.645,0.796,1.092,-0.4285,0.3862,-1.0,0.0,-0.509,-0.68,0.2815,0.0,-0.2676,-0.261,-0.2269,-0.09406,-0.779,0.4263,-0.965,-0.7837,-0.06805,2.025,-0.939,0.9316,2.342,-0.0868,-0.074,0.0,0.0,-0.0672,0.0,0.2166,-0.3237,0.0,0.0,0.0,0.0,-0.722,-1.0,-1.5,-1.5,0.9756,-0.3137,0.0,1.0,0.5,-1.0,0.0,0.0,0.0,-0.861
-0.0788,-0.0778,-0.0792,1.077,-1.057,0.209,-0.5386,0.963,-1.238,0.4812,0.7695,0.7275,-0.4285,0.3862,-1.0,0.0,-0.3442,-0.5625,0.1888,0.0,-0.2651,3.135,-0.2585,-0.1632,-1.196,0.419,-1.1455,-0.953,-0.000536,-0.7837,-1.113,-1.376,0.0,-0.0913,-0.0745,0.0,0.0,-0.06976,0.0,0.1958,-0.4316,0.0,0.0,0.0,0.0,-0.5337,-1.0,-1.5,-1.5,1.329,-0.709,0.0,2.0,0.5,-1.0,0.0,0.0,0.0,-0.6445
-0.0795,-0.07855,-0.07996,0.4153,-0.3877,-0.1965,-0.5386,0.919,-0.562,0.6763,0.7427,-0.517,-0.5713,0.3862,-1.0,0.0,-0.5107,-0.7324,0.3125,0.0,-0.2627,1.327,-0.2446,-0.2253,-0.536,0.4067,-1.293,1.291,-0.01875,-0.953,2.025,-0.939,-0.1501,-0.0952,-0.0741,0.0,0.0,-0.07184,0.0,0.2229,-0.4316,0.0,0.0,0.0,0.0,0.565,0.0,-1.0,-1.5,0.6987,-0.05734,1.0,0.0,0.5,-1.0,0.0,0.0,0.0,0.6934
-0.07837,-0.07745,-0.0788,-0.1936,0.2262,-0.04425,-0.5386,0.8267,0.06464,0.883,0.7407,-1.395,-0.4285,0.3862,0.0,0.0,-0.6846,-0.9004,0.4436,0.0,-0.26,0.5386,-0.2134,-0.2676,0.1121,0.4053,-1.28,1.343,-0.0261,1.291,-0.7837,-1.113,-0.301,-0.0936,-0.0736,0.0,0.0,-0.07227,0.0,0.2517,-0.04385,0.0,0.0,0.0,0.0,0.5513,1.0,-0.5,-1.0,0.0657,0.4827,2.0,0.0,0.5,-1.0,0.0,0.0,0.0,0.6626
-0.0782,-0.07745,-0.0784,0.10736,-0.091,-0.04425,-0.5386,0.66,-0.1588,0.77,0.71,-1.221,-0.5713,0.3862,-1.0,0.0,-0.61,-0.7886,0.3818,0.0,-0.2576,-0.386,-0.1686,-0.292,-0.1389,0.3945,-0.507,-0.618,-0.03186,1.343,-0.9526,2.025,-1.514,-0.0915,-0.07245,0.0,0.0,-0.0731,0.0,0.238,-0.534,0.0,0.0,0.0,0.0,-0.094,0.0,-0.5,-1.5,0.3906,0.2152,0.0,1.0,0.5,-1.0,0.0,0.0,0.0,-0.1105
-0.0796,-0.0789,-0.0798,0.637,-0.6313,-0.04425,-0.5386,0.7705,-0.612,0.569,0.6685,11.51,-0.7144,0.3862,-1.0,0.0,-0.4355,-0.623,0.266,0.0,-0.2551,1.027,-0.1193,-0.2988,-0.634,0.3792,-1.027,-1.171,-0.03503,-0.618,1.291,-0.7837,0.9316,-0.0894,-0.0717,0.0,0.0,-0.0752,0.0,0.2122,-0.684,0.0,0.0,0.0,0.0,-0.4128,0.0,-1.0,-1.5,0.953,-0.2487,0.0,2.0,0.5,-1.0,0.0,0.0,0.0,-0.4905
-0.0775,-0.07684,-0.0777,-0.506,0.5225,-0.04425,-0.5386,0.84,0.6484,0.966,0.652,-2.64,-0.7144,0.3862,0.0,0.0,-0.748,-0.9707,0.513,0.0,-0.2524,1.852,-0.0822,-0.2847,0.654,0.364,-0.4016,2.549,-0.0212,-1.171,1.343,-0.9526,-1.376,-0.0863,-0.06995,0.0,0.0,-0.0744,0.0,0.2666,-0.2524,0.0,0.0,0.0,0.0,1.105,1.0,-0.5,-1.0,-0.02722,0.9937,1.0,0.0,0.5,-1.0,0.0,0.0,0.0,1.339
-0.0762,-0.07556,-0.07623,-0.2793,0.2874,-0.04425,-0.5386,0.8765,0.4897,0.8906,0.6343,-0.0849,-0.7144,0.3862,0.0,0.0,-0.6865,-0.912,0.4746,0.0,-0.25,0.11487,-0.0811,-0.265,0.4856,0.3596,0.1827,-0.3818,-0.0171,2.549,-0.618,1.291,-0.939,-0.0824,-0.0698,0.0,0.0,-0.0737,0.0,0.2578,-0.2622,0.0,0.0,0.0,0.0,-0.124,0.0,-0.5,-1.0,0.1311,0.7017,0.0,1.0,0.5,-1.0,0.0,0.0,0.0,-0.144
-0.0743,-0.07367,-0.0744,-0.4346,0.4485,-0.04425,-0.5386,0.827,0.681,0.955,0.636,0.49,-0.5713,0.3862,0.0,0.0,-0.7407,-0.9604,0.521,0.0,-0.2474,0.5137,-0.1146,-0.2446,0.6763,0.3672,0.8804,0.4612,-0.01353,-0.3818,-1.171,1.343,-1.113,-0.0757,-0.0687,0.0,0.0,-0.0736,0.0,0.2678,0.01826,0.0,0.0,0.0,0.0,0.279,0.0,0.0,-0.5,-0.04498,0.828,1.0,0.0,0.5,-1.0,0.0,0.0,0.0,0.3264
-0.07306,-0.0724,-0.0732,-0.2449,0.257,-0.04425,-0.5386,0.897,0.5327,0.892,0.626,-0.0611,-0.4285,0.3862,0.0,0.0,-0.6855,-0.915,0.49,0.0,-0.245,1.039,-0.1827,-0.2284,0.4866,0.3748,0.02296,-0.3052,-0.008316,0.4612,2.547,-0.6177,2.025,-0.0721,-0.0679,0.0,0.0,-0.0728,0.0,0.2607,-0.1606,0.0,0.0,0.0,0.0,-0.1957,0.0,-0.5,-1.0,0.0788,0.5796,0.0,1.0,0.5,-1.0,0.0,0.0,0.0,-0.227
-0.0718,-0.07117,-0.0719,-0.24,0.251,-0.04425,-0.5386,0.7188,0.5234,0.893,0.6304,0.1273,-0.2856,0.3862,0.0,0.0,-0.7026,-0.899,0.4978,0.0,-0.2424,-0.09717,-0.2693,-0.2186,0.5034,0.3792,0.5146,0.07666,-0.04614,-0.3052,-0.3818,-1.171,-0.783,-0.071,-0.0679,0.0,0.0,-0.07367,0.0,0.2622,0.07837,0.0,0.0,0.0,0.0,0.03604,1.0,0.0,-0.5,0.03885,0.5254,1.0,0.0,0.5,-1.0,0.0,0.0,0.0,0.04202
-0.0713,-0.0707,-0.0714,-0.0004177,0.00802,-0.04425,-0.5386,0.7397,0.2296,0.805,0.6396,-0.362,-0.1428,0.3862,0.0,0.0,-0.6313,-0.8267,0.4514,0.0,-0.2399,0.64,-0.339,-0.2222,0.1787,0.3992,1.137,-0.4595,-0.0957,0.07666,0.4612,2.547,-0.9526,-0.0696,-0.0683,0.0,0.0,-0.0748,0.0,0.2515,0.1648,0.0,0.0,0.0,0.0,-0.3823,0.0,0.0,-0.5,0.2345,0.2532,0.0,1.0,0.5,-1.0,0.0,0.0,0.0,-0.4453
-0.0719,-0.0714,-0.07184,0.3538,-0.3594,-0.04425,-0.5386,0.804,-0.227,0.6675,0.652,-1.31,-0.1428,0.3862,-1.0,0.0,-0.514,-0.714,0.3743,0.0,-0.2374,0.3516,-0.3882,-0.2406,-0.259,0.4119,0.6074,-0.7715,-0.1475,-0.4595,-0.3052,-0.3818,1.291,-0.06744,-0.0694,0.0,0.0,-0.0764,0.0,0.2343,0.2258,0.0,0.0,0.0,0.0,-0.4058,0.0,-0.5,-0.5,0.5146,-0.1671,0.0,2.0,0.5,-1.0,0.0,0.0,0.0,-0.4763
-0.07275,-0.0723,-0.0727,0.4385,-0.4475,-0.04425,-0.5386,0.693,-0.3389,0.6177,0.6426,1.24,-0.1428,0.3862,-1.0,0.0,-0.4832,-0.659,0.351,0.0,-0.2349,0.253,-0.4265,-0.276,-0.376,0.4126,-0.0737,-0.2345,-0.1913,-0.7715,0.07666,0.461,1.343,-0.0707,-0.0701,0.0,0.0,-0.07794,0.0,0.2288,-0.153,0.0,0.0,0.0,0.0,-0.1512,-1.0,-1.0,-1.0,0.568,-0.2827,0.0,3.0,0.5,-1.0,0.0,0.0,0.0,-0.1799
-0.0746,-0.0741,-0.0746,0.768,-0.7773,-0.04425,-0.5386,0.8623,-0.7183,0.481,0.634,2.002,-0.1428,0.3862,-1.0,0.0,-0.353,-0.5522,0.2737,0.0,-0.2323,1.238,-0.439,-0.32,-0.762,0.4146,0.2122,-0.7847,-0.1774,-0.2345,-0.4592,-0.305,-0.6177,-0.07477,-0.0712,0.0,0.0,-0.079,0.0,0.2114,-0.153,0.0,0.0,0.0,0.0,-0.5195,-1.0,-1.0,-1.0,0.8716,-0.615,0.0,4.0,0.5,-0.5,0.0,0.0,0.0,-0.62
-0.07697,-0.0766,-0.07684,0.959,-0.979,-0.04425,-0.5386,0.6104,-0.9966,0.3823,0.629,0.6484,-0.1428,0.3862,-1.0,0.0,-0.2908,-0.4375,0.2197,0.0,-0.2299,-0.03244,-0.4485,-0.3755,-0.9937,0.4075,0.7837,-0.5566,-0.1735,-0.7847,-0.7715,0.07666,-1.171,-0.0809,-0.0728,0.0,0.0,-0.081,0.0,0.1992,-0.0733,0.0,0.0,0.0,0.0,-0.3154,-2.0,-1.0,-1.0,1.0205,-0.8477,0.0,5.0,0.5,0.0,0.0,0.0,0.0,-0.3816
-0.0766,-0.07623,-0.0765,0.03604,-0.04352,-0.04425,-0.5386,0.7056,-0.1124,0.673,0.629,-0.957,0.0,0.3862,0.0,0.0,-0.5273,-0.709,0.405,0.0,-0.2273,3.135,-0.4492,-0.4348,-0.0781,0.4055,-0.5864,1.927,-0.1709,-0.5566,-0.2345,-0.4592,2.547,-0.0826,-0.0728,0.0,0.0,-0.08075,0.0,0.2399,0.0447,0.0,0.0,0.0,0.0,1.296,-1.0,-1.0,-1.0,0.1743,0.0993,1.0,0.0,-0.5,0.0,0.0,0.0,0.0,1.582
-0.07733,-0.0769,-0.0772,0.3943,-0.405,-0.04425,-0.5386,0.741,-0.4536,0.5356,0.609,-17.1,-0.1428,0.3862,-1.0,0.0,-0.4104,-0.5903,0.328,0.0,-0.2247,0.5776,-0.4521,-0.4753,-0.4238,0.399,-0.435,-0.778,-0.1804,1.927,-0.7847,-0.7715,-0.3816,-0.086,-0.07306,0.0,0.0,-0.0803,0.0,0.2224,-0.3765,0.0,0.0,0.0,0.0,-0.5527,-1.0,-1.0,-1.5,0.522,-0.2457,0.0,1.0,-0.5,0.0,0.0,0.0,0.0,-0.654
-0.0777,-0.0772,-0.07764,0.2678,-0.2747,-0.04425,-0.219,0.815,-0.3281,0.5625,0.5977,-0.2637,-0.1428,0.3862,-1.0,0.0,-0.4263,-0.622,0.351,0.0,-0.2222,0.57,-0.452,-0.504,-0.2964,0.3958,-0.767,0.2363,-0.2423,-0.778,-0.5566,-0.2344,0.461,-0.088,-0.0738,0.0,0.0,-0.07904,0.0,0.2273,-0.2036,0.0,0.0,0.0,0.0,0.1445,0.0,-1.0,-1.0,0.3518,-0.1726,1.0,0.0,-0.5,0.0,0.0,0.0,0.0,0.1732
-0.0801,-0.0796,-0.0801,0.974,-0.9844,-0.04425,-0.219,0.8623,-1.068,0.3027,0.584,3.957,-0.1428,0.3862,-1.0,0.0,-0.1981,-0.3867,0.1965,0.0,-0.2197,0.407,-0.4548,-0.5264,-1.02,0.3887,-0.6914,-1.569,-0.1967,0.2363,1.926,-0.7847,-0.305,-0.0916,-0.0747,0.0,0.0,-0.0802,0.0,0.1929,-0.281,0.0,0.0,0.0,0.0,-0.862,0.0,-1.0,-1.0,0.9688,-0.925,0.0,1.0,-0.5,0.0,0.0,0.0,0.0,-1.029
-0.0814,-0.08093,-0.0814,0.6055,-0.6143,-0.04425,-0.219,0.7363,-0.6743,0.3945,0.5522,-0.3108,-0.2856,0.3862,-1.0,0.0,-0.29,-0.461,0.2583,0.0,-0.2172,0.924,-0.4663,-0.534,-0.659,0.3765,-0.893,0.645,-0.1903,-1.569,-0.7773,-0.5566,0.0766,-0.0935,-0.0764,0.0,0.0,-0.0803,0.0,0.2063,-0.7715,0.0,0.0,0.0,0.0,0.3567,1.0,-1.0,-1.0,0.6353,-0.5454,1.0,0.0,-0.5,0.0,0.0,0.0,0.0,0.4373
-0.0858,-0.085,-0.0861,1.692,-1.688,-0.04425,-0.219,1.05,-1.675,0.01114,0.5024,2.105,-0.4285,0.3862,-1.0,0.0,0.085,-0.1198,0.02669,0.0,-0.2146,2.475,-0.4543,-0.5254,-1.687,0.3518,-0.7715,-2.393,-0.08057,0.645,0.2363,1.926,-0.4592,-0.0985,-0.07916,0.0,0.0,-0.0815,0.0,0.1548,-1.056,0.0,1.0,0.0,0.0,-1.559,0.0,-1.0,-1.0,1.757,-1.497,0.0,1.0,-0.5,0.0,0.0,0.0,0.0,-1.89
-0.091,-0.08997,-0.09155,2.027,-2.008,-0.04425,-0.518,1.112,-1.941,-0.1455,0.4392,0.3303,-0.5713,0.3862,-1.0,0.0,0.241,0.03513,-0.066,0.0,-0.2122,0.8364,-0.327,-0.4575,-1.8955,0.2969,-0.5825,-0.9966,0.1063,-2.393,-1.569,-0.7773,-0.7715,-0.10425,-0.08234,0.0,0.0,-0.0842,0.0,0.1338,-1.291,0.0,1.0,0.0,0.0,-0.927,0.0,-1.0,-1.5,2.105,-1.777,0.0,2.0,-0.5,0.0,0.0,0.0,0.0,-1.171
-0.0971,-0.09576,-0.09796,2.389,-2.35,-0.0891,-1.082,1.171,-2.229,-0.3142,0.3691,0.315,-0.7144,0.3862,-1.0,0.0,0.414,0.2092,-0.1664,0.0,-0.2096,1.342,-0.11115,-0.3333,-2.086,0.2316,-0.696,-1.098,0.3076,-0.9966,0.6445,0.2363,-0.2344,-0.11584,-0.0859,0.0,0.0,-0.08856,0.0,0.1112,-1.3545,0.0,1.0,0.0,0.0,-1.071,-1.0,-1.0,-1.5,2.496,-2.059,0.0,3.0,-0.5,0.0,0.0,0.0,0.0,-1.377
-0.09906,-0.0976,-0.1,0.8545,-0.7983,0.1076,-1.082,1.297,-0.7534,0.10394,0.3232,-0.6226,-0.857,0.3862,-1.0,0.0,0.02048,-0.2362,0.0962,0.0,-0.207,2.758,0.0842,-0.2129,-0.6113,0.1967,-0.557,2.549,0.3357,-1.098,-2.393,-1.569,-0.7847,-0.1205,-0.0874,0.0,0.0,-0.09064,0.0,0.1688,-0.7524,0.0,0.0,0.0,0.0,2.973,0.0,-0.5,-1.5,1.158,-0.4124,1.0,0.0,-0.5,0.0,0.0,0.0,0.0,3.89
-0.10046,-0.0991,-0.1013,0.6787,-0.6245,0.2358,-1.082,1.392,-0.516,0.1327,0.2832,-0.265,-1.0,0.3862,-1.0,0.0,0.002464,-0.2734,0.1193,0.0,-0.2046,1.971,0.2559,-0.0954,-0.3435,0.1659,-0.3596,0.2461,0.3582,2.549,-0.9966,0.6445,-0.5566,-0.1252,-0.08923,0.0,0.0,-0.0917,0.0,0.1735,-0.6543,0.0,0.0,0.0,0.0,0.212,0.0,0.0,-1.0,0.9634,-0.2725,2.0,0.0,-0.5,0.0,0.0,0.0,0.0,0.2646
-0.1013,-0.10004,-0.10205,0.464,-0.415,0.4275,-1.082,1.321,-0.258,0.1799,0.2542,-0.5625,-1.0,0.3862,-1.0,0.0,-0.0469,-0.313,0.154,0.0,-0.202,-0.1255,0.3772,0.00368,-0.10785,0.154,-1.423,0.3677,0.3257,0.2461,-1.098,-2.39,1.926,-0.1261,-0.0903,0.0,0.0,-0.09424,0.0,0.1809,-0.4902,0.0,0.0,0.0,0.0,0.25,1.0,0.0,-0.5,0.769,-0.05753,3.0,0.0,-0.5,0.0,0.0,0.0,0.0,0.3108
-0.1014,-0.1001,-0.1021,0.204,-0.1523,0.7026,-1.082,1.4375,0.05365,0.251,0.2314,-2.248,-0.857,0.3862,0.0,0.0,-0.10065,-0.3926,0.2042,0.0,-0.1995,1.921,0.4636,0.09033,0.2058,0.1426,-1.14,0.528,0.2913,0.3677,2.547,-0.9966,-0.7773,-0.1272,-0.0906,0.0,0.0,-0.0962,0.0,0.1917,-0.3682,0.0,0.0,0.0,0.0,0.3118,2.0,0.5,0.0,0.5063,0.182,4.0,0.0,-0.5,0.0,0.0,0.0,0.0,0.385
-0.1025,-0.1012,-0.1032,0.563,-0.5146,0.7026,-1.082,1.523,-0.2898,0.11566,0.2085,-2.09,-0.857,0.3862,-1.0,0.0,0.02997,-0.2693,0.1271,0.0,-0.197,1.747,0.5127,0.1627,-0.1542,0.1356,-1.333,-0.8047,0.238,0.528,0.2461,-1.098,0.2362,-0.1251,-0.09076,0.0,0.0,-0.099,0.0,0.1743,-0.3682,0.0,0.0,0.0,0.0,-0.5674,2.0,0.0,0.0,0.8623,-0.1558,0.0,1.0,-0.5,0.0,0.0,0.0,0.0,-0.695
-0.1029,-0.1016,-0.1037,0.346,-0.295,0.7026,-1.082,1.548,-0.07104,0.1687,0.1957,-1.23,-0.7144,0.3862,0.0,0.0,-0.01645,-0.3237,0.1656,0.0,-0.1945,0.6353,0.5327,0.2212,0.0689,0.1305,-0.614,0.408,0.1792,-0.8047,0.3677,2.547,-1.569,-0.1204,-0.0917,0.0,0.0,-0.1013,0.0,0.1825,-0.2234,0.0,0.0,0.0,0.0,0.2316,2.0,0.5,0.5,0.5747,-0.02931,1.0,0.0,-0.5,0.0,0.0,0.0,0.0,0.2874
-0.10254,-0.1015,-0.103,0.0358,-0.00126,0.7026,-1.082,1.25,0.3137,0.2576,0.1694,9.72,-0.7144,0.3862,0.0,0.0,-0.12317,-0.3809,0.2274,0.0,-0.1919,0.505,0.5215,0.2683,0.4175,0.12415,-0.967,0.6484,0.101,0.408,0.528,0.246,0.6445,-0.1125,-0.0919,0.0,0.0,-0.1032,0.0,0.1958,-0.447,0.0,0.0,0.0,0.0,0.5244,2.0,0.5,0.5,0.2803,0.257,2.0,0.0,-0.5,0.0,0.0,0.0,0.0,0.6465
-0.1038,-0.1029,-0.10425,0.6226,-0.6,0.7026,-1.082,1.332,-0.2423,0.0486,0.1393,-1.279,-0.7144,0.3862,-1.0,0.0,0.0751,-0.1844,0.1039,0.0,-0.1895,0.768,0.4885,0.3025,-0.1503,0.11096,0.2773,-1.282,0.04266,0.6484,-0.8047,0.3674,-2.39,-0.1123,-0.09235,0.0,0.0,-0.1057,0.0,0.1682,-0.514,0.0,0.0,0.0,0.0,-0.7,1.0,0.5,0.5,0.898,-0.2625,0.0,1.0,-0.5,0.0,0.0,0.0,0.0,-0.8535
-0.1047,-0.10394,-0.1049,0.4634,-0.4521,0.7026,-1.082,1.289,-0.03918,0.0757,0.10876,-1.608,-0.5713,0.3862,0.0,0.0,0.04596,-0.2074,0.1271,0.0,-0.1869,0.3198,0.4236,0.323,0.03317,0.09814,0.8237,0.2457,0.005413,-1.282,0.408,0.528,-0.996,-0.1122,-0.0932,0.0,0.0,-0.1075,0.0,0.1731,-0.514,0.0,0.0,0.0,0.0,0.1396,1.0,1.0,0.5,0.6807,-0.1902,1.0,0.0,-0.5,0.0,0.0,0.0,0.0,0.174
-0.1066,-0.1059,-0.1069,0.8413,-0.8345,0.7026,-1.082,1.349,-0.4238,-0.07025,0.0857,-5.41,-0.5713,0.3862,-1.0,0.0,0.1893,-0.06555,0.0421,0.0,-0.1843,0.904,0.3208,0.3315,-0.358,0.08887,1.476,-0.8975,-0.014854,0.2457,0.648,-0.8047,-1.098,-0.11444,-0.09515,0.0,0.0,-0.1097,0.0,0.1542,-0.4116,0.0,0.0,0.0,0.0,-0.419,1.0,1.0,0.5,1.055,-0.5474,0.0,1.0,-0.5,0.0,0.0,0.0,0.0,-0.5195
-0.10974,-0.1091,-0.11,1.271,-1.271,0.7026,-1.082,1.351,-0.8315,-0.24,0.0471,1.592,-0.5713,0.3862,-1.0,0.0,0.3555,0.1121,-0.05826,0.0,-0.1818,0.3794,0.1797,0.3286,-0.8105,0.0755,0.1595,-1.077,0.01752,-0.8975,-1.282,0.4077,2.547,-0.11975,-0.0972,0.0,0.0,-0.11206,0.0,0.1317,-0.6826,0.0,0.0,0.0,0.0,-0.4326,0.0,0.5,0.0,1.393,-1.052,0.0,2.0,-0.5,0.0,0.0,0.0,0.0,-0.545
-0.11145,-0.1108,-0.11163,0.7456,-0.743,0.7026,-1.082,1.159,-0.3877,-0.11334,0.0391,-0.5366,-0.5713,0.3862,-1.0,0.0,0.2139,-0.00293,0.02669,0.0,-0.1793,0.91,0.0005975,0.3135,-0.3455,0.0704,-0.0506,0.9277,0.02386,-1.077,0.2457,0.648,0.246,-0.12177,-0.0984,0.0,0.0,-0.11346,0.0,0.1504,-0.1375,0.0,0.0,0.0,0.0,0.3655,0.0,0.5,0.5,0.892,-0.5366,1.0,0.0,-0.5,0.0,0.0,0.0,0.0,0.4688
-0.1115,-0.1109,-0.1116,0.1732,-0.1705,0.7026,-1.082,1.069,0.102,0.0486,0.04974,-1.828,-0.4285,0.3862,0.0,0.0,0.05157,-0.1593,0.1348,0.0,-0.1768,0.427,-0.1652,0.275,0.152,0.0825,-0.2903,1.163,-0.06494,0.9277,-0.8975,-1.282,0.3674,-0.1224,-0.1002,0.0,0.0,-0.11536,0.0,0.1741,0.247,0.0,0.0,0.0,0.0,0.5107,1.0,0.5,1.0,0.356,0.03128,2.0,0.0,-0.5,0.0,0.0,0.0,0.0,0.6455
-0.113,-0.1127,-0.11285,0.677,-0.698,0.7026,-1.082,1.119,-0.5327,-0.1344,0.06058,-3.062,-0.4285,0.3862,-1.0,0.0,0.2307,0.02274,0.02669,0.0,-0.1742,1.134,-0.272,0.2128,-0.5327,0.1081,-0.5737,-1.141,-0.11395,1.163,-1.076,0.2457,0.5273,-0.1265,-0.10236,0.0,0.0,-0.11755,0.0,0.15,0.2297,0.0,0.0,0.0,0.0,-0.405,0.0,0.0,1.0,0.757,-0.569,0.0,1.0,-0.5,0.0,0.0,0.0,0.0,-0.502
-0.1111,-0.11066,-0.111,-0.481,0.4775,0.7026,-1.082,0.8945,0.648,0.2373,0.06854,-2.959,-0.2856,0.3862,0.0,0.0,-0.137,-0.3276,0.266,0.0,-0.1718,1.456,-0.3467,0.1276,0.609,0.1254,-0.2502,2.549,-0.1608,-1.141,0.9277,-0.897,-0.8047,-0.12317,-0.1036,0.0,0.0,-0.11816,0.0,0.2026,0.1921,0.0,0.0,0.0,0.0,1.647,1.0,0.5,1.0,-0.2257,0.7075,1.0,0.0,-0.5,0.0,0.0,0.0,0.0,2.082
-0.1127,-0.1122,-0.1126,0.6934,-0.707,0.7026,-1.082,1.05,-0.561,-0.1537,0.052,-1.595,-0.2856,0.3862,-1.0,0.0,0.2434,0.04962,0.02669,0.0,-0.1692,2.363,-0.3826,0.02248,-0.6343,0.1287,-0.3848,-2.469,-0.168,2.549,1.163,-1.076,0.4077,-0.1252,-0.1058,0.0,0.0,-0.1194,0.0,0.1494,-0.289,0.0,0.0,0.0,0.0,-1.531,1.0,0.0,0.5,1.006,-0.3242,0.0,1.0,-0.5,0.0,0.0,0.0,0.0,-1.8545
-0.11237,-0.1119,-0.11237,0.0586,-0.0626,0.7026,-1.082,1.119,0.08264,0.03326,0.04327,-1.44,-0.1428,0.3862,0.0,0.0,0.07043,-0.1487,0.1503,0.0,-0.1666,1.406,-0.409,-0.1037,0.01808,0.1249,-0.797,1.329,-0.2037,-2.469,-1.141,0.9272,0.648,-0.123,-0.1074,0.0,0.0,-0.1201,0.0,0.1764,-0.1434,0.0,0.0,0.0,0.0,0.9106,1.0,0.0,0.5,0.4385,0.345,1.0,0.0,-0.5,0.0,0.0,0.0,0.0,1.15
-0.1121,-0.11163,-0.112,0.0661,-0.0737,0.7026,-1.082,1.042,0.10284,0.02267,0.02917,0.2551,-0.1428,0.3862,0.0,0.0,0.0734,-0.1306,0.1503,0.0,-0.1642,1.078,-0.4243,-0.2476,0.02406,0.12366,-0.1661,0.0,-0.2042,1.329,2.547,1.162,-1.282,-0.1188,-0.1089,0.0,0.0,-0.11926,0.0,0.1761,-0.2234,0.0,0.0,0.0,0.0,0.0,0.0,0.0,0.0,0.4045,0.2893,0.0,0.0,-0.5,0.0,0.0,0.0,0.0,0.0
-0.10974,-0.1092,-0.1098,-0.618,0.626,0.7026,-1.082,0.904,0.838,0.2559,0.03656,3.842,0.0,0.3862,0.0,0.0,-0.1527,-0.3462,0.3047,0.0,-0.1616,1.012,-0.43,-0.369,0.787,0.1293,-0.267,1.625,-0.1857,0.0,-2.469,-1.141,0.2456,-0.11316,-0.1092,0.0,0.0,-0.1166,0.0,0.21,0.1304,0.0,0.0,0.0,0.0,0.9385,1.0,0.0,0.5,-0.1921,1.031,1.0,0.0,-0.5,0.0,0.0,0.0,0.0,1.16
-0.1077,-0.1071,-0.10785,-0.508,0.5195,0.7026,-0.04504,0.8696,0.7476,0.2313,0.0397,0.0392,0.0,0.3862,0.0,0.0,-0.1339,-0.3193,0.2969,0.0,-0.159,0.1621,-0.423,-0.4355,0.7036,0.1378,0.292,-0.0791,-0.2678,1.625,1.329,2.547,-0.897,-0.10986,-0.10944,0.0,0.0,-0.1133,0.0,0.208,0.06464,0.0,0.0,0.0,0.0,-0.03308,0.0,0.0,0.0,-0.1199,0.892,0.0,1.0,-0.5,0.0,0.0,0.0,0.0,-0.0398
-0.10834,-0.1077,-0.10846,0.368,-0.3635,0.7026,-0.04504,1.137,-0.1323,-0.06027,0.02089,-0.9756,-0.1428,0.3862,-1.0,0.0,0.1606,-0.05548,0.1193,0.0,-0.1566,2.521,-0.4138,-0.4758,-0.1993,0.1367,0.977,-1.822,-0.27,-0.0791,0.0,-2.467,-1.076,-0.10803,-0.1102,0.0,0.0,-0.1131,0.0,0.1686,-0.2917,0.0,0.0,0.0,0.0,-0.944,0.0,0.0,-0.5,0.746,0.06604,0.0,2.0,-0.5,0.0,0.0,0.0,0.0,-1.137
-0.10803,-0.10736,-0.1082,0.0615,-0.0522,0.7026,-0.04504,1.151,0.1593,0.02727,0.01991,-17.1,0.0,0.3862,0.0,0.0,0.07886,-0.1458,0.1812,0.0,-0.154,1.282,-0.403,-0.492,0.1191,0.1362,0.6113,0.654,-0.2673,-1.822,1.625,1.328,0.9272,-0.10974,-0.1104,0.0,0.0,-0.1127,0.0,0.1819,-0.02283,0.0,0.0,0.0,0.0,0.457,0.0,0.0,0.0,0.4731,0.3901,1.0,0.0,-0.5,0.0,0.0,0.0,0.0,0.568
-0.10767,-0.10693,-0.1079,0.03812,-0.02344,0.7026,-0.04504,1.33,0.1761,0.02953,0.01776,0.2106,0.0,0.3862,0.0,0.0,0.09283,-0.1652,0.1888,0.0,-0.1515,2.363,-0.3972,-0.5005,0.1526,0.1375,0.10706,0.0808,-0.2637,0.654,-0.0791,0.0,1.162,-0.10645,-0.11145,0.0,0.0,-0.1124,0.0,0.1833,-0.04483,0.0,0.0,0.0,0.0,0.05133,1.0,0.0,0.0,0.4058,0.3691,2.0,0.0,-0.5,0.0,0.0,0.0,0.0,0.0631
-0.108,-0.1073,-0.10815,0.2634,-0.2542,-0.07526,-0.04504,1.328,-0.1009,-0.05322,0.01979,-0.9,0.1428,0.3862,0.0,0.0,0.1711,-0.08105,0.1425,0.0,-0.149,0.315,-0.4,-0.501,-0.1019,0.141,0.725,-0.4841,-0.2708,0.0808,-1.821,1.624,-1.14,-0.1066,-0.1123,0.0,0.0,-0.11285,0.0,0.1729,0.01709,0.0,0.0,0.0,0.0,-0.2532,0.0,0.0,0.0,0.593,0.11444,0.0,1.0,-0.5,0.0,0.0,0.0,0.0,-0.3108
-0.10834,-0.1078,-0.10834,0.284,-0.2874,-0.07526,-0.04504,1.284,-0.2119,-0.07526,0.03067,-8.4,0.1428,0.3862,-1.0,0.0,0.1882,-0.05423,0.1348,0.0,-0.1465,-0.2306,-0.4219,-0.4949,-0.1826,0.1493,-0.515,-0.08136,-0.271,-0.4841,0.6533,-0.0791,2.547,-0.10693,-0.11334,0.0,0.0,-0.1128,0.0,0.1708,0.1799,0.0,0.0,0.0,0.0,-0.05304,0.0,-0.5,0.0,0.576,0.04227,0.0,2.0,-0.5,0.0,0.0,0.0,0.0,-0.0656
-0.1068,-0.10626,-0.1068,-0.3633,0.3667,-0.07526,-0.04504,1.281,0.4126,0.134,0.04678,-6.934,0.2856,0.3862,0.0,0.0,-0.00858,-0.2644,0.2737,0.0,-0.1439,1.666,-0.461,-0.4802,0.464,0.1616,0.7163,1.467,-0.2432,-0.08136,0.0808,-1.821,-2.467,-0.10754,-0.113,0.0,0.0,-0.11206,0.0,0.2012,0.2534,0.0,0.0,0.0,0.0,1.032,1.0,0.0,0.0,-0.02534,0.696,1.0,0.0,-0.5,0.0,0.0,0.0,0.0,1.279
-0.10297,-0.1021,-0.1033,-1.074,1.105,0.3005,-0.04504,1.276,1.204,0.4026,0.0689,1.789,0.2856,0.3862,0.0,0.0,-0.2485,-0.52,0.4514,0.0,-0.1414,1.366,-0.4412,-0.44,1.199,0.1945,0.1785,1.829,-0.12103,1.467,-0.4841,0.6533,1.328,-0.10443,-0.11206,0.0,0.0,-0.1105,0.0,0.24,0.3398,0.0,0.0,0.0,0.0,2.033,1.0,0.0,0.0,-0.679,1.44,2.0,0.0,-0.5,0.0,0.0,0.0,0.0,2.459
-0.0978,-0.09674,-0.0984,-1.458,1.512,0.944,-0.04504,1.191,1.625,0.584,0.11304,0.4924,0.4285,0.3862,0.0,0.0,-0.4106,-0.6772,0.5747,0.0,-0.1389,0.191,-0.3303,-0.371,1.618,0.234,0.3423,1.234,0.06757,1.829,-0.08136,0.0808,0.0,-0.0952,-0.10944,0.0,0.0,-0.10706,0.0,0.2668,0.6807,0.0,0.0,0.0,0.0,1.065,1.0,0.5,0.5,-1.118,1.758,3.0,0.0,-0.5,0.0,1.0,0.0,4.234,1.25
-0.0923,-0.09094,-0.09314,-1.544,1.616,1.26,-0.04504,0.998,1.796,0.6685,0.1398,0.2507,0.4285,0.3862,0.0,0.0,-0.4976,-0.733,0.6133,1.0,-0.2903,-0.1273,-0.2058,-0.297,1.78,0.2402,-0.267,0.605,0.2507,1.234,1.466,-0.4841,1.624,-0.086,-0.1061,0.0,0.0,-0.10345,0.0,0.2803,0.4897,0.0,0.0,0.0,0.0,0.4084,2.0,0.5,0.5,-1.303,1.748,4.0,0.0,-0.5,0.0,0.0,0.0,0.0,0.4695
-0.08777,-0.0864,-0.08856,-1.255,1.322,1.26,-0.04504,0.833,1.419,0.607,0.1868,-0.07336,0.5713,0.3862,0.0,0.0,-0.4614,-0.663,0.5825,0.0,-0.2878,-0.01953,-0.07104,-0.2161,1.451,0.274,-0.04428,-0.2993,0.3494,0.605,1.829,-0.08136,-0.07904,-0.0776,-0.10236,0.0,0.0,-0.0994,0.0,0.273,1.024,1.0,0.0,0.0,0.0,-0.2054,2.0,0.5,0.5,-1.078,1.407,0.0,1.0,-0.5,0.0,0.0,0.0,0.0,-0.2338
-0.0836,-0.0823,-0.0844,-1.117,1.184,1.26,-0.04504,0.6978,1.247,0.5938,0.2217,0.02052,0.5713,0.3862,0.0,0.0,-0.4626,-0.638,0.5825,0.0,-0.2854,-0.3232,0.06665,-0.1334,1.272,0.309,1.091,0.0,0.3757,-0.2993,1.234,1.466,-1.821,-0.0682,-0.1,0.0,0.0,-0.09467,0.0,0.2727,0.89,1.0,0.0,0.0,0.0,0.0,1.0,0.5,0.0,-0.9507,1.269,0.0,0.0,-0.5,0.0,0.0,0.0,0.0,0.0
-0.0783,-0.0769,-0.0792,-1.458,1.534,1.26,-0.04504,0.5854,1.61,0.7607,0.267,0.4353,0.5713,0.3862,0.0,0.0,-0.6094,-0.7734,0.6133,1.0,-0.2903,0.05356,0.2196,-0.03897,1.614,0.2722,1.02,1.128,0.4705,0.0,0.6045,1.828,0.6533,-0.05634,-0.09705,0.0,0.0,-0.08966,0.0,0.2979,1.018,1.0,0.0,0.0,0.0,0.9673,1.0,0.5,0.5,-1.299,1.584,1.0,0.0,-0.5,0.0,0.0,0.0,0.0,1.106
-0.0749,-0.0734,-0.0758,-0.893,0.9663,1.26,-0.04504,0.583,0.9956,0.59,0.2876,-0.2479,0.5713,0.3862,0.0,0.0,-0.47,-0.624,0.5146,0.0,-0.2878,0.3806,0.3462,0.04767,1.013,0.2937,1.271,-0.96,0.5156,1.128,-0.2993,1.234,0.08075,-0.04932,-0.09485,0.0,0.0,-0.0862,0.0,0.2754,0.535,0.0,0.0,0.0,0.0,-0.4634,0.0,0.0,0.0,-0.72,1.074,0.0,1.0,-0.5,0.0,0.0,0.0,0.0,-0.5205
-0.0703,-0.0686,-0.0715,-1.223,1.3125,1.26,-0.04504,0.679,1.37,0.744,0.319,0.5127,0.5713,0.3862,0.0,0.0,-0.588,-0.7686,0.6133,1.0,-0.2903,1.639,0.459,0.1376,1.414,0.3113,1.759,1.051,0.551,-0.96,0.0,0.6045,-0.484,-0.04367,-0.09235,0.0,0.0,-0.0812,0.0,0.299,0.7017,0.0,0.0,0.0,0.0,0.6636,0.0,0.5,0.5,-1.076,1.366,1.0,0.0,-0.5,0.0,0.0,0.0,0.0,0.7573
-0.0659,-0.06445,-0.0669,-1.156,1.232,1.26,-0.04504,0.4524,1.216,0.7534,0.3694,0.02934,0.7144,0.3862,0.0,0.0,-0.615,-0.7544,0.6133,1.0,-0.2903,-0.348,0.5557,0.2301,1.343,0.3254,2.121,0.1475,0.635,1.051,1.128,-0.2993,-0.0813,-0.04025,-0.08936,0.0,0.0,-0.07776,0.0,0.3022,1.273,1.0,0.0,0.0,0.0,0.07837,1.0,1.0,1.0,-1.032,1.266,2.0,0.0,-0.5,0.0,0.0,0.0,0.0,0.0879
-0.0645,-0.0632,-0.06537,-0.2634,0.3254,1.26,0.2466,0.5728,0.1772,0.4512,0.396,-0.713,0.7144,0.3862,0.0,0.0,-0.3535,-0.4976,0.4321,0.0,-0.2878,1.113,0.637,0.3223,0.2864,0.3574,1.695,-1.766,0.563,0.1475,-0.9595,0.0,1.466,-0.0418,-0.08746,0.0,0.0,-0.0739,0.0,0.261,0.622,0.0,0.0,0.0,0.0,-0.979,1.0,0.5,0.5,-0.09625,0.4766,0.0,1.0,-0.5,0.0,0.0,0.0,0.0,-1.095
-0.0629,-0.06177,-0.06354,-0.3264,0.3743,1.26,0.2466,0.4546,0.1519,0.4734,0.424,0.04776,0.7144,0.3862,0.0,0.0,-0.383,-0.507,0.4548,0.0,-0.2854,0.9004,0.696,0.408,0.2544,0.387,0.885,0.2274,0.5317,-1.766,1.051,1.128,1.828,-0.04227,-0.0858,0.0,0.0,-0.07086,0.0,0.2659,0.642,0.0,0.0,0.0,0.0,0.1385,1.0,0.5,0.5,-0.162,0.5176,1.0,0.0,-0.5,0.0,0.0,0.0,0.0,0.1598
-0.064,-0.06305,-0.06445,0.528,-0.4995,1.26,0.2466,0.625,-0.831,0.1737,0.4392,-3.895,0.5713,0.3862,-1.0,0.0,-0.10364,-0.2402,0.2734,0.0,-0.2827,1.497,0.7144,0.4773,-0.7188,0.4048,0.2834,-1.8125,0.475,0.2274,0.1475,-0.9595,1.234,-0.04648,-0.0844,0.0,0.0,-0.0691,0.0,0.2245,0.312,0.0,0.0,0.0,0.0,-1.405,1.0,0.0,0.5,0.7476,-0.2302,0.0,1.0,-0.5,0.0,0.0,0.0,0.0,-1.613
-0.064,-0.06335,-0.0642,0.174,-0.1632,1.26,0.2466,0.6865,-0.6084,0.269,0.462,-0.1984,0.5713,0.3862,-1.0,0.0,-0.184,-0.338,0.3413,0.0,-0.2803,0.7383,0.703,0.5396,-0.501,0.4294,-0.1494,0.7007,0.461,-1.8125,-1.765,1.05,0.6045,-0.05164,-0.08276,0.0,0.0,-0.06793,0.0,0.2396,0.4211,0.0,0.0,0.0,0.0,0.2979,1.0,0.0,1.0,0.3845,0.069,1.0,0.0,-0.5,0.0,0.0,0.0,0.0,0.3528
-0.06793,-0.0671,-0.06836,1.503,-1.489,1.26,-0.2399,0.996,-1.952,-0.1821,0.445,3.13,0.4285,0.3862,-1.0,0.0,0.2666,0.08466,0.06165,0.0,-0.2778,3.135,0.6416,0.5825,-1.894,0.436,-0.0737,-2.514,0.4954,0.7007,0.2273,0.1475,-0.2993,-0.06055,-0.0821,0.0,0.0,-0.0687,0.0,0.1761,-0.2778,0.0,0.0,0.0,0.0,-2.072,0.0,0.0,0.5,1.701,-1.167,0.0,1.0,-0.5,0.0,0.0,0.0,0.0,-2.426
-0.06995,-0.069,-0.0704,0.8296,-0.804,1.26,-0.2399,0.8413,-1.344,-0.012985,0.4214,-0.2202,0.2856,0.3862,-1.0,0.0,0.0892,-0.07544,0.175,0.0,-0.2751,0.2686,0.5576,0.603,-1.361,0.4404,-0.305,1.212,0.4336,-2.514,-1.812,-1.765,0.0,-0.0693,-0.0804,0.0,0.0,-0.0675,0.0,0.2015,-0.3818,0.0,0.0,0.0,0.0,0.6055,1.0,0.5,0.5,1.056,-0.5044,1.0,0.0,-0.5,0.0,0.0,0.0,0.0,0.744
-0.0716,-0.07056,-0.07214,0.734,-0.7026,1.26,-0.2399,0.7617,-1.217,-0.01115,0.3857,0.02977,0.1428,0.3862,-1.0,0.0,0.0803,-0.06964,0.1826,0.0,-0.2727,-0.05286,0.4497,0.591,-1.253,0.4246,-1.104,0.0792,0.3938,1.212,0.7007,0.2273,1.128,-0.0782,-0.0791,0.0,0.0,-0.0666,0.0,0.203,-0.603,0.0,0.0,0.0,0.0,0.04025,1.0,0.5,0.5,0.9346,-0.4377,2.0,0.0,-0.5,0.0,0.0,0.0,0.0,0.0485
-0.07385,-0.0727,-0.0745,0.936,-0.9,1.26,-0.2399,0.759,-1.351,-0.1038,0.3396,0.2761,0.0,0.3862,-1.0,0.0,0.1688,0.02556,0.1296,0.0,-0.2703,-0.3623,0.3098,0.5474,-1.423,0.4053,-0.784,-0.5537,0.3708,0.0792,-2.514,-1.812,-0.9595,-0.0844,-0.07855,0.0,0.0,-0.06616,0.0,0.1909,-0.806,0.0,0.0,0.0,0.0,-0.2264,1.0,0.5,0.0,1.138,-0.618,0.0,1.0,-0.5,0.0,0.0,0.0,0.0,-0.2725
-0.07404,-0.0728,-0.07465,0.2283,-0.1838,1.26,-0.2399,0.7407,-0.6016,0.0997,0.309,-0.522,-0.1428,0.3862,-1.0,0.0,-0.02538,-0.1787,0.2659,0.0,-0.2676,0.1371,0.1581,0.477,-0.6797,0.3884,-1.574,1.4375,0.29,-0.5537,1.212,0.7007,1.05,-0.0883,-0.0768,0.0,0.0,-0.0644,0.0,0.2213,-0.4832,0.0,0.0,0.0,0.0,0.738,1.0,0.5,0.5,0.5376,0.16,1.0,0.0,-0.5,0.0,0.0,0.0,0.0,0.896
-0.0742,-0.073,-0.075,0.261,-0.2113,1.26,-0.2399,0.9033,-0.5625,0.0782,0.2786,0.05475,-0.2856,0.3862,-1.0,0.0,0.00911,-0.173,0.2583,0.0,-0.2651,1.505,0.00903,0.3828,-0.6353,0.371,-1.843,-0.07794,0.1937,1.4375,0.0792,-2.514,0.1475,-0.0887,-0.07623,0.0,0.0,-0.0626,0.0,0.2195,-0.4937,0.0,0.0,0.0,0.0,-0.03348,1.0,0.0,0.5,0.5093,0.0685,0.0,1.0,-0.5,0.0,0.0,0.0,0.0,-0.0397
-0.07623,-0.075,-0.07697,0.855,-0.8115,1.26,-0.2399,1.027,-1.044,-0.132,0.2249,1.325,-0.4285,0.3862,-1.0,0.0,0.2201,0.0291,0.1296,0.0,-0.2627,0.927,-0.0892,0.265,-1.105,0.3362,-1.032,-1.327,0.2032,-0.07794,-0.5537,1.212,-1.765,-0.093,-0.0752,0.0,0.0,-0.0628,0.0,0.1902,-0.8784,0.0,0.0,0.0,0.0,-0.705,0.0,0.0,0.0,1.093,-0.4966,0.0,2.0,-0.5,0.0,0.0,0.0,0.0,-0.8374
-0.0768,-0.07556,-0.0775,0.3635,-0.3174,1.26,-0.2399,1.045,-0.493,0.00196,0.19,-0.508,-0.5713,0.3862,-1.0,0.0,0.09326,-0.11005,0.2203,0.0,-0.26,1.207,-0.1472,0.1477,-0.5474,0.313,-1.326,0.958,0.2201,-1.327,1.437,0.07916,0.2273,-0.0897,-0.0742,0.0,0.0,-0.06354,0.0,0.2104,-0.577,0.0,0.0,0.0,0.0,0.3904,0.0,0.0,0.5,0.618,-0.0225,1.0,0.0,-0.5,0.0,0.0,0.0,0.0,0.474
-0.0761,-0.0752,-0.0766,-0.04208,0.0732,1.26,-0.2399,0.899,0.0322,0.124,0.153,-1.382,-0.5713,0.3862,0.0,0.0,-0.03363,-0.2179,0.3035,0.0,-0.2576,0.648,-0.1333,0.0466,-0.00845,0.287,-0.4478,0.8643,0.2141,0.958,-0.07794,-0.5537,-1.812,-0.0871,-0.07294,0.0,0.0,-0.0646,0.0,0.229,-0.6216,0.0,0.0,0.0,0.0,0.4214,1.0,0.5,0.5,0.2769,0.4065,2.0,0.0,-0.5,0.0,0.0,0.0,0.0,0.504
-0.07556,-0.07495,-0.0756,-0.033,0.04105,-0.4673,-0.2399,0.8896,0.145,0.1166,0.1153,0.983,-0.5713,0.3862,0.0,0.0,-0.02759,-0.2096,0.3035,0.0,-0.2551,-0.3943,-0.05457,-0.0382,0.10535,0.264,-0.809,0.0,0.1906,0.8643,-1.327,1.437,0.7007,-0.0846,-0.0723,0.0,0.0,-0.0661,0.0,0.2289,-0.6523,0.0,0.0,0.0,0.0,0.0,0.0,0.0,0.0,0.1986,0.28,0.0,0.0,-0.5,0.0,0.0,0.0,0.0,0.0
-0.0746,-0.0741,-0.0745,-0.1543,0.1545,-0.4673,-0.2399,0.7363,0.3345,0.1553,0.0981,0.942,-0.5713,0.3862,0.0,0.0,-0.0769,-0.2329,0.3337,0.0,-0.2524,0.11884,0.04105,-0.096,0.3206,0.251,0.725,0.3098,0.1713,0.0,0.958,-0.07794,-2.514,-0.0804,-0.07153,0.0,0.0,-0.06714,0.0,0.2355,-0.3213,0.0,0.0,0.0,0.0,0.1445,1.0,0.5,0.5,0.09094,0.399,1.0,0.0,-0.5,0.0,0.0,0.0,0.0,0.1703
-0.0688,-0.0678,-0.0692,-1.602,1.649,0.6323,-0.2399,0.788,1.907,0.699,0.1121,4.32,-0.5713,0.3862,0.0,0.0,-0.5415,-0.7397,0.6133,1.0,-0.2903,2.865,0.07904,-0.1425,1.872,0.2083,0.2457,2.549,0.2676,0.3098,0.8643,-1.327,1.212,-0.07166,-0.0682,0.0,0.0,-0.0656,0.0,0.3152,0.2057,0.0,0.0,0.0,0.0,3.834,2.0,0.5,0.5,-1.217,1.934,2.0,0.0,-0.5,0.0,1.0,0.0,4.234,4.492
-0.06433,-0.0632,-0.065,-1.183,1.239,0.6323,-0.2399,0.666,1.605,0.5938,0.1393,-0.0813,-0.4285,0.3862,0.0,0.0,-0.4656,-0.6353,0.5537,0.0,-0.2878,-0.3506,0.07513,-0.1702,1.471,0.2421,0.4895,-0.5815,0.2852,2.549,0.0,0.958,0.07916,-0.06396,-0.0654,0.0,0.0,-0.0653,0.0,0.301,0.4272,0.0,0.0,0.0,0.0,-0.5063,1.0,0.0,0.5,-0.8306,1.52,0.0,1.0,-0.5,-1.0,0.0,0.0,0.0,-0.5596
-0.0577,-0.05597,-0.05893,-1.631,1.803,0.6323,-0.2399,0.791,1.907,0.877,0.1782,0.632,-0.2856,0.3862,0.0,0.0,-0.683,-0.892,0.6133,1.0,-0.2903,2.873,0.03983,-0.1912,1.872,0.176,1.031,1.834,0.4448,-0.5815,0.3098,0.8643,-0.553,-0.04977,-0.06177,0.0,0.0,-0.0629,0.0,0.3433,0.56,0.0,0.0,0.0,0.0,1.917,1.0,0.5,0.5,-1.384,2.045,1.0,0.0,-0.5,-1.0,0.0,0.0,0.0,2.139
-0.0511,-0.0493,-0.05237,-1.631,1.803,0.6323,-0.2399,0.534,1.907,0.935,0.2496,0.1063,-0.1428,0.3862,0.0,0.0,-0.752,-0.9165,0.6133,1.0,-0.2903,0.3706,0.0341,-0.1855,1.872,0.192,0.6577,0.4272,0.584,1.834,2.547,0.0,1.437,-0.0365,-0.05768,0.0,0.0,-0.061,0.0,0.353,1.247,1.0,0.0,0.0,0.0,0.3184,2.0,0.5,1.0,-1.384,2.02,2.0,0.0,-0.5,-1.0,0.0,0.0,0.0,0.3447
-0.0474,-0.0454,-0.0489,-0.916,1.024,0.6323,-0.2399,0.7847,1.27,0.6665,0.2947,-0.322,0.0,0.3862,0.0,0.0,-0.515,-0.711,0.4536,0.0,-0.2878,1.786,0.0913,-0.1444,0.968,0.242,1.031,-1.556,0.615,0.4272,-0.581,0.3098,-0.07794,-0.02838,-0.05435,0.0,0.0,-0.0604,0.0,0.315,0.7285,0.0,0.0,0.0,0.0,-1.863,1.0,0.5,0.5,-0.6157,1.27,0.0,1.0,-0.5,-1.0,0.0,0.0,0.0,-2.004
-0.0467,-0.04465,-0.04825,-0.01054,0.1168,0.6323,-0.508,1.043,0.2218,0.3645,0.321,-0.687,0.1428,0.3862,0.0,0.0,-0.2365,-0.4624,0.272,0.0,-0.2854,1.585,0.1903,-0.0905,-0.0549,0.2644,1.99,-1.814,0.6245,-1.556,1.834,2.547,-1.326,-0.02415,-0.0526,0.0,0.0,-0.05984,0.0,0.272,0.3386,0.0,0.0,0.0,0.0,-1.478,0.0,0.5,0.0,0.3137,0.4583,0.0,2.0,-0.5,-1.0,0.0,0.0,0.0,-1.631
-0.04755,-0.04556,-0.049,0.4763,-0.3787,0.6323,-1.046,1.197,-0.3928,0.1919,0.3416,-1.857,0.1428,0.3862,-1.0,0.0,-0.069,-0.3127,0.1703,0.0,-0.2827,0.716,0.3005,-0.03683,-0.621,0.2761,1.695,-1.048,0.621,-1.814,0.427,-0.581,0.9575,-0.02275,-0.05225,0.0,0.0,-0.06024,0.0,0.2477,0.2478,0.0,0.0,0.0,0.0,-0.6636,0.0,0.0,0.0,0.765,-0.03806,0.0,3.0,-0.5,-1.0,0.0,0.0,0.0,-0.756
-0.0508,-0.04858,-0.05252,1.302,-1.193,0.6323,-1.985,1.5625,-1.266,-0.09576,0.3318,3.592,0.1428,0.3862,-1.0,0.0,0.233,-0.05972,-0.00402,0.0,-0.2803,3.135,0.392,0.006218,-1.481,0.274,1.334,-1.828,0.6304,-1.048,-1.555,1.834,0.864,-0.03244,-0.05338,0.0,0.0,-0.06064,0.0,0.2064,-0.2,0.0,0.0,0.0,0.0,-1.464,-1.0,-0.5,-0.5,1.642,-0.733,0.0,4.0,-0.5,-0.5,0.0,0.0,0.0,-1.696
-0.04822,-0.0458,-0.0501,-0.5835,0.717,0.7534,-1.985,1.62,0.567,0.5166,0.3606,-1.6045,0.2856,0.3862,0.0,0.0,-0.3154,-0.657,0.381,0.0,-0.2778,3.135,0.4775,0.04736,0.3938,0.284,1.288,2.549,0.666,-1.828,-1.814,0.427,0.0,-0.0326,-0.0528,0.0,0.0,-0.0586,0.0,0.2964,0.265,0.0,0.0,0.0,0.0,3.555,-1.0,0.0,0.0,-0.03082,1.263,1.0,0.0,-0.5,-0.5,0.0,0.0,0.0,4.25
-0.0432,-0.04086,-0.04507,-1.275,1.41,1.711,-1.985,1.58,1.241,0.799,0.4211,1.227,0.4285,0.3862,0.0,0.0,-0.5513,-0.902,0.5625,0.0,-0.2751,1.44,0.5684,0.1051,1.134,0.3167,1.297,1.837,0.692,2.549,-1.048,-1.555,0.3098,-0.03275,-0.05118,0.0,0.0,-0.0531,0.0,0.3386,0.595,0.0,0.0,0.0,0.0,1.429,0.0,0.0,0.5,-0.651,1.98,2.0,0.0,-0.5,-0.5,0.0,0.0,0.0,1.596
-0.0389,-0.03668,-0.04065,-1.077,1.202,1.711,-1.985,1.571,0.962,0.765,0.471,-0.0827,0.5713,0.3862,0.0,0.0,-0.525,-0.872,0.5483,0.0,-0.2727,0.582,0.6445,0.1748,0.9233,0.3442,-0.414,-0.1426,0.724,1.837,-1.828,-1.813,2.547,-0.03415,-0.04965,0.0,0.0,-0.04858,0.0,0.335,0.5044,0.0,0.0,0.0,0.0,-0.1023,0.0,-0.5,0.0,-0.4946,1.742,0.0,1.0,-0.5,-0.5,0.0,0.0,0.0,-0.1109
-0.03397,-0.03177,-0.03564,-1.254,1.377,1.711,-1.985,1.504,1.122,0.871,0.5195,0.3064,0.5713,0.3862,0.0,0.0,-0.615,-0.9556,0.6133,1.0,-0.2903,0.1785,0.6855,0.2551,1.15,0.3635,-0.01906,0.7144,0.767,-0.1426,2.547,-1.048,-0.581,-0.03056,-0.04828,0.0,0.0,-0.04355,0.0,0.3518,0.4985,0.0,0.0,0.0,0.0,0.3628,1.0,0.0,0.0,-0.632,1.947,1.0,0.0,-0.5,-0.5,0.0,0.0,0.0,0.3943
-0.03076,-0.02867,-0.03232,-0.757,0.869,1.711,-1.985,1.666,0.5234,0.721,0.56,-0.388,0.5713,0.3862,0.0,0.0,-0.4807,-0.8433,0.5264,0.0,-0.2878,0.6836,0.669,0.3376,0.6143,0.3853,-0.9355,-0.847,0.723,0.7144,1.836,-1.828,1.834,-0.02495,-0.04688,0.0,0.0,-0.03882,0.0,0.331,0.3735,0.0,0.0,0.0,0.0,-0.4949,1.0,-0.5,0.0,-0.12305,1.489,0.0,1.0,-0.5,-0.5,0.0,0.0,0.0,-0.5312
-0.0286,-0.02673,-0.02994,-0.4553,0.5513,1.711,-1.985,1.749,0.1376,0.6313,0.5933,-0.5195,0.5713,0.3862,0.0,0.0,-0.3997,-0.7725,0.4756,0.0,-0.2854,0.3127,0.582,0.416,0.2742,0.404,-1.209,-0.5015,0.699,-0.847,-0.1426,2.547,0.427,-0.01823,-0.04623,0.0,0.0,-0.03543,0.0,0.3188,0.2798,0.0,0.0,0.0,0.0,-0.3584,0.0,-1.0,-0.5,0.02045,1.023,0.0,2.0,-0.5,-0.5,0.0,0.0,0.0,-0.3904
-0.02779,-0.02608,-0.02898,-0.0493,0.1321,1.711,-1.985,1.555,-0.2402,0.496,0.583,-1.497,0.4285,0.3862,-1.0,0.0,-0.304,-0.633,0.3958,0.0,-0.2827,0.4348,0.4666,0.4795,-0.1556,0.4124,-0.3596,-0.7944,0.646,-0.5015,0.7144,1.836,-1.555,-0.00948,-0.04608,0.0,0.0,-0.03262,0.0,0.2998,-0.1927,0.0,0.0,0.0,0.0,-0.3923,-1.0,-1.0,-1.0,0.4248,0.634,0.0,3.0,-0.5,-0.5,0.0,0.0,0.0,-0.4312
-0.02779,-0.02603,-0.02904,0.2026,-0.11865,1.711,-1.985,1.647,-0.478,0.409,0.574,2.227,0.2856,0.3862,-1.0,0.0,-0.221,-0.5615,0.345,0.0,-0.2803,0.3516,0.317,0.5137,-0.3882,0.4092,0.6616,-0.512,0.506,-0.7944,-0.847,-0.1425,-1.813,-0.01011,-0.04532,0.0,0.0,-0.02925,0.0,0.2874,-0.1837,0.0,0.0,0.0,0.0,-0.4084,-1.0,-1.0,-1.0,0.595,0.314,0.0,4.0,-0.5,-0.5,0.0,0.0,0.0,-0.4546
-0.0316,-0.0296,-0.03305,1.44,-1.351,1.711,-1.985,1.8545,-1.605,-0.01459,0.52,3.553,0.1428,0.3862,-1.0,0.0,0.1814,-0.1708,0.0838,0.0,-0.2778,0.6426,0.1473,0.496,-1.415,0.354,1.297,-2.514,0.459,-0.512,-0.5015,0.7144,-1.047,-0.02026,-0.046,0.0,0.0,-0.02853,0.0,0.2253,-0.721,0.0,0.0,0.0,0.0,-3.742,-2.0,-1.0,-1.5,1.897,-0.7534,0.0,5.0,-0.5,0.0,0.0,1.0,-3.82,-4.203
-0.03513,-0.033,-0.03677,1.364,-1.263,1.711,-1.985,1.999,-1.463,-0.02989,0.461,0.03775,0.0,0.3862,-1.0,0.0,0.2089,-0.1691,0.07654,0.0,-0.2751,2.104,0.02692,0.4377,-1.231,0.3066,2.26,-0.0773,0.4556,-2.514,-0.7944,-0.847,-1.827,-0.03026,-0.0458,0.0,0.0,-0.02849,0.0,0.2229,-0.7964,0.0,0.0,0.0,0.0,-0.1175,-2.0,-1.0,-2.0,1.737,-0.7617,0.0,5.617,-0.5,0.5,0.0,0.0,0.0,-0.1381
-0.04022,-0.03784,-0.0421,1.92,-1.804,1.711,-2.262,1.99,-1.947,-0.2416,0.4062,0.537,-0.1428,0.3862,-1.0,0.0,0.4143,0.0525,-0.05408,0.0,-0.2727,1.441,-0.001107,0.3425,-1.663,0.259,0.0818,-1.393,0.5225,-0.0773,-0.512,-0.501,2.547,-0.04462,-0.0466,0.0,0.0,-0.02942,0.0,0.1917,-0.7705,0.0,0.0,0.0,0.0,-1.603,-2.0,-1.5,-2.0,2.236,-1.32,0.0,5.617,-0.5,1.0,0.0,0.0,0.0,-1.886
-0.04346,-0.041,-0.04544,1.287,-1.161,1.711,-2.262,1.829,-1.396,-0.0935,0.3796,-0.1868,-0.2856,0.3862,-1.0,0.0,0.2546,-0.0875,0.04025,0.0,-0.2703,0.868,0.015076,0.2148,-1.115,0.2429,-1.217,1.029,0.5474,-1.393,-2.514,-0.794,1.836,-0.05508,-0.0456,0.0,0.0,-0.02986,0.0,0.2136,-0.4365,0.0,0.0,0.0,0.0,0.564,-1.0,-1.5,-1.5,1.628,-0.7,1.0,0.0,-0.5,1.0,0.0,0.0,0.0,0.679
-0.04767,-0.045,-0.04984,1.628,-1.49,1.711,-2.262,1.88,-1.764,-0.2367,0.354,0.457,-0.2856,0.3862,-1.0,0.0,0.3997,0.05786,-0.04684,0.0,-0.2676,0.4792,0.0637,0.0937,-1.467,0.2246,-1.432,-0.9346,0.6426,1.029,-0.0773,-0.512,-0.1425,-0.06635,-0.04553,0.0,0.0,-0.03357,0.0,0.1927,-0.4197,0.0,0.0,0.0,0.0,-0.761,-1.0,-1.5,-1.5,1.902,-1.076,0.0,1.0,-0.5,1.0,0.0,0.0,0.0,-0.902
-0.0521,-0.04956,-0.0541,1.712,-1.585,1.711,-2.262,1.615,-1.956,-0.3086,0.3438,0.2712,-0.2856,0.3862,-1.0,0.0,0.4482,0.1605,-0.0904,0.0,-0.2651,0.28,0.1132,-0.01314,-1.659,0.2188,-2.191,-0.4746,0.747,-0.9346,-1.393,-2.514,0.7144,-0.0768,-0.04578,0.0,0.0,-0.03714,0.0,0.1823,-0.2534,0.0,0.0,0.0,0.0,-0.3132,-1.0,-1.5,-1.5,1.795,-1.372,0.0,2.0,-0.5,1.0,0.0,0.0,0.0,-0.377
-0.05664,-0.0543,-0.05847,1.751,-1.636,1.711,-2.262,1.178,-1.97,-0.3696,0.2883,0.1514,-0.4285,0.3862,-1.0,0.0,0.4714,0.269,-0.1267,0.0,-0.2627,-0.03244,0.1884,-0.0673,-1.747,0.1984,-2.096,-0.3987,0.8,-0.4746,1.029,-0.0772,-0.8467,-0.0869,-0.0459,0.0,0.0,-0.0424,0.0,0.1735,-1.077,0.0,1.0,0.0,0.0,-0.2402,-1.0,-1.5,-2.0,1.758,-1.504,0.0,3.0,-0.5,1.0,0.0,0.0,0.0,-0.2913
-0.05905,-0.05682,-0.06076,1.016,-0.9043,1.711,-2.262,1.055,-1.182,-0.1875,0.2252,-0.323,-0.5713,0.3862,-1.0,0.0,0.277,0.0847,-0.01055,0.0,-0.26,0.8896,0.2998,-0.05325,-1.003,0.1655,-2.18,1.284,0.756,-0.3987,-0.934,-1.392,-0.501,-0.089,-0.04614,0.0,0.0,-0.0471,0.0,0.2004,-1.261,0.0,1.0,0.0,0.0,0.746,0.0,-1.5,-2.0,1.125,-0.717,1.0,0.0,-0.5,1.0,0.0,0.0,0.0,0.9106
-0.05756,-0.0554,-0.0592,-0.2585,0.3743,1.711,-2.262,1.063,0.2284,0.2126,0.1885,-1.307,-0.5713,0.3862,0.0,0.0,-0.09973,-0.32,0.2434,0.0,-0.2576,2.506,0.4053,0.0,0.3965,0.1444,-1.999,2.549,0.7227,1.284,-0.4746,1.029,-0.794,-0.0854,-0.045,0.0,0.0,-0.04865,0.0,0.2598,-0.625,0.0,0.0,0.0,0.0,2.646,0.0,-1.0,-1.5,0.01631,0.6426,2.0,0.0,-0.5,1.0,0.0,0.0,0.0,3.164
-0.05588,-0.05405,-0.05722,-0.3223,0.4163,1.711,-2.262,1.052,0.4707,0.2402,0.1455,0.9165,-0.5713,0.3862,0.0,0.0,-0.1255,-0.3455,0.2651,0.0,-0.2551,0.2754,0.4773,0.0609,0.5703,0.1321,-1.793,0.2253,0.7227,2.549,-0.3987,-0.934,-0.512,-0.0785,-0.04318,0.0,0.0,-0.04865,0.0,0.2646,-0.73,0.0,0.0,0.0,0.0,0.146,1.0,-0.5,-1.5,-0.0705,0.6543,3.0,0.0,-0.5,1.0,0.0,0.0,0.0,0.1667
-0.05627,-0.05472,-0.0573,0.317,-0.2476,1.711,-2.262,1.132,-0.0587,0.0256,0.099,-0.848,-0.5713,0.3862,0.0,0.0,0.07874,-0.1422,0.1346,0.0,-0.2524,0.933,0.513,0.127,-0.00938,0.1143,-0.326,-1.348,0.725,0.2253,1.284,-0.4744,-2.514,-0.0765,-0.04245,0.0,0.0,-0.04886,0.0,0.2336,-0.7827,0.0,0.0,0.0,0.0,-0.719,1.0,-0.5,-1.5,0.591,0.0644,0.0,1.0,-0.5,1.0,0.0,0.0,0.0,-0.819
-0.05588,-0.05463,-0.05664,0.05988,-0.007244,1.711,-2.262,1.112,0.314,0.1006,0.0631,7.383,-0.5713,0.3862,0.0,0.0,0.007076,-0.2152,0.1854,0.0,-0.25,0.81,0.5024,0.1965,0.3506,0.0948,-0.2544,0.536,0.6895,-1.348,2.547,-0.3984,-0.0772,-0.0715,-0.04184,0.0,0.0,-0.04736,0.0,0.2454,-0.6157,0.0,0.0,0.0,0.0,0.2325,2.0,0.0,-1.0,0.3386,0.2903,1.0,0.0,-0.5,1.0,0.0,0.0,0.0,0.2708
-0.05804,-0.05695,-0.05865,0.8936,-0.859,1.711,-2.262,1.38,-0.4514,-0.1831,0.01729,-1.813,-0.5713,0.3862,-1.0,0.0,0.3018,0.04895,0.01122,0.0,-0.2474,1.723,0.4387,0.267,-0.4573,0.0767,0.565,-1.821,0.7017,0.536,0.2253,1.284,-1.392,-0.0693,-0.04214,0.0,0.0,-0.05014,0.0,0.2041,-0.73,0.0,0.0,0.0,0.0,-1.025,1.0,0.0,-1.0,1.209,-0.457,0.0,1.0,-0.5,1.0,0.0,0.0,0.0,-1.183
-0.05865,-0.0578,-0.059,0.3638,-0.3418,0.803,-2.262,1.286,0.1323,-0.0387,-0.01328,-1.761,-0.4285,0.3862,0.0,0.0,0.1534,-0.09186,0.1055,0.0,-0.245,0.01328,0.3245,0.3325,0.1311,0.0569,0.05658,1.018,0.6167,-1.821,-1.347,2.547,1.029,-0.0643,-0.0421,0.0,0.0,-0.05356,0.0,0.2262,-0.4956,0.0,0.0,0.0,0.0,0.4082,1.0,0.0,-0.5,0.619,-0.04602,1.0,0.0,-0.5,1.0,0.0,0.0,0.0,0.4858
-0.06076,-0.06003,-0.061,0.865,-0.856,0.803,-2.262,1.031,-0.4065,-0.2188,-0.02847,-2.244,-0.4285,0.3862,-1.0,0.0,0.306,0.12006,-0.003292,0.0,-0.2424,0.0418,0.2341,0.3762,-0.4172,0.05362,0.5986,-1.154,0.5376,1.018,0.536,0.2253,-0.934,-0.06415,-0.04437,0.0,0.0,-0.0577,0.0,0.2003,-0.2825,0.0,0.0,0.0,0.0,-0.6,0.0,0.0,-0.5,1.159,-0.4792,0.0,1.0,-0.5,1.0,0.0,0.0,0.0,-0.7026
-0.06354,-0.0628,-0.0638,1.086,-1.079,0.803,-2.262,0.9688,-0.6606,-0.3174,-0.04858,1.1,-0.4285,0.3862,-1.0,0.0,0.3992,0.2319,-0.06134,0.0,-0.2399,1.125,0.1803,0.4016,-0.638,0.03745,0.876,-0.628,0.3901,-1.154,-1.821,-1.347,-0.4744,-0.0707,-0.0466,0.0,0.0,-0.06287,0.0,0.1864,-0.3586,0.0,0.0,0.0,0.0,-0.3616,0.0,0.0,-0.5,1.331,-0.7383,0.0,2.0,-0.5,1.0,0.0,0.0,0.0,-0.4316
-0.0695,-0.0684,-0.07007,2.258,-2.238,0.803,-2.262,1.175,-1.833,-0.7026,-0.0785,2.502,-0.4285,0.3762,-1.0,-1.0,0.827,0.65,-0.3008,0.0,-0.2374,2.246,0.1696,0.4048,-1.803,0.0202,1.104,-2.514,0.3777,-0.628,1.018,0.5356,-0.3984,-0.0829,-0.051,0.0,0.0,-0.06915,0.0,0.1298,-0.505,0.0,0.0,0.0,0.0,-1.968,-1.0,0.0,-0.5,2.527,-1.78,0.0,3.0,-0.5,1.0,0.0,0.0,0.0,-2.375
-0.07574,-0.07434,-0.07666,2.39,-2.348,0.803,-2.262,1.2705,-1.999,-0.7983,-0.12415,0.2487,-0.4285,0.3665,-1.0,-1.0,0.944,0.7563,-0.359,0.0,-0.2349,1.724,0.165,0.3845,-1.995,-0.002949,0.3298,-0.6636,0.3838,-2.514,-1.154,-1.82,1.284,-0.0935,-0.0559,0.0,0.0,-0.0755,0.0,0.11584,-0.746,0.0,0.0,0.0,0.0,-0.4019,-1.0,-0.5,-1.0,2.63,-1.909,0.0,4.0,-0.5,1.0,0.0,0.0,0.0,-0.507
-0.0815,-0.07983,-0.08264,2.229,-2.168,0.803,-2.262,1.226,-1.924,-0.8135,-0.1614,0.0993,-0.4285,0.3564,-1.0,-1.0,0.9565,0.7793,-0.3662,0.0,-0.2323,0.2585,0.1798,0.3452,-1.886,-0.03378,-1.343,-0.08386,0.394,-0.6636,-0.628,1.018,2.547,-0.10535,-0.06003,0.0,0.0,-0.0813,0.0,0.11383,-0.6523,0.0,0.0,0.0,0.0,-0.06604,-2.0,-1.0,-1.0,2.453,-1.761,0.0,5.0,-0.5,1.0,0.0,0.0,0.0,-0.0842
-0.0875,-0.08563,-0.089,2.367,-2.285,0.803,-2.262,1.3125,-2.115,-0.9087,-0.1992,0.2588,-0.4285,0.3464,-1.0,-1.0,1.074,0.888,-0.424,0.0,-0.2299,0.964,0.1816,0.286,-2.08,-0.05722,-1.822,-0.672,0.4253,-0.08386,-2.514,-1.154,0.2252,-0.11475,-0.06354,0.0,0.0,-0.08716,0.0,0.0999,-0.6704,0.0,0.0,0.0,0.0,-0.3916,-2.0,-1.5,-1.0,2.594,-1.865,0.0,5.617,-0.5,1.0,0.0,0.0,0.0,-0.5
-0.091,-0.08887,-0.09265,1.423,-1.317,0.803,-2.262,1.404,-1.318,-0.693,-0.2194,-0.2937,-0.4285,0.3367,-1.0,-1.0,0.837,0.6167,-0.2864,0.0,-0.2273,1.902,0.1749,0.2488,-1.286,-0.07025,-1.465,1.614,0.4602,-0.672,-0.6636,-0.6274,-1.347,-0.12317,-0.06586,0.0,0.0,-0.08997,0.0,0.1321,-0.3752,0.0,0.0,0.0,0.0,0.8438,-1.0,-1.0,-0.5,1.702,-0.914,1.0,0.0,-0.5,1.0,0.0,0.0,0.0,1.09
-0.09467,-0.09247,-0.0964,1.502,-1.393,0.803,-2.262,1.357,-1.398,-0.754,-0.2554,0.2162,-0.4285,0.3267,-1.0,-1.0,0.901,0.694,-0.3225,0.0,-0.2247,0.4685,0.1868,0.2322,-1.394,-0.08734,-2.002,-0.4136,0.4985,1.614,-0.08386,-2.514,0.5356,-0.13,-0.06744,0.0,0.0,-0.093,0.0,0.1234,-0.628,0.0,0.0,0.0,0.0,-0.1781,-1.0,-1.5,-1.0,1.648,-1.128,0.0,1.0,-0.5,1.0,0.0,0.0,0.0,-0.2241
-0.09717,-0.0952,-0.0986,1.065,-0.973,0.803,-1.767,1.143,-0.896,-0.6655,-0.3127,-0.2866,-0.5713,0.317,-1.0,-1.0,0.7837,0.6094,-0.2646,0.0,-0.2222,0.891,0.2399,0.2568,-0.8647,-0.131,-1.288,0.6665,0.5254,-0.4136,-0.672,-0.663,-1.82,-0.1344,-0.0707,0.0,0.0,-0.0946,0.0,0.1368,-1.0625,0.0,1.0,0.0,0.0,0.3145,0.0,-1.0,-1.0,1.266,-0.682,1.0,0.0,-1.0,1.0,0.0,0.0,0.0,0.3984
-0.10175,-0.09985,-0.1031,1.833,-1.75,0.803,-1.767,1.374,-1.507,-0.9204,-0.387,1.001,-0.7144,0.307,-1.0,-1.0,1.094,0.8975,-0.424,0.0,-0.2197,1.992,0.3337,0.3066,-1.454,-0.1844,-1.994,-1.8125,0.5933,0.6665,1.613,-0.08386,1.017,-0.1371,-0.0756,0.0,0.0,-0.09814,0.0,0.09894,-1.267,0.0,1.0,0.0,0.0,-1.438,0.0,-1.5,-1.5,2.02,-1.415,0.0,1.0,-1.0,1.0,0.0,0.0,0.0,-1.803
-0.1042,-0.1025,-0.10535,1.051,-0.9746,0.803,-1.767,1.289,-0.7026,-0.7383,-0.4358,-0.491,-0.857,0.297,-1.0,-1.0,0.8774,0.682,-0.308,0.0,-0.2172,0.2399,0.4353,0.3647,-0.6377,-0.2208,-1.671,1.359,0.6177,-1.8125,-0.4136,-0.672,-1.154,-0.136,-0.07996,0.0,0.0,-0.1001,0.0,0.1259,-0.8706,0.0,0.0,0.0,0.0,1.287,1.0,-1.0,-1.0,1.322,-0.608,1.0,0.0,-1.0,1.0,0.0,0.0,0.0,1.663
-0.10645,-0.1051,-0.1073,0.9946,-0.9443,0.803,-1.767,1.214,-0.549,-0.752,-0.4902,-0.1444,-1.0,0.287,-1.0,-1.0,0.8857,0.7056,-0.3154,0.0,-0.2146,0.1302,0.5215,0.409,-0.5566,-0.2439,-1.511,-0.08307,0.6426,1.359,0.666,1.613,-0.6274,-0.1349,-0.0847,0.0,0.0,-0.1018,0.0,0.12396,-0.994,0.0,0.0,0.0,0.0,-0.0346,0.0,-1.0,-1.5,1.184,-0.672,0.0,1.0,-1.0,1.0,0.0,0.0,0.0,-0.0437
-0.10864,-0.10754,-0.10925,0.9463,-0.9146,0.803,-1.767,0.9688,-0.4583,-0.765,-0.5273,-0.0856,-1.0,0.2773,-1.0,-1.0,0.8784,0.7446,-0.3225,0.0,-0.2122,-0.09174,0.594,0.45,-0.471,-0.2678,-0.2712,-0.0832,0.6675,-0.08307,-1.812,-0.4133,-2.514,-0.1327,-0.089,0.0,0.0,-0.10333,0.0,0.122,-0.7915,0.0,0.0,0.0,0.0,-0.05392,0.0,-1.0,-1.5,1.096,-0.6885,0.0,2.0,-1.0,1.0,0.0,0.0,0.0,-0.0682
-0.11096,-0.1102,-0.1112,0.973,-0.969,0.803,-1.767,0.941,-0.4023,-0.801,-0.5757,-0.03577,-1.143,0.2673,-1.0,-1.0,0.9165,0.7905,-0.3442,0.0,-0.2096,-0.311,0.652,0.494,-0.483,-0.288,0.0524,-0.2499,0.68,-0.0832,1.359,0.666,-0.663,-0.1339,-0.0932,0.0,0.0,-0.10583,0.0,0.11664,-1.079,0.0,1.0,0.0,0.0,-0.1287,-1.0,-1.0,-2.0,1.084,-0.7837,0.0,3.0,-1.0,1.0,0.0,0.0,0.0,-0.163
-0.11487,-0.1143,-0.11487,1.55,-1.567,0.803,-1.767,1.033,-0.9126,-0.9966,-0.625,2.09,-1.143,0.2573,-1.0,-1.0,1.153,1.026,-0.4678,0.0,-0.207,0.0621,0.684,0.538,-1.023,-0.3152,0.10284,-1.422,0.616,-0.2499,-0.08307,-1.812,-0.0838,-0.1371,-0.0976,0.0,0.0,-0.11127,0.0,0.08746,-1.097,0.0,1.0,0.0,0.0,-0.6577,-1.0,-1.0,-2.0,1.681,-1.314,0.0,4.0,-1.0,1.0,0.0,0.0,0.0,-0.8364
-0.1191,-0.1187,-0.11896,1.69,-1.724,-0.576,-1.767,1.127,-1.0205,-1.077,-0.6733,0.2915,-1.143,0.2476,-1.0,-1.0,1.259,1.121,-0.5186,0.0,-0.2046,2.057,0.707,0.58,-1.1455,-0.3457,0.3801,-0.5996,0.5137,-1.422,-0.0832,1.358,-0.6714,-0.1426,-0.1019,0.0,0.0,-0.11725,0.0,0.0753,-1.088,0.0,1.0,0.0,0.0,-0.3147,-2.0,-1.0,-2.0,1.707,-1.585,0.0,5.0,-1.0,1.0,0.0,0.0,0.0,-0.4102
-0.1229,-0.1225,-0.1228,1.546,-1.574,-0.576,-1.767,0.961,-0.9346,-1.076,-0.6953,0.03912,-1.143,0.2377,-1.0,-1.0,1.243,1.136,-0.5186,0.0,-0.202,0.6597,0.7056,0.6133,-1.045,-0.3647,-0.473,0.0,0.454,-0.5996,-0.2499,-0.083,1.613,-0.1445,-0.10504,0.0,0.0,-0.1222,0.0,0.07513,-0.7188,0.0,0.0,0.0,0.0,0.0,-2.0,-1.5,-2.0,1.534,-1.477,0.0,0.0,-1.0,1.0,0.0,0.0,0.0,0.0
-0.1263,-0.1259,-0.1262,1.375,-1.397,-0.576,-1.767,0.905,-0.833,-1.065,-0.7124,0.006916,-1.143,0.2278,-1.0,-1.0,1.225,1.127,-0.511,0.0,-0.1995,1.238,0.6787,0.634,-0.9434,-0.3765,-0.3975,0.08655,0.309,0.0,-1.422,-0.0831,-0.4133,-0.1489,-0.10803,0.0,0.0,-0.1276,0.0,0.07666,-0.5703,0.0,0.0,0.0,0.0,0.03687,-1.0,-1.0,-1.5,1.373,-1.303,1.0,0.0,-1.0,1.0,0.0,0.0,0.0,0.04855
-0.128,-0.1276,-0.128,0.79,-0.8047,-0.576,-1.767,0.865,-0.3132,-0.9297,-0.7207,-0.6514,-1.143,0.2178,-1.0,-1.0,1.059,0.9575,-0.424,0.0,-0.197,0.392,0.635,0.6396,-0.418,-0.3833,-0.843,1.037,0.2217,0.08655,-0.5996,-0.2498,0.666,-0.1512,-0.10986,0.0,0.0,-0.1309,0.0,0.097,-0.2874,0.0,0.0,0.0,0.0,0.4863,0.0,-1.0,-1.0,0.839,-0.7007,2.0,0.0,-1.0,1.0,0.0,0.0,0.0,0.639
-0.1287,-0.1282,-0.1285,0.3513,-0.3616,-0.389,-1.767,0.8047,0.0709,-0.82,-0.7183,-1.984,-1.0,0.2079,0.0,-1.0,0.9263,0.827,-0.3516,0.0,-0.1945,0.7046,0.561,0.6294,-0.01256,-0.3828,-0.01066,0.8496,0.00758,1.037,0.0,-1.421,-1.812,-0.1519,-0.1119,0.0,0.0,-0.1343,0.0,0.1139,0.04672,0.0,0.0,0.0,0.0,0.2927,1.0,-0.5,-0.5,0.3853,-0.3079,3.0,0.0,-1.0,1.0,0.0,0.0,0.0,0.3782
-0.129,-0.1287,-0.1289,0.2922,-0.308,-0.3452,-1.767,0.6,0.1361,-0.813,-0.7285,0.5273,-0.857,0.198,0.0,-1.0,0.9004,0.8384,-0.3442,0.0,-0.1919,-0.1986,0.4458,0.595,0.04794,-0.3865,-0.641,0.08374,-0.1635,0.8496,0.08655,-0.5996,1.358,-0.1519,-0.1134,0.0,0.0,-0.1368,0.0,0.1153,-0.3103,0.0,0.0,0.0,0.0,0.06024,2.0,-0.5,-0.5,0.3152,-0.271,4.0,0.0,-0.5,1.0,0.0,0.0,0.0,0.0767
-0.1302,-0.1299,-0.1301,0.5786,-0.599,-0.3452,-1.767,0.6196,-0.1625,-0.9097,-0.7417,-1.16,-0.857,0.1881,-1.0,-1.0,1.014,0.9556,-0.4023,0.0,-0.1895,0.04303,0.2893,0.547,-0.2483,-0.3918,-0.62,-0.669,-0.334,0.08374,1.037,0.0,-0.083,-0.1505,-0.115,0.0,0.0,-0.1395,0.0,0.10144,-0.3684,0.0,0.0,0.0,0.0,-0.3457,2.0,-0.5,-0.5,0.5864,-0.5557,0.0,1.0,-0.5,1.0,0.0,0.0,0.0,-0.4397
-0.1324,-0.1321,-0.1323,0.961,-0.9863,-0.3452,-1.767,0.816,-0.531,-1.039,-0.7676,8.67,-0.857,0.1782,-1.0,-1.0,1.185,1.102,-0.4822,0.0,-0.1869,1.916,0.1879,0.509,-0.4302,-0.4412,-0.6284,-0.9307,-0.328,-0.669,0.849,0.0865,-0.0831,-0.1497,-0.11676,0.0,0.0,-0.1409,0.0,0.0815,-0.7505,0.0,0.0,0.0,0.0,-2.773,1.0,-0.5,-1.0,0.8994,-0.989,0.0,2.0,-0.5,1.0,0.0,0.0,0.0,-3.566
-0.134,-0.1337,-0.1338,0.689,-0.714,-0.3452,-1.767,0.612,-0.314,-0.985,-0.7734,-0.4287,-0.857,0.1683,-1.0,-1.0,1.102,1.052,-0.446,0.0,-0.1843,-0.0591,0.1237,0.4604,-0.1809,-0.4492,-0.5947,0.4297,-0.3235,-0.9307,0.08374,1.037,-0.2498,-0.1482,-0.119,0.0,0.0,-0.1415,0.0,0.0895,-0.21,0.0,0.0,0.0,0.0,0.525,1.0,0.0,-0.5,0.596,-0.7715,1.0,0.0,-0.5,1.0,0.0,0.0,0.0,0.686
-0.1359,-0.1356,-0.1356,0.8286,-0.86,-0.3452,-1.767,0.507,-0.4514,-1.044,-0.7935,0.9004,-0.857,0.1584,-1.0,-1.0,1.163,1.138,-0.4822,0.0,-0.1818,-0.1648,0.0842,0.4133,-0.3022,-0.4646,0.0608,-0.4265,-0.3096,0.4297,-0.669,0.849,-1.421,-0.1476,-0.1227,0.0,0.0,-0.1425,0.0,0.08044,-0.7954,0.0,0.0,0.0,0.0,-0.566,0.0,0.0,-1.0,0.7485,-0.8926,0.0,1.0,-0.5,1.0,0.0,0.0,0.0,-0.7344
-0.1372,-0.137,-0.1368,0.607,-0.64,-0.3452,-0.0292,0.4312,-0.2284,-1.001,-0.8105,-0.5845,-0.857,0.1486,-1.0,-1.0,1.1045,1.089,-0.4531,0.0,-0.1793,-0.632,0.03738,0.3562,-0.1082,-0.4697,0.3467,0.3438,-0.305,-0.4265,-0.93,0.08374,-0.5996,-0.1482,-0.1263,0.0,0.0,-0.1427,0.0,0.0869,-0.6396,0.0,0.0,0.0,0.0,0.291,0.0,0.5,-0.5,0.5557,-0.6587,1.0,0.0,-0.5,1.0,0.0,0.0,0.0,0.3804
-0.1378,-0.1377,-0.1375,0.37,-0.4055,-0.3452,-0.0292,0.3528,0.01924,-0.9463,-0.823,-2.254,-0.7144,0.1387,0.0,-1.0,1.032,1.027,-0.417,0.0,-0.1768,-0.7515,-0.0108,0.2795,0.1307,-0.4753,0.3845,0.4272,-0.3325,0.3438,0.4294,-0.669,0.0,-0.1495,-0.1292,0.0,0.0,-0.1437,0.0,0.0952,-0.4658,0.0,0.0,0.0,0.0,0.2365,1.0,1.0,0.0,0.3442,-0.415,2.0,0.0,-0.5,1.0,0.0,0.0,0.0,0.3074
-0.1377,-0.1376,-0.1373,0.0866,-0.1189,-0.3452,-0.0292,0.4,0.321,-0.869,-0.8286,2.605,-0.5713,0.1287,0.0,-1.0,0.947,0.9263,-0.3662,0.0,-0.1742,0.4846,-0.0697,0.1809,0.419,-0.4749,0.4011,0.5938,-0.344,0.4272,-0.4265,-0.93,0.0865,-0.15,-0.132,0.0,0.0,-0.1439,0.0,0.10675,-0.21,0.0,0.0,0.0,0.0,0.5884,2.0,1.0,0.5,0.03333,-0.1804,3.0,0.0,-0.5,1.0,0.0,0.0,0.0,0.7593
-0.136,-0.1357,-0.1359,-0.4111,0.3953,-0.09314,-0.0292,0.462,0.8203,-0.711,-0.8096,1.398,-0.4285,0.11884,0.0,-1.0,0.7725,0.7285,-0.2646,0.0,-0.1718,1.667,-0.1351,0.0815,0.9136,-0.46,-0.01906,1.176,-0.344,0.5938,0.3438,0.4294,1.036,-0.1471,-0.1333,0.0,0.0,-0.1439,0.0,0.13,0.5615,0.0,0.0,0.0,0.0,1.681,2.0,1.0,1.0,-0.4104,0.354,4.0,0.0,-0.5,1.0,0.0,0.0,0.0,2.146
-0.1345,-0.1342,-0.1343,-0.3928,0.3782,-0.05017,-0.0292,0.3206,0.7515,-0.7007,-0.783,0.0624,-0.2856,0.1089,0.0,-1.0,0.7485,0.73,-0.2573,0.0,-0.1692,0.3342,-0.1859,-0.0002187,0.8833,-0.4475,-0.347,0.0824,-0.3003,1.176,0.427,-0.4265,0.849,-0.1422,-0.1353,0.0,0.0,-0.1427,0.0,0.1313,0.8257,1.0,0.0,0.0,0.0,0.07477,3.0,1.0,1.5,-0.3901,0.3403,5.0,0.0,0.0,1.0,0.0,0.0,0.0,0.0937
-0.1332,-0.1329,-0.1329,-0.306,0.2898,-0.05017,-0.0292,0.2448,0.6035,-0.7144,-0.7583,-0.0443,-0.1428,0.099,0.0,-1.0,0.757,0.7534,-0.2646,0.0,-0.1666,-0.3281,-0.2286,-0.0744,0.781,-0.4368,-0.3342,-0.0823,-0.2812,0.0824,0.5938,0.3435,0.08374,-0.1383,-0.1365,0.0,0.0,-0.1423,0.0,0.1294,0.7876,1.0,0.0,0.0,0.0,-0.05286,2.0,0.5,1.5,-0.3086,0.2527,0.0,1.0,0.0,1.0,0.0,0.0,0.0,-0.06616
-0.1334,-0.1332,-0.1332,0.2461,-0.2734,-0.05017,-0.0292,0.2288,-0.03546,-0.876,-0.7446,-0.832,0.0,0.0891,0.0,-1.0,0.9395,0.9517,-0.3662,0.0,-0.1642,0.4846,-0.266,-0.149,0.1683,-0.4304,0.0482,-1.153,-0.2927,-0.0823,1.176,0.427,-0.669,-0.1359,-0.1381,0.0,0.0,-0.1427,0.0,0.10516,0.321,0.0,0.0,0.0,0.0,-0.9214,1.0,0.5,1.0,0.2224,-0.2905,0.0,2.0,0.0,1.0,0.0,0.0,0.0,-1.154
-0.1353,-0.135,-0.135,0.8076,-0.84,-0.05017,-0.0588,0.2874,-0.635,-1.049,-0.7505,-8.11,0.0,0.0792,-1.0,-1.0,1.149,1.164,-0.475,0.0,-0.1616,0.4106,-0.3027,-0.2196,-0.4438,-0.4312,0.5317,-1.26,-0.296,-1.153,0.08234,0.5938,-0.93,-0.1362,-0.1389,0.0,0.0,-0.1439,0.0,0.0792,-0.2932,0.0,0.0,0.0,0.0,-1.114,0.0,0.5,0.5,0.774,-0.824,0.0,3.0,0.0,1.0,0.0,0.0,0.0,-1.424
-0.1381,-0.1378,-0.138,1.181,-1.211,-0.05017,-0.544,0.3242,-1.01,-1.174,-0.771,0.9336,-0.1428,0.06934,-1.0,-1.0,1.306,1.325,-0.5547,0.0,-0.159,0.5576,-0.3513,-0.2864,-0.8413,-0.4414,0.3257,-0.944,-0.2666,-1.26,-0.0823,1.176,0.4294,-0.1393,-0.14,0.0,0.0,-0.1455,0.0,0.06006,-0.7544,0.0,0.0,0.0,0.0,-0.9185,-1.0,0.0,0.0,1.17,-1.142,0.0,4.0,0.0,1.0,0.0,0.0,0.0,-1.198
-0.1418,-0.1414,-0.1418,1.534,-1.557,-0.05017,-1.036,0.4263,-1.353,-1.298,-0.8003,0.563,-0.2856,0.05942,-1.0,-1.0,1.473,1.484,-0.635,0.0,-0.1566,0.3516,-0.4067,-0.3364,-1.185,-0.4622,0.4727,-0.959,-0.1915,-0.944,-1.153,0.08234,-0.4263,-0.145,-0.1414,0.0,0.0,-0.1467,0.0,0.0408,-0.94,0.0,0.0,0.0,0.0,-1.212,-2.0,0.0,-0.5,1.514,-1.47,0.0,5.0,0.0,1.0,0.0,0.0,0.0,-1.606
-0.1458,-0.145,-0.1459,1.614,-1.627,-0.05017,-1.264,0.4336,-1.455,-1.352,-0.825,0.2345,-0.2856,0.0495,-1.0,-1.0,1.544,1.56,-0.671,0.0,-0.154,0.365,-0.4712,-0.3635,-1.32,-0.4756,0.2163,-0.4429,-0.1139,-0.959,-1.26,-0.0822,0.3435,-0.1538,-0.1426,0.0,0.0,-0.148,0.0,0.0319,-0.9004,0.0,0.0,0.0,0.0,-0.4001,-2.0,-0.5,-0.5,1.56,-1.572,0.0,5.617,0.0,1.0,0.0,0.0,0.0,-0.539
-0.1499,-0.1492,-0.15,1.729,-1.738,-0.05017,-1.539,0.2722,-1.615,-1.418,-0.847,0.274,-0.2856,0.0396,-1.0,-1.0,1.617,1.668,-0.7144,0.0,-0.1515,0.8657,-0.4495,-0.376,-1.496,-0.4893,-0.11993,-0.5356,-0.0183,-0.4429,-0.944,-1.152,0.427,-0.1636,-0.1448,0.0,0.0,-0.1494,0.0,0.02112,-0.829,0.0,0.0,0.0,0.0,-0.7603,-2.0,-1.0,-0.5,1.673,-1.676,0.0,5.617,0.0,1.0,0.0,0.0,0.0,-1.032
-0.1532,-0.1523,-0.1534,1.416,-1.415,-0.05017,-1.539,0.2585,-1.353,-1.37,-0.8706,-0.04883,-0.2856,0.02971,-1.0,-1.0,1.553,1.602,-0.6855,0.0,-0.149,0.00894,-0.3875,-0.3682,-1.182,-0.517,-0.5864,0.3604,0.04675,-0.5356,-0.959,-1.26,0.5933,-0.1726,-0.1466,0.0,0.0,-0.1508,0.0,0.02733,-0.8574,0.0,0.0,0.0,0.0,0.578,-1.0,-1.0,-0.5,1.371,-1.364,1.0,0.0,0.0,1.0,0.0,0.0,0.0,0.7915
-0.156,-0.1552,-0.1564,1.219,-1.208,-0.05017,-1.539,0.3374,-1.193,-1.346,-0.888,0.001764,-0.2856,0.0198,-1.0,-1.0,1.526,1.559,-0.671,0.0,-0.1465,0.845,-0.2998,-0.345,-0.966,-0.541,-1.359,0.1791,0.09766,0.3604,-0.4429,-0.9434,1.176,-0.1792,-0.1487,0.0,0.0,-0.1526,0.0,0.03014,-0.7217,0.0,0.0,0.0,0.0,0.2878,0.0,-1.0,0.0,1.174,-1.173,2.0,0.0,0.0,1.0,0.0,0.0,0.0,0.3918
-0.1584,-0.1575,-0.1588,1.081,-1.0625,-0.05017,-1.539,0.4194,-1.067,-1.332,-0.9077,0.014114,-0.2856,0.0099,-1.0,-1.0,1.517,1.532,-0.6636,0.0,-0.1439,0.4822,-0.1992,-0.3147,-0.797,-0.5645,-1.638,0.08923,0.1219,0.1791,-0.5356,-0.9585,0.08234,-0.1832,-0.1499,0.0,0.0,-0.155,0.0,0.03122,-0.809,0.0,0.0,0.0,0.0,0.145,1.0,-1.0,0.0,1.023,-1.052,3.0,0.0,0.0,1.0,0.0,0.0,0.0,0.1968
-0.1609,-0.1599,-0.1615,1.119,-1.097,-0.05017,-1.539,0.4624,-1.086,-1.364,-0.9346,0.1647,-0.4285,0.0,-1.0,-1.0,1.563,1.574,-0.6855,0.0,-0.1414,-0.3523,-0.10297,-0.2847,-0.838,-0.5796,-1.831,-0.2673,0.141,0.08923,0.36,-0.4429,-0.0822,-0.186,-0.1519,0.0,0.0,-0.1576,0.0,0.02559,-1.013,0.0,0.0,0.0,0.0,-0.3525,1.0,-1.0,-0.5,1.04,-1.105,0.0,1.0,0.0,1.0,0.0,0.0,0.0,-0.4778
-0.1624,-0.1614,-0.1628,0.704,-0.6816,-0.05017,-1.539,0.359,-0.6387,-1.273,-0.9624,-0.362,-0.5713,-0.0099,-1.0,-1.0,1.436,1.457,-0.6274,0.0,-0.1389,-0.3652,-0.00927,-0.2537,-0.408,-0.596,-1.486,0.7163,0.1465,-0.2673,0.179,-0.535,-1.152,-0.1859,-0.1534,0.0,0.0,-0.1593,0.0,0.03873,-0.98,0.0,0.0,0.0,0.0,0.9556,2.0,-0.5,-0.5,0.624,-0.724,1.0,0.0,0.0,1.0,0.0,0.0,0.0,1.301
-0.162,-0.1611,-0.1622,0.02411,-0.0092,-0.05017,-1.539,0.1798,0.1476,-1.091,-0.9893,-1.504,-0.5713,-0.0198,0.0,-1.0,1.19,1.2295,-0.511,0.0,-0.1364,-0.0412,0.0754,-0.1967,0.37,-0.613,-1.007,1.415,0.1458,0.7163,0.08923,0.36,-1.259,-0.1825,-0.1543,0.0,0.0,-0.1595,0.0,0.06537,-0.917,0.0,0.0,0.0,0.0,2.484,2.0,0.0,-0.5,0.05856,0.01976,2.0,0.0,0.0,1.0,1.0,0.0,3.438,3.344
-0.1619,-0.1614,-0.162,0.1445,-0.1461,-0.05017,-1.539,0.0957,0.1364,-1.125,-1.019,0.0961,-0.5713,-0.02971,0.0,-1.0,1.226,1.282,-0.533,0.0,-0.1338,-0.619,0.1323,-0.1462,0.2886,-0.621,-0.5654,-0.2593,0.1414,1.415,-0.2673,0.179,-0.9434,-0.1786,-0.1553,0.0,0.0,-0.1602,0.0,0.05948,-0.991,0.0,0.0,0.0,0.0,-0.5,1.0,0.0,-1.0,0.1884,-0.09753,0.0,1.0,0.0,1.0,0.0,0.0,0.0,-0.657
-0.1622,-0.1619,-0.1621,0.253,-0.2725,-0.05017,-1.539,0.0736,0.1313,-1.159,-1.049,0.1207,-0.5713,-0.0396,0.0,-1.0,1.266,1.33,-0.5547,0.0,-0.1313,-0.615,0.1594,-0.09863,0.2079,-0.6294,-0.0905,-0.2605,0.1416,-0.2593,0.7163,0.08923,-0.9585,-0.1758,-0.1558,0.0,0.0,-0.1608,0.0,0.0539,-1.019,0.0,0.0,0.0,0.0,-0.3154,0.0,0.0,-1.0,0.2485,-0.268,0.0,2.0,0.0,1.0,0.0,0.0,0.0,-0.4163
-0.162,-0.1617,-0.1617,0.0844,-0.1121,-0.05017,-1.539,0.07184,0.3728,-1.114,-1.067,1.218,-0.5713,-0.0495,0.0,-1.0,1.21,1.271,-0.526,0.0,-0.1288,0.6626,0.1555,-0.0556,0.4253,-0.637,0.1659,0.3486,0.1368,-0.2605,1.415,-0.2673,-0.4429,-0.1726,-0.1558,0.0,0.0,-0.1613,0.0,0.0604,-0.675,0.0,0.0,0.0,0.0,0.2908,1.0,0.5,-0.5,0.04437,-0.1594,1.0,0.0,0.0,1.0,0.0,0.0,0.0,0.3855
-0.1616,-0.1614,-0.1613,-0.0254,-0.003918,-0.05017,-1.539,-0.00956,0.515,-1.082,-1.072,0.463,-0.4285,-0.05942,0.0,-1.0,1.164,1.237,-0.504,0.0,-0.1262,-0.2754,0.1191,-0.01984,0.5703,-0.64,0.502,0.26,0.1246,0.3486,-0.2593,0.716,-0.535,-0.1692,-0.1558,0.0,0.0,-0.162,0.0,0.0651,-0.2499,0.0,0.0,0.0,0.0,0.2627,1.0,1.0,0.0,-0.094,-0.0908,2.0,0.0,0.0,1.0,0.0,0.0,0.0,0.3462
-0.1609,-0.1606,-0.1605,-0.12225,0.09467,-0.05017,-1.539,-0.1417,0.6133,-1.05,-1.066,0.3137,-0.2856,-0.06934,0.0,-1.0,1.111,1.207,-0.4822,0.0,-0.1237,-0.6274,0.0558,0.005013,0.682,-0.637,0.4558,0.2588,0.0973,0.26,-0.2603,1.415,0.36,-0.1649,-0.1555,0.0,0.0,-0.1628,0.0,0.0699,0.1746,0.0,0.0,0.0,0.0,0.2343,1.0,1.0,0.5,-0.2216,-0.0332,3.0,0.0,0.0,1.0,0.0,0.0,0.0,0.3076
-0.1604,-0.1602,-0.16,-0.0215,-0.00712,-0.05017,-1.539,-0.219,0.4668,-1.072,-1.052,-0.0772,-0.1428,-0.0792,0.0,-1.0,1.133,1.244,-0.4968,0.0,-0.1212,-0.393,-0.01811,0.01295,0.5586,-0.631,0.4895,-0.1719,0.01022,0.2588,0.3486,-0.2593,0.179,-0.162,-0.1559,0.0,0.0,-0.1647,0.0,0.0661,0.54,0.0,0.0,0.0,0.0,-0.1604,1.0,0.5,0.5,-0.1407,-0.1488,0.0,1.0,0.0,1.0,0.0,0.0,0.0,-0.2097
-0.1608,-0.1605,-0.1604,0.2607,-0.2947,-0.3062,-1.539,-0.2632,0.11237,-1.152,-1.038,-0.5254,0.0,-0.0891,0.0,-1.0,1.228,1.354,-0.5474,0.0,-0.1187,-0.3823,-0.1107,0.004337,0.2297,-0.6255,0.5483,-0.603,-0.1059,-0.1719,0.26,-0.2603,0.08923,-0.1628,-0.157,0.0,0.0,-0.1669,0.0,0.05383,0.4502,0.0,0.0,0.0,0.0,-0.4675,1.0,0.0,0.5,0.1296,-0.4275,0.0,2.0,0.0,1.0,0.0,0.0,0.0,-0.613
-0.1604,-0.1603,-0.16,0.01855,-0.05234,-0.3062,-1.539,-0.2888,0.2803,-1.083,-1.016,0.952,0.1428,-0.099,0.0,-1.0,1.14,1.265,-0.504,0.0,-0.11615,0.6533,-0.2255,-0.02492,0.4062,-0.612,0.7417,0.5225,-0.2443,-0.603,0.2588,0.3486,-0.2673,-0.1622,-0.1577,0.0,0.0,-0.1687,0.0,0.0637,0.865,1.0,0.0,0.0,0.0,0.471,1.0,0.5,1.0,-0.0874,-0.1765,1.0,0.0,0.0,1.0,0.0,0.0,0.0,0.6235
-0.1606,-0.1606,-0.1603,0.2585,-0.2979,-0.3062,-1.539,-0.2632,-0.0356,-1.15,-1.0,-0.7334,0.2856,-0.1089,0.0,-1.0,1.226,1.352,-0.5474,0.0,-0.11365,-0.1482,-0.3245,-0.0727,0.0886,-0.601,0.5107,-0.5176,-0.327,0.5225,-0.1719,0.26,0.716,-0.162,-0.1584,0.0,0.0,-0.17,0.0,0.05322,0.4998,0.0,0.0,0.0,0.0,-0.3696,0.0,0.0,0.5,0.1575,-0.3982,0.0,1.0,0.0,1.0,0.0,0.0,0.0,-0.485
-0.162,-0.162,-0.1616,0.637,-0.684,-0.3062,-1.539,-0.3008,-0.4849,-1.264,-0.9927,-6.055,0.2856,-0.11884,-1.0,-1.0,1.363,1.507,-0.62,0.0,-0.1111,0.1086,-0.3958,-0.135,-0.396,-0.591,-0.1157,-0.8706,-0.3489,-0.5176,-0.603,0.2588,1.415,-0.1641,-0.1592,0.0,0.0,-0.1711,0.0,0.0359,0.07227,0.0,0.0,0.0,0.0,-0.6123,-1.0,-0.5,0.0,0.5566,-0.7324,0.0,2.0,0.0,1.0,0.0,0.0,0.0,-0.8105
-0.1642,-0.1641,-0.1638,0.9526,-1.001,-0.3062,-1.539,-0.2241,-0.861,-1.364,-0.992,1.259,0.2856,-0.1287,-1.0,-1.0,1.501,1.639,-0.6855,0.0,-0.1086,0.9727,-0.426,-0.2039,-0.8145,-0.584,-0.0527,-0.795,-0.332,-0.8706,0.522,-0.1718,-0.259,-0.168,-0.1604,0.0,0.0,-0.1721,0.0,0.0202,-0.2188,0.0,0.0,0.0,0.0,-0.6978,-1.0,-0.5,-0.5,0.882,-1.015,0.0,3.0,0.0,1.0,0.0,0.0,0.0,-0.937
-0.1666,-0.1665,-0.1663,1.04,-1.087,-0.3062,-1.539,-0.1702,-1.0205,-1.407,-0.992,0.3772,0.2856,-0.1387,-1.0,-1.0,1.5625,1.694,-0.7144,0.0,-0.1061,0.1388,-0.4268,-0.2676,-1.005,-0.58,-0.01486,-0.3582,-0.3062,-0.795,-0.5176,-0.603,-0.2603,-0.173,-0.1616,0.0,0.0,-0.1727,0.0,0.013115,-0.2445,0.0,0.0,0.0,0.0,-0.2527,-1.0,-0.5,-0.5,0.945,-1.12,0.0,4.0,0.0,1.0,0.0,0.0,0.0,-0.344
-0.1682,-0.1681,-0.1678,0.752,-0.7935,-0.3062,-1.539,-0.1626,-0.7856,-1.348,-0.995,-0.1417,0.2856,-0.1486,-1.0,-1.0,1.484,1.609,-0.678,0.0,-0.1035,-0.2338,-0.406,-0.3318,-0.8125,-0.5767,-0.2754,0.4504,-0.3037,-0.3582,-0.87,0.522,0.3486,-0.1769,-0.1627,0.0,0.0,-0.1729,0.0,0.02145,-0.3318,0.0,0.0,0.0,0.0,0.2329,-1.0,-0.5,-0.5,0.622,-0.886,1.0,0.0,0.0,1.0,0.0,0.0,0.0,0.319
-0.1699,-0.1697,-0.1696,0.7754,-0.8154,-0.3062,-0.08246,-0.2107,-0.7964,-1.366,-1.011,0.1609,0.1428,-0.1584,-1.0,-1.0,1.506,1.642,-0.693,0.0,-0.101,-0.1095,-0.3938,-0.3987,-0.845,-0.586,-0.4897,-0.1788,-0.3132,0.4504,-0.795,-0.5176,0.2598,-0.18,-0.1642,0.0,0.0,-0.1726,0.0,0.01784,-0.976,0.0,0.0,0.0,0.0,-0.0982,-1.0,-1.0,-1.0,0.6396,-0.9136,0.0,1.0,0.0,1.0,0.0,0.0,0.0,-0.1335
-0.1713,-0.1711,-0.171,0.6753,-0.713,-0.3062,-0.08246,-0.2134,-0.6904,-1.351,-1.022,-0.02791,0.0,-0.1683,-1.0,-1.0,1.485,1.62,-0.6855,0.0,-0.0985,-0.5933,-0.393,-0.4495,-0.74,-0.597,-0.725,0.08966,-0.3132,-0.1788,-0.3582,-0.87,0.2588,-0.184,-0.1658,0.0,0.0,-0.1726,0.0,0.01935,-0.8633,0.0,0.0,0.0,0.0,0.04504,0.0,-1.0,-0.5,0.536,-0.8223,1.0,0.0,0.0,1.0,0.0,0.0,0.0,0.06143
-0.1735,-0.1732,-0.1732,0.953,-0.989,-0.3062,-0.08246,-0.1373,-0.957,-1.439,-1.038,0.652,-0.1428,-0.1782,-1.0,-1.0,1.608,1.737,-0.7437,0.0,-0.09595,0.02646,-0.401,-0.4834,-1.005,-0.611,-0.759,-0.7163,-0.282,0.08966,0.4502,-0.795,-0.1718,-0.1881,-0.1682,0.0,0.0,-0.1732,0.0,0.005386,-0.972,0.0,0.0,0.0,0.0,-0.5967,0.0,-1.0,-0.5,0.8145,-1.076,0.0,1.0,0.0,1.0,0.0,0.0,0.0,-0.8125
-0.176,-0.1757,-0.1758,1.126,-1.161,-0.3062,-0.08246,-0.1748,-1.108,-1.505,-1.0625,0.3408,-0.2856,-0.1881,-1.0,-1.0,1.694,1.836,-0.787,0.0,-0.09344,0.163,-0.4065,-0.4958,-1.147,-0.6313,-0.6074,-0.5435,-0.227,-0.7163,-0.1787,-0.358,-0.603,-0.1918,-0.1709,0.0,0.0,-0.1741,0.0,-0.00523,-1.261,0.0,1.0,0.0,0.0,-0.554,0.0,-1.0,-1.0,0.991,-1.231,0.0,2.0,0.0,1.0,0.0,0.0,0.0,-0.764
-0.177,-0.1766,-0.1768,0.501,-0.5293,-0.3062,-0.08246,-0.1677,-0.4658,-1.353,-1.079,-0.567,-0.4285,-0.198,-1.0,-1.0,1.49,1.617,-0.693,0.0,-0.0909,0.011116,-0.3933,-0.4905,-0.4895,-0.6494,-0.9985,1.188,-0.225,-0.5435,0.08966,0.4502,0.522,-0.1919,-0.1731,0.0,0.0,-0.1742,0.0,0.01662,-0.85,0.0,0.0,0.0,0.0,1.117,0.0,-1.0,-1.0,0.451,-0.555,1.0,0.0,0.0,1.0,0.0,0.0,0.0,1.554
-0.177,-0.1766,-0.1768,0.1483,-0.1766,-0.3062,-0.08246,-0.179,-0.05292,-1.256,-1.091,-1.148,-0.4285,-0.2079,0.0,-1.0,1.365,1.485,-0.635,0.0,-0.0884,-0.602,-0.3574,-0.4712,-0.0684,-0.663,-0.8555,0.7173,-0.2244,1.188,-0.7163,-0.1787,-0.5176,-0.1902,-0.1744,0.0,0.0,-0.1742,0.0,0.02998,-0.6797,0.0,0.0,0.0,0.0,0.543,1.0,-0.5,-1.0,0.1486,-0.1752,2.0,0.0,0.0,1.0,0.0,0.0,0.0,0.7407
-0.1775,-0.1772,-0.1772,0.3423,-0.3782,-0.4238,-0.08246,-0.2081,-0.1962,-1.31,-1.1045,-2.383,-0.5713,-0.2178,-1.0,-1.0,1.431,1.561,-0.671,0.0,-0.0859,-0.836,-0.3018,-0.4421,-0.2064,-0.6763,-0.4856,-0.4429,-0.2355,0.7173,-0.5435,0.0896,-0.87,-0.19,-0.1754,0.0,0.0,-0.1754,0.0,0.02122,-0.737,0.0,0.0,0.0,0.0,-0.2534,0.0,-0.5,-1.0,0.325,-0.381,0.0,1.0,0.0,1.0,0.0,0.0,0.0,-0.3416
-0.1774,-0.1771,-0.177,0.08673,-0.1207,-0.4238,-0.08246,-0.1499,0.10034,-1.236,-1.108,-3.867,-0.5713,-0.2278,0.0,-1.0,1.343,1.455,-0.6274,0.0,-0.0833,0.468,-0.2411,-0.4104,0.10944,-0.686,-0.1367,0.5356,-0.248,-0.4429,1.188,-0.716,-0.7944,-0.1886,-0.1758,0.0,0.0,-0.1761,0.0,0.03122,-0.4153,0.0,0.0,0.0,0.0,0.3625,1.0,0.0,-0.5,0.0844,-0.1268,1.0,0.0,0.0,1.0,0.0,0.0,0.0,0.492
-0.1759,-0.1758,-0.1755,-0.3691,0.338,-0.4238,-0.08246,-0.2137,0.641,-1.095,-1.109,2.895,-0.5713,-0.2377,0.0,-1.0,1.16,1.272,-0.5405,0.0,-0.0808,0.3179,-0.1896,-0.3816,0.6514,-0.69,0.065,1.062,-0.2443,0.5356,0.7173,-0.5435,-0.358,-0.1854,-0.1753,0.0,0.0,-0.176,0.0,0.0514,-0.2559,0.0,0.0,0.0,0.0,0.845,2.0,0.5,-0.5,-0.3174,0.3552,2.0,0.0,0.0,1.0,0.0,0.0,0.0,1.138
-0.1736,-0.1735,-0.1733,-0.69,0.6675,-0.1318,-0.08246,-0.2498,1.043,-0.9775,-1.1,0.7256,-0.5713,-0.2476,0.0,-1.0,1.016,1.125,-0.4678,0.0,-0.0783,-0.0532,-0.1631,-0.3625,1.045,-0.6836,-0.04428,0.869,-0.2196,1.062,-0.4429,1.188,0.4502,-0.1796,-0.1743,0.0,0.0,-0.1757,0.0,0.0681,0.1122,0.0,0.0,0.0,0.0,0.7456,2.0,0.5,0.0,-0.6235,0.676,3.0,0.0,0.0,1.0,0.0,0.0,0.0,0.986
-0.1705,-0.1703,-0.1704,-0.932,0.923,0.2703,-0.08246,-0.2418,1.338,-0.8716,-1.074,0.4224,-0.4285,-0.2573,0.0,-1.0,0.8926,0.991,-0.4023,0.0,-0.07574,0.3845,-0.1635,-0.352,1.369,-0.673,0.1616,0.771,-0.1659,0.869,0.5356,0.717,-0.1787,-0.1713,-0.1727,0.0,0.0,-0.1748,0.0,0.08325,0.5503,0.0,0.0,0.0,0.0,0.532,2.0,1.0,0.5,-0.8584,0.9204,4.0,0.0,0.0,1.0,0.0,0.0,0.0,0.694
-0.1656,-0.165,-0.1656,-1.554,1.569,1.196,-0.08246,-0.2634,1.907,-0.628,-1.026,0.682,-0.2856,-0.2673,0.0,-1.0,0.616,0.7,-0.25,0.0,-0.07324,0.6636,-0.191,-0.3518,1.872,-0.639,0.2878,1.776,-0.008736,0.771,1.062,-0.4429,0.0896,-0.1617,-0.1705,0.0,0.0,-0.1731,0.0,0.1187,1.088,1.0,0.0,0.0,0.0,1.512,3.0,1.0,1.0,-1.383,1.625,5.0,0.0,0.0,1.0,1.0,0.0,4.234,1.944
-0.1633,-0.1627,-0.1635,-0.649,0.662,1.196,-0.08246,-0.0797,1.005,-0.868,-0.9917,-0.387,-0.1428,-0.2773,0.0,-1.0,0.903,0.971,-0.4023,0.0,-0.0707,1.522,-0.2241,-0.351,1.042,-0.6187,0.876,-1.726,0.02615,1.776,0.869,0.535,-0.716,-0.1567,-0.1691,0.0,0.0,-0.1724,0.0,0.08264,0.6235,0.0,0.0,0.0,0.0,-1.025,2.0,1.0,1.0,-0.461,0.8057,0.0,1.0,0.0,1.0,0.0,0.0,0.0,-1.281
-0.1626,-0.162,-0.1628,-0.0895,0.0988,1.196,-0.228,0.02885,0.3667,-1.015,-0.969,-0.482,0.0,-0.287,0.0,-1.0,1.085,1.1455,-0.4968,0.0,-0.0682,0.766,-0.2605,-0.3489,0.4287,-0.6084,1.326,-1.1,0.035,-1.726,0.771,1.062,-0.5435,-0.153,-0.1682,0.0,0.0,-0.172,0.0,0.06027,0.2786,0.0,0.0,0.0,0.0,-0.5303,1.0,1.0,0.5,0.11725,0.3064,0.0,2.0,0.0,1.0,0.0,0.0,0.0,-0.682
-0.1611,-0.1604,-0.1614,-0.3628,0.3777,1.196,-0.228,0.077,0.6006,-0.9204,-0.9404,0.675,0.1428,-0.297,0.0,-1.0,0.9775,1.021,-0.4387,0.0,-0.0657,0.6265,-0.2727,-0.3445,0.6924,-0.595,0.9478,0.6895,0.05374,-1.1,1.776,0.869,1.188,-0.1489,-0.167,0.0,0.0,-0.1715,0.0,0.0737,0.4204,0.0,0.0,0.0,0.0,0.3574,1.0,1.0,1.0,-0.1134,0.6104,1.0,0.0,0.0,1.0,0.0,0.0,0.0,0.4685
-0.1606,-0.1599,-0.1609,-0.012726,0.02568,1.196,-0.228,0.2043,0.1776,-1.011,-0.9185,-0.505,0.2856,-0.307,0.0,-1.0,1.096,1.124,-0.4968,0.0,-0.0631,0.5347,-0.2537,-0.3374,0.2805,-0.583,0.7583,-0.6816,0.0616,0.6895,-1.725,0.771,0.717,-0.148,-0.1664,0.0,0.0,-0.1711,0.0,0.05978,0.2573,0.0,0.0,0.0,0.0,-0.5356,0.0,0.5,0.5,0.218,0.2654,0.0,1.0,0.0,1.0,0.0,0.0,0.0,-0.694
-0.1592,-0.1584,-0.1594,-0.3706,0.384,1.196,-0.228,0.2034,0.4678,-0.8936,-0.8833,1.2295,0.4285,-0.317,0.0,-1.0,0.9575,0.9756,-0.424,0.0,-0.0606,0.2778,-0.1963,-0.3232,0.5903,-0.5635,1.049,0.862,0.0886,-0.6816,-1.1,1.775,-0.4429,-0.1471,-0.1659,0.0,0.0,-0.1696,0.0,0.0766,0.5215,0.0,0.0,0.0,0.0,0.528,0.0,1.0,1.0,-0.10394,0.635,1.0,0.0,0.0,1.0,0.0,0.0,0.0,0.692
-0.1581,-0.1575,-0.1581,-0.251,0.253,1.196,-0.228,0.22,0.2352,-0.9126,-0.843,-0.2944,0.5713,-0.3267,0.0,-1.0,0.9814,0.998,-0.4387,0.0,-0.05807,-0.06107,-0.09894,-0.2913,0.3396,-0.534,0.9395,-0.1699,0.0933,0.862,0.6895,-1.725,0.535,-0.1478,-0.1654,0.0,0.0,-0.1677,0.0,0.07294,0.601,0.0,0.0,0.0,0.0,-0.1056,0.0,0.5,1.0,-0.03543,0.4578,0.0,1.0,0.0,1.0,0.0,0.0,0.0,-0.1364
-0.1555,-0.155,-0.1556,-0.7227,0.7275,1.196,-0.228,0.2063,0.6753,-0.7485,-0.803,1.5205,0.7144,-0.3367,0.0,-1.0,0.792,0.7983,-0.3372,0.0,-0.05554,-0.65,0.02264,-0.2336,0.7285,-0.5,0.544,1.192,0.118,-0.1699,-0.681,-1.1,1.062,-0.1497,-0.1643,0.0,0.0,-0.1648,0.0,0.09656,0.6113,0.0,0.0,0.0,0.0,0.8047,1.0,0.5,1.0,-0.4578,0.949,1.0,0.0,0.0,1.0,1.0,0.0,3.768,1.043
-0.153,-0.1525,-0.153,-0.7466,0.75,1.196,-0.228,0.2069,0.666,-0.712,-0.7676,0.1298,0.7144,-0.3464,0.0,-1.0,0.751,0.754,-0.3154,0.0,-0.05304,-0.4292,0.1355,-0.163,0.7114,-0.4753,0.2416,0.2505,0.1493,1.192,0.8613,0.689,0.8687,-0.1478,-0.1632,0.0,0.0,-0.1621,0.0,0.1015,0.5586,0.0,0.0,0.0,0.0,0.1385,1.0,0.5,1.0,-0.4907,0.9604,2.0,0.0,0.0,1.0,0.0,0.0,0.0,0.176
-0.1505,-0.1501,-0.1505,-0.699,0.6963,1.196,-0.228,0.2437,0.5547,-0.6973,-0.726,-0.01311,0.857,-0.3564,0.0,-1.0,0.738,0.733,-0.308,0.0,-0.0505,-0.4307,0.2266,-0.0829,0.629,-0.4536,-0.0485,0.0832,0.1635,0.2505,-0.1699,-0.681,0.7705,-0.1438,-0.1622,0.0,0.0,-0.1592,0.0,0.10297,0.677,0.0,0.0,0.0,0.0,0.048,2.0,0.5,1.5,-0.4663,0.885,3.0,0.0,0.0,1.0,0.0,0.0,0.0,0.0607
-0.1481,-0.1478,-0.148,-0.693,0.682,1.196,-0.228,0.2076,0.4983,-0.6704,-0.687,0.05054,0.857,-0.3665,0.0,-1.0,0.7046,0.7046,-0.2935,0.0,-0.04797,0.01228,0.2986,0.00586,0.565,-0.4277,-0.8765,0.1661,0.1707,0.0832,1.192,0.8613,1.775,-0.1406,-0.1613,0.0,0.0,-0.1561,0.0,0.10614,0.634,0.0,0.0,0.0,0.0,0.10345,2.0,0.5,1.5,-0.502,0.8257,4.0,0.0,0.0,1.0,0.0,0.0,0.0,0.1307
-0.145,-0.1448,-0.1449,-0.894,0.8857,1.196,-0.228,0.1735,0.702,-0.574,-0.6514,0.508,0.857,-0.3762,0.0,-1.0,0.5967,0.595,-0.2355,0.0,-0.04544,0.1066,0.3525,0.09985,0.7363,-0.4,-0.01906,0.6626,0.1559,0.1661,0.2505,-0.1698,-1.725,-0.135,-0.1599,0.0,0.0,-0.1523,0.0,0.1195,0.5884,0.0,0.0,0.0,0.0,0.4612,3.0,1.0,1.5,-0.703,1.014,5.0,0.0,0.0,1.0,0.0,0.0,0.0,0.581
-0.1431,-0.1428,-0.1428,-0.5483,0.535,1.196,-0.228,0.1748,0.3381,-0.652,-0.6294,-0.3457,0.857,-0.3862,0.0,-1.0,0.681,0.6855,-0.2864,0.0,-0.04294,-0.3235,0.379,0.1827,0.3606,-0.384,0.624,-0.573,0.05896,0.6626,0.0832,1.192,-1.099,-0.1321,-0.1586,0.0,0.0,-0.1484,0.0,0.1074,0.305,0.0,0.0,0.0,0.0,-0.1963,2.0,1.0,1.0,-0.3855,0.6597,0.0,1.0,0.0,1.0,0.0,0.0,0.0,-0.2446
-0.1434,-0.1432,-0.1433,0.29,-0.3108,1.196,-0.228,0.2915,-0.5127,-0.8906,-0.629,-1.916,0.7144,-0.396,-1.0,-1.0,0.962,0.9634,-0.4387,0.0,-0.0404,0.6265,0.3665,0.2428,-0.513,-0.3806,0.4097,-1.737,-0.02563,-0.573,0.1661,0.2505,0.689,-0.1321,-0.1583,0.0,0.0,-0.1466,0.0,0.07135,-0.2183,0.0,0.0,0.0,0.0,-1.094,1.0,0.5,0.5,0.408,-0.1703,0.0,2.0,0.0,1.0,0.0,1.0,-3.82,-1.376
-0.1443,-0.1439,-0.144,0.4275,-0.4521,1.196,-0.228,0.2842,-0.591,-0.9316,-0.647,0.3582,0.5713,-0.406,-1.0,-1.0,1.01,1.016,-0.4678,0.0,-0.03787,1.1,0.3325,0.2698,-0.592,-0.3962,0.746,-0.3408,-0.08453,-1.737,0.6626,0.0831,-0.681,-0.1349,-0.1578,0.0,0.0,-0.1453,0.0,0.0643,-0.69,0.0,0.0,0.0,0.0,-0.2064,0.0,0.5,0.0,0.4636,-0.3901,0.0,3.0,0.0,1.0,0.0,0.0,0.0,-0.2676
-0.146,-0.1456,-0.1459,0.789,-0.8164,1.196,-0.579,0.1613,-0.9497,-1.044,-0.657,0.971,0.4285,-0.4158,-1.0,-1.0,1.132,1.17,-0.5405,0.0,-0.03534,-0.15,0.279,0.2703,-0.9478,-0.4062,0.3423,-0.857,-0.1589,-0.3408,-0.573,0.166,0.8613,-0.1398,-0.1575,0.0,0.0,-0.1443,0.0,0.04703,-0.522,0.0,0.0,0.0,0.0,-0.422,-1.0,0.0,0.0,0.792,-0.7627,0.0,4.0,0.0,1.0,0.0,0.0,0.0,-0.5503
-0.1471,-0.1467,-0.1469,0.533,-0.558,1.196,-0.579,0.0835,-0.7397,-0.9814,-0.6543,-0.133,0.2856,-0.4258,-1.0,-1.0,1.051,1.098,-0.504,0.0,-0.03284,0.0729,0.1986,0.2465,-0.7026,-0.4138,0.3591,0.4346,-0.2233,-0.857,-1.736,0.6626,-0.1698,-0.1439,-0.1566,0.0,0.0,-0.1433,0.0,0.05527,-0.1593,0.0,0.0,0.0,0.0,0.3237,-1.0,0.5,0.5,0.5376,-0.5225,1.0,0.0,0.0,1.0,0.0,0.0,0.0,0.428
-0.1473,-0.147,-0.1471,0.2288,-0.2505,1.196,-0.579,0.04205,-0.4436,-0.896,-0.6514,-0.3767,0.1428,-0.4355,-1.0,-1.0,0.946,0.994,-0.4531,0.0,-0.0303,0.4026,0.1002,0.2035,-0.412,-0.4146,-0.267,0.604,-0.2524,0.4346,-0.3406,-0.573,1.192,-0.1473,-0.1553,0.0,0.0,-0.1427,0.0,0.0671,-0.1815,0.0,0.0,0.0,0.0,0.2717,0.0,0.5,0.5,0.246,-0.2242,2.0,0.0,0.0,1.0,0.0,0.0,0.0,0.3567
-0.1488,-0.1484,-0.1486,0.684,-0.709,1.196,-0.579,0.0675,-0.924,-1.031,-0.652,1.745,0.0,-0.4456,-1.0,-1.0,1.108,1.163,-0.5405,0.0,-0.02777,0.2008,-0.0208,0.146,-0.891,-0.4167,-0.4604,-1.025,-0.2261,0.604,-0.8564,-1.736,0.2505,-0.1539,-0.1545,0.0,0.0,-0.1433,0.0,0.04633,-0.2646,0.0,0.0,0.0,0.0,-0.663,0.0,0.0,0.5,0.6846,-0.6655,0.0,1.0,0.0,1.0,0.0,0.0,0.0,-0.8613
-0.1514,-0.1509,-0.1514,1.115,-1.136,1.196,-0.579,0.1575,-1.342,-1.164,-0.6665,0.71,-0.1428,-0.4556,-1.0,-1.0,1.279,1.328,-0.6274,0.0,-0.02525,0.944,-0.1561,0.07104,-1.266,-0.4392,-0.633,-1.043,-0.1483,-1.025,0.4346,-0.3406,0.0831,-0.1613,-0.1542,0.0,0.0,-0.145,0.0,0.02547,-0.72,0.0,0.0,0.0,0.0,-1.055,0.0,-0.5,0.0,1.135,-1.038,0.0,2.0,0.0,1.0,0.0,0.0,0.0,-1.394
-0.1566,-0.1558,-0.157,2.219,-2.219,-0.1897,-1.112,0.4946,-2.357,-1.481,-0.7,1.052,-0.2856,-0.4653,-1.0,-1.0,1.723,1.738,-0.8306,0.0,-0.02272,3.033,-0.2588,0.00403,-2.086,-0.466,-0.902,-2.477,0.02779,-1.043,0.604,-0.8564,0.166,-0.1697,-0.1549,0.0,0.0,-0.1494,0.0,-0.0226,-1.043,0.0,1.0,0.0,0.0,-1.914,0.0,-1.0,0.0,2.234,-2.041,0.0,3.0,0.0,1.0,0.0,0.0,0.0,-2.576
-0.1625,-0.1614,-0.1631,2.479,-2.459,-0.1897,-1.586,0.534,-2.36,-1.591,-0.7515,0.243,-0.4285,-0.4753,-1.0,-1.0,1.875,1.894,-0.9033,0.0,-0.0202,0.7075,-0.2109,-0.0492,-2.086,-0.525,-1.549,-0.923,0.2423,-2.477,-1.025,0.4346,0.662,-0.1791,-0.1558,0.0,0.0,-0.1532,0.0,-0.04,-1.485,0.0,1.0,0.0,0.0,-0.9097,-1.0,-1.5,-0.5,2.508,-2.195,0.0,4.0,0.0,1.0,0.0,0.0,0.0,-1.277
-0.1664,-0.165,-0.1672,1.696,-1.655,-0.1897,-1.586,0.604,-1.822,-1.432,-0.796,-0.189,-0.5713,-0.485,-1.0,-1.0,1.665,1.655,-0.8086,0.0,-0.01767,0.6646,-0.0709,-0.0821,-1.651,-0.5625,-1.642,1.219,0.3452,-0.923,-1.043,0.604,-0.573,-0.1848,-0.1559,0.0,0.0,-0.1555,0.0,-0.01807,-1.229,0.0,1.0,0.0,0.0,0.8516,-1.0,-1.0,-0.5,1.821,-1.398,1.0,0.0,0.0,1.0,0.0,0.0,0.0,1.214
-0.1711,-0.1696,-0.1721,2.04,-1.984,-0.1897,-1.586,0.8286,-2.062,-1.554,-0.85,0.2974,-0.7144,-0.495,-1.0,-1.0,1.85,1.811,-0.8887,0.0,-0.01515,1.706,0.1219,-0.0723,-1.877,-0.607,-1.062,-1.011,0.4736,1.219,-2.477,-1.024,-1.736,-0.1931,-0.1569,0.0,0.0,-0.1589,0.0,-0.0371,-1.336,0.0,1.0,0.0,0.0,-0.8184,-1.0,-1.0,-1.0,2.186,-1.676,0.0,1.0,0.0,1.0,0.0,0.0,0.0,-1.144
-0.1796,-0.1774,-0.1813,2.701,-2.545,-0.1897,-1.586,1.531,-2.36,-2.012,-0.934,0.921,-0.857,-0.505,-1.0,-1.0,2.586,2.465,-1.179,0.0,-0.01263,1.38,0.6494,0.172,-2.086,-0.801,-1.154,-2.514,0.783,-1.011,-0.923,-1.043,-0.3406,-0.2087,-0.1597,0.0,0.0,-0.1642,0.0,-0.1064,-1.596,0.0,1.0,0.0,0.0,-8.15,-1.0,-1.0,-1.5,2.75,-2.195,0.0,2.0,0.0,1.0,0.0,1.0,-3.82,-5.477
-0.1886,-0.186,-0.1907,2.701,-2.545,-0.1897,-1.882,1.757,-2.36,-2.154,-1.034,0.2002,-1.0,-0.5146,-1.0,-1.0,2.768,2.688,-1.273,0.0,-0.0101,2.127,1.143,0.4807,-2.086,-0.902,-1.1455,-1.296,1.074,-2.514,1.219,-2.477,-0.8564,-0.2245,-0.1627,0.0,0.0,-0.1707,0.0,-0.1292,-1.719,0.0,1.0,0.0,0.0,-2.541,-1.0,-1.0,-2.0,2.75,-2.195,0.0,3.0,0.0,1.0,0.0,0.0,0.0,-3.854
-0.1962,-0.1936,-0.1984,2.701,-2.545,-0.1897,-1.882,1.713,-2.36,-2.09,-1.126,-0.0421,-1.143,-0.525,-1.0,-1.0,2.725,2.578,-1.237,0.0,-0.007576,-0.349,1.5205,0.7646,-2.086,-0.9517,-1.78,0.5093,1.271,-1.296,-1.011,-0.9224,0.4343,-0.2377,-0.1658,0.0,0.0,-0.1768,0.0,-0.12103,-1.679,0.0,1.0,0.0,0.0,0.662,0.0,-1.0,-1.5,2.75,-2.195,1.0,0.0,0.0,1.0,0.0,0.0,0.0,1.026
-0.202,-0.1995,-0.2042,2.686,-2.541,-0.1897,-1.882,1.532,-2.285,-1.966,-1.195,-0.1365,-1.143,-0.5347,-1.0,-1.0,2.516,2.387,-1.164,0.0,-0.00505,-0.0999,1.805,1.016,-1.412,-0.989,-2.498,1.01,1.358,0.5093,-2.514,1.218,0.604,-0.2448,-0.169,0.0,0.0,-0.183,0.0,-0.10425,-1.386,0.0,1.0,0.0,0.0,0.838,0.0,-1.0,-1.0,2.75,-2.074,2.0,0.0,0.0,1.0,0.0,0.0,0.0,1.287
-0.2097,-0.2069,-0.212,2.701,-2.545,-0.1897,-1.882,1.802,-2.36,-2.164,-1.275,0.4712,-1.143,-0.5444,-1.0,-1.0,2.768,2.695,-1.324,0.0,-0.002525,3.135,2.031,1.24,-2.086,-1.027,-2.406,-2.186,1.48,1.01,-1.296,-1.01,-1.024,-0.254,-0.1733,0.0,0.0,-0.1907,0.0,-0.1421,-1.477,0.0,1.0,0.0,0.0,-1.942,0.0,-1.0,-1.0,2.75,-2.195,0.0,1.0,0.0,1.0,0.0,0.0,0.0,-2.936
-0.2163,-0.2135,-0.2188,2.701,-2.545,-0.1897,-1.882,1.838,-2.36,-2.164,-1.348,-0.01627,-1.143,-0.5547,-1.0,-1.0,2.768,2.695,-1.31,0.0,0.0,0.637,2.2,1.439,-1.893,-1.065,-2.355,0.2062,1.543,-2.186,0.5093,-2.514,-1.043,-0.2646,-0.178,0.0,0.0,-0.1984,0.0,-0.139,-1.392,0.0,1.0,0.0,0.0,0.2308,1.0,-0.5,-0.5,2.75,-2.195,1.0,0.0,0.0,-0.5,0.0,0.0,0.0,0.362
-0.2198,-0.217,-0.2223,1.711,-1.535,-0.02443,-1.882,1.875,-1.137,-1.895,-1.406,-0.4888,-1.143,-0.5645,-1.0,-1.0,2.438,2.238,-1.136,0.0,0.002525,1.086,2.303,1.605,-0.576,-1.097,-1.574,2.467,1.488,0.2062,1.01,-1.295,-2.477,-0.27,-0.1824,0.0,0.0,-0.2047,0.0,-0.0983,-1.073,0.0,1.0,0.0,0.0,2.527,2.0,0.0,-0.5,2.146,-0.9375,2.0,0.0,0.0,-0.5,0.0,0.0,0.0,3.95
-0.2181,-0.2153,-0.2205,-0.433,0.6147,2.393,-1.882,2.012,1.224,-1.336,-1.4375,-2.393,-1.0,-0.574,0.0,-1.0,1.665,1.386,-0.7944,0.0,0.00505,3.135,2.293,1.711,1.602,-1.091,-1.33,2.549,1.327,2.467,-2.186,0.5093,-0.9224,-0.2617,-0.1844,0.0,0.0,-0.209,0.0,-0.01872,-0.5615,0.0,0.0,0.0,0.0,7.266,2.0,0.5,-0.5,0.2568,1.321,3.0,0.0,0.0,-0.5,1.0,0.0,4.234,5.766
-0.2155,-0.2128,-0.2177,-0.763,0.937,2.871,-1.882,2.146,1.783,-1.213,-1.45,0.601,-0.857,-0.584,0.0,-1.0,1.519,1.204,-0.7217,0.0,0.007576,2.69,2.17,1.763,1.872,-1.08,-1.813,0.916,1.176,2.549,0.2062,1.01,1.218,-0.2498,-0.1855,0.0,0.0,-0.2123,0.0,-0.00217,-0.365,0.0,0.0,0.0,0.0,1.297,2.0,0.5,0.0,-0.0713,1.62,4.0,0.0,0.0,-0.5,0.0,0.0,0.0,1.807
-0.2147,-0.2123,-0.2168,-0.04276,0.197,2.871,-1.882,2.326,1.131,-1.395,-1.466,-0.2339,-0.7144,-0.594,0.0,-1.0,1.7705,1.438,-0.838,0.0,0.0101,1.175,1.961,1.772,1.219,-1.076,-1.301,-1.443,1.078,0.916,2.465,-2.186,-1.01,-0.2412,-0.1876,0.0,0.0,-0.2153,0.0,-0.03029,-0.3972,0.0,0.0,0.0,0.0,-3.463,2.0,0.5,0.0,0.5728,0.853,0.0,1.0,0.0,-0.5,0.0,0.0,0.0,-4.75
-0.217,-0.2147,-0.219,1.165,-1.028,2.871,-1.882,2.453,-0.0948,-1.719,-1.481,-0.936,-0.5713,-0.604,0.0,-1.0,2.229,1.904,-1.041,0.0,0.01263,1.943,1.674,1.758,-0.04037,-1.084,0.4097,-2.514,0.989,-1.443,2.547,0.2062,-2.514,-0.2385,-0.1903,0.0,0.0,-0.2197,0.0,-0.0784,-0.3972,0.0,0.0,0.0,0.0,-2.568,1.0,0.5,0.0,1.837,-0.2179,0.0,2.0,0.0,-0.5,0.0,0.0,0.0,-3.611
-0.2197,-0.2173,-0.2217,1.302,-1.159,2.871,-1.882,2.676,-0.251,-1.77,-1.49,-8.29,-0.5713,-0.614,-1.0,-1.0,2.322,1.962,-1.077,0.0,0.01515,2.889,1.354,1.719,-0.1991,-1.097,1.036,-0.4832,0.919,-2.514,0.9155,2.465,-1.295,-0.2333,-0.1937,0.0,0.0,-0.2238,0.0,-0.0876,-0.3567,0.0,0.0,0.0,0.0,-1.029,0.0,0.5,0.0,1.93,-0.386,0.0,3.0,0.0,-0.5,0.0,0.0,0.0,-1.513
-0.2234,-0.2211,-0.2253,1.791,-1.657,2.871,-1.882,2.785,-0.7026,-1.914,-1.52,3.79,-0.5713,-0.6235,-1.0,-1.0,2.559,2.172,-1.172,0.0,0.01767,1.241,0.9434,1.653,-0.723,-1.11,0.9395,-1.267,0.8267,-0.4832,-1.443,2.547,0.5093,-0.2303,-0.1974,0.0,0.0,-0.2289,0.0,-0.11005,-0.594,0.0,0.0,0.0,0.0,-1.06,-1.0,0.0,-0.5,2.422,-0.843,0.0,4.0,0.0,-0.5,0.0,0.0,0.0,-1.569
-0.2273,-0.2251,-0.2291,1.872,-1.747,2.871,-2.002,2.785,-0.795,-1.964,-1.543,0.3152,-0.5713,-0.634,-1.0,-1.0,2.63,2.258,-1.208,0.0,0.0202,1.129,0.3794,1.55,-0.8813,-1.123,0.5566,-0.4976,0.6714,-1.267,-2.514,0.9155,1.01,-0.2318,-0.2018,0.0,0.0,-0.2346,0.0,-0.11884,-0.5493,0.0,0.0,0.0,0.0,-0.375,-2.0,-0.5,-0.5,2.326,-1.117,0.0,5.0,0.0,0.0,0.0,0.0,0.0,-0.5674
-0.2283,-0.2262,-0.23,0.6265,-0.506,2.871,-2.002,2.4,0.2893,-1.672,-1.52,-1.606,-0.4285,-0.6436,0.0,-1.0,2.156,1.838,-1.034,0.0,0.02272,1.419,0.07196,1.391,0.114,-1.102,1.456,2.408,0.5034,-0.4976,-0.483,-1.442,-2.184,-0.237,-0.2054,0.0,0.0,-0.2384,0.0,-0.07806,0.0632,0.0,0.0,0.0,0.0,1.392,-1.0,0.0,0.0,1.193,0.1484,1.0,0.0,0.0,0.0,1.0,0.0,4.234,2.125
-0.2289,-0.2269,-0.2303,0.4521,-0.3433,2.871,-2.002,2.217,0.3079,-1.628,-1.483,0.194,-0.2856,-0.6533,0.0,-1.0,2.078,1.789,-1.012,0.0,0.02525,0.11334,-0.12164,1.188,0.1058,-1.078,1.54,0.2893,0.3638,2.408,-1.266,-2.514,0.206,-0.2433,-0.2091,0.0,0.0,-0.2413,0.0,-0.07324,0.2406,0.0,0.0,0.0,0.0,0.2847,0.0,0.0,0.5,1.022,0.3015,2.0,0.0,0.0,0.0,0.0,0.0,0.0,0.4175
-0.2296,-0.2277,-0.2311,0.5156,-0.4067,2.871,-2.002,2.357,0.11273,-1.644,-1.452,-0.3633,-0.1428,-0.6636,0.0,-1.0,2.113,1.8,-1.026,0.0,0.02777,1.155,-0.2727,0.9434,-0.0895,-1.062,0.704,-0.192,0.32,0.2893,-0.4976,-0.483,2.465,-0.2473,-0.2128,0.0,0.0,-0.2428,0.0,-0.07715,0.1714,0.0,0.0,0.0,0.0,-0.3057,0.0,-0.5,0.0,1.044,0.1975,0.0,1.0,0.0,0.0,0.0,0.0,0.0,-0.4463
-0.2299,-0.2279,-0.2314,0.3164,-0.2045,2.871,-2.002,2.422,0.224,-1.589,-1.428,0.6787,0.0,-0.6733,0.0,-1.0,2.043,1.711,-0.9976,0.0,0.0303,1.01,-0.3772,0.685,0.02359,-1.05,-1.209,0.3853,0.301,-0.192,2.408,-1.266,2.547,-0.2463,-0.2167,0.0,0.0,-0.2435,0.0,-0.0707,0.1146,0.0,0.0,0.0,0.0,0.4272,1.0,-0.5,0.0,0.7617,0.294,1.0,0.0,0.0,0.0,0.0,0.0,0.0,0.626
-0.2302,-0.2285,-0.2314,0.3376,-0.2495,2.871,-2.002,2.28,0.0266,-1.594,-1.387,-0.4956,0.1428,-0.683,0.0,-1.0,2.035,1.731,-1.005,0.0,0.03284,1.143,-0.394,0.378,-0.1022,-1.037,-1.746,-0.0957,0.2411,0.3853,0.2893,-0.4973,0.9155,-0.2448,-0.2203,0.0,0.0,-0.245,0.0,-0.0727,0.4,0.0,0.0,0.0,0.0,-0.08484,1.0,-1.0,0.0,0.7886,0.257,0.0,1.0,0.0,0.0,0.0,0.0,0.0,-0.1235
-0.2329,-0.2312,-0.234,1.291,-1.221,2.871,-2.002,2.604,-1.078,-1.849,-1.363,-8.41,0.1428,-0.693,-1.0,-1.0,2.432,2.094,-1.164,0.0,0.03534,2.44,-0.3428,-0.01218,-1.211,-1.022,-1.238,-2.11,0.2123,-0.0957,-0.1919,2.408,-1.442,-0.2446,-0.224,0.0,0.0,-0.2471,0.0,-0.11053,0.0828,0.0,0.0,0.0,0.0,-1.993,0.0,-1.0,-0.5,1.7,-0.685,0.0,2.0,0.0,0.0,0.0,0.0,0.0,-2.904
-0.235,-0.2335,-0.2361,1.094,-1.026,2.871,-2.002,2.375,-0.977,-1.817,-1.357,0.02815,0.1428,-0.703,-1.0,-1.0,2.365,2.066,-1.149,0.0,0.03787,0.02888,-0.3079,-0.2108,-1.115,-1.023,-0.2502,0.1987,0.2076,-2.11,0.3853,0.2893,-2.514,-0.2434,-0.2275,0.0,0.0,-0.2468,0.0,-0.1075,-0.1622,0.0,0.0,0.0,0.0,0.243,0.0,-0.5,-0.5,1.283,-0.7456,1.0,0.0,0.0,0.0,0.0,0.0,0.0,0.3672
-0.2335,-0.2322,-0.2344,-0.4124,0.4758,2.871,-2.002,1.979,0.634,-1.417,-1.362,-1.906,0.1428,-0.713,0.0,-1.0,1.768,1.503,-0.91,0.0,0.0404,1.722,-0.2883,-0.3145,0.4492,-1.029,-0.10315,2.549,0.1953,0.1987,-0.09564,-0.1919,-0.483,-0.2407,-0.2294,0.0,0.0,-0.2441,0.0,-0.05185,-0.3516,0.0,0.0,0.0,0.0,6.57,1.0,0.0,-0.5,-0.02943,0.85,2.0,0.0,0.0,0.0,1.0,0.0,4.234,5.766
-0.2312,-0.2301,-0.2318,-0.7256,0.773,2.871,-2.002,1.845,1.118,-1.303,-1.369,0.853,0.1428,-0.7227,0.0,-1.0,1.606,1.356,-0.845,0.0,0.04294,1.927,-0.2798,-0.38,0.9355,-1.039,0.54,0.8447,0.2075,2.549,-2.107,0.385,-1.266,-0.2372,-0.2311,0.0,0.0,-0.2411,0.0,-0.037,-0.3662,0.0,0.0,0.0,0.0,1.262,1.0,0.5,-0.5,-0.356,1.108,3.0,0.0,0.0,0.0,0.0,0.0,0.0,1.802
-0.2291,-0.2281,-0.2297,-0.602,0.6436,2.871,-2.002,1.751,1.078,-1.309,-1.364,0.1072,0.1428,-0.733,0.0,-1.0,1.605,1.373,-0.8525,0.0,0.04544,0.809,-0.279,-0.418,0.9805,-1.054,0.9395,-0.0926,0.2266,0.8447,0.1986,-0.09564,-0.4973,-0.2334,-0.2332,0.0,0.0,-0.2388,0.0,-0.03903,-0.167,0.0,0.0,0.0,0.0,-0.0854,1.0,0.5,-0.5,-0.3691,0.84,0.0,1.0,0.0,0.0,0.0,0.0,0.0,-0.12024
-0.2312,-0.2301,-0.2319,1.041,-1.009,2.871,-2.002,2.145,-0.636,-1.744,-1.365,-1.433,0.0,-0.7427,-1.0,-1.0,2.238,1.975,-1.121,0.0,0.04797,2.93,-0.2842,-0.43,-0.6934,-1.0625,0.1365,-2.514,0.1437,-0.0926,2.547,-2.107,2.406,-0.2361,-0.2361,0.0,0.0,-0.2372,0.0,-0.1029,-0.291,0.0,0.0,0.0,0.0,-8.09,1.0,0.0,-0.5,1.3545,-0.5977,0.0,2.0,0.0,0.0,0.0,1.0,-3.82,-5.477
-0.2351,-0.2339,-0.236,1.842,-1.807,2.871,-2.002,2.158,-1.456,-1.964,-1.376,1.867,0.0,-0.7524,-1.0,-1.0,2.568,2.324,-1.259,0.0,0.0505,1.705,-0.297,-0.4297,-1.506,-1.075,-0.04007,-1.869,0.11414,-2.514,0.8447,0.1986,0.2893,-0.2416,-0.2393,0.0,0.0,-0.2368,0.0,-0.1359,-0.4585,0.0,0.0,0.0,0.0,-3.662,0.0,-0.5,-0.5,2.15,-1.339,0.0,3.0,0.0,0.0,0.0,0.0,0.0,-5.477
-0.2369,-0.2357,-0.2375,0.8984,-0.8584,2.871,-2.002,1.958,-0.665,-1.755,-1.366,-0.5044,0.0,-0.762,-1.0,-1.0,2.236,2.008,-1.136,0.0,0.05304,1.219,-0.328,-0.4348,-0.697,-1.077,-0.09894,1.727,0.11414,-1.869,-0.0925,2.547,-0.1919,-0.2408,-0.2408,0.0,0.0,-0.2368,0.0,-0.10736,-0.0747,0.0,0.0,0.0,0.0,2.535,0.0,0.0,0.0,1.314,-0.3462,1.0,0.0,0.0,0.0,0.0,0.0,0.0,3.916
-0.2375,-0.2363,-0.2382,0.4297,-0.3936,2.871,-2.002,1.864,-0.3013,-1.642,-1.347,-0.5825,0.0,-0.7725,-1.0,-1.0,2.066,1.844,-1.07,0.0,0.05554,0.6567,-0.394,-0.4387,-0.3062,-1.072,-0.33,0.888,0.0552,1.727,-2.514,0.8447,0.385,-0.2391,-0.2417,0.0,0.0,-0.2389,0.0,-0.0924,0.0958,0.0,0.0,0.0,0.0,1.208,0.0,0.0,0.5,0.794,0.02571,2.0,0.0,0.0,0.0,0.0,0.0,0.0,1.8125
-0.2373,-0.2363,-0.2379,0.1017,-0.0703,0.8296,-2.002,1.533,0.02365,-1.554,-1.341,-1.771,0.0,-0.782,0.0,-1.0,1.914,1.744,-1.02,0.0,0.05807,-0.531,-0.431,-0.44,0.01862,-1.071,-0.33,0.6807,-0.07355,0.888,-1.868,-0.0925,-0.09564,-0.2416,-0.2428,0.0,0.0,-0.2412,0.0,-0.08075,-0.1104,0.0,0.0,0.0,0.0,0.659,1.0,0.5,0.5,0.504,0.365,3.0,0.0,0.0,0.0,0.0,0.0,0.0,0.9746
-0.2404,-0.2391,-0.2411,1.453,-1.418,0.8296,-2.002,2.004,-1.297,-1.907,-1.357,-10.3,-0.1428,-0.792,-1.0,-1.0,2.469,2.246,-1.237,0.0,0.0606,3.135,-0.4277,-0.4392,-1.331,-1.08,0.586,-2.514,-0.0954,0.6807,1.726,-2.514,-2.107,-0.25,-0.2445,0.0,0.0,-0.2443,0.0,-0.1323,-0.4985,0.0,0.0,0.0,0.0,-3.545,1.0,0.5,0.0,1.94,-0.785,0.0,1.0,0.0,0.0,0.0,0.0,0.0,-5.184
-0.243,-0.2417,-0.2438,1.335,-1.293,0.8296,-2.002,1.882,-1.202,-1.9,-1.372,0.05496,-0.2856,-0.802,-1.0,-1.0,2.447,2.246,-1.237,0.0,0.0631,-0.07733,-0.4043,-0.4375,-1.274,-1.09,0.4602,0.0,-0.05856,-2.514,0.888,-1.868,0.1986,-0.2583,-0.2449,0.0,0.0,-0.2457,0.0,-0.1326,-0.4788,0.0,0.0,0.0,0.0,0.0,1.0,0.0,0.0,1.807,-0.686,0.0,0.0,0.0,0.0,0.0,0.0,0.0,0.0
-0.2463,-0.2449,-0.2473,1.608,-1.556,0.8296,-2.002,2.047,-1.451,-1.989,-1.3955,0.3936,-0.4285,-0.812,-1.0,-1.0,2.598,2.377,-1.295,0.0,0.0657,2.422,-0.3416,-0.423,-1.469,-1.12,-0.9775,-0.808,0.0009317,0.0,0.6807,1.726,2.547,-0.262,-0.2449,0.0,0.0,-0.2473,0.0,-0.1471,-0.61,0.0,0.0,0.0,0.0,-2.363,0.0,-0.5,-0.5,2.105,-0.9,0.0,1.0,0.0,0.0,0.0,0.0,0.0,-3.629
-0.2494,-0.2479,-0.2505,1.522,-1.466,0.8296,-2.002,1.955,-1.364,-1.993,-1.418,0.07196,-0.5713,-0.822,-1.0,-1.0,2.596,2.393,-1.302,0.0,0.0682,0.2197,-0.2803,-0.4036,-1.417,-1.137,-1.578,-0.1024,0.04794,-0.808,-2.514,0.8877,0.8447,-0.263,-0.2452,0.0,0.0,-0.2484,0.0,-0.1492,-0.61,0.0,0.0,0.0,0.0,-0.1299,-1.0,-1.0,-0.5,1.913,-0.9326,0.0,2.0,0.0,0.0,0.0,0.0,0.0,-0.2023
-0.252,-0.2505,-0.253,1.254,-1.195,0.8296,-1.547,1.738,-1.167,-1.95,-1.423,-0.03053,-0.5713,-0.8315,-1.0,-1.0,2.51,2.342,-1.28,0.0,0.0707,0.3484,-0.2429,-0.3835,-1.21,-1.147,-1.801,0.3076,0.07336,-0.1024,0.0,0.6807,-0.0925,-0.266,-0.2458,0.0,0.0,-0.2489,0.0,-0.1444,-0.3418,0.0,0.0,0.0,0.0,0.4004,-1.0,-0.5,0.0,1.665,-0.661,1.0,0.0,0.0,0.0,0.0,0.0,0.0,0.625
-0.252,-0.2505,-0.253,0.207,-0.1345,0.8296,-1.547,1.763,-0.1633,-1.689,-1.413,-0.9033,-0.5713,-0.842,-1.0,-1.0,2.125,1.926,-1.128,0.0,0.07324,0.4192,-0.2307,-0.354,-0.2039,-1.148,-0.494,2.143,0.0692,0.3076,-0.808,-2.514,-2.514,-0.2673,-0.2449,0.0,0.0,-0.2496,0.0,-0.109,-0.1029,0.0,0.0,0.0,0.0,3.404,0.0,0.0,0.0,0.5977,0.2961,2.0,0.0,0.0,0.0,1.0,0.0,4.234,5.285
-0.253,-0.2517,-0.254,0.6406,-0.589,0.8296,-1.547,1.586,-0.51,-1.803,-1.437,8.016,-0.7144,-0.8516,-1.0,-1.0,2.273,2.12,-1.2,0.0,0.07574,1.124,-0.2051,-0.3071,-0.544,-1.17,0.3003,-0.9854,0.06885,2.143,-0.10236,0.0,-1.868,-0.2712,-0.2443,0.0,0.0,-0.251,0.0,-0.1265,-0.66,0.0,0.0,0.0,0.0,-1.142,0.0,0.0,-0.5,1.027,-0.1292,0.0,1.0,0.0,0.0,0.0,0.0,0.0,-1.711
-0.253,-0.2517,-0.2534,0.09985,-0.0668,0.8296,-1.547,1.4375,0.1561,-1.663,-1.459,-1.708,-0.7144,-0.8613,0.0,-1.0,2.059,1.917,-1.121,0.0,0.0783,1.21,-0.1648,-0.2542,0.1116,-1.189,-0.3806,1.102,0.0599,-0.9854,0.3076,-0.8076,1.726,-0.2688,-0.2443,0.0,0.0,-0.2517,0.0,-0.1081,-0.6284,0.0,0.0,0.0,0.0,1.53,1.0,0.0,-0.5,0.572,0.4443,1.0,0.0,0.0,0.0,0.0,0.0,0.0,2.332
-0.2534,-0.2527,-0.2537,0.4429,-0.4448,0.8296,-1.547,1.364,-0.07666,-1.753,-1.486,-0.7983,-0.7144,-0.871,0.0,-1.0,2.182,2.062,-1.179,0.0,0.0808,-0.3635,-0.1187,-0.2054,-0.183,-1.203,-0.7505,-0.787,0.04572,1.102,2.143,-0.10236,0.8877,-0.2673,-0.2462,0.0,0.0,-0.2532,0.0,-0.122,-0.6963,0.0,0.0,0.0,0.0,-0.7227,1.0,-0.5,-0.5,0.7656,-0.06964,0.0,1.0,0.0,0.0,0.0,0.0,0.0,-1.081
-0.2517,-0.251,-0.252,-0.5273,0.537,0.8296,-1.547,1.003,0.9497,-1.481,-1.47,14.88,-0.5713,-0.8813,0.0,-1.0,1.768,1.688,-1.02,0.0,0.0833,0.7627,-0.0891,-0.1729,0.898,-1.206,-1.107,2.193,0.04172,-0.787,-0.985,0.3076,0.68,-0.2615,-0.2477,0.0,0.0,-0.2532,0.0,-0.0849,0.05203,0.0,0.0,0.0,0.0,2.918,1.0,-0.5,0.0,-0.1475,0.899,1.0,0.0,0.0,0.0,0.0,0.0,0.0,4.42
-0.2517,-0.2512,-0.252,0.1752,-0.1742,0.8296,-1.547,1.089,0.1531,-1.658,-1.45,-0.6777,-0.4285,-0.891,0.0,-1.0,2.02,1.942,-1.128,0.0,0.0859,1.082,-0.0768,-0.1642,0.1383,-1.201,0.1533,-1.442,0.0399,2.193,1.102,2.143,-2.514,-0.2578,-0.2491,0.0,0.0,-0.253,0.0,-0.1108,0.1122,0.0,0.0,0.0,0.0,-1.335,0.0,-0.5,0.0,0.513,0.197,0.0,1.0,0.0,0.0,0.0,0.0,0.0,-1.951
-0.251,-0.2502,-0.2512,-0.212,0.2183,0.8296,-1.547,0.974,0.5566,-1.543,-1.4375,1.792,-0.2856,-0.901,0.0,-1.0,1.85,1.782,-1.0625,0.0,0.0884,0.784,-0.08356,-0.1683,0.5537,-1.198,0.2163,0.8867,0.04324,-1.442,-0.7866,-0.985,0.0,-0.2532,-0.2493,0.0,0.0,-0.2524,0.0,-0.0956,0.00844,0.0,0.0,0.0,0.0,0.5967,1.0,0.0,0.0,0.1423,0.577,1.0,0.0,0.0,0.0,0.0,0.0,0.0,0.894
-0.251,-0.2502,-0.2512,0.1649,-0.166,0.8296,-1.547,0.9546,0.1913,-1.634,-1.436,-0.4534,-0.1428,-0.911,0.0,-1.0,1.974,1.919,-1.121,0.0,0.0909,-0.3777,-0.11,-0.1761,0.2112,-1.205,0.6533,-0.777,-0.01429,0.8867,2.191,1.102,-0.8076,-0.253,-0.2495,0.0,0.0,-0.254,0.0,-0.1094,-0.2402,0.0,0.0,0.0,0.0,-0.242,0.0,0.0,-0.5,0.509,0.2106,0.0,1.0,0.0,0.0,0.0,0.0,0.0,-0.3574
-0.2495,-0.2488,-0.2498,-0.429,0.4377,0.3,-1.547,1.049,0.874,-1.458,-1.431,2.586,-0.1428,-0.921,0.0,-1.0,1.74,1.651,-1.02,0.0,0.09344,1.28,-0.1605,-0.1864,0.9023,-1.207,0.7964,1.377,-0.1111,-0.777,-1.442,-0.7866,-0.10236,-0.249,-0.2488,0.0,0.0,-0.2554,0.0,-0.08575,-0.1375,0.0,0.0,0.0,0.0,1.238,1.0,0.5,-0.5,-0.1417,0.7065,1.0,0.0,0.0,0.0,0.0,0.0,0.0,1.853
-0.2496,-0.249,-0.2498,0.2207,-0.2241,0.3,-1.547,0.931,0.1351,-1.621,-1.411,-0.6763,0.0,-0.9307,0.0,-1.0,1.954,1.902,-1.121,0.0,0.09595,1.21,-0.2285,-0.1991,0.2015,-1.203,0.834,-1.346,-0.2495,1.377,0.8867,2.191,0.3076,-0.249,-0.2483,0.0,0.0,-0.2573,0.0,-0.1099,0.1122,0.0,0.0,0.0,0.0,-1.279,0.0,0.0,-0.5,0.5513,0.1421,0.0,1.0,0.0,0.0,0.0,0.0,0.0,-1.871
-0.2507,-0.25,-0.251,0.613,-0.6196,0.3,-1.547,1.083,-0.327,-1.725,-1.399,-1.882,0.0,-0.9404,-1.0,-1.0,2.115,2.045,-1.187,0.0,0.0985,1.115,-0.3167,-0.2161,-0.2546,-1.2,0.04398,-0.8853,-0.2498,-1.346,-0.7764,-1.441,2.143,-0.2491,-0.249,0.0,0.0,-0.2578,0.0,-0.1255,-0.03467,0.0,0.0,0.0,0.0,-0.754,0.0,-0.5,-0.5,0.931,-0.236,0.0,2.0,0.0,0.0,0.0,0.0,0.0,-1.128
-0.2515,-0.251,-0.2515,0.4639,-0.4795,0.3,-0.2588,0.857,-0.277,-1.69,-1.379,-0.1149,0.0,-0.9507,-1.0,-1.0,2.045,2.014,-1.17,0.0,0.101,-0.0982,-0.3782,-0.2362,-0.2285,-1.1875,0.4307,0.2246,-0.2695,-0.8853,1.377,0.886,-0.985,-0.2524,-0.2499,0.0,0.0,-0.257,0.0,-0.1218,0.1257,0.0,0.0,0.0,0.0,0.1279,0.0,0.0,0.0,0.8013,-0.0867,1.0,0.0,0.0,0.0,0.0,0.0,0.0,0.1942
-0.2524,-0.252,-0.2524,0.5312,-0.554,0.3,-0.2588,0.9395,-0.4412,-1.71,-1.359,1.253,0.0,-0.9604,-1.0,-1.0,2.082,2.037,-1.187,0.0,0.1035,0.9814,-0.422,-0.264,-0.4263,-1.173,-0.01381,-0.2238,-0.268,0.2246,-1.346,-0.7764,1.102,-0.2537,-0.2507,0.0,0.0,-0.2576,0.0,-0.1259,0.1046,0.0,0.0,0.0,0.0,-0.1467,0.0,-0.5,0.0,0.866,-0.1592,0.0,1.0,0.0,0.0,0.0,0.0,0.0,-0.2219
-0.255,-0.2544,-0.2551,1.279,-1.305,0.3,-0.2588,1.148,-1.251,-1.909,-1.353,2.867,0.0,-0.97,-1.0,-1.0,2.395,2.332,-1.31,0.0,0.1061,1.467,-0.4526,-0.303,-1.262,-1.17,0.2847,-1.697,-0.2422,-0.2238,-0.8853,1.377,-0.7866,-0.259,-0.2522,0.0,0.0,-0.2593,0.0,-0.1552,-0.1927,0.0,0.0,0.0,0.0,-1.478,-1.0,-0.5,-0.5,1.559,-0.9116,0.0,2.0,-0.5,0.0,0.0,0.0,0.0,-2.244
-0.2583,-0.2576,-0.2585,1.609,-1.625,-0.1399,-0.2588,1.086,-1.575,-2.01,-1.369,0.456,0.0,-0.98,-1.0,-1.0,2.545,2.504,-1.375,0.0,0.1086,0.67,-0.5034,-0.3506,-1.575,-1.188,-0.716,-0.925,-0.2147,-1.697,0.2246,-1.346,2.191,-0.2644,-0.2542,0.0,0.0,-0.262,0.0,-0.1708,-0.645,0.0,0.0,0.0,0.0,-1.064,-1.0,-1.0,-1.0,1.866,-1.231,0.0,3.0,-0.5,0.0,0.0,0.0,0.0,-1.663
-0.2617,-0.261,-0.2622,1.686,-1.6875,-0.1399,-0.4668,1.097,-1.689,-2.055,-1.382,0.2285,0.0,-0.99,-1.0,-1.0,2.615,2.576,-1.405,0.0,0.1111,1.11,-0.521,-0.3994,-1.693,-1.203,-0.2913,-0.4436,-0.1423,-0.925,-0.2238,-0.885,-1.441,-0.2727,-0.2554,0.0,0.0,-0.2634,0.0,-0.1783,-0.576,0.0,0.0,0.0,0.0,-0.358,-1.0,-1.0,-1.0,1.898,-1.336,0.0,4.0,-0.5,0.0,0.0,0.0,0.0,-0.5684
-0.2654,-0.2644,-0.266,1.833,-1.82,-0.1399,-0.7773,1.163,-1.822,-2.115,-1.407,0.2356,-0.1428,-1.0,-1.0,-1.0,2.719,2.676,-1.447,0.0,0.11365,1.708,-0.4578,-0.4294,-1.713,-1.245,-0.83,-0.6045,-0.0548,-0.4436,-1.697,0.2245,0.886,-0.2798,-0.2568,0.0,0.0,-0.265,0.0,-0.1885,-0.8623,0.0,0.0,0.0,0.0,-0.828,-2.0,-1.5,-1.5,2.023,-1.481,0.0,5.0,-0.5,0.0,0.0,0.0,0.0,-1.324
-0.2693,-0.268,-0.27,1.934,-1.904,-0.1399,-1.05,1.269,-1.93,-2.164,-1.429,0.2119,-0.2856,-1.01,-1.0,-1.0,2.768,2.695,-1.483,0.0,0.11615,0.582,-0.3782,-0.4216,-1.836,-1.265,-0.717,-0.5312,0.03323,-0.6045,-0.925,-0.2238,-0.7764,-0.2861,-0.2598,0.0,0.0,-0.2664,0.0,-0.1971,-0.829,0.0,0.0,0.0,0.0,-0.3887,-2.0,-1.5,-1.5,2.02,-1.671,0.0,5.617,-0.5,0.5,0.0,0.0,0.0,-0.628
-0.2744,-0.2732,-0.2754,2.549,-2.51,-0.1399,-1.876,1.399,-2.36,-2.164,-1.4795,0.435,-0.4285,-1.02,-1.0,-1.0,2.768,2.695,-1.593,0.0,0.1187,2.416,-0.2262,-0.3567,-2.086,-1.313,-1.516,-1.607,0.1818,-0.5312,-0.4436,-1.696,1.376,-0.2952,-0.2637,0.0,0.0,-0.2686,0.0,-0.223,-1.509,0.0,1.0,0.0,0.0,-1.48,-2.0,-1.5,-2.0,2.602,-2.195,0.0,5.617,-0.5,1.0,0.0,0.0,0.0,-2.412
-0.28,-0.2786,-0.2812,2.701,-2.545,-0.1399,-2.441,1.409,-2.36,-2.164,-1.525,0.2659,-0.5713,-1.029,-1.0,-1.0,2.768,2.695,-1.6,0.0,0.1212,1.583,-0.03772,-0.2532,-2.086,-1.362,-1.259,-1.102,0.356,-1.607,-0.6045,-0.9243,-1.346,-0.3057,-0.2678,0.0,0.0,-0.2715,0.0,-0.2404,-1.473,0.0,1.0,0.0,0.0,-1.199,-2.0,-1.5,-2.0,2.75,-2.195,0.0,5.617,-0.5,1.5,0.0,0.0,0.0,-2.008
-0.2822,-0.2805,-0.2832,1.078,-1.005,0.3372,-2.441,1.393,-0.9785,-2.078,-1.556,-0.5835,-0.7144,-1.04,-1.0,-1.0,2.678,2.59,-1.447,0.0,0.1237,2.709,0.1421,-0.148,-0.744,-1.396,-1.196,2.549,0.375,-1.102,-0.5312,-0.4434,-0.885,-0.3086,-0.2693,0.0,0.0,-0.274,0.0,-0.1895,-0.956,0.0,0.0,0.0,0.0,4.02,-1.0,-1.5,-2.0,1.331,-0.6562,1.0,0.0,-0.5,1.5,0.0,0.0,0.0,5.766
-0.2766,-0.2744,-0.2786,-1.631,1.803,2.91,-2.441,2.03,1.907,-1.219,-1.529,-4.17,-0.7144,-1.05,0.0,-1.0,1.516,1.223,-0.947,0.0,0.1262,3.135,0.2142,-0.101,1.872,-1.361,-1.441,2.549,0.4531,2.549,-1.607,-0.6045,0.2245,-0.2993,-0.2678,0.0,0.0,-0.272,0.0,-0.07227,0.1237,0.0,0.0,0.0,0.0,7.266,0.0,-1.5,-1.5,-1.317,2.045,2.0,0.0,-0.5,1.5,0.0,0.0,0.0,5.766
-0.2754,-0.2732,-0.2773,-0.2625,0.4111,2.91,-2.441,2.611,0.6978,-1.652,-1.539,-0.6016,-0.7144,-1.06,0.0,-1.0,2.148,1.788,-1.208,0.0,0.1288,3.135,0.2238,-0.0896,0.3472,-1.313,-1.218,-2.514,0.4407,2.549,-1.102,-0.531,-0.2236,-0.2952,-0.268,0.0,0.0,-0.2727,0.0,-0.1353,-0.393,0.0,0.0,0.0,0.0,-8.15,0.0,-1.5,-2.0,0.42,1.123,0.0,1.0,-0.5,1.5,0.0,0.0,0.0,-5.477
-0.2742,-0.2717,-0.276,-0.3608,0.502,2.91,-2.441,2.514,0.895,-1.602,-1.535,0.409,-0.7144,-1.069,0.0,-1.0,2.068,1.722,-1.185,0.0,0.1313,0.4434,0.2233,-0.0779,0.522,-1.315,-0.516,0.3262,0.44,-2.514,2.547,-1.607,-1.696,-0.2896,-0.2688,0.0,0.0,-0.2727,0.0,-0.1301,-0.2278,0.0,0.0,0.0,0.0,0.4802,1.0,-1.0,-1.5,0.2966,1.179,1.0,0.0,-0.5,1.5,0.0,0.0,0.0,0.733
-0.2725,-0.2703,-0.2742,-0.468,0.6064,2.91,-2.441,2.379,1.07,-1.545,-1.521,0.3328,-0.5713,-1.079,0.0,-1.0,1.978,1.649,-1.157,0.0,0.1338,-0.1021,0.2087,-0.0707,0.686,-1.3125,-0.0653,0.3743,0.4006,0.3262,2.547,-1.101,-0.9243,-0.2825,-0.2695,0.0,0.0,-0.2737,0.0,-0.1241,-0.09515,0.0,0.0,0.0,0.0,0.4553,2.0,-0.5,-1.0,0.1998,1.286,2.0,0.0,-0.5,1.5,0.0,0.0,0.0,0.691
-0.2712,-0.269,-0.273,-0.273,0.4097,2.91,-2.441,2.412,0.923,-1.571,-1.513,0.006752,-0.4285,-1.089,0.0,-1.0,2.018,1.687,-1.179,0.0,0.1364,0.03867,0.1707,-0.0693,0.526,-1.311,0.2394,-0.2976,0.391,0.3743,-2.514,2.547,-0.4434,-0.2734,-0.269,0.0,0.0,-0.2742,0.0,-0.1295,-0.1506,0.0,0.0,0.0,0.0,-0.3123,1.0,-0.5,-1.5,0.3901,1.1,0.0,1.0,-0.5,1.5,0.0,0.0,0.0,-0.4712
-0.271,-0.2688,-0.2725,0.07886,0.0497,2.91,-2.441,2.38,0.5903,-1.647,-1.505,-0.208,-0.2856,-1.099,0.0,-1.0,2.12,1.802,-1.2295,0.0,0.1389,0.05606,0.0984,-0.07245,0.1852,-1.312,0.6123,-0.6978,0.3557,-0.2976,0.326,2.547,-0.6045,-0.2642,-0.269,0.0,0.0,-0.2754,0.0,-0.1417,-0.1993,0.0,0.0,0.0,0.0,-0.817,0.0,-0.5,-1.5,0.679,0.698,0.0,2.0,-0.5,1.5,0.0,0.0,0.0,-1.238
-0.2703,-0.2683,-0.272,0.001049,0.12225,2.91,-2.441,2.186,0.6436,-1.611,-1.484,0.2255,-0.1428,-1.109,0.0,-1.0,2.053,1.767,-1.215,0.0,0.1414,-0.3547,-0.00791,-0.0776,0.267,-1.309,0.9487,0.2017,0.338,-0.6978,0.3743,-2.514,-0.531,-0.259,-0.2688,0.0,0.0,-0.2761,0.0,-0.1385,0.006424,0.0,0.0,0.0,0.0,0.1963,1.0,0.0,-1.0,0.5693,0.73,1.0,0.0,-0.5,1.5,0.0,0.0,0.0,0.301
-0.27,-0.268,-0.2717,0.10925,0.010956,2.91,-2.441,2.127,0.4688,-1.624,-1.457,-0.1098,0.0,-1.119,0.0,-1.0,2.064,1.792,-1.2295,0.0,0.1439,-0.2153,-0.11523,-0.0865,0.1277,-1.303,1.734,-0.201,0.2766,0.2017,-0.2974,0.326,-1.606,-0.2651,-0.2683,0.0,0.0,-0.2778,0.0,-0.1422,0.0918,0.0,0.0,0.0,0.0,-0.1208,0.0,0.0,-1.0,0.662,0.6104,0.0,1.0,-0.5,1.5,0.0,0.0,0.0,-0.1847
-0.271,-0.269,-0.2725,0.6167,-0.5024,2.91,-2.441,2.18,-0.134,-1.749,-1.435,-0.9893,0.0,-1.129,-1.0,-1.0,2.248,1.979,-1.31,0.0,0.1465,0.7754,-0.2303,-0.10095,-0.4495,-1.298,2.365,-1.109,0.2488,-0.201,-0.6978,0.374,-1.101,-0.2673,-0.2686,0.0,0.0,-0.279,0.0,-0.1611,0.00938,0.0,0.0,0.0,0.0,-0.7085,-1.0,0.0,-1.0,1.181,0.1488,0.0,2.0,-0.5,1.5,0.0,0.0,0.0,-1.087
-0.2712,-0.2695,-0.2727,0.344,-0.2401,2.91,-2.441,1.952,0.03107,-1.676,-1.405,-9.445,0.1428,-1.139,0.0,-1.0,2.123,1.888,-1.273,0.0,0.149,-0.477,-0.2764,-0.1215,-0.3088,-1.281,1.311,0.5137,0.237,-1.109,0.2017,-0.2974,2.547,-0.2693,-0.2693,0.0,0.0,-0.2798,0.0,-0.1527,0.1295,0.0,0.0,0.0,0.0,0.2725,0.0,0.0,-0.5,0.925,0.408,1.0,0.0,-0.5,1.5,0.0,0.0,0.0,0.4258
-0.2722,-0.2705,-0.2734,0.601,-0.509,2.91,-2.441,1.932,-0.352,-1.74,-1.377,-2.732,0.1428,-1.148,-1.0,-1.0,2.213,1.987,-1.316,0.0,0.1515,-0.6055,-0.288,-0.1531,-0.652,-1.274,-1.489,-0.6113,0.2192,0.5137,-0.2009,-0.6973,2.547,-0.2727,-0.2698,0.0,0.0,-0.281,0.0,-0.1631,0.1171,0.0,0.0,0.0,0.0,-0.1857,0.0,-0.5,-0.5,1.13,0.1029,0.0,1.0,-0.5,1.5,0.0,0.0,0.0,-0.2876
-0.2754,-0.2737,-0.2764,1.563,-1.49,2.91,-2.441,2.066,-1.462,-1.992,-1.353,5.277,0.1428,-1.158,-1.0,-1.0,2.605,2.38,-1.469,0.0,0.154,1.4375,-0.2578,-0.2004,-1.72,-1.268,-0.1903,-2.162,0.2263,-0.6113,-1.109,0.2017,-2.514,-0.279,-0.2715,0.0,0.0,-0.2832,0.0,-0.1992,0.0453,0.0,0.0,0.0,0.0,-2.203,-1.0,-0.5,-0.5,2.127,-0.7656,0.0,2.0,-0.5,1.5,0.0,1.0,-3.82,-3.45
-0.2798,-0.2783,-0.2808,2.242,-2.186,2.91,-2.441,2.188,-2.299,-2.164,-1.332,0.8237,0.1428,-1.168,-1.0,-1.0,2.768,2.693,-1.585,0.0,0.1566,0.93,-0.256,-0.2588,-2.086,-1.26,-0.4783,-1.709,0.2893,-2.162,0.5137,-0.2009,0.326,-0.2866,-0.2737,0.0,0.0,-0.2852,0.0,-0.2267,-0.0225,0.0,0.0,0.0,0.0,-1.694,-1.0,-1.0,-0.5,2.715,-1.509,0.0,3.0,-0.5,1.5,0.0,0.0,0.0,-2.752
-0.284,-0.2822,-0.285,2.104,-2.04,2.91,-2.441,1.957,-2.281,-2.164,-1.337,0.1349,0.1428,-1.178,-1.0,-1.0,2.768,2.695,-1.593,0.0,0.159,0.3418,-0.3508,-0.3076,-2.086,-1.262,-0.868,-0.1099,0.3462,-1.709,-0.6113,-1.109,0.374,-0.2947,-0.2766,0.0,0.0,-0.2869,0.0,-0.2286,-0.3792,0.0,0.0,0.0,0.0,-0.1156,-1.0,-1.5,-1.0,2.191,-1.789,0.0,4.0,-1.0,1.5,0.0,0.0,0.0,-0.1934
-0.2856,-0.2844,-0.2861,0.9424,-0.9214,2.91,-2.441,0.841,-1.089,-1.936,-1.38,-0.4607,0.0,-1.188,-1.0,-1.0,2.406,2.404,-1.455,0.0,0.1616,1.856,-0.4233,-0.3594,-1.379,-1.307,-0.994,2.092,0.3533,-0.1099,-2.162,0.5137,-0.2974,-0.2996,-0.2783,0.0,0.0,-0.287,0.0,-0.1967,-1.294,0.0,1.0,0.0,0.0,3.275,-1.0,-1.0,-1.0,1.022,-0.772,1.0,0.0,-1.0,1.5,0.0,0.0,0.0,5.49
-0.2864,-0.2856,-0.2869,0.578,-0.563,2.91,-2.441,0.5454,-0.6875,-1.85,-1.392,-0.3093,-0.1428,-1.198,-1.0,-1.0,2.25,2.293,-1.411,0.0,0.1642,2.53,-0.3113,-0.3496,-0.596,-1.381,-0.86,0.6387,0.3481,2.092,-1.708,-0.611,-0.6973,-0.3018,-0.28,0.0,0.0,-0.2869,0.0,-0.1868,-0.731,0.0,0.0,0.0,0.0,0.9326,0.0,-0.5,-0.5,0.6978,-0.3982,2.0,0.0,-1.0,1.5,0.0,0.0,0.0,1.509
-0.2878,-0.2869,-0.288,0.729,-0.7153,2.91,-2.441,0.627,-0.7656,-1.891,-1.408,0.2922,-0.2856,-1.208,-1.0,-1.0,2.318,2.352,-1.44,0.0,0.1666,1.274,-0.1942,-0.3193,-0.6514,-1.403,-1.049,-0.4211,0.339,0.6387,-0.1099,-2.16,0.2015,-0.3054,-0.2817,0.0,0.0,-0.2866,0.0,-0.1938,-0.8794,0.0,0.0,0.0,0.0,-0.4119,0.0,-1.0,-1.0,0.8433,-0.545,0.0,1.0,-1.0,1.5,0.0,0.0,0.0,-0.6597
-0.2898,-0.2888,-0.2903,1.0625,-1.054,2.91,-2.441,0.717,-1.007,-1.98,-1.433,0.55,-0.4285,-1.218,-1.0,-1.0,2.465,2.49,-1.498,0.0,0.1692,0.4448,-0.06213,-0.2603,-0.871,-1.432,-1.095,-0.848,0.3042,-0.4211,2.092,-1.708,-0.2009,-0.3093,-0.2842,0.0,0.0,-0.286,0.0,-0.2078,-1.089,0.0,1.0,0.0,0.0,-0.7524,0.0,-1.0,-1.5,1.189,-0.843,0.0,2.0,-1.0,1.5,0.0,0.0,0.0,-1.213
-0.2927,-0.2917,-0.2932,1.527,-1.522,2.91,-1.136,0.838,-1.377,-2.11,-1.463,0.5986,-0.5713,-1.228,-1.0,-1.0,2.678,2.695,-1.578,0.0,0.1718,0.926,0.0728,-0.1946,-1.262,-1.457,-0.788,-1.184,0.2576,-0.848,0.638,-0.10986,-1.108,-0.3115,-0.2864,0.0,0.0,-0.2852,0.0,-0.2267,-1.176,0.0,1.0,0.0,0.0,-0.904,0.0,-1.0,-1.5,1.656,-1.273,0.0,3.0,-1.0,1.5,0.0,0.0,0.0,-1.479
-0.296,-0.295,-0.2964,1.655,-1.649,2.91,-1.136,0.8643,-1.448,-2.162,-1.492,0.2051,-0.7144,-1.237,-1.0,-1.0,2.766,2.695,-1.6,0.0,0.1742,0.2025,0.2172,-0.1211,-1.312,-1.488,-1.154,-0.549,0.3174,-1.184,-0.4211,2.092,0.5137,-0.3123,-0.2886,0.0,0.0,-0.2866,0.0,-0.2355,-1.155,0.0,1.0,0.0,0.0,-0.5234,-1.0,-1.5,-1.5,1.797,-1.376,0.0,4.0,-1.0,1.5,0.0,0.0,0.0,-0.8735
-0.2976,-0.2966,-0.2979,0.9067,-0.8994,0.00617,-1.136,0.8794,-0.67,-1.998,-1.515,-0.4973,-0.857,-1.247,-1.0,-1.0,2.508,2.504,-1.527,0.0,0.1768,0.02116,0.352,-0.02771,-0.5317,-1.512,-1.1,1.329,0.1788,-0.549,-0.848,0.638,-0.611,-0.3108,-0.2903,0.0,0.0,-0.291,0.0,-0.2152,-0.8984,0.0,0.0,0.0,0.0,1.328,-1.0,-1.0,-1.5,1.147,-0.5776,1.0,0.0,-1.0,1.5,0.0,0.0,0.0,2.236
-0.3003,-0.2993,-0.3005,1.4375,-1.4375,0.00617,-1.136,1.116,-1.105,-2.139,-1.542,1.003,-1.0,-1.258,-1.0,-1.0,2.752,2.695,-1.6,0.0,0.1793,1.842,0.4724,0.0649,-1.004,-1.534,-0.3384,-1.3,0.2018,1.329,-1.183,-0.421,-2.16,-0.3142,-0.2925,0.0,0.0,-0.294,0.0,-0.236,-1.007,0.0,0.0,0.0,0.0,-1.343,-1.0,-1.0,-1.5,1.662,-1.091,0.0,1.0,-1.0,1.5,0.0,0.0,0.0,-2.213
-0.304,-0.303,-0.3042,1.891,-1.894,0.00617,-1.136,1.154,-1.493,-2.164,-1.57,0.5728,-1.0,-1.268,-1.0,-1.0,2.768,2.695,-1.6,0.0,0.1818,-0.06757,0.5874,0.1628,-1.367,-1.565,0.2499,-1.218,0.2351,-1.3,-0.5483,-0.848,-1.708,-0.3203,-0.2944,0.0,0.0,-0.2979,0.0,-0.2551,-1.007,0.0,0.0,0.0,0.0,-1.828,-1.0,-1.0,-1.5,2.133,-1.493,0.0,2.0,-1.0,1.5,0.0,0.0,0.0,-3.08
-0.3088,-0.3079,-0.3093,2.605,-2.545,0.00617,-1.136,1.463,-2.078,-2.164,-1.612,0.6084,-1.143,-1.277,-1.0,-1.0,2.768,2.695,-1.6,0.0,0.1843,1.544,0.6855,0.2659,-1.979,-1.601,0.2289,-1.809,0.2952,-1.218,1.329,-1.183,-0.10986,-0.3284,-0.2966,0.0,0.0,-0.303,0.0,-0.2827,-1.261,0.0,1.0,0.0,0.0,-2.436,-1.0,-1.0,-2.0,2.75,-2.115,0.0,3.0,-1.0,1.5,0.0,0.0,0.0,-4.188
-0.315,-0.3137,-0.3154,2.701,-2.545,0.00617,-1.839,1.732,-2.36,-2.164,-1.658,0.4001,-1.143,-1.287,-1.0,-1.0,2.768,2.695,-1.6,0.0,0.1869,0.821,0.7744,0.3782,-2.086,-1.643,-0.696,-1.632,0.3936,-1.809,-1.3,-0.5483,2.092,-0.3372,-0.2993,0.0,0.0,-0.3083,0.0,-0.307,-1.318,0.0,1.0,0.0,0.0,-2.61,-1.0,-1.5,-2.0,2.75,-2.195,0.0,4.0,-1.0,1.5,0.0,1.0,-3.82,-4.63
-0.3223,-0.3208,-0.3232,2.701,-2.545,0.00617,-3.008,1.791,-2.36,-2.164,-1.701,0.4824,-1.143,-1.297,-1.0,-1.0,2.768,2.695,-1.6,0.0,0.1895,0.91,0.8613,0.5083,-2.086,-1.66,-1.213,-2.277,0.566,-1.632,-1.218,1.328,0.638,-0.3474,-0.3025,0.0,0.0,-0.3147,0.0,-0.3396,-1.305,0.0,1.0,0.0,0.0,-3.861,-2.0,-1.5,-2.0,2.75,-2.195,0.0,5.0,-1.0,1.5,0.0,0.0,0.0,-5.477
-0.3296,-0.3276,-0.3308,2.701,-2.545,0.00617,-3.158,1.824,-2.36,-2.164,-1.735,0.1722,-1.143,-1.307,-1.0,-1.0,2.768,2.695,-1.6,0.0,0.1919,1.789,0.925,0.6475,-2.086,-1.66,-1.414,-0.7476,0.6953,-2.277,-1.809,-1.3,-0.421,-0.3577,-0.3054,0.0,0.0,-0.3213,0.0,-0.35,-1.2295,0.0,1.0,0.0,0.0,-1.345,-2.0,-1.5,-2.0,2.75,-2.195,0.0,5.617,-1.0,1.5,0.0,0.0,0.0,-2.549
-0.3362,-0.334,-0.3376,2.701,-2.545,0.00617,-3.158,1.771,-2.36,-2.164,-1.768,0.04358,-1.143,-1.316,-1.0,-1.0,2.768,2.695,-1.6,0.0,0.1945,0.0881,0.933,0.772,-2.086,-1.66,-1.456,0.1262,0.768,-0.7476,-1.632,-1.218,-0.8477,-0.3696,-0.3079,0.0,0.0,-0.328,0.0,-0.3486,-1.198,0.0,1.0,0.0,0.0,0.1384,-1.0,-1.5,-1.5,2.75,-2.195,1.0,0.0,-1.0,1.5,0.0,0.0,0.0,0.2656
-0.34,-0.3381,-0.3416,2.266,-2.154,0.00617,-3.158,1.662,-1.82,-2.164,-1.803,-0.3225,-1.143,-1.327,-1.0,-1.0,2.768,2.695,-1.6,0.0,0.197,2.645,0.9585,0.888,-1.504,-1.66,-1.335,2.266,0.768,0.1262,-2.277,-1.809,-1.183,-0.377,-0.3096,0.0,0.0,-0.3328,0.0,-0.318,-1.222,0.0,1.0,0.0,0.0,2.86,0.0,-1.0,-1.5,2.518,-1.717,2.0,0.0,-1.0,1.5,0.0,0.0,0.0,5.477
-0.342,-0.34,-0.3433,1.118,-1.018,0.905,-3.158,1.455,-0.6396,-2.164,-1.831,-0.6167,-1.143,-1.337,-1.0,-1.0,2.768,2.695,-1.6,0.0,0.1995,1.403,1.033,0.9824,-0.2974,-1.66,-1.343,2.062,0.6846,2.266,-0.7476,-1.632,-0.5483,-0.3801,-0.3115,0.0,0.0,-0.3372,0.0,-0.2893,-0.984,0.0,0.0,0.0,0.0,2.318,1.0,-0.5,-1.5,1.512,-0.513,3.0,0.0,-1.0,1.5,0.0,0.0,0.0,4.277
-0.3425,-0.3406,-0.3438,0.4526,-0.3538,1.577,-3.158,1.547,0.1569,-2.164,-1.85,-1.522,-1.0,-1.347,0.0,-1.0,2.768,2.695,-1.6,0.0,0.202,3.135,1.069,1.045,0.481,-1.66,-1.974,1.29,0.589,2.062,0.1261,-2.275,1.328,-0.379,-0.3154,0.0,0.0,-0.3403,0.0,-0.2708,-0.738,0.0,0.0,0.0,0.0,1.242,2.0,-0.5,-1.0,0.896,0.1537,4.0,0.0,-0.5,1.5,0.0,0.0,0.0,2.217
-0.3423,-0.3408,-0.3435,0.1699,-0.08044,1.876,-3.158,1.54,0.5654,-2.164,-1.86,1.791,-0.857,-1.356,0.0,-1.0,2.768,2.695,-1.6,0.0,0.2046,1.011,1.072,1.071,0.8696,-1.66,-1.6,0.5737,0.547,1.29,2.266,-0.747,-1.3,-0.3745,-0.318,0.0,0.0,-0.3423,0.0,-0.2622,-0.564,0.0,0.0,0.0,0.0,0.397,3.0,0.0,-0.5,0.5947,0.3848,5.0,0.0,0.0,1.5,0.0,0.0,0.0,0.6934
-0.342,-0.3403,-0.343,0.01768,0.0619,2.055,-3.158,1.412,0.804,-2.11,-1.857,0.5273,-0.7144,-1.366,0.0,-1.0,2.73,2.64,-1.6,0.0,0.207,-0.2196,1.032,1.054,1.082,-1.66,-1.196,0.341,0.5347,0.5737,2.062,0.1261,-1.218,-0.367,-0.3208,0.0,0.0,-0.343,0.0,-0.2573,-0.3772,0.0,0.0,0.0,0.0,0.305,3.0,0.5,0.0,0.4421,0.5146,5.734,0.0,0.5,1.5,0.0,0.0,0.0,0.5273
-0.3413,-0.3398,-0.3423,-0.11597,0.1917,2.23,-3.158,1.352,1.01,-2.055,-1.847,0.3882,-0.5713,-1.376,0.0,-1.0,2.637,2.553,-1.6,0.0,0.2096,-0.2266,0.966,0.9956,1.308,-1.66,-0.5234,0.339,0.524,0.341,1.29,2.266,-1.808,-0.358,-0.3232,0.0,0.0,-0.3438,0.0,-0.2524,-0.259,0.0,0.0,0.0,0.0,0.242,3.0,1.0,0.5,0.2627,0.584,5.734,0.0,1.0,1.5,0.0,0.0,0.0,0.416
-0.3386,-0.3372,-0.3398,-0.9854,1.075,2.91,-3.158,1.431,1.907,-1.789,-1.832,1.208,-0.4285,-1.386,0.0,-1.0,2.24,2.111,-1.534,0.0,0.2122,1.484,0.855,0.9253,1.872,-1.66,0.1449,2.137,0.4956,0.339,0.5737,2.06,-1.631,-0.346,-0.3252,0.0,0.0,-0.3442,0.0,-0.2202,-0.152,0.0,0.0,0.0,0.0,2.496,3.0,1.5,0.5,-0.535,1.479,5.734,0.0,1.5,1.5,1.0,0.0,4.234,4.266
-0.3374,-0.336,-0.3386,-0.4043,0.4878,2.91,-3.158,1.455,1.525,-1.903,-1.815,-0.1425,-0.2856,-1.396,0.0,-1.0,2.412,2.293,-1.6,0.0,0.2146,1.39,0.707,0.8765,1.843,-1.66,1.162,-1.085,0.4253,2.137,0.341,1.289,-2.275,-0.3386,-0.327,0.0,0.0,-0.3457,0.0,-0.2374,-0.1228,0.0,0.0,0.0,0.0,-0.585,2.0,1.5,0.5,0.01406,0.901,0.0,1.0,1.5,1.5,0.0,0.0,0.0,-0.966
-0.3357,-0.3342,-0.337,-0.5806,0.6733,2.91,-3.158,1.449,1.737,-1.822,-1.787,0.285,-0.1428,-1.406,0.0,-1.0,2.29,2.162,-1.57,0.0,0.2172,0.9214,0.528,0.809,1.872,-1.66,1.671,0.5527,0.3733,-1.085,0.339,0.5737,-0.747,-0.3328,-0.3289,0.0,0.0,-0.3467,0.0,-0.2291,0.1224,0.0,0.0,0.0,0.0,0.534,2.0,1.5,1.0,-0.2234,1.006,1.0,0.0,1.5,1.5,0.0,0.0,0.0,0.8984
-0.331,-0.3289,-0.3325,-1.631,1.803,2.91,-3.158,1.462,1.907,-1.398,-1.725,1.02,0.0,-1.416,0.0,-1.0,1.697,1.525,-1.346,0.0,0.2197,2.887,0.3064,0.7173,1.872,-1.66,1.932,2.549,0.4546,0.5527,2.135,0.341,0.1261,-0.3242,-0.3293,0.0,0.0,-0.3457,0.0,-0.1765,0.7505,0.0,0.0,0.0,0.0,4.32,2.0,1.5,1.5,-1.384,2.045,2.0,0.0,1.5,1.5,1.0,0.0,4.234,5.766
-0.3281,-0.3262,-0.3298,-1.012,1.154,2.91,-3.158,1.567,1.907,-1.582,-1.662,-0.2267,0.1428,-1.426,0.0,-1.0,1.955,1.782,-1.455,0.0,0.2222,1.57,0.0759,0.603,1.872,-1.66,1.604,-1.555,0.497,2.549,-1.085,0.339,2.266,-0.3186,-0.33,0.0,0.0,-0.3447,0.0,-0.2025,0.731,0.0,0.0,0.0,0.0,-2.111,1.0,1.5,1.5,-0.5938,1.52,0.0,1.0,1.5,1.5,0.0,0.0,0.0,-3.328
-0.3276,-0.3257,-0.329,-0.06097,0.1849,2.91,-3.158,1.686,0.819,-1.806,-1.6,-0.49,0.2856,-1.436,0.0,-1.0,2.287,2.113,-1.585,0.0,0.2247,1.374,-0.0799,0.4812,1.13,-1.66,1.179,-1.915,0.503,-1.555,0.5527,2.135,2.06,-0.3162,-0.3318,0.0,0.0,-0.3445,0.0,-0.2334,0.7505,0.0,0.0,0.0,0.0,-1.235,0.0,1.0,1.5,0.3887,0.6587,0.0,2.0,1.5,1.5,0.0,0.0,0.0,-2.0
-0.3252,-0.3235,-0.3267,-0.838,0.9487,2.91,-3.158,1.574,1.401,-1.567,-1.521,0.8267,0.4285,-1.445,0.0,-1.0,1.937,1.76,-1.462,0.0,0.2273,0.428,-0.05692,0.3577,1.607,-1.66,0.8594,1.869,0.5264,-1.915,2.547,-1.085,1.289,-0.3115,-0.3325,0.0,0.0,-0.344,0.0,-0.2045,0.9927,1.0,0.0,0.0,0.0,1.032,1.0,1.0,2.0,-0.261,1.501,1.0,0.0,1.5,1.5,0.0,0.0,0.0,1.726
-0.323,-0.3215,-0.324,-0.797,0.8804,2.91,-3.158,1.618,1.101,-1.542,-1.443,-0.0747,0.5713,-1.455,0.0,-1.0,1.905,1.718,-1.455,0.0,0.2299,0.4248,0.1047,0.2505,1.268,-1.66,0.8174,0.1066,0.571,1.869,-1.555,0.5527,0.5737,-0.3098,-0.3325,0.0,0.0,-0.3428,0.0,-0.203,0.9927,1.0,0.0,0.0,0.0,0.0821,1.0,1.0,2.0,-0.3071,1.341,2.0,0.0,1.5,1.5,0.0,0.0,0.0,0.133
-0.3218,-0.3206,-0.3225,-0.3955,0.4446,2.91,-3.158,1.458,0.474,-1.624,-1.385,-0.422,0.7144,-1.466,0.0,-1.0,2.004,1.855,-1.506,0.0,0.2323,-0.1317,0.3308,0.1886,0.538,-1.641,0.843,-0.745,0.6016,0.1066,-1.915,2.547,0.3408,-0.3079,-0.332,0.0,0.0,-0.3413,0.0,-0.215,0.7227,0.0,0.0,0.0,0.0,-0.3523,0.0,0.5,1.5,0.03418,0.871,0.0,1.0,1.5,1.5,0.0,0.0,0.0,-0.5703
-0.3213,-0.3203,-0.3218,-0.0183,0.04626,2.91,-3.158,1.45,-0.05,-1.704,-1.345,-0.8325,0.857,-1.476,0.0,-1.0,2.12,1.979,-1.557,0.0,0.2349,1.206,0.541,0.182,-0.0725,-1.607,0.8257,-0.7544,0.6074,-0.745,1.868,-1.554,0.3389,-0.3074,-0.3318,0.0,0.0,-0.3394,0.0,-0.2272,0.4243,0.0,0.0,0.0,0.0,-0.6865,0.0,0.0,1.0,0.38,0.4678,0.0,2.0,1.5,1.5,0.0,0.0,0.0,-1.125
-0.3237,-0.3228,-0.3242,1.308,-1.293,2.91,-3.158,1.649,-1.448,-2.04,-1.331,-17.1,0.7144,-1.485,-1.0,-1.0,2.64,2.498,-1.6,0.0,0.2374,3.135,0.6943,0.2188,-1.532,-1.596,0.0944,-2.514,0.5728,-0.7544,0.10657,-1.915,2.135,-0.316,-0.3333,0.0,0.0,-0.3381,0.0,-0.2717,-0.124,0.0,0.0,0.0,0.0,-2.537,0.0,-0.5,0.5,1.777,-0.691,0.0,3.0,1.5,1.5,0.0,0.0,0.0,-4.21
-0.3245,-0.3235,-0.325,0.5806,-0.5625,2.91,-3.158,1.541,-0.835,-1.866,-1.313,-0.3618,0.5713,-1.495,-1.0,-1.0,2.365,2.225,-1.6,0.0,0.2399,0.221,0.7905,0.2847,-0.9287,-1.591,0.3928,1.375,0.4624,-2.514,-0.7446,1.868,-1.085,-0.3203,-0.3345,0.0,0.0,-0.3352,0.0,-0.2515,-0.03415,0.0,0.0,0.0,0.0,1.024,0.0,0.0,0.5,1.135,0.0752,1.0,0.0,1.5,1.5,0.0,0.0,0.0,1.785
-0.3274,-0.3264,-0.3281,1.593,-1.567,2.91,-1.005,1.916,-1.853,-2.121,-1.3125,1.694,0.4285,-1.505,-1.0,-1.0,2.768,2.615,-1.6,0.0,0.2424,1.538,0.8325,0.3545,-1.967,-1.594,0.1533,-2.24,0.3162,1.375,-0.754,0.10657,0.5522,-0.3252,-0.3364,0.0,0.0,-0.333,0.0,-0.2856,-0.314,0.0,0.0,0.0,0.0,-1.592,-1.0,-0.5,0.0,2.209,-0.7837,0.0,1.0,1.5,1.5,0.0,0.0,0.0,-2.713
-0.3308,-0.3293,-0.3315,1.798,-1.749,2.91,-1.005,2.203,-2.088,-2.164,-1.317,0.2922,0.2856,-1.515,-1.0,-1.0,2.768,2.695,-1.6,0.0,0.245,2.523,0.815,0.411,-2.086,-1.604,-1.284,-0.698,0.1643,-2.24,-2.514,-0.7446,2.547,-0.3333,-0.3381,0.0,0.0,-0.331,0.0,-0.2961,-0.4155,0.0,0.0,0.0,0.0,-0.458,-1.0,-1.0,-0.5,2.32,-1.051,0.0,2.0,1.5,1.5,0.0,0.0,0.0,-0.8105
-0.3333,-0.3318,-0.334,1.376,-1.317,2.91,-1.005,1.9795,-1.681,-2.105,-1.331,-0.0836,0.1428,-1.524,-1.0,-1.0,2.768,2.582,-1.6,0.0,0.2474,1.073,0.744,0.443,-1.813,-1.625,-0.944,0.5884,0.0846,-0.698,1.375,-0.754,-1.554,-0.341,-0.3394,0.0,0.0,-0.33,0.0,-0.2876,-0.612,0.0,0.0,0.0,0.0,0.4707,0.0,-0.5,-0.5,1.886,-0.666,1.0,0.0,1.5,1.5,0.0,0.0,0.0,0.843
-0.3335,-0.332,-0.3345,0.3826,-0.311,2.91,-1.005,1.946,-0.719,-1.862,-1.325,-0.531,0.0,-1.534,-1.0,-1.0,2.395,2.18,-1.6,0.0,0.25,1.145,0.6167,0.455,-0.86,-1.632,-0.393,1.981,0.03915,0.5884,-2.24,-2.514,-1.914,-0.345,-0.3396,0.0,0.0,-0.3289,0.0,-0.2588,-0.2698,0.0,0.0,0.0,0.0,1.551,1.0,0.0,0.0,0.9995,0.3796,2.0,0.0,1.5,1.5,0.0,0.0,0.0,2.748
-0.334,-0.3325,-0.3352,0.466,-0.3943,2.91,-1.005,1.947,-0.7593,-1.875,-1.325,0.2161,-0.1428,-1.545,-1.0,-1.0,2.414,2.2,-1.6,0.0,0.2524,0.849,0.426,0.4473,-0.912,-1.64,-1.167,-0.2257,0.02612,1.981,-0.6978,1.374,1.868,-0.3481,-0.3406,0.0,0.0,-0.3284,0.0,-0.2625,-0.3574,0.0,0.0,0.0,0.0,-0.1628,0.0,-0.5,-0.5,0.9087,0.11334,0.0,1.0,1.5,1.5,0.0,0.0,0.0,-0.2795
-0.3333,-0.332,-0.334,-0.2137,0.2659,2.91,-1.005,1.614,0.0877,-1.685,-1.34,-1.299,-0.1428,-1.555,0.0,-1.0,2.104,1.933,-1.6,0.0,0.2551,1.538,0.2145,0.415,-0.01369,-1.66,-1.348,1.473,0.01435,-0.2257,0.5884,-2.238,0.10657,-0.345,-0.3406,0.0,0.0,-0.3276,0.0,-0.2404,-0.625,0.0,0.0,0.0,0.0,1.095,1.0,-0.5,-0.5,0.2563,0.7505,1.0,0.0,1.5,1.5,0.0,0.0,0.0,1.886
-0.333,-0.3318,-0.3337,0.06192,-0.02306,2.91,-1.005,1.567,-0.0838,-1.739,-1.348,-0.7847,-0.1428,-1.564,0.0,-1.0,2.18,2.021,-1.6,0.0,0.2576,0.9653,0.02191,0.3657,-0.0983,-1.66,-1.142,-0.5527,0.00737,1.473,1.981,-0.6978,-0.7446,-0.3447,-0.3403,0.0,0.0,-0.3274,0.0,-0.249,-0.512,0.0,0.0,0.0,0.0,-0.3472,1.0,-0.5,-0.5,0.4495,0.393,0.0,1.0,1.5,1.5,0.0,0.0,0.0,-0.5835
-0.3345,-0.3333,-0.3352,0.938,-0.9023,2.91,-1.005,1.781,-0.92,-1.956,-1.353,-17.1,-0.2856,-1.564,-1.0,-1.0,2.521,2.348,-1.6,0.0,0.26,1.664,-0.12384,0.3003,-0.889,-1.66,-0.927,-1.896,0.03183,-0.5527,-0.2256,0.5884,-0.754,-0.344,-0.34,0.0,0.0,-0.328,0.0,-0.2783,-0.5,0.0,0.0,0.0,0.0,-1.983,0.0,-0.5,-0.5,1.287,-0.4604,0.0,2.0,1.5,1.5,0.0,0.0,0.0,-3.365
-0.338,-0.3367,-0.3386,1.898,-1.868,0.6406,-1.16,1.983,-1.738,-2.164,-1.386,1.258,-0.4285,-1.564,-1.0,-1.0,2.768,2.695,-1.6,0.0,0.2627,1.621,-0.1248,0.2279,-1.737,-1.66,0.04398,-2.19,0.1122,-1.896,1.472,1.981,-2.514,-0.3452,-0.34,0.0,0.0,-0.3308,0.0,-0.3108,-1.011,0.0,0.0,0.0,0.0,-1.831,-1.0,-0.5,-1.0,2.32,-1.271,0.0,3.0,1.5,1.5,0.0,0.0,0.0,-3.209
-0.3438,-0.3423,-0.3447,2.701,-2.545,0.6406,-2.758,2.43,-2.36,-2.164,-1.4375,0.9033,-0.5713,-1.564,-1.0,-1.0,2.768,2.695,-1.6,0.0,0.2651,3.135,0.03156,0.155,-2.086,-1.66,-0.5527,-2.514,0.311,-2.19,-0.5527,-0.2256,1.374,-0.3513,-0.3403,0.0,0.0,-0.3345,0.0,-0.3555,-1.224,0.0,1.0,0.0,0.0,-3.947,-1.0,-1.0,-1.5,2.75,-2.195,0.0,4.0,1.5,1.5,0.0,0.0,0.0,-5.477
-0.3467,-0.3452,-0.348,1.694,-1.632,0.6406,-2.758,2.521,-1.403,-2.164,-1.471,-0.4397,-0.7144,-1.564,-1.0,-1.0,2.768,2.695,-1.6,0.0,0.2676,2.133,0.2086,0.0928,-1.31,-1.66,0.03558,2.549,0.3652,-2.514,-1.896,1.472,-2.238,-0.3567,-0.3394,0.0,0.0,-0.3372,0.0,-0.318,-0.8105,0.0,0.0,0.0,0.0,3.65,-1.0,-0.5,-1.0,2.34,-0.8086,1.0,0.0,1.5,1.5,0.0,0.0,0.0,5.766
-0.349,-0.3477,-0.35,1.325,-1.268,0.2808,-2.758,2.543,-0.9893,-2.16,-1.496,-0.2097,-0.857,-1.564,-1.0,-1.0,2.768,2.623,-1.6,0.0,0.2703,2.104,0.363,0.08044,-0.8477,-1.66,0.2122,0.4822,0.2974,2.549,-2.19,-0.5527,-0.6978,-0.361,-0.3386,0.0,0.0,-0.3416,0.0,-0.3115,-0.6934,0.0,0.0,0.0,0.0,0.4702,0.0,0.0,-0.5,1.854,-0.6,2.0,0.0,1.5,1.5,0.0,0.0,0.0,0.8623
-0.3516,-0.35,-0.3525,1.496,-1.4375,0.2808,-2.758,2.443,-1.168,-2.164,-1.505,0.3672,-0.857,-1.564,-1.0,-1.0,2.768,2.695,-1.6,0.0,0.2727,2.303,0.4697,0.1126,-1.016,-1.66,-0.03168,-0.598,0.2788,0.4822,-2.514,-1.896,0.5884,-0.3682,-0.3384,0.0,0.0,-0.3452,0.0,-0.32,-0.4883,0.0,0.0,0.0,0.0,-0.4033,0.0,-0.5,-0.5,1.978,-0.8076,0.0,1.0,1.5,0.5,0.0,0.0,0.0,-0.734
-0.3545,-0.353,-0.3555,1.712,-1.653,0.2808,-2.758,2.543,-1.335,-2.164,-1.528,0.3167,-0.857,-1.564,-1.0,-1.0,2.768,2.695,-1.6,0.0,0.2751,0.7026,0.542,0.1793,-1.217,-1.66,-0.822,-0.725,0.3118,-0.598,2.547,-2.19,1.98,-0.3755,-0.3394,0.0,0.0,-0.3481,0.0,-0.3306,-0.743,0.0,0.0,0.0,0.0,-0.4185,0.0,-1.0,-1.0,2.1,-1.108,0.0,2.0,1.5,0.5,0.0,0.0,0.0,-0.769
-0.3562,-0.3547,-0.3572,1.0625,-1.002,0.2808,-2.758,2.3,-0.753,-2.152,-1.528,-0.3801,-0.857,-1.564,-1.0,-1.0,2.768,2.63,-1.6,0.0,0.2778,0.3408,0.5723,0.2605,-0.638,-1.66,-0.91,1.101,0.25,-0.725,0.4822,-2.514,-0.2256,-0.379,-0.34,0.0,0.0,-0.3518,0.0,-0.3152,-0.368,0.0,0.0,0.0,0.0,0.7705,1.0,-0.5,-0.5,1.501,-0.4531,1.0,0.0,1.5,0.5,1.0,0.0,4.184,1.433
-0.3555,-0.354,-0.3564,-0.1692,0.2471,0.5337,-2.758,2.27,0.4644,-1.837,-1.509,-1.95,-0.7144,-1.564,0.0,-1.0,2.387,2.107,-1.6,0.0,0.2803,3.135,0.5596,0.3274,0.6055,-1.66,-1.583,2.549,0.1414,1.101,-0.598,2.547,1.472,-0.3757,-0.3403,0.0,0.0,-0.354,0.0,-0.2778,0.0193,0.0,0.0,0.0,0.0,1.965,1.0,-0.5,0.0,0.4175,0.862,2.0,0.0,1.5,0.5,0.0,0.0,0.0,3.59
-0.3516,-0.3496,-0.3528,-1.631,1.754,2.451,-2.758,2.307,1.907,-1.385,-1.47,3.3,-0.5713,-1.564,0.0,-1.0,1.755,1.425,-1.527,0.0,0.2827,2.354,0.506,0.358,1.872,-1.66,-1.461,2.549,0.1284,2.549,-0.7246,0.4822,-0.5522,-0.3635,-0.3394,0.0,0.0,-0.3542,0.0,-0.2235,0.303,0.0,0.0,0.0,0.0,3.969,1.0,0.0,0.0,-0.928,2.045,3.0,0.0,1.5,0.5,1.0,0.0,4.234,5.766
-0.3494,-0.3477,-0.3508,-0.7173,0.832,2.451,-2.758,2.41,1.191,-1.596,-1.456,-0.3162,-0.4285,-1.564,0.0,-1.0,2.05,1.723,-1.6,0.0,0.2854,2.166,0.4167,0.361,1.307,-1.66,-0.6787,-1.733,0.09106,2.549,1.101,-0.5977,-1.8955,-0.3572,-0.3394,0.0,0.0,-0.355,0.0,-0.251,-0.0694,0.0,0.0,0.0,0.0,-1.306,1.0,0.0,-0.5,0.0334,1.583,0.0,1.0,1.5,0.5,0.0,0.0,0.0,-2.152
-0.3472,-0.3452,-0.3484,-0.9097,1.031,2.451,-2.758,2.361,1.475,-1.502,-1.436,0.3804,-0.2856,-1.564,0.0,-1.0,1.917,1.589,-1.6,0.0,0.2878,0.7905,0.2905,0.3433,1.636,-1.66,0.191,0.6694,0.1294,-1.733,2.547,-0.7246,-2.188,-0.3506,-0.3396,0.0,0.0,-0.3538,0.0,-0.2408,0.01826,0.0,0.0,0.0,0.0,0.3276,2.0,0.5,0.0,-0.2007,1.722,1.0,0.0,1.5,0.5,0.0,0.0,0.0,0.5557
-0.3452,-0.3433,-0.3467,-0.6606,0.7812,2.451,-2.758,2.438,1.312,-1.532,-1.428,0.03076,-0.2856,-1.564,0.0,-1.0,1.966,1.626,-1.6,0.0,0.2903,2.146,0.1583,0.307,1.452,-1.66,1.46,-0.331,0.1409,0.6694,2.547,1.101,-2.514,-0.3438,-0.3396,0.0,0.0,-0.3535,0.0,-0.2461,-0.1609,0.0,0.0,0.0,0.0,-0.261,1.0,0.5,-0.5,0.02446,1.465,0.0,1.0,1.5,0.5,0.0,0.0,0.0,-0.438
-0.3425,-0.3403,-0.344,-1.041,1.172,2.451,-2.758,2.357,1.826,-1.383,-1.408,0.538,-0.2856,-1.564,0.0,-1.0,1.757,1.419,-1.549,0.0,0.293,0.9087,0.0186,0.2546,1.872,-1.66,0.809,1.109,0.1958,-0.331,-1.733,2.547,2.547,-0.3345,-0.3396,0.0,0.0,-0.3516,0.0,-0.2291,0.01081,0.0,0.0,0.0,0.0,0.5557,1.0,0.5,0.0,-0.3914,1.788,1.0,0.0,1.5,0.5,0.0,0.0,0.0,0.938
-0.3408,-0.3389,-0.3423,-0.547,0.674,2.451,-2.758,2.25,1.276,-1.483,-1.382,-0.1676,-0.1428,-1.564,0.0,-1.0,1.882,1.573,-1.6,0.0,0.2954,0.497,-0.1483,0.1898,1.515,-1.66,0.864,-0.8716,0.215,1.109,0.6694,2.547,0.482,-0.3276,-0.3408,0.0,0.0,-0.3499,0.0,-0.2429,0.1255,0.0,0.0,0.0,0.0,-0.4988,0.0,0.0,0.0,0.01857,1.236,0.0,1.0,1.5,0.5,0.0,0.0,0.0,-0.826
-0.3396,-0.3376,-0.341,-0.3337,0.452,2.451,-2.758,2.1,0.9463,-1.516,-1.345,-0.11725,0.0,-1.564,0.0,-1.0,1.912,1.634,-1.6,0.0,0.298,0.05908,-0.332,0.11975,1.227,-1.66,1.246,-0.3315,0.228,-0.8716,-0.331,-1.732,-0.5977,-0.325,-0.3418,0.0,0.0,-0.3484,0.0,-0.2482,0.359,0.0,0.0,0.0,0.0,-0.1875,0.0,0.0,0.0,0.09106,0.878,0.0,2.0,1.5,0.5,0.0,0.0,0.0,-0.3152
-0.339,-0.3376,-0.3403,-0.00399,0.0888,2.451,-2.758,1.932,0.3694,-1.59,-1.292,-0.4531,0.1428,-1.564,0.0,-1.0,1.999,1.76,-1.6,0.0,0.3005,0.3784,-0.371,0.03427,0.587,-1.66,1.679,-0.667,0.2301,-0.3315,1.109,0.669,-0.7246,-0.3281,-0.3423,0.0,0.0,-0.3481,0.0,-0.2585,0.72,0.0,0.0,0.0,0.0,-0.417,-1.0,0.0,0.0,0.3267,0.4377,0.0,3.0,1.5,0.5,0.0,0.0,0.0,-0.705
-0.3376,-0.3362,-0.3389,-0.4739,0.553,2.451,-2.758,1.779,0.74,-1.441,-1.248,0.983,0.2856,-1.564,0.0,-1.0,1.782,1.557,-1.6,0.0,0.303,1.978,-0.2686,-0.0557,0.845,-1.66,1.481,1.124,0.2495,-0.667,-0.871,-0.3308,1.101,-0.3271,-0.343,0.0,0.0,-0.3474,0.0,-0.2417,0.601,0.0,0.0,0.0,0.0,0.9956,0.0,0.0,0.0,-0.0845,0.9297,1.0,0.0,1.5,0.5,0.0,0.0,0.0,1.702
-0.3347,-0.3333,-0.3357,-1.15,1.237,2.451,-2.758,1.722,1.389,-1.209,-1.197,0.9746,0.4285,-1.564,0.0,-1.0,1.476,1.239,-1.483,0.0,0.3057,2.168,-0.09076,-0.1064,1.367,-1.66,0.7417,1.766,0.296,1.124,-0.3315,1.109,2.547,-0.3247,-0.343,0.0,0.0,-0.3464,0.0,-0.2146,0.72,0.0,0.0,0.0,0.0,1.794,0.0,0.0,0.0,-0.674,1.656,2.0,0.0,1.5,0.5,0.0,0.0,0.0,3.012
-0.331,-0.3296,-0.332,-1.469,1.553,2.451,-2.758,1.618,1.637,-1.06,-1.134,0.3232,0.5713,-1.564,0.0,-1.0,1.282,1.052,-1.411,0.0,0.308,1.396,0.09576,-0.10156,1.594,-1.66,-0.4436,1.071,0.382,1.766,-0.667,-0.871,2.547,-0.32,-0.3425,0.0,0.0,-0.3447,0.0,-0.1978,0.907,1.0,0.0,0.0,0.0,1.043,1.0,0.0,0.5,-0.9595,1.983,3.0,0.0,1.5,0.5,0.0,0.0,0.0,1.7
-0.3281,-0.327,-0.3289,-1.1,1.16,2.451,-2.758,1.739,1.062,-1.12,-1.069,-0.2168,0.7144,-1.564,0.0,-1.0,1.366,1.119,-1.447,0.0,0.3105,1.993,0.2637,-0.04794,1.059,-1.653,0.2961,-0.5264,0.4429,1.071,1.124,-0.3315,-1.732,-0.3179,-0.342,0.0,0.0,-0.3423,0.0,-0.2064,0.9287,1.0,0.0,0.0,0.0,-0.3645,1.0,0.0,0.5,-0.622,1.584,0.0,1.0,1.5,0.5,0.0,0.0,0.0,-0.5835
-0.3225,-0.321,-0.3232,-1.631,1.803,2.451,-2.758,1.81,1.907,-0.7046,-0.99,1.241,0.857,-1.564,0.0,-1.0,0.886,0.592,-1.237,0.0,0.3132,2.912,0.4407,0.06665,1.872,-1.603,0.1575,2.549,0.573,-0.5264,1.765,-0.6665,0.669,-0.3098,-0.3396,0.0,0.0,-0.3372,0.0,-0.1572,1.0625,1.0,0.0,0.0,0.0,2.777,2.0,0.0,0.5,-1.384,2.045,1.0,0.0,1.5,0.5,0.0,0.0,0.0,4.484
-0.3132,-0.3113,-0.3147,-1.631,1.803,2.451,0.2625,1.676,1.907,-0.151,-0.9014,0.8906,0.857,-1.564,0.0,0.0,0.2969,-0.01304,-0.954,0.0,0.3157,3.135,0.6836,0.2622,1.872,-1.518,0.4937,2.549,0.7744,2.549,1.071,1.124,-0.3308,-0.2954,-0.336,0.0,0.0,-0.3286,0.0,-0.09106,1.155,1.0,0.0,0.0,0.0,5.914,2.0,0.5,0.5,-1.384,2.045,2.0,0.0,1.5,0.5,0.0,0.0,0.0,5.766
-0.3088,-0.3066,-0.3105,-1.631,1.803,2.451,-0.5786,1.917,1.726,-0.6646,-0.864,-0.444,0.857,-1.564,0.0,-1.0,0.851,0.5337,-1.223,0.0,0.318,2.22,0.89,0.4385,1.457,-1.486,0.4602,-2.514,0.7983,2.549,-0.5264,1.765,1.109,-0.2856,-0.333,0.0,0.0,-0.3232,0.0,-0.1544,0.339,0.0,0.0,0.0,0.0,-3.05,1.0,0.0,0.0,-1.035,2.045,0.0,1.0,1.5,0.5,0.0,0.0,0.0,-4.4
-0.3037,-0.3015,-0.3054,-1.631,1.803,2.451,-0.5786,1.822,1.907,-0.503,-0.8057,0.3215,0.857,-1.564,0.0,-1.0,0.668,0.3562,-1.143,0.0,0.3208,1.489,1.054,0.592,1.809,-1.457,0.9854,1.107,0.84,-2.514,2.547,1.071,-0.871,-0.276,-0.3293,0.0,0.0,-0.3174,0.0,-0.1359,0.666,0.0,0.0,0.0,0.0,0.768,1.0,0.5,0.5,-1.278,2.045,1.0,0.0,1.5,0.5,0.0,0.0,0.0,1.176
-0.301,-0.2986,-0.3027,-0.9233,1.075,2.451,-0.5786,2.068,0.868,-0.7627,-0.766,-0.4502,0.857,-1.564,0.0,-1.0,0.9746,0.6367,-1.28,0.0,0.3232,1.996,1.163,0.717,0.7046,-1.438,1.381,-1.878,0.7725,1.107,2.547,-0.5264,-0.3315,-0.2715,-0.3267,0.0,0.0,-0.3123,0.0,-0.1685,0.3425,0.0,0.0,0.0,0.0,-1.283,1.0,0.5,0.0,-0.2343,1.743,0.0,1.0,1.5,0.5,0.0,0.0,0.0,-1.929
-0.2979,-0.2954,-0.2996,-1.111,1.27,2.451,-0.5786,2.201,1.022,-0.6567,-0.719,0.3157,0.857,-1.564,0.0,-1.0,0.8687,0.4978,-1.2295,0.0,0.3257,3.135,1.234,0.8223,0.8486,-1.408,1.835,0.7144,0.6577,-1.878,-2.514,2.547,-0.6665,-0.2676,-0.3245,0.0,0.0,-0.3066,0.0,-0.1567,0.4404,0.0,0.0,0.0,0.0,0.771,1.0,1.0,0.5,-0.4392,1.903,1.0,0.0,1.5,0.5,0.0,0.0,0.0,1.196
-0.2932,-0.2908,-0.2952,-1.631,1.803,2.451,-0.5786,2.197,1.612,-0.4243,-0.668,0.711,0.857,-1.564,0.0,0.0,0.619,0.232,-1.113,0.0,0.3284,1.866,1.257,0.907,1.473,-1.383,1.671,1.613,0.588,0.7144,1.107,2.547,1.124,-0.2605,-0.3213,0.0,0.0,-0.3005,0.0,-0.1296,0.4868,0.0,0.0,0.0,0.0,1.374,1.0,1.0,0.5,-0.9224,2.045,2.0,0.0,1.5,0.5,0.0,0.0,0.0,2.107
-0.2864,-0.2837,-0.2888,-1.631,1.803,2.451,-0.5786,2.246,1.907,-0.0656,-0.593,0.7183,0.857,-1.564,0.0,0.0,0.2651,-0.1562,-0.932,0.0,0.3308,2.244,1.267,0.9985,1.872,-1.325,1.279,2.455,0.6714,1.613,-1.878,-2.514,1.765,-0.254,-0.3179,0.0,0.0,-0.2942,0.0,-0.08746,0.7593,0.0,0.0,0.0,0.0,3.906,2.0,1.0,1.0,-1.384,2.045,3.0,0.0,1.5,0.5,0.0,0.0,0.0,5.766
-0.281,-0.2783,-0.2834,-1.631,1.803,2.242,-0.5786,2.42,1.823,-0.1572,-0.5195,-0.1465,0.857,-1.555,0.0,0.0,0.3694,-0.0777,-0.983,0.0,0.3333,1.259,1.236,1.087,1.711,-1.29,1.179,-0.66,0.765,2.455,0.7144,1.107,1.071,-0.2544,-0.3147,0.0,0.0,-0.29,0.0,-0.0997,0.7065,0.0,0.0,0.0,0.0,-0.615,1.0,0.5,1.0,-1.093,2.045,0.0,1.0,1.5,0.5,0.0,0.0,0.0,-0.883
-0.2803,-0.2776,-0.2822,-0.12366,0.296,2.242,-0.978,2.785,-0.2744,-0.685,-0.4683,-1.044,0.7144,-1.555,-1.0,-1.0,0.9785,0.4468,-1.259,0.0,0.336,3.135,1.185,1.154,-0.3267,-1.264,1.637,-2.514,0.7173,-0.66,1.613,-1.877,-0.5264,-0.2554,-0.312,0.0,0.0,-0.287,0.0,-0.1648,0.3386,0.0,0.0,0.0,0.0,-4.254,1.0,0.5,1.0,0.787,1.267,0.0,2.0,1.5,0.5,0.0,0.0,0.0,-5.477
-0.278,-0.276,-0.2798,-0.7134,0.854,2.242,-0.978,2.785,0.201,-0.4783,-0.415,-3.13,0.7144,-1.555,0.0,-1.0,0.742,0.2213,-1.157,0.0,0.3384,1.365,1.123,1.205,0.1407,-1.231,0.5273,1.422,0.6924,-2.514,2.455,0.714,2.547,-0.2556,-0.308,0.0,0.0,-0.2837,0.0,-0.1411,0.3647,0.0,0.0,0.0,0.0,1.059,1.0,0.5,1.0,0.2147,1.798,1.0,0.0,1.5,0.5,0.0,0.0,0.0,1.635
-0.2751,-0.2732,-0.2766,-0.97,1.091,2.242,-0.978,2.785,0.405,-0.3577,-0.3691,0.8506,0.7144,-1.545,0.0,0.0,0.609,0.09564,-1.099,0.0,0.3408,1.724,1.061,1.234,0.335,-1.201,-1.065,0.7935,0.658,1.422,-0.66,1.613,2.547,-0.2517,-0.3032,0.0,0.0,-0.2798,0.0,-0.1276,0.312,0.0,0.0,0.0,0.0,0.499,1.0,0.5,1.0,-0.04117,2.016,2.0,0.0,1.5,0.5,0.0,0.0,0.0,0.753
-0.2722,-0.2705,-0.2734,-0.9897,1.094,2.242,-0.978,2.785,0.3882,-0.309,-0.3293,0.1077,0.7144,-1.534,0.0,0.0,0.555,0.0472,-1.077,0.0,0.3435,0.9224,0.985,1.234,0.3167,-1.177,0.4055,0.2937,0.642,0.7935,-2.514,2.453,-2.514,-0.2484,-0.2988,0.0,0.0,-0.2761,0.0,-0.1227,0.2632,0.0,0.0,0.0,0.0,0.1792,1.0,1.0,1.0,-0.06824,2.01,3.0,0.0,1.5,-0.5,0.0,0.0,0.0,0.2668
-0.268,-0.2666,-0.269,-1.454,1.536,2.242,-0.978,2.629,0.8354,-0.10614,-0.2766,1.118,0.7144,-1.524,0.0,0.0,0.3384,-0.1511,-0.9756,0.0,0.346,0.8696,0.888,1.206,0.8267,-1.152,0.02716,1.363,0.6143,0.2937,1.421,-0.66,1.106,-0.2455,-0.2942,0.0,0.0,-0.2715,0.0,-0.09894,0.4097,0.0,0.0,0.0,0.0,0.842,2.0,1.0,1.5,-0.591,2.045,4.0,0.0,1.5,-0.5,0.0,0.0,0.0,1.247
-0.263,-0.2615,-0.2642,-1.631,1.803,2.242,-0.978,2.434,1.286,0.081,-0.2372,0.662,0.7144,-1.515,0.0,0.0,0.1434,-0.3223,-0.8813,0.0,0.3484,1.827,0.8013,1.154,1.268,-1.126,0.9224,1.238,0.583,1.363,0.7935,-2.514,-1.877,-0.2444,-0.2886,0.0,0.0,-0.2656,0.0,-0.077,0.3013,0.0,0.0,0.0,0.0,1.177,3.0,1.5,1.5,-1.066,2.045,5.0,0.0,1.5,-0.5,0.0,0.0,0.0,1.705
-0.259,-0.2573,-0.26,-1.42,1.502,2.242,-0.978,2.164,1.028,0.01254,-0.2316,-0.0587,0.7144,-1.505,0.0,0.0,0.1835,-0.2279,-0.9175,0.0,0.351,0.841,0.757,1.081,1.028,-1.126,0.8594,-0.4666,0.4583,1.238,0.2935,1.421,0.714,-0.2429,-0.2832,0.0,0.0,-0.26,0.0,-0.0857,-0.0857,0.0,0.0,0.0,0.0,-0.272,2.0,1.0,1.0,-0.8594,1.991,0.0,1.0,1.5,-0.5,0.0,0.0,0.0,-0.386
-0.2566,-0.2551,-0.2573,-0.791,0.857,2.242,-0.978,2.04,0.3489,-0.155,-0.2064,-0.509,0.7144,-1.495,0.0,0.0,0.3333,-0.04364,-1.005,0.0,0.3535,-0.276,0.694,0.993,0.408,-1.117,0.3677,-1.128,0.3062,-0.4666,1.363,0.793,1.612,-0.2374,-0.2786,0.0,0.0,-0.2554,0.0,-0.1063,0.2136,0.0,0.0,0.0,0.0,-0.518,1.0,0.5,1.0,-0.2488,1.375,0.0,2.0,1.5,-0.5,0.0,0.0,0.0,-0.7407
-0.2544,-0.253,-0.2551,-0.6997,0.761,2.242,-0.978,1.924,0.2832,-0.1517,-0.1896,-0.01234,0.7144,-1.485,0.0,0.0,0.3196,-0.03604,-1.005,0.0,0.356,0.11084,0.6133,0.8984,0.3574,-1.109,-0.62,0.0,0.1985,-1.128,1.237,0.2935,2.453,-0.2341,-0.275,0.0,0.0,-0.2517,0.0,-0.10657,0.0984,0.0,0.0,0.0,0.0,0.0,0.0,0.0,0.5,-0.2578,1.178,0.0,0.0,1.5,-0.5,0.0,0.0,0.0,0.0
-0.2532,-0.2522,-0.254,-0.2479,0.2896,2.242,-0.978,1.935,-0.244,-0.2756,-0.1644,-1.309,0.5713,-1.476,-1.0,0.0,0.4436,0.0945,-1.07,0.0,0.3586,0.7876,0.501,0.796,-0.1241,-1.101,-0.368,-0.863,0.10126,0.0,-0.4663,1.363,-0.66,-0.2335,-0.2725,0.0,0.0,-0.2491,0.0,-0.1221,0.2437,0.0,0.0,0.0,0.0,-0.61,-1.0,0.0,0.5,0.1908,0.7373,0.0,1.0,1.5,-0.5,0.0,0.0,0.0,-0.889
-0.253,-0.252,-0.2534,0.04172,-0.01793,2.242,-0.978,1.727,-0.5825,-0.3567,-0.1488,3.021,0.4285,-1.466,-1.0,0.0,0.5073,0.2023,-1.113,0.0,0.361,0.4133,0.3777,0.682,-0.488,-1.088,1.179,-0.5835,-0.05457,-0.863,-1.128,1.237,-2.514,-0.2344,-0.2698,0.0,0.0,-0.2466,0.0,-0.1326,0.07404,0.0,0.0,0.0,0.0,-0.5103,-2.0,0.0,0.0,0.4233,0.3901,0.0,2.0,1.5,-0.5,0.0,0.0,0.0,-0.755
-0.2524,-0.2515,-0.253,-0.03244,0.05658,2.242,-0.978,1.726,-0.4944,-0.324,-0.1442,-0.0639,0.2856,-1.455,-1.0,0.0,0.4739,0.1667,-1.099,0.0,0.3635,1.987,0.2203,0.5674,-0.3918,-1.088,0.6743,0.1964,-0.0885,-0.5835,0.0,-0.4663,1.421,-0.237,-0.2673,0.0,0.0,-0.2456,0.0,-0.1294,-0.10864,0.0,0.0,0.0,0.0,0.1655,-1.0,0.0,0.0,0.2344,0.334,1.0,0.0,0.0,-0.5,0.0,0.0,0.0,0.2472
-0.253,-0.252,-0.2534,0.3772,-0.361,1.246,-0.978,1.615,-0.815,-0.447,-0.1648,1.071,0.1428,-1.445,-1.0,0.0,0.591,0.313,-1.164,0.0,0.3662,0.969,0.0835,0.4795,-0.683,-1.109,0.3718,-0.881,-0.1017,0.1964,-0.8623,-1.128,0.793,-0.243,-0.265,0.0,0.0,-0.2472,0.0,-0.1449,-0.651,0.0,0.0,0.0,0.0,-0.6704,-1.0,-0.5,-0.5,0.6367,-0.05963,0.0,1.0,0.0,-0.5,0.0,0.0,0.0,-0.9985
-0.2542,-0.2532,-0.2544,0.6265,-0.611,1.246,-0.978,1.567,-0.9985,-0.5254,-0.1833,0.4302,0.0,-1.445,-1.0,-1.0,0.6694,0.4065,-1.208,0.0,0.3687,0.4536,-0.05002,0.3813,-0.869,-1.125,0.2079,-0.596,-0.1071,-0.881,-0.5835,0.0,0.2935,-0.2494,-0.2632,0.0,0.0,-0.2471,0.0,-0.1553,-0.6387,0.0,0.0,0.0,0.0,-0.3123,-1.0,-1.0,-0.5,0.706,-0.4854,0.0,2.0,0.0,-0.5,0.0,0.0,0.0,-0.472
-0.254,-0.2532,-0.2542,0.08813,-0.0833,1.246,-0.978,1.207,-0.5337,-0.3628,-0.1652,-0.434,0.0,-1.436,-1.0,0.0,0.467,0.2588,-1.128,0.0,0.371,0.9497,-0.1843,0.28,-0.385,-1.119,-0.4563,1.104,-0.10925,-0.596,0.1964,-0.8623,1.363,-0.252,-0.2607,0.0,0.0,-0.247,0.0,-0.1367,0.2236,0.0,0.0,0.0,0.0,0.6846,0.0,-1.0,0.0,0.189,0.02278,1.0,0.0,0.0,-0.5,0.0,0.0,0.0,1.045
-0.2522,-0.2515,-0.2524,-0.5005,0.509,1.246,-0.978,1.123,0.07166,-0.1583,-0.148,-1.443,0.0,-1.426,0.0,0.0,0.2544,0.04745,-1.026,0.0,0.3738,1.155,-0.2983,0.1667,0.2168,-1.109,-1.091,1.379,-0.1671,1.104,-0.881,-0.583,1.237,-0.2524,-0.2576,0.0,0.0,-0.245,0.0,-0.1129,0.2236,0.0,0.0,0.0,0.0,0.5825,1.0,-1.0,0.0,-0.3376,0.6367,2.0,0.0,0.0,-0.5,0.0,0.0,0.0,0.873
-0.2505,-0.2498,-0.2507,-0.5635,0.5693,1.246,-0.978,0.982,0.1697,-0.1106,-0.1344,0.7188,0.0,-1.416,0.0,0.0,0.1953,0.01125,-1.005,0.0,0.3762,0.2397,-0.392,0.04922,0.3247,-1.1045,-0.965,0.2888,-0.2042,1.379,-0.5957,0.1963,-0.4663,-0.251,-0.2542,0.0,0.0,-0.2433,0.0,-0.1079,0.1355,0.0,0.0,0.0,0.0,0.1298,1.0,-0.5,0.0,-0.3972,0.6963,3.0,0.0,0.0,-0.5,0.0,0.0,0.0,0.19
-0.2495,-0.2489,-0.2498,-0.2028,0.2041,1.246,-0.978,0.9927,-0.1727,-0.205,-0.128,-1.176,-0.1428,-1.406,-1.0,0.0,0.2888,0.10913,-1.056,0.0,0.379,0.3892,-0.468,-0.08044,-0.01531,-1.104,-0.5107,-0.671,-0.2091,0.2888,1.104,-0.8804,-1.128,-0.2498,-0.2515,0.0,0.0,-0.2429,0.0,-0.12,-0.0767,0.0,0.0,0.0,0.0,-0.47,1.0,-0.5,-0.5,-0.0915,0.299,0.0,1.0,0.0,-0.5,0.0,0.0,0.0,-0.685
-0.25,-0.2494,-0.2502,0.3496,-0.3533,1.246,-0.978,1.064,-0.6655,-0.3699,-0.1407,9.52,-0.2856,-1.396,-1.0,0.0,0.4617,0.2803,-1.143,0.0,0.3813,1.091,-0.5176,-0.1826,-0.5396,-1.109,-0.54,-1.163,-0.2278,-0.671,1.379,-0.5957,0.0,-0.2507,-0.2498,0.0,0.0,-0.2445,0.0,-0.1406,-0.612,0.0,0.0,0.0,0.0,-0.76,1.0,-0.5,-1.0,0.4255,-0.2537,0.0,2.0,0.0,-0.5,0.0,0.0,0.0,-1.12
-0.2517,-0.2512,-0.252,0.913,-0.9272,1.246,-0.978,1.022,-1.123,-0.549,-0.1729,1.055,-0.4285,-1.396,-1.0,-1.0,0.6455,0.485,-1.237,0.0,0.3838,0.1945,-0.504,-0.277,-0.9927,-1.136,-0.2418,-1.285,-0.1976,-1.163,0.2888,1.104,-0.8623,-0.2522,-0.2489,0.0,0.0,-0.2465,0.0,-0.163,-1.147,0.0,1.0,0.0,0.0,-0.786,0.0,-0.5,-1.5,1.004,-0.7676,0.0,3.0,0.0,-0.5,0.0,1.0,-3.82,-1.182
-0.2502,-0.2496,-0.2502,-0.51,0.5073,1.246,-0.3792,1.067,0.4053,-0.10016,-0.1793,-1.52,-0.4285,-1.386,0.0,0.0,0.1929,-0.007755,-1.012,0.0,0.3865,2.309,-0.483,-0.368,0.516,-1.142,-0.0863,2.549,-0.249,-1.285,-0.671,1.379,-0.583,-0.248,-0.2467,0.0,0.0,-0.2445,0.0,-0.1104,-0.3538,0.0,0.0,0.0,0.0,3.225,0.0,0.0,-1.0,-0.2473,0.7427,1.0,0.0,0.0,-0.5,0.0,0.0,0.0,4.953
-0.2491,-0.2487,-0.2493,-0.2395,0.2301,1.246,-0.3792,0.988,0.1863,-0.1663,-0.1799,-0.3184,-0.4285,-1.376,0.0,0.0,0.25,0.0687,-1.048,0.0,0.389,0.1259,-0.4612,-0.4402,0.2808,-1.142,-0.1115,-0.48,-0.2637,2.549,-1.163,0.2888,0.1963,-0.2463,-0.2457,0.0,0.0,-0.2437,0.0,-0.1191,-0.2428,0.0,0.0,0.0,0.0,-0.2627,-1.0,-0.5,-1.0,0.0356,0.5005,0.0,1.0,0.0,-0.5,0.0,0.0,0.0,-0.3838
-0.2484,-0.2479,-0.2484,-0.161,0.1488,1.246,-0.3792,1.027,0.1626,-0.1754,-0.1815,0.05655,-0.4285,-1.366,0.0,0.0,0.2627,0.0745,-1.056,0.0,0.3914,0.5195,-0.4392,-0.4897,0.2585,-1.1455,0.2961,-0.0968,-0.2659,-0.48,-1.285,-0.6704,-0.8804,-0.247,-0.2462,0.0,0.0,-0.2434,0.0,-0.1209,-0.2595,0.0,0.0,0.0,0.0,-0.0505,-1.0,-0.5,-1.0,0.06995,0.3772,0.0,2.0,0.0,-0.5,0.0,0.0,0.0,-0.07434
-0.2444,-0.2435,-0.2446,-1.408,1.434,1.246,-0.3792,1.0205,1.575,0.2856,-0.154,5.723,-0.2856,-1.356,0.0,0.0,-0.169,-0.386,-0.823,0.0,0.394,2.158,-0.4446,-0.5244,1.565,-1.113,0.6113,2.549,-0.1744,-0.0968,2.547,-1.163,-0.5957,-0.243,-0.2441,0.0,0.0,-0.2415,0.0,-0.0667,0.3652,0.0,0.0,0.0,0.0,4.51,0.0,0.0,-0.5,-1.004,1.754,1.0,0.0,0.0,-0.5,0.0,0.0,0.0,5.766
-0.239,-0.2379,-0.2396,-1.631,1.803,1.246,-0.3792,1.056,1.907,0.5156,-0.11096,0.506,-0.1428,-1.347,0.0,0.0,-0.365,-0.6025,-0.707,0.0,0.3965,1.951,-0.414,-0.513,1.872,-1.068,0.3718,1.475,-0.01996,2.549,-0.48,-1.284,1.104,-0.2356,-0.242,0.0,0.0,-0.2394,0.0,-0.03976,0.639,0.0,0.0,0.0,0.0,1.917,1.0,0.0,0.0,-1.375,2.045,2.0,0.0,0.0,-0.5,0.0,0.0,0.0,2.686
-0.2322,-0.2306,-0.2332,-1.631,1.803,1.858,-0.3792,0.907,1.907,0.786,-0.05615,0.4504,0.0,-1.337,0.0,0.0,-0.601,-0.8267,-0.5693,0.0,0.399,0.916,-0.2642,-0.4236,1.872,-1.01,0.02718,1.709,0.196,1.475,-0.09674,2.547,1.379,-0.2233,-0.2384,0.0,0.0,-0.237,0.0,-0.00775,0.779,1.0,0.0,0.0,0.0,2.287,1.0,0.0,0.0,-1.384,2.045,3.0,0.0,0.0,-0.5,0.0,0.0,0.0,3.129
-0.226,-0.2242,-0.2272,-1.631,1.803,1.858,-0.3792,0.834,1.907,0.785,0.0058,0.02867,0.1428,-1.327,0.0,0.0,-0.607,-0.8184,-0.5693,0.0,0.4016,-0.1425,-0.08185,-0.315,1.872,-0.9688,0.1659,0.0,0.372,1.709,2.547,-0.4797,0.2888,-0.2089,-0.235,0.0,0.0,-0.2344,0.0,-0.008,0.9463,1.0,0.0,0.0,0.0,0.0,1.0,-0.5,0.0,-1.384,2.045,0.0,0.0,0.0,-0.5,0.0,0.0,0.0,0.0
-0.2191,-0.2172,-0.2206,-1.631,1.803,1.858,-0.3792,0.869,1.907,0.9478,0.08044,0.2169,0.2856,-1.316,0.0,0.0,-0.7314,-0.959,-0.4858,0.0,0.404,1.108,0.14,-0.1704,1.872,-0.91,0.7124,1.006,0.5767,0.0,1.474,-0.09674,-0.6704,-0.1976,-0.2318,0.0,0.0,-0.2305,0.0,0.01124,1.137,1.0,0.0,0.0,0.0,1.274,2.0,0.0,0.5,-1.384,2.045,1.0,0.0,0.0,-0.5,0.0,0.0,0.0,1.694
-0.2142,-0.2122,-0.2157,-1.609,1.732,1.858,-0.3792,0.8916,1.837,0.7812,0.1385,-0.1761,0.4285,-1.307,0.0,0.0,-0.5986,-0.821,-0.5693,0.0,0.4065,-0.02487,0.3445,-0.03021,1.611,-0.874,1.547,-0.989,0.6885,1.006,1.708,2.547,-1.162,-0.1873,-0.23,0.0,0.0,-0.2272,0.0,-0.00862,0.8457,1.0,0.0,0.0,0.0,-0.7437,1.0,0.0,0.0,-1.197,2.045,0.0,1.0,0.0,-0.5,0.0,0.0,0.0,-0.972
-0.2115,-0.2095,-0.213,-0.8013,0.9224,1.858,-0.3792,1.03,0.904,0.537,0.1733,-0.3813,0.4285,-1.297,0.0,0.0,-0.3857,-0.6196,-0.693,0.0,0.4092,1.7,0.509,0.08936,0.7427,-0.8574,2.426,-1.486,0.721,-0.989,0.0,1.474,-1.284,-0.1794,-0.2285,0.0,0.0,-0.2242,0.0,-0.03778,0.44,0.0,0.0,0.0,0.0,-0.774,0.0,0.0,-0.5,-0.3655,1.323,0.0,2.0,0.0,-0.5,0.0,0.0,0.0,-1.029
-0.21,-0.208,-0.2115,-0.3545,0.4734,1.858,-0.4631,1.126,0.382,0.408,0.1992,-0.4187,0.4285,-1.287,0.0,0.0,-0.2666,-0.5107,-0.758,0.0,0.4116,0.7646,0.637,0.1918,0.2725,-0.846,1.4375,-0.807,0.717,-1.486,1.005,1.708,2.547,-0.1781,-0.226,0.0,0.0,-0.2216,0.0,-0.05328,0.2754,0.0,0.0,0.0,0.0,-0.3638,-1.0,-0.5,-1.0,0.069,0.896,0.0,3.0,0.0,-0.5,0.0,0.0,0.0,-0.4958
-0.2094,-0.2074,-0.2109,-0.02379,0.135,1.858,-0.79,1.171,-0.04575,0.3088,0.2261,-0.801,0.5713,-1.277,0.0,0.0,-0.1759,-0.422,-0.8086,0.0,0.414,0.6646,0.742,0.2854,-0.141,-0.8296,1.795,-0.636,0.6997,-0.807,-0.989,0.0,-0.4797,-0.1803,-0.2241,0.0,0.0,-0.2194,0.0,-0.06537,0.2754,0.0,0.0,0.0,0.0,-0.3054,-1.0,-0.5,-1.0,0.363,0.5435,0.0,4.0,0.0,-0.5,0.0,0.0,0.0,-0.422
-0.2085,-0.2067,-0.2098,-0.1279,0.2274,1.858,-0.79,1.179,-0.0686,0.3535,0.2646,-0.2181,0.7144,-1.268,0.0,0.0,-0.2146,-0.4648,-0.787,0.0,0.4167,1.147,0.8223,0.3677,-0.12427,-0.81,1.976,0.2756,0.6567,-0.636,-1.486,1.005,-0.09674,-0.1849,-0.2225,0.0,0.0,-0.2164,0.0,-0.0604,0.488,0.0,0.0,0.0,0.0,0.1315,-1.0,0.0,-0.5,0.2206,0.586,1.0,0.0,0.0,-0.5,0.0,0.0,0.0,0.1837
-0.2107,-0.209,-0.2119,1.067,-0.99,1.858,-0.79,1.539,-1.431,-0.04468,0.293,-17.1,0.7144,-1.258,-1.0,0.0,0.1818,-0.1099,-0.99,0.0,0.4192,3.135,0.8486,0.434,-1.453,-0.7944,0.7856,-2.514,0.587,0.2756,-0.8066,-0.9883,2.547,-0.194,-0.2222,0.0,0.0,-0.2148,0.0,-0.1084,0.2625,0.0,0.0,0.0,0.0,-2.217,-1.0,-0.5,-0.5,1.355,-0.605,0.0,1.0,0.0,-0.5,0.0,0.0,0.0,-3.084
-0.2115,-0.2101,-0.2126,0.551,-0.4812,1.858,-0.79,1.325,-1.023,0.1018,0.3052,-0.1967,0.5713,-1.247,-1.0,0.0,0.025,-0.2367,-0.9175,0.0,0.4216,1.221,0.8364,0.496,-1.134,-0.773,0.01666,0.9556,0.5376,-2.514,-0.636,-1.485,1.474,-0.2032,-0.2218,0.0,0.0,-0.2133,0.0,-0.0915,0.03436,0.0,0.0,0.0,0.0,0.5205,0.0,-0.5,-0.5,0.893,-0.07623,1.0,0.0,0.0,-0.5,0.0,0.0,0.0,0.756
-0.2117,-0.2102,-0.2126,0.2229,-0.1555,1.858,-0.79,1.456,-0.7886,0.2057,0.3267,-0.1406,0.4285,-1.237,-1.0,0.0,-0.0583,-0.3508,-0.8667,0.0,0.4243,1.942,0.769,0.547,-0.882,-0.763,-0.904,0.658,0.516,0.9556,0.2756,-0.8066,1.708,-0.2097,-0.2218,0.0,0.0,-0.212,0.0,-0.07965,0.1891,0.0,0.0,0.0,0.0,0.2688,1.0,-0.5,0.0,0.612,0.2744,2.0,0.0,0.0,-0.5,0.0,0.0,0.0,0.3845
-0.2118,-0.2104,-0.2125,0.2115,-0.161,1.858,-0.79,1.4,-0.869,0.21,0.3496,0.2744,0.2856,-1.228,-1.0,0.0,-0.06714,-0.3496,-0.8667,0.0,0.4268,-0.1852,0.6284,0.5874,-0.95,-0.7515,-1.076,0.0,0.4978,0.658,-2.514,-0.6357,0.0,-0.2134,-0.2216,0.0,0.0,-0.2109,0.0,-0.0798,0.2042,0.0,0.0,0.0,0.0,0.0,1.0,-0.5,0.0,0.4531,0.1079,0.0,0.0,0.0,-0.5,0.0,0.0,0.0,0.0
-0.211,-0.2098,-0.2118,-0.07965,0.1257,1.858,-0.79,1.165,-0.561,0.315,0.3533,-0.305,0.1428,-1.218,-1.0,0.0,-0.1819,-0.4275,-0.816,0.0,0.4292,0.544,0.4707,0.621,-0.7617,-0.7305,-1.731,0.651,0.4617,0.0,0.955,0.2754,1.005,-0.2147,-0.2206,0.0,0.0,-0.2091,0.0,-0.06793,-0.1221,0.0,0.0,0.0,0.0,0.2625,1.0,-0.5,0.0,0.1356,0.3433,1.0,0.0,0.0,-0.5,0.0,0.0,0.0,0.3713
-0.2102,-0.209,-0.2108,-0.1768,0.2207,1.858,-0.79,1.0625,-0.3901,0.364,0.3481,-0.2776,0.0,-1.208,-1.0,0.0,-0.2341,-0.4636,-0.7944,0.0,0.432,1.028,0.3035,0.633,-0.652,-0.727,-1.439,0.2761,0.3792,0.651,0.658,-2.514,-0.9883,-0.2144,-0.2195,0.0,0.0,-0.2064,0.0,-0.06287,-0.3403,0.0,0.0,0.0,0.0,0.09735,2.0,0.0,0.0,-0.0327,0.3533,2.0,0.0,0.0,-0.5,0.0,0.0,0.0,0.1362
-0.2102,-0.2091,-0.2107,0.1782,-0.1431,1.858,-0.79,1.09,-0.6245,0.2537,0.3218,1.077,-0.1428,-1.198,-1.0,0.0,-0.1343,-0.362,-0.8525,0.0,0.4343,0.9336,0.1448,0.5977,-0.886,-0.747,-0.8555,-0.7324,0.2095,0.2761,0.0,0.955,-1.485,-0.2158,-0.2184,0.0,0.0,-0.2035,0.0,-0.07666,-0.856,0.0,0.0,0.0,0.0,-0.2177,1.0,0.0,-0.5,0.345,0.04166,0.0,1.0,0.0,-0.5,0.0,0.0,0.0,-0.3032
-0.2089,-0.2079,-0.2094,-0.3074,0.342,1.858,-0.79,1.142,-0.001461,0.4292,0.303,-1.198,-0.1428,-1.188,0.0,0.0,-0.2837,-0.5317,-0.765,0.0,0.4368,1.136,-0.01984,0.5264,-0.2517,-0.7656,-0.57,1.112,0.1608,-0.7324,0.651,0.658,-0.8066,-0.2109,-0.2166,0.0,0.0,-0.2017,0.0,-0.05624,-0.5903,0.0,0.0,0.0,0.0,0.4229,1.0,0.5,0.0,-0.11194,0.5205,1.0,0.0,0.0,-0.5,0.0,0.0,0.0,0.596
-0.2062,-0.2054,-0.2064,-0.851,0.8726,1.858,-0.79,1.019,0.7485,0.6475,0.2866,7.38,-0.1428,-1.178,0.0,0.0,-0.4785,-0.717,-0.6562,0.0,0.4395,0.12006,-0.1271,0.4165,0.6523,-0.8066,-0.2795,1.365,0.09625,1.112,0.276,0.0,-0.6357,-0.2053,-0.2144,0.0,0.0,-0.1987,0.0,-0.0308,-0.5215,0.0,0.0,0.0,0.0,0.6807,2.0,1.0,0.0,-0.605,1.063,2.0,0.0,0.0,-0.5,0.0,0.0,0.0,0.9424
-0.2023,-0.2014,-0.2025,-1.273,1.302,1.858,-0.79,0.9927,1.371,0.8496,0.2886,0.9336,-0.1428,-1.168,0.0,0.0,-0.644,-0.8887,-0.5547,0.0,0.442,0.792,-0.1912,0.2668,1.3125,-0.8125,-0.3174,1.246,0.03748,1.365,-0.7324,0.651,0.2754,-0.1986,-0.2113,0.0,0.0,-0.1948,0.0,-0.007088,-0.1054,0.0,0.0,0.0,0.0,0.762,2.0,1.0,0.5,-1.024,1.464,3.0,0.0,0.0,-0.5,0.0,0.0,0.0,1.031
-0.1995,-0.1986,-0.1997,-0.8774,0.9023,1.858,-0.79,0.8447,1.017,0.751,0.299,-0.1187,-0.1428,-1.158,0.0,0.0,-0.5786,-0.79,-0.6055,0.0,0.4443,-0.3699,-0.2448,0.109,0.9404,-0.8027,0.9937,-0.6104,0.04935,1.246,1.112,0.276,-2.514,-0.193,-0.2083,0.0,0.0,-0.1932,0.0,-0.01924,0.06995,0.0,0.0,0.0,0.0,-0.4238,1.0,1.0,0.5,-0.6597,1.061,0.0,1.0,0.0,-0.5,0.0,0.0,0.0,-0.562
-0.1967,-0.1958,-0.197,-0.85,0.8804,1.858,-0.79,0.8047,1.029,0.7817,0.3179,0.1558,-0.1428,-1.148,0.0,0.0,-0.6064,-0.8125,-0.5913,0.0,0.447,0.3357,-0.296,-0.04288,0.963,-0.792,0.7964,0.1761,0.0712,-0.6104,1.365,-0.7324,0.955,-0.1881,-0.2054,0.0,0.0,-0.1924,0.0,-0.01596,0.2827,0.0,0.0,0.0,0.0,0.0814,2.0,1.0,1.0,-0.6616,1.009,1.0,0.0,0.0,-0.5,0.0,0.0,0.0,0.1091
-0.1954,-0.1945,-0.1958,-0.2947,0.3213,0.524,-0.79,0.8765,0.4336,0.6123,0.3342,-0.428,-0.1428,-1.139,0.0,0.0,-0.4624,-0.6724,-0.678,0.0,0.4495,0.1271,-0.3328,-0.1659,0.3865,-0.784,0.6914,-1.054,0.04416,0.1761,1.246,1.112,0.6577,-0.1857,-0.2037,0.0,0.0,-0.1931,0.0,-0.0366,0.1785,0.0,0.0,0.0,0.0,-0.5244,1.0,0.5,1.0,-0.0952,0.505,0.0,1.0,0.0,-0.5,0.0,0.0,0.0,-0.7007
-0.1947,-0.1938,-0.1951,-0.09576,0.1169,0.524,-0.79,0.7646,0.2195,0.559,0.3455,-0.2852,-0.1428,-1.129,0.0,0.0,-0.428,-0.614,-0.707,0.0,0.452,-0.3474,-0.3513,-0.276,0.1747,-0.7783,0.801,-0.3577,0.01153,-1.054,-0.6104,1.365,0.0,-0.1825,-0.2021,0.0,0.0,-0.1942,0.0,-0.04355,0.05414,0.0,0.0,0.0,0.0,-0.168,0.0,0.5,0.5,-0.01839,0.1832,0.0,2.0,0.0,-0.5,0.0,0.0,0.0,-0.2284
-0.1953,-0.1947,-0.1956,0.4023,-0.4028,0.524,-0.79,0.596,-0.4011,0.3916,0.3696,-1.892,-0.1428,-1.119,-1.0,0.0,-0.3,-0.4448,-0.7944,0.0,0.4546,0.1654,-0.3564,-0.3374,-0.4663,-0.7593,0.5986,-1.079,-0.07446,-0.3577,0.1761,1.245,0.651,-0.1831,-0.2008,0.0,0.0,-0.1965,0.0,-0.0642,0.3994,0.0,0.0,0.0,0.0,-0.707,-1.0,0.0,0.5,0.47,-0.3083,0.0,3.0,0.0,-0.5,0.0,1.0,-2.973,-0.967
-0.1965,-0.1959,-0.1967,0.6235,-0.632,0.524,-0.79,0.576,-0.702,0.311,0.382,1.298,-0.1428,-1.109,-1.0,0.0,-0.2312,-0.3672,-0.838,0.0,0.457,0.6777,-0.3499,-0.3728,-0.785,-0.7495,0.4854,-0.5493,-0.11816,-1.079,-1.054,-0.61,0.276,-0.187,-0.1993,0.0,0.0,-0.1986,0.0,-0.07465,0.0893,0.0,0.0,0.0,0.0,-0.3127,-1.0,-0.5,0.0,0.6777,-0.535,0.0,4.0,0.0,-0.5,0.0,0.0,0.0,-0.4355
-0.1967,-0.196,-0.1967,0.1704,-0.1742,0.524,-0.79,0.6567,-0.302,0.4612,0.3967,-0.6045,-0.1428,-1.099,-1.0,0.0,-0.3545,-0.5146,-0.765,0.0,0.4597,3.135,-0.3376,-0.399,-0.4043,-0.7397,0.7964,0.9243,-0.1267,-0.5493,-0.3574,0.176,-0.7324,-0.1915,-0.1969,0.0,0.0,-0.1991,0.0,-0.05774,0.1434,0.0,0.0,0.0,0.0,0.5723,-1.0,0.0,0.0,0.297,-0.0335,1.0,0.0,0.0,-0.5,0.0,0.0,0.0,0.804
-0.1958,-0.1952,-0.1959,-0.149,0.1484,0.524,-0.79,0.8076,-0.01712,0.581,0.4167,-1.528,0.0,-1.089,0.0,0.0,-0.4426,-0.6377,-0.707,0.0,0.4622,1.83,-0.3225,-0.4204,-0.10516,-0.731,0.3423,0.728,-0.12115,0.9243,-1.079,-1.054,1.112,-0.1937,-0.1953,0.0,0.0,-0.1987,0.0,-0.04428,0.2744,0.0,0.0,0.0,0.0,0.5083,0.0,0.0,0.5,-0.0011425,0.2874,2.0,0.0,0.0,-0.5,0.0,0.0,0.0,0.7036
-0.1935,-0.1927,-0.1936,-0.714,0.722,0.524,-0.3386,0.8276,0.5703,0.807,0.4412,6.715,0.1428,-1.079,0.0,0.0,-0.6245,-0.8364,-0.5947,0.0,0.4646,1.047,-0.3018,-0.4236,0.4658,-0.7134,-0.2544,1.394,-0.08344,0.728,-0.5493,-0.3574,1.364,-0.1938,-0.1931,0.0,0.0,-0.1971,0.0,-0.01805,0.396,0.0,0.0,0.0,0.0,1.074,1.0,0.0,0.5,-0.482,0.909,3.0,0.0,0.0,-0.5,0.0,0.0,0.0,1.47
-0.1924,-0.1918,-0.1925,-0.2292,0.2324,0.524,-0.3386,0.9683,0.05316,0.6577,0.4558,-0.6846,0.2856,-1.069,0.0,0.0,-0.4912,-0.7207,-0.671,0.0,0.4673,2.047,-0.2644,-0.4082,-0.07837,-0.698,-0.807,-0.923,-0.07513,1.394,0.9243,-1.079,1.245,-0.1937,-0.191,0.0,0.0,-0.1963,0.0,-0.0363,0.1434,0.0,0.0,0.0,0.0,-0.9414,1.0,-0.5,0.0,-0.01092,0.442,0.0,1.0,0.0,-0.5,0.0,0.0,0.0,-1.259
-0.1869,-0.1859,-0.1875,-1.631,1.799,0.5835,-0.3386,1.251,1.72,1.276,0.5063,11.0,0.4285,-1.06,0.0,0.0,-0.944,-1.259,-0.359,0.0,0.4697,3.135,-0.1681,-0.3618,1.578,-0.6646,-0.58,2.549,0.02599,-0.923,0.728,-0.5493,-0.61,-0.1862,-0.1887,0.0,0.0,-0.1914,0.0,0.03662,0.7563,0.0,0.0,0.0,0.0,6.105,2.0,0.0,0.5,-1.337,2.045,1.0,0.0,0.0,-0.5,0.0,0.0,0.0,5.766
-0.1824,-0.1813,-0.1831,-1.422,1.479,0.5835,-0.3386,1.249,1.374,1.218,0.5454,-0.0636,0.4285,-1.05,0.0,0.0,-0.901,-1.213,-0.388,0.0,0.4722,0.7197,-0.06555,-0.3022,1.28,-0.644,-0.5215,-0.3354,0.0937,2.549,1.394,0.924,0.176,-0.1774,-0.1871,0.0,0.0,-0.1874,0.0,0.02962,0.5796,0.0,0.0,0.0,0.0,-0.2035,1.0,-0.5,0.0,-1.082,1.728,0.0,1.0,0.0,-0.5,0.0,0.0,0.0,-0.2595
-0.1779,-0.1765,-0.1787,-1.403,1.474,0.5835,-0.3386,1.251,1.414,1.274,0.576,0.1724,0.4285,-1.04,0.0,0.0,-0.9424,-1.257,-0.359,0.0,0.4749,0.7075,0.03053,-0.2235,1.249,-0.6104,0.1007,0.3374,0.1693,-0.3354,-0.9224,0.728,-1.054,-0.1671,-0.186,0.0,0.0,-0.1836,0.0,0.03607,0.4688,0.0,0.0,0.0,0.0,0.4148,1.0,0.0,0.0,-1.118,1.664,1.0,0.0,0.0,-0.5,0.0,0.0,0.0,0.532
-0.175,-0.1737,-0.176,-0.8213,0.891,0.5835,-0.3386,1.338,0.8467,1.1,0.587,-0.264,0.4285,-1.029,0.0,0.0,-0.8057,-1.128,-0.446,0.0,0.4773,1.089,0.0875,-0.1536,0.6797,-0.6006,0.4539,-1.007,0.1704,0.3374,2.547,1.394,-0.3574,-0.1603,-0.1854,0.0,0.0,-0.1803,0.0,0.015366,0.0872,0.0,0.0,0.0,0.0,-0.679,0.0,0.0,-0.5,-0.548,1.114,0.0,1.0,0.0,-0.5,0.0,0.0,0.0,-0.8667
-0.1733,-0.1719,-0.1743,-0.428,0.4993,0.5835,-0.3386,1.459,0.4568,0.983,0.5967,-0.3018,0.4285,-1.02,0.0,0.0,-0.706,-1.044,-0.504,0.0,0.4797,0.537,0.1228,-0.0916,0.3,-0.5938,1.109,-0.6826,0.1567,-1.007,-0.3354,-0.9224,-1.078,-0.1559,-0.1855,0.0,0.0,-0.178,0.0,0.001497,0.07086,0.0,0.0,0.0,0.0,-0.4893,0.0,0.0,-0.5,-0.1508,0.7573,0.0,2.0,0.0,-0.5,0.0,0.0,0.0,-0.635
-0.1724,-0.1709,-0.1733,-0.1796,0.2512,0.5835,-0.3386,1.536,0.2191,0.907,0.6,-0.3127,0.4285,-1.01,0.0,0.0,-0.6406,-0.989,-0.5405,0.0,0.4824,0.9023,0.1372,-0.0384,0.0688,-0.5903,1.529,-0.4314,0.1337,-0.6826,0.3374,2.547,-0.5493,-0.1547,-0.1853,0.0,0.0,-0.176,0.0,-0.007263,-0.03534,0.0,0.0,0.0,0.0,-0.3289,-1.0,0.0,-1.0,0.05154,0.4783,0.0,3.0,0.0,-0.5,0.0,0.0,0.0,-0.4314
-0.1714,-0.17,-0.1724,-0.1466,0.213,0.5835,-0.3386,1.432,0.16,0.9033,0.612,-0.0509,0.4285,-1.0,0.0,0.0,-0.6465,-0.9756,-0.5405,0.0,0.4849,-0.384,0.1334,0.007008,0.03384,-0.584,1.282,0.0,0.0737,-0.4314,-1.006,-0.3354,0.924,-0.1519,-0.1846,0.0,0.0,-0.1737,0.0,-0.007427,0.1632,0.0,0.0,0.0,0.0,0.0,-1.0,-0.5,-1.0,0.0662,0.4229,0.0,0.0,0.0,-0.5,0.0,0.0,0.0,0.0
-0.1685,-0.1667,-0.1696,-0.883,0.9683,0.5835,-0.3386,1.593,0.924,1.201,0.642,3.188,0.4285,-0.99,0.0,0.0,-0.8584,-1.232,-0.388,0.0,0.4873,2.535,0.1243,0.05054,0.8076,-0.5645,1.076,1.825,0.08875,0.0,-0.682,0.3372,0.728,-0.1525,-0.1827,0.0,0.0,-0.1708,0.0,0.02802,0.4844,0.0,0.0,0.0,0.0,2.4,-1.0,-0.5,-0.5,-0.6016,1.195,1.0,0.0,0.0,-0.5,0.0,0.0,0.0,3.172
-0.1667,-0.1653,-0.1678,-0.3794,0.4587,0.5835,-0.3386,1.886,0.3127,1.037,0.674,-0.502,0.5713,-0.98,0.0,0.0,-0.7095,-1.13,-0.4678,0.0,0.49,3.059,0.1283,0.0768,0.2201,-0.543,0.6094,-0.9277,0.0964,1.825,-0.4314,-1.006,1.394,-0.1543,-0.181,0.0,0.0,-0.1693,0.0,0.00891,0.5024,0.0,0.0,0.0,0.0,-1.009,-1.0,-1.0,-0.5,-0.10095,0.7217,0.0,1.0,0.0,-0.5,0.0,0.0,0.0,-1.294
-0.1672,-0.1659,-0.1682,0.3552,-0.2954,0.5835,-0.3386,2.264,-0.5537,0.7715,0.695,-2.078,0.5713,-0.97,-1.0,0.0,-0.468,-0.944,-0.598,0.0,0.4924,3.135,0.1141,0.08594,-0.5767,-0.5356,1.124,-1.542,0.0964,-0.9277,0.0,-0.682,-0.9224,-0.1594,-0.18,0.0,0.0,-0.1697,0.0,-0.02213,0.2988,0.0,0.0,0.0,0.0,-1.688,-1.0,-1.0,-0.5,0.6416,0.03326,0.0,2.0,0.0,-0.5,0.0,0.0,0.0,-2.201
-0.1676,-0.1665,-0.1683,0.3289,-0.29,0.5835,-0.3386,2.094,-0.6226,0.7637,0.707,0.3145,0.5713,-0.9604,-1.0,0.0,-0.4768,-0.921,-0.598,0.0,0.4949,1.167,0.0809,0.08734,-0.6113,-0.5293,-0.641,0.0,0.096,-1.542,1.825,-0.4314,2.547,-0.1627,-0.178,0.0,0.0,-0.1697,0.0,-0.02234,0.1855,0.0,0.0,0.0,0.0,0.0,-1.0,-1.5,-1.0,0.59,0.00922,0.0,0.0,0.0,-0.5,0.0,0.0,0.0,0.0
-0.169,-0.1678,-0.1696,0.6694,-0.637,0.5835,-0.3386,2.203,-1.021,0.628,0.7075,1.006,0.4285,-0.9507,-1.0,0.0,-0.3564,-0.813,-0.6636,0.0,0.4976,2.4,0.02415,0.0816,-1.018,-0.524,-0.612,-0.7915,0.104,0.0,-0.9277,0.0,-0.3354,-0.1661,-0.1768,0.0,0.0,-0.1702,0.0,-0.03787,-0.05374,0.0,0.0,0.0,0.0,-0.4683,-1.0,-1.5,-1.5,0.8867,-0.3591,0.0,1.0,0.0,-0.5,0.0,0.0,0.0,-0.6265
-0.1715,-0.1703,-0.1724,1.162,-1.117,0.5835,-0.3386,2.264,-1.508,0.4365,0.6875,0.731,0.2856,-0.9404,-1.0,0.0,-0.1895,-0.646,-0.758,0.0,0.5,1.254,-0.04886,0.0633,-1.558,-0.525,-0.9395,-1.158,0.128,-0.7915,-1.542,1.824,0.3372,-0.1708,-0.1761,0.0,0.0,-0.1708,0.0,-0.06018,-0.4565,0.0,0.0,0.0,0.0,-0.4783,-2.0,-1.5,-2.0,1.361,-0.8203,0.0,2.0,-1.0,-0.5,0.0,0.0,0.0,-0.6484
-0.1738,-0.1725,-0.1747,1.071,-1.0205,0.5835,-0.3386,2.135,-1.473,0.4304,0.674,0.1156,0.1428,-0.9307,-1.0,0.0,-0.1958,-0.628,-0.758,0.0,0.5024,0.642,-0.1445,0.03049,-1.542,-0.528,-0.6665,0.0,0.1444,-1.158,0.0,-0.9272,-1.006,-0.1755,-0.1757,0.0,0.0,-0.1711,0.0,-0.0603,-0.3196,0.0,0.0,0.0,0.0,0.0,-2.0,-1.5,-2.0,1.07,-0.949,0.0,0.0,-1.0,-0.5,0.0,0.0,0.0,0.0
-0.1772,-0.1759,-0.1781,1.492,-1.448,0.5835,-0.3386,1.689,-1.791,0.253,0.619,0.4001,0.0,-0.921,-1.0,0.0,-0.07983,-0.4187,-0.845,0.0,0.505,0.556,-0.2328,-0.014244,-1.91,-0.553,-0.5107,-1.091,0.1694,0.0,-0.7915,-1.542,-0.682,-0.1853,-0.1758,0.0,0.0,-0.1715,0.0,-0.081,-1.424,0.0,1.0,0.0,0.0,-0.843,-2.0,-1.5,-2.0,1.51,-1.323,0.0,1.0,-1.0,-0.5,0.0,0.0,0.0,-1.165
-0.1796,-0.1782,-0.1804,1.114,-1.064,0.5835,-0.0458,1.611,-1.367,0.3354,0.573,-0.1344,-0.1428,-0.911,-1.0,0.0,-0.16,-0.4895,-0.802,0.0,0.508,0.4146,-0.3113,-0.0711,-1.542,-0.5747,-0.4983,0.5557,0.1516,-1.091,-1.158,0.0,-0.4312,-0.1925,-0.1758,0.0,0.0,-0.1713,0.0,-0.07086,-1.214,0.0,1.0,0.0,0.0,0.2664,-1.0,-1.5,-2.0,1.163,-0.9355,1.0,0.0,-1.0,-0.5,0.0,0.0,0.0,0.375
-0.1835,-0.182,-0.1844,1.716,-1.665,0.5835,-0.0458,1.669,-1.834,0.1071,0.515,0.5513,-0.2856,-0.901,-1.0,0.0,0.05084,-0.275,-0.9175,0.0,0.5103,-0.2979,-0.2993,-0.1337,-1.985,-0.6187,-0.6494,-1.468,0.2301,0.5557,0.0,-0.791,0.0,-0.1993,-0.1761,0.0,0.0,-0.1725,0.0,-0.0983,-1.458,0.0,1.0,0.0,0.0,-0.8105,-1.0,-1.5,-2.0,1.752,-1.503,0.0,1.0,-1.0,-0.5,0.0,0.0,0.0,-1.131
-0.1868,-0.1853,-0.1877,1.483,-1.431,0.5835,-0.0458,1.534,-1.561,0.1377,0.4683,-0.03104,-0.4285,-0.891,-1.0,0.0,0.01057,-0.292,-0.9033,0.0,0.5127,-0.0492,-0.2261,-0.1902,-1.733,-0.65,-1.751,0.1881,0.3071,-1.468,-1.091,-1.158,1.824,-0.2059,-0.1769,0.0,0.0,-0.174,0.0,-0.0951,-1.308,0.0,1.0,0.0,0.0,0.1181,0.0,-1.5,-2.0,1.505,-1.302,1.0,0.0,-1.0,-0.5,0.0,0.0,0.0,0.169
-0.1896,-0.1881,-0.1904,1.273,-1.22,0.5835,-0.0458,1.411,-1.314,0.167,0.428,-0.04376,-0.5713,-0.8813,-1.0,0.0,-0.0272,-0.3088,-0.8887,0.0,0.515,-0.5566,-0.1263,-0.2238,-1.527,-0.6714,-1.587,0.1875,0.3755,0.1881,0.555,0.0,-0.9272,-0.2108,-0.178,0.0,0.0,-0.1761,0.0,-0.0918,-1.173,0.0,1.0,0.0,0.0,0.078,1.0,-1.0,-1.5,1.294,-1.108,2.0,0.0,-1.0,-0.5,0.0,0.0,0.0,0.1112
-0.1895,-0.188,-0.1904,0.1803,-0.1139,0.5835,-0.0458,1.481,-0.1844,0.508,0.4072,-0.8906,-0.7144,-0.871,-1.0,0.0,-0.3206,-0.636,-0.7144,0.0,0.5176,3.135,-0.0235,-0.233,-0.4011,-0.6875,-1.074,2.242,0.3809,0.1875,-1.468,-1.09,-1.541,-0.2098,-0.1788,0.0,0.0,-0.1765,0.0,-0.05103,-0.54,0.0,0.0,0.0,0.0,1.387,2.0,-0.5,-1.0,0.372,0.0983,3.0,0.0,-1.0,-0.5,0.0,0.0,0.0,1.971
-0.1895,-0.1881,-0.1904,0.1792,-0.11707,-0.05267,-0.0458,1.514,-0.1088,0.504,0.3862,-1.054,-0.7144,-0.8613,0.0,0.0,-0.3145,-0.6357,-0.7144,0.0,0.52,0.01765,0.0673,-0.2104,-0.3547,-0.696,-1.142,0.0,0.3213,2.242,0.188,0.555,0.0,-0.2089,-0.1794,0.0,0.0,-0.1792,0.0,-0.05118,-0.54,0.0,0.0,0.0,0.0,0.0,1.0,-0.5,-1.0,0.2742,-0.0104,0.0,0.0,-1.0,-0.5,0.0,0.0,0.0,0.0
-0.1882,-0.1873,-0.1888,-0.2646,0.3022,-0.05267,-0.0458,1.243,0.4868,0.656,0.3562,14.88,-0.7144,-0.8516,0.0,0.0,-0.4653,-0.7456,-0.635,0.0,0.523,0.11316,0.1733,-0.1539,0.3003,-0.726,-0.83,0.9907,0.2588,0.0,0.1874,-1.467,-0.791,-0.2043,-0.1796,0.0,0.0,-0.181,0.0,-0.03268,-0.7534,0.0,0.0,0.0,0.0,0.8906,2.0,0.0,-1.0,-0.1334,0.414,1.0,0.0,-1.0,-0.5,0.0,0.0,0.0,1.22
-0.1863,-0.1854,-0.1866,-0.5728,0.5986,-0.05267,-0.0458,1.022,0.932,0.778,0.3408,0.954,-0.7144,-0.842,0.0,0.0,-0.584,-0.83,-0.5693,0.0,0.5254,1.151,0.2563,-0.0855,0.7905,-0.742,-0.267,0.7974,0.1771,0.9907,2.242,0.188,-1.158,-0.1993,-0.1791,0.0,0.0,-0.1827,0.0,-0.01767,-0.3953,0.0,0.0,0.0,0.0,1.01,2.0,0.5,-0.5,-0.4607,0.6655,2.0,0.0,-1.0,-0.5,0.0,0.0,0.0,1.36
-0.1841,-0.1833,-0.1844,-0.618,0.6377,-0.05267,-0.0458,0.655,1.042,0.8154,0.3425,0.2583,-0.5713,-0.8315,0.0,0.0,-0.647,-0.827,-0.5474,0.0,0.528,-0.3823,0.2954,-0.03143,0.9053,-0.7393,-0.1577,0.2622,0.1406,0.7974,0.0,0.1874,0.0,-0.1914,-0.1782,0.0,0.0,-0.1835,0.0,-0.012825,0.00953,0.0,0.0,0.0,0.0,0.249,2.0,1.0,0.0,-0.488,0.7207,3.0,0.0,-1.0,-0.5,0.0,0.0,0.0,0.3313
-0.1837,-0.183,-0.184,0.02931,-0.01884,-0.05267,-0.0458,0.725,0.402,0.5967,0.3337,-0.4636,-0.4285,-0.822,0.0,0.0,-0.4626,-0.6436,-0.6562,0.0,0.5303,0.12006,0.3,0.01457,0.2676,-0.7427,0.4685,-1.306,0.11005,0.2622,0.9907,2.242,-1.09,-0.186,-0.1775,0.0,0.0,-0.1846,0.0,-0.03867,-0.285,0.0,0.0,0.0,0.0,-1.046,1.0,1.0,0.0,0.153,0.1076,0.0,1.0,-1.0,-0.5,0.0,1.0,-2.184,-1.385
-0.186,-0.1853,-0.1863,1.059,-1.059,-0.05267,-0.591,0.831,-0.634,0.2366,0.3142,-2.053,-0.4285,-0.812,-1.0,0.0,-0.1421,-0.3208,-0.838,0.0,0.5327,2.543,0.277,0.05978,-0.751,-0.7554,0.3257,-2.225,0.11426,-1.306,0.7974,0.0,0.555,-0.185,-0.1775,0.0,0.0,-0.1869,0.0,-0.0816,-0.5283,0.0,0.0,0.0,0.0,-2.26,1.0,0.5,0.0,1.187,-0.847,0.0,2.0,-1.0,-0.5,0.0,0.0,0.0,-3.059
-0.1886,-0.1877,-0.1888,1.144,-1.143,-0.05267,-0.781,0.8374,-0.765,0.178,0.3018,0.4211,-0.4285,-0.802,-1.0,0.0,-0.0885,-0.2646,-0.8667,0.0,0.535,1.191,0.2307,0.10516,-0.828,-0.7725,0.977,-0.3696,0.1181,-2.225,0.2622,0.99,-1.467,-0.1882,-0.1781,0.0,0.0,-0.1893,0.0,-0.08875,-0.3987,0.0,0.0,0.0,0.0,-0.4246,0.0,0.5,0.0,1.288,-0.9067,0.0,3.0,-1.0,-0.5,0.0,0.0,0.0,-0.5967
-0.1919,-0.191,-0.1923,1.486,-1.4795,-0.05267,-1.259,0.973,-1.135,0.03415,0.282,0.766,-0.4285,-0.792,-1.0,0.0,0.0565,-0.1356,-0.9395,0.0,0.538,1.741,0.1454,0.1393,-1.216,-0.7817,0.9224,-0.93,0.04605,-0.3696,-1.306,0.797,0.188,-0.1931,-0.1792,0.0,0.0,-0.1936,0.0,-0.10596,-0.5415,0.0,0.0,0.0,0.0,-0.6084,-1.0,0.0,0.0,1.603,-1.248,0.0,4.0,-1.0,-0.5,0.0,0.0,0.0,-0.861
-0.1932,-0.1923,-0.1936,0.6807,-0.664,-0.05267,-1.259,0.966,-0.4282,0.2595,0.2817,-0.617,-0.4285,-0.782,-1.0,0.0,-0.1505,-0.3557,-0.823,0.0,0.5405,1.539,0.04648,0.1519,-0.5103,-0.7817,0.8174,1.512,-0.04147,-0.93,-2.225,0.2622,0.1874,-0.1971,-0.1804,0.0,0.0,-0.1963,0.0,-0.0788,-0.09033,0.0,0.0,0.0,0.0,0.8486,-1.0,0.0,0.5,0.886,-0.398,1.0,0.0,-1.0,-0.5,0.0,0.0,0.0,1.219
-0.1938,-0.1929,-0.1942,0.3853,-0.3665,-0.05267,-1.259,0.906,-0.1694,0.3413,0.2812,-0.7637,-0.4285,-0.7725,-1.0,0.0,-0.2284,-0.4275,-0.78,0.0,0.543,0.03763,-0.0743,0.1465,-0.2554,-0.7803,-0.1536,0.5527,-0.07477,1.512,-0.3696,-1.306,2.242,-0.2017,-0.1809,0.0,0.0,-0.1976,0.0,-0.0688,-0.09033,0.0,0.0,0.0,0.0,0.3784,0.0,0.0,0.5,0.5586,-0.1584,2.0,0.0,-1.0,-0.5,0.0,0.0,0.0,0.5303
-0.1956,-0.1947,-0.1959,0.861,-0.848,-0.05267,-1.259,0.9937,-0.7275,0.1693,0.2864,11.42,-0.4285,-0.762,-1.0,0.0,-0.0666,-0.2712,-0.8667,0.0,0.5454,-0.12256,-0.165,0.1215,-0.8013,-0.7773,-0.1914,-1.096,-0.1014,0.5527,-0.9297,-2.225,0.0,-0.2086,-0.1836,0.0,0.0,-0.1997,0.0,-0.08936,-0.02432,0.0,0.0,0.0,0.0,-0.4307,0.0,0.0,0.5,1.061,-0.574,0.0,1.0,-1.0,-0.5,0.0,1.0,-2.723,-0.598
-0.1971,-0.1963,-0.1975,0.795,-0.7812,-0.05267,-1.259,1.061,-0.743,0.1696,0.2903,0.1709,-0.4285,-0.7524,-1.0,0.0,-0.06085,-0.2778,-0.8667,0.0,0.548,0.691,-0.2363,0.07697,-0.795,-0.7783,-0.742,0.0,-0.10974,-1.096,1.512,-0.3696,0.99,-0.2131,-0.1859,0.0,0.0,-0.2013,0.0,-0.0896,-0.05548,0.0,0.0,0.0,0.0,0.0,0.0,-0.5,0.0,0.9897,-0.518,0.0,0.0,-1.0,-0.5,0.0,0.0,0.0,0.0
-0.1976,-0.1967,-0.198,0.3218,-0.3037,-0.05267,-1.259,1.112,-0.3381,0.3118,0.2998,-0.5645,-0.4285,-0.7427,-1.0,0.0,-0.184,-0.4194,-0.7944,0.0,0.5503,-0.2042,-0.3003,0.01247,-0.3652,-0.7764,-1.255,0.93,-0.1107,0.0,0.5527,-0.9297,0.797,-0.2122,-0.1882,0.0,0.0,-0.2015,0.0,-0.0728,0.06396,0.0,0.0,0.0,0.0,0.9155,1.0,-0.5,0.0,0.4734,-0.1242,1.0,0.0,-1.0,-0.5,0.0,0.0,0.0,1.295
-0.1978,-0.1969,-0.198,0.2216,-0.2114,-0.05267,-1.259,0.796,-0.2203,0.3367,0.2905,-0.4363,-0.4285,-0.733,-1.0,0.0,-0.2341,-0.4126,-0.78,0.0,0.553,-0.208,-0.3613,-0.07404,-0.2683,-0.778,-1.511,0.1832,-0.1119,0.93,-1.096,1.511,0.2622,-0.2103,-0.19,0.0,0.0,-0.2017,0.0,-0.0696,-0.302,0.0,0.0,0.0,0.0,0.11475,1.0,-0.5,0.0,0.392,-0.01901,2.0,0.0,-1.0,-0.5,0.0,0.0,0.0,0.1598
-0.1991,-0.1982,-0.1995,0.7124,-0.703,-0.05267,-1.259,0.9487,-0.6904,0.1611,0.2715,5.043,-0.5713,-0.7227,-1.0,0.0,-0.06323,-0.259,-0.8667,0.0,0.5557,0.941,-0.4292,-0.158,-0.7275,-0.79,-1.016,-1.096,-0.10754,0.1832,0.0,0.5527,-1.305,-0.2087,-0.1918,0.0,0.0,-0.2019,0.0,-0.0903,-0.487,0.0,0.0,0.0,0.0,-0.985,0.0,-0.5,0.0,0.862,-0.4956,0.0,1.0,-1.0,-0.5,0.0,0.0,0.0,-1.367
-0.1976,-0.1968,-0.198,-0.3845,0.4082,-0.05267,-1.259,1.026,0.4924,0.5273,0.2637,-2.113,-0.5713,-0.713,0.0,0.0,-0.378,-0.6104,-0.678,0.0,0.558,0.7285,-0.4563,-0.2482,0.4326,-0.792,-0.0863,2.418,-0.0914,-1.096,0.9297,-1.096,-2.225,-0.2056,-0.1924,0.0,0.0,-0.2009,0.0,-0.0462,-0.2274,0.0,0.0,0.0,0.0,2.5,1.0,0.0,0.0,-0.102,0.6753,1.0,0.0,-1.0,-0.5,1.0,0.0,4.234,3.537
-0.1959,-0.1952,-0.1962,-0.4907,0.506,0.02948,-1.259,0.881,0.7075,0.58,0.252,0.5317,-0.5713,-0.703,0.0,0.0,-0.4348,-0.6436,-0.649,0.0,0.5605,-0.2408,-0.4565,-0.3093,0.6772,-0.803,0.1743,0.3577,-0.09735,2.418,0.1831,0.0,-0.3696,-0.2028,-0.193,0.0,0.0,-0.1989,0.0,-0.03952,-0.3079,0.0,0.0,0.0,0.0,0.2046,2.0,0.5,0.0,-0.1956,0.779,2.0,0.0,-1.0,-0.5,0.0,0.0,0.0,0.2783
-0.1951,-0.1945,-0.1952,-0.1635,0.1622,0.02948,-1.259,0.911,0.4624,0.4766,0.2336,-0.1838,-0.5713,-0.693,0.0,0.0,-0.345,-0.553,-0.6997,0.0,0.563,-0.47,-0.4539,-0.3481,0.4536,-0.8174,0.7207,-0.622,-0.1197,0.3577,-1.096,0.9297,-0.9297,-0.1992,-0.1946,0.0,0.0,-0.1973,0.0,-0.0516,-0.454,0.0,0.0,0.0,0.0,-0.2983,1.0,0.5,-0.5,0.0837,0.408,0.0,1.0,-1.0,-0.5,0.0,0.0,0.0,-0.4033
-0.1954,-0.195,-0.1954,0.302,-0.316,0.02948,-1.259,0.8726,0.02309,0.315,0.2173,-0.6914,-0.5713,-0.683,0.0,0.0,-0.208,-0.3994,-0.78,0.0,0.5654,0.4062,-0.4517,-0.375,0.01425,-0.8257,0.1869,-0.988,-0.1454,-0.622,2.418,0.1831,1.511,-0.1974,-0.1962,0.0,0.0,-0.1965,0.0,-0.0705,-0.401,0.0,0.0,0.0,0.0,-0.451,0.0,0.0,-0.5,0.4631,-0.1274,0.0,2.0,-1.0,-0.5,0.0,0.0,0.0,-0.6157
-0.1942,-0.1937,-0.1942,-0.305,0.301,0.02948,-1.259,0.765,0.622,0.5225,0.2306,4.9,-0.4285,-0.6733,0.0,0.0,-0.397,-0.581,-0.671,0.0,0.5684,1.926,-0.452,-0.402,0.6587,-0.822,-0.04007,1.369,-0.1375,-0.988,0.3574,-1.096,0.5527,-0.1947,-0.1965,0.0,0.0,-0.1962,0.0,-0.04504,0.2454,0.0,0.0,0.0,0.0,0.7363,1.0,0.0,0.0,-0.06366,0.53,1.0,0.0,-1.0,-0.5,0.0,0.0,0.0,1.022
-0.1908,-0.1901,-0.191,-1.08,1.101,0.32,-1.259,0.7285,1.444,0.827,0.2625,1.365,-0.2856,-0.6636,0.0,0.0,-0.6494,-0.844,-0.511,0.0,0.571,1.3545,-0.4607,-0.449,1.428,-0.7886,0.5273,1.964,-0.05966,1.369,-0.622,2.418,-1.095,-0.189,-0.196,0.0,0.0,-0.1946,0.0,-0.007774,0.582,0.0,0.0,0.0,0.0,1.807,1.0,0.5,0.5,-0.7563,1.359,2.0,0.0,-1.0,-0.5,0.0,0.0,0.0,2.453
-0.1888,-0.1882,-0.189,-0.5557,0.566,0.32,-1.259,0.678,0.7954,0.6626,0.294,-0.3135,-0.1428,-0.6533,0.0,0.0,-0.5215,-0.6973,-0.5913,0.0,0.573,-0.01865,-0.4504,-0.4727,0.8213,-0.769,0.7334,-0.9507,-0.04474,1.964,-0.988,0.3574,0.0,-0.183,-0.1957,0.0,0.0,-0.1943,0.0,-0.02672,0.563,0.0,0.0,0.0,0.0,-0.5435,0.0,0.5,0.5,-0.2793,0.813,0.0,1.0,-1.0,-0.5,0.0,0.0,0.0,-0.7144
-0.1863,-0.1855,-0.1865,-0.784,0.802,0.32,-1.259,0.6157,1.019,0.768,0.3188,0.412,0.0,-0.6436,0.0,0.0,-0.613,-0.7827,-0.533,0.0,0.5757,1.016,-0.408,-0.474,1.022,-0.744,0.4727,0.7026,-0.0268,-0.9507,1.369,-0.6216,0.9297,-0.1798,-0.1946,0.0,0.0,-0.194,0.0,-0.01329,0.4783,0.0,0.0,0.0,0.0,0.57,1.0,0.5,0.5,-0.4922,1.048,1.0,0.0,-1.0,-0.5,0.0,0.0,0.0,0.761
-0.1827,-0.1818,-0.1831,-1.097,1.134,0.32,-1.259,0.768,1.366,0.9204,0.3486,0.479,0.1428,-0.634,0.0,0.0,-0.719,-0.9263,-0.4514,0.0,0.578,1.551,-0.2964,-0.436,1.25,-0.701,0.54,0.9766,0.03036,0.7026,1.963,-0.9873,0.1831,-0.1755,-0.193,0.0,0.0,-0.1932,0.0,0.005493,0.5347,0.0,0.0,0.0,0.0,1.348,2.0,0.5,0.5,-0.8037,1.357,2.0,0.0,-1.0,-0.5,0.0,0.0,0.0,1.779
-0.1804,-0.1794,-0.1808,-0.6753,0.707,0.32,-1.259,0.7905,0.844,0.7954,0.381,-0.2437,0.2856,-0.6235,0.0,0.0,-0.6187,-0.823,-0.511,0.0,0.5806,0.6562,-0.1923,-0.385,0.793,-0.6846,1.234,-0.7046,0.08026,0.9766,-0.9507,1.369,-1.095,-0.1715,-0.1913,0.0,0.0,-0.1921,0.0,-0.00873,0.609,0.0,0.0,0.0,0.0,-0.326,1.0,0.5,0.5,-0.367,0.9795,0.0,1.0,-1.0,-0.5,0.0,0.0,0.0,-0.4233
-0.1792,-0.1783,-0.1796,-0.2595,0.2812,0.32,-1.259,0.8594,0.3232,0.6616,0.4077,-0.4526,0.4285,-0.614,0.0,0.0,-0.5044,-0.714,-0.5767,0.0,0.5835,0.3306,-0.08014,-0.3152,0.2668,-0.6616,0.3477,-0.778,0.087,-0.7046,0.7026,1.963,2.416,-0.1671,-0.1902,0.0,0.0,-0.1902,0.0,-0.02428,0.4368,0.0,0.0,0.0,0.0,-0.5396,0.0,0.0,0.5,0.026,0.5615,0.0,2.0,-1.0,-0.5,0.0,1.0,-3.803,-0.709
-0.1787,-0.178,-0.179,-0.0291,0.04388,0.32,-1.259,0.8804,0.02696,0.5845,0.4226,-0.598,0.5713,-0.604,0.0,0.0,-0.4387,-0.6475,-0.613,0.0,0.586,0.4624,0.02507,-0.2441,-0.04474,-0.6445,0.2384,-0.4377,0.0667,-0.778,0.976,-0.95,0.3574,-0.1659,-0.1886,0.0,0.0,-0.1882,0.0,-0.03302,0.2333,0.0,0.0,0.0,0.0,-0.3008,0.0,-0.5,0.0,0.2607,0.3467,0.0,3.0,-1.0,-0.5,0.0,0.0,0.0,-0.4004
-0.1769,-0.176,-0.1771,-0.5044,0.5244,0.32,0.2367,0.94,0.478,0.763,0.4465,3.625,0.7144,-0.594,0.0,0.0,-0.5796,-0.81,-0.5186,0.0,0.5884,1.009,0.1193,-0.1781,0.431,-0.631,0.5537,1.146,0.02594,-0.4377,-0.7046,0.702,-0.6216,-0.166,-0.1866,0.0,0.0,-0.185,0.0,-0.01094,0.3604,0.0,0.0,0.0,0.0,0.4954,0.0,0.0,0.0,-0.1891,0.818,1.0,0.0,-1.0,-0.5,0.0,0.0,0.0,0.6646
-0.1736,-0.173,-0.1738,-0.993,1.01,0.32,0.2367,0.857,0.926,0.9673,0.4893,0.971,0.857,-0.584,0.0,0.0,-0.748,-0.974,-0.4097,0.0,0.591,0.729,0.2268,-0.09625,0.8657,-0.5957,1.121,1.298,0.07654,1.146,-0.778,0.976,-0.9873,-0.1621,-0.1842,0.0,0.0,-0.1819,0.0,0.01449,0.718,0.0,0.0,0.0,0.0,0.764,0.0,0.5,0.5,-0.7026,1.239,2.0,0.0,-1.0,-0.5,0.0,0.0,0.0,1.006
-0.1693,-0.1686,-0.1696,-1.339,1.366,0.431,0.2367,0.6553,1.324,1.143,0.522,0.5625,0.857,-0.574,0.0,0.0,-0.899,-1.097,-0.3154,0.0,0.5933,0.5776,0.334,-0.008224,1.244,-0.567,0.705,1.102,0.1769,1.298,-0.4377,-0.704,1.369,-0.1575,-0.1823,0.0,0.0,-0.1783,0.0,0.03647,0.599,0.0,0.0,0.0,0.0,0.7446,1.0,0.5,0.5,-0.9985,1.622,3.0,0.0,-1.0,-0.5,0.0,0.0,0.0,0.959
-0.1655,-0.1647,-0.1659,-1.156,1.19,0.431,0.2367,0.709,1.138,1.119,0.551,0.001031,0.857,-0.5645,0.0,0.0,-0.8765,-1.083,-0.3225,0.0,0.596,0.2445,0.4138,0.0753,1.087,-0.5474,-0.01381,-0.0832,0.2059,1.102,1.146,-0.7773,1.963,-0.1547,-0.1802,0.0,0.0,-0.1742,0.0,0.0346,0.539,0.0,0.0,0.0,0.0,-0.0472,1.0,0.0,0.0,-0.8584,1.415,0.0,1.0,-1.0,-0.5,0.0,0.0,0.0,-0.05972
-0.1632,-0.1622,-0.1636,-0.674,0.7036,0.431,0.2367,0.8486,0.581,0.971,0.578,-0.3445,0.857,-0.5547,0.0,0.0,-0.7515,-0.976,-0.3953,0.0,0.5986,0.7227,0.453,0.1512,0.571,-0.531,0.5576,-0.833,0.171,-0.0832,1.298,-0.4377,-0.95,-0.1522,-0.179,0.0,0.0,-0.1707,0.0,0.01736,0.4814,0.0,0.0,0.0,0.0,-0.452,1.0,0.0,0.0,-0.4062,0.9316,0.0,2.0,-1.0,-0.5,0.0,0.0,0.0,-0.5728
-0.1614,-0.1608,-0.1616,-0.4548,0.4678,0.431,0.2367,0.8955,0.261,0.9067,0.6104,-0.3613,0.857,-0.5444,0.0,0.0,-0.6973,-0.9272,-0.424,0.0,0.601,0.6206,0.4514,0.2227,0.2964,-0.512,0.335,-0.338,0.1433,-0.833,1.101,1.146,0.702,-0.1489,-0.1782,0.0,0.0,-0.1678,0.0,0.0103,0.619,0.0,0.0,0.0,0.0,-0.275,0.0,-0.5,0.0,-0.2416,0.6543,0.0,3.0,-1.0,-0.5,0.0,0.0,0.0,-0.3533
-0.1531,-0.1516,-0.1542,-1.631,1.803,1.417,0.2367,1.25,1.907,1.481,0.677,7.08,0.857,-0.5347,0.0,0.0,-1.156,-1.333,0.04025,0.0,0.6035,3.135,0.462,0.3147,1.872,-0.4597,-0.07477,2.549,0.415,-0.338,-0.0832,1.298,0.976,-0.1349,-0.1753,0.0,0.0,-0.1616,0.0,0.1192,0.9946,1.0,0.0,0.0,0.0,5.492,0.0,-0.5,0.0,-1.384,2.045,1.0,0.0,-1.0,-0.5,0.0,0.0,0.0,5.766
-0.152,-0.1503,-0.1532,-0.2231,0.3123,1.417,-1.177,1.973,0.0838,0.9404,0.683,-0.8745,0.857,-0.525,0.0,0.0,-0.6274,-1.059,-0.3953,0.0,0.606,3.135,0.4922,0.4011,-0.00929,-0.428,0.5566,-2.514,0.3162,2.549,-0.8325,1.101,-0.704,-0.1322,-0.174,0.0,0.0,-0.158,0.0,0.01619,0.01717,0.0,0.0,0.0,0.0,-8.15,-1.0,-0.5,-0.5,0.3364,0.8936,0.0,1.0,-1.0,-0.5,0.0,0.0,0.0,-5.477
-0.1521,-0.1504,-0.1533,0.2646,-0.1837,1.417,-1.698,2.072,-0.461,0.764,0.6895,-2.861,0.7144,-0.5146,-1.0,0.0,-0.479,-0.919,-0.4822,0.0,0.6084,0.182,0.481,0.4607,-0.517,-0.4253,1.002,-1.014,0.2854,-2.514,-0.338,-0.0831,-0.7773,-0.1338,-0.1721,0.0,0.0,-0.1565,0.0,-0.00459,0.006874,0.0,0.0,0.0,0.0,-1.055,-1.0,-0.5,-0.5,0.8257,0.4368,0.0,2.0,-1.0,-0.5,0.0,0.0,0.0,-1.3545
-0.1515,-0.1499,-0.1526,-0.00849,0.0858,1.417,-1.698,1.95,-0.2109,0.8525,0.6934,-0.65,0.5713,-0.505,-1.0,0.0,-0.5605,-0.983,-0.4314,0.0,0.6113,0.05142,0.4465,0.4944,-0.263,-0.4192,1.267,0.6016,0.2625,-1.014,2.547,-0.8325,-0.4375,-0.1362,-0.1699,0.0,0.0,-0.1548,0.0,0.007183,-0.00217,0.0,0.0,0.0,0.0,0.3594,0.0,0.0,-0.5,0.546,0.678,1.0,0.0,-1.0,-0.5,0.0,0.0,0.0,0.4697
-0.1476,-0.1458,-0.1488,-1.16,1.26,1.417,-1.698,1.898,1.051,1.303,0.7124,-14.305,0.5713,-0.495,0.0,0.0,-0.905,-1.333,-0.192,0.0,0.614,3.135,0.4355,0.5063,0.9883,-0.4011,0.8257,2.549,0.2827,0.6016,-2.514,-0.3376,1.146,-0.1334,-0.1661,0.0,0.0,-0.151,0.0,0.0631,0.1785,0.0,0.0,0.0,0.0,3.488,1.0,0.0,-0.5,-0.4673,1.914,2.0,0.0,-1.0,-0.5,0.0,0.0,0.0,4.51
-0.1398,-0.1373,-0.1416,-1.631,1.803,2.053,-1.698,1.9,1.907,1.481,0.7656,1.447,0.5713,-0.485,0.0,0.0,-1.156,-1.333,0.0983,0.0,0.616,1.674,0.4636,0.523,1.872,-0.3442,0.3845,2.549,0.4255,2.549,-1.014,2.547,1.298,-0.12286,-0.1614,0.0,0.0,-0.1443,0.0,0.1309,0.5225,0.0,0.0,0.0,0.0,5.344,1.0,0.0,0.0,-1.384,2.045,3.0,0.0,-1.0,-0.5,1.0,0.0,4.234,5.766
-0.1335,-0.131,-0.1355,-1.631,1.803,2.053,-1.698,1.885,1.844,1.481,0.8193,-0.11255,0.5713,-0.4753,0.0,0.0,-1.156,-1.333,0.04025,0.0,0.6187,-0.3887,0.5195,0.539,1.704,-0.2993,0.1322,-0.6167,0.5146,2.549,0.6016,-2.514,1.101,-0.11285,-0.1572,0.0,0.0,-0.1389,0.0,0.1168,0.5327,0.0,0.0,0.0,0.0,-0.686,1.0,-0.5,0.0,-1.001,2.045,0.0,1.0,-1.0,-0.5,0.0,0.0,0.0,-0.804
-0.1304,-0.1279,-0.1323,-0.8247,0.972,2.053,-1.698,2.203,0.6685,1.364,0.86,-0.515,0.5713,-0.4653,0.0,0.0,-0.9214,-1.333,-0.1339,0.0,0.621,1.808,0.568,0.565,0.568,-0.268,0.3801,-1.869,0.5396,-0.6167,2.547,-1.014,-0.0831,-0.1166,-0.1536,0.0,0.0,-0.136,0.0,0.07556,0.3503,0.0,0.0,0.0,0.0,-1.933,1.0,-0.5,0.0,-0.001076,1.794,0.0,2.0,-1.0,-0.5,0.0,0.0,0.0,-2.29
-0.1272,-0.12476,-0.129,-0.8647,1.005,2.053,-1.698,2.2,0.661,1.402,0.8926,0.1328,0.5713,-0.4556,0.0,0.0,-0.949,-1.333,-0.10486,0.0,0.6235,1.037,0.581,0.578,0.6377,-0.2517,0.9097,0.3215,0.5366,-1.869,2.547,0.601,-0.8325,-0.11035,-0.1497,0.0,0.0,-0.1323,0.0,0.08215,0.2966,0.0,0.0,0.0,0.0,0.2532,1.0,0.0,0.0,-0.0872,1.773,1.0,0.0,-1.0,-0.5,0.0,0.0,0.0,0.3096
-0.1243,-0.122,-0.1261,-0.729,0.864,2.053,-1.698,2.195,0.5005,1.37,0.9126,-0.0839,0.5713,-0.4456,0.0,0.0,-0.927,-1.333,-0.1121,0.0,0.6265,0.5024,0.5923,0.584,0.5024,-0.2341,1.246,-0.07996,0.535,0.3215,-0.616,2.547,-0.3376,-0.1024,-0.1462,0.0,0.0,-0.1292,0.0,0.0802,0.1904,0.0,0.0,0.0,0.0,-0.068,0.0,0.0,-0.5,-0.00815,1.581,0.0,1.0,-1.0,-0.5,0.0,0.0,0.0,-0.0827
-0.1203,-0.11786,-0.12225,-1.105,1.251,2.053,-1.698,2.184,0.9375,1.481,0.934,0.921,0.5713,-0.4355,0.0,0.0,-1.053,-1.333,-0.01055,0.0,0.629,1.207,0.599,0.5977,0.9556,-0.2156,-1.263,1.121,0.581,-0.07996,-1.868,2.547,2.547,-0.0933,-0.1423,0.0,0.0,-0.1257,0.0,0.1038,0.1971,0.0,0.0,0.0,0.0,0.9834,0.0,0.0,-0.5,-0.3281,2.0,1.0,0.0,-1.0,-0.5,0.0,0.0,0.0,1.197
-0.116,-0.1135,-0.118,-1.176,1.323,2.053,-1.698,2.113,1.032,1.481,0.9644,0.2413,0.5713,-0.4258,0.0,0.0,-1.107,-1.333,0.033,0.0,0.6313,-0.2825,0.5874,0.6006,1.101,-0.199,1.2295,0.4714,0.61,1.121,0.3215,-0.616,-2.514,-0.0885,-0.1377,0.0,0.0,-0.1216,0.0,0.11383,0.2462,0.0,0.0,0.0,0.0,0.3357,1.0,0.5,0.0,-0.4192,2.045,2.0,0.0,-1.0,-0.5,0.0,0.0,0.0,0.4011
-0.11163,-0.1092,-0.1136,-1.207,1.352,2.053,-1.698,2.05,1.042,1.481,1.004,0.1525,0.5713,-0.4158,0.0,0.0,-1.15,-1.333,0.0693,0.0,0.634,0.127,0.5586,0.6006,1.182,-0.178,1.981,0.39,0.602,0.4714,-0.07996,-1.868,-1.013,-0.0891,-0.1339,0.0,0.0,-0.1167,0.0,0.1221,0.3726,0.0,0.0,0.0,0.0,0.3213,2.0,1.0,0.5,-0.45,2.045,3.0,0.0,-1.0,-0.5,0.0,0.0,0.0,0.381
-0.10913,-0.1069,-0.11084,-0.6123,0.739,2.053,-1.698,2.125,0.334,1.467,1.037,-0.528,0.5713,-0.406,0.0,0.0,-1.001,-1.333,-0.03232,0.0,0.636,0.474,0.516,0.594,0.506,-0.1545,2.006,-1.085,0.5063,0.39,1.12,0.3213,0.601,-0.0907,-0.1307,0.0,0.0,-0.11224,0.0,0.098,0.278,0.0,0.0,0.0,0.0,-0.6772,1.0,0.5,0.5,-0.07806,1.263,0.0,1.0,-1.0,-0.5,0.0,0.0,0.0,-0.798
-0.10645,-0.1047,-0.1077,-0.684,0.7793,2.053,-1.698,1.427,0.5083,1.481,1.023,0.569,0.5713,-0.396,0.0,0.0,-1.093,-1.333,-0.003292,0.0,0.6387,0.464,0.4958,0.5703,0.608,-0.1444,0.851,0.3157,0.445,-1.085,0.4714,-0.0799,2.547,-0.0879,-0.1272,0.0,0.0,-0.10834,0.0,0.1045,-0.1956,0.0,0.0,0.0,0.0,0.3406,2.0,0.5,0.5,-0.3647,1.063,1.0,0.0,-1.0,-0.5,0.0,0.0,0.0,0.4087
-0.10345,-0.1021,-0.1044,-0.781,0.8486,2.053,-1.698,0.9927,0.5356,1.481,1.06,0.1908,0.5713,-0.3862,0.0,0.0,-1.156,-1.333,0.033,0.0,0.6416,1.291,0.5103,0.565,0.588,-0.10425,-0.721,0.3923,0.4265,0.3157,0.39,1.12,2.547,-0.0849,-0.1231,0.0,0.0,-0.105,0.0,0.11273,0.6113,0.0,0.0,0.0,0.0,0.306,2.0,0.5,1.0,-0.4749,1.11,2.0,0.0,-1.0,-0.5,0.0,0.0,0.0,0.3652
-0.1012,-0.1002,-0.1017,-0.568,0.6064,2.053,-1.698,1.027,0.1901,1.481,1.103,-0.4392,0.7144,-0.3762,0.0,0.0,-1.118,-1.333,0.003963,0.0,0.644,0.778,0.5146,0.573,0.2317,-0.066,-0.4226,-0.3118,0.4202,0.3923,-1.084,0.4714,-0.616,-0.0824,-0.1196,0.0,0.0,-0.10254,0.0,0.1058,0.7534,0.0,0.0,0.0,0.0,-0.139,1.0,0.5,1.0,-0.2737,0.8726,0.0,1.0,-1.0,-0.5,0.0,0.0,0.0,-0.1648
-0.09686,-0.0962,-0.09705,-1.2295,1.254,2.053,-1.698,1.262,0.81,1.481,1.154,2.371,0.857,-0.3665,0.0,0.0,-1.156,-1.333,0.1636,0.0,0.6465,3.135,0.505,0.5864,0.872,-0.02739,0.565,1.725,0.456,-0.3118,0.3154,0.3896,-1.868,-0.0787,-0.1162,0.0,0.0,-0.0988,0.0,0.1428,0.864,1.0,0.0,0.0,0.0,2.885,1.0,1.0,1.0,-0.941,1.463,1.0,0.0,-1.0,-0.5,0.0,0.0,0.0,3.438
-0.09125,-0.09045,-0.0915,-1.597,1.631,2.053,-1.698,1.044,1.239,1.481,1.193,0.6523,0.857,-0.3564,0.0,0.0,-1.156,-1.333,0.2798,0.0,0.649,1.175,0.5234,0.617,1.176,0.0301,0.5693,1.219,0.4966,1.725,0.3923,-1.084,0.3213,-0.07336,-0.1118,0.0,0.0,-0.0937,0.0,0.1696,0.7373,0.0,0.0,0.0,0.0,2.014,2.0,1.0,1.0,-1.384,1.721,2.0,0.0,-1.0,-0.5,0.0,0.0,0.0,2.334
-0.0867,-0.0859,-0.087,-1.2705,1.306,2.053,-1.698,0.892,0.991,1.481,1.197,-0.0581,0.857,-0.3464,0.0,0.0,-1.156,-1.333,0.2434,0.0,0.6514,0.686,0.589,0.644,0.812,0.0635,0.834,-0.3733,0.4653,1.219,-0.3118,0.3154,-0.0799,-0.0696,-0.10785,0.0,0.0,-0.0886,0.0,0.1604,0.203,0.0,0.0,0.0,0.0,-0.715,1.0,1.0,0.5,-1.098,1.385,0.0,1.0,-1.0,-0.5,0.0,0.0,0.0,-0.8115
-0.0817,-0.0807,-0.0823,-1.376,1.428,2.053,-1.698,0.9614,1.194,1.481,1.213,0.3445,0.857,-0.3367,0.0,0.0,-1.156,-1.333,0.3015,0.0,0.654,1.065,0.659,0.681,1.008,0.08344,0.4517,0.601,0.5513,-0.3733,1.724,0.3923,1.12,-0.0624,-0.104,0.0,0.0,-0.0867,0.0,0.1736,0.4753,0.0,0.0,0.0,0.0,0.8887,1.0,1.0,1.0,-1.27,1.426,1.0,0.0,-1.0,-0.5,0.0,0.0,0.0,1.016
-0.0769,-0.07587,-0.07745,-1.321,1.372,2.053,-1.698,0.835,1.13,1.481,1.249,0.089,0.857,-0.3267,0.0,0.0,-1.156,-1.333,0.3232,0.0,0.6567,0.857,0.7515,0.7324,0.9014,0.1256,0.3801,0.2231,0.527,0.601,1.219,-0.3118,0.4712,-0.0554,-0.0998,0.0,0.0,-0.0812,0.0,0.1781,1.138,1.0,0.0,0.0,0.0,0.3857,2.0,1.0,1.5,-1.225,1.364,2.0,0.0,-1.0,-0.5,0.0,0.0,0.0,0.4363
-0.07074,-0.0695,-0.0715,-1.631,1.757,2.053,-0.05368,0.8545,1.557,1.481,1.293,0.519,0.857,-0.317,0.0,0.0,-1.156,-1.333,0.4465,0.0,0.659,1.688,0.849,0.778,1.297,0.1709,0.3381,1.26,0.4597,0.2231,-0.3733,1.724,0.3896,-0.04648,-0.0946,0.0,0.0,-0.0741,0.0,0.2065,1.24,1.0,0.0,0.0,0.0,1.999,2.0,1.0,1.5,-1.384,1.8,3.0,0.0,-1.0,-0.5,0.0,0.0,0.0,2.254
-0.06604,-0.06476,-0.06683,-1.268,1.334,2.053,-0.05368,0.988,1.0625,1.481,1.331,-0.181,0.857,-0.307,0.0,0.0,-1.156,-1.333,0.3887,0.0,0.6616,1.521,0.946,0.816,0.775,0.2153,1.1455,-0.5806,0.3289,1.26,0.601,1.219,-1.084,-0.0382,-0.0895,0.0,0.0,-0.0679,0.0,0.1923,1.046,1.0,0.0,0.0,0.0,-1.055,1.0,1.0,1.5,-1.148,1.3545,0.0,1.0,-1.0,-0.5,0.0,0.0,0.0,-1.165
-0.06555,-0.0642,-0.0664,0.03268,0.02565,2.053,-0.4307,1.365,-0.3337,1.481,1.333,-1.157,0.7144,-0.297,-1.0,0.0,-1.143,-1.333,0.1273,0.0,0.664,2.174,0.9883,0.824,-0.5806,0.2229,1.221,-2.514,0.2495,-0.5806,0.2231,-0.373,0.3154,-0.039,-0.0862,0.0,0.0,-0.0654,0.0,0.1304,0.1416,0.0,0.0,0.0,0.0,-3.787,1.0,0.5,1.0,0.1976,0.1973,0.0,2.0,-1.0,-0.5,0.0,1.0,-3.82,-4.22
-0.065,-0.0637,-0.0658,0.01241,0.04358,0.1168,-0.4307,1.389,-0.3335,1.481,1.332,0.1416,0.5713,-0.287,-1.0,0.0,-1.137,-1.333,0.1346,0.0,0.6665,0.00586,0.9785,0.8325,-0.5635,0.2269,1.086,0.07666,0.25,-2.514,1.26,0.6006,0.3923,-0.0421,-0.08344,0.0,0.0,-0.0652,0.0,0.1318,0.0751,0.0,0.0,0.0,0.0,0.06104,1.0,0.5,1.0,0.1632,0.1982,1.0,0.0,-1.0,-0.5,0.0,0.0,0.0,0.07117
-0.0637,-0.06235,-0.0645,-0.2367,0.2969,0.1168,-0.4307,1.481,-0.08057,1.481,1.333,-1.128,0.5713,-0.2773,0.0,0.0,-1.156,-1.333,0.1926,0.0,0.6694,1.5205,0.9316,0.8384,-0.3118,0.2354,1.313,0.613,0.251,0.07666,-0.5806,0.223,-0.3118,-0.0432,-0.0809,0.0,0.0,-0.064,0.0,0.1453,0.1155,0.0,0.0,0.0,0.0,0.5522,1.0,1.0,1.0,-0.09845,0.4185,2.0,0.0,-1.0,-0.5,0.0,0.0,0.0,0.643
-0.0626,-0.06137,-0.0633,-0.1671,0.219,0.1168,-0.4307,1.595,-0.1974,1.481,1.345,-3.562,0.4285,-0.2673,-1.0,0.0,-1.156,-1.333,0.1854,0.0,0.672,1.627,0.85,0.835,-0.375,0.2408,0.4978,-0.0758,0.1873,0.613,-2.514,1.26,1.724,-0.04572,-0.07825,0.0,0.0,-0.06155,0.0,0.1432,0.351,0.0,0.0,0.0,0.0,-0.08154,0.0,0.5,1.0,-0.04156,0.3323,0.0,1.0,-1.0,-0.5,0.0,0.0,0.0,-0.094
-0.05792,-0.05664,-0.05872,-1.242,1.309,0.1168,-0.4307,1.598,0.9346,1.481,1.377,-14.96,0.4285,-0.2573,0.0,0.0,-1.156,-1.333,0.4395,0.0,0.6743,1.595,0.73,0.825,0.7715,0.2666,-0.162,2.549,0.2101,-0.0758,0.07666,-0.5806,1.219,-0.0432,-0.07404,0.0,0.0,-0.05743,0.0,0.2024,0.674,0.0,0.0,0.0,0.0,4.484,1.0,0.5,1.0,-0.95,1.52,1.0,0.0,-1.0,-0.5,0.0,0.0,0.0,5.176
-0.05432,-0.0531,-0.05505,-0.924,0.9834,0.1168,-0.4307,1.694,0.578,1.481,1.4,-0.2296,0.4285,-0.2476,0.0,0.0,-1.156,-1.333,0.3958,0.0,0.677,1.912,0.6104,0.807,0.4492,0.2876,0.1406,-0.436,0.1775,2.549,0.6123,-2.514,-0.373,-0.0443,-0.0699,0.0,0.0,-0.05356,0.0,0.1917,0.5234,0.0,0.0,0.0,0.0,-0.602,1.0,0.5,0.5,-0.6406,1.21,0.0,1.0,-1.0,-0.5,0.0,0.0,0.0,-0.6655
-0.05002,-0.04886,-0.05066,-1.129,1.185,0.1168,-0.4307,1.788,0.7725,1.481,1.434,0.4507,0.4285,-0.2377,0.0,0.0,-1.156,-1.333,0.4685,0.0,0.679,2.164,0.485,0.776,0.737,0.3025,-0.1073,0.732,0.2083,-0.436,-0.0758,0.07666,0.6006,-0.0426,-0.0677,0.0,0.0,-0.04993,0.0,0.2084,0.6797,0.0,0.0,0.0,0.0,0.834,1.0,0.5,1.0,-0.8813,1.355,1.0,0.0,-1.0,-0.5,0.0,0.0,0.0,0.9287
-0.04224,-0.0406,-0.04337,-1.631,1.803,0.359,-0.4307,1.543,1.904,1.481,1.478,1.542,0.4285,-0.2278,0.0,0.0,-1.156,-1.333,0.6133,1.0,-0.2903,2.102,0.4004,0.7515,1.817,0.233,-0.1367,2.549,0.413,0.732,2.547,0.6123,0.223,-0.02946,-0.06192,0.0,0.0,-0.04456,0.0,0.2708,0.792,1.0,0.0,0.0,0.0,4.89,1.0,0.5,1.0,-1.384,2.045,2.0,0.0,-1.0,-0.5,0.0,0.0,0.0,5.38
-0.03717,-0.03534,-0.03848,-1.3,1.4,0.359,-0.4307,1.64,1.096,1.481,1.495,-0.2961,0.4285,-0.2178,0.0,0.0,-1.156,-1.333,0.4783,0.0,-0.2878,1.325,0.3677,0.7197,1.01,0.258,-0.612,-1.315,0.4795,2.549,-0.4358,-0.07574,1.259,-0.01947,-0.05643,0.0,0.0,-0.04053,0.0,0.2379,0.372,0.0,0.0,0.0,0.0,-1.879,1.0,0.0,0.5,-0.943,1.678,0.0,1.0,-1.0,-0.5,0.0,0.0,0.0,-1.979
-0.0325,-0.03058,-0.0339,-1.184,1.289,0.359,-0.4307,1.618,0.998,1.481,1.517,0.05435,0.4285,-0.2079,0.0,0.0,-1.156,-1.333,0.4856,0.0,-0.2854,0.3706,0.3384,0.677,0.962,0.2747,-0.1871,0.0708,0.4792,-1.315,0.732,2.547,-0.58,-0.010574,-0.05115,0.0,0.0,-0.03568,0.0,0.2394,0.4539,0.0,0.0,0.0,0.0,0.0525,1.0,0.5,1.0,-0.8643,1.534,1.0,0.0,-1.0,-0.5,0.0,0.0,0.0,0.05652
-0.02722,-0.02509,-0.02884,-1.34,1.459,0.359,-0.4307,1.635,1.218,1.481,1.538,0.3599,0.4285,-0.198,0.0,0.0,-1.156,-1.333,0.5566,0.0,-0.2827,1.571,0.301,0.6133,1.201,0.2976,1.452,0.707,0.4983,0.0708,2.547,-0.4358,-2.514,4.286e-05,-0.04672,0.0,0.0,-0.03047,0.0,0.256,0.4712,0.0,0.0,0.0,0.0,0.617,2.0,1.0,1.0,-0.997,1.718,2.0,0.0,-1.0,-1.0,0.0,0.0,0.0,0.6636
-0.0237,-0.02148,-0.0254,-0.8325,0.954,0.359,-0.4307,1.737,0.691,1.481,1.548,-0.2908,0.4285,-0.1881,0.0,0.0,-1.156,-1.333,0.4712,0.0,-0.2803,1.328,0.287,0.5513,0.6885,0.3152,1.7295,-0.8384,0.4631,0.707,-1.314,0.732,0.0766,0.003323,-0.04422,0.0,0.0,-0.02621,0.0,0.2354,0.2761,0.0,0.0,0.0,0.0,-0.792,1.0,0.5,0.5,-0.538,1.199,0.0,1.0,-1.0,-1.0,0.0,0.0,0.0,-0.842
-0.02074,-0.01845,-0.0225,-0.6704,0.7944,0.359,-0.4307,1.771,0.5728,1.481,1.542,-0.01816,0.4285,-0.1782,0.0,0.0,-1.156,-1.333,0.457,0.0,-0.2778,1.908,0.2913,0.4854,0.578,0.323,1.658,-0.1417,0.3772,-0.8384,0.07074,2.547,0.6123,0.007225,-0.04147,0.0,0.0,-0.02185,0.0,0.2316,0.07996,0.0,0.0,0.0,0.0,-0.1552,0.0,0.0,0.0,-0.4104,1.015,0.0,2.0,-1.0,-1.0,0.0,0.0,0.0,-0.1671
-0.01857,-0.01634,-0.02028,-0.4343,0.553,0.359,-0.4307,1.7,0.3398,1.481,1.539,-0.228,0.4285,-0.1683,0.0,0.0,-1.156,-1.333,0.4214,0.0,-0.2751,0.39,0.3096,0.4153,0.3794,0.3276,1.923,-0.3552,0.343,-0.1417,0.7065,-1.314,-0.07574,0.00879,-0.03806,0.0,0.0,-0.01898,0.0,0.2228,0.12036,0.0,0.0,0.0,0.0,-0.301,0.0,0.0,0.0,-0.3018,0.6533,0.0,3.0,-1.0,-1.0,0.0,0.0,0.0,-0.3252
-0.0163,-0.01453,-0.01755,-0.4795,0.5693,0.359,-0.4307,1.405,0.292,1.481,1.565,0.02757,0.5713,-0.1584,0.0,0.0,-1.156,-1.333,0.4429,0.0,-0.2727,0.0003433,0.343,0.3838,0.3013,0.3652,0.6577,0.2144,0.3435,-0.3552,-0.8384,0.07074,2.547,0.00504,-0.03467,0.0,0.0,-0.01683,0.0,0.2275,0.761,0.0,0.0,0.0,0.0,0.2109,0.0,0.0,0.5,-0.3247,0.69,1.0,0.0,-1.0,-1.0,0.0,0.0,0.0,0.2292
-0.01445,-0.01288,-0.0155,-0.3594,0.4355,0.359,-0.4307,1.661,0.0762,1.481,1.59,-0.4387,0.7144,-0.1486,0.0,0.0,-1.156,-1.333,0.4285,0.0,-0.2703,2.691,0.3606,0.3604,0.1271,0.3867,0.9814,-0.1423,0.3223,0.2144,-0.1417,0.7065,-0.4358,0.00395,-0.0313,0.0,0.0,-0.01451,0.0,0.2238,0.711,0.0,0.0,0.0,0.0,-0.1492,-1.0,0.0,0.0,-0.2285,0.5396,0.0,1.0,-1.0,-1.0,0.0,0.0,0.0,-0.1615
-0.01247,-0.011284,-0.01314,-0.4114,0.4634,0.359,-0.4307,1.614,0.05026,1.481,1.612,-0.00558,0.7144,-0.1387,0.0,0.0,-1.156,-1.333,0.45,0.0,-0.2676,0.9556,0.362,0.3328,0.1354,0.4067,0.6494,0.2141,0.3157,-0.1423,-0.355,-0.838,0.7314,0.003166,-0.02835,0.0,0.0,-0.01247,0.0,0.2286,0.663,0.0,0.0,0.0,0.0,0.1554,0.0,0.0,0.0,-0.26,0.586,1.0,0.0,-1.0,-1.0,0.0,0.0,0.0,0.1687
-0.01288,-0.012115,-0.01313,0.295,-0.2769,0.359,-0.4307,1.908,-0.7646,1.481,1.621,-5.26,0.7144,-0.1287,-1.0,0.0,-1.156,-1.333,0.3005,0.0,-0.2651,3.135,0.3308,0.3167,-0.66,0.4207,-0.847,-1.493,0.3003,0.2141,0.2144,-0.1416,2.547,-0.002455,-0.0264,0.0,0.0,-0.01175,0.0,0.1924,0.2957,0.0,0.0,0.0,0.0,-1.771,0.0,-0.5,0.0,0.3687,-0.1842,0.0,1.0,-1.0,-1.0,0.0,0.0,0.0,-1.916
-0.013885,-0.013054,-0.0142,0.4805,-0.4602,0.359,-0.4307,1.841,-0.953,1.481,1.599,0.4604,0.5713,-0.11884,-1.0,0.0,-1.102,-1.333,0.2578,0.0,-0.2627,0.7383,0.2842,0.3088,-0.8867,0.4246,-0.2334,-0.4375,0.307,-1.493,-0.1423,-0.355,-1.314,-0.00714,-0.02484,0.0,0.0,-0.0123,0.0,0.1819,-0.2852,0.0,0.0,0.0,0.0,-0.4424,0.0,-0.5,-0.5,0.5425,-0.3657,0.0,2.0,-1.0,-1.0,0.0,0.0,0.0,-0.4907
-0.010796,-0.010025,-0.011055,-0.742,0.7715,0.359,-0.4307,1.777,0.2888,1.481,1.608,-1.482,0.5713,-0.1089,0.0,0.0,-1.156,-1.333,0.5283,0.0,-0.26,3.002,0.2262,0.314,0.3796,0.4353,-0.4058,2.549,0.3335,-0.4375,0.214,0.2142,0.07074,-0.005577,-0.02138,0.0,0.0,-0.010315,0.0,0.2463,0.328,0.0,0.0,0.0,0.0,2.932,0.0,-0.5,0.0,-0.5103,0.955,1.0,0.0,-1.0,-1.0,0.0,0.0,0.0,3.275
-0.00864,-0.00798,-0.008766,-0.4775,0.4963,0.359,0.2312,1.602,0.03174,1.481,1.605,-0.555,0.5713,-0.099,0.0,0.0,-1.156,-1.333,0.4856,0.0,-0.2576,-0.2001,0.1473,0.31,0.1124,0.4478,-0.801,-0.4211,0.2292,2.549,-1.493,-0.1423,0.7065,-0.004173,-0.01828,0.0,0.0,-0.006668,0.0,0.2358,0.1213,0.0,0.0,0.0,0.0,-0.2957,0.0,-1.0,-0.5,-0.3718,0.564,0.0,1.0,-1.0,-1.0,0.0,0.0,0.0,-0.3154
-0.00794,-0.00747,-0.0079,-0.0502,0.05322,0.359,0.2312,1.559,-0.3123,1.481,1.567,-2.426,0.4285,-0.0891,-1.0,0.0,-1.156,-1.333,0.4001,0.0,-0.2551,1.168,0.08356,0.2786,-0.238,0.4343,-0.3384,-0.848,0.0845,-0.4211,-0.4375,0.214,-0.838,-0.00511,-0.01581,0.0,0.0,-0.00374,0.0,0.2152,-0.619,0.0,0.0,0.0,0.0,-0.6416,-1.0,-1.0,-1.0,0.01073,0.1052,0.0,2.0,-1.0,-1.0,0.0,0.0,0.0,-0.69
-0.006367,-0.005936,-0.00628,-0.3115,0.315,0.359,0.2312,1.41,0.00718,1.481,1.55,-1.634,0.4285,-0.0792,0.0,0.0,-1.156,-1.333,0.464,0.0,-0.2524,0.0907,0.01434,0.2273,0.1114,0.4263,-0.2964,0.6455,-0.04587,-0.848,2.547,-1.493,-0.1416,-0.00433,-0.01285,0.0,0.0,-0.0007577,0.0,0.2303,-0.172,0.0,0.0,0.0,0.0,0.3103,0.0,-0.5,-0.5,-0.206,0.3953,1.0,0.0,-1.0,-1.0,0.0,0.0,0.0,0.3384
-0.002941,-0.002346,-0.003017,-0.835,0.854,0.359,0.2312,1.459,0.6304,1.481,1.545,5.73,0.4285,-0.06934,0.0,0.0,-1.156,-1.333,0.599,0.0,-0.25,1.737,-0.05447,0.1617,0.713,0.438,-0.0821,1.348,-0.1921,0.6455,-0.4211,-0.4375,-0.355,-0.00105,-0.01001,0.0,0.0,0.003328,0.0,0.2622,0.10547,0.0,0.0,0.0,0.0,1.898,1.0,0.0,-0.5,-0.675,0.953,2.0,0.0,-1.0,-1.0,0.0,0.0,0.0,2.049
-0.0003693,0.0002044,-0.000422,-0.5913,0.607,0.359,0.2312,1.404,0.4531,1.481,1.531,-0.11755,0.4285,-0.05942,0.0,0.0,-1.156,-1.333,0.564,0.0,-0.2474,0.629,-0.1177,0.094,0.5303,0.44,-0.10315,-0.347,-0.1946,1.348,-0.848,2.547,0.2142,0.004726,-0.00794,0.0,0.0,0.005207,0.0,0.2534,-0.12177,0.0,0.0,0.0,0.0,-0.3186,0.0,-0.5,-1.0,-0.4707,0.682,0.0,1.0,-1.0,-1.0,0.0,0.0,0.0,-0.3362
0.001116,0.001668,0.001086,-0.2778,0.2888,0.359,0.2312,1.335,0.1614,1.481,1.52,-0.4202,0.4285,-0.0495,0.0,0.0,-1.156,-1.333,0.507,0.0,-0.245,0.0799,-0.1838,0.01834,0.2683,0.437,0.0524,-0.558,-0.2471,-0.347,0.645,-0.421,-0.1423,0.01019,-0.00599,0.0,0.0,0.006973,0.0,0.2397,-0.05664,0.0,0.0,0.0,0.0,-0.1372,0.0,-0.5,-1.0,-0.1522,0.3933,0.0,2.0,-1.0,-1.0,0.0,0.0,0.0,-0.1456
0.002356,0.002867,0.002365,-0.2065,0.2142,0.359,0.2312,1.195,0.11145,1.481,1.508,-0.0551,0.4285,-0.0396,0.0,0.0,-1.156,-1.333,0.4998,0.0,-0.2424,0.2715,-0.2676,-0.07043,0.2294,0.4377,-0.02747,-0.07043,-0.271,-0.558,1.348,-0.848,0.214,0.00957,-0.004364,0.0,0.0,0.00813,0.0,0.2378,-0.0398,0.0,0.0,0.0,0.0,-0.05643,0.0,-1.0,-1.0,-0.09906,0.3047,0.0,3.0,-1.0,-1.0,0.0,0.0,0.0,-0.06046
0.006424,0.007225,0.00614,-0.9966,1.03,0.03784,0.2312,1.232,0.987,1.481,1.5205,4.38,0.4285,-0.02971,0.0,0.0,-1.156,-1.333,0.6133,1.0,-0.2903,1.87,-0.3767,-0.1257,1.102,0.3733,0.885,1.975,-0.2128,-0.07043,-0.347,0.645,-1.492,0.01425,-0.00182,0.0,0.0,0.0088,0.0,0.2852,0.4067,0.0,0.0,0.0,0.0,2.463,0.0,-0.5,-0.5,-0.7676,1.192,1.0,0.0,-1.0,-1.0,0.0,0.0,0.0,2.643
0.01179,0.01296,0.01113,-1.329,1.39,0.1813,0.2312,1.174,1.407,1.481,1.543,0.561,0.4285,-0.0198,0.0,0.0,-1.156,-1.333,0.6133,1.0,-0.2903,-0.08344,-0.396,-0.161,1.512,0.2922,1.372,1.093,-0.0436,1.975,-0.558,1.348,-0.4373,0.02332,0.0006895,0.0,0.0,0.01139,0.0,0.312,0.534,0.0,0.0,0.0,0.0,1.279,0.0,0.0,-0.5,-1.048,1.582,2.0,0.0,-1.0,-1.0,0.0,0.0,0.0,1.329
0.01548,0.01674,0.01475,-0.87,0.931,0.1813,0.2312,1.132,0.9165,1.481,1.559,-0.2104,0.4285,-0.0099,0.0,0.0,-1.156,-1.333,0.5376,0.0,-0.2878,1.577,-0.327,-0.1744,0.959,0.327,0.10284,-0.7373,0.03065,1.093,-0.07043,-0.3467,2.547,0.02925,0.003088,0.0,0.0,0.01333,0.0,0.2927,0.3906,0.0,0.0,0.0,0.0,-1.059,0.0,-0.5,-0.5,-0.588,1.16,0.0,1.0,-1.0,-1.0,0.0,0.0,0.0,-1.08
0.015144,0.01653,0.01428,0.2886,-0.2305,0.1813,-0.3762,1.5,-0.3022,1.481,1.546,-1.152,0.2856,0.0,-1.0,0.0,-1.156,-1.333,0.2966,0.0,-0.2854,2.748,-0.268,-0.1846,-0.2522,0.3303,0.4768,-2.375,0.02724,-0.7373,1.975,-0.558,-0.421,0.02675,0.005524,0.0,0.0,0.01277,0.0,0.2325,-0.0852,0.0,0.0,0.0,0.0,-3.078,0.0,-0.5,-1.0,0.562,0.079,0.0,2.0,-1.0,-1.0,0.0,0.0,0.0,-3.178
0.01683,0.01804,0.01616,-0.3096,0.3616,0.1813,-0.3762,1.39,0.2404,1.481,1.5625,-3.04,0.4285,0.0099,0.0,0.0,-1.156,-1.333,0.4275,0.0,-0.2827,3.121,-0.1812,-0.1765,0.2732,0.3555,0.9814,1.343,0.04303,-2.375,1.092,-0.07043,-0.8477,0.028,0.00862,0.0,0.0,0.01393,0.0,0.2646,0.3372,0.0,0.0,0.0,0.0,1.219,1.0,0.0,-0.5,0.04355,0.7114,1.0,0.0,-1.0,-1.0,0.0,0.0,0.0,1.311
0.01784,0.01872,0.01747,-0.12115,0.1521,0.1813,-0.3762,1.484,-0.04428,1.481,1.58,-0.7354,0.5713,0.0198,0.0,0.0,-1.156,-1.333,0.393,0.0,-0.2803,1.932,-0.0643,-0.1484,-0.0661,0.3906,0.7334,-0.3457,0.04623,1.343,-0.7373,1.974,0.645,0.02971,0.011246,0.0,0.0,0.01493,0.0,0.2559,0.35,0.0,0.0,0.0,0.0,-0.4197,0.0,-0.5,-0.5,0.1115,0.3855,0.0,1.0,-1.0,-1.0,0.0,0.0,0.0,-0.4412
0.014435,0.01566,0.01373,1.228,-1.188,0.1813,-0.4192,1.747,-1.369,1.276,1.538,-17.1,0.4285,0.02971,-1.0,0.0,-0.8994,-1.307,0.11053,0.0,-0.2778,3.135,0.00506,-0.1476,-1.425,0.385,0.006153,-2.514,0.0941,-0.3457,-2.375,1.092,1.348,0.02518,0.01238,0.0,0.0,0.01393,0.0,0.1854,-0.4824,0.0,0.0,0.0,0.0,-3.438,-1.0,-1.0,-1.0,1.519,-0.786,0.0,2.0,-1.0,-1.0,0.0,0.0,0.0,-3.637
0.01114,0.01265,0.01015,1.204,-1.1455,0.1813,-0.4941,1.844,-1.37,1.229,1.499,0.1434,0.2856,0.0396,-1.0,0.0,-0.8555,-1.278,0.09674,0.0,-0.2751,0.8286,0.0356,-0.149,-1.414,0.3677,0.03558,-0.146,0.148,-2.514,1.343,-0.7373,-0.3467,0.01598,0.01216,0.0,0.0,0.012665,0.0,0.1816,-0.4463,0.0,0.0,0.0,0.0,-0.15,-1.0,-1.0,-1.0,1.452,-0.793,0.0,3.0,-1.0,-1.0,0.0,0.0,0.0,-0.1666
0.005848,0.00786,0.004356,1.882,-1.796,0.1813,-1.321,1.996,-2.037,0.9316,1.454,0.726,0.2856,0.0495,-1.0,0.0,-0.618,-1.053,-0.05487,0.0,-0.2727,1.802,0.01915,-0.1641,-2.031,0.339,0.2037,-1.61,0.2864,-0.146,-0.3457,-2.375,-0.558,0.0008235,0.01135,0.0,0.0,0.010284,0.0,0.1437,-0.534,0.0,0.0,0.0,0.0,-2.025,-1.0,-1.0,-1.0,2.139,-1.381,0.0,4.0,-1.0,-0.5,0.0,0.0,0.0,-2.254
0.001689,0.00403,-0.0001358,1.523,-1.412,0.1813,-1.321,1.983,-1.731,0.987,1.408,-0.03094,0.1428,0.05942,-1.0,0.0,-0.662,-1.098,-0.01352,0.0,-0.2703,0.3716,-0.0233,-0.1803,-1.744,0.3208,0.01877,0.4514,0.3774,-1.61,-2.514,1.343,-0.07043,-0.011665,0.01039,0.0,0.0,0.00808,0.0,0.1537,-0.5703,0.0,0.0,0.0,0.0,0.3657,-1.0,-0.5,-1.0,1.738,-1.071,1.0,0.0,-1.0,-0.5,0.0,0.0,0.0,0.4182
-0.001863,0.000543,-0.003756,1.333,-1.216,0.1813,-1.321,1.804,-1.523,0.9917,1.348,0.001821,0.0,0.06934,-1.0,0.0,-0.6816,-1.085,0.0002625,0.0,-0.2676,0.0665,-0.06064,-0.1965,-1.579,0.2996,-1.355,0.1493,0.4263,0.4514,-0.146,-0.3455,1.974,-0.01839,0.00814,0.0,0.0,0.00714,0.0,0.1569,-0.797,0.0,0.0,0.0,0.0,0.1145,0.0,-0.5,-1.0,1.546,-0.891,2.0,0.0,-1.0,-0.5,0.0,0.0,0.0,0.13
-0.00234,0.000196,-0.004364,0.3691,-0.2372,0.1813,-1.321,1.849,-0.551,1.294,1.312,-0.6147,-0.1428,0.0792,-1.0,0.0,-0.9033,-1.33,0.1794,0.0,-0.2651,2.057,-0.0963,-0.2129,-0.632,0.288,-2.336,1.937,0.397,0.1493,-1.61,-2.514,1.092,-0.024,0.007553,0.0,0.0,0.007965,0.0,0.2009,-0.421,0.0,0.0,0.0,0.0,1.795,1.0,-0.5,-0.5,0.693,0.133,3.0,0.0,-1.0,-0.5,0.0,0.0,0.0,2.033
-0.00898,-0.005527,-0.011925,2.426,-2.242,0.1813,-1.321,2.592,-2.36,0.544,1.238,4.863,-0.2856,0.0891,-1.0,0.0,-0.2515,-0.775,-0.2272,0.0,-0.2627,3.135,-0.0663,-0.203,-2.086,0.2249,-2.137,-2.514,0.6064,1.937,0.4512,-0.146,-0.7373,-0.03806,0.00475,0.0,0.0,0.003439,0.0,0.0995,-0.7876,0.0,0.0,0.0,0.0,-8.15,1.0,-0.5,-0.5,2.75,-1.585,0.0,1.0,-1.0,-0.5,0.0,0.0,0.0,-5.477
-0.0172,-0.01279,-0.02112,2.701,-2.545,0.1813,-1.802,2.785,-2.36,0.2673,1.15,0.3862,-0.4285,0.099,-1.0,0.0,0.0209,-0.554,-0.3718,0.0,-0.26,2.754,0.2668,-0.04578,-2.086,0.0824,-1.133,-1.631,0.8784,-2.514,0.1493,-1.609,-2.375,-0.04898,0.0008,0.0,0.0,-0.001918,0.0,0.06247,-0.897,0.0,0.0,0.0,0.0,-6.754,1.0,-0.5,-0.5,2.75,-2.18,0.0,2.0,-1.0,-0.5,0.0,0.0,0.0,-5.477
-0.02,-0.015594,-0.02391,1.178,-0.923,0.4138,-1.802,2.785,-1.18,0.7925,1.07,-0.5405,-0.5713,0.1089,-1.0,0.0,-0.4348,-1.015,-0.06866,0.0,-0.2576,2.521,0.591,0.12286,-0.6704,0.03625,-2.34,2.549,0.9316,-1.631,1.936,0.4512,1.343,-0.05273,-0.001081,0.0,0.0,-0.00418,0.0,0.1368,-0.741,0.0,0.0,0.0,0.0,7.266,1.0,-0.5,-0.5,1.731,-0.2393,1.0,0.0,-1.0,-0.5,0.0,0.0,0.0,5.766
-0.02129,-0.01738,-0.02469,0.669,-0.446,0.8857,-1.802,2.785,-0.533,0.917,0.9863,-0.523,-0.7144,0.11884,-1.0,0.0,-0.5327,-1.121,0.014046,0.0,-0.2551,1.263,0.878,0.2876,-0.0691,0.00259,-2.432,0.905,0.95,2.549,-2.514,0.1493,-0.3455,-0.05118,-0.002447,0.0,0.0,-0.00628,0.0,0.1567,-0.7783,0.0,0.0,0.0,0.0,1.886,1.0,0.0,-0.5,1.263,0.2418,2.0,0.0,-1.0,-0.5,0.0,0.0,0.0,2.162
-0.02496,-0.0215,-0.02792,1.442,-1.252,0.8857,-1.802,2.785,-1.148,0.601,0.8945,1.755,-0.857,0.1287,-1.0,0.0,-0.2625,-0.8657,-0.1514,0.0,-0.2524,2.271,1.135,0.46,-0.727,-0.03906,-0.9395,-1.783,0.987,0.905,-1.631,1.936,-2.514,-0.0543,-0.004513,0.0,0.0,-0.01076,0.0,0.11536,-0.844,0.0,0.0,0.0,0.0,-2.27,0.0,0.0,-0.5,1.983,-0.5615,0.0,1.0,-1.0,-0.5,0.0,0.0,0.0,-2.564
-0.02945,-0.02617,-0.03223,1.717,-1.54,0.8857,-1.802,2.785,-1.358,0.447,0.822,0.3662,-0.857,0.1387,-1.0,0.0,-0.1451,-0.713,-0.2272,0.0,-0.25,1.698,1.347,0.623,-0.9844,-0.06775,-1.016,-0.8423,1.045,-1.783,2.547,-2.514,-0.146,-0.05945,-0.007095,0.0,0.0,-0.01556,0.0,0.0961,-0.7183,0.0,0.0,0.0,0.0,-1.193,0.0,0.0,-0.5,2.227,-0.8623,0.0,2.0,-1.0,-0.5,0.0,0.0,0.0,-1.39
-0.03476,-0.03198,-0.03705,2.002,-1.858,0.8857,-1.802,2.71,-1.53,0.282,0.726,0.2952,-1.0,0.1486,-1.0,0.0,-0.014275,-0.5444,-0.3098,0.0,-0.2474,1.217,1.5,0.7773,-1.287,-0.0951,-0.288,-0.932,1.133,-0.8423,0.905,-1.631,-1.609,-0.07056,-0.01005,0.0,0.0,-0.02058,0.0,0.07544,-0.975,0.0,0.0,0.0,0.0,-0.753,0.0,0.0,-1.0,2.553,-1.114,0.0,3.0,-1.0,-0.5,0.0,0.0,0.0,-0.8896
-0.0382,-0.0361,-0.03983,1.337,-1.236,0.8857,-1.802,2.557,-0.823,0.4224,0.6426,-0.405,-1.143,0.1584,-1.0,0.0,-0.1511,-0.661,-0.2202,0.0,-0.245,1.485,1.579,0.929,-0.6357,-0.1293,-0.696,1.025,1.161,-0.932,-1.782,2.547,0.4512,-0.0704,-0.01263,0.0,0.0,-0.02484,0.0,0.0975,-0.8154,0.0,0.0,0.0,0.0,0.5264,0.0,0.0,-0.5,1.824,-0.6123,1.0,0.0,-1.0,-0.5,0.0,0.0,0.0,0.6313
-0.0407,-0.03882,-0.04208,1.01,-0.9224,0.8857,-1.802,2.348,-0.4905,0.477,0.5957,-0.3723,-1.143,0.1683,-1.0,0.0,-0.2168,-0.691,-0.1788,0.0,-0.2424,2.188,1.593,1.061,-0.3264,-0.1462,-0.906,0.4653,1.077,1.025,-0.8423,0.905,0.1493,-0.06604,-0.01421,0.0,0.0,-0.0303,0.0,0.1075,-0.5005,0.0,0.0,0.0,0.0,0.3333,0.0,0.0,0.0,1.536,-0.2815,2.0,0.0,-1.0,-0.5,0.0,0.0,0.0,0.393
-0.04306,-0.04132,-0.04428,0.963,-0.8857,0.8857,-1.802,2.352,-0.4197,0.4475,0.551,-0.0637,-1.143,0.1782,-1.0,0.0,-0.191,-0.6646,-0.1858,0.0,-0.2399,0.948,1.552,1.166,-0.2913,-0.1602,-2.107,-0.07697,0.879,0.4653,-0.9316,-1.782,1.936,-0.06866,-0.01562,0.0,0.0,-0.0367,0.0,0.1056,-0.4932,0.0,0.0,0.0,0.0,-0.05325,0.0,-0.5,0.0,1.414,-0.33,0.0,1.0,-1.0,-0.5,0.0,0.0,0.0,-0.06232
-0.0453,-0.04364,-0.04645,0.923,-0.8506,0.8857,-1.802,2.219,-0.4043,0.4204,0.5234,0.08716,-1.143,0.1881,-1.0,0.0,-0.1796,-0.627,-0.1926,0.0,-0.2374,0.3284,1.466,1.236,-0.2793,-0.1696,0.149,-0.0771,0.6787,-0.07697,1.025,-0.842,-2.514,-0.07336,-0.01846,0.0,0.0,-0.04257,0.0,0.1037,-0.3264,0.0,0.0,0.0,0.0,-0.04218,0.0,-0.5,0.0,1.36,-0.3127,0.0,2.0,-1.0,-0.5,0.0,0.0,0.0,-0.0494
-0.04785,-0.04623,-0.04895,1.028,-0.9595,0.8857,-1.802,2.246,-0.51,0.3438,0.487,0.5435,-1.143,0.198,-1.0,0.0,-0.11053,-0.558,-0.2272,0.0,-0.2349,0.4443,1.318,1.281,-0.4248,-0.1774,1.053,-0.3857,0.611,-0.0771,0.4653,-0.9316,-1.63,-0.0751,-0.02127,0.0,0.0,-0.04675,0.0,0.095,-0.4314,0.0,0.0,0.0,0.0,-0.2585,0.0,-0.5,-0.5,1.478,-0.401,0.0,3.0,-1.0,-0.5,0.0,0.0,0.0,-0.3035
-0.05194,-0.05017,-0.0532,1.568,-1.494,0.8857,-1.802,2.6,-1.019,0.12335,0.4375,1.558,-1.143,0.2079,-1.0,0.0,0.11926,-0.3801,-0.3442,0.0,-0.2323,3.05,1.109,1.292,-0.9897,-0.1908,-0.7085,-1.32,0.45,-0.3857,-0.07697,1.025,2.547,-0.0777,-0.02425,0.0,0.0,-0.05295,0.0,0.06555,-0.5835,0.0,0.0,0.0,0.0,-1.851,-1.0,-1.0,-1.0,1.958,-0.958,0.0,4.0,-1.0,-0.5,0.0,0.0,0.0,-2.186
-0.0629,-0.06015,-0.0652,2.701,-2.545,0.8857,-2.549,2.785,-2.36,-0.723,0.3186,2.883,-1.143,0.2079,-1.0,-1.0,1.053,0.4587,-0.82,0.0,-0.2299,3.135,0.909,1.313,-2.086,-0.299,-1.381,-2.514,0.624,-1.32,-0.077,0.4653,0.9043,-0.0893,-0.03012,0.0,0.0,-0.0627,0.0,-0.05322,-1.242,0.0,1.0,0.0,0.0,-8.15,-2.0,-1.5,-1.5,2.75,-2.195,0.0,5.0,-1.0,0.0,0.0,1.0,-3.82,-5.477
-0.0724,-0.06915,-0.0752,2.701,-2.545,0.8857,-2.549,2.785,-2.36,-0.683,0.2484,0.01949,-1.143,0.2079,-1.0,-1.0,0.9653,0.4558,-0.792,0.0,-0.2273,1.253,0.772,1.334,-2.086,-0.3613,-0.881,0.3496,0.8384,-2.514,-0.3857,-0.07697,-1.782,-0.10223,-0.03653,0.0,0.0,-0.0699,0.0,-0.04688,-0.9053,0.0,0.0,0.0,0.0,0.643,-1.0,-1.0,-1.0,2.75,-2.195,1.0,0.0,-1.0,0.0,0.0,0.0,0.0,0.855
-0.0817,-0.07806,-0.08496,2.701,-2.545,0.8857,-2.549,2.785,-2.36,-0.776,0.189,0.1825,-1.143,0.2079,-1.0,-1.0,1.055,0.5835,-0.8403,0.0,-0.2247,1.163,0.8145,1.328,-2.086,-0.3857,-0.809,-0.6084,1.018,0.3496,-1.32,-0.077,-0.842,-0.11725,-0.04303,0.0,0.0,-0.0774,0.0,-0.0591,-0.8135,0.0,0.0,0.0,0.0,-0.691,-1.0,-1.0,-1.0,2.75,-2.195,0.0,1.0,-1.0,0.0,0.0,0.0,0.0,-0.9136
-0.0886,-0.08496,-0.0918,2.701,-2.543,0.8857,-2.549,2.443,-2.188,-0.604,0.1062,-0.1711,-1.143,0.2079,-1.0,-1.0,0.832,0.4126,-0.737,0.0,-0.2222,1.338,0.9106,1.328,-1.883,-0.4404,-0.6787,1.317,1.124,-0.6084,-2.514,-0.3857,-0.9316,-0.1298,-0.04868,0.0,0.0,-0.0829,0.0,-0.03378,-1.244,0.0,1.0,0.0,0.0,1.328,0.0,-0.5,-1.0,2.75,-2.195,1.0,0.0,-1.0,0.0,0.0,0.0,0.0,1.774
-0.09644,-0.09265,-0.0997,2.701,-2.545,0.8857,-2.549,2.582,-2.36,-0.794,0.003305,0.285,-1.143,0.2079,-1.0,-1.0,1.056,0.625,-0.8403,0.0,-0.2197,2.227,1.059,1.333,-2.086,-0.5093,-1.486,-1.289,1.24,1.317,0.3496,-1.32,1.025,-0.1444,-0.05484,0.0,0.0,-0.08954,0.0,-0.0596,-1.53,0.0,1.0,0.0,0.0,-1.097,0.0,-1.0,-1.5,2.75,-2.195,0.0,1.0,-1.0,0.0,0.0,0.0,0.0,-1.433
-0.1043,-0.10046,-0.1076,2.701,-2.545,0.8857,-2.549,2.52,-2.36,-0.898,-0.08636,0.1599,-1.143,0.2079,-1.0,-1.0,1.17,0.7593,-0.8955,0.0,-0.2172,1.553,1.232,1.331,-2.086,-0.5645,-2.117,-0.7026,1.337,-1.289,-0.6084,-2.514,0.465,-0.1595,-0.06232,0.0,0.0,-0.0967,0.0,-0.0736,-1.456,0.0,1.0,0.0,0.0,-0.8877,0.0,-1.5,-1.5,2.75,-2.195,0.0,2.0,-1.0,0.0,0.0,0.0,0.0,-1.186
-0.1089,-0.10516,-0.1122,1.941,-1.715,0.8857,-2.549,2.354,-1.331,-0.6167,-0.1497,-0.3928,-1.143,0.2079,-1.0,-1.0,0.838,0.436,-0.73,0.0,-0.2146,1.681,1.395,1.302,-0.926,-0.611,-2.512,2.133,1.217,-0.7026,1.317,0.3496,-0.0769,-0.1683,-0.0695,0.0,0.0,-0.104,0.0,-0.03287,-0.97,0.0,0.0,0.0,0.0,2.115,0.0,-1.0,-1.0,2.125,-1.376,1.0,0.0,-1.0,0.0,0.0,0.0,0.0,2.86
-0.11066,-0.1069,-0.11395,0.8887,-0.6562,0.8857,-2.549,2.324,-0.2944,-0.3484,-0.1869,-0.792,-1.143,0.2178,-1.0,0.0,0.5522,0.136,-0.572,0.0,-0.2122,2.586,1.496,1.264,0.0841,-0.625,-2.8,1.974,1.206,2.133,-1.289,-0.6084,-0.077,-0.1627,-0.07544,0.0,0.0,-0.10675,0.0,0.006023,-0.548,0.0,0.0,0.0,0.0,2.533,1.0,-0.5,-0.5,1.166,-0.2957,2.0,0.0,-1.0,0.0,0.0,0.0,0.0,3.305
-0.1135,-0.1099,-0.11664,1.282,-1.065,0.8857,-2.549,2.377,-0.601,-0.5015,-0.2429,2.02,-1.143,0.2178,-1.0,-1.0,0.717,0.3018,-0.6543,0.0,-0.2096,1.519,1.557,1.29,-0.3286,-0.6377,-2.822,-0.9966,1.2295,1.974,-0.7026,1.316,-0.3857,-0.1595,-0.08057,0.0,0.0,-0.109,0.0,-0.01476,-0.8213,0.0,0.0,0.0,0.0,-1.136,0.0,-0.5,-1.0,1.577,-0.6543,0.0,1.0,-1.0,0.0,0.0,0.0,0.0,-1.436
-0.11475,-0.1116,-0.1174,0.6753,-0.4875,0.8857,-2.549,2.18,0.0927,-0.353,-0.2927,-1.423,-1.0,0.2278,0.0,0.0,0.544,0.155,-0.565,0.0,-0.207,1.13,1.569,1.309,0.293,-0.654,-2.37,1.098,1.146,-0.9966,2.133,-1.288,-1.319,-0.1533,-0.0859,0.0,0.0,-0.113,0.0,0.007153,-0.7256,0.0,0.0,0.0,0.0,1.101,1.0,0.0,-1.0,1.066,-0.01978,1.0,0.0,-1.0,0.0,0.0,0.0,0.0,1.414
-0.1175,-0.11475,-0.11975,1.2295,-1.076,0.723,-2.549,2.213,-0.357,-0.55,-0.351,-2.23,-1.0,0.2178,-1.0,-1.0,0.7534,0.3723,-0.675,0.0,-0.2046,0.3896,1.53,1.314,-0.261,-0.671,0.397,-1.327,1.012,1.098,1.973,-0.702,-2.514,-0.1519,-0.0916,0.0,0.0,-0.1185,0.0,-0.02039,-0.834,0.0,0.0,0.0,0.0,-1.169,1.0,0.0,-1.0,1.682,-0.4988,0.0,1.0,-1.0,0.0,0.0,0.0,0.0,-1.475
-0.1198,-0.11755,-0.1215,1.038,-0.9224,0.723,-2.549,2.201,-0.07355,-0.5327,-0.4092,-1.143,-0.857,0.2178,0.0,-1.0,0.734,0.3538,-0.661,0.0,-0.202,0.4983,1.425,1.313,-0.1051,-0.684,0.3171,0.1697,0.9355,-1.327,-0.9966,2.133,0.3496,-0.1478,-0.0957,0.0,0.0,-0.1226,0.0,-0.01717,-0.802,0.0,0.0,0.0,0.0,0.1169,1.0,0.0,-0.5,1.507,-0.343,1.0,0.0,-1.0,0.0,0.0,0.0,0.0,0.1508
-0.1222,-0.1206,-0.1233,1.053,-0.9844,0.723,-2.549,2.219,-0.001582,-0.574,-0.4648,2.043,-0.7144,0.2178,0.0,-1.0,0.7803,0.4001,-0.682,0.0,-0.1995,0.6206,1.242,1.3,-0.129,-0.701,0.6914,-0.2537,0.8804,0.1697,1.098,1.973,-0.6084,-0.143,-0.0999,0.0,0.0,-0.1262,0.0,-0.02254,-0.788,0.0,0.0,0.0,0.0,-0.2383,0.0,0.0,-0.5,1.483,-0.4443,0.0,1.0,-1.0,0.0,0.0,0.0,0.0,-0.3066
-0.1256,-0.1247,-0.1261,1.419,-1.403,0.723,-2.549,2.043,-0.3225,-0.7246,-0.517,-2.957,-0.7144,0.2178,-1.0,-1.0,0.9297,0.5933,-0.7646,0.0,-0.197,-0.0412,0.9854,1.286,-0.408,-0.7383,0.1575,-1.02,0.862,-0.2537,-1.327,-0.9966,1.316,-0.1438,-0.1037,0.0,0.0,-0.1299,0.0,-0.0434,-0.752,0.0,0.0,0.0,0.0,-1.501,0.0,-0.5,-0.5,1.6045,-1.102,0.0,2.0,-1.0,0.0,0.0,0.0,0.0,-1.939
-0.12476,-0.1238,-0.1252,-0.1329,0.1674,0.723,-2.549,1.509,1.133,-0.2773,-0.4895,-7.55,-0.5713,0.2278,0.0,0.0,0.407,0.1368,-0.503,0.0,-0.1945,2.201,0.7974,1.25,1.112,-0.729,0.771,2.549,0.7715,-1.02,0.1697,1.098,-1.288,-0.1422,-0.1063,0.0,0.0,-0.1322,0.0,0.02113,0.401,0.0,0.0,0.0,0.0,4.01,0.0,0.0,0.0,0.2717,0.587,1.0,0.0,-1.0,0.0,1.0,0.0,4.234,5.273
-0.123,-0.1218,-0.12366,-0.4158,0.466,0.723,-2.549,1.437,1.35,-0.1775,-0.4573,0.3335,-0.4285,0.2278,0.0,0.0,0.3013,0.03754,-0.4407,0.0,-0.1919,0.5234,0.6006,1.174,1.316,-0.7017,1.313,0.7373,0.6567,2.549,-0.2537,-1.326,-0.702,-0.1373,-0.10864,0.0,0.0,-0.1343,0.0,0.03622,0.4443,0.0,0.0,0.0,0.0,0.6777,1.0,0.5,0.0,0.001852,0.878,2.0,0.0,-1.0,0.0,0.0,0.0,0.0,0.8447
-0.1227,-0.12146,-0.12335,0.0616,-0.01509,0.723,-2.549,1.56,0.7163,-0.3245,-0.427,-0.3313,-0.2856,0.2278,0.0,0.0,0.4592,0.183,-0.522,0.0,-0.1895,1.75,0.3374,1.062,0.7065,-0.681,0.582,-0.955,0.512,0.7373,-1.02,0.1696,2.13,-0.1364,-0.1124,0.0,0.0,-0.137,0.0,0.01593,0.377,0.0,0.0,0.0,0.0,-0.5664,0.0,0.0,0.0,0.4438,0.3953,0.0,1.0,-1.0,0.0,0.0,0.0,0.0,-0.6973
-0.123,-0.1218,-0.12366,0.3062,-0.2632,0.723,-2.549,1.542,0.3762,-0.4065,-0.413,-0.306,-0.1428,0.2278,0.0,0.0,0.542,0.275,-0.566,0.0,-0.1869,1.028,0.0794,0.9136,0.3767,-0.6694,-0.2578,-0.5264,0.3362,-0.955,2.547,-0.2537,1.973,-0.1339,-0.11426,0.0,0.0,-0.1399,0.0,0.004807,0.151,0.0,0.0,0.0,0.0,-0.3792,0.0,-0.5,-0.5,0.641,0.1148,0.0,2.0,-1.0,0.0,0.0,0.0,0.0,-0.474
-0.12366,-0.1226,-0.1242,0.4014,-0.3699,0.723,-2.549,1.529,0.1407,-0.4507,-0.3918,-0.3826,0.0,0.2278,0.0,-1.0,0.587,0.3252,-0.587,0.0,-0.1843,1.721,-0.10986,0.7197,0.1968,-0.66,0.2499,-0.2522,0.145,-0.5264,0.7373,-1.019,-0.996,-0.1322,-0.1154,0.0,0.0,-0.1428,0.0,-0.0005946,0.3184,0.0,0.0,0.0,0.0,-0.2039,0.0,-0.5,-0.5,0.7163,-0.006645,0.0,3.0,-1.0,0.0,0.0,0.0,0.0,-0.2573
-0.1223,-0.1215,-0.1226,-0.2888,0.3098,0.723,-2.549,1.413,0.702,-0.2408,-0.3508,2.549,0.1428,0.2377,0.0,0.0,0.362,0.10706,-0.4614,0.0,-0.1818,0.9775,-0.2124,0.4688,0.7856,-0.634,-0.2554,1.52,0.0693,-0.2522,-0.9546,2.547,1.098,-0.1273,-0.1175,0.0,0.0,-0.1438,0.0,0.03038,0.602,0.0,0.0,0.0,0.0,0.8813,0.0,-0.5,0.0,0.04007,0.635,1.0,0.0,-1.0,0.0,0.0,0.0,0.0,1.116
-0.12195,-0.1213,-0.12213,0.0308,-0.02078,0.723,0.2001,1.315,0.2883,-0.3416,-0.3333,-0.412,0.2856,0.2377,0.0,0.0,0.4548,0.2251,-0.5156,0.0,-0.1793,0.2607,-0.2189,0.2844,0.3613,-0.6157,0.48,-0.637,0.06152,1.52,-0.5264,0.737,-1.326,-0.12164,-0.12036,0.0,0.0,-0.1414,0.0,0.01685,0.262,0.0,0.0,0.0,0.0,-0.357,-1.0,-0.5,-0.5,0.283,0.2456,0.0,1.0,-1.0,0.0,0.0,0.0,0.0,-0.4412
-0.12024,-0.1195,-0.1204,-0.4207,0.4387,0.723,0.2001,1.101,0.7603,-0.1929,-0.3237,1.426,0.4285,0.2377,0.0,0.0,0.2864,0.086,-0.425,0.0,-0.1768,0.717,-0.1978,0.1283,0.8496,-0.6084,0.4934,1.077,0.0922,-0.637,-0.2522,-0.9546,0.1696,-0.1199,-0.1218,0.0,0.0,-0.1384,0.0,0.03906,0.1516,0.0,0.0,0.0,0.0,0.651,0.0,-0.5,-0.5,-0.1447,0.696,1.0,0.0,-1.0,0.0,0.0,0.0,0.0,0.8135
-0.11725,-0.1164,-0.1176,-0.8213,0.853,0.723,0.2001,1.0,1.166,-0.04068,-0.2947,0.6514,0.5713,0.2377,0.0,0.0,0.1298,-0.06244,-0.3325,0.0,-0.1742,0.832,-0.1307,-0.0373,1.245,-0.5835,0.7637,1.084,0.1334,1.077,1.52,-0.5264,-0.2537,-0.1174,-0.1224,0.0,0.0,-0.1343,0.0,0.06174,0.4917,0.0,0.0,0.0,0.0,1.075,1.0,0.0,0.0,-0.531,1.095,2.0,0.0,-1.0,0.0,0.0,0.0,0.0,1.319
-0.1139,-0.1129,-0.1144,-0.932,0.9736,0.723,0.2001,0.839,1.298,0.02605,-0.2705,0.2559,0.5713,0.2377,0.0,0.0,0.0521,-0.1146,-0.2893,0.0,-0.1718,-0.2184,-0.0456,-0.1598,1.397,-0.5674,1.481,0.4944,0.2186,1.084,-0.6367,-0.2522,-1.019,-0.1121,-0.12225,0.0,0.0,-0.1307,0.0,0.07214,0.4233,0.0,0.0,0.0,0.0,0.3906,2.0,0.5,0.0,-0.683,1.162,3.0,0.0,-1.0,0.0,0.0,0.0,0.0,0.4707
-0.1096,-0.10846,-0.11035,-1.204,1.263,0.723,0.2001,0.8887,1.563,0.1562,-0.2261,0.349,0.7144,0.2377,0.0,0.0,-0.0641,-0.2485,-0.209,0.0,-0.1692,1.38,0.0735,-0.1818,1.649,-0.5312,0.1738,0.918,0.2783,0.4944,1.077,1.52,2.547,-0.104,-0.1222,0.0,0.0,-0.1256,0.0,0.0918,0.838,1.0,0.0,0.0,0.0,0.9307,2.0,0.5,0.5,-0.912,1.477,4.0,0.0,-0.5,0.0,0.0,0.0,0.0,1.112
-0.1056,-0.1043,-0.1064,-1.125,1.191,0.723,0.3328,0.8877,1.431,0.1676,-0.1826,0.0562,0.7144,0.2377,0.0,0.0,-0.0745,-0.2595,-0.1968,0.0,-0.1666,0.392,0.202,-0.1248,1.527,-0.4988,-0.02528,0.1362,0.262,0.918,1.084,-0.6367,0.737,-0.0952,-0.1223,0.0,0.0,-0.12006,0.0,0.0945,0.836,1.0,0.0,0.0,0.0,0.1334,3.0,0.5,0.5,-0.849,1.395,5.0,0.0,0.0,0.0,0.0,0.0,0.0,0.1571
-0.1001,-0.09863,-0.101,-1.557,1.638,1.226,0.3328,0.82,1.865,0.3655,-0.1242,0.4512,0.7144,0.2377,0.0,0.0,-0.2573,-0.442,-0.07556,0.0,-0.1642,-0.1361,0.354,-0.00803,1.872,-0.4485,0.6196,1.359,0.3918,0.1362,0.4944,1.077,-0.9546,-0.0864,-0.1217,0.0,0.0,-0.1148,0.0,0.1242,1.024,1.0,0.0,0.0,0.0,1.573,3.0,1.0,1.0,-1.245,1.844,5.734,0.0,0.5,0.0,0.0,0.0,0.0,1.848
-0.0982,-0.0969,-0.09894,-0.4368,0.4941,1.226,0.0811,1.063,0.4976,0.00733,-0.0781,-0.6147,0.857,0.2377,0.0,0.0,0.08984,-0.1173,-0.2783,0.0,-0.1616,0.5386,0.506,0.151,0.4158,-0.386,1.161,-2.223,0.421,1.359,0.918,1.084,-0.526,-0.08105,-0.12213,0.0,0.0,-0.1125,0.0,0.07355,0.7075,0.0,0.0,0.0,0.0,-2.986,2.0,1.0,1.0,-0.2114,0.695,0.0,1.0,0.5,0.0,0.0,1.0,-3.717,-3.43
-0.0969,-0.0958,-0.0975,-0.2478,0.29,1.226,-0.08,0.773,0.2593,-0.04932,-0.0643,-0.2837,0.857,0.2377,0.0,0.0,0.1177,-0.0319,-0.306,0.0,-0.159,-0.2145,0.618,0.295,0.1259,-0.3613,1.464,-0.3137,0.4087,-2.223,0.1362,0.4941,-0.2522,-0.07837,-0.12256,0.0,0.0,-0.1097,0.0,0.0666,0.2803,0.0,0.0,0.0,0.0,-0.1589,1.0,1.0,0.5,-0.04733,0.4785,0.0,2.0,0.5,0.0,0.0,0.0,0.0,-0.1896
-0.09485,-0.0937,-0.09546,-0.4993,0.547,1.226,-0.08,0.788,0.517,0.04312,-0.05103,0.8984,0.857,0.2377,0.0,0.0,0.03152,-0.127,-0.2465,0.0,-0.1566,1.182,0.699,0.4119,0.4011,-0.351,0.869,0.681,0.4321,-0.3137,1.359,0.9175,1.519,-0.0764,-0.1221,0.0,0.0,-0.1071,0.0,0.0811,0.2761,0.0,0.0,0.0,0.0,0.585,1.0,1.0,0.5,-0.3018,0.713,1.0,0.0,0.5,0.0,0.0,0.0,0.0,0.701
-0.09204,-0.091,-0.0926,-0.7295,0.7754,1.226,-0.08,0.6733,0.7207,0.1361,-0.023,0.4963,0.857,0.2377,0.0,0.0,-0.065,-0.2081,-0.1858,0.0,-0.154,0.6206,0.7563,0.5083,0.6567,-0.3362,1.33,0.686,0.4268,0.681,-2.223,0.1362,-0.6367,-0.0741,-0.11865,0.0,0.0,-0.1032,0.0,0.0959,0.5923,0.0,0.0,0.0,0.0,0.6333,1.0,1.5,1.0,-0.5103,0.947,2.0,0.0,0.5,0.0,0.0,0.0,0.0,0.751
-0.08923,-0.0883,-0.0896,-0.7383,0.773,1.226,-0.08,0.545,0.661,0.1567,0.01154,0.06506,0.857,0.2476,0.0,0.0,-0.09534,-0.216,-0.167,0.0,-0.1515,-0.4941,0.7935,0.592,0.6304,-0.3125,0.9795,0.2096,0.4138,0.686,-0.3137,1.358,1.077,-0.0731,-0.1153,0.0,0.0,-0.09924,0.0,0.1003,0.7505,0.0,0.0,0.0,0.0,0.16,1.0,1.5,1.5,-0.5166,0.9463,3.0,0.0,0.5,0.0,0.0,0.0,0.0,0.1876
-0.0844,-0.0836,-0.0847,-1.336,1.37,1.226,-0.08,0.415,1.246,0.395,0.06415,0.9697,0.857,0.2476,0.0,0.0,-0.319,-0.4307,-0.02042,0.0,-0.149,0.575,0.8325,0.6733,1.197,-0.269,0.572,1.634,0.4385,0.2096,0.681,-2.223,1.084,-0.06915,-0.1109,0.0,0.0,-0.09393,0.0,0.1364,0.984,1.0,0.0,0.0,0.0,1.662,2.0,1.5,2.0,-1.072,1.543,4.0,0.0,0.5,0.0,1.0,0.0,3.95,1.942
-0.0802,-0.07935,-0.0805,-1.166,1.201,1.226,-0.08,0.4607,1.036,0.3743,0.10297,-0.02675,0.857,0.2476,0.0,0.0,-0.2969,-0.4155,-0.02592,0.0,-0.1465,1.27,0.874,0.7246,0.988,-0.2367,0.4998,-0.0598,0.3552,1.634,0.686,-0.3135,0.4941,-0.068,-0.1071,0.0,0.0,-0.088,0.0,0.1346,0.826,1.0,0.0,0.0,0.0,-0.0691,2.0,1.0,1.5,-0.943,1.344,0.0,1.0,0.5,0.0,0.0,0.0,0.0,-0.07855
-0.0781,-0.0774,-0.0783,-0.503,0.521,1.226,-0.08,0.6777,0.2454,0.1666,0.136,-0.6104,0.857,0.2476,0.0,0.0,-0.09247,-0.2384,-0.1417,0.0,-0.1439,1.245,0.8853,0.757,0.2646,-0.22,0.1696,-1.257,0.3457,-0.0598,0.2096,0.6807,0.9175,-0.0649,-0.1034,0.0,0.0,-0.08514,0.0,0.1057,0.642,0.0,0.0,0.0,0.0,-0.97,1.0,0.5,1.5,-0.2954,0.697,0.0,2.0,0.5,0.0,0.0,0.0,0.0,-1.104
-0.07574,-0.0752,-0.07574,-0.6025,0.61,1.226,-0.08,0.5903,0.3013,0.2123,0.162,0.3132,0.857,0.2476,0.0,0.0,-0.1417,-0.2742,-0.1086,0.0,-0.1414,-0.21,0.8506,0.7837,0.355,-0.2032,0.1366,0.367,0.3567,-1.257,1.634,0.6855,0.1361,-0.06042,-0.0992,0.0,0.0,-0.08246,0.0,0.1137,0.5596,0.0,0.0,0.0,0.0,0.2358,1.0,0.5,1.5,-0.4207,0.7505,1.0,0.0,0.5,0.0,0.0,0.0,0.0,0.2742
-0.0745,-0.0741,-0.07446,-0.2261,0.2234,1.226,-0.08,0.64,-0.1121,0.0926,0.1705,-0.946,0.857,0.2476,0.0,0.0,-0.02777,-0.162,-0.1726,0.0,-0.1389,0.9795,0.7915,0.8003,-0.07446,-0.1877,-0.5493,-0.705,0.3052,0.367,-0.05978,0.2096,1.358,-0.05875,-0.0962,0.0,0.0,-0.07965,0.0,0.09753,0.225,0.0,0.0,0.0,0.0,-0.7134,0.0,0.0,1.0,-0.04962,0.3875,0.0,1.0,0.5,0.0,0.0,0.0,0.0,-0.8247
-0.0729,-0.07245,-0.07275,-0.3875,0.385,1.226,-0.08,0.724,0.0492,0.1499,0.1777,14.88,0.857,0.2573,0.0,0.0,-0.07306,-0.2266,-0.1317,0.0,-0.1364,0.912,0.69,0.7993,0.079,-0.175,0.629,0.455,0.2177,-0.705,-1.257,1.634,-2.223,-0.05753,-0.0938,0.0,0.0,-0.0762,0.0,0.10736,0.2207,0.0,0.0,0.0,0.0,0.46,0.0,0.5,1.0,-0.226,0.52,1.0,0.0,0.5,0.0,0.0,0.0,0.0,0.5376
-0.0699,-0.06946,-0.0698,-0.772,0.776,1.226,-0.08,0.6494,0.4873,0.2961,0.1873,3.068,0.857,0.2573,0.0,0.0,-0.2114,-0.36,-0.03915,0.0,-0.1338,0.969,0.5723,0.776,0.537,-0.1672,0.886,1.025,0.1109,0.455,0.3667,-0.05978,-0.3135,-0.05463,-0.0905,0.0,0.0,-0.0718,0.0,0.1301,0.2437,0.0,0.0,0.0,0.0,0.743,1.0,1.0,1.0,-0.547,0.95,2.0,0.0,0.5,0.0,0.0,0.0,0.0,0.863
-0.0675,-0.067,-0.06744,-0.6055,0.6094,1.226,-0.08,0.6772,0.3416,0.2568,0.1935,-0.1226,0.857,0.2573,0.0,0.0,-0.174,-0.3254,-0.0557,0.0,-0.1313,0.572,0.4348,0.7437,0.4048,-0.159,0.686,-0.18,0.05676,1.025,-0.705,-1.257,0.6807,-0.05545,-0.0878,0.0,0.0,-0.06854,0.0,0.1257,0.1779,0.0,0.0,0.0,0.0,-0.149,1.0,0.5,0.5,-0.4514,0.7197,0.0,1.0,0.5,0.0,0.0,0.0,0.0,-0.17
-0.0665,-0.06604,-0.0664,-0.1605,0.1583,1.226,-0.08,0.725,-0.06155,0.1139,0.1781,-0.825,0.857,0.2573,0.0,0.0,-0.0399,-0.1913,-0.1339,0.0,-0.1288,0.3875,0.3076,0.6904,0.003216,-0.163,0.4326,-0.8545,-0.0947,-0.18,0.455,0.3667,0.6855,-0.0579,-0.0849,0.0,0.0,-0.0655,0.0,0.1062,-0.274,0.0,0.0,0.0,0.0,-0.395,0.0,0.0,0.0,-0.1025,0.1986,0.0,2.0,0.5,0.0,0.0,0.0,0.0,-0.452
-0.0672,-0.06683,-0.0671,0.3845,-0.3967,1.226,-0.08,0.717,-0.647,-0.0706,0.1761,-11.836,0.7144,0.2573,-1.0,0.0,0.133,-0.004646,-0.2386,0.0,-0.1262,1.244,0.2377,0.6133,-0.6025,-0.155,0.3499,-1.16,-0.1959,-0.8545,1.025,-0.7046,0.2095,-0.0601,-0.08264,0.0,0.0,-0.06396,0.0,0.0801,-0.0343,0.0,0.0,0.0,0.0,-0.836,0.0,-0.5,0.0,0.46,-0.2952,0.0,3.0,0.5,0.0,0.0,0.0,0.0,-0.97
-0.06934,-0.06885,-0.06934,0.869,-0.879,1.226,-0.4739,0.983,-1.169,-0.2418,0.1678,1.221,0.5713,0.2573,-1.0,0.0,0.3245,0.1493,-0.337,0.0,-0.1237,2.2,0.1538,0.517,-1.083,-0.1646,-0.5884,-1.108,-0.1932,-1.16,-0.1799,0.4548,1.634,-0.06525,-0.0808,0.0,0.0,-0.064,0.0,0.0555,-0.2117,0.0,0.0,0.0,0.0,-1.0,-1.0,-1.0,0.0,0.939,-0.7456,0.0,4.0,0.5,0.0,0.0,0.0,0.0,-1.184
-0.069,-0.0685,-0.0689,0.0362,-0.03845,1.226,-0.4739,0.941,-0.3704,0.00775,0.1697,-0.688,0.4285,0.2573,-1.0,0.0,0.0785,-0.10596,-0.1858,0.0,-0.1212,1.633,0.04596,0.4004,-0.299,-0.1586,-0.7476,1.738,-0.2212,-1.108,-0.8545,1.025,-0.05978,-0.06555,-0.0777,0.0,0.0,-0.0632,0.0,0.0927,-0.00473,0.0,0.0,0.0,0.0,1.338,-1.0,-0.5,0.0,0.2042,0.1367,1.0,0.0,0.5,0.0,0.0,0.0,0.0,1.613
-0.0699,-0.06934,-0.06995,0.458,-0.4595,1.226,-0.4739,1.038,-0.783,-0.1349,0.1564,1.916,0.2856,0.2573,-1.0,0.0,0.2239,0.03111,-0.2673,0.0,-0.1187,1.226,-0.0896,0.2793,-0.7383,-0.1587,-0.1392,-0.9126,-0.2048,1.738,-1.16,-0.1799,-1.257,-0.0686,-0.0764,0.0,0.0,-0.06366,0.0,0.07227,-0.3125,0.0,0.0,0.0,0.0,-0.817,-1.0,-0.5,-0.5,0.6396,-0.2367,0.0,1.0,0.5,0.0,0.0,0.0,0.0,-0.9575
-0.07166,-0.0709,-0.0719,0.758,-0.7505,1.226,-0.4739,1.196,-1.063,-0.2445,0.135,0.604,0.1428,0.2573,-1.0,0.0,0.3462,0.1317,-0.3303,0.0,-0.11615,0.8994,-0.2446,0.149,-1.055,-0.1632,-0.4175,-0.714,-0.1595,-0.9126,-1.108,-0.8545,0.3667,-0.0752,-0.07587,0.0,0.0,-0.0647,0.0,0.05652,-0.4734,0.0,0.0,0.0,0.0,-0.42,-1.0,-1.0,-1.0,0.8696,-0.5806,0.0,2.0,0.5,0.0,0.0,0.0,0.0,-0.4998
-0.07214,-0.0714,-0.0723,0.312,-0.3018,0.2563,-0.4739,1.211,-0.559,-0.1211,0.1047,-0.4407,0.0,0.2573,-1.0,0.0,0.2261,0.0001688,-0.2542,0.0,-0.11365,1.487,-0.359,0.02966,-0.5425,-0.1827,-0.1626,0.8745,-0.1671,-0.714,1.738,-1.16,-0.7046,-0.0797,-0.0744,0.0,0.0,-0.06616,0.0,0.07513,-0.652,0.0,0.0,0.0,0.0,0.688,0.0,-0.5,-1.0,0.49,-0.0943,1.0,0.0,0.5,0.0,0.0,0.0,0.0,0.829
-0.0752,-0.0744,-0.07556,1.221,-1.21,0.2563,-0.4739,1.338,-1.373,-0.4229,0.0558,2.154,-0.1428,0.2573,-1.0,0.0,0.541,0.3127,-0.4304,0.0,-0.1111,1.015,-0.3965,-0.05432,-1.327,-0.2166,-0.4612,-1.998,-0.0819,0.8745,-0.912,-1.108,0.4548,-0.0864,-0.07367,0.0,0.0,-0.0674,0.0,0.03117,-0.9004,0.0,0.0,0.0,0.0,-1.97,0.0,-1.0,-1.0,1.388,-0.945,0.0,1.0,0.5,0.0,0.0,0.0,0.0,-2.34
-0.078,-0.0771,-0.0784,1.124,-1.105,0.2563,-0.4739,1.194,-1.264,-0.4277,0.01927,0.04785,-0.2856,0.2573,-1.0,0.0,0.533,0.3318,-0.4304,0.0,-0.1086,0.563,-0.348,-0.1274,-1.187,-0.244,-1.208,0.0,-0.01636,-1.998,-0.7134,1.737,1.024,-0.0908,-0.0728,0.0,0.0,-0.06836,0.0,0.0309,-0.7407,0.0,0.0,0.0,0.0,0.0,-1.0,-1.5,-1.0,1.274,-0.8657,0.0,0.0,0.5,0.0,0.0,0.0,0.0,0.0
-0.0827,-0.0814,-0.08356,1.824,-1.783,0.2563,-0.4739,1.515,-1.872,-0.6694,-0.03586,0.723,-0.4285,0.2476,-1.0,-1.0,0.821,0.578,-0.572,0.0,-0.1061,1.085,-0.1649,-0.1724,-1.668,-0.3018,-1.347,-1.654,0.1571,0.0,0.874,-0.912,-0.1799,-0.0961,-0.0734,0.0,0.0,-0.071,0.0,-0.00451,-1.017,0.0,0.0,0.0,0.0,-2.879,-1.0,-1.5,-1.5,1.978,-1.485,0.0,1.0,0.5,0.0,0.0,0.0,0.0,-3.535
-0.0874,-0.0858,-0.08844,1.833,-1.774,0.2563,-0.4739,1.459,-1.866,-0.719,-0.0866,0.1392,-0.5713,0.2377,-1.0,-1.0,0.871,0.6426,-0.599,0.0,-0.1035,0.3435,0.03275,-0.1685,-1.626,-0.3398,-1.184,-0.3323,0.312,-1.654,-1.998,-0.7134,-0.854,-0.10547,-0.07385,0.0,0.0,-0.0743,0.0,-0.01159,-0.9727,0.0,0.0,0.0,0.0,-0.3242,-1.0,-1.5,-1.5,1.974,-1.49,0.0,2.0,0.5,0.0,0.0,0.0,0.0,-0.4094
-0.09406,-0.0921,-0.0955,2.629,-2.545,0.2563,-0.793,1.604,-2.36,-0.9917,-0.1598,0.559,-0.7144,0.2278,-1.0,-1.0,1.199,0.966,-0.7593,0.0,-0.101,1.537,0.2512,-0.089,-2.086,-0.3882,-0.8286,-1.9375,0.5493,-0.3323,0.0,0.874,-1.159,-0.11664,-0.0757,0.0,0.0,-0.07904,0.0,-0.05142,-1.25,0.0,1.0,0.0,0.0,-1.817,-2.0,-1.5,-2.0,2.75,-2.195,0.0,3.0,0.5,0.0,0.0,0.0,0.0,-2.309
-0.09894,-0.0969,-0.1004,1.942,-1.853,-0.511,-0.793,1.516,-1.851,-0.8657,-0.2349,-0.1654,-0.857,0.2178,-1.0,-1.0,1.043,0.8154,-0.682,0.0,-0.0985,0.2094,0.4658,0.0473,-1.616,-0.4314,-0.5474,0.967,0.6284,-1.9375,-1.653,-1.998,-1.107,-0.1246,-0.0775,0.0,0.0,-0.08435,0.0,-0.03256,-1.292,0.0,1.0,0.0,0.0,0.995,-1.0,-1.0,-2.0,2.154,-1.481,1.0,0.0,0.5,0.0,0.0,0.0,0.0,1.307
-0.1042,-0.1022,-0.1057,2.113,-2.023,-0.511,-0.793,1.617,-1.916,-0.9653,-0.3137,0.1843,-1.0,0.2079,-1.0,-1.0,1.168,0.93,-0.7393,0.0,-0.09595,1.524,0.698,0.2234,-1.632,-0.4905,-1.679,-0.7065,0.7065,0.967,-0.3323,0.0,1.737,-0.1356,-0.07996,0.0,0.0,-0.09,0.0,-0.04712,-1.326,0.0,1.0,0.0,0.0,-0.993,-1.0,-1.5,-2.0,2.309,-1.658,0.0,1.0,0.5,0.0,0.0,0.0,0.0,-1.283
-0.10895,-0.1069,-0.11053,1.935,-1.838,-0.511,-0.793,1.718,-1.682,-0.968,-0.3838,-0.0001692,-1.143,0.198,-1.0,-1.0,1.181,0.9243,-0.7393,0.0,-0.09344,1.839,0.8926,0.3867,-1.472,-0.5205,-1.52,0.0,0.7905,-0.7065,-1.9375,-1.653,-0.912,-0.1426,-0.08276,0.0,0.0,-0.09485,0.0,-0.04733,-1.258,0.0,1.0,0.0,0.0,0.0,-1.0,-1.5,-2.0,2.072,-1.55,0.0,0.0,0.5,0.0,0.0,0.0,0.0,0.0
-0.11194,-0.11,-0.1134,1.279,-1.186,-0.511,-0.793,1.575,-1.022,-0.8286,-0.433,-0.318,-1.143,0.1881,-1.0,-1.0,1.005,0.764,-0.6543,0.0,-0.0909,0.3455,1.036,0.5327,-0.8447,-0.546,-1.424,1.06,0.7964,0.0,0.967,-0.332,-0.7134,-0.1477,-0.08527,0.0,0.0,-0.09924,0.0,-0.02649,-0.92,0.0,0.0,0.0,0.0,0.8174,0.0,-1.0,-1.5,1.446,-0.915,1.0,0.0,0.5,0.0,0.0,0.0,0.0,1.068
-0.1138,-0.112,-0.1151,0.8467,-0.7617,-0.492,-0.793,1.352,-0.576,-0.734,-0.465,-0.3967,-1.143,0.1782,-1.0,-1.0,0.878,0.671,-0.5957,0.0,-0.0884,0.3604,1.139,0.656,-0.405,-0.564,-2.086,0.7163,0.788,1.06,-0.7065,-1.9375,0.874,-0.1482,-0.088,0.0,0.0,-0.1026,0.0,-0.01226,-0.642,0.0,0.0,0.0,0.0,0.6807,1.0,-1.0,-1.0,0.9834,-0.5576,2.0,0.0,0.5,0.0,0.0,0.0,0.0,0.874
-0.1142,-0.1127,-0.1152,0.3296,-0.2615,0.03012,-0.793,1.258,0.04498,-0.5996,-0.506,-1.335,-1.0,0.1683,0.0,-1.0,0.7217,0.5215,-0.513,0.0,-0.0859,1.409,1.185,0.7573,0.1747,-0.581,-1.218,1.002,0.7344,0.7163,0.0,0.9663,-1.997,-0.1462,-0.0893,0.0,0.0,-0.10565,0.0,0.00803,-0.815,0.0,0.0,0.0,0.0,0.7104,1.0,-0.5,-1.0,0.504,-0.05676,3.0,0.0,0.5,0.0,0.0,0.0,0.0,0.9023
-0.1129,-0.1115,-0.1138,-0.2424,0.306,0.6943,-0.793,1.212,0.7334,-0.4253,-0.526,4.86,-0.857,0.1683,0.0,0.0,0.532,0.3276,-0.4062,0.0,-0.0833,1.54,1.171,0.8354,0.878,-0.5947,-1.269,1.274,0.612,1.002,1.059,-0.7065,0.0,-0.1383,-0.08984,0.0,0.0,-0.10864,0.0,0.0343,-0.4185,0.0,0.0,0.0,0.0,1.066,2.0,0.0,-0.5,-0.00863,0.5312,4.0,0.0,0.5,0.0,0.0,0.0,0.0,1.332
-0.1106,-0.1092,-0.11145,-0.5825,0.649,1.157,-0.793,1.167,1.182,-0.3027,-0.531,0.722,-0.7144,0.1683,0.0,0.0,0.402,0.197,-0.3303,0.0,-0.0808,0.9336,1.086,0.883,1.329,-0.5957,-0.3926,0.887,0.4912,1.274,0.7163,0.0,-1.653,-0.1302,-0.0903,0.0,0.0,-0.11084,0.0,0.05295,-0.1375,0.0,0.0,0.0,0.0,0.6597,3.0,0.5,0.0,-0.3335,0.8643,5.0,0.0,0.5,0.0,0.0,0.0,0.0,0.8066
-0.10986,-0.10864,-0.11053,-0.0775,0.1256,1.157,-0.793,1.241,0.7393,-0.452,-0.552,-0.2311,-0.5713,0.1584,0.0,-1.0,0.5625,0.3545,-0.4172,0.0,-0.0783,1.807,0.9517,0.91,0.857,-0.602,-0.0772,-1.001,0.3916,0.887,1.001,1.059,-0.332,-0.123,-0.0915,0.0,0.0,-0.1131,0.0,0.03117,-0.4604,0.0,0.0,0.0,0.0,-0.7188,2.0,0.5,-0.5,0.09753,0.2996,0.0,1.0,0.5,-0.5,0.0,0.0,0.0,-0.866
-0.11163,-0.1104,-0.11237,0.811,-0.77,1.157,-0.793,1.505,-0.1608,-0.7275,-0.5703,-1.013,-0.5713,0.1486,-1.0,-1.0,0.885,0.6484,-0.5806,0.0,-0.07574,3.135,0.793,0.9126,-0.04337,-0.612,1.009,-1.907,0.343,-1.001,1.273,0.716,-1.937,-0.1194,-0.09375,0.0,0.0,-0.11584,0.0,-0.009514,-0.4377,0.0,0.0,0.0,0.0,-2.004,1.0,0.5,-0.5,1.044,-0.4639,0.0,2.0,0.5,-0.5,0.0,0.0,0.0,-2.455
-0.1124,-0.1112,-0.1131,0.4485,-0.403,1.157,-0.793,1.635,0.2118,-0.6357,-0.5835,-8.81,-0.4285,0.1387,0.0,-1.0,0.795,0.5273,-0.5244,0.0,-0.07324,2.496,0.5957,0.8994,0.3445,-0.6216,0.647,0.679,0.3184,-1.907,0.887,1.001,0.9663,-0.11646,-0.09644,0.0,0.0,-0.1173,0.0,0.004147,-0.3162,0.0,0.0,0.0,0.0,0.701,1.0,0.5,0.0,0.646,-0.1636,1.0,0.0,0.5,-0.5,0.0,0.0,0.0,0.8877
-0.1103,-0.10895,-0.11115,-0.518,0.582,1.157,-0.793,1.426,1.2,-0.3325,-0.562,3.457,-0.2856,0.1387,0.0,0.0,0.4558,0.2047,-0.34,0.0,-0.0707,0.2377,0.399,0.8457,1.326,-0.605,1.093,2.2,0.2397,0.679,-1.001,1.273,-0.7065,-0.11066,-0.0981,0.0,0.0,-0.1186,0.0,0.04947,0.2883,0.0,0.0,0.0,0.0,2.375,1.0,1.0,0.5,-0.1841,0.895,2.0,0.0,0.5,-0.5,1.0,0.0,4.234,2.97
-0.1081,-0.10657,-0.1091,-0.5444,0.6187,1.157,-0.793,1.405,1.194,-0.3047,-0.536,0.1382,-0.1428,0.1387,0.0,0.0,0.4255,0.1765,-0.3203,0.0,-0.0682,0.1632,0.1772,0.7554,1.343,-0.5884,1.336,0.2285,0.2146,2.2,-1.907,0.887,0.0,-0.10626,-0.09906,0.0,0.0,-0.11896,0.0,0.05414,0.379,0.0,0.0,0.0,0.0,0.1846,1.0,1.5,1.0,-0.2998,0.832,3.0,0.0,0.5,-0.5,0.0,0.0,0.0,0.2228
-0.1041,-0.10254,-0.1052,-1.078,1.163,1.157,-0.793,1.274,1.682,-0.1018,-0.48,0.5513,0.0,0.1387,0.0,0.0,0.213,-0.02586,-0.1946,0.0,-0.0657,0.657,-0.03296,0.6245,1.872,-0.5547,1.074,1.442,0.2864,0.2285,0.6787,-1.001,1.059,-0.1015,-0.09955,0.0,0.0,-0.1179,0.0,0.085,0.938,1.0,0.0,0.0,0.0,1.347,2.0,1.5,1.5,-0.784,1.389,4.0,0.0,0.5,-0.5,0.0,0.0,0.0,1.619
-0.10095,-0.0992,-0.1022,-0.8413,0.935,1.157,-0.793,1.393,1.344,-0.148,-0.435,-0.06335,0.1428,0.1387,0.0,0.0,0.2686,0.01076,-0.2178,0.0,-0.0631,1.901,-0.193,0.47,1.541,-0.5215,0.998,-0.2593,0.3066,1.442,2.197,-1.907,0.716,-0.09894,-0.0998,0.0,0.0,-0.1176,0.0,0.07904,0.789,1.0,0.0,0.0,0.0,-0.2117,2.0,1.0,1.0,-0.587,1.136,0.0,1.0,0.5,-0.5,0.0,0.0,0.0,-0.2485
-0.1001,-0.09845,-0.10126,-0.0833,0.1637,1.157,-0.793,1.64,0.4014,-0.378,-0.3972,-0.5654,0.2856,0.1387,0.0,0.0,0.5215,0.2341,-0.3523,0.0,-0.0606,1.886,-0.1764,0.3127,0.537,-0.4817,0.7246,-1.514,0.324,-0.2593,0.2285,0.6787,1.001,-0.0975,-0.10095,0.0,0.0,-0.117,0.0,0.0455,0.5854,0.0,0.0,0.0,0.0,-1.299,1.0,0.5,1.0,0.2172,0.4736,0.0,2.0,0.5,-0.5,0.0,0.0,0.0,-1.532
-0.10156,-0.1002,-0.1024,0.691,-0.6367,1.157,-0.793,1.747,-0.535,-0.6245,-0.3738,-1.846,0.2856,0.1287,-1.0,-1.0,0.7925,0.5034,-0.4978,0.0,-0.05807,1.699,-0.08026,0.1538,-0.4202,-0.4592,0.1703,-1.68,0.319,-1.514,1.441,2.197,1.273,-0.0956,-0.1034,0.0,0.0,-0.1175,0.0,0.00915,0.265,0.0,0.0,0.0,0.0,-2.002,0.0,0.0,1.0,1.003,-0.2537,0.0,3.0,0.5,-0.5,0.0,0.0,0.0,-2.42
-0.10144,-0.1002,-0.1021,0.1343,-0.08673,1.157,-0.793,1.784,-0.0881,-0.4683,-0.349,-1.024,0.4285,0.11884,0.0,-1.0,0.6284,0.3208,-0.4019,0.0,-0.05554,1.14,0.0401,0.041,0.02316,-0.4407,-0.3496,1.14,0.3228,-1.68,-0.2593,0.2285,0.8867,-0.09283,-0.1052,0.0,0.0,-0.11615,0.0,0.03268,0.2798,0.0,0.0,0.0,0.0,0.875,0.0,0.0,1.0,0.5,0.3113,1.0,0.0,0.5,-0.5,0.0,0.0,0.0,1.089
-0.10034,-0.0993,-0.10095,-0.1799,0.2205,1.157,-0.793,1.766,0.1597,-0.37,-0.3252,10.195,0.5713,0.11884,0.0,0.0,0.5244,0.2135,-0.34,0.0,-0.05304,0.562,0.1641,-0.03104,0.2554,-0.4194,0.138,0.7197,0.3318,1.14,-1.513,1.441,-1.001,-0.09283,-0.1064,0.0,0.0,-0.1141,0.0,0.04773,0.2844,0.0,0.0,0.0,0.0,0.7188,0.0,0.5,1.0,0.191,0.5996,2.0,0.0,0.5,-0.5,0.0,0.0,0.0,0.878
-0.09973,-0.09875,-0.1002,-0.0321,0.06494,1.157,-0.551,1.75,-0.03357,-0.411,-0.3105,-0.6284,0.5713,0.11884,0.0,0.0,0.5654,0.26,-0.3633,0.0,-0.0505,0.6055,0.259,-0.0508,0.0793,-0.4114,1.181,-0.2666,0.257,0.7197,-1.68,-0.2593,-1.906,-0.0938,-0.107,0.0,0.0,-0.1109,0.0,0.0417,0.1211,0.0,0.0,0.0,0.0,-0.281,0.0,0.5,0.5,0.284,0.3958,0.0,1.0,0.5,-0.5,0.0,0.0,0.0,-0.339
-0.10114,-0.10016,-0.1017,0.6606,-0.632,1.157,-0.551,1.804,-0.7334,-0.627,-0.3213,-9.266,0.4285,0.1089,-1.0,-1.0,0.8003,0.501,-0.4922,0.0,-0.04797,1.115,0.3132,-0.0367,-0.6475,-0.4116,0.9697,-1.492,0.2023,-0.2666,1.139,-1.513,0.6787,-0.1005,-0.10785,0.0,0.0,-0.1094,0.0,0.009514,-0.2832,0.0,0.0,0.0,0.0,-1.312,0.0,0.0,0.0,0.977,-0.2465,0.0,2.0,0.5,-0.5,0.0,0.0,0.0,-1.59
-0.1035,-0.10236,-0.1041,0.9937,-0.96,1.157,-0.551,1.855,-1.038,-0.743,-0.3474,0.683,0.2856,0.099,-1.0,-1.0,0.9336,0.634,-0.5615,0.0,-0.04544,-0.06244,0.319,-0.01169,-0.929,-0.4324,-0.1337,-0.824,0.1169,-1.492,0.719,-1.68,2.197,-0.10834,-0.10986,0.0,0.0,-0.108,0.0,-0.00801,-0.532,0.0,0.0,0.0,0.0,-1.057,0.0,-0.5,-0.5,1.282,-0.5796,0.0,3.0,0.5,-0.5,0.0,1.0,-3.82,-1.313
-0.10657,-0.1053,-0.1073,1.257,-1.215,1.157,-0.551,1.8125,-1.304,-0.8447,-0.3708,0.4595,0.1428,0.0891,-1.0,-1.0,1.045,0.761,-0.6226,0.0,-0.04294,0.912,0.288,0.007782,-1.199,-0.4463,-0.39,-0.7295,0.04456,-0.824,-0.2666,1.139,0.2284,-0.11444,-0.11176,0.0,0.0,-0.10706,0.0,-0.02328,-0.4941,0.0,0.0,0.0,0.0,-0.701,-1.0,-1.0,-0.5,1.466,-0.9004,0.0,4.0,0.5,-0.5,0.0,0.0,0.0,-0.884
-0.1095,-0.1083,-0.1102,1.221,-1.183,1.157,-0.5547,1.549,-1.353,-0.866,-0.378,0.1875,0.1428,0.0792,-1.0,-1.0,1.046,0.8125,-0.6343,0.0,-0.0404,0.5015,0.2216,0.02264,-1.262,-0.4475,-1.341,-0.1477,0.03345,-0.7295,-1.492,0.719,1.441,-0.11755,-0.1134,0.0,0.0,-0.1069,0.0,-0.02644,-0.2439,0.0,0.0,0.0,0.0,-0.0969,-2.0,-1.5,-0.5,1.408,-0.8945,0.0,5.0,0.5,0.0,0.0,0.0,0.0,-0.1237
-0.11035,-0.10913,-0.111,0.4707,-0.4282,1.157,-0.5547,1.378,-0.673,-0.67,-0.3792,-0.4592,0.0,0.06934,-1.0,-1.0,0.809,0.5923,-0.5156,0.0,-0.03787,1.516,0.10876,0.03375,-0.6333,-0.4387,-1.468,1.454,0.006405,-0.1477,-0.8237,-0.2666,-0.2593,-0.1201,-0.1148,0.0,0.0,-0.1062,0.0,0.00292,-0.12103,0.0,0.0,0.0,0.0,0.708,-1.0,-1.0,-0.5,0.656,-0.2007,1.0,0.0,0.5,0.0,0.0,0.0,0.0,0.906
-0.1122,-0.11096,-0.1129,0.831,-0.79,1.157,-0.5547,1.354,-0.986,-0.791,-0.4082,0.7583,-0.1428,0.05942,-1.0,-1.0,0.9424,0.7393,-0.587,0.0,-0.03534,0.2495,-0.02672,0.02737,-0.9424,-0.4568,-0.829,-0.854,0.03018,1.454,-0.7295,-1.491,-1.513,-0.1257,-0.11566,0.0,0.0,-0.1068,0.0,-0.01508,-0.646,0.0,0.0,0.0,0.0,-0.8433,-1.0,-1.0,-1.0,1.031,-0.5176,0.0,1.0,0.5,0.0,0.0,0.0,0.0,-1.054
-0.112,-0.1108,-0.1127,0.1101,-0.0637,1.157,-0.5547,1.321,-0.2164,-0.587,-0.4255,-0.826,-0.2856,0.0495,-1.0,-1.0,0.7134,0.5005,-0.4636,0.0,-0.03284,0.7686,-0.182,0.007248,-0.1914,-0.4653,-0.08466,1.493,0.02994,-0.854,-0.1477,-0.8237,-1.679,-0.128,-0.1158,0.0,0.0,-0.1073,0.0,0.015366,-0.407,0.0,0.0,0.0,0.0,0.8228,0.0,-0.5,-1.0,0.345,0.1901,1.0,0.0,0.5,0.0,0.0,0.0,0.0,1.043
-0.1111,-0.1101,-0.1116,-0.1182,0.1514,0.953,-0.5547,1.3,0.1313,-0.516,-0.453,-3.623,-0.2856,0.0396,0.0,-1.0,0.6357,0.4211,-0.4194,0.0,-0.0303,0.836,-0.3025,-0.02132,0.144,-0.4805,-0.649,0.52,0.013985,1.493,1.453,-0.729,1.139,-0.1263,-0.115,0.0,0.0,-0.108,0.0,0.02608,-0.5913,0.0,0.0,0.0,0.0,0.3997,1.0,-0.5,-1.0,0.1473,0.4207,2.0,0.0,0.5,0.0,0.0,0.0,0.0,0.4941
-0.1113,-0.11066,-0.11145,0.2295,-0.2229,0.953,-0.5547,1.136,-0.1289,-0.6255,-0.485,-1.015,-0.4285,0.02971,-1.0,-1.0,0.739,0.563,-0.4834,0.0,-0.02777,-0.4,-0.3472,-0.06027,-0.12305,-0.498,-1.036,-0.748,0.01516,0.52,-0.854,-0.1476,0.719,-0.1246,-0.1144,0.0,0.0,-0.1085,0.0,0.010025,-0.655,0.0,0.0,0.0,0.0,-0.6177,1.0,-1.0,-1.0,0.4456,0.01952,0.0,1.0,0.5,0.0,0.0,0.0,0.0,-0.7573
-0.1122,-0.1117,-0.11224,0.4692,-0.475,0.953,-0.5547,0.9443,-0.3306,-0.707,-0.5073,14.88,-0.5713,0.0198,-1.0,-1.0,0.811,0.6772,-0.531,0.0,-0.02525,0.5674,-0.3064,-0.1128,-0.331,-0.51,-0.9824,-0.5615,-0.0002213,-0.748,1.493,1.453,-0.2666,-0.1225,-0.11316,0.0,0.0,-0.10815,0.0,-0.001943,-0.5137,0.0,0.0,0.0,0.0,-0.497,0.0,-1.0,-1.0,0.617,-0.2878,0.0,2.0,0.5,0.0,0.0,1.0,-1.987,-0.617
-0.1123,-0.1118,-0.11224,0.1816,-0.1871,0.953,-0.5547,0.7847,-0.05463,-0.6294,-0.5093,-1.262,-0.4285,0.0099,0.0,-1.0,0.712,0.6016,-0.4824,0.0,-0.02272,0.2146,-0.254,-0.1849,-0.02353,-0.5146,-0.2979,0.58,-0.00746,-0.5615,0.52,-0.854,-1.491,-0.119,-0.11206,0.0,0.0,-0.1078,0.0,0.00992,-0.10175,0.0,0.0,0.0,0.0,0.3506,1.0,-0.5,-0.5,0.3164,-0.03665,1.0,0.0,0.5,0.0,0.0,0.0,0.0,0.4392
-0.111,-0.1106,-0.111,-0.2642,0.2622,0.953,-0.5547,0.6714,0.4436,-0.4917,-0.513,9.17,-0.4285,0.0,0.0,-1.0,0.553,0.4536,-0.3962,0.0,-0.0202,0.964,-0.212,-0.2505,0.4941,-0.5186,0.132,1.019,-0.01938,0.58,-0.7476,1.492,-0.8237,-0.11633,-0.1102,0.0,0.0,-0.1082,0.0,0.03104,-0.1246,0.0,0.0,0.0,0.0,0.6914,1.0,0.0,-0.5,-0.09125,0.4194,2.0,0.0,0.5,0.0,0.0,0.0,0.0,0.858
-0.10925,-0.10876,-0.1092,-0.4517,0.4512,0.953,-0.5547,0.6543,0.7114,-0.422,-0.5195,0.6685,-0.4285,0.0,0.0,0.0,0.4788,0.3772,-0.351,0.0,-0.01767,0.635,-0.1995,-0.3079,0.762,-0.52,0.6025,0.5264,-0.02911,1.019,-0.5615,0.52,-0.729,-0.111,-0.10815,0.0,0.0,-0.10846,0.0,0.042,-0.1637,0.0,0.0,0.0,0.0,0.4868,1.0,0.5,-0.5,-0.2566,0.618,3.0,0.0,0.5,0.0,0.0,0.0,0.0,0.594
-0.1064,-0.10583,-0.10645,-0.7695,0.7803,0.1543,-0.5547,0.621,1.122,-0.3008,-0.5156,0.688,-0.4285,0.0,0.0,0.0,0.3513,0.2472,-0.274,0.0,-0.01515,0.9927,-0.2257,-0.3406,1.142,-0.509,0.8423,0.8906,-0.08,0.5264,0.58,-0.7476,-0.1476,-0.1067,-0.10614,0.0,0.0,-0.10913,0.0,0.0608,0.06366,0.0,0.0,0.0,0.0,1.06,2.0,1.0,0.0,-0.5947,0.901,4.0,0.0,0.5,0.0,0.0,0.0,0.0,1.282
-0.1027,-0.102,-0.10297,-1.023,1.051,0.5854,-0.5547,0.5166,1.418,-0.1871,-0.49,0.4053,-0.2856,0.0,0.0,0.0,0.2286,0.1359,-0.2012,0.0,-0.01263,0.2107,-0.282,-0.3574,1.401,-0.482,0.3357,0.8276,-0.0678,0.8906,1.018,-0.561,1.453,-0.10175,-0.104,0.0,0.0,-0.109,0.0,0.0784,0.557,0.0,0.0,0.0,0.0,1.111,3.0,1.0,0.5,-0.842,1.159,5.0,0.0,0.0,0.0,0.0,0.0,0.0,1.324
-0.09985,-0.09906,-0.10016,-0.7715,0.8,0.5854,-0.5547,0.4634,1.108,-0.2426,-0.4602,-0.07806,-0.1428,0.0,0.0,0.0,0.2788,0.1997,-0.2299,0.0,-0.0101,0.1192,-0.2993,-0.3564,1.037,-0.447,0.9644,-0.3215,-0.01199,0.8276,0.5264,0.5796,-0.8535,-0.096,-0.1025,0.0,0.0,-0.10803,0.0,0.07104,0.6904,0.0,0.0,0.0,0.0,-0.3174,2.0,1.0,0.5,-0.6255,0.888,0.0,1.0,0.0,0.0,0.0,0.0,0.0,-0.373
-0.0953,-0.09436,-0.09576,-1.279,1.322,0.5854,-0.5547,0.405,1.619,-0.03973,-0.4104,0.6,0.0,0.0,0.0,0.0,0.07556,-0.006447,-0.102,0.0,-0.007576,0.6055,-0.2483,-0.3386,1.549,-0.4104,0.4292,1.442,0.1261,-0.3215,0.8906,1.018,1.492,-0.0863,-0.1009,0.0,0.0,-0.10486,0.0,0.1025,1.07,1.0,0.0,0.0,0.0,1.325,2.0,1.0,1.0,-1.047,1.467,1.0,0.0,0.0,0.0,0.0,0.0,0.0,1.566
-0.0902,-0.0892,-0.0907,-1.436,1.485,0.5854,-0.5547,0.3276,1.731,0.05835,-0.3525,0.2142,0.1428,0.0,0.0,0.0,-0.02394,-0.098,-0.03696,0.0,-0.00505,-0.2583,-0.1416,-0.2983,1.71,-0.3752,0.3806,0.7163,0.286,1.442,0.827,0.526,0.52,-0.0762,-0.0993,0.0,0.0,-0.1019,0.0,0.11835,1.178,1.0,0.0,0.0,0.0,0.5894,2.0,1.0,1.5,-1.231,1.586,2.0,0.0,0.0,0.0,0.0,0.0,0.0,0.68
-0.08276,-0.0814,-0.0836,-1.631,1.803,0.7397,-0.5547,0.2637,1.907,0.349,-0.2878,0.583,0.2856,0.0,0.0,0.0,-0.2925,-0.373,0.145,0.0,-0.002525,0.4382,0.0933,-0.1852,1.872,-0.2976,1.004,1.9795,0.553,0.7163,-0.3215,0.89,-0.7476,-0.0639,-0.0963,0.0,0.0,-0.098,0.0,0.1628,1.231,1.0,0.0,0.0,0.0,4.1,2.0,1.5,1.5,-1.384,2.045,3.0,0.0,0.0,0.0,1.0,0.0,4.234,4.676
-0.0722,-0.0702,-0.0737,-1.631,1.803,2.13,-0.5547,0.338,1.907,0.755,-0.1888,0.559,0.4285,0.0,0.0,0.0,-0.627,-0.745,0.3984,0.0,0.0,2.303,0.48,0.0372,1.872,-0.1904,1.677,2.549,0.976,1.9795,1.442,0.827,-0.561,-0.04694,-0.09106,0.0,0.0,-0.0919,0.0,0.225,1.478,1.0,0.0,0.0,0.0,5.9,2.0,1.5,2.0,-1.384,2.045,4.0,0.0,0.0,0.0,0.0,0.0,0.0,5.766
-0.0628,-0.06046,-0.06464,-1.631,1.803,2.13,-0.5547,0.333,1.907,0.7246,-0.1041,0.00947,0.5713,0.0,0.0,0.0,-0.603,-0.7188,0.3875,0.0,0.002525,0.3467,0.868,0.2854,1.872,-0.11676,1.947,-0.11115,1.259,2.549,0.7163,-0.3213,0.5796,-0.03195,-0.0862,0.0,0.0,-0.08484,0.0,0.2216,1.478,1.0,0.0,0.0,0.0,-0.2163,2.0,1.5,1.5,-1.384,2.045,0.0,1.0,0.0,0.0,0.0,0.0,0.0,-0.2285
-0.05545,-0.05295,-0.05743,-1.631,1.803,2.13,-0.5547,0.3726,1.907,0.591,-0.0316,-0.1095,0.5713,0.0,0.0,0.0,-0.4895,-0.6045,0.3125,0.0,0.00505,0.6577,1.208,0.524,1.863,-0.0652,1.954,-0.7573,1.402,-0.11115,1.9795,1.441,1.018,-0.02031,-0.0827,0.0,0.0,-0.0779,0.0,0.2026,1.252,1.0,0.0,0.0,0.0,-1.138,1.0,1.0,1.0,-1.384,2.045,0.0,2.0,0.0,0.0,0.0,0.0,0.0,-1.204
-0.04837,-0.04584,-0.0504,-1.631,1.803,2.13,-0.5547,0.3618,1.907,0.624,0.0509,0.05234,0.7144,0.0,0.0,0.0,-0.5176,-0.633,0.339,0.0,0.007576,-0.4092,1.488,0.7437,1.767,-0.02217,2.111,0.2708,1.489,-0.7573,2.547,0.716,0.526,-0.007416,-0.07916,0.0,0.0,-0.0701,0.0,0.2089,1.475,1.0,0.0,0.0,0.0,0.267,1.0,1.0,1.5,-1.384,2.045,1.0,0.0,0.0,0.0,0.0,0.0,0.0,0.2864
-0.0425,-0.0402,-0.0443,-1.523,1.657,2.13,0.551,0.3,1.576,0.5566,0.1344,-0.1161,0.857,0.0,0.0,0.0,-0.4673,-0.567,0.305,0.0,0.0101,-0.4185,1.724,0.9556,1.331,0.02553,2.06,-0.3481,1.507,0.2708,-0.11115,1.979,0.89,0.001804,-0.0765,0.0,0.0,-0.0626,0.0,0.2001,1.478,1.0,0.0,0.0,0.0,-0.3264,0.0,0.5,1.5,-1.282,1.79,0.0,1.0,0.0,0.0,0.0,0.0,0.0,-0.3484
-0.0373,-0.03503,-0.039,-1.337,1.464,2.13,0.551,0.405,1.236,0.535,0.2106,-0.0774,0.857,0.0,0.0,0.0,-0.4397,-0.5576,0.2993,0.0,0.01263,1.149,1.901,1.154,1.093,0.0652,1.97,-0.0565,1.531,-0.3481,-0.7573,2.547,0.827,0.00942,-0.0737,0.0,0.0,-0.0561,0.0,0.1984,1.474,1.0,0.0,0.0,0.0,-0.077,-1.0,0.0,1.0,-1.149,1.553,0.0,2.0,0.0,0.0,0.0,0.0,0.0,-0.0827
-0.03418,-0.03204,-0.0358,-0.729,0.8447,2.13,0.4578,0.5825,0.4531,0.3499,0.2659,-0.4924,0.857,0.0,0.0,0.0,-0.265,-0.4045,0.1935,0.0,0.01515,1.011,2.004,1.325,0.4016,0.09296,2.45,-1.085,1.455,-0.0565,0.2708,-0.11115,-0.3213,0.01052,-0.0708,0.0,0.0,-0.04984,0.0,0.1716,1.057,1.0,0.0,0.0,0.0,-1.754,-1.0,0.0,0.5,-0.54,0.983,0.0,3.0,0.0,0.0,0.0,0.0,0.0,-1.885
-0.03226,-0.03044,-0.0336,-0.38,0.4734,2.13,0.1384,0.614,-0.0391,0.241,0.3098,-0.807,0.857,0.0,0.0,0.0,-0.1654,-0.3042,0.1339,0.0,0.01767,0.2072,2.027,1.47,-0.03854,0.1195,1.928,-0.6216,1.393,-1.085,-0.348,-0.757,1.441,0.004528,-0.0674,0.0,0.0,-0.04504,0.0,0.1567,0.832,1.0,0.0,0.0,0.0,-0.4075,-1.0,-0.5,0.0,-0.211,0.617,0.0,4.0,0.0,0.0,0.0,0.0,0.0,-0.4458
-0.03062,-0.02916,-0.0316,-0.3108,0.3804,2.13,0.10846,0.5063,-0.2164,0.2214,0.3452,-2.414,0.7144,0.0,-1.0,0.0,-0.1575,-0.2751,0.1284,0.0,0.0202,-0.418,1.985,1.591,-0.224,0.1511,1.675,-0.05817,1.329,-0.6216,-0.05646,0.2705,0.716,-0.001344,-0.0646,0.0,0.0,-0.04065,0.0,0.155,0.721,0.0,0.0,0.0,0.0,-0.05576,-2.0,-1.0,-0.5,-0.1727,0.4958,0.0,5.0,0.0,0.0,0.0,0.0,0.0,-0.06168
-0.02893,-0.02771,-0.02963,-0.3367,0.3901,2.13,0.10846,0.476,-0.2686,0.2346,0.3743,0.7085,0.5713,0.0,-1.0,0.0,-0.172,-0.285,0.1427,0.0,0.02272,-0.1548,1.894,1.684,-0.3054,0.1824,0.6665,0.1514,1.215,-0.05817,-1.085,-0.348,1.979,-0.00519,-0.06198,0.0,0.0,-0.03564,0.0,0.1583,0.6396,0.0,0.0,0.0,0.0,0.1361,-1.0,-1.0,-0.5,-0.1986,0.504,1.0,0.0,0.0,0.0,0.0,0.0,0.0,0.1506
-0.02655,-0.02568,-0.02689,-0.549,0.5806,2.13,0.10846,0.4658,-0.1421,0.313,0.4116,-0.7607,0.4285,0.0,-1.0,0.0,-0.2428,-0.3586,0.1979,0.0,0.02525,0.1578,1.749,1.741,-0.1388,0.2053,-0.8813,0.581,1.046,0.1514,-0.6216,-0.05646,2.547,-0.00839,-0.05896,0.0,0.0,-0.0298,0.0,0.1718,0.804,1.0,0.0,0.0,0.0,0.4724,0.0,-1.0,0.0,-0.4294,0.657,2.0,0.0,0.0,0.0,0.0,0.0,0.0,0.5215
-0.025,-0.02438,-0.02509,-0.308,0.322,2.13,0.10846,0.507,-0.4392,0.2372,0.431,12.21,0.2856,0.0,-1.0,0.0,-0.1716,-0.2903,0.1582,0.0,0.02777,0.73,1.542,1.762,-0.4146,0.2207,-0.9365,-0.4143,0.8584,0.581,-0.05817,-1.085,-0.1111,-0.01171,-0.05548,0.0,0.0,-0.02466,0.0,0.1616,0.4895,0.0,0.0,0.0,0.0,-0.397,0.0,-1.0,-0.5,-0.2095,0.395,0.0,1.0,0.0,0.0,0.0,0.0,0.0,-0.434
-0.02322,-0.02283,-0.02309,-0.3806,0.381,2.13,0.10846,0.503,-0.3945,0.2659,0.4458,-0.007755,0.1428,0.0,-1.0,0.0,-0.1978,-0.3176,0.1825,0.0,0.0303,-0.2258,1.251,1.738,-0.3416,0.2308,-0.619,0.255,0.691,-0.4143,0.1514,-0.6216,-0.757,-0.01436,-0.0515,0.0,0.0,-0.02002,0.0,0.1674,0.4153,0.0,0.0,0.0,0.0,0.289,1.0,-0.5,-0.5,-0.3586,0.365,1.0,0.0,0.0,0.0,0.0,0.0,0.0,0.3184
-0.01991,-0.01956,-0.01976,-0.826,0.8296,2.13,0.10846,0.463,0.11707,0.435,0.4521,-1.865,0.1428,0.0,0.0,0.0,-0.3496,-0.4724,0.2937,0.0,0.03284,1.319,0.9653,1.674,0.1436,0.2461,-0.86,1.165,0.5327,0.255,0.5806,-0.05817,0.2705,-0.012085,-0.0466,0.0,0.0,-0.014854,0.0,0.1945,0.2698,0.0,0.0,0.0,0.0,1.559,2.0,-0.5,-0.5,-0.8555,0.723,2.0,0.0,0.0,0.0,0.0,0.0,0.0,1.709
-0.01886,-0.01862,-0.01859,-0.1685,0.1572,2.13,0.10846,0.4072,-0.4434,0.2183,0.4165,-2.504,0.0,0.0,-1.0,0.0,-0.1635,-0.2627,0.167,0.0,0.03534,0.898,0.742,1.557,-0.4312,0.2333,-0.679,-1.302,0.3694,1.165,-0.414,0.1514,-0.348,-0.01134,-0.0423,0.0,0.0,-0.01132,0.0,0.1628,-0.8867,0.0,0.0,0.0,0.0,-1.075,1.0,-0.5,-1.0,-0.1708,0.1313,0.0,1.0,0.0,0.0,0.0,0.0,0.0,-1.157
-0.01799,-0.01785,-0.01762,-0.11597,0.0976,2.13,0.10846,0.3943,-0.3901,0.1998,0.383,-0.03525,-0.1428,0.0,-1.0,0.0,-0.1481,-0.2435,0.1615,0.0,0.03787,0.246,0.537,1.395,-0.3408,0.209,-0.7295,-0.05783,0.2269,-1.302,0.255,0.5806,-0.05646,-0.01059,-0.03867,0.0,0.0,-0.008415,0.0,0.1613,-0.8745,0.0,0.0,0.0,0.0,-0.05286,0.0,-0.5,-1.0,-0.1567,0.03387,0.0,2.0,0.0,0.0,0.0,0.0,0.0,-0.05814
-0.01743,-0.01735,-0.017,-0.02664,0.003584,2.13,0.10846,0.3086,-0.4036,0.1676,0.3564,0.1967,-0.2856,0.0,-1.0,0.0,-0.1263,-0.204,0.1472,0.0,0.0404,-0.312,0.3372,1.199,-0.3428,0.1946,-0.168,-0.1505,0.01436,-0.05783,1.165,-0.414,-1.085,-0.01049,-0.03476,0.0,0.0,-0.00539,0.0,0.1575,-0.729,0.0,0.0,0.0,0.0,-0.08264,0.0,-0.5,-1.0,-0.07794,-0.06464,0.0,3.0,0.0,0.0,0.0,0.0,0.0,-0.091
-0.01881,-0.01868,-0.01845,0.5806,-0.607,2.13,-0.2263,0.449,-0.928,-0.04218,0.3137,2.139,-0.4285,0.0,-1.0,0.0,0.08185,-0.008125,0.02258,0.0,0.04294,0.639,0.1411,0.9697,-0.882,0.1754,0.1669,-1.312,-0.07294,-0.1505,-1.301,0.255,-0.6216,-0.01446,-0.03214,0.0,0.0,-0.00439,0.0,0.1263,-1.116,0.0,1.0,0.0,0.0,-1.373,-1.0,-0.5,-1.5,0.543,-0.613,0.0,4.0,0.0,0.0,0.0,0.0,0.0,-1.515
-0.01952,-0.01938,-0.01915,0.3647,-0.3887,2.13,-0.2263,0.508,-0.653,0.007446,0.278,-0.2284,-0.5713,0.0,-1.0,0.0,0.03998,-0.06415,0.05896,0.0,0.04544,0.4832,-0.01675,0.699,-0.623,0.1602,0.1326,0.3916,-0.133,-1.312,-0.05783,1.165,-0.05814,-0.01671,-0.02959,0.0,0.0,-0.003624,0.0,0.1351,-0.8955,0.0,0.0,0.0,0.0,0.325,-1.0,0.0,-1.0,0.3572,-0.379,1.0,0.0,0.0,0.0,0.0,0.0,0.0,0.3667
-0.02005,-0.02,-0.01958,0.3093,-0.3394,2.13,-0.2263,0.3567,-0.534,0.00977,0.2445,-0.09937,-0.7144,0.0,-1.0,0.0,0.02425,-0.05203,0.0656,0.0,0.04797,-0.4065,-0.12274,0.4365,-0.5,0.142,0.002792,0.07074,-0.10657,0.3916,-0.1505,-1.301,0.1514,-0.01936,-0.02664,0.0,0.0,-0.00426,0.0,0.1366,-0.857,0.0,0.0,0.0,0.0,0.04553,0.0,0.0,-0.5,0.253,-0.3872,2.0,0.0,0.0,0.0,0.0,0.0,0.0,0.05106
-0.02101,-0.02095,-0.02055,0.4412,-0.472,-0.6772,-0.2263,0.252,-0.636,-0.04678,0.2207,0.4097,-0.857,0.0,-1.0,0.0,0.0686,0.01543,0.03473,0.0,0.0505,0.9854,-0.1852,0.2394,-0.6245,0.1351,-0.3806,-0.3298,-0.1316,0.07074,-1.312,-0.05783,0.5806,-0.02522,-0.02362,0.0,0.0,-0.007175,0.0,0.1287,-0.682,0.0,0.0,0.0,0.0,-0.3054,0.0,-0.5,-0.5,0.3608,-0.5356,0.0,1.0,0.0,0.0,0.0,0.0,0.0,-0.342
-0.02177,-0.02168,-0.02135,0.3823,-0.4104,-0.6772,-0.2263,0.2366,-0.568,-0.04358,0.2035,-9.215e-05,-1.0,0.0,-1.0,0.0,0.06415,0.01361,0.04132,0.0,0.05304,0.3936,-0.1953,0.083,-0.549,0.1266,-0.2379,0.07104,-0.175,-0.3298,0.3916,-0.1505,-0.414,-0.02808,-0.02081,0.0,0.0,-0.00995,0.0,0.1299,-0.4832,0.0,0.0,0.0,0.0,0.0953,1.0,0.0,0.0,0.3054,-0.4749,1.0,0.0,0.0,0.0,0.0,0.0,0.0,0.10724
-0.02156,-0.02145,-0.02113,0.0789,-0.1026,-0.6772,-0.2263,0.2394,-0.2494,0.0448,0.1936,-0.6284,-1.0,0.0,-1.0,0.0,-0.01915,-0.07605,0.1009,0.0,0.05554,-0.11383,-0.1648,-0.04803,-0.2245,0.12274,-0.4573,0.6387,-0.2081,0.07104,0.07074,-1.312,0.2546,-0.02945,-0.01814,0.0,0.0,-0.01165,0.0,0.1443,-0.2319,0.0,0.0,0.0,0.0,0.822,2.0,0.0,0.5,0.04465,-0.144,2.0,0.0,0.0,0.0,0.0,0.0,0.0,0.924
-0.02106,-0.02095,-0.02063,-0.007275,-0.01563,-0.6772,-0.2263,0.223,-0.1384,0.06964,0.1847,-0.7637,-1.0,0.0,-1.0,0.0,-0.04382,-0.0993,0.1207,0.0,0.05807,-0.244,-0.12366,-0.1553,-0.1046,0.11914,-1.187,0.2107,-0.2742,0.6387,-0.3296,0.3916,1.165,-0.03004,-0.01562,0.0,0.0,-0.0134,0.0,0.1489,-0.2124,0.0,0.0,0.0,0.0,0.2445,2.0,0.0,0.5,-0.0561,-0.07965,3.0,0.0,0.0,0.0,0.0,0.0,0.0,0.272
-0.01897,-0.01884,-0.01857,-0.4792,0.464,-0.348,-0.2263,0.2323,0.4048,0.233,0.1803,-17.1,-0.857,0.0,0.0,0.0,-0.1925,-0.26,0.2277,0.0,0.0606,-0.0813,-0.1085,-0.2284,0.3936,0.129,-0.5186,1.131,-0.3147,0.2107,0.07104,0.07074,-1.301,-0.0254,-0.01293,0.0,0.0,-0.014015,0.0,0.1749,-0.0437,0.0,0.0,0.0,0.0,1.798,2.0,0.5,0.5,-0.4653,0.4316,4.0,0.0,0.0,0.0,1.0,0.0,3.016,1.992
-0.01581,-0.01559,-0.015526,-0.7817,0.777,0.0995,-0.2263,0.1802,0.7754,0.356,0.1884,0.9243,-0.7144,0.0,0.0,0.0,-0.3062,-0.3716,0.3103,0.0,0.0631,0.5674,-0.1263,-0.2756,0.7173,0.1486,-0.4478,0.8584,-0.3066,1.131,0.6387,-0.3296,-0.0578,-0.01971,-0.01019,0.0,0.0,-0.01392,0.0,0.1948,0.3145,0.0,0.0,0.0,0.0,1.679,3.0,1.0,1.0,-0.7236,0.7695,5.0,0.0,0.0,0.0,0.0,0.0,0.0,1.826
-0.01461,-0.014336,-0.01437,-0.2098,0.2017,0.0995,-0.2263,0.3496,0.2091,0.1733,0.1823,-0.5547,-0.5713,0.0,0.0,0.0,-0.1279,-0.2135,0.2023,0.0,0.0657,0.265,-0.1664,-0.3044,0.1536,0.151,-0.2695,-1.105,-0.3047,0.8584,0.2106,0.07104,-0.1504,-0.01662,-0.00788,0.0,0.0,-0.013855,0.0,0.1677,-0.0844,0.0,0.0,0.0,0.0,-1.318,2.0,1.0,0.5,-0.188,0.1987,0.0,1.0,0.0,0.0,0.0,0.0,0.0,-1.414
-0.013794,-0.01364,-0.013435,-0.0987,0.08154,0.0995,-0.2263,0.2505,0.1586,0.1368,0.1627,-0.02798,-0.5713,0.0,0.0,0.0,-0.1035,-0.1683,0.1847,0.0,0.0682,0.1771,-0.2515,-0.3162,0.08124,0.1475,0.524,-0.184,-0.3018,-1.105,1.131,0.6387,-1.311,-0.013214,-0.006348,0.0,0.0,-0.01345,0.0,0.1631,-0.466,0.0,0.0,0.0,0.0,-0.1344,1.0,1.0,0.0,-0.1398,0.0189,0.0,2.0,0.0,0.0,0.0,0.0,0.0,-0.147
-0.01371,-0.01358,-0.01333,0.12256,-0.1437,0.0995,-0.2263,0.212,-0.05475,0.0611,0.1536,-0.712,-0.4285,0.0,0.0,0.0,-0.03683,-0.0897,0.1416,0.0,0.0707,0.5957,-0.3442,-0.315,-0.1353,0.1469,0.401,-0.4497,-0.3025,-0.184,0.8584,0.2106,0.3914,-0.01094,-0.00539,0.0,0.0,-0.01334,0.0,0.1522,-0.2235,0.0,0.0,0.0,0.0,-0.4377,0.0,0.5,0.0,0.0897,-0.1802,0.0,3.0,0.0,0.0,0.0,0.0,0.0,-0.48
-0.01611,-0.01587,-0.01584,0.9043,-0.9272,0.0995,-0.548,0.395,-0.8286,-0.203,0.129,-13.914,-0.4285,0.0,-1.0,0.0,0.2333,0.1642,-0.02042,0.0,0.07324,1.621,-0.414,-0.3113,-0.94,0.1421,0.411,-1.708,-0.2458,-0.4497,-1.105,1.131,0.0707,-0.01369,-0.006275,0.0,0.0,-0.01465,0.0,0.1118,-0.6367,0.0,0.0,0.0,0.0,-1.473,-1.0,0.0,0.0,0.907,-0.8643,0.0,4.0,0.0,0.0,0.0,0.0,0.0,-1.626
-0.01726,-0.01698,-0.01701,0.507,-0.5234,0.0995,-0.548,0.4028,-0.4426,-0.1006,0.113,-0.4504,-0.4285,0.0,-1.0,0.0,0.1338,0.05634,0.04684,0.0,0.07574,0.1216,-0.4775,-0.3135,-0.563,0.1353,0.547,0.7295,-0.2375,-1.708,-0.184,0.858,-0.3296,-0.01536,-0.008156,0.0,0.0,-0.01587,0.0,0.1282,-0.396,0.0,0.0,0.0,0.0,0.687,-1.0,0.5,0.5,0.4995,-0.5024,1.0,0.0,0.0,0.0,0.0,0.0,0.0,0.7812
-0.02269,-0.02188,-0.02298,1.945,-1.941,0.0995,-0.548,0.9536,-1.847,-0.564,0.0805,4.844,-0.4285,-0.0099,-1.0,-1.0,0.656,0.5093,-0.241,0.0,0.0783,3.135,-0.478,-0.312,-1.884,0.1027,0.5137,-2.514,-0.02022,0.7295,-0.4497,-1.105,0.07104,-0.02599,-0.01152,0.0,0.0,-0.01906,0.0,0.0564,-0.7095,0.0,0.0,0.0,0.0,-6.1,-1.0,0.0,0.5,1.99,-1.751,0.0,1.0,0.0,0.0,0.0,0.0,0.0,-5.477
-0.0253,-0.02435,-0.02573,1.002,-0.98,0.0995,-0.548,0.957,-1.005,-0.3274,0.05936,-0.3901,-0.4285,-0.0099,-1.0,0.0,0.4084,0.244,-0.08984,0.0,0.0808,0.2747,-0.4465,-0.319,-1.049,0.0909,-0.02142,1.707,0.02507,-2.514,-1.708,-0.1838,0.638,-0.03503,-0.01368,0.0,0.0,-0.02124,0.0,0.0935,-0.4282,0.0,0.0,0.0,0.0,1.755,0.0,0.0,0.5,1.178,-0.7217,1.0,0.0,0.0,0.0,0.0,0.0,0.0,2.078
-0.02782,-0.02678,-0.02835,0.982,-0.9526,0.0995,-0.548,0.988,-1.002,-0.3462,0.03976,0.1398,-0.4285,-0.0099,-1.0,0.0,0.4304,0.2615,-0.1009,0.0,0.0833,-0.09735,-0.4075,-0.3525,-1.083,0.0863,-0.2588,-0.12115,0.01695,1.707,0.7295,-0.4495,0.2106,-0.04193,-0.01604,0.0,0.0,-0.02441,0.0,0.09064,-0.4617,0.0,0.0,0.0,0.0,-0.05585,0.0,-0.5,0.0,1.1455,-0.709,0.0,1.0,0.0,0.0,0.0,0.0,0.0,-0.0643
-0.03067,-0.02951,-0.0313,1.092,-1.057,0.0995,-0.548,0.9937,-1.131,-0.4084,0.01665,0.3018,-0.4285,-0.0099,-1.0,0.0,0.4949,0.3296,-0.1373,0.0,0.0859,0.898,-0.3633,-0.3818,-1.225,0.0767,-1.046,-0.4006,0.0632,-0.12115,-2.514,-1.707,1.131,-0.04922,-0.0184,0.0,0.0,-0.02684,0.0,0.0815,-0.4707,0.0,0.0,0.0,0.0,-0.2695,0.0,-1.0,0.0,1.266,-0.793,0.0,2.0,0.0,0.0,0.0,0.0,0.0,-0.311
-0.03598,-0.03442,-0.03702,1.959,-1.902,0.0995,-0.548,1.238,-1.948,-0.6987,-0.02643,1.025,-0.4285,-0.0198,-1.0,-1.0,0.8286,0.639,-0.317,0.0,0.0884,2.066,-0.275,-0.3684,-2.004,0.04492,-1.773,-1.992,0.2128,-0.4006,1.707,0.7295,0.858,-0.0596,-0.0217,0.0,0.0,-0.03069,0.0,0.03656,-0.7417,0.0,0.0,0.0,0.0,-2.988,-1.0,-1.5,-0.5,2.152,-1.55,0.0,3.0,0.0,0.0,0.0,0.0,0.0,-3.47
-0.0398,-0.038,-0.04108,1.453,-1.376,0.0995,-0.548,1.333,-1.479,-0.598,-0.06903,-0.1381,-0.4285,-0.02971,-1.0,-1.0,0.7266,0.512,-0.252,0.0,0.0909,1.486,-0.1659,-0.3286,-1.538,0.01826,-1.497,0.7456,0.284,-1.992,-0.1211,-2.514,-1.105,-0.0649,-0.02408,0.0,0.0,-0.03387,0.0,0.0524,-0.73,0.0,0.0,0.0,0.0,0.7686,0.0,-1.0,-0.5,1.693,-1.013,1.0,0.0,0.0,0.0,0.0,0.0,0.0,0.9233
-0.04242,-0.0405,-0.0438,1.053,-0.9653,0.0995,-0.548,1.363,-1.07,-0.512,-0.1063,-0.1854,-0.4285,-0.0396,-1.0,-1.0,0.637,0.411,-0.1968,0.0,0.09344,0.5586,-0.04767,-0.2673,-1.129,-0.006424,-1.666,0.624,0.3298,0.7456,-0.4004,1.706,-0.1838,-0.0704,-0.02586,0.0,0.0,-0.03564,0.0,0.0658,-0.6567,0.0,0.0,0.0,0.0,0.6543,0.0,-0.5,-0.5,1.279,-0.647,2.0,0.0,0.0,0.0,0.0,0.0,0.0,0.7764
-0.04178,-0.03992,-0.04312,0.004707,0.088,0.443,-0.548,1.4,0.06088,-0.2008,-0.1332,-1.156,-0.4285,-0.0396,0.0,0.0,0.321,0.0657,-0.000564,0.0,0.09595,1.61,0.0679,-0.1947,0.02275,-0.03027,-1.637,2.2,0.3271,0.624,-1.991,-0.1211,-0.4495,-0.06494,-0.02655,0.0,0.0,-0.0361,0.0,0.1137,-0.488,0.0,0.0,0.0,0.0,5.2,1.0,0.0,-0.5,0.3472,0.4504,3.0,0.0,0.0,0.0,1.0,0.0,4.234,5.766
-0.04318,-0.04147,-0.0444,0.652,-0.5737,0.443,-0.548,1.793,-0.467,-0.4092,-0.183,-3.146,-0.5713,-0.0396,-1.0,0.0,0.5674,0.254,-0.1306,0.0,0.0985,3.135,0.2026,-0.0892,-0.432,-0.07574,-0.735,-1.406,0.3403,2.2,0.7456,-0.4004,-1.707,-0.06586,-0.02802,0.0,0.0,-0.0377,0.0,0.08093,-0.7935,0.0,0.0,0.0,0.0,-3.049,1.0,0.0,-1.0,0.983,-0.173,0.0,1.0,0.0,0.0,0.0,0.0,0.0,-3.455
-0.04346,-0.04202,-0.04437,0.274,-0.2123,0.443,-0.548,1.68,-0.00955,-0.3064,-0.2153,-1.283,-0.5713,-0.0396,0.0,0.0,0.452,0.152,-0.0645,0.0,0.101,0.5264,0.3032,0.004913,0.00658,-0.0926,-1.213,0.7324,0.342,-1.406,0.624,-1.991,0.729,-0.065,-0.02942,0.0,0.0,-0.03848,0.0,0.097,-0.546,0.0,0.0,0.0,0.0,0.8716,2.0,0.0,-0.5,0.6597,0.218,1.0,0.0,0.0,0.0,0.0,0.0,0.0,1.011
-0.04346,-0.04233,-0.04407,0.1759,-0.1338,0.443,-0.548,1.613,0.1698,-0.2827,-0.2437,2.006,-0.5713,-0.0396,0.0,0.0,0.422,0.1329,-0.04797,0.0,0.1035,-0.3853,0.371,0.0867,0.1544,-0.104,0.4749,0.1809,0.3408,0.7324,2.2,0.7456,-2.514,-0.063,-0.03052,0.0,0.0,-0.03918,0.0,0.1009,-0.4937,0.0,0.0,0.0,0.0,0.1138,2.0,0.5,0.0,0.5605,0.2878,2.0,0.0,0.0,0.0,0.0,0.0,0.0,0.1304
-0.04276,-0.04187,-0.04315,-0.04202,0.0712,0.443,-0.548,1.568,0.4653,-0.2157,-0.263,1.28,-0.5713,-0.0396,0.0,0.0,0.3508,0.0653,-0.003872,0.0,0.1061,0.473,0.4038,0.1567,0.442,-0.11383,-0.3289,0.4807,0.3271,0.1809,-1.406,0.624,1.706,-0.0559,-0.03152,0.0,0.0,-0.04004,0.0,0.1115,-0.36,0.0,0.0,0.0,0.0,0.5083,2.0,0.5,0.5,0.2917,0.4207,3.0,0.0,0.0,0.0,0.0,0.0,0.0,0.581
-0.0398,-0.03867,-0.04037,-0.727,0.7773,0.443,-0.548,1.429,1.231,0.02652,-0.2473,1.591,-0.4285,-0.0396,0.0,0.0,0.1045,-0.1716,0.1505,0.0,0.1086,1.061,0.388,0.2054,1.235,-0.10803,-0.209,1.67,0.3364,0.4807,0.732,2.2,-0.1211,-0.04678,-0.0323,0.0,0.0,-0.0398,0.0,0.1494,0.1254,0.0,0.0,0.0,0.0,1.892,2.0,1.0,1.0,-0.323,1.15,4.0,0.0,0.0,0.0,0.0,0.0,0.0,2.145
-0.03702,-0.03574,-0.03775,-0.661,0.7197,0.443,-0.548,1.4,1.217,0.03192,-0.2383,0.1313,-0.2856,-0.0396,0.0,0.0,0.09686,-0.1743,0.156,0.0,0.1111,-0.189,0.329,0.2314,1.226,-0.1007,0.1663,0.058,0.3057,1.67,0.1808,-1.405,-0.4004,-0.0388,-0.03235,0.0,0.0,-0.04037,0.0,0.1505,0.03784,0.0,0.0,0.0,0.0,0.05957,3.0,1.5,1.0,-0.422,0.9185,5.0,0.0,0.0,0.0,0.0,0.0,0.0,0.0657
-0.03336,-0.03214,-0.03406,-0.916,0.9746,0.6206,-0.548,0.9287,1.43,0.1475,-0.1893,0.3184,-0.1428,-0.0396,0.0,0.0,-0.0525,-0.2437,0.231,0.0,0.11365,0.08716,0.26,0.2222,1.488,-0.0757,1.441,0.788,0.2568,0.058,0.4807,0.732,-1.991,-0.03354,-0.03198,0.0,0.0,-0.04102,0.0,0.1688,0.7563,0.0,0.0,0.0,0.0,0.721,3.0,1.5,1.5,-0.7065,1.121,5.734,0.0,0.5,0.0,0.0,0.0,0.0,0.7944
-0.0315,-0.03027,-0.03223,-0.3804,0.4348,0.6206,-0.548,0.868,0.827,-0.00887,-0.1678,-0.285,0.0,-0.0396,0.0,0.0,0.0877,-0.08215,0.135,0.0,0.11615,0.0973,0.1727,0.1953,0.921,-0.0649,1.379,-0.995,0.2284,0.788,1.669,0.1808,0.7456,-0.02753,-0.03204,0.0,0.0,-0.04156,0.0,0.1449,0.3093,0.0,0.0,0.0,0.0,-0.6367,2.0,1.5,1.0,-0.1534,0.6416,0.0,1.0,0.5,0.0,0.0,0.0,0.0,-0.6924
-0.03006,-0.02873,-0.03087,-0.2578,0.3174,0.6206,-0.548,0.9624,0.664,-0.03503,-0.1464,-0.04718,0.1428,-0.0396,0.0,0.0,0.121,-0.0646,0.1207,0.0,0.1187,0.8228,0.05737,0.1549,0.7754,-0.0518,1.278,-0.1512,0.2024,-0.995,0.05798,0.4807,0.624,-0.02333,-0.03152,0.0,0.0,-0.04205,0.0,0.141,0.3015,0.0,0.0,0.0,0.0,-0.1622,1.0,1.0,1.0,-0.05325,0.51,0.0,2.0,0.5,0.0,0.0,0.0,0.0,-0.1794
-0.02838,-0.02707,-0.02917,-0.3274,0.3865,0.6206,-0.548,0.8813,0.6826,0.0002456,-0.118,0.1696,0.2856,-0.0396,0.0,0.0,0.08026,-0.09265,0.145,0.0,0.1212,0.01653,-0.07886,0.10034,0.8457,-0.04095,0.2751,0.2566,0.2036,-0.1512,0.788,1.669,2.2,-0.01895,-0.03105,0.0,0.0,-0.04202,0.0,0.1469,0.4277,0.0,0.0,0.0,0.0,0.1543,1.0,1.0,1.5,-0.2056,0.4832,1.0,0.0,0.5,0.0,0.0,0.0,0.0,0.171
-0.02626,-0.02525,-0.02675,-0.4636,0.5044,0.6206,-0.3613,0.6904,0.6924,0.0577,-0.066,0.1565,0.4285,-0.0396,0.0,0.0,0.00915,-0.1321,0.1836,0.0,0.1237,-0.1329,-0.1611,0.03442,0.8823,-0.00948,1.157,0.4065,0.252,0.2566,-0.995,0.05798,-1.405,-0.01471,-0.03043,0.0,0.0,-0.0404,0.0,0.1562,1.009,1.0,0.0,0.0,0.0,0.2542,1.0,1.5,2.0,-0.341,0.5913,2.0,0.0,0.5,0.0,0.0,0.0,0.0,0.2805
-0.02487,-0.02415,-0.02509,-0.256,0.2769,0.6206,-0.3613,0.5693,0.3586,0.001131,-0.02351,-0.3103,0.5713,-0.0396,0.0,0.0,0.05145,-0.06366,0.1494,0.0,0.1262,-0.2656,-0.1647,-0.03427,0.569,0.01614,0.946,-0.3577,0.2773,0.4065,-0.1512,0.7876,0.732,-0.01473,-0.0298,0.0,0.0,-0.03958,0.0,0.1477,0.8115,1.0,0.0,0.0,0.0,-0.166,0.0,1.0,1.5,-0.1486,0.3635,0.0,1.0,0.5,0.0,0.0,0.0,0.0,-0.182
-0.02235,-0.02177,-0.02242,-0.5938,0.609,0.6206,-0.0681,0.547,0.628,0.1304,0.02222,0.7656,0.7144,-0.0396,0.0,0.0,-0.071,-0.1904,0.232,0.0,0.1288,0.579,-0.08374,-0.0712,0.8477,0.04532,0.975,0.87,0.2766,-0.3577,0.2566,-0.9946,0.1808,-0.01301,-0.02878,0.0,0.0,-0.0358,0.0,0.168,0.848,1.0,0.0,0.0,0.0,0.647,1.0,1.0,1.5,-0.527,0.6255,1.0,0.0,0.5,0.0,0.0,0.0,0.0,0.7134
-0.01788,-0.01718,-0.01808,-1.143,1.172,0.6206,-0.0681,0.394,1.2295,0.3542,0.06067,1.03,0.7144,-0.0396,0.0,0.0,-0.2854,-0.3906,0.3755,0.0,0.1313,1.296,0.05832,-0.07935,1.407,0.08014,0.877,1.486,0.3916,0.87,0.4062,-0.1511,0.4805,-0.009735,-0.02731,0.0,0.0,-0.03207,0.0,0.2031,0.776,1.0,0.0,0.0,0.0,1.63,2.0,1.0,1.5,-1.043,1.18,2.0,0.0,0.5,0.0,0.0,0.0,0.0,1.771
-0.01467,-0.014206,-0.01462,-0.792,0.8027,0.6206,-0.0681,0.10986,0.776,0.2659,0.10846,-0.2269,0.857,-0.0396,0.0,0.0,-0.2328,-0.2798,0.3213,0.0,0.1338,0.06366,0.2576,-0.03403,0.835,0.1366,0.1669,-0.547,0.4456,1.486,-0.3574,0.2566,1.669,-0.005516,-0.02625,0.0,0.0,-0.02867,0.0,0.1893,1.059,1.0,0.0,0.0,0.0,-0.6606,1.0,0.5,1.5,-0.714,0.816,0.0,1.0,0.5,0.0,0.0,0.0,0.0,-0.7007
-0.01361,-0.01325,-0.01346,-0.1643,0.1611,0.6206,-0.0681,0.2141,0.05142,0.07196,0.1365,-0.7485,0.857,-0.0396,0.0,0.0,-0.04675,-0.1007,0.2001,0.0,0.1364,1.163,0.426,0.04236,0.069,0.1656,0.2375,-1.239,0.4272,-0.547,0.87,0.4062,0.05798,-0.003717,-0.02638,0.0,0.0,-0.02597,0.0,0.159,0.52,0.0,0.0,0.0,0.0,-1.269,0.0,0.0,1.0,-0.06143,0.25,0.0,2.0,0.5,0.0,0.0,0.0,0.0,-1.357
-0.012215,-0.01198,-0.01194,-0.2678,0.258,0.6206,0.306,0.3018,0.0965,0.1167,0.1666,0.4397,0.857,-0.0396,0.0,0.0,-0.0804,-0.1534,0.2288,0.0,0.1389,0.673,0.539,0.1337,0.1509,0.1785,-0.1929,0.299,0.291,-1.239,1.486,-0.3574,0.7876,-0.001819,-0.02682,0.0,0.0,-0.02159,0.0,0.166,0.541,0.0,0.0,0.0,0.0,0.1442,1.0,0.0,1.0,-0.1647,0.3389,1.0,0.0,0.5,0.0,0.0,0.0,0.0,0.1576
-0.01188,-0.011795,-0.011444,0.04407,-0.0675,0.6206,0.306,0.3208,-0.277,0.01987,0.185,-1.794,0.7144,-0.0396,-1.0,0.0,0.01155,-0.05878,0.1681,0.0,0.1414,0.353,0.6104,0.2329,-0.2522,0.1978,0.3909,-0.6294,0.152,0.299,-0.547,0.87,-0.9946,-0.002169,-0.02701,0.0,0.0,-0.01823,0.0,0.1508,0.2769,0.0,0.0,0.0,0.0,-0.486,0.0,0.0,0.5,0.0832,-0.03186,0.0,1.0,0.5,0.0,0.0,0.0,0.0,-0.529
-0.01009,-0.01003,-0.00964,-0.387,0.3677,0.6206,0.306,0.2191,0.177,0.1702,0.1946,-2.932,0.7144,-0.0396,0.0,0.0,-0.1367,-0.1979,0.2651,0.0,0.1439,0.3076,0.6455,0.3257,0.1765,0.2103,0.4985,1.018,0.0414,-0.6294,-1.238,1.486,-0.1511,0.0004551,-0.02658,0.0,0.0,-0.01453,0.0,0.1746,0.1569,0.0,0.0,0.0,0.0,0.8384,0.0,0.5,0.5,-0.2747,0.4495,1.0,0.0,0.5,0.0,0.0,0.0,0.0,0.9214
-0.00969,-0.00962,-0.00924,0.02362,-0.0477,0.6206,0.306,0.2944,-0.2394,0.04147,0.1952,-1.421,0.5713,-0.0396,-1.0,0.0,-0.011116,-0.07794,0.1858,0.0,0.1465,0.3008,0.6387,0.4026,-0.2524,0.216,0.4385,-0.819,0.01468,1.018,0.299,-0.5464,0.2563,-0.000594,-0.02634,0.0,0.0,-0.01303,0.0,0.1548,-0.067,0.0,0.0,0.0,0.0,-0.4148,0.0,0.0,0.0,0.1158,0.04407,0.0,1.0,0.5,0.0,0.0,0.0,0.0,-0.4485
-0.009834,-0.00976,-0.009384,0.1885,-0.214,0.6206,0.306,0.291,-0.3801,-0.01303,0.1846,1.384,0.4285,-0.0396,-1.0,0.0,0.03998,-0.02269,0.1527,0.0,0.149,-0.07904,0.6064,0.4468,-0.4038,0.2128,0.228,-0.346,-0.10864,-0.819,-0.6294,-1.238,0.4062,-0.005642,-0.02542,0.0,0.0,-0.010765,0.0,0.1464,-0.3313,0.0,0.0,0.0,0.0,-0.2292,0.0,-0.5,-0.5,0.2369,-0.157,0.0,2.0,0.5,0.0,0.0,0.0,0.0,-0.2512
-0.008766,-0.00871,-0.008286,-0.1755,0.1526,0.6206,0.306,0.2474,-0.014984,0.1082,0.1926,-1.368,0.4285,-0.0396,0.0,0.0,-0.0774,-0.1399,0.231,0.0,0.1515,-0.02054,0.542,0.468,-0.023,0.2157,0.4177,0.823,-0.1986,-0.346,1.018,0.2988,-0.3574,-0.00769,-0.02443,0.0,0.0,-0.00839,0.0,0.1655,0.1048,0.0,0.0,0.0,0.0,0.679,0.0,0.0,0.0,-0.07196,0.2415,1.0,0.0,0.5,0.0,0.0,0.0,0.0,0.7485
-0.00734,-0.007343,-0.006813,-0.2808,0.2559,0.6206,0.306,0.1771,0.08563,0.1543,0.2073,1.245,0.4285,-0.0396,0.0,0.0,-0.1261,-0.1785,0.2607,0.0,0.154,0.11,0.4553,0.4727,0.0638,0.2286,-0.0369,0.3088,-0.2979,0.823,-0.8184,-0.629,0.8696,-0.006317,-0.02174,0.0,0.0,-0.00592,0.0,0.1726,0.2101,0.0,0.0,0.0,0.0,0.2805,1.0,0.0,0.5,-0.1677,0.347,2.0,0.0,0.5,0.0,0.0,0.0,0.0,0.305
-0.006493,-0.006527,-0.005936,-0.1119,0.08325,0.6206,0.306,0.2018,-0.0923,0.1078,0.2158,-0.829,0.4285,-0.0396,0.0,0.0,-0.08105,-0.135,0.232,0.0,0.1566,0.1484,0.3293,0.4531,-0.10736,0.234,-0.8936,-0.296,-0.3958,0.3088,-0.3457,1.018,1.486,-0.00624,-0.02002,0.0,0.0,-0.00403,0.0,0.1654,0.0777,0.0,0.0,0.0,0.0,-0.1987,0.0,-0.5,0.0,-0.01295,0.1719,0.0,1.0,0.5,0.0,0.0,0.0,0.0,-0.215
-0.004276,-0.00427,-0.003761,-0.51,0.4888,0.6206,0.306,0.2225,0.3376,0.2566,0.2306,14.88,0.4285,-0.0396,0.0,0.0,-0.2144,-0.2817,0.327,0.0,0.159,0.471,0.2039,0.4211,0.3127,0.2455,-0.6514,0.9834,-0.37,-0.296,0.823,-0.8184,-0.5464,-0.002644,-0.01773,0.0,0.0,-0.002615,0.0,0.1886,0.196,0.0,0.0,0.0,0.0,0.9414,1.0,0.0,0.0,-0.3594,0.6025,1.0,0.0,0.5,0.0,0.0,0.0,0.0,1.023
-0.002575,-0.002577,-0.002048,-0.36,0.3367,0.6206,0.306,0.2952,0.179,0.2261,0.2489,-0.2415,0.4285,-0.0396,0.0,0.0,-0.1805,-0.2593,0.3071,0.0,0.1616,0.432,0.0639,0.3735,0.1798,0.2522,0.09155,-0.2025,-0.3604,0.9834,0.3088,-0.3457,-1.238,-0.001694,-0.01535,0.0,0.0,-0.001405,0.0,0.1835,0.2349,0.0,0.0,0.0,0.0,-0.1337,1.0,0.0,0.0,-0.252,0.416,0.0,1.0,0.5,0.0,0.0,0.0,0.0,-0.1431
-0.00218,-0.002182,-0.001655,0.02545,-0.0533,-0.1887,0.306,0.3333,-0.2014,0.10785,0.2494,-1.275,0.2856,-0.0396,-1.0,0.0,-0.0694,-0.1477,0.232,0.0,0.1642,0.6406,-0.0889,0.3223,-0.2069,0.2544,-0.01805,-0.7676,-0.3604,-0.2025,-0.296,0.823,0.2988,-0.000644,-0.012405,0.0,0.0,-0.001396,0.0,0.1648,-0.1375,0.0,0.0,0.0,0.0,-0.3962,0.0,-0.5,-0.5,0.07526,-0.00749,0.0,2.0,0.5,0.0,0.0,0.0,0.0,-0.4253
-0.0006437,-0.00074,-2.366e-05,-0.3135,0.284,-0.1887,0.306,0.205,0.2144,0.23,0.242,-5.14,0.2856,-0.0396,0.0,0.0,-0.1921,-0.2544,0.3093,0.0,0.1666,0.2338,-0.2468,0.253,0.2031,0.2498,0.3538,0.801,-0.3645,-0.7676,0.9834,0.3088,-0.629,0.002903,-0.00941,0.0,0.0,0.0,0.0,0.1836,-0.307,0.0,0.0,0.0,0.0,0.663,0.0,0.0,-0.5,-0.2305,0.3396,1.0,0.0,0.5,0.0,0.0,0.0,0.0,0.7207
0.0003247,0.0001925,0.000981,-0.1482,0.1143,-0.1887,0.306,0.1829,0.0889,0.187,0.2382,-0.2747,0.2856,-0.0396,0.0,0.0,-0.1554,-0.2109,0.2817,0.0,0.1692,-0.01764,-0.3296,0.1671,0.0767,0.2473,-0.1519,-0.2822,-0.393,0.801,-0.2025,-0.2957,1.018,0.00405,-0.006844,0.0,0.0,0.00129,0.0,0.1765,-0.2423,0.0,0.0,0.0,0.0,-0.2467,0.0,-0.5,-0.5,-0.1241,0.11865,0.0,1.0,0.5,0.0,0.0,0.0,0.0,-0.2646
0.0015545,0.001408,0.002226,-0.2249,0.191,-0.1887,0.306,0.07263,0.1682,0.2235,0.2496,0.569,0.2856,-0.0396,0.0,0.0,-0.1982,-0.2356,0.305,0.0,0.1718,-0.02327,-0.381,0.06128,0.1829,0.2494,0.3423,0.2382,-0.409,-0.2822,-0.7676,0.9834,-0.8184,0.00505,-0.005207,0.0,0.0,0.002571,0.0,0.1821,0.175,0.0,0.0,0.0,0.0,0.12335,0.0,0.0,0.0,-0.1995,0.1909,1.0,0.0,0.5,-0.5,0.0,0.0,0.0,0.1329
0.001556,0.001415,0.002222,0.1392,-0.1769,-0.1887,0.306,0.1305,-0.2023,0.1086,0.2502,-1.291,0.1428,-0.0396,-1.0,0.0,-0.0882,-0.129,0.232,0.0,0.1742,1.025,-0.4263,-0.04245,-0.209,0.255,0.6167,-0.7456,-0.4202,0.2382,0.8003,-0.2024,-0.3457,0.00505,-0.003263,0.0,0.0,0.00296,0.0,0.1637,-0.1282,0.0,0.0,0.0,0.0,-0.988,0.0,0.0,-0.5,0.1501,-0.1646,0.0,1.0,0.5,-0.5,0.0,0.0,0.0,-1.061
0.001911,0.001716,0.00263,0.0319,-0.0718,-0.1887,0.306,0.0605,-0.11633,0.145,0.2598,-0.939,0.1428,-0.0396,-1.0,0.0,-0.128,-0.1582,0.2551,0.0,0.1768,-0.3638,-0.4492,-0.1519,-0.1065,0.2576,0.1877,0.2402,-0.4514,-0.7456,-0.282,-0.7676,0.8228,0.003428,-0.001553,0.0,0.0,0.003809,0.0,0.1692,0.1202,0.0,0.0,0.0,0.0,0.2505,1.0,0.0,0.0,0.01048,-0.10297,1.0,0.0,0.5,-0.5,0.0,0.0,0.0,0.2725
0.001492,0.001293,0.002214,0.2642,-0.3071,-0.1887,0.306,-0.004574,-0.3413,0.06866,0.2537,14.88,0.0,-0.0396,-1.0,0.0,-0.06323,-0.0765,0.2067,0.0,0.1793,-0.602,-0.4622,-0.2644,-0.3538,0.2585,0.02095,-0.501,-0.446,0.2402,0.238,0.8003,0.3086,0.001155,-0.0001886,0.0,0.0,0.003605,0.0,0.157,-0.322,0.0,0.0,0.0,0.0,-0.2319,0.0,-0.5,-0.5,0.2126,-0.353,0.0,1.0,0.5,-0.5,0.0,0.0,0.0,-0.2512
0.0,-0.0001516,0.0006757,0.594,-0.638,-0.827,0.306,-0.008026,-0.692,-0.04572,0.2488,1.844,0.0,-0.0396,-1.0,0.0,0.0443,0.03925,0.1339,0.0,0.1818,-0.04327,-0.478,-0.3733,-0.699,0.2546,0.1628,-0.7583,-0.456,-0.501,-0.745,-0.282,-0.2957,-0.001069,0.0005493,0.0,0.0,0.00167,0.0,0.1388,-0.3027,0.0,0.0,0.0,0.0,-0.463,0.0,-0.5,-0.5,0.5444,-0.6567,0.0,2.0,0.5,-0.5,0.0,0.0,0.0,-0.5054
-0.002024,-0.002096,-0.001426,0.7637,-0.8047,-0.827,0.306,0.02037,-0.8936,-0.1142,0.2432,0.5264,0.0,-0.0396,-1.0,0.0,0.11273,0.107,0.08984,0.0,0.1843,0.0781,-0.5103,-0.4324,-0.92,0.2544,-0.4753,-0.4653,-0.4148,-0.7583,0.2401,0.238,0.983,-0.006042,0.0002247,0.0,0.0,-0.0001856,0.0,0.1278,-0.335,0.0,0.0,0.0,0.0,-0.2158,-1.0,-1.0,-0.5,0.6836,-0.843,0.0,3.0,0.5,-0.5,0.0,0.0,0.0,-0.2386
-0.004997,-0.00486,-0.004612,1.075,-1.106,-0.827,-0.0726,0.1362,-1.199,-0.2322,0.22,0.573,-0.1428,-0.0396,-1.0,0.0,0.239,0.22,0.01487,0.0,0.1869,1.026,-0.5537,-0.474,-1.244,0.2434,-0.4988,-0.7974,-0.3064,-0.4653,-0.501,-0.745,-0.2024,-0.012085,-0.000531,0.0,0.0,-0.00167,0.0,0.109,-0.8193,0.0,0.0,0.0,0.0,-0.572,-1.0,-1.0,-1.0,0.997,-1.118,0.0,4.0,0.5,-0.5,0.0,0.0,0.0,-0.637
-0.008736,-0.00835,-0.0086,1.335,-1.354,-0.827,-0.4512,0.2467,-1.4375,-0.3394,0.186,0.3848,-0.2856,-0.0396,-1.0,0.0,0.3572,0.3252,-0.0535,0.0,0.1895,1.138,-0.542,-0.5103,-1.494,0.2234,-0.2198,-0.737,-0.1665,-0.7974,-0.758,0.2401,-0.7676,-0.0202,-0.002054,0.0,0.0,-0.003933,0.0,0.0919,-1.078,0.0,1.0,0.0,0.0,-0.54,-2.0,-1.0,-1.5,1.259,-1.343,0.0,5.0,0.5,0.0,0.0,0.0,0.0,-0.61
-0.0106,-0.010086,-0.01059,0.738,-0.741,-0.827,-0.4512,0.3508,-0.8643,-0.1798,0.1676,-0.3328,-0.4285,-0.0396,-1.0,0.0,0.2064,0.1439,0.04575,0.0,0.1919,1.823,-0.4893,-0.519,-0.92,0.2078,-0.8647,1.083,-0.1261,-0.737,-0.4653,-0.501,0.8003,-0.02443,-0.002533,0.0,0.0,-0.004913,0.0,0.1163,-0.6475,0.0,0.0,0.0,0.0,0.904,-1.0,-1.0,-1.0,0.6953,-0.7407,1.0,0.0,0.5,0.0,0.0,0.0,0.0,1.034
-0.01055,-0.01006,-0.01051,0.1445,-0.1431,-0.2184,-0.4512,0.3647,-0.2211,0.001394,0.15,-0.799,-0.5713,-0.0396,-1.0,0.0,0.0329,-0.04434,0.1593,0.0,0.1945,1.213,-0.4097,-0.499,-0.2534,0.1888,-0.8574,1.218,-0.1311,1.083,-0.7974,-0.758,-0.282,-0.0266,-0.002325,0.0,0.0,-0.00576,0.0,0.144,-0.586,0.0,0.0,0.0,0.0,1.31,0.0,-0.5,-1.0,0.1884,-0.09467,2.0,0.0,0.5,0.0,0.0,0.0,0.0,1.472
-0.01332,-0.01275,-0.01337,1.031,-1.034,-0.2184,-0.4512,0.509,-1.049,-0.2886,0.11505,8.71,-0.7144,-0.0396,-1.0,0.0,0.329,0.2449,-0.02483,0.0,0.197,0.609,-0.3198,-0.4553,-1.088,0.1681,-1.073,-1.935,-0.0579,1.218,-0.737,-0.4653,0.238,-0.03186,-0.003235,0.0,0.0,-0.00745,0.0,0.0982,-0.88,0.0,0.0,0.0,0.0,-1.804,0.0,-1.0,-1.0,1.087,-0.9043,0.0,1.0,0.5,0.0,0.0,0.0,0.0,-1.985
-0.01761,-0.01682,-0.01788,1.546,-1.539,-0.2184,-0.4512,0.625,-1.5205,-0.4707,0.0768,0.697,-0.7144,-0.0495,-1.0,-1.0,0.527,0.4343,-0.1417,0.0,0.1995,1.509,-0.2057,-0.3855,-1.538,0.1376,-0.8306,-1.269,0.0824,-1.935,1.083,-0.797,-0.745,-0.0381,-0.00498,0.0,0.0,-0.00981,0.0,0.069,-0.9404,0.0,0.0,0.0,0.0,-1.4375,0.0,-1.0,-1.0,1.592,-1.379,0.0,2.0,0.5,0.0,0.0,0.0,0.0,-1.636
-0.02043,-0.01959,-0.02075,1.064,-1.049,-0.2184,-0.4512,0.6797,-1.023,-0.3567,0.03812,-0.2448,-0.857,-0.0495,-1.0,0.0,0.4136,0.3025,-0.0722,0.0,0.202,1.342,-0.0806,-0.2996,-1.05,0.10974,-1.199,0.7705,0.1448,-1.269,1.217,-0.7363,0.2401,-0.04178,-0.006165,0.0,0.0,-0.01224,0.0,0.086,-0.963,0.0,0.0,0.0,0.0,0.598,1.0,-1.0,-1.0,1.16,-0.8726,1.0,0.0,0.5,0.0,0.0,0.0,0.0,0.6953
-0.0213,-0.02037,-0.02171,0.4426,-0.416,-0.2184,-0.4512,0.9624,-0.3599,-0.1788,0.013664,-0.658,-1.0,-0.0495,-1.0,0.0,0.2603,0.0844,0.03802,0.0,0.2046,3.135,0.0686,-0.1917,-0.2937,0.0717,-1.104,1.207,0.1448,0.7705,-1.934,1.083,-0.501,-0.04126,-0.007202,0.0,0.0,-0.01402,0.0,0.11273,-0.626,0.0,0.0,0.0,0.0,2.395,1.0,-0.5,-0.5,0.618,-0.2013,2.0,0.0,0.5,0.0,0.0,0.0,0.0,2.748
-0.0223,-0.0215,-0.02255,0.4758,-0.4587,-0.2184,-0.4512,1.018,-0.3252,-0.1975,-0.01517,-0.01221,-1.143,-0.0495,-1.0,0.0,0.2837,0.09875,0.0248,0.0,0.207,0.591,0.1836,-0.10004,-0.2974,0.05878,-0.7627,-0.142,0.1499,1.207,-1.269,1.217,-0.758,-0.03946,-0.00908,0.0,0.0,-0.01569,0.0,0.10913,-0.7036,0.0,0.0,0.0,0.0,-0.1932,0.0,-0.5,-1.0,0.621,-0.2744,0.0,1.0,0.5,0.0,0.0,0.0,0.0,-0.2174
-0.02455,-0.02376,-0.02481,0.8823,-0.87,-0.2184,-0.4512,1.2,-0.6846,-0.3362,-0.0452,2.018,-1.143,-0.0495,-1.0,0.0,0.4392,0.2303,-0.0645,0.0,0.2096,2.652,0.3025,-4.67e-05,-0.591,0.02464,-0.56,-0.961,0.143,-0.142,0.7705,-1.934,-0.465,-0.04196,-0.01115,0.0,0.0,-0.01883,0.0,0.0866,-0.7285,0.0,0.0,0.0,0.0,-1.38,0.0,-0.5,-1.0,1.046,-0.634,0.0,2.0,0.5,0.0,0.0,0.0,0.0,-1.556
-0.02846,-0.02765,-0.02875,1.435,-1.427,-0.2184,-0.4512,1.364,-1.168,-0.5254,-0.0889,1.075,-1.143,-0.05942,-1.0,-1.0,0.651,0.4255,-0.1869,0.0,0.2122,0.4053,0.4204,0.1054,-1.057,-0.01054,-0.1969,-1.338,0.1909,-0.961,1.207,-1.269,-0.797,-0.0498,-0.013214,0.0,0.0,-0.02278,0.0,0.05594,-0.9473,0.0,0.0,0.0,0.0,-1.939,0.0,-0.5,-1.5,1.616,-1.128,0.0,3.0,0.5,0.0,0.0,0.0,0.0,-2.223
-0.03442,-0.0333,-0.03503,2.17,-2.145,-0.2184,-0.9434,1.637,-1.812,-0.7705,-0.1428,0.813,-1.143,-0.06934,-1.0,-1.0,0.9443,0.687,-0.3457,0.0,0.2146,0.5303,0.548,0.2241,-1.672,-0.05566,0.0969,-1.776,0.352,-1.338,-0.142,0.77,-0.7363,-0.0571,-0.0163,0.0,0.0,-0.0274,0.0,0.01616,-1.065,0.0,1.0,0.0,0.0,-3.17,-1.0,-0.5,-1.5,2.361,-1.779,0.0,4.0,0.5,0.0,0.0,1.0,-3.82,-3.717
-0.0395,-0.03812,-0.0403,1.869,-1.825,-0.2184,-0.9434,1.726,-1.528,-0.7285,-0.187,-0.0402,-1.143,-0.0792,-1.0,-1.0,0.9053,0.6284,-0.3235,0.0,0.2172,1.288,0.651,0.3364,-1.419,-0.0833,-0.6865,0.2542,0.415,-1.776,-0.961,1.207,1.082,-0.06122,-0.01892,0.0,0.0,-0.03247,0.0,0.02136,-0.9365,0.0,0.0,0.0,0.0,0.2651,-1.0,-0.5,-1.0,2.057,-1.485,1.0,0.0,0.5,0.0,0.0,0.0,0.0,0.3203
-0.04202,-0.04062,-0.04294,1.018,-0.964,-0.2184,-0.9434,1.789,-0.7134,-0.514,-0.2144,-0.4895,-1.143,-0.0891,-1.0,-1.0,0.6772,0.372,-0.1913,0.0,0.2197,1.901,0.707,0.4321,-0.6304,-0.1001,-1.6045,1.519,0.3896,0.2542,-1.338,-0.142,1.217,-0.0639,-0.02138,0.0,0.0,-0.0363,0.0,0.05383,-0.597,0.0,0.0,0.0,0.0,1.745,0.0,-0.5,-0.5,1.281,-0.608,2.0,0.0,0.5,0.0,0.0,0.0,0.0,2.1
-0.0419,-0.04053,-0.0428,0.1472,-0.0879,0.4397,-0.9434,1.665,0.1647,-0.2556,-0.216,-1.467,-1.0,-0.0891,0.0,0.0,0.3994,0.0987,-0.03143,0.0,0.2222,0.09534,0.7144,0.5015,0.246,-0.1046,-0.6953,1.79,0.296,1.519,-1.775,-0.9604,-1.934,-0.0655,-0.02254,0.0,0.0,-0.03897,0.0,0.0932,-0.2087,0.0,0.0,0.0,0.0,1.708,1.0,0.0,0.0,0.505,0.302,3.0,0.0,0.5,0.0,0.0,0.0,0.0,2.004
-0.03995,-0.0385,-0.0409,-0.411,0.4802,1.121,-0.9434,1.56,0.7554,-0.06158,-0.1979,2.459,-0.857,-0.0891,0.0,0.0,0.1998,-0.0946,0.08875,0.0,0.2247,0.7725,0.678,0.539,0.851,-0.09784,0.01355,1.307,0.2423,1.79,0.2542,-1.338,-1.269,-0.064,-0.02287,0.0,0.0,-0.04013,0.0,0.1226,0.074,0.0,0.0,0.0,0.0,1.64,2.0,0.5,0.5,-0.02083,0.8623,4.0,0.0,0.5,0.0,0.0,0.0,0.0,1.868
-0.03674,-0.03522,-0.03775,-0.7812,0.858,1.646,-0.9434,1.355,1.21,0.0889,-0.1831,0.7153,-0.7144,-0.0891,0.0,0.0,0.0396,-0.2269,0.1836,0.0,0.2273,0.11536,0.593,0.5444,1.276,-0.08307,-0.2695,1.009,0.2042,1.307,1.519,-1.775,0.77,-0.0584,-0.02313,0.0,0.0,-0.04068,0.0,0.1458,0.068,0.0,0.0,0.0,0.0,1.519,3.0,0.5,0.5,-0.3896,1.213,5.0,0.0,0.5,0.0,0.0,0.0,0.0,1.692
-0.03226,-0.03056,-0.03342,-1.139,1.229,2.21,-0.9434,1.248,1.713,0.2524,-0.1704,0.56,-0.5713,-0.0891,0.0,0.0,-0.119,-0.376,0.287,0.0,0.2299,0.621,0.4731,0.5234,1.766,-0.07184,-0.786,1.084,0.2517,1.009,1.789,0.2542,1.207,-0.04767,-0.023,0.0,0.0,-0.04004,0.0,0.171,0.05447,0.0,0.0,0.0,0.0,1.403,3.0,0.5,0.5,-0.7827,1.518,5.734,0.0,0.5,0.0,0.0,0.0,0.0,1.539
-0.02716,-0.02515,-0.02866,-1.29,1.401,2.572,-0.9434,1.152,1.907,0.3562,-0.1313,0.2659,-0.4285,-0.0891,0.0,0.0,-0.2192,-0.4648,0.3545,0.0,0.2323,0.447,0.3203,0.4758,1.872,-0.04535,-0.553,0.691,0.368,1.084,1.306,1.519,-0.142,-0.0318,-0.02234,0.0,0.0,-0.03827,0.0,0.1873,0.48,0.0,0.0,0.0,0.0,1.09,3.0,1.0,1.0,-0.967,1.643,5.734,0.0,1.0,0.0,0.0,0.0,0.0,1.173
-0.02583,-0.02374,-0.02742,-0.1927,0.3018,2.572,-0.9434,1.362,0.663,0.012314,-0.1014,-0.534,-0.2856,-0.0891,0.0,0.0,0.1119,-0.1509,0.1394,0.0,0.2349,2.363,0.1687,0.4033,0.724,-0.02342,0.1924,-2.184,0.3796,0.691,1.009,1.789,-0.9604,-0.0213,-0.02333,0.0,0.0,-0.03787,0.0,0.1335,0.2898,0.0,0.0,0.0,0.0,-3.354,2.0,1.0,1.0,0.1537,0.6533,0.0,1.0,1.0,0.0,0.0,0.0,0.0,-3.568
-0.02429,-0.02226,-0.0258,-0.2627,0.3677,2.572,-0.9434,1.202,0.6943,0.04782,-0.07654,0.1873,-0.1428,-0.0891,0.0,0.0,0.0642,-0.1713,0.1626,0.0,0.2374,-0.4084,0.02882,0.3176,0.78,-0.01093,1.063,0.2441,0.405,-2.184,1.084,1.306,-1.338,-0.01328,-0.02411,0.0,0.0,-0.0367,0.0,0.139,0.231,0.0,0.0,0.0,0.0,0.2458,2.0,1.5,1.0,0.03998,0.666,1.0,0.0,1.0,0.0,0.0,0.0,0.0,0.2715
-0.02235,-0.02055,-0.02364,-0.3853,0.4766,2.572,-0.9434,0.831,0.819,0.1039,-0.05893,0.3115,0.0,-0.0891,0.0,0.0,-0.02112,-0.1915,0.1979,0.0,0.2399,-0.2756,-0.05774,0.2279,0.8833,0.004513,2.244,0.3704,0.4348,0.2441,0.691,1.008,-1.775,-0.00809,-0.02429,0.0,0.0,-0.0347,0.0,0.1475,0.1272,0.0,0.0,0.0,0.0,0.428,2.0,1.5,1.0,-0.05948,0.7905,2.0,0.0,1.0,0.0,0.0,0.0,0.0,0.4712
-0.02095,-0.01917,-0.02222,-0.2247,0.3137,2.572,-0.9434,0.778,0.638,0.0636,-0.04538,-0.0688,0.1428,-0.0891,0.0,0.0,0.01147,-0.1464,0.1747,0.0,0.2424,-0.1931,-0.1305,0.133,0.7363,0.00947,2.441,-0.2416,0.4565,0.3704,-2.184,1.084,0.2542,-0.00614,-0.02501,0.0,0.0,-0.03366,0.0,0.1415,0.109,0.0,0.0,0.0,0.0,-0.153,1.0,1.5,1.0,0.0566,0.592,0.0,1.0,1.0,0.0,0.0,0.0,0.0,-0.1672
-0.02092,-0.01929,-0.02205,0.1892,-0.113,2.572,-0.9434,0.6567,0.1484,-0.0702,-0.0315,-0.5703,0.2856,-0.0891,0.0,0.0,0.1272,0.000625,0.09314,0.0,0.245,0.7236,-0.1361,0.03772,0.2527,0.02052,1.938,-0.855,0.4436,-0.2416,0.244,0.691,1.518,-0.00819,-0.02602,0.0,0.0,-0.03418,0.0,0.1211,0.1231,0.0,0.0,0.0,0.0,-0.7266,0.0,1.0,1.0,0.4324,0.1558,0.0,2.0,1.0,0.0,0.0,0.0,0.0,-0.798
-0.01817,-0.01651,-0.01933,-0.623,0.7075,2.572,-0.9434,0.6396,0.9097,0.2112,0.0168,3.312,0.4285,-0.0891,0.0,0.0,-0.1362,-0.278,0.2717,0.0,0.2474,1.299,-0.06232,-0.04623,1.028,0.05023,1.138,1.898,0.4958,-0.855,0.3704,-2.184,1.789,-0.00854,-0.0262,0.0,0.0,-0.0318,0.0,0.165,0.5903,0.0,0.0,0.0,0.0,2.254,1.0,1.0,1.5,-0.3323,0.9653,1.0,0.0,1.0,0.0,0.0,0.0,0.0,2.512
-0.01843,-0.0171,-0.01924,0.2654,-0.2104,2.572,-0.9434,0.7666,-0.1934,-0.0754,0.0648,-1.037,0.4285,-0.0891,-1.0,0.0,0.1421,-0.00454,0.09204,0.0,0.25,1.639,0.08746,-0.07684,-0.1696,0.10266,0.5894,-1.852,0.4695,1.898,-0.2416,0.244,1.306,-0.01449,-0.02695,0.0,0.0,-0.02992,0.0,0.12,0.5474,0.0,0.0,0.0,0.0,-3.418,0.0,0.5,1.5,0.6113,0.1761,0.0,1.0,1.0,0.0,0.0,0.0,0.0,-3.69
-0.01717,-0.01636,-0.01746,-0.2131,0.2393,2.572,-0.9434,0.6597,0.1246,0.0778,0.11926,-4.312,0.5713,-0.0891,0.0,0.0,-0.01233,-0.1493,0.1902,0.0,0.2524,0.377,0.2268,-0.05362,0.1693,0.1355,0.01288,1.043,0.4731,-1.852,-0.8545,0.3704,1.008,-0.013336,-0.0273,0.0,0.0,-0.02783,0.0,0.144,0.626,0.0,0.0,0.0,0.0,1.068,0.0,0.5,1.5,0.1504,0.608,1.0,0.0,1.0,0.0,0.0,0.0,0.0,1.189
-0.01419,-0.01372,-0.014145,-0.7236,0.7334,2.572,-0.9434,0.593,0.556,0.2644,0.1708,2.117,0.7144,-0.0891,0.0,0.0,-0.1882,-0.3245,0.3103,0.0,0.2551,1.479,0.3616,0.03253,0.5728,0.177,-0.615,1.256,0.5254,1.043,1.898,-0.2415,1.084,-0.00999,-0.02675,0.0,0.0,-0.02565,0.0,0.1733,0.614,0.0,0.0,0.0,0.0,1.967,1.0,0.5,1.5,-0.3506,1.073,2.0,0.0,1.0,0.0,0.0,0.0,0.0,2.154
-0.01068,-0.01033,-0.01052,-0.873,0.8774,2.572,-0.9434,0.502,0.679,0.3425,0.2094,0.344,0.7144,-0.0891,0.0,0.0,-0.2656,-0.39,0.3633,0.0,0.2576,-0.00718,0.4683,0.1389,0.6953,0.2058,-1.012,0.5415,0.591,1.256,-1.852,-0.8545,0.691,-0.00624,-0.02551,0.0,0.0,-0.02293,0.0,0.186,0.499,0.0,0.0,0.0,0.0,0.737,2.0,0.5,1.5,-0.5283,1.175,3.0,0.0,1.0,0.0,0.0,0.0,0.0,0.7905
-0.00795,-0.007637,-0.007744,-0.652,0.6514,2.572,-0.9434,0.4324,0.4414,0.2922,0.2324,-0.1855,0.7144,-0.0891,0.0,0.0,-0.2274,-0.3357,0.3345,0.0,0.26,-0.363,0.5415,0.2499,0.457,0.2244,0.3054,-0.2908,0.6147,0.5415,1.043,1.897,-2.184,-0.002619,-0.0242,0.0,0.0,-0.01973,0.0,0.1787,0.2869,0.0,0.0,0.0,0.0,-0.251,1.0,0.5,1.0,-0.3538,0.915,0.0,1.0,1.0,0.0,0.0,0.0,0.0,-0.2666
-0.006588,-0.006264,-0.006393,-0.2522,0.2482,2.572,-0.9434,0.5146,0.042,0.173,0.2377,-0.644,0.7144,-0.0891,0.0,0.0,-0.1128,-0.229,0.2617,0.0,0.2627,0.6763,0.5796,0.3455,0.04935,0.2327,0.2832,-0.7417,0.5537,-0.2908,1.256,-1.851,0.244,0.0012045,-0.02289,0.0,0.0,-0.01613,0.0,0.1605,-5.92e-05,0.0,0.0,0.0,0.0,-0.5137,1.0,0.0,0.5,0.0086,0.502,0.0,2.0,1.0,0.0,0.0,0.0,0.0,-0.549
-0.00453,-0.004227,-0.00432,-0.4546,0.4517,2.572,0.10126,0.4092,0.3064,0.2544,0.2369,1.988,0.7144,-0.0891,0.0,0.0,-0.1958,-0.2974,0.316,0.0,0.2651,-0.3142,0.5737,0.4106,0.3152,0.2339,0.1285,0.5576,0.359,-0.7417,0.5415,1.043,0.3704,0.002205,-0.0209,0.0,0.0,-0.01083,0.0,0.1737,-0.08514,0.0,0.0,0.0,0.0,0.397,1.0,0.0,0.5,-0.1919,0.692,1.0,0.0,1.0,0.0,0.0,0.0,0.0,0.4294
-9.525e-05,0.000413,-8.2e-05,-1.115,1.133,2.572,0.10126,0.4526,1.115,0.516,0.2461,2.248,0.7144,-0.0891,0.0,0.0,-0.4194,-0.545,0.4846,0.0,0.2676,1.659,0.5576,0.4492,1.129,0.2407,0.3418,1.725,0.1815,0.5576,-0.2908,1.255,-0.2415,0.0111,-0.01855,0.0,0.0,-0.004356,0.0,0.2151,0.08203,0.0,0.0,0.0,0.0,2.273,1.0,0.5,0.5,-0.853,1.321,2.0,0.0,1.0,0.0,0.0,0.0,0.0,2.436
0.002707,0.00317,0.002766,-0.6577,0.667,2.572,0.10126,0.3193,0.6133,0.3848,0.2708,-0.3044,0.7144,-0.0891,0.0,0.0,-0.3186,-0.4119,0.4053,0.0,0.2703,0.3264,0.541,0.4695,0.638,0.259,1.028,-0.789,0.013115,1.725,-0.7417,0.5415,-0.8545,0.01598,-0.01724,0.0,0.0,0.0004241,0.0,0.1951,0.3616,0.0,0.0,0.0,0.0,-0.9766,0.0,0.5,0.5,-0.3892,0.898,0.0,1.0,1.0,0.0,0.0,0.0,0.0,-1.018
0.005882,0.00642,0.005867,-0.7573,0.773,2.572,0.10126,0.3599,0.7197,0.444,0.2961,0.303,0.7144,-0.0891,0.0,0.0,-0.3665,-0.4707,0.447,0.0,0.2727,0.1804,0.512,0.4753,0.751,0.2783,0.1293,0.4219,-0.039,-0.789,0.5576,-0.2905,1.897,0.01907,-0.01471,0.0,0.0,0.00426,0.0,0.2052,0.3887,0.0,0.0,0.0,0.0,0.4753,1.0,0.5,0.5,-0.485,1.0,1.0,0.0,1.0,0.0,0.0,0.0,0.0,0.5015
0.00928,0.00995,0.00913,-0.8115,0.8354,2.572,0.10126,0.4634,0.7866,0.4868,0.3176,0.2312,0.7144,-0.0792,0.0,0.0,-0.3938,-0.5195,0.4812,0.0,0.2751,0.9824,0.4717,0.472,0.828,0.2969,1.332,0.3418,-0.01927,0.4219,1.725,-0.741,-1.851,0.02174,-0.011375,0.0,0.0,0.007404,0.0,0.2134,0.387,0.0,0.0,0.0,0.0,0.3489,2.0,1.0,0.5,-0.5366,1.061,2.0,0.0,1.0,0.0,0.0,0.0,0.0,0.3657
0.011925,0.0126,0.01177,-0.6006,0.623,2.572,0.10126,0.4944,0.546,0.4324,0.3389,-0.1501,0.7144,-0.06934,0.0,0.0,-0.3442,-0.4727,0.4536,0.0,0.2778,-0.02876,0.3933,0.4607,0.6226,0.3108,0.971,-0.2742,0.006973,0.3418,-0.7886,0.557,1.043,0.02444,-0.00856,0.0,0.0,0.00957,0.0,0.2063,0.377,0.0,0.0,0.0,0.0,-0.2502,1.0,0.5,0.5,-0.3665,0.821,0.0,1.0,1.0,0.0,0.0,0.0,0.0,-0.2607
0.01387,0.01434,0.01392,-0.405,0.413,2.572,0.10126,0.4036,0.2766,0.3743,0.3657,-0.3037,0.7144,-0.05942,0.0,0.0,-0.3022,-0.4104,0.4238,0.0,0.2803,-0.5576,0.2844,0.4429,0.3767,0.3306,0.399,-0.2974,0.02994,-0.2742,0.4219,1.724,1.255,0.0281,-0.006493,0.0,0.0,0.010666,0.0,0.1986,0.4998,0.0,0.0,0.0,0.0,-0.2942,0.0,0.0,0.5,-0.2544,0.535,0.0,2.0,1.0,0.0,0.0,0.0,0.0,-0.3079
0.015205,0.015594,0.01535,-0.2335,0.2343,0.0633,0.10126,0.2402,0.0944,0.321,0.3708,-0.3672,0.7144,-0.0495,0.0,0.0,-0.2703,-0.3447,0.3962,0.0,0.2827,-0.7183,0.1704,0.4268,0.1652,0.3462,0.1454,-0.2766,0.03857,-0.2974,0.3418,-0.7886,0.5415,0.02994,-0.004505,0.0,0.0,0.011,0.0,0.1914,0.1382,0.0,0.0,0.0,0.0,-0.3005,0.0,-0.5,0.0,-0.1705,0.2744,0.0,3.0,1.0,0.0,0.0,0.0,0.0,-0.3164
0.015076,0.01518,0.01549,0.1886,-0.2098,0.0633,0.272,0.1472,-0.4211,0.1725,0.3857,-2.557,0.7144,-0.0396,-1.0,0.0,-0.1453,-0.1932,0.308,0.0,0.2854,0.0974,0.12177,0.416,-0.3887,0.3708,0.3403,-0.8896,0.001354,-0.2766,-0.274,0.4219,-0.2905,0.02594,-0.002508,0.0,0.0,0.01235,0.0,0.1693,0.3882,0.0,0.0,0.0,0.0,-0.978,-1.0,-0.5,0.0,0.2308,-0.1595,0.0,4.0,1.0,0.0,0.0,0.0,0.0,-1.034
0.01653,0.01651,0.01707,-0.2803,0.2563,0.0633,0.272,0.1307,0.014854,0.3245,0.4004,-1.42,0.7144,-0.02971,0.0,0.0,-0.2827,-0.3372,0.4119,0.0,0.2878,0.5483,0.0948,0.3967,0.042,0.3875,0.768,1.062,-0.01807,-0.8896,-0.2974,0.3416,-0.741,0.0261,0.000697,0.0,0.0,0.01435,0.0,0.1947,0.3982,0.0,0.0,0.0,0.0,1.161,-1.0,0.0,0.0,-0.2175,0.2925,1.0,0.0,1.0,0.0,0.0,0.0,0.0,1.246
0.01874,0.01869,0.01932,-0.494,0.471,0.0633,0.272,0.03482,0.2472,0.406,0.4087,2.104,0.7144,-0.0198,0.0,0.0,-0.3625,-0.4043,0.4702,0.0,0.2903,0.5586,0.1035,0.3687,0.263,0.401,0.53,0.588,-0.0131,1.062,-0.2766,-0.274,0.557,0.02661,0.005066,0.0,0.0,0.01654,0.0,0.2089,0.2766,0.0,0.0,0.0,0.0,0.508,0.0,0.0,0.0,-0.4165,0.5063,2.0,0.0,1.0,0.0,0.0,0.0,0.0,0.5356
0.01965,0.0196,0.02022,-0.12085,0.09424,0.0633,0.272,0.1262,-0.1198,0.2852,0.405,-0.968,0.5713,-0.0198,-1.0,0.0,-0.2484,-0.2996,0.3984,0.0,0.293,0.732,0.1177,0.3167,-0.1178,0.4072,-0.4048,-0.714,-0.048,0.588,-0.8896,-0.2974,1.724,0.02473,0.008934,0.0,0.0,0.01833,0.0,0.1908,-0.04803,0.0,0.0,0.0,0.0,-0.933,0.0,-0.5,-0.5,-0.04242,0.1598,0.0,1.0,1.0,0.0,0.0,0.0,0.0,-0.974
0.02122,0.0212,0.02179,-0.3123,0.2888,0.0633,0.272,0.2062,0.08514,0.3535,0.4092,-17.1,0.5713,-0.0099,0.0,0.0,-0.3015,-0.3718,0.4482,0.0,0.2954,0.8325,0.1277,0.2435,0.0917,0.414,0.02701,0.5,-0.1426,-0.714,1.061,-0.2766,-0.7886,0.02461,0.01236,0.0,0.0,0.02118,0.0,0.2028,0.1438,0.0,0.0,0.0,0.0,0.5117,1.0,0.0,0.0,-0.2366,0.3367,1.0,0.0,1.0,0.0,0.0,0.0,0.0,0.541
0.02176,0.0216,0.02245,-0.01637,-0.01869,0.0633,0.272,0.1854,-0.2483,0.2537,0.416,-1.684,0.4285,-0.0099,-1.0,0.0,-0.2152,-0.2754,0.3896,0.0,0.298,0.1512,0.123,0.1676,-0.228,0.4214,-0.2023,-0.5845,-0.157,0.5,0.588,-0.889,0.4216,0.02383,0.01461,0.0,0.0,0.02213,0.0,0.188,0.1843,0.0,0.0,0.0,0.0,-0.5366,1.0,-0.5,0.0,0.04874,0.04056,0.0,1.0,1.0,0.0,0.0,0.0,0.0,-0.562
0.02193,0.02171,0.02267,0.09,-0.1299,0.0633,0.3306,0.1704,-0.37,0.2122,0.4136,1.1455,0.2856,0.0,-1.0,0.0,-0.1792,-0.234,0.3687,0.0,0.3005,-0.5796,0.08795,0.1134,-0.3442,0.4243,-0.4458,-0.2115,-0.3152,-0.5845,-0.714,1.061,0.3416,0.02322,0.01611,0.0,0.0,0.02434,0.0,0.1825,0.0008035,0.0,0.0,0.0,0.0,-0.2427,0.0,-1.0,-0.5,0.07245,-0.1523,0.0,2.0,1.0,0.0,0.0,0.0,0.0,-0.2568
0.02153,0.02129,0.02228,0.2576,-0.3005,0.0633,0.3306,0.02103,-0.4966,0.1469,0.3892,0.687,0.1428,0.0099,-1.0,0.0,-0.1332,-0.1562,0.3323,0.0,0.303,-0.0904,0.02176,0.06122,-0.5054,0.421,-0.3462,-0.3687,-0.4033,-0.2115,0.5,0.5874,-0.274,0.02377,0.0169,0.0,0.0,0.02548,0.0,0.1733,-0.6074,0.0,0.0,0.0,0.0,-0.2996,-1.0,-1.0,-1.0,0.208,-0.3447,0.0,3.0,1.0,0.0,0.0,0.0,0.0,-0.318
0.02185,0.02162,0.0226,0.0437,-0.0835,0.0633,0.3306,0.02684,-0.2637,0.2086,0.3777,-0.5264,0.0,0.0198,-1.0,0.0,-0.1888,-0.2169,0.3777,0.0,0.3057,0.5747,-0.0551,0.02266,-0.2688,0.4175,-0.2386,0.461,-0.4214,-0.3687,-0.584,-0.714,-0.297,0.023,0.0174,0.0,0.0,0.02602,0.0,0.1843,-0.2268,0.0,0.0,0.0,0.0,0.2798,0.0,-0.5,-0.5,0.00808,-0.1292,1.0,0.0,1.0,0.0,0.0,0.0,0.0,0.299
0.02132,0.0211,0.02205,0.2961,-0.3376,-0.2278,0.3306,0.013306,-0.4875,0.1152,0.3555,1.795,-0.1428,0.02971,-1.0,0.0,-0.1048,-0.1243,0.3235,0.0,0.308,-0.1489,-0.1393,-0.01241,-0.4978,0.4102,-0.09875,-0.5464,-0.4104,0.461,-0.2114,0.5,-0.2766,0.01967,0.01723,0.0,0.0,0.0257,0.0,0.1707,-0.531,0.0,0.0,0.0,0.0,-0.6255,-1.0,-0.5,-1.0,0.2559,-0.3687,0.0,1.0,1.0,0.0,0.0,0.0,0.0,-0.663
0.01924,0.01913,0.0199,0.7617,-0.8037,-0.2278,0.3306,-0.0243,-0.91,-0.05243,0.321,1.389,-0.2856,0.02971,-1.0,0.0,0.04926,0.04764,0.22,0.0,0.3105,0.05927,-0.2275,-0.05222,-0.927,0.3933,0.3948,-1.059,-0.3447,-0.5464,-0.3687,-0.584,-0.889,0.01562,0.01765,0.0,0.0,0.02478,0.0,0.1447,-0.895,0.0,0.0,0.0,0.0,-1.232,-1.0,-0.5,-1.5,0.7344,-0.785,0.0,2.0,1.0,0.0,0.0,0.0,0.0,-1.319
0.01859,0.01846,0.01924,0.3354,-0.3728,-0.2278,0.3306,-0.0636,-0.4624,0.06525,0.298,-0.4749,-0.4285,0.02971,-1.0,0.0,-0.06537,-0.06744,0.2993,0.0,0.3132,-0.1588,-0.3174,-0.09973,-0.4822,0.3816,-0.291,0.825,-0.364,-1.059,0.4607,-0.2114,1.061,0.012245,0.01839,0.0,0.0,0.02509,0.0,0.1641,-0.557,0.0,0.0,0.0,0.0,0.8364,0.0,-0.5,-1.0,0.3591,-0.3313,1.0,0.0,1.0,0.0,0.0,0.0,0.0,0.911
0.01653,0.01654,0.01706,0.765,-0.8,-0.2278,0.3306,0.0971,-0.863,-0.09015,0.2678,1.408,-0.5713,0.02971,-1.0,0.0,0.0963,0.07477,0.2034,0.0,0.3157,0.914,-0.3743,-0.1602,-0.88,0.3657,-0.7163,-0.9834,-0.2983,0.825,-0.5464,-0.3687,0.5874,0.008026,0.01842,0.0,0.0,0.02417,0.0,0.14,-0.6924,0.0,0.0,0.0,0.0,-1.036,0.0,-1.0,-1.0,0.7993,-0.7134,0.0,1.0,1.0,0.0,0.0,0.0,0.0,-1.114
0.01484,0.01492,0.015274,0.657,-0.685,-0.558,0.3306,0.1769,-0.7446,-0.0793,0.2416,-0.0306,-0.7144,0.02971,-1.0,0.0,0.093,0.05597,0.2145,0.0,0.318,0.246,-0.3757,-0.226,-0.737,0.347,-0.4417,0.1149,-0.2686,-0.9834,-1.058,0.4607,-0.7134,0.004528,0.01863,0.0,0.0,0.02202,0.0,0.1425,-0.604,0.0,0.0,0.0,0.0,0.1377,0.0,-0.5,-0.5,0.654,-0.6484,1.0,0.0,1.0,0.0,0.0,0.0,0.0,0.1504
0.01467,0.014755,0.01511,0.1975,-0.2201,-0.558,0.3306,0.1406,-0.2969,0.05234,0.2343,-0.637,-0.7144,0.0396,-1.0,0.0,-0.03506,-0.07416,0.3037,0.0,0.3208,-0.1902,-0.3374,-0.2837,-0.2783,0.3433,-0.8564,0.929,-0.2637,0.1149,0.825,-0.5464,0.5,0.003878,0.01976,0.0,0.0,0.0212,0.0,0.1643,-0.1488,0.0,0.0,0.0,0.0,0.761,1.0,-0.5,0.0,0.2123,-0.199,2.0,0.0,1.0,0.0,0.0,0.0,0.0,0.83
0.01588,0.01598,0.01631,-0.2058,0.1882,-0.3962,0.3306,0.1588,0.156,0.1841,0.2255,-2.59,-0.7144,0.0396,0.0,0.0,-0.1548,-0.2057,0.393,0.0,0.3232,1.123,-0.2961,-0.3293,0.1698,0.3418,-0.5884,0.915,-0.2766,0.929,-0.9834,-1.058,-0.584,0.004227,0.0204,0.0,0.0,0.02077,0.0,0.1862,-0.1863,0.0,0.0,0.0,0.0,0.9443,2.0,0.0,0.0,-0.1526,0.2198,3.0,0.0,1.0,0.0,0.0,0.0,0.0,1.014
0.01732,0.01733,0.0178,-0.271,0.25,-0.2803,0.3306,0.0857,0.2861,0.2106,0.2122,0.6694,-0.7144,0.0396,0.0,0.0,-0.1853,-0.2244,0.415,0.0,0.3257,-0.1538,-0.258,-0.359,0.306,0.3362,-0.4585,0.2225,-0.302,0.915,0.1149,0.8247,-0.2114,0.0063,0.02214,0.0,0.0,0.02023,0.0,0.1915,-0.2874,0.0,0.0,0.0,0.0,0.05783,2.0,0.5,0.0,-0.2389,0.2534,4.0,0.0,1.0,0.0,0.0,0.0,0.0,0.06116
0.01878,0.01878,0.0193,-0.28,0.258,-0.2224,0.3306,-0.03223,0.3313,0.2206,0.2085,0.2664,-0.5713,0.0396,0.0,0.0,-0.2048,-0.2227,0.426,0.0,0.3284,-0.558,-0.2305,-0.3762,0.3745,0.3333,-0.2084,0.11084,-0.312,0.2225,0.929,-0.9834,-0.3684,0.01097,0.0234,0.0,0.0,0.02002,0.0,0.194,-0.05664,0.0,0.0,0.0,0.0,0.1022,3.0,1.0,0.5,-0.2678,0.2391,5.0,0.0,1.0,0.0,0.0,0.0,0.0,0.10767
0.01965,0.0196,0.0202,-0.1101,0.08356,-0.2224,0.3306,-0.03824,0.2012,0.1683,0.1971,-0.1766,-0.5713,0.0396,0.0,0.0,-0.1581,-0.1715,0.3962,0.0,0.3308,0.673,-0.2157,-0.3755,0.2448,0.3298,-0.427,-0.2988,-0.3188,0.11084,0.915,0.11487,0.4607,0.013176,0.02386,0.0,0.0,0.01979,0.0,0.1864,-0.2935,0.0,0.0,0.0,0.0,-0.2527,2.0,0.5,0.0,-0.12195,0.05176,0.0,1.0,1.0,0.0,0.0,0.0,0.0,-0.2659
0.02095,0.02092,0.02151,-0.2356,0.2112,-0.2224,0.3306,-0.09064,0.3572,0.2153,0.196,0.6846,-0.4285,0.0396,0.0,0.0,-0.2053,-0.212,0.4304,0.0,0.3333,-0.3208,-0.2216,-0.3665,0.4143,0.3296,-0.086,0.3447,-0.31,-0.2988,0.2225,0.9287,-0.5464,0.01833,0.02422,0.0,0.0,0.02007,0.0,0.1947,-0.010544,0.0,0.0,0.0,0.0,0.2627,2.0,1.0,0.5,-0.234,0.1843,1.0,0.0,1.0,0.0,0.0,0.0,0.0,0.2776
0.02292,0.02298,0.02339,-0.4165,0.3997,-0.2224,0.3987,-0.03464,0.57,0.288,0.2032,0.636,-0.2856,0.0396,0.0,0.0,-0.2654,-0.287,0.4812,0.0,0.336,0.2156,-0.2507,-0.3542,0.6436,0.3342,0.6113,0.509,-0.2844,0.3447,0.11084,0.9146,-1.058,0.02437,0.02501,0.0,0.0,0.02145,0.0,0.207,0.1986,0.0,0.0,0.0,0.0,0.43,2.0,1.5,1.0,-0.4004,0.3748,2.0,0.0,1.0,0.0,0.0,0.0,0.0,0.452
0.02545,0.02559,0.02583,-0.5723,0.5625,-0.2224,0.3987,-0.086,0.7446,0.3586,0.2196,0.423,-0.1428,0.0396,0.0,0.0,-0.3323,-0.3486,0.531,0.0,0.3384,-0.5293,-0.2993,-0.3506,0.812,0.3496,0.2866,0.4934,-0.2343,0.509,-0.2986,0.2224,0.8247,0.02951,0.02644,0.0,0.0,0.02242,0.0,0.219,0.4453,0.0,0.0,0.0,0.0,0.5713,2.0,1.5,1.5,-0.5483,0.5337,3.0,0.0,1.0,0.0,0.0,0.0,0.0,0.5957
0.0285,0.02876,0.02878,-0.714,0.7124,-0.2224,0.3987,-0.11365,0.922,0.4316,0.2372,0.3694,0.0,0.0396,0.0,0.0,-0.398,-0.4138,0.5815,0.0,0.3408,0.377,-0.352,-0.355,0.9272,0.3767,1.013,0.5,-0.1714,0.4934,0.3447,0.11084,-0.983,0.03378,0.02788,0.0,0.0,0.0233,0.0,0.2311,0.4573,0.0,0.0,0.0,0.0,0.8086,2.0,1.5,1.5,-0.6875,0.6753,4.0,0.0,1.0,-0.5,0.0,0.0,0.0,0.836
0.03065,0.03096,0.03088,-0.4573,0.4568,-0.2224,0.3987,-0.0957,0.64,0.3616,0.255,-0.1549,0.1428,0.0396,0.0,0.0,-0.3357,-0.3506,0.5405,0.0,0.3435,-0.1512,-0.3853,-0.3606,0.6597,0.3904,1.177,-0.399,-0.1279,0.5,0.5083,-0.2986,0.11487,0.03662,0.02817,0.0,0.0,0.02444,0.0,0.2207,0.507,0.0,0.0,0.0,0.0,-0.3838,2.0,1.5,1.5,-0.481,0.3853,0.0,1.0,1.0,-0.5,0.0,0.0,0.0,-0.3933
0.0327,0.03296,0.033,-0.4333,0.4294,-0.2224,0.3987,-0.1475,0.5596,0.3662,0.2847,0.02579,0.2856,0.0396,0.0,0.0,-0.3445,-0.3499,0.5483,0.0,0.346,-0.3862,-0.3428,-0.3591,0.5693,0.4167,0.8306,0.076,-0.0915,-0.399,0.4932,0.3445,0.9287,0.0394,0.02895,0.0,0.0,0.02525,0.0,0.2222,0.9785,1.0,0.0,0.0,0.0,0.09796,2.0,1.5,2.0,-0.4946,0.3188,1.0,0.0,1.0,-0.5,0.0,0.0,0.0,0.1011
0.03418,0.03442,0.0345,-0.265,0.258,-0.2224,0.3987,-0.1445,0.349,0.3188,0.3035,-0.199,0.4285,0.0396,0.0,0.0,-0.3027,-0.3057,0.522,0.0,0.3484,-0.2351,-0.2546,-0.3472,0.3354,0.4382,0.4353,-0.2603,-0.06537,0.076,0.5,0.5083,0.9146,0.04227,0.02934,0.0,0.0,0.0263,0.0,0.2153,0.685,0.0,0.0,0.0,0.0,-0.349,1.0,1.0,1.5,-0.372,0.1104,0.0,1.0,1.0,-0.5,0.0,0.0,0.0,-0.3599
0.0359,0.03595,0.03632,-0.3337,0.318,-0.2224,0.3987,-0.2651,0.3462,0.35,0.336,0.1357,0.5713,0.0396,0.0,0.0,-0.3408,-0.3237,0.5464,0.0,0.351,-0.488,-0.1425,-0.3167,0.3413,0.4617,0.3794,0.2396,-0.03476,-0.2603,-0.399,0.4932,0.2224,0.0449,0.0297,0.0,0.0,0.02773,0.0,0.2211,1.298,1.0,0.0,0.0,0.0,0.195,1.0,1.0,2.0,-0.426,0.1815,1.0,0.0,1.0,-0.5,0.0,0.0,0.0,0.2018
0.03802,0.03793,0.0386,-0.4607,0.4377,-0.2224,0.3987,-0.2996,0.4082,0.405,0.3713,0.2908,0.7144,0.0396,0.0,0.0,-0.3918,-0.3713,0.586,0.0,0.3535,-0.1172,-0.00875,-0.2537,0.3716,0.4956,0.392,0.3904,0.0005283,0.2396,0.076,0.5,0.1108,0.04724,0.0304,0.0,0.0,0.02975,0.0,0.2306,1.339,1.0,0.0,0.0,0.0,0.4443,1.0,1.0,2.0,-0.567,0.276,2.0,0.0,1.0,-0.5,0.0,0.0,0.0,0.4583
0.03766,0.03754,0.03833,0.2445,-0.2795,-0.2224,0.3987,-0.10034,-0.3691,0.1702,0.3826,-1.486,0.7144,0.0396,-1.0,0.0,-0.1653,-0.1674,0.436,0.0,0.356,1.788,0.0979,-0.1871,-0.411,0.5083,0.6714,-1.466,-0.001388,0.3904,-0.2603,-0.399,-0.2986,0.0451,0.03046,0.0,0.0,0.03023,0.0,0.1931,0.3372,0.0,0.0,0.0,0.0,-1.789,1.0,1.0,1.5,0.1279,-0.3977,0.0,1.0,1.0,-0.5,0.0,0.0,0.0,-1.832
0.0355,0.0354,0.0361,0.786,-0.824,-0.2224,-0.1539,-0.1431,-0.9336,-0.01938,0.371,2.58,0.5713,0.0396,-1.0,0.0,0.00713,0.02531,0.3147,0.0,0.3586,0.0957,0.1594,-0.1344,-0.9736,0.504,0.487,-1.215,0.001105,-1.466,0.2395,0.076,0.3445,0.03906,0.03003,0.0,0.0,0.03017,0.0,0.1626,-0.4048,0.0,0.0,0.0,0.0,-1.764,0.0,0.5,1.0,0.6885,-0.8794,0.0,2.0,1.0,-0.5,0.0,0.0,0.0,-1.853
0.03378,0.03375,0.0343,0.651,-0.683,-0.2224,-0.1539,-0.11334,-0.824,0.002253,0.3582,-0.003279,0.4285,0.0396,-1.0,0.0,-0.010704,0.000551,0.3313,0.0,0.361,0.2578,0.177,-0.0963,-0.845,0.4932,0.10706,0.1691,-0.04608,-1.215,0.3904,-0.26,0.5083,0.0343,0.03015,0.0,0.0,0.03105,0.0,0.1664,-0.426,0.0,0.0,0.0,0.0,0.214,1.0,0.5,1.0,0.563,-0.7383,1.0,0.0,1.0,-0.5,0.0,0.0,0.0,0.2294
0.03427,0.0343,0.03476,0.006355,-0.02844,-0.2224,-0.1539,-0.01468,-0.1866,0.2029,0.358,-0.8433,0.2856,0.0396,-1.0,0.0,-0.1873,-0.2073,0.4646,0.0,0.3635,0.8857,0.1694,-0.0645,-0.2048,0.4937,-0.287,1.36,-0.06964,0.1691,-1.465,0.2395,0.4932,0.0324,0.03043,0.0,0.0,0.03238,0.0,0.1992,-0.0256,0.0,0.0,0.0,0.0,1.237,1.0,0.5,1.0,0.009346,-0.03503,2.0,0.0,1.0,-0.5,0.0,0.0,0.0,1.322
0.03403,0.03403,0.03455,0.2131,-0.2402,-0.2224,-0.1539,-0.0928,-0.4102,0.1301,0.356,3.574,0.1428,0.0396,-1.0,0.0,-0.128,-0.1289,0.4207,0.0,0.3662,-0.3787,0.134,-0.04074,-0.424,0.495,-0.6367,-0.4397,-0.1593,1.36,-1.215,0.3904,0.5,0.0301,0.03017,0.0,0.0,0.03412,0.0,0.188,-0.0684,0.0,0.0,0.0,0.0,-0.4497,0.0,0.0,1.0,0.2107,-0.2366,0.0,1.0,1.0,-0.5,0.0,0.0,0.0,-0.47
0.03357,0.03357,0.0341,0.2805,-0.308,-0.2224,-0.1539,-0.10736,-0.4817,0.1003,0.3489,0.409,0.0,0.0396,-1.0,0.0,-0.10187,-0.0981,0.404,0.0,0.3687,-0.54,0.06573,-0.03238,-0.4807,0.4902,-0.486,-0.1661,-0.2588,-0.4397,0.1691,-1.465,-0.3987,0.02689,0.0302,0.0,0.0,0.03564,0.0,0.1836,-0.2145,0.0,0.0,0.0,0.0,-0.2163,0.0,0.0,0.5,0.2563,-0.323,0.0,2.0,1.0,-0.5,0.0,0.0,0.0,-0.2277
0.03476,0.0348,0.03528,-0.201,0.1805,-0.2224,-0.1539,-0.0771,0.0297,0.26,0.348,-1.387,0.0,0.0396,0.0,0.0,-0.2444,-0.2563,0.511,0.0,0.371,0.927,-0.03041,-0.03192,0.02972,0.4915,-0.6167,1.077,-0.304,-0.1661,1.36,-1.215,0.0759,0.02519,0.03053,0.0,0.0,0.0373,0.0,0.2098,-0.0567,0.0,0.0,0.0,0.0,0.8423,1.0,0.0,0.5,-0.1688,0.1897,1.0,0.0,1.0,-0.5,0.0,0.0,0.0,0.889
0.03717,0.03726,0.03763,-0.532,0.519,-0.2224,-0.1539,-0.03983,0.4258,0.3867,0.3503,3.143,0.0,0.0396,0.0,0.0,-0.3525,-0.3792,0.597,0.0,0.3738,-0.163,-0.1371,-0.03656,0.414,0.4978,-0.478,0.851,-0.2812,1.077,-0.4397,0.1691,-0.26,0.02884,0.03165,0.0,0.0,0.03894,0.0,0.2307,0.0345,0.0,0.0,0.0,0.0,1.04,1.0,0.5,0.5,-0.4658,0.5396,2.0,0.0,1.0,-0.5,0.0,0.0,0.0,1.078
0.04105,0.0412,0.04138,-0.9155,0.9136,0.1427,-0.1539,-0.0807,0.9126,0.547,0.3574,1.131,0.0,0.0396,0.0,0.0,-0.4934,-0.522,0.6133,1.0,-0.2903,0.2698,-0.222,-0.0461,0.868,0.4204,-0.58,1.064,-0.1909,0.851,-0.1661,1.36,0.2395,0.03772,0.03345,0.0,0.0,0.04126,0.0,0.257,0.1659,0.0,0.0,0.0,0.0,2.264,1.0,0.5,0.5,-0.798,0.96,3.0,0.0,1.0,-0.5,0.0,0.0,0.0,2.314
0.0443,0.04456,0.0446,-0.7534,0.7534,0.1427,-0.1539,-0.12195,0.789,0.517,0.3672,0.010796,0.0,0.0396,0.0,0.0,-0.4717,-0.491,0.5996,0.0,-0.2878,-0.681,-0.3237,-0.0675,0.79,0.4224,-0.7246,-0.1373,-0.132,1.064,1.077,-0.4395,0.3901,0.04587,0.03537,0.0,0.0,0.0434,0.0,0.2537,0.2412,0.0,0.0,0.0,0.0,-0.04358,1.0,0.0,0.5,-0.645,0.8027,0.0,1.0,1.0,-0.5,0.0,0.0,0.0,-0.0438
0.04776,0.04813,0.04797,-0.8037,0.8105,0.1427,-0.1539,-0.1335,0.891,0.5605,0.3784,0.267,0.0,0.0396,0.0,0.0,-0.5093,-0.529,0.6133,1.0,-0.2903,-0.572,-0.4036,-0.101,0.917,0.4106,0.2544,0.3284,-0.0781,-0.1373,0.8506,-0.166,-1.465,0.0518,0.03723,0.0,0.0,0.04605,0.0,0.2617,0.2947,0.0,0.0,0.0,0.0,0.2306,2.0,0.5,0.5,-0.693,0.8584,1.0,0.0,1.0,-0.5,0.0,0.0,0.0,0.2322
0.05048,0.05084,0.0506,-0.5894,0.5957,0.1427,-0.1539,-0.1588,0.685,0.5073,0.391,-0.08185,0.0,0.0396,0.0,0.0,-0.4668,-0.4788,0.5845,0.0,-0.2878,-0.6533,-0.4639,-0.1482,0.746,0.4163,1.171,-0.2844,-0.04727,0.3284,1.064,1.077,-1.215,0.05804,0.03925,0.0,0.0,0.04816,0.0,0.2542,0.2852,0.0,0.0,0.0,0.0,-0.178,1.0,0.5,0.5,-0.4897,0.648,0.0,1.0,0.0,-0.5,0.0,0.0,0.0,-0.1782
0.05286,0.05328,0.05295,-0.5073,0.516,0.1427,-0.1539,-0.148,0.622,0.4958,0.4,0.0566,0.0,0.0396,0.0,0.0,-0.456,-0.4692,0.582,0.0,-0.2854,-0.3965,-0.489,-0.2096,0.7144,0.4207,1.303,-0.02116,-0.0159,-0.2844,-0.1373,0.8506,0.1691,0.06464,0.04178,0.0,0.0,0.04987,0.0,0.2537,0.2297,0.0,0.0,0.0,0.0,-0.01097,0.0,0.0,0.0,-0.4338,0.5464,0.0,2.0,0.0,-0.5,0.0,0.0,0.0,-0.01103
0.0538,0.05423,0.05392,-0.10614,0.11,0.1427,-0.1539,-0.1467,0.2236,0.3647,0.3958,-0.4497,0.0,0.0396,0.0,0.0,-0.343,-0.3486,0.503,0.0,-0.2827,-0.4119,-0.4707,-0.2769,0.3203,0.4224,0.7104,-0.773,-0.00938,-0.02116,0.3284,1.064,1.359,0.06696,0.04346,0.0,0.0,0.05054,0.0,0.2334,-0.0719,0.0,0.0,0.0,0.0,-0.493,-1.0,-0.5,-0.5,-0.09064,0.1082,0.0,3.0,0.0,-0.5,0.0,0.0,0.0,-0.496
0.0548,0.0551,0.05502,-0.126,0.1242,0.1427,-0.1539,-0.2896,0.2062,0.3726,0.4097,0.08655,0.1428,0.0396,0.0,0.0,-0.3628,-0.3423,0.5127,0.0,-0.2803,0.11975,-0.4417,-0.33,0.3264,0.431,1.07,0.09656,-0.002872,-0.773,-0.2844,-0.1373,-0.4395,0.06757,0.04572,0.0,0.0,0.05087,0.0,0.2356,0.3857,0.0,0.0,0.0,0.0,0.10974,0.0,0.0,0.0,-0.1637,0.06305,1.0,0.0,0.0,-0.5,0.0,0.0,0.0,0.1119
0.0558,0.05597,0.05615,-0.1271,0.1161,0.1427,-0.1539,-0.363,0.1238,0.372,0.4363,-0.1384,0.2856,0.0396,0.0,0.0,-0.369,-0.3347,0.518,0.0,-0.2778,-0.659,-0.3784,-0.371,0.2339,0.4558,1.295,0.05356,0.00553,0.09656,-0.02116,0.3281,-0.166,0.0658,0.0479,0.0,0.0,0.05157,0.0,0.2367,0.887,1.0,0.0,0.0,0.0,0.04672,0.0,0.5,0.5,-0.1664,0.05316,2.0,0.0,0.0,-0.5,0.0,0.0,0.0,0.04755
0.05652,0.05655,0.05704,-0.05835,0.03714,0.1427,-0.1539,-0.396,-0.02773,0.3467,0.46,-0.5527,0.4285,0.0396,0.0,0.0,-0.3496,-0.3079,0.5073,0.0,-0.2751,-0.225,-0.2983,-0.3748,0.06494,0.4802,0.7793,-0.107,0.01102,0.05356,-0.773,-0.2844,1.077,0.0641,0.04962,0.0,0.0,0.05212,0.0,0.2338,0.8047,1.0,0.0,0.0,0.0,-0.09393,0.0,0.0,0.0,-0.1598,-0.08813,0.0,1.0,0.0,-0.5,0.0,0.0,0.0,-0.0956
0.05652,0.05646,0.05713,0.1433,-0.1719,0.1427,-0.1539,-0.4778,-0.271,0.2717,0.4634,-2.908,0.4285,0.0495,-1.0,0.0,-0.2905,-0.229,0.465,0.0,-0.2727,-0.0712,-0.2328,-0.3618,-0.1868,0.4905,0.3203,-0.418,0.00963,-0.107,0.0965,-0.02116,0.8506,0.0607,0.05057,0.0,0.0,0.05255,0.0,0.2229,0.2803,0.0,0.0,0.0,0.0,-0.3054,0.0,-0.5,-0.5,0.03125,-0.293,0.0,2.0,0.0,-0.5,0.0,0.0,0.0,-0.3113
0.05594,0.0558,0.05658,0.3145,-0.3484,0.1427,-0.1539,-0.405,-0.499,0.202,0.4673,1.75,0.4285,0.05942,-1.0,0.0,-0.2214,-0.1691,0.4263,0.0,-0.2703,0.3032,-0.177,-0.333,-0.424,0.501,-0.3591,-0.3887,0.010185,-0.418,0.05353,-0.7725,1.064,0.05704,0.05124,0.0,0.0,0.05246,0.0,0.2128,0.3,0.0,0.0,0.0,0.0,-0.3396,0.0,-1.0,-0.5,0.2056,-0.4526,0.0,3.0,0.0,-0.5,0.0,0.0,0.0,-0.3484
0.05487,0.0547,0.0556,0.4414,-0.4814,0.1427,-0.1539,-0.3335,-0.69,0.1415,0.4683,0.6875,0.4285,0.06934,-1.0,0.0,-0.1599,-0.11694,0.3938,0.0,-0.2676,0.151,-0.1257,-0.2815,-0.662,0.5186,-0.3757,-0.326,0.01309,-0.3887,-0.107,0.0965,-0.1373,0.0527,0.05164,0.0,0.0,0.0518,0.0,0.2043,0.2268,0.0,0.0,0.0,0.0,-0.2622,-1.0,-1.0,-0.5,0.289,-0.623,0.0,4.0,0.0,-0.5,0.0,0.0,0.0,-0.271
0.05478,0.0545,0.05557,0.1696,-0.2097,0.1427,-0.1539,-0.45,-0.4426,0.215,0.4639,-0.3289,0.2856,0.0792,-1.0,0.0,-0.2373,-0.1774,0.4478,0.0,-0.2651,-0.2275,-0.0968,-0.2355,-0.426,0.524,-0.7,0.5464,-0.007584,-0.326,-0.418,0.05353,0.3281,0.05142,0.0525,0.0,0.0,0.05276,0.0,0.2179,0.05054,0.0,0.0,0.0,0.0,0.3723,-1.0,-1.0,-0.5,0.01973,-0.3699,1.0,0.0,0.0,-0.5,0.0,0.0,0.0,0.3865
0.05576,0.05548,0.05655,-0.1364,0.0994,0.1427,0.5864,-0.4807,-0.117,0.3108,0.4568,-0.9478,0.1428,0.0891,-1.0,0.0,-0.3254,-0.2659,0.517,0.0,-0.2627,0.03223,-0.0877,-0.2021,-0.09656,0.5244,-0.621,0.693,-0.0988,0.5464,-0.3884,-0.10693,-0.2842,0.0515,0.05356,0.0,0.0,0.0553,0.0,0.235,-0.008545,0.0,0.0,0.0,0.0,0.8276,0.0,-0.5,-0.5,-0.2866,-0.0851,2.0,0.0,0.0,-0.5,0.0,0.0,0.0,0.852
0.05664,0.05634,0.0575,-0.11615,0.07635,0.1427,0.5864,-0.555,-0.08545,0.3013,0.4375,-17.1,0.1428,0.099,0.0,0.0,-0.3237,-0.2496,0.518,0.0,-0.26,-0.544,-0.0918,-0.1877,-0.06,0.518,-0.6494,0.0107,-0.2047,0.693,-0.326,-0.418,-0.02116,0.0515,0.05435,0.0,0.0,0.05768,0.0,0.235,-0.541,0.0,0.0,0.0,0.0,0.0113,1.0,0.0,-0.5,-0.2734,-0.1142,3.0,0.0,0.0,-0.5,0.0,0.0,0.0,0.0115
0.05725,0.05695,0.0581,-0.03568,-0.004997,0.1427,0.5864,-0.4724,-0.1226,0.2708,0.4192,-1.231,0.0,0.1089,-1.0,0.0,-0.2893,-0.2286,0.5054,0.0,-0.2576,0.2227,-0.11487,-0.1831,-0.10956,0.515,-0.1982,-0.1284,-0.2363,0.0107,0.5464,-0.3884,-0.7725,0.05148,0.0548,0.0,0.0,0.05887,0.0,0.2314,-0.536,0.0,0.0,0.0,0.0,-0.1144,1.0,0.0,-0.5,-0.209,-0.2067,0.0,1.0,0.0,-0.5,0.0,0.0,0.0,-0.11633
0.05905,0.05875,0.05988,-0.358,0.3218,0.1427,0.5864,-0.3555,0.2715,0.3816,0.4058,-17.1,0.0,0.11884,0.0,0.0,-0.3765,-0.3445,0.5845,0.0,-0.2551,1.112,-0.1442,-0.1837,0.2576,0.5176,-0.2576,0.7827,-0.2896,-0.1284,0.693,-0.326,0.0965,0.05423,0.05542,0.0,0.0,0.0611,0.0,0.251,-0.2783,0.0,0.0,0.0,0.0,1.362,2.0,0.0,-0.5,-0.4858,0.1445,1.0,0.0,0.0,-0.5,0.0,0.0,0.0,1.389
0.06216,0.06198,0.0629,-0.7144,0.6895,0.1427,0.5864,-0.299,0.7104,0.5205,0.4067,1.388,0.0,0.1287,0.0,0.0,-0.4905,-0.477,0.6133,1.0,-0.2903,0.2598,-0.1737,-0.1886,0.6636,0.4624,-0.2467,0.9526,-0.3289,0.7827,0.0107,0.546,0.05353,0.06012,0.05676,0.0,0.0,0.0642,0.0,0.2751,0.272,0.0,0.0,0.0,0.0,1.4795,2.0,0.0,0.0,-0.776,0.5566,2.0,0.0,0.0,-0.5,0.0,0.0,0.0,1.488
0.065,0.06494,0.0657,-0.635,0.6143,0.1427,0.5864,-0.308,0.6797,0.512,0.4087,0.1023,0.0,0.1287,0.0,0.0,-0.4841,-0.4688,0.6133,1.0,-0.2903,-0.511,-0.2017,-0.1919,0.585,0.4788,-0.0779,0.01042,-0.3098,0.9526,-0.1284,0.6924,-0.10693,0.0668,0.0581,0.0,0.0,0.0665,0.0,0.275,0.2864,0.0,0.0,0.0,0.0,0.01846,2.0,0.5,0.5,-0.7437,0.4363,3.0,0.0,0.0,-0.5,0.0,0.0,0.0,0.0183
0.06775,0.0677,0.0683,-0.59,0.5728,0.1427,0.5864,-0.3289,0.65,0.514,0.4211,0.1018,0.0,0.1287,0.0,0.0,-0.4878,-0.4685,0.6133,1.0,-0.2903,-0.6245,-0.2435,-0.1946,0.564,0.483,0.2932,0.07294,-0.266,0.01042,0.7827,0.0107,-0.4177,0.0724,0.0596,0.0,0.0,0.0682,0.0,0.2764,0.773,1.0,0.0,0.0,0.0,0.08905,2.0,1.0,1.0,-0.705,0.3914,4.0,0.0,0.0,-0.5,0.0,0.0,0.0,0.0882
0.07,0.07,0.07056,-0.4785,0.4622,-0.4695,0.5864,-0.371,0.5435,0.489,0.4307,-0.0096,0.0,0.1387,0.0,0.0,-0.4705,-0.442,0.604,0.0,-0.2878,-0.427,-0.285,-0.188,0.4463,0.4978,0.6753,-0.0936,-0.2338,0.07294,0.9526,-0.1283,-0.3884,0.0762,0.06094,0.0,0.0,0.0689,0.0,0.2737,0.678,0.0,0.0,0.0,0.0,-0.1064,2.0,1.0,0.5,-0.6,0.2825,0.0,1.0,0.0,-0.5,0.0,0.0,0.0,-0.10516
0.072,0.072,0.0725,-0.3948,0.381,-0.4695,0.5864,-0.3022,0.4622,0.4695,0.4377,0.00752,0.0,0.1486,0.0,0.0,-0.4475,-0.4304,0.5986,0.0,-0.2854,0.07904,-0.2874,-0.1823,0.352,0.512,1.035,-0.0521,-0.2053,-0.0936,0.01042,0.7827,-0.3257,0.0798,0.06204,0.0,0.0,0.06964,0.0,0.2717,0.6255,0.0,0.0,0.0,0.0,-0.0802,1.0,1.0,0.0,-0.5264,0.1968,0.0,2.0,0.0,-0.5,0.0,0.0,0.0,-0.07947
0.0736,0.07367,0.0741,-0.297,0.2832,-0.4695,0.5864,-0.3054,0.355,0.4421,0.4453,-0.0605,0.0,0.1584,0.0,0.0,-0.4243,-0.405,0.588,0.0,-0.2827,-0.326,-0.26,-0.1769,0.2507,0.523,0.8735,-0.1043,-0.1892,-0.0521,0.0729,0.952,0.546,0.08344,0.06384,0.0,0.0,0.07007,0.0,0.2688,0.6255,0.0,0.0,0.0,0.0,-0.12195,0.0,0.5,0.0,-0.4517,0.08185,0.0,3.0,0.0,-0.5,0.0,0.0,0.0,-0.1209
0.07446,0.07446,0.07495,-0.077,0.05914,-0.4695,0.5864,-0.2976,0.0976,0.3687,0.4548,-0.4575,0.1428,0.1584,0.0,0.0,-0.36,-0.338,0.5464,0.0,-0.2803,-0.1486,-0.2327,-0.1758,0.01216,0.5312,0.5776,-0.4075,-0.1827,-0.1043,-0.0936,0.010414,0.6924,0.08435,0.0661,0.0,0.0,0.0704,0.0,0.2578,0.6255,0.0,0.0,0.0,0.0,-0.3887,-1.0,0.0,0.0,-0.2433,-0.1381,0.0,4.0,0.0,-0.5,0.0,0.0,0.0,-0.386
0.0741,0.0741,0.07465,0.2369,-0.2607,-0.4695,0.545,-0.2247,-0.2734,0.2566,0.4614,-1.77,0.1428,0.1584,-1.0,0.0,-0.2546,-0.239,0.4788,0.0,-0.2778,0.8677,-0.2043,-0.1802,-0.3489,0.5396,0.636,-0.6626,-0.1837,-0.4075,-0.0521,0.0729,0.0107,0.08136,0.0679,0.0,0.0,0.0701,0.0,0.2402,0.4465,0.0,0.0,0.0,0.0,-0.858,-2.0,-0.5,0.0,0.0703,-0.434,0.0,5.0,0.0,0.0,0.0,0.0,0.0,-0.858
0.0743,0.07416,0.07495,0.10254,-0.1327,-0.4695,0.545,-0.2495,-0.2028,0.2925,0.4758,-0.3464,0.1428,0.1584,-1.0,0.0,-0.2886,-0.2705,0.507,0.0,-0.2751,-0.08307,-0.1683,-0.1942,-0.2515,0.547,0.7393,0.2766,-0.1887,-0.6626,-0.1043,-0.0936,-0.1283,0.07904,0.06915,0.0,0.0,0.0708,0.0,0.247,0.7314,0.0,0.0,0.0,0.0,0.342,-1.0,0.0,0.5,-0.06537,-0.3176,1.0,0.0,0.0,0.0,0.0,0.0,0.0,0.346
0.0765,0.0763,0.07715,-0.4521,0.4265,-0.4695,0.545,-0.226,0.3367,0.4849,0.498,-6.605,0.2856,0.1584,0.0,0.0,-0.4539,-0.452,0.6133,1.0,-0.2903,0.4043,-0.1323,-0.2095,0.321,0.534,0.296,1.292,-0.154,0.2766,-0.4075,-0.0521,0.782,0.0796,0.0713,0.0,0.0,0.07245,0.0,0.28,0.9214,1.0,0.0,0.0,0.0,1.452,0.0,0.0,0.5,-0.553,0.2712,2.0,0.0,0.0,0.0,0.0,0.0,0.0,1.462
0.078,0.07776,0.07874,-0.2798,0.2494,-0.4695,0.545,-0.2578,0.1443,0.4326,0.5083,-0.3237,0.4285,0.1584,0.0,0.0,-0.4119,-0.401,0.586,0.0,-0.2878,-0.4558,-0.0982,-0.2078,0.1254,0.5474,-0.2285,-0.2695,-0.1384,1.292,-0.6626,-0.10425,0.952,0.0797,0.0734,0.0,0.0,0.0738,0.0,0.2727,0.587,0.0,0.0,0.0,0.0,-0.2324,0.0,-0.5,0.0,-0.377,0.1117,0.0,1.0,0.0,0.0,0.0,0.0,0.0,-0.2289
0.078,0.0777,0.0788,0.1406,-0.1785,-0.4695,0.545,-0.1915,-0.3096,0.2861,0.5073,-1.776,0.2856,0.1683,-1.0,0.0,-0.2778,-0.2703,0.4973,0.0,-0.2854,-0.1572,-0.0893,-0.1975,-0.3203,0.5522,-0.2325,-0.8643,-0.1478,-0.2695,0.2766,-0.4072,0.010414,0.0779,0.07446,0.0,0.0,0.0745,0.0,0.2496,0.1483,0.0,0.0,0.0,0.0,-0.965,0.0,-1.0,-0.5,0.05798,-0.2678,0.0,2.0,0.0,0.0,0.0,0.0,0.0,-0.955
0.0786,0.07825,0.0795,-0.04324,0.001353,-0.4695,0.545,-0.2556,-0.154,0.3408,0.5137,-0.7344,0.2856,0.1782,-1.0,0.0,-0.332,-0.316,0.539,0.0,-0.2827,-0.3918,-0.1029,-0.1881,-0.1522,0.5557,-0.3335,0.412,-0.1709,-0.8643,1.292,-0.6626,0.0729,0.07733,0.0753,0.0,0.0,0.0759,0.0,0.26,0.3286,0.0,0.0,0.0,0.0,0.4458,1.0,-1.0,0.0,-0.1307,-0.10754,1.0,0.0,0.0,0.0,0.0,0.0,0.0,0.4478
0.0774,0.0771,0.07825,0.482,-0.5273,-0.4695,0.545,-0.2766,-0.6885,0.1558,0.499,14.88,0.1428,0.1782,-1.0,0.0,-0.168,-0.1364,0.4238,0.0,-0.2803,0.01678,-0.1454,-0.1846,-0.6934,0.5557,-0.3052,-1.133,-0.2148,0.412,-0.2695,0.2764,-0.09357,0.075,0.0749,0.0,0.0,0.0767,0.0,0.2301,-0.345,0.0,0.0,0.0,0.0,-1.761,0.0,-1.0,-0.5,0.3718,-0.6206,0.0,1.0,0.0,0.0,0.0,0.0,0.0,-1.756
0.07574,0.0755,0.0765,0.615,-0.657,-0.4695,0.4543,-0.2815,-0.798,0.09235,0.4692,0.3525,0.0,0.1782,-1.0,0.0,-0.11005,-0.0735,0.3877,0.0,-0.2778,0.1415,-0.2057,-0.1852,-0.8247,0.5483,-0.3704,-0.3635,-0.2754,-1.133,-0.864,1.291,-0.05206,0.07336,0.0744,0.0,0.0,0.07745,0.0,0.2205,-0.8525,0.0,0.0,0.0,0.0,-0.3457,-1.0,-1.0,-1.0,0.5137,-0.7305,0.0,2.0,0.0,0.0,0.0,0.0,0.0,-0.3516
0.0737,0.0736,0.0744,0.714,-0.7505,-0.4695,0.294,-0.2037,-0.871,0.03647,0.435,0.261,-0.1428,0.1881,-1.0,0.0,-0.05103,-0.02527,0.3567,0.0,-0.2751,0.1061,-0.2715,-0.1989,-0.8726,0.526,-0.4216,-0.312,-0.2788,-0.3635,0.4119,-0.2693,-0.10425,0.07043,0.07355,0.0,0.0,0.0775,0.0,0.2123,-0.9316,0.0,0.0,0.0,0.0,-0.4036,-1.0,-1.0,-1.5,0.6167,-0.8115,0.0,3.0,0.0,0.0,0.0,0.0,0.0,-0.4126
0.0726,0.0725,0.0732,0.4724,-0.5034,-0.4695,0.294,-0.1173,-0.6045,0.0911,0.4038,-0.2443,-0.2856,0.198,-1.0,0.0,-0.09424,-0.0881,0.3984,0.0,-0.2727,0.514,-0.332,-0.2211,-0.5933,0.509,-0.2905,0.4219,-0.2698,-0.312,-1.133,-0.864,-0.4072,0.06537,0.07306,0.0,0.0,0.07733,0.0,0.2225,-0.7773,0.0,0.0,0.0,0.0,0.557,0.0,-0.5,-1.5,0.4053,-0.5503,1.0,0.0,0.0,0.0,0.0,0.0,0.0,0.5728
0.07227,0.07214,0.0729,0.2267,-0.2556,-0.4695,0.294,-0.1249,-0.325,0.1547,0.3787,-0.4834,-0.4285,0.2079,-1.0,0.0,-0.1534,-0.1499,0.4463,0.0,-0.2703,-0.3184,-0.3643,-0.2537,-0.3064,0.4966,0.05457,0.4834,-0.2778,0.4219,-0.3635,0.4119,-0.6626,0.0621,0.0728,0.0,0.0,0.0776,0.0,0.2345,-0.5615,0.0,0.0,0.0,0.0,0.5864,0.0,0.0,-1.0,0.1968,-0.281,2.0,0.0,0.0,0.0,0.0,0.0,0.0,0.5986
0.0717,0.0716,0.0724,0.2935,-0.3254,-0.4695,0.294,-0.1732,-0.3577,0.11847,0.3518,0.3137,-0.5713,0.2178,-1.0,0.0,-0.12445,-0.1097,0.4292,0.0,-0.2676,-0.531,-0.3547,-0.2927,-0.323,0.4824,-0.1263,-0.1704,-0.2861,0.4834,-0.312,-1.133,0.2764,0.0605,0.07294,0.0,0.0,0.0777,0.0,0.2297,-0.591,0.0,0.0,0.0,0.0,-0.2161,0.0,-0.5,-1.0,0.2644,-0.3447,0.0,1.0,0.0,0.0,0.0,0.0,0.0,-0.2188
0.0718,0.0716,0.07245,0.1365,-0.169,-0.4695,0.294,-0.2047,-0.1656,0.1581,0.3308,-0.725,-0.7144,0.2278,-1.0,0.0,-0.1636,-0.1455,0.4612,0.0,-0.2651,-0.55,-0.3208,-0.3333,-0.129,0.474,-0.981,0.3206,-0.2827,-0.1704,0.4216,-0.3635,1.291,0.05865,0.07324,0.0,0.0,0.0775,0.0,0.2377,-0.4492,0.0,0.0,0.0,0.0,0.2927,1.0,-0.5,-0.5,0.11255,-0.1948,1.0,0.0,0.0,0.0,0.0,0.0,0.0,0.2974
0.07355,0.0735,0.0742,-0.3538,0.3308,-0.4695,0.294,-0.141,0.3728,0.3215,0.3262,-11.54,-0.7144,0.2377,0.0,0.0,-0.3047,-0.3086,0.575,0.0,-0.2627,0.935,-0.2947,-0.3684,0.395,0.4797,-0.9023,1.137,-0.285,0.3206,0.4832,-0.312,-0.2693,0.06223,0.0741,0.0,0.0,0.07745,0.0,0.2664,0.006077,0.0,0.0,0.0,0.0,1.982,2.0,0.0,0.0,-0.3276,0.3215,2.0,0.0,0.0,0.0,0.0,0.0,0.0,2.002
0.074,0.0738,0.07465,0.03683,-0.066,-0.4695,0.294,-0.1959,-0.0312,0.19,0.3215,-0.765,-0.5713,0.2476,0.0,0.0,-0.1919,-0.1775,0.4954,0.0,-0.26,-0.0431,-0.2712,-0.3906,0.003498,0.481,-0.3508,-0.782,-0.3003,1.137,-0.1704,0.4216,-0.864,0.06476,0.0745,0.0,0.0,0.0767,0.0,0.2456,-0.03075,0.0,0.0,0.0,0.0,-0.8467,1.0,0.0,0.0,0.0683,-0.03925,0.0,1.0,0.0,0.0,0.0,0.0,0.0,-0.8394
0.076,0.07587,0.0766,-0.4036,0.3833,-0.6,0.294,-0.201,0.442,0.3413,0.3254,6.324,-0.4285,0.2573,0.0,0.0,-0.3274,-0.3213,0.6006,0.0,-0.2576,-0.2207,-0.2576,-0.4072,0.4841,0.4868,-0.6147,1.046,-0.2954,-0.782,0.3206,0.4832,0.4119,0.07043,0.0758,0.0,0.0,0.07684,0.0,0.2725,0.1526,0.0,0.0,0.0,0.0,1.083,1.0,0.0,0.0,-0.3623,0.3865,1.0,0.0,0.0,0.0,0.0,0.0,0.0,1.088
0.0771,0.07697,0.0777,-0.1578,0.1317,-0.6,0.294,-0.1963,0.2393,0.2612,0.3088,-0.2559,-0.4285,0.2673,0.0,0.0,-0.256,-0.2461,0.555,0.0,-0.2551,0.3235,-0.2532,-0.4146,0.2532,0.489,0.1508,-0.4465,-0.3037,1.046,1.137,-0.1704,-1.133,0.07416,0.0771,0.0,0.0,0.0766,0.0,0.2603,-0.2974,0.0,0.0,0.0,0.0,-0.656,1.0,0.0,-0.5,-0.1203,0.1499,0.0,1.0,0.0,0.0,0.0,0.0,0.0,-0.6475
0.07886,0.07874,0.07947,-0.3367,0.3147,-0.6,0.294,-0.151,0.472,0.3252,0.3005,0.863,-0.4285,0.2773,0.0,0.0,-0.3088,-0.311,0.604,0.0,-0.2524,0.2115,-0.264,-0.4143,0.4949,0.4878,0.4622,0.4814,-0.2915,-0.4465,-0.782,0.3203,-0.3635,0.0778,0.0788,0.0,0.0,0.07684,0.0,0.2725,-0.0893,0.0,0.0,0.0,0.0,0.3948,1.0,0.5,0.0,-0.3108,0.3064,1.0,0.0,-0.5,0.0,0.0,0.0,0.0,0.3928
0.07904,0.079,0.0796,0.0943,-0.11945,-0.6,0.294,-0.03635,0.02954,0.1793,0.293,-0.6836,-0.2856,0.287,0.0,0.0,-0.168,-0.1824,0.5146,0.0,-0.25,0.8735,-0.2898,-0.4111,0.05826,0.4888,0.7935,-0.872,-0.301,0.4814,1.046,1.137,-0.3118,0.07983,0.07965,0.0,0.0,0.0765,0.0,0.2493,-0.0922,0.0,0.0,0.0,0.0,-1.073,0.0,0.5,0.0,0.1193,-0.0952,0.0,1.0,-0.5,0.0,0.0,0.0,0.0,-1.059
0.07874,0.0786,0.07935,0.2292,-0.257,-0.6,0.294,-0.04684,-0.0969,0.1254,0.2783,-0.816,-0.1428,0.297,0.0,0.0,-0.11957,-0.1287,0.4846,0.0,-0.2474,-0.6104,-0.339,-0.406,-0.07275,0.486,0.631,-0.295,-0.3025,-0.872,-0.4465,-0.7817,0.4216,0.0804,0.08,0.0,0.0,0.0761,0.0,0.2413,-0.284,0.0,0.0,0.0,0.0,-0.3267,0.0,0.0,-0.5,0.203,-0.2783,0.0,2.0,-0.5,0.0,0.0,0.0,0.0,-0.3271
0.07825,0.0782,0.0789,0.2673,-0.2976,-0.6,0.294,-0.1044,-0.1663,0.1011,0.2761,-4.04,-0.1428,0.297,-1.0,0.0,-0.1023,-0.0992,0.4739,0.0,-0.245,-0.1808,-0.411,-0.4026,-0.1405,0.4895,0.3828,-0.1059,-0.305,-0.295,0.4812,1.046,0.4832,0.078,0.0803,0.0,0.0,0.0763,0.0,0.2383,0.01671,0.0,0.0,0.0,0.0,-0.11053,-1.0,-0.5,-0.5,0.2266,-0.3313,0.0,3.0,-0.5,0.0,0.0,0.0,0.0,-0.1112
0.0781,0.078,0.0788,0.1793,-0.2109,-0.6,0.294,-0.1136,-0.1192,0.1193,0.2803,-0.8667,-0.1428,0.297,-1.0,0.0,-0.12,-0.1163,0.491,0.0,-0.2424,0.0575,-0.4956,-0.403,-0.09546,0.4976,0.508,0.1697,-0.3054,-0.1059,-0.8716,-0.4465,-0.1704,0.0779,0.0808,0.0,0.0,0.07635,0.0,0.2423,0.1893,0.0,0.0,0.0,0.0,0.2145,0.0,0.0,0.0,0.1377,-0.2527,1.0,0.0,-0.5,0.0,0.0,0.0,0.0,0.2162
0.0796,0.0794,0.0803,-0.2578,0.2286,-0.6577,0.294,-0.1085,0.2856,0.2634,0.2996,-17.1,0.0,0.297,0.0,0.0,-0.25,-0.2563,0.5913,0.0,-0.2399,0.635,-0.5225,-0.4082,0.3074,0.514,0.345,0.994,-0.317,0.1697,-0.295,0.4812,0.3203,0.0777,0.08136,0.0,0.0,0.0762,0.0,0.2678,0.538,0.0,0.0,0.0,0.0,0.846,0.0,0.0,0.5,-0.243,0.2144,2.0,0.0,-0.5,0.0,0.0,0.0,0.0,0.8506
0.08075,0.08044,0.08154,-0.1674,0.1329,-0.6577,0.294,-0.2045,0.1606,0.2358,0.3123,-0.1993,0.1428,0.297,0.0,0.0,-0.2341,-0.221,0.5786,0.0,-0.2374,-0.665,-0.4773,-0.4172,0.1693,0.5303,-0.2925,-0.1248,-0.3198,0.994,-0.10583,-0.8716,1.137,0.07825,0.08136,0.0,0.0,0.0761,0.0,0.2642,0.4011,0.0,0.0,0.0,0.0,-0.1041,0.0,-0.5,0.0,-0.1743,0.10205,0.0,1.0,-0.5,0.0,0.0,0.0,0.0,-0.1029
0.07776,0.0777,0.07837,0.984,-1.02,-0.6577,-0.0995,0.1008,-1.013,-0.1482,0.2937,-4.523,0.1428,0.297,-1.0,0.0,0.1531,0.1348,0.3281,0.0,-0.2349,2.016,-0.4492,-0.433,-1.0,0.524,0.214,-2.45,-0.2588,-0.1248,0.1697,-0.295,-0.7817,0.0718,0.07996,0.0,0.0,0.0747,0.0,0.1996,-0.4163,0.0,0.0,0.0,0.0,-4.844,0.0,-0.5,-0.5,1.03,-0.904,0.0,2.0,-0.5,0.0,0.0,0.0,0.0,-4.8
0.0768,0.0768,0.0774,0.4202,-0.4473,-0.6577,-0.0995,0.1871,-0.4976,0.00783,0.289,-0.4863,0.1428,0.297,-1.0,0.0,0.010925,-0.03384,0.4346,0.0,-0.2323,0.2009,-0.4282,-0.4568,-0.501,0.5264,-0.5576,1.087,-0.26,-2.45,0.9937,-0.10583,1.046,0.0699,0.0791,0.0,0.0,0.07385,0.0,0.2266,-0.126,0.0,0.0,0.0,0.0,1.157,1.0,-0.5,0.0,0.535,-0.2998,1.0,0.0,-0.5,0.0,0.0,0.0,0.0,1.195
0.0731,0.0734,0.07336,1.223,-1.24,-0.6577,-0.0995,0.4421,-1.293,-0.2637,0.263,2.424,0.1428,0.297,-1.0,0.0,0.298,0.2245,0.2566,0.0,-0.2299,1.554,-0.4417,-0.4893,-1.257,0.505,-0.373,-1.783,-0.1672,1.087,-0.1248,0.1697,-0.4463,0.0645,0.0773,0.0,0.0,0.07245,0.0,0.1804,-0.524,0.0,0.0,0.0,0.0,-3.656,0.0,-0.5,-0.5,1.323,-1.046,0.0,1.0,-0.5,0.0,0.0,0.0,0.0,-3.709
0.06934,0.0698,0.0694,1.258,-1.265,-0.6577,-0.0995,0.3916,-1.3125,-0.306,0.223,0.161,0.0,0.297,-1.0,0.0,0.336,0.2747,0.229,0.0,-0.2273,0.3784,-0.4429,-0.5146,-1.283,0.481,-0.8706,-0.2861,-0.0772,-1.783,-2.45,0.9937,0.4812,0.0588,0.0754,0.0,0.0,0.0711,0.0,0.173,-0.8433,0.0,0.0,0.0,0.0,-0.3123,-1.0,-1.0,-1.0,1.325,-1.1045,0.0,2.0,-0.5,0.0,0.0,0.0,0.0,-0.3267
0.0669,0.06744,0.06683,0.865,-0.863,-0.6577,-0.0995,0.3635,-0.941,-0.2133,0.1986,-0.197,-0.1428,0.297,-1.0,0.0,0.2406,0.1781,0.2908,0.0,-0.2247,-0.02357,-0.4233,-0.514,-0.9155,0.4658,-0.5425,0.641,-0.04715,-0.2861,1.087,-0.12476,-0.8716,0.0541,0.07385,0.0,0.0,0.07056,0.0,0.1886,-0.5615,0.0,0.0,0.0,0.0,0.572,0.0,-0.5,-0.5,0.9287,-0.737,1.0,0.0,-0.5,0.0,0.0,0.0,0.0,0.601
0.06555,0.0661,0.06555,0.543,-0.5376,-0.6577,-0.0995,0.376,-0.582,-0.1312,0.1675,-0.3335,-0.2856,0.297,-1.0,0.0,0.1611,0.0907,0.3462,0.0,-0.2222,0.6484,-0.3757,-0.4924,-0.57,0.449,-0.4956,0.569,-0.03256,0.641,-1.782,-2.45,-0.295,0.04834,0.0729,0.0,0.0,0.0701,0.0,0.2026,-0.6904,0.0,0.0,0.0,0.0,0.5454,1.0,0.0,-0.5,0.63,-0.4114,2.0,0.0,-0.5,0.0,0.0,0.0,0.0,0.567
0.0649,0.06537,0.0649,0.356,-0.3516,-0.6113,-0.0995,0.3306,-0.359,-0.0832,0.1454,-0.3813,-0.4285,0.297,-1.0,0.0,0.11053,0.04523,0.3792,0.0,-0.2197,0.01328,-0.3098,-0.457,-0.3325,0.4326,-0.5156,0.336,-0.0232,0.569,-0.2861,1.087,-0.10583,0.04367,0.07245,0.0,0.0,0.0696,0.0,0.2108,-0.524,0.0,0.0,0.0,0.0,0.3167,1.0,0.5,0.0,0.446,-0.2362,3.0,0.0,-0.5,0.0,0.0,0.0,0.0,0.3262
0.0631,0.06354,0.06323,0.6553,-0.6587,-0.6113,-0.0995,0.3547,-0.603,-0.191,0.1098,1.241,-0.5713,0.297,-1.0,0.0,0.2179,0.1554,0.3088,0.0,-0.2172,0.2507,-0.2336,-0.4124,-0.6006,0.4167,-0.683,-0.7114,0.00749,0.336,0.641,-1.782,0.1696,0.04324,0.0715,0.0,0.0,0.0686,0.0,0.1924,-0.7734,0.0,0.0,0.0,0.0,-0.912,1.0,0.0,-0.5,0.722,-0.5454,0.0,1.0,-0.5,0.0,0.0,0.0,0.0,-0.934
0.06015,0.06073,0.06012,1.025,-1.023,-0.6113,-0.0995,0.5596,-0.9385,-0.3257,0.0751,0.898,-0.7144,0.297,-1.0,0.0,0.371,0.28,0.2205,0.0,-0.2146,2.883,-0.0988,-0.3276,-0.8325,0.3738,-1.431,-0.9053,0.0785,-0.7114,0.569,-0.286,0.9937,0.0382,0.0693,0.0,0.0,0.0666,0.0,0.169,-0.7715,0.0,0.0,0.0,0.0,-2.832,1.0,-0.5,-0.5,1.102,-0.8716,0.0,2.0,-0.5,0.0,0.0,0.0,0.0,-2.936
0.05664,0.05737,0.05643,1.202,-1.192,-0.6113,-0.0995,0.687,-1.094,-0.4075,0.03723,0.3499,-0.857,0.297,-1.0,0.0,0.4666,0.358,0.1672,0.0,-0.2122,0.5933,0.03882,-0.236,-0.979,0.3489,-1.584,-0.5537,0.1399,-0.9053,0.336,0.641,-0.12476,0.0361,0.06696,0.0,0.0,0.0632,0.0,0.1549,-0.807,0.0,0.0,0.0,0.0,-0.9355,0.0,-0.5,-0.5,1.29,-1.015,0.0,3.0,-0.5,0.0,0.0,0.0,0.0,-0.9844
0.05322,0.05408,0.05292,1.174,-1.157,-0.6113,-0.0995,0.735,-1.053,-0.43,-0.001334,0.09656,-0.857,0.297,-1.0,0.0,0.4941,0.3782,0.1533,0.0,-0.2096,0.3572,0.1633,-0.1478,-0.9614,0.3303,-0.263,-0.1453,0.2118,-0.5537,-0.711,0.569,-2.45,0.03433,0.06506,0.0,0.0,0.06036,0.0,0.151,-0.812,0.0,0.0,0.0,0.0,-0.1752,-1.0,-0.5,-0.5,1.26,-0.983,0.0,4.0,-0.5,0.0,0.0,0.0,0.0,-0.186
0.0475,0.04865,0.04684,1.923,-1.893,-0.6113,-0.8755,0.9463,-1.723,-0.6846,-0.0599,0.927,-0.857,0.287,-1.0,-1.0,0.7866,0.651,-0.01496,0.0,-0.207,1.064,0.3345,-0.02292,-1.547,0.2761,-1.046,-1.7705,0.34,-0.1453,-0.905,0.3357,1.086,0.02716,0.062,0.0,0.0,0.05527,0.0,0.1072,-1.069,0.0,1.0,0.0,0.0,-4.727,-2.0,-1.0,-1.0,2.002,-1.668,0.0,5.0,-0.5,0.0,0.0,1.0,-3.82,-5.035
0.0432,0.04425,0.04272,1.453,-1.427,-0.6113,-0.8755,0.8477,-1.234,-0.595,-0.1235,-0.1903,-1.0,0.2773,-1.0,-1.0,0.68,0.5557,0.04468,0.0,-0.2046,0.08484,0.4766,0.0978,-1.117,0.2482,-0.2063,0.6465,0.4006,-1.7705,-0.5537,-0.711,-1.782,0.0201,0.0599,0.0,0.0,0.05103,0.0,0.1222,-1.179,0.0,1.0,0.0,0.0,0.8174,-1.0,-0.5,-1.0,1.589,-1.176,1.0,0.0,-0.5,0.0,0.0,0.0,0.0,0.897
0.04163,0.04245,0.04135,0.6357,-0.6167,-0.2827,-0.8755,0.935,-0.372,-0.3809,-0.1699,-0.702,-1.143,0.2773,-1.0,0.0,0.4614,0.3047,0.1874,0.0,-0.202,1.171,0.5693,0.2076,-0.3015,0.2278,-0.1653,1.53,0.347,0.6465,-0.1453,-0.905,-0.286,0.015594,0.0588,0.0,0.0,0.04758,0.0,0.1583,-0.8086,0.0,0.0,0.0,0.0,2.53,0.0,0.0,-0.5,0.762,-0.44,2.0,0.0,-0.5,0.0,0.0,0.0,0.0,2.746
0.03802,0.03885,0.03772,1.253,-1.239,-0.2827,-0.8755,0.8667,-0.9727,-0.5894,-0.2025,2.707,-1.143,0.2673,-1.0,-1.0,0.6753,0.5464,0.05002,0.0,-0.1995,0.7896,0.641,0.3115,-0.879,0.2037,-0.5815,-1.437,0.3757,1.53,-1.77,-0.553,0.641,0.00952,0.0571,0.0,0.0,0.0437,0.0,0.1228,-0.6597,0.0,0.0,0.0,0.0,-1.705,0.0,-0.5,-0.5,1.366,-1.028,0.0,1.0,-0.5,0.0,0.0,0.0,0.0,-1.805
0.03546,0.03613,0.03534,0.9214,-0.915,-0.2827,-0.8755,0.7715,-0.6177,-0.5205,-0.2423,-0.311,-1.143,0.2573,-1.0,-1.0,0.5933,0.477,0.0958,0.0,-0.197,0.2385,0.6675,0.4045,-0.563,0.1863,-1.083,0.4907,0.3757,-1.437,0.6465,-0.1453,0.5684,0.006603,0.05542,0.0,0.0,0.0405,0.0,0.1343,-0.8076,0.0,0.0,0.0,0.0,0.4756,1.0,-0.5,-0.5,0.985,-0.784,1.0,0.0,-0.5,0.0,0.0,0.0,0.0,0.516
0.03162,0.03232,0.0314,1.337,-1.331,-0.2827,-0.8755,0.7246,-1.033,-0.6694,-0.2715,1.05,-1.143,0.2476,-1.0,-1.0,0.7505,0.6543,-0.003246,0.0,-0.1945,0.6406,0.6875,0.4902,-0.955,0.1633,-1.45,-1.053,0.4082,0.4907,1.53,-1.77,0.3357,0.002604,0.05292,0.0,0.0,0.03653,0.0,0.1086,-0.6904,0.0,0.0,0.0,0.0,-1.372,1.0,-1.0,-0.5,1.419,-1.148,0.0,1.0,-0.5,0.0,0.0,0.0,0.0,-1.476
0.02927,0.03003,0.02904,0.866,-0.853,-0.2827,-0.8755,0.721,-0.5977,-0.5596,-0.2905,-0.377,-1.143,0.2377,-1.0,-1.0,0.63,0.526,0.07025,0.0,-0.1919,0.797,0.689,0.5557,-0.527,0.1523,-1.247,0.795,0.3787,-1.053,-1.437,0.6465,-0.711,0.000655,0.05093,0.0,0.0,0.03305,0.0,0.1271,-0.461,0.0,0.0,0.0,0.0,1.06,1.0,-0.5,0.0,0.98,-0.6724,1.0,0.0,-0.5,0.0,0.0,0.0,0.0,1.161
0.02823,0.02896,0.02803,0.4734,-0.4583,-0.2827,-0.8755,0.7344,-0.1909,-0.4575,-0.3093,-0.7817,-1.143,0.2278,-1.0,-1.0,0.523,0.4094,0.1384,0.0,-0.1895,0.5283,0.658,0.5938,-0.1412,0.1447,-0.84,0.7275,0.239,0.795,0.4905,1.53,-0.905,0.004253,0.04913,0.0,0.0,0.02928,0.0,0.1442,-0.446,0.0,0.0,0.0,0.0,1.12,1.0,0.0,0.0,0.616,-0.2766,2.0,0.0,-0.5,0.0,0.0,0.0,0.0,1.211
0.0277,0.02826,0.02765,0.3196,-0.3127,-0.2827,-0.8755,0.671,0.00842,-0.4207,-0.332,-2.742,-1.0,0.2278,0.0,0.0,0.4788,0.374,0.164,0.0,-0.1869,0.1433,0.599,0.602,0.0312,0.1364,-0.555,0.2695,0.06082,0.7275,-1.053,-1.437,-0.553,0.00705,0.04688,0.0,0.0,0.02585,0.0,0.1505,-0.5166,0.0,0.0,0.0,0.0,0.2861,2.0,0.5,0.0,0.4712,-0.1333,3.0,0.0,-0.5,0.0,0.0,0.0,0.0,0.3057
0.02632,0.02667,0.02649,0.564,-0.573,-0.2827,-0.8755,0.7925,-0.1835,-0.508,-0.3655,-1.561,-1.0,0.2178,-1.0,-1.0,0.5815,0.4604,0.10754,0.0,-0.1843,1.146,0.511,0.5938,-0.2153,0.1278,-0.47,-0.593,0.04144,0.2695,0.795,0.4905,-0.1453,0.005177,0.0447,0.0,0.0,0.02402,0.0,0.1356,-0.691,0.0,0.0,0.0,0.0,-0.8413,1.0,0.5,-0.5,0.702,-0.389,0.0,1.0,-0.5,0.0,0.0,0.0,0.0,-0.894
0.02483,0.02496,0.02519,0.5947,-0.617,-0.2827,-0.8755,0.7803,-0.186,-0.5337,-0.392,0.1842,-1.0,0.2079,-1.0,-1.0,0.608,0.491,0.09155,0.0,-0.1818,0.0874,0.3943,0.5635,-0.2302,0.1143,0.5635,-0.1694,-0.05246,-0.593,0.7275,-1.052,-1.77,0.006153,0.0419,0.0,0.0,0.02118,0.0,0.1312,-0.6035,0.0,0.0,0.0,0.0,-0.1791,1.0,0.5,-0.5,0.698,-0.4688,0.0,2.0,-0.5,0.0,0.0,0.0,0.0,-0.1924
0.02197,0.02203,0.02243,1.009,-1.042,-0.2827,-0.8755,0.6074,-0.5977,-0.6777,-0.4187,6.51,-1.0,0.198,-1.0,-1.0,0.7485,0.675,-0.003246,0.0,-0.1793,0.5786,0.3103,0.533,-0.6143,0.0934,0.2544,-1.008,-0.02704,-0.1694,0.2695,0.7944,0.646,0.003828,0.03882,0.0,0.0,0.01901,0.0,0.10675,-0.6143,0.0,0.0,0.0,0.0,-1.008,0.0,0.0,-0.5,1.118,-0.855,0.0,3.0,-0.5,0.0,0.0,0.0,0.0,-1.085
0.01945,0.01952,0.01991,0.9062,-0.938,-0.2827,-0.8755,0.6064,-0.514,-0.6724,-0.4392,-0.04648,-1.0,0.1881,-1.0,-1.0,0.7427,0.669,0.001015,0.0,-0.1768,0.67,0.2198,0.5005,-0.5283,0.0804,-0.6772,0.04608,-0.005714,-1.008,-0.593,0.7275,1.529,0.00393,0.03546,0.0,0.0,0.01712,0.0,0.10754,-0.509,0.0,0.0,0.0,0.0,0.0524,0.0,0.0,0.0,1.017,-0.7573,1.0,0.0,-0.5,0.0,0.0,0.0,0.0,0.05737
0.01837,0.01842,0.01884,0.4678,-0.496,-0.2827,-0.8755,0.619,-0.09,-0.56,-0.4497,-1.022,-0.857,0.1782,0.0,-1.0,0.6216,0.5366,0.07666,0.0,-0.1742,0.9165,0.10144,0.4548,-0.09955,0.0729,0.07275,0.8174,-0.03836,0.04608,-0.1694,0.2695,-1.436,0.004078,0.03305,0.0,0.0,0.01535,0.0,0.1266,-0.299,0.0,0.0,0.0,0.0,1.305,0.0,0.5,0.5,0.5513,-0.3794,2.0,0.0,-0.5,0.0,0.0,0.0,0.0,1.428
0.02063,0.02084,0.02094,-0.4966,0.4907,0.1692,-0.8755,0.58,0.866,-0.2542,-0.4187,14.88,-0.7144,0.1782,0.0,0.0,0.3008,0.201,0.2812,0.0,-0.1718,2.086,0.00684,0.3804,0.8438,0.09485,-0.1996,2.18,-0.0775,0.8174,-1.008,-0.5923,0.4905,0.007427,0.03192,0.0,0.0,0.01481,0.0,0.1785,0.4656,0.0,0.0,0.0,0.0,3.953,1.0,0.5,1.0,-0.2898,0.667,3.0,0.0,-0.5,0.0,0.0,0.0,0.0,4.266
0.0214,0.02167,0.02164,-0.06854,0.06107,0.1692,-0.8755,0.662,0.385,-0.3784,-0.403,-0.3948,-0.5713,0.1782,0.0,0.0,0.4343,0.3281,0.2002,0.0,-0.1692,0.552,-0.08875,0.2844,0.3542,0.1091,0.543,-0.8325,-0.1852,2.18,0.04608,-0.1693,-1.052,0.00828,0.0304,0.0,0.0,0.01333,0.0,0.1575,0.1732,0.0,0.0,0.0,0.0,-1.039,1.0,0.5,0.5,0.0807,0.2078,0.0,1.0,-0.5,0.0,0.0,0.0,0.0,-1.082
0.02185,0.02213,0.02213,0.01569,-0.02486,0.1692,-0.8755,0.6377,0.3132,-0.4004,-0.4043,-0.0142,-0.4285,0.1782,0.0,0.0,0.4548,0.3547,0.1864,0.0,-0.1666,0.8267,-0.1825,0.1708,0.2837,0.109,0.2073,-0.1444,-0.2522,-0.8325,0.8174,-1.008,0.7944,0.010124,0.0287,0.0,0.0,0.01231,0.0,0.1536,-0.1399,0.0,0.0,0.0,0.0,-0.1897,1.0,0.0,0.0,0.09296,0.05008,0.0,2.0,-0.5,0.0,0.0,0.0,0.0,-0.2003
0.02238,0.02263,0.02266,-0.000895,-0.008736,0.1692,-0.8755,0.556,0.2927,-0.3914,-0.3887,0.0904,-0.2856,0.1782,0.0,0.0,0.4382,0.3525,0.1927,0.0,-0.1642,-0.0742,-0.263,0.06885,0.2888,0.11444,-0.1499,0.06683,-0.2637,-0.1444,2.18,0.04605,0.727,0.0125,0.02649,0.0,0.0,0.01208,0.0,0.155,0.2334,0.0,0.0,0.0,0.0,0.05313,1.0,0.0,0.5,0.0558,0.0425,1.0,0.0,-0.5,0.0,0.0,0.0,0.0,0.05627
0.02383,0.02417,0.02403,-0.2642,0.2627,0.1692,-0.8755,0.55,0.5537,-0.3,-0.3723,0.844,-0.1428,0.1782,0.0,0.0,0.3442,0.2534,0.2546,0.0,-0.1616,0.4294,-0.3342,-0.03888,0.5664,0.12225,-0.2769,0.6455,-0.2268,0.06683,-0.8325,0.817,0.2695,0.01854,0.0247,0.0,0.0,0.0128,0.0,0.1705,0.2673,0.0,0.0,0.0,0.0,0.585,1.0,0.0,0.5,-0.2162,0.2842,2.0,0.0,-0.5,0.0,0.0,0.0,0.0,0.6187
0.02544,0.02574,0.02567,-0.3064,0.3035,0.1692,-0.8755,0.4695,0.543,-0.275,-0.3428,0.1256,0.0,0.1782,0.0,0.0,0.3118,0.2339,0.2727,0.0,-0.159,-0.2703,-0.368,-0.1621,0.5854,0.1367,0.1366,0.1871,-0.1809,0.6455,-0.1444,2.18,-0.5923,0.02492,0.0244,0.0,0.0,0.013794,0.0,0.175,0.6377,0.0,0.0,0.0,0.0,0.1536,1.0,0.5,1.0,-0.2856,0.292,3.0,0.0,-0.5,0.0,0.0,0.0,0.0,0.1606
0.02718,0.0275,0.02737,-0.3428,0.3416,0.1692,0.3137,0.399,0.553,-0.2502,-0.3203,0.1602,0.1428,0.1782,0.0,0.0,0.2808,0.2142,0.2908,0.0,-0.1566,0.00586,-0.3713,-0.245,0.6104,0.1499,0.3418,0.1865,-0.1687,0.1871,0.06683,-0.8325,-0.1693,0.02994,0.02359,0.0,0.0,0.01633,0.0,0.1794,0.528,0.0,0.0,0.0,0.0,0.186,2.0,1.0,1.0,-0.3481,0.2986,4.0,0.0,-0.5,0.0,0.0,0.0,0.0,0.194
0.02887,0.02922,0.02905,-0.3325,0.3328,0.1692,0.3137,0.3115,0.5366,-0.2413,-0.306,0.1157,0.2856,0.1782,0.0,0.0,0.264,0.213,0.2993,0.0,-0.154,-0.4666,-0.3486,-0.31,0.5996,0.1606,1.066,0.0875,-0.1398,0.1865,0.645,-0.1444,-1.008,0.03036,0.02383,0.0,0.0,0.01845,0.0,0.1814,0.3901,0.0,0.0,0.0,0.0,0.0647,3.0,1.5,1.0,-0.349,0.2786,5.0,0.0,0.0,0.0,0.0,0.0,0.0,0.06726
0.02982,0.03018,0.02997,-0.1134,0.11255,0.1692,0.3137,0.3176,0.3035,-0.3022,-0.2979,-0.2496,0.2856,0.1782,0.0,0.0,0.3257,0.2778,0.261,0.0,-0.1515,0.01328,-0.3066,-0.3586,0.3562,0.1702,1.23,-0.3933,-0.12024,0.0875,0.1871,0.06683,0.04605,0.0318,0.024,0.0,0.0,0.01906,0.0,0.1713,0.1747,0.0,0.0,0.0,0.0,-0.374,2.0,1.0,0.5,-0.1536,0.0497,0.0,1.0,0.0,0.0,0.0,0.0,0.0,-0.3882
0.03098,0.0313,0.03117,-0.18,0.1775,0.1692,0.3137,0.198,0.3425,-0.277,-0.2837,0.2458,0.4285,0.1881,0.0,0.0,0.2896,0.2622,0.2812,0.0,-0.149,-0.1833,-0.2559,-0.3801,0.4163,0.1786,0.9165,0.2089,-0.1134,-0.3933,0.1865,0.645,0.817,0.034,0.02396,0.0,0.0,0.02097,0.0,0.1763,0.4524,0.0,0.0,0.0,0.0,0.1879,2.0,1.0,1.0,-0.2133,0.117,1.0,0.0,0.0,0.0,0.0,0.0,0.0,0.1964
0.03049,0.03079,0.0307,0.2993,-0.3079,0.1692,0.3137,0.292,-0.193,-0.428,-0.2769,-1.141,0.4285,0.1881,-1.0,0.0,0.4526,0.4185,0.1832,0.0,-0.1465,0.693,-0.2037,-0.3787,-0.1287,0.1881,-0.2454,-1.008,-0.1213,0.2089,0.0875,0.187,2.18,0.03378,0.02306,0.0,0.0,0.0217,0.0,0.1509,0.1394,0.0,0.0,0.0,0.0,-0.937,1.0,0.5,1.0,0.24,-0.3594,0.0,1.0,0.0,0.0,0.0,0.0,0.0,-0.9756
0.02959,0.02975,0.02994,0.4153,-0.4343,0.1692,0.3137,0.3079,-0.3972,-0.4746,-0.2622,3.02,0.4285,0.1782,-1.0,-1.0,0.503,0.4692,0.1544,0.0,-0.1439,0.568,-0.1665,-0.3545,-0.3232,0.1981,0.2039,-0.301,-0.1765,-1.008,-0.393,0.1865,-0.8325,0.03143,0.0218,0.0,0.0,0.023,0.0,0.1433,0.3855,0.0,0.0,0.0,0.0,-0.2893,0.0,0.5,1.0,0.3672,-0.4646,0.0,2.0,0.0,0.0,0.0,0.0,0.0,-0.3064
0.03,0.02994,0.03058,0.0238,-0.05197,0.1692,0.3137,0.2778,-0.08453,-0.3618,-0.24,-1.073,0.5713,0.1782,0.0,0.0,0.3828,0.3467,0.2322,0.0,-0.1414,0.6,-0.1415,-0.3147,-0.01351,0.2151,0.2625,0.818,-0.1941,-0.301,0.2089,0.08746,-0.1444,0.03049,0.02138,0.0,0.0,0.02434,0.0,0.1628,0.554,0.0,0.0,0.0,0.0,1.264,0.0,1.0,1.0,0.005978,-0.07983,1.0,0.0,0.0,0.0,0.0,0.0,0.0,1.346
0.02872,0.02858,0.02939,0.5176,-0.5566,0.1692,0.3137,0.289,-0.635,-0.5234,-0.2391,-17.1,0.4285,0.1782,-1.0,-1.0,0.5527,0.5264,0.1278,0.0,-0.1389,0.547,-0.1409,-0.2693,-0.598,0.227,0.251,-1.083,-0.192,0.818,-1.008,-0.393,0.0668,0.02666,0.02087,0.0,0.0,0.02426,0.0,0.1357,0.00987,0.0,0.0,0.0,0.0,-1.548,0.0,0.5,0.5,0.4187,-0.635,0.0,1.0,0.0,0.0,0.0,0.0,0.0,-1.626
0.02893,0.02873,0.02965,0.0784,-0.11597,0.1692,0.3137,0.06445,-0.1709,-0.3987,-0.252,-0.836,0.2856,0.1881,-1.0,0.0,0.4016,0.4077,0.2141,0.0,-0.1364,-0.01962,-0.1385,-0.2325,-0.162,0.2267,-0.1802,0.9116,-0.191,-1.083,-0.3008,0.2089,0.645,0.02466,0.02113,0.0,0.0,0.02467,0.0,0.1576,-0.3655,0.0,0.0,0.0,0.0,1.021,0.0,0.5,0.5,0.01029,-0.1943,1.0,0.0,0.0,0.0,0.0,0.0,0.0,1.093
0.03088,0.03073,0.0316,-0.4175,0.3884,0.1692,0.3137,-0.001325,0.3525,-0.2362,-0.2433,-10.14,0.2856,0.198,0.0,0.0,0.2307,0.2374,0.326,0.0,-0.1338,0.2167,-0.1362,-0.2007,0.3813,0.2307,-0.32,1.164,-0.1692,0.9116,0.8174,-1.008,0.187,0.02618,0.02208,0.0,0.0,0.02649,0.0,0.186,0.2705,0.0,0.0,0.0,0.0,1.115,1.0,0.5,1.0,-0.4055,0.359,2.0,0.0,0.0,0.0,0.0,0.0,0.0,1.175
0.03098,0.03084,0.03165,0.11584,-0.15,0.1692,0.3137,0.1766,-0.2014,-0.399,-0.2428,-1.156,0.1428,0.198,-1.0,0.0,0.412,0.3972,0.2194,0.0,-0.1313,2.393,-0.1539,-0.1775,-0.1702,0.2339,-0.4006,-1.087,-0.1908,1.164,-1.083,-0.3008,0.1864,0.02473,0.02338,0.0,0.0,0.02754,0.0,0.1582,-0.04297,0.0,0.0,0.0,0.0,-2.006,1.0,0.0,1.0,0.1509,-0.11334,0.0,1.0,0.0,0.0,0.0,0.0,0.0,-2.074
0.03009,0.03,0.03072,0.4011,-0.436,0.1692,0.3403,0.2751,-0.498,-0.4937,-0.2505,3.912,0.0,0.1881,-1.0,-1.0,0.52,0.4937,0.1587,0.0,-0.1288,0.6416,-0.1915,-0.1737,-0.4612,0.2308,-0.4995,-0.6313,-0.2783,-1.087,0.9116,0.8174,0.08746,0.02417,0.02402,0.0,0.0,0.02888,0.0,0.1425,-0.2288,0.0,0.0,0.0,0.0,-0.521,0.0,-0.5,0.5,0.4185,-0.396,0.0,2.0,0.0,0.0,0.0,0.0,0.0,-0.549
0.02719,0.02731,0.02759,1.021,-1.05,0.1692,-0.3787,0.3862,-1.095,-0.6953,-0.279,1.854,-0.1428,0.1782,-1.0,-1.0,0.748,0.717,0.02551,0.0,-0.1262,1.139,-0.2487,-0.1926,-1.089,0.2218,-0.3462,-1.399,-0.3005,-0.6313,1.164,-1.082,-0.393,0.02115,0.02312,0.0,0.0,0.02908,0.0,0.1081,-0.7026,0.0,0.0,0.0,0.0,-1.1045,0.0,-0.5,0.0,1.063,-0.935,0.0,3.0,0.0,0.0,0.0,0.0,0.0,-1.176
0.02373,0.02406,0.02391,1.208,-1.226,0.1692,-0.673,0.4485,-1.262,-0.7764,-0.3152,0.3293,-0.2856,0.1683,-1.0,-1.0,0.8447,0.808,-0.02774,0.0,-0.1237,0.2294,-0.3083,-0.2347,-1.287,0.2069,-0.6226,-0.573,-0.2163,-1.399,-1.087,0.911,0.2089,0.015045,0.02269,0.0,0.0,0.02823,0.0,0.09424,-0.851,0.0,0.0,0.0,0.0,-0.486,-1.0,-1.0,-0.5,1.256,-1.09,0.0,4.0,0.0,0.0,0.0,0.0,0.0,-0.53
0.0218,0.02226,0.02187,0.7354,-0.74,-0.3354,-0.673,0.6035,-0.782,-0.663,-0.345,-0.3154,-0.4285,0.1584,-1.0,-1.0,0.7324,0.658,0.04895,0.0,-0.1212,2.188,-0.346,-0.271,-0.7563,0.1772,-0.199,0.833,-0.1835,-0.573,-0.6313,1.163,-1.008,0.0132,0.02243,0.0,0.0,0.02629,0.0,0.1135,-0.678,0.0,0.0,0.0,0.0,1.418,-1.0,-0.5,-0.5,0.844,-0.5747,1.0,0.0,0.0,0.0,0.0,0.0,0.0,1.56
0.01964,0.02014,0.01965,0.811,-0.8135,-0.3354,-0.673,0.6875,-0.82,-0.7036,-0.3772,0.2048,-0.5713,0.1486,-1.0,-1.0,0.7847,0.698,0.02232,0.0,-0.1187,0.384,-0.3496,-0.2986,-0.8228,0.163,-0.1021,-0.2854,-0.1311,0.833,-1.398,-1.087,-0.3008,0.0087,0.02257,0.0,0.0,0.02483,0.0,0.10645,-0.746,0.0,0.0,0.0,0.0,-0.2893,-1.0,-0.5,-1.0,0.9097,-0.6543,0.0,1.0,0.0,0.0,0.0,0.0,0.0,-0.3137
0.01616,0.01683,0.01604,1.229,-1.226,-0.3354,-0.673,0.7725,-1.195,-0.8467,-0.4155,0.7275,-0.7144,0.1387,-1.0,-1.0,0.9546,0.8633,-0.07355,0.0,-0.11615,0.526,-0.3037,-0.3218,-1.212,0.1421,-0.6763,-1.032,-0.02467,-0.2854,-0.5728,-0.631,0.8174,-0.000669,0.02177,0.0,0.0,0.02266,0.0,0.0816,-0.8335,0.0,0.0,0.0,0.0,-1.097,-1.0,-1.0,-1.0,1.346,-1.013,0.0,2.0,0.0,0.0,0.0,0.0,0.0,-1.195
0.012634,0.01335,0.01244,1.252,-1.246,-0.3354,-0.673,0.732,-1.1875,-0.883,-0.458,0.1345,-0.857,0.1287,-1.0,-1.0,0.992,0.9116,-0.098,0.0,-0.11365,-0.774,-0.2048,-0.3213,-1.202,0.11383,-0.2104,-0.2683,0.076,-1.032,0.833,-1.398,-1.082,-0.00812,0.02046,0.0,0.0,0.02025,0.0,0.075,-0.9233,0.0,0.0,0.0,0.0,-0.3367,-1.0,-1.0,-1.5,1.326,-1.078,0.0,3.0,0.0,0.0,0.0,1.0,-2.818,-0.3735
0.01066,0.01138,0.01045,0.768,-0.756,-0.3354,-0.673,0.6646,-0.714,-0.768,-0.4817,-0.3413,-0.857,0.11884,-1.0,-1.0,0.855,0.7773,-0.02136,0.0,-0.1111,0.4453,-0.0856,-0.2922,-0.6943,0.09064,-0.8975,0.8438,0.10236,-0.2683,-0.2852,-0.5728,0.911,-0.01234,0.01944,0.0,0.0,0.01796,0.0,0.0943,-0.57,0.0,0.0,0.0,0.0,1.3125,0.0,-1.0,-1.0,0.8955,-0.568,1.0,0.0,0.0,0.0,0.0,0.0,0.0,1.462
0.0007153,0.002789,-0.0008445,2.701,-2.545,-0.3354,-1.651,1.607,-2.36,-1.537,-0.5576,4.645,-0.857,0.1089,-1.0,-1.0,1.897,1.712,-0.537,0.0,-0.1086,2.768,0.4846,0.04138,-2.086,-0.11456,-1.752,-2.514,0.552,0.8438,-1.032,0.833,1.163,-0.02553,0.01587,0.0,0.0,0.011246,0.0,-0.03934,-1.14,0.0,1.0,0.0,0.0,-8.15,-1.0,-1.5,-1.0,2.75,-2.195,0.0,1.0,0.0,0.0,0.0,1.0,-3.82,-5.477
-0.010216,-0.0071,-0.012825,2.701,-2.545,-0.3354,-2.404,1.93,-2.36,-1.717,-0.6553,0.268,-1.0,0.099,-1.0,-1.0,2.18,1.952,-0.6597,0.0,-0.1061,2.328,1.151,0.4788,-2.086,-0.2708,-1.625,-1.467,0.95,-2.514,-0.2683,-0.2852,-1.087,-0.04034,0.0117,0.0,0.0,0.003366,0.0,-0.07184,-1.394,0.0,1.0,0.0,0.0,-8.15,-1.0,-1.5,-1.5,2.75,-2.195,0.0,2.0,0.0,0.0,0.0,0.0,0.0,-5.477
-0.017,-0.01334,-0.02013,2.502,-2.305,-0.1569,-2.404,2.014,-2.264,-1.418,-0.719,-0.2617,-1.0,0.0891,-1.0,-1.0,1.773,1.502,-0.4624,0.0,-0.1035,3.135,1.634,0.8247,-0.974,-0.3188,-1.796,2.418,1.074,-1.467,0.8438,-1.031,-0.631,-0.05234,0.009155,0.0,0.0,-0.00295,0.0,-0.02187,-0.9233,0.0,0.0,0.0,0.0,6.32,0.0,-1.0,-1.0,2.75,-1.781,1.0,0.0,0.0,0.0,0.0,0.0,0.0,5.766
-0.02411,-0.02023,-0.0275,2.656,-2.44,-0.1569,-2.404,2.104,-2.338,-1.51,-0.8003,0.1814,-1.0,0.0792,-1.0,-1.0,1.904,1.624,-0.5254,0.0,-0.101,0.652,1.99,1.106,-1.169,-0.3484,-1.348,-0.741,1.205,2.418,-2.514,-0.2683,-1.398,-0.0652,0.00624,0.0,0.0,-0.009476,0.0,-0.0383,-1.136,0.0,1.0,0.0,0.0,-1.163,0.0,-1.0,-1.5,2.75,-1.947,0.0,1.0,0.0,0.0,0.0,0.0,0.0,-1.39
-0.0312,-0.02744,-0.03445,2.658,-2.451,-0.1569,-2.404,2.084,-2.238,-1.566,-0.898,0.0933,-1.143,0.06934,-1.0,-1.0,1.98,1.71,-0.566,0.0,-0.0985,-0.0906,2.248,1.345,-1.252,-0.3757,-1.359,-0.4834,1.308,-0.741,-1.466,0.8438,-0.5728,-0.0767,0.00268,0.0,0.0,-0.0165,0.0,-0.0489,-1.3955,0.0,1.0,0.0,0.0,-0.521,-1.0,-1.0,-2.0,2.75,-1.99,0.0,2.0,0.0,0.0,0.0,0.0,0.0,-0.63
-0.03598,-0.03265,-0.0388,1.831,-1.65,-0.1569,-2.404,1.765,-1.417,-1.407,-0.971,-0.2812,-1.143,0.05942,-1.0,-1.0,1.735,1.509,-0.4624,0.0,-0.09595,0.1525,2.44,1.558,-0.4602,-0.415,-2.184,1.244,1.353,-0.4834,2.418,-2.514,0.8325,-0.08527,-0.00144,0.0,0.0,-0.02185,0.0,-0.02267,-1.102,0.0,1.0,0.0,0.0,1.586,0.0,-1.0,-1.5,2.156,-1.165,1.0,0.0,0.0,0.0,0.0,0.0,0.0,1.934
-0.04004,-0.03696,-0.04263,1.585,-1.419,-0.1569,-2.404,1.742,-1.098,-1.379,-1.036,-0.1261,-1.143,0.0495,-1.0,-1.0,1.697,1.472,-0.4463,0.0,-0.09344,0.9224,2.54,1.731,-0.2705,-0.4333,-2.338,0.1885,1.377,1.244,-0.741,-1.466,-0.2852,-0.0952,-0.005024,0.0,0.0,-0.02684,0.0,-0.01881,-1.018,0.0,0.0,0.0,0.0,0.2058,1.0,-0.5,-1.0,1.861,-1.006,2.0,0.0,0.0,0.0,0.0,0.0,0.0,0.2458
-0.04517,-0.0422,-0.0476,1.956,-1.799,-0.1569,-2.404,1.746,-1.388,-1.512,-1.097,0.4673,-1.143,0.0396,-1.0,-1.0,1.875,1.661,-0.537,0.0,-0.0909,0.708,2.555,1.862,-0.702,-0.4485,-2.027,-1.064,1.384,0.1885,-0.4834,2.418,-1.031,-0.0952,-0.00903,0.0,0.0,-0.0332,0.0,-0.0422,-0.979,0.0,0.0,0.0,0.0,-0.8657,0.0,-0.5,-1.0,2.246,-1.341,0.0,1.0,0.0,0.0,0.0,0.0,0.0,-1.03
-0.05002,-0.04718,-0.05234,1.866,-1.718,-0.1569,-2.404,1.687,-1.264,-1.528,-1.152,0.03625,-1.143,0.02971,-1.0,-1.0,1.893,1.692,-0.551,0.0,-0.0884,-0.387,2.492,1.954,-0.6973,-0.4639,-2.166,-0.1658,1.407,-1.064,1.244,-0.741,-0.2683,-0.0927,-0.01315,0.0,0.0,-0.03885,0.0,-0.04593,-0.941,0.0,0.0,0.0,0.0,-0.1406,0.0,-0.5,-1.0,2.13,-1.295,0.0,2.0,0.0,0.0,0.0,0.0,0.0,-0.1704
-0.05383,-0.05148,-0.05566,1.498,-1.382,-0.1569,-2.404,1.429,-0.843,-1.473,-1.213,-0.2593,-1.143,0.0198,-1.0,-1.0,1.793,1.635,-0.5156,0.0,-0.0859,-0.001487,2.38,2.021,-0.3472,-0.491,-2.936,0.4219,1.354,-0.1658,0.1885,-0.4832,0.8438,-0.09393,-0.01743,0.0,0.0,-0.0449,0.0,-0.03708,-1.03,0.0,0.0,0.0,0.0,0.3826,1.0,-0.5,-1.0,1.805,-0.9424,1.0,0.0,0.0,0.0,0.0,0.0,0.0,0.465
-0.0579,-0.05588,-0.05942,1.578,-1.485,-0.1569,-2.404,1.473,-0.8325,-1.526,-1.274,0.1274,-1.143,0.0099,-1.0,-1.0,1.87,1.709,-0.554,0.0,-0.0833,0.6123,2.186,2.057,-0.4465,-0.5127,0.006824,-0.457,1.205,0.4219,-1.064,1.243,-2.514,-0.0946,-0.022,0.0,0.0,-0.0522,0.0,-0.04712,-1.041,0.0,1.0,0.0,0.0,-0.4727,0.0,-0.5,-1.0,1.859,-1.066,0.0,1.0,0.0,0.0,0.0,0.0,0.0,-0.571
-0.0603,-0.0586,-0.0615,0.993,-0.9185,-0.1569,-2.404,1.424,-0.2035,-1.401,-1.316,-0.819,-1.143,0.0,-1.0,-1.0,1.697,1.533,-0.473,0.0,-0.0808,0.7656,1.889,2.055,0.1097,-0.529,0.7695,0.9727,1.057,-0.457,-0.1658,0.1884,-1.466,-0.09247,-0.02623,0.0,0.0,-0.05795,0.0,-0.0267,-0.7705,0.0,0.0,0.0,0.0,1.538,0.0,0.0,-0.5,1.35,-0.464,1.0,0.0,0.0,0.0,0.0,0.0,0.0,1.871
-0.066,-0.06433,-0.0671,2.158,-2.1,-0.1569,-2.404,1.938,-1.247,-1.73,-1.38,13.09,-1.143,-0.0099,-1.0,-1.0,2.2,1.973,-0.695,0.0,-0.0783,3.135,1.479,2.018,-1.056,-0.55,-0.357,-2.514,0.98,0.9727,0.4219,-1.064,2.418,-0.0979,-0.03174,0.0,0.0,-0.065,0.0,-0.08374,-0.968,0.0,0.0,0.0,0.0,-2.846,0.0,-0.5,-0.5,2.566,-1.499,0.0,1.0,0.0,0.0,0.0,0.0,0.0,-3.406
-0.0724,-0.07153,-0.0727,2.418,-2.418,-0.1569,-2.404,2.04,-1.413,-1.846,-1.46,0.3037,-1.143,-0.0198,-1.0,-1.0,2.379,2.145,-0.7744,0.0,-0.07574,1.14,0.867,1.956,-1.322,-0.586,-0.1068,-0.9873,0.979,-2.514,-0.457,-0.1656,-0.7407,-0.1056,-0.03748,0.0,0.0,-0.07166,0.0,-0.1045,-1.184,0.0,1.0,0.0,0.0,-1.363,0.0,-0.5,-1.0,2.562,-2.082,0.0,2.0,0.0,0.0,0.0,0.0,0.0,-1.706
-0.0775,-0.0768,-0.07776,1.96,-1.963,-0.1569,-2.404,1.274,-1.095,-1.779,-1.476,-0.1262,-1.143,-0.02971,-1.0,-1.0,2.213,2.113,-0.734,0.0,-0.07324,0.5103,0.574,1.865,-0.927,-0.615,-0.00864,0.509,0.9473,-0.9873,0.972,0.4219,-0.4832,-0.1102,-0.04312,0.0,0.0,-0.0775,0.0,-0.0943,-0.525,0.0,0.0,0.0,0.0,0.5044,0.0,0.0,-0.5,2.082,-1.688,1.0,0.0,0.0,0.0,0.0,0.0,0.0,0.6416
-0.0827,-0.0819,-0.08295,1.978,-1.9795,-0.1569,-2.404,1.013,-1.24,-1.823,-1.481,0.306,-1.143,-0.0396,-1.0,-1.0,2.252,2.205,-0.766,0.0,-0.0707,0.5054,0.466,1.725,-1.254,-0.5894,-0.767,-0.3982,0.838,0.509,-2.514,-0.457,1.243,-0.11523,-0.04837,0.0,0.0,-0.0843,0.0,-0.10266,-0.365,0.0,0.0,0.0,0.0,-0.4026,0.0,-0.5,-0.5,1.994,-1.818,0.0,1.0,0.0,0.0,0.0,0.0,0.0,-0.5083
-0.08636,-0.08563,-0.08655,1.425,-1.427,-0.1569,-2.404,0.809,-0.7573,-1.72,-1.503,-0.3281,-1.143,-0.0495,-1.0,-1.0,2.082,2.062,-0.701,0.0,-0.0682,1.845,0.394,1.54,-0.775,-0.6074,-1.06,0.8154,0.666,-0.3982,-0.9873,0.972,0.1884,-0.11957,-0.0531,0.0,0.0,-0.0903,0.0,-0.08624,-0.72,0.0,0.0,0.0,0.0,0.9116,0.0,-0.5,-0.5,1.477,-1.27,1.0,0.0,0.0,0.0,0.0,0.0,0.0,1.158
-0.0891,-0.0884,-0.0893,1.118,-1.116,-0.1569,-2.404,0.8057,-0.5015,-1.664,-1.513,-0.2942,-1.143,-0.05942,-1.0,-1.0,2.004,1.9795,-0.668,0.0,-0.0657,0.889,0.3262,1.306,-0.503,-0.621,-0.649,0.4087,0.5063,0.8154,0.509,-2.514,-1.064,-0.12225,-0.0581,0.0,0.0,-0.0952,0.0,-0.0779,-0.4976,0.0,0.0,0.0,0.0,0.3413,1.0,0.0,0.0,1.184,-0.9688,2.0,0.0,0.0,0.0,0.0,0.0,0.0,0.4277
-0.104,-0.1011,-0.1065,2.701,-2.545,-0.1569,-3.158,2.582,-2.36,-2.164,-1.603,12.516,-1.143,-0.06934,-1.0,-1.0,2.768,2.695,-1.453,0.0,-0.0631,3.135,0.742,1.192,-2.086,-0.871,-0.644,-2.514,0.951,0.4087,-0.3982,-0.9873,-0.1656,-0.1453,-0.06683,0.0,0.0,-0.10645,0.0,-0.28,-1.357,0.0,1.0,0.0,0.0,-8.15,1.0,0.0,0.0,2.75,-2.195,0.0,1.0,0.0,0.0,0.0,1.0,-3.82,-5.477
-0.1197,-0.1151,-0.1238,2.701,-2.545,-0.1569,-3.158,2.785,-2.36,-2.164,-1.719,0.2406,-1.143,-0.0792,-1.0,-1.0,2.768,2.695,-1.59,0.0,-0.0606,3.135,1.426,1.201,-2.086,-1.0625,-1.436,-1.999,1.276,-2.514,0.815,0.5083,0.4216,-0.1663,-0.07684,0.0,0.0,-0.11945,0.0,-0.3154,-1.655,0.0,1.0,0.0,0.0,-8.15,0.0,-0.5,-0.5,2.75,-2.195,0.0,2.0,0.0,0.0,0.0,0.0,0.0,-5.477
-0.1356,-0.13,-0.1409,2.701,-2.545,-0.1569,-3.158,2.785,-2.36,-2.164,-1.849,0.196,-1.143,-0.0891,-1.0,-1.0,2.768,2.695,-1.6,0.0,-0.05807,2.592,1.985,1.414,-2.086,-1.145,-1.871,-1.729,1.781,-1.999,0.4087,-0.3982,-0.4568,-0.188,-0.0881,0.0,0.0,-0.1292,0.0,-0.345,-1.719,0.0,1.0,0.0,0.0,-3.443,0.0,-0.5,-1.0,2.75,-2.195,0.0,3.0,0.0,0.0,0.0,0.0,0.0,-5.29
-0.1488,-0.1423,-0.1547,2.701,-2.545,-0.1569,-3.158,2.785,-2.36,-2.164,-1.959,-0.04773,-1.143,-0.099,-1.0,-1.0,2.768,2.695,-1.6,0.0,-0.05554,2.045,2.426,1.691,-2.086,-1.201,-3.107,1.331,2.105,-1.729,-2.514,0.815,0.9717,-0.2087,-0.09827,0.0,0.0,-0.1371,0.0,-0.3232,-1.518,0.0,1.0,0.0,0.0,2.047,0.0,-0.5,-0.5,2.75,-2.195,1.0,0.0,0.0,-0.5,0.0,0.0,0.0,3.236
-0.1589,-0.1521,-0.1652,2.701,-2.545,0.1415,-3.158,2.785,-2.36,-2.164,-2.057,-0.12054,-1.143,-0.1089,-1.0,-1.0,2.768,2.695,-1.51,0.0,-0.05304,1.333,2.764,1.939,-2.086,-1.247,-2.432,1.66,2.252,1.331,-1.998,0.4084,-2.514,-0.2262,-0.10754,0.0,0.0,-0.1458,0.0,-0.2957,-1.299,0.0,1.0,0.0,0.0,2.582,0.0,0.0,0.0,2.75,-2.195,2.0,0.0,0.0,-0.5,0.0,0.0,0.0,3.996
-0.1664,-0.1595,-0.1727,2.701,-2.545,0.95,-3.158,2.785,-2.36,-2.164,-2.146,-0.1959,-1.143,-0.11884,-1.0,-1.0,2.768,2.695,-1.405,0.0,-0.0505,2.031,3.012,2.146,-1.198,-1.282,-2.443,1.552,2.324,1.66,-1.729,-2.514,-0.987,-0.2427,-0.1155,0.0,0.0,-0.1531,0.0,-0.269,-1.176,0.0,1.0,0.0,0.0,2.324,1.0,0.5,0.0,2.75,-2.121,3.0,0.0,0.0,-0.5,0.0,0.0,0.0,3.498
-0.175,-0.1682,-0.1815,2.701,-2.545,0.95,-3.158,2.785,-2.36,-2.164,-2.246,0.309,-1.143,-0.1287,-1.0,-1.0,2.768,2.695,-1.522,0.0,-0.04797,2.303,3.184,2.318,-1.773,-1.317,-3.096,-1.697,2.424,1.552,1.33,-1.998,0.5083,-0.2627,-0.1237,0.0,0.0,-0.161,0.0,-0.2993,-1.224,0.0,1.0,0.0,0.0,-2.168,1.0,0.0,0.0,2.75,-2.195,0.0,1.0,0.0,-0.5,0.0,0.0,0.0,-3.18
-0.1829,-0.1765,-0.1887,2.701,-2.545,0.95,-3.158,2.785,-2.346,-2.164,-2.355,-0.04892,-1.143,-0.1387,-1.0,-1.0,2.768,2.695,-1.5205,0.0,-0.04544,0.806,3.297,2.484,-1.417,-1.371,-3.393,0.03177,2.45,-1.697,1.659,-1.728,-0.398,-0.2644,-0.1324,0.0,0.0,-0.1698,0.0,-0.2988,-1.36,0.0,1.0,0.0,0.0,0.0359,2.0,0.5,0.0,2.75,-2.195,1.0,0.0,0.0,-0.5,0.0,0.0,0.0,0.0542
-0.1925,-0.1864,-0.1981,2.701,-2.545,0.95,-3.158,2.785,-2.36,-2.164,-2.455,0.4763,-1.143,-0.1486,-1.0,-1.0,2.768,2.695,-1.6,0.0,-0.04294,2.06,3.342,2.621,-2.086,-1.414,-4.277,-2.445,2.494,0.03177,1.552,1.33,0.815,-0.2666,-0.1418,0.0,0.0,-0.18,0.0,-0.341,-1.328,0.0,1.0,0.0,0.0,-3.553,1.0,0.0,0.0,2.75,-2.195,0.0,1.0,0.0,-0.5,0.0,0.0,0.0,-5.36
-0.1995,-0.1935,-0.2048,2.701,-2.545,0.95,-3.158,2.785,-1.86,-2.164,-2.535,-0.2957,-1.143,-0.1584,-1.0,-1.0,2.768,2.695,-1.568,0.0,-0.0404,2.477,3.33,2.729,-1.189,-1.457,-5.035,1.805,2.477,-2.445,-1.697,1.659,0.4084,-0.2634,-0.1501,0.0,0.0,-0.1886,0.0,-0.3115,-1.074,0.0,1.0,0.0,0.0,2.605,1.0,0.0,0.5,2.75,-1.937,1.0,0.0,0.0,-0.5,0.0,0.0,0.0,4.098
-0.2041,-0.1985,-0.2092,2.324,-1.912,0.95,-3.158,2.785,-0.8423,-2.164,-2.611,-0.4968,-1.143,-0.1683,-1.0,-1.0,2.768,2.695,-1.474,0.0,-0.03787,1.52,3.229,2.795,-0.3733,-1.4795,-0.719,1.43,2.398,1.805,0.03177,1.551,-2.514,-0.26,-0.1578,0.0,0.0,-0.1963,0.0,-0.2874,-0.986,0.0,0.0,0.0,0.0,2.166,1.0,0.5,0.5,2.75,-0.956,2.0,0.0,0.0,-0.5,1.0,0.0,4.234,3.309
-0.2087,-0.2036,-0.2133,2.232,-1.869,0.95,-3.158,2.785,-0.604,-2.164,-2.684,-0.2167,-1.143,-0.1782,-1.0,-1.0,2.768,2.695,-1.49,0.0,-0.03534,2.084,2.94,2.826,-0.32,-1.505,0.1285,-0.251,2.27,1.43,-2.445,-1.697,-1.998,-0.2595,-0.1659,0.0,0.0,-0.2043,0.0,-0.2917,-0.975,0.0,0.0,0.0,0.0,-0.3643,1.0,0.5,0.5,2.75,-0.922,0.0,1.0,0.0,-0.5,0.0,0.0,0.0,-0.5435
-0.2108,-0.2069,-0.2141,1.135,-0.8735,0.95,-3.158,2.785,0.6543,-2.164,-2.748,-2.682,-1.0,-0.1881,0.0,-1.0,2.768,2.695,-1.362,0.0,-0.03284,1.996,2.48,2.822,0.766,-1.529,0.9106,1.891,2.096,-0.251,1.804,0.03177,-1.728,-0.2585,-0.1705,0.0,0.0,-0.211,0.0,-0.2593,-0.8784,0.0,0.0,0.0,0.0,1.906,1.0,1.0,0.5,2.014,0.1597,1.0,0.0,0.0,-0.5,0.0,0.0,0.0,2.855
-0.2152,-0.2137,-0.2162,2.04,-1.988,0.95,-3.158,2.785,-0.05768,-2.164,-2.836,-0.872,-0.857,-0.198,0.0,-1.0,2.768,2.695,-1.522,0.0,-0.0303,3.135,1.73,2.777,-0.2452,-1.548,0.588,-2.291,1.849,1.891,1.43,-2.443,1.33,-0.2585,-0.1753,0.0,0.0,-0.2197,0.0,-0.3003,-1.038,0.0,1.0,0.0,0.0,-3.248,1.0,0.5,0.0,2.516,-1.32,0.0,1.0,0.0,-0.5,0.0,0.0,0.0,-4.72
-0.2198,-0.2186,-0.2205,2.111,-2.092,0.95,-3.158,2.785,-0.2754,-2.164,-2.838,-4.016,-0.857,-0.198,-1.0,-1.0,2.768,2.695,-1.56,0.0,-0.02777,2.016,1.314,2.701,-0.2314,-1.589,-0.03757,-0.556,1.696,-2.291,-0.251,1.804,1.659,-0.2595,-0.1814,0.0,0.0,-0.2269,0.0,-0.31,-0.3103,0.0,0.0,0.0,0.0,-0.588,0.0,0.0,0.0,2.53,-1.483,0.0,2.0,0.0,-0.5,0.0,0.0,0.0,-0.8877
-0.2249,-0.2238,-0.2255,2.324,-2.31,0.95,-3.158,2.53,-0.669,-2.164,-2.83,2.836,-0.857,-0.2079,-1.0,-1.0,2.768,2.695,-1.6,0.0,-0.02525,1.473,1.108,2.574,-0.7104,-1.578,-0.728,-0.8335,1.562,-0.556,1.891,1.43,1.551,-0.2578,-0.1874,0.0,0.0,-0.2339,0.0,-0.3245,-0.1815,0.0,0.0,0.0,0.0,-0.9165,-1.0,-0.5,0.0,2.695,-1.735,0.0,3.0,0.0,-0.5,0.0,0.0,0.0,-1.396
-0.2289,-0.228,-0.2292,1.866,-1.864,0.95,-3.158,2.299,-0.4822,-2.164,-2.805,-0.2272,-0.857,-0.2178,-1.0,-1.0,2.768,2.695,-1.581,0.0,-0.02272,0.3203,0.928,2.396,-0.5293,-1.568,-0.121,0.5205,1.341,-0.8335,-2.291,-0.251,-1.697,-0.258,-0.193,0.0,0.0,-0.241,0.0,-0.3157,0.0874,0.0,0.0,0.0,0.0,0.5186,0.0,0.0,0.5,2.229,-1.335,1.0,0.0,0.0,-0.5,0.0,0.0,0.0,0.802
-0.2319,-0.2311,-0.2322,1.425,-1.426,0.95,-3.158,2.03,-0.2332,-2.164,-2.785,-0.601,-0.857,-0.2278,-1.0,-1.0,2.768,2.695,-1.541,0.0,-0.0202,-0.6636,0.746,2.104,-0.3167,-1.558,-0.1714,0.596,1.073,0.5205,-0.5557,1.891,0.03174,-0.2598,-0.199,0.0,0.0,-0.2473,0.0,-0.3057,0.008804,0.0,0.0,0.0,0.0,0.3093,0.0,0.0,0.5,1.76,-0.961,2.0,0.0,0.0,-0.5,0.0,0.0,0.0,0.474
-0.2354,-0.2346,-0.2357,1.654,-1.659,0.95,-3.158,1.943,-0.5576,-2.164,-2.783,3.154,-0.857,-0.2377,-1.0,-1.0,2.768,2.695,-1.592,0.0,-0.01767,-0.523,0.563,1.717,-0.665,-1.56,0.8506,-0.75,0.6357,0.596,-0.8335,-2.291,-2.443,-0.2622,-0.2053,0.0,0.0,-0.2546,0.0,-0.3186,-0.302,0.0,0.0,0.0,0.0,-0.7515,0.0,0.0,0.0,1.94,-1.229,0.0,1.0,0.0,-0.5,0.0,0.0,0.0,-1.14
-0.2412,-0.2402,-0.2417,2.701,-2.545,0.95,-3.158,2.193,-1.622,-2.164,-2.814,2.783,-0.857,-0.2377,-1.0,-1.0,2.768,2.695,-1.6,0.0,-0.01515,3.135,0.3782,1.182,-1.747,-1.581,0.1763,-2.514,-0.1642,-0.75,0.52,-0.5557,1.804,-0.2715,-0.2122,0.0,0.0,-0.264,0.0,-0.3623,-0.8125,0.0,0.0,0.0,0.0,-2.824,0.0,-0.5,-0.5,2.75,-2.195,0.0,2.0,0.0,-0.5,0.0,0.0,0.0,-4.34
-0.2491,-0.2477,-0.25,2.701,-2.545,0.95,-3.158,2.436,-2.36,-2.164,-2.848,0.866,-0.857,-0.2377,-1.0,-1.0,2.768,2.695,-1.6,0.0,-0.01263,3.135,0.2194,0.8594,-2.086,-1.625,-0.544,-2.514,0.024,-2.514,0.596,-0.8335,1.43,-0.2808,-0.2197,0.0,0.0,-0.2678,0.0,-0.4036,-0.868,0.0,0.0,0.0,0.0,-4.582,0.0,-1.0,-0.5,2.75,-2.195,0.0,3.0,0.0,-0.5,0.0,0.0,0.0,-5.477
-0.26,-0.2576,-0.262,2.701,-2.545,0.95,-3.158,2.785,-2.36,-2.164,-2.908,0.795,-0.857,-0.2377,-1.0,-1.0,2.768,2.695,-1.6,0.0,-0.0101,3.135,0.2754,0.7583,-2.086,-1.66,-0.719,-2.514,0.4119,-2.514,-0.75,0.52,-0.251,-0.295,-0.2289,0.0,0.0,-0.2725,0.0,-0.465,-1.121,0.0,1.0,0.0,0.0,-8.15,-1.0,-1.0,-1.0,2.75,-2.195,0.0,4.0,0.0,-0.5,0.0,0.0,0.0,-5.477
-0.2673,-0.2644,-0.2695,2.701,-2.545,0.95,-3.158,2.785,-2.36,-2.164,-2.932,-0.2301,-0.857,-0.2377,-1.0,-1.0,2.768,2.695,-1.6,0.0,-0.007576,3.135,0.3982,0.7183,-2.086,-1.66,-1.95,2.549,0.5483,-2.514,-2.514,0.596,1.89,-0.304,-0.2369,0.0,0.0,-0.275,0.0,-0.4243,-0.6255,0.0,0.0,0.0,0.0,4.793,-1.0,-1.0,-0.5,2.75,-2.195,1.0,0.0,0.0,-0.5,0.0,0.0,0.0,5.766
-0.2717,-0.2686,-0.2742,2.248,-2.045,1.329,-3.158,2.785,-1.511,-2.164,-2.953,-0.3723,-0.857,-0.2476,-1.0,-1.0,2.768,2.695,-1.6,0.0,-0.00505,3.135,0.5312,0.698,-0.953,-1.66,-1.345,2.436,0.596,2.549,-2.514,-0.75,-2.291,-0.3105,-0.2445,0.0,0.0,-0.2769,0.0,-0.3875,-0.5747,0.0,0.0,0.0,0.0,3.361,0.0,-0.5,-0.5,2.75,-1.308,2.0,0.0,0.0,-0.5,0.0,0.0,0.0,5.766
-0.277,-0.274,-0.2798,2.701,-2.545,1.329,-3.158,2.785,-1.995,-2.164,-2.992,0.524,-0.857,-0.2573,-1.0,-1.0,2.768,2.695,-1.6,0.0,-0.002525,3.135,0.6646,0.6978,-1.445,-1.66,-1.321,-1.561,0.663,2.436,-2.514,-2.514,-0.5557,-0.32,-0.2515,0.0,0.0,-0.2805,0.0,-0.412,-0.862,0.0,0.0,0.0,0.0,-1.864,0.0,-0.5,-1.0,2.75,-1.771,0.0,1.0,-1.0,-0.5,0.0,0.0,0.0,-3.072
-0.2803,-0.2773,-0.283,1.74,-1.537,1.329,-3.158,2.785,-0.9883,-2.164,-3.02,-0.4443,-0.857,-0.2673,-1.0,-1.0,2.768,2.695,-1.6,0.0,0.0,1.238,0.785,0.699,-0.4338,-1.66,-1.221,1.78,0.6333,-1.561,2.547,-2.514,-0.8335,-0.3262,-0.2576,0.0,0.0,-0.2842,0.0,-0.385,-0.645,0.0,0.0,0.0,0.0,1.782,1.0,0.0,-0.5,2.352,-0.7476,1.0,0.0,-1.0,-0.5,0.0,0.0,0.0,3.016
-0.286,-0.283,-0.288,2.701,-2.545,1.329,-3.158,2.785,-1.911,-2.164,-3.076,1.303,-1.0,-0.2773,-1.0,-1.0,2.768,2.695,-1.6,0.0,0.002525,2.115,0.899,0.7056,-1.506,-1.66,-1.582,-2.514,0.6963,1.78,2.436,-2.514,0.52,-0.332,-0.2646,0.0,0.0,-0.2883,0.0,-0.4268,-1.039,0.0,1.0,0.0,0.0,-1.932,1.0,-0.5,-1.0,2.75,-1.838,0.0,1.0,-1.0,-0.5,0.0,0.0,0.0,-3.174
-0.2925,-0.2898,-0.2947,2.701,-2.545,1.329,-3.158,2.785,-2.36,-2.164,-3.125,0.4312,-1.143,-0.287,-1.0,-1.0,2.768,2.695,-1.6,0.0,0.00505,1.843,1.022,0.746,-1.981,-1.66,-2.102,-1.682,0.789,-2.514,-1.56,2.547,0.596,-0.3364,-0.272,0.0,0.0,-0.2932,0.0,-0.4524,-0.9863,0.0,0.0,0.0,0.0,-1.631,0.0,-1.0,-1.0,2.75,-2.195,0.0,2.0,-1.0,-0.5,0.0,0.0,0.0,-2.803
-0.2986,-0.296,-0.3008,2.701,-2.545,1.329,-3.158,2.785,-2.205,-2.164,-3.174,0.05682,-1.143,-0.297,-1.0,-1.0,2.768,2.695,-1.6,0.0,0.007576,1.832,1.163,0.805,-1.839,-1.66,-2.145,-0.2605,0.896,-1.682,1.779,2.434,-0.75,-0.3354,-0.2798,0.0,0.0,-0.2969,0.0,-0.456,-0.966,0.0,0.0,0.0,0.0,-0.2957,-1.0,-1.0,-1.0,2.75,-2.182,0.0,3.0,-1.0,-0.5,0.0,0.0,0.0,-0.523
-0.306,-0.303,-0.3083,2.701,-2.545,1.329,-3.158,2.785,-2.36,-2.164,-3.227,0.4219,-1.143,-0.307,-1.0,-1.0,2.768,2.695,-1.6,0.0,0.0101,2.586,1.28,0.8867,-2.086,-1.66,-1.411,-1.869,1.017,-0.2605,-2.514,-1.56,-2.514,-0.3408,-0.2886,0.0,0.0,-0.3022,0.0,-0.4836,-1.012,0.0,0.0,0.0,0.0,-2.781,-1.0,-1.0,-1.0,2.75,-2.195,0.0,4.0,-1.0,-0.5,0.0,0.0,0.0,-4.94
-0.3083,-0.3054,-0.3108,1.415,-1.208,1.329,-3.158,2.785,-0.4028,-2.164,-3.256,-0.8335,-1.143,-0.317,-1.0,-1.0,2.768,2.695,-1.6,0.0,0.01263,3.135,1.343,0.963,-0.03015,-1.66,-0.6924,2.549,0.965,-1.869,-1.682,1.779,-2.514,-0.3435,-0.2915,0.0,0.0,-0.3064,0.0,-0.4167,-0.62,0.0,0.0,0.0,0.0,7.145,-1.0,-0.5,-1.0,2.371,-0.068,1.0,0.0,-1.0,-0.5,0.0,0.0,0.0,5.766
-0.3035,-0.3,-0.3064,-1.631,1.803,2.91,-3.158,2.785,1.907,-2.164,-3.242,-13.62,-1.0,-0.3267,0.0,-1.0,2.768,2.695,-1.525,0.0,0.01515,1.536,1.247,0.977,1.872,-1.66,0.79,2.549,0.9497,2.549,-0.2605,-2.514,-2.514,-0.3335,-0.291,0.0,0.0,-0.3066,0.0,-0.3032,-0.1213,0.0,0.0,0.0,0.0,7.266,0.0,0.0,-1.0,-0.4214,2.045,2.0,0.0,-1.0,-0.5,1.0,0.0,4.234,5.766
-0.2974,-0.2935,-0.301,-1.631,1.803,2.91,-3.158,2.785,1.907,-2.164,-3.21,0.3997,-0.857,-0.3367,0.0,-1.0,2.768,2.695,-1.416,0.0,0.01767,2.582,1.055,0.969,1.872,-1.66,0.183,1.638,0.9175,2.549,-1.868,-1.682,2.547,-0.3235,-0.2896,0.0,0.0,-0.3071,0.0,-0.2751,0.0362,0.0,0.0,0.0,0.0,2.373,1.0,0.0,-0.5,-0.9434,2.045,3.0,0.0,-1.0,-0.5,0.0,0.0,0.0,3.586
-0.2903,-0.2854,-0.2944,-1.631,1.803,2.91,-3.158,2.785,1.907,-2.164,-3.148,0.2932,-0.7144,-0.3464,0.0,-1.0,2.768,2.695,-1.31,0.0,0.0202,0.3696,0.778,0.9346,1.872,-1.66,-0.355,1.547,1.034,1.638,2.547,-0.2605,2.434,-0.307,-0.2878,0.0,0.0,-0.3054,0.0,-0.2482,0.3215,0.0,0.0,0.0,0.0,2.424,2.0,0.0,0.0,-1.372,2.045,4.0,0.0,-0.5,-0.5,1.0,0.0,4.234,3.564
-0.2825,-0.2769,-0.2876,-1.631,1.803,2.91,-3.158,2.785,1.907,-2.164,-3.059,0.1852,-0.5713,-0.3564,0.0,-1.0,2.768,2.559,-1.2295,0.0,0.02272,1.949,0.4648,0.893,1.872,-1.66,0.5967,1.131,1.204,1.547,2.547,-1.868,-1.56,-0.2864,-0.2861,0.0,0.0,-0.3027,0.0,-0.2278,0.593,0.0,0.0,0.0,0.0,1.333,3.0,0.5,0.5,-1.384,2.045,5.0,0.0,0.0,-0.5,0.0,0.0,0.0,1.912
-0.2737,-0.2678,-0.2793,-1.631,1.803,2.91,-3.158,2.785,1.907,-2.004,-2.93,0.1802,-0.4285,-0.3665,0.0,-1.0,2.727,2.285,-1.122,0.0,0.02525,1.497,0.3252,0.8145,1.872,-1.66,0.3813,1.495,1.438,1.131,1.637,2.547,1.779,-0.2627,-0.2847,0.0,0.0,-0.2986,0.0,-0.2003,1.031,1.0,0.0,0.0,0.0,1.509,3.0,0.5,1.0,-1.384,2.045,5.734,0.0,0.5,-0.5,0.0,0.0,0.0,2.123
-0.2683,-0.2622,-0.274,-1.631,1.803,2.91,-3.158,2.785,1.907,-2.164,-2.836,-0.2273,-0.2856,-0.3762,0.0,-1.0,2.768,2.695,-1.281,0.0,0.02777,2.818,0.323,0.718,1.872,-1.66,1.868,-2.166,1.543,1.495,1.547,2.547,-2.514,-0.2405,-0.2832,0.0,0.0,-0.2961,0.0,-0.2416,0.6724,0.0,0.0,0.0,0.0,-2.836,2.0,0.5,0.5,-0.845,2.045,0.0,1.0,0.5,-0.5,0.0,0.0,0.0,-3.895
-0.2632,-0.2573,-0.2686,-1.631,1.803,2.91,-3.158,2.785,1.907,-2.164,-2.756,0.0796,-0.1428,-0.3862,0.0,-1.0,2.768,2.652,-1.259,0.0,0.0303,1.19,0.425,0.609,1.872,-1.66,2.953,0.3147,1.643,-2.166,1.131,1.637,-1.681,-0.2239,-0.2817,0.0,0.0,-0.2937,0.0,-0.236,0.579,0.0,0.0,0.0,0.0,0.3538,2.0,1.0,0.5,-0.8384,2.045,1.0,0.0,0.5,-0.5,0.0,0.0,0.0,0.504
-0.2622,-0.2563,-0.2676,0.01325,0.4448,2.91,-3.158,2.785,0.9185,-2.164,-2.691,-0.5913,0.0,-0.396,0.0,-1.0,2.768,2.695,-1.501,0.0,0.03284,3.135,0.5864,0.4988,1.065,-1.66,3.584,-2.514,1.659,0.3147,1.495,1.547,-0.2603,-0.2233,-0.2808,0.0,0.0,-0.293,0.0,-0.298,0.3655,0.0,0.0,0.0,0.0,-3.5,1.0,1.0,0.5,0.894,1.394,0.0,1.0,0.5,-0.5,0.0,0.0,0.0,-4.957
-0.261,-0.2551,-0.2666,-0.09753,0.5664,2.91,-3.158,2.785,0.889,-2.164,-2.637,0.112,0.1428,-0.406,0.0,-1.0,2.768,2.695,-1.478,0.0,0.03534,3.135,0.7666,0.4133,1.051,-1.66,4.652,0.3477,1.688,-2.514,-2.166,1.131,-1.868,-0.2247,-0.2803,0.0,0.0,-0.2908,0.0,-0.2922,0.2908,0.0,0.0,0.0,0.0,0.675,1.0,1.5,0.5,0.6704,1.383,1.0,0.0,0.5,-0.5,0.0,0.0,0.0,1.014
-0.257,-0.251,-0.2625,-1.231,1.686,2.91,-3.158,2.785,1.902,-2.164,-2.541,1.25,0.2856,-0.4158,0.0,-1.0,2.768,2.652,-1.287,0.0,0.03787,2.459,0.9487,0.388,1.872,-1.655,3.479,2.549,1.748,0.3477,0.3147,1.494,2.547,-0.2242,-0.2793,0.0,0.0,-0.2854,0.0,-0.2435,0.6885,0.0,0.0,0.0,0.0,2.604,1.0,1.5,1.0,-0.3643,2.045,2.0,0.0,0.5,-0.5,0.0,0.0,0.0,3.887
-0.2517,-0.2462,-0.2568,-1.631,1.803,2.91,-2.094,2.785,1.907,-2.059,-2.424,0.2408,0.4285,-0.4258,0.0,-1.0,2.768,2.377,-1.192,0.0,0.0404,1.723,1.131,0.4724,1.872,-1.612,1.105,1.335,1.731,2.549,-2.514,-2.166,2.547,-0.2234,-0.2776,0.0,0.0,-0.2773,0.0,-0.2194,0.912,1.0,0.0,0.0,0.0,1.214,2.0,1.5,1.5,-0.701,2.045,3.0,0.0,0.5,-0.5,0.0,0.0,0.0,1.73
-0.2478,-0.243,-0.2522,-1.225,1.582,2.91,-2.094,2.785,1.275,-2.121,-2.31,-0.26,0.5713,-0.4355,0.0,-1.0,2.768,2.486,-1.236,0.0,0.04294,0.319,1.3,0.608,1.872,-1.56,0.623,-0.616,1.7295,1.335,0.3477,0.3145,1.637,-0.2261,-0.2769,0.0,0.0,-0.271,0.0,-0.231,0.863,1.0,0.0,0.0,0.0,-0.5264,1.0,1.0,1.5,-0.3167,2.045,0.0,1.0,0.5,-0.5,0.0,0.0,0.0,-0.7344
-0.2435,-0.2402,-0.2463,-1.394,1.621,2.91,-2.094,2.785,1.037,-2.041,-2.18,-0.04517,0.7144,-0.4456,0.0,-1.0,2.768,2.361,-1.193,0.0,0.04544,0.894,1.455,0.798,1.628,-1.481,0.0633,0.608,1.765,-0.616,2.547,-2.514,1.547,-0.224,-0.2751,0.0,0.0,-0.2654,0.0,-0.2198,1.07,1.0,0.0,0.0,0.0,0.392,2.0,1.0,2.0,-0.5835,2.045,1.0,0.0,0.5,-0.5,0.0,0.0,0.0,0.5527
-0.2417,-0.24,-0.2428,-0.5293,0.62,2.91,-2.094,2.773,-0.1997,-2.164,-2.092,-1.034,0.7144,-0.4556,-1.0,-1.0,2.768,2.695,-1.323,0.0,0.04797,1.21,1.574,1.026,0.1625,-1.403,-0.3677,-1.791,1.709,0.608,1.335,0.3474,1.131,-0.2255,-0.274,0.0,0.0,-0.2603,0.0,-0.2532,0.67,0.0,0.0,0.0,0.0,-1.294,1.0,0.5,1.5,0.08093,1.232,0.0,1.0,0.5,-0.5,0.0,0.0,0.0,-1.806
-0.2391,-0.2379,-0.2399,-0.7944,0.8496,2.91,-2.094,2.035,0.03595,-2.146,-2.05,-2.912,0.7144,-0.4653,0.0,-1.0,2.768,2.645,-1.2705,0.0,0.0505,0.876,1.68,1.234,0.2744,-1.366,-1.106,0.7417,1.686,-1.791,-0.616,2.547,1.494,-0.2201,-0.272,0.0,0.0,-0.2554,0.0,-0.24,0.269,0.0,0.0,0.0,0.0,0.963,1.0,0.5,1.5,-0.2021,1.422,1.0,0.0,0.5,-0.5,0.0,0.0,0.0,1.385
-0.2365,-0.2354,-0.237,-0.891,0.936,2.91,-2.094,1.804,0.162,-2.086,-2.02,1.058,0.7144,-0.4753,0.0,-1.0,2.729,2.564,-1.24,0.0,0.05304,0.1409,1.698,1.405,0.3516,-1.347,-0.1915,0.4333,1.575,0.7417,0.608,1.335,-2.166,-0.2145,-0.27,0.0,0.0,-0.2491,0.0,-0.2323,0.1599,0.0,0.0,0.0,0.0,0.4514,1.0,1.0,1.5,-0.3486,1.446,2.0,0.0,0.5,-0.5,0.0,0.0,0.0,0.6416
-0.2345,-0.2335,-0.2351,-0.5674,0.607,2.91,-2.094,1.746,-0.1109,-2.137,-2.004,-0.937,0.7144,-0.485,0.0,-1.0,2.768,2.656,-1.277,0.0,0.05554,0.05392,1.635,1.521,0.0696,-1.343,-0.3066,-0.5195,1.349,0.4333,-1.79,-0.616,0.3145,-0.2142,-0.2686,0.0,0.0,-0.2422,0.0,-0.242,-0.08044,0.0,0.0,0.0,0.0,-0.442,1.0,0.5,1.0,-0.07074,1.093,0.0,1.0,0.5,-0.5,0.0,0.0,0.0,-0.6235
-0.2328,-0.2318,-0.2333,-0.532,0.5645,2.91,-2.094,1.524,-0.0532,-2.12,-1.997,14.88,0.7144,-0.495,0.0,-1.0,2.758,2.648,-1.271,0.0,0.05807,-0.4507,1.492,1.579,0.12476,-1.346,1.209,0.0748,1.036,-0.5195,0.741,0.608,-2.514,-0.2162,-0.2668,0.0,0.0,-0.2351,0.0,-0.2407,-0.2183,0.0,0.0,0.0,0.0,0.05246,1.0,1.0,1.0,-0.1112,0.971,1.0,0.0,0.5,-0.5,0.0,0.0,0.0,0.07465
-0.2327,-0.2318,-0.233,0.12384,-0.1072,2.91,-0.515,1.559,-0.595,-2.164,-2.014,-9.45,0.5713,-0.505,-1.0,-1.0,2.768,2.695,-1.368,0.0,0.0606,1.115,1.351,1.5625,-0.4543,-1.357,1.205,-1.346,0.4275,0.0748,0.4333,-1.79,0.3474,-0.2192,-0.2646,0.0,0.0,-0.228,0.0,-0.2654,-0.609,0.0,0.0,0.0,0.0,-1.079,1.0,0.5,0.5,0.4724,0.2712,0.0,1.0,0.5,-0.5,0.0,0.0,0.0,-1.534
-0.2303,-0.2295,-0.2307,-0.747,0.7715,2.91,-0.515,1.324,0.3652,-2.023,-1.994,-2.05,0.5713,-0.5146,0.0,-1.0,2.586,2.502,-1.225,0.0,0.0631,1.488,1.212,1.477,0.5566,-1.361,0.07074,2.049,-0.0924,-1.346,-0.519,0.741,2.547,-0.22,-0.2607,0.0,0.0,-0.2218,0.0,-0.2289,-0.02771,0.0,0.0,0.0,0.0,1.292,1.0,0.5,1.0,-0.2734,1.219,1.0,0.0,0.5,-0.5,0.0,0.0,0.0,1.879
-0.226,-0.225,-0.2264,-1.451,1.496,2.91,-0.515,1.279,1.234,-1.789,-1.964,2.129,0.5713,-0.525,0.0,-1.0,2.227,2.127,-1.087,0.0,0.0657,1.744,1.067,1.388,1.456,-1.3545,-0.4888,1.923,-0.1177,2.049,0.0748,0.4333,1.335,-0.2144,-0.255,0.0,0.0,-0.2181,0.0,-0.1935,0.1674,0.0,0.0,0.0,0.0,1.746,1.0,0.5,1.0,-1.031,1.829,2.0,0.0,0.5,-0.5,0.0,0.0,0.0,2.455
-0.2241,-0.2234,-0.2244,-0.5615,0.5767,2.91,-0.515,1.169,0.2026,-1.989,-1.92,-0.696,0.5713,-0.5347,0.0,-1.0,2.52,2.46,-1.216,0.0,0.0682,1.204,0.9004,1.27,0.4597,-1.338,-0.1398,-1.733,-0.148,1.923,-1.346,-0.519,-0.616,-0.2131,-0.2505,0.0,0.0,-0.2164,0.0,-0.2267,0.416,0.0,0.0,0.0,0.0,-1.105,1.0,0.5,1.0,-0.0981,1.026,0.0,1.0,0.5,-0.5,0.0,0.0,0.0,-1.505
-0.2213,-0.2208,-0.2214,-0.9077,0.9097,2.91,-0.515,1.022,0.512,-1.867,-1.871,1.212,0.5713,-0.5444,0.0,-1.0,2.318,2.275,-1.146,0.0,0.0707,1.885,0.7305,1.148,0.607,-1.29,-0.402,0.959,-0.1266,-1.733,2.049,0.0748,0.6074,-0.2109,-0.2465,0.0,0.0,-0.2151,0.0,-0.209,0.4805,0.0,0.0,0.0,0.0,0.581,1.0,0.5,1.0,-0.511,1.26,1.0,0.0,0.5,-0.5,0.0,0.0,0.0,0.815
-0.2195,-0.219,-0.2195,-0.5454,0.541,2.91,-0.515,0.9414,0.1594,-1.931,-1.849,-0.4739,0.5713,-0.5547,0.0,-1.0,2.408,2.387,-1.191,0.0,0.07324,1.11,0.5166,1.006,0.2146,-1.276,0.448,-0.61,-0.11993,0.959,1.922,-1.345,-1.79,-0.2089,-0.2423,0.0,0.0,-0.2148,0.0,-0.2206,0.066,0.0,0.0,0.0,0.0,-0.4517,1.0,0.5,0.5,-0.2025,0.8613,0.0,1.0,0.5,-0.5,0.0,0.0,0.0,-0.6235
-0.2195,-0.2189,-0.2195,0.11597,-0.1288,0.926,-0.515,0.9507,-0.4624,-2.082,-1.849,-2.342,0.4285,-0.5645,-1.0,-1.0,2.645,2.639,-1.289,0.0,0.07574,0.9263,0.2705,0.8823,-0.4358,-1.278,0.2019,-1.35,-0.1543,-0.61,-1.733,2.049,0.741,-0.2094,-0.2391,0.0,0.0,-0.2162,0.0,-0.2457,-0.3425,0.0,0.0,0.0,0.0,-0.6963,0.0,0.0,0.0,0.4675,0.2524,0.0,2.0,0.5,-0.5,0.0,0.0,0.0,-0.9707
-0.2183,-0.2178,-0.2184,-0.2898,0.2847,0.926,-0.515,1.074,-0.0112,-1.963,-1.836,-1.282,0.4285,-0.574,0.0,-1.0,2.469,2.426,-1.222,0.0,0.0783,2.223,0.01102,0.7695,0.0289,-1.28,-0.00461,0.946,-0.1514,-1.35,0.959,1.922,0.4333,-0.2058,-0.2347,0.0,0.0,-0.2157,0.0,-0.2286,-0.10657,0.0,0.0,0.0,0.0,0.6147,0.0,0.0,0.5,0.0946,0.67,1.0,0.0,0.5,-0.5,0.0,0.0,0.0,0.8774
-0.218,-0.2174,-0.218,0.03796,-0.0476,0.926,-0.515,1.098,-0.2947,-2.03,-1.833,-2.848,0.2856,-0.584,-1.0,-1.0,2.576,2.537,-1.269,0.0,0.0808,0.815,-0.1615,0.6533,-0.2725,-1.282,0.2422,-0.6504,-0.1514,0.946,-0.61,-1.733,-0.519,-0.2069,-0.2301,0.0,0.0,-0.2158,0.0,-0.2407,-0.2937,0.0,0.0,0.0,0.0,-0.4397,0.0,0.0,0.0,0.3467,0.281,0.0,1.0,0.5,-0.5,0.0,0.0,0.0,-0.6177
-0.2207,-0.22,-0.221,1.261,-1.267,0.926,-0.454,1.365,-1.508,-2.164,-1.836,7.555,0.2856,-0.594,-1.0,-1.0,2.768,2.695,-1.455,0.0,0.0833,1.863,-0.2206,0.516,-1.46,-1.294,0.214,-2.514,-0.1886,-0.6504,-1.35,0.9585,0.0748,-0.2156,-0.2264,0.0,0.0,-0.2155,0.0,-0.2886,-0.397,0.0,0.0,0.0,0.0,-2.32,-1.0,-0.5,0.0,1.609,-0.799,0.0,2.0,0.5,-0.5,0.0,0.0,0.0,-3.295
-0.2222,-0.2214,-0.2225,0.7915,-0.7856,0.926,-0.454,1.298,-1.067,-2.164,-1.839,-0.2041,0.1428,-0.604,-1.0,-1.0,2.768,2.695,-1.399,0.0,0.0859,0.6997,-0.247,0.354,-0.9985,-1.308,0.7036,0.8125,-0.2452,-2.514,0.9453,-0.61,-1.345,-0.2198,-0.2218,0.0,0.0,-0.2147,0.0,-0.2747,-0.39,0.0,0.0,0.0,0.0,0.9487,0.0,0.0,0.0,1.179,-0.3137,1.0,0.0,0.5,-0.5,0.0,0.0,0.0,1.409
-0.2253,-0.2242,-0.2258,1.456,-1.437,0.926,-0.454,1.531,-1.675,-2.164,-1.857,0.8433,0.0,-0.614,-1.0,-1.0,2.768,2.695,-1.506,0.0,0.0884,1.458,-0.257,0.1638,-1.589,-1.329,-0.2178,-1.541,-0.1316,0.8125,-0.65,-1.35,2.049,-0.2283,-0.2192,0.0,0.0,-0.2166,0.0,-0.302,-0.627,0.0,0.0,0.0,0.0,-1.356,0.0,-0.5,-0.5,1.862,-0.892,0.0,1.0,0.5,-0.5,0.0,0.0,0.0,-1.988
-0.2286,-0.2273,-0.2294,1.564,-1.526,0.653,-0.454,1.625,-1.774,-2.164,-1.875,0.2126,-0.1428,-0.6235,-1.0,-1.0,2.768,2.695,-1.538,0.0,0.0909,0.881,-0.2494,-0.03452,-1.663,-1.352,-1.27,-0.4746,-0.03041,-1.541,-2.514,0.9453,1.922,-0.2365,-0.2194,0.0,0.0,-0.2195,0.0,-0.3103,-0.619,0.0,0.0,0.0,0.0,-0.4443,-1.0,-1.0,-0.5,1.982,-0.961,0.0,2.0,0.5,-0.5,0.0,0.0,0.0,-0.6685
-0.2308,-0.2295,-0.2318,1.126,-1.07,0.653,-0.454,1.716,-1.353,-2.164,-1.888,-0.136,-0.2856,-0.634,-1.0,-1.0,2.768,2.695,-1.492,0.0,0.09344,1.088,-0.2211,-0.2207,-1.22,-1.372,-0.741,0.6855,0.02519,-0.4746,0.812,-0.65,-1.732,-0.2412,-0.2197,0.0,0.0,-0.2216,0.0,-0.2986,-0.5312,0.0,0.0,0.0,0.0,0.597,0.0,-0.5,-0.5,1.519,-0.565,1.0,0.0,0.5,-0.5,0.0,0.0,0.0,0.905
-0.2325,-0.2311,-0.2335,0.8794,-0.821,0.653,-0.454,1.583,-1.141,-2.164,-1.886,-0.04453,-0.2856,-0.6436,-1.0,-1.0,2.768,2.695,-1.469,0.0,0.09595,-0.04446,-0.1929,-0.3262,-1.001,-1.381,-1.353,0.347,0.04526,0.6855,-1.541,-2.514,0.9585,-0.2471,-0.2206,0.0,0.0,-0.2239,0.0,-0.2927,-0.3293,0.0,0.0,0.0,0.0,0.2605,1.0,-0.5,0.0,1.193,-0.4219,2.0,0.0,0.5,-0.5,0.0,0.0,0.0,0.3906
-0.2333,-0.2319,-0.2341,0.49,-0.431,0.653,-0.454,1.472,-0.7046,-2.164,-1.895,-0.3237,-0.4285,-0.6533,-1.0,-1.0,2.768,2.695,-1.42,0.0,0.0985,0.6475,-0.1592,-0.338,-0.6084,-1.389,-1.274,0.721,0.0607,0.347,-0.4746,0.812,-0.61,-0.2505,-0.2217,0.0,0.0,-0.2247,0.0,-0.2803,-0.5386,0.0,0.0,0.0,0.0,0.41,1.0,0.0,0.0,0.7554,-0.1145,3.0,0.0,0.5,-0.5,0.0,0.0,0.0,0.611
-0.2346,-0.2334,-0.2354,0.726,-0.685,0.653,-0.454,1.419,-0.812,-2.164,-1.925,0.3433,-0.5713,-0.6636,-1.0,-1.0,2.768,2.695,-1.462,0.0,0.101,1.048,-0.0828,-0.3035,-0.7217,-1.415,-0.8003,-0.604,0.08386,0.721,0.6855,-1.541,-1.35,-0.2507,-0.2236,0.0,0.0,-0.2262,0.0,-0.291,-0.9844,0.0,0.0,0.0,0.0,-0.545,1.0,0.0,-0.5,0.922,-0.4258,0.0,1.0,0.5,-0.5,0.0,0.0,0.0,-0.8027
-0.2368,-0.2356,-0.2375,1.103,-1.068,0.653,-0.454,1.377,-1.111,-2.164,-1.946,0.614,-0.7144,-0.6733,-1.0,-1.0,2.768,2.695,-1.525,0.0,0.1035,0.3174,0.01889,-0.2485,-1.021,-1.4375,-1.333,-0.939,0.1209,-0.604,0.347,-0.4744,0.9453,-0.2537,-0.225,0.0,0.0,-0.2286,0.0,-0.3076,-0.8867,0.0,0.0,0.0,0.0,-0.8716,1.0,-0.5,-0.5,1.279,-0.8003,0.0,2.0,0.5,-0.5,0.0,0.0,0.0,-1.297
-0.2377,-0.2367,-0.2382,0.5146,-0.492,0.653,-0.454,1.231,-0.4387,-2.164,-1.968,-0.5977,-0.857,-0.683,-1.0,-1.0,2.768,2.695,-1.452,0.0,0.1061,1.188,0.1007,-0.188,-0.3926,-1.454,-1.229,1.097,0.1295,-0.939,0.721,0.6855,-0.65,-0.2524,-0.226,0.0,0.0,-0.2301,0.0,-0.2888,-0.873,0.0,0.0,0.0,0.0,0.811,1.0,0.0,-0.5,0.7515,-0.2046,1.0,0.0,0.5,-0.5,0.0,0.0,0.0,1.226
-0.2379,-0.2372,-0.2383,0.2798,-0.271,0.653,-0.454,1.144,-0.10913,-2.164,-1.98,-0.974,-0.857,-0.693,0.0,-1.0,2.768,2.695,-1.422,0.0,0.1086,0.1273,0.1537,-0.1265,-0.0872,-1.468,-0.1674,0.437,0.1268,1.097,-0.604,0.3467,-2.514,-0.2496,-0.2256,0.0,0.0,-0.2313,0.0,-0.2812,-0.7026,0.0,0.0,0.0,0.0,0.4253,1.0,0.5,0.0,0.4841,-0.03738,2.0,0.0,0.5,-0.5,0.0,0.0,0.0,0.6313
-0.2351,-0.2343,-0.2356,-0.9272,0.959,0.8604,-0.454,1.202,1.249,-1.829,-1.961,14.88,-0.7144,-0.703,0.0,-1.0,2.277,2.197,-1.228,0.0,0.1111,1.748,0.1492,-0.0902,1.16,-1.45,-0.496,2.549,0.1473,0.437,-0.9385,0.7207,0.812,-0.2434,-0.2241,0.0,0.0,-0.2301,0.0,-0.2314,-0.0008626,0.0,0.0,0.0,0.0,4.543,1.0,0.5,0.5,-0.5767,1.258,3.0,0.0,0.5,-0.5,1.0,0.0,4.234,5.766
-0.2332,-0.2323,-0.2334,-0.624,0.644,0.8604,-0.454,1.048,1.027,-1.875,-1.952,-0.03564,-0.7144,-0.713,0.0,-1.0,2.332,2.285,-1.262,0.0,0.11365,0.1687,0.1136,-0.06134,0.894,-1.446,0.2852,-0.4734,0.1373,2.549,1.097,-0.604,-1.541,-0.2385,-0.224,0.0,0.0,-0.2305,0.0,-0.2404,-0.2275,0.0,0.0,0.0,0.0,-0.486,1.0,0.5,0.0,-0.2954,0.943,0.0,1.0,0.5,-0.5,0.0,0.0,0.0,-0.6836
-0.2284,-0.2273,-0.2291,-1.581,1.639,0.8604,-0.454,1.103,1.907,-1.562,-1.92,1.284,-0.5713,-0.7227,0.0,-1.0,1.886,1.796,-1.08,0.0,0.11615,2.51,0.03033,-0.0524,1.872,-1.412,0.6416,2.535,0.1417,-0.4734,0.437,-0.9385,-0.4744,-0.2306,-0.2234,0.0,0.0,-0.2303,0.0,-0.1942,0.2417,0.0,0.0,0.0,0.0,5.27,2.0,1.0,0.5,-1.229,1.89,1.0,0.0,0.5,-0.5,0.0,0.0,0.0,5.766
-0.2244,-0.223,-0.2251,-1.349,1.415,0.8604,-0.454,0.9385,1.907,-1.568,-1.866,0.01412,-0.4285,-0.733,0.0,-1.0,1.881,1.822,-1.091,0.0,0.1187,0.435,-0.06006,-0.05347,1.631,-1.383,0.6416,-0.1431,0.2026,2.535,2.547,1.097,0.6855,-0.2219,-0.2227,0.0,0.0,-0.2294,0.0,-0.1971,0.732,0.0,0.0,0.0,0.0,-0.1915,1.0,0.5,0.5,-1.048,1.627,0.0,1.0,0.5,-0.5,0.0,0.0,0.0,-0.2605
-0.22,-0.2185,-0.2211,-1.431,1.518,0.8604,-0.454,0.99,1.907,-1.487,-1.814,0.2019,-0.2856,-0.7427,0.0,-1.0,1.773,1.698,-1.048,0.0,0.1212,1.431,-0.1277,-0.07416,1.734,-1.356,0.747,0.5737,0.2595,-0.1431,-0.4734,0.437,0.3467,-0.2107,-0.2218,0.0,0.0,-0.2285,0.0,-0.1864,0.713,0.0,0.0,0.0,0.0,0.7026,1.0,0.5,0.5,-1.184,1.665,1.0,0.0,0.5,-0.5,0.0,0.0,0.0,0.9575
-0.2131,-0.2113,-0.2146,-1.631,1.803,0.8604,-0.454,0.954,1.907,-1.174,-1.731,0.6074,-0.1428,-0.7524,0.0,-1.0,1.362,1.265,-0.867,0.0,0.1237,2.33,-0.0922,-0.0923,1.872,-1.309,0.7036,2.414,0.4658,0.5737,2.535,2.547,0.7207,-0.197,-0.2192,0.0,0.0,-0.2258,0.0,-0.1403,1.294,1.0,0.0,0.0,0.0,3.746,1.0,0.5,1.0,-1.384,2.045,2.0,0.0,0.5,-0.5,0.0,0.0,0.0,5.06
-0.2102,-0.2083,-0.2118,-0.895,1.016,0.8604,-0.454,1.255,1.319,-1.503,-1.666,-0.4438,0.0,-0.762,0.0,-1.0,1.819,1.696,-1.069,0.0,0.1262,0.6567,0.05182,-0.0807,0.9404,-1.263,1.314,-2.514,0.524,2.414,-0.1431,-0.4734,-0.604,-0.1887,-0.2181,0.0,0.0,-0.224,0.0,-0.1925,0.76,0.0,0.0,0.0,0.0,-6.31,1.0,0.5,1.0,-0.4866,1.38,0.0,1.0,0.5,-0.5,0.0,0.0,0.0,-5.477
-0.2102,-0.2081,-0.2117,0.188,-0.07697,0.8604,-1.246,1.488,0.0536,-1.7705,-1.624,-0.8247,0.1428,-0.7725,0.0,-1.0,2.219,2.078,-1.234,0.0,0.1288,2.113,0.2043,-0.0529,-0.2944,-1.244,1.966,-2.213,0.522,-2.514,0.5737,2.535,-0.9385,-0.189,-0.2181,0.0,0.0,-0.2241,0.0,-0.2351,0.3105,0.0,0.0,0.0,0.0,-3.889,0.0,0.5,0.5,0.652,0.4316,0.0,2.0,0.5,-0.5,0.0,0.0,0.0,-5.273
-0.2101,-0.208,-0.2115,0.1594,-0.04465,0.8604,-1.246,1.722,-0.02773,-1.752,-1.586,-0.3857,0.2856,-0.782,0.0,-1.0,2.213,2.027,-1.2295,0.0,0.1313,2.547,0.3315,-0.01915,-0.3064,-1.236,1.686,0.0741,0.527,-2.213,2.414,-0.1431,1.097,-0.1881,-0.2179,0.0,0.0,-0.2239,0.0,-0.2339,0.285,0.0,0.0,0.0,0.0,0.0928,1.0,0.5,0.5,0.591,0.4265,1.0,0.0,0.5,-0.5,0.0,0.0,0.0,0.1307
-0.2072,-0.2051,-0.2089,-0.8394,0.966,0.8604,-1.246,1.714,0.9546,-1.455,-1.535,12.48,0.4285,-0.792,0.0,-1.0,1.796,1.583,-1.059,0.0,0.1338,2.184,0.4463,0.02902,0.744,-1.223,1.638,2.37,0.5596,0.0741,-2.514,0.573,0.4368,-0.1876,-0.2167,0.0,0.0,-0.2206,0.0,-0.1904,0.4436,0.0,0.0,0.0,0.0,3.268,1.0,0.5,0.5,-0.2812,1.497,2.0,0.0,0.5,-0.5,0.0,0.0,0.0,4.598
-0.2052,-0.2032,-0.2067,-0.5293,0.6436,0.8604,-1.246,1.774,0.52,-1.509,-1.482,-0.3025,0.5713,-0.802,0.0,-1.0,1.873,1.654,-1.096,0.0,0.1364,1.172,0.544,0.0933,0.3665,-1.203,0.636,-0.4983,0.5796,2.37,-2.21,2.414,2.547,-0.1877,-0.2152,0.0,0.0,-0.218,0.0,-0.2001,0.4521,0.0,0.0,0.0,0.0,-0.4868,0.0,0.0,0.5,0.0,1.168,0.0,1.0,0.5,-0.5,0.0,0.0,0.0,-0.6587
-0.2023,-0.2004,-0.2035,-0.918,1.017,0.8604,-1.246,1.797,0.8,-1.365,-1.414,0.626,0.7144,-0.812,0.0,-1.0,1.684,1.447,-1.018,0.0,0.1389,0.5376,0.6206,0.1755,0.7134,-1.177,0.934,1.0625,0.5825,-0.4983,0.0741,-2.514,-0.4731,-0.187,-0.214,0.0,0.0,-0.214,0.0,-0.18,0.674,0.0,0.0,0.0,0.0,1.165,1.0,0.5,1.0,-0.3647,1.537,1.0,0.0,0.5,-0.5,0.0,0.0,0.0,1.59
-0.202,-0.2004,-0.203,0.11224,-0.04156,0.8604,-1.246,2.047,-0.401,-1.626,-1.371,-1.296,0.7144,-0.822,-1.0,-1.0,2.06,1.803,-1.177,0.0,0.1414,1.417,0.6484,0.2556,-0.425,-1.164,-0.05505,-2.115,0.5083,1.0625,2.367,-2.21,2.533,-0.1943,-0.2145,0.0,0.0,-0.2109,0.0,-0.2212,0.2761,0.0,0.0,0.0,0.0,-2.27,1.0,0.0,0.5,0.727,0.626,0.0,1.0,0.5,-0.5,0.0,0.0,0.0,-3.043
-0.2041,-0.2028,-0.205,1.008,-0.9565,0.8604,-1.246,2.303,-1.399,-1.857,-1.346,3.977,0.5713,-0.8315,-1.0,-1.0,2.42,2.137,-1.32,0.0,0.1439,1.392,0.605,0.32,-1.379,-1.162,-0.04898,-1.96,0.4502,-2.115,-0.4983,0.0741,-0.143,-0.2002,-0.2151,0.0,0.0,-0.2096,0.0,-0.258,0.005573,0.0,0.0,0.0,0.0,-2.975,0.0,0.0,0.0,1.561,-0.2874,0.0,2.0,0.5,-0.5,0.0,0.0,0.0,-4.137
-0.206,-0.2046,-0.207,0.9883,-0.9297,0.8604,-1.246,2.209,-1.41,-1.859,-1.344,0.1521,0.4285,-0.842,-1.0,-1.0,2.414,2.15,-1.328,0.0,0.1465,2.334,0.5156,0.3604,-1.348,-1.176,-0.4626,-0.121,0.401,-1.96,1.0625,2.367,0.573,-0.2024,-0.2161,0.0,0.0,-0.2084,0.0,-0.2605,-0.2976,0.0,0.0,0.0,0.0,-0.2404,-1.0,-0.5,-0.5,1.522,-0.2825,0.0,3.0,0.5,-0.5,0.0,0.0,0.0,-0.3455
-0.2065,-0.2048,-0.2076,0.359,-0.2825,0.8604,-1.246,2.553,-0.8306,-1.696,-1.327,-0.3481,0.2856,-0.8516,-1.0,-1.0,2.205,1.86,-1.24,0.0,0.149,3.135,0.367,0.386,-0.7427,-1.18,-1.782,1.258,0.3582,-0.121,-2.115,-0.498,2.414,-0.2026,-0.2164,0.0,0.0,-0.2069,0.0,-0.238,-0.105,0.0,0.0,0.0,0.0,2.39,0.0,-0.5,0.0,0.8438,0.2625,1.0,0.0,0.5,-0.5,0.0,0.0,0.0,3.443
-0.2068,-0.2052,-0.208,0.3386,-0.2585,0.8604,-1.246,2.586,-0.7495,-1.682,-1.332,0.01869,0.1428,-0.8613,-1.0,-1.0,2.188,1.836,-1.239,0.0,0.1515,3.135,0.2097,0.3865,-0.6787,-1.188,-0.74,0.01484,0.2878,1.258,-1.959,1.0625,-2.514,-0.2069,-0.2161,0.0,0.0,-0.2051,0.0,-0.2379,-0.413,0.0,0.0,0.0,0.0,0.02205,0.0,0.0,0.0,0.816,0.2769,2.0,0.0,0.5,-0.5,0.0,0.0,0.0,0.03111
-0.2052,-0.2035,-0.2063,-0.4302,0.5176,0.8604,-1.246,2.53,0.1016,-1.455,-1.321,-1.329,0.1428,-0.871,0.0,-1.0,1.868,1.504,-1.113,0.0,0.154,1.278,0.04068,0.3608,0.1879,-1.193,0.1951,1.751,0.1603,0.01484,-0.121,-2.115,-2.21,-0.2073,-0.2155,0.0,0.0,-0.2017,0.0,-0.2059,-0.1731,0.0,0.0,0.0,0.0,2.057,1.0,0.5,0.5,0.1346,1.088,3.0,0.0,0.5,-0.5,0.0,0.0,0.0,2.9
-0.2007,-0.1989,-0.202,-1.435,1.543,1.503,-1.246,2.4,1.313,-1.117,-1.296,6.277,0.1428,-0.8813,0.0,-1.0,1.422,1.052,-0.9224,0.0,0.1566,0.3296,-0.1416,0.3113,1.401,-1.186,0.2382,2.549,0.1306,1.751,1.258,-1.959,0.07404,-0.2051,-0.2136,0.0,0.0,-0.1973,0.0,-0.1572,0.04388,0.0,0.0,0.0,0.0,3.09,2.0,0.5,0.5,-0.8364,2.045,4.0,0.0,0.5,-0.5,1.0,0.0,4.234,4.234
-0.1952,-0.1934,-0.1965,-1.631,1.803,2.115,-1.246,2.197,1.9,-0.951,-1.281,0.5933,0.1428,-0.891,0.0,-1.0,1.203,0.8574,-0.832,0.0,0.159,0.843,-0.2776,0.229,1.872,-1.184,-0.644,1.175,0.1464,2.549,0.01483,-0.1209,2.367,-0.1969,-0.2101,0.0,0.0,-0.1924,0.0,-0.1342,-0.0836,0.0,0.0,0.0,0.0,1.53,3.0,0.5,0.5,-1.23,2.045,5.0,0.0,0.5,-0.5,0.0,0.0,0.0,2.01
-0.1912,-0.1892,-0.1927,-1.209,1.327,2.115,-1.246,2.236,1.367,-1.056,-1.251,-0.1471,0.1428,-0.901,0.0,-1.0,1.333,0.988,-0.899,0.0,0.1616,2.115,-0.3484,0.1384,1.524,-1.182,-0.2656,-0.8535,0.1886,1.175,1.75,1.257,-0.498,-0.1871,-0.2074,0.0,0.0,-0.1896,0.0,-0.1516,0.1501,0.0,0.0,0.0,0.0,-0.917,2.0,0.5,0.5,-0.779,1.69,0.0,1.0,0.5,-1.0,0.0,0.0,0.0,-1.181
-0.1865,-0.1843,-0.1881,-1.468,1.598,2.115,-1.246,2.059,1.656,-0.9175,-1.193,0.3572,0.1428,-0.911,0.0,-1.0,1.152,0.828,-0.8247,0.0,0.1642,0.11084,-0.3894,0.02652,1.872,-1.16,-0.6387,0.9624,0.2433,-0.8535,2.547,0.01483,1.062,-0.1753,-0.2036,0.0,0.0,-0.186,0.0,-0.1327,0.605,0.0,0.0,0.0,0.0,0.961,2.0,0.5,1.0,-0.9897,1.993,1.0,0.0,0.5,-1.0,0.0,0.0,0.0,1.256
-0.1825,-0.1804,-0.1841,-1.194,1.32,2.115,-1.246,1.887,1.326,-0.9443,-1.14,-0.06174,0.1428,-0.921,0.0,-1.0,1.168,0.878,-0.8457,0.0,0.1666,0.0813,-0.4033,-0.0699,1.568,-1.136,0.4917,-0.2705,0.3047,0.9624,1.174,1.75,-2.115,-0.166,-0.1997,0.0,0.0,-0.1841,0.0,-0.1383,0.548,0.0,0.0,0.0,0.0,-0.255,1.0,0.5,0.5,-0.8315,1.612,0.0,1.0,0.5,-1.0,0.0,0.0,0.0,-0.328
-0.1796,-0.1775,-0.1812,-0.859,0.9814,2.115,-1.246,1.78,0.9956,-0.998,-1.108,-0.1085,0.1428,-0.9307,0.0,-1.0,1.222,0.9565,-0.8833,0.0,0.1692,0.2225,-0.3982,-0.1627,1.262,-1.127,1.602,-0.4758,0.3408,-0.2705,-0.8535,2.547,-1.959,-0.1577,-0.1964,0.0,0.0,-0.1823,0.0,-0.148,0.214,0.0,0.0,0.0,0.0,-0.3718,0.0,0.5,0.0,-0.514,1.279,0.0,2.0,0.5,-1.0,0.0,0.0,0.0,-0.4805
-0.1782,-0.1761,-0.1798,-0.2505,0.3682,2.115,-1.246,1.823,0.3442,-1.144,-1.084,-0.5,0.1428,-0.9404,0.0,-1.0,1.403,1.142,-0.9736,0.0,0.1718,-0.04532,-0.3755,-0.257,0.643,-1.122,1.932,-1.165,0.3489,-0.4758,0.9624,1.174,-0.1209,-0.1544,-0.1936,0.0,0.0,-0.1816,0.0,-0.1713,0.0964,0.0,0.0,0.0,0.0,-1.029,-1.0,0.5,0.0,0.0729,0.69,0.0,3.0,0.5,-1.0,0.0,0.0,0.0,-1.341
-0.1765,-0.1744,-0.1781,-0.4214,0.5444,2.115,-1.246,1.847,0.5557,-1.067,-1.064,0.648,0.1428,-0.9507,0.0,-1.0,1.312,1.039,-0.9355,0.0,0.1742,1.677,-0.3423,-0.3184,0.8853,-1.121,1.598,0.503,0.3254,-1.165,-0.2705,-0.8535,1.257,-0.1547,-0.1909,0.0,0.0,-0.1823,0.0,-0.1616,0.02469,0.0,0.0,0.0,0.0,0.556,0.0,0.5,0.0,-0.1764,0.7676,1.0,0.0,0.5,-1.0,0.0,0.0,0.0,0.7383
-0.1761,-0.1741,-0.1776,0.06866,0.04315,2.115,-1.246,1.83,-0.01557,-1.1875,-1.034,-0.791,0.2856,-0.9604,0.0,-1.0,1.459,1.2,-1.011,0.0,0.1768,1.217,-0.3025,-0.3374,0.3352,-1.112,1.783,-0.984,0.3281,0.503,-0.4756,0.962,0.01483,-0.1589,-0.1885,0.0,0.0,-0.1818,0.0,-0.1812,0.2173,0.0,0.0,0.0,0.0,-0.7075,-1.0,0.0,0.0,0.2461,0.2311,0.0,1.0,0.0,-1.0,0.0,0.0,0.0,-0.932
-0.1747,-0.173,-0.1759,-0.3142,0.4055,2.115,-0.933,1.664,0.2443,-1.061,-0.981,3.006,0.4285,-0.97,0.0,-1.0,1.287,1.049,-0.944,0.0,0.1793,0.3005,-0.2323,-0.3281,0.605,-1.087,1.133,0.8877,0.3042,-0.984,-1.164,-0.2705,1.75,-0.1599,-0.1852,0.0,0.0,-0.1793,0.0,-0.1641,0.7275,0.0,0.0,0.0,0.0,0.648,0.0,0.0,0.5,-0.0674,0.639,1.0,0.0,0.0,-1.0,0.0,0.0,0.0,0.867
-0.1743,-0.173,-0.1752,0.02545,0.03354,2.115,-0.933,1.642,-0.2527,-1.143,-0.9316,-1.374,0.4285,-0.98,-1.0,-1.0,1.385,1.157,-0.997,0.0,0.1818,1.322,-0.0994,-0.2732,-0.0473,-1.038,0.0364,-0.6943,0.2654,0.8877,0.503,-0.4756,2.547,-0.164,-0.1827,0.0,0.0,-0.1775,0.0,-0.1779,0.5913,0.0,0.0,0.0,0.0,-0.5283,0.0,-0.5,0.5,0.2448,0.2637,0.0,1.0,0.0,-1.0,0.0,0.0,0.0,-0.6973
-0.175,-0.1741,-0.1757,0.4753,-0.4436,2.115,-0.933,1.496,-0.815,-1.262,-0.9004,4.62,0.4285,-0.99,-1.0,-1.0,1.522,1.332,-1.072,0.0,0.1843,2.484,0.0418,-0.1947,-0.7295,-1.006,-0.5825,-0.997,0.2666,-0.6943,-0.9834,-1.164,1.174,-0.1693,-0.1808,0.0,0.0,-0.1775,0.0,-0.1974,0.2351,0.0,0.0,0.0,0.0,-1.117,0.0,-1.0,0.0,0.736,-0.1333,0.0,2.0,0.0,-1.0,0.0,0.0,0.0,-1.491
-0.1754,-0.1747,-0.1757,0.281,-0.2747,2.115,-0.933,1.279,-0.737,-1.206,-0.8667,0.02057,0.4285,-1.0,-1.0,-1.0,1.432,1.277,-1.047,0.0,0.1869,0.8564,0.1588,-0.10944,-0.701,-0.984,-0.3105,0.3428,0.2622,-0.997,0.887,0.503,-0.8535,-0.1732,-0.1798,0.0,0.0,-0.1771,0.0,-0.1909,0.2795,0.0,0.0,0.0,0.0,0.341,0.0,-0.5,0.0,0.4944,-0.03116,1.0,0.0,0.0,-1.0,0.0,0.0,0.0,0.4631
-0.1761,-0.1754,-0.1763,0.4194,-0.4194,2.115,-0.933,1.273,-0.9185,-1.238,-0.849,0.4636,0.2856,-1.01,-1.0,-1.0,1.473,1.321,-1.072,0.0,0.1895,0.985,0.2329,-0.02998,-0.922,-0.9736,-0.875,-0.3408,0.2637,0.3428,-0.694,-0.9834,0.962,-0.1755,-0.1787,0.0,0.0,-0.1776,0.0,-0.1976,-0.04,0.0,0.0,0.0,0.0,-0.2998,0.0,-1.0,-0.5,0.5127,-0.2954,0.0,1.0,0.0,-1.0,0.0,0.0,0.0,-0.4048
-0.177,-0.1763,-0.1771,0.4854,-0.4834,2.115,-0.933,1.129,-0.9404,-1.251,-0.855,0.1731,0.1428,-1.02,-1.0,-1.0,1.476,1.353,-1.088,0.0,0.1919,0.3953,0.257,0.02452,-0.9604,-0.983,-0.897,-0.2,0.2429,-0.3408,-0.997,0.887,-0.2705,-0.1791,-0.1787,0.0,0.0,-0.1769,0.0,-0.2015,-0.6274,0.0,0.0,0.0,0.0,-0.1528,-1.0,-1.0,-1.0,0.5215,-0.417,0.0,2.0,0.0,-1.0,0.0,0.0,0.0,-0.2075
-0.1771,-0.1765,-0.1772,0.2367,-0.236,2.115,-0.933,1.092,-0.6094,-1.175,-0.8667,-0.297,0.0,-1.029,-1.0,-1.0,1.376,1.253,-1.052,0.0,0.1945,0.954,0.2307,0.0544,-0.6274,-1.0,-0.8145,0.4873,0.1356,-0.2,0.3428,-0.694,-0.4756,-0.18,-0.1786,0.0,0.0,-0.1747,0.0,-0.1924,-0.839,0.0,0.0,0.0,0.0,0.3367,0.0,-0.5,-1.0,0.2668,-0.1951,1.0,0.0,0.0,-1.0,0.0,0.0,0.0,0.4585
-0.175,-0.1744,-0.1752,-0.613,0.621,2.115,0.2415,0.9385,0.3394,-0.9043,-0.8555,-1.963,0.0,-1.04,0.0,-1.0,1.036,0.919,-0.9043,0.0,0.197,1.268,0.1693,0.0656,0.3516,-1.008,-0.3489,1.962,0.00492,0.4873,-0.3408,-0.9966,-1.164,-0.1791,-0.1777,0.0,0.0,-0.1711,0.0,-0.1549,-0.1527,0.0,0.0,0.0,0.0,1.754,1.0,0.0,-0.5,-0.4866,0.7007,2.0,0.0,0.0,-1.0,0.0,0.0,0.0,2.37
-0.1696,-0.1686,-0.1699,-1.631,1.757,2.115,0.2415,1.012,1.709,-0.501,-0.8286,3.45,0.0,-1.05,0.0,-1.0,0.5938,0.432,-0.6807,0.0,0.1995,1.92,0.1267,0.0793,1.623,-0.9844,-0.5474,2.549,0.0385,1.962,-0.2,0.3428,0.503,-0.1716,-0.1768,0.0,0.0,-0.1665,0.0,-0.09784,0.2092,0.0,0.0,0.0,0.0,5.098,1.0,0.0,-0.5,-1.384,1.942,3.0,0.0,0.0,-1.0,1.0,0.0,4.234,5.766
-0.1644,-0.1633,-0.165,-1.581,1.639,2.115,0.2415,1.029,1.691,-0.4714,-0.799,0.1327,0.0,-1.06,0.0,-1.0,0.564,0.3967,-0.67,0.0,0.202,0.3083,0.107,0.08777,1.565,-0.965,0.0909,0.1313,0.03546,2.549,0.487,-0.3408,-0.9834,-0.1622,-0.1746,0.0,0.0,-0.1617,0.0,-0.09534,0.2913,0.0,0.0,0.0,0.0,0.1815,2.0,0.5,0.0,-1.313,1.796,4.0,0.0,0.0,-1.0,0.0,0.0,0.0,0.2264
-0.1594,-0.1581,-0.1603,-1.536,1.607,2.115,0.2415,0.9624,1.739,-0.4158,-0.761,0.1719,0.0,-1.06,0.0,0.0,0.5,0.3408,-0.6445,0.0,0.2046,-0.1741,0.08997,0.0901,1.604,-0.946,-0.1176,0.3145,0.09796,0.1313,1.961,-0.2,0.887,-0.1528,-0.1713,0.0,0.0,-0.1578,0.0,-0.089,0.452,0.0,0.0,0.0,0.0,0.3335,3.0,0.5,0.5,-1.323,1.71,5.0,0.0,0.0,-1.0,0.0,0.0,0.0,0.4153
-0.1578,-0.1565,-0.1588,-0.3533,0.42,2.115,0.01807,1.191,0.4521,-0.7417,-0.735,-0.618,0.0,-1.069,0.0,-1.0,0.8726,0.696,-0.8364,0.0,0.207,1.082,0.0563,0.08826,0.3262,-0.9346,0.4077,-2.346,0.1057,0.3145,2.547,0.487,-0.694,-0.1472,-0.1691,0.0,0.0,-0.1571,0.0,-0.1383,0.168,0.0,0.0,0.0,0.0,-2.145,2.0,0.5,0.5,-0.10443,0.653,0.0,1.0,0.0,-1.0,0.0,0.0,0.0,-2.656
-0.1576,-0.1562,-0.1584,0.0846,-0.0262,1.598,-0.4348,1.127,-0.0023,-0.8525,-0.72,-0.736,0.0,-1.079,0.0,-1.0,0.9927,0.8364,-0.9053,0.0,0.2096,0.3972,-0.010544,0.0754,-0.1561,-0.9263,0.987,-0.882,0.09705,-2.346,0.1312,1.961,-0.9966,-0.143,-0.1682,0.0,0.0,-0.1577,0.0,-0.1562,-0.0731,0.0,0.0,0.0,0.0,-0.8984,1.0,0.5,0.0,0.3093,0.2144,0.0,2.0,0.0,-1.0,0.0,0.0,0.0,-1.159
-0.1581,-0.1567,-0.1589,0.376,-0.3208,1.598,-0.7603,1.179,-0.3396,-0.9272,-0.702,-3.137,-0.1428,-1.089,-1.0,-1.0,1.084,0.9243,-0.9546,0.0,0.2122,1.391,-0.1162,0.04425,-0.4639,-0.9263,0.9307,-0.6333,0.0987,-0.882,0.3145,2.547,0.3425,-0.1406,-0.1674,0.0,0.0,-0.1582,0.0,-0.169,-0.012505,0.0,0.0,0.0,0.0,-0.769,0.0,0.0,0.0,0.5747,-0.0861,0.0,3.0,0.0,-1.0,0.0,0.0,0.0,-1.007
-0.157,-0.1555,-0.1578,-0.2346,0.2966,1.598,-0.7603,1.131,0.281,-0.73,-0.6797,-2.889,-0.1428,-1.099,0.0,-1.0,0.854,0.687,-0.85,0.0,0.2146,0.2656,-0.2201,0.01443,0.1616,-0.922,1.15,1.363,0.09314,-0.6333,-2.346,0.1312,-0.3406,-0.1394,-0.1665,0.0,0.0,-0.1584,0.0,-0.1423,0.0627,0.0,0.0,0.0,0.0,1.072,0.0,0.5,0.0,0.02698,0.5527,1.0,0.0,0.0,-1.0,0.0,0.0,0.0,1.418
-0.1542,-0.1528,-0.1552,-0.7666,0.837,1.598,-0.7603,1.084,0.8325,-0.5317,-0.64,1.67,0.0,-1.109,0.0,-1.0,0.633,0.4595,-0.7446,0.0,0.2172,1.428,-0.245,-0.005196,0.744,-0.9097,1.386,1.347,0.1256,1.363,-0.8813,0.3142,-0.1998,-0.1409,-0.1641,0.0,0.0,-0.1576,0.0,-0.1155,0.376,0.0,0.0,0.0,0.0,1.574,0.0,1.0,0.5,-0.4636,1.097,2.0,0.0,0.0,-1.0,0.0,0.0,0.0,2.035
-0.1525,-0.1511,-0.1532,-0.446,0.502,1.598,-0.7603,0.948,0.4253,-0.5977,-0.5967,-0.3281,0.1428,-1.119,0.0,-1.0,0.692,0.549,-0.788,0.0,0.2197,0.4062,-0.2162,-0.02243,0.3577,-0.891,1.373,-0.5454,0.1442,1.347,-0.6333,-2.346,0.487,-0.1437,-0.1611,0.0,0.0,-0.1569,0.0,-0.1268,0.4583,0.0,0.0,0.0,0.0,-0.3987,0.0,0.5,0.5,-0.1425,0.787,0.0,1.0,0.0,-1.0,0.0,0.0,0.0,-0.5044
-0.151,-0.1498,-0.1516,-0.331,0.3792,1.598,-0.7603,0.921,0.2452,-0.605,-0.5576,-0.2225,0.2856,-1.129,0.0,-1.0,0.6973,0.56,-0.799,0.0,0.2222,0.356,-0.155,-0.04126,0.1677,-0.8706,0.6113,-0.1343,0.1521,-0.5454,1.363,-0.8813,1.961,-0.1473,-0.1582,0.0,0.0,-0.1554,0.0,-0.1296,0.39,0.0,0.0,0.0,0.0,-0.1177,0.0,0.0,0.0,-0.04117,0.6587,0.0,2.0,0.0,-1.0,0.0,0.0,0.0,-0.1503
-0.1484,-0.1473,-0.1489,-0.7227,0.767,1.598,-0.7603,0.876,0.5903,-0.451,-0.508,1.193,0.4285,-1.139,0.0,-1.0,0.529,0.3882,-0.7183,0.0,0.2247,0.86,-0.07434,-0.0641,0.525,-0.847,-0.7344,1.022,0.189,-0.1343,1.347,-0.633,2.547,-0.1445,-0.1553,0.0,0.0,-0.1536,0.0,-0.10913,0.5786,0.0,0.0,0.0,0.0,1.199,1.0,0.0,0.5,-0.3699,1.085,1.0,0.0,0.0,-1.0,0.0,0.0,0.0,1.534
-0.1462,-0.1453,-0.1466,-0.5933,0.622,1.598,-0.7603,0.8755,0.3674,-0.458,-0.4573,-0.2036,0.5713,-1.148,0.0,-1.0,0.536,0.3962,-0.7275,0.0,0.2273,0.1866,0.004528,-0.08496,0.325,-0.824,-0.825,-0.1191,0.1976,1.022,-0.5454,1.363,0.1312,-0.1404,-0.1525,0.0,0.0,-0.1512,0.0,-0.1117,0.593,0.0,0.0,0.0,0.0,-0.1031,0.0,-0.5,0.5,-0.259,0.929,0.0,1.0,0.0,-1.0,0.0,0.0,0.0,-0.1296
-0.1464,-0.1458,-0.1466,0.2426,-0.2356,1.598,-0.7603,1.044,-0.579,-0.6963,-0.4263,-2.008,0.5713,-1.158,-1.0,-1.0,0.8086,0.6553,-0.867,0.0,0.2299,1.778,0.04202,-0.09607,-0.5967,-0.813,-1.022,-1.736,0.1915,-0.1191,-0.1343,1.347,0.3142,-0.1383,-0.1511,0.0,0.0,-0.1505,0.0,-0.1477,0.2045,0.0,0.0,0.0,0.0,-2.28,-1.0,-1.0,0.0,0.539,0.0955,0.0,2.0,0.0,-1.0,0.0,0.0,0.0,-2.871
-0.1466,-0.146,-0.1467,0.2448,-0.2424,1.598,-0.7603,0.939,-0.6074,-0.689,-0.4119,0.2103,0.4285,-1.168,-1.0,-1.0,0.791,0.6567,-0.869,0.0,0.2323,0.291,0.02942,-0.0829,-0.6245,-0.81,0.04718,-0.02731,0.1709,-1.736,1.022,-0.5454,-2.344,-0.1388,-0.1509,0.0,0.0,-0.1495,0.0,-0.1484,-0.0634,0.0,0.0,0.0,0.0,-0.03093,-1.0,-1.0,-0.5,0.3948,-0.0704,0.0,3.0,0.0,-1.0,0.0,0.0,0.0,-0.04013
-0.1476,-0.147,-0.1476,0.4902,-0.4968,1.598,-0.7603,0.701,-0.783,-0.7573,-0.4277,0.535,0.2856,-1.178,-1.0,-1.0,0.846,0.761,-0.914,0.0,0.2349,0.1223,-0.007023,-0.0765,-0.7954,-0.828,0.4634,-0.5737,0.11676,-0.02731,-0.1191,-0.1342,-0.8813,-0.1427,-0.1512,0.0,0.0,-0.1482,0.0,-0.16,-0.728,0.0,0.0,0.0,0.0,-0.6313,-1.0,-1.0,-1.0,0.6543,-0.2905,0.0,4.0,0.0,-0.5,0.0,0.0,0.0,-0.82
-0.148,-0.1475,-0.148,0.3096,-0.3179,1.598,-0.7603,0.706,-0.5293,-0.7,-0.4424,-0.2742,0.1428,-1.188,-1.0,-1.0,0.782,0.692,-0.8887,0.0,0.2374,0.612,-0.0548,-0.07605,-0.5493,-0.8433,0.7676,0.331,0.06726,-0.5737,-1.736,1.022,-0.633,-0.1451,-0.1512,0.0,0.0,-0.1469,0.0,-0.1536,-0.681,0.0,0.0,0.0,0.0,0.2015,-1.0,-0.5,-1.0,0.4849,-0.11334,1.0,0.0,0.0,-0.5,0.0,0.0,0.0,0.2642
-0.1481,-0.1477,-0.148,0.1808,-0.1975,1.598,-0.7603,0.7344,-0.3105,-0.6543,-0.4575,-0.4363,0.0,-1.198,-1.0,-1.0,0.734,0.635,-0.869,0.0,0.2399,0.328,-0.10144,-0.08325,-0.345,-0.858,0.15,0.247,-0.00811,0.331,-0.0273,-0.119,1.363,-0.1467,-0.1515,0.0,0.0,-0.1451,0.0,-0.1488,-0.701,0.0,0.0,0.0,0.0,0.0913,0.0,-0.5,-1.0,0.2517,-0.11676,2.0,0.0,0.0,-0.5,0.0,0.0,0.0,0.1191
-0.1511,-0.1505,-0.1511,1.274,-1.286,1.598,-0.7603,0.9736,-1.369,-0.971,-0.4695,6.086,-0.1428,-1.208,-1.0,-1.0,1.117,0.9995,-1.054,0.0,0.2424,3.135,-0.1456,-0.1058,-1.38,-0.8755,-0.528,-2.363,-0.03262,0.247,-0.5737,-1.736,1.346,-0.1545,-0.1526,0.0,0.0,-0.1449,0.0,-0.1962,-0.687,0.0,0.0,0.0,0.0,-2.852,0.0,-1.0,-1.0,1.359,-1.1045,0.0,1.0,0.0,-0.5,0.0,0.0,0.0,-3.703
-0.1536,-0.1528,-0.1538,1.089,-1.088,1.598,-0.7603,1.017,-1.225,-0.933,-0.4724,0.01646,-0.2856,-1.218,-1.0,-1.0,1.077,0.9473,-1.04,0.0,0.245,1.043,-0.182,-0.1489,-1.224,-0.8877,-0.447,0.1849,-0.0403,-2.363,0.331,-0.0273,-0.5454,-0.1619,-0.1534,0.0,0.0,-0.1448,0.0,-0.1927,-0.4995,0.0,0.0,0.0,0.0,0.2067,1.0,-0.5,-0.5,1.156,-0.9404,1.0,0.0,0.0,-0.5,0.0,0.0,0.0,0.2793
-0.1556,-0.1549,-0.156,0.9565,-0.952,1.598,-0.7603,0.915,-1.145,-0.906,-0.4683,0.06335,-0.2856,-1.228,-1.0,-1.0,1.035,0.923,-1.032,0.0,0.2474,0.3538,-0.2222,-0.2095,-1.162,-0.89,-0.5386,0.09924,0.01019,0.1849,0.2468,-0.5737,-0.1342,-0.1658,-0.1538,0.0,0.0,-0.1459,0.0,-0.191,-0.3582,0.0,0.0,0.0,0.0,0.07043,2.0,0.0,0.0,0.964,-0.8804,2.0,0.0,0.0,-0.5,0.0,0.0,0.0,0.095
-0.1589,-0.158,-0.1593,1.378,-1.365,1.598,-0.7603,0.9663,-1.534,-1.036,-0.4849,0.559,-0.4285,-1.237,-1.0,-1.0,1.194,1.083,-1.112,0.0,0.25,0.522,-0.2402,-0.255,-1.55,-0.909,-1.197,-1.062,0.06366,0.09924,-2.363,0.3308,1.022,-0.1715,-0.1548,0.0,0.0,-0.1494,0.0,-0.2117,-0.9053,0.0,0.0,0.0,0.0,-1.122,1.0,-0.5,-0.5,1.34,-1.31,0.0,1.0,0.0,-0.5,0.0,0.0,0.0,-1.51
-0.1593,-0.1584,-0.1598,0.3384,-0.3186,1.598,-0.7603,0.8667,-0.4705,-0.745,-0.497,-0.679,-0.5713,-1.247,-1.0,-1.0,0.847,0.7305,-0.959,0.0,0.2524,1.562,-0.2114,-0.28,-0.4758,-0.9287,-1.385,2.074,0.0164,-1.062,0.1848,0.2468,-0.119,-0.1725,-0.1545,0.0,0.0,-0.1519,0.0,-0.1725,-0.728,0.0,0.0,0.0,0.0,2.305,1.0,0.0,-0.5,0.4355,-0.1968,1.0,0.0,0.0,-0.5,0.0,0.0,0.0,3.158
-0.162,-0.161,-0.1625,1.149,-1.13,-0.00459,-0.7603,1.078,-1.207,-0.98,-0.5195,2.416,-0.7144,-1.258,-1.0,-1.0,1.138,1.001,-1.096,0.0,0.2551,1.905,-0.1443,-0.281,-1.244,-0.9443,-0.6504,-1.797,-0.010155,2.074,0.09924,-2.361,-1.735,-0.1774,-0.1554,0.0,0.0,-0.1556,0.0,-0.2079,-0.899,0.0,0.0,0.0,0.0,-1.528,1.0,0.0,-0.5,1.291,-0.897,0.0,1.0,0.0,-0.5,0.0,0.0,0.0,-2.023
-0.1661,-0.1649,-0.1667,1.784,-1.755,-0.00459,-0.7603,1.25,-1.756,-1.173,-0.553,0.695,-0.857,-1.268,-1.0,-1.0,1.388,1.235,-1.21,0.0,0.2576,0.6455,-0.0198,-0.2421,-1.738,-0.983,-0.7812,-1.536,0.1095,-1.797,-1.062,0.1848,-0.0273,-0.1854,-0.1565,0.0,0.0,-0.1587,0.0,-0.2372,-1.051,0.0,1.0,0.0,0.0,-2.186,0.0,0.0,-0.5,1.914,-1.486,0.0,2.0,0.0,-0.5,0.0,1.0,-3.82,-2.984
-0.1691,-0.168,-0.1697,1.323,-1.295,-0.00459,-0.7603,1.212,-1.254,-1.072,-0.591,-0.1929,-1.0,-1.277,-1.0,-1.0,1.26,1.106,-1.162,0.0,0.26,1.073,0.12024,-0.1699,-1.232,-1.017,-0.714,0.663,0.1803,-1.536,2.074,0.0992,-0.573,-0.188,-0.157,0.0,0.0,-0.1608,0.0,-0.2251,-1.157,0.0,1.0,0.0,0.0,0.5537,0.0,0.5,-0.5,1.508,-1.002,1.0,0.0,0.0,-0.5,0.0,0.0,0.0,0.776
-0.1721,-0.1711,-0.1726,1.33,-1.3125,-0.00459,-0.4893,1.193,-1.176,-1.093,-0.63,0.068,-1.143,-1.287,-1.0,-1.0,1.284,1.136,-1.182,0.0,0.2627,-0.01831,0.2411,-0.07996,-1.184,-1.046,-1.032,-0.2625,0.2505,0.663,-1.796,-1.062,0.3308,-0.1913,-0.1577,0.0,0.0,-0.1627,0.0,-0.2301,-1.169,0.0,1.0,0.0,0.0,-0.2034,0.0,0.0,-0.5,1.436,-1.1045,0.0,1.0,0.0,-0.5,0.0,0.0,0.0,-0.2817
-0.1754,-0.1744,-0.1759,1.471,-1.455,-0.00459,-0.4893,1.156,-1.274,-1.149,-0.656,0.2448,-1.143,-1.297,-1.0,-1.0,1.351,1.214,-1.221,0.0,0.2651,1.307,0.3594,0.0351,-1.2,-1.085,-1.338,-0.5415,0.3188,-0.2625,-1.536,2.074,0.2468,-0.1957,-0.1586,0.0,0.0,-0.1658,0.0,-0.2404,-1.032,0.0,0.0,0.0,0.0,-0.6567,-1.0,-0.5,-0.5,1.599,-1.211,0.0,2.0,0.0,-0.5,0.0,0.0,0.0,-0.914
-0.1776,-0.1768,-0.1781,1.022,-1.005,-0.3357,-0.4893,1.158,-0.803,-1.041,-0.6763,-0.3027,-1.143,-1.307,-1.0,-1.0,1.218,1.071,-1.17,0.0,0.2676,0.8423,0.448,0.1523,-0.713,-1.11,-0.3967,0.709,0.304,-0.5415,0.663,-1.796,-2.361,-0.197,-0.159,0.0,0.0,-0.1693,0.0,-0.2273,-0.8574,0.0,0.0,0.0,0.0,0.5903,0.0,0.0,0.0,1.181,-0.7627,1.0,0.0,0.0,-0.5,0.0,0.0,0.0,0.829
-0.1796,-0.1787,-0.1799,0.9062,-0.8916,-0.3357,-0.4893,1.17,-0.653,-1.019,-0.693,-0.09656,-1.143,-1.316,-1.0,-1.0,1.192,1.041,-1.164,0.0,0.2703,0.3687,0.52,0.2603,-0.565,-1.128,-0.5576,0.073,0.2898,0.709,-0.2622,-1.536,0.1848,-0.2019,-0.1597,0.0,0.0,-0.1724,0.0,-0.2261,-0.7637,0.0,0.0,0.0,0.0,0.06683,1.0,0.0,0.5,1.06,-0.664,2.0,0.0,0.0,-0.5,1.0,0.0,3.041,0.0928
-0.1818,-0.1809,-0.182,0.99,-0.987,-0.3357,-0.4893,1.138,-0.682,-1.052,-0.7144,0.2028,-1.143,-1.327,-1.0,-1.0,1.229,1.087,-1.189,0.0,0.2727,0.1819,0.5703,0.3525,-0.6387,-1.144,-0.683,-0.35,0.274,0.073,-0.5415,0.663,0.0992,-0.2041,-0.1613,0.0,0.0,-0.1757,0.0,-0.2328,-0.892,0.0,0.0,0.0,0.0,-0.2769,0.0,-0.5,0.0,1.151,-0.7456,0.0,1.0,0.0,-0.5,0.0,0.0,0.0,-0.3838
-0.1843,-0.1837,-0.1844,1.16,-1.173,-0.3357,-0.4893,1.21,-0.783,-1.113,-0.744,0.3386,-1.143,-1.337,-1.0,-1.0,1.311,1.161,-1.23,0.0,0.2751,0.954,0.5977,0.4238,-0.823,-1.156,-0.2783,-0.5576,0.2008,-0.35,0.709,-0.2622,-1.062,-0.2046,-0.1643,0.0,0.0,-0.1799,0.0,-0.2433,-1.0205,0.0,0.0,0.0,0.0,-0.4692,0.0,-0.5,-0.5,1.217,-1.031,0.0,2.0,0.0,-0.5,0.0,0.0,0.0,-0.6543
-0.1895,-0.1887,-0.1898,2.268,-2.273,-0.3357,-0.529,1.262,-1.823,-1.431,-0.772,1.85,-1.143,-1.347,-1.0,-1.0,1.723,1.592,-1.41,0.0,0.2778,2.889,0.6587,0.4995,-1.713,-1.205,-1.321,-2.502,0.2075,-0.5576,0.073,-0.5415,2.074,-0.2103,-0.1685,0.0,0.0,-0.1855,0.0,-0.2898,-1.014,0.0,0.0,0.0,0.0,-5.617,0.0,-1.0,-0.5,2.387,-1.979,0.0,3.0,0.0,-0.5,0.0,0.0,0.0,-5.477
-0.1952,-0.1941,-0.1957,2.5,-2.488,-0.3357,-0.981,1.283,-2.037,-1.528,-0.8076,0.2803,-1.143,-1.356,-1.0,-1.0,1.856,1.73,-1.471,0.0,0.2803,0.99,0.722,0.5684,-1.89,-1.242,-0.739,-0.881,0.3076,-2.502,-0.3499,0.709,-1.796,-0.2172,-0.173,0.0,0.0,-0.1906,0.0,-0.3054,-1.1455,0.0,1.0,0.0,0.0,-1.087,-1.0,-1.0,-1.0,2.645,-2.148,0.0,4.0,0.0,-0.5,0.0,0.0,0.0,-1.597
-0.2009,-0.1998,-0.2017,2.611,-2.545,-0.3357,-1.327,1.242,-2.129,-1.599,-0.848,0.1952,-1.143,-1.366,-1.0,-1.0,1.949,1.838,-1.517,0.0,0.2827,-0.412,0.7407,0.615,-2.08,-1.262,-0.256,-0.6743,0.3962,-0.881,-0.557,0.073,-1.535,-0.2241,-0.1768,0.0,0.0,-0.1959,0.0,-0.3171,-1.227,0.0,1.0,0.0,0.0,-0.3254,-2.0,-1.0,-1.5,2.723,-2.195,0.0,5.0,0.0,0.0,0.0,0.0,0.0,-0.485
-0.208,-0.2065,-0.2091,2.701,-2.545,-0.3357,-2.184,1.375,-2.36,-1.789,-0.891,0.4326,-1.143,-1.376,-1.0,-1.0,2.234,2.117,-1.6,0.0,0.2854,1.33,0.756,0.6655,-2.086,-1.294,-0.7524,-1.666,0.546,-0.6743,-2.502,-0.3499,0.6626,-0.2349,-0.1808,0.0,0.0,-0.2019,0.0,-0.346,-1.263,0.0,1.0,0.0,0.0,-1.389,-2.0,-1.5,-1.5,2.75,-2.195,0.0,5.617,0.0,0.5,0.0,0.0,0.0,-2.094
-0.2142,-0.2126,-0.2152,2.701,-2.545,-0.3357,-2.184,1.215,-2.268,-1.749,-0.951,-0.02643,-1.143,-1.386,-1.0,-1.0,2.162,2.07,-1.6,0.0,0.2878,0.4011,0.7695,0.7183,-2.086,-1.329,-0.926,0.2122,0.6147,-1.666,-0.881,-0.557,-0.2622,-0.2455,-0.1844,0.0,0.0,-0.2079,0.0,-0.3425,-1.719,0.0,1.0,0.0,0.0,0.1108,-1.0,-1.0,-1.5,2.75,-2.195,1.0,0.0,0.0,0.5,0.0,0.0,0.0,0.1718
-0.2192,-0.2178,-0.2201,2.318,-2.275,-0.3357,-2.184,0.967,-1.804,-1.671,-0.9927,-0.09296,-1.143,-1.396,-1.0,-1.0,2.027,1.974,-1.581,0.0,0.2903,-0.1569,0.7754,0.774,-1.86,-1.367,-0.9507,0.5205,0.603,0.2122,-0.6743,-2.502,-0.5415,-0.2546,-0.1885,0.0,0.0,-0.2139,0.0,-0.3337,-1.518,0.0,1.0,0.0,0.0,0.5005,0.0,-0.5,-1.0,2.262,-2.168,2.0,0.0,0.0,0.5,0.0,0.0,0.0,0.7734
-0.2189,-0.2174,-0.22,0.0646,0.00962,1.401,-2.184,1.028,0.3884,-1.084,-0.9883,-1.281,-1.0,-1.406,0.0,-1.0,1.259,1.14,-1.271,0.0,0.293,3.135,0.778,0.8164,0.3982,-1.386,-1.501,2.549,0.5664,0.5205,-1.665,-0.8804,0.709,-0.2556,-0.1914,0.0,0.0,-0.2156,0.0,-0.255,-0.2786,0.0,0.0,0.0,0.0,7.266,1.0,-0.5,-0.5,0.3176,0.2798,3.0,0.0,0.0,0.5,0.0,0.0,0.0,5.766
-0.2185,-0.217,-0.2195,0.04037,0.02655,1.44,-2.184,0.958,0.479,-1.062,-0.989,0.3403,-0.857,-1.416,0.0,-1.0,1.225,1.117,-1.267,0.0,0.2954,0.3918,0.7417,0.8247,0.392,-1.38,-1.599,0.07477,0.5186,2.549,0.212,-0.6743,0.07294,-0.2522,-0.1941,0.0,0.0,-0.2175,0.0,-0.2537,-0.3867,0.0,0.0,0.0,0.0,0.165,2.0,-0.5,-0.5,0.2878,0.2883,4.0,0.0,0.0,0.5,0.0,0.0,0.0,0.2345
-0.2175,-0.2161,-0.2184,-0.2002,0.2668,1.743,-2.184,0.9277,0.793,-0.9736,-0.984,0.7227,-0.7144,-1.416,0.0,-1.0,1.116,1.007,-1.225,0.0,0.298,-0.02382,0.679,0.7993,0.687,-1.381,-1.502,0.5825,0.4634,0.07477,0.52,-1.665,-0.3499,-0.2465,-0.1964,0.0,0.0,-0.2191,0.0,-0.2433,-0.2393,0.0,0.0,0.0,0.0,0.7056,3.0,0.0,0.0,0.0606,0.5244,5.0,0.0,0.0,0.5,0.0,0.0,0.0,1.002
-0.2162,-0.2147,-0.217,-0.331,0.3962,1.944,-2.184,0.833,0.975,-0.9106,-0.971,0.363,-0.5713,-1.416,0.0,-1.0,1.034,0.937,-1.197,0.0,0.3005,0.4417,0.615,0.755,0.89,-1.382,-1.269,0.3845,0.4417,0.5825,2.547,0.212,-0.557,-0.2389,-0.1991,0.0,0.0,-0.2198,0.0,-0.2362,-0.08215,0.0,0.0,0.0,0.0,0.363,3.0,0.5,0.5,-0.0808,0.6323,5.734,0.0,0.5,0.5,0.0,0.0,0.0,0.5103
-0.218,-0.2166,-0.2189,0.9424,-0.8867,1.944,-2.184,1.137,-0.2817,-1.262,-0.984,-1.121,-0.5713,-1.426,-1.0,-1.0,1.491,1.367,-1.393,0.0,0.303,2.87,0.5396,0.6943,-0.4224,-1.388,-0.1115,-2.514,0.3313,0.3845,0.0747,0.52,-2.502,-0.2334,-0.2028,0.0,0.0,-0.2234,0.0,-0.2864,-0.5938,0.0,0.0,0.0,0.0,-4.117,2.0,0.5,0.0,1.273,-0.4631,0.0,1.0,0.5,0.5,0.0,0.0,0.0,-5.477
-0.218,-0.2167,-0.2189,0.2014,-0.1433,1.944,-2.184,1.119,0.517,-1.055,-0.9873,-5.113,-0.4285,-1.426,0.0,-1.0,1.231,1.093,-1.288,0.0,0.3057,0.3403,0.4448,0.6157,0.3584,-1.396,0.2832,1.508,0.2793,-2.514,0.582,2.547,-0.8804,-0.2257,-0.2051,0.0,0.0,-0.225,0.0,-0.2598,-0.3699,0.0,0.0,0.0,0.0,1.571,2.0,1.0,0.0,0.626,0.324,1.0,0.0,0.5,0.5,0.0,0.0,0.0,2.299
-0.2179,-0.2166,-0.2186,0.1114,-0.05774,1.944,-2.184,1.096,0.6587,-1.017,-0.9863,0.3882,-0.2856,-1.426,0.0,-1.0,1.184,1.046,-1.274,0.0,0.308,0.07294,0.3176,0.5376,0.4768,-1.399,0.688,0.1951,0.268,1.508,0.3845,0.0747,-0.6743,-0.2185,-0.2073,0.0,0.0,-0.2256,0.0,-0.2563,-0.2974,0.0,0.0,0.0,0.0,0.1721,2.0,1.5,0.5,0.5225,0.388,2.0,0.0,0.5,0.5,0.0,0.0,0.0,0.2456
-0.218,-0.2168,-0.2188,0.2473,-0.2023,1.944,-2.184,0.9966,0.5415,-1.046,-0.9834,-0.02303,-0.1428,-1.426,0.0,-1.0,1.209,1.093,-1.295,0.0,0.3105,-0.3037,0.1451,0.459,0.3618,-1.404,1.548,-0.299,0.238,0.1951,-2.514,0.582,-1.665,-0.2191,-0.2095,0.0,0.0,-0.2267,0.0,-0.262,-0.263,0.0,0.0,0.0,0.0,-0.2043,1.0,1.5,0.5,0.539,0.124,0.0,1.0,0.5,0.5,0.0,0.0,0.0,-0.2905
-0.2188,-0.2177,-0.2194,0.4727,-0.437,1.944,-2.184,0.816,0.2377,-1.104,-0.963,-0.3643,0.0,-1.426,0.0,-1.0,1.264,1.186,-1.333,0.0,0.3132,0.4817,0.000986,0.3738,0.0904,-1.402,1.671,-0.5264,0.2106,-0.299,1.508,0.3843,0.212,-0.2206,-0.2119,0.0,0.0,-0.2279,0.0,-0.2715,0.03357,0.0,0.0,0.0,0.0,-0.3384,0.0,1.0,0.5,0.7407,-0.11914,0.0,2.0,0.5,0.5,0.0,0.0,0.0,-0.4834
-0.2201,-0.2189,-0.2207,0.698,-0.663,1.944,-2.184,0.914,-0.09094,-1.165,-0.9395,-0.879,0.1428,-1.426,0.0,-1.0,1.348,1.258,-1.372,0.0,0.3157,1.035,-0.126,0.2947,-0.1984,-1.4,1.634,-0.561,0.1943,-0.5264,0.1951,-2.514,0.52,-0.2241,-0.2147,0.0,0.0,-0.2291,0.0,-0.2817,0.0851,0.0,0.0,0.0,0.0,-1.072,0.0,0.5,0.5,0.951,-0.344,0.0,3.0,0.5,0.5,0.0,1.0,-2.568,-1.547
-0.2231,-0.2219,-0.2238,1.438,-1.405,1.944,-2.184,1.182,-0.9385,-1.374,-0.9233,-17.1,0.1428,-1.436,-1.0,-1.0,1.641,1.519,-1.49,0.0,0.318,1.553,-0.2683,0.2161,-0.9575,-1.41,-0.1848,-1.699,0.1765,-0.561,-0.299,1.507,2.547,-0.231,-0.2172,0.0,0.0,-0.2318,0.0,-0.3125,-0.08167,0.0,0.0,0.0,0.0,-3.762,-1.0,0.0,0.5,1.662,-1.061,0.0,4.0,0.5,0.5,0.0,0.0,0.0,-5.477
-0.2238,-0.2228,-0.2242,0.4321,-0.4038,1.944,-2.184,1.089,-0.136,-1.109,-0.88,-0.9263,0.1428,-1.436,-1.0,-1.0,1.295,1.167,-1.357,0.0,0.3208,1.149,-0.4055,0.12415,-0.08246,-1.402,-0.3562,1.97,0.125,-1.699,-0.526,0.1951,0.0747,-0.2301,-0.2189,0.0,0.0,-0.2334,0.0,-0.2786,0.4204,0.0,0.0,0.0,0.0,3.592,-1.0,0.0,1.0,0.8003,0.01984,1.0,0.0,0.5,0.5,0.0,0.0,0.0,5.38
-0.2263,-0.2253,-0.2268,1.247,-1.231,1.944,-2.184,1.494,-1.097,-1.338,-0.8525,14.88,0.1428,-1.436,-1.0,-1.0,1.621,1.438,-1.485,0.0,0.3232,3.135,-0.5073,0.01633,-0.9795,-1.4,-0.676,-1.831,0.0934,1.97,-0.561,-0.299,0.582,-0.2347,-0.2213,0.0,0.0,-0.2358,0.0,-0.3115,0.10425,0.0,0.0,0.0,0.0,-3.818,-1.0,-0.5,0.5,1.657,-0.699,0.0,1.0,0.5,0.5,0.0,0.0,0.0,-5.477
-0.228,-0.2272,-0.2284,0.8457,-0.8394,1.944,-2.184,1.54,-0.8584,-1.243,-0.8247,-0.1229,0.1428,-1.436,-1.0,-1.0,1.503,1.303,-1.441,0.0,0.3257,0.742,-0.5376,-0.11804,-0.7227,-1.394,-1.015,0.645,0.0617,-1.831,-1.699,-0.526,0.3843,-0.2386,-0.2231,0.0,0.0,-0.2377,0.0,-0.3003,0.12006,0.0,0.0,0.0,0.0,0.7837,0.0,-0.5,0.5,1.078,-0.5317,1.0,0.0,0.5,0.5,0.0,0.0,0.0,1.173
-0.2299,-0.2291,-0.2301,0.905,-0.9062,1.944,-2.184,1.115,-0.901,-1.267,-0.835,0.2056,0.0,-1.436,-1.0,-1.0,1.495,1.376,-1.461,0.0,0.3284,0.01575,-0.5415,-0.2277,-0.845,-1.3955,0.06198,-0.2803,0.06714,0.645,1.97,-0.561,-2.514,-0.2426,-0.226,0.0,0.0,-0.238,0.0,-0.3054,-0.594,0.0,0.0,0.0,0.0,-0.219,0.0,-0.5,0.0,1.149,-0.5796,0.0,1.0,0.5,0.5,0.0,0.0,0.0,-0.3242
-0.2314,-0.2306,-0.2317,0.7983,-0.7993,1.944,-2.184,1.045,-0.771,-1.243,-0.844,-0.038,-0.1428,-1.436,-1.0,-1.0,1.459,1.351,-1.455,0.0,0.3308,-0.2593,-0.541,-0.315,-0.6855,-1.414,-0.64,0.0782,0.0642,-0.2803,-1.83,-1.699,1.507,-0.2454,-0.228,0.0,0.0,-0.2379,0.0,-0.3042,-0.594,0.0,0.0,0.0,0.0,0.06885,1.0,-0.5,0.0,1.022,-0.5034,1.0,0.0,0.5,0.5,0.0,0.0,0.0,0.1024
-0.2344,-0.2335,-0.2346,1.412,-1.414,1.944,-2.184,1.202,-1.31,-1.417,-0.867,1.043,-0.2856,-1.445,-1.0,-1.0,1.698,1.577,-1.555,0.0,0.3333,0.998,-0.516,-0.4036,-1.271,-1.43,-0.833,-1.453,0.07837,0.0782,0.645,1.969,0.195,-0.2496,-0.2299,0.0,0.0,-0.2382,0.0,-0.3296,-0.888,0.0,0.0,0.0,0.0,-1.146,0.0,-1.0,-0.5,1.663,-1.042,0.0,1.0,0.5,0.5,0.0,0.0,0.0,-1.703
-0.2377,-0.2369,-0.238,1.584,-1.588,1.944,-0.3623,1.242,-1.411,-1.481,-0.8984,0.2362,-0.4285,-1.455,-1.0,-1.0,1.789,1.666,-1.596,0.0,0.336,0.697,-0.4592,-0.4585,-1.432,-1.45,-0.8755,-0.6245,0.05875,-1.453,-0.2803,-1.83,-0.299,-0.2522,-0.2323,0.0,0.0,-0.2379,0.0,-0.3403,-1.033,0.0,0.0,0.0,0.0,-0.5435,0.0,-1.0,-1.0,1.709,-1.34,0.0,2.0,0.5,0.5,0.0,0.0,0.0,-0.827
-0.2395,-0.2386,-0.2397,0.905,-0.9023,1.944,-0.3623,1.041,-0.7876,-1.315,-0.899,-0.3848,-0.4285,-1.466,-1.0,-1.0,1.551,1.45,-1.517,0.0,0.3384,1.466,-0.394,-0.464,-0.7812,-1.465,-0.8296,1.197,0.01034,-0.6245,0.0782,0.645,-0.526,-0.2559,-0.2341,0.0,0.0,-0.237,0.0,-0.3203,-0.4546,0.0,0.0,0.0,0.0,0.9214,0.0,-0.5,-0.5,1.046,-0.6885,1.0,0.0,0.5,0.5,0.0,0.0,0.0,1.417
-0.2402,-0.2395,-0.2405,0.4907,-0.4895,1.944,-0.3623,0.993,-0.3325,-1.203,-0.9062,-0.599,-0.5713,-1.476,-1.0,-1.0,1.403,1.301,-1.466,0.0,0.3408,1.113,-0.3264,-0.4287,-0.3364,-1.477,-0.6973,0.761,-0.03668,1.197,-1.452,-0.28,-0.561,-0.2554,-0.2355,0.0,0.0,-0.2362,0.0,-0.3071,-0.619,0.0,0.0,0.0,0.0,0.637,1.0,0.0,-0.5,0.685,-0.2502,2.0,0.0,0.5,0.5,0.0,0.0,0.0,0.9604
-0.2413,-0.2407,-0.2416,0.604,-0.6104,1.944,-0.3623,1.089,-0.3843,-1.23,-0.917,0.4038,-0.7144,-1.485,-1.0,-1.0,1.446,1.329,-1.488,0.0,0.3435,1.043,-0.263,-0.385,-0.4202,-1.487,-0.00999,-0.3289,-0.04504,0.761,-0.6245,0.0782,-1.698,-0.2566,-0.2373,0.0,0.0,-0.2379,0.0,-0.313,-0.7114,0.0,0.0,0.0,0.0,-0.291,0.0,0.0,-1.0,0.7974,-0.3633,0.0,1.0,0.5,0.5,0.0,0.0,0.0,-0.433
-0.2421,-0.2416,-0.2422,0.4514,-0.465,1.944,-0.3623,1.131,-0.1787,-1.185,-0.9233,-0.6943,-0.857,-1.495,-1.0,-1.0,1.393,1.263,-1.473,0.0,0.346,0.3577,-0.2086,-0.35,-0.2607,-1.494,-0.849,0.2362,-0.0672,-0.3289,1.197,-1.452,1.969,-0.2568,-0.239,0.0,0.0,-0.2396,0.0,-0.309,-0.6143,0.0,0.0,0.0,0.0,0.1864,1.0,0.0,-0.5,0.641,-0.2341,1.0,0.0,0.5,0.5,0.0,0.0,0.0,0.279
-0.2432,-0.2427,-0.243,0.574,-0.597,1.944,-0.3623,1.144,-0.2642,-1.214,-0.9277,1.616,-1.0,-1.505,-1.0,-1.0,1.431,1.302,-1.496,0.0,0.3484,0.4954,-0.1663,-0.3208,-0.3845,-1.501,-0.11487,-0.3452,-0.117,0.2362,0.761,-0.624,-1.83,-0.2578,-0.2406,0.0,0.0,-0.242,0.0,-0.3152,-0.5845,0.0,0.0,0.0,0.0,-0.2311,1.0,0.0,-0.5,0.7495,-0.3716,0.0,1.0,0.5,0.5,0.0,0.0,0.0,-0.3445
-0.2452,-0.2448,-0.2451,1.036,-1.067,-0.3906,-0.3623,1.163,-0.703,-1.342,-0.935,3.371,-1.143,-1.515,-1.0,-1.0,1.597,1.476,-1.57,0.0,0.351,1.008,-0.1279,-0.2903,-0.8335,-1.513,-0.3975,-1.1045,-0.1814,-0.3452,-0.3289,1.197,0.645,-0.258,-0.2426,0.0,0.0,-0.245,0.0,-0.3342,-0.6587,0.0,0.0,0.0,0.0,-0.9,0.0,-0.5,-0.5,1.157,-0.8657,0.0,2.0,0.5,0.5,0.0,0.0,0.0,-1.35
-0.2477,-0.2472,-0.2477,1.19,-1.218,-0.3906,-0.3623,1.128,-0.893,-1.393,-0.933,0.497,-1.143,-1.524,-1.0,-1.0,1.659,1.549,-1.6,0.0,0.3535,1.116,-0.0947,-0.2637,-1.042,-1.518,-0.3577,-0.5146,-0.1395,-1.1045,0.2362,0.761,-0.28,-0.2583,-0.2437,0.0,0.0,-0.2467,0.0,-0.343,-0.47,0.0,0.0,0.0,0.0,-0.2942,-1.0,-0.5,-0.5,1.225,-1.1,0.0,3.0,0.5,0.5,0.0,0.0,0.0,-0.4497
-0.2499,-0.2494,-0.2498,1.073,-1.106,-0.3906,-0.3623,1.109,-0.753,-1.372,-0.9463,-0.05438,-1.143,-1.534,-1.0,-1.0,1.631,1.522,-1.6,0.0,0.356,1.224,-0.06073,-0.2253,-0.8843,-1.539,-0.4822,0.03244,-0.1552,-0.5146,-0.345,-0.3289,0.0782,-0.2603,-0.2444,0.0,0.0,-0.2494,0.0,-0.3425,-0.999,0.0,0.0,0.0,0.0,0.03087,0.0,-0.5,-0.5,1.019,-1.093,1.0,0.0,0.5,0.5,0.0,0.0,0.0,0.04758
-0.251,-0.2507,-0.251,0.656,-0.6865,-0.3906,-0.3623,0.847,-0.3672,-1.263,-0.9404,-0.5205,-1.143,-1.545,-1.0,-1.0,1.466,1.396,-1.555,0.0,0.3586,1.364,-0.02704,-0.1802,-0.4019,-1.559,0.05054,0.7295,-0.2197,0.03244,-1.1045,0.2362,-1.452,-0.2625,-0.2445,0.0,0.0,-0.2517,0.0,-0.3303,-0.4158,0.0,0.0,0.0,0.0,0.627,0.0,0.0,0.0,0.63,-0.674,2.0,0.0,0.5,0.5,0.0,0.0,0.0,0.966
-0.253,-0.2524,-0.2527,0.906,-0.9385,-0.3906,-0.3623,0.9893,-0.606,-1.333,-0.9443,1.183,-1.143,-1.545,-1.0,-1.0,1.569,1.4795,-1.598,0.0,0.361,2.07,-0.00413,-0.1268,-0.5615,-1.581,0.3127,-0.6562,-0.2732,0.7295,-0.514,-0.345,-0.624,-0.265,-0.2444,0.0,0.0,-0.2542,0.0,-0.3418,-0.7666,0.0,0.0,0.0,0.0,-1.007,0.0,0.0,-0.5,0.8857,-0.9004,0.0,1.0,0.5,0.5,0.0,0.0,0.0,-1.533
-0.2559,-0.2554,-0.2559,1.414,-1.445,-0.3906,-0.3623,1.141,-1.096,-1.477,-0.954,1.238,-1.143,-1.555,-1.0,-1.0,1.773,1.669,-1.6,0.0,0.3635,0.143,0.006832,-0.07416,-1.027,-1.601,-0.1862,-1.247,-0.27,-0.6562,0.0324,-1.1045,1.196,-0.2698,-0.2448,0.0,0.0,-0.257,0.0,-0.3628,-0.93,0.0,0.0,0.0,0.0,-1.314,0.0,-0.5,-0.5,1.426,-1.333,0.0,2.0,0.5,0.5,0.0,0.0,0.0,-2.023
-0.2598,-0.259,-0.2598,1.893,-1.914,-0.3906,-0.4001,1.281,-1.539,-1.619,-0.974,0.638,-1.143,-1.555,-1.0,-1.0,1.982,1.866,-1.6,0.0,0.3662,0.654,0.03375,-0.02245,-1.48,-1.62,-0.612,-1.257,-0.1987,-1.247,0.729,-0.514,0.761,-0.2761,-0.2457,0.0,0.0,-0.2603,0.0,-0.3838,-1.122,0.0,1.0,0.0,0.0,-1.033,0.0,-1.0,-1.0,1.859,-1.813,0.0,3.0,0.5,0.5,0.0,0.0,0.0,-1.624
-0.2642,-0.2632,-0.2644,2.162,-2.166,-0.3906,-0.86,1.327,-1.826,-1.713,-0.988,0.364,-1.143,-1.564,-1.0,-1.0,2.12,2.004,-1.6,0.0,0.3687,1.009,0.0813,0.0385,-1.718,-1.646,-0.6567,-0.895,-0.0661,-1.257,-0.6562,0.0324,-0.3289,-0.282,-0.2488,0.0,0.0,-0.263,0.0,-0.3982,-1.04,0.0,1.0,0.0,0.0,-0.9897,-1.0,-1.0,-1.0,2.121,-2.055,0.0,4.0,0.5,0.5,0.0,0.0,0.0,-1.589
-0.2666,-0.2656,-0.267,1.241,-1.231,-0.3965,-0.86,1.265,-1.026,-1.501,-0.9854,-0.3696,-1.143,-1.564,-1.0,-1.0,1.816,1.691,-1.6,0.0,0.371,1.035,0.1292,0.0853,-0.8936,-1.66,-0.966,1.595,-0.09015,-0.895,-1.246,0.729,0.2361,-0.2847,-0.2512,0.0,0.0,-0.266,0.0,-0.373,-0.524,0.0,0.0,0.0,0.0,1.605,-1.0,-1.0,-0.5,1.267,-1.118,1.0,0.0,0.5,0.5,0.0,0.0,0.0,2.617
-0.2673,-0.2666,-0.2678,0.547,-0.532,0.10144,-0.86,1.148,-0.3374,-1.318,-0.984,-0.6865,-1.143,-1.564,-1.0,-1.0,1.564,1.443,-1.6,0.0,0.3738,0.01448,0.1583,0.11395,-0.2363,-1.66,-0.973,1.319,-0.0957,1.595,-1.256,-0.6562,-0.345,-0.2854,-0.2534,0.0,0.0,-0.2673,0.0,-0.3513,-0.5044,0.0,0.0,0.0,0.0,0.9175,0.0,-0.5,-0.5,0.638,-0.4006,2.0,0.0,0.5,0.5,1.0,0.0,4.234,1.456
-0.2695,-0.2688,-0.27,1.107,-1.102,0.10144,-0.86,1.221,-0.842,-1.471,-0.998,2.633,-1.143,-1.564,-1.0,-1.0,1.771,1.652,-1.6,0.0,0.3762,1.306,0.1809,0.1265,-0.7812,-1.66,-0.59,-1.308,-0.09656,1.319,-0.895,-1.246,-1.104,-0.2893,-0.2563,0.0,0.0,-0.2695,0.0,-0.3733,-0.895,0.0,0.0,0.0,0.0,-1.11,0.0,-0.5,-1.0,1.224,-0.8994,0.0,1.0,0.5,0.5,0.0,0.0,0.0,-1.725
-0.2725,-0.2717,-0.273,1.483,-1.4795,0.10144,-0.86,1.293,-1.169,-1.581,-1.018,0.6367,-1.143,-1.564,-1.0,-1.0,1.931,1.808,-1.6,0.0,0.379,1.421,0.204,0.132,-1.128,-1.66,-0.4685,-1.002,-0.0689,-1.308,1.594,-1.256,-0.514,-0.2935,-0.2585,0.0,0.0,-0.2722,0.0,-0.39,-0.973,0.0,0.0,0.0,0.0,-0.6973,0.0,-0.5,-1.0,1.622,-1.224,0.0,2.0,0.5,0.5,0.0,0.0,0.0,-1.106
-0.2754,-0.2747,-0.276,1.451,-1.45,0.10144,-0.86,1.361,-1.097,-1.592,-1.04,0.0678,-1.143,-1.564,-1.0,-1.0,1.951,1.816,-1.6,0.0,0.3813,1.155,0.2295,0.1486,-1.047,-1.66,-0.595,-0.2039,-0.05472,-1.002,1.319,-0.8945,0.0324,-0.2964,-0.2615,0.0,0.0,-0.2751,0.0,-0.393,-1.059,0.0,1.0,0.0,0.0,-0.2247,0.0,-1.0,-1.5,1.587,-1.2,0.0,3.0,0.5,0.5,0.0,0.0,0.0,-0.363
-0.2793,-0.2783,-0.2795,1.892,-1.893,0.10144,-0.86,1.465,-1.469,-1.724,-1.068,0.5586,-1.143,-1.564,-1.0,-1.0,2.146,2.008,-1.6,0.0,0.3838,1.091,0.2461,0.1697,-1.464,-1.66,-1.0205,-1.193,0.0259,-0.2039,-1.307,1.594,0.729,-0.2988,-0.2646,0.0,0.0,-0.2776,0.0,-0.4124,-1.139,0.0,1.0,0.0,0.0,-0.896,-1.0,-1.5,-1.5,2.008,-1.63,0.0,4.0,0.5,0.5,0.0,0.0,0.0,-1.452
-0.282,-0.2812,-0.2825,1.469,-1.467,0.10144,-0.86,1.367,-1.067,-1.64,-1.084,-0.182,-1.143,-1.564,-1.0,-1.0,2.02,1.888,-1.6,0.0,0.3865,0.9053,0.2588,0.1975,-1.0625,-1.66,-0.944,0.5566,0.07574,-1.193,-1.002,1.318,-0.6562,-0.2993,-0.2678,0.0,0.0,-0.2798,0.0,-0.4036,-0.885,0.0,0.0,0.0,0.0,0.4902,-1.0,-1.0,-1.0,1.609,-1.21,1.0,0.0,0.5,0.5,0.0,0.0,0.0,0.8105
-0.2847,-0.284,-0.2852,1.344,-1.342,0.10144,-0.86,1.274,-0.944,-1.625,-1.097,0.0004287,-1.143,-1.564,-1.0,-1.0,1.989,1.874,-1.6,0.0,0.389,0.233,0.2416,0.2206,-0.9785,-1.66,-0.5767,0.0,0.09283,0.5566,-0.2039,-1.307,-1.246,-0.302,-0.2705,0.0,0.0,-0.2822,0.0,-0.4036,-0.818,0.0,0.0,0.0,0.0,0.0,-1.0,-1.0,-1.0,1.492,-1.086,0.0,0.0,0.5,0.5,0.0,0.0,0.0,0.0
-0.2856,-0.285,-0.286,0.5864,-0.5825,0.10144,-0.86,1.189,-0.1816,-1.433,-1.1,-0.8657,-1.143,-1.564,-1.0,-1.0,1.719,1.602,-1.6,0.0,0.3914,1.235,0.221,0.2386,-0.2122,-1.66,-0.1647,1.431,0.0415,0.0,-1.193,-1.002,-1.256,-0.3047,-0.2727,0.0,0.0,-0.2847,0.0,-0.381,-0.522,0.0,0.0,0.0,0.0,1.253,0.0,-0.5,-1.0,0.8105,-0.304,1.0,0.0,0.5,0.5,0.0,0.0,0.0,2.053
-0.2864,-0.2856,-0.2866,0.4707,-0.481,0.10144,-0.86,1.049,-0.0053,-1.398,-1.107,-2.766,-1.0,-1.564,0.0,-1.0,1.66,1.565,-1.6,0.0,0.394,0.00922,0.1941,0.2493,-0.06174,-1.66,0.1998,0.1515,-0.01198,1.431,0.5566,-0.2037,-0.8945,-0.3052,-0.274,0.0,0.0,-0.2869,0.0,-0.3787,-0.6455,0.0,0.0,0.0,0.0,0.1175,1.0,0.0,-1.0,0.68,-0.227,2.0,0.0,0.5,0.5,0.0,0.0,0.0,0.188
-0.288,-0.2876,-0.288,0.885,-0.911,0.10144,-0.86,0.9995,-0.3813,-1.514,-1.12,-3.611,-1.0,-1.564,-1.0,-1.0,1.811,1.736,-1.6,0.0,0.3965,1.136,0.1761,0.2542,-0.4197,-1.66,-0.3757,-0.9907,-0.07825,0.1515,0.0,-1.193,1.594,-0.3057,-0.2764,0.0,0.0,-0.2896,0.0,-0.3948,-0.6855,0.0,0.0,0.0,0.0,-0.6973,1.0,-0.5,-1.0,1.064,-0.657,0.0,1.0,0.5,0.5,0.0,0.0,0.0,-1.113
-0.2888,-0.2883,-0.2888,0.4846,-0.5103,0.10144,-0.86,0.947,0.01784,-1.411,-1.12,-1.502,-0.857,-1.564,0.0,-1.0,1.669,1.594,-1.6,0.0,0.399,0.9463,0.1483,0.2446,-0.01775,-1.66,-0.9595,0.734,-0.1597,-0.9907,1.43,0.5566,1.318,-0.3047,-0.2778,0.0,0.0,-0.2917,0.0,-0.383,-0.3506,0.0,0.0,0.0,0.0,0.525,1.0,-0.5,-0.5,0.6577,-0.2944,1.0,0.0,0.5,0.5,0.0,0.0,0.0,0.8516
-0.2886,-0.288,-0.2886,0.0962,-0.11615,0.10144,-0.86,0.8555,0.3848,-1.297,-1.104,3.17,-0.7144,-1.564,0.0,-1.0,1.511,1.442,-1.6,0.0,0.4016,0.0411,0.1069,0.2202,0.3667,-1.66,-0.4983,0.8096,-0.2048,0.734,0.1515,0.0,-1.307,-0.3008,-0.2793,0.0,0.0,-0.2927,0.0,-0.37,0.02771,0.0,0.0,0.0,0.0,0.5845,2.0,0.0,0.0,0.2842,0.08545,2.0,0.0,0.5,0.5,0.0,0.0,0.0,0.937
-0.2898,-0.2893,-0.2898,0.639,-0.667,0.10144,-0.86,0.8613,-0.233,-1.44,-1.09,-1.213,-0.7144,-1.564,-1.0,-1.0,1.7,1.644,-1.6,0.0,0.404,0.2084,0.0635,0.173,-0.2651,-1.66,-0.0853,-1.198,-0.2334,0.8096,-0.99,1.43,-1.002,-0.2996,-0.2812,0.0,0.0,-0.2942,0.0,-0.39,-0.03424,0.0,0.0,0.0,0.0,-0.903,1.0,0.0,0.0,0.7827,-0.4717,0.0,1.0,0.5,0.5,0.0,0.0,0.0,-1.429
-0.2903,-0.2898,-0.2903,0.4177,-0.444,0.10144,-0.86,0.839,-0.02084,-1.381,-1.084,-1.831,-0.5713,-1.564,0.0,-1.0,1.618,1.561,-1.6,0.0,0.4065,1.015,0.011086,0.1222,-0.0594,-1.66,-0.003262,0.3906,-0.2744,-1.198,0.734,0.1515,-0.2037,-0.2976,-0.2827,0.0,0.0,-0.2954,0.0,-0.3835,-0.2583,0.0,0.0,0.0,0.0,0.2078,1.0,0.5,0.0,0.524,-0.3062,1.0,0.0,0.5,0.5,0.0,0.0,0.0,0.3352
-0.2925,-0.292,-0.2925,1.114,-1.156,0.10144,-0.86,0.8936,-0.6797,-1.571,-1.099,-7.52,-0.5713,-1.564,-1.0,-1.0,1.88,1.831,-1.6,0.0,0.4092,0.2888,-0.0569,0.0737,-0.738,-1.66,0.4924,-1.586,-0.3418,0.3906,0.8096,-0.99,-1.192,-0.3,-0.2844,0.0,0.0,-0.298,0.0,-0.4092,-0.823,0.0,0.0,0.0,0.0,-0.872,1.0,0.5,-0.5,1.201,-0.985,0.0,1.0,0.5,0.5,0.0,0.0,0.0,-1.398
-0.294,-0.2937,-0.294,0.817,-0.857,0.10144,-0.86,0.839,-0.402,-1.503,-1.101,-0.3962,-0.5713,-1.564,-1.0,-1.0,1.781,1.735,-1.6,0.0,0.4116,1.017,-0.1316,0.0306,-0.4348,-1.66,0.286,0.4507,-0.4075,-1.586,-1.198,0.734,0.556,-0.3022,-0.286,0.0,0.0,-0.3,0.0,-0.4023,-0.5044,0.0,0.0,0.0,0.0,0.2986,1.0,0.5,0.0,0.8916,-0.7227,1.0,0.0,0.5,0.5,0.0,0.0,0.0,0.492
-0.2952,-0.2947,-0.295,0.613,-0.652,0.10144,-0.86,0.6846,-0.2369,-1.452,-1.093,-0.4885,-0.5713,-1.564,-1.0,-1.0,1.699,1.677,-1.6,0.0,0.414,-0.1242,-0.2083,-0.01352,-0.2449,-1.66,0.2905,0.3096,-0.431,0.4507,0.3904,0.809,0.0,-0.3025,-0.2874,0.0,0.0,-0.301,0.0,-0.3975,-0.2329,0.0,0.0,0.0,0.0,0.2179,1.0,1.0,0.5,0.705,-0.514,2.0,0.0,0.5,0.5,0.0,0.0,0.0,0.3562
-0.2944,-0.294,-0.2944,-0.1261,0.0987,0.10144,-0.86,0.5986,0.4917,-1.24,-1.074,-6.418,-0.4285,-1.564,0.0,-1.0,1.414,1.389,-1.6,0.0,0.4167,0.3127,-0.2803,-0.06256,0.4768,-1.66,-0.2507,1.592,-0.4182,0.3096,-1.586,-1.197,1.43,-0.3015,-0.2888,0.0,0.0,-0.3005,0.0,-0.372,0.1309,0.0,0.0,0.0,0.0,1.432,2.0,1.0,1.0,0.02383,0.2417,3.0,0.0,0.5,0.5,1.0,0.0,4.234,2.33
-0.295,-0.2947,-0.295,0.4104,-0.4485,0.10144,-0.681,0.593,-0.1324,-1.378,-1.054,-0.985,-0.4285,-1.564,-1.0,-1.0,1.593,1.581,-1.6,0.0,0.4192,0.2098,-0.348,-0.1075,-0.136,-1.66,-0.2878,-1.15,-0.4236,1.592,0.4504,0.3904,0.1514,-0.3032,-0.2905,0.0,0.0,-0.3003,0.0,-0.3909,0.1346,0.0,0.0,0.0,0.0,-0.854,1.0,0.5,1.0,0.5674,-0.2559,0.0,1.0,0.5,0.5,0.0,0.0,0.0,-1.353
-0.2932,-0.293,-0.2932,-0.603,0.585,0.10144,-0.681,0.5996,0.8867,-1.072,-1.022,-17.1,-0.2856,-1.564,0.0,-1.0,1.206,1.166,-1.6,0.0,0.4216,1.954,-0.4053,-0.1613,0.8667,-1.66,0.08014,2.31,-0.381,-1.15,0.3096,-1.585,-0.99,-0.3,-0.2913,0.0,0.0,-0.2996,0.0,-0.3538,0.4004,0.0,0.0,0.0,0.0,1.877,2.0,1.0,1.0,-0.2825,0.8765,1.0,0.0,0.5,0.5,0.0,0.0,0.0,3.033
-0.2903,-0.2898,-0.2905,-1.104,1.1045,0.504,-0.681,0.564,1.416,-0.8794,-0.981,0.7227,-0.1428,-1.564,0.0,-1.0,0.973,0.9233,-1.55,0.0,0.4243,0.1129,-0.4453,-0.2305,1.403,-1.66,-0.1068,1.374,-0.3054,2.31,1.591,0.4504,0.734,-0.2952,-0.2917,0.0,0.0,-0.299,0.0,-0.331,0.568,0.0,0.0,0.0,0.0,1.2,2.0,1.0,1.5,-0.7676,1.374,2.0,0.0,0.5,0.5,1.0,0.0,4.234,1.867
-0.2864,-0.2856,-0.2866,-1.46,1.481,1.112,-0.681,0.4622,1.856,-0.7124,-0.943,0.4578,0.0,-1.564,0.0,-1.0,0.7744,0.7305,-1.473,0.0,0.4268,0.4631,-0.433,-0.3027,1.843,-1.66,-0.2998,1.168,-0.1395,1.374,-1.149,0.3096,0.809,-0.2861,-0.291,0.0,0.0,-0.2969,0.0,-0.311,0.55,0.0,0.0,0.0,0.0,0.859,2.0,1.0,1.5,-1.066,1.786,3.0,0.0,0.5,0.5,0.0,0.0,0.0,1.306
-0.2834,-0.2825,-0.284,-1.042,1.069,1.112,-0.681,0.5483,1.405,-0.7905,-0.911,-0.1077,0.0,-1.564,0.0,-1.0,0.8696,0.816,-1.514,0.0,0.4292,0.5894,-0.376,-0.362,1.3955,-1.66,0.331,-0.612,-0.04996,1.168,2.31,1.591,-1.197,-0.2788,-0.2905,0.0,0.0,-0.2947,0.0,-0.3218,0.403,0.0,0.0,0.0,0.0,-0.498,1.0,1.0,1.0,-0.6924,1.359,0.0,1.0,0.5,0.5,0.0,0.0,0.0,-0.7427
-0.2783,-0.277,-0.2788,-1.631,1.803,1.112,-0.681,0.5522,1.907,-0.4436,-0.854,0.868,0.1428,-1.564,0.0,0.0,0.4922,0.4111,-1.348,0.0,0.432,1.472,-0.2566,-0.37,1.872,-1.66,0.345,2.473,0.1495,-0.612,1.374,-1.149,0.3904,-0.2678,-0.2893,0.0,0.0,-0.291,0.0,-0.2793,0.845,1.0,0.0,0.0,0.0,2.473,2.0,1.0,1.5,-1.384,2.045,1.0,0.0,0.5,0.5,0.0,0.0,0.0,3.727
-0.2751,-0.2737,-0.276,-1.116,1.177,1.112,0.4084,0.6978,1.473,-0.642,-0.813,-0.2646,0.1428,-1.564,0.0,-1.0,0.718,0.6245,-1.447,0.0,0.4343,-0.1566,-0.1318,-0.331,1.438,-1.66,1.235,-1.431,0.1995,2.473,1.167,2.31,-1.585,-0.2617,-0.2886,0.0,0.0,-0.2874,0.0,-0.3052,0.496,0.0,0.0,0.0,0.0,-1.475,1.0,1.0,1.0,-0.657,1.579,0.0,1.0,0.5,0.5,0.0,0.0,0.0,-2.133
-0.271,-0.2698,-0.272,-1.394,1.472,1.112,0.4084,0.788,1.794,-0.4976,-0.7705,0.3652,0.1428,-1.564,0.0,-1.0,0.57,0.4492,-1.381,0.0,0.4368,1.433,-0.00801,-0.261,1.767,-1.66,1.319,0.9824,0.2805,-1.431,-0.612,1.374,0.4504,-0.2522,-0.2874,0.0,0.0,-0.2837,0.0,-0.288,0.5195,0.0,0.0,0.0,0.0,0.8267,1.0,1.0,1.0,-0.9414,1.845,1.0,0.0,0.5,-0.5,0.0,0.0,0.0,1.226
-0.2678,-0.2664,-0.2688,-1.159,1.234,1.112,0.4084,0.7197,1.471,-0.5186,-0.72,-0.0428,0.2856,-1.564,0.0,-1.0,0.5864,0.4795,-1.395,0.0,0.4395,-0.546,0.11847,-0.1757,1.4795,-1.657,1.48,-0.1995,0.3262,0.9824,2.473,1.167,0.3093,-0.2465,-0.286,0.0,0.0,-0.28,0.0,-0.2917,0.694,0.0,0.0,0.0,0.0,-0.1404,0.0,0.5,1.0,-0.729,1.602,0.0,1.0,0.5,-0.5,0.0,0.0,0.0,-0.2048
-0.2654,-0.264,-0.266,-0.815,0.886,1.112,0.4084,0.71,1.026,-0.591,-0.6826,-0.1642,0.2856,-1.564,0.0,-1.0,0.663,0.564,-1.43,0.0,0.442,0.4434,0.2388,-0.0844,1.052,-1.635,1.118,-0.508,0.3628,-0.1995,-1.431,-0.612,1.591,-0.2437,-0.284,0.0,0.0,-0.2773,0.0,-0.3008,0.5586,0.0,0.0,0.0,0.0,-0.4512,0.0,0.0,0.5,-0.4524,1.207,0.0,2.0,0.5,-0.5,0.0,0.0,0.0,-0.66
-0.2637,-0.2625,-0.2644,-0.5195,0.573,1.112,0.4084,0.6475,0.5674,-0.66,-0.638,-0.2983,0.4285,-1.564,0.0,-1.0,0.733,0.6504,-1.463,0.0,0.4443,-0.4888,0.3386,0.00559,0.6587,-1.614,1.76,-0.4812,0.379,-0.508,0.9824,2.473,-1.149,-0.2434,-0.282,0.0,0.0,-0.2751,0.0,-0.3093,0.7583,0.0,0.0,0.0,0.0,-0.3386,-1.0,0.0,0.5,-0.1615,0.912,0.0,3.0,0.5,-0.5,0.0,0.0,0.0,-0.5
-0.2632,-0.262,-0.2637,-0.04715,0.0843,1.112,0.13,0.711,-0.0638,-0.793,-0.605,-0.871,0.5713,-1.564,0.0,-1.0,0.8877,0.8037,-1.526,0.0,0.447,0.4248,0.4104,0.0896,0.04822,-1.595,1.048,-0.939,0.3503,-0.4812,-0.1995,-1.431,2.31,-0.2438,-0.281,0.0,0.0,-0.2727,0.0,-0.3257,0.526,0.0,0.0,0.0,0.0,-0.897,-1.0,-0.5,0.0,0.3293,0.4797,0.0,4.0,0.5,-0.5,0.0,1.0,-2.057,-1.335
-0.2605,-0.2593,-0.261,-0.9062,0.944,1.112,0.13,0.771,0.7246,-0.511,-0.558,14.88,0.7144,-1.564,0.0,-1.0,0.583,0.466,-1.388,0.0,0.4495,1.4375,0.4639,0.174,0.8613,-1.567,0.554,2.066,0.3708,-0.939,-0.508,0.982,1.374,-0.2446,-0.2795,0.0,0.0,-0.2698,0.0,-0.2903,0.691,0.0,0.0,0.0,0.0,1.683,-1.0,-0.5,0.0,-0.461,1.348,1.0,0.0,0.5,-0.5,0.0,0.0,0.0,2.543
-0.2556,-0.2544,-0.256,-1.631,1.761,1.112,0.13,0.8027,1.579,-0.199,-0.506,1.26,0.7144,-1.564,0.0,0.0,0.2659,0.12085,-1.234,0.0,0.452,0.6772,0.529,0.2727,1.662,-1.526,0.1655,2.213,0.4724,2.066,-0.4812,-0.1993,1.167,-0.2396,-0.2769,0.0,0.0,-0.2659,0.0,-0.2512,0.7554,0.0,0.0,0.0,0.0,2.307,0.0,-0.5,0.0,-1.179,2.045,2.0,0.0,-1.0,-0.5,1.0,0.0,4.234,3.37
-0.2527,-0.252,-0.2532,-0.931,0.9536,1.112,0.13,0.9033,0.5977,-0.4119,-0.455,-0.4924,0.857,-1.555,0.0,0.0,0.4905,0.342,-1.338,0.0,0.4546,0.4023,0.582,0.3748,0.6934,-1.494,0.5776,-1.4375,0.4683,2.213,-0.939,-0.508,-0.6113,-0.2386,-0.2744,0.0,0.0,-0.2622,0.0,-0.2778,0.679,0.0,0.0,0.0,0.0,-1.3125,0.0,-0.5,0.0,-0.458,1.386,0.0,1.0,-1.0,-0.5,0.0,0.0,0.0,-1.85
-0.249,-0.2483,-0.2491,-1.337,1.355,1.112,0.13,0.722,1.003,-0.2396,-0.4126,0.766,0.857,-1.545,0.0,0.0,0.299,0.1719,-1.253,0.0,0.457,-0.07477,0.6265,0.4714,1.092,-1.466,-0.3604,1.215,0.4937,-1.4375,2.066,-0.4812,2.47,-0.2354,-0.2715,0.0,0.0,-0.258,0.0,-0.256,0.606,0.0,0.0,0.0,0.0,0.8413,1.0,-0.5,0.0,-0.8506,1.771,1.0,0.0,-1.0,-0.5,0.0,0.0,0.0,1.215
-0.2455,-0.2448,-0.2457,-1.188,1.205,1.112,0.13,0.746,0.84,-0.2446,-0.3809,-0.01692,0.857,-1.534,0.0,0.0,0.3062,0.1749,-1.254,0.0,0.4597,0.5063,0.664,0.555,0.89,-1.438,0.3315,-0.01488,0.433,1.215,2.213,-0.9385,-1.43,-0.2312,-0.268,0.0,0.0,-0.253,0.0,-0.2563,0.4785,0.0,0.0,0.0,0.0,-0.01434,1.0,-0.5,-0.5,-0.768,1.561,0.0,1.0,-1.0,-0.5,0.0,0.0,0.0,-0.0203
-0.2428,-0.2421,-0.243,-0.909,0.9224,1.112,0.13,0.732,0.559,-0.3013,-0.3618,-0.1794,0.857,-1.524,0.0,0.0,0.3618,0.2372,-1.279,0.0,0.4622,0.03452,0.6743,0.6123,0.6094,-1.424,0.03036,-0.3574,0.343,-0.01488,-1.4375,2.066,0.982,-0.2269,-0.265,0.0,0.0,-0.2484,0.0,-0.263,0.284,0.0,0.0,0.0,0.0,-0.2634,0.0,-1.0,-1.0,-0.5156,1.27,0.0,2.0,-1.0,-0.5,0.0,0.0,0.0,-0.3728
-0.2399,-0.2391,-0.2401,-0.9844,0.9985,1.112,0.13,0.8394,0.6333,-0.2435,-0.334,0.2632,0.857,-1.515,0.0,0.0,0.3132,0.1648,-1.25,0.0,0.4646,1.905,0.6694,0.653,0.6465,-1.399,0.1816,0.4194,0.2394,-0.3574,1.215,2.213,-0.1993,-0.2205,-0.2617,0.0,0.0,-0.2438,0.0,-0.2556,0.4468,0.0,0.0,0.0,0.0,0.7153,0.0,-0.5,-0.5,-0.6904,1.231,1.0,0.0,-1.0,-0.5,0.0,0.0,0.0,1.019
-0.2374,-0.2367,-0.2375,-0.814,0.8228,1.112,0.13,0.609,0.5137,-0.2676,-0.3257,-0.03232,0.857,-1.505,0.0,0.0,0.317,0.2126,-1.26,0.0,0.4673,-0.6943,0.6533,0.6694,0.5215,-1.392,0.495,-0.1487,0.1697,0.4194,-0.01488,-1.4375,-0.508,-0.2174,-0.259,0.0,0.0,-0.24,0.0,-0.2585,0.0906,0.0,0.0,0.0,0.0,-0.1015,0.0,-0.5,-1.0,-0.5947,0.988,0.0,1.0,-1.0,-0.5,0.0,0.0,0.0,-0.1434
-0.2368,-0.2362,-0.2369,-0.0758,0.07526,1.112,0.13,0.7246,-0.267,-0.4849,-0.3174,-1.219,0.7144,-1.505,-1.0,-1.0,0.5513,0.441,-1.365,0.0,0.4697,2.184,0.6216,0.666,-0.2896,-1.38,0.8105,-1.477,-0.0346,-0.1487,-0.3572,1.215,-0.481,-0.2205,-0.2568,0.0,0.0,-0.2366,0.0,-0.2856,0.0753,0.0,0.0,0.0,0.0,-1.281,-1.0,-0.5,-1.0,0.1346,0.288,0.0,2.0,-1.0,-0.5,0.0,0.0,0.0,-1.816
-0.2346,-0.2339,-0.2347,-0.7197,0.726,1.112,0.13,0.591,0.431,-0.2634,-0.304,-4.9,0.7144,-1.495,0.0,0.0,0.311,0.2098,-1.257,0.0,0.4722,0.4678,0.5703,0.646,0.4067,-1.372,1.275,1.56,-0.1216,-1.477,0.4192,-0.01488,-0.9385,-0.2186,-0.254,0.0,0.0,-0.2334,0.0,-0.2578,0.1685,0.0,0.0,0.0,0.0,1.107,0.0,0.0,-1.0,-0.4092,0.9976,1.0,0.0,-1.0,-0.5,0.0,0.0,0.0,1.609
-0.2335,-0.2329,-0.2336,-0.2598,0.2625,1.112,0.13,0.7397,-0.03867,-0.392,-0.2969,-0.8003,0.7144,-1.485,0.0,0.0,0.4553,0.3357,-1.318,0.0,0.4749,0.4143,0.501,0.6123,-0.0537,-1.367,0.5713,-0.8643,-0.1812,1.56,-0.1487,-0.3572,2.066,-0.2202,-0.2515,0.0,0.0,-0.2314,0.0,-0.2737,0.04037,0.0,0.0,0.0,0.0,-0.8706,0.0,-0.5,-1.0,0.04666,0.5654,0.0,1.0,-1.0,-0.5,0.0,0.0,0.0,-1.233
-0.234,-0.2334,-0.2343,0.3728,-0.376,0.814,0.0958,0.891,-0.701,-0.5854,-0.2961,-9.36,0.5713,-1.485,-1.0,-1.0,0.6733,0.54,-1.412,0.0,0.4773,1.435,0.414,0.5664,-0.7363,-1.361,-0.3535,-1.33,-0.2009,-0.8643,-1.476,0.4192,2.213,-0.2239,-0.2499,0.0,0.0,-0.231,0.0,-0.2979,-0.09973,0.0,0.0,0.0,0.0,-0.7705,-1.0,-1.0,-1.0,0.6953,-0.00638,0.0,2.0,-1.0,-0.5,0.0,0.0,0.0,-1.107
-0.2329,-0.2323,-0.233,-0.2944,0.294,0.814,0.0958,0.891,-0.0638,-0.3794,-0.281,-1.05,0.5713,-1.476,0.0,0.0,0.4558,0.3071,-1.311,0.0,0.4797,0.512,0.3086,0.506,-0.0807,-1.3545,0.1864,1.484,-0.2527,-1.33,1.559,-0.1487,-1.437,-0.2246,-0.2472,0.0,0.0,-0.2292,0.0,-0.2717,0.1785,0.0,0.0,0.0,0.0,1.021,0.0,-0.5,-0.5,0.08826,0.677,1.0,0.0,-1.0,-0.5,0.0,0.0,0.0,1.501
-0.233,-0.2327,-0.2329,0.2012,-0.2235,0.814,0.0958,0.9263,-0.645,-0.5317,-0.266,-12.266,0.4285,-1.476,-1.0,-1.0,0.6187,0.4749,-1.384,0.0,0.4824,0.7944,0.1898,0.4534,-0.6885,-1.339,-0.3342,-1.041,-0.2496,1.484,-0.864,-1.476,1.214,-0.2278,-0.2451,0.0,0.0,-0.2296,0.0,-0.2905,0.156,0.0,0.0,0.0,0.0,-0.744,0.0,-1.0,-0.5,0.5205,0.1292,0.0,1.0,-1.0,-0.5,0.0,0.0,0.0,-1.067
-0.2319,-0.2316,-0.2318,-0.3057,0.2854,0.814,0.0958,0.849,-0.132,-0.3706,-0.2585,-0.919,0.2856,-1.466,-1.0,0.0,0.443,0.3018,-1.304,0.0,0.4849,1.138,0.06,0.3955,-0.1862,-1.332,-0.4102,1.151,-0.2698,-1.041,-1.33,1.559,-0.01487,-0.2288,-0.2421,0.0,0.0,-0.2284,0.0,-0.2703,0.04535,0.0,0.0,0.0,0.0,0.9136,0.0,-0.5,-0.5,-0.01674,0.566,1.0,0.0,-1.0,-0.5,0.0,0.0,0.0,1.334
-0.2305,-0.2302,-0.2303,-0.3955,0.3713,0.814,0.0958,0.6226,0.03955,-0.3303,-0.2664,-11.01,0.2856,-1.455,0.0,0.0,0.3816,0.2793,-1.282,0.0,0.4873,-0.2063,-0.05365,0.3254,-0.00912,-1.337,-0.2803,0.3013,-0.267,1.151,1.484,-0.864,-0.3572,-0.2268,-0.239,0.0,0.0,-0.2275,0.0,-0.265,-0.2568,0.0,0.0,0.0,0.0,0.1821,1.0,0.0,-0.5,-0.1615,0.585,2.0,0.0,-1.0,-0.5,0.0,0.0,0.0,0.2607
-0.2292,-0.229,-0.229,-0.3577,0.3318,0.814,0.0958,0.5513,0.0257,-0.331,-0.2637,0.04468,0.2856,-1.445,0.0,0.0,0.3757,0.2866,-1.28,0.0,0.49,-0.2673,-0.1534,0.2491,-0.00625,-1.335,-0.4707,0.02998,-0.2698,0.3013,-1.041,-1.33,0.4192,-0.2274,-0.2361,0.0,0.0,-0.2267,0.0,-0.2644,0.02388,0.0,0.0,0.0,0.0,0.02591,2.0,0.0,0.0,-0.1874,0.4792,3.0,0.0,-1.0,-0.5,0.0,0.0,0.0,0.03693
-0.2289,-0.2285,-0.2286,-0.02806,-0.00282,0.814,0.0958,0.5723,-0.2556,-0.4307,-0.2769,-2.049,0.1428,-1.436,-1.0,0.0,0.4805,0.3948,-1.326,0.0,0.4924,0.2139,-0.2408,0.1646,-0.3076,-1.337,-0.4229,-0.644,-0.2937,0.02998,1.151,1.483,-0.1487,-0.2275,-0.234,0.0,0.0,-0.2258,0.0,-0.2761,-0.3542,0.0,0.0,0.0,0.0,-0.4607,1.0,0.0,-0.5,0.1586,0.1877,0.0,1.0,-1.0,-0.5,0.0,0.0,0.0,-0.6562
-0.2273,-0.227,-0.227,-0.456,0.4307,0.814,0.0958,0.5728,0.2472,-0.2922,-0.2842,-3.783,0.1428,-1.426,0.0,0.0,0.3384,0.2426,-1.254,0.0,0.4949,1.007,-0.311,0.0682,0.2245,-1.342,0.2012,1.03,-0.3333,-0.644,0.3013,-1.041,-1.476,-0.2239,-0.2311,0.0,0.0,-0.224,0.0,-0.2578,-0.1375,0.0,0.0,0.0,0.0,0.5054,2.0,0.5,0.0,-0.2147,0.6475,1.0,0.0,-1.0,-0.5,0.0,0.0,0.0,0.7275
-0.2251,-0.2249,-0.225,-0.683,0.6655,0.814,0.0958,0.6113,0.5425,-0.2028,-0.2822,1.037,0.1428,-1.416,0.0,0.0,0.2524,0.1432,-1.206,0.0,0.4976,0.762,-0.3804,-0.0384,0.537,-1.34,-0.414,0.67,-0.4421,1.03,0.02997,1.151,1.559,-0.2214,-0.2286,0.0,0.0,-0.2214,0.0,-0.2455,0.0556,0.0,0.0,0.0,0.0,0.476,2.0,0.5,0.5,-0.4214,0.8867,2.0,0.0,-1.0,-0.5,0.0,0.0,0.0,0.674
-0.2231,-0.2228,-0.223,-0.61,0.593,0.814,0.0958,0.5137,0.5273,-0.2074,-0.2822,0.11755,0.1428,-1.406,0.0,0.0,0.2483,0.1575,-1.205,0.0,0.5,0.7817,-0.4202,-0.1488,0.533,-1.338,0.00817,0.014725,-0.4458,0.67,-0.644,0.3013,-0.864,-0.2172,-0.2268,0.0,0.0,-0.2198,0.0,-0.2454,-0.01585,0.0,0.0,0.0,0.0,0.01265,2.0,1.0,0.5,-0.361,0.8057,3.0,0.0,-1.0,-0.5,0.0,0.0,0.0,0.0177
-0.2205,-0.22,-0.2205,-0.901,0.898,-0.07104,0.0958,0.684,0.9023,-0.08795,-0.2751,0.7827,0.1428,-1.396,0.0,0.0,0.1469,0.01631,-1.142,0.0,0.5024,1.608,-0.4573,-0.2377,0.913,-1.33,0.672,0.8687,-0.3909,0.014725,1.029,0.02997,-1.33,-0.2134,-0.225,0.0,0.0,-0.2191,0.0,-0.2294,0.1649,0.0,0.0,0.0,0.0,0.661,2.0,1.5,1.0,-0.6753,1.063,4.0,0.0,-0.5,-0.5,0.0,0.0,0.0,0.9253
-0.2161,-0.2155,-0.2163,-1.449,1.468,0.7534,0.0958,0.5894,1.527,0.1394,-0.2428,0.8174,0.2856,-1.386,0.0,0.0,-0.0755,-0.2032,-1.025,0.0,0.505,1.625,-0.4485,-0.3003,1.527,-1.305,0.1971,1.581,-0.2471,0.8687,0.67,-0.644,1.483,-0.2074,-0.2222,0.0,0.0,-0.2166,0.0,-0.1997,0.721,0.0,0.0,0.0,0.0,1.777,3.0,1.5,1.5,-1.2,1.615,5.0,0.0,0.0,-0.5,0.0,0.0,0.0,2.451
-0.2135,-0.2128,-0.2137,-0.8184,0.8354,0.7534,0.0958,0.6406,0.8745,-0.0413,-0.2332,-0.293,0.2856,-1.376,0.0,0.0,0.09814,-0.0274,-1.11,0.0,0.508,0.579,-0.4211,-0.3416,0.8716,-1.293,0.841,-1.116,-0.1981,1.581,0.014725,1.029,-1.04,-0.2034,-0.221,0.0,0.0,-0.2153,0.0,-0.2213,0.2444,0.0,0.0,0.0,0.0,-0.7046,2.0,1.5,1.0,-0.591,1.009,0.0,1.0,0.0,-0.5,0.0,0.0,0.0,-0.947
-0.2097,-0.2089,-0.21,-1.25,1.281,0.7534,0.0958,0.5684,1.361,0.1372,-0.2072,0.6826,0.2856,-1.366,0.0,0.0,-0.0754,-0.1992,-1.017,0.0,0.5103,0.1576,-0.3618,-0.3477,1.351,-1.2705,0.5093,1.268,-0.0938,-1.116,0.868,0.67,1.151,-0.196,-0.2185,0.0,0.0,-0.2134,0.0,-0.1974,0.6206,0.0,0.0,0.0,0.0,1.001,2.0,1.5,1.5,-1.009,1.4375,1.0,0.0,0.0,-0.5,0.0,0.0,0.0,1.371
-0.2057,-0.2048,-0.206,-1.291,1.325,0.7534,0.0958,0.5586,1.36,0.1896,-0.1671,0.1421,0.4285,-1.356,0.0,0.0,-0.124,-0.2494,-0.9844,0.0,0.5127,1.258,-0.2651,-0.3223,1.359,-1.24,0.556,0.423,0.00935,1.268,1.581,0.01472,0.301,-0.1898,-0.2163,0.0,0.0,-0.2109,0.0,-0.1895,1.015,1.0,0.0,0.0,0.0,0.4443,2.0,1.5,2.0,-1.1,1.423,2.0,0.0,0.0,-0.5,0.0,0.0,0.0,0.5957
-0.2019,-0.2009,-0.2023,-1.237,1.275,0.7534,0.0958,0.508,1.295,0.2083,-0.138,0.09454,0.4285,-1.347,0.0,0.0,-0.1454,-0.2625,-0.9683,0.0,0.515,-0.1033,-0.1442,-0.26,1.26,-1.21,0.731,0.2101,0.1035,0.423,-1.116,0.868,0.02997,-0.1842,-0.214,0.0,0.0,-0.2086,0.0,-0.1854,0.8887,1.0,0.0,0.0,0.0,0.209,2.0,1.5,2.0,-1.093,1.326,3.0,0.0,0.0,-0.5,0.0,0.0,0.0,0.2783
-0.1975,-0.1965,-0.1979,-1.411,1.45,0.7534,0.0958,0.406,1.437,0.3108,-0.0922,0.2527,0.5713,-1.337,0.0,0.0,-0.2461,-0.3508,-0.912,0.0,0.5176,-0.2308,-0.001363,-0.1815,1.421,-1.179,1.218,0.7397,0.2144,0.2101,1.268,1.581,-0.644,-0.1774,-0.211,0.0,0.0,-0.2057,0.0,-0.1711,1.312,1.0,0.0,0.0,0.0,0.6353,2.0,1.5,2.0,-1.275,1.478,4.0,0.0,0.0,-0.5,0.0,0.0,0.0,0.843
-0.1938,-0.1929,-0.1942,-1.168,1.204,0.7534,0.0958,0.3503,1.136,0.2698,-0.0539,-0.06946,0.7144,-1.327,0.0,0.0,-0.2148,-0.3066,-0.9287,0.0,0.52,-0.07745,0.1458,-0.09174,1.111,-1.149,1.021,-0.2206,0.2605,0.7397,0.423,-1.116,1.029,-0.1724,-0.2081,0.0,0.0,-0.202,0.0,-0.1755,1.122,1.0,0.0,0.0,0.0,-0.1903,2.0,1.5,2.0,-1.051,1.23,0.0,1.0,0.0,-0.5,0.0,0.0,0.0,-0.2494
-0.1901,-0.1891,-0.1904,-1.186,1.223,0.7534,0.0958,0.3435,1.125,0.3179,-0.014305,0.1332,0.7144,-1.316,0.0,0.0,-0.258,-0.3516,-0.9023,0.0,0.523,-0.2333,0.285,0.003084,1.095,-1.12,0.9243,0.346,0.3335,-0.2206,0.2101,1.267,0.6694,-0.1694,-0.2047,0.0,0.0,-0.1991,0.0,-0.169,1.13,1.0,0.0,0.0,0.0,0.3645,2.0,1.5,2.0,-1.054,1.264,1.0,0.0,0.0,-0.5,0.0,0.0,0.0,0.4792
-0.1873,-0.1864,-0.1876,-0.842,0.8716,0.7534,0.0958,0.372,0.7,0.2344,0.02168,-0.2324,0.7144,-1.307,0.0,0.0,-0.1812,-0.2747,-0.942,0.0,0.5254,-0.2603,0.4116,0.09576,0.673,-1.095,1.109,-0.509,0.3528,0.346,0.7397,0.423,0.01472,-0.1655,-0.2021,0.0,0.0,-0.196,0.0,-0.1791,0.932,1.0,0.0,0.0,0.0,-0.383,1.0,1.0,1.5,-0.7334,0.914,0.0,1.0,0.0,-0.5,0.0,0.0,0.0,-0.501
-0.1833,-0.1826,-0.1837,-1.225,1.253,0.7534,0.6494,0.3567,1.044,0.4065,0.07294,0.605,0.857,-1.297,0.0,0.0,-0.3342,-0.4355,-0.8545,0.0,0.528,-0.0808,0.5317,0.1932,1.027,-1.0625,0.8784,1.138,0.3496,-0.509,-0.2206,0.21,0.868,-0.1617,-0.2001,0.0,0.0,-0.1914,0.0,-0.1569,1.2705,1.0,0.0,0.0,0.0,1.167,1.0,1.0,2.0,-1.085,1.3,1.0,0.0,0.0,-0.5,0.0,0.0,0.0,1.539
-0.1813,-0.1807,-0.1815,-0.589,0.6,0.7534,0.6147,0.393,0.295,0.2177,0.1068,-0.566,0.857,-1.287,0.0,0.0,-0.1642,-0.2607,-0.9473,0.0,0.5303,0.713,0.6177,0.2832,0.2969,-1.042,0.327,-1.185,0.3335,1.138,0.346,0.7393,1.581,-0.1608,-0.1979,0.0,0.0,-0.1884,0.0,-0.1808,0.754,0.0,0.0,0.0,0.0,-1.23,0.0,0.5,1.5,-0.4497,0.6953,0.0,1.0,0.0,-0.5,0.0,0.0,0.0,-1.593
-0.1825,-0.1819,-0.1827,0.6123,-0.614,0.7534,-0.6772,0.662,-0.9854,-0.1724,0.1132,-3.281,0.7144,-1.277,-1.0,0.0,0.2269,0.10626,-1.14,0.0,0.5327,2.367,0.654,0.3562,-0.971,-1.037,0.908,-2.514,0.2412,-1.185,-0.509,-0.2205,-1.116,-0.1648,-0.1973,0.0,0.0,-0.1863,0.0,-0.2303,0.02414,0.0,0.0,0.0,0.0,-3.357,0.0,0.5,1.0,0.824,-0.3462,0.0,2.0,0.0,-0.5,0.0,1.0,-3.82,-4.434
-0.184,-0.1833,-0.1841,0.7236,-0.732,0.7534,-0.856,0.6045,-1.169,-0.2249,0.117,0.374,0.5713,-1.268,-1.0,0.0,0.2737,0.1674,-1.165,0.0,0.535,-0.06274,0.6377,0.4111,-1.149,-1.034,0.2974,-0.3481,0.1909,-2.514,1.138,0.3457,1.267,-0.1708,-0.1968,0.0,0.0,-0.1852,0.0,-0.237,-0.04355,0.0,0.0,0.0,0.0,-0.324,-1.0,0.0,0.5,0.907,-0.486,0.0,3.0,0.0,-0.5,0.0,0.0,0.0,-0.4468
-0.1847,-0.1841,-0.1847,0.4077,-0.416,0.7534,-0.856,0.475,-0.9014,-0.143,0.11615,-0.1354,0.4285,-1.258,-1.0,0.0,0.1814,0.0934,-1.123,0.0,0.538,0.4292,0.5767,0.445,-0.8906,-1.032,0.001446,0.5835,0.14,-0.3481,-1.185,-0.509,0.4229,-0.1753,-0.1959,0.0,0.0,-0.1838,0.0,-0.2262,-0.09076,0.0,0.0,0.0,0.0,0.4639,0.0,0.0,0.5,0.557,-0.232,1.0,0.0,0.0,-0.5,0.0,0.0,0.0,0.643
-0.1843,-0.1838,-0.1843,0.03366,-0.0392,0.7534,-0.856,0.364,-0.5044,-0.0293,0.10846,-0.4106,0.2856,-1.247,-1.0,0.0,0.06192,-0.013145,-1.064,0.0,0.5405,0.75,0.5,0.4624,-0.5273,-1.03,-0.1869,0.7944,0.0789,0.5835,-2.514,1.138,0.21,-0.1791,-0.195,0.0,0.0,-0.182,0.0,-0.2113,-0.237,0.0,0.0,0.0,0.0,0.7217,0.0,0.0,0.5,0.1849,0.1176,2.0,0.0,0.0,-0.5,0.0,0.0,0.0,0.9907
-0.1838,-0.1833,-0.1838,-0.0376,0.0297,0.7534,-0.856,0.3174,-0.4421,-0.00392,0.1134,-0.03284,0.1428,-1.237,-1.0,0.0,0.0337,-0.03445,-1.051,0.0,0.543,0.1123,0.3872,0.4617,-0.4534,-1.027,-0.604,0.1853,-0.02953,0.7944,-0.348,-1.185,0.7393,-0.1816,-0.1937,0.0,0.0,-0.1798,0.0,-0.2079,0.0312,0.0,0.0,0.0,0.0,0.07806,1.0,0.0,1.0,0.0627,0.1256,3.0,0.0,0.0,-0.5,0.0,0.0,0.0,0.1058
-0.1819,-0.1814,-0.1819,-0.5444,0.5435,0.7534,-0.856,0.3308,0.12396,0.1779,0.11816,-1.756,0.1428,-1.228,0.0,0.0,-0.1338,-0.2162,-0.959,0.0,0.5454,0.9995,0.2537,0.44,0.1155,-1.025,-0.5835,1.223,-0.09344,0.1853,0.5835,-2.514,-0.2205,-0.1841,-0.1915,0.0,0.0,-0.1774,0.0,-0.1844,0.02562,0.0,0.0,0.0,0.0,0.885,2.0,0.5,1.0,-0.3777,0.6724,4.0,0.0,0.0,-0.5,0.0,0.0,0.0,1.195
-0.1792,-0.1786,-0.1792,-0.8394,0.8413,0.7534,-0.856,0.1909,0.5015,0.305,0.1257,1.874,0.1428,-1.218,0.0,0.0,-0.2603,-0.3247,-0.8936,0.0,0.548,0.004635,0.1188,0.4026,0.4863,-1.018,-0.7705,0.8496,-0.12085,1.223,0.7944,-0.348,0.3457,-0.1829,-0.1895,0.0,0.0,-0.1747,0.0,-0.168,0.109,0.0,0.0,0.0,0.0,0.8403,3.0,0.5,1.0,-0.6255,0.998,5.0,0.0,0.0,-0.5,0.0,0.0,0.0,1.112
-0.1761,-0.1755,-0.1763,-0.8975,0.9087,0.7534,-0.856,0.3965,0.638,0.3591,0.135,0.3865,0.1428,-1.208,0.0,0.0,-0.2896,-0.3953,-0.865,0.0,0.5503,2.107,-0.000163,0.3535,0.5396,-0.9976,-0.5166,0.3708,-0.1536,0.8496,0.1853,0.583,-0.509,-0.1764,-0.187,0.0,0.0,-0.1719,0.0,-0.1608,0.1395,0.0,0.0,0.0,0.0,0.5938,3.0,1.0,1.0,-0.7056,1.037,5.734,0.0,0.5,-0.5,1.0,0.0,2.383,0.775
-0.1724,-0.1716,-0.1725,-1.21,1.233,1.19,-0.856,0.4487,1.08,0.5093,0.145,0.7856,0.1428,-1.198,0.0,0.0,-0.4143,-0.5386,-0.787,0.0,0.553,0.695,-0.0998,0.2908,0.9453,-0.984,-1.02,0.996,-0.1202,0.3708,1.222,0.7944,1.138,-0.1676,-0.1835,0.0,0.0,-0.169,0.0,-0.1411,0.1884,0.0,0.0,0.0,0.0,1.285,3.0,1.0,1.0,-0.9683,1.392,5.734,0.0,1.0,-0.5,0.0,0.0,0.0,1.667
-0.1698,-0.1691,-0.17,-0.722,0.7437,1.19,-0.856,0.5176,0.619,0.372,0.1504,-0.2798,0.1428,-1.188,0.0,0.0,-0.29,-0.4192,-0.8535,0.0,0.5557,0.56,-0.1821,0.2274,0.4717,-0.975,-0.3918,-0.8325,-0.0974,0.996,0.8496,0.1853,-1.184,-0.1613,-0.1809,0.0,0.0,-0.1676,0.0,-0.1582,0.04956,0.0,0.0,0.0,0.0,-0.78,2.0,1.0,1.0,-0.4827,0.938,0.0,1.0,1.0,-0.5,0.0,0.0,0.0,-0.9946
-0.1674,-0.1666,-0.1677,-0.7065,0.73,1.19,-0.856,0.527,0.6724,0.3933,0.1543,0.2222,0.1428,-1.178,0.0,0.0,-0.3076,-0.4397,-0.8403,0.0,0.558,-0.0665,-0.2476,0.1464,0.5337,-0.9717,0.8843,0.1633,-0.10547,-0.8325,0.3706,1.222,-2.514,-0.156,-0.178,0.0,0.0,-0.1653,0.0,-0.155,0.01768,0.0,0.0,0.0,0.0,0.1329,2.0,1.5,1.0,-0.4885,0.902,1.0,0.0,1.0,-0.5,0.0,0.0,0.0,0.1721
-0.1642,-0.1632,-0.1646,-0.9688,1.005,1.19,-0.856,0.6143,1.011,0.518,0.1693,0.614,0.1428,-1.168,0.0,0.0,-0.4067,-0.5625,-0.7754,0.0,0.5605,1.067,-0.2893,0.05945,0.9,-0.965,1.234,0.828,-0.05893,0.1633,0.996,0.849,-0.348,-0.1495,-0.175,0.0,0.0,-0.1633,0.0,-0.1384,0.2683,0.0,0.0,0.0,0.0,0.515,2.0,1.5,1.5,-0.7593,1.147,2.0,0.0,1.0,-0.5,0.0,0.0,0.0,0.665
-0.1603,-0.1592,-0.1608,-1.182,1.229,1.19,-0.856,0.592,1.339,0.6357,0.181,0.4626,0.1428,-1.158,0.0,0.0,-0.5073,-0.6655,-0.714,0.0,0.563,0.4487,-0.2915,-0.02502,1.257,-0.96,1.212,0.777,0.0179,0.828,-0.832,0.3706,0.583,-0.1438,-0.1719,0.0,0.0,-0.161,0.0,-0.12274,0.2157,0.0,0.0,0.0,0.0,0.5884,2.0,1.5,1.5,-0.988,1.337,3.0,0.0,1.0,-0.5,0.0,0.0,0.0,0.7485
-0.1567,-0.1556,-0.1573,-1.032,1.085,1.19,-0.856,0.6235,1.208,0.622,0.2023,0.04477,0.1428,-1.148,0.0,0.0,-0.493,-0.6562,-0.717,0.0,0.5654,0.948,-0.2612,-0.09766,1.138,-0.9443,1.101,-0.03964,0.0789,0.777,0.1633,0.996,0.794,-0.1396,-0.1687,0.0,0.0,-0.1589,0.0,-0.12366,0.5044,0.0,0.0,0.0,0.0,-0.03687,1.0,1.5,1.5,-0.975,1.056,0.0,1.0,1.0,-0.5,0.0,0.0,0.0,-0.04633
-0.1542,-0.1531,-0.1547,-0.741,0.781,1.19,-0.856,0.4812,0.809,0.5483,0.2432,-0.188,0.2856,-1.139,0.0,0.0,-0.4443,-0.577,-0.751,0.0,0.5684,0.4277,-0.197,-0.1414,0.7383,-0.915,1.232,-0.4233,0.11633,-0.03964,0.828,-0.832,0.1852,-0.137,-0.1655,0.0,0.0,-0.1576,0.0,-0.1326,1.214,1.0,0.0,0.0,0.0,-0.2983,1.0,1.0,1.5,-0.692,0.766,0.0,2.0,1.0,-0.5,0.0,0.0,0.0,-0.375
-0.1504,-0.1495,-0.1509,-1.1,1.138,1.19,-0.856,0.4614,1.106,0.7124,0.297,0.4966,0.4285,-1.129,0.0,0.0,-0.581,-0.7197,-0.667,0.0,0.571,-0.06256,-0.10187,-0.1476,1.053,-0.8813,0.843,1.053,0.1891,-0.4233,0.7764,0.1633,1.222,-0.1342,-0.1624,0.0,0.0,-0.1555,0.0,-0.1111,1.451,1.0,0.0,0.0,0.0,0.6753,1.0,1.0,2.0,-1.003,1.147,1.0,0.0,1.0,-0.5,0.0,0.0,0.0,0.855
-0.1472,-0.1465,-0.1475,-0.94,0.9644,1.19,-0.856,0.3857,0.8457,0.689,0.3442,-0.0911,0.5713,-1.119,0.0,0.0,-0.5693,-0.6924,-0.6753,0.0,0.573,-0.6426,0.01301,-0.115,0.7915,-0.848,0.6167,-0.10474,0.2465,1.053,-0.03964,0.8276,0.849,-0.13,-0.1594,0.0,0.0,-0.1536,0.0,-0.1134,1.36,1.0,0.0,0.0,0.0,-0.1039,0.0,0.5,1.5,-0.8804,0.946,0.0,1.0,1.0,-0.5,0.0,0.0,0.0,-0.1293
-0.144,-0.1434,-0.1442,-0.912,0.9263,1.19,-0.856,0.2864,0.7476,0.7114,0.3865,0.03079,0.7144,-1.109,0.0,0.0,-0.596,-0.702,-0.6616,0.0,0.5757,-0.4512,0.127,-0.05753,0.7026,-0.82,0.573,0.1705,0.2979,-0.10474,-0.423,0.7764,0.3706,-0.1259,-0.1564,0.0,0.0,-0.1512,0.0,-0.11,1.307,1.0,0.0,0.0,0.0,0.12024,0.0,0.5,1.5,-0.851,0.911,1.0,0.0,1.0,-0.5,0.0,0.0,0.0,0.1499
-0.1415,-0.141,-0.1415,-0.7437,0.743,1.19,-0.856,0.2489,0.4922,0.6777,0.4255,-0.1816,0.857,-1.099,0.0,0.0,-0.5723,-0.6694,-0.6753,0.0,0.578,-0.5015,0.2175,0.012276,0.509,-0.802,0.2106,-0.17,0.339,0.1705,1.053,-0.03964,0.9956,-0.1235,-0.1538,0.0,0.0,-0.1498,0.0,-0.11365,1.208,1.0,0.0,0.0,0.0,-0.1432,0.0,0.0,1.0,-0.738,0.6816,0.0,1.0,1.0,-0.5,0.0,0.0,0.0,-0.178
-0.1381,-0.1377,-0.138,-1.004,1.002,1.19,-0.856,0.1704,0.741,0.802,0.4602,0.5923,0.857,-1.089,0.0,0.0,-0.6797,-0.769,-0.6094,0.0,0.5806,0.2869,0.2993,0.0924,0.755,-0.7764,0.698,0.813,0.3953,-0.17,-0.10474,-0.423,-0.832,-0.121,-0.1515,0.0,0.0,-0.147,0.0,-0.09686,1.169,1.0,0.0,0.0,0.0,0.828,1.0,0.5,1.0,-0.9814,0.938,1.0,0.0,1.0,-0.5,0.0,0.0,0.0,1.032
-0.1345,-0.1342,-0.1344,-1.047,1.045,1.19,-0.856,0.1481,0.782,0.854,0.4912,0.1956,0.857,-1.079,0.0,0.0,-0.7227,-0.8115,-0.5796,0.0,0.5835,-0.2426,0.3838,0.1786,0.743,-0.7446,0.7715,0.3623,0.367,0.813,0.1704,1.052,0.1633,-0.1178,-0.1486,0.0,0.0,-0.1423,0.0,-0.0895,1.111,1.0,0.0,0.0,0.0,0.4849,1.0,0.5,1.0,-1.022,0.9795,2.0,0.0,1.0,-0.5,0.0,0.0,0.0,0.596
-0.1322,-0.132,-0.132,-0.6616,0.647,1.19,0.796,-0.02005,0.3542,0.7407,0.5127,-0.3801,0.857,-1.069,0.0,0.0,-0.6475,-0.698,-0.633,0.0,0.586,-0.002155,0.4639,0.2556,0.3035,-0.7246,0.526,-0.643,0.261,0.3623,-0.1699,-0.1047,0.8276,-0.115,-0.1464,0.0,0.0,-0.138,0.0,-0.1033,0.7466,0.0,0.0,0.0,0.0,-0.679,1.0,0.0,0.5,-0.673,0.573,0.0,1.0,1.0,-0.5,0.0,0.0,0.0,-0.83
-0.1307,-0.1305,-0.1304,-0.3599,0.3408,1.19,0.6255,0.003742,0.04614,0.647,0.5195,-0.577,0.857,-1.06,0.0,0.0,-0.569,-0.619,-0.6753,0.0,0.5884,0.7866,0.523,0.3179,-0.02911,-0.7114,0.2261,-0.52,0.1351,-0.643,0.813,0.1704,0.7764,-0.1152,-0.1447,0.0,0.0,-0.1342,0.0,-0.1144,0.3154,0.0,0.0,0.0,0.0,-0.518,0.0,-0.5,0.0,-0.4043,0.2542,0.0,2.0,1.0,-0.5,0.0,0.0,0.0,-0.64
-0.1294,-0.1292,-0.129,-0.321,0.2942,1.19,0.6255,-0.03598,-0.02527,0.6406,0.534,-0.3425,0.857,-1.05,0.0,0.0,-0.5674,-0.61,-0.6743,0.0,0.591,0.04538,0.5586,0.3667,-0.10284,-0.6978,0.2705,0.013115,0.02061,-0.52,0.3623,-0.1699,-0.03964,-0.1152,-0.1431,0.0,0.0,-0.131,0.0,-0.1143,0.683,0.0,0.0,0.0,0.0,0.0182,1.0,0.0,0.5,-0.3723,0.203,1.0,0.0,1.0,-0.5,0.0,0.0,0.0,0.0227
-0.1302,-0.1301,-0.1299,0.4612,-0.4978,1.19,0.3745,0.1511,-0.8516,0.3662,0.532,-9.945,0.7144,-1.04,-1.0,0.0,-0.3176,-0.3784,-0.8086,0.0,0.5933,1.194,0.551,0.3948,-0.924,-0.6943,0.5127,-1.652,-0.1209,0.013115,-0.643,0.813,-0.423,-0.11865,-0.1425,0.0,0.0,-0.1289,0.0,-0.1489,-0.02003,0.0,0.0,0.0,0.0,-1.577,0.0,0.0,0.0,0.4092,-0.529,0.0,1.0,1.0,-0.5,0.0,0.0,0.0,-1.966
-0.131,-0.1307,-0.1306,0.3828,-0.4182,1.19,0.3745,0.0537,-0.7896,0.3752,0.5234,0.05075,0.5713,-1.029,-1.0,0.0,-0.3342,-0.3774,-0.8,0.0,0.596,0.03041,0.4995,0.4,-0.861,-0.6963,-0.05505,0.10785,-0.2057,-1.652,-0.52,0.362,1.052,-0.1215,-0.1417,0.0,0.0,-0.1277,0.0,-0.1469,-0.2367,0.0,0.0,0.0,0.0,0.08594,0.0,0.0,0.0,0.3005,-0.4885,1.0,0.0,1.0,-0.5,0.0,0.0,0.0,0.11017
-0.1317,-0.1315,-0.1313,0.4033,-0.436,1.19,0.3745,0.01496,-0.7954,0.3528,0.507,0.152,0.4285,-1.02,-1.0,0.0,-0.318,-0.353,-0.8076,0.0,0.5986,0.014595,0.3997,0.3865,-0.8906,-0.699,-0.0853,-0.09424,-0.2485,0.10785,0.013115,-0.6426,-0.1047,-0.1262,-0.1412,0.0,0.0,-0.127,0.0,-0.1488,-0.558,0.0,0.0,0.0,0.0,-0.0804,0.0,0.0,-0.5,0.3215,-0.504,0.0,1.0,1.0,-1.0,0.0,0.0,0.0,-0.10284
-0.1316,-0.1313,-0.1312,0.1051,-0.1345,1.19,0.3745,-0.06186,-0.4802,0.4424,0.4966,-0.365,0.2856,-1.01,-1.0,0.0,-0.4026,-0.4287,-0.7583,0.0,0.601,0.3408,0.2612,0.3645,-0.567,-0.7046,-0.256,0.62,-0.289,-0.09424,-1.651,-0.52,0.1704,-0.1304,-0.1403,0.0,0.0,-0.1261,0.0,-0.1364,-0.3083,0.0,0.0,0.0,0.0,0.4055,1.0,0.0,0.0,0.05087,-0.1957,1.0,0.0,1.0,-1.0,0.0,0.0,0.0,0.5195
-0.1335,-0.1332,-0.1333,0.851,-0.8804,-0.4958,0.3745,0.0717,-1.212,0.1791,0.4766,2.34,0.1428,-1.0,-1.0,0.0,-0.158,-0.1925,-0.8887,0.0,0.6035,1.368,0.1091,0.329,-1.283,-0.7153,-0.2299,-1.628,-0.2391,0.62,0.10785,0.013115,-0.1699,-0.1364,-0.1404,0.0,0.0,-0.1268,0.0,-0.1698,-0.618,0.0,0.0,0.0,0.0,-1.591,0.0,0.0,0.0,0.7803,-0.902,0.0,1.0,1.0,-1.0,0.0,0.0,0.0,-2.018
-0.135,-0.1346,-0.1349,0.688,-0.71,-0.4958,0.3745,0.07227,-1.021,0.2065,0.4482,-0.0468,0.0,-0.99,-1.0,0.0,-0.1829,-0.2191,-0.8716,0.0,0.606,0.2184,-0.03867,0.2793,-1.123,-0.7256,-0.7812,0.2195,-0.229,-1.628,-0.0942,-1.651,0.8125,-0.141,-0.14,0.0,0.0,-0.1271,0.0,-0.1655,-0.9365,0.0,0.0,0.0,0.0,0.1608,1.0,0.0,0.0,0.6304,-0.7295,1.0,0.0,1.0,-1.0,0.0,0.0,0.0,0.2096
-0.1367,-0.1362,-0.1367,0.771,-0.7847,-0.4958,0.3745,0.2534,-1.066,0.1555,0.418,0.1967,-0.1428,-0.98,-1.0,0.0,-0.1203,-0.1869,-0.8936,0.0,0.6084,1.316,-0.1637,0.2085,-1.126,-0.749,-1.135,-0.287,-0.1995,0.2195,0.62,0.10785,0.362,-0.1461,-0.1387,0.0,0.0,-0.1274,0.0,-0.1715,-0.9707,0.0,0.0,0.0,0.0,-0.3442,0.0,-0.5,0.0,0.711,-0.8003,0.0,1.0,1.0,-1.0,0.0,0.0,0.0,-0.4473
-0.1372,-0.1367,-0.1372,0.3286,-0.3354,-0.4958,0.3745,0.304,-0.5845,0.2815,0.394,-0.4124,-0.2856,-0.97,-1.0,0.0,-0.2295,-0.3132,-0.8267,0.0,0.6113,0.512,-0.2534,0.12384,-0.6616,-0.7593,-0.997,0.865,-0.1859,-0.287,-1.628,-0.0942,-0.6426,-0.1466,-0.1367,0.0,0.0,-0.1279,0.0,-0.1544,-0.7153,0.0,0.0,0.0,0.0,0.6436,1.0,0.0,0.0,0.329,-0.3198,1.0,0.0,1.0,-1.0,0.0,0.0,0.0,0.84
-0.1376,-0.1371,-0.1376,0.2886,-0.294,-0.8047,0.3745,0.3486,-0.4949,0.2837,0.3723,-0.0666,-0.4285,-0.9604,-1.0,0.0,-0.2272,-0.3196,-0.8223,0.0,0.614,0.05557,-0.314,0.02177,-0.5933,-0.7666,-0.8506,0.05414,-0.173,0.865,0.2195,0.62,-0.5195,-0.1471,-0.1351,0.0,0.0,-0.1288,0.0,-0.1533,-0.6597,0.0,0.0,0.0,0.0,0.02367,1.0,0.5,0.5,0.25,-0.324,2.0,0.0,1.0,-1.0,0.0,0.0,0.0,0.03046
-0.1366,-0.1362,-0.1366,-0.175,0.1693,-0.4023,0.3745,0.2976,0.0611,0.4382,0.3533,-1.463,-0.4285,-0.9507,0.0,0.0,-0.367,-0.4592,-0.741,0.0,0.616,0.2092,-0.311,-0.0885,-0.03574,-0.778,-0.95,1.028,-0.174,0.05414,-0.2869,-1.627,0.01311,-0.1455,-0.1333,0.0,0.0,-0.129,0.0,-0.1327,-0.5957,0.0,0.0,0.0,0.0,0.946,2.0,0.5,0.5,-0.1511,0.1714,3.0,0.0,1.0,-1.0,0.0,0.0,0.0,1.216
-0.1366,-0.1362,-0.1364,0.1332,-0.1521,-0.4023,0.3745,0.3274,-0.1603,0.3323,0.325,-1.234,-0.5713,-0.9404,-1.0,0.0,-0.2722,-0.3635,-0.7925,0.0,0.6187,-0.0804,-0.2405,-0.1824,-0.2228,-0.799,-0.1451,-0.638,-0.1693,1.028,0.8647,0.2194,-1.651,-0.1464,-0.1318,0.0,0.0,-0.1294,0.0,-0.146,-0.853,0.0,0.0,0.0,0.0,-0.4312,1.0,0.5,0.0,0.1427,-0.1418,0.0,1.0,1.0,-1.0,0.0,0.0,0.0,-0.545
-0.138,-0.1377,-0.1377,0.628,-0.657,-0.4023,0.329,0.4224,-0.593,0.1577,0.295,10.65,-0.7144,-0.9307,-1.0,0.0,-0.1072,-0.2052,-0.88,0.0,0.621,0.645,-0.155,-0.2413,-0.6494,-0.817,-0.1888,-1.102,-0.1495,-0.638,0.05414,-0.2869,0.10785,-0.1461,-0.1315,0.0,0.0,-0.1311,0.0,-0.1685,-0.9272,0.0,0.0,0.0,0.0,-0.773,1.0,0.0,0.0,0.642,-0.603,0.0,2.0,1.0,-1.0,0.0,0.0,0.0,-0.988
-0.1394,-0.1392,-0.139,0.6606,-0.694,-0.4023,0.2378,0.4426,-0.5835,0.1283,0.2683,0.1216,-0.857,-0.921,-1.0,0.0,-0.0784,-0.1783,-0.8936,0.0,0.6235,1.039,-0.05826,-0.2461,-0.5825,-0.843,-0.1923,-0.178,-0.1295,-1.102,1.027,0.8647,-0.0942,-0.1466,-0.1315,0.0,0.0,-0.1329,0.0,-0.1722,-0.865,0.0,0.0,0.0,0.0,-0.249,0.0,0.0,0.0,0.684,-0.627,0.0,3.0,1.0,-1.0,0.0,0.0,0.0,-0.324
-0.1399,-0.1398,-0.1395,0.32,-0.3582,-0.4023,0.2378,0.4377,-0.1968,0.2249,0.2471,-0.7627,-1.0,-0.911,-1.0,0.0,-0.1667,-0.272,-0.8438,0.0,0.6265,0.3364,0.02844,-0.206,-0.142,-0.865,-0.556,0.6455,-0.1403,-0.178,-0.638,0.05414,0.6196,-0.1455,-0.1313,0.0,0.0,-0.1344,0.0,-0.1594,-0.6636,0.0,0.0,0.0,0.0,0.559,0.0,0.0,0.0,0.3108,-0.3538,1.0,0.0,1.0,-1.0,0.0,0.0,0.0,0.73
-0.1403,-0.1403,-0.1399,0.2903,-0.3293,-0.4023,0.2378,0.321,-0.1688,0.2289,0.243,-0.2329,-1.0,-0.901,-1.0,0.0,-0.1807,-0.2644,-0.842,0.0,0.629,0.11646,0.076,-0.1583,-0.109,-0.8687,0.2106,0.02718,-0.1521,0.6455,-1.102,1.027,-1.627,-0.1459,-0.1316,0.0,0.0,-0.1359,0.0,-0.159,-0.263,0.0,0.0,0.0,0.0,0.02344,0.0,0.5,0.5,0.2793,-0.329,2.0,0.0,1.0,-1.0,0.0,0.0,0.0,0.03026
-0.1422,-0.142,-0.1418,0.8257,-0.866,-0.4023,0.2378,0.4673,-0.701,0.04047,0.2263,11.016,-1.0,-0.891,-1.0,0.0,0.005295,-0.0935,-0.9365,0.0,0.6313,1.174,0.106,-0.10144,-0.6313,-0.8794,0.1326,-1.209,-0.1733,0.02718,-0.178,-0.638,0.2194,-0.1486,-0.1321,0.0,0.0,-0.1385,0.0,-0.1836,-0.59,0.0,0.0,0.0,0.0,-1.888,0.0,0.0,0.0,0.8423,-0.795,0.0,1.0,1.0,-1.0,0.0,0.0,0.0,-2.438
-0.1451,-0.1448,-0.1449,1.244,-1.278,-0.4023,0.0683,0.56,-1.11,-0.1193,0.2006,0.9097,-1.0,-0.8813,-1.0,0.0,0.166,0.06067,-1.017,0.0,0.634,0.632,0.12494,-0.0419,-1.034,-0.895,0.2328,-1.039,-0.1927,-1.209,0.6455,-1.102,-0.2869,-0.1549,-0.133,0.0,0.0,-0.1422,0.0,-0.2042,-0.763,0.0,0.0,0.0,0.0,-0.975,0.0,0.0,0.0,1.255,-1.18,0.0,2.0,1.0,-1.0,0.0,0.0,0.0,-1.284
-0.1484,-0.148,-0.1483,1.372,-1.399,-0.4023,-0.1853,0.641,-1.217,-0.1946,0.1653,0.2605,-1.0,-0.871,-1.0,0.0,0.2471,0.1317,-1.054,0.0,0.636,1.128,0.1317,0.011536,-1.18,-0.91,-0.2683,-0.4937,-0.1726,-1.039,0.02716,-0.178,0.8647,-0.1611,-0.1346,0.0,0.0,-0.1456,0.0,-0.2139,-1.036,0.0,0.0,0.0,0.0,-0.3596,0.0,-0.5,-0.5,1.31,-1.371,0.0,3.0,1.0,-1.0,0.0,0.0,0.0,-0.4822
-0.1525,-0.1519,-0.1526,1.694,-1.712,-0.4023,-0.66,0.631,-1.554,-0.3303,0.1388,0.4775,-1.0,-0.8613,-1.0,0.0,0.3823,0.2786,-1.123,0.0,0.6387,0.2156,0.1458,0.0643,-1.474,-0.9336,-0.4385,-0.9243,-0.09766,-0.4937,-1.208,0.645,0.0541,-0.1667,-0.1368,0.0,0.0,-0.1494,0.0,-0.2317,-0.915,0.0,0.0,0.0,0.0,-0.9683,-1.0,-1.0,-0.5,1.646,-1.643,0.0,4.0,1.0,-0.5,0.0,0.0,0.0,-1.31
-0.1562,-0.1555,-0.1565,1.621,-1.627,-0.4023,-0.7344,0.6045,-1.508,-0.351,0.109,0.10834,-1.0,-0.8516,-1.0,0.0,0.4011,0.3037,-1.134,0.0,0.6416,-0.05322,0.1587,0.10846,-1.421,-0.954,-1.139,-0.1444,-0.054,-0.9243,-1.039,0.02716,1.027,-0.1724,-0.1392,0.0,0.0,-0.1532,0.0,-0.2346,-1.015,0.0,0.0,0.0,0.0,-0.1302,-2.0,-1.5,-1.0,1.566,-1.571,0.0,5.0,1.0,0.0,0.0,0.0,0.0,-0.1787
-0.1595,-0.1587,-0.1598,1.392,-1.389,-0.4023,-0.7344,0.5645,-1.315,-0.3206,0.084,-0.00863,-1.0,-0.842,-1.0,0.0,0.3665,0.2742,-1.118,0.0,0.644,1.107,0.1844,0.1448,-1.221,-0.972,-1.063,0.2028,0.01223,-0.1444,-0.4937,-1.208,-0.6377,-0.1788,-0.1412,0.0,0.0,-0.1558,0.0,-0.2308,-0.8984,0.0,0.0,0.0,0.0,0.204,-1.0,-1.0,-0.5,1.312,-1.378,1.0,0.0,1.0,0.0,0.0,0.0,0.0,0.2808
-0.1636,-0.1626,-0.164,1.712,-1.701,-0.4023,-0.7344,0.6523,-1.595,-0.455,0.04263,0.3977,-1.0,-0.842,-1.0,-1.0,0.513,0.414,-1.187,0.0,0.6465,0.4568,0.2313,0.1898,-1.444,-1.008,-0.7183,-0.924,0.10114,0.2028,-0.9243,-1.039,-1.102,-0.1869,-0.144,0.0,0.0,-0.1589,0.0,-0.2485,-1.3545,0.0,1.0,0.0,0.0,-1.38,-1.0,-1.0,-1.0,1.657,-1.639,0.0,1.0,1.0,0.0,0.0,0.0,0.0,-1.893
-0.1685,-0.1674,-0.1691,2.121,-2.102,-0.4023,-0.7344,0.782,-1.941,-0.6216,-0.009315,0.4001,-1.0,-0.842,-1.0,-1.0,0.7026,0.5923,-1.2705,0.0,0.649,1.077,0.2786,0.2356,-1.812,-1.036,-0.824,-1.158,0.225,-0.924,-0.1444,-0.4934,-0.1779,-0.1948,-0.1473,0.0,0.0,-0.1628,0.0,-0.2703,-1.491,0.0,1.0,0.0,0.0,-1.504,-1.0,-1.0,-1.5,2.043,-2.033,0.0,2.0,1.0,0.0,0.0,0.0,0.0,-2.096
-0.1726,-0.1715,-0.1732,1.781,-1.759,-0.4023,-0.7344,0.7456,-1.568,-0.576,-0.0681,-0.08105,-1.143,-0.842,-1.0,-1.0,0.65,0.543,-1.247,0.0,0.6514,0.1636,0.3342,0.2854,-1.464,-1.069,-1.379,0.3289,0.277,-1.158,0.2026,-0.9243,0.645,-0.2002,-0.1506,0.0,0.0,-0.1669,0.0,-0.2644,-1.719,0.0,1.0,0.0,0.0,0.328,0.0,-1.0,-1.5,1.704,-1.715,1.0,0.0,1.0,0.0,0.0,0.0,0.0,0.4658
-0.1779,-0.1766,-0.1785,2.256,-2.23,-0.4023,-0.7344,0.867,-1.939,-0.76,-0.1304,0.4229,-1.143,-0.842,-1.0,-1.0,0.864,0.748,-1.341,0.0,0.654,0.772,0.4165,0.3455,-1.845,-1.107,-1.646,-1.309,0.407,0.3289,-0.9233,-0.1444,0.02716,-0.2069,-0.1543,0.0,0.0,-0.1707,0.0,-0.2886,-1.719,0.0,1.0,0.0,0.0,-1.778,0.0,-1.5,-1.5,2.156,-2.174,0.0,1.0,1.0,0.0,0.0,0.0,0.0,-2.512
-0.1832,-0.182,-0.1841,2.383,-2.352,-0.4023,-0.7344,0.8574,-2.023,-0.8506,-0.1876,0.1941,-1.143,-0.842,-1.0,-1.0,0.9663,0.86,-1.388,0.0,0.6567,0.4246,0.5166,0.4143,-1.916,-1.147,-1.363,-0.669,0.5312,-1.309,-1.158,0.2026,-1.208,-0.2131,-0.1587,0.0,0.0,-0.1749,0.0,-0.3008,-1.719,0.0,1.0,0.0,0.0,-0.9585,-1.0,-1.5,-1.5,2.3,-2.195,0.0,2.0,1.0,0.0,0.0,0.0,0.0,-1.385
-0.1876,-0.1863,-0.1884,1.904,-1.87,-0.4023,-0.7344,0.7446,-1.559,-0.771,-0.238,-0.1243,-1.143,-0.842,-1.0,-1.0,0.865,0.7734,-1.349,0.0,0.659,0.3457,0.644,0.5005,-1.397,-1.189,-1.145,0.569,0.6064,-0.669,0.3289,-0.9233,-1.039,-0.2183,-0.163,0.0,0.0,-0.1787,0.0,-0.2908,-1.567,0.0,1.0,0.0,0.0,0.861,0.0,-1.0,-1.0,1.845,-1.797,1.0,0.0,1.0,0.0,0.0,0.0,0.0,1.258
-0.1915,-0.1903,-0.1921,1.759,-1.7295,-0.4023,-0.7344,0.7925,-1.349,-0.773,-0.293,-0.01694,-1.143,-0.842,-1.0,-1.0,0.872,0.7715,-1.352,0.0,0.6616,1.064,0.76,0.5776,-1.255,-1.216,-1.119,-0.0457,0.639,0.569,-1.308,-1.157,-0.4934,-0.2236,-0.1669,0.0,0.0,-0.183,0.0,-0.2917,-1.719,0.0,1.0,0.0,0.0,-0.04324,0.0,-1.0,-1.5,1.714,-1.651,0.0,1.0,1.0,0.0,0.0,0.0,0.0,-0.06256
-0.1963,-0.1952,-0.1969,2.117,-2.1,-0.4023,-0.7344,0.863,-1.59,-0.9165,-0.3555,0.3574,-1.143,-0.842,-1.0,-1.0,1.044,0.9414,-1.428,0.0,0.664,0.547,0.851,0.6475,-1.564,-1.248,-0.87,-1.082,0.683,-0.0457,-0.6685,0.3286,-0.924,-0.2294,-0.171,0.0,0.0,-0.188,0.0,-0.311,-1.719,0.0,1.0,0.0,0.0,-0.924,-1.0,-1.0,-2.0,2.045,-2.023,0.0,2.0,1.0,0.0,0.0,0.0,0.0,-1.338
-0.2007,-0.1997,-0.201,1.956,-1.949,-1.066,-0.7344,0.7466,-1.389,-0.92,-0.4082,-0.006397,-1.143,-0.842,-1.0,-1.0,1.037,0.957,-1.432,0.0,0.6665,0.1519,0.942,0.7227,-1.315,-1.292,-0.995,-0.06207,0.6514,-1.082,0.5684,-1.308,-0.1444,-0.2332,-0.1753,0.0,0.0,-0.1937,0.0,-0.3123,-1.719,0.0,1.0,0.0,0.0,-0.05313,-1.0,-1.0,-2.0,1.844,-1.93,0.0,3.0,1.0,0.0,0.0,0.0,0.0,-0.07837
-0.2057,-0.2047,-0.2062,2.268,-2.264,-1.066,-0.7344,0.8203,-1.638,-1.051,-0.4585,0.3577,-1.143,-0.842,-1.0,-1.0,1.199,1.116,-1.501,0.0,0.6694,1.179,1.014,0.7964,-1.587,-1.323,-1.277,-1.01,0.6484,-0.06207,-0.04565,-0.6685,0.2026,-0.239,-0.1791,0.0,0.0,-0.1996,0.0,-0.33,-1.719,0.0,1.0,0.0,0.0,-1.118,-1.0,-1.5,-2.0,2.166,-2.195,0.0,4.0,1.0,0.0,0.0,0.0,0.0,-1.65
-0.209,-0.2081,-0.2094,1.514,-1.51,-0.8,-0.7344,0.773,-0.9106,-0.887,-0.496,-0.3809,-1.143,-0.842,-1.0,-1.0,1.001,0.9136,-1.421,0.0,0.672,1.44,1.049,0.8584,-0.893,-1.347,-1.089,1.185,0.621,-1.01,-1.082,0.5684,-0.9233,-0.241,-0.1825,0.0,0.0,-0.2041,0.0,-0.3098,-1.347,0.0,1.0,0.0,0.0,1.371,-1.0,-1.0,-1.5,1.468,-1.452,1.0,0.0,1.0,0.0,0.0,0.0,0.0,2.059
-0.2098,-0.209,-0.2101,0.4763,-0.4656,0.2583,-0.7344,0.787,0.1375,-0.6074,-0.511,-1.302,-1.0,-0.842,0.0,-1.0,0.688,0.575,-1.281,0.0,0.6743,2.213,1.049,0.907,0.1567,-1.36,-0.7056,2.03,0.541,1.185,-0.06204,-0.04565,-1.157,-0.2384,-0.1852,0.0,0.0,-0.2074,0.0,-0.2742,-0.611,0.0,0.0,0.0,0.0,2.674,0.0,-0.5,-1.0,0.586,-0.3196,2.0,0.0,1.0,0.0,0.0,0.0,0.0,3.94
-0.2106,-0.2098,-0.2108,0.4495,-0.4463,0.2583,-0.7344,0.8022,0.205,-0.6064,-0.526,0.4363,-0.857,-0.842,0.0,-1.0,0.688,0.5728,-1.282,0.0,0.677,0.1566,1.003,0.9385,0.1956,-1.367,-0.86,-0.014984,0.4055,2.03,-1.01,-1.081,0.3286,-0.2368,-0.1881,0.0,0.0,-0.2109,0.0,-0.2747,-0.5884,0.0,0.0,0.0,0.0,-0.01144,0.0,-1.0,-1.0,0.5547,-0.3074,0.0,1.0,1.0,0.0,0.0,0.0,0.0,-0.01628
-0.2117,-0.2112,-0.2118,0.6167,-0.6304,0.2583,-0.7344,0.726,0.0804,-0.666,-0.5454,-0.284,-0.7144,-0.842,0.0,-1.0,0.7466,0.65,-1.314,0.0,0.679,0.128,0.9155,0.9443,0.04794,-1.378,-0.2905,-0.4497,0.2316,-0.014984,1.185,-0.06204,-1.308,-0.236,-0.1904,0.0,0.0,-0.215,0.0,-0.2827,-0.717,0.0,0.0,0.0,0.0,-0.255,0.0,-1.0,-1.5,0.6943,-0.509,0.0,2.0,1.0,0.0,0.0,0.0,0.0,-0.3633
-0.2128,-0.2124,-0.2128,0.5884,-0.6113,0.2583,-0.7344,0.654,0.124,-0.6694,-0.558,0.388,-0.5713,-0.842,0.0,-1.0,0.7437,0.6606,-1.317,0.0,0.6816,0.4546,0.815,0.93,0.10803,-1.39,0.0223,-0.04532,0.09607,-0.4497,2.03,-1.01,-0.6685,-0.2334,-0.1929,0.0,0.0,-0.218,0.0,-0.2837,-0.5605,0.0,0.0,0.0,0.0,-0.04144,0.0,-1.0,-1.5,0.6123,-0.55,0.0,3.0,1.0,0.0,0.0,0.0,0.0,-0.05948
-0.2141,-0.2137,-0.214,0.646,-0.6743,0.2583,-0.7344,0.533,0.0436,-0.6973,-0.562,-0.226,-0.4285,-0.842,0.0,-1.0,0.764,0.7056,-1.334,0.0,0.6846,-0.3547,0.691,0.899,0.0658,-1.399,-0.1821,-0.2267,-0.004253,-0.04532,-0.014984,1.185,0.5684,-0.2311,-0.1953,0.0,0.0,-0.2207,0.0,-0.2878,-0.3625,0.0,0.0,0.0,0.0,-0.145,-1.0,-1.5,-1.5,0.6646,-0.6147,0.0,4.0,1.0,0.0,0.0,0.0,0.0,-0.2083
-0.215,-0.2146,-0.2147,0.4744,-0.505,0.2583,-0.7344,0.4763,0.2123,-0.6562,-0.5674,1.309,-0.2856,-0.842,0.0,-1.0,0.7134,0.6626,-1.314,0.0,0.687,-0.3188,0.5474,0.8467,0.2368,-1.405,-0.1526,0.2732,-0.10175,-0.2267,-0.4495,2.03,-0.04565,-0.2268,-0.198,0.0,0.0,-0.2229,0.0,-0.283,-0.3794,0.0,0.0,0.0,0.0,0.2025,-1.0,-1.0,-1.5,0.4495,-0.5054,1.0,0.0,1.0,0.0,0.0,0.0,0.0,0.292
-0.2156,-0.2152,-0.2153,0.389,-0.419,0.2583,-0.7344,0.3845,0.2544,-0.637,-0.561,0.2837,-0.1428,-0.842,0.0,-1.0,0.684,0.6484,-1.306,0.0,0.6895,-0.2198,0.3955,0.779,0.3167,-1.408,0.3484,0.1208,-0.1654,0.2732,-0.0453,-0.014984,-1.081,-0.224,-0.2007,0.0,0.0,-0.2244,0.0,-0.281,0.00936,0.0,0.0,0.0,0.0,0.07404,0.0,-0.5,-1.0,0.3413,-0.4512,2.0,0.0,1.0,0.0,0.0,0.0,0.0,0.10626
-0.216,-0.2156,-0.2157,0.2922,-0.321,0.2583,0.0934,0.3347,0.289,-0.6113,-0.5483,0.2458,0.0,-0.842,0.0,-1.0,0.652,0.6235,-1.294,0.0,0.692,-0.10187,0.2373,0.69,0.3657,-1.403,0.452,0.1658,-0.2329,0.1208,-0.2267,-0.4495,-0.06204,-0.2244,-0.2037,0.0,0.0,-0.2257,0.0,-0.278,0.2815,0.0,0.0,0.0,0.0,0.11,1.0,0.0,-0.5,0.2297,-0.3767,3.0,0.0,1.0,0.0,0.0,0.0,0.0,0.1576
-0.2167,-0.2163,-0.2166,0.4526,-0.4834,0.2583,0.0934,0.3137,0.08124,-0.664,-0.5435,-0.421,0.1428,-0.842,0.0,-1.0,0.7075,0.687,-1.322,0.0,0.6943,-0.0727,0.09143,0.5776,0.1465,-1.399,0.976,-0.3909,-0.334,0.1658,0.273,-0.0453,-1.009,-0.2253,-0.2067,0.0,0.0,-0.2274,0.0,-0.2852,-0.01562,0.0,0.0,0.0,0.0,-0.289,1.0,0.0,-1.0,0.3994,-0.5166,0.0,1.0,1.0,0.0,0.0,0.0,0.0,-0.413
-0.2183,-0.2179,-0.2181,0.7856,-0.8213,0.2583,0.0934,0.2793,-0.3015,-0.7734,-0.544,-1.994,0.1428,-0.842,-1.0,-1.0,0.826,0.821,-1.379,0.0,0.697,0.02834,-0.0654,0.4617,-0.2218,-1.403,0.5845,-0.802,-0.3916,-0.3909,0.1208,-0.2266,1.185,-0.2268,-0.2095,0.0,0.0,-0.229,0.0,-0.2998,-0.2474,0.0,0.0,0.0,0.0,-0.8823,1.0,-0.5,-1.0,0.6997,-0.8643,0.0,2.0,1.0,0.0,0.0,0.0,0.0,-1.269
-0.2203,-0.2201,-0.2202,1.004,-1.043,0.2583,0.0934,0.277,-0.6035,-0.8545,-0.5405,1.922,0.1428,-0.842,-1.0,-1.0,0.919,0.9204,-1.421,0.0,0.6997,0.252,-0.2231,0.3354,-0.5127,-1.404,-0.2695,-0.6133,-0.3928,-0.802,0.1658,0.273,2.03,-0.2292,-0.2124,0.0,0.0,-0.2302,0.0,-0.3108,-0.1094,0.0,0.0,0.0,0.0,-0.6587,0.0,-1.0,-1.0,0.9355,-1.05,0.0,3.0,1.0,0.0,0.0,0.0,0.0,-0.9604
-0.2217,-0.2213,-0.2214,0.6567,-0.692,0.2583,0.0934,0.3357,-0.345,-0.7695,-0.531,-0.4377,0.1428,-0.842,-1.0,-1.0,0.827,0.8105,-1.381,0.0,0.702,0.628,-0.3389,0.201,-0.2793,-1.397,-0.3508,0.589,-0.4248,-0.6133,-0.3906,0.1208,-0.01498,-0.2303,-0.2153,0.0,0.0,-0.2313,0.0,-0.3005,0.0724,0.0,0.0,0.0,0.0,1.029,0.0,-0.5,-0.5,0.588,-0.726,1.0,0.0,1.0,0.0,0.0,0.0,0.0,1.517
-0.2218,-0.2216,-0.2214,0.1892,-0.2283,0.2583,0.0934,0.3447,0.01726,-0.6343,-0.5044,-1.586,0.2856,-0.842,0.0,-1.0,0.6772,0.649,-1.315,0.0,0.7046,1.571,-0.4211,0.06525,0.0963,-1.386,-0.211,0.936,-0.4202,0.589,-0.802,0.1658,-0.4495,-0.2303,-0.218,0.0,0.0,-0.2312,0.0,-0.2842,0.6294,0.0,0.0,0.0,0.0,1.251,0.0,0.0,0.0,0.141,-0.2764,2.0,0.0,-1.0,0.0,0.0,0.0,0.0,1.825
-0.2213,-0.2212,-0.221,-0.05606,0.015526,0.2583,0.0934,0.1709,0.2126,-0.552,-0.483,1.762,0.4285,-0.842,0.0,-1.0,0.5728,0.5703,-1.277,0.0,0.707,-0.369,-0.4622,-0.0661,0.264,-1.371,-0.1915,0.544,-0.4062,0.936,-0.6133,-0.3906,-0.0453,-0.2296,-0.2198,0.0,0.0,-0.2302,0.0,-0.2744,0.507,0.0,0.0,0.0,0.0,0.696,1.0,0.5,0.0,-0.1624,-0.11487,3.0,0.0,-1.0,0.0,0.0,0.0,0.0,0.999
-0.2213,-0.2212,-0.2208,0.1259,-0.1719,0.2583,0.0934,-0.06076,0.0382,-0.5986,-0.4802,-0.4407,0.4285,-0.8516,0.0,-1.0,0.602,0.646,-1.304,0.0,0.7095,-0.5244,-0.4763,-0.18,0.06097,-1.369,-0.0651,-0.3743,-0.4001,0.544,0.5884,-0.802,-0.2266,-0.2299,-0.2214,0.0,0.0,-0.2299,0.0,-0.2812,-0.2668,0.0,0.0,0.0,0.0,-0.3074,1.0,0.5,-0.5,0.0288,-0.278,0.0,1.0,-1.0,0.0,0.0,0.0,0.0,-0.4375
-0.2211,-0.221,-0.2207,0.0472,-0.09235,0.2583,0.0934,-0.04868,0.1316,-0.5684,-0.4775,0.811,0.4285,-0.8516,0.0,-1.0,0.571,0.6104,-1.291,0.0,0.712,0.3618,-0.483,-0.295,0.1675,-1.371,-0.1674,0.1808,-0.391,-0.3743,0.9355,-0.6133,0.273,-0.2291,-0.2228,0.0,0.0,-0.2294,0.0,-0.278,-0.1853,0.0,0.0,0.0,0.0,0.1175,2.0,0.5,0.0,-0.0593,-0.2148,1.0,0.0,-1.0,0.0,0.0,0.0,0.0,0.1682
-0.2201,-0.2198,-0.2197,-0.2563,0.218,0.2583,0.0934,-0.0668,0.4504,-0.4634,-0.466,1.56,0.4285,-0.8516,0.0,-1.0,0.4573,0.4924,-1.24,0.0,0.715,0.1608,-0.4724,-0.402,0.5015,-1.369,-0.2063,0.7207,-0.3833,0.1808,0.5435,0.5884,0.1207,-0.226,-0.2235,0.0,0.0,-0.2278,0.0,-0.2651,0.2617,0.0,0.0,0.0,0.0,0.539,2.0,0.5,0.5,-0.3113,0.1282,2.0,0.0,-1.0,0.0,0.0,0.0,0.0,0.769
-0.2177,-0.2174,-0.2174,-0.7524,0.729,0.2583,0.0934,-0.10876,0.994,-0.2808,-0.4453,1.197,0.4285,-0.842,0.0,0.0,0.2659,0.2954,-1.149,0.0,0.7173,0.3623,-0.441,-0.4663,1.043,-1.356,-0.2386,1.262,-0.326,0.7207,-0.3743,0.9355,0.1656,-0.2195,-0.2235,0.0,0.0,-0.2255,0.0,-0.242,0.6084,0.0,0.0,0.0,0.0,1.361,2.0,0.5,1.0,-0.7295,0.6855,3.0,0.0,-1.0,0.0,0.0,0.0,0.0,1.92
-0.2146,-0.2142,-0.2145,-1.03,1.0205,0.2583,0.2954,-0.11554,1.309,-0.1509,-0.4148,0.4543,0.4285,-0.8315,0.0,0.0,0.1364,0.1582,-1.086,0.0,0.7197,-0.473,-0.3901,-0.4824,1.354,-1.339,0.02768,0.872,-0.2888,1.262,0.1808,0.5435,-0.3906,-0.2126,-0.2234,0.0,0.0,-0.222,0.0,-0.2257,0.8677,1.0,0.0,0.0,0.0,0.975,2.0,1.0,1.5,-0.966,1.0,4.0,0.0,-0.5,0.0,1.0,0.0,3.598,1.348
-0.2126,-0.2122,-0.2125,-0.5776,0.567,0.2583,0.2954,-0.0745,0.817,-0.2637,-0.392,-0.2361,0.4285,-0.822,0.0,0.0,0.2517,0.274,-1.145,0.0,0.722,-0.1865,-0.3438,-0.4646,0.878,-1.327,0.533,-0.7876,-0.2737,0.872,0.7207,-0.374,-0.8013,-0.2086,-0.2231,0.0,0.0,-0.2197,0.0,-0.2408,0.507,0.0,0.0,0.0,0.0,-0.607,2.0,1.0,1.0,-0.5063,0.589,0.0,1.0,-0.5,0.0,0.0,0.0,0.0,-0.826
-0.2096,-0.209,-0.2096,-0.9946,0.9976,0.1646,0.2954,-0.07056,1.277,-0.09076,-0.3613,0.6846,0.4285,-0.812,0.0,0.0,0.082,0.0915,-1.059,0.0,0.7246,0.1727,-0.2922,-0.424,1.344,-1.311,0.95,1.161,-0.1713,-0.7876,1.261,0.1807,-0.6133,-0.2035,-0.2219,0.0,0.0,-0.2179,0.0,-0.2191,0.69,0.0,0.0,0.0,0.0,1.26,2.0,1.5,1.0,-0.8545,1.0625,1.0,0.0,-0.5,0.0,0.0,0.0,0.0,1.738
-0.2054,-0.2047,-0.2056,-1.354,1.372,0.1646,0.2954,-0.08014,1.695,0.08124,-0.3232,0.4724,0.4285,-0.802,0.0,0.0,-0.0817,-0.0818,-0.9736,0.0,0.727,0.0863,-0.2274,-0.369,1.788,-1.292,0.9233,1.139,-0.02313,1.161,0.8716,0.7207,0.5884,-0.1957,-0.2205,0.0,0.0,-0.2153,0.0,-0.1974,0.83,1.0,0.0,0.0,0.0,1.117,2.0,1.5,1.0,-1.163,1.465,2.0,0.0,-0.5,0.0,1.0,0.0,3.984,1.513
-0.2025,-0.2018,-0.2028,-0.924,0.9414,0.1646,0.2954,-0.0633,1.194,-0.01765,-0.2866,-0.1604,0.4285,-0.792,0.0,0.0,0.01264,0.01593,-1.024,0.0,0.73,-0.2196,-0.1636,-0.3108,1.34,-1.277,0.77,-0.671,0.0492,1.139,-0.7876,1.261,0.9355,-0.1895,-0.2186,0.0,0.0,-0.2129,0.0,-0.2106,0.732,0.0,0.0,0.0,0.0,-0.4668,1.0,1.0,1.0,-0.763,1.034,0.0,1.0,-0.5,0.0,0.0,0.0,0.0,-0.62
-0.1982,-0.1974,-0.1986,-1.38,1.412,0.1646,0.2954,0.00934,1.655,0.1887,-0.2325,0.529,0.5713,-0.782,0.0,0.0,-0.1724,-0.1959,-0.9224,0.0,0.7324,1.464,-0.07263,-0.2313,1.785,-1.242,0.7114,1.356,0.1718,-0.671,1.161,0.8716,0.5435,-0.182,-0.2161,0.0,0.0,-0.2096,0.0,-0.1846,1.121,1.0,0.0,0.0,0.0,1.608,1.0,1.0,1.5,-1.161,1.532,1.0,0.0,-0.5,0.0,0.0,0.0,0.0,2.16
-0.1938,-0.1931,-0.1942,-1.399,1.432,0.1646,0.2954,-0.02223,1.594,0.2507,-0.1715,0.1048,0.7144,-0.7725,0.0,0.0,-0.2311,-0.2527,-0.8916,0.0,0.735,-0.1622,0.0371,-0.1381,1.744,-1.206,1.104,0.4006,0.2798,1.356,1.139,-0.7876,-0.374,-0.176,-0.2136,0.0,0.0,-0.2059,0.0,-0.1768,1.346,1.0,0.0,0.0,0.0,0.3638,2.0,1.5,2.0,-1.189,1.541,2.0,0.0,-0.5,0.0,0.0,0.0,0.0,0.4778
-0.1892,-0.1882,-0.1895,-1.527,1.5625,0.1646,0.2954,-0.0509,1.668,0.3547,-0.1095,0.191,0.857,-0.762,0.0,0.0,-0.3257,-0.3484,-0.8394,0.0,0.7373,0.682,0.1837,-0.02438,1.778,-1.161,1.283,0.6724,0.3977,0.4006,-0.6704,1.161,0.1807,-0.1702,-0.2107,0.0,0.0,-0.202,0.0,-0.1635,1.356,1.0,0.0,0.0,0.0,0.6055,2.0,1.5,2.0,-1.323,1.655,3.0,0.0,-0.5,0.0,0.0,0.0,0.0,0.79
-0.1854,-0.1846,-0.1857,-1.1875,1.212,0.1646,0.2954,-0.1938,1.224,0.2861,-0.059,-0.1306,0.857,-0.7524,0.0,0.0,-0.278,-0.27,-0.8735,0.0,0.7397,-0.48,0.3464,0.09717,1.282,-1.12,1.245,-0.4343,0.4666,0.6724,1.356,1.139,0.7207,-0.1638,-0.2076,0.0,0.0,-0.1984,0.0,-0.1724,1.131,1.0,0.0,0.0,0.0,-0.3608,1.0,1.0,1.5,-1.004,1.31,0.0,1.0,-0.5,0.0,0.0,0.0,0.0,-0.4656
-0.1816,-0.1809,-0.1819,-1.168,1.191,0.1646,0.2954,-0.2131,1.148,0.3262,-0.01052,0.0817,0.857,-0.7427,0.0,0.0,-0.3152,-0.3062,-0.8535,0.0,0.742,-0.5938,0.5103,0.22,1.182,-1.085,0.9053,0.2598,0.5283,-0.4343,0.4006,-0.6704,1.261,-0.159,-0.2045,0.0,0.0,-0.1947,0.0,-0.1672,1.108,1.0,0.0,0.0,0.0,0.2015,2.0,1.0,1.5,-0.9917,1.282,1.0,0.0,-0.5,0.0,0.0,0.0,0.0,0.262
-0.1781,-0.1774,-0.1782,-1.112,1.131,0.1646,0.2954,-0.218,1.008,0.3513,0.0425,0.0205,0.857,-0.733,0.0,0.0,-0.338,-0.3293,-0.8403,0.0,0.745,-0.6143,0.655,0.3374,1.0625,-1.055,0.689,0.1633,0.567,0.2598,0.6724,1.356,0.8716,-0.1559,-0.2008,0.0,0.0,-0.1908,0.0,-0.1641,1.249,1.0,0.0,0.0,0.0,0.1317,2.0,1.0,2.0,-0.9395,1.223,2.0,0.0,-0.5,0.0,0.0,0.0,0.0,0.1704
-0.1748,-0.1742,-0.1748,-1.03,1.038,0.1646,0.2954,-0.284,0.83,0.3618,0.0933,-0.03017,0.857,-0.7227,0.0,0.0,-0.3528,-0.3328,-0.834,0.0,0.7476,-0.5244,0.766,0.4426,0.9263,-1.027,1.213,0.0815,0.5605,0.1633,-0.4343,0.4006,-0.7876,-0.1515,-0.1975,0.0,0.0,-0.1863,0.0,-0.1626,1.241,1.0,0.0,0.0,0.0,0.06058,2.0,1.5,2.0,-0.889,1.102,3.0,0.0,-0.5,0.0,0.0,0.0,0.0,0.0782
-0.1729,-0.1724,-0.1727,-0.543,0.536,0.1646,0.7705,-0.2727,0.2273,0.222,0.1309,-0.5566,0.857,-0.713,0.0,0.0,-0.2278,-0.201,-0.9033,0.0,0.75,-0.1405,0.8447,0.5347,0.3247,-1.002,0.871,-0.8813,0.4749,0.0815,0.2598,0.6724,1.16,-0.151,-0.1954,0.0,0.0,-0.182,0.0,-0.1804,0.8545,1.0,0.0,0.0,0.0,-0.807,1.0,1.0,1.5,-0.4397,0.596,0.0,1.0,-0.5,0.0,0.0,0.0,0.0,-1.04
-0.1724,-0.172,-0.1722,-0.02655,0.00874,0.1646,0.2402,-0.1952,-0.3604,0.06195,0.1497,-1.739,0.7144,-0.703,-1.0,0.0,-0.0741,-0.05157,-0.9834,0.0,0.7524,0.2778,0.89,0.6113,-0.2954,-0.984,0.4312,-1.032,0.3704,-0.8813,0.1633,-0.434,1.139,-0.1532,-0.1937,0.0,0.0,-0.1787,0.0,-0.201,0.3591,0.0,0.0,0.0,0.0,-0.983,1.0,0.5,1.0,0.06143,0.09204,0.0,2.0,-0.5,0.0,0.0,1.0,-3.152,-1.286
-0.1714,-0.171,-0.1713,-0.206,0.1884,0.1646,0.2402,-0.1305,-0.2045,0.1283,0.164,-0.554,0.5713,-0.693,-1.0,0.0,-0.1298,-0.1235,-0.949,0.0,0.755,0.6577,0.905,0.672,-0.156,-0.971,0.748,0.448,0.2905,-1.032,0.0814,0.2598,-0.6704,-0.1558,-0.1918,0.0,0.0,-0.1757,0.0,-0.1924,0.2869,0.0,0.0,0.0,0.0,0.3394,1.0,1.0,1.0,-0.1247,0.2505,1.0,0.0,-0.5,0.0,0.0,0.0,0.0,0.4517
-0.1721,-0.1718,-0.1719,0.4014,-0.4312,0.1646,0.2402,-0.005398,-0.879,-0.0686,0.1758,8.43,0.4285,-0.683,-1.0,0.0,0.0664,0.0624,-1.048,0.0,0.758,0.5703,0.871,0.715,-0.812,-0.9663,0.15,-1.293,0.2129,0.448,-0.881,0.1633,1.355,-0.1598,-0.1903,0.0,0.0,-0.1737,0.0,-0.218,0.145,0.0,0.0,0.0,0.0,-1.315,0.0,0.5,1.0,0.4617,-0.3447,0.0,1.0,-0.5,0.0,0.0,0.0,0.0,-1.738
-0.1727,-0.1724,-0.1725,0.3767,-0.4067,0.1646,0.2402,-0.001993,-0.884,-0.0691,0.1765,0.1498,0.2856,-0.6733,-1.0,0.0,0.0672,0.06256,-1.048,0.0,0.7603,0.2072,0.8013,0.737,-0.854,-0.9595,-0.1243,0.0,0.1015,-1.293,-1.032,0.0814,0.4004,-0.1644,-0.1887,0.0,0.0,-0.1716,0.0,-0.218,-0.1022,0.0,0.0,0.0,0.0,0.0,-1.0,0.0,0.5,0.3796,-0.3848,0.0,0.0,-0.5,0.0,0.0,0.0,0.0,0.0
-0.1729,-0.1726,-0.1726,0.217,-0.2438,0.1646,0.2402,-0.0243,-0.712,-0.02423,0.1692,-0.10254,0.1428,-0.6636,-1.0,0.0,0.02237,0.01888,-1.024,0.0,0.7627,-0.01052,0.6895,0.7295,-0.6924,-0.962,-0.5527,0.3125,-0.02652,0.0,0.448,-0.881,0.6724,-0.1687,-0.1871,0.0,0.0,-0.1694,0.0,-0.2122,-0.324,0.0,0.0,0.0,0.0,0.3018,0.0,0.0,0.5,0.2091,-0.2458,1.0,0.0,-0.5,0.0,0.0,0.0,0.0,0.4075
-0.1727,-0.1724,-0.1725,0.06696,-0.0922,0.1646,0.2402,-0.001394,-0.5664,0.02298,0.1707,-0.12396,0.0,-0.6533,-1.0,0.0,-0.02023,-0.03107,-1.0,0.0,0.765,0.152,0.526,0.6973,-0.535,-0.962,-0.4546,0.325,-0.1401,0.3125,-1.292,-1.031,-0.434,-0.1726,-0.1854,0.0,0.0,-0.1674,0.0,-0.206,-0.044,0.0,0.0,0.0,0.0,0.2942,1.0,0.5,1.0,0.01401,-0.1549,2.0,0.0,-0.5,0.0,0.0,0.0,0.0,0.3953
-0.1725,-0.1722,-0.1722,0.0736,-0.1006,0.1646,0.2402,-0.1344,-0.5317,0.02107,0.1603,0.0582,-0.1428,-0.6436,-1.0,0.0,-0.03033,-0.01642,-1.0,0.0,0.7676,0.01959,0.3428,0.6436,-0.493,-0.969,-0.662,0.0,-0.2001,0.325,0.0,0.448,0.2598,-0.1749,-0.1837,0.0,0.0,-0.1661,0.0,-0.2062,-0.4963,0.0,0.0,0.0,0.0,0.0,0.0,0.0,0.5,-0.0003808,-0.1857,0.0,0.0,-0.5,0.0,0.0,0.0,0.0,0.0
-0.1719,-0.1716,-0.1716,-0.06073,0.03644,-0.1508,0.2402,-0.0826,-0.3374,0.0674,0.1487,-0.369,-0.2856,-0.634,-1.0,0.0,-0.06903,-0.06775,-0.9756,0.0,0.77,0.576,0.1432,0.573,-0.2793,-0.9785,-0.836,0.3232,-0.2305,0.0,0.3125,-1.292,0.1633,-0.1747,-0.1819,0.0,0.0,-0.1653,0.0,-0.2001,-0.5312,0.0,0.0,0.0,0.0,0.3801,1.0,0.0,0.5,-0.1464,-0.0719,1.0,0.0,-0.5,0.0,0.0,0.0,0.0,0.508
-0.1708,-0.1705,-0.1705,-0.268,0.242,-0.1508,0.2402,-0.1871,-0.04114,0.1436,0.1356,-1.319,-0.2856,-0.6235,0.0,0.0,-0.1488,-0.1329,-0.9365,0.0,0.773,-0.2617,-0.03775,0.483,0.003952,-0.9844,-0.9614,0.517,-0.31,0.3232,0.325,0.0,0.0814,-0.1744,-0.1794,0.0,0.0,-0.1636,0.0,-0.1901,-0.6035,0.0,0.0,0.0,0.0,0.578,2.0,0.0,0.5,-0.336,0.1368,2.0,0.0,-0.5,0.0,0.0,0.0,0.0,0.768
-0.1707,-0.1704,-0.1704,0.0892,-0.1184,-0.1508,0.2402,-0.04214,-0.342,0.03122,0.12067,-4.316,-0.4285,-0.614,-1.0,0.0,-0.03162,-0.03546,-0.9917,0.0,0.7754,0.923,-0.1959,0.3772,-0.3152,-0.9893,-0.589,-0.7207,-0.3357,0.517,0.0,0.3125,-0.881,-0.1731,-0.177,0.0,0.0,-0.163,0.0,-0.2045,-0.681,0.0,0.0,0.0,0.0,-0.778,1.0,0.0,0.5,0.02327,-0.1936,0.0,1.0,-0.5,0.0,0.0,0.0,0.0,-1.024
-0.1703,-0.1702,-0.17,0.02525,-0.05634,-0.1508,0.2402,-0.02208,-0.209,0.05237,0.1044,-0.5,-0.5713,-0.604,-1.0,0.0,-0.04965,-0.05856,-0.98,0.0,0.778,-0.288,-0.327,0.2566,-0.2002,-0.996,-0.1405,0.1543,-0.3347,-0.7207,0.3232,0.325,-1.031,-0.1715,-0.1748,0.0,0.0,-0.1631,0.0,-0.2015,-0.7305,0.0,0.0,0.0,0.0,0.1076,1.0,0.5,0.5,-0.03653,-0.132,1.0,0.0,-0.5,0.0,0.0,0.0,0.0,0.1436
-0.1709,-0.1708,-0.1705,0.3713,-0.4097,-0.1508,0.2402,0.05267,-0.4893,-0.06433,0.0802,3.418,-0.7144,-0.594,-1.0,0.0,0.0675,0.05246,-1.037,0.0,0.7803,-0.731,-0.4116,0.11237,-0.4856,-1.009,-0.3535,-0.7554,-0.3293,0.1543,0.517,0.0,0.4478,-0.1718,-0.1732,0.0,0.0,-0.1631,0.0,-0.2164,-0.981,0.0,0.0,0.0,0.0,-0.7764,1.0,0.0,0.0,0.3262,-0.4402,0.0,1.0,-0.5,0.0,0.0,1.0,-1.975,-1.032
-0.1719,-0.1719,-0.1715,0.505,-0.5513,-0.1508,0.2402,0.11115,-0.5566,-0.121,0.05093,0.3403,-0.857,-0.584,-1.0,0.0,0.1274,0.10535,-1.064,0.0,0.7827,0.0404,-0.4207,-0.03113,-0.573,-1.022,0.216,-0.3542,-0.2998,-0.7554,-0.7207,0.3232,-1.292,-0.1733,-0.1721,0.0,0.0,-0.1643,0.0,-0.2233,-1.086,0.0,1.0,0.0,0.0,-0.3035,0.0,0.0,-0.5,0.4255,-0.6084,0.0,2.0,-0.5,0.0,0.0,0.0,0.0,-0.4087
-0.1724,-0.1724,-0.1719,0.3098,-0.3572,-0.1508,0.2402,0.1307,-0.3228,-0.07245,0.032,-0.438,-1.0,-0.574,-1.0,0.0,0.08234,0.0533,-1.037,0.0,0.785,-0.006466,-0.3762,-0.1685,-0.3433,-1.032,0.2059,0.3564,-0.295,-0.3542,0.1543,0.517,0.0,-0.1742,-0.1705,0.0,0.0,-0.1655,0.0,-0.2167,-0.7373,0.0,0.0,0.0,0.0,0.488,0.0,0.5,0.0,0.2068,-0.4556,1.0,0.0,-0.5,0.0,0.0,0.0,0.0,0.661
-0.1735,-0.1735,-0.1731,0.555,-0.603,-0.9795,0.2402,0.181,-0.561,-0.1638,0.01724,1.402,-1.0,-0.5645,-1.0,0.0,0.1755,0.1434,-1.081,0.0,0.788,1.201,-0.3242,-0.2761,-0.576,-1.04,0.06464,-0.581,-0.3025,0.3564,-0.7554,-0.72,0.3123,-0.1766,-0.1694,0.0,0.0,-0.1675,0.0,-0.228,-0.6094,0.0,0.0,0.0,0.0,-0.534,0.0,0.0,0.0,0.443,-0.692,0.0,1.0,-0.5,0.0,0.0,0.0,0.0,-0.719
-0.1742,-0.1741,-0.1737,0.3738,-0.4219,-0.9795,0.2402,0.06714,-0.359,-0.1231,0.0001576,-0.354,-1.0,-0.5547,-1.0,0.0,0.1256,0.1118,-1.058,0.0,0.7905,-0.5557,-0.2864,-0.3484,-0.4014,-1.044,-0.1256,0.315,-0.3132,-0.581,-0.3542,0.1543,0.325,-0.1794,-0.1685,0.0,0.0,-0.1691,0.0,-0.222,-0.673,0.0,0.0,0.0,0.0,0.2269,0.0,0.0,0.0,0.2214,-0.569,1.0,0.0,-0.5,0.0,0.0,0.0,0.0,0.3088
-0.1746,-0.1746,-0.1741,0.294,-0.3416,-0.9795,0.2402,-0.010506,-0.2966,-0.1099,-0.004402,-0.1373,-1.0,-0.5444,-1.0,0.0,0.10583,0.1055,-1.048,0.0,0.793,-0.09863,-0.263,-0.384,-0.3213,-1.047,-0.162,0.1282,-0.3489,0.315,0.3564,-0.7554,0.0,-0.1808,-0.1678,0.0,0.0,-0.1707,0.0,-0.2197,-0.1375,0.0,0.0,0.0,0.0,0.1259,1.0,0.5,0.5,0.1536,-0.482,2.0,0.0,-0.5,-0.5,0.0,0.0,0.0,0.1703
-0.1753,-0.1752,-0.1748,0.3867,-0.435,-0.9795,0.2402,-0.03656,-0.406,-0.1512,-0.01063,0.804,-1.0,-0.5347,-1.0,0.0,0.1437,0.151,-1.066,0.0,0.7954,-0.1699,-0.2603,-0.389,-0.4282,-1.048,-0.347,-0.2415,-0.4038,0.1282,-0.581,-0.3542,0.323,-0.1829,-0.1677,0.0,0.0,-0.1725,0.0,-0.2245,-0.2433,0.0,0.0,0.0,0.0,-0.2357,1.0,0.0,0.5,0.2369,-0.578,0.0,1.0,-0.5,-0.5,0.0,0.0,0.0,-0.3184
-0.1753,-0.1753,-0.1748,0.161,-0.2068,-0.9795,0.2402,-0.05832,-0.1809,-0.086,-0.01341,-0.7056,-1.0,-0.525,-1.0,0.0,0.0784,0.0854,-1.032,0.0,0.798,-0.08435,-0.2705,-0.377,-0.2092,-1.049,-0.653,0.4563,-0.502,-0.2415,0.3147,0.3562,0.517,-0.1827,-0.1671,0.0,0.0,-0.1742,0.0,-0.2158,-0.1799,0.0,0.0,0.0,0.0,0.4148,1.0,0.0,0.5,0.032,-0.345,1.0,0.0,-0.5,-0.5,0.0,0.0,0.0,0.5625
-0.1761,-0.1761,-0.1757,0.4565,-0.505,-0.9795,0.2402,-0.02602,-0.469,-0.1873,-0.02432,4.94,-1.0,-0.5146,-1.0,0.0,0.18,0.1879,-1.082,0.0,0.8003,0.2969,-0.292,-0.3584,-0.5024,-1.053,-0.3638,-0.665,-0.538,0.4563,0.128,-0.5806,-0.72,-0.1831,-0.1672,0.0,0.0,-0.1757,0.0,-0.2288,-0.5757,0.0,0.0,0.0,0.0,-0.605,1.0,0.0,0.0,0.3442,-0.6016,0.0,1.0,-0.5,-0.5,0.0,0.0,0.0,-0.814
-0.1761,-0.176,-0.1757,0.129,-0.1733,-0.9795,0.559,-0.0329,-0.128,-0.08984,-0.02956,-0.914,-1.0,-0.505,-1.0,0.0,0.0845,0.087,-1.032,0.0,0.803,0.2013,-0.317,-0.3435,-0.1559,-1.057,-0.4949,0.673,-0.5444,-0.665,-0.2415,0.3147,0.1543,-0.183,-0.1676,0.0,0.0,-0.176,0.0,-0.2161,-0.29,0.0,0.0,0.0,0.0,0.7085,1.0,0.0,0.5,0.05435,-0.255,1.0,0.0,-0.5,-0.5,0.0,0.0,0.0,0.9644
-0.1757,-0.1757,-0.1752,-0.02632,-0.01767,-0.8823,0.559,-0.1002,0.05945,-0.039,-0.03452,-15.81,-0.857,-0.495,0.0,0.0,0.02965,0.0412,-1.006,0.0,0.8057,-0.0355,-0.3418,-0.3367,0.02808,-1.059,-0.1647,0.3538,-0.57,0.673,0.4563,0.128,-0.7554,-0.1813,-0.1675,0.0,0.0,-0.1765,0.0,-0.2094,-0.2793,0.0,0.0,0.0,0.0,0.257,1.0,0.5,0.5,-0.1,-0.11017,2.0,0.0,-0.5,-0.5,0.0,0.0,0.0,0.346
-0.1777,-0.1777,-0.1774,0.938,-0.99,-0.8823,0.1533,0.1244,-0.865,-0.3542,-0.06244,-5.668,-1.0,-0.485,-1.0,0.0,0.3613,0.353,-1.163,0.0,0.808,1.545,-0.3594,-0.329,-0.9023,-1.072,0.02364,-2.082,-0.497,0.3538,-0.665,-0.2413,-0.354,-0.1837,-0.1688,0.0,0.0,-0.1775,0.0,-0.2499,-1.0,0.0,0.0,0.0,0.0,-2.31,1.0,0.5,0.0,0.879,-0.992,0.0,1.0,-0.5,-0.5,0.0,0.0,0.0,-3.09
-0.1787,-0.1786,-0.1782,0.47,-0.518,-0.8823,0.1533,-0.01321,-0.3975,-0.2292,-0.07635,-0.541,-1.0,-0.4753,-1.0,0.0,0.2229,0.2312,-1.1,0.0,0.8105,-0.257,-0.3704,-0.3247,-0.4097,-1.086,-0.207,0.8745,-0.4824,-2.082,0.673,0.4563,0.3562,-0.1849,-0.1699,0.0,0.0,-0.178,0.0,-0.2336,-0.5405,0.0,0.0,0.0,0.0,0.736,1.0,0.5,0.5,0.4758,-0.4856,1.0,0.0,-0.5,-0.5,0.0,0.0,0.0,1.02
-0.1792,-0.1792,-0.1788,0.3474,-0.3967,-0.8564,0.1533,0.01269,-0.251,-0.2017,-0.08984,-0.4258,-1.0,-0.4653,-1.0,0.0,0.1978,0.1993,-1.084,0.0,0.813,0.1049,-0.3818,-0.3232,-0.268,-1.093,0.0297,0.2012,-0.475,0.8745,0.3538,-0.665,-0.5806,-0.1853,-0.1713,0.0,0.0,-0.1785,0.0,-0.2299,-0.5264,0.0,0.0,0.0,0.0,0.1404,2.0,1.0,0.5,0.3318,-0.3972,2.0,0.0,-0.5,-0.5,0.0,0.0,0.0,0.1918
-0.1803,-0.1803,-0.1798,0.5396,-0.5903,-0.8564,0.1533,0.01501,-0.4436,-0.2732,-0.1007,1.699,-1.0,-0.4556,-1.0,0.0,0.2693,0.2754,-1.119,0.0,0.8154,-0.1547,-0.3857,-0.329,-0.4724,-1.097,-0.1203,-0.4727,-0.4604,0.2012,-2.082,0.6724,0.3147,-0.1874,-0.1727,0.0,0.0,-0.1794,0.0,-0.239,-0.455,0.0,0.0,0.0,0.0,-0.2507,1.0,0.5,0.5,0.519,-0.581,0.0,1.0,-0.5,-0.5,0.0,0.0,0.0,-0.341
-0.1796,-0.1794,-0.1791,-0.141,0.10095,-0.65,0.1533,0.0388,0.2451,-0.06104,-0.09717,-2.156,-0.857,-0.4456,0.0,0.0,0.0632,0.0504,-1.011,0.0,0.8184,0.838,-0.387,-0.3403,0.2285,-1.096,-0.2198,1.473,-0.4631,-0.4727,0.8745,0.3538,0.128,-0.1857,-0.1736,0.0,0.0,-0.1794,0.0,-0.2112,0.04315,0.0,0.0,0.0,0.0,1.43,1.0,0.5,1.0,-0.0673,0.1599,1.0,0.0,-0.5,-0.5,0.0,0.0,0.0,1.962
-0.1781,-0.178,-0.1777,-0.3809,0.348,-0.327,0.1533,0.05115,0.5176,0.02759,-0.09204,0.9727,-0.7144,-0.4355,0.0,0.0,-0.01987,-0.04074,-0.964,0.0,0.821,0.627,-0.3906,-0.3545,0.5195,-1.094,-0.082,0.62,-0.4573,1.473,0.2012,-2.082,-0.2413,-0.1841,-0.1742,0.0,0.0,-0.1794,0.0,-0.1993,0.10443,0.0,0.0,0.0,0.0,0.8076,2.0,1.0,1.0,-0.2944,0.4019,2.0,0.0,-0.5,-0.5,0.0,0.0,0.0,1.081
-0.1768,-0.1766,-0.1764,-0.3608,0.3289,-0.2905,0.1533,-0.09314,0.4941,0.0326,-0.0822,0.102,-0.5713,-0.4258,0.0,0.0,-0.03748,-0.03195,-0.959,0.0,0.823,-0.4622,-0.402,-0.3777,0.4966,-1.085,-0.2325,0.0697,-0.4722,0.62,-0.4724,0.8745,0.456,-0.183,-0.1749,0.0,0.0,-0.1796,0.0,-0.1981,0.2896,0.0,0.0,0.0,0.0,0.06506,2.0,1.0,1.5,-0.2893,0.3684,3.0,0.0,-0.5,-0.5,0.0,0.0,0.0,0.08624
-0.176,-0.1759,-0.1757,-0.11786,0.084,-0.2905,0.1533,-0.0669,0.2402,-0.0387,-0.0777,-0.3142,-0.4285,-0.4158,0.0,0.0,0.03232,0.0377,-0.9927,0.0,0.8257,-0.3225,-0.4172,-0.4067,0.2522,-1.081,0.1299,-0.4456,-0.4727,0.0697,1.472,0.201,-0.665,-0.179,-0.1754,0.0,0.0,-0.1796,0.0,-0.2069,0.0854,0.0,0.0,0.0,0.0,-0.3171,1.0,1.0,1.0,-0.0439,0.145,0.0,1.0,-0.5,-0.5,0.0,0.0,0.0,-0.42
-0.1752,-0.1749,-0.1748,-0.2029,0.171,-0.2905,0.1533,-0.1153,0.3303,-0.006058,-0.0732,0.421,-0.2856,-0.406,0.0,0.0,-0.003017,0.00915,-0.9736,0.0,0.828,-0.572,-0.4346,-0.44,0.3455,-1.076,-0.1296,0.2527,-0.4695,-0.4456,0.6196,-0.4724,0.6724,-0.176,-0.1754,0.0,0.0,-0.1796,0.0,-0.2021,0.1146,0.0,0.0,0.0,0.0,0.156,2.0,1.0,1.0,-0.1245,0.2302,1.0,0.0,-0.5,-0.5,0.0,0.0,0.0,0.208
-0.1759,-0.1758,-0.1755,0.4355,-0.4736,-0.2905,0.1533,0.023,-0.3398,-0.2141,-0.0774,-1.507,-0.2856,-0.396,-1.0,0.0,0.211,0.2117,-1.077,0.0,0.8306,0.2178,-0.4546,-0.4675,-0.3203,-1.077,-0.2607,-1.355,-0.4666,0.2527,0.0697,1.472,0.3538,-0.1759,-0.1761,0.0,0.0,-0.1799,0.0,-0.2288,-0.1694,0.0,0.0,0.0,0.0,-1.403,1.0,0.5,1.0,0.5273,-0.3506,0.0,1.0,-0.5,-0.5,0.0,1.0,-2.586,-1.864
-0.1758,-0.1757,-0.1755,0.1059,-0.1382,-0.2905,0.1533,0.1032,-0.00876,-0.1175,-0.08014,-1.473,-0.1428,-0.3862,0.0,0.0,0.12335,0.10254,-1.025,0.0,0.8335,1.074,-0.4805,-0.4873,0.02795,-1.079,0.6895,0.686,-0.4663,-1.355,-0.4456,0.6196,-2.082,-0.1737,-0.1759,0.0,0.0,-0.1796,0.0,-0.2157,-0.1188,0.0,0.0,0.0,0.0,0.509,1.0,1.0,1.0,0.2148,-0.02171,1.0,0.0,-0.5,-0.5,0.0,0.0,0.0,0.692
-0.1758,-0.1755,-0.1755,0.1484,-0.178,-0.2905,0.1533,0.359,-0.0739,-0.1345,-0.07776,-0.529,0.0,-0.3762,0.0,0.0,0.1627,0.0957,-1.032,0.0,0.836,3.115,-0.506,-0.5024,-0.001389,-1.081,0.3726,-0.0848,-0.4658,0.686,0.2524,0.0697,0.8745,-0.1742,-0.1759,0.0,0.0,-0.1796,0.0,-0.2174,0.01807,0.0,0.0,0.0,0.0,-0.0519,0.0,0.5,1.0,0.2233,-0.09534,0.0,1.0,-0.5,-1.0,0.0,0.0,0.0,-0.06976
-0.1771,-0.1768,-0.1769,0.62,-0.653,-0.2905,0.1533,0.4324,-0.5522,-0.2947,-0.0904,-12.586,0.0,-0.3665,-1.0,0.0,0.3281,0.2585,-1.111,0.0,0.8384,0.5796,-0.5312,-0.513,-0.4927,-1.084,0.3208,-1.048,-0.4558,-0.0848,-1.355,-0.4456,0.201,-0.1776,-0.1764,0.0,0.0,-0.1798,0.0,-0.2378,-0.373,0.0,0.0,0.0,0.0,-1.066,0.0,0.0,0.5,0.7056,-0.5215,0.0,2.0,-0.5,-1.0,0.0,0.0,0.0,-1.435
-0.1785,-0.1782,-0.1782,0.666,-0.698,-0.2905,0.1533,0.4146,-0.594,-0.3289,-0.10803,0.2489,-0.1428,-0.3564,-1.0,0.0,0.3613,0.2974,-1.126,0.0,0.841,-0.289,-0.5615,-0.522,-0.5444,-1.092,0.526,-0.2017,-0.4365,-1.048,0.686,0.2524,-0.4724,-0.1815,-0.177,0.0,0.0,-0.1803,0.0,-0.2417,-0.503,0.0,0.0,0.0,0.0,-0.1571,-1.0,0.0,0.0,0.6484,-0.6763,0.0,3.0,-0.5,-1.0,0.0,0.0,0.0,-0.2152
-0.1792,-0.179,-0.179,0.4202,-0.4553,-0.2905,0.1533,0.2734,-0.4172,-0.27,-0.10345,-0.2625,-0.1428,-0.3464,-1.0,0.0,0.289,0.2473,-1.094,0.0,0.8433,0.1083,-0.5713,-0.532,-0.3518,-1.09,-0.164,0.4336,-0.431,-0.2017,-0.0848,-1.3545,1.472,-0.184,-0.1776,0.0,0.0,-0.1807,0.0,-0.2335,0.11566,0.0,0.0,0.0,0.0,0.2678,0.0,0.0,0.5,0.397,-0.458,1.0,0.0,-0.5,-1.0,0.0,0.0,0.0,0.3682
-0.1796,-0.1794,-0.1793,0.2913,-0.3257,-0.2905,0.1533,0.2491,-0.3162,-0.2402,-0.104,-0.2241,-0.1428,-0.3367,-1.0,0.0,0.2573,0.2178,-1.077,0.0,0.846,-0.3977,-0.572,-0.5454,-0.258,-1.087,-0.512,0.2296,-0.4297,0.4336,-1.047,0.686,0.6196,-0.1864,-0.1781,0.0,0.0,-0.1808,0.0,-0.2292,-0.04895,0.0,0.0,0.0,0.0,0.1631,0.0,0.0,0.5,0.2776,-0.3284,2.0,0.0,-0.5,-1.0,0.0,0.0,0.0,0.2225
-0.1765,-0.1761,-0.1764,-0.9443,0.9385,0.4412,0.1533,0.4138,0.9893,0.1793,-0.0834,-6.98,0.0,-0.3267,0.0,0.0,-0.1277,-0.2255,-0.861,0.0,0.8486,3.059,-0.55,-0.5586,1.001,-1.065,-0.617,2.549,-0.3323,0.2296,-0.2017,-0.0848,0.0697,-0.1813,-0.1777,0.0,0.0,-0.1793,0.0,-0.1741,0.516,0.0,0.0,0.0,0.0,5.027,1.0,0.0,0.5,-0.774,1.041,3.0,0.0,-0.5,-1.0,0.0,0.0,0.0,5.766
-0.1732,-0.1727,-0.1732,-1.03,1.036,0.6826,0.1533,0.53,1.082,0.2438,-0.05466,0.2354,0.1428,-0.317,0.0,0.0,-0.1754,-0.2988,-0.8247,0.0,0.851,1.276,-0.4692,-0.536,1.035,-1.034,-0.34,0.4636,-0.2329,2.549,0.4336,-1.047,-0.4456,-0.1765,-0.1768,0.0,0.0,-0.1772,0.0,-0.165,0.7236,0.0,0.0,0.0,0.0,0.818,2.0,0.5,1.0,-0.9106,1.076,4.0,0.0,-0.5,-1.0,0.0,0.0,0.0,1.06
-0.1703,-0.1697,-0.1703,-0.892,0.902,0.6826,0.1533,0.4397,0.9673,0.2283,-0.03906,0.03754,0.1428,-0.307,0.0,0.0,-0.1697,-0.2754,-0.8286,0.0,0.8535,-0.2886,-0.3977,-0.498,0.923,-1.021,-0.355,-0.0541,-0.1561,0.4636,0.2296,-0.2017,0.2524,-0.1718,-0.1759,0.0,0.0,-0.1755,0.0,-0.1663,0.4773,0.0,0.0,0.0,0.0,-0.04453,2.0,0.0,0.5,-0.8125,0.9087,0.0,1.0,-0.5,-1.0,0.0,0.0,0.0,-0.05728
-0.1677,-0.1671,-0.1678,-0.744,0.756,0.6826,0.1533,0.3936,0.8516,0.2037,-0.0304,0.02585,0.1428,-0.297,0.0,0.0,-0.1516,-0.2473,-0.8374,0.0,0.856,0.005554,-0.3315,-0.4524,0.791,-1.01,0.389,-0.10834,-0.0988,-0.0541,2.547,0.4336,-1.3545,-0.1654,-0.1748,0.0,0.0,-0.1742,0.0,-0.1686,0.3164,0.0,0.0,0.0,0.0,-0.094,1.0,0.0,0.0,-0.674,0.764,0.0,2.0,-0.5,-1.0,0.0,0.0,0.0,-0.12103
-0.1649,-0.1642,-0.1652,-0.8164,0.8354,0.6826,0.527,0.427,0.9717,0.254,-0.01941,0.2793,0.1428,-0.287,0.0,0.0,-0.1937,-0.2988,-0.8076,0.0,0.8584,-0.03983,-0.2634,-0.4016,0.903,-0.997,0.2173,0.38,-0.0763,-0.10834,0.4636,0.2295,0.686,-0.158,-0.1735,0.0,0.0,-0.1711,0.0,-0.161,0.384,0.0,0.0,0.0,0.0,0.3428,1.0,0.0,0.0,-0.7495,0.8345,1.0,0.0,-0.5,-1.0,0.0,0.0,0.0,0.4421
-0.1638,-0.1631,-0.1641,-0.2406,0.2568,0.6826,0.527,0.5405,0.3638,0.0751,-0.01384,-0.4707,0.1428,-0.2773,0.0,0.0,-0.02046,-0.1351,-0.895,0.0,0.8613,0.356,-0.2059,-0.3577,0.3042,-0.99,0.3955,-1.105,-0.081,0.38,-0.0541,2.547,-0.0848,-0.1532,-0.1726,0.0,0.0,-0.1696,0.0,-0.1835,0.1748,0.0,0.0,0.0,0.0,-0.893,0.0,0.0,0.0,-0.1624,0.3127,0.0,1.0,-0.5,-1.0,0.0,0.0,0.0,-1.145
-0.1626,-0.1617,-0.1628,-0.2788,0.2969,0.6826,0.527,0.5347,0.4094,0.0952,-0.0086,0.2477,0.1428,-0.2673,0.0,0.0,-0.03967,-0.1545,-0.881,0.0,0.864,-0.5703,-0.1562,-0.3215,0.3523,-0.984,0.98,0.1786,-0.0828,-1.105,-0.10834,0.4634,-1.047,-0.1487,-0.1715,0.0,0.0,-0.1678,0.0,-0.18,0.16,0.0,0.0,0.0,0.0,0.1586,0.0,0.5,0.0,-0.2603,0.2852,1.0,0.0,-0.5,-1.0,0.0,0.0,0.0,0.207
-0.1599,-0.1592,-0.1603,-0.767,0.792,0.6826,0.527,0.4646,0.8926,0.2766,0.01852,1.153,0.2856,-0.2573,0.0,0.0,-0.2106,-0.324,-0.784,0.0,0.866,0.549,-0.09564,-0.2786,0.838,-0.9634,1.22,1.246,-0.0666,0.1786,0.38,-0.0541,-0.2017,-0.1469,-0.17,0.0,0.0,-0.165,0.0,-0.1554,0.812,1.0,0.0,0.0,0.0,1.356,1.0,1.0,0.5,-0.6924,0.803,2.0,0.0,-0.5,-1.0,0.0,0.0,0.0,1.766
-0.1577,-0.157,-0.158,-0.61,0.632,0.6826,0.527,0.3828,0.7036,0.2422,0.03775,-0.06287,0.2856,-0.2476,0.0,0.0,-0.1873,-0.2832,-0.797,0.0,0.8687,-0.04297,-0.03717,-0.2334,0.655,-0.9473,1.233,-0.161,-0.03305,1.246,-1.105,-0.1083,0.4333,-0.1462,-0.1686,0.0,0.0,-0.1632,0.0,-0.1588,0.648,0.0,0.0,0.0,0.0,-0.1495,1.0,0.5,0.0,-0.54,0.6494,0.0,1.0,-0.5,-1.0,0.0,0.0,0.0,-0.1907
-0.1555,-0.1548,-0.1556,-0.62,0.635,0.6826,0.527,0.1342,0.6816,0.261,0.05865,0.1135,0.2856,-0.2377,0.0,0.0,-0.2263,-0.2773,-0.7817,0.0,0.871,0.1692,0.016,-0.1865,0.646,-0.931,1.313,0.1884,0.00588,-0.161,0.1785,0.3796,0.2295,-0.1451,-0.167,0.0,0.0,-0.1617,0.0,-0.1552,0.71,0.0,0.0,0.0,0.0,0.165,1.0,0.5,0.5,-0.5903,0.6094,1.0,0.0,-0.5,-1.0,0.0,0.0,0.0,0.211
-0.1542,-0.1536,-0.1542,-0.318,0.3196,0.6826,0.527,0.04987,0.2798,0.1674,0.0836,-0.4102,0.4285,-0.2278,0.0,0.0,-0.1493,-0.179,-0.8247,0.0,0.8735,-0.9087,0.0595,-0.1354,0.2747,-0.914,0.1346,-0.536,0.02309,0.1884,1.246,-1.105,2.547,-0.1448,-0.1659,0.0,0.0,-0.1606,0.0,-0.166,0.8887,1.0,0.0,0.0,0.0,-0.1324,1.0,0.0,0.5,-0.283,0.3228,0.0,1.0,-0.5,-1.0,0.0,0.0,0.0,-0.1688
-0.1516,-0.1511,-0.1516,-0.731,0.7334,0.6826,0.527,0.1776,0.633,0.3213,0.12006,1.123,0.5713,-0.2178,0.0,0.0,-0.276,-0.3389,-0.74,0.0,0.8765,1.192,0.0982,-0.0735,0.6304,-0.8867,-0.07117,1.069,0.0654,-0.536,-0.1609,0.1785,0.4634,-0.1432,-0.164,0.0,0.0,-0.1586,0.0,-0.1447,1.106,1.0,0.0,0.0,0.0,1.092,1.0,0.0,1.0,-0.6377,0.7676,1.0,0.0,-0.5,-1.0,0.0,0.0,0.0,1.404
-0.1489,-0.1486,-0.1487,-0.8047,0.7974,0.6826,0.527,0.1329,0.6377,0.3674,0.1566,0.1498,0.7144,-0.2079,0.0,0.0,-0.3203,-0.378,-0.7114,0.0,0.879,-0.3699,0.1285,-0.00786,0.6714,-0.8647,0.00884,0.359,0.1151,1.069,0.1882,1.246,-0.05408,-0.1389,-0.1622,0.0,0.0,-0.1564,0.0,-0.1375,1.102,1.0,0.0,0.0,0.0,0.3855,1.0,0.5,1.0,-0.6963,0.8423,2.0,0.0,-0.5,-1.0,0.0,0.0,0.0,0.4873
-0.1464,-0.1462,-0.146,-0.7324,0.7095,0.6826,0.538,0.1747,0.4836,0.3608,0.1908,-0.08124,0.857,-0.198,0.0,0.0,-0.3108,-0.3757,-0.7095,0.0,0.8813,0.002878,0.149,0.05957,0.5356,-0.8403,0.1366,0.02643,0.1184,0.359,-0.536,-0.1609,-0.1083,-0.1349,-0.1605,0.0,0.0,-0.1533,0.0,-0.137,1.079,1.0,0.0,0.0,0.0,0.02524,2.0,1.0,1.0,-0.7617,0.6104,3.0,0.0,-0.5,-1.0,0.0,0.0,0.0,0.0317
-0.1439,-0.1438,-0.1436,-0.6904,0.6636,0.6826,0.538,-0.151,0.4583,0.3638,0.2003,0.0963,0.857,-0.1881,0.0,0.0,-0.3425,-0.3474,-0.702,0.0,0.884,-0.709,0.1842,0.1241,0.4436,-0.818,0.02902,0.09247,0.1315,0.02643,1.068,0.1882,0.3796,-0.1329,-0.158,0.0,0.0,-0.1506,0.0,-0.1353,0.6216,0.0,0.0,0.0,0.0,0.066,2.0,1.0,1.0,-0.74,0.5454,4.0,0.0,-0.5,-1.0,0.0,0.0,0.0,0.0828
-0.1425,-0.1423,-0.142,-0.389,0.358,0.6826,0.538,-0.1954,0.1648,0.272,0.2012,-0.4182,0.857,-0.1782,0.0,0.0,-0.2656,-0.2563,-0.7437,0.0,0.886,0.55,0.2198,0.1704,0.1494,-0.811,0.647,-0.514,0.11346,0.09247,0.359,-0.536,-1.1045,-0.1317,-0.156,0.0,0.0,-0.1482,0.0,-0.146,0.2455,0.0,0.0,0.0,0.0,-0.3855,2.0,1.0,0.5,-0.433,0.2695,0.0,1.0,-0.5,-1.0,0.0,0.0,0.0,-0.4834
-0.1405,-0.1404,-0.14,-0.5386,0.5103,0.6826,0.538,-0.2095,0.3403,0.332,0.2058,0.831,0.857,-0.1683,0.0,0.0,-0.32,-0.312,-0.7065,0.0,0.8887,-0.3176,0.2399,0.2004,0.3267,-0.8027,0.6553,0.4656,0.0445,-0.514,0.02643,1.068,0.1785,-0.1299,-0.1539,0.0,0.0,-0.1449,0.0,-0.1365,0.4043,0.0,0.0,0.0,0.0,0.3542,2.0,1.0,1.0,-0.556,0.439,1.0,0.0,-0.5,-1.0,0.0,0.0,0.0,0.4478
-0.1383,-0.1382,-0.138,-0.6147,0.5884,0.6826,0.6553,-0.232,0.434,0.3713,0.2146,0.3682,0.857,-0.1584,0.0,0.0,-0.3564,-0.3467,-0.6797,0.0,0.8916,-0.1826,0.2467,0.2118,0.43,-0.793,0.1534,0.33,-0.06046,0.4656,0.0924,0.3586,1.245,-0.1266,-0.1515,0.0,0.0,-0.1411,0.0,-0.1298,0.5356,0.0,0.0,0.0,0.0,0.28,2.0,1.0,1.5,-0.6313,0.512,2.0,0.0,-0.5,-1.0,0.0,0.0,0.0,0.3513
-0.1366,-0.1365,-0.1362,-0.4297,0.401,0.6826,0.6553,-0.2795,0.2554,0.318,0.2178,-0.2139,0.857,-0.1486,0.0,0.0,-0.314,-0.2922,-0.701,0.0,0.894,-0.6025,0.239,0.2079,0.2559,-0.7856,0.3,-0.2625,-0.1901,0.33,-0.514,0.02643,-0.1609,-0.1256,-0.1498,0.0,0.0,-0.138,0.0,-0.1354,0.325,0.0,0.0,0.0,0.0,-0.2122,1.0,1.0,1.0,-0.5005,0.28,0.0,1.0,-0.5,-1.0,0.0,0.0,0.0,-0.2646
-0.1345,-0.1344,-0.134,-0.6035,0.5728,0.6826,0.6553,-0.359,0.4116,0.389,0.2362,0.6055,0.857,-0.1387,0.0,0.0,-0.383,-0.3508,-0.658,0.0,0.8965,-0.3992,0.2175,0.1926,0.4297,-0.7715,0.2664,0.5273,-0.345,-0.2625,0.4656,0.0924,0.1882,-0.1244,-0.1481,0.0,0.0,-0.1344,0.0,-0.1246,0.9863,1.0,0.0,0.0,0.0,0.3906,1.0,1.0,1.5,-0.644,0.4714,1.0,0.0,-0.5,-1.0,0.0,0.0,0.0,0.4897
-0.1324,-0.1324,-0.1318,-0.5737,0.5396,0.6826,0.6553,-0.33,0.355,0.3918,0.254,0.02509,0.857,-0.1287,0.0,0.0,-0.383,-0.3562,-0.651,0.0,0.899,-0.2603,0.1792,0.182,0.382,-0.756,0.6133,0.0915,-0.3315,0.5273,0.3298,-0.514,-0.536,-0.123,-0.1464,0.0,0.0,-0.1327,0.0,-0.12274,0.9707,1.0,0.0,0.0,0.0,0.05704,2.0,1.5,1.5,-0.673,0.3767,2.0,0.0,-0.5,-1.0,0.0,0.0,0.0,0.07086
-0.1309,-0.1309,-0.1302,-0.4053,0.3672,-0.6113,0.6553,-0.4255,0.1877,0.343,0.2578,-0.2473,0.857,-0.11884,0.0,0.0,-0.3489,-0.3015,-0.67,0.0,0.9014,-0.643,0.1427,0.1824,0.1863,-0.7427,0.1918,-0.2349,-0.3223,0.0915,-0.2625,0.4653,1.068,-0.12225,-0.1447,0.0,0.0,-0.1315,0.0,-0.1278,0.5215,0.0,0.0,0.0,0.0,-0.1687,1.0,1.0,1.0,-0.5107,0.211,0.0,1.0,-0.5,-1.0,0.0,0.0,0.0,-0.2094
-0.1289,-0.129,-0.1284,-0.4956,0.4573,-0.6113,0.6553,-0.495,0.2822,0.3826,0.2666,0.4856,0.857,-0.1089,0.0,0.0,-0.3896,-0.3318,-0.6436,0.0,0.904,-0.8755,0.1021,0.1807,0.2678,-0.7295,0.05457,0.3274,-0.309,-0.2349,0.5273,0.3298,0.3586,-0.1199,-0.1428,0.0,0.0,-0.1299,0.0,-0.12103,0.7188,0.0,0.0,0.0,0.0,0.2344,1.0,1.0,1.5,-0.5874,0.3083,1.0,0.0,-0.5,-1.0,0.0,0.0,0.0,0.292
-0.1278,-0.1279,-0.1272,-0.2664,0.2235,-0.6113,0.6553,-0.4976,0.04147,0.3103,0.2705,-0.5215,0.857,-0.099,0.0,0.0,-0.3267,-0.2637,-0.6753,0.0,0.9067,-0.0425,0.05316,0.1738,0.01703,-0.719,0.08417,-0.3909,-0.32,0.3274,0.0915,-0.2625,0.02641,-0.1192,-0.1405,0.0,0.0,-0.1285,0.0,-0.1294,0.4329,0.0,0.0,0.0,0.0,-0.3247,1.0,0.5,1.0,-0.3792,0.06995,0.0,1.0,-0.5,-1.0,0.0,0.0,0.0,-0.402
-0.1251,-0.1252,-0.1245,-0.7705,0.734,-0.6113,0.6553,-0.4153,0.5566,0.4958,0.2898,3.752,0.857,-0.0891,0.0,0.0,-0.48,-0.4436,-0.5723,0.0,0.909,0.3777,0.006287,0.1663,0.5386,-0.703,0.0586,1.272,-0.2734,-0.3909,-0.2349,0.5273,0.0924,-0.11664,-0.1381,0.0,0.0,-0.1266,0.0,-0.1031,1.043,1.0,0.0,0.0,0.0,2.076,1.0,0.5,1.5,-0.841,0.5874,1.0,0.0,-0.5,-1.0,0.0,0.0,0.0,2.588
-0.123,-0.12305,-0.1224,-0.591,0.5513,-0.6113,0.915,-0.587,0.3813,0.4487,0.2976,-0.1436,0.857,-0.0792,0.0,0.0,-0.4553,-0.3843,-0.5903,0.0,0.9116,-0.6216,-0.01805,0.1521,0.342,-0.688,0.4028,-0.2183,-0.307,1.272,0.3274,0.09143,-0.514,-0.1141,-0.1356,0.0,0.0,-0.124,0.0,-0.108,0.6772,0.0,0.0,0.0,0.0,-0.3225,0.0,0.5,1.0,-0.679,0.3992,0.0,1.0,-0.5,-1.0,0.0,0.0,0.0,-0.3936
-0.1212,-0.1213,-0.1206,-0.466,0.4255,-0.6113,0.915,-0.6074,0.2686,0.415,0.3003,-0.10596,0.857,-0.06934,0.0,0.0,-0.428,-0.3513,-0.601,0.0,0.914,-0.6543,-0.03253,0.1265,0.2145,-0.6772,0.2644,-0.1289,-0.3584,-0.2183,-0.3909,-0.2347,0.4653,-0.11273,-0.1327,0.0,0.0,-0.1217,0.0,-0.11084,0.4907,0.0,0.0,0.0,0.0,-0.1251,0.0,0.0,0.5,-0.557,0.2795,0.0,2.0,-0.5,-1.0,0.0,0.0,0.0,-0.1533
-0.11926,-0.1193,-0.11865,-0.5254,0.4858,-0.6113,0.915,-0.663,0.3462,0.4446,0.3054,0.3645,0.857,-0.05942,0.0,0.0,-0.4585,-0.3733,-0.5786,0.0,0.9165,-0.589,-0.03702,0.0988,0.3057,-0.67,0.1628,0.2712,-0.347,-0.1289,1.271,0.3274,0.3298,-0.111,-0.1298,0.0,0.0,-0.12,0.0,-0.1052,0.5693,0.0,0.0,0.0,0.0,0.247,0.0,0.0,0.5,-0.6045,0.3489,1.0,0.0,-0.5,-1.0,0.0,0.0,0.0,0.3032
-0.1169,-0.11694,-0.11633,-0.654,0.6187,-0.6113,0.915,-0.621,0.4998,0.5024,0.3137,0.5083,0.857,-0.0495,0.0,0.0,-0.504,-0.43,-0.541,0.0,0.9194,-0.1487,-0.03177,0.0665,0.4841,-0.6626,0.3613,0.45,-0.332,0.2712,-0.2183,-0.3906,-0.2625,-0.108,-0.1266,0.0,0.0,-0.1179,0.0,-0.09576,0.6724,0.0,0.0,0.0,0.0,0.2448,1.0,0.5,0.5,-0.7295,0.475,2.0,0.0,-0.5,-1.0,0.0,0.0,0.0,0.299
-0.11475,-0.11487,-0.1142,-0.569,0.5303,-0.6113,0.915,-0.717,0.3997,0.486,0.3271,-0.03558,0.857,-0.0396,0.0,0.0,-0.4988,-0.406,-0.5435,0.0,0.922,-0.612,-0.03467,0.03198,0.4126,-0.653,0.1931,-0.02553,-0.3257,0.45,-0.1289,1.271,0.527,-0.10565,-0.1237,0.0,0.0,-0.1159,0.0,-0.0964,0.9683,1.0,0.0,0.0,0.0,-0.00929,0.0,0.0,0.5,-0.6714,0.364,0.0,1.0,-0.5,-1.0,0.0,0.0,0.0,-0.01128
-0.11237,-0.1124,-0.11176,-0.6704,0.635,-0.6113,0.915,-0.742,0.5117,0.5356,0.3396,0.3816,0.857,-0.02971,0.0,0.0,-0.543,-0.4482,-0.5103,0.0,0.9243,-0.5493,-0.039,-0.001276,0.527,-0.6387,0.2186,0.3958,-0.3464,-0.02553,0.2712,-0.2183,0.09143,-0.10175,-0.12177,0.0,0.0,-0.11334,0.0,-0.0881,0.9565,1.0,0.0,0.0,0.0,0.3584,1.0,0.0,0.5,-0.764,0.4702,1.0,0.0,-0.5,-1.0,0.0,0.0,0.0,0.4348
-0.11115,-0.1112,-0.11053,-0.2744,0.2328,-0.6113,0.845,-0.7275,0.097,0.4067,0.3433,-0.5825,0.857,-0.0198,0.0,0.0,-0.4316,-0.332,-0.5723,0.0,0.927,-0.2961,-0.0502,-0.0254,0.11,-0.63,0.4285,-0.736,-0.3586,0.3958,0.45,-0.1288,-0.2347,-0.10175,-0.12036,0.0,0.0,-0.11194,0.0,-0.104,0.4148,0.0,0.0,0.0,0.0,-0.643,1.0,0.0,0.0,-0.3672,0.1002,0.0,1.0,-0.5,-1.0,0.0,0.0,0.0,-0.775
-0.11,-0.1101,-0.1094,-0.2532,0.2092,-0.6113,0.845,-0.7407,0.05948,0.4026,0.3506,-0.05093,0.857,-0.0099,0.0,0.0,-0.4292,-0.327,-0.569,0.0,0.929,-0.763,-0.0727,-0.04382,0.0762,-0.6206,0.3223,0.0385,-0.363,-0.736,-0.02551,0.2712,0.3274,-0.10126,-0.1189,0.0,0.0,-0.1107,0.0,-0.10333,0.57,0.0,0.0,0.0,0.0,0.0375,1.0,0.0,0.5,-0.3716,0.0505,1.0,0.0,-0.5,-1.0,0.0,0.0,0.0,0.04578
-0.1087,-0.1088,-0.10803,-0.3,0.2563,-0.6113,0.845,-0.7114,0.1094,0.4233,0.3552,0.4563,0.857,0.0,0.0,0.0,-0.4443,-0.3489,-0.5527,0.0,0.9316,-0.0424,-0.0976,-0.05493,0.1273,-0.6133,0.5713,0.1925,-0.3667,0.0385,0.3958,0.45,-0.3906,-0.10016,-0.1173,0.0,0.0,-0.10944,0.0,-0.09937,0.4653,0.0,0.0,0.0,0.0,0.1632,1.0,0.5,0.5,-0.4104,0.1027,2.0,0.0,-0.5,-1.0,0.0,0.0,0.0,0.1991
-0.1075,-0.1076,-0.1069,-0.2588,0.2146,-0.7544,0.845,-0.653,0.06757,0.4133,0.359,-0.0613,0.857,0.0099,0.0,0.0,-0.4304,-0.3452,-0.5527,0.0,0.9346,0.3706,-0.119,-0.0583,0.07623,-0.6045,-0.003933,0.0,-0.3733,0.1925,-0.7354,-0.02551,1.271,-0.09955,-0.1159,0.0,0.0,-0.1082,0.0,-0.0997,0.4336,0.0,0.0,0.0,0.0,0.0,1.0,0.0,0.0,-0.384,0.04782,0.0,0.0,-0.5,-1.0,0.0,0.0,0.0,0.0
-0.107,-0.1072,-0.1064,-0.03152,-0.0175,-0.7544,0.845,-0.6216,-0.1814,0.3367,0.362,-1.352,0.7144,0.0099,-1.0,0.0,-0.361,-0.2769,-0.5894,0.0,0.937,-0.5176,-0.1458,-0.0698,-0.1576,-0.6006,0.1225,-0.4348,-0.4219,0.0,0.0385,0.3958,-0.2181,-0.10065,-0.1142,0.0,0.0,-0.10693,0.0,-0.1091,0.3142,0.0,0.0,0.0,0.0,-0.418,0.0,0.0,0.0,-0.1642,-0.1746,0.0,1.0,-0.5,-1.0,0.0,0.0,0.0,-0.5083
-0.1058,-0.1059,-0.1051,-0.2903,0.244,-0.7544,0.845,-0.5796,0.08234,0.426,0.367,-4.223,0.7144,0.0198,0.0,0.0,-0.435,-0.364,-0.537,0.0,0.9395,-0.1498,-0.1748,-0.08734,0.121,-0.5957,0.1904,0.6313,-0.441,-0.4348,0.1925,-0.7354,-0.1288,-0.1005,-0.1123,0.0,0.0,-0.1055,0.0,-0.0958,0.4216,0.0,0.0,0.0,0.0,0.601,1.0,0.5,0.0,-0.3943,0.0981,1.0,0.0,-0.5,-1.0,0.0,0.0,0.0,0.7363
-0.10693,-0.10706,-0.1063,0.5396,-0.594,-0.7544,0.319,-0.3816,-0.783,0.141,0.3604,-4.664,0.5713,0.02971,-1.0,0.0,-0.1638,-0.1119,-0.684,0.0,0.942,-0.6587,-0.2272,-0.1186,-0.6797,-0.6064,0.08954,-1.76,-0.4385,0.6313,0.0,0.0385,0.271,-0.10455,-0.11176,0.0,0.0,-0.1055,0.0,-0.1338,-0.1727,0.0,0.0,0.0,0.0,-3.715,0.0,0.0,0.0,0.4119,-0.7017,0.0,1.0,-0.5,-1.0,0.0,1.0,-2.943,-4.5
-0.109,-0.109,-0.10846,0.8564,-0.907,-0.7544,-0.07904,-0.4302,-1.083,0.01573,0.3352,0.6357,0.4285,0.0396,-1.0,0.0,-0.0518,0.01729,-0.7466,0.0,0.9443,-0.1829,-0.284,-0.1647,-0.971,-0.6206,-0.2124,-0.775,-0.4043,-1.76,-0.4348,0.1924,0.4497,-0.1087,-0.1115,0.0,0.0,-0.1059,0.0,-0.1501,-0.9185,0.0,0.0,0.0,0.0,-1.237,-1.0,-0.5,-0.5,0.736,-0.982,0.0,2.0,-0.5,-1.0,0.0,0.0,0.0,-1.545
-0.1117,-0.1116,-0.11127,1.091,-1.135,-0.7544,-0.414,-0.379,-1.308,-0.08905,0.306,0.3975,0.2856,0.0495,-1.0,0.0,0.0527,0.11926,-0.799,0.0,0.947,-0.2053,-0.333,-0.217,-1.176,-0.639,-0.3289,-0.6523,-0.3127,-0.775,0.6313,0.0,-0.02551,-0.1141,-0.1116,0.0,0.0,-0.1071,0.0,-0.1637,-1.012,0.0,0.0,0.0,0.0,-0.894,-1.0,-0.5,-0.5,0.9805,-1.181,0.0,3.0,-0.5,-1.0,0.0,0.0,0.0,-1.131
-0.11414,-0.1139,-0.11383,1.011,-1.046,-0.7544,-0.4211,-0.33,-1.233,-0.0976,0.2778,0.074,0.1428,0.05942,-1.0,0.0,0.0653,0.12335,-0.8,0.0,0.9497,-0.07825,-0.362,-0.2678,-1.094,-0.655,-0.6987,-0.01346,-0.237,-0.6523,-1.76,-0.4348,0.3955,-0.1199,-0.11145,0.0,0.0,-0.10834,0.0,-0.1642,-0.9863,0.0,0.0,0.0,0.0,-0.0138,-1.0,-1.0,-0.5,0.888,-1.111,0.0,4.0,-0.5,-0.5,0.0,0.0,0.0,-0.01765
-0.1162,-0.11597,-0.116,0.888,-0.9165,-0.7544,-0.4211,-0.2861,-1.101,-0.0907,0.2473,0.012886,0.0,0.06934,-1.0,0.0,0.0626,0.11206,-0.7925,0.0,0.952,-0.02614,-0.3582,-0.3127,-0.952,-0.6724,-0.4915,0.09424,-0.1819,-0.01346,-0.775,0.6313,-0.7354,-0.1255,-0.11176,0.0,0.0,-0.1094,0.0,-0.1624,-1.076,0.0,1.0,0.0,0.0,0.1142,-1.0,-0.5,-0.5,0.7515,-1.007,1.0,0.0,-0.5,-0.5,0.0,0.0,0.0,0.1461
-0.1174,-0.11707,-0.1172,0.548,-0.57,-0.7544,-0.4211,-0.2493,-0.7285,-0.006763,0.2188,-0.271,-0.1428,0.0792,-1.0,0.0,-0.014336,0.02269,-0.7446,0.0,0.9546,0.5146,-0.3228,-0.3455,-0.594,-0.685,-0.651,0.605,-0.1555,0.09424,-0.652,-1.759,0.0385,-0.1292,-0.11194,0.0,0.0,-0.11017,0.0,-0.1503,-1.012,0.0,0.0,0.0,0.0,0.704,0.0,-0.5,-0.5,0.461,-0.632,2.0,0.0,-0.5,-0.5,0.0,0.0,0.0,0.8994
-0.1213,-0.1207,-0.1213,1.57,-1.588,-0.7544,-0.4211,0.04056,-1.659,-0.3508,0.1722,1.808,-0.2856,0.0792,-1.0,0.0,0.3503,0.3572,-0.926,0.0,0.957,0.9077,-0.2101,-0.341,-1.459,-0.7236,-0.863,-2.262,-0.015526,0.605,-0.01346,-0.775,0.1924,-0.1383,-0.1131,0.0,0.0,-0.11224,0.0,-0.197,-1.361,0.0,1.0,0.0,0.0,-6.598,0.0,-1.0,-0.5,1.518,-1.533,0.0,1.0,-0.5,-0.5,0.0,0.0,0.0,-5.477
-0.12476,-0.12415,-0.1248,1.418,-1.431,-1.041,-0.4211,0.0408,-1.471,-0.3486,0.1215,0.00897,-0.4285,0.0792,-1.0,0.0,0.3481,0.355,-0.9224,0.0,0.9595,-0.4512,-0.0817,-0.2988,-1.306,-0.748,-1.098,0.04147,0.0842,-2.262,0.0942,-0.652,0.0,-0.1438,-0.1143,0.0,0.0,-0.1152,0.0,-0.1964,-1.516,0.0,1.0,0.0,0.0,0.05603,1.0,-0.5,-0.5,1.335,-1.422,1.0,0.0,-0.5,-0.5,0.0,0.0,0.0,0.0736
-0.1272,-0.1266,-0.1273,1.035,-1.04,-1.041,-0.4211,0.0784,-1.071,-0.268,0.0833,-0.1804,-0.5713,0.0792,-1.0,0.0,0.2698,0.264,-0.878,0.0,0.962,0.4968,0.0417,-0.2332,-0.919,-0.7686,-1.103,0.5806,0.1371,0.04147,0.6045,-0.01346,-0.4348,-0.147,-0.11505,0.0,0.0,-0.11755,0.0,-0.1852,-1.187,0.0,1.0,0.0,0.0,0.8853,2.0,0.0,0.0,1.001,-1.007,2.0,0.0,-0.5,-0.5,0.0,0.0,0.0,1.162
-0.1304,-0.1298,-0.1306,1.346,-1.349,-1.041,-0.4211,0.1569,-1.317,-0.3953,0.03772,0.4253,-0.7144,0.0792,-1.0,0.0,0.4065,0.395,-0.944,0.0,0.965,-0.1664,0.1588,-0.1528,-1.188,-0.7915,-1.614,-0.8486,0.2153,0.5806,-2.262,0.0942,0.631,-0.1503,-0.1164,0.0,0.0,-0.1204,0.0,-0.2023,-1.312,0.0,1.0,0.0,0.0,-1.346,1.0,-0.5,-0.5,1.328,-1.274,0.0,1.0,-0.5,-0.5,0.0,0.0,0.0,-1.751
-0.1335,-0.1328,-0.1338,1.303,-1.307,-1.041,-0.4211,0.149,-1.22,-0.4204,-0.01117,0.05368,-0.857,0.0792,-1.0,0.0,0.432,0.4236,-0.9556,0.0,0.9673,-0.0695,0.2566,-0.07007,-1.158,-0.809,-0.9434,-0.1527,0.2754,-0.8486,0.04147,0.6045,-1.759,-0.1539,-0.1179,0.0,0.0,-0.12354,0.0,-0.2054,-1.405,0.0,1.0,0.0,0.0,-0.1621,0.0,-0.5,-1.0,1.298,-1.222,0.0,2.0,-0.5,-0.5,0.0,0.0,0.0,-0.2139
-0.1349,-0.1343,-0.1349,0.621,-0.6255,-0.7573,-0.4211,0.1009,-0.4885,-0.2418,-0.04947,-0.583,-1.0,0.0792,-1.0,0.0,0.2456,0.2338,-0.8584,0.0,0.9697,0.4155,0.3425,0.0208,-0.4126,-0.8354,-0.7183,1.267,0.264,-0.1527,0.58,-2.262,-0.775,-0.1555,-0.1188,0.0,0.0,-0.1262,0.0,-0.1807,-0.985,0.0,0.0,0.0,0.0,1.36,1.0,0.0,-0.5,0.6987,-0.5034,1.0,0.0,-0.5,-0.5,0.0,0.0,0.0,1.8
-0.1368,-0.1364,-0.1368,0.8774,-0.89,-0.7573,-0.4211,0.1346,-0.6724,-0.3433,-0.0893,0.6826,-1.0,0.0792,-1.0,0.0,0.351,0.34,-0.9106,0.0,0.972,-0.2311,0.398,0.1049,-0.643,-0.8506,-0.4592,-0.668,0.2588,1.267,-0.848,0.04147,-0.652,-0.1594,-0.1202,0.0,0.0,-0.1292,0.0,-0.1942,-1.012,0.0,0.0,0.0,0.0,-0.721,0.0,0.0,-0.5,0.9453,-0.759,0.0,1.0,-0.5,-0.5,0.0,0.0,0.0,-0.934
-0.138,-0.1377,-0.1377,0.547,-0.573,-0.7573,-0.4211,0.1064,-0.2542,-0.266,-0.1312,-0.68,-1.143,0.0891,-1.0,0.0,0.2703,0.259,-0.867,0.0,0.9746,-0.316,0.4167,0.1794,-0.2861,-0.865,-0.523,0.565,0.2063,-0.668,-0.1527,0.58,-0.01345,-0.1581,-0.1214,0.0,0.0,-0.1322,0.0,-0.1832,-1.045,0.0,1.0,0.0,0.0,0.6846,0.0,0.5,-0.5,0.572,-0.5137,1.0,0.0,-0.5,-0.5,0.0,0.0,0.0,0.897
-0.139,-0.1389,-0.1387,0.5337,-0.5713,-0.7573,-0.4211,-0.1009,-0.2035,-0.2798,-0.156,-0.2568,-1.143,0.0891,-1.0,0.0,0.2654,0.2937,-0.8726,0.0,0.977,-0.4985,0.4214,0.247,-0.2098,-0.8833,-0.6123,-0.0683,0.1729,0.565,1.267,-0.848,0.0942,-0.1569,-0.1225,0.0,0.0,-0.1346,0.0,-0.1847,-0.7637,0.0,0.0,0.0,0.0,-0.09393,0.0,0.0,-0.5,0.527,-0.548,0.0,1.0,-0.5,-0.5,0.0,0.0,0.0,-0.12195
-0.1411,-0.141,-0.1407,0.912,-0.9556,-0.7573,-0.4211,-0.04282,-0.5645,-0.4172,-0.1816,4.625,-1.143,0.0891,-1.0,0.0,0.4114,0.4385,-0.944,0.0,0.98,0.1885,0.411,0.3032,-0.561,-0.899,-0.966,-0.916,0.1462,-0.0683,-0.6675,-0.1526,0.6045,-0.1584,-0.1242,0.0,0.0,-0.1378,0.0,-0.2031,-0.784,0.0,0.0,0.0,0.0,-1.068,0.0,-0.5,-0.5,0.8984,-0.9097,0.0,2.0,-0.5,-0.5,0.0,0.0,0.0,-1.388
-0.1425,-0.1423,-0.142,0.589,-0.6294,-0.7573,-0.4211,-0.0346,-0.2505,-0.342,-0.1975,-0.6235,-1.143,0.099,-1.0,0.0,0.3347,0.355,-0.9014,0.0,0.9824,0.118,0.3838,0.342,-0.2423,-0.9077,0.05188,0.555,0.0764,-0.916,0.565,1.266,-2.26,-0.1575,-0.1255,0.0,0.0,-0.1406,0.0,-0.1924,-0.4778,0.0,0.0,0.0,0.0,0.632,0.0,0.0,0.0,0.6226,-0.557,1.0,0.0,-0.5,-0.5,0.0,0.0,0.0,0.8335
-0.1422,-0.1421,-0.1418,0.0795,-0.1141,-0.5757,-0.4211,-0.02048,0.2754,-0.1931,-0.2037,-4.12,-1.0,0.099,0.0,0.0,0.1863,0.1935,-0.8193,0.0,0.985,0.473,0.3289,0.3567,0.278,-0.909,0.04718,1.06,-0.02623,0.555,-0.06824,-0.6675,0.04147,-0.1542,-0.1268,0.0,0.0,-0.1428,0.0,-0.1715,-0.1945,0.0,0.0,0.0,0.0,1.224,1.0,0.0,0.5,0.1909,0.003012,2.0,0.0,-0.5,-0.5,0.0,0.0,0.0,1.6
-0.1421,-0.142,-0.1416,0.0788,-0.1146,-0.569,-0.4211,-0.02579,0.294,-0.1965,-0.2112,0.1946,-0.857,0.1089,0.0,0.0,0.1892,0.1976,-0.8184,0.0,0.9873,-0.07306,0.2463,0.347,0.2688,-0.9067,-0.17,0.01351,-0.12213,1.06,-0.9155,0.565,0.58,-0.1533,-0.128,0.0,0.0,-0.1448,0.0,-0.1715,-0.2141,0.0,0.0,0.0,0.0,0.0258,1.0,0.0,0.5,0.1597,-0.03084,3.0,0.0,-0.5,-0.5,0.0,0.0,0.0,0.03314
-0.1414,-0.1414,-0.1409,-0.1008,0.0627,-0.3506,-0.4211,-0.1312,0.521,-0.1398,-0.2201,0.7515,-0.7144,0.1089,0.0,0.0,0.124,0.1482,-0.785,0.0,0.9897,-0.4978,0.1318,0.3137,0.4863,-0.9087,0.2847,0.419,-0.3042,0.01351,0.555,-0.06824,-0.848,-0.1503,-0.1292,0.0,0.0,-0.1469,0.0,-0.1632,-0.2612,0.0,0.0,0.0,0.0,0.4033,2.0,0.5,0.5,-0.1061,0.03885,4.0,0.0,-0.5,-0.5,0.0,0.0,0.0,0.518
-0.1411,-0.1411,-0.1406,0.03918,-0.08057,-0.3506,-0.4211,-0.323,0.3318,-0.1842,-0.2102,-0.1832,-0.5713,0.1089,0.0,0.0,0.1505,0.2131,-0.8066,0.0,0.992,-0.4028,0.03354,0.2644,0.3276,-0.9043,0.4587,-0.2683,-0.3699,0.419,1.059,-0.9155,-0.1526,-0.1489,-0.1304,0.0,0.0,-0.1478,0.0,-0.1687,0.3286,0.0,0.0,0.0,0.0,-0.2004,2.0,0.5,0.5,0.0384,-0.0887,0.0,1.0,-0.5,-0.5,0.0,0.0,0.0,-0.2556
-0.1409,-0.1409,-0.1404,0.05484,-0.09564,-0.3506,-0.4211,-0.3066,0.2725,-0.1908,-0.2007,-0.002281,-0.4285,0.1089,0.0,0.0,0.1584,0.2185,-0.8076,0.0,0.995,-0.2937,-0.0691,0.2013,0.2822,-0.898,-0.05908,-0.01348,-0.3967,-0.2683,0.01351,0.555,1.266,-0.1473,-0.1318,0.0,0.0,-0.1483,0.0,-0.1691,0.3137,0.0,0.0,0.0,0.0,-0.013405,1.0,0.0,0.0,0.02374,-0.1355,0.0,2.0,-0.5,-0.5,0.0,0.0,0.0,-0.01718
-0.1411,-0.1411,-0.1406,0.2174,-0.2612,-0.3506,-0.4211,-0.3875,0.07904,-0.2472,-0.1998,-0.4045,-0.2856,0.1089,0.0,0.0,0.2073,0.2861,-0.835,0.0,0.9976,-0.5425,-0.1759,0.1307,0.0866,-0.894,0.3027,-0.3506,-0.4053,-0.01348,0.4187,1.059,-0.6675,-0.1448,-0.1334,0.0,0.0,-0.1487,0.0,-0.1764,0.03473,0.0,0.0,0.0,0.0,-0.3,0.0,0.0,-0.5,0.1519,-0.326,0.0,3.0,-0.5,-0.5,0.0,0.0,0.0,-0.3845
-0.1405,-0.1404,-0.14,-0.0868,0.0472,-0.3506,0.06122,-0.3542,0.34,-0.1522,-0.1849,1.617,-0.1428,0.1089,0.0,0.0,0.11633,0.1826,-0.7817,0.0,1.0,0.3677,-0.2773,0.0488,0.355,-0.8843,0.07477,0.678,-0.3982,-0.3506,-0.2683,0.013504,0.565,-0.1421,-0.135,0.0,0.0,-0.1486,0.0,-0.1628,0.532,0.0,0.0,0.0,0.0,0.724,0.0,0.0,0.0,-0.1074,0.007683,1.0,0.0,-0.5,-0.5,0.0,0.0,0.0,0.9336
-0.1412,-0.1412,-0.1407,0.43,-0.4788,-0.3506,0.06122,-0.2966,-0.2524,-0.3206,-0.1779,-1.284,-0.1428,0.1089,-1.0,0.0,0.2893,0.3567,-0.87,0.0,1.003,-0.1129,-0.375,-0.04083,-0.2289,-0.8784,0.1622,-1.113,-0.4114,0.678,-0.01348,0.4187,-0.06824,-0.1432,-0.1366,0.0,0.0,-0.1492,0.0,-0.1857,0.1714,0.0,0.0,0.0,0.0,-1.091,-1.0,0.0,0.0,0.375,-0.515,0.0,1.0,-0.5,-0.5,0.0,0.0,0.0,-1.39
-0.1411,-0.1411,-0.1406,0.0768,-0.1216,-0.3506,0.06122,-0.3757,0.0872,-0.2169,-0.1758,-2.57,0.0,0.1089,0.0,0.0,0.1781,0.2527,-0.813,0.0,1.005,-0.2198,-0.4348,-0.1445,0.102,-0.874,0.6143,0.738,-0.4475,-1.113,-0.3503,-0.2683,-0.9155,-0.1431,-0.138,0.0,0.0,-0.1497,0.0,-0.171,0.03983,0.0,0.0,0.0,0.0,0.808,0.0,0.5,0.0,0.04626,-0.1592,1.0,0.0,-0.5,-0.5,0.0,0.0,0.0,1.05
-0.1398,-0.1398,-0.1393,-0.3208,0.2825,-0.3506,0.6514,-0.3787,0.469,-0.08374,-0.1593,2.213,0.1428,0.1089,0.0,0.0,0.04758,0.1137,-0.7393,0.0,1.008,-0.2028,-0.4575,-0.2284,0.49,-0.8633,0.4277,0.931,-0.4143,0.738,0.6777,-0.01347,0.555,-0.1421,-0.139,0.0,0.0,-0.1482,0.0,-0.1523,0.503,0.0,0.0,0.0,0.0,1.176,1.0,0.5,0.5,-0.3098,0.259,2.0,0.0,-0.5,-0.5,0.0,0.0,0.0,1.508
-0.1393,-0.1393,-0.1388,-0.03836,-0.00352,-0.3506,0.6514,-0.3958,0.1586,-0.1675,-0.1516,-0.44,0.2856,0.1089,0.0,0.0,0.1276,0.2025,-0.783,0.0,1.01,-0.534,-0.4397,-0.3035,0.1694,-0.8545,0.01221,-0.545,-0.414,0.931,-1.112,-0.3503,1.059,-0.1415,-0.1403,0.0,0.0,-0.147,0.0,-0.1637,0.1768,0.0,0.0,0.0,0.0,-0.791,1.0,0.0,0.0,-0.01874,0.004528,0.0,1.0,-0.5,-0.5,0.0,0.0,0.0,-0.9995
-0.141,-0.1409,-0.1405,0.737,-0.7847,-0.3506,0.082,-0.2002,-0.6523,-0.4175,-0.1582,-3.107,0.2856,0.1089,-1.0,0.0,0.3977,0.454,-0.916,0.0,1.013,1.089,-0.4143,-0.371,-0.639,-0.857,0.02835,-1.677,-0.4036,-0.545,0.738,0.6777,0.013504,-0.144,-0.1421,0.0,0.0,-0.1473,0.0,-0.1981,-0.272,0.0,0.0,0.0,0.0,-3.875,0.0,-0.5,0.0,0.7534,-0.7197,0.0,2.0,-0.5,-0.5,0.0,0.0,0.0,-4.94
-0.1423,-0.1423,-0.1418,0.6543,-0.7026,-0.3506,0.082,-0.2167,-0.6396,-0.4106,-0.1553,0.11725,0.2856,0.1089,-1.0,0.0,0.389,0.448,-0.912,0.0,1.016,0.010284,-0.3936,-0.423,-0.6284,-0.854,-0.242,0.0552,-0.4182,-1.677,0.931,-1.112,0.4187,-0.1459,-0.1442,0.0,0.0,-0.1471,0.0,-0.1973,-0.0291,0.0,0.0,0.0,0.0,0.0603,1.0,-0.5,0.5,0.651,-0.666,1.0,0.0,-0.5,-0.5,0.0,0.0,0.0,0.0791
-0.1431,-0.1431,-0.1426,0.3953,-0.4424,-0.3506,0.082,-0.275,-0.4253,-0.3442,-0.1532,-0.3054,0.2856,0.1089,-1.0,0.0,0.3152,0.3801,-0.8755,0.0,1.018,-0.3875,-0.384,-0.4602,-0.4255,-0.8506,-0.1875,0.4688,-0.4524,0.0552,-0.545,0.7373,-0.2683,-0.1481,-0.1453,0.0,0.0,-0.1464,0.0,-0.188,-0.04993,0.0,0.0,0.0,0.0,0.3633,1.0,0.0,0.5,0.377,-0.4417,2.0,0.0,-0.5,-0.5,0.0,0.0,0.0,0.476
-0.144,-0.144,-0.1436,0.4746,-0.5225,-0.3506,0.082,-0.357,-0.5054,-0.3787,-0.1625,0.4263,0.1428,0.1089,-1.0,0.0,0.3433,0.4258,-0.8936,0.0,1.0205,-0.4941,-0.3884,-0.4731,-0.525,-0.853,-0.2245,-0.2325,-0.4456,0.4688,-1.676,0.931,-0.01347,-0.1486,-0.146,0.0,0.0,-0.1467,0.0,-0.1927,-0.4204,0.0,0.0,0.0,0.0,-0.2118,0.0,0.0,0.0,0.4636,-0.508,0.0,1.0,-0.5,-0.5,0.0,0.0,0.0,-0.2754
-0.145,-0.145,-0.1445,0.4734,-0.521,-0.3506,0.082,-0.4111,-0.503,-0.3887,-0.1719,0.1364,0.0,0.1089,-1.0,0.0,0.3489,0.4421,-0.899,0.0,1.022,-0.678,-0.403,-0.4775,-0.525,-0.8584,-0.1041,-0.06866,-0.45,-0.2325,0.05518,-0.5444,-0.3503,-0.1506,-0.1466,0.0,0.0,-0.1466,0.0,-0.1942,-0.4424,0.0,0.0,0.0,0.0,-0.04794,0.0,0.0,-0.5,0.444,-0.5264,0.0,2.0,-0.5,-0.5,0.0,0.0,0.0,-0.06256
-0.1466,-0.1465,-0.1461,0.721,-0.77,-0.3506,0.082,-0.3894,-0.732,-0.4778,-0.1903,0.7896,-0.1428,0.099,-1.0,-1.0,0.4438,0.5396,-0.9473,0.0,1.025,-0.4646,-0.434,-0.4783,-0.767,-0.8677,-0.4807,-0.6187,-0.4207,-0.06866,0.4688,-1.676,0.6777,-0.1555,-0.1475,0.0,0.0,-0.1472,0.0,-0.2067,-0.7324,0.0,0.0,0.0,0.0,-0.604,0.0,-0.5,-1.0,0.696,-0.752,0.0,3.0,-0.5,-0.5,0.0,0.0,0.0,-0.7896
-0.1484,-0.1483,-0.1481,0.8247,-0.871,-0.3506,0.082,-0.3599,-0.8257,-0.527,-0.209,0.3098,-0.2856,0.0891,-1.0,-1.0,0.4983,0.5923,-0.9736,0.0,1.027,-0.1393,-0.4653,-0.4783,-0.875,-0.877,-0.0268,-0.3474,-0.38,-0.6187,-0.2325,0.05518,-1.112,-0.1599,-0.1484,0.0,0.0,-0.1481,0.0,-0.2136,-0.7466,0.0,0.0,0.0,0.0,-0.3242,-1.0,-0.5,-1.0,0.8105,-0.833,0.0,4.0,-0.5,-0.5,0.0,0.0,0.0,-0.4282
-0.1492,-0.149,-0.1487,0.3862,-0.4268,-0.3506,0.082,-0.3215,-0.3787,-0.408,-0.221,-0.547,-0.4285,0.0891,-1.0,0.0,0.3767,0.455,-0.9097,0.0,1.03,0.4175,-0.4846,-0.4822,-0.4338,-0.885,-0.455,0.8384,-0.3938,-0.3474,-0.06866,0.4685,0.7373,-0.1598,-0.1493,0.0,0.0,-0.1478,0.0,-0.1973,-0.4756,0.0,0.0,0.0,0.0,0.764,-1.0,-0.5,-0.5,0.4211,-0.3691,1.0,0.0,-0.5,-0.5,0.0,0.0,0.0,1.015
-0.1494,-0.1493,-0.149,0.2346,-0.273,-0.3506,0.082,-0.3066,-0.2147,-0.366,-0.2267,-0.5396,-0.5713,0.0891,-1.0,0.0,0.3347,0.4072,-0.887,0.0,1.033,-0.2742,-0.4927,-0.4905,-0.268,-0.889,-0.9805,0.2893,-0.397,0.8384,-0.6187,-0.2324,0.9307,-0.1592,-0.1492,0.0,0.0,-0.1477,0.0,-0.1917,-0.3115,0.0,0.0,0.0,0.0,0.2876,0.0,-0.5,0.0,0.2573,-0.2406,2.0,0.0,-0.5,-0.5,0.0,0.0,0.0,0.3767
-0.149,-0.149,-0.1487,0.0313,-0.07,-0.3506,0.082,-0.3682,0.03204,-0.3032,-0.2357,-2.574,-0.5713,0.0891,0.0,0.0,0.2654,0.3447,-0.8535,0.0,1.035,-0.1543,-0.478,-0.499,-0.02483,-0.8945,-0.7983,0.4387,-0.4004,0.2893,-0.3472,-0.06866,-0.5444,-0.1587,-0.1487,0.0,0.0,-0.148,0.0,-0.1831,-0.3823,0.0,0.0,0.0,0.0,0.3845,1.0,0.0,0.0,0.03014,-0.0792,3.0,0.0,-0.5,-0.5,0.0,0.0,0.0,0.5015
-0.1493,-0.1493,-0.1489,0.2219,-0.264,-0.3506,0.082,-0.416,-0.1626,-0.3652,-0.2394,-1.308,-0.5713,0.0891,-1.0,0.0,0.3242,0.4167,-0.8853,0.0,1.038,-0.5513,-0.4575,-0.5054,-0.2108,-0.8965,-0.001917,-0.4084,-0.4026,0.4387,0.8384,-0.6187,-1.676,-0.1584,-0.1488,0.0,0.0,-0.1486,0.0,-0.1914,-0.1935,0.0,0.0,0.0,0.0,-0.2957,1.0,0.0,0.0,0.1931,-0.2883,0.0,1.0,-0.5,-0.5,0.0,0.0,0.0,-0.3826
-0.1497,-0.1495,-0.1492,0.2437,-0.2874,-0.5474,0.082,-0.4321,-0.1613,-0.3777,-0.2505,0.11096,-0.7144,0.0891,-1.0,0.0,0.3357,0.4321,-0.8906,0.0,1.04,-0.4026,-0.4326,-0.5107,-0.2156,-0.9014,-0.009315,-0.06854,-0.4172,-0.4084,0.2893,-0.3472,0.05518,-0.1583,-0.1484,0.0,0.0,-0.1494,0.0,-0.1929,-0.4573,0.0,0.0,0.0,0.0,-0.08514,1.0,-0.5,-0.5,0.1683,-0.3606,0.0,2.0,-0.5,-0.5,0.0,0.0,0.0,-0.11096
-0.1506,-0.1506,-0.15,0.4944,-0.5474,-0.5474,0.082,-0.4512,-0.362,-0.4648,-0.2747,4.926,-0.857,0.0792,-1.0,-1.0,0.4246,0.531,-0.9365,0.0,1.043,-0.355,-0.3953,-0.502,-0.4204,-0.9146,-0.2245,-0.59,-0.414,-0.06854,0.4387,0.838,0.4685,-0.1581,-0.1483,0.0,0.0,-0.1505,0.0,-0.2047,-0.991,0.0,0.0,0.0,0.0,-0.571,0.0,-1.0,-1.0,0.409,-0.6123,0.0,3.0,-0.5,-0.5,0.0,0.0,0.0,-0.7446
-0.1528,-0.1528,-0.1522,0.933,-0.991,-0.5474,0.082,-0.3188,-0.7646,-0.614,-0.302,1.93,-1.0,0.06934,-1.0,-1.0,0.596,0.689,-1.017,0.0,1.046,0.689,-0.344,-0.4705,-0.8037,-0.934,-0.1486,-1.039,-0.371,-0.59,-0.4084,0.2893,-0.2324,-0.159,-0.1493,0.0,0.0,-0.1522,0.0,-0.2253,-1.082,0.0,1.0,0.0,0.0,-1.111,-1.0,-1.0,-1.0,0.785,-1.09,0.0,4.0,-0.5,-0.5,0.0,0.0,0.0,-1.464
-0.1564,-0.1562,-0.1559,1.483,-1.538,-0.5474,-0.5474,-0.342,-1.319,-0.802,-0.3245,1.08,-1.0,0.05942,-1.0,-1.0,0.803,0.915,-1.117,0.0,1.048,0.4658,-0.2625,-0.4119,-1.279,-0.9614,-0.1923,-1.34,-0.2512,-1.039,-0.06854,0.4387,-0.0686,-0.164,-0.1504,0.0,0.0,-0.1545,0.0,-0.2515,-1.003,0.0,0.0,0.0,0.0,-2.15,-2.0,-1.0,-1.0,1.368,-1.56,0.0,5.0,-0.5,0.0,0.0,0.0,0.0,-2.883
-0.1594,-0.1593,-0.159,1.312,-1.358,-0.5474,-0.5474,-0.357,-1.186,-0.7866,-0.3462,0.02061,-1.0,0.0495,-1.0,-1.0,0.784,0.898,-1.11,0.0,1.051,-0.06055,-0.1736,-0.3389,-1.093,-0.985,-0.02747,0.101,-0.1936,-1.34,-0.59,-0.4082,-0.618,-0.1692,-0.1517,0.0,0.0,-0.1572,0.0,-0.2498,-0.9834,0.0,0.0,0.0,0.0,0.1545,-1.0,-0.5,-1.0,1.185,-1.405,1.0,0.0,-0.5,0.0,0.0,0.0,0.0,0.212
-0.1624,-0.1621,-0.1621,1.256,-1.298,-0.5474,-0.5474,-0.3625,-1.133,-0.8003,-0.3723,0.0891,-1.0,0.0396,-1.0,-1.0,0.8,0.915,-1.118,0.0,1.053,-0.4268,-0.09644,-0.266,-1.042,-1.002,0.03775,-0.11523,-0.1228,0.101,-1.039,-0.0685,-0.3472,-0.1754,-0.1531,0.0,0.0,-0.1593,0.0,-0.252,-1.232,0.0,1.0,0.0,0.0,-0.128,-1.0,-0.5,-1.5,1.124,-1.354,0.0,1.0,-0.5,0.0,0.0,0.0,0.0,-0.1754
-0.1663,-0.1659,-0.1661,1.652,-1.69,-0.5474,-0.5474,-0.285,-1.506,-0.9443,-0.4045,0.545,-1.0,0.02971,-1.0,-1.0,0.9736,1.086,-1.197,0.0,1.056,0.1055,-0.02536,-0.1935,-1.434,-1.0205,-0.4573,-1.068,-0.03146,-0.11523,-1.34,-0.59,0.838,-0.1827,-0.1545,0.0,0.0,-0.1625,0.0,-0.2725,-1.357,0.0,1.0,0.0,0.0,-1.022,-1.0,-1.0,-1.5,1.548,-1.686,0.0,2.0,-0.5,0.0,0.0,0.0,0.0,-1.402
-0.1683,-0.168,-0.1682,0.9365,-0.962,-0.6006,-0.5474,-0.1965,-0.8228,-0.771,-0.4255,-0.396,-1.0,0.0198,-1.0,-1.0,0.781,0.8633,-1.105,0.0,1.058,-0.2361,0.03384,-0.1294,-0.765,-1.034,-0.78,1.264,-0.0663,-1.068,0.10095,-1.039,0.2893,-0.1877,-0.1556,0.0,0.0,-0.1655,0.0,-0.249,-0.857,0.0,0.0,0.0,0.0,1.453,0.0,-1.0,-1.0,0.904,-0.935,1.0,0.0,-0.5,0.0,0.0,0.0,0.0,2.03
-0.1718,-0.1713,-0.1719,1.488,-1.509,-0.6006,-0.5474,0.03912,-1.35,-0.952,-0.4524,0.9595,-1.0,0.0099,-1.0,-1.0,1.012,1.065,-1.205,0.0,1.061,1.831,0.11395,-0.0574,-1.216,-1.065,-1.133,-1.338,-0.0366,1.264,-0.11523,-1.34,0.4387,-0.194,-0.1577,0.0,0.0,-0.1691,0.0,-0.2747,-0.9688,0.0,0.0,0.0,0.0,-2.98,0.0,-1.5,-1.0,1.473,-1.42,0.0,1.0,-0.5,0.0,0.0,0.0,0.0,-4.074
-0.1758,-0.1752,-0.176,1.738,-1.752,-0.6006,-0.5474,0.09,-1.596,-1.056,-0.4822,0.3618,-1.0,0.0,-1.0,-1.0,1.141,1.193,-1.263,0.0,1.063,0.2092,0.2115,0.02472,-1.394,-1.098,-1.153,-0.795,0.06396,-1.338,-1.067,0.10095,-0.4082,-0.1998,-0.1603,0.0,0.0,-0.172,0.0,-0.2896,-1.029,0.0,0.0,0.0,0.0,-1.715,-1.0,-1.5,-1.0,1.702,-1.665,0.0,2.0,-0.5,0.0,0.0,0.0,0.0,-2.398
-0.1793,-0.1786,-0.1794,1.505,-1.516,-0.6006,-0.5474,0.003548,-1.36,-1.028,-0.5176,-0.03111,-1.0,-0.0099,-1.0,-1.0,1.099,1.165,-1.25,0.0,1.065,-0.336,0.297,0.0987,-1.19,-1.117,-1.357,0.179,0.13,-0.795,1.264,-0.1152,-0.0685,-0.2029,-0.1628,0.0,0.0,-0.1748,0.0,-0.2864,-1.267,0.0,1.0,0.0,0.0,0.2208,0.0,-1.0,-1.0,1.478,-1.438,1.0,0.0,-0.5,0.0,0.0,0.0,0.0,0.3132
-0.1835,-0.1827,-0.1836,1.798,-1.807,-0.6006,-0.5474,0.0631,-1.59,-1.143,-0.5615,0.3452,-1.0,-0.0198,-1.0,-1.0,1.244,1.309,-1.313,0.0,1.068,0.1683,0.3718,0.1666,-1.468,-1.141,-1.295,-0.8926,0.2035,0.179,-1.338,-1.067,-0.59,-0.2076,-0.1656,0.0,0.0,-0.1783,0.0,-0.303,-1.471,0.0,1.0,0.0,0.0,-0.8887,0.0,-1.0,-1.5,1.776,-1.7,0.0,1.0,-0.5,0.0,0.0,0.0,0.0,-1.257
-0.1864,-0.1858,-0.1866,1.34,-1.349,-0.6006,-0.5474,0.03897,-1.099,-1.052,-0.605,-0.2224,-1.143,-0.02971,-1.0,-1.0,1.131,1.192,-1.268,0.0,1.07,-0.4316,0.4307,0.2281,-1.039,-1.161,-1.029,0.6494,0.2328,-0.8926,-0.795,1.263,-1.039,-0.2112,-0.1682,0.0,0.0,-0.1815,0.0,-0.2913,-1.414,0.0,1.0,0.0,0.0,0.658,0.0,-0.5,-1.5,1.358,-1.235,1.0,0.0,-0.5,0.0,0.0,0.0,0.0,0.9443
-0.1903,-0.1896,-0.1904,1.71,-1.723,-0.6006,-0.5474,0.1552,-1.38,-1.185,-0.6523,0.4568,-1.143,-0.0396,-1.0,-1.0,1.305,1.355,-1.341,0.0,1.073,0.547,0.468,0.2852,-1.392,-1.183,-0.549,-1.03,0.2854,0.6494,0.179,-1.338,-1.339,-0.2146,-0.171,0.0,0.0,-0.1852,0.0,-0.3103,-1.466,0.0,1.0,0.0,0.0,-1.193,0.0,-0.5,-1.5,1.762,-1.544,0.0,1.0,-0.5,0.0,0.0,0.0,0.0,-1.694
-0.193,-0.1925,-0.1931,1.236,-1.253,-0.6006,-0.5474,0.1714,-0.865,-1.087,-0.694,-0.3037,-1.143,-0.0495,-1.0,-1.0,1.186,1.226,-1.292,0.0,1.076,0.0996,0.4897,0.3435,-0.902,-1.209,-0.737,0.699,0.3096,-1.03,-0.892,-0.7944,0.10095,-0.2189,-0.1738,0.0,0.0,-0.188,0.0,-0.2979,-1.245,0.0,1.0,0.0,0.0,0.7476,1.0,-0.5,-1.0,1.321,-1.074,1.0,0.0,-0.5,0.0,0.0,0.0,0.0,1.08
-0.195,-0.1946,-0.195,0.903,-0.9263,-0.6006,-0.5474,0.1892,-0.4756,-1.017,-0.726,-0.4268,-1.143,-0.05942,-1.0,-1.0,1.102,1.132,-1.257,0.0,1.078,0.1271,0.4917,0.395,-0.5547,-1.227,-0.7983,0.4958,0.3167,0.699,0.649,0.179,-0.1152,-0.2201,-0.1759,0.0,0.0,-0.1903,0.0,-0.2888,-1.033,0.0,0.0,0.0,0.0,0.4397,1.0,0.0,-0.5,0.9795,-0.783,2.0,0.0,-0.5,0.0,0.0,0.0,0.0,0.628
-0.196,-0.1957,-0.1958,0.539,-0.569,-0.4607,-0.5474,0.07574,-0.0706,-0.926,-0.7437,-1.089,-1.0,-0.06934,0.0,-1.0,0.9834,1.028,-1.211,0.0,1.081,-0.2267,0.4766,0.4348,-0.1611,-1.24,-0.388,0.6406,0.278,0.4958,-1.03,-0.892,-1.067,-0.219,-0.1781,0.0,0.0,-0.1929,0.0,-0.277,-0.706,0.0,0.0,0.0,0.0,0.729,2.0,0.5,0.0,0.6006,-0.4705,3.0,0.0,-0.5,0.0,0.0,0.0,0.0,1.032
-0.1963,-0.1959,-0.196,0.2449,-0.2751,-0.161,-0.5474,-0.0352,0.2374,-0.8433,-0.746,7.74,-0.857,-0.0792,0.0,-1.0,0.878,0.9365,-1.17,0.0,1.083,-0.3953,0.4531,0.4585,0.1777,-1.249,-0.975,0.5747,0.2094,0.6406,0.6987,0.649,1.263,-0.217,-0.1805,0.0,0.0,-0.1952,0.0,-0.2666,-0.3025,0.0,0.0,0.0,0.0,0.5425,2.0,0.5,0.5,0.3489,-0.1533,4.0,0.0,-0.5,0.0,0.0,0.0,0.0,0.7603
-0.1963,-0.196,-0.196,0.1438,-0.1752,-0.05444,-0.5474,-0.0611,0.361,-0.8105,-0.7466,0.5273,-0.7144,-0.0891,0.0,-1.0,0.838,0.8984,-1.154,0.0,1.086,-0.262,0.4158,0.464,0.3152,-1.255,-0.39,0.2043,0.0994,0.5747,0.4956,-1.03,-1.338,-0.2134,-0.1826,0.0,0.0,-0.1978,0.0,-0.263,-0.2776,0.0,0.0,0.0,0.0,0.2163,3.0,1.0,0.5,0.2588,-0.0492,5.0,0.0,0.0,0.0,0.0,0.0,0.0,0.3
-0.195,-0.1947,-0.1948,-0.3274,0.306,0.5146,-0.5474,-0.00538,0.8833,-0.6562,-0.738,1.346,-0.5713,-0.099,0.0,-1.0,0.67,0.708,-1.075,0.0,1.089,0.39,0.349,0.4443,0.8345,-1.252,0.00481,1.092,0.002758,0.2043,0.6406,0.6987,-0.7944,-0.2089,-0.1835,0.0,0.0,-0.1992,0.0,-0.2426,-0.013145,0.0,0.0,0.0,0.0,1.24,3.0,1.5,1.0,-0.1895,0.4204,5.734,0.0,0.5,0.0,0.0,0.0,0.0,1.716
-0.193,-0.1926,-0.1929,-0.597,0.587,0.902,-0.5474,-0.05374,1.17,-0.5483,-0.714,0.458,-0.4285,-0.1089,0.0,-1.0,0.549,0.588,-1.02,0.0,1.091,-0.582,0.2517,0.397,1.135,-1.242,0.04248,0.743,-0.08405,1.092,0.5747,0.4956,0.179,-0.2013,-0.1841,0.0,0.0,-0.2003,0.0,-0.2285,0.3845,0.0,0.0,0.0,0.0,0.8877,3.0,1.5,1.5,-0.475,0.663,5.734,0.0,1.0,0.0,0.0,0.0,0.0,1.206
-0.1903,-0.1898,-0.1903,-0.8354,0.8335,1.284,-0.5474,-0.1644,1.474,-0.442,-0.6953,0.402,-0.2856,-0.1089,0.0,0.0,0.426,0.4775,-0.964,0.0,1.094,-0.292,0.1178,0.3303,1.432,-1.231,0.5913,0.734,-0.10486,0.743,0.2043,0.6406,-0.892,-0.1936,-0.1846,0.0,0.0,-0.2006,0.0,-0.2145,0.2988,0.0,0.0,0.0,0.0,1.009,3.0,1.5,1.5,-0.7344,0.868,5.734,0.0,1.5,0.0,0.0,0.0,0.0,1.354
-0.1874,-0.1868,-0.1874,-0.917,0.9194,1.502,-0.5474,-0.3582,1.55,-0.3794,-0.662,0.1962,-0.1428,-0.1089,0.0,0.0,0.344,0.4268,-0.932,0.0,1.096,-0.3933,-0.01478,0.2507,1.557,-1.218,0.5225,0.4182,-0.05008,0.734,1.091,0.5747,0.649,-0.1859,-0.1848,0.0,0.0,-0.1998,0.0,-0.2064,0.7876,1.0,0.0,0.0,0.0,0.388,3.0,1.5,2.0,-0.832,0.93,5.734,0.0,2.0,0.0,0.0,0.0,0.0,0.514
-0.1854,-0.1848,-0.1854,-0.5522,0.5527,1.502,0.1273,-0.3745,1.093,-0.4658,-0.628,-0.1586,0.0,-0.11884,0.0,-1.0,0.4324,0.525,-0.979,0.0,1.099,-0.2695,-0.1222,0.1648,1.031,-1.187,1.198,-0.6094,-2.134e-05,0.4182,0.743,0.2043,-1.03,-0.1805,-0.1852,0.0,0.0,-0.1987,0.0,-0.2186,0.8394,1.0,0.0,0.0,0.0,-0.953,2.0,1.5,2.0,-0.4666,0.5923,0.0,1.0,2.0,0.0,0.0,0.0,0.0,-1.255
-0.1844,-0.1838,-0.1844,-0.2205,0.2222,1.502,0.1273,-0.2325,0.6743,-0.55,-0.6006,-0.2366,0.1428,-0.1287,0.0,-1.0,0.534,0.6064,-1.024,0.0,1.101,1.017,-0.1937,0.0796,0.5693,-1.162,1.118,-0.6016,0.0232,-0.6094,0.734,1.091,0.6987,-0.1771,-0.1857,0.0,0.0,-0.198,0.0,-0.2306,0.6,0.0,0.0,0.0,0.0,-1.026,1.0,1.5,1.5,-0.1688,0.2507,0.0,2.0,2.0,0.0,0.0,0.0,0.0,-1.365
-0.1853,-0.1847,-0.1854,0.5244,-0.531,1.502,-0.2119,-0.05716,-0.2034,-0.771,-0.578,-1.076,0.1428,-0.1387,-1.0,-1.0,0.7935,0.85,-1.145,0.0,1.104,0.204,-0.2161,-0.00512,-0.271,-1.154,1.064,-1.583,0.02121,-0.6016,0.4182,0.7427,0.4954,-0.1769,-0.1866,0.0,0.0,-0.1982,0.0,-0.2615,0.3767,0.0,0.0,0.0,0.0,-3.496,0.0,1.0,1.5,0.587,-0.4321,0.0,3.0,2.0,0.0,0.0,1.0,-3.82,-4.695
-0.1879,-0.1873,-0.188,1.121,-1.133,1.502,-0.9204,0.04428,-0.888,-0.957,-0.572,8.66,0.1428,-0.1486,-1.0,-1.0,1.018,1.07,-1.245,0.0,1.106,0.5625,-0.2074,-0.0875,-0.931,-1.154,0.8467,-1.379,0.02988,-1.583,-0.609,0.734,0.64,-0.1809,-0.1885,0.0,0.0,-0.1986,0.0,-0.2876,-0.0743,0.0,0.0,0.0,0.0,-2.621,-1.0,0.5,1.0,1.173,-1.0,0.0,4.0,2.0,0.0,0.0,0.0,0.0,-3.617
-0.1871,-0.1866,-0.1873,-0.0834,0.08307,1.502,-0.9204,0.1345,0.1917,-0.613,-0.5386,-1.389,0.2856,-0.1584,0.0,-1.0,0.6353,0.644,-1.063,0.0,1.108,2.379,-0.163,-0.1686,0.1923,-1.144,0.563,2.541,0.03912,-1.379,-0.6016,0.4182,0.5747,-0.1819,-0.1895,0.0,0.0,-0.1982,0.0,-0.241,0.553,0.0,0.0,0.0,0.0,4.547,-1.0,0.5,1.5,0.1265,0.2947,1.0,0.0,2.0,0.0,0.0,0.0,0.0,5.766
-0.1832,-0.1825,-0.1835,-1.253,1.276,1.502,-0.9204,0.2937,1.391,-0.21,-0.4875,4.43,0.4285,-0.1584,0.0,0.0,0.2312,0.1813,-0.849,0.0,1.111,2.9,-0.06494,-0.2069,1.361,-1.108,0.536,2.549,0.1567,2.541,-1.582,-0.609,0.2043,-0.1792,-0.1895,0.0,0.0,-0.1953,0.0,-0.1864,0.7935,1.0,0.0,0.0,0.0,7.266,0.0,0.5,1.5,-0.8726,1.582,2.0,0.0,2.0,0.0,0.0,0.0,0.0,5.766
-0.1793,-0.1786,-0.1797,-1.208,1.233,1.514,-0.9204,0.305,1.294,-0.1785,-0.4392,0.07214,0.5713,-0.1584,0.0,0.0,0.201,0.147,-0.832,0.0,1.113,0.2045,0.04337,-0.1924,1.292,-1.081,0.2247,0.2177,0.2433,2.549,-1.379,-0.601,1.091,-0.1769,-0.1891,0.0,0.0,-0.1918,0.0,-0.1823,0.771,1.0,0.0,0.0,0.0,0.3728,1.0,0.5,1.5,-0.8535,1.515,3.0,0.0,2.0,0.0,0.0,0.0,0.0,0.482
-0.1758,-0.1749,-0.176,-1.115,1.144,1.563,-0.9204,0.358,1.154,-0.1646,-0.3948,0.0342,0.5713,-0.1584,0.0,0.0,0.192,0.1272,-0.8247,0.0,1.116,0.311,0.138,-0.1448,1.201,-1.06,0.02835,0.09485,0.312,0.2177,2.541,-1.582,0.7427,-0.1732,-0.1887,0.0,0.0,-0.1882,0.0,-0.1805,0.72,0.0,0.0,0.0,0.0,0.1209,2.0,0.5,1.5,-0.793,1.397,4.0,0.0,2.0,0.0,0.0,0.0,0.0,0.1558
-0.1741,-0.1733,-0.1744,-0.4265,0.4473,1.563,-0.9204,0.5005,0.3682,-0.358,-0.3662,-0.536,0.5713,-0.1584,0.0,0.0,0.399,0.321,-0.9277,0.0,1.119,0.555,0.2031,-0.0804,0.4465,-1.046,-0.1982,-1.3125,0.2844,0.09485,2.547,-1.379,0.7334,-0.1709,-0.1887,0.0,0.0,-0.185,0.0,-0.2072,0.3682,0.0,0.0,0.0,0.0,-1.397,2.0,0.0,1.0,-0.07886,0.782,0.0,1.0,2.0,0.0,0.0,0.0,0.0,-1.797
-0.1729,-0.1721,-0.1731,-0.306,0.3218,1.563,-0.9204,0.532,0.1918,-0.3782,-0.3398,-0.2573,0.5713,-0.1584,0.0,0.0,0.4224,0.3403,-0.9395,0.0,1.121,-0.037,0.2374,-0.01051,0.2886,-1.033,-0.3772,-0.1522,0.2598,-1.3125,0.2175,2.54,0.4182,-0.1661,-0.1882,0.0,0.0,-0.1823,0.0,-0.2103,0.3137,0.0,0.0,0.0,0.0,-0.2236,1.0,-0.5,0.5,-0.00976,0.61,0.0,2.0,2.0,0.0,0.0,0.0,0.0,-0.2942
-0.1698,-0.169,-0.17,-0.9224,0.95,1.563,-0.9204,0.566,0.8467,-0.1512,-0.3103,2.484,0.5713,-0.1584,0.0,0.0,0.1978,0.09344,-0.8193,0.0,1.124,1.582,0.2465,0.05682,0.9814,-1.0205,-0.086,1.567,0.2219,-0.1522,0.09485,2.547,-0.609,-0.1561,-0.1866,0.0,0.0,-0.178,0.0,-0.1796,0.3792,0.0,0.0,0.0,0.0,1.997,1.0,0.0,0.5,-0.559,1.264,1.0,0.0,2.0,0.0,0.0,0.0,0.0,2.633
-0.1676,-0.1667,-0.168,-0.615,0.641,1.563,-0.9204,0.572,0.531,-0.2217,-0.2917,-0.2174,0.5713,-0.1584,0.0,0.0,0.2676,0.1671,-0.8564,0.0,1.126,-0.4285,0.2355,0.1117,0.6895,-1.013,0.304,-0.4731,0.1699,1.567,-1.3125,0.2175,-0.601,-0.1512,-0.1852,0.0,0.0,-0.1743,0.0,-0.1893,0.1973,0.0,0.0,0.0,0.0,-0.4624,0.0,0.0,0.0,-0.2808,0.947,0.0,1.0,2.0,0.0,0.0,0.0,0.0,-0.594
-0.1654,-0.1646,-0.1658,-0.599,0.625,1.563,-0.9204,0.5103,0.544,-0.2021,-0.2786,0.1649,0.5713,-0.1584,0.0,0.0,0.2427,0.1522,-0.8457,0.0,1.129,-0.9326,0.2012,0.1497,0.722,-1.007,1.163,0.1362,0.12,-0.4731,-0.1521,0.09485,-1.582,-0.1512,-0.1837,0.0,0.0,-0.1709,0.0,-0.1866,0.1157,0.0,0.0,0.0,0.0,0.1232,0.0,0.5,0.0,-0.2817,0.9136,1.0,0.0,2.0,0.0,0.0,0.0,0.0,0.1595
-0.1627,-0.1619,-0.1632,-0.767,0.7993,1.563,-0.9204,0.5317,0.7686,-0.1183,-0.2637,0.517,0.5713,-0.1584,0.0,0.0,0.1625,0.06232,-0.8013,0.0,1.131,0.0851,0.1492,0.1711,0.96,-0.9995,1.99,0.571,0.09534,0.1362,1.567,-1.312,-1.378,-0.1505,-0.1815,0.0,0.0,-0.1676,0.0,-0.1753,0.1398,0.0,0.0,0.0,0.0,0.651,1.0,1.0,0.0,-0.4478,1.077,2.0,0.0,2.0,0.0,0.0,0.0,0.0,0.841
-0.1608,-0.1599,-0.1613,-0.521,0.552,1.563,-0.9204,0.5376,0.515,-0.1726,-0.2467,-0.1714,0.5713,-0.1584,0.0,0.0,0.2161,0.11847,-0.83,0.0,1.134,-0.616,0.1129,0.1757,0.7334,-0.9927,1.121,-0.3635,0.0627,0.571,-0.473,-0.1521,2.54,-0.1506,-0.1799,0.0,0.0,-0.1648,0.0,-0.1829,0.1836,0.0,0.0,0.0,0.0,-0.4463,1.0,0.5,0.0,-0.2268,0.821,0.0,1.0,2.0,0.0,0.0,0.0,0.0,-0.5713
-0.1587,-0.1578,-0.159,-0.602,0.6304,1.563,-0.9204,0.4087,0.5815,-0.1237,-0.2223,0.2585,0.5713,-0.1584,0.0,0.0,0.1567,0.0798,-0.803,0.0,1.137,-0.3855,0.0885,0.165,0.835,-0.9824,-0.0833,0.3386,0.03122,-0.3635,0.1362,1.566,2.547,-0.1477,-0.1777,0.0,0.0,-0.1619,0.0,-0.1761,0.3484,0.0,0.0,0.0,0.0,0.368,1.0,0.5,0.5,-0.3657,0.8306,1.0,0.0,2.0,0.0,0.0,0.0,0.0,0.4736
-0.1573,-0.1566,-0.1575,-0.314,0.3245,1.563,-0.9204,0.2812,0.1869,-0.2015,-0.1891,-0.4783,0.7144,-0.1584,0.0,0.0,0.2217,0.1736,-0.8438,0.0,1.139,-0.3215,0.07697,0.156,0.3943,-0.9526,-0.162,-0.5117,0.013405,0.3386,0.571,-0.473,0.2175,-0.1455,-0.1754,0.0,0.0,-0.1599,0.0,-0.1866,0.576,0.0,0.0,0.0,0.0,-0.536,1.0,0.0,0.5,-0.1266,0.4934,0.0,1.0,2.0,0.0,0.0,0.0,0.0,-0.686
-0.154,-0.1537,-0.1539,-0.977,0.9717,1.563,-0.9204,0.2866,0.757,0.03815,-0.1309,2.213,0.857,-0.1584,0.0,0.0,-0.008705,-0.0739,-0.7144,0.0,1.142,1.092,0.0853,0.1669,0.924,-0.908,-0.2164,1.647,0.0597,-0.5117,-0.3635,0.1362,0.0948,-0.143,-0.1725,0.0,0.0,-0.1573,0.0,-0.1538,1.087,1.0,0.0,0.0,0.0,2.521,1.0,0.0,1.0,-0.7812,1.099,1.0,0.0,2.0,0.0,0.0,0.0,0.0,3.258
-0.1521,-0.152,-0.1517,-0.55,0.523,1.563,-0.9204,0.1273,0.2412,-0.0809,-0.1006,-0.5054,0.857,-0.1584,0.0,0.0,0.09015,0.06235,-0.776,0.0,1.144,0.02716,0.11115,0.1874,0.3325,-0.8745,0.5054,-0.763,0.07916,1.647,0.3386,0.571,-1.312,-0.1411,-0.1694,0.0,0.0,-0.1558,0.0,-0.1697,0.6187,0.0,0.0,0.0,0.0,-0.7803,0.0,0.0,0.5,-0.4707,0.556,0.0,1.0,2.0,0.0,0.0,0.0,0.0,-0.9805
-0.15,-0.1499,-0.1495,-0.6016,0.573,1.563,-0.9204,-0.1329,0.3335,-0.04395,-0.0928,0.4268,0.857,-0.1584,0.0,0.0,0.03143,0.04938,-0.7544,0.0,1.146,0.0013685,0.1593,0.2015,0.3672,-0.8584,0.6753,0.272,0.1056,-0.763,-0.5117,-0.3633,-0.1521,-0.1389,-0.1666,0.0,0.0,-0.1543,0.0,-0.1642,0.1846,0.0,0.0,0.0,0.0,0.2227,1.0,0.5,0.5,-0.5166,0.609,1.0,0.0,2.0,0.0,0.0,0.0,0.0,0.2834
-0.1481,-0.148,-0.1476,-0.543,0.5146,1.563,-0.9204,-0.2042,0.3115,-0.04327,-0.08655,0.0894,0.857,-0.1584,0.0,0.0,0.0244,0.0555,-0.752,0.0,1.149,-0.6123,0.1976,0.2161,0.3508,-0.853,0.03223,0.0285,0.11914,0.272,1.647,0.3386,1.566,-0.1378,-0.1633,0.0,0.0,-0.1525,0.0,-0.1637,0.1405,0.0,0.0,0.0,0.0,0.02005,1.0,0.5,0.5,-0.4663,0.546,2.0,0.0,2.0,0.0,0.0,0.0,0.0,0.02542
-0.1471,-0.147,-0.1467,-0.1736,0.1405,1.563,-0.9204,-0.1772,-0.04327,-0.1517,-0.08765,-0.769,0.857,-0.1486,0.0,0.0,0.1316,0.165,-0.808,0.0,1.151,0.3667,0.2247,0.2269,-0.02347,-0.848,0.31,-0.6978,0.0963,0.0285,-0.763,-0.5117,-0.473,-0.1373,-0.1606,0.0,0.0,-0.1506,0.0,-0.1781,-0.0835,0.0,0.0,0.0,0.0,-0.503,1.0,0.5,0.0,-0.1493,0.1432,0.0,1.0,2.0,0.0,0.0,0.0,0.0,-0.637
-0.1476,-0.1476,-0.1472,0.3098,-0.3508,1.563,-0.9204,-0.1384,-0.5635,-0.3071,-0.08624,-7.8,0.7144,-0.1387,-1.0,0.0,0.2898,0.327,-0.8887,0.0,1.154,0.615,0.2324,0.2219,-0.5312,-0.846,0.2734,-1.023,-0.014565,-0.6978,0.272,1.647,0.1361,-0.1393,-0.1587,0.0,0.0,-0.1486,0.0,-0.199,-0.00648,0.0,0.0,0.0,0.0,-1.085,0.0,0.0,0.0,0.3542,-0.2886,0.0,2.0,2.0,0.0,0.0,0.0,0.0,-1.391
-0.1478,-0.1477,-0.1473,0.2007,-0.2445,1.563,0.339,-0.1556,-0.4937,-0.2808,-0.0816,-0.02786,0.5713,-0.1287,-1.0,0.0,0.2617,0.3,-0.8726,0.0,1.156,-0.1783,0.2312,0.1978,-0.4817,-0.8384,-0.03607,0.2053,-0.3057,-1.023,0.0285,-0.7627,0.571,-0.14,-0.1567,0.0,0.0,-0.1454,0.0,-0.195,0.08466,0.0,0.0,0.0,0.0,0.1332,1.0,0.0,0.5,0.1831,-0.2583,1.0,0.0,2.0,0.0,0.0,0.0,0.0,0.1737
-0.1475,-0.1475,-0.147,0.007996,-0.05045,1.563,0.339,-0.2737,-0.2795,-0.2238,-0.08795,-0.4778,0.4285,-0.11884,-1.0,0.0,0.194,0.2502,-0.84,0.0,1.159,0.418,0.2163,0.1605,-0.3005,-0.8345,0.1003,0.4238,-0.4495,0.2053,-0.6978,0.272,-0.3633,-0.143,-0.1549,0.0,0.0,-0.1436,0.0,-0.1866,-0.2158,0.0,0.0,0.0,0.0,0.3098,1.0,0.5,0.5,-0.0009594,-0.0699,2.0,0.0,2.0,0.0,0.0,0.0,0.0,0.4026
-0.1475,-0.1475,-0.147,0.1614,-0.2054,1.563,0.339,-0.2563,-0.4316,-0.2756,-0.09314,1.158,0.2856,-0.1089,-1.0,0.0,0.2476,0.3042,-0.8647,0.0,1.161,-0.3374,0.1809,0.1305,-0.453,-0.835,-0.0741,-0.319,-0.4465,0.4238,-1.022,0.02849,0.3384,-0.145,-0.1533,0.0,0.0,-0.1437,0.0,-0.1931,-0.1698,0.0,0.0,0.0,0.0,-0.2267,0.0,0.0,0.5,0.1531,-0.2123,0.0,1.0,2.0,0.0,0.0,0.0,0.0,-0.2925
-0.1473,-0.1472,-0.1469,0.0634,-0.10486,1.563,0.339,-0.1622,-0.3245,-0.2485,-0.09735,-0.2279,0.1428,-0.099,-1.0,0.0,0.2286,0.2659,-0.8477,0.0,1.164,0.1864,0.12225,0.10394,-0.3567,-0.8335,0.1426,0.2188,-0.4456,-0.319,0.2052,-0.6978,-0.5117,-0.1472,-0.1521,0.0,0.0,-0.1438,0.0,-0.1888,-0.1447,0.0,0.0,0.0,0.0,0.1465,1.0,0.5,0.5,0.04153,-0.134,1.0,0.0,2.0,0.0,0.0,0.0,0.0,0.1901
-0.1472,-0.1472,-0.1467,0.11554,-0.1572,-0.5586,0.339,-0.16,-0.35,-0.268,-0.10767,0.2766,0.0,-0.0891,-1.0,0.0,0.2485,0.2869,-0.8555,0.0,1.167,0.0913,0.0375,0.07605,-0.3933,-0.8354,-0.676,-0.10175,-0.4438,0.2188,0.4236,-1.022,1.647,-0.1497,-0.1511,0.0,0.0,-0.1442,0.0,-0.1909,-0.362,0.0,0.0,0.0,0.0,-0.08167,1.0,0.0,0.0,0.0765,-0.201,0.0,1.0,2.0,0.0,0.0,0.0,0.0,-0.1056
-0.1473,-0.1473,-0.1469,0.1759,-0.2175,-0.5586,0.339,-0.1462,-0.398,-0.2927,-0.11633,0.3665,-0.1428,-0.0792,-1.0,0.0,0.2747,0.312,-0.8657,0.0,1.169,-0.2979,-0.07886,0.04407,-0.4575,-0.8354,-0.3767,-0.131,-0.4714,-0.10175,-0.319,0.2052,-0.7627,-0.151,-0.1506,0.0,0.0,-0.1436,0.0,-0.1936,-0.291,0.0,0.0,0.0,0.0,-0.0835,0.0,0.0,0.0,0.1221,-0.273,0.0,2.0,2.0,0.0,0.0,0.0,0.0,-0.10815
-0.1477,-0.1477,-0.1473,0.2766,-0.3179,-0.5586,0.339,-0.10425,-0.4758,-0.332,-0.13,0.445,-0.2856,-0.06934,-1.0,0.0,0.318,0.3506,-0.8843,0.0,1.172,0.0218,-0.2379,0.00638,-0.5454,-0.8394,-0.57,-0.2334,-0.5054,-0.131,0.2188,0.4236,0.2717,-0.1509,-0.1504,0.0,0.0,-0.1432,0.0,-0.1984,-0.4875,0.0,0.0,0.0,0.0,-0.1803,-1.0,-0.5,-0.5,0.2013,-0.389,0.0,3.0,2.0,0.0,0.0,0.0,0.0,-0.2339
-0.149,-0.1489,-0.1487,0.6416,-0.6826,-0.5586,0.339,-0.0648,-0.8345,-0.4585,-0.1466,1.234,-0.4285,-0.06934,-1.0,-1.0,0.4524,0.4868,-0.949,0.0,1.174,-0.3572,-0.4065,-0.0376,-0.903,-0.846,-0.6665,-0.835,-0.4548,-0.2334,-0.1017,-0.319,0.02849,-0.1527,-0.1501,0.0,0.0,-0.1442,0.0,-0.2151,-0.5728,0.0,0.0,0.0,0.0,-0.609,-1.0,-1.0,-0.5,0.4988,-0.7983,0.0,4.0,2.0,0.0,0.0,1.0,-2.988,-0.793
-0.1509,-0.1508,-0.1505,0.8013,-0.8457,-0.5586,0.318,-0.1914,-0.938,-0.5283,-0.1812,0.3005,-0.5713,-0.06934,-1.0,-1.0,0.515,0.578,-0.9844,0.0,1.177,-0.3489,-0.494,-0.0922,-0.986,-0.8696,-0.4385,-0.4604,-0.389,-0.835,-0.131,0.2188,-0.6978,-0.156,-0.15,0.0,0.0,-0.1453,0.0,-0.2242,-1.485,0.0,1.0,0.0,0.0,-0.4177,-2.0,-1.0,-1.0,0.6323,-0.978,0.0,5.0,2.0,0.0,0.0,0.0,0.0,-0.552
-0.1532,-0.1531,-0.153,1.014,-1.056,-0.5586,0.010574,-0.1892,-1.113,-0.6157,-0.2123,0.3772,-0.7144,-0.06934,-1.0,-1.0,0.6094,0.6787,-1.03,0.0,1.18,-0.0734,-0.4556,-0.1545,-1.141,-0.8916,-0.03952,-0.5986,-0.3,-0.4604,-0.2334,-0.1017,-1.022,-0.1599,-0.1493,0.0,0.0,-0.1469,0.0,-0.2361,-1.453,0.0,1.0,0.0,0.0,-0.546,-2.0,-1.0,-1.0,0.847,-1.169,0.0,5.617,2.0,0.5,0.0,0.0,0.0,-0.7266
-0.1534,-0.1533,-0.1531,0.2137,-0.2482,-0.5586,0.010574,-0.1544,-0.2783,-0.3918,-0.233,-0.7744,-0.857,-0.05942,-1.0,0.0,0.375,0.4211,-0.908,0.0,1.182,0.98,-0.378,-0.2188,-0.288,-0.907,-0.2292,1.618,-0.298,-0.5986,-0.8345,-0.131,0.2052,-0.1614,-0.1475,0.0,0.0,-0.1477,0.0,-0.205,-0.784,0.0,0.0,0.0,0.0,1.552,-1.0,-1.0,-1.0,0.1775,-0.2812,1.0,0.0,2.0,0.5,0.0,0.0,0.0,2.088
-0.1528,-0.1527,-0.1525,-0.0659,0.03102,-0.2517,0.010574,-0.1194,0.07245,-0.307,-0.2491,-2.215,-0.857,-0.0495,0.0,0.0,0.2913,0.3247,-0.8604,0.0,1.185,0.01434,-0.3076,-0.2844,0.06088,-0.9155,-0.46,0.618,-0.2996,1.618,-0.4604,-0.2334,0.4236,-0.1615,-0.1464,0.0,0.0,-0.148,0.0,-0.1927,-0.557,0.0,0.0,0.0,0.0,0.4448,0.0,-1.0,-1.0,-0.08966,-0.01027,2.0,0.0,2.0,0.5,0.0,0.0,0.0,0.5825
-0.1514,-0.1514,-0.151,-0.3684,0.3367,0.1356,0.010574,-0.2013,0.4368,-0.2036,-0.2527,2.273,-0.857,-0.0396,0.0,0.0,0.1805,0.2219,-0.8022,0.0,1.187,-0.3132,-0.2542,-0.3484,0.44,-0.9185,-0.315,0.743,-0.2993,0.618,-0.5986,-0.8345,-0.319,-0.1599,-0.1461,0.0,0.0,-0.148,0.0,-0.178,-0.1155,0.0,0.0,0.0,0.0,0.5312,1.0,-0.5,-0.5,-0.39,0.2742,3.0,0.0,2.0,0.5,0.0,0.0,0.0,0.6885
-0.1508,-0.1506,-0.1504,-0.1059,0.0711,0.1356,0.010574,-0.2089,0.1703,-0.2805,-0.251,-0.3865,-0.7144,-0.02971,0.0,0.0,0.2566,0.3047,-0.841,0.0,1.189,0.3403,-0.2183,-0.383,0.1913,-0.917,-0.383,-0.4893,-0.299,0.743,1.617,-0.4602,0.2186,-0.1589,-0.1461,0.0,0.0,-0.148,0.0,-0.188,0.06165,0.0,0.0,0.0,0.0,-0.3503,1.0,-1.0,-0.5,-0.128,0.0284,0.0,1.0,2.0,0.5,0.0,0.0,0.0,-0.4485
-0.1505,-0.1504,-0.15,0.0449,-0.0821,0.1356,0.010574,-0.2404,0.02246,-0.3271,-0.2537,-0.4253,-0.5713,-0.0198,0.0,0.0,0.301,0.3584,-0.864,0.0,1.192,-0.652,-0.2017,-0.3782,0.03745,-0.915,-0.3284,-0.2903,-0.3503,-0.4893,0.618,-0.5986,-0.1017,-0.157,-0.1464,0.0,0.0,-0.1492,0.0,-0.194,-0.10004,0.0,0.0,0.0,0.0,-0.1959,1.0,-1.0,-1.0,0.007153,-0.13,0.0,2.0,2.0,0.5,0.0,0.0,0.0,-0.253
-0.1499,-0.1498,-0.1494,-0.0681,0.031,0.1356,0.010574,-0.3286,0.16,-0.2913,-0.2576,1.24,-0.4285,-0.0099,0.0,0.0,0.2568,0.328,-0.842,0.0,1.194,-0.4795,-0.1993,-0.3616,0.174,-0.9155,-0.2688,0.277,-0.3694,-0.2903,0.743,1.617,-0.131,-0.1536,-0.1459,0.0,0.0,-0.1497,0.0,-0.1885,-0.1471,0.0,0.0,0.0,0.0,0.1691,1.0,-0.5,-1.0,-0.10114,-0.02055,1.0,0.0,2.0,0.5,0.0,0.0,0.0,0.2192
-0.1494,-0.1494,-0.149,-0.01634,-0.02094,0.1356,0.010574,-0.3125,0.11633,-0.3062,-0.2593,-0.03119,-0.2856,0.0,0.0,0.0,0.2732,0.3423,-0.8477,0.0,1.197,-0.185,-0.2087,-0.348,0.1356,-0.915,-0.1387,-0.0726,-0.4048,0.277,-0.4893,0.618,-0.2333,-0.1493,-0.1454,0.0,0.0,-0.1505,0.0,-0.19,-0.06305,0.0,0.0,0.0,0.0,-0.04324,0.0,-0.5,-1.0,-0.06042,-0.0805,0.0,1.0,2.0,0.5,0.0,0.0,0.0,-0.05582
-0.148,-0.148,-0.1476,-0.3718,0.3406,0.1356,0.010574,-0.364,0.5093,-0.1863,-0.2559,2.006,-0.1428,0.0099,0.0,0.0,0.1488,0.2192,-0.781,0.0,1.199,-0.222,-0.235,-0.34,0.531,-0.911,0.294,0.8574,-0.4226,-0.0726,-0.2903,0.7427,-0.8345,-0.1464,-0.1451,0.0,0.0,-0.1508,0.0,-0.1729,0.1293,0.0,0.0,0.0,0.0,0.7183,0.0,0.0,-1.0,-0.3574,0.3171,1.0,0.0,2.0,0.5,0.0,0.0,0.0,0.928
-0.1456,-0.1455,-0.1453,-0.6704,0.6475,0.1356,0.010574,-0.4202,0.8535,-0.072,-0.2451,0.747,0.0,0.0198,0.0,0.0,0.0326,0.10565,-0.716,0.0,1.202,-0.733,-0.276,-0.3398,0.8755,-0.9014,0.623,0.817,-0.3657,0.8574,0.277,-0.4893,-0.4602,-0.143,-0.1444,0.0,0.0,-0.1499,0.0,-0.1564,0.368,0.0,0.0,0.0,0.0,0.6816,1.0,0.5,-0.5,-0.6064,0.655,2.0,0.0,2.0,0.5,1.0,0.0,2.719,0.8687
-0.1428,-0.1426,-0.1426,-0.824,0.8096,0.1356,0.010574,-0.428,1.042,0.003172,-0.2288,0.3564,0.1428,0.02971,0.0,0.0,-0.03973,0.02975,-0.6714,0.0,1.204,-0.268,-0.3325,-0.345,1.082,-0.8906,1.08,0.5513,-0.2786,0.817,-0.0726,-0.29,-0.5986,-0.1399,-0.1434,0.0,0.0,-0.1482,0.0,-0.145,0.5283,0.0,0.0,0.0,0.0,0.408,2.0,1.0,0.0,-0.7393,0.8276,3.0,0.0,2.0,0.5,0.0,0.0,0.0,0.5127
-0.1405,-0.1403,-0.1403,-0.653,0.638,0.1356,0.010574,-0.4688,0.8574,-0.03107,-0.2117,-0.03198,0.2856,0.0396,0.0,0.0,-0.010895,0.0684,-0.686,0.0,1.207,-0.5483,-0.3904,-0.3564,0.907,-0.8774,0.5376,-0.1821,-0.2205,0.5513,0.8574,0.2769,1.617,-0.1362,-0.1428,0.0,0.0,-0.1466,0.0,-0.1489,0.544,0.0,0.0,0.0,0.0,-0.1505,1.0,0.5,0.0,-0.612,0.6216,0.0,1.0,2.0,0.5,0.0,0.0,0.0,-0.1874
-0.1382,-0.138,-0.138,-0.655,0.6406,0.1356,0.010574,-0.5034,0.822,-0.009895,-0.1848,0.10297,0.4285,0.0495,0.0,0.0,-0.03415,0.0502,-0.6714,0.0,1.21,-0.57,-0.414,-0.3674,0.876,-0.8574,0.376,0.1826,-0.163,-0.1821,0.8164,-0.0726,0.618,-0.1317,-0.1418,0.0,0.0,-0.1451,0.0,-0.1453,0.897,1.0,0.0,0.0,0.0,0.1597,2.0,0.5,0.5,-0.6284,0.6084,1.0,0.0,2.0,0.5,0.0,0.0,0.0,0.1996
-0.1362,-0.136,-0.136,-0.5127,0.4954,0.1356,0.010574,-0.4946,0.607,-0.03888,-0.155,-0.1087,0.5713,0.05942,0.0,0.0,-0.005775,0.07886,-0.6836,0.0,1.212,-0.3596,-0.3464,-0.3672,0.656,-0.8345,0.1287,-0.154,-0.12366,0.1826,0.5513,0.857,0.7427,-0.128,-0.1412,0.0,0.0,-0.1437,0.0,-0.1486,1.025,1.0,0.0,0.0,0.0,-0.1282,1.0,0.0,0.5,-0.516,0.442,0.0,1.0,2.0,0.5,0.0,0.0,0.0,-0.1595
-0.1338,-0.1337,-0.1334,-0.699,0.678,0.1356,0.010574,-0.5156,0.7173,0.04108,-0.1153,0.3108,0.7144,0.06934,0.0,0.0,-0.08325,0.0,-0.637,0.0,1.215,-0.2576,-0.1948,-0.33,0.685,-0.7925,0.4478,0.5757,-0.0651,-0.154,-0.182,0.8164,-0.489,-0.1231,-0.1401,0.0,0.0,-0.142,0.0,-0.1368,1.38,1.0,0.0,0.0,0.0,1.058,1.0,0.5,1.0,-0.738,0.5713,1.0,0.0,2.0,0.5,0.0,0.0,0.0,1.32
-0.1318,-0.1317,-0.1315,-0.5254,0.4976,0.1356,0.010574,-0.6724,0.4915,0.001155,-0.0913,-0.1545,0.857,0.0792,0.0,0.0,-0.05972,0.0552,-0.6553,0.0,1.217,-0.9326,-0.05524,-0.2715,0.433,-0.769,0.72,-0.2225,-0.02776,0.5757,0.1826,0.5513,-0.29,-0.1201,-0.1398,0.0,0.0,-0.1403,0.0,-0.1416,1.051,1.0,0.0,0.0,0.0,-0.1493,0.0,0.5,0.5,-0.5923,0.374,0.0,1.0,2.0,0.5,0.0,0.0,0.0,-0.1846
-0.1295,-0.1294,-0.129,-0.6655,0.639,0.1356,0.010574,-0.6978,0.6196,0.06665,-0.06836,0.3748,0.857,0.0891,0.0,0.0,-0.1235,-0.00813,-0.6167,0.0,1.22,-0.2252,0.05704,-0.206,0.574,-0.7534,0.7153,0.4746,0.01863,-0.2225,-0.154,-0.182,0.2769,-0.1178,-0.1389,0.0,0.0,-0.1382,0.0,-0.1318,1.029,1.0,0.0,0.0,0.0,0.3174,1.0,0.5,0.5,-0.7363,0.4995,1.0,0.0,2.0,0.5,0.0,0.0,0.0,0.394
-0.1277,-0.1276,-0.1272,-0.4812,0.4526,0.1356,0.010574,-0.711,0.421,0.02377,-0.0535,-0.1538,0.857,0.0891,0.0,0.0,-0.0845,0.03604,-0.637,0.0,1.223,-0.538,0.1476,-0.1361,0.3647,-0.7393,0.8936,-0.2493,0.03995,0.4746,0.5757,0.1826,-0.0725,-0.117,-0.1382,0.0,0.0,-0.1361,0.0,-0.1372,0.722,0.0,0.0,0.0,0.0,-0.2676,0.0,0.5,0.0,-0.5757,0.3018,0.0,1.0,2.0,0.5,0.0,0.0,0.0,-0.3296
-0.1268,-0.1268,-0.1263,-0.1565,0.1205,0.1356,0.010574,-0.773,0.04776,-0.07263,-0.03903,-0.6206,0.857,0.0891,0.0,0.0,0.001627,0.1401,-0.687,0.0,1.225,-0.567,0.2156,-0.06696,0.0005474,-0.7285,0.6025,-0.612,0.00891,-0.2493,-0.2225,-0.154,0.857,-0.11707,-0.1378,0.0,0.0,-0.134,0.0,-0.1501,0.6426,0.0,0.0,0.0,0.0,-0.4612,0.0,0.0,0.0,-0.2522,-0.00619,0.0,2.0,2.0,0.5,0.0,0.0,0.0,-0.5703
-0.127,-0.127,-0.1265,0.2072,-0.2483,0.1356,0.010574,-0.609,-0.376,-0.19,-0.02898,-2.71,0.7144,0.0891,-1.0,0.0,0.1306,0.2466,-0.7485,0.0,1.228,1.015,0.2568,-0.005253,-0.4014,-0.723,0.2515,-0.759,-0.06555,-0.612,0.4746,0.5757,0.8164,-0.11884,-0.1376,0.0,0.0,-0.1321,0.0,-0.1661,0.3992,0.0,0.0,0.0,0.0,-1.164,-1.0,-0.5,0.0,0.11554,-0.342,0.0,3.0,2.0,0.5,0.0,0.0,0.0,-1.455
-0.1273,-0.1273,-0.1268,0.243,-0.288,0.1356,0.3398,-0.62,-0.4612,-0.2075,-0.02159,0.5005,0.5713,0.0891,-1.0,0.0,0.147,0.2664,-0.757,0.0,1.2295,-0.65,0.2693,0.0435,-0.475,-0.7188,-0.0496,-0.0996,-0.2037,-0.759,-0.2493,-0.2224,0.551,-0.12054,-0.1368,0.0,0.0,-0.1298,0.0,-0.1682,0.2725,0.0,0.0,0.0,0.0,-0.0697,-1.0,-1.0,-0.5,0.1525,-0.378,0.0,4.0,2.0,0.5,0.0,0.0,0.0,-0.0882
-0.1277,-0.1277,-0.1271,0.2563,-0.3052,0.1356,0.3105,-0.566,-0.526,-0.218,-0.01336,0.348,0.4285,0.0891,-1.0,0.0,0.1621,0.2722,-0.761,0.0,1.232,0.3875,0.2438,0.07166,-0.4775,-0.7227,-0.01006,-0.05704,-0.2605,-0.0996,-0.612,0.4744,-0.182,-0.1235,-0.1362,0.0,0.0,-0.1285,0.0,-0.1696,0.279,0.0,0.0,0.0,0.0,-0.08905,-2.0,-1.0,-0.5,0.1259,-0.4377,0.0,5.0,2.0,0.5,0.0,0.0,0.0,-0.1129
-0.1304,-0.1304,-0.13,1.133,-1.181,0.1356,-0.679,-0.3813,-1.402,-0.5024,-0.0297,2.482,0.2856,0.0792,-1.0,-1.0,0.4707,0.567,-0.915,0.0,1.234,1.42,0.1787,0.0772,-1.323,-0.7363,-0.151,-1.927,-0.2262,-0.05704,-0.759,-0.2491,0.1825,-0.1295,-0.1366,0.0,0.0,-0.129,0.0,-0.2092,-0.683,0.0,0.0,0.0,0.0,-3.264,-2.0,-1.5,-1.0,1.004,-1.243,0.0,5.617,2.0,0.5,0.0,0.0,0.0,-4.14
-0.1324,-0.1323,-0.1322,0.894,-0.933,-0.2573,-0.679,-0.3884,-1.177,-0.4568,-0.05,-0.0488,0.1428,0.06934,-1.0,-1.0,0.4216,0.5156,-0.8896,0.0,1.237,-0.3513,0.0876,0.0662,-1.102,-0.749,-0.2257,0.3245,-0.19,-1.927,-0.0996,-0.612,-0.1539,-0.136,-0.1367,0.0,0.0,-0.1298,0.0,-0.2029,-0.9,0.0,0.0,0.0,0.0,0.3591,-1.0,-1.0,-1.0,0.7646,-1.015,1.0,0.0,2.0,0.5,0.0,0.0,0.0,0.471
-0.1334,-0.1332,-0.1332,0.4827,-0.5146,-0.2573,-0.679,-0.3845,-0.7485,-0.3481,-0.0688,-0.2996,0.0,0.06934,-1.0,0.0,0.3096,0.395,-0.8306,0.0,1.24,0.0442,-0.02301,0.04382,-0.6904,-0.7583,-0.6504,0.7627,-0.1936,0.3245,-0.057,-0.7583,0.575,-0.1405,-0.1366,0.0,0.0,-0.1296,0.0,-0.1879,-0.8154,0.0,0.0,0.0,0.0,0.686,0.0,-1.0,-1.0,0.4067,-0.57,2.0,0.0,2.0,0.5,0.0,0.0,0.0,0.895
-0.1353,-0.135,-0.135,0.807,-0.8374,-0.2573,-0.679,-0.2893,-1.037,-0.461,-0.09204,0.642,-0.1428,0.05942,-1.0,-1.0,0.435,0.511,-0.892,0.0,1.242,0.3203,-0.1476,0.011,-0.991,-0.771,-0.6577,-0.7817,-0.1791,0.7627,-1.926,-0.0996,-0.2224,-0.1454,-0.1368,0.0,0.0,-0.1299,0.0,-0.2037,-0.943,0.0,0.0,0.0,0.0,-0.739,0.0,-1.0,-1.0,0.7417,-0.856,0.0,1.0,2.0,0.5,0.0,0.0,0.0,-0.9517
-0.137,-0.1367,-0.1368,0.773,-0.7983,-0.2573,-0.679,-0.203,-0.9688,-0.4692,-0.1178,0.06226,-0.2856,0.0495,-1.0,-1.0,0.4514,0.512,-0.8965,0.0,1.245,0.421,-0.2607,-0.0326,-0.9326,-0.786,-1.052,-0.0587,-0.154,-0.7817,0.3242,-0.057,0.4744,-0.1488,-0.137,0.0,0.0,-0.1304,0.0,-0.205,-1.034,0.0,0.0,0.0,0.0,-0.0607,0.0,-1.5,-1.5,0.703,-0.8247,0.0,2.0,2.0,0.5,0.0,0.0,0.0,-0.0792
-0.1388,-0.1384,-0.1387,0.8013,-0.8247,-0.2573,-0.679,-0.2113,-0.963,-0.4958,-0.1436,0.1351,-0.4285,0.0396,-1.0,-1.0,0.479,0.543,-0.9116,0.0,1.247,-0.465,-0.3352,-0.08514,-0.969,-0.7954,-1.099,-0.1909,-0.12427,-0.0587,0.762,-1.926,-0.2491,-0.1525,-0.1372,0.0,0.0,-0.1309,0.0,-0.2089,-1.04,0.0,1.0,0.0,0.0,-0.0933,0.0,-1.5,-1.5,0.7075,-0.8745,0.0,3.0,-0.5,0.5,0.0,0.0,0.0,-0.12195
-0.1418,-0.1415,-0.1418,1.284,-1.309,-0.2573,-0.679,-0.1444,-1.37,-0.6626,-0.1842,0.67,-0.5713,0.02971,-1.0,-1.0,0.665,0.729,-1.003,0.0,1.25,-0.1625,-0.273,-0.138,-1.342,-0.827,-0.956,-1.179,-0.02597,-0.1909,-0.7817,0.3242,-0.612,-0.1581,-0.1375,0.0,0.0,-0.1327,0.0,-0.2323,-1.48,0.0,1.0,0.0,0.0,-1.192,-1.0,-1.5,-2.0,1.212,-1.298,0.0,4.0,-0.5,0.5,0.0,0.0,0.0,-1.562
-0.145,-0.1445,-0.145,1.325,-1.344,-0.2573,-0.679,-0.04398,-1.361,-0.705,-0.2253,0.135,-0.7144,0.0198,-1.0,-1.0,0.7207,0.7695,-1.026,0.0,1.253,0.0882,-0.1721,-0.1792,-1.376,-0.847,-0.767,-0.3157,0.0654,-1.179,-0.0587,0.762,-0.7583,-0.1608,-0.1377,0.0,0.0,-0.1353,0.0,-0.2385,-1.489,0.0,1.0,0.0,0.0,-0.2498,-2.0,-1.5,-2.0,1.239,-1.345,0.0,5.0,-0.5,0.5,0.0,0.0,0.0,-0.334
-0.1466,-0.1461,-0.1466,0.735,-0.75,-0.8506,-0.679,0.001816,-0.72,-0.5576,-0.263,-0.4211,-0.857,0.0099,-1.0,-1.0,0.5635,0.593,-0.947,0.0,1.255,0.7607,-0.0661,-0.2001,-0.7725,-0.866,-0.892,1.058,0.0832,-0.3157,-0.1909,-0.7817,-0.09955,-0.162,-0.1372,0.0,0.0,-0.1376,0.0,-0.2183,-1.265,0.0,1.0,0.0,0.0,1.129,-1.0,-1.0,-2.0,0.725,-0.7134,1.0,0.0,-0.5,0.5,0.0,0.0,0.0,1.517
-0.1488,-0.1483,-0.1487,0.9346,-0.955,-0.8506,-0.679,0.1324,-0.8374,-0.637,-0.3035,0.355,-1.0,0.0,-1.0,-1.0,0.6616,0.673,-0.99,0.0,1.258,0.7817,0.0416,-0.1874,-0.895,-0.891,-0.9834,-0.564,0.11414,1.058,-1.179,-0.05865,-0.057,-0.1658,-0.1377,0.0,0.0,-0.1401,0.0,-0.2295,-1.303,0.0,1.0,0.0,0.0,-0.7046,-1.0,-1.0,-2.0,0.9116,-0.9175,0.0,1.0,-0.5,0.5,0.0,0.0,0.0,-0.93
-0.1498,-0.1494,-0.1497,0.5215,-0.5435,-0.8506,-0.679,0.1803,-0.3691,-0.532,-0.3318,-0.568,-1.143,-0.0099,-1.0,-1.0,0.5527,0.547,-0.933,0.0,1.26,0.3162,0.1248,-0.1469,-0.4534,-0.906,-0.1575,0.7495,0.10565,-0.564,-0.3157,-0.1908,-1.926,-0.1667,-0.1381,0.0,0.0,-0.1422,0.0,-0.215,-0.941,0.0,0.0,0.0,0.0,0.695,0.0,-0.5,-1.5,0.522,-0.512,1.0,0.0,-0.5,0.5,0.0,0.0,0.0,0.9263
-0.1509,-0.1506,-0.1506,0.5615,-0.5923,-0.8506,-0.679,0.03029,-0.3667,-0.5586,-0.3555,0.1329,-1.143,-0.0198,-1.0,-1.0,0.5674,0.5913,-0.947,0.0,1.263,-0.7173,0.1938,-0.08057,-0.4167,-0.9263,-0.3271,-0.1776,0.09705,0.7495,1.058,-1.179,0.3242,-0.168,-0.1389,0.0,0.0,-0.1444,0.0,-0.2186,-0.833,0.0,0.0,0.0,0.0,-0.164,0.0,-1.0,-1.5,0.5684,-0.5513,0.0,1.0,-0.5,0.5,0.0,0.0,0.0,-0.2158
-0.1528,-0.1526,-0.1526,0.864,-0.901,-0.8506,-0.679,0.1359,-0.6245,-0.666,-0.3843,1.267,-1.143,-0.02971,-1.0,-1.0,0.694,0.7065,-1.005,0.0,1.266,0.2832,0.2329,-0.007248,-0.703,-0.939,-0.737,-0.7573,0.07465,-0.1776,-0.564,-0.3154,0.762,-0.1702,-0.1398,0.0,0.0,-0.1475,0.0,-0.2335,-0.946,0.0,0.0,0.0,0.0,-0.7354,0.0,-1.5,-1.5,0.8936,-0.8125,0.0,2.0,-0.5,0.5,0.0,0.0,0.0,-0.9707
-0.1547,-0.1545,-0.1543,0.7915,-0.836,-0.8506,-0.679,0.08716,-0.515,-0.666,-0.4126,-0.0923,-1.143,-0.0396,-1.0,-1.0,0.6895,0.7114,-1.005,0.0,1.268,-0.0607,0.257,0.0636,-0.5986,-0.9565,-0.4585,0.0,0.0441,-0.7573,0.7495,1.058,-0.7817,-0.1702,-0.1406,0.0,0.0,-0.1504,0.0,-0.2336,-0.9365,0.0,0.0,0.0,0.0,0.0,-1.0,-1.5,-1.5,0.7236,-0.8584,0.0,0.0,-1.0,0.5,0.0,0.0,0.0,0.0
-0.1575,-0.1572,-0.1571,1.194,-1.239,-0.8506,-0.679,0.04987,-0.929,-0.806,-0.431,1.277,-1.143,-0.0495,-1.0,-1.0,0.8433,0.883,-1.081,0.0,1.2705,0.7036,0.2766,0.1274,-0.9795,-0.973,-0.501,-1.008,-0.000439,0.0,-0.1776,-0.564,-0.05865,-0.1714,-0.142,0.0,0.0,-0.1543,0.0,-0.2534,-0.752,0.0,0.0,0.0,0.0,-0.903,-1.0,-1.5,-1.5,1.138,-1.218,0.0,1.0,-1.0,0.5,0.0,0.0,0.0,-1.208
-0.1599,-0.1597,-0.1597,1.074,-1.115,-0.8506,-0.679,0.05743,-0.823,-0.7993,-0.452,0.0004187,-1.143,-0.05942,-1.0,-1.0,0.836,0.8735,-1.078,0.0,1.272,-0.1205,0.2832,0.1777,-0.883,-0.986,-0.524,0.0459,-0.065,-1.008,-0.757,0.749,-0.1908,-0.1746,-0.1432,0.0,0.0,-0.158,0.0,-0.2524,-0.8574,0.0,0.0,0.0,0.0,0.0301,-1.0,-1.0,-1.5,0.986,-1.138,1.0,0.0,-1.0,0.5,0.0,0.0,0.0,0.04095
-0.1617,-0.1616,-0.1614,0.817,-0.86,-0.8506,-0.679,-0.000696,-0.5483,-0.748,-0.4766,-0.283,-1.143,-0.06934,-1.0,-1.0,0.773,0.8174,-1.051,0.0,1.275,-0.3943,0.2727,0.2137,-0.6333,-0.998,-0.0539,0.3667,-0.1339,0.0459,0.0,-0.1776,-1.178,-0.1759,-0.1447,0.0,0.0,-0.1609,0.0,-0.2456,-1.028,0.0,0.0,0.0,0.0,0.176,0.0,-0.5,-1.5,0.723,-0.9087,2.0,0.0,-1.0,0.5,0.0,0.0,0.0,0.2394
-0.1644,-0.1643,-0.1642,1.179,-1.224,-0.8506,-0.679,0.0883,-0.894,-0.875,-0.5015,1.019,-1.143,-0.0792,-1.0,-1.0,0.9253,0.9634,-1.12,0.0,1.277,1.055,0.2484,0.2362,-0.9985,-1.011,0.06683,-0.927,-0.1451,0.3667,-1.007,-0.757,-0.3154,-0.1803,-0.147,0.0,0.0,-0.164,0.0,-0.2634,-1.047,0.0,1.0,0.0,0.0,-0.5977,0.0,-0.5,-1.5,1.109,-1.218,0.0,1.0,-1.0,0.5,0.0,0.0,0.0,-0.8076
-0.166,-0.1659,-0.1656,0.7236,-0.7656,-0.8506,-0.679,0.02998,-0.4429,-0.767,-0.5195,-0.4924,-1.143,-0.0891,-1.0,-1.0,0.797,0.837,-1.062,0.0,1.28,0.1412,0.2139,0.2439,-0.5513,-1.023,-0.4954,0.787,-0.2036,-0.927,0.04587,0.0,1.057,-0.183,-0.149,0.0,0.0,-0.1665,0.0,-0.2487,-0.7397,0.0,0.0,0.0,0.0,0.474,1.0,-0.5,-1.0,0.7134,-0.7314,1.0,0.0,-1.0,0.5,0.0,0.0,0.0,0.6504
-0.1686,-0.1685,-0.1683,1.115,-1.16,-0.8506,-0.679,0.1473,-0.8145,-0.9004,-0.544,1.388,-1.143,-0.099,-1.0,-1.0,0.9604,0.9893,-1.135,0.0,1.283,0.5215,0.1547,0.24,-0.952,-1.034,-0.2947,-0.9746,-0.2477,0.787,0.3667,-1.007,-0.564,-0.186,-0.1516,0.0,0.0,-0.1697,0.0,-0.2673,-0.8813,0.0,0.0,0.0,0.0,-0.6274,1.0,-0.5,-1.0,1.07,-1.133,0.0,1.0,-1.0,0.5,0.0,0.0,0.0,-0.85
-0.1711,-0.1709,-0.1709,1.109,-1.151,-0.8506,-0.07446,0.0927,-0.8374,-0.9243,-0.56,0.1788,-1.143,-0.1089,-1.0,-1.0,0.984,1.025,-1.148,0.0,1.285,-0.4543,0.11127,0.2299,-0.9844,-1.043,-0.7456,-0.1858,-0.209,-0.9746,-0.9263,0.04587,0.749,-0.1895,-0.1542,0.0,0.0,-0.1715,0.0,-0.271,-0.6865,0.0,0.0,0.0,0.0,-0.0911,0.0,-1.0,-1.0,1.057,-1.132,0.0,2.0,-1.0,0.5,0.0,0.0,0.0,-0.1255
-0.1722,-0.172,-0.1719,0.5444,-0.5786,-0.8506,-0.07446,0.0872,-0.3115,-0.7812,-0.565,-0.6553,-1.143,-0.11884,-1.0,-1.0,0.8184,0.849,-1.071,0.0,1.288,0.4524,0.0609,0.2108,-0.4534,-1.049,-0.795,1.056,-0.225,-0.1858,0.7866,0.3667,-0.1775,-0.1892,-0.1564,0.0,0.0,-0.1731,0.0,-0.2512,-0.291,0.0,0.0,0.0,0.0,0.7188,0.0,-0.5,-0.5,0.523,-0.57,1.0,0.0,-1.0,0.5,0.0,0.0,0.0,0.9927
-0.1735,-0.1732,-0.1731,0.6006,-0.638,-0.866,-0.07446,0.0617,-0.3508,-0.8105,-0.5806,0.3623,-1.143,-0.1287,-1.0,-1.0,0.849,0.8867,-1.087,0.0,1.29,0.4385,0.01343,0.1844,-0.483,-1.061,-0.507,-0.2136,-0.2852,1.056,-0.9746,-0.9263,-0.757,-0.1893,-0.1588,0.0,0.0,-0.1752,0.0,-0.2554,-0.6743,0.0,0.0,0.0,0.0,-0.1385,0.0,-0.5,-1.0,0.559,-0.6475,0.0,1.0,-1.0,0.5,0.0,0.0,0.0,-0.188
-0.1743,-0.1742,-0.1741,0.4873,-0.526,-0.866,-0.07446,-0.02599,-0.2367,-0.7896,-0.591,-0.3887,-1.143,-0.1387,-1.0,-1.0,0.8174,0.8696,-1.075,0.0,1.293,-0.1006,-0.01776,0.1528,-0.3325,-1.073,-0.5586,0.1532,-0.32,-0.2136,-0.1858,0.7866,0.0,-0.19,-0.1611,0.0,0.0,-0.1768,0.0,-0.2524,-0.4836,0.0,0.0,0.0,0.0,0.07983,0.0,0.0,-0.5,0.4219,-0.57,1.0,0.0,-1.0,0.5,0.0,0.0,0.0,0.10876
-0.1748,-0.1747,-0.1744,0.3157,-0.3584,-0.866,-0.07446,-0.1053,-0.03128,-0.7476,-0.6045,-1.711,-1.0,-0.1486,0.0,-1.0,0.7627,0.826,-1.053,0.0,1.296,-0.414,-0.05002,0.11694,-0.117,-1.084,-0.12146,0.3054,-0.3662,0.1532,1.056,-0.974,-1.007,-0.1884,-0.1636,0.0,0.0,-0.178,0.0,-0.2466,-0.654,0.0,0.0,0.0,0.0,0.1709,1.0,0.5,-0.5,0.2695,-0.3943,2.0,0.0,-1.0,0.5,0.0,0.0,0.0,0.2322
-0.1754,-0.1754,-0.1749,0.3567,-0.4058,-0.866,-0.07446,-0.1064,-0.04398,-0.766,-0.6177,-0.02296,-0.857,-0.1584,0.0,-1.0,0.7837,0.849,-1.0625,0.0,1.298,-0.678,-0.07227,0.07043,-0.1171,-1.095,-0.1251,-0.1368,-0.4114,0.3054,-0.2136,-0.1857,0.04587,-0.1885,-0.1659,0.0,0.0,-0.1792,0.0,-0.2493,-0.6426,0.0,0.0,0.0,0.0,-0.0626,1.0,0.0,-0.5,0.2778,-0.4744,0.0,1.0,-1.0,0.5,0.0,0.0,0.0,-0.08466
-0.1761,-0.1761,-0.1757,0.3953,-0.4478,-0.866,-0.07446,-0.1532,-0.0792,-0.785,-0.6255,-0.4006,-0.7144,-0.1683,0.0,-1.0,0.801,0.8765,-1.073,0.0,1.301,-0.2656,-0.09894,0.03503,-0.131,-1.103,-0.2883,-0.1371,-0.4148,-0.1368,0.1531,1.056,0.3667,-0.187,-0.1681,0.0,0.0,-0.1798,0.0,-0.252,-0.4648,0.0,0.0,0.0,0.0,-0.07654,0.0,-0.5,-0.5,0.323,-0.5063,0.0,2.0,-1.0,0.5,0.0,0.0,0.0,-0.1037
-0.1768,-0.1769,-0.1763,0.3962,-0.4517,-0.866,0.627,-0.1532,-0.0749,-0.793,-0.6333,0.2754,-0.5713,-0.1782,0.0,-1.0,0.81,0.886,-1.078,0.0,1.303,-0.05878,-0.11743,0.001674,-0.0942,-1.113,0.1359,-0.06107,-0.4136,-0.1371,0.3054,-0.2135,-0.9263,-0.1853,-0.1699,0.0,0.0,-0.1803,0.0,-0.2532,-0.4832,0.0,0.0,0.0,0.0,-0.0332,0.0,-0.5,-0.5,0.275,-0.563,0.0,3.0,-1.0,0.5,0.0,0.0,0.0,-0.04507
-0.1782,-0.1782,-0.1776,0.66,-0.7188,-0.867,0.627,-0.2292,-0.3694,-0.881,-0.638,-7.89,-0.5713,-0.1881,-1.0,-1.0,0.9043,1.002,-1.126,0.0,1.306,-0.3557,-0.1337,-0.03226,-0.3682,-1.119,-0.2041,-0.642,-0.4336,-0.06107,-0.1367,0.1531,0.7866,-0.1866,-0.172,0.0,0.0,-0.1818,0.0,-0.2656,-0.3616,0.0,0.0,0.0,0.0,-0.3965,-1.0,-1.0,-0.5,0.5547,-0.7925,0.0,4.0,-1.0,0.5,0.0,0.0,0.0,-0.539
-0.1794,-0.1796,-0.179,0.624,-0.6816,-0.867,0.627,-0.2394,-0.361,-0.8843,-0.643,0.1068,-0.5713,-0.198,-1.0,-1.0,0.907,1.007,-1.128,0.0,1.308,-0.2302,-0.153,-0.06015,-0.347,-1.125,0.2156,-0.0309,-0.4368,-0.642,-0.1371,0.3054,-0.974,-0.1876,-0.174,0.0,0.0,-0.1829,0.0,-0.266,-0.391,0.0,0.0,0.0,0.0,-0.02504,-2.0,-1.0,-1.0,0.5034,-0.775,0.0,5.0,-1.0,0.5,0.0,0.0,0.0,-0.0344
-0.1813,-0.1813,-0.1808,0.809,-0.867,-0.867,0.4434,-0.2466,-0.5557,-0.9526,-0.6553,1.011,-0.5713,-0.2079,-1.0,-1.0,0.9863,1.093,-1.165,0.0,1.311,-0.6187,-0.171,-0.0889,-0.543,-1.133,0.3062,-0.5103,-0.4712,-0.0309,-0.06107,-0.1367,-0.1857,-0.1897,-0.1754,0.0,0.0,-0.1848,0.0,-0.276,-0.7065,0.0,0.0,0.0,0.0,-0.4277,-2.0,-1.0,-1.5,0.6543,-0.983,0.0,5.617,-1.0,0.5,0.0,0.0,0.0,-0.588
-0.1816,-0.1816,-0.1812,0.2668,-0.3193,-0.8564,0.4434,-0.3513,-0.05167,-0.808,-0.652,-1.111,-0.4285,-0.2178,0.0,-1.0,0.809,0.9233,-1.087,0.0,1.313,0.2119,-0.1926,-0.1156,-0.00981,-1.136,-0.1934,1.076,-0.54,-0.5103,-0.6416,-0.1371,1.056,-0.1904,-0.1765,0.0,0.0,-0.186,0.0,-0.2559,0.02263,0.0,0.0,0.0,0.0,0.584,-1.0,-1.0,-1.0,0.1604,-0.4248,1.0,0.0,-1.0,0.5,0.0,0.0,0.0,0.8096
-0.1807,-0.1807,-0.1802,-0.2308,0.1879,-0.274,0.4434,-0.3276,0.47,-0.6553,-0.646,9.16,-0.2856,-0.2278,0.0,-1.0,0.64,0.738,-1.004,0.0,1.315,0.7275,-0.2231,-0.1501,0.51,-1.132,-0.1028,1.118,-0.539,1.076,-0.0309,-0.06104,-0.2135,-0.1891,-0.1775,0.0,0.0,-0.1859,0.0,-0.2346,0.1296,0.0,0.0,0.0,0.0,0.771,0.0,-0.5,-1.0,-0.302,0.0823,2.0,0.0,-1.0,0.5,0.0,0.0,0.0,1.051
-0.18,-0.1799,-0.1796,-0.0973,0.05273,-0.274,0.4434,-0.3972,0.3027,-0.6875,-0.6333,-0.1707,-0.1428,-0.2377,0.0,-1.0,0.6694,0.7827,-1.0205,0.0,1.318,-0.3806,-0.2642,-0.1882,0.3518,-1.125,-0.1222,-0.2255,-0.549,1.118,-0.51,-0.6416,0.1531,-0.1879,-0.1781,0.0,0.0,-0.1862,0.0,-0.239,0.4539,0.0,0.0,0.0,0.0,-0.1483,0.0,-1.0,-1.0,-0.1744,-0.049,0.0,1.0,-1.0,0.5,0.0,0.0,0.0,-0.1982
-0.1796,-0.1794,-0.1791,-0.049,0.0033,-0.274,0.4434,-0.3901,0.214,-0.697,-0.62,-0.08966,0.0,-0.2476,0.0,-1.0,0.6807,0.793,-1.025,0.0,1.32,-0.4202,-0.3127,-0.2275,0.2815,-1.119,-0.2314,-0.06036,-0.534,-0.2255,1.075,-0.03088,0.3054,-0.1866,-0.1788,0.0,0.0,-0.1857,0.0,-0.2402,0.515,0.0,0.0,0.0,0.0,-0.02528,0.0,-1.5,-1.0,-0.1796,-0.1528,0.0,2.0,-1.0,0.5,0.0,0.0,0.0,-0.03394
-0.1783,-0.1782,-0.1779,-0.2993,0.259,-0.274,0.4434,-0.441,0.477,-0.611,-0.61,1.02,0.1428,-0.2573,0.0,-1.0,0.5815,0.697,-0.9785,0.0,1.323,0.03195,-0.3733,-0.2708,0.5195,-1.108,-0.1495,0.619,-0.4941,-0.06036,1.118,-0.51,-0.1367,-0.1832,-0.1792,0.0,0.0,-0.1848,0.0,-0.2284,0.3901,0.0,0.0,0.0,0.0,0.5005,1.0,-1.0,-1.0,-0.3945,0.12177,1.0,0.0,-1.0,0.5,0.0,0.0,0.0,0.6724
-0.1772,-0.1772,-0.1768,-0.2573,0.2175,-0.274,0.4434,-0.516,0.4253,-0.6104,-0.597,0.0472,0.2856,-0.2673,0.0,-1.0,0.5747,0.7036,-0.9785,0.0,1.326,-0.4307,-0.4207,-0.3154,0.4238,-1.094,-0.03162,0.0,-0.4631,0.619,-0.2255,1.075,-0.1371,-0.1797,-0.1791,0.0,0.0,-0.1842,0.0,-0.2285,0.5073,0.0,0.0,0.0,0.0,0.0,0.0,-1.0,-1.0,-0.3638,0.07135,0.0,0.0,-1.0,0.5,0.0,0.0,0.0,0.0
-0.1752,-0.175,-0.1748,-0.5957,0.5654,-0.274,0.4434,-0.5044,0.7866,-0.4868,-0.5786,0.8765,0.4285,-0.2773,0.0,-1.0,0.443,0.561,-0.9116,0.0,1.328,0.2286,-0.4397,-0.3567,0.8013,-1.085,0.0568,0.8823,-0.3945,0.0,-0.06036,1.117,-0.06104,-0.1737,-0.1785,0.0,0.0,-0.1825,0.0,-0.2113,0.714,0.0,0.0,0.0,0.0,0.517,0.0,-0.5,-1.0,-0.6543,0.445,1.0,0.0,-1.0,0.5,0.0,0.0,0.0,0.6875
-0.1732,-0.173,-0.1729,-0.5996,0.573,-0.274,0.4434,-0.5,0.802,-0.4624,-0.5615,0.1609,0.4285,-0.287,0.0,-1.0,0.4177,0.533,-0.898,0.0,1.331,-0.3494,-0.4182,-0.389,0.8027,-1.071,0.4636,0.1768,-0.3254,0.8823,0.619,-0.2255,-0.6416,-0.1693,-0.1782,0.0,0.0,-0.1812,0.0,-0.2079,0.684,0.0,0.0,0.0,0.0,0.1504,1.0,0.0,-1.0,-0.6587,0.4526,2.0,0.0,-1.0,0.5,0.0,0.0,0.0,0.197
-0.1708,-0.1705,-0.1705,-0.715,0.6953,-0.274,0.4434,-0.4763,0.928,-0.4004,-0.5396,0.2947,0.4285,-0.287,0.0,0.0,0.3552,0.4614,-0.864,0.0,1.333,-0.318,-0.362,-0.4062,0.9253,-1.057,0.6216,0.4407,-0.2632,0.1768,0.0,-0.06033,-0.03088,-0.166,-0.1775,0.0,0.0,-0.1788,0.0,-0.1992,0.8633,1.0,0.0,0.0,0.0,0.3625,2.0,0.5,-0.5,-0.754,0.587,3.0,0.0,-1.0,0.5,0.0,0.0,0.0,0.4736
-0.1688,-0.1686,-0.1686,-0.5503,0.5312,-0.274,0.4434,-0.466,0.739,-0.4297,-0.519,-0.05612,0.4285,-0.287,0.0,0.0,0.3865,0.493,-0.8784,0.0,1.336,-0.2556,-0.2964,-0.4075,0.755,-1.045,1.025,-0.1896,-0.2382,0.4407,0.882,0.619,-0.51,-0.1627,-0.1772,0.0,0.0,-0.1766,0.0,-0.2031,0.8306,1.0,0.0,0.0,0.0,-0.1023,1.0,0.5,-0.5,-0.594,0.4304,0.0,1.0,-1.0,0.5,0.0,0.0,0.0,-0.1327
-0.1669,-0.1666,-0.1666,-0.559,0.541,-0.274,0.4434,-0.5073,0.726,-0.4058,-0.4958,0.1265,0.4285,-0.287,0.0,0.0,0.358,0.4705,-0.8647,0.0,1.339,-0.6514,-0.2307,-0.3936,0.7676,-1.033,0.711,0.1755,-0.192,-0.1896,0.1768,0.0,1.075,-0.1589,-0.1768,0.0,0.0,-0.1749,0.0,-0.1997,0.9,1.0,0.0,0.0,0.0,0.07214,2.0,0.5,0.0,-0.627,0.4138,1.0,0.0,-1.0,0.5,0.0,0.0,0.0,0.0938
-0.1643,-0.164,-0.1641,-0.771,0.757,-0.274,0.4434,-0.513,0.908,-0.3132,-0.4617,0.3804,0.5713,-0.287,0.0,0.0,0.2627,0.3694,-0.8135,0.0,1.341,-0.3105,-0.1584,-0.355,0.975,-1.015,0.3264,0.6562,-0.13,0.1755,0.4407,0.882,1.117,-0.155,-0.1757,0.0,0.0,-0.1727,0.0,-0.1866,1.372,1.0,0.0,0.0,0.0,0.4258,2.0,0.5,0.5,-0.795,0.6606,2.0,0.0,-1.0,0.5,0.0,0.0,0.0,0.5522
-0.1624,-0.1621,-0.1621,-0.5425,0.523,-0.274,0.4434,-0.5347,0.604,-0.3643,-0.4307,-0.183,0.7144,-0.287,0.0,0.0,0.3125,0.427,-0.84,0.0,1.344,-0.636,-0.0821,-0.2964,0.6714,-0.993,0.554,-0.3318,-0.0965,0.6562,-0.1896,0.1768,-0.2253,-0.1517,-0.1748,0.0,0.0,-0.1708,0.0,-0.1934,1.1875,1.0,0.0,0.0,0.0,-0.1558,1.0,0.5,0.5,-0.587,0.4219,0.0,1.0,-1.0,0.5,0.0,0.0,0.0,-0.1998
-0.16,-0.1599,-0.1598,-0.6597,0.6367,-0.274,0.4434,-0.538,0.6475,-0.3064,-0.392,0.2087,0.857,-0.287,0.0,0.0,0.2532,0.3643,-0.8066,0.0,1.346,-0.603,-0.000535,-0.2197,0.707,-0.9653,0.6973,0.4207,-0.05057,-0.3318,0.1755,0.4404,-0.06033,-0.1493,-0.1732,0.0,0.0,-0.1687,0.0,-0.1849,1.478,1.0,0.0,0.0,0.0,0.217,1.0,1.0,1.0,-0.726,0.503,1.0,0.0,-1.0,0.5,0.0,0.0,0.0,0.28
-0.1586,-0.1584,-0.1581,-0.4053,0.3738,-0.274,0.4434,-0.613,0.323,-0.3696,-0.3657,-0.3237,0.857,-0.287,0.0,0.0,0.311,0.4404,-0.84,0.0,1.349,-0.8315,0.06274,-0.1447,0.3955,-0.949,0.5405,-0.4177,-0.03412,0.4207,0.6562,-0.1895,0.619,-0.148,-0.1719,0.0,0.0,-0.1669,0.0,-0.1935,1.129,1.0,0.0,0.0,0.0,-0.156,1.0,0.5,0.5,-0.5186,0.2086,0.0,1.0,-1.0,0.5,0.0,0.0,0.0,-0.2
-0.1562,-0.1562,-0.1559,-0.646,0.616,-0.274,0.4434,-0.7144,0.5615,-0.2737,-0.343,0.7407,0.857,-0.287,0.0,0.0,0.2045,0.3457,-0.786,0.0,1.351,-0.3364,0.11615,-0.0717,0.6196,-0.931,0.6284,0.682,-0.005714,-0.4177,-0.3318,0.1755,0.0,-0.1461,-0.1704,0.0,0.0,-0.1644,0.0,-0.1798,1.058,1.0,0.0,0.0,0.0,0.4387,1.0,1.0,0.5,-0.7207,0.4749,1.0,0.0,-1.0,0.5,0.0,0.0,0.0,0.566
-0.1536,-0.1536,-0.1532,-0.7974,0.7695,-0.274,0.4434,-0.716,0.6997,-0.197,-0.3123,0.3665,0.857,-0.287,0.0,0.0,0.128,0.2644,-0.744,0.0,1.354,-0.327,0.1682,-0.0002496,0.748,-0.9097,0.3257,0.531,0.02933,0.682,0.4207,0.6562,0.882,-0.143,-0.1683,0.0,0.0,-0.1616,0.0,-0.1692,1.296,1.0,0.0,0.0,0.0,0.409,1.0,1.0,1.0,-0.839,0.652,2.0,0.0,-1.0,0.5,0.0,0.0,0.0,0.522
-0.1503,-0.1501,-0.1498,-1.031,1.008,-0.274,0.4434,-0.69,0.9272,-0.0851,-0.274,0.4492,0.857,-0.287,0.0,0.0,0.02104,0.145,-0.6826,0.0,1.356,-0.0199,0.217,0.07,0.9854,-0.886,0.345,0.7676,0.0582,0.531,-0.4177,-0.3318,0.1768,-0.1387,-0.1663,0.0,0.0,-0.158,0.0,-0.1534,1.432,1.0,0.0,0.0,0.0,0.604,2.0,1.0,1.5,-1.051,0.896,3.0,0.0,-1.0,0.5,0.0,0.0,0.0,0.7637
-0.147,-0.147,-0.1466,-0.9614,0.937,-0.274,0.4434,-0.741,0.8364,-0.0719,-0.2402,0.04773,0.857,-0.287,0.0,0.0,0.003778,0.1362,-0.675,0.0,1.358,-0.6445,0.2722,0.1409,0.862,-0.8584,0.2651,0.09827,0.06235,0.7676,0.6816,0.4207,0.4404,-0.1355,-0.1637,0.0,0.0,-0.1543,0.0,-0.1515,1.374,1.0,0.0,0.0,0.0,0.0705,2.0,1.0,1.5,-0.9814,0.83,4.0,0.0,-0.5,0.5,0.0,0.0,0.0,0.088
-0.1451,-0.1451,-0.1448,-0.501,0.4695,-0.274,0.7983,-0.628,0.3108,-0.1965,-0.2137,-0.463,0.857,-0.287,0.0,0.0,0.1354,0.2554,-0.7417,0.0,1.361,0.5903,0.3381,0.2094,0.269,-0.829,0.478,-0.827,-0.02634,0.09827,0.531,-0.4177,-0.1895,-0.1332,-0.1615,0.0,0.0,-0.1508,0.0,-0.169,0.8877,1.0,0.0,0.0,0.0,-0.8936,2.0,1.0,1.5,-0.549,0.3684,0.0,1.0,-0.5,0.5,0.0,0.0,0.0,-1.114
-0.1433,-0.1433,-0.143,-0.4963,0.4624,-0.274,0.7983,-0.7056,0.2935,-0.1785,-0.1936,0.09845,0.857,-0.287,0.0,0.0,0.11053,0.2437,-0.7314,0.0,1.363,-0.6733,0.3804,0.262,0.2422,-0.8145,0.478,0.1279,-0.079,-0.827,0.7676,0.6816,0.1754,-0.1315,-0.1595,0.0,0.0,-0.1478,0.0,-0.1664,0.737,0.0,0.0,0.0,0.0,0.0984,2.0,1.0,1.5,-0.5464,0.3594,1.0,0.0,-0.5,0.5,0.0,0.0,0.0,0.1243
-0.142,-0.142,-0.1415,-0.3325,0.2944,-0.3337,0.7983,-0.736,0.1081,-0.2155,-0.178,-0.3547,0.857,-0.287,0.0,0.0,0.1444,0.2856,-0.751,0.0,1.366,-0.785,0.406,0.303,0.03528,-0.8,0.2386,-0.2411,-0.1041,0.1279,0.09827,0.531,0.6562,-0.1293,-0.1577,0.0,0.0,-0.1456,0.0,-0.1714,0.568,0.0,0.0,0.0,0.0,-0.1488,1.0,0.5,1.0,-0.4014,0.1833,0.0,1.0,-0.5,0.5,0.0,0.0,0.0,-0.1877
-0.1403,-0.1403,-0.1398,-0.4783,0.4417,-0.3337,0.7983,-0.7217,0.26,-0.152,-0.1622,0.8896,0.857,-0.287,0.0,0.0,0.0832,0.2175,-0.716,0.0,1.369,-0.08624,0.4148,0.3323,0.1783,-0.7876,0.4436,0.4414,-0.1411,-0.2411,-0.8267,0.7676,-0.3318,-0.1277,-0.1558,0.0,0.0,-0.1432,0.0,-0.1625,0.572,0.0,0.0,0.0,0.0,0.2372,1.0,1.0,1.0,-0.5254,0.343,1.0,0.0,-0.5,0.5,0.0,0.0,0.0,0.3003
-0.1375,-0.1375,-0.137,-0.804,0.773,-0.3337,0.7983,-0.699,0.603,-0.01918,-0.1362,1.1455,0.857,-0.287,0.0,0.0,-0.04285,0.07837,-0.6426,0.0,1.371,0.1559,0.4038,0.3506,0.543,-0.775,0.3135,0.905,-0.1655,0.4414,0.1279,0.0982,0.4204,-0.1252,-0.1534,0.0,0.0,-0.14,0.0,-0.1438,0.867,1.0,0.0,0.0,0.0,0.639,1.0,1.0,1.5,-0.7954,0.7095,2.0,0.0,-0.5,0.5,0.0,0.0,0.0,0.8037
-0.135,-0.135,-0.1345,-0.709,0.676,-0.3337,0.7983,-0.702,0.497,-0.02275,-0.1121,-0.01888,0.857,-0.287,0.0,0.0,-0.03973,0.0823,-0.644,0.0,1.374,-0.612,0.3718,0.36,0.4578,-0.7617,0.6255,-0.01392,-0.1814,0.905,-0.2411,-0.8267,-0.4175,-0.1244,-0.1511,0.0,0.0,-0.1372,0.0,-0.1443,0.827,1.0,0.0,0.0,0.0,-0.01131,1.0,1.0,1.0,-0.739,0.578,0.0,1.0,-0.5,0.5,0.0,0.0,0.0,-0.014
-0.1335,-0.1335,-0.133,-0.3694,0.3315,-0.3337,0.7983,-0.689,0.1439,-0.1137,-0.09894,-0.4897,0.857,-0.287,0.0,0.0,0.04883,0.1744,-0.693,0.0,1.376,-0.3386,0.3284,0.364,0.0903,-0.7495,0.4111,-0.5986,-0.2418,-0.01392,0.4414,0.1278,0.6816,-0.1248,-0.149,0.0,0.0,-0.1349,0.0,-0.1569,0.3918,0.0,0.0,0.0,0.0,-0.4783,0.0,0.5,0.5,-0.405,0.2537,0.0,2.0,-0.5,0.5,0.0,0.0,0.0,-0.5923
-0.1318,-0.132,-0.1313,-0.4314,0.3926,-0.3337,0.7983,-0.6997,0.1954,-0.07745,-0.08093,0.3608,0.857,-0.287,0.0,0.0,0.01284,0.1381,-0.6724,0.0,1.379,-0.7954,0.2737,0.3552,0.1675,-0.7417,0.2041,0.2532,-0.2644,-0.5986,0.9043,-0.241,0.5303,-0.12317,-0.1467,0.0,0.0,-0.1328,0.0,-0.1517,0.605,0.0,0.0,0.0,0.0,0.11145,1.0,0.5,1.0,-0.4714,0.3054,1.0,0.0,-0.5,0.5,0.0,0.0,0.0,0.1394
-0.13,-0.13,-0.1294,-0.5166,0.478,-0.3337,0.7983,-0.7,0.2842,-0.03018,-0.06323,0.4568,0.857,-0.287,0.0,0.0,-0.03244,0.08966,-0.646,0.0,1.381,-0.7056,0.2264,0.3396,0.254,-0.73,-0.1387,0.3223,-0.2803,0.2532,-0.01392,0.4412,0.7676,-0.1212,-0.1442,0.0,0.0,-0.1307,0.0,-0.1451,0.5845,0.0,0.0,0.0,0.0,0.2686,1.0,0.5,1.0,-0.556,0.3845,2.0,0.0,-0.5,0.5,0.0,0.0,0.0,0.3345
-0.1289,-0.1289,-0.1283,-0.2563,0.2108,-0.3337,0.7983,-0.663,-0.01243,-0.0996,-0.04553,-0.672,0.857,-0.287,0.0,0.0,0.03748,0.1573,-0.6836,0.0,1.384,-0.5483,0.1636,0.3154,-0.01168,-0.723,-0.166,-0.4597,-0.3022,0.3223,-0.5986,0.9043,0.0982,-0.1196,-0.1417,0.0,0.0,-0.1293,0.0,-0.1548,0.5576,0.0,0.0,0.0,0.0,-0.289,0.0,0.0,1.0,-0.3206,0.11084,0.0,1.0,-0.5,0.5,0.0,0.0,0.0,-0.3582
-0.1271,-0.1272,-0.1263,-0.492,0.4485,-0.3337,0.7983,-0.6206,0.2312,-0.00605,-0.02847,2.744,0.857,-0.287,0.0,0.0,-0.04825,0.0575,-0.6323,0.0,1.387,0.2646,0.09247,0.2822,0.2327,-0.7124,0.2522,0.632,-0.325,-0.4597,0.2532,-0.01392,-0.8267,-0.1177,-0.1387,0.0,0.0,-0.1272,0.0,-0.1417,0.5503,0.0,0.0,0.0,0.0,0.4932,1.0,0.5,1.0,-0.536,0.3518,1.0,0.0,-0.5,0.5,0.0,0.0,0.0,0.6157
-0.1272,-0.1273,-0.1266,0.2014,-0.2524,-0.3337,0.488,-0.4941,-0.4768,-0.2214,-0.02875,-2.1,0.7144,-0.287,-1.0,0.0,0.172,0.2688,-0.75,0.0,1.389,0.01915,0.010704,0.2343,-0.481,-0.7104,0.2566,-1.432,-0.3726,0.632,0.322,-0.5986,0.1278,-0.1202,-0.1368,0.0,0.0,-0.1262,0.0,-0.172,-0.1597,0.0,0.0,0.0,0.0,-1.462,1.0,0.0,0.5,0.1514,-0.3015,0.0,1.0,-0.5,0.5,0.0,0.0,0.0,-1.807
-0.1267,-0.1268,-0.1261,-0.03,-0.0184,-0.3337,0.488,-0.551,-0.2172,-0.1462,-0.03204,-0.6445,0.5713,-0.287,-1.0,0.0,0.0929,0.1952,-0.709,0.0,1.392,-0.715,-0.07886,0.1755,-0.2255,-0.712,0.3672,0.5127,-0.3955,-1.432,-0.4597,0.2532,-0.241,-0.1217,-0.1353,0.0,0.0,-0.1254,0.0,-0.1616,-0.2432,0.0,0.0,0.0,0.0,0.484,1.0,0.5,0.5,-0.04504,-0.0474,1.0,0.0,-0.5,0.5,0.0,0.0,0.0,0.613
-0.1263,-0.1265,-0.1257,0.00398,-0.05316,-0.3337,0.488,-0.582,-0.2217,-0.1526,-0.03632,0.1913,0.4285,-0.287,-1.0,0.0,0.0962,0.2047,-0.7124,0.0,1.394,-0.9326,-0.1617,0.10944,-0.2262,-0.7153,0.171,-0.04236,-0.4417,0.5127,0.632,0.322,0.4412,-0.12213,-0.1335,0.0,0.0,-0.1243,0.0,-0.1625,-0.2903,0.0,0.0,0.0,0.0,-0.02864,0.0,0.0,0.0,-0.05444,-0.1267,0.0,1.0,-0.5,0.5,0.0,0.0,0.0,-0.03595
-0.1259,-0.126,-0.1252,-0.04025,-0.00996,-0.3337,0.488,-0.6694,-0.1768,-0.1334,-0.03156,-0.3196,0.2856,-0.287,-1.0,0.0,0.0697,0.1931,-0.702,0.0,1.396,-0.3745,-0.2217,0.04614,-0.1727,-0.7144,-0.2869,0.1271,-0.4724,-0.04236,-1.431,-0.4597,0.9043,-0.12286,-0.1317,0.0,0.0,-0.1235,0.0,-0.16,0.04333,0.0,0.0,0.0,0.0,0.10657,1.0,0.0,0.5,-0.09546,-0.0835,1.0,0.0,-0.5,0.5,0.0,0.0,0.0,0.1338
-0.1252,-0.1254,-0.12463,-0.0733,0.02333,-0.3337,0.488,-0.6284,-0.1383,-0.11676,-0.02716,-0.5415,0.1428,-0.287,-1.0,0.0,0.0572,0.1718,-0.693,0.0,1.399,-0.1873,-0.28,-0.0233,-0.1362,-0.711,-0.317,0.11273,-0.543,0.1271,0.512,0.632,-0.013916,-0.12396,-0.1301,0.0,0.0,-0.12225,0.0,-0.1578,0.03857,0.0,0.0,0.0,0.0,0.1008,1.0,0.5,0.5,-0.1333,-0.058,2.0,0.0,-0.5,0.5,0.0,0.0,0.0,0.1265
-0.1251,-0.1252,-0.12445,0.0697,-0.12244,-0.3337,0.488,-0.596,-0.2913,-0.1581,-0.02264,7.395,0.0,-0.287,-1.0,0.0,0.1004,0.2119,-0.716,0.0,1.401,-0.695,-0.336,-0.0985,-0.2795,-0.71,-0.03882,-0.2812,-0.5767,0.11273,-0.04233,-1.431,-0.5986,-0.1247,-0.1287,0.0,0.0,-0.1217,0.0,-0.1637,0.02193,0.0,0.0,0.0,0.0,-0.1976,1.0,0.5,0.5,-0.006645,-0.2104,0.0,1.0,-0.5,0.5,0.0,0.0,0.0,-0.2473
-0.1248,-0.125,-0.1242,0.04443,-0.09705,-0.3337,0.488,-0.61,-0.2593,-0.1471,-0.02151,-0.05624,-0.1428,-0.287,-1.0,0.0,0.0884,0.2017,-0.71,0.0,1.404,-0.2208,-0.3943,-0.1759,-0.24,-0.711,-0.1826,0.0707,-0.5874,-0.2812,0.1271,0.512,0.2532,-0.1265,-0.1276,0.0,0.0,-0.1214,0.0,-0.1624,-0.11017,0.0,0.0,0.0,0.0,0.0856,1.0,0.5,0.5,-0.074,-0.2328,1.0,0.0,-0.5,0.5,0.0,0.0,0.0,0.10754
-0.12494,-0.1251,-0.12427,0.1586,-0.213,-0.3337,0.488,-0.6245,-0.3394,-0.1821,-0.03099,0.7515,-0.2856,-0.287,-1.0,0.0,0.12146,0.2399,-0.7295,0.0,1.406,-0.04428,-0.4514,-0.2527,-0.3413,-0.7134,-0.3716,-0.24,-0.5825,0.0707,0.11273,-0.04233,0.322,-0.126,-0.1266,0.0,0.0,-0.12177,0.0,-0.1675,-0.6064,0.0,0.0,0.0,0.0,-0.281,1.0,0.0,0.0,0.0452,-0.3345,0.0,1.0,-0.5,0.5,0.0,0.0,0.0,-0.3528
-0.125,-0.1251,-0.1243,0.1495,-0.2042,-0.716,0.488,-0.593,-0.2961,-0.1792,-0.03998,-0.06805,-0.4285,-0.287,-1.0,0.0,0.12146,0.2338,-0.728,0.0,1.409,-0.2352,-0.504,-0.3213,-0.2937,-0.72,-0.1869,0.014175,-0.581,-0.24,-0.2812,0.1271,-0.4595,-0.1265,-0.1259,0.0,0.0,-0.12225,0.0,-0.1674,-0.594,0.0,0.0,0.0,0.0,0.02104,1.0,0.5,0.5,0.005775,-0.3594,1.0,0.0,-0.5,0.5,0.0,0.0,0.0,0.02654
-0.1249,-0.125,-0.1242,0.0978,-0.152,-0.716,0.488,-0.633,-0.2296,-0.1621,-0.04263,-0.2603,-0.5713,-0.287,-1.0,0.0,0.101,0.2195,-0.719,0.0,1.411,-0.7515,-0.544,-0.3735,-0.2211,-0.7236,-0.5386,0.11334,-0.5884,0.014175,0.0707,0.11273,0.6313,-0.1266,-0.125,0.0,0.0,-0.122,0.0,-0.1652,-0.2947,0.0,0.0,0.0,0.0,0.07416,1.0,0.5,1.0,-0.05014,-0.3157,2.0,0.0,-0.5,0.5,0.0,0.0,0.0,0.09344
-0.12494,-0.1251,-0.12427,0.1509,-0.2058,-0.716,0.488,-0.623,-0.261,-0.1774,-0.04782,0.442,-0.7144,-0.287,-1.0,0.0,0.1169,0.2346,-0.728,0.0,1.414,-0.6357,-0.5757,-0.4236,-0.2627,-0.7256,0.1473,-0.11316,-0.5894,0.11334,-0.24,-0.2812,-1.431,-0.1272,-0.1242,0.0,0.0,-0.122,0.0,-0.1676,-0.4827,0.0,0.0,0.0,0.0,-0.0501,1.0,0.5,0.5,-0.01141,-0.381,0.0,1.0,-0.5,0.5,0.0,0.0,0.0,-0.06305
-0.1266,-0.1267,-0.126,0.707,-0.7646,-0.716,0.488,-0.516,-0.786,-0.3574,-0.0667,4.094,-0.857,-0.287,-1.0,0.0,0.3074,0.418,-0.827,0.0,1.417,0.3545,-0.5566,-0.468,-0.784,-0.7383,-0.0978,-1.233,-0.528,-0.11316,0.014175,0.0706,0.512,-0.1304,-0.1243,0.0,0.0,-0.1226,0.0,-0.1931,-1.07,0.0,1.0,0.0,0.0,-1.454,0.0,0.0,0.0,0.5493,-0.892,0.0,2.0,-0.5,0.5,0.0,0.0,0.0,-1.833
-0.1289,-0.1289,-0.1284,0.986,-1.039,-0.716,0.16,-0.4553,-1.048,-0.4597,-0.08746,0.572,-1.0,-0.297,-1.0,-1.0,0.419,0.5254,-0.8843,0.0,1.419,-0.03732,-0.5127,-0.5034,-1.066,-0.749,-0.151,-0.7236,-0.4187,-1.233,0.11334,-0.2399,-0.04233,-0.1344,-0.1246,0.0,0.0,-0.124,0.0,-0.2078,-1.126,0.0,1.0,0.0,0.0,-0.5176,0.0,0.0,0.0,0.812,-1.162,0.0,3.0,-0.5,0.5,0.0,0.0,0.0,-0.666
-0.1305,-0.1305,-0.1299,0.68,-0.731,-1.073,0.16,-0.531,-0.7207,-0.386,-0.1098,-0.242,-1.143,-0.297,-1.0,0.0,0.3352,0.4507,-0.845,0.0,1.422,-0.381,-0.4631,-0.519,-0.771,-0.7603,-0.3242,0.498,-0.3857,-0.7236,-0.11316,0.014175,0.1271,-0.1376,-0.12476,0.0,0.0,-0.1257,0.0,-0.1979,-1.218,0.0,1.0,0.0,0.0,0.2961,0.0,0.0,0.0,0.4736,-0.913,1.0,0.0,-0.5,0.5,0.0,0.0,0.0,0.386
-0.1312,-0.1312,-0.1307,0.4077,-0.4558,-0.9004,0.16,-0.6313,-0.459,-0.3123,-0.1142,-0.3313,-1.143,-0.297,-1.0,0.0,0.2507,0.3794,-0.8066,0.0,1.424,-0.2542,-0.421,-0.5137,-0.4968,-0.767,-0.4722,0.494,-0.3857,0.498,-1.232,0.11334,0.1127,-0.1394,-0.1246,0.0,0.0,-0.1271,0.0,-0.1881,-0.4885,0.0,0.0,0.0,0.0,0.408,0.0,0.0,0.5,0.2174,-0.6416,2.0,0.0,-0.5,0.5,0.0,0.0,0.0,0.5273
-0.1326,-0.1326,-0.1321,0.616,-0.6646,-0.9004,0.16,-0.572,-0.6504,-0.3848,-0.1277,0.7544,-1.143,-0.297,-1.0,0.0,0.3306,0.4534,-0.8477,0.0,1.427,0.0496,-0.3774,-0.4902,-0.691,-0.7764,-0.4004,-0.5186,-0.3545,0.494,-0.723,-0.1131,-0.2812,-0.1421,-0.12494,0.0,0.0,-0.1283,0.0,-0.1987,-0.994,0.0,0.0,0.0,0.0,-0.4712,0.0,0.0,0.0,0.437,-0.822,0.0,1.0,-0.5,0.5,0.0,0.0,0.0,-0.6035
-0.134,-0.134,-0.1335,0.663,-0.71,-0.9004,0.16,-0.5005,-0.683,-0.411,-0.1423,0.2101,-1.143,-0.297,-1.0,0.0,0.364,0.4756,-0.864,0.0,1.43,-0.2004,-0.3337,-0.4583,-0.737,-0.785,-0.5195,-0.2035,-0.329,-0.5186,0.4978,-1.232,0.0706,-0.1455,-0.1256,0.0,0.0,-0.1299,0.0,-0.2029,-1.04,0.0,1.0,0.0,0.0,-0.1831,0.0,-0.5,0.0,0.4844,-0.8633,0.0,2.0,-0.5,0.5,0.0,0.0,0.0,-0.2367
-0.1348,-0.1346,-0.1343,0.386,-0.429,-0.9004,0.16,-0.4597,-0.3848,-0.3352,-0.1543,-0.4336,-1.143,-0.297,-1.0,0.0,0.2896,0.3882,-0.8237,0.0,1.432,-0.2498,-0.294,-0.4226,-0.443,-0.794,-0.4946,0.5103,-0.3435,-0.2035,0.494,-0.723,-0.2399,-0.1478,-0.1263,0.0,0.0,-0.1315,0.0,-0.1929,-0.811,0.0,0.0,0.0,0.0,0.717,1.0,0.0,0.0,0.2449,-0.563,1.0,0.0,-0.5,0.5,0.0,0.0,0.0,0.9297
-0.1354,-0.1354,-0.1349,0.368,-0.4126,-0.9004,0.16,-0.4888,-0.334,-0.335,-0.1674,-0.0636,-1.143,-0.297,-1.0,0.0,0.2866,0.3906,-0.8247,0.0,1.435,-0.483,-0.262,-0.3877,-0.3997,-0.8022,-0.5615,-0.014465,-0.347,0.5103,-0.5186,0.4978,0.01417,-0.1477,-0.1272,0.0,0.0,-0.1326,0.0,-0.1932,-0.8823,0.0,0.0,0.0,0.0,-0.0149,0.0,-0.5,-0.5,0.2146,-0.561,0.0,1.0,-0.5,0.5,0.0,0.0,0.0,-0.01917
-0.1359,-0.1359,-0.1354,0.3262,-0.3713,-0.9004,0.16,-0.49,-0.2664,-0.326,-0.1774,-0.1962,-1.143,-0.297,-1.0,0.0,0.2776,0.381,-0.8213,0.0,1.437,-0.4836,-0.2416,-0.3591,-0.343,-0.8086,-0.68,0.0434,-0.388,-0.014465,-0.2034,0.4937,0.11334,-0.1462,-0.1277,0.0,0.0,-0.1342,0.0,-0.1925,-0.765,0.0,0.0,0.0,0.0,0.0469,0.0,-0.5,0.0,0.1746,-0.5215,1.0,0.0,-0.5,0.5,0.0,0.0,0.0,0.06033
-0.1364,-0.1364,-0.1359,0.2942,-0.3413,-0.9004,0.16,-0.5186,-0.204,-0.3193,-0.1879,-0.3093,-1.143,-0.297,-1.0,0.0,0.2683,0.3765,-0.8193,0.0,1.439,-0.5034,-0.2277,-0.3325,-0.2778,-0.8174,-0.687,0.0289,-0.3838,0.0434,0.5103,-0.5186,-0.1131,-0.1456,-0.1282,0.0,0.0,-0.1348,0.0,-0.192,-0.791,0.0,0.0,0.0,0.0,0.01927,1.0,0.0,0.0,0.1345,-0.5024,2.0,0.0,-0.5,0.5,0.0,0.0,0.0,0.02477
-0.1373,-0.1373,-0.1367,0.4724,-0.5225,-0.9004,0.16,-0.4744,-0.3613,-0.38,-0.2,2.086,-1.143,-0.297,-1.0,0.0,0.3342,0.4387,-0.8535,0.0,1.442,0.3645,-0.2148,-0.3037,-0.4158,-0.829,-0.1193,-0.4333,-0.382,0.0289,-0.01446,-0.2034,-1.232,-0.1467,-0.1287,0.0,0.0,-0.136,0.0,-0.2008,-0.8516,0.0,0.0,0.0,0.0,-0.361,1.0,0.0,0.0,0.3245,-0.657,0.0,1.0,-0.5,0.5,0.0,0.0,0.0,-0.4639
-0.1385,-0.1387,-0.1381,0.596,-0.65,-0.9004,0.16,-0.514,-0.4644,-0.4272,-0.2147,0.6016,-1.143,-0.297,-1.0,0.0,0.3796,0.4949,-0.881,0.0,1.444,-0.747,-0.1968,-0.2715,-0.505,-0.843,0.2235,-0.349,-0.3733,-0.4333,0.0434,0.5103,-0.723,-0.1475,-0.1296,0.0,0.0,-0.1373,0.0,-0.2079,-0.9604,0.0,0.0,0.0,0.0,-0.2335,0.0,0.0,-0.5,0.454,-0.7686,0.0,2.0,-0.5,0.5,0.0,0.0,0.0,-0.3022
-0.1401,-0.1403,-0.1395,0.6963,-0.7534,-0.9004,0.16,-0.4956,-0.5386,-0.4714,-0.2344,0.376,-1.143,-0.307,-1.0,-1.0,0.4275,0.5425,-0.906,0.0,1.447,-0.605,-0.1846,-0.2417,-0.595,-0.8535,-0.01869,-0.322,-0.365,-0.349,0.0289,-0.01446,0.4978,-0.1486,-0.1311,0.0,0.0,-0.139,0.0,-0.2145,-1.107,0.0,1.0,0.0,0.0,-0.2375,0.0,-0.5,-1.0,0.5605,-0.8574,0.0,3.0,-0.5,0.5,0.0,0.0,0.0,-0.3093
-0.141,-0.1411,-0.1403,0.4172,-0.4753,-0.9004,0.16,-0.4453,-0.2347,-0.399,-0.2494,-0.6436,-1.143,-0.307,-1.0,0.0,0.3562,0.4568,-0.867,0.0,1.449,0.095,-0.1862,-0.2185,-0.3083,-0.8613,-0.3013,0.5005,-0.3896,-0.322,-0.4333,0.04337,0.4937,-0.1495,-0.1323,0.0,0.0,-0.1405,0.0,-0.2046,-0.8125,0.0,0.0,0.0,0.0,0.4336,0.0,-0.5,-0.5,0.2603,-0.624,1.0,0.0,-0.5,0.5,0.0,0.0,0.0,0.5674
-0.139,-0.139,-0.1385,-0.5166,0.479,-0.05362,0.16,-0.364,0.741,-0.09454,-0.2358,-8.805,-1.0,-0.307,0.0,0.0,0.05936,0.1235,-0.702,0.0,1.452,1.825,-0.2008,-0.2106,0.6875,-0.858,-0.0805,2.115,-0.3818,0.5005,-0.349,0.0289,-0.5186,-0.1466,-0.1323,0.0,0.0,-0.1404,0.0,-0.1625,0.3953,0.0,0.0,0.0,0.0,2.477,0.0,0.0,0.0,-0.5503,0.3918,2.0,0.0,-0.5,0.5,0.0,0.0,0.0,3.213
-0.1368,-0.1368,-0.1364,-0.6206,0.5903,0.1521,0.16,-0.3948,0.842,-0.0369,-0.2123,0.2717,-0.857,-0.307,0.0,0.0,0.00127,0.06726,-0.67,0.0,1.454,-0.325,-0.2325,-0.2184,0.8213,-0.8477,0.1121,0.3945,-0.3564,2.115,-0.322,-0.433,-0.2034,-0.1431,-0.1323,0.0,0.0,-0.14,0.0,-0.1543,0.8184,1.0,0.0,0.0,0.0,0.2869,1.0,0.5,0.5,-0.6562,0.4934,3.0,0.0,-0.5,0.5,0.0,0.0,0.0,0.3596
-0.135,-0.1349,-0.1345,-0.4983,0.4702,0.1521,0.16,-0.422,0.709,-0.05484,-0.1941,-0.00921,-0.7144,-0.307,0.0,0.0,0.01596,0.0882,-0.679,0.0,1.457,-0.7383,-0.2732,-0.239,0.6953,-0.8364,-0.01726,-0.112,-0.3303,0.3945,0.5,-0.349,0.5103,-0.1398,-0.1326,0.0,0.0,-0.1396,0.0,-0.1567,0.6514,0.0,0.0,0.0,0.0,-0.1032,1.0,0.0,0.0,-0.5625,0.3513,0.0,1.0,-0.5,0.5,0.0,0.0,0.0,-0.1285
-0.133,-0.1329,-0.1328,-0.502,0.478,0.1521,0.16,-0.4128,0.723,-0.03244,-0.1786,0.1615,-0.5713,-0.307,0.0,0.0,-0.00458,0.06445,-0.6665,0.0,1.46,-0.1375,-0.3208,-0.266,0.6973,-0.824,0.08124,0.1543,-0.2988,-0.112,2.115,-0.3218,-0.01446,-0.1354,-0.1324,0.0,0.0,-0.139,0.0,-0.1537,0.566,0.0,0.0,0.0,0.0,0.1697,2.0,0.5,0.0,-0.587,0.3362,1.0,0.0,-0.5,0.5,0.0,0.0,0.0,0.2117
-0.1322,-0.132,-0.1318,-0.1775,0.1508,0.1521,0.16,-0.378,0.3599,-0.12494,-0.165,-0.332,-0.4285,-0.307,0.0,0.0,0.0875,0.1562,-0.716,0.0,1.462,0.218,-0.36,-0.3003,0.319,-0.811,0.1595,-0.6016,-0.2974,0.1543,0.3945,0.5,0.04337,-0.1316,-0.1329,0.0,0.0,-0.139,0.0,-0.1665,0.514,0.0,0.0,0.0,0.0,-0.82,1.0,0.0,0.0,-0.2617,0.035,0.0,1.0,-0.5,-1.0,0.0,0.0,0.0,-1.0205
-0.129,-0.1287,-0.1288,-0.9204,0.9126,0.1521,0.16,-0.2688,1.14,0.145,-0.1339,1.942,-0.2856,-0.307,0.0,0.0,-0.1575,-0.1266,-0.568,0.0,1.465,0.3347,-0.36,-0.3372,1.0625,-0.785,0.212,1.838,-0.1947,-0.6016,-0.112,2.115,0.02888,-0.1236,-0.1318,0.0,0.0,-0.1377,0.0,-0.1287,0.9946,1.0,0.0,0.0,0.0,2.787,1.0,0.0,0.5,-0.897,0.8564,1.0,0.0,-0.5,-1.0,0.0,0.0,0.0,3.502
-0.12463,-0.12415,-0.1246,-1.293,1.303,0.1521,0.16,-0.2245,1.565,0.3174,-0.09674,0.515,-0.1428,-0.307,0.0,0.0,-0.3086,-0.2969,-0.472,0.0,1.467,1.007,-0.285,-0.348,1.434,-0.7515,0.5864,1.152,-0.02788,1.838,0.1543,0.3945,-0.433,-0.1144,-0.1306,0.0,0.0,-0.1348,0.0,-0.10443,1.092,1.0,0.0,0.0,0.0,1.875,1.0,0.5,0.5,-1.197,1.296,2.0,0.0,-0.5,-1.0,0.0,0.0,0.0,2.287
-0.12067,-0.12006,-0.1207,-1.151,1.167,0.1521,0.656,-0.2068,1.402,0.3127,-0.05994,0.0369,0.0,-0.307,0.0,0.0,-0.3027,-0.294,-0.472,0.0,1.47,-0.3503,-0.1733,-0.328,1.284,-0.727,1.0,0.0,0.0776,1.152,-0.6016,-0.112,-0.349,-0.10895,-0.1293,0.0,0.0,-0.1313,0.0,-0.10455,1.098,1.0,0.0,0.0,0.0,0.0,1.0,0.5,0.5,-1.071,1.154,0.0,0.0,-0.5,-1.0,0.0,0.0,0.0,0.0
-0.11615,-0.1154,-0.1164,-1.308,1.336,0.1521,0.656,-0.162,1.569,0.4143,-0.01744,0.2632,0.1428,-0.307,0.0,0.0,-0.3875,-0.3933,-0.4138,0.0,1.473,0.1742,-0.01991,-0.2634,1.407,-0.6904,1.416,0.686,0.2051,0.0,1.837,0.1543,-0.3218,-0.10297,-0.1277,0.0,0.0,-0.1278,0.0,-0.0899,1.177,1.0,0.0,0.0,0.0,1.057,1.0,1.0,0.5,-1.191,1.35,1.0,0.0,-0.5,-1.0,0.0,0.0,0.0,1.265
-0.112,-0.11115,-0.1123,-1.187,1.22,0.1521,0.656,-0.1301,1.41,0.4182,0.02608,0.0394,0.2856,-0.307,0.0,0.0,-0.388,-0.4,-0.4094,0.0,1.475,-0.2028,0.1313,-0.1802,1.282,-0.6655,1.482,0.0532,0.3108,0.686,1.151,-0.6016,0.5,-0.0966,-0.1261,0.0,0.0,-0.1245,0.0,-0.08887,1.18,1.0,0.0,0.0,0.0,0.0562,2.0,1.0,0.5,-1.101,1.21,2.0,0.0,-0.5,-1.0,0.0,0.0,0.0,0.0665
-0.10815,-0.10736,-0.10846,-1.086,1.116,0.1521,0.656,-0.2086,1.241,0.4236,0.07367,0.02203,0.4285,-0.307,0.0,0.0,-0.3997,-0.3972,-0.4036,0.0,1.478,-0.6504,0.2715,-0.0858,1.172,-0.6416,0.729,0.06647,0.3835,0.0532,0.0,1.837,2.115,-0.09045,-0.1243,0.0,0.0,-0.1208,0.0,-0.0875,1.369,1.0,0.0,0.0,0.0,0.0522,2.0,1.0,1.0,-1.0205,1.094,3.0,0.0,-0.5,-1.0,0.0,0.0,0.0,0.06168
-0.10425,-0.10345,-0.1045,-1.106,1.137,0.1521,0.656,-0.1823,1.187,0.471,0.1278,0.09827,0.5713,-0.307,0.0,0.0,-0.438,-0.4434,-0.3752,0.0,1.4795,-0.4062,0.3918,0.013016,1.199,-0.618,0.716,0.3318,0.4424,0.06647,0.686,1.151,0.3945,-0.08246,-0.1225,0.0,0.0,-0.11676,0.0,-0.0803,1.478,1.0,0.0,0.0,0.0,0.2483,2.0,1.0,1.5,-1.039,1.113,4.0,0.0,-0.5,-1.0,0.0,0.0,0.0,0.293
-0.10266,-0.1019,-0.1029,-0.3467,0.365,0.1521,0.4636,0.06055,0.2556,0.2325,0.1713,-0.641,0.7144,-0.307,0.0,0.0,-0.2074,-0.2432,-0.503,0.0,1.482,0.6763,0.4922,0.1157,0.298,-0.592,0.9595,-1.479,0.44,0.3318,0.0532,0.0,-0.11194,-0.08093,-0.1212,0.0,0.0,-0.1141,0.0,-0.1132,1.032,1.0,0.0,0.0,0.0,-2.615,2.0,1.0,1.5,-0.2666,0.4148,0.0,1.0,-0.5,-1.0,0.0,1.0,-2.86,-3.07
-0.1007,-0.1002,-0.10077,-0.4856,0.4917,0.1521,0.4636,0.02675,0.2932,0.2927,0.2134,0.254,0.857,-0.307,0.0,0.0,-0.2642,-0.2974,-0.4675,0.0,1.484,-0.2428,0.5635,0.2169,0.3638,-0.5674,0.9917,0.4197,0.437,-1.479,0.06647,0.686,0.1542,-0.0808,-0.1198,0.0,0.0,-0.11115,0.0,-0.1043,1.027,1.0,0.0,0.0,0.0,0.4368,2.0,1.0,1.5,-0.4727,0.4575,1.0,0.0,-0.5,-1.0,0.0,0.0,0.0,0.526
-0.0995,-0.0991,-0.09937,-0.2542,0.2473,0.1521,0.4636,-0.1459,0.00821,0.226,0.2332,-0.6226,0.857,-0.307,0.0,0.0,-0.22,-0.217,-0.5015,0.0,1.487,-0.3987,0.608,0.3108,0.05252,-0.548,1.427,-0.4033,0.4138,0.4197,0.3318,0.0532,-0.6016,-0.08154,-0.1186,0.0,0.0,-0.10846,0.0,-0.1132,0.5664,0.0,0.0,0.0,0.0,-0.308,1.0,1.0,1.0,-0.249,0.2228,0.0,1.0,-0.5,-1.0,0.0,0.0,0.0,-0.3684
-0.09937,-0.099,-0.09924,0.1065,-0.11816,0.1521,0.4636,-0.0308,-0.3962,0.1104,0.2434,-3.453,0.7144,-0.307,-1.0,0.0,-0.1043,-0.1154,-0.563,0.0,1.49,0.6836,0.6147,0.3855,-0.3445,-0.5405,0.6274,-0.731,0.3718,-0.4033,-1.479,0.0664,1.837,-0.085,-0.1177,0.0,0.0,-0.1063,0.0,-0.1292,0.2218,0.0,0.0,0.0,0.0,-0.7354,0.0,0.5,0.5,0.124,-0.10114,0.0,2.0,-0.5,-1.0,0.0,0.0,0.0,-0.885
-0.09973,-0.0994,-0.09955,0.2795,-0.2964,0.1521,0.4436,0.001829,-0.617,0.04965,0.2512,1.006,0.5713,-0.307,-1.0,0.0,-0.04495,-0.05814,-0.5947,0.0,1.492,-0.5273,0.5864,0.4397,-0.563,-0.5347,0.0266,-0.3835,0.3018,-0.731,0.4194,0.3318,1.151,-0.08936,-0.1164,0.0,0.0,-0.1042,0.0,-0.1373,0.136,0.0,0.0,0.0,0.0,-0.3477,-1.0,0.0,0.5,0.3013,-0.2615,0.0,3.0,-0.5,-1.0,0.0,0.0,0.0,-0.4236
-0.1012,-0.1009,-0.101,0.652,-0.673,0.1521,0.004276,0.04114,-1.029,-0.0812,0.2505,1.045,0.4285,-0.307,-1.0,0.0,0.0827,0.0709,-0.6655,0.0,1.495,-0.646,0.5176,0.4683,-0.974,-0.534,-0.05103,-0.855,0.2092,-0.3835,-0.403,-1.478,0.0,-0.0955,-0.1152,0.0,0.0,-0.1024,0.0,-0.1556,-0.134,0.0,0.0,0.0,0.0,-1.021,-1.0,0.0,0.0,0.6675,-0.616,0.0,4.0,-0.5,-0.5,0.0,1.0,-2.33,-1.252
-0.1023,-0.10205,-0.10205,0.527,-0.551,0.1521,0.004276,0.02202,-0.9756,-0.0576,0.2566,0.07825,0.2856,-0.307,-1.0,0.0,0.05835,0.0485,-0.652,0.0,1.497,0.04626,0.415,0.4756,-0.9307,-0.5273,-0.54,0.1678,0.07574,-0.855,-0.7305,0.4194,0.686,-0.102,-0.1141,0.0,0.0,-0.10034,0.0,-0.1522,0.0629,0.0,0.0,0.0,0.0,0.1538,-1.0,0.0,0.5,0.4658,-0.587,1.0,0.0,-0.5,-0.5,0.0,0.0,0.0,0.1913
-0.10443,-0.10406,-0.10425,0.8857,-0.909,0.1521,0.004276,-0.06003,-1.326,-0.1881,0.238,0.589,0.1428,-0.307,-1.0,0.0,0.1779,0.192,-0.7227,0.0,1.5,0.3347,0.2888,0.4539,-1.314,-0.5317,-0.7188,-0.8647,-0.02135,0.1678,-0.3835,-0.403,0.0532,-0.1072,-0.11365,0.0,0.0,-0.0991,0.0,-0.1704,-0.683,0.0,0.0,0.0,0.0,-0.8184,-1.0,-0.5,0.0,0.786,-0.9595,0.0,1.0,-0.5,-0.5,0.0,0.0,0.0,-1.016
-0.1061,-0.1057,-0.10596,0.7275,-0.747,0.1521,0.004276,-0.1865,-1.138,-0.16,0.2101,-0.02711,0.0,-0.307,-1.0,0.0,0.1389,0.1746,-0.7065,0.0,1.503,-0.2217,0.155,0.4072,-1.154,-0.5444,-0.952,0.1981,-0.01933,-0.8647,-0.855,-0.7305,0.0664,-0.1128,-0.11285,0.0,0.0,-0.0992,0.0,-0.1665,-1.082,0.0,1.0,0.0,0.0,0.152,0.0,-0.5,0.0,0.647,-0.788,1.0,0.0,-0.5,-0.5,0.0,0.0,0.0,0.1913
-0.10724,-0.1068,-0.1071,0.5474,-0.562,0.1409,0.004276,-0.1782,-0.918,-0.11914,0.1849,-0.09283,-0.1428,-0.307,-1.0,0.0,0.09973,0.1311,-0.6836,0.0,1.505,-0.114,0.00641,0.344,-0.987,-0.551,-1.323,0.2822,-0.01449,0.1981,0.1678,-0.3835,0.3318,-0.11707,-0.1119,0.0,0.0,-0.09924,0.0,-0.1606,-0.957,0.0,0.0,0.0,0.0,0.06744,1.0,-0.5,0.5,0.4543,-0.6313,2.0,0.0,-0.5,-0.5,0.0,0.0,0.0,0.0846
-0.1086,-0.10815,-0.10846,0.6104,-0.627,0.1409,0.004276,-0.222,-0.9077,-0.1542,0.1504,0.1285,-0.2856,-0.307,-1.0,0.0,0.13,0.1719,-0.702,0.0,1.508,-0.2986,-0.1226,0.2607,-0.972,-0.5728,-0.713,-0.2246,-0.00559,0.2822,-0.8647,-0.8545,-1.478,-0.1203,-0.11115,0.0,0.0,-0.0994,0.0,-0.1654,-1.334,0.0,1.0,0.0,0.0,-0.166,1.0,-0.5,0.0,0.5234,-0.6846,0.0,1.0,-0.5,-0.5,0.0,0.0,0.0,-0.2074
-0.1106,-0.11017,-0.11053,0.8677,-0.886,0.1409,0.004276,-0.1797,-1.082,-0.253,0.11017,0.385,-0.4285,-0.307,-1.0,0.0,0.2316,0.2725,-0.7554,0.0,1.51,-0.01746,-0.2245,0.1606,-1.144,-0.5986,-1.062,-0.6626,0.0328,-0.2246,0.1981,0.1678,0.4194,-0.1241,-0.1108,0.0,0.0,-0.1002,0.0,-0.1792,-1.456,0.0,1.0,0.0,0.0,-0.5425,0.0,-1.0,-0.5,0.7974,-0.906,0.0,2.0,-0.5,-0.5,0.0,0.0,0.0,-0.68
-0.1101,-0.10974,-0.11,-0.008224,-0.001966,0.1409,0.004276,-0.08203,-0.12335,0.01543,0.0856,-0.9443,-0.5713,-0.307,-1.0,0.0,-0.02034,-0.01575,-0.6084,0.0,1.513,1.094,-0.2703,0.04828,-0.1849,-0.6157,-1.028,1.839,0.00205,-0.6626,0.2822,-0.8647,-0.403,-0.12274,-0.1096,0.0,0.0,-0.0993,0.0,-0.1417,-0.7676,0.0,0.0,0.0,0.0,2.002,1.0,-0.5,-0.5,0.04797,0.0482,1.0,0.0,-0.5,-0.5,0.0,0.0,0.0,2.54
-0.10895,-0.10864,-0.1087,-0.2498,0.2338,0.1409,0.004276,-0.0432,0.2413,0.101,0.06244,-17.1,-0.5713,-0.307,0.0,0.0,-0.09674,-0.1049,-0.561,0.0,1.516,0.277,-0.2559,-0.0591,0.1573,-0.6265,-0.7075,0.5806,0.002003,1.839,-0.2246,0.1981,-0.7305,-0.1206,-0.10815,0.0,0.0,-0.09924,0.0,-0.1296,-0.6934,0.0,0.0,0.0,0.0,0.553,1.0,0.0,-0.5,-0.2269,0.2289,2.0,0.0,-0.5,-0.5,0.0,0.0,0.0,0.68
-0.1083,-0.1081,-0.108,-0.0711,0.04663,-0.1564,0.004276,-0.199,0.11487,0.0477,0.05,-0.2462,-0.5713,-0.307,0.0,0.0,-0.0611,-0.03696,-0.588,0.0,1.518,-0.2878,-0.1903,-0.1439,0.0793,-0.641,-0.5044,-0.3286,-0.01012,0.5806,-0.662,0.282,-0.3835,-0.11743,-0.1067,0.0,0.0,-0.1002,0.0,-0.1367,-0.4326,0.0,0.0,0.0,0.0,-0.2238,0.0,0.0,-0.5,-0.06088,0.04187,0.0,1.0,-0.5,-0.5,0.0,0.0,0.0,-0.2725
-0.1074,-0.1073,-0.10706,-0.1488,0.1211,-0.1564,0.004276,-0.1613,0.268,0.07776,0.03546,0.874,-0.5713,-0.307,0.0,0.0,-0.0858,-0.0706,-0.57,0.0,1.5205,0.2803,-0.1159,-0.2094,0.2465,-0.6514,-0.05463,0.2203,-0.02486,-0.3286,1.838,-0.2246,-0.8545,-0.11426,-0.105,0.0,0.0,-0.101,0.0,-0.1321,-0.5015,0.0,0.0,0.0,0.0,0.1675,1.0,0.5,-0.5,-0.1427,0.10583,1.0,0.0,-0.5,-0.5,0.0,0.0,0.0,0.2051
-0.10675,-0.1066,-0.10626,-0.09875,0.0669,-0.1564,0.004276,-0.1562,0.2725,0.0665,0.02466,0.1553,-0.5713,-0.307,0.0,0.0,-0.0748,-0.05984,-0.574,0.0,1.522,-0.3464,-0.06058,-0.2372,0.251,-0.6567,-0.0805,-0.05487,-0.0669,0.2203,0.5806,-0.662,0.1678,-0.1117,-0.10315,0.0,0.0,-0.10236,0.0,-0.1334,-0.409,0.0,0.0,0.0,0.0,-0.04532,1.0,0.0,-0.5,-0.1301,0.01478,0.0,1.0,-0.5,-0.5,0.0,0.0,0.0,-0.0553
-0.1055,-0.10547,-0.1051,-0.261,0.2311,-0.1564,0.004276,-0.2266,0.4736,0.1277,0.02455,0.7124,-0.4285,-0.307,0.0,0.0,-0.1378,-0.1138,-0.539,0.0,1.525,-0.2074,-0.03116,-0.2441,0.4573,-0.6562,0.414,0.4258,-0.11487,-0.05487,-0.3286,1.838,-0.8643,-0.10785,-0.1013,0.0,0.0,-0.10345,0.0,-0.12445,-0.0444,0.0,0.0,0.0,0.0,0.4097,1.0,0.5,0.0,-0.2812,0.1786,1.0,0.0,-0.5,-0.5,0.0,0.0,0.0,0.5
-0.10425,-0.1041,-0.1039,-0.2852,0.261,-0.1564,0.004276,-0.0746,0.5186,0.1471,0.0294,0.2272,-0.2856,-0.307,0.0,0.0,-0.142,-0.1472,-0.527,0.0,1.527,1.217,-0.02676,-0.2354,0.529,-0.656,0.4292,0.15,-0.1707,0.4258,0.2203,0.5806,0.1981,-0.1025,-0.10034,0.0,0.0,-0.10443,0.0,-0.12134,0.1377,0.0,0.0,0.0,0.0,0.1283,1.0,0.5,0.5,-0.3433,0.1653,2.0,0.0,-0.5,-0.5,0.0,0.0,0.0,0.1555
-0.1035,-0.1033,-0.1032,-0.1052,0.08356,-0.1564,0.004276,0.1322,0.313,0.0952,0.03918,-0.2129,-0.1428,-0.297,0.0,0.0,-0.0757,-0.116,-0.5527,0.0,1.53,2.15,-0.04965,-0.2233,0.3203,-0.6465,0.399,-0.3127,-0.2673,0.15,-0.05487,-0.3286,0.282,-0.1012,-0.09973,0.0,0.0,-0.1059,0.0,-0.1282,0.3557,0.0,0.0,0.0,0.0,-0.2369,1.0,0.0,0.5,-0.1687,-0.004066,0.0,1.0,-0.5,-0.5,0.0,0.0,0.0,-0.2866
-0.10254,-0.1023,-0.10223,-0.1704,0.1503,-0.1564,0.004276,0.0857,0.3647,0.12225,0.049,0.2754,0.0,-0.287,0.0,0.0,-0.1048,-0.1382,-0.5356,0.0,1.533,-0.4282,-0.1072,-0.2125,0.3716,-0.638,0.5967,0.2051,-0.2798,-0.3127,0.4255,0.2202,-0.2246,-0.1006,-0.09894,0.0,0.0,-0.1062,0.0,-0.12384,0.3674,0.0,0.0,0.0,0.0,0.12085,1.0,0.5,0.5,-0.2642,0.02457,1.0,0.0,-0.5,-0.5,0.0,0.0,0.0,0.147
-0.1006,-0.10034,-0.10034,-0.492,0.4766,-0.1564,0.004276,0.04446,0.6606,0.2429,0.07477,0.8193,0.1428,-0.287,0.0,0.0,-0.2181,-0.2515,-0.4675,0.0,1.535,0.10077,-0.1859,-0.2115,0.685,-0.6226,1.039,0.8174,-0.2798,0.2051,0.1499,-0.05487,-0.662,-0.0978,-0.0978,0.0,0.0,-0.1062,0.0,-0.10645,0.976,1.0,0.0,0.0,0.0,0.611,2.0,1.0,1.0,-0.5347,0.3813,2.0,0.0,-0.5,-0.5,0.0,0.0,0.0,0.74
-0.0991,-0.0989,-0.0988,-0.35,0.332,-0.1564,0.004276,0.02997,0.4695,0.2097,0.09717,-0.1276,0.2856,-0.287,0.0,0.0,-0.1896,-0.2183,-0.4834,0.0,1.538,-0.6562,-0.262,-0.222,0.505,-0.608,0.294,-0.1882,-0.2708,0.8174,-0.3127,0.4255,1.838,-0.09576,-0.0965,0.0,0.0,-0.106,0.0,-0.11066,0.837,1.0,0.0,0.0,0.0,-0.12463,1.0,0.5,0.5,-0.4058,0.2338,0.0,1.0,-0.5,-0.5,0.0,0.0,0.0,-0.149
-0.0944,-0.09393,-0.0944,-1.327,1.34,-0.1241,0.004276,0.1425,1.527,0.587,0.1396,2.129,0.4285,-0.287,0.0,0.0,-0.507,-0.579,-0.274,0.0,1.54,1.96,-0.2803,-0.2311,1.444,-0.56,0.07117,2.48,-0.0762,-0.1882,0.2051,0.1499,0.5806,-0.0887,-0.0949,0.0,0.0,-0.10364,0.0,-0.05725,1.176,1.0,0.0,0.0,0.0,5.77,1.0,0.5,0.5,-1.221,1.342,1.0,0.0,-0.5,-0.5,0.0,0.0,0.0,5.766
-0.08875,-0.08795,-0.08905,-1.603,1.639,0.4158,0.004276,0.2627,1.831,0.746,0.1937,0.3457,0.5713,-0.287,0.0,0.0,-0.6265,-0.73,-0.1827,0.0,1.543,1.3545,-0.0698,-0.184,1.491,-0.479,0.4248,1.036,0.1486,2.48,0.8174,-0.3127,-0.3286,-0.0803,-0.09326,0.0,0.0,-0.1002,0.0,-0.0344,1.369,1.0,0.0,0.0,0.0,3.406,2.0,1.0,1.0,-1.384,1.647,2.0,0.0,-0.5,-0.5,0.0,0.0,0.0,3.924
-0.08466,-0.08386,-0.08496,-1.13,1.16,0.4158,0.7676,0.2937,1.2295,0.621,0.247,-0.1958,0.7144,-0.287,0.0,0.0,-0.5215,-0.624,-0.2477,0.0,1.546,0.01953,0.1583,-0.1056,0.9165,-0.4438,0.566,-0.7256,0.2505,1.036,-0.1881,0.205,0.2202,-0.0738,-0.09204,0.0,0.0,-0.09674,0.0,-0.05124,1.315,1.0,0.0,0.0,0.0,-0.988,1.0,0.5,1.0,-1.075,1.122,0.0,1.0,-0.5,-0.5,0.0,0.0,0.0,-1.118
-0.08154,-0.0808,-0.0818,-0.8315,0.8574,0.4158,0.6387,0.215,0.8794,0.548,0.279,-0.143,0.857,-0.2773,0.0,0.0,-0.4675,-0.551,-0.2842,0.0,1.548,-0.1274,0.3647,-0.012566,0.5527,-0.416,0.798,-0.4124,0.308,-0.7256,2.48,0.8174,-0.05484,-0.0675,-0.0913,0.0,0.0,-0.0937,0.0,-0.06073,0.9424,1.0,0.0,0.0,0.0,-0.453,0.0,0.5,0.5,-0.802,0.8154,0.0,2.0,-0.5,-0.5,0.0,0.0,0.0,-0.519
-0.078,-0.0772,-0.07825,-0.9546,0.985,0.4158,0.6387,0.1711,1.005,0.623,0.3098,0.281,0.857,-0.2673,0.0,0.0,-0.534,-0.614,-0.2385,0.0,1.551,-0.1041,0.534,0.08527,0.706,-0.3977,0.7583,0.519,0.3455,-0.4124,1.035,-0.1881,0.4255,-0.06052,-0.0904,0.0,0.0,-0.0897,0.0,-0.04916,0.9385,1.0,0.0,0.0,0.0,0.3755,1.0,0.5,0.5,-0.9097,0.949,1.0,0.0,-0.5,-0.5,0.0,0.0,0.0,0.4333
-0.0749,-0.0741,-0.0752,-0.8037,0.833,0.4158,0.6387,0.1873,0.8076,0.597,0.3418,-0.0497,0.857,-0.2573,0.0,0.0,-0.511,-0.593,-0.2477,0.0,1.553,-0.2231,0.663,0.1832,0.572,-0.383,0.869,-0.1029,0.3606,0.519,-0.725,2.48,0.1499,-0.05536,-0.08954,0.0,0.0,-0.0859,0.0,-0.05157,1.031,1.0,0.0,0.0,0.0,-0.06055,0.0,0.0,0.5,-0.775,0.792,0.0,1.0,-0.5,-0.5,0.0,0.0,0.0,-0.0692
-0.0729,-0.07214,-0.07306,-0.4863,0.507,0.4158,0.6387,0.1399,0.4258,0.504,0.367,-0.311,0.857,-0.2476,0.0,0.0,-0.4373,-0.5044,-0.2944,0.0,1.556,-0.562,0.7544,0.2795,0.2218,-0.3672,1.21,-0.5283,0.346,-0.1029,-0.412,1.035,-0.3127,-0.05093,-0.08905,0.0,0.0,-0.08264,0.0,-0.06366,0.769,1.0,0.0,0.0,0.0,-0.372,-1.0,0.0,0.0,-0.4487,0.4995,0.0,2.0,-0.5,-0.5,0.0,0.0,0.0,-0.4263
-0.0704,-0.0697,-0.07056,-0.6206,0.6396,0.4158,0.6387,0.1392,0.52,0.568,0.3967,0.3337,0.857,-0.2377,0.0,0.0,-0.4912,-0.5615,-0.2546,0.0,1.558,-0.43,0.8105,0.3723,0.3528,-0.3503,1.266,0.4548,0.3193,-0.5283,0.519,-0.725,0.205,-0.05048,-0.0877,0.0,0.0,-0.079,0.0,-0.05353,0.8633,1.0,0.0,0.0,0.0,0.2659,0.0,0.0,0.5,-0.5728,0.6333,1.0,0.0,-0.5,-0.5,0.0,0.0,0.0,0.3074
-0.06726,-0.06665,-0.0674,-0.811,0.829,0.4158,0.6387,0.0773,0.689,0.6567,0.4277,0.4348,0.857,-0.2278,0.0,0.0,-0.5703,-0.635,-0.1998,0.0,1.561,-0.509,0.8354,0.4568,0.5586,-0.3325,1.012,0.619,0.2544,0.4548,-0.10284,-0.412,0.817,-0.05087,-0.0862,0.0,0.0,-0.07434,0.0,-0.0396,0.896,1.0,0.0,0.0,0.0,0.3726,1.0,0.0,0.5,-0.7275,0.8467,2.0,0.0,-0.5,-0.5,0.0,0.0,0.0,0.4275
-0.06433,-0.06384,-0.06433,-0.766,0.7754,0.4158,0.6387,-0.0714,0.6016,0.664,0.459,0.0237,0.857,-0.2178,0.0,0.0,-0.59,-0.627,-0.1908,0.0,1.563,-0.579,0.829,0.5337,0.486,-0.3103,1.281,0.1022,0.2556,0.619,-0.5283,0.5186,-0.1881,-0.04953,-0.0845,0.0,0.0,-0.07086,0.0,-0.03735,0.89,1.0,0.0,0.0,0.0,0.0723,1.0,0.5,0.5,-0.6924,0.785,3.0,0.0,-0.5,-0.5,0.0,0.0,0.0,0.0821
-0.06213,-0.06186,-0.06192,-0.5366,0.53,0.4158,0.6387,-0.266,0.2935,0.598,0.4893,-0.3284,0.857,-0.2079,0.0,0.0,-0.5527,-0.5503,-0.2216,0.0,1.565,-0.436,0.7896,0.597,0.2285,-0.2942,0.1438,-0.3442,0.2485,0.1022,0.4548,-0.10284,2.48,-0.04807,-0.0826,0.0,0.0,-0.06805,0.0,-0.04532,0.87,1.0,0.0,0.0,0.0,-0.1846,1.0,0.0,0.5,-0.463,0.558,0.0,1.0,-0.5,-0.5,0.0,0.0,0.0,-0.2092
-0.06012,-0.06,-0.05975,-0.4873,0.4695,0.4158,0.6387,-0.276,0.1782,0.592,0.517,-0.1661,0.857,-0.198,0.0,0.0,-0.5483,-0.5435,-0.2192,0.0,1.568,-0.592,0.7075,0.6416,0.1594,-0.2793,-0.3982,0.02563,0.2145,-0.3442,0.619,-0.528,1.035,-0.0476,-0.0805,0.0,0.0,-0.065,0.0,-0.0449,0.8447,1.0,0.0,0.0,0.0,0.02417,2.0,0.0,0.5,-0.4514,0.4604,1.0,0.0,-0.5,-0.5,0.0,0.0,0.0,0.02756
-0.05914,-0.05914,-0.05865,-0.1683,0.1384,0.4158,0.6387,-0.269,-0.1974,0.485,0.5317,-1.262,0.7144,-0.1881,-1.0,0.0,-0.4578,-0.448,-0.2727,0.0,1.57,-0.078,0.5845,0.666,-0.2036,-0.2666,-0.0115,-0.602,0.1608,0.02563,0.1021,0.4548,-0.725,-0.0482,-0.0783,0.0,0.0,-0.06256,0.0,-0.05875,0.4792,0.0,0.0,0.0,0.0,-0.625,1.0,0.0,0.0,-0.1248,0.1624,0.0,1.0,-0.5,-0.5,0.0,0.0,0.0,-0.7124
-0.05923,-0.05942,-0.05853,0.1578,-0.2048,0.4158,0.5615,-0.2096,-0.592,0.3665,0.541,5.4,0.5713,-0.1782,-1.0,0.0,-0.35,-0.344,-0.333,0.0,1.573,-0.0975,0.4004,0.667,-0.5786,-0.2583,0.2026,-0.686,0.0852,-0.602,-0.344,0.619,-0.412,-0.0491,-0.0766,0.0,0.0,-0.06055,0.0,-0.07434,0.3105,0.0,0.0,0.0,0.0,-0.5903,0.0,0.0,0.0,0.09937,-0.2666,0.0,2.0,-0.5,-0.5,0.0,0.0,0.0,-0.679
-0.05743,-0.05765,-0.05673,-0.4275,0.3867,0.4158,0.5615,-0.3599,0.03598,0.5674,0.5396,-1.302,0.5713,-0.1683,0.0,0.0,-0.5356,-0.5137,-0.2158,0.0,1.576,0.321,0.2336,0.6523,-0.02335,-0.2418,-0.1157,1.349,0.03314,-0.686,0.02563,0.1021,0.5186,-0.0482,-0.0738,0.0,0.0,-0.05786,0.0,-0.0445,0.05978,0.0,0.0,0.0,0.0,2.076,0.0,0.0,0.0,-0.436,0.334,1.0,0.0,-0.5,-0.5,0.0,0.0,0.0,2.418
-0.05438,-0.05453,-0.05368,-0.809,0.775,0.4158,0.5615,-0.4753,0.5176,0.719,0.536,3.639,0.5713,-0.1584,0.0,0.0,-0.671,-0.636,-0.12476,0.0,1.578,0.342,0.1569,0.6084,0.4722,-0.2412,-0.04385,1.024,0.005222,1.349,-0.602,-0.344,-0.10284,-0.04645,-0.07056,0.0,0.0,-0.0545,0.0,-0.02142,0.05978,0.0,0.0,0.0,0.0,1.885,1.0,0.5,0.0,-0.782,0.731,2.0,0.0,-0.5,-0.5,0.0,0.0,0.0,2.146
-0.05078,-0.05087,-0.05017,-0.961,0.935,0.4158,0.5615,-0.502,0.7363,0.8013,0.5464,0.5225,0.5713,-0.1486,0.0,0.0,-0.7393,-0.704,-0.0723,0.0,1.581,-0.1614,0.114,0.5513,0.654,-0.222,0.3284,0.579,-0.04297,1.024,-0.686,0.02563,-0.528,-0.04367,-0.06714,0.0,0.0,-0.05054,0.0,-0.00826,0.4697,0.0,0.0,0.0,0.0,1.001,1.0,1.0,0.5,-0.9204,0.8945,3.0,0.0,-0.5,-0.5,0.0,0.0,0.0,1.121
-0.0491,-0.0492,-0.04852,-0.3813,0.3484,0.4158,0.5615,-0.4463,0.1381,0.61,0.551,-0.628,0.5713,-0.1387,0.0,0.0,-0.5786,-0.543,-0.1726,0.0,1.583,0.153,0.08734,0.4736,0.04,-0.2094,0.217,-1.098,-0.1616,0.579,1.349,-0.602,0.4546,-0.0425,-0.0642,0.0,0.0,-0.04752,0.0,-0.03415,0.2144,0.0,0.0,0.0,0.0,-1.428,1.0,0.5,0.5,-0.3433,0.3499,0.0,1.0,-0.5,-0.5,0.0,0.0,0.0,-1.584
-0.04788,-0.04794,-0.04727,-0.2487,0.2146,0.4158,0.5615,-0.4077,0.0244,0.569,0.548,-0.3494,0.5713,-0.1287,0.0,0.0,-0.541,-0.5103,-0.1896,0.0,1.586,0.261,0.05234,0.3723,-0.0744,-0.2053,-0.0762,-0.1906,-0.2573,-1.098,1.024,-0.686,0.6187,-0.0418,-0.06107,0.0,0.0,-0.04523,0.0,-0.0387,0.0233,0.0,0.0,0.0,0.0,-0.2316,1.0,0.0,0.0,-0.2142,0.2225,0.0,2.0,-0.5,-0.5,0.0,0.0,0.0,-0.2617
-0.04837,-0.0484,-0.04782,0.2986,-0.3372,0.4158,-0.02765,-0.3093,-0.5234,0.3765,0.536,-4.164,0.4285,-0.11884,-1.0,0.0,-0.3677,-0.3438,-0.292,0.0,1.589,0.5386,-0.002901,0.2372,-0.6133,-0.2089,-0.1272,-1.146,-0.4072,-0.1906,0.579,1.349,0.1021,-0.04227,-0.05933,0.0,0.0,-0.04364,0.0,-0.0651,-0.2659,0.0,0.0,0.0,0.0,-1.214,0.0,-0.5,0.0,0.3345,-0.2854,0.0,3.0,-0.5,-0.5,0.0,0.0,0.0,-1.376
-0.04843,-0.04846,-0.04785,0.1575,-0.194,0.4158,-0.02765,-0.254,-0.396,0.4126,0.5317,-0.1996,0.2856,-0.1089,-1.0,0.0,-0.3943,-0.3828,-0.267,0.0,1.591,0.1466,-0.0724,0.108,-0.4602,-0.212,0.002876,0.286,-0.4092,-1.146,-1.097,1.024,-0.344,-0.0407,-0.0577,0.0,0.0,-0.04358,0.0,-0.05887,-0.05627,0.0,0.0,0.0,0.0,0.3376,0.0,0.0,0.5,0.1923,-0.1542,1.0,0.0,-0.5,-0.5,0.0,0.0,0.0,0.3901
-0.04886,-0.04886,-0.0483,0.277,-0.3135,0.1215,-0.02765,-0.2148,-0.5137,0.362,0.5215,0.603,0.1428,-0.099,-1.0,0.0,-0.3467,-0.3396,-0.291,0.0,1.594,0.1189,-0.1538,0.0319,-0.5576,-0.2183,-0.04025,-0.2715,-0.404,0.286,-0.1906,0.579,0.02562,-0.04248,-0.05606,0.0,0.0,-0.04446,0.0,-0.0652,-0.2482,0.0,0.0,0.0,0.0,-0.3596,-1.0,-0.5,0.0,0.2864,-0.2922,0.0,1.0,-0.5,-0.5,0.0,0.0,0.0,-0.4136
-0.04922,-0.04922,-0.0487,0.259,-0.294,0.1215,-0.02765,-0.2074,-0.4724,0.357,0.5054,0.0293,0.0,-0.0891,-1.0,0.0,-0.3416,-0.3354,-0.2898,0.0,1.596,-0.4055,-0.239,-0.03445,-0.529,-0.2227,0.2522,0.012985,-0.395,-0.2715,-1.146,-1.097,-0.602,-0.04636,-0.0545,0.0,0.0,-0.04483,0.0,-0.06506,-0.432,0.0,0.0,0.0,0.0,0.014404,0.0,0.0,0.0,0.2642,-0.2786,1.0,0.0,-0.5,-0.5,0.0,0.0,0.0,0.01663
-0.05008,-0.05005,-0.04962,0.4229,-0.4573,0.1215,-0.02765,-0.1407,-0.6094,0.2896,0.4846,0.564,-0.1428,-0.0891,-1.0,0.0,-0.2764,-0.2783,-0.324,0.0,1.599,0.05844,-0.3127,-0.0965,-0.6694,-0.2313,0.6226,-0.3896,-0.3796,0.012985,0.286,-0.1904,-0.6855,-0.05225,-0.0531,0.0,0.0,-0.04514,0.0,-0.074,-0.558,0.0,0.0,0.0,0.0,-0.4812,0.0,0.0,-0.5,0.42,-0.438,0.0,1.0,-0.5,-0.5,0.0,0.0,0.0,-0.5557
-0.05048,-0.0504,-0.05002,0.2634,-0.295,0.1215,-0.02765,-0.147,-0.4348,0.33,0.471,-0.2449,-0.2856,-0.0891,-1.0,0.0,-0.3127,-0.3162,-0.2979,0.0,1.601,-0.334,-0.3774,-0.1597,-0.4949,-0.2374,-0.1121,0.3005,-0.3694,-0.3896,-0.2715,-1.146,1.348,-0.0552,-0.05176,0.0,0.0,-0.04562,0.0,-0.06744,-0.38,0.0,0.0,0.0,0.0,0.3784,1.0,0.0,0.0,0.2834,-0.263,1.0,0.0,-0.5,-0.5,0.0,0.0,0.0,0.44
-0.0509,-0.05084,-0.05045,0.2812,-0.3123,0.1215,-0.02765,-0.1449,-0.4333,0.3135,0.4558,0.1381,-0.4285,-0.0792,-1.0,0.0,-0.2979,-0.3005,-0.3035,0.0,1.604,-0.578,-0.4268,-0.2256,-0.5054,-0.2413,-0.739,-0.06506,-0.359,0.3005,0.012985,0.2856,1.024,-0.05786,-0.05054,0.0,0.0,-0.0461,0.0,-0.06903,-0.404,0.0,0.0,0.0,0.0,-0.0682,0.0,-0.5,-0.5,0.2715,-0.311,0.0,1.0,-0.5,-0.5,0.0,0.0,0.0,-0.07886
-0.05133,-0.05127,-0.05087,0.2795,-0.3108,0.1215,-0.02765,-0.1957,-0.4329,0.3025,0.446,0.142,-0.4285,-0.06934,-1.0,0.0,-0.2925,-0.2852,-0.3057,0.0,1.606,-0.648,-0.4595,-0.2917,-0.5127,-0.2423,-1.183,-0.02605,-0.3552,-0.06506,-0.3894,-0.2715,0.5786,-0.0582,-0.04916,0.0,0.0,-0.0462,0.0,-0.06976,-0.25,0.0,0.0,0.0,0.0,-0.01843,0.0,-1.0,-0.5,0.2356,-0.3472,0.0,2.0,-0.5,-0.5,0.0,0.0,0.0,-0.02135
-0.05176,-0.0517,-0.05127,0.277,-0.3103,0.1215,-0.02765,-0.2433,-0.4553,0.2903,0.4424,0.2205,-0.4285,-0.05942,-1.0,0.0,-0.2861,-0.269,-0.308,0.0,1.608,-0.6475,-0.4822,-0.3564,-0.528,-0.2418,-0.6973,-0.02605,-0.3447,-0.02605,0.3005,0.012985,-1.097,-0.05914,-0.0479,0.0,0.0,-0.04663,0.0,-0.07043,-0.04385,0.0,0.0,0.0,0.0,-0.02309,-1.0,-1.0,-0.5,0.1655,-0.4207,0.0,3.0,-0.5,-0.5,0.0,0.0,0.0,-0.02675
-0.0529,-0.05286,-0.05243,0.5156,-0.5513,0.1215,-0.02765,-0.3147,-0.6724,0.1945,0.419,0.842,-0.5713,-0.0495,-1.0,0.0,-0.2065,-0.1704,-0.357,0.0,1.611,-0.2505,-0.4749,-0.416,-0.7627,-0.2482,-0.675,-0.5605,-0.321,-0.02605,-0.065,-0.3894,-0.1904,-0.0607,-0.0473,0.0,0.0,-0.04794,0.0,-0.0831,-0.733,0.0,0.0,0.0,0.0,-0.5986,-1.0,-1.0,-1.0,0.364,-0.686,0.0,4.0,-0.5,-0.5,0.0,0.0,0.0,-0.694
-0.0543,-0.0543,-0.05377,0.591,-0.63,0.1215,-0.02765,-0.3708,-0.694,0.1494,0.3843,0.1852,-0.7144,-0.0396,-1.0,0.0,-0.1705,-0.12115,-0.3787,0.0,1.613,-0.2812,-0.436,-0.4536,-0.78,-0.2676,-0.1337,-0.25,-0.2964,-0.5605,-0.02603,0.3005,-1.146,-0.0628,-0.04672,0.0,0.0,-0.0495,0.0,-0.08887,-1.369,0.0,1.0,0.0,0.0,-0.2756,-2.0,-1.0,-1.5,0.418,-0.7827,0.0,5.0,-0.5,0.0,0.0,0.0,0.0,-0.3225
-0.056,-0.0561,-0.05536,0.6934,-0.741,0.1215,-0.02765,-0.3953,-0.7217,0.09454,0.3423,0.1964,-0.857,-0.0396,-1.0,0.0,-0.12225,-0.0648,-0.407,0.0,1.616,-0.4534,-0.3499,-0.452,-0.788,-0.296,-0.3464,-0.3303,-0.2563,-0.25,-0.02605,-0.065,0.2856,-0.06476,-0.04745,0.0,0.0,-0.05103,0.0,-0.09625,-1.719,0.0,1.0,0.0,0.0,-0.3123,-2.0,-1.5,-2.0,0.474,-0.936,0.0,5.617,-0.5,0.5,0.0,0.0,0.0,-0.367
-0.05658,-0.05673,-0.0559,0.3252,-0.373,0.1215,-0.02765,-0.433,-0.3145,0.1973,0.3184,-0.5938,-1.0,-0.0396,-1.0,0.0,-0.2197,-0.1619,-0.3467,0.0,1.619,-0.005653,-0.2686,-0.4158,-0.3555,-0.3145,-0.284,0.704,-0.2515,-0.3303,-0.56,-0.02603,-0.2715,-0.06586,-0.04837,0.0,0.0,-0.0521,0.0,-0.08093,-1.117,0.0,1.0,0.0,0.0,0.7275,-1.0,-1.0,-1.5,0.1577,-0.5405,1.0,0.0,-0.5,0.5,0.0,0.0,0.0,0.86
-0.05695,-0.0572,-0.05618,0.2517,-0.3047,0.1215,-0.02765,-0.5337,-0.198,0.2108,0.2974,-0.4976,-1.143,-0.0396,-1.0,0.0,-0.241,-0.1653,-0.3364,0.0,1.621,-0.784,-0.2052,-0.3665,-0.2361,-0.3262,-0.3264,0.11816,-0.2445,0.704,-0.2499,-0.02605,0.01298,-0.06665,-0.04886,0.0,0.0,-0.0526,0.0,-0.0784,-0.9775,0.0,0.0,0.0,0.0,0.0801,0.0,-1.0,-1.0,0.0362,-0.53,2.0,0.0,-0.5,0.5,0.0,0.0,0.0,0.0935
-0.05725,-0.05753,-0.05646,0.2283,-0.282,0.1215,-0.02765,-0.6187,-0.1682,0.2091,0.2878,-0.2505,-1.143,-0.0396,-1.0,0.0,-0.2471,-0.1555,-0.3342,0.0,1.624,-0.3967,-0.162,-0.3203,-0.1987,-0.3308,-0.1401,0.0262,-0.2443,0.11816,-0.33,-0.56,-0.3894,-0.0673,-0.04913,0.0,0.0,-0.05264,0.0,-0.07794,-0.461,0.0,0.0,0.0,0.0,0.01698,1.0,-0.5,-0.5,0.001088,-0.522,3.0,0.0,-0.5,0.5,0.0,0.0,0.0,0.01979
-0.05777,-0.05807,-0.05695,0.2996,-0.3562,0.1215,-0.02765,-0.6997,-0.2247,0.1753,0.2734,1.309,-1.143,-0.0396,-1.0,0.0,-0.2236,-0.1149,-0.35,0.0,1.626,-0.782,-0.1333,-0.2776,-0.2576,-0.3362,-0.312,-0.1833,-0.2449,0.0262,0.704,-0.2499,0.3005,-0.0683,-0.04974,0.0,0.0,-0.05374,0.0,-0.08215,-0.7964,0.0,0.0,0.0,0.0,-0.2108,1.0,-1.0,-1.0,0.06396,-0.5996,0.0,1.0,-0.5,0.5,0.0,0.0,0.0,-0.2455
-0.0581,-0.0584,-0.05728,0.2422,-0.2993,0.1215,-0.02765,-0.779,-0.1592,0.1848,0.2637,-0.513,-1.143,-0.0396,-1.0,0.0,-0.2394,-0.1167,-0.3423,0.0,1.629,-0.7305,-0.1166,-0.2407,-0.1947,-0.3396,-0.309,0.092,-0.3027,-0.1833,0.11816,-0.33,-0.065,-0.068,-0.05026,0.0,0.0,-0.05554,0.0,-0.0802,-0.568,0.0,0.0,0.0,0.0,0.062,2.0,-0.5,-0.5,0.01507,-0.538,1.0,0.0,-0.5,0.5,0.0,0.0,0.0,0.07245
-0.059,-0.0593,-0.05817,0.4128,-0.4724,-0.975,-0.02765,-0.7905,-0.3232,0.1177,0.2499,4.227,-1.143,-0.0396,-1.0,0.0,-0.1791,-0.04984,-0.3774,0.0,1.631,-0.619,-0.10803,-0.212,-0.3547,-0.3464,-0.319,-0.4067,-0.4368,0.092,0.0262,0.7036,-0.02603,-0.06793,-0.05072,0.0,0.0,-0.05807,0.0,-0.08936,-0.7905,0.0,0.0,0.0,0.0,-0.3186,1.0,-0.5,-1.0,0.1757,-0.709,0.0,1.0,-1.0,0.5,0.0,0.0,0.0,-0.3718
-0.06,-0.0603,-0.05917,0.4568,-0.517,-0.975,-0.02765,-0.859,-0.3735,0.0892,0.2385,0.4082,-1.143,-0.0396,-1.0,0.0,-0.1588,-0.015114,-0.391,0.0,1.634,-0.7236,-0.1045,-0.1946,-0.4038,-0.3516,-0.35,-0.1584,-0.492,-0.4067,-0.1833,0.1181,-0.02603,-0.06757,-0.05148,0.0,0.0,-0.0599,0.0,-0.09296,-0.6743,0.0,0.0,0.0,0.0,-0.1192,0.0,-0.5,-1.0,0.2092,-0.761,0.0,2.0,-1.0,0.5,0.0,0.0,0.0,-0.14
-0.06122,-0.06152,-0.0604,0.5327,-0.5933,-0.975,-0.02765,-0.867,-0.444,0.0492,0.2223,0.442,-1.143,-0.0396,-1.0,0.0,-0.1223,0.02548,-0.4116,0.0,1.637,-0.4526,-0.1055,-0.1843,-0.4783,-0.3591,-0.09344,-0.2384,-0.544,-0.1584,0.0919,0.0262,-0.56,-0.0691,-0.05267,0.0,0.0,-0.06174,0.0,-0.0983,-1.066,0.0,1.0,0.0,0.0,-0.1837,-1.0,-0.5,-1.5,0.2893,-0.827,0.0,3.0,-1.0,0.5,0.0,0.0,0.0,-0.2164
-0.06015,-0.06042,-0.05936,-0.2109,0.1622,-0.572,0.577,-0.745,0.33,0.29,0.2213,-2.44,-1.0,-0.0396,0.0,0.0,-0.3308,-0.2208,-0.2727,0.0,1.639,0.932,-0.1219,-0.1818,0.3027,-0.3599,0.00863,1.622,-0.535,-0.2384,-0.4065,-0.1833,-0.2499,-0.06757,-0.05313,0.0,0.0,-0.06158,0.0,-0.06287,0.03152,0.0,0.0,0.0,0.0,1.868,0.0,0.0,-1.0,-0.3262,0.01007,1.0,0.0,-1.0,0.5,0.0,0.0,0.0,2.209
-0.05865,-0.05887,-0.0579,-0.3396,0.2954,-0.3762,0.577,-0.7363,0.4897,0.343,0.2244,0.536,-0.857,-0.0396,0.0,0.0,-0.3767,-0.2717,-0.2397,0.0,1.642,-0.4673,-0.1625,-0.1891,0.4675,-0.3562,0.2551,0.3755,-0.517,1.622,-0.1584,0.0919,-0.33,-0.06537,-0.05322,0.0,0.0,-0.06134,0.0,-0.05453,0.2002,0.0,0.0,0.0,0.0,0.3196,0.0,0.5,-0.5,-0.4304,0.1598,2.0,0.0,-1.0,0.5,0.0,0.0,0.0,0.368
-0.0566,-0.05676,-0.05594,-0.503,0.4653,-0.1214,0.577,-0.736,0.6885,0.413,0.2319,0.503,-0.7144,-0.0396,0.0,0.0,-0.438,-0.3372,-0.1964,0.0,1.644,-0.544,-0.2373,-0.2051,0.6636,-0.3481,-0.02013,0.4888,-0.4575,0.3755,-0.2383,-0.4065,0.7036,-0.06177,-0.0531,0.0,0.0,-0.06058,0.0,-0.0436,0.3843,0.0,0.0,0.0,0.0,0.5273,1.0,0.5,0.0,-0.59,0.3213,3.0,0.0,-1.0,0.5,0.0,0.0,0.0,0.6035
-0.05484,-0.05496,-0.05417,-0.419,0.3823,-0.1214,0.577,-0.798,0.598,0.4001,0.2457,0.01985,-0.5713,-0.0396,0.0,0.0,-0.4321,-0.3193,-0.201,0.0,1.646,-0.9326,-0.34,-0.2295,0.591,-0.3396,0.01006,-0.05103,-0.412,0.4888,1.622,-0.1584,0.1181,-0.05847,-0.0527,0.0,0.0,-0.05984,0.0,-0.0449,0.6665,0.0,0.0,0.0,0.0,-0.03973,1.0,0.0,0.0,-0.5225,0.2268,0.0,1.0,-1.0,0.5,0.0,0.0,0.0,-0.04507
-0.0537,-0.05383,-0.05307,-0.2157,0.1769,-0.1214,0.577,-0.806,0.3647,0.3406,0.2583,-0.216,-0.4285,-0.0396,0.0,0.0,-0.3809,-0.263,-0.2318,0.0,1.649,-0.486,-0.4373,-0.2573,0.3582,-0.3284,0.08124,-0.3447,-0.3887,-0.05103,0.3752,-0.2383,0.0262,-0.05502,-0.05212,0.0,0.0,-0.05908,0.0,-0.0529,0.604,0.0,0.0,0.0,0.0,-0.2566,1.0,-0.5,0.0,-0.331,0.02435,0.0,2.0,-1.0,0.5,0.0,0.0,0.0,-0.2915
-0.05298,-0.05313,-0.0523,-0.0927,0.05133,-0.1214,0.577,-0.8154,0.1985,0.3035,0.2722,-0.237,-0.2856,-0.0396,0.0,0.0,-0.349,-0.2269,-0.25,0.0,1.651,-0.6387,-0.4746,-0.288,0.1901,-0.3162,0.2466,-0.2056,-0.377,-0.3447,0.4888,1.621,-0.1832,-0.05173,-0.0523,0.0,0.0,-0.0587,0.0,-0.0577,0.6743,0.0,0.0,0.0,0.0,-0.2261,0.0,-0.5,0.0,-0.2402,-0.1268,0.0,3.0,-1.0,0.5,0.0,0.0,0.0,-0.2583
-0.05405,-0.0542,-0.0534,0.483,-0.5303,-0.1214,0.2786,-0.7446,-0.4102,0.1069,0.2676,-1.985,-0.2856,-0.0396,-1.0,0.0,-0.1649,-0.04358,-0.3594,0.0,1.654,0.511,-0.471,-0.3213,-0.4375,-0.3123,0.2595,-1.237,-0.373,-0.2056,-0.05103,0.3752,0.0919,-0.0505,-0.05362,0.0,0.0,-0.05914,0.0,-0.08594,-0.1957,0.0,0.0,0.0,0.0,-1.655,-1.0,-1.0,-0.5,0.359,-0.638,0.0,4.0,-1.0,0.5,0.0,0.0,0.0,-1.896
-0.0545,-0.05463,-0.05383,0.275,-0.3196,-0.1214,0.2786,-0.7373,-0.2229,0.1626,0.2651,-0.553,-0.2856,-0.0396,-1.0,0.0,-0.2155,-0.099,-0.3252,0.0,1.656,-0.61,-0.4548,-0.3604,-0.2479,-0.3123,0.4714,0.3948,-0.3735,-1.237,-0.3447,0.4885,-0.4065,-0.05173,-0.05502,0.0,0.0,-0.0593,0.0,-0.0773,-0.0871,0.0,0.0,0.0,0.0,0.3782,-1.0,-0.5,-0.5,0.1827,-0.409,1.0,0.0,-1.0,0.5,0.0,0.0,0.0,0.4426
-0.05377,-0.05386,-0.05313,-0.0922,0.0535,-0.1214,0.2786,-0.688,0.1411,0.281,0.2693,-3.562,-0.1428,-0.0396,0.0,0.0,-0.3176,-0.2179,-0.2546,0.0,1.659,0.3337,-0.4358,-0.409,0.1315,-0.31,0.591,0.8105,-0.3623,0.3948,-0.2054,-0.05103,-0.1584,-0.05206,-0.05548,0.0,0.0,-0.05884,0.0,-0.05933,0.1733,0.0,0.0,0.0,0.0,0.7354,0.0,0.0,-0.5,-0.1309,-0.00601,2.0,0.0,-1.0,0.5,0.0,0.0,0.0,0.855
-0.05325,-0.05338,-0.05264,-0.01945,-0.02031,-0.1214,0.2786,-0.6743,0.0493,0.257,0.2742,-0.25,0.0,-0.0396,0.0,0.0,-0.2952,-0.1964,-0.265,0.0,1.661,-0.776,-0.411,-0.4595,0.04013,-0.3037,0.8066,-0.1161,-0.3599,0.8105,-1.237,-0.3447,-0.2383,-0.05368,-0.05588,0.0,0.0,-0.05807,0.0,-0.06207,0.199,0.0,0.0,0.0,0.0,-0.1021,0.0,0.0,-0.5,-0.06116,-0.0775,0.0,1.0,-1.0,0.5,0.0,0.0,0.0,-0.1171
-0.0533,-0.05344,-0.0527,0.1558,-0.1969,-0.1214,0.2786,-0.599,-0.1475,0.1959,0.275,-1.169,0.0,-0.0396,-1.0,0.0,-0.2334,-0.1445,-0.2966,0.0,1.664,0.01564,-0.3901,-0.4924,-0.1464,-0.3018,0.02228,-0.3618,-0.3716,-0.1161,0.3948,-0.2054,1.621,-0.0559,-0.0559,0.0,0.0,-0.0574,0.0,-0.0704,0.0347,0.0,0.0,0.0,0.0,-0.2773,0.0,-0.5,-1.0,0.1013,-0.2544,0.0,2.0,-1.0,0.5,0.0,0.0,0.0,-0.3188
-0.05344,-0.05356,-0.0528,0.1705,-0.2134,-0.1214,0.2786,-0.5923,-0.1974,0.1846,0.2793,1.839,0.0,-0.0396,-1.0,0.0,-0.2224,-0.1343,-0.3,0.0,1.667,-0.561,-0.3728,-0.493,-0.1932,-0.2966,-0.2013,-0.039,-0.3997,-0.3618,0.8105,-1.237,0.3752,-0.05753,-0.0561,0.0,0.0,-0.05652,0.0,-0.07135,0.1719,0.0,0.0,0.0,0.0,-0.04034,0.0,-1.0,-1.0,0.10986,-0.2766,0.0,3.0,-1.0,0.5,0.0,0.0,0.0,-0.04666
-0.05334,-0.0535,-0.05267,0.1093,-0.1528,-0.1214,0.2786,-0.5127,-0.1746,0.1992,0.2866,-0.1611,0.0,-0.0396,-1.0,0.0,-0.2286,-0.1561,-0.2886,0.0,1.669,0.1881,-0.3638,-0.4802,-0.1505,-0.2927,-0.5127,0.1301,-0.4045,-0.039,-0.1161,0.3948,0.4885,-0.05844,-0.0561,0.0,0.0,-0.05603,0.0,-0.06854,0.2737,0.0,0.0,0.0,0.0,0.1102,0.0,-1.0,-0.5,0.04745,-0.2219,1.0,0.0,-1.0,0.5,0.0,0.0,0.0,0.1276
-0.05334,-0.05356,-0.0526,0.1382,-0.1869,-0.1214,0.2786,-0.486,-0.253,0.184,0.2957,1.588,0.0,-0.0396,-1.0,0.0,-0.2124,-0.1438,-0.2944,0.0,1.672,-0.1948,-0.368,-0.463,-0.2134,-0.2869,-0.542,-0.06494,-0.4084,0.1301,-0.3618,0.8105,-0.05103,-0.05692,-0.05612,0.0,0.0,-0.0557,0.0,-0.0701,0.3457,0.0,0.0,0.0,0.0,-0.04965,-1.0,-1.0,-0.5,-0.00272,-0.3398,0.0,1.0,-1.0,0.5,0.0,0.0,0.0,-0.05734
-0.05264,-0.0529,-0.05188,-0.0904,0.04324,-0.1214,0.2786,-0.6323,-0.00864,0.258,0.2935,-1.802,0.0,-0.0396,0.0,0.0,-0.2922,-0.2013,-0.2488,0.0,1.674,-0.379,-0.3853,-0.446,0.01993,-0.2837,-0.4067,0.52,-0.4058,-0.06494,-0.039,-0.116,-0.3447,-0.0551,-0.0557,0.0,0.0,-0.055,0.0,-0.05856,-0.01862,0.0,0.0,0.0,0.0,0.3801,0.0,-0.5,-0.5,-0.2092,-0.10345,1.0,0.0,-1.0,0.5,0.0,0.0,0.0,0.4395
-0.05157,-0.05182,-0.0508,-0.2039,0.1581,-0.1214,0.2786,-0.6763,0.1364,0.2998,0.29,1.636,0.0,-0.0396,0.0,0.0,-0.3333,-0.2368,-0.2216,0.0,1.677,-0.919,-0.412,-0.4324,0.1616,-0.282,-0.3025,0.3093,-0.4014,0.52,0.1301,-0.3618,-0.2054,-0.05435,-0.05527,0.0,0.0,-0.05392,0.0,-0.05167,-0.04578,0.0,0.0,0.0,0.0,0.2515,1.0,0.0,-0.5,-0.3254,-0.0002973,2.0,0.0,-1.0,0.5,0.0,0.0,0.0,0.288
-0.05087,-0.05115,-0.05008,-0.0883,0.03955,-0.1214,0.2786,-0.698,0.05804,0.263,0.2795,-0.1985,0.0,-0.02971,0.0,0.0,-0.3025,-0.1997,-0.2385,0.0,1.68,-0.831,-0.4458,-0.425,0.08484,-0.2852,0.4053,-0.1923,-0.404,0.3093,-0.0649,-0.039,-1.236,-0.05374,-0.0549,0.0,0.0,-0.05304,0.0,-0.05615,-0.3628,0.0,0.0,0.0,0.0,-0.1611,1.0,0.0,-1.0,-0.2091,-0.1091,0.0,1.0,-1.0,0.5,0.0,0.0,0.0,-0.1837
-0.05133,-0.05157,-0.05054,0.275,-0.3289,-0.1214,0.2786,-0.6245,-0.2808,0.1368,0.262,-2.004,-0.1428,-0.0198,-1.0,0.0,-0.1819,-0.0846,-0.307,0.0,1.682,-0.4197,-0.4836,-0.4265,-0.263,-0.2905,0.2659,-0.7715,-0.43,-0.1923,0.52,0.1301,0.3945,-0.05396,-0.05493,0.0,0.0,-0.05246,0.0,-0.0738,-0.6294,0.0,0.0,0.0,0.0,-0.6797,0.0,-0.5,-1.0,0.1545,-0.4487,0.0,2.0,-1.0,0.5,0.0,0.0,0.0,-0.7773
-0.05103,-0.0513,-0.05023,0.03757,-0.08905,-0.1214,0.2786,-0.61,-0.02066,0.2075,0.2522,-1.579,-0.1428,-0.0099,0.0,0.0,-0.2448,-0.1548,-0.2625,0.0,1.685,-0.1849,-0.5137,-0.4348,-0.00395,-0.2932,-0.1682,0.5083,-0.4724,-0.7715,0.309,-0.0649,0.81,-0.0531,-0.05466,0.0,0.0,-0.0514,0.0,-0.0625,-0.2764,0.0,0.0,0.0,0.0,0.3606,1.0,-0.5,-0.5,-0.05258,-0.1946,1.0,0.0,-1.0,0.5,0.0,0.0,0.0,0.418
-0.05127,-0.05154,-0.05048,0.2122,-0.2664,-0.1214,0.2786,-0.623,-0.1869,0.1439,0.2421,-1.787,-0.2856,-0.0099,-1.0,0.0,-0.1881,-0.0917,-0.2954,0.0,1.687,-0.894,-0.5293,-0.454,-0.1713,-0.296,-0.1085,-0.3748,-0.5474,0.5083,-0.1923,0.5195,-0.116,-0.05325,-0.05432,0.0,0.0,-0.05045,0.0,-0.0711,-0.3372,0.0,0.0,0.0,0.0,-0.2688,0.0,-0.5,-0.5,0.0662,-0.4192,0.0,1.0,-1.0,0.5,0.0,0.0,0.0,-0.3088
-0.05127,-0.0516,-0.05045,0.1342,-0.1904,-0.1214,0.2786,-0.7134,-0.1415,0.1624,0.2463,-0.552,-0.2856,-0.0099,-1.0,0.0,-0.2131,-0.1011,-0.2817,0.0,1.689,-0.4944,-0.542,-0.4792,-0.11786,-0.292,0.0733,0.156,-0.547,-0.3748,-0.7715,0.309,-0.3618,-0.05295,-0.0538,0.0,0.0,-0.0505,0.0,-0.0677,0.28,0.0,0.0,0.0,0.0,0.1167,0.0,0.0,0.0,-0.01778,-0.3557,1.0,0.0,-1.0,0.5,0.0,0.0,0.0,0.1349
-0.05212,-0.05243,-0.05127,0.4,-0.4592,-0.1214,0.2786,-0.677,-0.4302,0.06647,0.2415,12.17,-0.2856,-0.0099,-1.0,0.0,-0.1214,-0.009926,-0.3342,0.0,1.692,-0.344,-0.559,-0.509,-0.4138,-0.2905,0.10425,-0.5967,-0.533,0.156,0.508,-0.1923,-0.039,-0.05496,-0.05338,0.0,0.0,-0.0513,0.0,-0.08124,-0.1846,0.0,0.0,0.0,0.0,-0.6187,0.0,0.0,-0.5,0.2205,-0.634,0.0,1.0,-1.0,0.5,0.0,0.0,0.0,-0.7134
-0.0533,-0.05362,-0.0525,0.5156,-0.575,-0.789,0.2786,-0.7456,-0.5405,0.01425,0.2253,0.5273,-0.4285,-0.0099,-1.0,0.0,-0.0786,0.04898,-0.3616,0.0,1.694,-0.675,-0.5776,-0.539,-0.5356,-0.2961,0.01078,-0.3145,-0.5303,-0.5967,-0.3745,-0.7715,0.13,-0.05826,-0.05347,0.0,0.0,-0.05267,0.0,-0.0884,-0.7515,0.0,0.0,0.0,0.0,-0.2607,0.0,-0.5,-1.0,0.3389,-0.738,0.0,2.0,-1.0,0.5,0.0,1.0,-1.752,-0.3037
-0.056,-0.05615,-0.05533,1.019,-1.074,-0.789,0.1532,-0.575,-1.03,-0.1665,0.1993,1.405,-0.5713,-0.0099,-1.0,0.0,0.1104,0.2186,-0.463,0.0,1.697,0.009056,-0.553,-0.562,-0.9956,-0.3154,0.0007195,-1.172,-0.4456,-0.3145,0.156,0.508,-0.0649,-0.0635,-0.05417,0.0,0.0,-0.05484,0.0,-0.1145,-1.06,0.0,1.0,0.0,0.0,-1.372,-1.0,-0.5,-1.0,0.849,-1.189,0.0,3.0,-1.0,0.5,0.0,1.0,-2.24,-1.606
-0.05853,-0.0586,-0.05792,0.9736,-1.024,-0.789,0.1118,-0.5894,-1.002,-0.1818,0.1764,0.10834,-0.5713,-0.0099,-1.0,0.0,0.1242,0.2361,-0.4697,0.0,1.699,-0.11566,-0.4639,-0.543,-0.886,-0.3433,-0.393,-0.08057,-0.3738,-1.172,-0.596,-0.3745,0.5195,-0.0673,-0.05493,0.0,0.0,-0.05682,0.0,-0.1165,-0.9873,0.0,0.0,0.0,0.0,-0.1488,-1.0,-1.0,-1.0,0.8076,-1.139,0.0,4.0,-1.0,0.5,0.0,0.0,0.0,-0.1777
-0.0619,-0.06186,-0.06143,1.27,-1.315,-0.789,-0.3027,-0.526,-1.294,-0.3037,0.1466,0.5044,-0.5713,-0.0099,-1.0,0.0,0.2517,0.3604,-0.538,0.0,1.702,-0.1893,-0.368,-0.4944,-1.168,-0.3623,-0.705,-0.807,-0.2605,-0.08057,-0.3142,0.156,0.309,-0.0738,-0.05597,0.0,0.0,-0.0592,0.0,-0.1342,-1.161,0.0,1.0,0.0,0.0,-0.784,-2.0,-1.5,-1.0,1.118,-1.392,0.0,5.0,-1.0,0.5,0.0,0.0,0.0,-0.9375
-0.0651,-0.065,-0.06476,1.234,-1.272,-0.789,-0.38,-0.4846,-1.263,-0.3276,0.1146,0.1144,-0.5713,-0.0099,-1.0,0.0,0.2798,0.3823,-0.551,0.0,1.704,0.6963,-0.274,-0.4363,-1.148,-0.3794,-0.7974,-0.1499,-0.1605,-0.807,-1.172,-0.596,-0.1921,-0.0798,-0.05713,0.0,0.0,-0.0608,0.0,-0.1375,-1.261,0.0,1.0,0.0,0.0,-0.1405,-2.0,-1.5,-1.5,1.088,-1.347,0.0,5.617,-1.0,0.5,0.0,0.0,0.0,-0.1703
-0.0666,-0.06635,-0.0662,0.6167,-0.644,-0.789,-0.38,-0.4282,-0.658,-0.1631,0.09406,-0.4348,-0.5713,-0.0099,-1.0,0.0,0.12036,0.201,-0.4548,0.0,1.707,0.801,-0.1918,-0.3777,-0.54,-0.3926,-0.563,1.148,-0.1334,-0.1499,-0.08057,-0.3142,-0.7715,-0.0838,-0.05756,0.0,0.0,-0.06186,0.0,-0.1131,-0.725,0.0,0.0,0.0,0.0,1.212,-1.0,-1.0,-1.0,0.537,-0.6934,1.0,0.0,-1.0,0.5,0.0,0.0,0.0,1.473
-0.06726,-0.0671,-0.06696,0.369,-0.3936,-0.5815,-0.38,-0.4036,-0.3716,-0.0979,0.07275,-0.4358,-0.7144,-0.0099,-1.0,0.0,0.05902,0.1307,-0.4163,0.0,1.71,0.0675,-0.1274,-0.3235,-0.273,-0.4016,-0.9365,0.4558,-0.1364,1.148,-0.8066,-1.172,0.508,-0.08575,-0.05768,0.0,0.0,-0.06323,0.0,-0.1033,-0.7573,0.0,0.0,0.0,0.0,0.3855,0.0,-1.0,-1.0,0.311,-0.4382,2.0,0.0,-1.0,0.5,0.0,0.0,0.0,0.4597
-0.06744,-0.06726,-0.0671,0.2054,-0.2303,-0.4148,-0.38,-0.3582,-0.1484,-0.05295,0.05112,-0.811,-0.857,-0.0099,-1.0,0.0,0.01987,0.08014,-0.389,0.0,1.712,-0.261,-0.0754,-0.2715,-0.0604,-0.4124,-0.825,0.3193,-0.1456,0.4558,-0.1499,-0.08057,-0.3745,-0.08636,-0.05756,0.0,0.0,-0.0642,0.0,-0.0964,-0.7573,0.0,0.0,0.0,0.0,0.3193,1.0,-0.5,-1.0,0.1646,-0.2693,3.0,0.0,-1.0,0.5,0.0,0.0,0.0,0.378
-0.0666,-0.0664,-0.0662,-0.1304,0.1084,-0.02162,-0.38,-0.2974,0.2563,0.05704,0.0385,-13.17,-0.857,-0.0099,0.0,0.0,-0.0786,-0.03687,-0.324,0.0,1.715,-0.258,-0.04477,-0.2308,0.313,-0.4136,-0.97,0.7544,-0.1498,0.3193,1.147,-0.8066,0.1559,-0.0831,-0.05783,0.0,0.0,-0.06445,0.0,-0.07996,-0.4307,0.0,0.0,0.0,0.0,1.204,2.0,-0.5,-0.5,-0.1536,0.0626,4.0,0.0,-0.5,0.5,1.0,0.0,2.395,1.417
-0.06396,-0.0638,-0.0637,-0.6606,0.6504,0.6597,-0.38,-0.2712,0.865,0.251,0.04584,1.939,-0.7144,-0.0099,0.0,0.0,-0.2537,-0.2291,-0.2101,0.0,1.717,-0.1456,-0.0398,-0.207,0.907,-0.405,-0.6665,1.308,-0.1192,0.7544,0.4558,-0.1499,-0.596,-0.077,-0.05768,0.0,0.0,-0.0637,0.0,-0.05096,0.1731,0.0,0.0,0.0,0.0,1.781,3.0,0.0,0.0,-0.6157,0.638,5.0,0.0,0.0,0.5,0.0,0.0,0.0,2.072
-0.0619,-0.06165,-0.0616,-0.5117,0.5005,0.6597,-0.38,-0.3064,0.765,0.2214,0.0468,0.03102,-0.7144,-0.0099,0.0,0.0,-0.2302,-0.1973,-0.225,0.0,1.72,-0.6426,-0.05533,-0.1958,0.78,-0.3972,-0.4155,-0.1663,-0.09955,1.308,0.3193,1.147,-0.3142,-0.0697,-0.05783,0.0,0.0,-0.0632,0.0,-0.05493,-0.01158,0.0,0.0,0.0,0.0,-0.1903,2.0,0.0,-0.5,-0.4873,0.477,0.0,1.0,0.0,0.5,0.0,0.0,0.0,-0.2164
-0.06076,-0.0605,-0.06052,-0.2073,0.1951,0.6597,-0.38,-0.2067,0.4773,0.1326,0.04623,-0.2156,-0.5713,-0.0099,0.0,0.0,-0.1405,-0.12036,-0.274,0.0,1.723,0.0616,-0.0849,-0.1943,0.4817,-0.393,0.3105,-0.552,-0.09534,-0.1663,0.7544,0.4558,-1.171,-0.06323,-0.05823,0.0,0.0,-0.063,0.0,-0.0676,-0.06665,0.0,0.0,0.0,0.0,-0.5303,1.0,0.0,-0.5,-0.181,0.1973,0.0,2.0,0.0,0.5,0.0,0.0,0.0,-0.6045
-0.05975,-0.0595,-0.0595,-0.1677,0.1548,0.6597,-0.38,-0.2218,0.468,0.1274,0.04428,0.1257,-0.4285,-0.0099,0.0,0.0,-0.1371,-0.1139,-0.275,0.0,1.725,-0.67,-0.1383,-0.2009,0.463,-0.3909,0.473,-0.01295,-0.1027,-0.552,1.307,0.3193,-0.08057,-0.059,-0.05847,0.0,0.0,-0.06323,0.0,-0.06805,-0.1147,0.0,0.0,0.0,0.0,-0.01296,0.0,0.0,-1.0,-0.1746,0.124,0.0,3.0,0.0,0.5,0.0,0.0,0.0,-0.01492
-0.057,-0.05664,-0.0569,-0.698,0.699,0.6597,-0.38,-0.1968,1.055,0.325,0.06058,1.247,-0.2856,-0.0099,0.0,0.0,-0.3127,-0.3064,-0.1589,0.0,1.728,-0.0898,-0.2202,-0.2168,1.069,-0.3828,1.027,1.321,-0.07056,-0.01295,-0.1663,0.7544,-0.8066,-0.05295,-0.05798,0.0,0.0,-0.06274,0.0,-0.03842,0.3965,0.0,0.0,0.0,0.0,1.347,0.0,0.5,-0.5,-0.6274,0.712,1.0,0.0,0.0,0.5,1.0,0.0,2.654,1.551
-0.0538,-0.05328,-0.0538,-0.8335,0.8447,0.6597,-0.38,-0.1838,1.214,0.4006,0.08466,0.2922,-0.1428,-0.0099,0.0,0.0,-0.3777,-0.3784,-0.1122,0.0,1.7295,-0.2028,-0.3186,-0.2394,1.221,-0.3633,1.346,0.5195,-0.005592,1.321,-0.5513,1.307,-0.1499,-0.04648,-0.0566,0.0,0.0,-0.06168,0.0,-0.02663,0.6025,0.0,0.0,0.0,0.0,0.6577,0.0,1.0,0.0,-0.792,0.8145,2.0,0.0,0.0,0.5,0.0,0.0,0.0,0.741
-0.04956,-0.04895,-0.04965,-1.127,1.147,0.6597,-0.38,-0.2712,1.505,0.54,0.1288,0.3833,0.0,-0.0099,0.0,0.0,-0.505,-0.4976,-0.02795,0.0,1.732,0.1278,-0.3547,-0.2588,1.516,-0.3328,1.019,0.9297,0.12067,0.5195,-0.01295,-0.1663,1.147,-0.03952,-0.05496,0.0,0.0,-0.05936,0.0,-0.00521,1.184,1.0,0.0,0.0,0.0,1.133,1.0,1.0,0.5,-1.029,1.155,3.0,0.0,0.0,0.5,0.0,0.0,0.0,1.266
-0.0466,-0.046,-0.0467,-0.745,0.762,0.6597,-0.38,-0.2744,1.03,0.4368,0.1678,-0.1785,0.1428,-0.0099,0.0,0.0,-0.417,-0.4033,-0.08374,0.0,1.734,-0.4446,-0.2627,-0.2617,1.007,-0.2974,1.044,-0.606,0.1859,0.9297,1.32,-0.5513,0.4556,-0.03656,-0.05402,0.0,0.0,-0.05786,0.0,-0.01964,0.962,1.0,0.0,0.0,0.0,-0.509,1.0,0.5,0.5,-0.6777,0.767,0.0,1.0,0.0,0.5,0.0,0.0,0.0,-0.5596
-0.04413,-0.0436,-0.04413,-0.6025,0.6123,0.6597,-0.38,-0.317,0.7783,0.4087,0.2133,-0.09827,0.2856,-0.0099,0.0,0.0,-0.3965,-0.3733,-0.09625,0.0,1.737,-0.661,-0.1237,-0.2408,0.7812,-0.2693,1.081,-0.1375,0.2391,-0.606,0.5195,-0.01295,0.3193,-0.03354,-0.05307,0.0,0.0,-0.0562,0.0,-0.02298,1.217,1.0,0.0,0.0,0.0,-0.12054,1.0,0.0,0.5,-0.542,0.621,0.0,2.0,0.0,0.5,0.0,0.0,0.0,-0.1339
-0.04163,-0.04123,-0.04147,-0.6147,0.616,0.6597,-0.38,-0.3416,0.681,0.4304,0.2607,0.0235,0.4285,0.0,0.0,0.0,-0.4175,-0.3909,-0.07916,0.0,1.74,0.2937,0.02866,-0.1963,0.7144,-0.24,0.856,0.1879,0.2932,-0.1375,0.929,1.32,0.754,-0.02898,-0.05188,0.0,0.0,-0.05453,0.0,-0.01875,1.298,1.0,0.0,0.0,0.0,0.1964,1.0,0.0,1.0,-0.5957,0.5786,1.0,0.0,0.0,0.5,0.0,0.0,0.0,0.2188
-0.0391,-0.03882,-0.03885,-0.62,0.6143,0.6597,-0.38,-0.412,0.611,0.45,0.299,0.0461,0.5713,0.0099,0.0,0.0,-0.4407,-0.402,-0.06323,0.0,1.742,-0.09656,0.1786,-0.127,0.642,-0.2107,0.2917,0.1748,0.3442,0.1879,-0.606,0.519,1.307,-0.024,-0.05057,0.0,0.0,-0.05228,0.0,-0.01482,1.2,1.0,0.0,0.0,0.0,0.1788,1.0,0.0,1.0,-0.6113,0.565,2.0,0.0,0.0,0.5,0.0,0.0,0.0,0.1986
-0.03635,-0.03616,-0.03604,-0.682,0.672,0.6597,-0.38,-0.4485,0.614,0.4917,0.3364,0.1475,0.7144,0.0099,0.0,0.0,-0.4795,-0.4368,-0.0348,0.0,1.745,-0.3535,0.3125,-0.0392,0.658,-0.1853,0.478,0.3113,0.3936,0.1748,-0.1375,0.929,-0.1663,-0.0211,-0.04916,0.0,0.0,-0.04956,0.0,-0.007706,1.186,1.0,0.0,0.0,0.0,0.3835,1.0,0.5,1.0,-0.668,0.624,3.0,0.0,0.0,0.5,0.0,0.0,0.0,0.4248
-0.03104,-0.03073,-0.03082,-1.412,1.418,0.6597,-0.38,-0.3503,1.378,0.793,0.3896,1.293,0.857,0.0198,0.0,0.0,-0.7188,-0.7114,0.1451,0.0,1.747,1.29,0.479,0.09845,1.318,-0.1285,0.907,1.957,0.4988,0.3113,0.1879,-0.606,-0.5513,-0.01506,-0.04672,0.0,0.0,-0.04453,0.0,0.038,1.361,1.0,0.0,0.0,0.0,5.402,2.0,1.0,1.0,-1.298,1.423,4.0,0.0,0.0,0.5,0.0,0.0,0.0,5.766
-0.02783,-0.02753,-0.02762,-0.809,0.808,0.6597,-0.38,-0.2307,0.6816,0.6084,0.4243,-0.3687,0.857,0.02971,0.0,0.0,-0.558,-0.5625,0.04376,0.0,1.75,0.699,0.636,0.2474,0.564,-0.0889,1.179,-1.067,0.5044,1.957,0.1748,-0.1375,-0.01295,-0.01338,-0.0451,0.0,0.0,-0.04028,0.0,0.01169,0.85,1.0,0.0,0.0,0.0,-2.242,2.0,1.0,0.5,-0.737,0.8135,0.0,1.0,0.0,0.5,0.0,0.0,0.0,-2.393
-0.02638,-0.0261,-0.02615,-0.2883,0.2808,0.6597,-0.38,-0.1783,0.12036,0.441,0.436,-0.63,0.857,0.0396,0.0,0.0,-0.4119,-0.4163,-0.04843,0.0,1.753,0.1337,0.749,0.3733,-0.00719,-0.0735,0.647,-0.989,0.4102,-1.067,0.3113,0.1877,1.32,-0.01255,-0.04413,0.0,0.0,-0.03622,0.0,-0.01213,0.308,0.0,0.0,0.0,0.0,-1.162,1.0,0.5,0.0,-0.2017,0.3423,0.0,2.0,0.0,0.5,0.0,0.0,0.0,-1.263
-0.02664,-0.02635,-0.02641,0.232,-0.2457,0.6597,-0.3882,-0.0704,-0.443,0.262,0.438,-2.482,0.7144,0.0495,-1.0,0.0,-0.2455,-0.2588,-0.1475,0.0,1.755,0.1455,0.812,0.4702,-0.5674,-0.06665,0.4219,-1.08,0.2563,-0.989,1.956,0.1747,0.519,-0.013756,-0.04364,0.0,0.0,-0.03287,0.0,-0.0377,0.05594,0.0,0.0,0.0,0.0,-1.158,0.0,0.0,0.0,0.3193,-0.1431,0.0,3.0,0.0,0.5,0.0,0.0,0.0,-1.279
-0.02544,-0.02522,-0.02513,-0.2184,0.2052,0.6597,-0.3882,-0.01779,-0.0365,0.41,0.455,-1.217,0.7144,0.05942,0.0,0.0,-0.3708,-0.4028,-0.05643,0.0,1.758,0.9556,0.8296,0.5435,-0.1279,-0.0583,-0.1322,1.012,0.1562,-1.08,-1.067,0.311,0.929,-0.01322,-0.04224,0.0,0.0,-0.02956,0.0,-0.014465,0.3816,0.0,0.0,0.0,0.0,0.9404,0.0,0.0,0.5,-0.0538,0.357,1.0,0.0,0.0,0.5,0.0,0.0,0.0,1.058
-0.0253,-0.0252,-0.02487,0.1034,-0.128,0.6597,-0.3882,0.07074,-0.4207,0.298,0.4666,-5.215,0.5713,0.06934,-1.0,0.0,-0.265,-0.3066,-0.11676,0.0,1.76,-0.1171,0.801,0.596,-0.502,-0.04758,0.202,-0.659,0.05005,1.012,-0.989,1.956,-0.606,-0.01447,-0.04144,0.0,0.0,-0.02708,0.0,-0.03004,0.2179,0.0,0.0,0.0,0.0,-0.521,-1.0,0.0,0.5,0.2224,-0.0008335,0.0,1.0,0.0,0.5,0.0,0.0,0.0,-0.576
-0.02481,-0.02478,-0.02434,-0.004753,-0.02228,0.6597,-0.3882,-0.00698,-0.3232,0.3289,0.4668,-0.2065,0.4285,0.0792,-1.0,0.0,-0.299,-0.3284,-0.094,0.0,1.763,-0.4595,0.724,0.624,-0.4126,-0.04147,0.2603,0.2515,-0.05896,-0.659,-1.08,-1.066,-0.1373,-0.01587,-0.0403,0.0,0.0,-0.02463,0.0,-0.02432,0.02322,0.0,0.0,0.0,0.0,0.2002,0.0,0.5,0.5,0.1077,0.0894,1.0,0.0,0.0,0.5,0.0,0.0,0.0,0.2239
-0.02406,-0.02403,-0.02357,-0.08386,0.05753,0.6597,-0.3882,0.01729,-0.234,0.3542,0.4644,-0.3276,0.2856,0.0891,-1.0,0.0,-0.319,-0.3545,-0.07465,0.0,1.766,0.1412,0.613,0.63,-0.3325,-0.0371,0.1538,0.2128,-0.1387,0.2515,1.012,-0.989,0.1877,-0.02101,-0.03918,0.0,0.0,-0.02257,0.0,-0.0195,-0.04156,0.0,0.0,0.0,0.0,0.203,1.0,0.5,0.5,-0.004635,0.1268,2.0,0.0,0.0,0.5,0.0,0.0,0.0,0.2261
-0.02245,-0.02242,-0.02196,-0.3486,0.3254,0.02643,-0.3882,-0.004944,0.0838,0.449,0.4585,-2.79,0.2856,0.099,0.0,0.0,-0.4033,-0.4402,-0.01429,0.0,1.768,0.12396,0.483,0.6177,-0.0179,-0.03644,0.05606,0.661,-0.1514,0.2128,-0.6587,-1.08,0.1747,-0.02238,-0.03738,0.0,0.0,-0.02094,0.0,-0.004215,-0.1016,0.0,0.0,0.0,0.0,0.8066,2.0,0.5,0.5,-0.2532,0.392,3.0,0.0,0.0,0.5,0.0,0.0,0.0,0.8945
-0.02165,-0.02164,-0.02115,-0.09686,0.0702,0.02643,-0.3882,-0.00694,-0.1577,0.3657,0.4539,-1.188,0.1428,0.1089,-1.0,0.0,-0.3315,-0.363,-0.05756,0.0,1.7705,-0.65,0.3496,0.589,-0.252,-0.03525,-0.0927,-0.4688,-0.1865,0.661,0.2515,1.011,0.311,-0.0226,-0.0357,0.0,0.0,-0.01955,0.0,-0.015465,-0.06775,0.0,0.0,0.0,0.0,-0.509,1.0,0.0,0.5,0.002272,0.1602,0.0,1.0,0.0,0.5,0.0,0.0,0.0,-0.5586
-0.01901,-0.01894,-0.01857,-0.642,0.626,0.02643,-0.3882,0.04263,0.4316,0.5645,0.4636,-15.016,0.1428,0.11884,0.0,0.0,-0.4968,-0.5493,0.0643,0.0,1.772,0.3477,0.2069,0.542,0.3577,-0.02902,-1.243,1.331,-0.23,-0.4688,0.2128,-0.6587,1.956,-0.01762,-0.0328,0.0,0.0,-0.01674,0.0,0.0156,0.2411,0.0,0.0,0.0,0.0,1.441,2.0,0.0,1.0,-0.458,0.7656,1.0,0.0,0.0,0.5,0.0,0.0,0.0,1.594
-0.01624,-0.01613,-0.01581,-0.6807,0.6665,0.02643,-0.3882,-0.03766,0.4998,0.596,0.4736,0.2795,0.1428,0.1287,0.0,0.0,-0.531,-0.57,0.0893,0.0,1.775,-0.5566,0.0625,0.4749,0.4324,-0.01805,-0.6543,0.2676,-0.2898,1.331,0.661,0.2512,-1.066,-0.014206,-0.0297,0.0,0.0,-0.013725,0.0,0.02188,0.2566,0.0,0.0,0.0,0.0,0.265,2.0,0.5,1.0,-0.492,0.8086,2.0,0.0,0.0,0.5,0.0,0.0,0.0,0.2866
-0.01393,-0.013824,-0.01351,-0.539,0.524,0.02643,-0.3882,-0.0794,0.373,0.5615,0.4802,-0.08276,0.1428,0.1387,0.0,0.0,-0.5054,-0.535,0.0757,0.0,1.777,-0.6523,-0.0844,0.3882,0.3147,-0.009224,-0.04312,-0.1454,-0.2913,0.2676,-0.4688,0.2128,-0.9883,-0.0097,-0.02629,0.0,0.0,-0.01178,0.0,0.01822,0.1881,0.0,0.0,0.0,0.0,-0.1481,1.0,0.5,0.5,-0.3674,0.658,0.0,1.0,0.0,0.5,0.0,0.0,0.0,-0.1594
-0.01103,-0.01087,-0.01068,-0.7056,0.696,0.02643,-0.3882,-0.08105,0.5825,0.6377,0.4895,0.614,0.1428,0.1486,0.0,0.0,-0.569,-0.603,0.1268,0.0,1.78,-0.2063,-0.2465,0.2898,0.532,0.0005827,0.6606,0.5464,-0.253,-0.1454,1.33,0.661,-1.079,-0.004513,-0.02254,0.0,0.0,-0.009796,0.0,0.03119,0.2327,0.0,0.0,0.0,0.0,0.566,1.0,1.0,0.5,-0.5996,0.7456,1.0,0.0,0.0,0.5,0.0,0.0,0.0,0.6113
-0.00935,-0.00928,-0.0089,-0.3557,0.3364,-0.0462,-0.3882,-0.1553,0.2983,0.5254,0.471,-0.304,0.1428,0.1584,0.0,0.0,-0.482,-0.4956,0.0677,0.0,1.783,-0.0788,-0.3435,0.1808,0.2878,-0.01213,0.2588,-0.6255,-0.2367,0.5464,0.2676,-0.4688,1.011,-0.001175,-0.01964,0.0,0.0,-0.009,0.0,0.01585,-0.3396,0.0,0.0,0.0,0.0,-0.6284,1.0,0.5,0.0,-0.291,0.369,0.0,1.0,0.0,0.5,0.0,0.0,0.0,-0.6724
-0.00814,-0.00811,-0.007645,-0.2192,0.1958,-0.0462,-0.3882,-0.2703,0.1937,0.4822,0.4624,-0.1344,0.1428,0.1683,0.0,0.0,-0.4553,-0.445,0.04834,0.0,1.785,-0.3696,-0.3884,0.0729,0.2122,-0.01712,0.7183,-0.2067,-0.2385,-0.6255,-0.1453,1.33,-0.6587,0.0002937,-0.01707,0.0,0.0,-0.007904,0.0,0.01079,-0.1243,0.0,0.0,0.0,0.0,-0.1517,0.0,0.5,0.0,-0.2024,0.1869,0.0,2.0,0.0,0.5,0.0,0.0,0.0,-0.1641
-0.006947,-0.006954,-0.006416,-0.2123,0.1865,-0.0462,-0.3882,-0.389,0.1847,0.4805,0.4648,0.1109,0.1428,0.1782,0.0,0.0,-0.4646,-0.4324,0.05402,0.0,1.788,-0.8135,-0.4172,-0.03632,0.2142,-0.01175,0.6787,0.061,-0.2473,-0.2067,0.5464,0.2676,0.2512,0.00291,-0.01461,0.0,0.0,-0.006657,0.0,0.01214,0.1952,0.0,0.0,0.0,0.0,0.0425,0.0,0.5,0.5,-0.2476,0.12134,1.0,0.0,0.0,0.5,0.0,0.0,0.0,0.0461
-0.006268,-0.006355,-0.005653,-0.06354,0.03078,-0.0462,-0.3882,-0.4314,-0.01527,0.427,0.4756,-0.5884,0.2856,0.1881,0.0,0.0,-0.4224,-0.3792,0.02898,0.0,1.79,-0.4316,-0.436,-0.1422,0.0224,0.0,0.65,-0.268,-0.2585,0.061,-0.6255,-0.1453,0.2128,0.002083,-0.01266,0.0,0.0,-0.00576,0.0,0.00561,0.504,0.0,0.0,0.0,0.0,-0.192,0.0,0.0,0.5,-0.1426,-0.0705,0.0,1.0,0.0,0.5,0.0,0.0,0.0,-0.2081
-0.004913,-0.005047,-0.004253,-0.2637,0.2306,-0.0462,-0.3882,-0.574,0.1814,0.4954,0.4814,2.303,0.2856,0.198,0.0,0.0,-0.494,-0.4282,0.0757,0.0,1.793,-0.554,-0.4358,-0.2422,0.1992,0.013145,0.3342,0.502,-0.258,-0.268,-0.2067,0.546,0.6606,0.001762,-0.01107,0.0,0.0,-0.00461,0.0,0.01741,0.3796,0.0,0.0,0.0,0.0,0.58,0.0,0.0,0.5,-0.3374,0.1195,1.0,0.0,0.0,0.5,0.0,0.0,0.0,0.6313
-0.00394,-0.00415,-0.003208,-0.1533,0.11426,-0.0462,-0.3882,-0.6255,0.03021,0.4575,0.4927,-0.4163,0.4285,0.2079,0.0,0.0,-0.4663,-0.3887,0.05972,0.0,1.796,-0.6177,-0.4148,-0.342,0.05814,0.02443,0.664,-0.1699,-0.2576,0.502,0.06097,-0.6255,-0.4685,0.001389,-0.0095,0.0,0.0,-0.003824,0.0,0.0132,0.6113,0.0,0.0,0.0,0.0,-0.1344,0.0,0.0,0.5,-0.2357,0.002354,0.0,1.0,0.0,0.5,0.0,0.0,0.0,-0.1451
-0.003708,-0.003967,-0.002926,0.06573,-0.11066,-0.5845,-0.3882,-0.578,-0.2281,0.378,0.4968,-1.807,0.4285,0.2178,-1.0,0.0,-0.3933,-0.3196,0.01872,0.0,1.798,-0.3804,-0.391,-0.3848,-0.1907,0.03134,-0.0309,-0.4382,-0.2983,-0.1699,-0.268,-0.2065,1.33,-0.001148,-0.00787,0.0,0.0,-0.00487,0.0,0.002546,0.325,0.0,0.0,0.0,0.0,-0.4211,0.0,-0.5,0.0,-0.01639,-0.2052,0.0,2.0,0.0,0.5,0.0,1.0,-1.495,-0.456
-0.00222,-0.002531,-0.001384,-0.3071,0.2637,-0.5845,-0.3882,-0.6064,0.1313,0.504,0.5073,-3.346,0.5713,0.2278,0.0,0.0,-0.504,-0.4329,0.09955,0.0,1.801,0.01109,-0.3618,-0.3872,0.1776,0.0417,-0.2178,0.8706,-0.2822,-0.4382,0.502,0.06097,0.2676,-0.0004005,-0.0058,0.0,0.0,-0.00441,0.0,0.02315,0.5054,0.0,0.0,0.0,0.0,0.717,0.0,-0.5,0.0,-0.3545,0.1781,1.0,0.0,0.0,0.5,0.0,0.0,0.0,0.7817
-0.000981,-0.001322,-0.0001168,-0.2344,0.1884,-0.5845,-0.3882,-0.6567,0.05508,0.4817,0.5103,-0.1964,0.5713,0.2377,0.0,0.0,-0.4895,-0.4077,0.0927,0.0,1.803,-0.557,-0.3328,-0.377,0.0876,0.05237,-0.1251,-0.0725,-0.2766,0.8706,-0.1699,-0.268,-0.1453,0.000641,-0.004406,0.0,0.0,-0.003239,0.0,0.02126,0.2954,0.0,0.0,0.0,0.0,-0.06555,0.0,-0.5,-0.5,-0.306,0.082,0.0,1.0,0.0,0.5,0.0,0.0,0.0,-0.07043
3.08e-05,-0.0003936,0.00098,-0.1703,0.11816,-0.5845,0.796,-0.6494,-0.03467,0.4592,0.5176,-0.4353,0.7144,0.2476,0.0,0.0,-0.4697,-0.388,0.0859,0.0,1.806,-0.605,-0.3054,-0.3623,-0.002832,0.0632,-0.4377,-0.07263,-0.3362,-0.0725,-0.4382,0.502,0.546,0.001389,-0.003305,0.0,0.0,-0.001303,0.0,0.01936,0.4834,0.0,0.0,0.0,0.0,-0.06793,-1.0,-1.0,-0.5,-0.3076,-0.0548,0.0,2.0,0.0,0.5,0.0,0.0,0.0,-0.0731
0.0003889,-3.93e-05,0.001342,0.02338,-0.0782,-0.5845,0.796,-0.689,-0.2144,0.3892,0.507,-2.307,0.5713,0.2573,-1.0,0.0,-0.4128,-0.3196,0.0506,0.0,1.808,-0.1731,-0.2886,-0.3506,-0.198,0.0656,-0.08984,-0.3757,-0.3552,-0.07263,0.8706,-0.1699,-0.6255,0.001896,-0.00287,0.0,0.0,-0.0004144,0.0,0.01017,-0.2085,0.0,0.0,0.0,0.0,-0.3586,-1.0,-1.0,-1.0,-0.1203,-0.243,0.0,3.0,0.0,0.5,0.0,0.0,0.0,-0.3865
0.0004246,0.0,0.001375,0.11975,-0.1757,-0.5845,0.796,-0.699,-0.2886,0.348,0.4912,0.9634,0.4285,0.2673,-1.0,0.0,-0.3777,-0.2798,0.03238,0.0,1.811,-0.7124,-0.2798,-0.343,-0.2788,0.0629,0.02156,-0.1951,-0.4224,-0.3757,-0.0725,-0.4382,-0.2065,0.000881,-0.002228,0.0,0.0,0.000823,0.0,0.005383,-0.438,0.0,0.0,0.0,0.0,-0.1512,-1.0,-1.0,-1.5,-0.02751,-0.337,0.0,4.0,0.0,0.5,0.0,0.0,0.0,-0.164
0.0001333,-0.0002713,0.001063,0.2189,-0.2747,-0.5845,0.742,-0.662,-0.3723,0.303,0.4746,0.6724,0.2856,0.2773,-1.0,0.0,-0.3347,-0.2411,0.011894,0.0,1.813,-0.28,-0.278,-0.3416,-0.3684,0.0596,-0.02443,-0.2202,-0.482,-0.1951,-0.07263,0.8706,0.06097,-0.0002403,-0.001628,0.0,0.0,0.001701,0.0,0.0,-0.4688,0.0,0.0,0.0,0.0,-0.1915,-2.0,-1.5,-1.5,0.0476,-0.4546,0.0,5.0,0.0,0.5,0.0,0.0,0.0,-0.2084
-0.0001844,-0.0006104,0.0007668,0.2262,-0.2834,-0.5845,0.723,-0.7065,-0.3462,0.2864,0.4517,0.0317,0.1428,0.287,-1.0,0.0,-0.3242,-0.2212,0.008484,0.0,1.815,-0.6924,-0.2817,-0.3481,-0.345,0.0514,0.1071,-0.03683,-0.5347,-0.2202,-0.3755,-0.0725,-0.268,-0.0004807,-0.0011425,0.0,0.0,0.00239,0.0,-0.001002,-0.829,0.0,0.0,0.0,0.0,-0.03137,-2.0,-1.5,-2.0,0.02364,-0.4966,0.0,5.617,0.0,0.5,0.0,0.0,0.0,-0.03427
-0.0012455,-0.0016365,-0.0003304,0.454,-0.512,-0.5845,0.452,-0.763,-0.5635,0.1947,0.4307,1.174,0.0,0.297,-1.0,0.0,-0.247,-0.1277,-0.04047,0.0,1.818,-0.469,-0.3105,-0.3623,-0.565,0.04446,-0.2006,-0.5283,-0.5176,-0.03683,-0.1951,-0.0726,0.5015,-0.003765,-0.001016,0.0,0.0,0.002174,0.0,-0.01369,-0.786,0.0,0.0,0.0,0.0,-0.4697,-2.0,-1.5,-2.0,0.2532,-0.706,0.0,5.617,0.0,1.0,0.0,0.0,0.0,-0.5137
-0.002243,-0.002583,-0.001378,0.436,-0.4907,-0.5845,0.4392,-0.66,-0.5415,0.1823,0.4126,0.0898,-0.1428,0.307,-1.0,0.0,-0.2264,-0.1255,-0.04276,0.0,1.82,0.7993,-0.3608,-0.3833,-0.5356,0.0363,-0.1732,-0.0248,-0.53,-0.5283,-0.2202,-0.3755,-0.1699,-0.006943,-0.0010605,0.0,0.0,0.002296,0.0,-0.01437,-0.71,0.0,0.0,0.0,0.0,-0.01843,-2.0,-1.5,-2.0,0.233,-0.6885,0.0,5.617,0.0,1.5,0.0,0.0,0.0,-0.02032
-0.00354,-0.003826,-0.002728,0.5312,-0.5835,-0.5845,0.299,-0.611,-0.6284,0.1317,0.3909,0.3665,-0.2856,0.317,-1.0,0.0,-0.1759,-0.0809,-0.0678,0.0,1.823,-0.3135,-0.4155,-0.4045,-0.6436,0.0317,0.02084,-0.273,-0.4805,-0.0248,-0.03683,-0.1951,-0.438,-0.01055,-0.00224,0.0,0.0,0.001201,0.0,-0.02087,-0.864,0.0,0.0,0.0,0.0,-0.1527,-2.0,-1.5,-2.0,0.3208,-0.7817,0.0,5.617,0.0,2.0,0.0,0.0,0.0,-0.1683
-0.00428,-0.004555,-0.003485,0.3606,-0.4102,-0.9634,0.299,-0.6313,-0.4585,0.1687,0.375,-0.2201,-0.4285,0.3267,-1.0,0.0,-0.2114,-0.11505,-0.04047,0.0,1.826,-0.5693,-0.453,-0.4211,-0.4656,0.02461,-0.544,0.299,-0.4658,-0.273,-0.5283,-0.2201,0.8706,-0.01269,-0.002707,0.0,0.0,0.0001239,0.0,-0.01402,-0.5493,0.0,0.0,0.0,0.0,0.2988,-1.0,-1.5,-2.0,0.1498,-0.622,1.0,0.0,0.0,2.0,0.0,0.0,0.0,0.331
-0.00479,-0.005062,-0.003994,0.2896,-0.3384,-0.9634,0.299,-0.628,-0.365,0.1772,0.3552,-0.1562,-0.5713,0.3367,-1.0,0.0,-0.219,-0.1238,-0.03023,0.0,1.828,-0.471,-0.4587,-0.4324,-0.373,0.01688,-0.5894,0.1116,-0.4575,0.299,-0.0248,-0.03683,-0.0725,-0.01415,-0.002605,0.0,0.0,-0.0007544,0.0,-0.01151,-0.8315,0.0,0.0,0.0,0.0,0.0917,0.0,-1.5,-2.0,0.0802,-0.554,2.0,0.0,0.0,2.0,0.0,0.0,0.0,0.1011
-0.00538,-0.005646,-0.004585,0.3135,-0.3623,-0.9634,0.299,-0.632,-0.3704,0.1555,0.3362,0.167,-0.7144,0.3464,-1.0,0.0,-0.1996,-0.1022,-0.0382,0.0,1.831,-0.6694,-0.4385,-0.4365,-0.3794,0.00988,-0.624,-0.0866,-0.476,0.1116,-0.2727,-0.5283,-0.0726,-0.01533,-0.002,0.0,0.0,-0.002125,0.0,-0.01365,-0.795,0.0,0.0,0.0,0.0,-0.05316,0.0,-1.5,-2.0,0.0838,-0.598,0.0,1.0,0.0,2.0,0.0,0.0,0.0,-0.0585
-0.00589,-0.006157,-0.0051,0.291,-0.3396,-0.9634,0.299,-0.6514,-0.3435,0.1497,0.3228,0.02715,-0.7144,0.3564,-1.0,0.0,-0.1959,-0.09454,-0.03705,0.0,1.833,-0.2695,-0.412,-0.4482,-0.3594,0.00709,-0.4795,0.0124,-0.4717,-0.0866,0.299,-0.02478,-0.3755,-0.0164,-0.001893,0.0,0.0,-0.002993,0.0,-0.013466,-0.5625,0.0,0.0,0.0,0.0,0.00921,1.0,-1.0,-1.5,0.01749,-0.625,1.0,0.0,0.0,2.0,0.0,0.0,0.0,0.010155
-0.00603,-0.006336,-0.0052,0.1763,-0.2261,-0.9634,0.299,-0.699,-0.191,0.1759,0.3025,-0.589,-0.857,0.3665,-1.0,0.0,-0.2242,-0.1156,-0.01657,0.0,1.836,-0.44,-0.381,-0.4624,-0.2224,0.001212,-0.4197,0.223,-0.4714,0.0124,0.1116,-0.2727,-0.1951,-0.01584,-0.001338,0.0,0.0,-0.00353,0.0,-0.00831,-1.25,0.0,1.0,0.0,0.0,0.1515,2.0,-0.5,-1.5,-0.0807,-0.5024,2.0,0.0,0.0,2.0,0.0,0.0,0.0,0.1669
-0.0056,-0.005943,-0.00473,0.003016,-0.05295,-0.9634,0.299,-0.703,0.02434,0.2268,0.2869,-2.969,-0.857,0.3665,0.0,0.0,-0.2705,-0.1646,0.01872,0.0,1.839,-0.43,-0.3564,-0.469,-0.01399,-0.00338,-0.3213,0.3826,-0.4768,0.223,-0.0866,0.2988,-0.2201,-0.0144,-0.000713,0.0,0.0,-0.003824,0.0,0.0006084,-0.77,0.0,0.0,0.0,0.0,0.338,2.0,0.0,-1.0,-0.2255,-0.3115,3.0,0.0,0.0,2.0,0.0,0.0,0.0,0.3708
-0.00539,-0.00578,-0.004475,0.068,-0.1216,-0.9634,0.299,-0.695,-0.006203,0.2,0.2705,-0.0972,-0.857,0.3665,0.0,0.0,-0.2456,-0.1394,0.007343,0.0,1.841,-0.527,-0.3445,-0.4617,-0.04044,-0.00988,-0.2954,-0.1226,-0.4775,0.3826,0.01239,0.1115,-0.03683,-0.012634,-0.0002587,0.0,0.0,-0.004005,0.0,-0.002438,-0.7974,0.0,0.0,0.0,0.0,-0.1056,1.0,0.0,-1.0,-0.177,-0.393,0.0,1.0,0.0,2.0,0.0,0.0,0.0,-0.1152
-0.004623,-0.00502,-0.0037,-0.0983,0.04636,-0.9634,0.299,-0.7236,0.1901,0.2524,0.2625,2.12,-0.7144,0.3665,0.0,0.0,-0.2954,-0.1871,0.04376,0.0,1.844,-0.4016,-0.3474,-0.4465,0.1627,-0.01219,0.01294,0.3933,-0.4885,-0.1226,0.223,-0.0866,-0.5283,-0.01066,6.31e-05,0.0,0.0,-0.00427,0.0,0.00676,-0.1946,0.0,0.0,0.0,0.0,0.3748,2.0,0.5,-0.5,-0.322,-0.215,1.0,0.0,0.0,2.0,0.0,0.0,0.0,0.4097
-0.004074,-0.00447,-0.00315,-0.03357,-0.01913,-0.9634,0.299,-0.723,0.1407,0.2296,0.2559,-0.03415,-0.5713,0.3665,0.0,0.0,-0.275,-0.1653,0.03467,0.0,1.846,-0.729,-0.362,-0.4312,0.11487,-0.01219,0.0805,-0.09766,-0.4954,0.3933,0.3826,0.01239,-0.02478,-0.00913,0.000574,0.0,0.0,-0.004475,0.0,0.004288,-0.1178,0.0,0.0,0.0,0.0,-0.0915,1.0,0.5,-0.5,-0.268,-0.287,0.0,1.0,0.0,2.0,0.0,0.0,0.0,-0.09937
-0.003666,-0.004055,-0.002754,0.009346,-0.06186,-0.9634,0.299,-0.679,0.104,0.2124,0.251,-0.01471,-0.4285,0.3665,0.0,0.0,-0.2554,-0.153,0.02898,0.0,1.849,0.1942,-0.3884,-0.4185,0.0792,-0.01106,0.2876,-0.06116,-0.4944,-0.09766,-0.1226,0.2229,-0.2727,-0.007557,0.0003786,0.0,0.0,-0.00439,0.0,0.002708,0.0193,0.0,0.0,0.0,0.0,-0.04865,0.0,0.5,-0.5,-0.227,-0.3286,0.0,2.0,0.0,2.0,0.0,0.0,0.0,-0.05292
-0.002993,-0.003363,-0.002096,-0.06964,0.01924,-1.073,0.299,-0.681,0.1915,0.2369,0.2487,0.5815,-0.2856,0.3665,0.0,0.0,-0.2776,-0.1763,0.04834,0.0,1.851,-0.665,-0.4175,-0.4111,0.1714,-0.00925,0.1761,0.2081,-0.52,-0.06116,0.3933,0.3826,0.2988,-0.005554,0.0001514,0.0,0.0,-0.004814,0.0,0.007584,0.2059,0.0,0.0,0.0,0.0,0.1227,0.0,0.5,0.0,-0.318,-0.2666,1.0,0.0,0.0,2.0,0.0,0.0,0.0,0.1335
-0.002382,-0.002743,-0.001498,-0.05005,0.0001765,-1.073,0.299,-0.6606,0.1576,0.229,0.2517,0.02136,-0.1428,0.3665,0.0,0.0,-0.2688,-0.1707,0.04834,0.0,1.854,-0.2546,-0.451,-0.4128,0.1505,-0.005184,0.1675,0.0,-0.5435,0.2081,-0.09766,-0.1226,0.1115,-0.004032,0.0,0.0,0.0,-0.005184,0.0,0.00749,0.8047,1.0,0.0,0.0,0.0,0.0,0.0,0.0,0.0,-0.3015,-0.2876,0.0,0.0,0.0,2.0,0.0,0.0,0.0,0.0
-0.001722,-0.0021,-0.00082,-0.06525,0.01452,-1.073,0.299,-0.7993,0.1564,0.2328,0.256,0.1381,0.0,0.3665,0.0,0.0,-0.2844,-0.161,0.05518,0.0,1.856,-0.781,-0.4834,-0.427,0.1482,0.00221,0.2673,0.0732,-0.562,0.0,-0.06113,0.393,-0.08655,-0.003178,-0.0003974,0.0,0.0,-0.00544,0.0,0.009155,0.88,1.0,0.0,0.0,0.0,0.04202,0.0,0.5,0.5,-0.3254,-0.284,1.0,0.0,0.0,2.0,0.0,0.0,0.0,0.0456
-0.0004954,-0.000872,0.0004063,-0.232,0.1836,-1.073,0.299,-0.8213,0.305,0.2913,0.268,0.7437,0.1428,0.3665,0.0,0.0,-0.3386,-0.2147,0.09503,0.0,1.858,-0.4924,-0.5093,-0.4495,0.2905,0.01506,0.319,0.4265,-0.535,0.0732,0.2081,-0.09766,0.01239,-0.0011215,-0.000246,0.0,0.0,-0.00507,0.0,0.01917,1.445,1.0,0.0,0.0,0.0,0.605,1.0,0.5,1.0,-0.4744,-0.1084,2.0,0.0,0.0,2.0,0.0,0.0,0.0,0.656
0.0005426,0.0001701,0.00144,-0.176,0.1273,-1.073,0.299,-0.813,0.2308,0.2766,0.2769,-0.0505,0.2856,0.3665,0.0,0.0,-0.325,-0.2018,0.09045,0.0,1.861,-0.508,-0.5103,-0.4727,0.2207,0.02399,0.2732,-0.0484,-0.51,0.4265,0.0,-0.06113,0.2229,-2.67e-05,-1.264e-05,0.0,0.0,-0.00459,0.0,0.01791,1.274,1.0,0.0,0.0,0.0,-0.02586,1.0,0.0,0.5,-0.4255,-0.1682,0.0,1.0,0.0,2.0,0.0,0.0,0.0,-0.02782
0.00159,0.001211,0.002493,-0.1785,0.1295,-1.073,0.299,-0.8623,0.2183,0.281,0.2854,0.10315,0.4285,0.3665,0.0,0.0,-0.3333,-0.2012,0.0973,0.0,1.863,-0.9326,-0.4822,-0.493,0.2074,0.03354,0.11786,0.07263,-0.4822,-0.0484,0.0732,0.208,0.3826,0.001442,0.0002272,0.0,0.0,-0.003881,0.0,0.01955,1.261,1.0,0.0,0.0,0.0,0.0549,1.0,0.0,0.5,-0.4285,-0.1666,1.0,0.0,0.0,2.0,0.0,0.0,0.0,0.0591
0.003023,0.002647,0.003925,-0.2905,0.2433,-1.073,0.299,-0.874,0.317,0.324,0.2976,0.467,0.5713,0.3665,0.0,0.0,-0.3726,-0.2407,0.128,0.0,1.866,-0.757,-0.4353,-0.499,0.312,0.0443,0.2394,0.3264,-0.4402,0.07263,0.4263,0.0,-0.12256,0.003765,0.0007763,0.0,0.0,-0.00289,0.0,0.0273,1.478,1.0,0.0,0.0,0.0,0.2888,2.0,0.5,1.0,-0.517,-0.03595,2.0,0.0,0.0,2.0,0.0,0.0,0.0,0.3108
0.003168,0.002764,0.004097,0.088,-0.1418,-1.073,0.299,-0.8403,-0.101,0.1968,0.3018,-0.918,0.7144,0.3665,0.0,0.0,-0.2556,-0.1223,0.05518,0.0,1.869,-0.07574,-0.3865,-0.4922,-0.1067,0.05222,0.0855,-0.77,-0.449,0.3264,-0.04837,0.0732,0.393,0.003925,0.0006623,0.0,0.0,-0.002096,0.0,0.0085,0.5547,0.0,0.0,0.0,0.0,-0.558,1.0,0.0,0.5,-0.1333,-0.3862,0.0,1.0,-0.5,2.0,0.0,0.0,0.0,-0.5967
0.003191,0.002762,0.004147,0.12366,-0.1794,-1.073,0.299,-0.842,-0.1613,0.1783,0.3027,-4.54,0.7144,0.3665,-1.0,0.0,-0.2391,-0.1044,0.04834,0.0,1.871,-0.4844,-0.348,-0.478,-0.1564,0.05502,0.1503,-0.0731,-0.4631,-0.77,0.07263,0.4263,-0.09766,0.003925,0.0005994,0.0,0.0,-0.00134,0.0,0.006577,0.3728,0.0,0.0,0.0,0.0,-0.08624,0.0,0.0,0.0,-0.11523,-0.4402,0.0,2.0,-0.5,2.0,0.0,0.0,0.0,-0.09344
0.003159,0.002718,0.004124,0.1401,-0.1969,-1.073,0.7715,-0.8774,-0.189,0.166,0.2998,0.8027,0.5713,0.3665,-1.0,0.0,-0.2312,-0.0889,0.04492,0.0,1.874,-0.845,-0.3203,-0.4612,-0.1847,0.05713,0.1948,-0.0366,-0.4973,-0.0731,0.3264,-0.04837,-0.06113,0.003685,0.0007443,0.0,0.0,-0.000405,0.0,0.005577,0.0943,0.0,0.0,0.0,0.0,-0.02986,0.0,0.0,-0.5,-0.104,-0.462,0.0,3.0,-0.5,2.0,0.0,0.0,0.0,-0.0324
0.004047,0.003597,0.00502,-0.133,0.0794,-1.073,0.7715,-0.8853,0.0796,0.2551,0.3047,-3.848,0.5713,0.3665,0.0,0.0,-0.3123,-0.1742,0.10297,0.0,1.876,-0.4937,-0.302,-0.4402,0.0898,0.06238,0.08264,0.6226,-0.5044,-0.0366,-0.7695,0.07263,0.208,0.003872,0.0007634,0.0,0.0,0.000785,0.0,0.02036,0.5776,0.0,0.0,0.0,0.0,0.4412,0.0,0.0,0.0,-0.3472,-0.1742,1.0,0.0,-0.5,2.0,0.0,0.0,0.0,0.479
0.004364,0.003906,0.00535,0.03516,-0.0915,-1.073,0.7715,-0.9165,-0.0921,0.1981,0.3022,-0.824,0.5713,0.3665,0.0,0.0,-0.2637,-0.11633,0.07227,0.0,1.879,-0.9326,-0.294,-0.4185,-0.091,0.06665,0.1172,-0.3262,-0.5225,0.6226,-0.0731,0.3264,0.0,0.003445,0.00065,0.0,0.0,0.001636,0.0,0.01236,0.0794,0.0,0.0,0.0,0.0,-0.25,-1.0,0.0,-0.5,-0.1776,-0.3306,0.0,1.0,-0.5,2.0,0.0,0.0,0.0,-0.2686
0.004257,0.003792,0.005245,0.1621,-0.2205,-1.073,0.7715,-0.9277,-0.228,0.1504,0.2976,-6.336,0.4285,0.3665,-1.0,0.0,-0.2213,-0.0688,0.04718,0.0,1.881,-0.9326,-0.2986,-0.4004,-0.2258,0.0676,0.0891,-0.2673,-0.5547,-0.3262,-0.0366,-0.7695,0.0732,0.00227,0.0004354,0.0,0.0,0.002344,0.0,0.005737,-0.04694,0.0,0.0,0.0,0.0,-0.3645,-1.0,-0.5,-0.5,-0.04788,-0.4465,0.0,2.0,-0.5,2.0,0.0,0.0,0.0,-0.3938
0.004192,0.00372,0.00519,0.1478,-0.2068,-1.073,0.7715,-0.969,-0.2238,0.1478,0.2942,0.1013,0.2856,0.3665,-1.0,0.0,-0.2231,-0.06174,0.04947,0.0,1.884,-0.337,-0.3145,-0.3853,-0.2241,0.06964,-0.1675,0.0244,-0.5938,-0.2673,0.6226,-0.07306,0.4263,0.0004272,0.0004292,0.0,0.0,0.003061,0.0,0.006176,0.01233,0.0,0.0,0.0,0.0,0.02368,0.0,-0.5,0.0,-0.07043,-0.443,1.0,0.0,-0.5,2.0,0.0,0.0,0.0,0.0257
0.003994,0.003521,0.00499,0.1893,-0.2485,-1.073,0.7715,-0.963,-0.2686,0.1268,0.2878,0.5947,0.1428,0.3665,-1.0,0.0,-0.2029,-0.0423,0.04037,0.0,1.887,-0.549,-0.3438,-0.3757,-0.2722,0.0699,-0.1675,-0.0976,-0.622,0.0244,-0.3262,-0.0366,-0.04837,8.01e-05,0.0004733,0.0,0.0,0.003534,0.0,0.003727,-0.1978,0.0,0.0,0.0,0.0,-0.07465,0.0,-0.5,-0.5,-0.02658,-0.479,0.0,1.0,-0.5,2.0,0.0,0.0,0.0,-0.08093
0.004154,0.003677,0.005157,0.0812,-0.1394,-1.073,0.7715,-0.969,-0.1603,0.1558,0.2834,-0.631,0.0,0.3665,-1.0,0.0,-0.2324,-0.0675,0.06198,0.0,1.889,-0.585,-0.3843,-0.3713,-0.1658,0.0709,-0.2422,0.2322,-0.632,-0.0976,-0.267,0.6226,0.07263,0.0004005,0.000751,0.0,0.0,0.003893,0.0,0.00912,-0.04117,0.0,0.0,0.0,0.0,0.2478,0.0,-0.5,0.0,-0.1193,-0.3616,1.0,0.0,-0.5,2.0,0.0,0.0,0.0,0.2693
0.003994,0.003521,0.00499,0.1774,-0.2366,-1.073,0.7715,-0.969,-0.2568,0.1181,0.2766,2.492,-0.1428,0.3665,-1.0,0.0,-0.1965,-0.032,0.04263,0.0,1.892,-0.648,-0.434,-0.3762,-0.2515,0.06805,-0.4585,-0.2069,-0.6484,0.2322,0.0244,-0.3262,0.3264,0.0003471,0.0009403,0.0,0.0,0.004185,0.0,0.003895,-0.2224,0.0,0.0,0.0,0.0,-0.3616,0.0,-1.0,-0.5,-0.04095,-0.4705,0.0,1.0,-0.5,2.0,0.0,0.0,0.0,-0.3914
0.00453,0.00406,0.00553,-0.0308,-0.02573,-1.073,0.7715,-0.969,-0.02696,0.1816,0.2688,-1.636,-0.1428,0.3665,0.0,0.0,-0.2544,-0.0946,0.0859,0.0,1.894,-0.3604,-0.4783,-0.3884,-0.01852,0.0663,-0.05246,0.464,-0.647,-0.2069,-0.09753,-0.267,-0.7695,-5.34e-05,0.00164,0.0,0.0,0.004536,0.0,0.01485,-0.1986,0.0,0.0,0.0,0.0,0.4282,1.0,-0.5,-0.5,-0.2141,-0.2379,1.0,0.0,-0.5,2.0,0.0,0.0,0.0,0.465
0.005558,0.005093,0.006554,-0.174,0.11975,-0.986,0.7715,-0.969,0.1407,0.2303,0.2654,2.229,-0.1428,0.3665,0.0,0.0,-0.301,-0.1387,0.12006,0.0,1.896,-0.9326,-0.5186,-0.4043,0.1373,0.07043,0.01006,0.3635,-0.6343,0.464,0.232,0.0244,-0.07306,0.001068,0.002542,0.0,0.0,0.00524,0.0,0.02342,0.0451,0.0,0.0,0.0,0.0,0.4358,1.0,0.0,0.0,-0.3335,-0.07764,2.0,0.0,-0.5,2.0,0.0,0.0,0.0,0.4697
0.0071,0.006664,0.008064,-0.3215,0.2715,-0.7725,0.7715,-0.969,0.32,0.286,0.2656,0.9116,-0.1428,0.3665,0.0,0.0,-0.3474,-0.1953,0.1588,0.0,1.899,-0.5513,-0.547,-0.4229,0.3005,0.0777,0.0769,0.4094,-0.6006,0.3635,-0.2069,-0.09753,-0.0366,0.003685,0.0038,0.0,0.0,0.00632,0.0,0.03308,0.2112,0.0,0.0,0.0,0.0,0.756,2.0,0.5,0.0,-0.4688,0.0761,3.0,0.0,-1.0,2.0,0.0,0.0,0.0,0.81
0.004284,0.004025,0.005066,1.003,-1.059,-0.7725,-0.215,-0.557,-0.9883,-0.1549,0.2336,-3.154,-0.2856,0.3665,-1.0,0.0,0.1007,0.2047,-0.10767,0.0,1.901,1.755,-0.54,-0.4536,-0.8975,0.04114,-0.2178,-2.514,-0.469,0.4094,0.4639,0.232,0.622,0.0,0.003426,0.0,0.0,0.005024,0.0,-0.03583,-0.9756,0.0,0.0,0.0,0.0,-8.15,1.0,0.0,-0.5,0.8794,-1.126,0.0,1.0,-1.0,2.0,0.0,1.0,-3.82,-5.477
-0.0001197,-0.0001231,0.0004075,1.529,-1.575,-0.7725,-0.8794,-0.4048,-1.503,-0.3503,0.1976,0.7905,-0.4285,0.3665,-1.0,0.0,0.31,0.3994,-0.225,0.0,1.904,1.342,-0.4443,-0.4675,-1.351,0.0088,-0.1567,-1.293,-0.2534,-2.514,0.3635,-0.2068,-0.326,-0.00622,0.002348,0.0,0.0,0.00276,0.0,-0.0663,-1.068,0.0,1.0,0.0,0.0,-3.586,1.0,0.0,-0.5,1.433,-1.571,0.0,2.0,-1.0,2.0,0.0,0.0,0.0,-4.004
-0.003653,-0.003534,-0.00325,1.254,-1.288,-0.7725,-0.8794,-0.4026,-1.265,-0.308,0.1654,-0.04532,-0.4285,0.3665,-1.0,0.0,0.2673,0.3533,-0.1964,0.0,1.906,-0.3206,-0.3428,-0.4536,-1.107,-0.01032,-0.1862,0.3208,-0.1372,-1.293,0.4094,0.4639,-0.267,-0.01228,0.001471,0.0,0.0,0.000672,0.0,-0.05917,-0.926,0.0,0.0,0.0,0.0,0.4854,1.0,0.5,0.0,1.186,-1.275,1.0,0.0,-1.0,2.0,0.0,0.0,0.0,0.5537
-0.00768,-0.007397,-0.00744,1.426,-1.451,-0.7725,-0.8794,-0.3186,-1.436,-0.3975,0.1279,0.306,-0.4285,0.3665,-1.0,0.0,0.3662,0.443,-0.2488,0.0,1.909,-0.0495,-0.2484,-0.4148,-1.313,-0.02448,-0.3542,-0.587,-0.01327,0.3208,-2.514,0.3635,0.0244,-0.01912,0.0002966,0.0,0.0,-0.00218,0.0,-0.07275,-1.021,0.0,0.0,0.0,0.0,-0.6636,0.0,0.0,0.0,1.341,-1.442,0.0,1.0,-1.0,2.0,0.0,0.0,0.0,-0.753
-0.01143,-0.01106,-0.01127,1.343,-1.362,-0.7725,-0.8794,-0.3274,-1.342,-0.4126,0.0828,0.065,-0.5713,0.3665,-1.0,0.0,0.381,0.4607,-0.2556,0.0,1.911,-0.5513,-0.158,-0.3613,-1.273,-0.03992,-0.485,-0.07733,0.08405,-0.587,-1.292,0.4094,-0.09753,-0.02713,-0.001028,0.0,0.0,-0.00505,0.0,-0.07465,-1.296,0.0,1.0,0.0,0.0,-0.08154,-1.0,0.0,-0.5,1.248,-1.371,0.0,2.0,-1.0,2.0,0.0,0.0,0.0,-0.09344
-0.013916,-0.01351,-0.01381,0.9375,-0.9497,-0.7725,-0.8794,-0.3179,-0.9385,-0.324,0.0474,-0.2178,-0.7144,0.3665,-1.0,0.0,0.291,0.3625,-0.1987,0.0,1.914,-0.5605,-0.07764,-0.3025,-0.907,-0.0531,-0.8086,0.645,0.1232,-0.07733,0.3206,-2.514,0.232,-0.0346,-0.002234,0.0,0.0,-0.007507,0.0,-0.06018,-0.981,0.0,0.0,0.0,0.0,0.669,0.0,0.0,0.0,0.885,-0.9443,1.0,0.0,-1.0,2.0,0.0,0.0,0.0,0.7676
-0.01688,-0.0164,-0.01683,1.093,-1.103,-0.7725,-0.8794,-0.2573,-1.068,-0.4004,0.0102,0.3164,-0.7144,0.3665,-1.0,0.0,0.3748,0.4404,-0.2432,0.0,1.917,-0.3628,-0.003464,-0.2413,-1.067,-0.06805,-0.851,-0.4978,0.161,0.645,-0.587,-1.292,-0.2068,-0.04404,-0.003622,0.0,0.0,-0.01059,0.0,-0.0717,-1.018,0.0,0.0,0.0,0.0,-0.4885,0.0,0.0,0.0,1.056,-1.068,0.0,1.0,-1.0,2.0,0.0,0.0,0.0,-0.5547
-0.02031,-0.01979,-0.02031,1.254,-1.263,-0.7725,-0.8794,-0.2615,-1.199,-0.482,-0.03247,0.2937,-0.7144,0.3564,-1.0,-1.0,0.4595,0.5317,-0.291,0.0,1.919,-0.5103,0.07184,-0.1741,-1.216,-0.08936,-1.305,-0.5405,0.2302,-0.4978,-0.0773,0.3206,0.4639,-0.04834,-0.005478,0.0,0.0,-0.01346,0.0,-0.08417,-1.109,0.0,1.0,0.0,0.0,-0.776,-1.0,-0.5,-0.5,1.231,-1.2,0.0,2.0,-1.0,2.0,0.0,0.0,0.0,-0.888
-0.0244,-0.02376,-0.02454,1.485,-1.488,-0.7725,-0.8794,-0.1458,-1.392,-0.588,-0.08154,0.3376,-0.7144,0.3464,-1.0,-1.0,0.583,0.642,-0.3535,0.0,1.922,0.58,0.148,-0.1013,-1.434,-0.1127,-1.758,-0.7144,0.3193,-0.5405,0.645,-0.587,0.3633,-0.05136,-0.00763,0.0,0.0,-0.01678,0.0,-0.1004,-1.191,0.0,1.0,0.0,0.0,-1.127,-1.0,-1.0,-0.5,1.473,-1.396,0.0,3.0,-1.0,2.0,0.0,0.0,0.0,-1.302
-0.02766,-0.027,-0.02782,1.209,-1.208,-0.7725,-0.8794,-0.1309,-1.093,-0.546,-0.1306,-0.1139,-0.7144,0.3464,-1.0,-1.0,0.539,0.5923,-0.3252,0.0,1.924,-0.2402,0.21,-0.03119,-1.193,-0.1301,-2.3,0.3286,0.3716,-0.7144,-0.4978,-0.0773,0.4094,-0.05438,-0.00959,0.0,0.0,-0.01987,0.0,-0.0932,-1.164,0.0,1.0,0.0,0.0,0.2854,0.0,-1.0,-0.5,1.218,-1.114,1.0,0.0,-1.0,2.0,0.0,0.0,0.0,0.3337
-0.02968,-0.02902,-0.02982,0.8076,-0.8027,-0.7725,-0.8794,-0.1114,-0.6587,-0.456,-0.1708,-0.3442,-0.7144,0.3367,-1.0,-1.0,0.4458,0.4885,-0.267,0.0,1.927,-0.1838,0.2627,0.03653,-0.7817,-0.1499,-0.9253,0.667,0.3635,0.3286,-0.5405,0.645,-2.514,-0.0548,-0.01134,0.0,0.0,-0.02293,0.0,-0.0784,-0.9233,0.0,0.0,0.0,0.0,0.5283,0.0,-0.5,0.0,0.8486,-0.705,2.0,0.0,-1.0,2.0,0.0,0.0,0.0,0.6143
-0.03049,-0.02992,-0.03055,0.4143,-0.4116,-0.514,-0.8794,-0.0902,-0.1914,-0.3555,-0.2089,-0.8,-0.857,0.3367,-1.0,0.0,0.3433,0.375,-0.2021,0.0,1.93,0.1962,0.2915,0.0941,-0.3667,-0.1626,-0.2854,0.737,0.3381,0.667,-0.7144,-0.4976,-1.292,-0.05353,-0.012726,0.0,0.0,-0.0252,0.0,-0.06195,-0.8506,0.0,0.0,0.0,0.0,0.7373,1.0,0.0,0.0,0.4985,-0.298,3.0,0.0,-1.0,2.0,0.0,0.0,0.0,0.848
-0.03156,-0.03119,-0.03143,0.4924,-0.5034,-0.514,-0.8794,-0.06238,-0.1757,-0.3958,-0.2534,-0.0839,-1.0,0.3367,-1.0,0.0,0.3875,0.4165,-0.2238,0.0,1.932,-0.522,0.292,0.1473,-0.3904,-0.1804,-0.4507,-0.2427,0.3184,0.737,0.3286,-0.5405,0.3206,-0.05414,-0.014275,0.0,0.0,-0.02745,0.0,-0.0676,-1.001,0.0,0.0,0.0,0.0,-0.2405,1.0,-0.5,-0.5,0.569,-0.392,0.0,1.0,-1.0,2.0,0.0,0.0,0.0,-0.2732
-0.03183,-0.0319,-0.03125,0.2244,-0.2612,-0.514,-0.8794,-0.06793,0.2039,-0.329,-0.2979,-6.73,-1.0,0.3367,0.0,0.0,0.3186,0.344,-0.1793,0.0,1.935,-0.3755,0.2627,0.2034,6.8e-05,-0.2089,-0.1373,0.5,0.283,-0.2427,0.6665,-0.7144,-0.5864,-0.05264,-0.0158,0.0,0.0,-0.02936,0.0,-0.0564,-0.9814,0.0,0.0,0.0,0.0,0.571,2.0,0.0,-0.5,0.1993,-0.2812,1.0,0.0,-1.0,2.0,0.0,0.0,0.0,0.6514
-0.03162,-0.0318,-0.0309,0.06665,-0.1099,-0.514,-0.8794,-0.465,0.3848,-0.2866,-0.308,0.765,-0.857,0.3367,0.0,0.0,0.24,0.336,-0.1498,0.0,1.937,-0.9326,0.2744,0.2598,0.3093,-0.2365,-0.05032,0.3306,0.2437,0.5,0.737,0.3286,-0.0773,-0.04932,-0.01712,0.0,0.0,-0.03093,0.0,-0.04892,-0.28,0.0,0.0,0.0,0.0,0.2966,2.0,0.5,0.0,0.003609,-0.1837,2.0,0.0,-1.0,2.0,0.0,0.0,0.0,0.3354
-0.0313,-0.0315,-0.0306,0.04523,-0.08875,-0.514,-0.8794,-0.639,0.3838,-0.2832,-0.3042,0.1407,-0.7144,0.3367,0.0,0.0,0.2207,0.3489,-0.144,0.0,1.939,-0.6377,0.288,0.2969,0.381,-0.244,-0.3428,0.06323,0.1875,0.3306,-0.2427,0.6665,0.645,-0.0444,-0.01846,0.0,0.0,-0.03265,0.0,-0.04755,0.1915,0.0,0.0,0.0,0.0,0.04034,2.0,0.5,0.5,-0.02963,-0.177,3.0,0.0,-1.0,2.0,0.0,0.0,0.0,0.04538
-0.0316,-0.03177,-0.03088,0.2218,-0.2673,-0.514,-0.8794,-0.6504,0.1874,-0.3438,-0.3074,-0.2888,-0.5713,0.3367,0.0,0.0,0.2812,0.4158,-0.1782,0.0,1.942,-0.547,0.2776,0.3123,0.19,-0.2432,-0.02803,-0.3792,0.1328,0.06323,0.5,0.737,-0.4976,-0.04095,-0.02016,0.0,0.0,-0.0345,0.0,-0.05643,-0.0641,0.0,0.0,0.0,0.0,-0.3347,1.0,0.5,0.0,0.1257,-0.365,0.0,1.0,-1.0,2.0,0.0,0.0,0.0,-0.3762
-0.0328,-0.03302,-0.0321,0.521,-0.571,-0.514,-0.8794,-0.6655,-0.1565,-0.4482,-0.3108,-1.104,-0.5713,0.3367,-1.0,0.0,0.388,0.5327,-0.2397,0.0,1.944,-0.398,0.2439,0.3074,-0.1436,-0.2438,0.315,-0.6865,0.0419,-0.3792,0.3306,-0.2426,-0.5405,-0.0403,-0.02179,0.0,0.0,-0.03717,0.0,-0.07227,-0.1014,0.0,0.0,0.0,0.0,-0.5244,1.0,0.5,0.0,0.4397,-0.629,0.0,2.0,-1.0,2.0,0.0,0.0,0.0,-0.5933
-0.03412,-0.0343,-0.0334,0.548,-0.5977,-0.514,-0.8794,-0.6606,-0.2272,-0.4734,-0.3154,2.014,-0.5713,0.3267,-1.0,-1.0,0.4148,0.5605,-0.2522,0.0,1.947,-0.534,0.1913,0.2769,-0.2131,-0.2435,0.7427,-0.1415,-0.11096,-0.6865,0.06323,0.5,-0.714,-0.0415,-0.02345,0.0,0.0,-0.04025,0.0,-0.07556,-0.1241,0.0,0.0,0.0,0.0,-0.06744,0.0,0.5,0.0,0.4392,-0.6836,0.0,3.0,-1.0,2.0,0.0,0.0,0.0,-0.07715
-0.03488,-0.0351,-0.03418,0.3818,-0.4307,-0.514,-0.8794,-0.6963,-0.07733,-0.438,-0.324,-1.324,-0.4285,0.3267,0.0,0.0,0.3745,0.5244,-0.2272,0.0,1.949,-0.8496,0.11975,0.2148,-0.069,-0.2449,0.627,0.2837,-0.421,-0.1415,-0.379,0.3306,0.3286,-0.04156,-0.02496,0.0,0.0,-0.04346,0.0,-0.0693,-0.2559,0.0,0.0,0.0,0.0,0.241,0.0,0.5,0.0,0.2722,-0.5303,1.0,0.0,-1.0,2.0,0.0,0.0,0.0,0.2764
-0.0356,-0.0358,-0.03488,0.3584,-0.4067,-0.514,-0.8794,-0.6807,-0.0836,-0.4436,-0.3274,-0.04,-0.2856,0.3367,0.0,0.0,0.3816,0.529,-0.2272,0.0,1.952,-0.1932,0.03041,0.1604,-0.07214,-0.2443,0.322,0.0,-0.468,0.2837,-0.6865,0.06323,0.6665,-0.0427,-0.0268,0.0,0.0,-0.04446,0.0,-0.0694,-0.0653,0.0,0.0,0.0,0.0,0.0,-1.0,0.0,0.0,0.2223,-0.537,0.0,0.0,-1.0,2.0,0.0,0.0,0.0,0.0
-0.03592,-0.03613,-0.0352,0.2345,-0.282,-0.514,0.3228,-0.7026,-0.003616,-0.4158,-0.3232,2.928,-0.1428,0.3367,0.0,0.0,0.3508,0.5,-0.2067,0.0,1.954,-0.697,-0.06683,0.1097,0.004982,-0.2378,-0.06256,0.231,-0.466,0.0,-0.1415,-0.379,0.737,-0.04404,-0.02835,0.0,0.0,-0.0443,0.0,-0.0642,0.266,0.0,0.0,0.0,0.0,0.1653,0.0,0.0,0.5,0.0817,-0.4404,1.0,0.0,-1.0,2.0,0.0,0.0,0.0,0.1886
-0.03662,-0.03693,-0.03583,0.3591,-0.4133,-0.514,0.3228,-0.79,-0.2018,-0.4636,-0.3132,-1.806,-0.1428,0.3267,-1.0,-1.0,0.393,0.562,-0.234,0.0,1.957,-0.5723,-0.1633,0.0515,-0.2185,-0.2238,0.07117,-0.307,-0.4702,0.231,0.2837,-0.6865,-0.2426,-0.04614,-0.0299,0.0,0.0,-0.04462,0.0,-0.0713,0.4817,0.0,0.0,0.0,0.0,-0.2142,0.0,0.0,0.5,0.2004,-0.5684,0.0,1.0,-1.0,2.0,0.0,0.0,0.0,-0.2435
-0.03696,-0.0373,-0.0361,0.2333,-0.2896,-0.514,0.3228,-0.818,-0.1326,-0.4343,-0.304,-0.7324,-0.1428,0.3267,-1.0,0.0,0.3599,0.5317,-0.2135,0.0,1.96,-0.524,-0.2585,-0.01406,-0.1555,-0.2146,-0.2156,0.2313,-0.4702,-0.307,0.0,-0.1415,0.5,-0.04697,-0.03137,0.0,0.0,-0.0443,0.0,-0.06616,0.4514,0.0,0.0,0.0,0.0,0.1443,1.0,0.0,0.5,0.06213,-0.468,1.0,0.0,-1.0,2.0,0.0,0.0,0.0,0.1648
-0.0385,-0.03882,-0.0377,0.627,-0.687,-0.514,0.3228,-0.782,-0.5615,-0.566,-0.31,14.88,-0.1428,0.317,-1.0,-1.0,0.5024,0.6777,-0.2932,0.0,1.962,0.04968,-0.3396,-0.08276,-0.5986,-0.2128,-0.424,-0.896,-0.4592,0.2313,0.231,0.2834,0.3306,-0.04822,-0.0332,0.0,0.0,-0.04465,0.0,-0.0867,-0.269,0.0,0.0,0.0,0.0,-0.581,0.0,-0.5,0.0,0.4397,-0.8525,0.0,1.0,-1.0,2.0,0.0,0.0,0.0,-0.6616
-0.0398,-0.0401,-0.03897,0.5396,-0.5977,-0.514,0.3228,-0.8433,-0.4856,-0.556,-0.3228,-0.0443,-0.1428,0.307,-1.0,-1.0,0.4866,0.6724,-0.2852,0.0,1.965,-0.5635,-0.4204,-0.156,-0.54,-0.2158,-0.551,0.09094,-0.455,-0.896,-0.3066,0.0,0.06323,-0.049,-0.03513,0.0,0.0,-0.04535,0.0,-0.0847,-0.6157,0.0,0.0,0.0,0.0,0.05646,1.0,-0.5,0.0,0.3496,-0.773,1.0,0.0,-1.0,2.0,0.0,0.0,0.0,0.06525
-0.04108,-0.04135,-0.04028,0.542,-0.599,-0.514,0.3228,-0.8433,-0.5024,-0.5723,-0.3342,0.1932,-0.1428,0.297,-1.0,-1.0,0.504,0.691,-0.2932,0.0,1.967,-0.5273,-0.485,-0.2327,-0.5596,-0.2203,-0.424,-0.0908,-0.445,0.09094,0.2312,0.231,-0.379,-0.05054,-0.037,0.0,0.0,-0.04578,0.0,-0.08685,-0.552,0.0,0.0,0.0,0.0,-0.05826,0.0,-0.5,0.0,0.3298,-0.798,0.0,1.0,-1.0,2.0,0.0,0.0,0.0,-0.0672
-0.04257,-0.04285,-0.0418,0.6143,-0.6714,-0.514,0.3228,-0.849,-0.5693,-0.6094,-0.3518,0.3323,-0.2856,0.287,-1.0,-1.0,0.5435,0.7344,-0.315,0.0,1.97,-0.471,-0.503,-0.304,-0.631,-0.2292,-0.1085,-0.247,-0.4355,-0.0908,-0.896,-0.3066,-0.6865,-0.0526,-0.0392,0.0,0.0,-0.04596,0.0,-0.09247,-0.9976,0.0,0.0,0.0,0.0,-0.164,0.0,-0.5,-0.5,0.3928,-0.875,0.0,2.0,-1.0,2.0,0.0,0.0,0.0,-0.1895
-0.0437,-0.04398,-0.04294,0.4927,-0.5483,-0.514,0.603,-0.8105,-0.4287,-0.587,-0.3704,-0.1968,-0.4285,0.2773,-1.0,-1.0,0.5225,0.7046,-0.3,0.0,1.973,-0.456,-0.5015,-0.3638,-0.4902,-0.2406,-0.0769,0.1697,-0.4663,-0.247,0.09094,0.2312,-0.1415,-0.0548,-0.04153,0.0,0.0,-0.04553,0.0,-0.08875,-1.133,0.0,1.0,0.0,0.0,0.1066,0.0,0.0,-0.5,0.2847,-0.7466,1.0,0.0,-1.0,2.0,0.0,0.0,0.0,0.1237
-0.0452,-0.04547,-0.0444,0.6094,-0.6685,-0.514,0.603,-0.8335,-0.5205,-0.6357,-0.3928,0.4636,-0.5713,0.2673,-1.0,-1.0,0.5737,0.7637,-0.3296,0.0,1.975,-0.9326,-0.4922,-0.4167,-0.5903,-0.2524,-0.2651,-0.3384,-0.4634,0.1697,-0.0908,-0.8955,0.2834,-0.05704,-0.04425,0.0,0.0,-0.04556,0.0,-0.09644,-1.286,0.0,1.0,0.0,0.0,-0.2527,0.0,-0.5,-1.0,0.3923,-0.8677,0.0,1.0,-1.0,-1.0,0.0,0.0,0.0,-0.2922
-0.04794,-0.04816,-0.0472,1.032,-1.092,-0.514,0.525,-0.706,-0.9214,-0.779,-0.4204,1.229,-0.7144,0.2573,-1.0,-1.0,0.744,0.922,-0.4185,0.0,1.978,0.6953,-0.4478,-0.4473,-0.9673,-0.2737,-0.3298,-1.0205,-0.3713,-0.3384,-0.2468,0.09094,0.0,-0.06186,-0.04596,0.0,0.0,-0.0468,0.0,-0.1193,-1.43,0.0,1.0,0.0,0.0,-0.983,-1.0,-0.5,-1.0,0.803,-1.2705,0.0,2.0,-1.0,-1.0,0.0,0.0,0.0,-1.144
-0.0501,-0.05026,-0.0494,0.834,-0.887,-0.951,0.525,-0.694,-0.7393,-0.744,-0.4387,-0.10455,-0.7144,0.2476,-1.0,-1.0,0.706,0.8784,-0.3967,0.0,1.9795,-0.17,-0.3855,-0.4624,-0.7686,-0.2888,-0.58,0.253,-0.322,-1.0205,0.1696,-0.09076,0.2308,-0.0643,-0.04694,0.0,0.0,-0.04843,0.0,-0.1139,-1.071,0.0,1.0,0.0,0.0,0.2263,0.0,-0.5,-0.5,0.622,-1.063,1.0,0.0,-1.0,-1.0,0.0,0.0,0.0,0.268
-0.05273,-0.05283,-0.0521,0.9985,-1.051,-0.951,0.525,-0.6973,-0.908,-0.8135,-0.46,0.4397,-0.7144,0.2377,-1.0,-1.0,0.7847,0.963,-0.4402,0.0,1.982,-0.663,-0.3206,-0.457,-0.95,-0.2998,-0.5273,-0.504,-0.2515,0.253,-0.3381,-0.2468,-0.3066,-0.06793,-0.04828,0.0,0.0,-0.05023,0.0,-0.125,-1.17,0.0,1.0,0.0,0.0,-0.3137,0.0,-0.5,-0.5,0.7866,-1.214,0.0,1.0,-1.0,-1.0,0.0,0.0,0.0,-0.3699
-0.05438,-0.05444,-0.05377,0.677,-0.7227,-0.951,0.525,-0.614,-0.587,-0.7397,-0.479,-0.3013,-0.857,0.2278,-1.0,-1.0,0.709,0.866,-0.3945,0.0,1.984,0.2751,-0.2449,-0.42,-0.613,-0.3162,-0.787,0.5347,-0.2373,-0.504,-1.0205,0.1696,0.2312,-0.0703,-0.04907,0.0,0.0,-0.052,0.0,-0.11346,-1.014,0.0,0.0,0.0,0.0,0.4731,0.0,-0.5,-0.5,0.512,-0.86,1.0,0.0,-1.0,-1.0,0.0,0.0,0.0,0.5625
-0.05676,-0.05682,-0.0562,0.9277,-0.975,-0.951,0.525,-0.596,-0.819,-0.832,-0.5054,0.682,-1.0,0.2178,-1.0,-1.0,0.815,0.976,-0.4514,0.0,1.987,-0.12036,-0.1542,-0.361,-0.8174,-0.3372,-0.3982,-0.6626,-0.2172,0.5347,0.253,-0.3381,-0.8955,-0.0735,-0.05017,0.0,0.0,-0.0545,0.0,-0.1282,-1.174,0.0,1.0,0.0,0.0,-0.6387,0.0,-0.5,-0.5,0.77,-1.085,0.0,1.0,-1.0,-1.0,0.0,0.0,0.0,-0.7524
-0.05804,-0.0581,-0.05746,0.5513,-0.5957,-1.068,0.525,-0.5947,-0.4233,-0.7407,-0.5273,-0.4734,-1.143,0.2079,-1.0,-1.0,0.7114,0.865,-0.3945,0.0,1.99,-0.5093,-0.06354,-0.2976,-0.406,-0.3547,-0.5483,0.67,-0.2474,-0.6626,-0.504,-1.0205,0.09094,-0.0757,-0.05127,0.0,0.0,-0.05658,0.0,-0.1138,-0.9453,0.0,0.0,0.0,0.0,0.815,1.0,-0.5,-0.5,0.4358,-0.689,1.0,0.0,-1.0,-1.0,0.0,0.0,0.0,0.9717
-0.05917,-0.05927,-0.05856,0.5054,-0.551,-1.062,0.525,-0.5566,-0.3533,-0.7397,-0.5464,-0.1069,-1.143,0.198,-1.0,-1.0,0.714,0.8604,-0.3933,0.0,1.992,-0.06396,0.004005,-0.2393,-0.3435,-0.365,-0.567,0.01325,-0.27,0.67,0.5347,0.253,-0.09076,-0.0772,-0.0521,0.0,0.0,-0.05838,0.0,-0.1136,-0.859,0.0,0.0,0.0,0.0,0.01189,1.0,0.0,0.0,0.382,-0.6562,2.0,0.0,-1.0,-1.0,0.0,0.0,0.0,0.01401
-0.06067,-0.0608,-0.06,0.6235,-0.674,-1.062,0.525,-0.5547,-0.437,-0.7886,-0.572,0.5293,-1.143,0.1881,-1.0,-1.0,0.769,0.9194,-0.423,0.0,1.995,-0.558,0.04886,-0.1841,-0.4485,-0.3765,-0.494,-0.3445,-0.2607,0.01325,-0.6626,-0.5034,-0.2468,-0.07733,-0.05283,0.0,0.0,-0.0599,0.0,-0.1213,-1.068,0.0,1.0,0.0,0.0,-0.2328,1.0,0.0,-0.5,0.4644,-0.809,0.0,1.0,-1.0,-1.0,0.0,0.0,0.0,-0.2742
-0.06125,-0.06143,-0.06058,0.3274,-0.376,-1.062,0.525,-0.6206,-0.1322,-0.7134,-0.583,-0.8955,-1.143,0.1782,-1.0,-1.0,0.678,0.835,-0.3752,0.0,1.997,-0.5127,0.0701,-0.1351,-0.1376,-0.3843,-0.656,0.5596,-0.2683,-0.3445,0.67,0.5347,0.1696,-0.0768,-0.05295,0.0,0.0,-0.0609,0.0,-0.10913,-0.5264,0.0,0.0,0.0,0.0,0.599,1.0,0.0,0.0,0.2118,-0.4866,1.0,0.0,-1.0,-1.0,0.0,0.0,0.0,0.71
-0.0611,-0.0613,-0.0604,0.0874,-0.1344,-0.8643,0.525,-0.6147,0.1328,-0.646,-0.5913,-16.86,-1.0,0.1683,0.0,-1.0,0.605,0.755,-0.332,0.0,2.0,-0.2386,0.06726,-0.09454,0.1257,-0.388,-0.516,0.5015,-0.294,0.5596,0.01325,-0.662,-0.3381,-0.0743,-0.05298,0.0,0.0,-0.0618,0.0,-0.09814,-0.3435,0.0,0.0,0.0,0.0,0.382,2.0,0.5,0.0,0.00817,-0.224,2.0,0.0,-1.0,-1.0,0.0,0.0,0.0,0.4487
-0.0615,-0.0617,-0.06076,0.2595,-0.3103,-0.8643,0.525,-0.587,-0.02576,-0.7017,-0.6016,-0.5586,-0.857,0.1584,0.0,-1.0,0.6685,0.818,-0.365,0.0,2.002,-0.302,0.04285,-0.061,-0.03638,-0.392,0.04312,-0.3796,-0.3223,0.5015,-0.3445,0.67,-1.0205,-0.07355,-0.05353,0.0,0.0,-0.0629,0.0,-0.1067,-0.4395,0.0,0.0,0.0,0.0,-0.2466,1.0,0.5,0.0,0.1777,-0.3894,0.0,1.0,-1.0,-1.0,0.0,0.0,0.0,-0.287
-0.06152,-0.06174,-0.0608,0.1423,-0.1926,-0.8643,0.525,-0.5957,0.1031,-0.6714,-0.608,1.724,-0.7144,0.1486,0.0,-1.0,0.6343,0.783,-0.3445,0.0,2.006,-0.5005,0.001113,-0.03745,0.0947,-0.395,-0.05966,0.2372,-0.3726,-0.3796,0.5596,0.01325,0.253,-0.07104,-0.05432,0.0,0.0,-0.0641,0.0,-0.1015,-0.2622,0.0,0.0,0.0,0.0,0.172,1.0,0.5,0.5,0.0715,-0.2688,1.0,0.0,-1.0,-1.0,0.0,0.0,0.0,0.2015
-0.06216,-0.0624,-0.0614,0.3394,-0.3933,-0.8643,0.525,-0.4678,-0.0836,-0.7363,-0.62,-0.7954,-0.5713,0.1387,0.0,-1.0,0.718,0.848,-0.3833,0.0,2.008,0.876,-0.0543,-0.02884,-0.1101,-0.3975,0.2466,-0.4463,-0.4104,0.2372,0.5015,-0.3442,-0.5034,-0.0708,-0.0552,0.0,0.0,-0.0653,0.0,-0.1116,-0.473,0.0,0.0,0.0,0.0,-0.4348,1.0,0.5,0.0,0.2632,-0.4602,0.0,1.0,-1.0,-1.0,0.0,0.0,0.0,-0.5073
-0.0638,-0.06396,-0.06305,0.6597,-0.7163,-0.8643,0.525,-0.249,-0.406,-0.843,-0.6357,-11.07,-0.5713,0.1287,-1.0,-1.0,0.8584,0.956,-0.448,0.0,2.01,1.302,-0.111,-0.02846,-0.4004,-0.4114,-0.00503,-0.7534,-0.458,-0.4463,-0.3796,0.5596,0.5347,-0.0721,-0.05667,0.0,0.0,-0.06726,0.0,-0.1284,-0.587,0.0,0.0,0.0,0.0,-1.412,0.0,0.0,0.0,0.5493,-0.795,0.0,2.0,-1.0,-1.0,0.0,0.0,0.0,-1.66
-0.06665,-0.0668,-0.06604,1.109,-1.165,-0.8643,0.04953,-0.2588,-0.8843,-0.992,-0.651,1.947,-0.5713,0.11884,-1.0,-1.0,1.032,1.145,-0.5405,0.0,2.012,0.27,-0.1517,-0.03543,-0.8574,-0.423,0.3206,-1.085,-0.3943,-0.7534,0.237,0.5015,-0.662,-0.0748,-0.05884,0.0,0.0,-0.06934,0.0,-0.1522,-0.597,0.0,0.0,0.0,0.0,-1.442,-1.0,0.0,0.0,1.015,-1.192,0.0,3.0,-1.0,-1.0,0.0,0.0,0.0,-1.718
-0.0696,-0.0696,-0.06903,1.113,-1.163,-0.8643,-0.05557,-0.2693,-0.9185,-1.021,-0.671,0.1913,-0.5713,0.1089,-1.0,-1.0,1.066,1.183,-0.5576,0.0,2.016,-0.3132,-0.175,-0.0435,-0.857,-0.4414,-0.09485,-0.2046,-0.3452,-1.085,-0.446,-0.3796,0.6694,-0.0791,-0.06113,0.0,0.0,-0.07153,0.0,-0.1567,-0.748,0.0,0.0,0.0,0.0,-0.3281,-1.0,-0.5,-0.5,1.0,-1.21,0.0,4.0,-1.0,-0.5,0.0,0.0,0.0,-0.398
-0.07214,-0.0721,-0.07166,0.9976,-1.042,-0.8643,-0.05557,-0.2544,-0.847,-1.015,-0.6846,0.04584,-0.5713,0.099,-1.0,-1.0,1.06,1.172,-0.5527,0.0,2.018,-0.4614,-0.1849,-0.05148,-0.7246,-0.461,-0.2048,0.05475,-0.3171,-0.2046,-0.7534,0.237,0.013245,-0.0843,-0.06323,0.0,0.0,-0.0737,0.0,-0.1559,-0.596,0.0,0.0,0.0,0.0,0.1293,-1.0,-0.5,0.0,0.8647,-1.119,1.0,0.0,-1.0,-0.5,0.0,0.0,0.0,0.1573
-0.0752,-0.0751,-0.0748,1.188,-1.2295,-0.8643,-0.05557,-0.2238,-1.046,-1.093,-0.708,0.441,-0.5713,0.0891,-1.0,-1.0,1.157,1.271,-0.6016,0.0,2.02,0.0869,-0.179,-0.0601,-0.9224,-0.476,-0.1186,-0.588,-0.2598,0.05475,-1.084,-0.446,-0.3442,-0.08984,-0.06525,0.0,0.0,-0.0761,0.0,-0.1686,-0.9756,0.0,0.0,0.0,0.0,-0.7017,-1.0,-0.5,-0.5,1.038,-1.312,0.0,1.0,-1.0,-0.5,0.0,0.0,0.0,-0.853
-0.07837,-0.0782,-0.07806,1.231,-1.267,-0.8643,-0.05557,-0.2212,-1.121,-1.133,-0.728,0.231,-0.5713,0.0792,-1.0,-1.0,1.207,1.323,-0.627,0.0,2.023,-0.1481,-0.1569,-0.0711,-1.008,-0.4868,-0.533,-0.3037,-0.2141,-0.588,-0.2046,-0.7534,0.5596,-0.09644,-0.0673,0.0,0.0,-0.0788,0.0,-0.1752,-0.8896,0.0,0.0,0.0,0.0,-0.315,-1.0,-1.0,-0.5,1.057,-1.373,0.0,2.0,-1.0,-0.5,0.0,0.0,0.0,-0.387
-0.08124,-0.081,-0.081,1.125,-1.153,-0.8643,-0.05557,-0.1868,-1.021,-1.131,-0.754,0.03503,-0.5713,0.06934,-1.0,-1.0,1.207,1.317,-0.6255,0.0,2.025,-0.03632,-0.11237,-0.07764,-0.902,-0.505,-0.9653,0.01388,-0.1771,-0.3037,0.05472,-1.084,0.5015,-0.1022,-0.0695,0.0,0.0,-0.08124,0.0,-0.1749,-1.247,0.0,1.0,0.0,0.0,0.01924,0.0,-1.0,-0.5,0.9546,-1.262,1.0,0.0,-1.0,-0.5,0.0,0.0,0.0,0.02374
-0.0824,-0.0821,-0.08215,0.529,-0.5503,-0.824,-0.05557,-0.1846,-0.43,-0.9824,-0.7705,-0.5728,-0.5713,0.05942,-1.0,-1.0,1.027,1.125,-0.5337,0.0,2.027,0.3777,-0.0719,-0.07764,-0.3123,-0.5156,-0.9424,1.124,-0.1685,0.01388,-0.588,-0.2045,-0.3794,-0.1041,-0.0712,0.0,0.0,-0.0822,0.0,-0.1515,-0.7,0.0,0.0,0.0,0.0,1.351,1.0,-0.5,-0.5,0.434,-0.622,2.0,0.0,-1.0,-0.5,0.0,0.0,0.0,1.667
-0.0829,-0.0826,-0.08264,0.305,-0.324,-0.604,-0.05557,-0.1763,-0.1941,-0.9263,-0.7793,-0.6787,-0.5713,0.0495,-1.0,-1.0,0.9614,1.053,-0.4983,0.0,2.031,-0.3264,-0.04437,-0.082,-0.09064,-0.519,-1.178,0.422,-0.1738,1.124,-0.3037,0.05472,0.237,-0.10315,-0.0728,0.0,0.0,-0.08307,0.0,-0.1426,-0.4365,0.0,0.0,0.0,0.0,0.513,1.0,-0.5,0.0,0.2162,-0.4072,3.0,0.0,-1.0,-0.5,0.0,0.0,0.0,0.6216
-0.0861,-0.0857,-0.086,1.266,-1.286,-0.604,-0.05557,0.1127,-1.105,-1.211,-0.8125,12.81,-0.5713,0.0396,-1.0,-1.0,1.334,1.3955,-0.676,0.0,2.033,1.242,0.001127,-0.07526,-0.9766,-0.5444,-1.03,-2.11,-0.0991,0.422,0.01388,-0.588,-0.446,-0.10596,-0.07526,0.0,0.0,-0.085,0.0,-0.1884,-1.11,0.0,1.0,0.0,0.0,-5.168,1.0,-0.5,-0.5,1.203,-1.267,0.0,1.0,-1.0,-0.5,0.0,1.0,-3.82,-5.477
-0.08887,-0.0885,-0.08875,1.113,-1.136,-0.604,-0.05557,0.0706,-0.923,-1.197,-0.8506,-0.0593,-0.7144,0.02971,-1.0,-1.0,1.3125,1.381,-0.668,0.0,2.035,-0.589,0.044,-0.06012,-0.832,-0.562,-0.8057,0.09814,-0.05518,-2.11,1.124,-0.3037,-0.7534,-0.10864,-0.07776,0.0,0.0,-0.0873,0.0,-0.1865,-1.282,0.0,1.0,0.0,0.0,0.1449,2.0,0.0,-0.5,1.046,-1.133,1.0,0.0,-1.0,-0.5,0.0,0.0,0.0,0.1807
-0.09283,-0.09235,-0.0928,1.539,-1.56,-0.604,-0.05557,0.2295,-1.293,-1.34,-0.894,0.6445,-0.857,0.0198,-1.0,-1.0,1.51,1.562,-0.758,0.0,2.037,1.135,0.09033,-0.02852,-1.2295,-0.5854,-0.3623,-1.105,0.04456,0.09814,0.422,0.01388,-1.084,-0.1123,-0.0804,0.0,0.0,-0.08984,0.0,-0.2097,-1.37,0.0,1.0,0.0,0.0,-2.104,1.0,0.0,-0.5,1.491,-1.502,0.0,1.0,-1.0,-0.5,0.0,0.0,0.0,-2.62
-0.0961,-0.0957,-0.09607,1.307,-1.328,-0.604,-0.05557,0.2556,-1.03,-1.311,-0.937,-0.10144,-1.0,0.0099,-1.0,-1.0,1.475,1.519,-0.7407,0.0,2.041,-0.04095,0.131,0.013435,-1.012,-0.607,-0.3918,0.2139,0.09656,-1.105,-2.11,1.123,-0.2045,-0.115,-0.0829,0.0,0.0,-0.0927,0.0,-0.2056,-1.387,0.0,1.0,0.0,0.0,0.3328,1.0,0.5,-0.5,1.262,-1.286,1.0,0.0,-1.0,-0.5,0.0,0.0,0.0,0.4219
-0.0986,-0.09827,-0.0984,0.992,-1.019,-0.604,-0.05557,0.1781,-0.687,-1.252,-0.9727,-0.2683,-1.143,0.0,-1.0,-1.0,1.393,1.445,-0.7056,0.0,2.043,0.3474,0.1587,0.0583,-0.692,-0.627,-0.536,0.4404,0.1128,0.2139,0.0981,0.422,0.05472,-0.1168,-0.08514,0.0,0.0,-0.0953,0.0,-0.1967,-1.158,0.0,1.0,0.0,0.0,0.663,1.0,0.5,0.0,0.951,-0.9966,2.0,0.0,-1.0,-0.5,0.0,0.0,0.0,0.8384
-0.10065,-0.10046,-0.10034,0.8564,-0.89,-0.604,-0.05557,0.01205,-0.5283,-1.234,-0.9976,-0.1609,-1.143,-0.0099,-1.0,-1.0,1.3545,1.4375,-0.6963,0.0,2.045,-0.3757,0.1846,0.1041,-0.534,-0.6455,-0.3235,0.11285,0.12366,0.4404,-1.105,-2.11,-0.5874,-0.12067,-0.0873,0.0,0.0,-0.09753,0.0,-0.1945,-0.9907,0.0,0.0,0.0,0.0,0.1398,2.0,1.0,0.5,0.7744,-0.9233,3.0,0.0,-1.0,-0.5,0.0,0.0,0.0,0.1754
-0.09973,-0.0995,-0.0995,-0.1501,0.1313,0.1052,-0.05557,0.05228,0.5054,-0.951,-0.9927,-2.6,-1.0,-0.0198,0.0,-1.0,1.012,1.0625,-0.522,0.0,2.049,0.556,0.1761,0.1318,0.4868,-0.644,-0.225,2.154,0.0818,0.11285,0.2139,0.0981,-0.3037,-0.1212,-0.0885,0.0,0.0,-0.09875,0.0,-0.15,-0.08185,0.0,0.0,0.0,0.0,5.523,2.0,1.5,1.0,-0.0769,0.189,4.0,0.0,-0.5,-0.5,1.0,0.0,4.234,5.766
-0.1003,-0.1,-0.1,0.3193,-0.343,0.1052,-0.05557,0.1699,0.02888,-1.083,-0.995,-0.699,-0.857,-0.02971,0.0,-1.0,1.18,1.22,-0.605,0.0,2.05,0.627,0.1533,0.1444,0.005352,-0.6455,-0.166,-0.992,0.005962,2.154,0.4404,-1.105,0.01388,-0.11957,-0.09,0.0,0.0,-0.101,0.0,-0.1715,-0.2715,0.0,0.0,0.0,0.0,-1.311,2.0,1.0,1.0,0.4165,-0.2229,0.0,1.0,-0.5,-0.5,0.0,0.0,0.0,-1.584
-0.1012,-0.10095,-0.1009,0.4631,-0.4893,0.1052,-0.05557,0.2131,-0.11316,-1.128,-1.002,-0.939,-0.7144,-0.0396,0.0,-1.0,1.239,1.275,-0.635,0.0,2.053,-0.1647,0.1317,0.1482,-0.1162,-0.655,-0.7354,-0.3594,-0.0606,-0.992,0.1128,0.2139,1.123,-0.1188,-0.09125,0.0,0.0,-0.1033,0.0,-0.1793,-0.3604,0.0,0.0,0.0,0.0,-0.6274,1.0,0.5,0.5,0.541,-0.379,0.0,2.0,-0.5,-0.5,0.0,0.0,0.0,-0.771
-0.1026,-0.10236,-0.1023,0.6323,-0.662,0.1052,-0.05557,0.151,-0.302,-1.184,-1.007,-17.1,-0.7144,-0.0495,-1.0,-1.0,1.303,1.3545,-0.6714,0.0,2.055,-0.3623,0.09814,0.137,-0.3206,-0.6567,-1.022,-0.4448,-0.1583,-0.3594,2.154,0.4402,0.4219,-0.11676,-0.0928,0.0,0.0,-0.10596,0.0,-0.1887,-0.329,0.0,0.0,0.0,0.0,-0.433,0.0,0.0,0.5,0.71,-0.5386,0.0,3.0,-0.5,-0.5,0.0,0.0,0.0,-0.5356
-0.1048,-0.10455,-0.10455,0.918,-0.949,0.1052,-0.07367,0.1658,-0.6133,-1.275,-1.015,1.972,-0.7144,-0.05942,-1.0,-1.0,1.421,1.479,-0.7305,0.0,2.059,-0.2537,0.05017,0.11127,-0.6455,-0.661,-0.01006,-0.7285,-0.2322,-0.4448,-0.9917,0.1128,-2.11,-0.1165,-0.09436,0.0,0.0,-0.1089,0.0,-0.204,-0.4119,0.0,0.0,0.0,0.0,-0.6006,-1.0,0.0,0.5,1.019,-0.7783,0.0,4.0,-0.5,-0.5,0.0,0.0,0.0,-0.7485
-0.1064,-0.10614,-0.10614,0.6914,-0.7197,0.1052,-0.07367,0.1366,-0.4163,-1.229,-1.0205,-0.2908,-0.7144,-0.06934,-1.0,-1.0,1.358,1.417,-0.703,0.0,2.06,-0.2036,0.001076,0.07983,-0.4597,-0.6655,-0.09485,0.3403,-0.2883,-0.7285,-0.3591,2.152,0.0981,-0.11646,-0.09607,0.0,0.0,-0.11096,0.0,-0.1971,-0.3364,0.0,0.0,0.0,0.0,0.3154,-1.0,0.0,0.5,0.7627,-0.598,1.0,0.0,-0.5,-0.5,0.0,0.0,0.0,0.3977
-0.1084,-0.10815,-0.1081,0.843,-0.875,0.1052,-0.07367,0.175,-0.5483,-1.283,-1.04,0.623,-0.7144,-0.0792,-1.0,-1.0,1.432,1.488,-0.7397,0.0,2.062,0.704,-0.05374,0.0454,-0.612,-0.677,0.4507,-0.4512,-0.2861,0.3403,-0.4448,-0.9917,-1.105,-0.1175,-0.09766,0.0,0.0,-0.1126,0.0,-0.2065,-0.703,0.0,0.0,0.0,0.0,-0.627,-1.0,0.0,0.0,0.909,-0.7476,0.0,1.0,-0.5,-0.5,0.0,0.0,0.0,-0.786
-0.1093,-0.10925,-0.10895,0.474,-0.5103,0.1052,-0.07367,0.2148,-0.1447,-1.193,-1.058,-0.879,-0.7144,-0.0891,-1.0,-1.0,1.321,1.362,-0.686,0.0,2.066,0.4536,-0.1321,0.01454,-0.2213,-0.6895,0.3542,0.6675,-0.3003,-0.4512,-0.728,-0.3591,0.2137,-0.12134,-0.0993,0.0,0.0,-0.1137,0.0,-0.193,-0.642,0.0,0.0,0.0,0.0,0.9893,0.0,0.0,0.0,0.4846,-0.4722,1.0,0.0,-0.5,-0.5,0.0,0.0,0.0,1.25
-0.1101,-0.11,-0.1097,0.3972,-0.435,0.1052,-0.07367,0.01788,-0.09546,-1.177,-1.054,-1.685,-0.5713,-0.099,0.0,-1.0,1.283,1.359,-0.678,0.0,2.068,-0.1344,-0.1981,-0.01522,-0.1438,-0.6943,0.166,0.0983,-0.3223,0.6675,0.34,-0.4446,0.4402,-0.12305,-0.1009,0.0,0.0,-0.11475,0.0,-0.1912,-0.1451,0.0,0.0,0.0,0.0,0.11975,1.0,0.0,0.5,0.4138,-0.3967,2.0,0.0,-0.5,-0.5,0.0,0.0,0.0,0.1497
-0.1109,-0.11084,-0.1105,0.4294,-0.4673,0.1052,-0.07367,0.04578,-0.1486,-1.19,-1.053,-2.818,-0.5713,-0.1089,-1.0,-1.0,1.302,1.374,-0.6885,0.0,2.07,-0.4343,-0.2666,-0.04855,-0.1897,-0.6973,0.1257,-0.1262,-0.3274,0.0983,-0.451,-0.728,0.1128,-0.12427,-0.10236,0.0,0.0,-0.1155,0.0,-0.1938,-0.2063,0.0,0.0,0.0,0.0,-0.1169,1.0,-0.5,0.0,0.3928,-0.484,0.0,1.0,-0.5,-0.5,0.0,0.0,0.0,-0.1458
-0.11194,-0.11194,-0.11145,0.4944,-0.537,0.1052,-0.07367,-0.0872,-0.2744,-1.214,-1.043,4.27,-0.5713,-0.11884,-1.0,-1.0,1.32,1.419,-0.7056,0.0,2.072,-0.4688,-0.3281,-0.0926,-0.3132,-0.6934,-0.9688,-0.2108,-0.3254,-0.1262,0.6675,0.34,2.152,-0.1251,-0.1042,0.0,0.0,-0.1161,0.0,-0.1984,0.05978,0.0,0.0,0.0,0.0,-0.2273,0.0,-1.0,0.0,0.4563,-0.5503,0.0,2.0,-0.5,-0.5,0.0,0.0,0.0,-0.2842
-0.1101,-0.1099,-0.10974,-0.478,0.4553,0.1052,-0.07367,0.06,0.698,-0.927,-1.017,-6.555,-0.4285,-0.1287,0.0,-1.0,0.9834,1.03,-0.529,0.0,2.076,2.316,-0.386,-0.1436,0.648,-0.678,-0.56,2.186,-0.287,-0.2108,0.0983,-0.451,-0.9917,-0.12036,-0.1052,0.0,0.0,-0.1153,0.0,-0.1533,0.492,0.0,0.0,0.0,0.0,4.53,1.0,-0.5,0.0,-0.376,0.5186,1.0,0.0,-0.5,-0.5,0.0,0.0,0.0,5.684
-0.1096,-0.1095,-0.10925,-0.006596,-0.02179,0.1052,-0.07367,0.07654,0.1824,-1.052,-1.003,-0.5527,-0.2856,-0.1387,0.0,-1.0,1.134,1.188,-0.6074,0.0,2.078,0.0329,-0.4233,-0.2042,0.1095,-0.666,-0.325,-0.939,-0.3184,2.186,-0.1262,0.6675,-0.3591,-0.1181,-0.10657,0.0,0.0,-0.1159,0.0,-0.1737,0.1378,0.0,0.0,0.0,0.0,-1.691,0.0,-0.5,-0.5,0.1134,0.09796,0.0,1.0,-0.5,-0.5,0.0,0.0,0.0,-2.047
-0.11017,-0.11,-0.1098,0.3213,-0.353,0.1052,-0.07367,0.1652,-0.1802,-1.143,-0.9956,-1.193,-0.2856,-0.1486,-1.0,-1.0,1.253,1.299,-0.6655,0.0,2.08,0.3328,-0.4373,-0.2822,-0.2534,-0.6626,-0.07764,-0.705,-0.3928,-0.939,-0.2108,0.0983,-0.4446,-0.1164,-0.1084,0.0,0.0,-0.1173,0.0,-0.1887,-0.05603,0.0,0.0,0.0,0.0,-1.1,-1.0,-0.5,-1.0,0.3494,-0.308,0.0,2.0,-0.5,-0.5,0.0,0.0,0.0,-1.352
-0.11035,-0.11035,-0.10986,0.2072,-0.2465,0.1052,-0.07367,-0.03455,-0.02301,-1.11,-1.006,-2.508,-0.2856,-0.1584,0.0,-1.0,1.196,1.276,-0.6484,0.0,2.084,-0.6113,-0.4575,-0.3484,-0.0801,-0.6753,0.2998,0.2098,-0.3916,-0.705,2.186,-0.1262,-0.728,-0.1155,-0.10986,0.0,0.0,-0.11707,0.0,-0.1844,-0.5483,0.0,0.0,0.0,0.0,0.2185,0.0,0.0,-1.0,0.2034,-0.2448,1.0,0.0,-0.5,-0.5,0.0,0.0,0.0,0.2717
-0.10986,-0.10986,-0.1094,-0.03214,-0.00516,0.1052,-0.07367,-0.1198,0.2377,-1.036,-1.002,3.246,-0.2856,-0.1683,0.0,-1.0,1.099,1.188,-0.605,0.0,2.086,-0.1351,-0.481,-0.4119,0.2018,-0.679,0.179,0.53,-0.3806,0.2098,-0.9385,-0.2107,0.34,-0.1138,-0.1107,0.0,0.0,-0.1166,0.0,-0.1735,-0.1375,0.0,0.0,0.0,0.0,0.4749,1.0,0.0,-0.5,-0.01331,0.00249,2.0,0.0,-0.5,-0.5,0.0,0.0,0.0,0.5884
-0.10986,-0.10986,-0.1094,0.1489,-0.1884,0.1052,-0.07367,-0.0979,0.05295,-1.083,-0.998,-0.4314,-0.2856,-0.1782,0.0,-1.0,1.156,1.246,-0.6357,0.0,2.088,0.004017,-0.4956,-0.4644,0.01495,-0.6787,0.4707,-0.373,-0.404,0.53,-0.705,2.186,-0.451,-0.11255,-0.11127,0.0,0.0,-0.11554,0.0,-0.1814,-0.1414,0.0,0.0,0.0,0.0,-0.3071,0.0,0.0,-0.5,0.1538,-0.1819,0.0,1.0,-0.5,-0.5,0.0,0.0,0.0,-0.3774
-0.11096,-0.1109,-0.1105,0.5034,-0.546,0.1052,-0.07367,-0.03333,-0.3254,-1.185,-0.997,-2.326,-0.2856,-0.1881,-1.0,-1.0,1.288,1.374,-0.7007,0.0,2.092,0.08026,-0.5117,-0.5034,-0.366,-0.6797,0.1984,-0.7925,-0.4187,-0.373,0.2098,-0.9385,0.6675,-0.1124,-0.11206,0.0,0.0,-0.11523,0.0,-0.1981,-0.2352,0.0,0.0,0.0,0.0,-0.5337,0.0,-0.5,-0.5,0.4915,-0.53,0.0,2.0,-0.5,-0.5,0.0,0.0,0.0,-0.6597
-0.1113,-0.1113,-0.11084,0.2742,-0.3152,0.1052,-0.07367,-0.02925,-0.1406,-1.124,-0.987,-0.821,-0.2856,-0.198,-1.0,-1.0,1.214,1.294,-0.6655,0.0,2.094,-0.0625,-0.5244,-0.5273,-0.1608,-0.6787,0.1387,0.4368,-0.4258,-0.7925,0.53,-0.7046,0.09827,-0.11566,-0.1127,0.0,0.0,-0.11487,0.0,-0.1892,0.08453,0.0,0.0,0.0,0.0,0.3877,1.0,-0.5,0.0,0.2815,-0.2964,1.0,0.0,-0.5,-0.5,0.0,0.0,0.0,0.4858
-0.11115,-0.11115,-0.11066,0.0764,-0.11505,0.1052,-0.07367,-0.001485,0.0341,-1.066,-0.9756,-7.38,-0.1428,-0.2079,0.0,-1.0,1.145,1.215,-0.6313,0.0,2.096,0.2456,-0.5317,-0.538,0.011505,-0.6733,0.2113,0.4197,-0.4294,0.4368,-0.373,0.2097,-0.1262,-0.1162,-0.11285,0.0,0.0,-0.1144,0.0,-0.1805,0.10535,0.0,0.0,0.0,0.0,0.4702,1.0,0.0,0.0,0.0933,-0.1011,2.0,0.0,-0.5,-0.5,0.0,0.0,0.0,0.585
-0.11145,-0.1115,-0.1109,0.2467,-0.2913,-0.2778,-0.07367,-0.0792,-0.1841,-1.113,-0.964,-1.46,-0.1428,-0.2178,-1.0,-1.0,1.195,1.284,-0.662,0.0,2.098,-0.3457,-0.5234,-0.5513,-0.2153,-0.6655,0.355,-0.375,-0.4897,0.4197,-0.7925,0.5293,-0.2107,-0.11615,-0.11304,0.0,0.0,-0.11554,0.0,-0.1885,0.1268,0.0,0.0,0.0,0.0,-0.2969,0.0,0.0,0.0,0.2413,-0.2883,0.0,1.0,-0.5,-0.5,0.0,0.0,0.0,-0.3667
-0.112,-0.11206,-0.11145,0.3228,-0.3691,-0.2778,-0.07367,-0.1317,-0.2832,-1.137,-0.9595,1.722,-0.1428,-0.2278,-1.0,-1.0,1.219,1.319,-0.678,0.0,2.102,-0.21,-0.5186,-0.564,-0.3232,-0.6636,-0.732,-0.1957,-0.5005,-0.375,0.4368,-0.373,2.186,-0.1168,-0.11334,0.0,0.0,-0.1161,0.0,-0.1927,-0.10864,0.0,0.0,0.0,0.0,-0.2277,0.0,-0.5,-0.5,0.3188,-0.359,0.0,2.0,-0.5,-0.5,0.0,0.0,0.0,-0.283
-0.11224,-0.1123,-0.11163,0.2115,-0.2573,-0.2778,-0.07367,-0.1886,-0.1879,-1.106,-0.955,-0.4788,-0.2856,-0.2377,-1.0,-1.0,1.177,1.285,-0.661,0.0,2.104,-0.703,-0.5225,-0.568,-0.237,-0.6606,-0.3298,0.2103,-0.504,-0.1957,0.4197,-0.7925,-0.9385,-0.11816,-0.114,0.0,0.0,-0.11633,0.0,-0.1885,-0.07654,0.0,0.0,0.0,0.0,0.2627,1.0,0.0,-0.5,0.2188,-0.2434,1.0,0.0,-0.5,-0.5,0.0,0.0,0.0,0.3276
-0.11285,-0.11285,-0.11224,0.3413,-0.3884,-0.2778,-0.07367,-0.1505,-0.3394,-1.144,-0.9517,2.426,-0.2856,-0.2476,-1.0,-1.0,1.227,1.331,-0.686,0.0,2.105,0.0,-0.538,-0.57,-0.3928,-0.6597,0.002876,-0.3074,-0.5024,0.2103,-0.375,0.4368,-0.7046,-0.1193,-0.11505,0.0,0.0,-0.11646,0.0,-0.195,-0.1295,0.0,0.0,0.0,0.0,-0.2932,0.0,0.0,-0.5,0.3464,-0.3667,0.0,1.0,-0.5,-0.5,0.0,0.0,0.0,-0.3643
-0.1134,-0.11346,-0.11285,0.3337,-0.3818,-0.2778,0.3787,-0.1597,-0.3604,-1.145,-0.947,0.2455,-0.2856,-0.2573,-1.0,-1.0,1.227,1.333,-0.6885,0.0,2.11,-0.5854,-0.5557,-0.5684,-0.41,-0.6587,-0.11786,-0.02809,-0.517,-0.3074,-0.1957,0.4194,0.2097,-0.119,-0.1151,0.0,0.0,-0.1161,0.0,-0.1957,-0.07654,0.0,0.0,0.0,0.0,-0.02696,-1.0,-0.5,-0.5,0.2275,-0.4817,0.0,2.0,-0.5,-0.5,0.0,0.0,0.0,-0.0337
-0.11395,-0.11414,-0.1133,0.3293,-0.386,-0.2778,0.3787,-0.4348,-0.3115,-1.147,-0.9624,-0.0756,-0.4285,-0.2673,-1.0,-1.0,1.205,1.363,-0.692,0.0,2.111,-0.6606,-0.5596,-0.5693,-0.3733,-0.669,-0.4163,-0.04218,-0.52,-0.02809,0.2103,-0.375,0.5293,-0.1196,-0.1153,0.0,0.0,-0.116,0.0,-0.1967,-0.939,0.0,0.0,0.0,0.0,-0.0349,-1.0,-1.0,-1.0,0.1791,-0.534,0.0,3.0,-0.5,-0.5,0.0,0.0,0.0,-0.04364
-0.1142,-0.1144,-0.11346,0.1979,-0.2542,-0.2778,0.3787,-0.428,-0.1606,-1.111,-0.967,-0.699,-0.5713,-0.2773,-1.0,-1.0,1.161,1.314,-0.6714,0.0,2.113,0.297,-0.5557,-0.569,-0.192,-0.679,-0.2766,0.2532,-0.5454,-0.04218,-0.3074,-0.1957,-0.3728,-0.12054,-0.1148,0.0,0.0,-0.1154,0.0,-0.1915,-0.497,0.0,0.0,0.0,0.0,0.3357,0.0,-0.5,-0.5,0.03223,-0.4294,1.0,0.0,-0.5,-0.5,0.0,0.0,0.0,0.42
-0.1142,-0.1144,-0.11346,0.1294,-0.1853,-0.2778,0.3787,-0.5103,-0.09454,-1.091,-0.9634,-1.449,-0.4285,-0.287,0.0,-1.0,1.129,1.296,-0.6597,0.0,2.115,-0.5527,-0.5537,-0.5728,-0.1133,-0.681,0.1107,0.14,-0.549,0.2532,-0.02809,0.2103,-0.792,-0.12054,-0.1143,0.0,0.0,-0.11523,0.0,-0.1887,-0.10114,0.0,0.0,0.0,0.0,0.1432,0.0,0.0,0.0,-0.03534,-0.365,2.0,0.0,-0.5,-0.5,0.0,0.0,0.0,0.1783
-0.1125,-0.1126,-0.1119,-0.429,0.386,-0.2778,0.3787,-0.4458,0.502,-0.9165,-0.951,14.88,-0.4285,-0.297,0.0,-1.0,0.9263,1.066,-0.554,0.0,2.12,0.1274,-0.554,-0.5815,0.4731,-0.674,-0.08624,1.3,-0.509,0.14,-0.04214,-0.3074,0.4365,-0.1176,-0.1135,0.0,0.0,-0.1142,0.0,-0.1617,0.3445,0.0,0.0,0.0,0.0,1.887,1.0,0.0,0.0,-0.5225,0.2407,3.0,0.0,-0.5,-0.5,1.0,0.0,2.87,2.344
-0.11676,-0.1165,-0.11646,1.688,-1.732,-0.2778,-1.032,0.1561,-1.568,-1.508,-0.9834,-3.537,-0.5713,-0.307,-1.0,-1.0,1.728,1.809,-0.9194,0.0,2.121,3.135,-0.4966,-0.566,-1.501,-0.7095,-0.2314,-2.514,-0.3088,1.3,0.2532,-0.02809,0.4194,-0.12366,-0.11475,0.0,0.0,-0.1161,0.0,-0.2559,-1.063,0.0,1.0,0.0,0.0,-8.15,1.0,-0.5,-0.5,1.681,-1.619,0.0,1.0,-0.5,-0.5,0.0,0.0,0.0,-5.477
-0.1189,-0.1186,-0.11865,0.9067,-0.9365,-0.2778,-1.032,0.1841,-0.841,-1.328,-0.9995,-0.406,-0.7144,-0.317,-1.0,-1.0,1.491,1.55,-0.8115,0.0,2.123,-0.0007014,-0.4143,-0.523,-0.7397,-0.7295,-0.2192,1.402,-0.2642,-2.514,0.14,-0.04214,-0.375,-0.1266,-0.11633,0.0,0.0,-0.117,0.0,-0.2283,-0.6064,0.0,0.0,0.0,0.0,2.969,2.0,0.0,0.0,0.9697,-0.808,1.0,0.0,-0.5,-0.5,0.0,0.0,0.0,3.896
-0.12244,-0.12195,-0.1224,1.436,-1.457,-0.535,-1.032,0.3843,-1.367,-1.489,-1.02,0.938,-0.7144,-0.3267,-1.0,-1.0,1.723,1.76,-0.9126,0.0,2.127,1.221,-0.3035,-0.4517,-1.198,-0.7563,-0.2128,-1.283,-0.1962,1.402,1.299,0.2532,-0.1956,-0.1318,-0.11804,0.0,0.0,-0.1202,0.0,-0.2544,-0.68,0.0,0.0,0.0,0.0,-2.924,1.0,0.0,0.0,1.511,-1.274,0.0,1.0,-0.5,-0.5,0.0,0.0,0.0,-3.75
-0.1251,-0.12463,-0.1251,1.127,-1.141,-0.535,-1.032,0.3362,-1.083,-1.434,-1.04,-0.1059,-0.7144,-0.3367,-1.0,-1.0,1.644,1.684,-0.881,0.0,2.129,-0.3535,-0.2102,-0.3918,-0.9414,-0.7676,-0.4688,0.4126,-0.145,-1.283,-2.514,0.14,0.2103,-0.1364,-0.1194,0.0,0.0,-0.12244,0.0,-0.2463,-0.6914,0.0,0.0,0.0,0.0,0.4438,1.0,0.0,0.0,1.217,-0.9663,1.0,0.0,-0.5,-0.5,0.0,0.0,0.0,0.582
-0.1276,-0.127,-0.1276,1.01,-1.019,-0.535,-1.032,0.3303,-0.9517,-1.422,-1.063,-0.00585,-0.857,-0.3464,-1.0,-1.0,1.628,1.668,-0.876,0.0,2.13,0.2947,-0.1255,-0.336,-0.8374,-0.781,-0.4492,0.05853,-0.09735,0.4126,1.401,1.299,-0.3074,-0.1411,-0.12054,0.0,0.0,-0.1242,0.0,-0.2452,-0.7896,0.0,0.0,0.0,0.0,0.05765,1.0,0.5,0.0,1.088,-0.8657,2.0,0.0,-0.5,-0.5,0.0,0.0,0.0,0.075
-0.1306,-0.13,-0.1307,1.288,-1.295,-0.535,-1.032,0.3523,-1.206,-1.517,-1.091,0.4758,-0.857,-0.3564,-1.0,-1.0,1.757,1.803,-0.9365,0.0,2.135,-0.4797,-0.0527,-0.2783,-1.129,-0.794,-0.5547,-0.775,-0.02861,0.05853,-1.283,-2.514,-0.02808,-0.1476,-0.1217,0.0,0.0,-0.1266,0.0,-0.2607,-0.8438,0.0,0.0,0.0,0.0,-0.8,1.0,0.5,0.0,1.381,-1.104,0.0,1.0,-0.5,-0.5,0.0,0.0,0.0,-1.04
-0.1353,-0.1344,-0.1357,1.925,-1.916,-0.535,-1.032,0.711,-1.784,-1.707,-1.128,0.7246,-0.857,-0.3665,-1.0,-1.0,2.057,2.053,-1.056,0.0,2.137,2.717,0.0738,-0.1798,-1.574,-0.844,-0.69,-1.556,0.0929,-0.775,0.4126,1.401,-0.04214,-0.1594,-0.12366,0.0,0.0,-0.1304,0.0,-0.2917,-1.007,0.0,0.0,0.0,0.0,-4.91,0.0,0.5,0.0,2.049,-1.641,0.0,2.0,-0.5,-0.5,0.0,1.0,-3.746,-5.477
-0.1401,-0.139,-0.1407,2.002,-1.9795,-0.535,-1.032,0.7837,-1.836,-1.764,-1.173,0.1775,-0.857,-0.3762,-1.0,-1.0,2.145,2.135,-1.094,0.0,2.139,-0.07446,0.1987,-0.07526,-1.634,-0.8745,-1.05,-0.502,0.2144,-1.556,0.05853,-1.283,0.253,-0.1635,-0.1256,0.0,0.0,-0.1342,0.0,-0.3015,-1.112,0.0,1.0,0.0,0.0,-0.863,0.0,0.0,-0.5,2.129,-1.696,0.0,3.0,-0.5,-0.5,0.0,0.0,0.0,-1.167
-0.1445,-0.1433,-0.1453,1.838,-1.809,-0.535,-1.032,0.7183,-1.671,-1.761,-1.214,0.03787,-0.857,-0.3862,-1.0,-1.0,2.135,2.137,-1.095,0.0,2.14,-0.611,0.289,0.0154,-1.5625,-0.888,-1.388,-0.015335,0.3186,-0.502,-0.775,0.4126,0.14,-0.1702,-0.1278,0.0,0.0,-0.1373,0.0,-0.3018,-1.081,0.0,1.0,0.0,0.0,-0.00862,-1.0,-0.5,-0.5,1.974,-1.528,0.0,4.0,-0.5,-0.5,0.0,0.0,0.0,-0.01176
-0.1486,-0.1473,-0.1493,1.703,-1.67,-0.535,-1.032,0.6797,-1.519,-1.761,-1.255,0.03506,-0.857,-0.396,-1.0,-1.0,2.13,2.139,-1.099,0.0,2.145,-0.9326,0.3645,0.10516,-1.445,-0.912,-2.33,-0.04602,0.3914,-0.015335,-1.555,0.05853,1.299,-0.1744,-0.1302,0.0,0.0,-0.141,0.0,-0.3027,-1.083,0.0,1.0,0.0,0.0,-0.06903,-2.0,-1.0,-0.5,1.848,-1.391,0.0,5.0,-0.5,0.0,0.0,0.0,0.0,-0.0942
-0.1537,-0.1523,-0.1545,2.139,-2.1,-0.535,-1.032,0.8066,-1.875,-1.901,-1.304,0.4216,-0.857,-0.406,-1.0,-1.0,2.352,2.352,-1.188,0.0,2.146,0.2292,0.4385,0.1938,-1.8545,-0.939,-0.3672,-1.213,0.4822,-0.04602,-0.502,-0.775,-2.514,-0.1816,-0.1329,0.0,0.0,-0.1456,0.0,-0.326,-1.188,0.0,1.0,0.0,0.0,-1.939,-2.0,-1.0,-0.5,2.312,-1.756,0.0,5.617,-0.5,0.5,0.0,0.0,0.0,-2.648
-0.159,-0.1576,-0.1599,2.293,-2.25,-0.535,-1.249,0.835,-1.959,-1.979,-1.36,0.1952,-0.857,-0.4158,-1.0,-1.0,2.473,2.475,-1.239,0.0,2.148,0.4624,0.53,0.291,-1.942,-0.9795,-1.22,-0.705,0.5835,-1.213,-0.015335,-1.555,1.401,-0.1902,-0.136,0.0,0.0,-0.1504,0.0,-0.3394,-1.307,0.0,1.0,0.0,0.0,-1.4,-2.0,-1.5,-1.0,2.49,-1.866,0.0,5.617,-0.5,1.0,0.0,0.0,0.0,-1.952
-0.1641,-0.1627,-0.1649,2.15,-2.11,-0.535,-1.314,0.8276,-1.763,-1.986,-1.42,0.02649,-1.0,-0.4258,-1.0,-1.0,2.484,2.488,-1.248,0.0,2.152,-0.581,0.609,0.3877,-1.807,-1.013,-0.85,-0.1268,0.661,-0.705,-0.04602,-0.502,-1.283,-0.1975,-0.1399,0.0,0.0,-0.1552,0.0,-0.3418,-1.352,0.0,1.0,0.0,0.0,-0.2161,-2.0,-1.5,-1.5,2.291,-1.8,0.0,5.617,-0.5,1.5,0.0,0.0,0.0,-0.3047
-0.167,-0.1659,-0.1675,1.27,-1.248,-0.535,-1.314,0.8447,-0.8135,-1.807,-1.48,-0.489,-1.143,-0.4355,-1.0,-1.0,2.213,2.195,-1.143,0.0,2.154,0.713,0.657,0.4824,-0.9165,-1.049,-1.264,1.478,0.6543,-0.1268,-1.213,-0.01533,0.4124,-0.1996,-0.1428,0.0,0.0,-0.159,0.0,-0.3147,-1.352,0.0,1.0,0.0,0.0,2.922,-1.0,-1.5,-1.5,1.283,-1.145,1.0,0.0,-0.5,1.5,1.0,0.0,2.717,4.13
-0.1702,-0.1694,-0.1705,1.422,-1.42,-0.535,-1.314,0.345,-0.9683,-1.869,-1.503,0.3862,-1.143,-0.4456,-1.0,-1.0,2.262,2.344,-1.185,0.0,2.156,-0.1934,0.739,0.5776,-0.945,-1.089,-1.458,-0.5737,0.655,1.478,-0.705,-0.04602,0.0585,-0.2017,-0.1458,0.0,0.0,-0.1632,0.0,-0.3257,-0.9155,0.0,0.0,0.0,0.0,-0.7812,-1.0,-1.5,-1.5,1.391,-1.354,0.0,1.0,-0.5,1.5,0.0,0.0,0.0,-1.077
-0.1737,-0.1731,-0.174,1.531,-1.539,-0.535,-1.314,0.2834,-1.0205,-1.923,-1.544,0.2108,-1.143,-0.4556,-1.0,-1.0,2.338,2.438,-1.221,0.0,2.158,0.2421,0.811,0.6606,-0.9946,-1.119,-1.271,-0.501,0.6494,-0.5737,-0.1268,-1.213,-0.7744,-0.2046,-0.1489,0.0,0.0,-0.1677,0.0,-0.335,-1.464,0.0,1.0,0.0,0.0,-0.5645,-1.0,-1.5,-2.0,1.453,-1.515,0.0,2.0,-0.5,1.5,0.0,0.0,0.0,-0.7856
-0.1768,-0.1761,-0.1768,1.301,-1.316,-0.535,-1.314,0.08325,-0.788,-1.893,-1.57,-0.1389,-1.143,-0.4653,-1.0,-1.0,2.273,2.406,-1.206,0.0,2.162,-0.0813,0.872,0.732,-0.753,-1.143,-0.6963,0.2053,0.6157,-0.501,1.478,-0.705,-1.555,-0.2072,-0.1522,0.0,0.0,-0.1719,0.0,-0.3313,-1.224,0.0,1.0,0.0,0.0,0.2074,0.0,-1.5,-1.5,1.23,-1.303,1.0,0.0,-0.5,1.5,0.0,0.0,0.0,0.2913
-0.1788,-0.1783,-0.1788,0.98,-1.0,-0.535,-1.314,0.05426,-0.4324,-1.832,-1.597,-0.4368,-1.143,-0.4753,-1.0,-1.0,2.18,2.312,-1.174,0.0,2.164,-0.4277,0.891,0.784,-0.437,-1.158,-0.554,0.4563,0.535,0.2053,-0.5737,-0.1268,-0.5015,-0.2068,-0.1553,0.0,0.0,-0.1761,0.0,-0.323,-1.217,0.0,1.0,0.0,0.0,0.572,1.0,-1.0,-1.5,0.953,-0.964,2.0,0.0,-0.5,1.5,0.0,0.0,0.0,0.8003
-0.1796,-0.1792,-0.1794,0.4075,-0.4336,-0.5024,-1.314,0.02814,0.2026,-1.694,-1.615,-2.053,-1.0,-0.485,0.0,-1.0,1.977,2.1,-1.094,0.0,2.166,0.2351,0.864,0.8096,0.1497,-1.168,-0.597,1.094,0.4026,0.4563,-0.501,1.478,-0.01533,-0.2034,-0.1575,0.0,0.0,-0.1797,0.0,-0.3027,-0.8516,0.0,0.0,0.0,0.0,2.088,1.0,-0.5,-1.5,0.4326,-0.3848,3.0,0.0,-0.5,1.5,1.0,0.0,2.877,2.9
-0.1798,-0.1797,-0.1796,0.2556,-0.289,-0.3586,-1.314,0.06082,0.406,-1.655,-1.624,0.844,-0.857,-0.495,0.0,-1.0,1.924,2.037,-1.073,0.0,2.17,0.1247,0.786,0.799,0.3337,-1.175,-0.575,0.2761,0.10815,1.094,0.2052,-0.5737,-0.04602,-0.1993,-0.1597,0.0,0.0,-0.184,0.0,-0.2976,-0.614,0.0,0.0,0.0,0.0,0.3308,2.0,0.0,-1.0,0.2244,-0.3137,4.0,0.0,-0.5,1.5,0.0,0.0,0.0,0.4512
-0.1796,-0.1794,-0.1793,0.0418,-0.0759,-0.11993,-1.314,-0.2037,0.6265,-1.594,-1.616,0.607,-0.7144,-0.505,0.0,-1.0,1.813,1.969,-1.039,0.0,2.172,0.3982,0.7197,0.7827,0.593,-1.181,0.00863,0.458,0.07697,0.2761,0.4563,-0.501,-1.212,-0.1969,-0.162,0.0,0.0,-0.185,0.0,-0.2888,-0.06885,0.0,0.0,0.0,0.0,0.5874,3.0,0.5,-0.5,0.02188,-0.10474,5.0,0.0,0.0,1.5,0.0,0.0,0.0,0.7974
-0.1793,-0.1792,-0.1791,0.05222,-0.0845,-0.11993,-1.314,-0.2128,0.5996,-1.588,-1.6045,0.1034,-0.5713,-0.5146,0.0,-1.0,1.805,1.962,-1.039,0.0,2.174,-0.193,0.6367,0.75,0.6,-1.182,0.4263,0.0,-0.029,0.458,1.093,0.2052,-0.705,-0.1935,-0.1641,0.0,0.0,-0.1869,0.0,-0.2888,0.098,0.0,0.0,0.0,0.0,0.0,2.0,0.5,-0.5,0.02985,-0.1151,0.0,0.0,0.0,1.5,0.0,0.0,0.0,0.0
-0.1796,-0.1793,-0.1793,0.2103,-0.2404,-0.11993,-1.314,-0.02924,0.417,-1.624,-1.595,-0.1371,-0.4285,-0.525,0.0,-1.0,1.872,1.998,-1.064,0.0,2.178,1.331,0.5054,0.703,0.3904,-1.175,0.6104,-0.3333,-0.0804,0.0,0.2761,0.4563,-0.1268,-0.1898,-0.1661,0.0,0.0,-0.1881,0.0,-0.2954,-0.01082,0.0,0.0,0.0,0.0,-0.4634,1.0,0.5,-0.5,0.192,-0.2542,0.0,1.0,0.0,1.5,0.0,0.0,0.0,-0.6245
-0.1781,-0.1776,-0.178,-0.397,0.3845,-0.11993,-1.314,0.0823,1.048,-1.445,-1.572,1.444,-0.2856,-0.5347,0.0,-1.0,1.637,1.726,-0.9595,0.0,2.18,0.5464,0.3418,0.631,1.014,-1.164,0.05823,1.401,-0.1289,-0.3333,0.458,1.093,1.478,-0.184,-0.1678,0.0,0.0,-0.1888,0.0,-0.2688,0.3452,0.0,0.0,0.0,0.0,2.42,1.0,0.5,0.0,-0.3757,0.3667,1.0,0.0,0.0,1.5,0.0,0.0,0.0,3.28
-0.1763,-0.1758,-0.1761,-0.5083,0.504,-0.11993,-1.314,0.07587,1.117,-1.392,-1.537,0.2081,-0.1428,-0.5444,0.0,-1.0,1.563,1.648,-0.9297,0.0,2.182,0.1556,0.149,0.532,1.088,-1.146,0.44,0.387,-0.1681,1.401,0.0,0.276,-0.5737,-0.1782,-0.1692,0.0,0.0,-0.1892,0.0,-0.2612,0.853,1.0,0.0,0.0,0.0,0.595,1.0,1.0,0.5,-0.4993,0.4639,2.0,0.0,0.0,1.5,0.0,0.0,0.0,0.7876
-0.1753,-0.1749,-0.1753,-0.1681,0.1594,-0.11993,-1.314,0.0822,0.665,-1.467,-1.501,-0.2593,0.0,-0.5547,0.0,-1.0,1.665,1.756,-0.9785,0.0,2.184,0.1727,-0.02725,0.4062,0.612,-1.123,0.831,-0.636,-0.192,0.387,-0.3333,0.4578,-0.501,-0.1755,-0.1708,0.0,0.0,-0.1896,0.0,-0.274,0.8657,1.0,0.0,0.0,0.0,-1.009,0.0,1.0,0.5,-0.1517,0.1538,0.0,1.0,0.0,1.5,0.0,0.0,0.0,-1.327
-0.174,-0.1735,-0.1738,-0.377,0.3708,-0.11993,-1.314,0.10913,0.792,-1.393,-1.46,0.321,0.1428,-0.5645,0.0,-1.0,1.568,1.647,-0.9365,0.0,2.188,-0.1609,-0.1688,0.2957,0.7285,-1.099,0.8906,0.553,-0.1438,-0.636,1.401,0.0,0.2052,-0.1724,-0.1721,0.0,0.0,-0.1886,0.0,-0.2634,0.9985,1.0,0.0,0.0,0.0,0.7485,1.0,1.0,1.0,-0.3928,0.3137,1.0,0.0,0.0,1.5,0.0,0.0,0.0,0.995
-0.1719,-0.1715,-0.1719,-0.5625,0.5576,-0.11993,-1.314,-0.08954,0.948,-1.317,-1.427,0.332,0.2856,-0.574,0.0,-1.0,1.453,1.562,-0.8945,0.0,2.19,-0.4688,-0.233,0.19,0.8975,-1.083,0.8525,0.5483,-0.074,0.553,0.387,-0.3333,0.456,-0.169,-0.1733,0.0,0.0,-0.1869,0.0,-0.2527,0.8706,1.0,0.0,0.0,0.0,0.518,2.0,1.0,1.0,-0.568,0.4976,2.0,0.0,0.0,1.5,0.0,0.0,0.0,0.6826
-0.1699,-0.1694,-0.1699,-0.569,0.5664,-0.11993,-1.314,-0.07245,0.8906,-1.291,-1.387,0.0835,0.4285,-0.584,0.0,-1.0,1.419,1.522,-0.881,0.0,2.191,-0.01865,-0.1976,0.0767,0.885,-1.067,0.5254,0.1761,-0.00814,0.5483,-0.6357,1.401,1.093,-0.1653,-0.1746,0.0,0.0,-0.1852,0.0,-0.2491,1.164,1.0,0.0,0.0,0.0,0.11487,2.0,1.0,1.5,-0.5913,0.4875,3.0,0.0,0.0,1.5,0.0,0.0,0.0,0.1499
-0.169,-0.1685,-0.1688,-0.2096,0.1975,-0.11993,-1.314,-0.0503,0.4124,-1.373,-1.349,-0.3787,0.5713,-0.594,0.0,-1.0,1.528,1.635,-0.933,0.0,2.195,0.137,-0.111,-0.02762,0.4314,-1.049,0.5303,-0.6733,0.02132,0.1761,0.553,0.387,0.276,-0.1622,-0.1766,0.0,0.0,-0.1838,0.0,-0.2627,1.06,1.0,0.0,0.0,0.0,-0.668,1.0,0.5,1.5,-0.2258,0.1533,0.0,1.0,0.0,1.5,0.0,0.0,0.0,-0.8696
-0.1681,-0.1678,-0.1678,-0.1469,0.1263,-0.11993,-1.314,-0.0656,0.2498,-1.378,-1.313,-0.1951,0.7144,-0.604,0.0,-1.0,1.533,1.644,-0.939,0.0,2.197,-0.3596,-0.01817,-0.11096,0.2966,-1.033,0.4033,-0.07404,0.02246,-0.6733,0.548,-0.6357,0.4578,-0.1617,-0.1768,0.0,0.0,-0.1818,0.0,-0.2642,0.993,1.0,0.0,0.0,0.0,-0.0586,1.0,0.0,1.0,-0.1821,0.0662,0.0,2.0,0.0,1.5,0.0,0.0,0.0,-0.07715
-0.1683,-0.1681,-0.1681,0.2386,-0.2712,-0.11993,-1.314,0.004543,-0.2341,-1.478,-1.288,-1.312,0.7144,-0.614,-1.0,-1.0,1.673,1.778,-1.001,0.0,2.2,0.0191,0.0647,-0.1456,-0.2001,-1.018,0.4666,-0.815,-0.02603,-0.07404,0.1761,0.5527,0.0,-0.1633,-0.1779,0.0,0.0,-0.1798,0.0,-0.2803,0.551,0.0,0.0,0.0,0.0,-0.748,0.0,0.0,0.5,0.1725,-0.335,0.0,3.0,0.0,1.5,0.0,0.0,0.0,-0.9863
-0.1693,-0.1691,-0.169,0.476,-0.5156,-0.11993,0.1349,-0.0674,-0.5283,-1.543,-1.277,2.855,0.5713,-0.6235,-1.0,-1.0,1.756,1.882,-1.044,0.0,2.201,-0.6816,0.1284,-0.1395,-0.545,-1.006,0.6484,-0.556,-0.0954,-0.815,-0.6733,0.548,-0.3333,-0.1649,-0.1786,0.0,0.0,-0.1781,0.0,-0.2913,0.07745,0.0,0.0,0.0,0.0,-0.4526,-1.0,0.0,0.0,0.413,-0.557,0.0,4.0,0.0,1.5,0.0,0.0,0.0,-0.605
-0.1699,-0.1697,-0.1696,0.3623,-0.402,-0.11993,0.1349,-0.0733,-0.4602,-1.517,-1.269,-0.03836,0.4285,-0.634,-1.0,-1.0,1.719,1.843,-1.03,0.0,2.205,0.1097,0.1572,-0.10876,-0.4744,-1.003,1.97e-06,0.182,-0.1158,-0.556,-0.074,0.176,1.401,-0.1671,-0.1794,0.0,0.0,-0.1771,0.0,-0.2878,0.0506,0.0,0.0,0.0,0.0,0.3494,-1.0,0.0,0.0,0.293,-0.4597,1.0,0.0,0.0,1.5,0.0,0.0,0.0,0.4712
-0.1703,-0.1702,-0.1699,0.3003,-0.3403,-0.11993,0.1349,-0.0943,-0.4233,-1.502,-1.263,0.02623,0.2856,-0.6436,-1.0,-1.0,1.696,1.823,-1.023,0.0,2.207,0.1886,0.1499,-0.06915,-0.4338,-1.003,-0.2314,0.0907,-0.1606,0.182,-0.815,-0.673,0.387,-0.1702,-0.1802,0.0,0.0,-0.1758,0.0,-0.2861,-0.06433,0.0,0.0,0.0,0.0,0.1653,0.0,0.0,0.0,0.24,-0.393,2.0,0.0,0.0,1.5,0.0,0.0,0.0,0.2223
-0.1698,-0.1697,-0.1694,-0.05283,0.01639,-0.11993,0.1349,-0.07587,-0.08374,-1.401,-1.251,-1.065,0.2856,-0.6533,0.0,-1.0,1.563,1.678,-0.965,0.0,2.209,0.188,0.11176,-0.03296,-0.08655,-0.999,0.01869,0.77,-0.2383,0.0907,-0.5557,-0.074,-0.6357,-0.1721,-0.1804,0.0,0.0,-0.1737,0.0,-0.2715,0.1661,0.0,0.0,0.0,0.0,0.995,1.0,0.5,0.5,-0.0696,-0.01628,3.0,0.0,0.0,1.5,0.0,0.0,0.0,1.337
-0.168,-0.1678,-0.1675,-0.529,0.4973,-0.11993,0.1349,-0.1124,0.3926,-1.252,-1.226,14.88,0.2856,-0.6636,0.0,-1.0,1.366,1.474,-0.8774,0.0,2.213,1.22,0.05563,-0.003738,0.4148,-0.99,-0.2386,1.147,-0.2966,0.77,0.182,-0.815,0.5527,-0.1708,-0.1794,0.0,0.0,-0.1709,0.0,-0.2491,0.5503,0.0,0.0,0.0,0.0,1.783,2.0,0.5,1.0,-0.53,0.4448,4.0,0.0,0.0,1.5,0.0,0.0,0.0,2.363
-0.1635,-0.1632,-0.1633,-1.382,1.378,0.8833,0.1349,-0.0539,1.379,-0.961,-1.194,2.273,0.2856,-0.6733,0.0,-1.0,1.014,1.085,-0.704,0.0,2.215,0.5938,0.02023,0.0362,1.2705,-0.9526,-0.4673,2.223,-0.209,1.147,0.0907,-0.5557,0.548,-0.1653,-0.1772,0.0,0.0,-0.167,0.0,-0.2051,0.707,0.0,0.0,0.0,0.0,6.06,3.0,0.5,1.0,-1.249,1.403,5.0,0.0,0.0,1.5,1.0,0.0,4.234,5.766
-0.1603,-0.1598,-0.1602,-0.9883,0.986,0.8833,0.1349,-0.0552,0.9966,-1.036,-1.171,-0.1378,0.2856,-0.683,0.0,-1.0,1.104,1.182,-0.751,0.0,2.217,-0.0763,-0.013176,0.0661,0.8916,-0.939,-0.4333,-0.578,-0.157,2.223,0.77,0.1819,0.176,-0.1594,-0.1753,0.0,0.0,-0.1642,0.0,-0.2172,0.44,0.0,0.0,0.0,0.0,-0.832,2.0,0.0,0.5,-0.8843,1.012,0.0,1.0,0.0,1.5,0.0,0.0,0.0,-1.044
-0.1583,-0.1578,-0.1582,-0.5303,0.524,0.8833,0.1349,-0.02306,0.508,-1.141,-1.148,-0.3394,0.2856,-0.693,0.0,-1.0,1.234,1.315,-0.816,0.0,2.219,-0.582,-0.03784,0.0816,0.4246,-0.9297,-0.02084,-0.8115,-0.1549,-0.578,1.147,0.0907,-0.673,-0.154,-0.1737,0.0,0.0,-0.1621,0.0,-0.2339,0.3767,0.0,0.0,0.0,0.0,-0.9287,1.0,0.0,0.5,-0.4382,0.5723,0.0,2.0,0.0,1.5,0.0,1.0,-2.654,-1.176
-0.1567,-0.1564,-0.1566,-0.4094,0.4011,0.8833,0.1349,-0.0794,0.3918,-1.153,-1.13,-0.06137,0.2856,-0.703,0.0,-1.0,1.245,1.337,-0.826,0.0,2.223,-0.911,-0.05444,0.0795,0.323,-0.9233,0.0891,-0.1299,-0.1531,-0.8115,2.223,0.7695,-0.074,-0.1493,-0.1718,0.0,0.0,-0.1603,0.0,-0.2366,0.2277,0.0,0.0,0.0,0.0,-0.10693,0.0,0.0,0.0,-0.346,0.428,0.0,3.0,0.0,1.5,0.0,0.0,0.0,-0.1372
-0.1555,-0.1552,-0.1555,-0.261,0.2524,0.8833,0.1349,-0.03928,0.26,-1.177,-1.119,-0.1422,0.2856,-0.713,0.0,-1.0,1.278,1.365,-0.8433,0.0,2.225,-0.10815,-0.0779,0.05914,0.1958,-0.9204,0.5557,-0.217,-0.165,-0.1299,-0.578,1.147,-0.815,-0.145,-0.1696,0.0,0.0,-0.1587,0.0,-0.2411,0.0384,0.0,0.0,0.0,0.0,-0.1527,-1.0,0.0,-0.5,-0.205,0.2827,0.0,4.0,0.0,1.5,0.0,0.0,0.0,-0.1964
-0.1548,-0.1543,-0.1547,-0.1458,0.1355,0.8833,0.1349,-0.0632,0.1625,-1.195,-1.112,-0.1421,0.2856,-0.7227,0.0,-1.0,1.299,1.392,-0.857,0.0,2.227,-0.359,-0.1075,0.02473,0.0985,-0.9185,0.9214,-0.1742,-0.2017,-0.217,-0.8115,2.223,-0.5557,-0.1426,-0.1674,0.0,0.0,-0.157,0.0,-0.2446,-0.05542,0.0,0.0,0.0,0.0,-0.16,-2.0,0.0,-1.0,-0.12244,0.1393,0.0,5.0,0.0,1.5,0.0,0.0,0.0,-0.2067
-0.1537,-0.1533,-0.1536,-0.2128,0.2029,0.8833,0.1349,-0.0964,0.2279,-1.162,-1.097,0.4016,0.2856,-0.733,0.0,-1.0,1.255,1.351,-0.84,0.0,2.23,-0.1871,-0.1339,-0.0203,0.1853,-0.915,0.953,0.2184,-0.1984,-0.1742,-0.1299,-0.578,0.1819,-0.1416,-0.1656,0.0,0.0,-0.156,0.0,-0.2404,0.2013,0.0,0.0,0.0,0.0,0.1901,-1.0,0.0,-0.5,-0.1783,0.2135,1.0,0.0,0.0,1.5,0.0,0.0,0.0,0.2462
-0.1522,-0.1517,-0.1522,-0.377,0.3733,0.8833,0.1349,0.02515,0.396,-1.097,-1.076,0.6807,0.2856,-0.7427,0.0,-1.0,1.184,1.252,-0.803,0.0,2.232,1.14,-0.1567,-0.0671,0.383,-0.91,1.03,0.4644,-0.1818,0.2184,-0.2169,-0.8115,0.0907,-0.1439,-0.1636,0.0,0.0,-0.1549,0.0,-0.2311,0.3308,0.0,0.0,0.0,0.0,0.5674,0.0,0.0,0.0,-0.3533,0.3591,2.0,0.0,0.0,1.5,0.0,0.0,0.0,0.732
-0.153,-0.1525,-0.153,0.4387,-0.451,0.8833,0.1349,0.1865,-0.4868,-1.317,-1.0625,-1.751,0.2856,-0.7524,-1.0,-1.0,1.477,1.534,-0.939,0.0,2.234,1.136,-0.1744,-0.1089,-0.4888,-0.906,0.8022,-1.713,-0.1914,0.4644,-0.1742,-0.1299,0.7695,-0.1483,-0.162,0.0,0.0,-0.1545,0.0,-0.2659,0.05716,0.0,0.0,0.0,0.0,-1.973,0.0,-0.5,0.0,0.4792,-0.3833,0.0,1.0,0.0,1.5,0.0,0.0,0.0,-2.525
-0.1534,-0.153,-0.1533,0.3057,-0.3176,0.8833,0.1349,0.3513,-0.4268,-1.28,-1.041,-0.03424,0.2856,-0.762,-1.0,-1.0,1.443,1.467,-0.9204,0.0,2.238,1.384,-0.1877,-0.142,-0.4136,-0.8994,0.2651,0.2372,-0.1935,-1.713,0.2184,-0.2169,1.147,-0.1509,-0.1604,0.0,0.0,-0.1544,0.0,-0.2612,0.2578,0.0,0.0,0.0,0.0,0.2135,1.0,-0.5,0.5,0.3574,-0.248,1.0,0.0,0.0,1.5,0.0,0.0,0.0,0.2815
-0.1547,-0.1542,-0.1545,0.588,-0.6064,0.8833,0.1349,0.3975,-0.775,-1.359,-1.027,1.367,0.2856,-0.7725,-1.0,-1.0,1.551,1.573,-0.9717,0.0,2.24,0.311,-0.2012,-0.1678,-0.8184,-0.885,-0.8545,-0.6646,-0.1825,0.2372,0.464,-0.1742,2.223,-0.1543,-0.1593,0.0,0.0,-0.155,0.0,-0.2747,0.03964,0.0,0.0,0.0,0.0,-0.5103,1.0,-1.0,0.0,0.6567,-0.496,0.0,1.0,0.0,1.5,0.0,0.0,0.0,-0.6704
-0.1519,-0.1514,-0.1519,-0.793,0.7944,0.8833,0.1349,0.6406,0.6016,-0.9507,-0.9883,-2.146,0.4285,-0.782,0.0,-1.0,1.063,1.006,-0.7314,0.0,2.242,1.96,-0.185,-0.1672,0.445,-0.848,-0.729,2.549,-0.1335,-0.6646,-1.713,0.2184,-0.5776,-0.1516,-0.1573,0.0,0.0,-0.1538,0.0,-0.2133,0.5376,0.0,0.0,0.0,0.0,7.266,1.0,-0.5,0.0,-0.534,1.004,1.0,0.0,0.0,1.5,1.0,0.0,4.234,5.766
-0.1473,-0.1467,-0.1475,-1.375,1.3955,1.074,0.1349,0.659,1.251,-0.726,-0.9424,1.137,0.4285,-0.792,0.0,-1.0,0.8076,0.728,-0.6006,0.0,2.244,0.1609,-0.144,-0.14,1.055,-0.8164,-0.307,1.631,-0.007156,2.549,0.237,0.464,-0.811,-0.1456,-0.1547,0.0,0.0,-0.1511,0.0,-0.1798,0.6475,0.0,0.0,0.0,0.0,3.053,1.0,0.0,0.0,-1.069,1.611,2.0,0.0,0.0,1.5,0.0,0.0,0.0,3.85
-0.1438,-0.1432,-0.144,-1.041,1.062,1.074,0.1349,0.624,0.9136,-0.7827,-0.91,-0.1279,0.4285,-0.802,0.0,-1.0,0.868,0.7993,-0.637,0.0,2.248,0.4722,-0.08856,-0.0969,0.6763,-0.791,-0.1064,-0.4417,0.062,1.631,-0.664,-1.713,-0.1299,-0.1409,-0.1525,0.0,0.0,-0.1486,0.0,-0.1893,0.407,0.0,0.0,0.0,0.0,-0.6553,1.0,0.0,-0.5,-0.8433,1.186,0.0,1.0,0.0,1.5,0.0,0.0,0.0,-0.804
-0.1407,-0.14,-0.1409,-0.891,0.909,1.074,0.1349,0.481,0.8433,-0.7896,-0.8984,0.06836,0.4285,-0.812,0.0,-1.0,0.863,0.8213,-0.644,0.0,2.25,0.4,-0.03017,-0.066,0.635,-0.791,0.1207,-0.08344,0.0891,-0.4417,2.547,0.237,-0.2169,-0.1371,-0.1503,0.0,0.0,-0.1456,0.0,-0.1913,0.0268,0.0,0.0,0.0,0.0,-0.1078,0.0,0.0,-1.0,-0.7285,1.007,0.0,2.0,0.0,1.5,0.0,0.0,0.0,-0.1333
-0.1376,-0.1368,-0.1378,-0.911,0.937,1.074,0.2415,0.547,0.9316,-0.743,-0.877,0.2438,0.4285,-0.822,0.0,-1.0,0.816,0.759,-0.62,0.0,2.252,0.7637,0.01839,-0.03943,0.738,-0.784,0.3328,0.2925,0.0877,-0.08344,1.631,-0.664,-0.1742,-0.1296,-0.1478,0.0,0.0,-0.1421,0.0,-0.1853,0.2291,0.0,0.0,0.0,0.0,0.472,1.0,0.5,-0.5,-0.7793,0.9995,1.0,0.0,0.0,1.5,0.0,0.0,0.0,0.5845
-0.1348,-0.134,-0.1351,-0.7773,0.805,1.074,0.2415,0.5015,0.8096,-0.747,-0.8496,0.01529,0.4285,-0.8315,0.0,-1.0,0.817,0.768,-0.6255,0.0,2.256,-0.4285,0.06824,-0.01633,0.6104,-0.7686,0.3745,-0.0693,0.0678,0.2925,-0.4417,2.547,0.2183,-0.12274,-0.146,0.0,0.0,-0.1388,0.0,-0.1869,0.4373,0.0,0.0,0.0,0.0,-0.11285,0.0,0.0,-0.5,-0.6587,0.8633,0.0,1.0,0.0,1.5,0.0,0.0,0.0,-0.1392
-0.1335,-0.1327,-0.1339,-0.2766,0.3013,1.074,0.2415,0.606,0.2773,-0.8726,-0.8306,-0.4883,0.4285,-0.842,0.0,-1.0,0.969,0.911,-0.703,0.0,2.258,-0.3364,0.1057,-0.00463,0.08826,-0.76,0.2795,-0.9434,0.001856,-0.0693,-0.08344,1.63,0.464,-0.11646,-0.1448,0.0,0.0,-0.1361,0.0,-0.2069,0.2034,0.0,0.0,0.0,0.0,-1.333,-1.0,-0.5,-0.5,-0.1482,0.409,0.0,2.0,0.0,1.5,0.0,0.0,0.0,-1.6455
-0.1322,-0.1313,-0.1326,-0.2769,0.302,1.074,0.2415,0.6357,0.2605,-0.8545,-0.809,0.0959,0.4285,-0.8516,0.0,-1.0,0.951,0.886,-0.6953,0.0,2.26,0.23,0.1266,-0.00396,0.0939,-0.7524,1.198,0.0987,-0.0423,-0.9434,0.2925,-0.4417,-1.712,-0.1156,-0.1432,0.0,0.0,-0.1339,0.0,-0.205,0.2776,0.0,0.0,0.0,0.0,0.143,0.0,0.0,0.0,-0.1532,0.4045,1.0,0.0,0.0,1.5,0.0,0.0,0.0,0.1792
-0.1312,-0.1304,-0.1315,-0.1925,0.2147,1.074,0.2415,0.6333,0.1436,-0.863,-0.786,-0.1986,0.4285,-0.8613,0.0,-1.0,0.9604,0.8965,-0.703,0.0,2.262,-0.469,0.1296,-0.00964,-0.0006056,-0.7446,1.237,-0.0985,-0.05582,0.0987,-0.0693,-0.08344,0.237,-0.118,-0.1418,0.0,0.0,-0.1324,0.0,-0.2072,0.2966,0.0,0.0,0.0,0.0,-0.114,0.0,-0.5,0.0,-0.0789,0.313,0.0,1.0,0.0,1.5,0.0,0.0,0.0,-0.1427
-0.1309,-0.13,-0.1311,0.03302,-0.01504,1.074,0.2415,0.653,-0.1171,-0.9175,-0.7695,-0.9624,0.2856,-0.871,-1.0,-1.0,1.025,0.963,-0.7383,0.0,2.266,-0.309,0.1111,-0.001173,-0.2406,-0.74,1.698,-0.437,-0.06036,-0.0985,-0.9434,0.2925,-0.664,-0.12036,-0.141,0.0,0.0,-0.1327,0.0,-0.2163,0.1422,0.0,0.0,0.0,0.0,-0.4358,-1.0,-0.5,-0.5,0.1343,0.08734,0.0,2.0,0.0,1.5,0.0,0.0,0.0,-0.5464
-0.1306,-0.1298,-0.1309,0.0752,-0.06134,1.074,0.2415,0.5654,-0.1777,-0.922,-0.7573,14.88,0.1428,-0.8813,-1.0,-1.0,1.023,0.9766,-0.744,0.0,2.268,0.09393,0.0737,0.006577,-0.315,-0.7334,0.3284,-0.071,-0.06003,-0.437,0.0987,-0.0693,2.547,-0.1227,-0.1403,0.0,0.0,-0.1327,0.0,-0.2179,0.03235,0.0,0.0,0.0,0.0,-0.0643,-1.0,-1.0,-1.0,0.09094,-0.04877,0.0,3.0,0.0,1.5,0.0,0.0,0.0,-0.0812
-0.1301,-0.1295,-0.1302,0.02214,-0.0185,1.074,0.2415,0.5176,-0.2043,-0.8994,-0.7285,0.6084,0.1428,-0.891,-1.0,-1.0,0.9927,0.9526,-0.734,0.0,2.27,0.549,0.0168,0.01399,-0.3152,-0.7227,-0.506,0.1279,-0.0637,-0.071,-0.0985,-0.9434,1.63,-0.1254,-0.1392,0.0,0.0,-0.132,0.0,-0.2153,0.5625,0.0,0.0,0.0,0.0,0.154,0.0,-1.0,-0.5,0.0405,-0.007183,1.0,0.0,0.0,1.5,0.0,0.0,0.0,0.1948
-0.1293,-0.1288,-0.1292,-0.1697,0.1617,1.074,0.2415,0.36,-0.0795,-0.832,-0.6973,-1.391,0.2856,-0.901,0.0,-1.0,0.9004,0.885,-0.6973,0.0,2.273,-0.2998,-0.065,0.01787,-0.1517,-0.713,-0.36,0.454,-0.06635,0.1279,-0.437,0.09863,-0.4417,-0.1271,-0.1378,0.0,0.0,-0.1309,0.0,-0.206,0.604,0.0,0.0,0.0,0.0,0.3374,0.0,-0.5,-0.5,-0.144,0.166,2.0,0.0,0.0,1.5,0.0,0.0,0.0,0.4258
-0.1277,-0.1277,-0.1273,-0.371,0.34,1.074,0.2415,0.3035,0.0319,-0.758,-0.6562,3.58,0.4285,-0.911,0.0,-1.0,0.811,0.8,-0.6562,0.0,2.275,-0.2153,-0.1583,0.01765,0.02298,-0.701,-0.355,0.507,-0.06757,0.454,-0.071,-0.0985,-0.0834,-0.126,-0.1359,0.0,0.0,-0.1294,0.0,-0.1957,0.927,1.0,0.0,0.0,0.0,0.507,1.0,0.0,0.0,-0.451,0.2141,3.0,0.0,0.0,1.5,0.0,0.0,0.0,0.635
-0.12476,-0.1247,-0.1243,-0.8564,0.831,1.074,0.343,-0.05737,0.5728,-0.579,-0.631,4.18,0.4285,-0.921,0.0,-1.0,0.5815,0.6235,-0.554,0.0,2.277,0.2747,-0.1957,0.01513,0.5303,-0.683,-0.514,1.257,-0.03824,0.507,0.1279,-0.4368,0.2922,-0.1227,-0.1332,0.0,0.0,-0.1268,0.0,-0.1696,0.618,0.0,0.0,0.0,0.0,1.96,2.0,0.0,0.0,-0.9253,0.679,4.0,0.0,0.0,1.5,0.0,0.0,0.0,2.434
-0.12134,-0.1212,-0.121,-1.002,0.983,1.074,0.343,-0.162,0.8193,-0.493,-0.615,0.5356,0.4285,-0.9307,0.0,-1.0,0.48,0.5347,-0.5063,0.0,2.281,0.1309,-0.2047,0.0001336,0.791,-0.679,-0.4363,0.574,0.00944,1.257,0.4539,-0.071,-0.0693,-0.11804,-0.1302,0.0,0.0,-0.1241,0.0,-0.1575,0.3396,0.0,0.0,0.0,0.0,0.7217,3.0,0.5,0.0,-1.058,0.8335,5.0,0.0,0.0,1.5,0.0,0.0,0.0,0.8774
-0.11786,-0.1176,-0.11755,-1.01,0.997,1.074,0.343,-0.2064,0.8945,-0.4475,-0.593,0.2311,0.4285,-0.9307,0.0,0.0,0.4285,0.488,-0.4822,0.0,2.283,0.014595,-0.1934,-0.02557,0.898,-0.6733,0.1279,0.2844,0.06537,0.574,0.507,0.1279,-0.943,-0.112,-0.1273,0.0,0.0,-0.1214,0.0,-0.1514,0.667,0.0,0.0,0.0,0.0,0.3416,3.0,1.0,0.5,-1.059,0.855,5.734,0.0,0.5,1.5,0.0,0.0,0.0,0.4116
-0.1147,-0.11444,-0.11444,-0.8867,0.876,1.074,0.703,-0.2507,0.81,-0.4463,-0.57,0.05145,0.4285,-0.9307,0.0,0.0,0.423,0.491,-0.4846,0.0,2.285,-0.1663,-0.1917,-0.06055,0.8193,-0.6626,0.217,-0.02696,0.02937,0.2844,1.257,0.4539,0.09863,-0.10596,-0.12463,0.0,0.0,-0.1176,0.0,-0.1521,0.699,0.0,0.0,0.0,0.0,-0.03204,2.0,0.5,0.5,-0.9595,0.718,0.0,1.0,0.5,1.5,0.0,0.0,0.0,-0.03842
-0.1125,-0.11224,-0.11224,-0.5854,0.572,1.074,0.703,-0.297,0.5293,-0.509,-0.5537,-0.1898,0.4285,-0.9404,0.0,-1.0,0.485,0.566,-0.5244,0.0,2.287,-0.00979,-0.1941,-0.1067,0.5312,-0.654,0.4004,-0.4722,-0.04263,-0.02696,0.574,0.507,-0.09845,-0.101,-0.1226,0.0,0.0,-0.1144,0.0,-0.1625,0.3464,0.0,0.0,0.0,0.0,-0.4858,1.0,0.5,0.0,-0.6562,0.439,0.0,2.0,0.5,1.5,0.0,0.0,0.0,-0.583
-0.1107,-0.1104,-0.1105,-0.462,0.4487,1.074,0.703,-0.274,0.4285,-0.5215,-0.5386,-0.0289,0.4285,-0.9507,0.0,-1.0,0.5005,0.578,-0.5347,0.0,2.291,-0.2268,-0.1888,-0.1573,0.4243,-0.646,0.736,-0.1224,-0.2163,-0.4722,0.2844,1.256,-0.4368,-0.0972,-0.1217,0.0,0.0,-0.1107,0.0,-0.1652,0.3188,0.0,0.0,0.0,0.0,-0.1428,0.0,0.5,0.0,-0.584,0.2698,0.0,3.0,0.5,1.5,0.0,0.0,0.0,-0.1727
-0.10986,-0.1096,-0.1096,-0.1245,0.1062,1.074,0.575,-0.27,0.0591,-0.607,-0.5205,-0.602,0.4285,-0.9604,0.0,-1.0,0.593,0.6763,-0.588,0.0,2.293,-0.4175,-0.1833,-0.1842,0.05722,-0.637,0.901,-0.64,-0.2357,-0.1224,-0.02696,0.574,-0.071,-0.0956,-0.1208,0.0,0.0,-0.10956,0.0,-0.1791,0.471,0.0,0.0,0.0,0.0,-0.781,-1.0,0.5,0.0,-0.2384,-0.03778,0.0,4.0,0.5,1.5,0.0,0.0,0.0,-0.9463
-0.1082,-0.108,-0.108,-0.408,0.393,0.253,0.575,-0.279,0.3406,-0.5015,-0.4968,1.914,0.4285,-0.97,0.0,-1.0,0.4788,0.556,-0.529,0.0,2.295,0.3027,-0.1754,-0.1888,0.335,-0.625,0.9346,0.716,-0.2188,-0.64,-0.472,0.2844,0.1279,-0.09503,-0.1192,0.0,0.0,-0.10895,0.0,-0.164,0.6475,0.0,0.0,0.0,0.0,0.757,-1.0,0.5,0.0,-0.4731,0.2805,1.0,0.0,0.5,1.5,0.0,0.0,0.0,0.927
-0.10583,-0.1055,-0.1056,-0.6455,0.6357,0.253,0.575,-0.2229,0.5786,-0.4,-0.4658,0.717,0.4285,-0.97,0.0,0.0,0.3774,0.4368,-0.472,0.0,2.299,0.3374,-0.1586,-0.1744,0.5737,-0.6084,0.834,0.68,-0.1787,0.716,-0.1223,-0.02695,0.4539,-0.09424,-0.11725,0.0,0.0,-0.10754,0.0,-0.1495,0.852,1.0,0.0,0.0,0.0,0.734,0.0,0.5,0.5,-0.6846,0.5327,2.0,0.0,0.5,1.5,0.0,0.0,0.0,0.888
-0.1041,-0.1039,-0.1039,-0.414,0.399,0.253,0.575,-0.199,0.2952,-0.4475,-0.434,-0.3054,0.5713,-0.97,0.0,0.0,0.429,0.4873,-0.503,0.0,2.3,-0.1252,-0.1381,-0.1606,0.2922,-0.591,0.7173,-0.3633,-0.16,0.68,-0.64,-0.472,0.507,-0.09467,-0.11536,0.0,0.0,-0.1064,0.0,-0.1576,0.8804,1.0,0.0,0.0,0.0,-0.505,0.0,0.0,0.5,-0.451,0.3162,0.0,1.0,0.5,1.5,0.0,0.0,0.0,-0.6045
-0.1029,-0.1028,-0.10254,-0.2578,0.2345,0.253,0.575,-0.1948,0.08,-0.4778,-0.4043,-0.4321,0.7144,-0.98,0.0,-1.0,0.4612,0.521,-0.5234,0.0,2.303,-0.0101,-0.1206,-0.147,0.0982,-0.578,0.1675,-0.2437,-0.149,-0.3633,0.716,-0.1223,1.256,-0.0956,-0.1135,0.0,0.0,-0.1056,0.0,-0.163,0.79,1.0,0.0,0.0,0.0,-0.3494,0.0,-0.5,0.5,-0.2952,0.1635,0.0,2.0,0.5,0.0,0.0,0.0,0.0,-0.4207
-0.10284,-0.1028,-0.10236,0.1124,-0.1478,0.253,0.5205,-0.1829,-0.3572,-0.581,-0.382,-2.314,0.7144,-0.99,-1.0,-1.0,0.5723,0.6377,-0.587,0.0,2.305,0.1009,-0.1062,-0.1301,-0.3298,-0.568,-0.115,-0.761,-0.1501,-0.2437,0.68,-0.64,0.574,-0.09705,-0.1121,0.0,0.0,-0.1053,0.0,-0.1794,0.423,0.0,0.0,0.0,0.0,-1.121,0.0,-1.0,0.0,0.074,-0.1913,0.0,3.0,0.5,0.0,0.0,0.0,0.0,-1.3545
-0.1022,-0.1022,-0.1016,-0.09296,0.05347,0.253,0.5205,-0.1284,-0.192,-0.5093,-0.3596,-0.6055,0.5713,-1.0,-1.0,-1.0,0.5005,0.5503,-0.5483,0.0,2.309,0.4382,-0.09985,-0.1165,-0.1473,-0.5605,-0.317,0.468,-0.1683,-0.761,-0.3633,0.716,0.2844,-0.0974,-0.1107,0.0,0.0,-0.104,0.0,-0.1697,0.4297,0.0,0.0,0.0,0.0,0.3928,0.0,-1.0,0.0,-0.11804,0.00862,1.0,0.0,0.5,0.0,0.0,0.0,0.0,0.481
-0.1017,-0.1018,-0.1011,-0.01415,-0.0326,0.253,0.5205,-0.1372,-0.299,-0.5234,-0.3433,1.672,0.4285,-1.01,-1.0,-1.0,0.5146,0.567,-0.5596,0.0,2.31,-0.3865,-0.09595,-0.10693,-0.258,-0.5527,-0.3442,-0.1366,-0.1893,0.468,-0.2437,0.68,-0.02695,-0.09674,-0.1086,0.0,0.0,-0.10284,0.0,-0.1726,0.25,0.0,0.0,0.0,0.0,-0.1191,-1.0,-1.0,-0.5,-0.09845,-0.1357,0.0,1.0,0.5,0.0,0.0,0.0,0.0,-0.1447
-0.10156,-0.1017,-0.10095,0.0907,-0.1383,0.253,0.5205,-0.1686,-0.39,-0.5474,-0.3408,0.6836,0.2856,-1.02,-1.0,-1.0,0.5376,0.5977,-0.5767,0.0,2.312,0.04227,-0.0939,-0.10565,-0.365,-0.5513,-0.1401,-0.2053,-0.2195,-0.1366,-0.761,-0.363,-0.472,-0.09784,-0.1067,0.0,0.0,-0.1018,0.0,-0.1771,-0.245,0.0,0.0,0.0,0.0,-0.1951,-1.0,-1.0,-1.0,-0.01959,-0.2615,0.0,2.0,0.5,0.0,0.0,0.0,0.0,-0.2375
-0.10156,-0.1017,-0.1009,0.1251,-0.1732,0.253,0.5205,-0.2423,-0.3916,-0.552,-0.3447,0.1499,0.1428,-1.029,-1.0,-1.0,0.5356,0.61,-0.5825,0.0,2.316,-0.6963,-0.11365,-0.11664,-0.3838,-0.5537,-0.1085,-0.06866,-0.2778,-0.2053,0.468,-0.2435,-0.1223,-0.10046,-0.10455,0.0,0.0,-0.1005,0.0,-0.1787,-0.5327,0.0,0.0,0.0,0.0,-0.0573,-1.0,-1.0,-1.5,0.001249,-0.3086,0.0,3.0,0.5,0.0,0.0,0.0,0.0,-0.07007
-0.10205,-0.1022,-0.10144,0.3035,-0.3533,0.253,0.5205,-0.2686,-0.5303,-0.603,-0.355,0.6934,0.0,-1.04,-1.0,-1.0,0.5884,0.6714,-0.615,0.0,2.318,-0.3745,-0.1562,-0.1409,-0.524,-0.563,0.1991,-0.399,-0.3484,-0.06866,-0.1366,-0.7607,-0.64,-0.1031,-0.1039,0.0,0.0,-0.0994,0.0,-0.1873,-0.8135,0.0,0.0,0.0,0.0,-0.6475,-1.0,-1.0,-2.0,0.1881,-0.4656,0.0,4.0,0.5,0.0,0.0,0.0,0.0,-0.7925
-0.1012,-0.1013,-0.1005,-0.1544,0.1094,0.253,0.5205,-0.2534,-0.02132,-0.456,-0.3562,-1.202,0.0,-1.05,0.0,-1.0,0.433,0.502,-0.532,0.0,2.32,0.3406,-0.2059,-0.1709,-0.01388,-0.5674,-0.1919,1.011,-0.4343,-0.399,-0.2053,0.4678,0.716,-0.1033,-0.1035,0.0,0.0,-0.0978,0.0,-0.166,-0.3428,0.0,0.0,0.0,0.0,0.862,-1.0,-1.0,-1.5,-0.2147,0.02144,1.0,0.0,0.5,0.0,0.0,0.0,0.0,1.062
-0.0986,-0.09863,-0.098,-0.711,0.68,0.253,0.5205,-0.1576,0.6094,-0.2559,-0.3408,7.516,0.0,-1.05,0.0,0.0,0.2363,0.2734,-0.4172,0.0,2.322,0.229,-0.2496,-0.196,0.554,-0.5503,-0.553,1.375,-0.4553,1.011,-0.06866,-0.1366,0.68,-0.0993,-0.1023,0.0,0.0,-0.09546,0.0,-0.1368,0.2642,0.0,0.0,0.0,0.0,2.867,0.0,-1.0,-1.0,-0.678,0.6504,2.0,0.0,0.5,0.0,1.0,0.0,4.234,3.473
-0.0958,-0.09576,-0.09534,-0.7573,0.7334,0.253,0.5205,-0.1718,0.701,-0.2078,-0.3215,0.2822,0.0,-1.05,0.0,0.0,0.1874,0.2236,-0.391,0.0,2.326,-0.314,-0.295,-0.2179,0.6494,-0.5405,-0.325,0.3062,-0.441,1.375,-0.3987,-0.2053,-0.363,-0.09564,-0.1009,0.0,0.0,-0.09326,0.0,-0.1302,0.387,0.0,0.0,0.0,0.0,0.4521,1.0,-0.5,-0.5,-0.7427,0.68,3.0,0.0,0.5,0.0,0.0,0.0,0.0,0.535
-0.09314,-0.093,-0.0928,-0.72,0.7007,0.253,0.5205,-0.1295,0.6724,-0.1875,-0.2952,0.10394,0.0,-1.05,0.0,0.0,0.171,0.198,-0.3809,0.0,2.328,0.1461,-0.339,-0.2297,0.6436,-0.5293,-0.1251,0.1192,-0.3853,0.3062,1.011,-0.06866,-0.2435,-0.09143,-0.09955,0.0,0.0,-0.0918,0.0,-0.1278,0.6772,0.0,0.0,0.0,0.0,0.12396,2.0,0.0,0.0,-0.7407,0.6123,4.0,0.0,0.5,0.0,0.0,0.0,0.0,0.146
-0.0912,-0.09106,-0.0908,-0.4956,0.4736,0.253,0.5205,-0.2114,0.455,-0.233,-0.2786,-0.1598,0.0,-1.05,0.0,0.0,0.2089,0.2542,-0.4094,0.0,2.33,-0.9326,-0.3777,-0.2454,0.4353,-0.5215,0.3672,-0.3303,-0.3555,0.1192,1.375,-0.3987,-0.7607,-0.0875,-0.0984,0.0,0.0,-0.091,0.0,-0.1351,0.3594,0.0,0.0,0.0,0.0,-0.3125,2.0,0.0,-0.5,-0.548,0.3682,0.0,1.0,0.5,0.0,0.0,0.0,0.0,-0.3672
-0.0891,-0.0889,-0.0887,-0.537,0.5166,0.04807,0.5205,-0.2869,0.539,-0.1947,-0.266,0.305,0.0,-1.05,0.0,0.0,0.1641,0.2207,-0.389,0.0,2.334,-0.457,-0.3967,-0.2637,0.5093,-0.5137,0.235,0.2393,-0.3203,-0.3303,0.3062,1.011,0.4678,-0.08295,-0.0966,0.0,0.0,-0.0903,0.0,-0.13,0.2328,0.0,0.0,0.0,0.0,0.318,2.0,0.0,-0.5,-0.594,0.4026,1.0,0.0,0.5,0.0,0.0,0.0,0.0,0.376
-0.08887,-0.08875,-0.0885,0.0703,-0.09686,0.04807,0.5205,-0.2019,-0.0815,-0.3726,-0.2615,-0.8975,0.0,-1.05,0.0,0.0,0.3508,0.4043,-0.4949,0.0,2.336,0.0182,-0.4001,-0.2834,-0.1164,-0.5107,0.4075,-1.231,-0.3213,0.2393,0.11914,1.375,-0.1365,-0.08014,-0.0955,0.0,0.0,-0.09033,0.0,-0.1573,-0.10657,0.0,0.0,0.0,0.0,-1.82,1.0,0.0,-0.5,0.02885,-0.1469,0.0,1.0,0.5,0.0,0.0,0.0,0.0,-2.143
-0.08923,-0.08905,-0.08887,0.2634,-0.292,0.04807,0.3755,-0.176,-0.2844,-0.429,-0.2583,-6.47,-0.1428,-1.05,-1.0,0.0,0.4116,0.4644,-0.5303,0.0,2.338,0.1383,-0.3958,-0.3064,-0.3328,-0.5083,0.556,-0.419,-0.3208,-1.231,-0.3303,0.306,-0.2053,-0.0801,-0.09454,0.0,0.0,-0.0904,0.0,-0.1665,-0.1633,0.0,0.0,0.0,0.0,-0.4336,0.0,0.0,-0.5,0.1927,-0.3586,0.0,2.0,0.5,0.0,0.0,0.0,0.0,-0.521
-0.08923,-0.0892,-0.08887,0.1543,-0.1847,0.04807,0.3755,-0.2622,-0.2094,-0.3933,-0.2456,-0.343,-0.1428,-1.05,-1.0,0.0,0.367,0.433,-0.5117,0.0,2.342,-0.5605,-0.3826,-0.3308,-0.2634,-0.502,0.6216,0.2178,-0.3225,-0.419,0.2391,0.11914,-0.06866,-0.0823,-0.0933,0.0,0.0,-0.0902,0.0,-0.162,0.1702,0.0,0.0,0.0,0.0,0.2615,0.0,0.5,0.0,0.0789,-0.2651,1.0,0.0,0.5,0.0,0.0,0.0,0.0,0.3167
-0.08966,-0.0896,-0.0893,0.2854,-0.3179,0.04807,0.3755,-0.2634,-0.3599,-0.4316,-0.2399,1.8955,-0.1428,-1.05,-1.0,0.0,0.4065,0.4756,-0.537,0.0,2.344,0.3237,-0.3745,-0.3613,-0.3994,-0.5034,0.875,-0.2983,-0.337,0.2178,-1.23,-0.3303,-0.3987,-0.0857,-0.09216,0.0,0.0,-0.0898,0.0,-0.1686,-0.08966,0.0,0.0,0.0,0.0,-0.3333,0.0,0.5,-0.5,0.2112,-0.387,0.0,1.0,0.5,0.0,0.0,0.0,0.0,-0.4019
-0.0901,-0.08997,-0.08966,0.2778,-0.3105,0.04807,0.3755,-0.258,-0.3755,-0.4287,-0.2329,0.2126,-0.1428,-1.05,-1.0,0.0,0.404,0.4722,-0.538,0.0,2.346,-0.336,-0.3704,-0.3938,-0.3906,-0.5063,0.3997,-0.013626,-0.3357,-0.2983,-0.419,0.2391,1.011,-0.0894,-0.09106,0.0,0.0,-0.08984,0.0,-0.169,-0.04486,0.0,0.0,0.0,0.0,-0.02115,-1.0,0.0,-0.5,0.1942,-0.3901,0.0,2.0,0.5,0.0,0.0,0.0,0.0,-0.02563
-0.0912,-0.09106,-0.0908,0.516,-0.55,0.04807,0.3755,-0.149,-0.644,-0.504,-0.2289,1.274,-0.1428,-1.06,-1.0,-1.0,0.4927,0.546,-0.5845,0.0,2.348,1.081,-0.3708,-0.4202,-0.6587,-0.5063,-0.3298,-0.559,-0.324,-0.013626,0.2178,-1.23,1.375,-0.0935,-0.09045,0.0,0.0,-0.09076,0.0,-0.1812,-0.1698,0.0,0.0,0.0,0.0,-0.87,-1.0,-0.5,-0.5,0.4438,-0.5986,0.0,3.0,0.5,0.0,0.0,0.0,0.0,-1.055
-0.0931,-0.0929,-0.0928,0.794,-0.8267,0.04807,0.3755,-0.08234,-0.9517,-0.596,-0.2302,0.781,-0.1428,-1.069,-1.0,-1.0,0.5977,0.6455,-0.6416,0.0,2.352,-0.3315,-0.3843,-0.4417,-0.943,-0.514,-0.601,-0.688,-0.2856,-0.559,-0.2983,-0.4187,0.306,-0.0994,-0.0904,0.0,0.0,-0.0919,0.0,-0.1958,-0.3572,0.0,0.0,0.0,0.0,-1.053,-1.0,-1.0,-0.5,0.719,-0.8564,0.0,4.0,0.5,0.0,0.0,0.0,0.0,-1.288
-0.09485,-0.09467,-0.0946,0.759,-0.7886,0.04807,0.3755,-0.05716,-0.966,-0.598,-0.2283,0.1615,-0.1428,-1.079,-1.0,-1.0,0.602,0.6455,-0.646,0.0,2.354,-0.10547,-0.4187,-0.4565,-0.979,-0.5127,-0.8237,-0.0557,-0.2507,-0.688,-0.013626,0.2177,0.11914,-0.103,-0.0909,0.0,0.0,-0.09296,0.0,-0.1971,-0.257,0.0,0.0,0.0,0.0,-0.05582,-2.0,-1.5,-0.5,0.6353,-0.874,0.0,5.0,0.5,0.0,0.0,0.0,0.0,-0.0691
-0.097,-0.0967,-0.0968,0.8804,-0.906,0.04807,0.1932,-0.05774,-1.093,-0.647,-0.2393,0.307,-0.2856,-1.089,-1.0,-1.0,0.6553,0.7026,-0.678,0.0,2.355,0.2429,-0.4846,-0.4697,-1.127,-0.519,-0.8115,-0.3901,-0.2103,-0.0557,-0.5586,-0.2983,-0.3303,-0.10645,-0.09186,0.0,0.0,-0.0937,0.0,-0.2054,-0.7603,0.0,0.0,0.0,0.0,-0.4036,-2.0,-1.5,-1.0,0.6943,-1.05,0.0,5.617,0.5,0.5,0.0,0.0,0.0,-0.5
-0.09924,-0.09894,-0.099,0.9185,-0.946,0.04807,0.0708,-0.222,-1.093,-0.6743,-0.2654,0.1431,-0.4285,-1.099,-1.0,-1.0,0.6704,0.75,-0.6973,0.0,2.36,-0.224,-0.4995,-0.4783,-1.11,-0.543,-1.11,-0.2384,-0.158,-0.3901,-0.688,-0.01362,0.2391,-0.11084,-0.093,0.0,0.0,-0.0949,0.0,-0.2104,-1.6,0.0,1.0,0.0,0.0,-0.2413,-2.0,-1.5,-1.5,0.727,-1.093,0.0,5.617,0.5,1.0,0.0,0.0,0.0,-0.301
-0.10046,-0.10016,-0.1002,0.573,-0.597,0.04807,0.0708,-0.215,-0.7,-0.5835,-0.2893,-0.2976,-0.5713,-1.109,-1.0,-1.0,0.5723,0.6436,-0.6484,0.0,2.361,0.02647,-0.4504,-0.4714,-0.7144,-0.563,-0.6367,0.6055,-0.1365,-0.2384,-0.05566,-0.5586,-1.23,-0.11346,-0.09393,0.0,0.0,-0.0957,0.0,-0.198,-1.413,0.0,1.0,0.0,0.0,0.7354,-1.0,-1.5,-1.5,0.4287,-0.72,1.0,0.0,0.5,1.0,0.0,0.0,0.0,0.921
-0.1022,-0.1019,-0.10187,0.7256,-0.756,0.04807,0.0708,-0.254,-0.783,-0.638,-0.3179,0.2993,-0.7144,-1.119,-1.0,-1.0,0.628,0.711,-0.6836,0.0,2.363,-0.3408,-0.3706,-0.451,-0.8296,-0.5796,-0.511,-0.4321,-0.1036,0.6055,-0.3901,-0.688,-0.4187,-0.1169,-0.0948,0.0,0.0,-0.09656,0.0,-0.2072,-1.561,0.0,1.0,0.0,0.0,-0.412,-1.0,-1.5,-2.0,0.579,-0.8696,0.0,1.0,0.5,1.0,0.0,0.0,0.0,-0.5107
-0.1035,-0.10333,-0.1032,0.6255,-0.6562,0.04807,0.0708,-0.1964,-0.626,-0.6177,-0.3423,-0.1158,-0.857,-1.129,-1.0,-1.0,0.611,0.6816,-0.676,0.0,2.365,-0.0596,-0.2761,-0.414,-0.673,-0.599,-0.723,0.09827,-0.0779,-0.4321,-0.2384,-0.05566,0.2177,-0.119,-0.0956,0.0,0.0,-0.09735,0.0,-0.2053,-1.445,0.0,1.0,0.0,0.0,0.1517,0.0,-1.5,-1.5,0.478,-0.7783,1.0,0.0,0.5,1.0,0.0,0.0,0.0,0.1895
-0.10443,-0.1044,-0.104,0.4438,-0.4814,0.04807,0.0708,-0.2238,-0.3733,-0.57,-0.3665,-0.3992,-1.0,-1.139,-1.0,-1.0,0.5566,0.629,-0.652,0.0,2.37,-0.611,-0.1747,-0.363,-0.4116,-0.6206,-0.6685,0.2944,-0.068,0.09827,0.6055,-0.39,-0.298,-0.11926,-0.09595,0.0,0.0,-0.09766,0.0,-0.1993,-1.419,0.0,1.0,0.0,0.0,0.4502,1.0,-1.0,-1.5,0.2595,-0.6577,2.0,0.0,0.5,1.0,0.0,0.0,0.0,0.561
-0.1066,-0.10657,-0.1062,0.909,-0.9526,0.04807,0.0708,-0.2041,-0.8003,-0.7163,-0.388,1.956,-1.143,-1.148,-1.0,-1.0,0.719,0.799,-0.7407,0.0,2.371,0.3606,-0.08057,-0.3042,-0.84,-0.6377,-0.734,-1.088,-0.01559,0.2944,-0.4321,-0.2383,-0.01362,-0.12146,-0.0971,0.0,0.0,-0.09937,0.0,-0.2222,-1.382,0.0,1.0,0.0,0.0,-0.9766,1.0,-1.0,-1.5,0.7314,-1.086,0.0,1.0,0.5,1.0,0.0,0.0,0.0,-1.212
-0.10846,-0.1084,-0.10803,0.778,-0.821,0.04807,0.0708,-0.2742,-0.655,-0.692,-0.4045,-0.0896,-1.143,-1.158,-1.0,-1.0,0.686,0.7764,-0.7305,0.0,2.373,-0.54,-0.001576,-0.2402,-0.7075,-0.6504,-0.567,0.1279,-0.01207,-1.088,0.09827,0.6055,-0.5586,-0.1227,-0.0986,0.0,0.0,-0.102,0.0,-0.2196,-1.212,0.0,1.0,0.0,0.0,0.1177,1.0,-0.5,-1.0,0.604,-0.96,1.0,0.0,0.5,1.0,0.0,0.0,0.0,0.1487
-0.11145,-0.1113,-0.111,1.194,-1.238,0.04807,0.0708,-0.1312,-1.028,-0.829,-0.4324,0.9014,-1.143,-1.168,-1.0,-1.0,0.853,0.928,-0.8135,0.0,2.377,0.738,0.075,-0.1665,-1.071,-0.6733,-0.2998,-1.035,0.005486,0.1279,0.2944,-0.432,-0.6875,-0.1254,-0.1003,0.0,0.0,-0.10547,0.0,-0.2411,-1.539,0.0,1.0,0.0,0.0,-1.553,1.0,-0.5,-1.5,1.032,-1.332,0.0,1.0,0.5,1.0,0.0,0.0,0.0,-1.958
-0.1138,-0.1137,-0.11334,0.968,-1.012,-1.073,0.0708,-0.2311,-0.7905,-0.7847,-0.4548,-0.1423,-1.143,-1.178,-1.0,-1.0,0.7935,0.8833,-0.792,0.0,2.379,-0.6055,0.1388,-0.0963,-0.855,-0.689,-0.3794,0.2742,-0.02332,-1.035,-1.088,0.09827,-0.05566,-0.1288,-0.10175,0.0,0.0,-0.1089,0.0,-0.2356,-1.33,0.0,1.0,0.0,0.0,0.265,1.0,0.0,-1.0,0.8354,-1.092,1.0,0.0,0.5,1.0,0.0,0.0,0.0,0.3398
-0.11615,-0.1161,-0.1157,0.9795,-1.026,-1.073,0.0708,-0.2388,-0.773,-0.8047,-0.4785,0.1145,-1.143,-1.188,-1.0,-1.0,0.8154,0.9087,-0.808,0.0,2.38,-0.5444,0.1951,-0.02753,-0.842,-0.708,-0.2703,-0.201,-0.04974,0.2742,0.1278,0.2942,-0.39,-0.1317,-0.10297,0.0,0.0,-0.1122,0.0,-0.2397,-1.361,0.0,1.0,0.0,0.0,-0.1697,0.0,0.0,-1.0,0.828,-1.125,0.0,1.0,0.5,1.0,0.0,0.0,0.0,-0.2168
-0.11896,-0.1189,-0.1185,1.144,-1.193,-1.073,0.0708,-0.378,-0.917,-0.8706,-0.5015,0.3828,-1.143,-1.198,-1.0,-1.0,0.8784,1.003,-0.85,0.0,2.385,-0.517,0.2407,0.03955,-0.9736,-0.7295,-0.23,-0.533,-0.0981,-0.201,-1.035,-1.088,-0.2383,-0.1357,-0.1047,0.0,0.0,-0.116,0.0,-0.2507,-1.353,0.0,1.0,0.0,0.0,-0.4155,0.0,0.0,-1.0,0.9736,-1.3,0.0,2.0,0.5,1.0,0.0,0.0,0.0,-0.532
-0.12054,-0.1205,-0.12006,0.687,-0.732,-1.001,0.0708,-0.3977,-0.4727,-0.7544,-0.5117,-0.4646,-1.143,-1.208,-1.0,-1.0,0.744,0.863,-0.7876,0.0,2.387,-0.1238,0.2725,0.0988,-0.511,-0.744,-0.6353,0.8,-0.1276,-0.533,0.2742,0.1278,0.605,-0.1389,-0.10596,0.0,0.0,-0.11847,0.0,-0.2346,-0.7974,0.0,0.0,0.0,0.0,0.839,0.0,0.0,-0.5,0.584,-0.801,1.0,0.0,0.5,1.0,0.0,0.0,0.0,1.085
-0.12256,-0.1225,-0.1221,0.856,-0.9033,-1.001,0.0708,-0.3984,-0.632,-0.8145,-0.5254,0.632,-1.143,-1.218,-1.0,-1.0,0.8125,0.9355,-0.826,0.0,2.389,-0.3271,0.273,0.1492,-0.6655,-0.758,-0.5005,-0.4878,-0.1346,0.8,-0.201,-1.034,-0.432,-0.141,-0.1073,0.0,0.0,-0.1209,0.0,-0.2448,-0.8994,0.0,0.0,0.0,0.0,-0.5894,0.0,0.0,-0.5,0.7485,-0.964,0.0,1.0,0.5,1.0,0.0,0.0,0.0,-0.752
-0.12335,-0.1233,-0.12286,0.4197,-0.462,-0.988,0.0708,-0.3896,-0.1984,-0.6943,-0.5283,-0.7773,-1.143,-1.228,-1.0,-1.0,0.678,0.7905,-0.761,0.0,2.39,0.6177,0.2456,0.1853,-0.2092,-0.769,-0.6406,0.8247,-0.1924,-0.4878,-0.533,0.274,0.09827,-0.1417,-0.1083,0.0,0.0,-0.123,0.0,-0.2281,-0.469,0.0,0.0,0.0,0.0,1.269,0.0,0.0,0.0,0.3684,-0.4954,1.0,0.0,0.5,1.0,0.0,0.0,0.0,1.632
-0.1239,-0.1239,-0.1234,0.3352,-0.3777,-0.9204,0.0708,-0.4358,-0.1121,-0.67,-0.528,-0.993,-1.0,-1.237,0.0,-1.0,0.6465,0.7656,-0.751,0.0,2.395,-0.6895,0.2113,0.2067,-0.1181,-0.774,-0.845,0.1284,-0.2505,0.8247,0.7993,-0.201,0.2942,-0.1403,-0.1091,0.0,0.0,-0.12476,0.0,-0.2257,-0.3542,0.0,0.0,0.0,0.0,0.1951,1.0,0.0,0.5,0.2644,-0.439,2.0,0.0,0.5,1.0,0.0,0.0,0.0,0.2476
-0.126,-0.126,-0.1255,0.872,-0.9214,-0.9204,0.0708,-0.3765,-0.6265,-0.8335,-0.544,-17.1,-1.0,-1.247,-1.0,-1.0,0.836,0.9565,-0.8486,0.0,2.396,0.1282,0.1765,0.2192,-0.644,-0.7856,-0.3472,-1.225,-0.2915,0.1284,-0.4878,-0.533,-1.088,-0.1415,-0.1108,0.0,0.0,-0.1273,0.0,-0.251,-0.884,0.0,0.0,0.0,0.0,-1.349,1.0,0.0,0.0,0.812,-0.9287,0.0,1.0,0.5,1.0,0.0,0.0,0.0,-1.708
-0.1277,-0.1277,-0.1272,0.7627,-0.8105,-0.9204,0.0708,-0.3198,-0.516,-0.8135,-0.5547,-0.0943,-1.0,-1.258,-1.0,-1.0,0.8184,0.9272,-0.842,0.0,2.398,0.3604,0.1356,0.2203,-0.534,-0.7974,-0.4802,0.0872,-0.3208,-1.225,0.824,0.7993,0.1278,-0.1423,-0.11316,0.0,0.0,-0.1294,0.0,-0.2493,-0.756,0.0,0.0,0.0,0.0,0.09845,1.0,0.0,0.5,0.7095,-0.82,1.0,0.0,0.5,1.0,0.0,0.0,0.0,0.1273
-0.1295,-0.1295,-0.1289,0.761,-0.811,-0.9204,0.0708,-0.3389,-0.5024,-0.823,-0.567,0.10596,-1.0,-1.268,-1.0,-1.0,0.828,0.941,-0.852,0.0,2.402,-0.2622,0.096,0.2146,-0.527,-0.809,-0.02588,-0.1306,-0.3228,0.0872,0.1284,-0.4875,-1.034,-0.1423,-0.1157,0.0,0.0,-0.1312,0.0,-0.252,-0.8247,0.0,0.0,0.0,0.0,-0.10126,1.0,0.0,0.0,0.7007,-0.8286,0.0,1.0,0.5,1.0,0.0,0.0,0.0,-0.1307
-0.1294,-0.1294,-0.1288,0.1096,-0.1555,-0.7197,0.0708,-0.2339,0.1881,-0.6323,-0.571,-1.8125,-0.857,-1.277,0.0,-1.0,0.6235,0.702,-0.7476,0.0,2.404,0.9946,0.06287,0.1931,0.1863,-0.8213,-0.1869,1.338,-0.3535,-0.1306,-1.225,0.824,0.274,-0.1415,-0.11774,0.0,0.0,-0.1321,0.0,-0.2252,-0.464,0.0,0.0,0.0,0.0,1.725,1.0,0.0,0.0,0.0991,-0.1688,1.0,0.0,0.5,1.0,0.0,0.0,0.0,2.232
-0.128,-0.128,-0.1276,-0.324,0.2878,-0.1932,0.0708,-0.2703,0.6553,-0.4856,-0.5576,1.832,-0.7144,-1.287,0.0,-1.0,0.4626,0.537,-0.6665,0.0,2.406,0.2578,0.01066,0.15,0.6577,-0.8174,-0.05823,1.01,-0.3484,1.338,0.0872,0.1284,-0.2009,-0.1377,-0.1192,0.0,0.0,-0.132,0.0,-0.2046,0.11835,0.0,0.0,0.0,0.0,1.436,1.0,0.5,0.5,-0.2666,0.3145,2.0,0.0,0.5,1.0,0.0,0.0,0.0,1.816
-0.1276,-0.1276,-0.1271,-0.02126,-0.01697,-0.1932,0.594,-0.1818,0.3523,-0.5654,-0.5522,-0.2886,-0.5713,-1.297,0.0,-1.0,0.5557,0.619,-0.7144,0.0,2.408,0.2556,-0.0644,0.1025,0.3425,-0.814,0.2969,-0.588,-0.3533,1.01,-0.1306,-1.224,-0.5327,-0.1366,-0.121,0.0,0.0,-0.1321,0.0,-0.217,-0.0854,0.0,0.0,0.0,0.0,-0.693,1.0,0.5,0.0,-0.004982,-0.01122,0.0,1.0,0.5,1.0,0.0,0.0,0.0,-0.862
-0.1274,-0.1274,-0.127,0.0998,-0.1396,-0.1932,0.594,-0.2322,0.1969,-0.5947,-0.5386,-0.2216,-0.4285,-1.307,0.0,-1.0,0.5825,0.658,-0.734,0.0,2.412,0.0716,-0.1403,0.04858,0.1903,-0.808,-0.01294,-0.2402,-0.3857,-0.588,1.338,0.08716,0.7993,-0.1362,-0.1223,0.0,0.0,-0.1328,0.0,-0.222,0.1495,0.0,0.0,0.0,0.0,-0.24,0.0,0.0,0.0,0.10767,-0.1335,0.0,2.0,0.5,1.0,0.0,0.0,0.0,-0.3015
-0.1272,-0.1272,-0.1267,0.04156,-0.07965,-0.1932,0.594,-0.2296,0.2362,-0.5703,-0.527,0.2812,-0.2856,-1.316,0.0,-1.0,0.5566,0.63,-0.7227,0.0,2.414,-0.5415,-0.2251,-0.013336,0.2299,-0.803,0.2651,0.1418,-0.3994,-0.2402,1.01,-0.1306,-0.4875,-0.1333,-0.12335,0.0,0.0,-0.133,0.0,-0.2192,0.1168,0.0,0.0,0.0,0.0,0.1648,1.0,0.5,0.0,0.0492,-0.0784,1.0,0.0,0.5,1.0,0.0,0.0,0.0,0.2079
-0.1265,-0.1263,-0.126,-0.1217,0.08704,-0.1932,0.594,-0.2583,0.3804,-0.5107,-0.51,0.5933,-0.1428,-1.327,0.0,-1.0,0.4902,0.564,-0.6904,0.0,2.416,-0.642,-0.308,-0.0794,0.375,-0.795,-0.07904,0.3962,-0.4065,0.1418,-0.5874,1.338,0.824,-0.1298,-0.1244,0.0,0.0,-0.1332,0.0,-0.2112,0.281,0.0,0.0,0.0,0.0,0.514,1.0,0.5,0.5,-0.11237,0.0774,2.0,0.0,0.5,1.0,0.0,0.0,0.0,0.647
-0.1254,-0.1252,-0.1249,-0.2427,0.2115,-0.1932,0.594,-0.1843,0.4648,-0.4585,-0.4846,0.33,0.0,-1.337,0.0,-1.0,0.442,0.4983,-0.663,0.0,2.42,0.3884,-0.373,-0.1449,0.497,-0.7876,-0.0992,0.3374,-0.414,0.3962,-0.2402,1.01,0.1284,-0.1252,-0.125,0.0,0.0,-0.1333,0.0,-0.2042,0.545,0.0,0.0,0.0,0.0,0.2683,1.0,0.5,1.0,-0.2505,0.1737,3.0,0.0,0.5,1.0,0.0,0.0,0.0,0.3357
-0.1249,-0.12476,-0.12445,-0.02205,-0.01168,-0.1932,0.594,-0.2001,0.2152,-0.5146,-0.4705,-0.3293,0.1428,-1.347,0.0,-1.0,0.4998,0.563,-0.6973,0.0,2.422,-0.906,-0.422,-0.2119,0.2512,-0.7812,0.574,-0.4194,-0.4019,0.3374,0.1418,-0.5874,-1.224,-0.1241,-0.126,0.0,0.0,-0.1329,0.0,-0.2131,0.2073,0.0,0.0,0.0,0.0,-0.3801,1.0,0.5,0.5,-0.046,-0.04977,0.0,1.0,0.5,1.0,0.0,0.0,0.0,-0.473
-0.1248,-0.12476,-0.1244,0.1292,-0.1667,-0.1932,0.594,-0.2246,0.0159,-0.555,-0.455,-0.5186,0.2856,-1.347,0.0,-1.0,0.5405,0.612,-0.7227,0.0,2.424,-0.656,-0.446,-0.284,0.05807,-0.7744,0.627,-0.3098,-0.4001,-0.4194,0.3962,-0.2401,0.08716,-0.1254,-0.1267,0.0,0.0,-0.1329,0.0,-0.2196,0.269,0.0,0.0,0.0,0.0,-0.2129,1.0,0.0,0.5,0.07135,-0.2299,0.0,2.0,0.5,1.0,0.0,0.0,0.0,-0.2666
-0.1256,-0.1256,-0.1251,0.42,-0.4624,-0.1932,0.514,-0.306,-0.299,-0.6436,-0.4534,-2.492,0.2856,-1.347,-1.0,-1.0,0.6294,0.722,-0.775,0.0,2.428,-0.512,-0.4478,-0.3462,-0.2852,-0.77,0.767,-0.651,-0.4072,-0.3098,0.3374,0.1418,-0.1306,-0.1268,-0.1274,0.0,0.0,-0.1326,0.0,-0.2332,-0.1923,0.0,0.0,0.0,0.0,-0.575,0.0,0.0,0.0,0.3735,-0.4907,0.0,3.0,0.5,1.0,0.0,0.0,0.0,-0.7246
-0.126,-0.1259,-0.1255,0.2477,-0.2874,-0.1932,0.514,-0.2676,-0.1395,-0.5938,-0.4497,-0.808,0.1428,-1.347,-1.0,-1.0,0.5786,0.6606,-0.7485,0.0,2.43,-0.1536,-0.443,-0.4045,-0.126,-0.77,0.1545,0.329,-0.4094,-0.651,-0.4194,0.3962,1.338,-0.1272,-0.128,0.0,0.0,-0.1322,0.0,-0.2264,-0.1285,0.0,0.0,0.0,0.0,0.3665,0.0,0.0,0.0,0.1643,-0.3691,1.0,0.0,0.5,1.0,0.0,0.0,0.0,0.4666
-0.1273,-0.1273,-0.1268,0.62,-0.6665,-0.1932,0.514,-0.282,-0.572,-0.7095,-0.4417,14.88,0.1428,-1.347,-1.0,-1.0,0.7046,0.798,-0.817,0.0,2.432,-0.07666,-0.4258,-0.4514,-0.558,-0.767,-0.3564,-0.854,-0.4065,0.329,-0.3098,0.3374,1.01,-0.1294,-0.1288,0.0,0.0,-0.1323,0.0,-0.244,-0.006397,0.0,0.0,0.0,0.0,-0.778,-1.0,-0.5,0.0,0.5566,-0.6978,0.0,1.0,0.5,1.0,0.0,0.0,0.0,-0.9844
-0.127,-0.127,-0.1265,0.01481,-0.0561,-0.1932,0.514,-0.2742,-0.01322,-0.5283,-0.423,-1.198,0.2856,-1.356,0.0,-1.0,0.508,0.586,-0.717,0.0,2.434,0.808,-0.398,-0.4753,-0.00714,-0.758,-0.1495,1.2705,-0.4272,-0.854,-0.651,-0.4194,-0.5874,-0.13,-0.1289,0.0,0.0,-0.1312,0.0,-0.2185,0.3022,0.0,0.0,0.0,0.0,1.506,0.0,0.0,0.0,0.0462,-0.0311,1.0,0.0,-0.5,1.0,0.0,0.0,0.0,1.935
-0.126,-0.126,-0.1254,-0.1975,0.1545,-0.1932,0.514,-0.2703,0.1595,-0.452,-0.3992,2.002,0.4285,-1.366,0.0,-1.0,0.4272,0.4993,-0.676,0.0,2.438,-0.3047,-0.3694,-0.4773,0.176,-0.7466,-0.02875,0.509,-0.4138,1.2705,0.329,-0.3096,-0.2401,-0.1302,-0.129,0.0,0.0,-0.1302,0.0,-0.2081,0.4539,0.0,0.0,0.0,0.0,0.595,1.0,0.5,0.5,-0.1937,0.133,2.0,0.0,-0.5,1.0,0.0,0.0,0.0,0.7485
-0.1266,-0.1266,-0.126,0.3523,-0.4016,-0.1932,0.514,-0.246,-0.4067,-0.614,-0.397,-2.12,0.2856,-1.376,-1.0,-1.0,0.602,0.6816,-0.7705,0.0,2.44,0.891,-0.3623,-0.465,-0.423,-0.7417,-0.06396,-1.163,-0.4312,0.509,-0.854,-0.651,0.1418,-0.132,-0.1295,0.0,0.0,-0.1298,0.0,-0.2324,-0.215,0.0,0.0,0.0,0.0,-1.54,1.0,0.0,0.0,0.3333,-0.405,0.0,1.0,-0.5,1.0,0.0,0.0,0.0,-1.921
-0.127,-0.127,-0.1263,0.2487,-0.2976,-0.1932,0.514,-0.2532,-0.278,-0.582,-0.4023,-0.3413,0.1428,-1.386,-1.0,-1.0,0.5674,0.646,-0.7554,0.0,2.441,0.2703,-0.373,-0.4539,-0.3015,-0.747,-0.2954,0.1859,-0.4316,-1.163,1.2705,0.329,0.3962,-0.1328,-0.13,0.0,0.0,-0.1298,0.0,-0.2288,-0.4731,0.0,0.0,0.0,0.0,0.2318,1.0,0.0,0.0,0.2147,-0.3257,1.0,0.0,-0.5,1.0,0.0,0.0,0.0,0.2947
-0.1274,-0.1276,-0.127,0.327,-0.376,-0.1932,0.514,-0.2079,-0.3508,-0.605,-0.4038,0.6323,0.0,-1.396,-1.0,-1.0,0.596,0.668,-0.7715,0.0,2.445,0.7183,-0.3992,-0.4473,-0.3489,-0.756,-0.509,-0.1996,-0.4297,0.1859,0.509,-0.8535,0.3374,-0.1327,-0.1306,0.0,0.0,-0.1299,0.0,-0.233,-0.365,0.0,0.0,0.0,0.0,-0.3108,1.0,-0.5,0.0,0.286,-0.4055,0.0,1.0,-0.5,1.0,0.0,0.0,0.0,-0.394
-0.128,-0.1282,-0.1276,0.354,-0.402,-0.1932,0.514,-0.1671,-0.3796,-0.614,-0.4043,0.278,-0.1428,-1.406,-1.0,-1.0,0.6094,0.6743,-0.7793,0.0,2.447,0.5103,-0.4294,-0.442,-0.386,-0.7573,-0.3616,-0.1001,-0.4607,-0.1996,-1.163,1.2705,-0.4192,-0.1334,-0.1309,0.0,0.0,-0.1294,0.0,-0.2351,-0.3232,0.0,0.0,0.0,0.0,-0.1229,0.0,-0.5,0.0,0.3088,-0.4338,0.0,2.0,-0.5,1.0,0.0,0.0,0.0,-0.1562
-0.1287,-0.1287,-0.1282,0.3396,-0.3872,-0.1932,0.514,-0.1873,-0.3616,-0.6113,-0.4065,0.06757,-0.2856,-1.416,-1.0,-1.0,0.6045,0.673,-0.781,0.0,2.45,-0.7617,-0.4644,-0.441,-0.3787,-0.76,-0.2551,-0.01433,-0.491,-0.1001,0.1858,0.509,-0.3096,-0.1326,-0.1311,0.0,0.0,-0.1289,0.0,-0.2355,-0.3787,0.0,0.0,0.0,0.0,-0.01347,-1.0,-0.5,-0.5,0.2751,-0.4414,0.0,3.0,-0.5,1.0,0.0,0.0,0.0,-0.01717
-0.1284,-0.1285,-0.1279,0.06152,-0.106,-0.1932,0.514,-0.1506,-0.05685,-0.5244,-0.4077,-1.213,-0.2856,-1.416,0.0,-1.0,0.5146,0.5693,-0.734,0.0,2.451,-0.02385,-0.4949,-0.4482,-0.06976,-0.7646,0.03882,0.5874,-0.5435,-0.01433,-0.1995,-1.163,-0.651,-0.1329,-0.1306,0.0,0.0,-0.1278,0.0,-0.2236,-0.3125,0.0,0.0,0.0,0.0,0.802,0.0,0.0,-0.5,0.02621,-0.15,1.0,0.0,-0.5,1.0,0.0,0.0,0.0,1.021
-0.1277,-0.1277,-0.1271,-0.1494,0.10516,-0.1932,0.514,-0.2368,0.2008,-0.4497,-0.4075,4.992,-0.2856,-1.416,0.0,0.0,0.4277,0.4932,-0.694,0.0,2.455,-0.3953,-0.519,-0.4683,0.1787,-0.7656,-0.10065,0.4966,-0.538,0.5874,-0.1001,0.1858,0.3289,-0.1334,-0.1301,0.0,0.0,-0.1274,0.0,-0.2135,-0.259,0.0,0.0,0.0,0.0,0.4272,0.0,0.0,-0.5,-0.168,0.0631,2.0,0.0,-0.5,1.0,0.0,0.0,0.0,0.539
-0.1266,-0.1266,-0.126,-0.2261,0.1837,-0.4897,0.514,-0.2522,0.3093,-0.4114,-0.4011,0.5195,-0.2856,-1.416,0.0,0.0,0.3865,0.4521,-0.675,0.0,2.457,-0.569,-0.537,-0.4895,0.2908,-0.7646,0.3652,0.2393,-0.542,0.4966,-0.01433,-0.1995,-0.8535,-0.1311,-0.1294,0.0,0.0,-0.1274,0.0,-0.2086,-0.045,0.0,0.0,0.0,0.0,0.1636,1.0,0.5,0.0,-0.2446,0.1356,3.0,0.0,-0.5,1.0,0.0,0.0,0.0,0.2046
-0.1259,-0.1259,-0.1254,-0.111,0.0692,-0.4897,0.514,-0.1526,0.2041,-0.4333,-0.3936,-0.129,-0.2856,-1.416,0.0,0.0,0.4182,0.467,-0.6895,0.0,2.459,0.436,-0.548,-0.5117,0.1724,-0.7603,-0.1775,-0.1823,-0.5356,0.2393,0.5874,-0.10004,1.27,-0.1296,-0.1285,0.0,0.0,-0.1273,0.0,-0.2126,-0.0008616,0.0,0.0,0.0,0.0,-0.2793,1.0,0.0,0.0,-0.1619,-0.005043,0.0,1.0,-0.5,1.0,0.0,0.0,0.0,-0.3481
-0.12494,-0.12494,-0.1244,-0.185,0.1451,-0.4897,0.514,-0.168,0.2698,-0.397,-0.3782,0.3684,-0.1428,-1.406,0.0,0.0,0.3792,0.4282,-0.6714,0.0,2.463,-0.626,-0.5537,-0.5327,0.249,-0.7544,-0.419,0.225,-0.522,-0.1823,0.4966,-0.01432,0.509,-0.1272,-0.1278,0.0,0.0,-0.1267,0.0,-0.208,0.32,0.0,0.0,0.0,0.0,0.296,2.0,0.0,0.5,-0.2374,0.0635,1.0,0.0,-0.5,1.0,0.0,0.0,0.0,0.37
-0.12317,-0.1231,-0.1227,-0.4663,0.4343,-0.4897,0.514,-0.1852,0.571,-0.2883,-0.3591,1.001,0.0,-1.406,0.0,0.0,0.2666,0.311,-0.612,0.0,2.465,-0.1333,-0.556,-0.551,0.556,-0.746,0.1804,0.7285,-0.4746,0.225,0.2391,0.5874,-1.163,-0.12335,-0.1267,0.0,0.0,-0.1259,0.0,-0.193,0.429,0.0,0.0,0.0,0.0,0.7334,2.0,0.5,0.5,-0.5107,0.3398,2.0,0.0,-0.5,1.0,0.0,0.0,0.0,0.9136
-0.1217,-0.12164,-0.1212,-0.3552,0.321,-0.4897,0.514,-0.2212,0.4216,-0.3037,-0.3342,-0.0952,0.1428,-1.396,0.0,0.0,0.2788,0.331,-0.622,0.0,2.467,-0.578,-0.5454,-0.559,0.4392,-0.737,0.1869,-0.1245,-0.4453,0.7285,-0.1821,0.4963,0.1858,-0.1196,-0.1259,0.0,0.0,-0.1252,0.0,-0.1957,0.7666,1.0,0.0,0.0,0.0,-0.10754,1.0,0.0,0.5,-0.4634,0.1653,0.0,1.0,-0.5,1.0,0.0,0.0,0.0,-0.1323
-0.1216,-0.1216,-0.1211,0.1009,-0.1416,-0.4897,0.514,-0.2654,-0.05032,-0.4353,-0.3286,-0.8213,0.1428,-1.386,0.0,0.0,0.4104,0.4802,-0.6987,0.0,2.469,-0.1858,-0.5264,-0.5615,-0.04288,-0.733,0.3716,-0.929,-0.454,-0.1245,0.2249,0.2391,-0.1995,-0.1188,-0.1256,0.0,0.0,-0.1256,0.0,-0.2153,-0.0485,0.0,0.0,0.0,0.0,-0.814,0.0,0.0,0.0,-0.012436,-0.2673,0.0,2.0,-0.5,1.0,0.0,0.0,0.0,-1.004
-0.1219,-0.1219,-0.1214,0.248,-0.2905,-0.4897,0.514,-0.2373,-0.1884,-0.478,-0.3308,-2.193,0.0,-1.386,-1.0,-1.0,0.4578,0.5254,-0.7246,0.0,2.473,0.1259,-0.5166,-0.565,-0.1833,-0.736,0.468,-0.324,-0.456,-0.929,0.728,-0.1821,-0.10004,-0.1195,-0.12494,0.0,0.0,-0.1259,0.0,-0.2222,-0.3845,0.0,0.0,0.0,0.0,-0.4055,0.0,0.0,-0.5,0.08136,-0.463,0.0,3.0,-0.5,1.0,0.0,0.0,0.0,-0.508
-0.121,-0.121,-0.1205,-0.1707,0.1324,-0.4897,0.514,-0.3098,0.216,-0.3416,-0.3142,-5.91,0.1428,-1.376,0.0,0.0,0.3096,0.3806,-0.6494,0.0,2.475,0.00806,-0.5024,-0.5615,0.2349,-0.73,0.51,0.9346,-0.44,-0.324,-0.1245,0.2249,-0.01432,-0.1189,-0.12384,0.0,0.0,-0.1252,0.0,-0.203,0.4995,0.0,0.0,0.0,0.0,1.19,0.0,0.5,0.0,-0.2722,-0.001663,1.0,0.0,-0.5,1.0,0.0,0.0,0.0,1.499
-0.1197,-0.1197,-0.1192,-0.3103,0.275,-0.4897,0.5156,-0.3142,0.3489,-0.282,-0.296,0.5835,0.2856,-1.366,0.0,0.0,0.2487,0.3164,-0.6177,0.0,2.477,0.2969,-0.4734,-0.5493,0.3684,-0.72,0.2976,0.3904,-0.4224,0.9346,-0.9287,0.728,0.587,-0.11725,-0.12256,0.0,0.0,-0.1239,0.0,-0.195,0.5615,0.0,0.0,0.0,0.0,0.608,0.0,0.5,0.0,-0.394,0.1492,2.0,0.0,-0.5,1.0,0.0,0.0,0.0,0.754
-0.1188,-0.11884,-0.1182,-0.1661,0.1262,-0.4897,0.5156,-0.4175,0.1727,-0.3137,-0.278,-0.2734,0.4285,-1.356,0.0,0.0,0.2715,0.3606,-0.637,0.0,2.48,-0.5757,-0.4297,-0.5273,0.1705,-0.7065,0.1193,-0.2355,-0.4126,0.3904,-0.324,-0.1245,0.4963,-0.11646,-0.12195,0.0,0.0,-0.123,0.0,-0.2001,0.539,0.0,0.0,0.0,0.0,-0.2593,0.0,0.0,0.0,-0.2505,0.01116,0.0,1.0,-1.0,1.0,0.0,0.0,0.0,-0.3196
-0.11847,-0.1186,-0.1179,0.0322,-0.0781,-0.4897,0.5156,-0.4724,-0.068,-0.3682,-0.2632,-0.774,0.5713,-1.347,0.0,0.0,0.3223,0.4253,-0.669,0.0,2.482,-0.2688,-0.3904,-0.5044,-0.06012,-0.6997,0.03305,-0.3894,-0.4517,-0.2355,0.9346,-0.9287,0.2391,-0.1178,-0.12195,0.0,0.0,-0.12177,0.0,-0.2083,0.3904,0.0,0.0,0.0,0.0,-0.318,0.0,-0.5,0.0,-0.0429,-0.1677,0.0,2.0,-1.0,1.0,0.0,0.0,0.0,-0.3936
-0.1187,-0.11884,-0.1181,0.2079,-0.259,-0.4897,0.5156,-0.3884,-0.2883,-0.4202,-0.2515,-4.98,0.5713,-1.337,-1.0,0.0,0.3835,0.4749,-0.6997,0.0,2.484,0.06094,-0.3574,-0.478,-0.2815,-0.693,0.1301,-0.378,-0.453,-0.3894,0.3904,-0.3237,-0.1821,-0.11957,-0.1219,0.0,0.0,-0.1216,0.0,-0.2163,0.226,0.0,0.0,0.0,0.0,-0.3547,0.0,-0.5,0.0,0.11334,-0.356,0.0,3.0,-1.0,1.0,0.0,0.0,0.0,-0.4417
-0.11847,-0.1186,-0.1178,0.04495,-0.0957,-0.7266,0.5156,-0.3945,-0.1436,-0.3674,-0.2424,-0.774,0.4285,-1.327,-1.0,0.0,0.3284,0.417,-0.6714,0.0,2.488,-0.004364,-0.3335,-0.4492,-0.152,-0.686,0.00863,0.3523,-0.4521,-0.378,-0.2355,0.934,0.2249,-0.11896,-0.1215,0.0,0.0,-0.1216,0.0,-0.2091,0.1547,0.0,0.0,0.0,0.0,0.4502,0.0,-0.5,0.0,-0.04636,-0.2019,1.0,0.0,-1.0,1.0,0.0,0.0,0.0,0.564
-0.11755,-0.11774,-0.11694,-0.1665,0.11884,-0.7266,0.5156,-0.3765,0.0759,-0.2922,-0.2333,-8.32,0.4285,-1.316,0.0,0.0,0.2534,0.3335,-0.6304,0.0,2.49,-0.0537,-0.3218,-0.4224,0.0676,-0.682,-0.3652,0.5044,-0.4595,0.3523,-0.3894,0.3904,0.728,-0.1167,-0.12103,0.0,0.0,-0.1204,0.0,-0.1987,0.1593,0.0,0.0,0.0,0.0,0.7637,0.0,-0.5,0.0,-0.2317,0.02467,2.0,0.0,-1.0,1.0,0.0,0.0,0.0,0.951
-0.1173,-0.11743,-0.11664,0.03293,-0.08325,-0.7266,0.5156,-0.3623,-0.1215,-0.3472,-0.2301,-0.99,0.2856,-1.307,-1.0,0.0,0.3105,0.3918,-0.662,0.0,2.492,-0.7593,-0.3257,-0.4016,-0.1239,-0.6816,-0.312,-0.389,-0.4734,0.5044,-0.378,-0.2355,-0.12445,-0.117,-0.12085,0.0,0.0,-0.1196,0.0,-0.207,-0.0806,0.0,0.0,0.0,0.0,-0.439,0.0,-0.5,-0.5,-0.03333,-0.1631,0.0,1.0,-1.0,1.0,0.0,0.0,0.0,-0.5425
-0.11786,-0.118,-0.1172,0.3286,-0.382,-0.7266,0.5156,-0.3901,-0.4263,-0.4375,-0.2305,14.88,0.1428,-1.297,-1.0,0.0,0.4014,0.4944,-0.7144,0.0,2.494,-0.06757,-0.338,-0.3884,-0.4387,-0.681,0.1445,-0.643,-0.498,-0.389,0.352,-0.3892,-0.9287,-0.11926,-0.12115,0.0,0.0,-0.11914,0.0,-0.2206,-0.2432,0.0,0.0,0.0,0.0,-0.5317,0.0,-0.5,-0.5,0.2668,-0.434,0.0,2.0,-1.0,1.0,0.0,0.0,0.0,-0.6606
-0.1185,-0.11865,-0.1179,0.3735,-0.4265,-0.7266,0.5156,-0.4116,-0.4717,-0.4548,-0.234,0.303,0.0,-1.297,-1.0,-1.0,0.4177,0.516,-0.726,0.0,2.498,-0.903,-0.3577,-0.381,-0.502,-0.6816,0.2998,-0.1414,-0.5283,-0.643,0.504,-0.378,-0.3237,-0.1214,-0.1213,0.0,0.0,-0.1187,0.0,-0.2235,-0.3708,0.0,0.0,0.0,0.0,-0.0981,0.0,-0.5,-1.0,0.2776,-0.512,0.0,3.0,-1.0,1.0,0.0,0.0,0.0,-0.1232
-0.1191,-0.1192,-0.1184,0.3188,-0.3718,-0.7266,0.5156,-0.4695,-0.391,-0.4421,-0.244,-0.1046,-0.1428,-1.287,-1.0,0.0,0.3992,0.5073,-0.72,0.0,2.5,-0.732,-0.382,-0.3823,-0.4392,-0.687,-0.1754,0.0708,-0.5674,-0.1414,-0.389,0.352,0.934,-0.12256,-0.1213,0.0,0.0,-0.1182,0.0,-0.2222,-0.652,0.0,0.0,0.0,0.0,0.05954,0.0,-0.5,-1.0,0.2239,-0.4607,1.0,0.0,-1.0,1.0,0.0,0.0,0.0,0.075
-0.12,-0.12006,-0.1193,0.4468,-0.5005,-0.7266,0.5156,-0.4373,-0.4963,-0.4856,-0.2554,0.5615,-0.2856,-1.287,-1.0,-1.0,0.4475,0.5527,-0.7466,0.0,2.502,-0.288,-0.406,-0.3936,-0.5566,-0.694,-0.4211,-0.3254,-0.5596,0.0708,-0.643,0.504,0.3901,-0.12366,-0.12115,0.0,0.0,-0.1183,0.0,-0.2289,-0.7085,0.0,0.0,0.0,0.0,-0.2751,-1.0,-1.0,-1.0,0.3115,-0.6235,0.0,1.0,-1.0,1.0,0.0,0.0,0.0,-0.3462
-0.121,-0.12103,-0.12036,0.4749,-0.528,-0.7266,0.5156,-0.4526,-0.5337,-0.5,-0.2585,0.2502,-0.4285,-1.287,-1.0,-1.0,0.4617,0.571,-0.757,0.0,2.506,-0.209,-0.4324,-0.4119,-0.586,-0.699,-0.3801,-0.128,-0.5337,-0.3254,-0.1412,-0.3887,-0.2354,-0.1257,-0.12115,0.0,0.0,-0.11884,0.0,-0.2316,-0.4463,0.0,0.0,0.0,0.0,-0.1247,-1.0,-1.0,-1.0,0.3271,-0.662,0.0,2.0,-1.0,1.0,0.0,0.0,0.0,-0.1578
-0.1217,-0.12177,-0.1211,0.3918,-0.443,-0.7266,0.5156,-0.4897,-0.4688,-0.4802,-0.258,-0.02704,-0.4285,-1.287,-1.0,-1.0,0.4375,0.5522,-0.7476,0.0,2.508,-0.2495,-0.4736,-0.435,-0.523,-0.7007,-0.2544,0.1141,-0.516,-0.128,0.0708,-0.6426,-0.3892,-0.1284,-0.1208,0.0,0.0,-0.11945,0.0,-0.2294,-0.2637,0.0,0.0,0.0,0.0,0.0863,0.0,-0.5,-0.5,0.2059,-0.6255,1.0,0.0,-1.0,1.0,0.0,0.0,0.0,0.1094
-0.12305,-0.1231,-0.1225,0.6177,-0.67,-0.7266,0.5156,-0.501,-0.6772,-0.5557,-0.271,0.7896,-0.5713,-1.287,-1.0,-1.0,0.5166,0.639,-0.792,0.0,2.51,0.09,-0.5083,-0.4597,-0.7373,-0.7095,-0.11,-0.5547,-0.4746,0.1141,-0.3254,-0.1412,-0.3777,-0.1315,-0.1212,0.0,0.0,-0.1203,0.0,-0.2408,-0.991,0.0,0.0,0.0,0.0,-0.5312,0.0,-0.5,-1.0,0.4253,-0.842,0.0,1.0,-1.0,-1.0,0.0,0.0,0.0,-0.672
-0.1233,-0.12335,-0.1227,0.2211,-0.2703,-0.7266,0.5156,-0.5093,-0.2491,-0.4407,-0.281,-0.6924,-0.7144,-1.277,-1.0,0.0,0.394,0.5093,-0.7295,0.0,2.512,-0.06335,-0.5146,-0.483,-0.3208,-0.717,-0.348,0.79,-0.4705,-0.5547,-0.128,0.0708,0.352,-0.1318,-0.1215,0.0,0.0,-0.1208,0.0,-0.2249,-0.756,0.0,0.0,0.0,0.0,0.8955,0.0,-0.5,-1.0,0.08264,-0.4138,1.0,0.0,-1.0,-1.0,0.0,0.0,0.0,1.144
-0.12225,-0.1223,-0.12164,-0.2253,0.1819,-0.481,0.5156,-0.479,0.2473,-0.2944,-0.2808,-3.922,-0.7144,-1.268,0.0,0.0,0.2466,0.3457,-0.6484,0.0,2.516,0.02646,-0.4946,-0.4995,0.1857,-0.7207,-0.6436,1.007,-0.4863,0.79,0.114,-0.3252,0.504,-0.13,-0.12085,0.0,0.0,-0.1211,0.0,-0.2042,-0.1923,0.0,0.0,0.0,0.0,1.303,1.0,-0.5,-0.5,-0.3052,0.06726,2.0,0.0,-1.0,-1.0,0.0,0.0,0.0,1.642
-0.12,-0.12006,-0.1195,-0.613,0.5796,0.03485,0.5156,-0.4644,0.694,-0.1498,-0.2688,1.493,-0.7144,-1.258,0.0,0.0,0.104,0.1904,-0.568,0.0,2.518,0.1503,-0.4883,-0.513,0.6064,-0.71,-0.4536,0.9897,-0.45,1.007,-0.5547,-0.1279,-0.3887,-0.1265,-0.1198,0.0,0.0,-0.1206,0.0,-0.1837,0.304,0.0,0.0,0.0,0.0,1.995,2.0,0.0,0.0,-0.6406,0.4915,3.0,0.0,-1.0,-1.0,0.0,0.0,0.0,2.475
-0.11804,-0.11804,-0.11755,-0.5225,0.4905,0.03485,0.5156,-0.544,0.6157,-0.1558,-0.254,0.0373,-0.5713,-1.247,0.0,0.0,0.1027,0.2043,-0.571,0.0,2.52,-0.883,-0.4854,-0.5254,0.566,-0.7065,-0.06323,-0.04114,-0.4084,0.9897,0.7896,0.114,-0.6426,-0.1223,-0.11865,0.0,0.0,-0.11957,0.0,-0.1847,0.4543,0.0,0.0,0.0,0.0,-0.02252,1.0,0.0,0.0,-0.5737,0.3843,0.0,1.0,-1.0,-1.0,0.0,0.0,0.0,-0.02748
-0.1162,-0.11615,-0.1158,-0.476,0.446,0.03485,0.6206,-0.5464,0.5903,-0.1495,-0.2418,0.1051,-0.4285,-1.237,0.0,0.0,0.0964,0.1981,-0.568,0.0,2.523,-0.0527,-0.4895,-0.5435,0.535,-0.6978,0.0992,0.04117,-0.378,-0.04114,1.006,-0.5547,-0.1412,-0.11786,-0.1175,0.0,0.0,-0.1182,0.0,-0.184,0.365,0.0,0.0,0.0,0.0,0.04556,2.0,0.5,0.0,-0.555,0.3125,1.0,0.0,-1.0,-1.0,0.0,0.0,0.0,0.0556
-0.11426,-0.1142,-0.11383,-0.517,0.4893,0.03485,0.6206,-0.592,0.6714,-0.11536,-0.2329,0.2686,-0.4285,-1.228,0.0,0.0,0.05914,0.1669,-0.5483,0.0,2.525,-0.5176,-0.4978,-0.5596,0.6226,-0.6934,0.1632,0.2332,-0.3381,0.04117,0.9897,0.7896,0.0708,-0.1132,-0.1162,0.0,0.0,-0.11743,0.0,-0.1791,0.2795,0.0,0.0,0.0,0.0,0.1908,2.0,0.5,0.0,-0.603,0.345,2.0,0.0,-1.0,-1.0,0.0,0.0,0.0,0.2327
-0.1124,-0.11237,-0.11206,-0.4648,0.439,0.03485,0.6206,-0.591,0.634,-0.11206,-0.2201,0.09045,-0.2856,-1.218,0.0,0.0,0.056,0.1633,-0.546,0.0,2.527,-0.536,-0.5,-0.566,0.5796,-0.6836,0.437,0.02731,-0.3071,0.2332,-0.04114,1.006,-0.3252,-0.1074,-0.1152,0.0,0.0,-0.1168,0.0,-0.1786,0.4956,0.0,0.0,0.0,0.0,0.02797,2.0,1.0,0.5,-0.5874,0.2593,3.0,0.0,-1.0,-1.0,0.0,0.0,0.0,0.03397
-0.1111,-0.11096,-0.11066,-0.3179,0.291,0.03485,0.6206,-0.5957,0.464,-0.1432,-0.2032,-0.10547,-0.1428,-1.208,0.0,0.0,0.0858,0.1962,-0.563,0.0,2.531,-0.2198,-0.4902,-0.5596,0.4226,-0.6743,0.6284,-0.2048,-0.2847,0.02731,0.04117,0.9893,-0.1279,-0.1035,-0.11444,0.0,0.0,-0.1162,0.0,-0.183,0.7656,1.0,0.0,0.0,0.0,-0.1796,1.0,1.0,0.5,-0.4468,0.1157,0.0,1.0,-1.0,-1.0,0.0,0.0,0.0,-0.218
-0.1082,-0.108,-0.1079,-0.8013,0.7876,0.03485,0.6206,-0.4912,0.9688,0.04126,-0.1732,1.1,0.0,-1.198,0.0,0.0,-0.08124,-0.002554,-0.4595,0.0,2.533,0.568,-0.4429,-0.534,0.9194,-0.6543,0.693,1.247,-0.2006,-0.2048,0.233,-0.04114,0.114,-0.0991,-0.1133,0.0,0.0,-0.11444,0.0,-0.1566,1.139,1.0,0.0,0.0,0.0,1.856,2.0,1.0,1.0,-0.8438,0.669,1.0,0.0,-1.0,-1.0,0.0,0.0,0.0,2.262
-0.1064,-0.1062,-0.10614,-0.4495,0.4333,0.03485,0.6206,-0.4495,0.57,-0.05017,-0.149,-0.2607,0.1428,-1.188,0.0,0.0,0.009026,0.08606,-0.5107,0.0,2.535,-0.4697,-0.365,-0.4917,0.5015,-0.635,1.155,-0.604,-0.1688,1.247,0.02731,0.04117,-0.5547,-0.0978,-0.11224,0.0,0.0,-0.1129,0.0,-0.1699,0.7773,1.0,0.0,0.0,0.0,-1.027,1.0,1.0,0.5,-0.499,0.3342,0.0,1.0,-1.0,-1.0,0.0,0.0,0.0,-1.227
-0.105,-0.1048,-0.1047,-0.323,0.3035,0.03485,0.6206,-0.4763,0.3918,-0.076,-0.1247,-0.1422,0.2856,-1.178,0.0,0.0,0.0314,0.1151,-0.5244,0.0,2.537,-0.6865,-0.2766,-0.4397,0.3179,-0.617,0.9375,-0.1627,-0.1456,-0.604,-0.2047,0.233,0.7896,-0.0967,-0.11145,0.0,0.0,-0.1117,0.0,-0.1736,0.856,1.0,0.0,0.0,0.0,-0.3325,0.0,0.5,0.5,-0.3777,0.2086,0.0,2.0,-1.0,-1.0,0.0,0.0,0.0,-0.4011
-0.1037,-0.1035,-0.10333,-0.2917,0.2686,0.03485,0.6206,-0.5063,0.304,-0.07324,-0.09894,-0.04675,0.4285,-1.168,0.0,0.0,0.02611,0.1152,-0.522,0.0,2.541,-0.5957,-0.1896,-0.3828,0.239,-0.6016,0.556,0.02719,-0.1233,-0.1627,1.246,0.02731,1.006,-0.0956,-0.11096,0.0,0.0,-0.1108,0.0,-0.1732,0.929,1.0,0.0,0.0,0.0,0.03345,0.0,0.5,1.0,-0.3516,0.1705,1.0,0.0,-1.0,-1.0,0.0,0.0,0.0,0.04044
-0.1017,-0.10156,-0.10126,-0.5264,0.5034,0.03485,0.6206,-0.514,0.501,0.01959,-0.06915,0.658,0.5713,-1.158,0.0,0.0,-0.0629,0.02144,-0.4685,0.0,2.543,-0.2245,-0.107,-0.3232,0.4653,-0.5864,0.1257,0.6387,-0.08276,0.02719,-0.604,-0.2047,0.9893,-0.09375,-0.1101,0.0,0.0,-0.1092,0.0,-0.1595,1.026,1.0,0.0,0.0,0.0,0.7827,1.0,0.5,1.0,-0.566,0.4092,2.0,0.0,-1.0,-1.0,0.0,0.0,0.0,0.946
-0.0994,-0.0994,-0.09894,-0.593,0.5645,0.03485,0.6206,-0.515,0.499,0.0615,-0.03152,0.1392,0.7144,-1.148,0.0,0.0,-0.1023,-0.0205,-0.4436,0.0,2.545,0.05756,-0.02235,-0.253,0.477,-0.563,0.2098,0.296,-0.0511,0.6387,-0.1627,1.246,-0.0411,-0.0913,-0.1087,0.0,0.0,-0.10693,0.0,-0.1533,1.37,1.0,0.0,0.0,0.0,0.5635,1.0,1.0,1.5,-0.6494,0.4463,3.0,0.0,-1.0,-1.0,0.0,0.0,0.0,0.674
-0.09454,-0.0944,-0.0942,-1.397,1.388,0.1857,0.8296,-0.4038,1.352,0.3784,0.01848,1.667,0.857,-1.139,0.0,0.0,-0.378,-0.3367,-0.2637,0.0,2.549,2.127,0.1115,-0.141,1.212,-0.5107,0.2688,2.113,0.08734,0.296,0.02719,-0.6035,0.04114,-0.0843,-0.10614,0.0,0.0,-0.1031,0.0,-0.10767,1.478,1.0,0.0,0.0,0.0,7.266,2.0,1.0,1.5,-1.352,1.318,4.0,0.0,-0.5,-1.0,0.0,0.0,0.0,5.766
-0.0903,-0.0901,-0.09,-1.21,1.203,0.1857,0.8296,-0.4028,1.142,0.3599,0.05838,-0.014534,0.857,-1.129,0.0,0.0,-0.3618,-0.3196,-0.2715,0.0,2.55,-0.0783,0.2266,-0.0318,1.016,-0.4846,0.3386,-0.09045,0.1779,2.113,0.6387,-0.1626,0.233,-0.0799,-0.10406,0.0,0.0,-0.09937,0.0,-0.1098,1.365,1.0,0.0,0.0,0.0,-0.11816,2.0,0.5,1.0,-1.223,1.085,0.0,1.0,-0.5,-1.0,0.0,0.0,0.0,-0.1357
-0.08527,-0.08496,-0.08514,-1.415,1.42,0.1857,0.8296,-0.4016,1.397,0.4846,0.0981,0.367,0.857,-1.119,0.0,0.0,-0.4692,-0.4348,-0.1998,0.0,2.553,0.2986,0.3516,0.08264,1.227,-0.4504,0.4988,0.8154,0.2756,-0.09045,0.2957,0.02718,0.0273,-0.07263,-0.10175,0.0,0.0,-0.09485,0.0,-0.0917,1.353,1.0,0.0,0.0,0.0,1.448,2.0,0.5,1.0,-1.382,1.336,1.0,0.0,-0.5,-1.0,0.0,0.0,0.0,1.667
-0.07947,-0.07886,-0.0796,-1.631,1.66,0.1857,0.8296,-0.2075,1.674,0.626,0.1462,0.3428,0.857,-1.109,0.0,0.0,-0.5703,-0.58,-0.1179,0.0,2.555,1.524,0.4658,0.1946,1.517,-0.4204,0.825,0.9194,0.3882,0.8154,2.113,0.638,-0.2047,-0.06305,-0.0989,0.0,0.0,-0.08954,0.0,-0.0709,1.471,1.0,0.0,0.0,0.0,2.205,2.0,1.0,1.5,-1.384,1.611,2.0,0.0,-0.5,-1.0,0.0,0.0,0.0,2.504
-0.0733,-0.07245,-0.07355,-1.631,1.765,0.1857,0.8296,-0.169,1.791,0.7256,0.2001,0.2152,0.857,-1.099,0.0,0.0,-0.6484,-0.6714,-0.0587,0.0,2.559,0.4712,0.592,0.316,1.606,-0.3782,0.4521,0.654,0.5,0.9194,-0.09045,0.2957,1.246,-0.05222,-0.09546,0.0,0.0,-0.0838,0.0,-0.05606,1.478,1.0,0.0,0.0,0.0,1.766,2.0,1.0,1.5,-1.384,1.73,3.0,0.0,-0.5,-1.0,0.0,0.0,0.0,1.975
-0.0694,-0.06854,-0.06976,-1.029,1.065,0.1857,0.597,-0.03775,0.9946,0.522,0.2395,-0.3154,0.857,-1.089,0.0,0.0,-0.4683,-0.5034,-0.1703,0.0,2.56,0.306,0.696,0.426,0.815,-0.3489,1.028,-1.219,0.467,0.654,0.815,2.113,-0.6035,-0.0452,-0.0925,0.0,0.0,-0.0787,0.0,-0.08496,0.95,1.0,0.0,0.0,0.0,-3.38,1.0,1.0,1.0,-0.9087,1.106,0.0,1.0,-0.5,-1.0,0.0,0.0,0.0,-3.738
-0.06573,-0.0648,-0.0661,-0.9785,1.016,0.1857,0.597,-0.009384,0.9087,0.5405,0.2798,0.0581,0.857,-1.079,0.0,0.0,-0.4814,-0.523,-0.1566,0.0,2.562,-0.2267,0.7637,0.5146,0.7886,-0.3306,1.33,0.1523,0.445,-1.219,0.919,-0.0904,-0.1626,-0.03848,-0.08966,0.0,0.0,-0.0739,0.0,-0.08167,0.967,1.0,0.0,0.0,0.0,0.2167,2.0,1.5,1.0,-0.865,1.053,1.0,0.0,-0.5,-1.0,0.0,0.0,0.0,0.2446
-0.0613,-0.0604,-0.06168,-1.1875,1.228,0.1857,0.597,-9.2e-05,1.095,0.656,0.3293,0.3428,0.857,-1.069,0.0,0.0,-0.5767,-0.6265,-0.0883,0.0,2.566,-0.3765,0.7983,0.5835,1.063,-0.312,1.548,0.76,0.474,0.1523,0.654,0.815,0.02718,-0.03436,-0.0867,0.0,0.0,-0.0693,0.0,-0.0643,1.127,1.0,0.0,0.0,0.0,0.9585,2.0,1.5,1.5,-1.085,1.235,2.0,0.0,-0.5,-1.0,0.0,0.0,0.0,1.079
-0.0574,-0.05655,-0.0577,-1.033,1.068,0.1857,0.597,-0.1045,0.9116,0.639,0.3662,-0.02338,0.857,-1.06,0.0,0.0,-0.5723,-0.602,-0.094,0.0,2.568,-0.7627,0.8174,0.644,0.914,-0.2908,1.483,-0.06256,0.5083,0.76,-1.219,0.919,0.638,-0.0302,-0.08356,0.0,0.0,-0.06537,0.0,-0.0659,0.964,1.0,0.0,0.0,0.0,-0.08,1.0,1.0,1.0,-0.967,1.05,0.0,1.0,-0.5,-1.0,0.0,0.0,0.0,-0.089
-0.05432,-0.05353,-0.0546,-0.782,0.8105,0.1857,0.597,-0.0669,0.588,0.581,0.4062,-0.2025,0.857,-1.05,0.0,0.0,-0.5205,-0.5537,-0.1236,0.0,2.57,-0.4712,0.822,0.6924,0.628,-0.2686,1.562,-0.3254,0.5073,-0.06256,0.1523,0.654,0.2957,-0.02841,-0.08026,0.0,0.0,-0.0616,0.0,-0.07367,1.063,1.0,0.0,0.0,0.0,-0.447,0.0,0.5,1.0,-0.72,0.8066,0.0,2.0,-0.5,-1.0,0.0,0.0,0.0,-0.4976
-0.0522,-0.05154,-0.05234,-0.5005,0.5176,0.1857,0.597,-0.02313,0.2161,0.5034,0.4434,-0.4373,0.857,-1.04,0.0,0.0,-0.4512,-0.488,-0.1646,0.0,2.572,-0.4639,0.8154,0.735,0.2512,-0.2407,0.6284,-0.4531,0.4758,-0.3254,0.76,-1.219,2.113,-0.02951,-0.07715,0.0,0.0,-0.0583,0.0,-0.0843,0.9385,1.0,0.0,0.0,0.0,-0.5815,0.0,0.0,1.0,-0.429,0.546,0.0,3.0,-0.5,-1.0,0.0,0.0,0.0,-0.651
-0.05014,-0.04968,-0.05008,-0.482,0.486,0.1857,0.597,-0.01697,0.11475,0.512,0.4812,-0.1926,0.857,-1.029,0.0,0.0,-0.4583,-0.4966,-0.1566,0.0,2.576,-0.5503,0.7817,0.7617,0.1898,-0.2212,0.741,0.0888,0.4397,-0.4531,-0.0625,0.1523,-0.0904,-0.0318,-0.07404,0.0,0.0,-0.05502,0.0,-0.0824,0.9473,1.0,0.0,0.0,0.0,0.1188,0.0,0.5,1.0,-0.433,0.4915,1.0,0.0,-0.5,-1.0,0.0,0.0,0.0,0.1339
-0.04825,-0.04797,-0.04797,-0.4387,0.429,0.1857,0.597,-0.02237,0.003342,0.5107,0.5127,-0.3887,0.857,-1.02,0.0,0.0,-0.4575,-0.4949,-0.1543,0.0,2.578,-0.3464,0.7124,0.7734,0.1096,-0.2039,0.3608,0.02533,0.3887,0.0888,-0.3254,0.76,0.815,-0.03143,-0.07074,0.0,0.0,-0.0518,0.0,-0.082,0.863,1.0,0.0,0.0,0.0,0.0318,0.0,0.5,1.0,-0.4001,0.4263,2.0,0.0,-0.5,-1.0,0.0,0.0,0.0,0.0358
-0.04633,-0.0464,-0.04578,-0.4465,0.418,0.1857,0.597,-0.05838,-0.05212,0.5273,0.5444,-0.3706,0.857,-1.01,0.0,0.0,-0.4746,-0.5063,-0.143,0.0,2.58,-0.3826,0.6255,0.7734,0.04727,-0.1805,-0.1279,0.1266,0.3105,0.02533,-0.4531,-0.0625,0.919,-0.03111,-0.0673,0.0,0.0,-0.0483,0.0,-0.0792,0.8384,1.0,0.0,0.0,0.0,0.1606,1.0,0.5,1.0,-0.4976,0.3176,3.0,0.0,-0.5,-1.0,0.0,0.0,0.0,0.1809
-0.04404,-0.0442,-0.04337,-0.573,0.539,0.1857,0.597,-0.3064,0.0907,0.589,0.5586,2.63,0.857,-1.0,0.0,0.0,-0.5483,-0.5376,-0.10535,0.0,2.584,-0.6094,0.5806,0.7695,0.1169,-0.1553,-0.5176,0.417,0.2815,0.1266,0.08875,-0.3254,0.6533,-0.03152,-0.0638,0.0,0.0,-0.04535,0.0,-0.0697,0.5093,0.0,0.0,0.0,0.0,0.4348,2.0,0.5,1.0,-0.597,0.4585,4.0,0.0,-0.5,-1.0,0.0,0.0,0.0,0.4885
-0.04257,-0.04282,-0.0418,-0.3184,0.2744,0.1857,0.597,-0.3105,-0.1752,0.513,0.569,-1.274,0.7144,-0.99,-1.0,0.0,-0.4854,-0.4692,-0.1453,0.0,2.586,-0.297,0.511,0.7495,-0.1384,-0.1476,0.1575,-0.4392,0.1958,0.417,0.02533,-0.453,-1.219,-0.0327,-0.06018,0.0,0.0,-0.04233,0.0,-0.0801,0.3506,0.0,0.0,0.0,0.0,-0.5596,2.0,0.5,1.0,-0.3733,0.1797,0.0,1.0,-0.5,-1.0,0.0,0.0,0.0,-0.624
-0.04053,-0.0408,-0.03973,-0.494,0.4504,0.1857,0.597,-0.3367,0.03317,0.5884,0.5757,-3.66,0.7144,-0.98,0.0,0.0,-0.551,-0.534,-0.0997,0.0,2.588,0.1316,0.4363,0.712,0.0655,-0.1398,0.087,0.5054,0.08185,-0.4392,0.1266,0.08875,0.1523,-0.03217,-0.0567,0.0,0.0,-0.03882,0.0,-0.06854,0.2678,0.0,0.0,0.0,0.0,0.7563,2.0,0.5,1.0,-0.559,0.331,1.0,0.0,-0.5,-1.0,0.0,0.0,0.0,0.85
-0.03925,-0.03955,-0.03842,-0.266,0.2184,0.1857,0.597,-0.4875,-0.1517,0.521,0.5703,-1.225,0.5713,-0.97,-1.0,0.0,-0.508,-0.4597,-0.135,0.0,2.592,-0.3333,0.3513,0.655,-0.1531,-0.1343,-0.3083,-0.3884,-0.0824,0.5054,0.4167,0.02531,0.7593,-0.03146,-0.05386,0.0,0.0,-0.03558,0.0,-0.0777,-0.2129,0.0,0.0,0.0,0.0,-0.272,1.0,0.0,0.5,-0.3586,0.0866,0.0,1.0,-0.5,-1.0,0.0,0.0,0.0,-0.3032
-0.03708,-0.0374,-0.03625,-0.527,0.482,0.1857,0.597,-0.496,0.1935,0.6265,0.564,-10.195,0.5713,-0.9604,0.0,0.0,-0.5967,-0.5527,-0.0723,0.0,2.594,0.5767,0.279,0.5723,0.1835,-0.1343,-0.302,0.694,-0.233,-0.3884,-0.439,0.1266,-0.0625,-0.02948,-0.05112,0.0,0.0,-0.03232,0.0,-0.06183,-0.1974,0.0,0.0,0.0,0.0,1.12,1.0,0.5,0.5,-0.6323,0.3164,1.0,0.0,-0.5,-1.0,0.0,0.0,0.0,1.257
-0.03387,-0.03412,-0.0331,-0.833,0.7964,0.1857,0.597,-0.5737,0.5557,0.76,0.5786,1.431,0.5713,-0.9507,0.0,0.0,-0.7124,-0.662,0.007343,0.0,2.596,-0.61,0.2163,0.4775,0.5547,-0.1237,-0.1013,0.873,-0.3867,0.694,0.5054,0.4167,-0.3254,-0.0257,-0.0479,0.0,0.0,-0.02856,0.0,-0.04156,0.6934,0.0,0.0,0.0,0.0,1.124,1.0,1.0,1.0,-0.885,0.6655,2.0,0.0,-0.5,-1.0,0.0,0.0,0.0,1.246
-0.02986,-0.03,-0.0292,-1.059,1.032,-0.1724,0.597,-0.605,0.844,0.877,0.5996,0.6147,0.5713,-0.9404,0.0,0.0,-0.8086,-0.759,0.07794,0.0,2.598,-0.7344,0.1592,0.4084,0.818,-0.10236,0.2401,0.762,-0.3252,0.873,-0.3884,-0.439,-0.453,-0.02051,-0.04434,0.0,0.0,-0.02574,0.0,-0.02371,0.8433,1.0,0.0,0.0,0.0,1.468,2.0,1.5,1.0,-1.1,0.895,3.0,0.0,-0.5,-1.0,1.0,0.0,2.262,1.604
-0.02649,-0.02658,-0.02588,-0.865,0.8403,-0.1724,0.597,-0.6357,0.693,0.84,0.6113,-0.03001,0.5713,-0.9307,0.0,0.0,-0.7817,-0.7246,0.06085,0.0,2.602,-0.4211,0.09875,0.336,0.656,-0.08905,0.3428,-0.182,-0.3174,0.762,0.694,0.5054,0.08875,-0.01662,-0.04095,0.0,0.0,-0.02298,0.0,-0.02832,0.552,0.0,0.0,0.0,0.0,-0.3308,1.0,1.0,0.5,-0.9146,0.709,0.0,1.0,-0.5,-1.0,0.0,0.0,0.0,-0.3572
-0.02368,-0.02373,-0.02312,-0.7007,0.6763,-0.1724,0.597,-0.612,0.558,0.8066,0.6216,-0.04013,0.5713,-0.921,0.0,0.0,-0.7534,-0.698,0.04605,0.0,2.604,-0.55,0.03702,0.2683,0.5225,-0.07874,0.4658,-0.1582,-0.2952,-0.182,0.8726,-0.3884,0.02531,-0.01212,-0.0377,0.0,0.0,-0.02094,0.0,-0.0323,0.4978,0.0,0.0,0.0,0.0,-0.2296,1.0,0.5,0.5,-0.7705,0.5356,0.0,2.0,-0.5,-1.0,0.0,0.0,0.0,-0.2485
-0.02173,-0.02177,-0.02116,-0.4463,0.4197,-0.1724,0.597,-0.6094,0.3044,0.7334,0.6313,-0.27,0.5713,-0.911,0.0,0.0,-0.6943,-0.6357,0.008484,0.0,2.605,-0.4612,-0.02158,0.2031,0.2705,-0.0688,0.5205,-0.4028,-0.2766,-0.1582,0.7617,0.6934,0.1266,-0.00959,-0.03452,0.0,0.0,-0.0199,0.0,-0.04208,0.4521,0.0,0.0,0.0,0.0,-0.5093,0.0,0.0,0.5,-0.5347,0.2786,0.0,3.0,-0.5,-1.0,0.0,0.0,0.0,-0.5527
-0.01949,-0.01952,-0.01892,-0.5327,0.508,-0.2036,0.597,-0.5894,0.3901,0.781,0.649,0.3667,0.5713,-0.901,0.0,0.0,-0.7305,-0.678,0.0392,0.0,2.61,-0.1377,-0.05505,0.1583,0.3572,-0.05426,0.379,0.3318,-0.2461,-0.4028,-0.182,0.8726,0.4167,-0.0055,-0.03174,0.0,0.0,-0.01907,0.0,-0.03442,0.7915,1.0,0.0,0.0,0.0,0.603,0.0,0.0,1.0,-0.604,0.3787,1.0,0.0,-0.5,-1.0,0.0,0.0,0.0,0.659
-0.01733,-0.0174,-0.01675,-0.5005,0.474,-0.2036,0.791,-0.609,0.348,0.785,0.6665,0.05145,0.5713,-0.891,0.0,0.0,-0.736,-0.6807,0.04605,0.0,2.611,-0.78,-0.0782,0.1224,0.3262,-0.04138,0.7217,0.0733,-0.2361,0.3318,-0.1582,0.7617,-0.439,-0.002724,-0.02866,0.0,0.0,-0.01729,0.0,-0.03284,0.7886,1.0,0.0,0.0,0.0,0.09296,0.0,0.5,1.0,-0.5713,0.3481,2.0,0.0,-0.5,-1.0,0.0,0.0,0.0,0.101
-0.01572,-0.01581,-0.01511,-0.3452,0.315,-0.2036,0.791,-0.624,0.1692,0.742,0.6816,-0.2805,0.5713,-0.8813,0.0,0.0,-0.7026,-0.642,0.02556,0.0,2.613,-0.6123,-0.0929,0.0862,0.1503,-0.02832,0.5547,-0.2197,-0.238,0.0733,-0.4026,-0.182,0.5054,-0.002296,-0.0256,0.0,0.0,-0.01578,0.0,-0.03824,0.6553,0.0,0.0,0.0,0.0,-0.2954,0.0,0.0,0.5,-0.42,0.1967,0.0,1.0,-0.5,-1.0,0.0,0.0,0.0,-0.3206
-0.01431,-0.01445,-0.01366,-0.2844,0.2505,-0.2036,0.791,-0.65,0.0877,0.729,0.695,-0.1714,0.5713,-0.871,0.0,0.0,-0.6943,-0.628,0.02214,0.0,2.615,-0.711,-0.0903,0.0489,0.0761,-0.01744,0.857,-0.03674,-0.2275,-0.2197,0.3318,-0.1582,-0.3882,-0.003605,-0.0226,0.0,0.0,-0.014854,0.0,-0.0392,0.6016,0.0,0.0,0.0,0.0,-0.02336,0.0,0.0,0.0,-0.381,0.113,0.0,2.0,-0.5,-1.0,0.0,0.0,0.0,-0.02545
-0.01273,-0.01288,-0.01206,-0.3347,0.3008,-0.2036,0.791,-0.6323,0.1344,0.756,0.706,0.3953,0.5713,-0.8613,0.0,0.0,-0.7144,-0.653,0.0415,0.0,2.62,-0.4668,-0.0687,0.01338,0.1247,-0.007137,0.5605,0.2084,-0.2146,-0.03674,0.0733,-0.4026,0.6934,-0.00406,-0.01978,0.0,0.0,-0.01373,0.0,-0.03436,0.5444,0.0,0.0,0.0,0.0,0.2212,1.0,0.0,0.0,-0.44,0.15,1.0,0.0,-0.5,-1.0,0.0,0.0,0.0,0.2411
-0.01131,-0.01152,-0.01057,-0.2917,0.2532,-0.2036,0.791,-0.6484,0.0632,0.749,0.7217,-0.1702,0.7144,-0.8516,0.0,0.0,-0.7104,-0.6455,0.0415,0.0,2.621,-0.516,-0.04984,-0.01678,0.06335,0.004803,0.1294,0.0,-0.2139,0.2084,-0.2196,0.3315,0.8726,-0.004166,-0.01707,0.0,0.0,-0.01236,0.0,-0.03452,0.8076,1.0,0.0,0.0,0.0,0.0,0.0,-0.5,0.0,-0.4236,0.07666,0.0,0.0,-0.5,-1.0,0.0,0.0,0.0,0.0
-0.01141,-0.01166,-0.01064,0.1692,-0.2155,-0.2036,0.734,-0.631,-0.4268,0.588,0.7236,-2.871,0.5713,-0.842,-1.0,0.0,-0.577,-0.5063,-0.0473,0.0,2.623,0.04984,-0.03857,-0.03693,-0.4465,0.013725,-0.2947,-0.9526,-0.2485,0.0,-0.03674,0.0733,0.7617,-0.005474,-0.01588,0.0,0.0,-0.01139,0.0,-0.0575,0.10406,0.0,0.0,0.0,0.0,-1.596,-1.0,-1.0,-0.5,0.03986,-0.3533,0.0,1.0,-0.5,-1.0,0.0,0.0,0.0,-1.733
-0.010574,-0.01092,-0.00971,-0.11926,0.0704,-0.2036,0.734,-0.6577,-0.1688,0.6826,0.733,-0.7646,0.5713,-0.8315,-1.0,0.0,-0.657,-0.587,0.011894,0.0,2.627,-0.445,-0.04434,-0.0573,-0.1582,0.0179,-0.2659,0.6455,-0.2815,-0.9526,0.2084,-0.2196,-0.1819,-0.006115,-0.01431,0.0,0.0,-0.009995,0.0,-0.04248,0.5083,0.0,0.0,0.0,0.0,0.8745,0.0,-0.5,0.0,-0.2301,-0.0698,1.0,0.0,-0.5,-1.0,0.0,0.0,0.0,0.9653
-0.010414,-0.0108,-0.0095,0.0817,-0.1362,-0.2036,0.734,-0.719,-0.3848,0.609,0.732,4.555,0.4285,-0.822,-1.0,0.0,-0.6025,-0.516,-0.02568,0.0,2.629,-0.2388,-0.07605,-0.07806,-0.38,0.02293,-0.2034,-0.4053,-0.324,0.6455,0.0,-0.03674,-0.1582,-0.007797,-0.01334,0.0,0.0,-0.00893,0.0,-0.05228,0.0783,0.0,0.0,0.0,0.0,-0.535,0.0,-0.5,-0.5,-0.064,-0.2988,0.0,1.0,-0.5,-1.0,0.0,0.0,0.0,-0.5845
-0.01031,-0.01068,-0.0094,0.0977,-0.1516,-0.2036,0.734,-0.7246,-0.3835,0.5967,0.7207,0.1382,0.2856,-0.812,-1.0,0.0,-0.5923,-0.5044,-0.02795,0.0,2.63,-0.2883,-0.1247,-0.09607,-0.3901,0.02263,-0.0115,-0.02473,-0.366,-0.4053,-0.9526,0.2083,-0.4026,-0.009056,-0.01285,0.0,0.0,-0.00797,0.0,-0.05304,-0.3315,0.0,0.0,0.0,0.0,-0.0335,-1.0,-0.5,-1.0,-0.0883,-0.3567,0.0,2.0,-0.5,-1.0,0.0,0.0,0.0,-0.03683
-0.01096,-0.0113,-0.01009,0.333,-0.3877,-0.2036,0.734,-0.6504,-0.579,0.505,0.697,0.942,0.1428,-0.802,-1.0,0.0,-0.509,-0.4294,-0.07574,0.0,2.635,0.1583,-0.1776,-0.1146,-0.5796,0.01059,-0.2285,-0.5195,-0.3787,-0.02473,0.6455,0.0,0.3315,-0.01135,-0.01294,0.0,0.0,-0.007725,0.0,-0.0654,-1.032,0.0,0.0,0.0,0.0,-0.688,-1.0,-1.0,-1.5,0.1488,-0.5728,0.0,3.0,-0.5,-1.0,0.0,0.0,0.0,-0.757
-0.011604,-0.01193,-0.01076,0.331,-0.3848,-0.2036,0.7163,-0.6826,-0.545,0.4915,0.6743,0.0624,0.0,-0.792,-1.0,0.0,-0.5,-0.414,-0.07916,0.0,2.637,-0.731,-0.2385,-0.1437,-0.533,-0.002224,-0.3442,-0.03745,-0.4182,-0.5195,-0.4053,-0.952,0.0733,-0.01418,-0.012436,0.0,0.0,-0.007175,0.0,-0.0665,-0.983,0.0,0.0,0.0,0.0,-0.0598,-1.0,-1.5,-1.5,0.1401,-0.577,0.0,4.0,-0.5,-0.5,0.0,0.0,0.0,-0.06635
-0.01039,-0.01071,-0.00955,-0.231,0.185,-0.2036,0.7163,-0.634,0.0629,0.6807,0.665,-1.408,0.0,-0.782,0.0,0.0,-0.6533,-0.5874,0.03467,0.0,2.639,0.3076,-0.303,-0.1776,0.0797,-0.005352,-0.294,1.248,-0.4426,-0.03745,-0.02472,0.645,-0.2196,-0.01434,-0.011375,0.0,0.0,-0.00606,0.0,-0.0375,-0.1918,0.0,0.0,0.0,0.0,2.027,-1.0,-1.0,-1.0,-0.344,0.03378,1.0,0.0,-0.5,-0.5,0.0,0.0,0.0,2.252
-0.00976,-0.010086,-0.00891,-0.05716,0.00858,-0.2036,0.7163,-0.672,-0.0927,0.6187,0.6562,-0.816,0.0,-0.7725,0.0,0.0,-0.606,-0.5293,0.005066,0.0,2.64,-0.8574,-0.37,-0.2168,-0.07935,-0.004612,-0.2666,-0.3179,-0.5103,1.248,-0.5195,-0.405,-0.0367,-0.013115,-0.01086,0.0,0.0,-0.0049,0.0,-0.04532,-0.154,0.0,0.0,0.0,0.0,-0.531,-1.0,-1.0,-1.0,-0.1815,-0.1415,0.0,1.0,-0.5,-0.5,0.0,0.0,0.0,-0.577
-0.0089,-0.00924,-0.00804,-0.1252,0.077,-0.2036,0.7163,-0.698,0.009926,0.639,0.6455,5.164,0.0,-0.762,0.0,0.0,-0.6255,-0.545,0.02328,0.0,2.645,-0.3813,-0.4272,-0.2693,0.02359,-0.006054,-0.3997,0.1968,-0.5366,-0.3179,-0.0374,-0.02472,0.2083,-0.01285,-0.01021,0.0,0.0,-0.00411,0.0,-0.04086,-0.2169,0.0,0.0,0.0,0.0,0.3525,0.0,-1.0,-1.0,-0.239,-0.0668,1.0,0.0,-0.5,-0.5,0.0,0.0,0.0,0.3855
-0.007442,-0.007763,-0.006596,-0.3022,0.2576,-0.2036,0.7163,-0.655,0.2314,0.703,0.638,2.086,0.0,-0.7524,0.0,0.0,-0.674,-0.605,0.0665,0.0,2.646,-0.1768,-0.4731,-0.3252,0.2499,-0.00594,-0.4111,0.4656,-0.525,0.1968,1.248,-0.5195,0.0,-0.01068,-0.009155,0.0,0.0,-0.003616,0.0,-0.0299,-0.04297,0.0,0.0,0.0,0.0,0.553,1.0,-0.5,-1.0,-0.3933,0.1246,2.0,0.0,-0.5,-0.5,0.0,0.0,0.0,0.603
-0.006176,-0.00648,-0.00534,-0.2444,0.1998,-0.7666,0.7163,-0.6436,0.199,0.6855,0.6333,0.0402,0.0,-0.7427,0.0,0.0,-0.6587,-0.591,0.0631,0.0,2.648,-0.5034,-0.502,-0.3713,0.2305,-0.005642,0.1653,-0.03647,-0.5317,0.4656,-0.3179,-0.0374,-0.952,-0.008545,-0.0079,0.0,0.0,-0.003738,0.0,-0.03091,0.04208,0.0,0.0,0.0,0.0,-0.04077,1.0,-0.5,-1.0,-0.3398,0.0667,0.0,1.0,-0.5,-0.5,0.0,0.0,0.0,-0.0441
-0.004433,-0.004704,-0.003641,-0.3809,0.3408,-0.7666,0.7163,-0.6123,0.368,0.7383,0.632,0.7324,0.0,-0.733,0.0,0.0,-0.698,-0.6396,0.1007,0.0,2.652,-0.4282,-0.519,-0.4124,0.3728,0.0049,-0.1387,0.4016,-0.5107,-0.03647,0.1967,1.248,0.645,-0.004406,-0.006466,0.0,0.0,-0.003408,0.0,-0.02155,0.2125,0.0,0.0,0.0,0.0,0.8096,1.0,-0.5,-0.5,-0.4595,0.2152,1.0,0.0,-0.5,-0.5,0.0,0.0,0.0,0.876
-0.003937,-0.004208,-0.003143,-0.01339,-0.03137,-0.7666,0.7163,-0.5894,0.00973,0.6074,0.6206,-0.6704,0.0,-0.7227,0.0,0.0,-0.5894,-0.5273,0.03238,0.0,2.654,-0.679,-0.525,-0.454,0.01613,0.004715,0.1545,-0.725,-0.513,0.4016,0.4656,-0.3179,-0.405,-0.001789,-0.005432,0.0,0.0,-0.003521,0.0,-0.0392,-0.1744,0.0,0.0,0.0,0.0,-0.931,1.0,-0.5,-1.0,-0.07623,-0.1111,0.0,1.0,-0.5,-0.5,0.0,0.0,0.0,-1.001
-0.002987,-0.00324,-0.002209,-0.1482,0.1063,-0.7666,0.7163,-0.5464,0.1698,0.65,0.613,1.549,0.0,-0.713,0.0,0.0,-0.6206,-0.569,0.0643,0.0,2.656,0.05295,-0.525,-0.4966,0.1818,0.004967,0.2056,0.3425,-0.5044,-0.725,-0.03647,0.1967,-0.02472,-0.001095,-0.004284,0.0,0.0,-0.00306,0.0,-0.03122,-0.05005,0.0,0.0,0.0,0.0,0.4954,1.0,0.0,-0.5,-0.2357,-0.01066,1.0,0.0,-0.5,-0.5,0.0,0.0,0.0,0.539
-0.003223,-0.003489,-0.002434,0.2069,-0.254,-0.7666,0.7163,-0.525,-0.2136,0.5186,0.6084,-1.333,0.0,-0.703,-1.0,0.0,-0.5093,-0.4539,-0.00518,0.0,2.658,0.08826,-0.5273,-0.532,-0.2003,0.008606,0.566,-0.742,-0.5044,0.3425,0.4014,0.4656,-0.519,-0.001335,-0.003729,0.0,0.0,-0.003428,0.0,-0.0492,0.02982,0.0,0.0,0.0,0.0,-1.022,0.0,0.0,-0.5,0.104,-0.36,0.0,1.0,-0.5,-0.5,0.0,0.0,0.0,-1.105
-0.004066,-0.004314,-0.003294,0.3928,-0.4412,-0.7666,0.6206,-0.5034,-0.403,0.439,0.593,2.252,0.0,-0.693,-1.0,0.0,-0.4395,-0.3833,-0.04504,0.0,2.662,-0.318,-0.5356,-0.561,-0.3994,0.006744,0.632,-0.4312,-0.4956,-0.742,-0.725,-0.03647,-0.0374,-0.002937,-0.003174,0.0,0.0,-0.004185,0.0,-0.05957,-0.3716,0.0,0.0,0.0,0.0,-0.57,0.0,0.0,-1.0,0.2798,-0.544,0.0,2.0,-0.5,-0.5,0.0,0.0,0.0,-0.6245
-0.00537,-0.0056,-0.00462,0.5356,-0.5845,-0.7666,0.4292,-0.524,-0.564,0.3694,0.5776,0.756,0.0,-0.683,-1.0,0.0,-0.3809,-0.317,-0.07916,0.0,2.664,-0.563,-0.555,-0.581,-0.5693,0.005024,-0.0654,-0.3723,-0.469,-0.4312,0.3425,0.4014,1.248,-0.006355,-0.00306,0.0,0.0,-0.00505,0.0,-0.0684,-0.359,0.0,0.0,0.0,0.0,-0.3071,-1.0,-0.5,-1.0,0.4321,-0.666,0.0,3.0,-0.5,-0.5,0.0,0.0,0.0,-0.3389
-0.00646,-0.006668,-0.00573,0.4702,-0.517,-0.7666,0.4292,-0.529,-0.5166,0.3684,0.563,0.02777,0.0,-0.6733,-1.0,0.0,-0.3806,-0.3157,-0.0735,0.0,2.666,-0.3123,-0.5825,-0.5923,-0.523,0.00165,0.0496,0.06244,-0.4502,-0.3723,-0.7417,-0.725,-0.3179,-0.00956,-0.00272,0.0,0.0,-0.005844,0.0,-0.06714,-0.3247,0.0,0.0,0.0,0.0,0.084,0.0,0.0,-0.5,0.3464,-0.626,1.0,0.0,-0.5,-0.5,0.0,0.0,0.0,0.09326
-0.00723,-0.007458,-0.006477,0.371,-0.4185,-0.7666,0.4292,-0.5967,-0.4504,0.3816,0.556,-0.03845,0.0,-0.6636,-1.0,0.0,-0.398,-0.3213,-0.05984,0.0,2.67,-0.4155,-0.5903,-0.5957,-0.4539,0.002182,-0.115,0.1497,-0.4448,0.06244,-0.4312,0.3425,0.1967,-0.01333,-0.00265,0.0,0.0,-0.006687,0.0,-0.0638,-0.06757,0.0,0.0,0.0,0.0,0.2018,0.0,0.0,0.0,0.26,-0.521,2.0,0.0,-0.5,-0.5,0.0,0.0,0.0,0.2239
-0.007385,-0.007626,-0.006626,0.1835,-0.229,-0.7666,0.4292,-0.546,-0.2896,0.4302,0.5537,-0.3833,0.0,-0.6533,-1.0,0.0,-0.4355,-0.371,-0.02568,0.0,2.672,-0.0558,-0.589,-0.5957,-0.2935,0.00584,-0.4407,0.3733,-0.4507,0.1497,-0.372,-0.7417,0.4653,-0.01469,-0.002832,0.0,0.0,-0.007244,0.0,-0.05518,0.0839,0.0,0.0,0.0,0.0,0.541,1.0,0.0,0.5,0.03876,-0.3826,3.0,0.0,-0.5,-0.5,0.0,0.0,0.0,0.5986
-0.0076,-0.00785,-0.00682,0.2003,-0.2471,-0.7666,0.4292,-0.6265,-0.2893,0.4124,0.5376,0.1412,-0.1428,-0.6436,-1.0,0.0,-0.4275,-0.347,-0.03023,0.0,2.674,-0.5874,-0.593,-0.5977,-0.3047,0.003336,-0.4773,-0.04947,-0.4543,0.3733,0.0624,-0.431,-0.03647,-0.0169,-0.003433,0.0,0.0,-0.007103,0.0,-0.05652,-0.4736,0.0,0.0,0.0,0.0,-0.0644,1.0,0.0,0.0,0.04086,-0.4153,0.0,1.0,-0.5,-0.5,0.0,0.0,0.0,-0.0708
-0.007378,-0.00762,-0.00661,0.06915,-0.11365,-0.7666,0.4292,-0.589,-0.147,0.4475,0.5283,-0.753,-0.2856,-0.634,-1.0,0.0,-0.4543,-0.383,-0.004044,0.0,2.678,-0.3594,-0.597,-0.603,-0.1575,0.001349,-0.7734,0.2847,-0.4556,-0.04947,0.1497,-0.372,0.4014,-0.01688,-0.003792,0.0,0.0,-0.007233,0.0,-0.04993,-0.185,0.0,0.0,0.0,0.0,0.2903,2.0,0.0,0.5,-0.07794,-0.2786,1.0,0.0,-0.5,-0.5,0.0,0.0,0.0,0.3193
-0.007755,-0.00799,-0.007,0.2507,-0.2966,-0.7666,0.4292,-0.533,-0.3162,0.3757,0.5127,5.957,-0.4285,-0.6235,-1.0,0.0,-0.3872,-0.3218,-0.04047,0.0,2.68,0.1481,-0.6025,-0.6147,-0.3342,-0.001433,-0.4082,-0.394,-0.453,0.2847,0.373,0.0624,-0.7246,-0.01677,-0.004272,0.0,0.0,-0.007355,0.0,-0.0594,-0.4568,0.0,0.0,0.0,0.0,-0.3994,1.0,0.0,0.0,0.088,-0.4644,0.0,1.0,-0.5,-0.5,0.0,0.0,0.0,-0.4375
-0.00923,-0.009415,-0.00852,0.592,-0.639,-0.7666,0.4292,-0.4097,-0.63,0.2441,0.4846,1.855,-0.5713,-0.614,-1.0,0.0,-0.26,-0.2094,-0.1122,0.0,2.682,0.355,-0.57,-0.6147,-0.619,-0.01956,-0.656,-0.7812,-0.421,-0.394,-0.04944,0.1497,0.3423,-0.01755,-0.00494,0.0,0.0,-0.00806,0.0,-0.078,-0.9795,0.0,0.0,0.0,0.0,-1.597,0.0,-0.5,-0.5,0.4463,-0.7617,0.0,2.0,-0.5,-0.5,0.0,0.0,0.0,-1.76
-0.011406,-0.011536,-0.010765,0.818,-0.8643,-0.7666,0.3162,-0.3557,-0.83,0.1454,0.452,0.5684,-0.7144,-0.604,-1.0,0.0,-0.1656,-0.1188,-0.1658,0.0,2.684,-0.31,-0.4968,-0.577,-0.7993,-0.03986,-0.3284,-0.5903,-0.3662,-0.7812,0.2844,0.373,-0.7417,-0.01971,-0.006077,0.0,0.0,-0.008804,0.0,-0.0919,-1.113,0.0,1.0,0.0,0.0,-1.218,-1.0,-0.5,-0.5,0.6665,-0.975,0.0,3.0,-0.5,-0.5,0.0,0.0,0.0,-1.36
-0.0148,-0.01482,-0.01427,1.217,-1.262,-0.7666,-0.1987,-0.2377,-1.179,-0.01426,0.4055,0.678,-0.857,-0.594,-1.0,0.0,-0.006195,0.02919,-0.2556,0.0,2.688,0.8203,-0.3489,-0.4849,-1.062,-0.0826,-0.1782,-1.002,-0.2434,-0.5903,-0.394,-0.04944,-0.431,-0.0243,-0.007748,0.0,0.0,-0.01027,0.0,-0.11536,-1.52,0.0,1.0,0.0,0.0,-3.312,-1.0,-0.5,-1.0,1.053,-1.356,0.0,4.0,-0.5,-0.5,0.0,0.0,0.0,-3.738
-0.01816,-0.0181,-0.01772,1.212,-1.251,-1.072,-0.3047,-0.2703,-1.163,-0.05167,0.3647,0.1271,-1.0,-0.584,-1.0,0.0,0.0265,0.07043,-0.274,0.0,2.69,-0.6875,-0.2109,-0.3933,-1.029,-0.1083,-0.0956,-0.2064,-0.139,-1.002,-0.781,0.2844,-0.372,-0.03012,-0.00941,0.0,0.0,-0.012825,0.0,-0.12024,-1.4375,0.0,1.0,0.0,0.0,-0.4204,-2.0,-0.5,-1.0,1.038,-1.356,0.0,5.0,-0.5,0.0,0.0,0.0,0.0,-0.4824
-0.02028,-0.02023,-0.01982,0.811,-0.846,-1.072,-0.3047,-0.2954,-0.7456,0.0409,0.3267,-0.294,-1.143,-0.574,-1.0,0.0,-0.06335,-0.02092,-0.2158,0.0,2.691,-0.2477,-0.0954,-0.3118,-0.638,-0.1242,-0.2544,0.66,-0.0934,-0.2064,-0.5903,-0.394,0.0624,-0.0345,-0.01073,0.0,0.0,-0.014656,0.0,-0.1055,-1.2705,0.0,1.0,0.0,0.0,0.8125,-1.0,-0.5,-1.0,0.6562,-0.9624,1.0,0.0,-0.5,0.0,0.0,0.0,0.0,0.936
-0.02248,-0.0224,-0.02202,0.835,-0.8696,-1.072,-0.3047,-0.2947,-0.752,0.00585,0.2952,0.1539,-1.143,-0.5645,-1.0,0.0,-0.03032,0.01427,-0.2329,0.0,2.695,0.10187,0.00742,-0.2324,-0.638,-0.1421,-0.4307,-0.1921,-0.054,0.66,-1.002,-0.781,0.1495,-0.03986,-0.012245,0.0,0.0,-0.01678,0.0,-0.11005,-1.154,0.0,1.0,0.0,0.0,-0.3022,-1.0,-1.0,-1.0,0.6655,-1.0,0.0,1.0,-0.5,0.0,0.0,0.0,0.0,-0.3442
-0.0246,-0.0245,-0.02417,0.817,-0.8496,-1.073,-0.3047,-0.284,-0.7266,-0.01538,0.2673,0.0994,-1.143,-0.5547,-1.0,0.0,-0.00927,0.03476,-0.242,0.0,2.697,-0.1898,0.0961,-0.1583,-0.612,-0.1567,-0.7554,-0.1028,-0.03885,-0.1921,-0.2064,-0.5903,0.373,-0.04456,-0.01382,0.0,0.0,-0.01935,0.0,-0.11255,-1.074,0.0,1.0,0.0,0.0,-0.1713,-1.0,-1.5,-1.0,0.6333,-0.996,0.0,2.0,-0.5,0.0,0.0,0.0,0.0,-0.1957
-0.02655,-0.02643,-0.02615,0.765,-0.796,-1.073,-0.3047,-0.2861,-0.6763,-0.0254,0.2429,0.05252,-1.143,-0.5444,-1.0,0.0,4.85e-05,0.04517,-0.2443,0.0,2.7,-0.5703,0.1635,-0.09393,-0.5776,-0.1658,-0.8633,-0.02574,-0.03607,-0.1028,0.66,-1.002,-0.04944,-0.04767,-0.01491,0.0,0.0,-0.0219,0.0,-0.11334,-0.9795,0.0,0.0,0.0,0.0,-0.04382,-1.0,-1.5,-1.0,0.583,-0.9453,0.0,3.0,-0.5,0.0,0.0,0.0,0.0,-0.05017
-0.02747,-0.02734,-0.02705,0.4302,-0.4575,-1.073,-0.3047,-0.3115,-0.334,0.06082,0.2235,-0.526,-1.143,-0.5347,-1.0,0.0,-0.08344,-0.0393,-0.1896,0.0,2.701,-0.3735,0.2139,-0.04044,-0.2336,-0.175,-1.164,0.618,-0.0912,-0.02574,-0.192,-0.2063,0.2844,-0.04822,-0.01602,0.0,0.0,-0.0243,0.0,-0.09955,-0.6704,0.0,0.0,0.0,0.0,1.1045,0.0,-1.5,-1.0,0.2932,-0.5835,1.0,0.0,-0.5,0.0,0.0,0.0,0.0,1.265
-0.02785,-0.02776,-0.02742,0.2668,-0.2937,-0.936,-0.3047,-0.3218,-0.1453,0.0997,0.205,-0.8027,-1.143,-0.525,-1.0,0.0,-0.1205,-0.07697,-0.1624,0.0,2.705,-0.413,0.2396,0.002773,-0.05728,-0.1805,-1.051,0.306,-0.12476,0.618,-0.1028,0.66,-0.3938,-0.04605,-0.01678,0.0,0.0,-0.02591,0.0,-0.09265,-0.595,0.0,0.0,0.0,0.0,0.3599,0.0,-1.0,-1.0,0.1366,-0.425,2.0,0.0,-0.5,0.0,0.0,0.0,0.0,0.4077
-0.02817,-0.02812,-0.0277,0.2423,-0.2725,-0.923,-0.3047,-0.33,-0.08044,0.0956,0.1824,-2.215,-1.0,-0.5146,0.0,0.0,-0.1174,-0.0721,-0.16,0.0,2.707,-0.1065,0.2378,0.03772,-0.00808,-0.1875,-0.675,0.02536,-0.1891,0.306,-0.02573,-0.192,-0.781,-0.04337,-0.01752,0.0,0.0,-0.02777,0.0,-0.0922,-0.778,0.0,0.0,0.0,0.0,0.0297,1.0,-0.5,-1.0,0.114,-0.4036,3.0,0.0,-0.5,0.0,0.0,0.0,0.0,0.03348
-0.02727,-0.02724,-0.02678,-0.1328,0.10657,-0.4866,-0.3047,-0.271,0.352,0.2145,0.1685,13.82,-0.857,-0.505,0.0,0.0,-0.2208,-0.194,-0.0849,0.0,2.709,0.2114,0.2057,0.0584,0.401,-0.1879,-0.3672,0.8364,-0.217,0.02536,0.6177,-0.1027,-0.59,-0.04028,-0.01756,0.0,0.0,-0.02844,0.0,-0.0732,-0.364,0.0,0.0,0.0,0.0,1.607,2.0,0.0,-0.5,-0.21,0.002003,4.0,0.0,-0.5,0.0,0.0,0.0,0.0,1.812
-0.02632,-0.02635,-0.02577,-0.1466,0.11664,-0.4412,-0.3047,-0.266,0.4246,0.2194,0.1525,0.3135,-0.7144,-0.495,0.0,0.0,-0.2247,-0.1991,-0.0769,0.0,2.713,-0.2612,0.1389,0.06775,0.44,-0.1871,0.2515,0.08746,-0.2268,0.8364,0.3057,-0.02573,-1.002,-0.03665,-0.01755,0.0,0.0,-0.0287,0.0,-0.0713,-0.4502,0.0,0.0,0.0,0.0,0.1405,3.0,0.5,-0.5,-0.2377,-0.004223,5.0,0.0,0.0,0.0,0.0,0.0,0.0,0.1561
-0.02393,-0.02388,-0.02344,-0.5776,0.5576,0.1184,-0.3047,-0.266,0.936,0.376,0.1516,1.182,-0.5713,-0.485,0.0,0.0,-0.3635,-0.3477,0.02101,0.0,2.715,0.4768,0.02594,0.06287,0.9277,-0.1793,0.4795,1.073,-0.1848,0.08746,0.02534,0.6177,-0.2063,-0.03047,-0.01762,0.0,0.0,-0.02788,0.0,-0.04645,0.0986,0.0,0.0,0.0,0.0,2.156,3.0,1.0,0.0,-0.631,0.4448,5.734,0.0,0.5,0.0,0.0,0.0,0.0,2.395
-0.02167,-0.02158,-0.02122,-0.5337,0.5166,0.1504,-0.3047,-0.3794,0.9106,0.3772,0.1604,0.1168,-0.4285,-0.4753,0.0,0.0,-0.3748,-0.3381,0.0267,0.0,2.715,-0.283,-0.1075,0.04745,0.9277,-0.1736,0.299,0.0613,-0.145,1.073,0.8364,0.3057,0.66,-0.02411,-0.01752,0.0,0.0,-0.02704,0.0,-0.04514,0.4636,0.0,0.0,0.0,0.0,0.07434,3.0,1.0,0.5,-0.6187,0.3723,5.734,0.0,1.0,0.0,0.0,0.0,0.0,0.08105
-0.02089,-0.02077,-0.02051,-0.087,0.0674,0.1504,-0.3047,-0.312,0.425,0.2346,0.168,-0.3765,-0.2856,-0.4653,0.0,0.0,-0.2427,-0.2095,-0.05414,0.0,2.715,0.001536,-0.261,0.01907,0.4521,-0.1664,0.56,-0.8696,-0.1437,0.0613,0.08746,0.02534,-0.192,-0.02094,-0.01794,0.0,0.0,-0.027,0.0,-0.06604,0.3213,0.0,0.0,0.0,0.0,-1.318,2.0,1.0,0.5,-0.206,-0.07935,0.0,1.0,1.0,0.0,0.0,0.0,0.0,-1.436
-0.01991,-0.01982,-0.01949,-0.1527,0.1313,0.1504,-0.3047,-0.4126,0.4373,0.259,0.1875,0.1676,-0.1428,-0.4556,0.0,0.0,-0.2734,-0.2231,-0.03592,0.0,2.715,-0.3364,-0.36,-0.02669,0.4753,-0.1523,0.7305,0.1989,-0.1472,-0.8696,1.073,0.836,-0.1027,-0.01797,-0.01851,0.0,0.0,-0.02708,0.0,-0.0615,0.9023,1.0,0.0,0.0,0.0,0.2385,2.0,1.5,1.0,-0.2668,-0.01507,1.0,0.0,1.0,0.0,0.0,0.0,0.0,0.2637
-0.01973,-0.01965,-0.01927,0.08777,-0.1135,0.1504,-0.3047,-0.3472,0.11993,0.1772,0.2037,-0.487,0.0,-0.4456,0.0,0.0,-0.1938,-0.1506,-0.0803,0.0,2.715,-0.126,-0.4092,-0.0846,0.1511,-0.1364,0.875,-0.4832,-0.1606,0.1989,0.06128,0.08746,-0.02573,-0.0161,-0.0193,0.0,0.0,-0.0275,0.0,-0.073,0.731,0.0,0.0,0.0,0.0,-0.601,1.0,1.5,1.0,-0.04843,-0.2654,0.0,1.0,1.0,0.0,0.0,0.0,0.0,-0.6626
-0.01994,-0.01991,-0.01945,0.2137,-0.2433,0.1504,-0.3047,-0.374,-0.05875,0.1285,0.2107,-0.691,0.1428,-0.4355,0.0,0.0,-0.1517,-0.1004,-0.10535,0.0,2.715,-0.6265,-0.4202,-0.1545,-0.01444,-0.1304,0.6333,-0.2747,-0.1904,-0.4832,-0.8696,1.073,0.6177,-0.01659,-0.02045,0.0,0.0,-0.02834,0.0,-0.0796,0.3928,0.0,0.0,0.0,0.0,-0.378,0.0,1.0,0.5,0.07544,-0.3875,0.0,2.0,1.0,0.0,0.0,0.0,0.0,-0.4197
-0.0212,-0.02121,-0.02068,0.5317,-0.568,0.1504,-0.3047,-0.3796,-0.44,0.0112,0.2124,-7.273,0.1428,-0.4258,-1.0,0.0,-0.043,0.01703,-0.1714,0.0,2.715,-0.2062,-0.3923,-0.2393,-0.4055,-0.1232,0.514,-0.7275,-0.2068,-0.2747,0.1989,0.06128,0.3057,-0.0188,-0.02158,0.0,0.0,-0.02942,0.0,-0.0967,0.1298,0.0,0.0,0.0,0.0,-0.8745,-1.0,0.5,0.5,0.4087,-0.671,0.0,3.0,1.0,0.0,0.0,0.0,0.0,-0.9756
-0.02158,-0.02164,-0.021,0.2563,-0.2927,0.1504,-0.3047,-0.4243,-0.2267,0.0852,0.2201,-0.577,0.1428,-0.4158,-1.0,0.0,-0.1162,-0.05276,-0.1236,0.0,2.715,-0.5557,-0.3457,-0.3193,-0.1986,-0.1138,0.494,0.533,-0.2078,-0.7275,-0.483,-0.869,0.02534,-0.02219,-0.02261,0.0,0.0,-0.02951,0.0,-0.0846,0.3413,0.0,0.0,0.0,0.0,0.8066,0.0,0.5,1.0,0.1781,-0.3684,1.0,0.0,1.0,0.0,0.0,0.0,0.0,0.911
-0.02208,-0.0222,-0.02142,0.2935,-0.3347,0.1504,-0.3047,-0.4365,-0.3245,0.06168,0.227,1.103,0.1428,-0.406,-1.0,0.0,-0.0954,-0.02818,-0.1338,0.0,2.715,-0.758,-0.296,-0.3853,-0.3015,-0.10443,0.04242,-0.1133,-0.209,0.533,-0.2747,0.1987,0.836,-0.02596,-0.02333,0.0,0.0,-0.02925,0.0,-0.08734,0.303,0.0,0.0,0.0,0.0,-0.1271,-1.0,0.0,1.0,0.1896,-0.4355,0.0,1.0,1.0,0.0,0.0,0.0,0.0,-0.1422
-0.02246,-0.02261,-0.02177,0.2551,-0.2986,0.1504,-0.3047,-0.4817,-0.323,0.0633,0.2286,0.1353,0.1428,-0.396,-1.0,0.0,-0.101,-0.02551,-0.1293,0.0,2.715,-0.877,-0.2524,-0.3977,-0.3206,-0.096,-0.03882,0.05045,-0.238,-0.1133,-0.7275,-0.483,0.08746,-0.02773,-0.02379,0.0,0.0,-0.0282,0.0,-0.0863,0.1266,0.0,0.0,0.0,0.0,0.0659,0.0,0.0,1.0,0.1416,-0.4126,1.0,0.0,1.0,0.0,0.0,0.0,0.0,0.0739
-0.02248,-0.02266,-0.02176,0.1432,-0.1865,0.1504,0.4602,-0.504,-0.233,0.09033,0.228,-0.3318,0.1428,-0.3862,-1.0,0.0,-0.1282,-0.05026,-0.10876,0.0,2.715,-0.609,-0.2246,-0.3857,-0.2296,-0.09247,-0.69,0.2268,-0.283,0.05045,0.533,-0.2747,1.072,-0.02943,-0.02396,0.0,0.0,-0.02682,0.0,-0.0812,0.09985,0.0,0.0,0.0,0.0,0.2522,1.0,0.0,1.0,0.04758,-0.2896,2.0,0.0,1.0,0.0,0.0,0.0,0.0,0.2827
-0.0228,-0.02301,-0.02208,0.2365,-0.2822,0.1504,0.4602,-0.5195,-0.3494,0.05078,0.2253,1.227,0.0,-0.3762,-1.0,0.0,-0.0927,-0.00935,-0.1282,0.0,2.715,-0.3516,-0.2203,-0.3672,-0.333,-0.0924,-0.808,-0.2134,-0.3027,0.2268,-0.1133,-0.7275,0.06128,-0.03055,-0.02426,0.0,0.0,-0.02611,0.0,-0.08636,-0.0006986,0.0,0.0,0.0,0.0,-0.3696,1.0,-0.5,0.5,0.10364,-0.4187,0.0,1.0,1.0,0.0,0.0,0.0,0.0,-0.4128
-0.02238,-0.0226,-0.02167,0.01104,-0.05408,0.1504,0.4602,-0.5396,-0.1107,0.1174,0.2184,-0.974,0.0,-0.3665,0.0,0.0,-0.1562,-0.0736,-0.08374,0.0,2.715,0.2615,-0.2333,-0.3474,-0.0987,-0.09204,-0.3953,0.4912,-0.3328,-0.2134,0.05045,0.533,-0.869,-0.03004,-0.0244,0.0,0.0,-0.02487,0.0,-0.07513,-0.1323,0.0,0.0,0.0,0.0,0.755,1.0,0.0,0.5,-0.08704,-0.1703,1.0,0.0,1.0,0.0,0.0,0.0,0.0,0.8457
-0.02307,-0.02325,-0.02235,0.346,-0.392,0.1504,0.4602,-0.5044,-0.4387,0.001483,0.2053,-17.1,-0.1428,-0.3564,-1.0,0.0,-0.04498,0.0388,-0.1498,0.0,2.715,-0.552,-0.2703,-0.3362,-0.4094,-0.1,-0.529,-0.7246,-0.3738,0.4912,0.2268,-0.1132,0.1987,-0.02954,-0.02509,0.0,0.0,-0.02411,0.0,-0.0923,-0.4346,0.0,0.0,0.0,0.0,-1.524,1.0,-0.5,0.0,0.2086,-0.525,0.0,1.0,1.0,0.0,0.0,0.0,0.0,-1.693
-0.02626,-0.02632,-0.02568,1.165,-1.213,0.1504,-0.0849,-0.36,-1.198,-0.276,0.1644,2.719,-0.2856,-0.3464,-1.0,0.0,0.2384,0.3142,-0.3137,0.0,2.715,1.6875,-0.3179,-0.3396,-1.126,-0.1313,-0.3206,-1.821,-0.3137,-0.7246,-0.2134,0.05045,-0.483,-0.034,-0.02666,0.0,0.0,-0.02467,0.0,-0.1346,-1.356,0.0,1.0,0.0,0.0,-5.395,0.0,-0.5,-0.5,1.069,-1.237,0.0,2.0,1.0,0.0,0.0,0.0,0.0,-5.477
-0.02893,-0.02895,-0.02838,0.9917,-1.035,0.1504,-0.0849,-0.3228,-0.996,-0.254,0.1243,-0.06186,-0.4285,-0.3367,-1.0,0.0,0.2197,0.287,-0.2988,0.0,2.715,0.2612,-0.3472,-0.3467,-0.9326,-0.1539,-0.3098,0.1696,-0.2494,-1.821,0.4912,0.2267,-0.2747,-0.03787,-0.02829,0.0,0.0,-0.02559,0.0,-0.131,-1.306,0.0,1.0,0.0,0.0,0.2903,0.0,0.0,-0.5,0.8667,-1.1045,1.0,0.0,1.0,0.0,0.0,0.0,0.0,0.3367
-0.03192,-0.0319,-0.03143,1.104,-1.144,0.1504,-0.0849,-0.372,-1.089,-0.3176,0.0895,0.258,-0.5713,-0.3267,-1.0,0.0,0.2795,0.3606,-0.3354,0.0,2.715,-0.1674,-0.341,-0.3518,-1.048,-0.17,-0.01509,-0.4163,-0.1616,0.1696,-0.7246,-0.2134,-0.727,-0.0427,-0.02992,0.0,0.0,-0.02702,0.0,-0.1405,-1.224,0.0,1.0,0.0,0.0,-0.4597,0.0,0.0,-0.5,0.9814,-1.201,0.0,1.0,1.0,0.0,0.0,0.0,0.0,-0.532
-0.03366,-0.03363,-0.03317,0.6987,-0.735,0.1504,-0.0849,-0.357,-0.6675,-0.2195,0.05923,-0.3313,-0.7144,-0.317,-1.0,0.0,0.1824,0.2537,-0.275,0.0,2.715,0.0968,-0.285,-0.3516,-0.63,-0.1877,-0.4204,0.6943,-0.12476,-0.4163,-1.821,0.4912,0.533,-0.0466,-0.03082,0.0,0.0,-0.02797,0.0,-0.1252,-0.9985,0.0,0.0,0.0,0.0,1.308,0.0,0.0,-0.5,0.6113,-0.7856,1.0,0.0,1.0,0.0,0.0,0.0,0.0,1.523
-0.03378,-0.03375,-0.0333,0.1818,-0.2123,0.1504,-0.0849,-0.341,-0.1227,-0.069,0.04388,-0.939,-0.857,-0.307,-1.0,0.0,0.0367,0.0949,-0.1827,0.0,2.715,-0.2722,-0.2206,-0.3474,-0.0976,-0.194,-0.4514,1.049,-0.125,0.6943,0.1696,-0.7246,-0.1132,-0.04788,-0.03091,0.0,0.0,-0.0288,0.0,-0.10175,-0.4802,0.0,0.0,0.0,0.0,2.004,1.0,0.5,0.0,0.1647,-0.2272,2.0,0.0,1.0,0.0,1.0,0.0,3.275,2.307
-0.033,-0.033,-0.0325,-0.1005,0.0728,0.1504,-0.0849,-0.359,0.1975,0.02124,0.0369,-17.1,-0.857,-0.297,0.0,0.0,-0.05057,0.004898,-0.1259,0.0,2.715,-0.674,-0.1677,-0.3416,0.2188,-0.1953,-0.511,0.636,-0.1313,1.049,-0.4163,-1.82,0.0504,-0.04886,-0.0302,0.0,0.0,-0.02919,0.0,-0.0873,-0.2029,0.0,0.0,0.0,0.0,0.712,2.0,0.5,0.5,-0.1067,0.048,3.0,0.0,1.0,0.0,0.0,0.0,0.0,0.8057
-0.03195,-0.03192,-0.03146,-0.176,0.1495,0.1504,-0.0849,-0.3967,0.2837,0.0503,0.03973,0.4453,-0.7144,-0.287,0.0,0.0,-0.08124,-0.02065,-0.10535,0.0,2.715,-0.5757,-0.1305,-0.333,0.319,-0.1934,-0.638,0.2267,-0.1783,0.636,0.6943,0.1696,0.2267,-0.04782,-0.02927,0.0,0.0,-0.03024,0.0,-0.0822,0.088,0.0,0.0,0.0,0.0,0.289,2.0,0.5,1.0,-0.1941,0.10583,4.0,0.0,1.0,0.0,0.0,0.0,0.0,0.3237
-0.03085,-0.03082,-0.03036,-0.1946,0.1688,0.0,-0.0849,-0.4026,0.3284,0.06204,0.03812,0.2664,-0.5713,-0.2773,0.0,0.0,-0.0927,-0.0318,-0.09515,0.0,2.715,-0.594,-0.10834,-0.323,0.37,-0.1925,-0.514,0.1129,-0.2341,0.2267,1.049,-0.416,-0.2133,-0.0427,-0.0286,0.0,0.0,-0.03125,0.0,-0.0797,-0.0344,0.0,0.0,0.0,0.0,0.127,3.0,1.0,1.0,-0.2123,0.12415,5.0,0.0,1.0,0.0,0.0,0.0,0.0,0.1416
-0.03035,-0.03032,-0.02986,-0.013954,-0.01386,0.0,-0.0849,-0.3936,0.157,0.005295,0.0341,-0.281,-0.4285,-0.2673,0.0,0.0,-0.03867,0.0243,-0.1259,0.0,2.715,-0.759,-0.10406,-0.3113,0.199,-0.1917,-0.7734,-0.3381,-0.2537,0.1129,0.636,0.694,0.491,-0.03864,-0.028,0.0,0.0,-0.03186,0.0,-0.0877,-0.10956,0.0,0.0,0.0,0.0,-0.3523,2.0,0.5,1.0,-0.0273,-0.0398,0.0,1.0,1.0,0.0,0.0,0.0,0.0,-0.3923
-0.02979,-0.02974,-0.0293,-0.032,0.004562,0.0,-0.0849,-0.3955,0.1903,0.0112,0.03024,0.2773,-0.2856,-0.2573,0.0,0.0,-0.0444,0.01854,-0.119,0.0,2.715,-0.878,-0.11896,-0.2966,0.2474,-0.1937,-0.383,0.07556,-0.2832,-0.3381,0.2267,1.049,-0.7246,-0.03357,-0.02733,0.0,0.0,-0.03253,0.0,-0.086,-0.1017,0.0,0.0,0.0,0.0,0.04565,2.0,1.0,1.0,-0.05252,-0.03058,1.0,0.0,1.0,0.0,0.0,0.0,0.0,0.05115
-0.03035,-0.0303,-0.02986,0.32,-0.3518,0.0,-0.0849,-0.3413,-0.1531,-0.10754,0.01682,-1.09,-0.2856,-0.2476,-1.0,0.0,0.0739,0.1348,-0.1874,0.0,2.715,-0.8193,-0.1519,-0.282,-0.10284,-0.1976,0.6714,-0.7544,-0.297,0.07556,0.1129,0.636,-1.82,-0.03152,-0.02701,0.0,0.0,-0.03342,0.0,-0.1036,-0.3928,0.0,0.0,0.0,0.0,-0.4094,1.0,1.0,0.5,0.308,-0.3503,0.0,1.0,1.0,0.0,0.0,1.0,-1.387,-0.458
-0.03186,-0.03183,-0.03137,0.6245,-0.659,0.0,-0.0849,-0.3071,-0.4548,-0.2177,-0.000916,8.88,-0.2856,-0.2377,-1.0,0.0,0.185,0.2471,-0.2512,0.0,2.715,-0.2917,-0.2007,-0.2664,-0.4075,-0.2056,0.6577,-0.7134,-0.2905,-0.7544,-0.3381,0.2266,0.1696,-0.0331,-0.02734,0.0,0.0,-0.03464,0.0,-0.12006,-0.513,0.0,0.0,0.0,0.0,-1.022,0.0,0.5,0.5,0.6064,-0.64,0.0,2.0,1.0,0.0,0.0,0.0,0.0,-1.158
-0.0332,-0.03323,-0.03268,0.5713,-0.6084,0.0,-0.0849,-0.377,-0.384,-0.2192,-0.0233,-0.0857,-0.4285,-0.2278,-1.0,0.0,0.1803,0.2554,-0.25,0.0,2.715,-0.4653,-0.2722,-0.2499,-0.3406,-0.217,0.918,0.01289,-0.2776,-0.7134,0.07556,0.11285,-0.416,-0.036,-0.02783,0.0,0.0,-0.03528,0.0,-0.11993,-0.6772,0.0,0.0,0.0,0.0,0.01736,0.0,1.0,0.5,0.52,-0.63,1.0,0.0,1.0,0.0,0.0,0.0,0.0,0.0199
-0.03378,-0.0338,-0.03323,0.3176,-0.3533,0.0,-0.0849,-0.436,-0.1295,-0.1521,-0.03278,-0.8955,-0.4285,-0.2178,-1.0,0.0,0.1088,0.1902,-0.2079,0.0,2.715,-0.817,-0.3665,-0.2382,-0.0737,-0.2241,0.591,0.4768,-0.2822,0.01289,-0.7544,-0.338,0.694,-0.03842,-0.02809,0.0,0.0,-0.03598,0.0,-0.10925,-0.3328,0.0,0.0,0.0,0.0,0.4524,1.0,1.0,1.0,0.2107,-0.4553,2.0,0.0,1.0,0.0,0.0,0.0,0.0,0.5186
-0.0345,-0.0346,-0.03384,0.3606,-0.4026,0.0,-0.0849,-0.621,-0.235,-0.1754,-0.02432,8.22,-0.4285,-0.2079,-1.0,0.0,0.1151,0.2324,-0.2203,0.0,2.715,-0.488,-0.4346,-0.242,-0.18,-0.2169,0.05103,-0.1406,-0.2844,0.4768,-0.7134,0.0755,1.049,-0.04135,-0.02885,0.0,0.0,-0.0367,0.0,-0.11255,0.2683,0.0,0.0,0.0,0.0,-0.178,0.0,0.5,1.0,0.2527,-0.5024,0.0,1.0,1.0,0.0,0.0,0.0,0.0,-0.2024
-0.03528,-0.03543,-0.03464,0.3896,-0.4346,0.0,-0.0849,-0.66,-0.318,-0.1946,-0.0185,0.9023,-0.4285,-0.2079,-1.0,0.0,0.1306,0.2563,-0.2306,0.0,2.715,-0.227,-0.4849,-0.2625,-0.2805,-0.2085,-0.332,-0.11536,-0.2878,-0.1406,0.01289,-0.7544,0.636,-0.04382,-0.0297,0.0,0.0,-0.03754,0.0,-0.11536,0.1621,0.0,0.0,0.0,0.0,-0.1569,0.0,0.0,0.5,0.2659,-0.5493,0.0,2.0,1.0,0.0,0.0,0.0,0.0,-0.1788
-0.03326,-0.0334,-0.03262,-0.4805,0.448,0.0,-0.0849,-0.533,0.5273,0.0917,0.01013,-4.426,-0.2856,-0.2079,0.0,0.0,-0.132,-0.04874,-0.05643,0.0,2.715,0.6377,-0.506,-0.2998,0.5293,-0.1831,-0.5273,1.965,-0.263,-0.11536,0.4768,-0.713,0.2266,-0.04236,-0.03014,0.0,0.0,-0.0371,0.0,-0.071,0.8267,1.0,0.0,0.0,0.0,5.25,1.0,0.0,1.0,-0.4875,0.3928,1.0,0.0,1.0,0.0,1.0,0.0,4.0,5.766
-0.03108,-0.0312,-0.03044,-0.523,0.4915,0.0,-0.0849,-0.5806,0.55,0.1233,0.0338,0.1812,-0.1428,-0.198,0.0,0.0,-0.1654,-0.0755,-0.0348,0.0,2.715,-0.5366,-0.4573,-0.3435,0.515,-0.1587,-0.5615,0.2362,-0.2219,1.965,-0.1406,0.012886,0.11285,-0.0388,-0.03047,0.0,0.0,-0.03635,0.0,-0.0656,0.7456,0.0,0.0,0.0,0.0,0.3206,1.0,0.0,1.0,-0.569,0.3909,2.0,0.0,1.0,0.0,0.0,0.0,0.0,0.3542
-0.02962,-0.02972,-0.02898,-0.3096,0.2754,0.0,-0.0849,-0.6187,0.3298,0.06616,0.0434,-0.2198,0.0,-0.1881,0.0,0.0,-0.1159,-0.01522,-0.06665,0.0,2.715,-0.1627,-0.3955,-0.3918,0.2766,-0.1461,-0.329,-0.3467,-0.2145,0.2362,-0.11536,0.4768,-0.338,-0.03445,-0.03053,0.0,0.0,-0.0362,0.0,-0.0739,0.3362,0.0,0.0,0.0,0.0,-0.4885,0.0,0.0,0.5,-0.3828,0.1611,0.0,1.0,1.0,0.0,0.0,0.0,0.0,-0.538
-0.02823,-0.02834,-0.0276,-0.2827,0.249,0.0,-0.0849,-0.6343,0.3235,0.0672,0.04636,0.1279,0.0,-0.1782,0.0,0.0,-0.1183,-0.01476,-0.06323,0.0,2.715,-0.532,-0.3438,-0.4355,0.2693,-0.1412,-0.335,0.03735,-0.1893,-0.3467,1.965,-0.1406,0.0755,-0.03008,-0.03069,0.0,0.0,-0.03546,0.0,-0.0732,0.1454,0.0,0.0,0.0,0.0,0.03775,1.0,0.0,0.5,-0.3682,0.12354,1.0,0.0,1.0,0.0,0.0,0.0,0.0,0.0418
-0.02713,-0.02722,-0.0265,-0.1989,0.1647,0.0,0.469,-0.6367,0.261,0.04807,0.04648,-0.01349,0.0,-0.1683,0.0,0.0,-0.1006,0.004578,-0.0723,0.0,2.715,-0.6313,-0.3018,-0.4424,0.2074,-0.1388,0.1316,-0.0996,-0.2102,0.03735,0.2362,-0.1153,-0.7544,-0.02689,-0.03064,0.0,0.0,-0.03348,0.0,-0.0756,0.01514,0.0,0.0,0.0,0.0,-0.0849,1.0,0.0,0.0,-0.2908,0.03882,0.0,1.0,1.0,0.0,0.0,0.0,0.0,-0.094
-0.02638,-0.02647,-0.02576,-0.0901,0.05484,0.0,0.469,-0.6265,0.1716,0.01822,0.0442,-0.11774,0.0,-0.1683,0.0,0.0,-0.0717,0.03357,-0.0883,0.0,2.715,-0.528,-0.2695,-0.4314,0.119,-0.1383,0.6064,-0.1746,-0.2395,-0.0996,-0.3467,1.964,-0.713,-0.02379,-0.03055,0.0,0.0,-0.03174,0.0,-0.07983,-0.10626,0.0,0.0,0.0,0.0,-0.167,0.0,0.0,-0.5,-0.1975,-0.0794,0.0,2.0,1.0,0.0,0.0,0.0,0.0,-0.1852
-0.02539,-0.02548,-0.02478,-0.1608,0.127,0.0,0.469,-0.6387,0.2544,0.04654,0.04724,0.4602,0.0,-0.1683,0.0,0.0,-0.0994,0.006313,-0.069,0.0,2.715,-0.8496,-0.2428,-0.4133,0.2113,-0.1361,0.702,0.2126,-0.304,-0.1746,0.03735,0.2361,0.012886,-0.02,-0.02998,0.0,0.0,-0.02951,0.0,-0.07495,0.1288,0.0,0.0,0.0,0.0,0.2084,0.0,0.0,0.0,-0.2573,-0.000881,1.0,0.0,1.0,0.0,0.0,0.0,0.0,0.2318
-0.02455,-0.02464,-0.02396,-0.1155,0.0817,0.0,0.469,-0.6353,0.2177,0.03693,0.04898,0.03348,0.0,-0.1584,0.0,0.0,-0.09,0.01559,-0.0723,0.0,2.715,-0.849,-0.2213,-0.3948,0.1783,-0.1333,0.551,-0.03738,-0.341,0.2126,-0.09955,-0.3467,0.4766,-0.02037,-0.0297,0.0,0.0,-0.02783,0.0,-0.0759,0.0824,0.0,0.0,0.0,0.0,-0.02763,0.0,-0.5,-0.5,-0.2524,-0.0866,0.0,1.0,1.0,0.0,0.0,0.0,0.0,-0.03062
-0.02354,-0.02365,-0.02293,-0.1676,0.1339,0.0,0.469,-0.6807,0.2527,0.05872,0.05975,0.2588,0.1428,-0.1486,0.0,0.0,-0.1145,-0.001836,-0.05643,0.0,2.715,-0.784,-0.2031,-0.376,0.2279,-0.1266,0.7153,0.1746,-0.3357,-0.03738,-0.1746,0.03735,-0.1406,-0.02089,-0.02927,0.0,0.0,-0.02678,0.0,-0.07196,0.555,0.0,0.0,0.0,0.0,0.192,0.0,0.0,0.0,-0.3286,-0.0647,1.0,0.0,1.0,0.0,0.0,0.0,0.0,0.213
-0.02197,-0.0221,-0.02133,-0.3384,0.3054,0.0,0.469,-0.688,0.388,0.12384,0.0827,0.546,0.2856,-0.1387,0.0,0.0,-0.1755,-0.06573,-0.01429,0.0,2.715,-0.1914,-0.1794,-0.3467,0.3494,-0.1069,0.8833,0.46,-0.3074,0.1746,0.2125,-0.09955,-0.1153,-0.01965,-0.02864,0.0,0.0,-0.02586,0.0,-0.06137,1.183,1.0,0.0,0.0,0.0,0.8687,1.0,0.5,0.5,-0.465,0.131,2.0,0.0,1.0,0.0,0.0,0.0,0.0,0.9604
-0.02115,-0.02133,-0.02046,-0.111,0.07214,0.0,0.469,-0.67,0.102,0.05524,0.10126,-0.4805,0.4285,-0.1287,0.0,0.0,-0.1103,0.000572,-0.053,0.0,2.715,-0.617,-0.1705,-0.3127,0.0707,-0.0931,-0.0798,-0.4194,-0.2976,0.46,-0.03738,-0.1746,1.964,-0.01941,-0.02832,0.0,0.0,-0.02542,0.0,-0.0714,0.867,1.0,0.0,0.0,0.0,-0.3982,1.0,0.0,0.0,-0.2527,-0.10095,0.0,1.0,1.0,0.0,0.0,0.0,0.0,-0.437
-0.02019,-0.02039,-0.01945,-0.159,0.11835,-0.27,0.469,-0.682,0.11597,0.075,0.11646,0.2135,0.5713,-0.11884,0.0,0.0,-0.1299,-0.01796,-0.0382,0.0,2.715,-0.686,-0.1882,-0.2793,0.10156,-0.0839,-0.2142,0.1615,-0.285,-0.4194,0.1746,0.2125,0.2361,-0.01862,-0.02783,0.0,0.0,-0.02495,0.0,-0.06775,0.7847,1.0,0.0,0.0,0.0,0.1613,1.0,0.0,0.0,-0.2957,-0.05283,1.0,0.0,1.0,0.0,0.0,0.0,0.0,0.1782
-0.01987,-0.02013,-0.01907,0.03598,-0.0832,-0.27,0.469,-0.615,-0.1304,0.01214,0.1293,-1.026,0.5713,-0.1089,-1.0,0.0,-0.06494,0.03864,-0.0735,0.0,2.715,0.1409,-0.2118,-0.2457,-0.1405,-0.0734,-0.01509,-0.384,-0.2817,0.1615,0.46,-0.03738,-0.3467,-0.01826,-0.02777,0.0,0.0,-0.02452,0.0,-0.0769,0.6196,0.0,0.0,0.0,0.0,-0.4216,1.0,0.0,0.0,-0.09656,-0.2349,0.0,1.0,1.0,0.0,0.0,0.0,0.0,-0.4648
-0.01949,-0.01991,-0.01852,0.012634,-0.0703,-0.27,0.469,-0.6406,-0.1622,0.01678,0.1436,2.424,0.5713,-0.099,-1.0,0.0,-0.0716,0.03638,-0.0678,0.0,2.715,-0.5312,-0.2378,-0.2128,-0.1725,-0.06134,-0.04095,0.06235,-0.2778,-0.384,-0.4194,0.1746,0.03735,-0.01823,-0.02731,0.0,0.0,-0.0241,0.0,-0.07556,0.7104,0.0,0.0,0.0,0.0,0.06744,1.0,0.0,0.5,-0.2101,-0.322,1.0,0.0,1.0,0.0,0.0,0.0,0.0,0.0748
-0.01962,-0.02007,-0.01866,0.1722,-0.2323,-0.27,0.469,-0.8564,-0.311,-0.03784,0.1353,3.61,0.4285,-0.0891,-1.0,0.0,-0.03918,0.1124,-0.0986,0.0,2.715,-0.8125,-0.2472,-0.1903,-0.3442,-0.05957,0.01366,-0.3364,-0.2927,0.06235,0.1615,0.46,-0.09955,-0.01886,-0.02612,0.0,0.0,-0.02336,0.0,-0.08356,-0.466,0.0,0.0,0.0,0.0,-0.2993,0.0,0.0,0.0,-0.05542,-0.477,0.0,1.0,1.0,0.0,0.0,0.0,0.0,-0.3318
-0.01884,-0.0193,-0.01788,-0.10596,0.04938,-0.27,0.915,-0.867,-0.003038,0.053,0.1313,-1.582,0.4285,-0.0891,0.0,0.0,-0.1259,0.0217,-0.04163,0.0,2.715,-0.4187,-0.2476,-0.1841,-0.02548,-0.0629,0.0978,0.6265,-0.341,-0.3364,-0.384,-0.4194,-0.1744,-0.01851,-0.0247,0.0,0.0,-0.02162,0.0,-0.06903,-0.1849,0.0,0.0,0.0,0.0,0.447,1.0,0.5,0.0,-0.3013,-0.1818,1.0,0.0,1.0,0.0,0.0,0.0,0.0,0.498
-0.01677,-0.01715,-0.01585,-0.493,0.4456,-0.27,0.915,-0.884,0.423,0.194,0.1409,4.312,0.4285,-0.0891,0.0,0.0,-0.257,-0.11554,0.04605,0.0,2.715,-0.4348,-0.2374,-0.19,0.3906,-0.05374,0.00503,0.9546,-0.365,0.6265,0.06235,0.1615,0.2125,-0.01709,-0.02258,0.0,0.0,-0.01917,0.0,-0.04675,0.531,0.0,0.0,0.0,0.0,1.742,1.0,0.5,0.5,-0.6187,0.2605,2.0,0.0,1.0,0.0,1.0,0.0,2.79,1.922
-0.01501,-0.015366,-0.01413,-0.3958,0.3489,-0.27,0.915,-0.8955,0.341,0.1771,0.1492,-0.0242,0.4285,-0.0891,0.0,0.0,-0.2428,-0.098,0.0381,0.0,2.715,-0.6963,-0.2313,-0.2118,0.321,-0.0485,0.0992,-0.08545,-0.3813,0.9546,-0.3364,-0.384,-0.03735,-0.01495,-0.02084,0.0,0.0,-0.01712,0.0,-0.04892,0.456,0.0,0.0,0.0,0.0,-0.08167,1.0,0.5,0.0,-0.5293,0.1626,0.0,1.0,1.0,0.0,0.0,0.0,0.0,-0.0886
-0.01381,-0.01416,-0.01294,-0.228,0.1798,-0.27,0.915,-0.8887,0.1742,0.1321,0.1555,-0.2583,0.4285,-0.0891,0.0,0.0,-0.201,-0.05457,0.01304,0.0,2.715,-0.627,-0.2317,-0.2383,0.1583,-0.04263,0.0683,-0.2688,-0.4407,-0.08545,0.6265,0.06235,0.1744,-0.013756,-0.01976,0.0,0.0,-0.01519,0.0,-0.05548,0.3428,0.0,0.0,0.0,0.0,-0.3115,0.0,0.0,0.0,-0.3677,-3.314e-05,0.0,2.0,1.0,0.0,0.0,0.0,0.0,-0.3386
-0.01226,-0.012596,-0.011406,-0.3315,0.286,-0.27,0.915,-0.86,0.2817,0.1771,0.1671,0.5503,0.4285,-0.0891,0.0,0.0,-0.2396,-0.10144,0.04263,0.0,2.715,-0.2206,-0.2347,-0.2644,0.251,-0.03041,-0.1538,0.3193,-0.5312,-0.2688,0.9546,-0.3362,0.4597,-0.01103,-0.01883,0.0,0.0,-0.01292,0.0,-0.04807,0.574,0.0,0.0,0.0,0.0,0.492,1.0,0.0,0.5,-0.4597,0.1103,1.0,0.0,1.0,0.0,0.0,0.0,0.0,0.537
-0.009186,-0.00941,-0.00844,-0.768,0.735,-0.27,0.915,-0.749,0.761,0.346,0.1869,1.468,0.4285,-0.0891,0.0,0.0,-0.3806,-0.2734,0.1486,0.0,2.715,0.6113,-0.2145,-0.2566,0.6577,-0.001672,0.1265,1.136,-0.4138,0.3193,-0.0854,0.6265,-0.4192,-0.005955,-0.01743,0.0,0.0,-0.01122,0.0,-0.02127,0.8403,1.0,0.0,0.0,0.0,3.324,1.0,0.5,0.5,-0.8164,0.6123,2.0,0.0,1.0,-1.0,0.0,0.0,0.0,3.61
-0.0064,-0.006557,-0.005722,-0.6797,0.65,-0.5933,0.915,-0.6943,0.675,0.3398,0.2069,0.03513,0.4285,-0.0891,0.0,0.0,-0.3704,-0.273,0.1486,0.0,2.715,-0.2593,-0.1947,-0.229,0.5713,0.014885,0.1603,0.0,-0.3308,1.136,-0.2688,0.9546,0.1615,-0.0001602,-0.01607,0.0,0.0,-0.0097,0.0,-0.02151,0.8623,1.0,0.0,0.0,0.0,0.0,0.0,0.0,0.5,-0.745,0.5156,0.0,0.0,1.0,-1.0,0.0,0.0,0.0,0.0
-0.00356,-0.003664,-0.002928,-0.6924,0.666,-0.5933,0.915,-0.6904,0.696,0.3674,0.2273,0.172,0.4285,-0.0891,0.0,0.0,-0.3943,-0.299,0.1691,0.0,2.715,-0.6494,-0.1722,-0.1932,0.5933,0.0312,0.501,0.2157,-0.257,0.0,0.319,-0.0854,-0.384,0.00478,-0.014435,0.0,0.0,-0.007744,0.0,-0.01648,0.8735,1.0,0.0,0.0,0.0,0.3867,1.0,0.5,0.5,-0.771,0.516,1.0,0.0,1.0,-1.0,0.0,0.0,0.0,0.412
-0.0001947,-0.0002353,0.0003695,-0.834,0.814,-0.5933,0.915,-0.715,0.8696,0.443,0.248,0.378,0.4285,-0.0891,0.0,0.0,-0.462,-0.367,0.2191,0.0,2.715,-0.3853,-0.10925,-0.1456,0.717,0.05756,0.618,0.5254,-0.1648,0.2157,1.136,-0.2688,0.06232,0.00884,-0.012566,0.0,0.0,-0.0054,0.0,-0.00393,0.893,1.0,0.0,0.0,0.0,1.26,2.0,0.5,0.5,-0.9014,0.666,2.0,0.0,1.0,-1.0,0.0,0.0,0.0,1.338
0.002615,0.002596,0.003159,-0.6743,0.6543,-0.5933,0.915,-0.7256,0.692,0.412,0.2717,-0.0548,0.4285,-0.0891,0.0,0.0,-0.436,-0.3372,0.2043,0.0,2.715,-0.734,-0.03983,-0.0993,0.549,0.07513,0.993,-0.1539,-0.10986,0.5254,0.0,0.319,-0.3362,0.01274,-0.01039,0.0,0.0,-0.003107,0.0,-0.007965,1.055,1.0,0.0,0.0,0.0,-0.3032,1.0,0.5,0.5,-0.753,0.5063,0.0,1.0,1.0,-1.0,0.0,0.0,0.0,-0.319
0.005085,0.0051,0.005592,-0.5747,0.556,-0.5933,0.915,-0.6733,0.5767,0.3975,0.2927,-0.013756,0.4285,-0.0792,0.0,0.0,-0.4187,-0.3286,0.1997,0.0,2.715,-0.1421,0.02841,-0.0566,0.436,0.0926,0.825,-0.0475,-0.07983,-0.1539,0.2157,1.136,0.626,0.01712,-0.0079,0.0,0.0,-0.0007167,0.0,-0.00935,0.989,1.0,0.0,0.0,0.0,-0.0847,0.0,0.0,0.0,-0.678,0.3887,0.0,2.0,1.0,-1.0,0.0,0.0,0.0,-0.0894
0.0075,0.007473,0.00805,-0.5586,0.537,-0.5933,0.915,-0.7417,0.5273,0.4084,0.3186,0.065,0.5713,-0.06934,0.0,0.0,-0.4343,-0.3323,0.2112,0.0,2.715,-0.671,0.0935,-0.01895,0.4128,0.1086,0.424,0.1188,-0.05066,-0.0475,0.5254,0.0,0.954,0.02107,-0.005337,0.0,0.0,0.001607,0.0,-0.006626,1.281,1.0,0.0,0.0,0.0,0.1887,1.0,0.0,0.5,-0.659,0.374,1.0,0.0,1.0,-1.0,0.0,0.0,0.0,0.1993
0.00997,0.00992,0.01055,-0.574,0.5513,-0.5933,0.915,-0.7515,0.5093,0.4304,0.3457,0.1121,0.7144,-0.05942,0.0,0.0,-0.454,-0.3518,0.2294,0.0,2.715,-0.6416,0.1615,0.016,0.4102,0.1276,0.5786,0.1897,-0.0271,0.1188,-0.1538,0.2157,-0.0854,0.02296,-0.002914,0.0,0.0,0.00411,0.0,-0.00217,1.304,1.0,0.0,0.0,0.0,0.3296,1.0,0.5,0.5,-0.68,0.3804,2.0,0.0,1.0,-1.0,0.0,0.0,0.0,0.3474
0.0139,0.01387,0.01446,-0.9746,0.958,-0.5933,0.915,-0.6797,0.899,0.5967,0.3875,0.8267,0.857,-0.0495,0.0,0.0,-0.5884,-0.5093,0.3364,0.0,2.715,0.2024,0.2294,0.05585,0.8286,0.1528,0.8574,1.11,0.0531,0.1897,-0.04745,0.5254,-0.2688,0.02737,0.0001704,0.0,0.0,0.00737,0.0,0.02496,1.478,1.0,0.0,1.0,0.0,2.662,1.0,1.0,1.0,-1.031,0.8105,3.0,0.0,1.0,-1.0,0.0,0.0,0.0,2.797
0.01968,0.0198,0.02008,-1.46,1.459,0.0722,0.915,-0.608,1.427,0.817,0.4377,0.7144,0.857,-0.0396,0.0,0.0,-0.761,-0.7075,0.4775,0.0,2.715,-0.0342,0.324,0.1306,1.297,0.201,0.875,1.438,0.2284,1.11,0.1188,-0.1538,0.319,0.0346,0.004093,0.0,0.0,0.01145,0.0,0.06064,1.478,1.0,0.0,1.0,0.0,5.68,2.0,1.0,1.0,-1.384,1.33,4.0,0.0,1.0,-1.0,1.0,0.0,4.234,5.766
0.02623,0.02654,0.02646,-1.631,1.653,0.5034,0.915,-0.6016,1.653,0.942,0.4873,0.3042,0.857,-0.02971,0.0,0.0,-0.8584,-0.813,0.5605,0.0,2.715,-0.5347,0.4626,0.2394,1.429,0.2568,0.481,0.827,0.4062,1.438,0.1896,-0.04745,1.135,0.04263,0.007515,0.0,0.0,0.01654,0.0,0.0814,1.478,1.0,0.0,1.0,0.0,3.121,3.0,1.0,1.0,-1.384,1.557,5.0,0.0,1.0,-1.0,1.0,0.0,2.924,3.145
0.0318,0.0322,0.03195,-1.375,1.39,0.5034,0.915,-0.5845,1.347,0.893,0.5347,-0.04773,0.857,-0.0198,0.0,0.0,-0.819,-0.774,0.538,0.0,2.715,-0.712,0.5728,0.341,1.18,0.2834,0.741,-0.2235,0.517,0.827,1.11,0.1187,0.0,0.05045,0.01069,0.0,0.0,0.02132,0.0,0.0753,1.478,1.0,0.0,0.0,0.0,-0.501,2.0,1.0,1.0,-1.358,1.29,0.0,1.0,0.0,-1.0,0.0,0.0,0.0,-0.498
0.03696,0.03732,0.03708,-1.257,1.2705,0.5034,0.915,-0.578,1.18,0.8926,0.586,0.01799,0.857,-0.0099,0.0,0.0,-0.8184,-0.7744,0.545,0.0,2.715,-0.6074,0.6587,0.4395,1.066,0.3125,0.8574,0.0673,0.579,-0.2235,1.438,0.1896,0.2156,0.05853,0.01408,0.0,0.0,0.02644,0.0,0.0767,1.478,1.0,0.0,1.0,0.0,0.1641,2.0,1.0,1.5,-1.261,1.158,1.0,0.0,0.0,-1.0,0.0,0.0,0.0,0.1637
0.0419,0.0423,0.04202,-1.202,1.216,0.5034,0.915,-0.557,1.082,0.9126,0.636,0.0601,0.857,0.0,0.0,0.0,-0.832,-0.793,0.564,0.0,2.715,0.021,0.729,0.5356,1.013,0.3423,0.7783,0.1904,0.619,0.0673,0.8267,1.11,0.5254,0.06683,0.01755,0.0,0.0,0.03168,0.0,0.08136,1.478,1.0,0.0,1.0,0.0,0.4585,2.0,1.0,1.5,-1.256,1.053,2.0,0.0,0.0,-1.0,0.0,0.0,0.0,0.457
0.04468,0.045,0.04483,-0.614,0.618,0.5034,0.6724,-0.5493,0.4229,0.7236,0.662,-0.461,0.857,0.0099,0.0,0.0,-0.6807,-0.633,0.4548,0.0,2.715,0.216,0.8066,0.625,0.317,0.3743,1.09,-1.072,0.5576,0.1904,-0.2234,1.4375,-0.1538,0.0721,0.02048,0.0,0.0,0.0363,0.0,0.05298,0.992,1.0,0.0,0.0,0.0,-2.928,1.0,1.0,1.0,-0.6465,0.525,0.0,1.0,0.0,-1.0,0.0,0.0,0.0,-2.908
0.0471,0.0474,0.04733,-0.522,0.523,0.5034,0.649,-0.5376,0.2913,0.705,0.687,-0.1256,0.857,0.0198,0.0,0.0,-0.665,-0.618,0.4502,0.0,2.715,-0.1963,0.857,0.693,0.197,0.3943,1.276,-0.04547,0.5,-1.072,0.06726,0.8267,-0.04745,0.07477,0.02345,0.0,0.0,0.04037,0.0,0.05154,0.9673,1.0,0.0,0.0,0.0,-0.0961,0.0,1.0,1.0,-0.568,0.422,0.0,2.0,0.0,-1.0,0.0,0.0,0.0,-0.09717
0.04947,0.04977,0.0497,-0.5117,0.512,0.5034,0.649,-0.4385,0.2478,0.714,0.7104,0.02599,0.857,0.02971,0.0,0.0,-0.663,-0.6353,0.4626,0.0,2.715,0.4583,0.875,0.743,0.1818,0.4102,1.363,0.1252,0.472,-0.04547,0.1904,-0.2234,0.1187,0.0744,0.02641,0.0,0.0,0.04382,0.0,0.0544,0.952,1.0,0.0,0.0,0.0,0.3281,1.0,1.0,1.0,-0.5786,0.3894,1.0,0.0,0.0,-1.0,0.0,0.0,0.0,0.332
0.0526,0.05286,0.0529,-0.7065,0.707,0.5034,0.649,-0.4678,0.4373,0.7993,0.735,0.715,0.857,0.0396,0.0,0.0,-0.735,-0.706,0.523,0.0,2.715,-0.68,0.8843,0.779,0.3738,0.4314,1.406,0.602,0.4414,0.1252,-1.072,0.06726,0.1896,0.07355,0.02971,0.0,0.0,0.04785,0.0,0.06964,0.9717,1.0,0.0,0.0,0.0,1.211,1.0,1.0,1.0,-0.738,0.6074,2.0,0.0,0.0,-1.0,0.0,0.0,0.0,1.223
0.05508,0.05527,0.05542,-0.5347,0.5293,0.5034,0.649,-0.442,0.2245,0.7524,0.759,-0.2795,0.857,0.0495,0.0,0.0,-0.6943,-0.668,0.5015,0.0,2.715,-0.4192,0.8696,0.796,0.1805,0.45,0.9165,-0.2136,0.3623,0.602,-0.04547,0.1904,1.11,0.0727,0.0328,0.0,0.0,0.05188,0.0,0.06384,0.9346,1.0,0.0,0.0,0.0,-0.3926,0.0,0.5,1.0,-0.5664,0.4429,0.0,1.0,0.0,-1.0,0.0,0.0,0.0,-0.3926
0.0571,0.05716,0.05756,-0.4094,0.3953,0.5034,0.649,-0.4434,0.0503,0.716,0.781,-0.4194,0.857,0.05942,0.0,0.0,-0.6655,-0.6367,0.4866,0.0,2.715,-0.2952,0.824,0.7964,0.04184,0.4639,0.1294,-0.1467,0.2695,-0.2136,0.1251,-1.071,1.4375,0.07135,0.03558,0.0,0.0,0.05557,0.0,0.0598,0.881,1.0,0.0,0.0,0.0,-0.2603,0.0,0.0,1.0,-0.444,0.3154,0.0,2.0,0.0,-1.0,0.0,0.0,0.0,-0.261
0.05853,0.05844,0.05917,-0.2622,0.2377,0.5034,0.649,-0.4265,-0.1497,0.6675,0.8,-1.183,0.7144,0.06934,-1.0,0.0,-0.6245,-0.596,0.4639,0.0,2.715,-0.581,0.7437,0.792,-0.1332,0.4775,-0.3896,-0.2262,0.2157,-0.1467,0.6016,-0.04547,0.8267,0.069,0.03845,0.0,0.0,0.0582,0.0,0.0538,0.744,0.0,0.0,0.0,0.0,-0.326,0.0,-0.5,0.5,-0.2998,0.1661,0.0,3.0,0.0,-1.0,0.0,0.0,0.0,-0.328
0.05957,0.05927,0.0604,-0.1454,0.10706,0.5034,0.649,-0.4229,-0.3188,0.625,0.8145,5.508,0.5713,0.0792,-1.0,0.0,-0.589,-0.5586,0.4446,0.0,2.715,-0.7163,0.627,0.7744,-0.285,0.49,-0.307,-0.193,0.1438,-0.2262,-0.2136,0.1251,-0.2234,0.0687,0.0411,0.0,0.0,0.06064,0.0,0.0487,0.6113,0.0,0.0,0.0,0.0,-0.2003,-1.0,-0.5,0.0,-0.2303,-0.006966,0.0,4.0,0.0,-0.5,0.0,0.0,0.0,-0.2023
0.0604,0.06,0.06134,-0.1019,0.0561,0.5034,0.649,-0.4912,-0.3767,0.6064,0.8164,0.4548,0.4285,0.0891,-1.0,0.0,-0.58,-0.536,0.44,0.0,2.715,-0.6084,0.482,0.7437,-0.3682,0.5034,-0.409,-0.04556,0.06824,-0.193,-0.1466,0.6016,0.06726,0.0685,0.04395,0.0,0.0,0.06287,0.0,0.0474,0.2913,0.0,0.0,0.0,0.0,-0.04807,-2.0,-1.0,-0.5,-0.258,-0.1321,0.0,5.0,0.0,0.0,0.0,0.0,0.0,-0.04868
0.06116,0.06073,0.0621,-0.07477,0.02798,0.5034,0.649,-0.615,-0.369,0.594,0.8027,0.1103,0.2856,0.099,-1.0,0.0,-0.5806,-0.5127,0.439,0.0,2.715,-0.731,0.3462,0.7017,-0.389,0.5063,-0.597,-0.0114,0.009995,-0.04556,-0.2262,-0.2135,0.1903,0.06793,0.04678,0.0,0.0,0.0647,0.0,0.04697,-0.3533,0.0,0.0,0.0,0.0,-0.012375,-2.0,-1.5,-1.0,-0.2754,-0.2065,0.0,5.617,0.0,0.5,0.0,0.0,0.0,-0.01255
0.06128,0.06082,0.06223,0.10065,-0.1501,0.5034,0.612,-0.6714,-0.4868,0.526,0.7744,0.6523,0.1428,0.1089,-1.0,0.0,-0.5283,-0.4465,0.4036,0.0,2.715,-0.68,0.232,0.6343,-0.495,0.493,0.01366,-0.3535,-0.0694,-0.0114,-0.193,-0.1466,-1.071,0.0651,0.04956,0.0,0.0,0.06635,0.0,0.03772,-1.132,0.0,1.0,0.0,0.0,-0.5264,-2.0,-1.5,-1.5,-0.10455,-0.376,0.0,5.617,0.0,1.0,0.0,0.0,0.0,-0.5337
0.0616,0.06116,0.06256,0.03812,-0.08704,0.5034,0.612,-0.6816,-0.3735,0.5386,0.7505,-0.1919,0.0,0.11884,-1.0,0.0,-0.54,-0.4568,0.4185,0.0,2.715,-0.682,0.1033,0.546,-0.3906,0.4856,0.01006,0.149,-0.1718,-0.3535,-0.04556,-0.2262,-0.04547,0.0632,0.0521,0.0,0.0,0.0682,0.0,0.04138,-0.911,0.0,0.0,0.0,0.0,0.1731,-1.0,-1.0,-1.0,-0.1588,-0.3088,1.0,0.0,0.0,1.0,0.0,0.0,0.0,0.1765
0.06274,0.06226,0.0637,-0.1782,0.1304,0.5034,0.612,-0.6943,-0.09686,0.609,0.7314,-1.031,0.0,0.1287,0.0,0.0,-0.6,-0.5186,0.4695,0.0,2.715,-0.6123,-0.02853,0.435,-0.1072,0.478,-0.0891,0.5146,-0.2944,0.149,-0.0114,-0.193,0.1251,0.0628,0.05444,0.0,0.0,0.0703,0.0,0.05432,-0.569,0.0,0.0,0.0,0.0,0.684,0.0,-1.0,-1.0,-0.344,-0.07434,2.0,0.0,0.0,1.0,0.0,0.0,0.0,0.696
0.0637,0.0632,0.0648,-0.1458,0.0932,0.5034,0.612,-0.7896,-0.0689,0.596,0.7104,1.815,0.0,0.1387,0.0,0.0,-0.5977,-0.498,0.4685,0.0,2.715,-0.9326,-0.1522,0.3022,-0.06964,0.4688,-0.4658,-0.011345,-0.4468,0.5146,-0.3535,-0.04556,0.6016,0.06287,0.05682,0.0,0.0,0.0723,0.0,0.0539,-0.713,0.0,0.0,0.0,0.0,-0.01365,0.0,-1.5,-1.5,-0.3684,-0.1707,0.0,1.0,0.0,1.0,0.0,0.0,0.0,-0.01377
0.0646,0.064,0.0657,-0.1148,0.0612,0.5034,0.612,-0.8735,-0.0789,0.584,0.7026,-0.09357,0.0,0.1486,0.0,0.0,-0.595,-0.4792,0.4673,0.0,2.715,-0.6577,-0.2482,0.1537,-0.0691,0.4675,-0.3638,-0.011345,-0.5156,-0.011345,0.149,-0.01139,-0.2135,0.0634,0.05936,0.0,0.0,0.0734,0.0,0.05338,-0.0314,0.0,0.0,0.0,0.0,-0.01787,0.0,-1.5,-1.5,-0.341,-0.2041,0.0,2.0,0.0,1.0,0.0,0.0,0.0,-0.01804
0.06555,0.065,0.06665,-0.141,0.08777,0.5034,0.612,-0.8755,-0.03314,0.592,0.6963,1.528,0.0,0.1584,0.0,0.0,-0.6016,-0.4858,0.4788,0.0,2.715,-0.2021,-0.333,0.02025,-0.02348,0.4695,-0.2917,0.11346,-0.5156,-0.011345,0.5146,-0.3533,-0.1466,0.06433,0.06177,0.0,0.0,0.0734,0.0,0.05615,0.0976,0.0,0.0,0.0,0.0,0.1459,1.0,-1.0,-1.0,-0.3662,-0.1786,1.0,0.0,0.0,1.0,0.0,0.0,0.0,0.1472
0.0659,0.0653,0.067,0.03888,-0.0951,-1.038,0.612,-0.9673,-0.1991,0.5244,0.6846,-2.078,-0.1428,0.1683,-1.0,0.0,-0.5537,-0.417,0.4434,0.0,2.715,-0.639,-0.4124,-0.08075,-0.2136,0.4736,-0.1531,-0.351,-0.541,0.11346,-0.01134,0.149,-0.2261,0.06445,0.0634,0.0,0.0,0.07245,0.0,0.04694,-0.285,0.0,0.0,0.0,0.0,-0.4404,0.0,-1.0,-1.5,-0.2109,-0.3743,0.0,1.0,0.0,1.0,0.0,0.0,0.0,-0.4436
0.06635,0.06573,0.0675,0.001724,-0.05908,-1.038,0.612,-0.969,-0.1247,0.531,0.6675,-0.829,-0.2856,0.1782,-1.0,0.0,-0.561,-0.42,0.4536,0.0,2.715,-0.84,-0.4636,-0.1821,-0.1351,0.4675,-0.04385,0.10254,-0.5596,-0.351,-0.011345,0.5146,-0.1929,0.0656,0.06506,0.0,0.0,0.0717,0.0,0.04938,-0.775,0.0,0.0,0.0,0.0,0.1444,0.0,-0.5,-1.5,-0.251,-0.3442,1.0,0.0,0.0,1.0,0.0,0.0,0.0,0.1464
0.067,0.0664,0.0682,-0.05145,-0.006218,-1.038,0.612,-0.969,-0.0406,0.544,0.6543,-9.5,-0.2856,0.1881,0.0,0.0,-0.5757,-0.428,0.4685,0.0,2.715,-0.8413,-0.4827,-0.2773,-0.04608,0.4639,-0.009346,0.1478,-0.5884,0.10254,0.11346,-0.01134,-0.04553,0.0668,0.0668,0.0,0.0,0.0711,0.0,0.053,-0.4492,0.0,0.0,0.0,0.0,0.1975,1.0,0.0,-1.0,-0.3003,-0.2913,2.0,0.0,0.0,1.0,0.0,0.0,0.0,0.1998
0.0692,0.06866,0.0703,-0.4775,0.4294,-0.7485,0.612,-0.969,0.4368,0.6978,0.654,7.168,-0.2856,0.198,0.0,0.0,-0.7017,-0.5664,0.5723,0.0,2.715,0.12415,-0.489,-0.3596,0.4143,0.4724,0.01581,1.032,-0.5806,0.1478,-0.351,-0.011345,-0.01139,0.0692,0.0687,0.0,0.0,0.07117,0.0,0.0793,0.4497,0.0,0.0,0.0,0.0,2.209,2.0,0.5,-0.5,-0.6587,0.1847,3.0,0.0,0.0,1.0,0.0,0.0,0.0,2.229
0.07117,0.0707,0.0722,-0.4038,0.3572,-0.7485,0.612,-0.969,0.3828,0.681,0.656,0.0357,-0.1428,0.2079,0.0,0.0,-0.6875,-0.552,0.569,0.0,2.715,-0.5806,-0.4893,-0.421,0.36,0.4805,0.3228,-0.03345,-0.535,1.032,0.10254,0.11346,-0.3533,0.07153,0.07074,0.0,0.0,0.07214,0.0,0.0782,0.6284,0.0,0.0,0.0,0.0,-0.05283,1.0,0.5,-0.5,-0.5996,0.1027,0.0,1.0,0.0,1.0,0.0,0.0,0.0,-0.0524
0.0745,0.07416,0.07544,-0.768,0.7334,-0.7485,0.612,-0.938,0.792,0.8276,0.6704,1.044,0.0,0.2178,0.0,0.0,-0.7993,-0.685,0.6133,1.0,-0.2903,0.2917,-0.4763,-0.4648,0.737,0.4473,0.3335,0.982,-0.4094,-0.03345,0.1478,-0.351,0.149,0.0763,0.0733,0.0,0.0,0.0739,0.0,0.1036,1.161,1.0,0.0,0.0,0.0,2.377,2.0,0.5,0.0,-0.8955,0.5244,1.0,0.0,0.0,1.0,0.0,0.0,0.0,2.36
0.0764,0.0762,0.0773,-0.3794,0.3462,-0.7485,0.612,-0.6646,0.3865,0.701,0.6777,-0.3474,0.1428,0.2278,0.0,0.0,-0.6733,-0.6025,0.5425,0.0,-0.2878,2.299,-0.4463,-0.4897,0.3071,0.4648,0.1682,-0.692,-0.3752,0.982,1.032,0.1025,0.5146,0.07904,0.07544,0.0,0.0,0.075,0.0,0.08466,0.6377,0.0,0.0,0.0,0.0,-2.627,1.0,0.0,0.0,-0.4988,0.1764,0.0,1.0,0.0,1.0,0.0,0.0,0.0,-2.564
0.0796,0.0794,0.08026,-0.6963,0.6753,-0.7485,0.612,-0.5054,0.7305,0.829,0.6943,0.895,0.2856,0.2377,0.0,0.0,-0.7617,-0.7275,0.6133,1.0,-0.2903,1.244,-0.3726,-0.472,0.616,0.4722,0.2559,0.866,-0.2847,-0.692,-0.03345,0.1478,-0.01134,0.0847,0.078,0.0,0.0,0.0764,0.0,0.10693,0.885,1.0,0.0,0.0,0.0,3.258,1.0,0.5,0.5,-0.7734,0.527,1.0,0.0,0.0,1.0,0.0,0.0,0.0,3.219
0.0809,0.08075,0.08154,-0.2153,0.1895,-0.7485,0.612,-0.378,0.2007,0.665,0.7046,-0.544,0.4285,0.2476,0.0,0.0,-0.618,-0.598,0.519,0.0,-0.2878,0.4636,-0.2803,-0.4316,0.08344,0.488,0.4004,-0.92,-0.266,0.866,0.982,1.032,-0.011345,0.08795,0.0794,0.0,0.0,0.07715,0.0,0.082,0.558,0.0,0.0,0.0,0.0,-2.959,0.0,0.5,0.5,-0.2817,0.0901,0.0,1.0,0.0,1.0,0.0,0.0,0.0,-2.883
0.0807,0.08057,0.08136,0.1976,-0.2285,-0.7485,0.3108,-0.2583,-0.253,0.5156,0.7046,-1.432,0.4285,0.2573,-1.0,0.0,-0.4827,-0.4766,0.4324,0.0,-0.2854,0.1876,-0.2126,-0.3962,-0.3438,0.4902,0.406,-0.8564,-0.2666,-0.92,-0.6914,-0.03345,0.1134,0.08875,0.0795,0.0,0.0,0.0773,0.0,0.0592,0.1425,0.0,0.0,0.0,0.0,-2.098,0.0,0.0,0.0,0.1254,-0.3022,0.0,2.0,0.0,1.0,0.0,0.0,0.0,-2.074
0.08,0.0799,0.0807,0.3232,-0.3547,-0.7485,0.1602,-0.2048,-0.3972,0.4587,0.6953,1.293,0.2856,0.2673,-1.0,0.0,-0.4294,-0.43,0.403,0.0,-0.2827,-0.10944,-0.1658,-0.3652,-0.489,0.491,0.644,-0.2932,-0.268,-0.8564,0.866,0.9814,-0.3508,0.0864,0.07904,0.0,0.0,0.07733,0.0,0.0513,-0.1257,0.0,0.0,0.0,0.0,-0.672,-1.0,0.0,-0.5,0.258,-0.411,0.0,3.0,0.0,1.0,0.0,0.0,0.0,-0.674
0.07965,0.0795,0.0803,0.2462,-0.2761,-0.7485,0.1602,-0.1493,-0.3374,0.4692,0.6875,-0.0897,0.1428,0.2773,-1.0,0.0,-0.4336,-0.445,0.4165,0.0,-0.2803,-0.356,-0.1459,-0.342,-0.4055,0.487,0.598,0.136,-0.2751,-0.2932,-0.9194,-0.6914,0.1025,0.0845,0.0788,0.0,0.0,0.0777,0.0,0.0544,-0.0761,0.0,0.0,0.0,0.0,0.4153,0.0,0.0,0.0,0.1919,-0.3264,1.0,0.0,0.0,1.0,0.0,0.0,0.0,0.4187
0.07904,0.0789,0.07965,0.327,-0.358,-0.7485,0.1602,-0.1523,-0.436,0.4265,0.6777,0.6304,0.0,0.287,-1.0,0.0,-0.397,-0.4053,0.3962,0.0,-0.2778,-0.7646,-0.1434,-0.3237,-0.4907,0.4844,0.5254,-0.2036,-0.2812,0.136,-0.856,0.866,0.1478,0.0797,0.0783,0.0,0.0,0.0779,0.0,0.04886,-0.1412,0.0,0.0,0.0,0.0,-0.5117,-1.0,-0.5,0.0,0.273,-0.4016,0.0,1.0,0.0,1.0,0.0,0.0,0.0,-0.5146
0.0797,0.0796,0.0803,-0.0436,0.0173,-0.7485,0.1602,-0.1262,-0.0687,0.542,0.675,-1.112,0.0,0.297,0.0,0.0,-0.4934,-0.513,0.4763,0.0,-0.2751,0.3567,-0.1501,-0.3071,-0.1114,0.4856,-0.1301,0.8057,-0.2893,-0.2036,-0.2932,-0.9194,1.032,0.07855,0.07825,0.0,0.0,0.0788,0.0,0.0693,0.06555,0.0,0.0,0.0,0.0,1.982,0.0,-0.5,0.0,-0.0528,-0.006413,1.0,0.0,0.0,1.0,0.0,0.0,0.0,2.002
0.0821,0.08203,0.0827,-0.5024,0.4834,-0.4194,0.1602,-0.0894,0.4,0.7065,0.688,11.23,0.1428,0.307,0.0,0.0,-0.626,-0.662,0.5874,0.0,-0.2727,-0.3862,-0.154,-0.2869,0.3672,0.498,-0.1243,1.108,-0.2732,0.8057,0.136,-0.856,-0.03345,0.07794,0.0794,0.0,0.0,0.08093,0.0,0.0977,0.4458,0.0,0.0,0.0,0.0,3.656,1.0,0.0,0.5,-0.4348,0.5073,2.0,0.0,0.0,1.0,1.0,0.0,3.838,3.643
0.0842,0.08417,0.0849,-0.4363,0.4158,-0.4194,0.1602,-0.1062,0.323,0.692,0.7,-0.0212,0.2856,0.317,0.0,0.0,-0.6157,-0.648,0.5864,0.0,-0.2703,-0.9326,-0.1729,-0.2664,0.3135,0.5083,-0.699,-0.010994,-0.2644,1.108,-0.2036,-0.2932,0.9814,0.0795,0.0805,0.0,0.0,0.08295,0.0,0.09717,0.4211,0.0,0.0,0.0,0.0,-0.02248,1.0,-0.5,0.0,-0.3801,0.4329,0.0,1.0,0.0,1.0,0.0,0.0,0.0,-0.02197
0.0857,0.0856,0.08636,-0.2524,0.2286,-0.4194,0.1602,-0.0503,0.1199,0.632,0.7075,-0.3655,0.2856,0.3267,0.0,0.0,-0.561,-0.6006,0.556,0.0,-0.2676,-0.3362,-0.2126,-0.248,0.12256,0.5176,-0.253,-0.2969,-0.2585,-0.010994,0.8057,0.136,-0.6914,0.0825,0.0814,0.0,0.0,0.0842,0.0,0.0889,0.2888,0.0,0.0,0.0,0.0,-0.78,0.0,-0.5,-0.5,-0.2435,0.2083,0.0,2.0,0.0,1.0,0.0,0.0,0.0,-0.7627
0.0864,0.0863,0.0871,-0.05017,0.02342,-0.4194,0.1602,-0.0699,-0.0718,0.56,0.699,-0.7515,0.2856,0.3267,0.0,0.0,-0.503,-0.5347,0.518,0.0,-0.2651,-0.2394,-0.2642,-0.2395,-0.0779,0.5215,-0.7944,-0.3757,-0.2683,-0.2969,1.108,-0.2035,0.8657,0.0852,0.0818,0.0,0.0,0.0852,0.0,0.0787,-0.088,0.0,0.0,0.0,0.0,-0.9185,0.0,-1.0,-1.0,-0.03503,0.02568,0.0,3.0,0.0,1.0,0.0,0.0,0.0,-0.903
0.0868,0.0867,0.08746,0.0369,-0.06445,-0.4194,0.1602,-0.05142,-0.1499,0.524,0.6895,-1.833,0.1428,0.3267,-1.0,0.0,-0.4714,-0.504,0.502,0.0,-0.2627,-0.4312,-0.3362,-0.2395,-0.1565,0.522,-0.2515,-0.1558,-0.284,-0.3757,-0.010994,0.8057,-0.9194,0.0872,0.0822,0.0,0.0,0.0861,0.0,0.0744,-0.1245,0.0,0.0,0.0,0.0,-0.2471,-1.0,-1.0,-1.0,0.003635,-0.1081,0.0,4.0,0.0,1.0,0.0,0.0,0.0,-0.2444
0.0858,0.0857,0.0865,0.4197,-0.453,-0.4194,0.1602,-0.06964,-0.4983,0.3804,0.659,11.15,0.0,0.3267,-1.0,0.0,-0.3499,-0.3706,0.4177,0.0,-0.26,-0.3713,-0.4036,-0.2512,-0.5176,0.512,0.291,-0.8364,-0.287,-0.1558,-0.2969,1.108,-0.856,0.08777,0.0822,0.0,0.0,0.0862,0.0,0.0521,-0.6636,0.0,0.0,0.0,0.0,-2.568,-2.0,-1.0,-1.5,0.372,-0.4827,0.0,5.0,0.0,1.0,0.0,0.0,0.0,-2.547
0.08545,0.0852,0.08624,0.2405,-0.2766,-0.4194,0.1602,-0.3635,-0.3086,0.4236,0.641,-0.4004,-0.1428,0.3267,-1.0,0.0,-0.4136,-0.3823,0.4514,0.0,-0.2576,-0.831,-0.4622,-0.269,-0.3357,0.5083,0.4688,0.3394,-0.315,-0.8364,-0.3757,-0.01099,-0.2932,0.08716,0.0825,0.0,0.0,0.08685,0.0,0.0606,-0.3672,0.0,0.0,0.0,0.0,0.6226,-1.0,-0.5,-1.0,0.1775,-0.337,1.0,0.0,0.0,1.0,0.0,0.0,0.0,0.6265
0.08746,0.0872,0.08826,-0.402,0.3718,-0.4194,0.1602,-0.4517,0.4094,0.643,0.629,-3.93,-0.1428,0.3267,0.0,0.0,-0.6064,-0.5723,0.5977,0.0,-0.2551,0.705,-0.4866,-0.3015,0.393,0.503,0.4133,1.462,-0.3186,0.3394,-0.1556,-0.2969,0.136,0.0874,0.0838,0.0,0.0,0.0886,0.0,0.0982,-0.1825,0.0,0.0,0.0,0.0,3.846,0.0,-0.5,-1.0,-0.4004,0.332,2.0,0.0,0.0,1.0,0.0,0.0,0.0,3.846
0.08966,0.0894,0.09045,-0.4446,0.416,-0.364,0.1602,-0.5454,0.4832,0.667,0.63,0.2969,-0.1428,0.3267,0.0,0.0,-0.635,-0.584,0.6133,1.0,-0.2903,-0.5537,-0.4924,-0.3484,0.483,0.5,0.658,0.2196,-0.314,1.462,-0.836,-0.3757,-0.2035,0.0882,0.0852,0.0,0.0,0.0905,0.0,0.1037,0.1815,0.0,0.0,0.0,0.0,0.5576,1.0,0.0,-0.5,-0.4744,0.3389,3.0,0.0,0.0,1.0,0.0,0.0,0.0,0.5444
0.0913,0.09106,0.0921,-0.3035,0.2732,-0.364,0.1602,-0.5786,0.3254,0.623,0.6387,-0.1461,0.0,0.3267,0.0,0.0,-0.6016,-0.5425,0.5933,0.0,-0.2878,-0.09296,-0.4922,-0.397,0.3364,0.5103,0.291,-0.1969,-0.2961,0.2196,0.339,-0.1556,0.8057,0.08923,0.0865,0.0,0.0,0.0913,0.0,0.0982,0.4448,0.0,0.0,0.0,0.0,-0.417,1.0,-0.5,-0.5,-0.3467,0.1921,0.0,1.0,0.0,1.0,0.0,0.0,0.0,-0.4058
0.0916,0.0914,0.09247,0.04678,-0.0834,-0.364,0.1602,-0.556,-0.06757,0.4985,0.6426,-0.8354,0.1428,0.3367,0.0,0.0,-0.4949,-0.4326,0.5215,0.0,-0.2854,-0.077,-0.4868,-0.4512,-0.04648,0.518,-0.3413,-0.702,-0.2966,-0.1969,1.462,-0.836,1.108,0.0895,0.0876,0.0,0.0,0.09155,0.0,0.0792,0.2695,0.0,0.0,0.0,0.0,-1.438,1.0,-1.0,-0.5,0.01367,-0.1261,0.0,2.0,0.0,1.0,0.0,0.0,0.0,-1.403
0.098,0.0982,0.0984,-1.485,1.494,0.539,0.1602,-0.3054,1.597,1.081,0.6865,14.88,0.2856,0.3367,0.0,0.0,-0.9385,-0.955,0.6133,1.0,-0.2903,1.67,-0.333,-0.4124,1.434,0.3074,-0.3723,2.549,-0.02567,-0.702,0.2195,0.339,-0.01099,0.0991,0.0907,0.0,0.0,0.0942,0.0,0.1769,0.908,1.0,0.0,0.0,0.0,7.266,1.0,-0.5,-0.5,-1.269,1.6045,1.0,0.0,0.0,1.0,1.0,0.0,4.234,5.766
0.10266,0.10297,0.1029,-1.044,1.055,0.539,0.1602,-0.238,1.092,0.954,0.725,-0.1805,0.4285,0.3367,0.0,0.0,-0.836,-0.8584,0.545,0.0,-0.2878,-0.285,-0.1562,-0.3186,0.887,0.3484,0.02731,-0.6685,0.1028,2.549,-0.1968,1.461,-0.2969,0.1091,0.09314,0.0,0.0,0.0968,0.0,0.1575,0.7544,0.0,0.0,0.0,0.0,-3.205,0.0,-0.5,-0.5,-0.8594,1.164,0.0,1.0,0.0,1.0,0.0,0.0,0.0,-2.979
0.10535,0.10565,0.1055,-0.548,0.553,0.539,0.1602,-0.2241,0.545,0.7935,0.7446,-0.3538,0.4285,0.3367,0.0,0.0,-0.708,-0.724,0.4546,0.0,-0.2854,0.00653,-0.01619,-0.2218,0.3481,0.3674,0.4507,-0.8877,0.1462,-0.6685,-0.702,0.2195,-0.3755,0.11597,0.0951,0.0,0.0,0.0979,0.0,0.1326,0.3938,0.0,0.0,0.0,0.0,-2.322,-1.0,-0.5,-1.0,-0.3997,0.6616,0.0,2.0,0.0,1.0,0.0,0.0,0.0,-2.182
0.10785,0.1082,0.10803,-0.5024,0.5103,0.539,0.1602,-0.2155,0.516,0.789,0.751,0.09503,0.4285,0.3367,0.0,0.0,-0.7036,-0.721,0.46,0.0,-0.2827,0.207,0.09894,-0.1357,0.316,0.3796,0.6943,0.05362,0.1888,-0.8877,2.547,-0.1968,-0.1556,0.1195,0.09705,0.0,0.0,0.0998,0.0,0.1337,0.2155,0.0,0.0,0.0,0.0,0.1511,0.0,0.0,-1.0,-0.357,0.619,1.0,0.0,0.0,1.0,0.0,0.0,0.0,0.1442
0.1101,0.11053,0.1102,-0.433,0.4434,0.539,0.1602,-0.1638,0.4553,0.774,0.7573,0.0372,0.4285,0.3367,0.0,0.0,-0.687,-0.7134,0.459,0.0,-0.2803,-0.4849,0.1897,-0.0654,0.275,0.387,1.39,-0.01071,0.2008,0.05362,-0.6685,-0.702,-0.836,0.1225,0.09894,0.0,0.0,0.1024,0.0,0.1332,0.2155,0.0,0.0,0.0,0.0,-0.02022,0.0,0.0,-1.0,-0.3086,0.535,0.0,1.0,0.0,1.0,0.0,0.0,0.0,-0.01927
0.1122,0.1126,0.11224,-0.3801,0.3923,0.539,0.3623,-0.11914,0.3945,0.762,0.7676,0.02597,0.4285,0.3367,0.0,0.0,-0.674,-0.7075,0.46,0.0,-0.2778,0.135,0.2668,-0.005043,0.2338,0.3965,1.385,0.01071,0.1876,-0.01071,-0.887,2.547,0.339,0.126,0.101,0.0,0.0,0.10535,0.0,0.1332,0.2976,0.0,0.0,0.0,0.0,0.02202,0.0,0.0,-0.5,-0.279,0.4624,1.0,0.0,0.0,1.0,0.0,0.0,0.0,0.021
0.1156,0.1161,0.1156,-0.7207,0.7393,0.539,0.3623,-0.1315,0.74,0.8994,0.793,0.8877,0.4285,0.3367,0.0,0.0,-0.7837,-0.8228,0.5522,0.0,-0.2751,-0.3574,0.3403,0.0521,0.6,0.4143,0.639,0.9214,0.2096,0.01071,0.05362,-0.6685,1.461,0.1335,0.1036,0.0,0.0,0.1089,0.0,0.158,0.5635,0.0,0.0,0.0,0.0,2.195,1.0,0.0,0.0,-0.564,0.8433,2.0,0.0,0.0,1.0,0.0,0.0,0.0,2.092
0.118,0.11847,0.11804,-0.464,0.4788,0.539,0.3623,-0.09717,0.4348,0.8193,0.8154,-0.2488,0.5713,0.3367,0.0,0.0,-0.7173,-0.7583,0.5117,0.0,-0.2727,-0.2357,0.3987,0.10034,0.34,0.4268,0.653,-0.4011,0.1775,0.9214,-0.01071,-0.887,0.2195,0.131,0.1059,0.0,0.0,0.1123,0.0,0.1466,0.489,0.0,0.0,0.0,0.0,-0.6636,1.0,-0.5,0.0,-0.3423,0.565,0.0,1.0,0.0,1.0,0.0,0.0,0.0,-0.6226
0.12146,0.1218,0.12164,-0.7383,0.75,0.539,0.3623,-0.123,0.661,0.932,0.8564,0.5947,0.7144,0.3367,0.0,0.0,-0.808,-0.8506,0.59,0.0,-0.2703,-0.2935,0.4504,0.155,0.5864,0.4546,0.898,0.7754,0.207,-0.4011,0.01071,0.0536,-0.1968,0.1321,0.10803,0.0,0.0,0.1157,0.0,0.1677,0.84,1.0,0.0,0.0,0.0,1.301,1.0,0.0,0.5,-0.577,0.858,1.0,0.0,0.0,1.0,0.0,0.0,0.0,1.229
0.12494,0.1252,0.1252,-0.741,0.746,0.539,0.3623,-0.0954,0.606,0.9497,0.8955,0.0647,0.857,0.3464,0.0,0.0,-0.82,-0.868,0.6104,0.0,-0.2676,-0.4941,0.4841,0.2152,0.5747,0.4775,1.539,0.1992,0.2659,0.7754,0.9214,-0.01071,-0.702,0.136,0.1103,0.0,0.0,0.1184,0.0,0.173,0.8247,1.0,0.0,0.0,0.0,0.4277,2.0,0.5,0.5,-0.639,0.7896,2.0,0.0,0.0,1.0,0.0,0.0,0.0,0.3992
0.1278,0.128,0.1283,-0.5913,0.589,0.539,0.3623,-0.2185,0.4285,0.9087,0.9155,-0.127,0.857,0.3464,0.0,0.0,-0.799,-0.8223,0.594,0.0,-0.2651,-0.83,0.4873,0.277,0.394,0.499,-0.65,-0.1569,0.3025,0.1992,-0.401,0.01071,2.547,0.1393,0.11194,0.0,0.0,0.1209,0.0,0.1683,0.5645,0.0,0.0,0.0,0.0,-0.2927,1.0,0.0,0.0,-0.4988,0.6333,0.0,1.0,0.0,1.0,0.0,0.0,0.0,-0.2722
0.1304,0.1305,0.1307,-0.4932,0.4902,0.539,0.3623,-0.12354,0.3088,0.8833,0.932,-0.0981,0.857,0.3564,0.0,0.0,-0.7705,-0.81,0.588,0.0,-0.2627,0.455,0.457,0.3354,0.2837,0.5156,-0.2026,-0.06287,0.316,-0.1569,0.7754,0.9214,-0.6685,0.1425,0.11395,0.0,0.0,0.12366,0.0,0.1663,0.5044,0.0,0.0,0.0,0.0,-0.1373,0.0,0.0,-0.5,-0.4138,0.528,0.0,2.0,0.0,1.0,0.0,0.0,0.0,-0.128
0.1334,0.1334,0.1339,-0.618,0.6123,0.539,0.3623,-0.1545,0.4126,0.939,0.956,0.411,0.857,0.3665,0.0,0.0,-0.8164,-0.8535,0.6133,1.0,-0.2903,-0.3572,0.3962,0.3865,0.4185,0.5137,0.43,0.4302,0.3198,-0.06287,0.1992,-0.401,-0.887,0.1467,0.11566,0.0,0.0,0.1271,0.0,0.178,0.6455,0.0,0.0,0.0,0.0,0.7065,1.0,0.5,0.0,-0.5435,0.635,1.0,0.0,0.0,1.0,0.0,0.0,0.0,0.6597
0.1381,0.138,0.1387,-1.023,1.015,0.539,0.3623,-0.1472,0.797,1.109,1.002,0.942,0.857,0.3762,0.0,0.0,-0.946,-0.993,0.6133,1.0,-0.2903,0.2556,0.3074,0.437,0.8447,0.4253,0.5127,1.125,0.3594,0.4302,-0.1567,0.7754,0.0536,0.1516,0.11865,0.0,0.0,0.1317,0.0,0.2091,1.046,1.0,0.0,0.0,0.0,2.713,1.0,0.5,0.5,-1.048,0.8984,2.0,0.0,0.0,1.0,0.0,0.0,0.0,2.514
0.143,0.1428,0.1436,-1.08,1.071,0.539,0.4238,-0.5054,0.936,1.159,1.008,0.31,0.857,0.3862,0.0,0.0,-1.015,-0.999,0.6133,1.0,-0.2903,-0.876,0.299,0.4683,0.974,0.399,0.7124,0.3987,0.3333,1.125,-0.06287,0.1992,-0.010704,0.1586,0.1224,0.0,0.0,0.1373,0.0,0.2203,0.4978,0.0,0.0,0.0,0.0,0.6616,1.0,1.0,0.5,-1.115,0.939,3.0,0.0,0.0,1.0,0.0,0.0,0.0,0.602
0.1477,0.1477,0.1482,-1.012,1.009,0.539,0.4238,-0.517,0.9062,1.163,1.023,0.11206,0.857,0.3862,0.0,0.0,-1.019,-1.001,0.6133,1.0,-0.2903,-0.4136,0.3262,0.4832,0.9536,0.403,0.9263,0.1219,0.2932,0.3987,0.4302,-0.1567,0.01071,0.1638,0.1263,0.0,0.0,0.1428,0.0,0.2235,0.884,1.0,0.0,0.0,0.0,0.255,2.0,1.0,1.0,-1.093,0.8306,4.0,0.0,-0.5,1.0,0.0,0.0,0.0,0.2303
0.1501,0.1501,0.1506,-0.476,0.4688,0.539,0.4238,-0.3794,0.3225,0.98,1.039,-0.484,0.857,0.3862,0.0,0.0,-0.868,-0.866,0.5127,0.0,-0.2878,0.782,0.3647,0.4824,0.3486,0.426,0.5376,-0.9834,0.2607,0.1219,1.125,-0.06287,0.921,0.166,0.1295,0.0,0.0,0.1462,0.0,0.1946,0.805,1.0,0.0,0.0,0.0,-4.105,2.0,0.5,1.0,-0.543,0.3486,0.0,1.0,-0.5,1.0,0.0,1.0,-2.307,-3.701
0.151,0.151,0.1515,-0.06107,0.0461,0.539,0.2998,-0.337,-0.1353,0.8306,1.046,-1.004,0.7144,0.3862,-1.0,0.0,-0.7476,-0.745,0.4302,0.0,-0.2854,0.3909,0.3955,0.4658,-0.1381,0.444,0.9087,-0.814,0.2013,-0.9834,0.3987,0.43,-0.401,0.1665,0.1324,0.0,0.0,0.1486,0.0,0.1711,0.385,0.0,0.0,0.0,0.0,-2.236,1.0,0.5,0.5,-0.1094,-0.02159,0.0,2.0,-0.5,1.0,0.0,0.0,0.0,-2.049
0.1528,0.1527,0.1534,-0.3193,0.3037,0.539,0.2998,-0.3396,0.1016,0.9214,1.06,-12.766,0.7144,0.3862,0.0,0.0,-0.8193,-0.821,0.4937,0.0,-0.2827,-0.3516,0.403,0.433,0.10565,0.4578,0.4521,0.637,0.1255,-0.814,0.1219,1.125,0.7754,0.1688,0.1353,0.0,0.0,0.1517,0.0,0.1886,0.545,0.0,0.0,0.0,0.0,1.605,1.0,0.5,1.0,-0.3186,0.269,1.0,0.0,-0.5,1.0,0.0,0.0,0.0,1.492
0.1533,0.1531,0.154,0.01261,-0.03882,0.539,0.2998,-0.3635,-0.2761,0.798,1.065,-1.769,0.5713,0.3862,-1.0,0.0,-0.724,-0.715,0.427,0.0,-0.2803,-0.452,0.3862,0.3777,-0.274,0.4697,0.3752,-0.6616,-0.0636,0.637,-0.983,0.3987,0.1992,0.1682,0.137,0.0,0.0,0.1549,0.0,0.1697,0.2888,0.0,0.0,0.0,0.0,-1.1875,0.0,0.0,0.5,-0.01521,-0.0784,0.0,1.0,-0.5,1.0,0.0,0.0,0.0,-1.092
0.1537,0.1534,0.1544,0.04257,-0.07117,-0.3354,0.2998,-0.3887,-0.3147,0.778,1.06,0.4053,0.4285,0.3862,-1.0,0.0,-0.7104,-0.6953,0.4229,0.0,-0.2778,-0.423,0.349,0.3577,-0.3206,0.4753,0.483,-0.0418,-0.06384,-0.6616,-0.814,0.1218,-0.1567,0.1647,0.1388,0.0,0.0,0.1549,0.0,0.1682,0.03378,0.0,0.0,0.0,0.0,-0.0768,-1.0,0.0,0.0,-0.004803,-0.1298,0.0,2.0,-0.5,1.0,0.0,0.0,0.0,-0.07135
0.1548,0.1544,0.1556,-0.1284,0.0971,-0.3354,0.2998,-0.4321,-0.162,0.831,1.063,-0.6963,0.2856,0.3862,-1.0,0.0,-0.757,-0.7363,0.4636,0.0,-0.2751,-0.6255,0.2854,0.3496,-0.1537,0.4817,0.534,0.408,-0.0662,-0.0418,0.637,-0.983,-0.06287,0.1611,0.141,0.0,0.0,0.1558,0.0,0.1794,0.2969,0.0,0.0,0.0,0.0,0.5435,0.0,0.5,0.5,-0.1824,0.01822,1.0,0.0,-0.5,1.0,0.0,0.0,0.0,0.5054
0.1545,0.1543,0.1554,0.1976,-0.2296,-0.3354,0.2998,-0.269,-0.4888,0.707,1.05,7.79,0.1428,0.3862,-1.0,0.0,-0.6426,-0.6455,0.3958,0.0,-0.2727,1.349,0.216,0.3323,-0.4766,0.4807,0.2795,-0.6753,-0.10925,0.408,-0.6616,-0.814,0.43,0.1556,0.143,0.0,0.0,0.1569,0.0,0.1602,-0.1755,0.0,0.0,0.0,0.0,-1.27,0.0,0.0,0.0,0.1482,-0.2783,0.0,1.0,-0.5,1.0,0.0,0.0,0.0,-1.173
0.154,0.1538,0.1548,0.2634,-0.294,-0.3354,0.2998,-0.2191,-0.549,0.6694,1.033,0.3198,0.0,0.3862,-1.0,0.0,-0.6074,-0.6177,0.3801,0.0,-0.2703,0.02364,0.1366,0.301,-0.54,0.478,-0.5327,-0.1576,-0.1515,-0.6753,-0.0418,0.637,1.124,0.1522,0.1449,0.0,0.0,0.1577,0.0,0.1555,-0.2942,0.0,0.0,0.0,0.0,-0.284,-1.0,-0.5,-0.5,0.2091,-0.3428,0.0,2.0,-0.5,1.0,0.0,0.0,0.0,-0.2654
0.1534,0.1532,0.1542,0.3188,-0.3477,-0.3354,0.2998,-0.1982,-0.6045,0.634,1.016,0.2834,-0.1428,0.3862,-1.0,0.0,-0.576,-0.588,0.3655,0.0,-0.2676,-0.6406,0.05032,0.2522,-0.5977,0.4753,-0.9375,-0.1475,-0.1951,-0.1576,0.408,-0.661,0.3984,0.1505,0.1472,0.0,0.0,0.1586,0.0,0.1512,-0.291,0.0,0.0,0.0,0.0,-0.2578,-1.0,-1.0,-0.5,0.265,-0.3918,0.0,3.0,-0.5,1.0,0.0,0.0,0.0,-0.2417
0.1536,0.1533,0.1543,0.1197,-0.1478,-0.3354,0.2998,-0.2834,-0.4062,0.6875,1.004,-0.3015,-0.2856,0.3862,-1.0,0.0,-0.628,-0.627,0.4062,0.0,-0.2651,-0.3638,-0.04532,0.1897,-0.408,0.4768,-1.186,0.4119,-0.2546,-0.1475,-0.6753,-0.0418,0.1218,0.1483,0.1497,0.0,0.0,0.1597,0.0,0.1625,-0.1342,0.0,0.0,0.0,0.0,0.6323,0.0,-1.0,0.0,0.077,-0.1952,1.0,0.0,-0.5,1.0,0.0,0.0,0.0,0.594
0.1539,0.1537,0.1547,0.03894,-0.06616,-0.3354,0.2998,-0.3066,-0.3066,0.7056,0.989,-0.2325,-0.4285,0.3862,-1.0,0.0,-0.6445,-0.6406,0.425,0.0,-0.2627,-0.5503,-0.1533,0.12006,-0.3142,0.476,-0.632,0.1888,-0.268,0.4119,-0.1576,0.4077,-0.983,0.1483,0.1514,0.0,0.0,0.1602,0.0,0.1675,-0.2131,0.0,0.0,0.0,0.0,0.2722,0.0,-0.5,0.0,-0.0483,-0.1685,2.0,0.0,-0.5,1.0,0.0,0.0,0.0,0.2542
0.1547,0.1544,0.1555,-0.05408,0.02347,-0.3354,0.2998,-0.4192,-0.1553,0.7305,0.963,-0.724,-0.5713,0.3862,-1.0,0.0,-0.675,-0.6514,0.448,0.0,-0.26,-0.876,-0.2476,0.03503,-0.1708,0.4692,-0.1243,0.2301,-0.3064,0.1888,-0.1475,-0.6753,-0.814,0.1489,0.1531,0.0,0.0,0.1613,0.0,0.1737,-0.565,0.0,0.0,0.0,0.0,0.2773,1.0,0.0,0.0,-0.1431,-0.08795,3.0,0.0,-0.5,1.0,0.0,0.0,0.0,0.258
0.157,0.1566,0.1578,-0.437,0.4087,-0.3354,0.2998,-0.3882,0.3203,0.868,0.943,-12.87,-0.5713,0.3862,0.0,0.0,-0.782,-0.772,0.5405,0.0,-0.2576,-0.04254,-0.3486,-0.04602,0.3027,0.464,-0.551,0.9272,-0.2925,0.2301,0.4119,-0.1576,0.637,0.1509,0.1555,0.0,0.0,0.1625,0.0,0.1995,-0.3484,0.0,0.0,0.0,0.0,1.569,2.0,0.0,0.0,-0.461,0.3381,4.0,0.0,-0.5,1.0,0.0,0.0,0.0,1.454
0.1603,0.1599,0.1611,-0.6675,0.6416,-0.1536,0.2998,-0.3953,0.6543,0.966,0.9307,0.9834,-0.5713,0.3862,0.0,0.0,-0.859,-0.853,0.6084,0.0,-0.2551,-0.645,-0.4482,-0.1247,0.6387,0.4624,-0.05823,0.667,-0.2405,0.9272,0.1888,-0.1475,-0.661,0.1564,0.1587,0.0,0.0,0.1641,0.0,0.2181,-0.1542,0.0,0.0,0.0,0.0,1.309,3.0,0.5,0.0,-0.6953,0.549,5.0,0.0,0.0,0.0,1.0,0.0,2.754,1.194
0.163,0.1626,0.1638,-0.542,0.5156,-0.1536,0.2998,-0.552,0.568,0.935,0.9297,0.01978,-0.5713,0.3862,0.0,0.0,-0.8486,-0.812,0.5967,0.0,-0.2524,-0.548,-0.515,-0.2004,0.59,0.461,0.0956,-0.1116,-0.2117,0.667,0.23,0.4119,-0.04178,0.1619,0.1598,0.0,0.0,0.1658,0.0,0.2147,0.1737,0.0,0.0,0.0,0.0,-0.1377,2.0,0.5,0.0,-0.615,0.3838,0.0,1.0,0.0,0.0,0.0,0.0,0.0,-0.1242
0.1652,0.1648,0.166,-0.4062,0.379,-0.1536,0.2998,-0.6074,0.4326,0.8965,0.9375,-0.074,-0.4285,0.3862,0.0,0.0,-0.8237,-0.7744,0.58,0.0,-0.25,-0.3257,-0.5537,-0.2761,0.4731,0.4685,-0.0647,-0.1626,-0.2023,-0.1116,0.927,0.1887,0.4077,0.1674,0.161,0.0,0.0,0.1674,0.0,0.2098,0.4824,0.0,0.0,0.0,0.0,-0.2382,1.0,0.0,0.0,-0.5127,0.2214,0.0,2.0,0.0,0.0,0.0,0.0,0.0,-0.2153
0.1647,0.1644,0.1655,0.2568,-0.2905,-0.1536,0.2998,-0.5034,-0.236,0.6587,0.922,-1.195,-0.5713,0.3862,-1.0,0.0,-0.624,-0.581,0.4395,0.0,-0.2474,0.4583,-0.5664,-0.3552,-0.2074,0.4685,0.483,-1.376,-0.2007,-0.1626,0.6665,0.23,-0.675,0.1682,0.162,0.0,0.0,0.1672,0.0,0.1703,-0.3335,0.0,0.0,0.0,0.0,-2.334,0.0,0.0,-0.5,0.1476,-0.3997,0.0,3.0,0.0,0.0,0.0,0.0,0.0,-2.115
0.1653,0.1649,0.166,0.012115,-0.04294,-0.1536,0.2998,-0.5127,0.0009007,0.7354,0.921,-2.008,-0.4285,0.3862,0.0,0.0,-0.6875,-0.647,0.4927,0.0,-0.245,-0.3513,-0.5664,-0.419,0.04166,0.4702,0.621,0.532,-0.2145,-1.376,-0.1116,0.927,-0.1576,0.1699,0.1633,0.0,0.0,0.1666,0.0,0.1849,0.10535,0.0,0.0,0.0,0.0,0.7446,0.0,0.5,0.0,-0.05695,-0.1274,1.0,0.0,0.0,0.0,0.0,0.0,0.0,0.691
0.1659,0.1655,0.1667,-0.02562,-0.00522,-0.1536,0.2998,-0.5244,0.02841,0.7437,0.9214,0.403,-0.2856,0.3862,0.0,0.0,-0.695,-0.653,0.504,0.0,-0.2424,-0.534,-0.5654,-0.4824,0.0641,0.477,0.7993,0.1137,-0.2496,0.532,-0.1626,0.6665,-0.1475,0.1714,0.1647,0.0,0.0,0.1658,0.0,0.188,0.1595,0.0,0.0,0.0,0.0,0.1685,0.0,1.0,0.5,-0.1075,-0.1066,2.0,0.0,0.0,0.0,0.0,0.0,0.0,0.1549
0.1678,0.1676,0.1686,-0.3342,0.311,-0.1536,0.2998,-0.4548,0.3584,0.8555,0.9253,2.664,-0.1428,0.3862,0.0,0.0,-0.778,-0.755,0.58,0.0,-0.2399,0.07184,-0.553,-0.5376,0.3765,0.4885,0.6147,0.7534,-0.2708,0.1137,-1.376,-0.1116,0.4116,0.1725,0.1665,0.0,0.0,0.1655,0.0,0.209,0.2659,0.0,0.0,0.0,0.0,1.573,1.0,1.0,0.5,-0.3955,0.2081,3.0,0.0,0.0,0.0,1.0,0.0,2.14,1.443
0.1703,0.1699,0.1711,-0.47,0.4463,-0.1536,0.2998,-0.614,0.486,0.9136,0.944,0.4385,0.0,0.3862,0.0,0.0,-0.838,-0.7886,0.6133,1.0,-0.2903,-0.4153,-0.498,-0.551,0.495,0.4976,0.605,0.418,-0.2205,0.7534,0.5317,-0.1626,0.1887,0.1729,0.168,0.0,0.0,0.1665,0.0,0.2207,0.679,0.0,0.0,0.0,0.0,0.655,2.0,1.0,1.0,-0.5093,0.357,4.0,0.0,0.0,0.0,0.0,0.0,0.0,0.5938
0.1721,0.1719,0.1731,-0.3296,0.3015,-0.1536,0.3755,-0.6675,0.311,0.8706,0.9614,-0.176,0.1428,0.3862,0.0,0.0,-0.809,-0.7476,0.5938,0.0,-0.2878,-0.726,-0.423,-0.525,0.325,0.513,0.5835,-0.1923,-0.1946,0.418,0.1137,-1.375,0.23,0.173,0.1697,0.0,0.0,0.1681,0.0,0.215,0.6587,0.0,0.0,0.0,0.0,-0.2052,2.0,0.5,1.0,-0.3735,0.2177,0.0,1.0,0.0,0.0,0.0,0.0,0.0,-0.1847
0.1748,0.1744,0.1757,-0.5166,0.4902,-0.1536,0.3755,-0.636,0.4756,0.948,0.9873,0.566,0.2856,0.3862,0.0,0.0,-0.8667,-0.815,0.6133,1.0,-0.2903,-0.1909,-0.326,-0.469,0.488,0.4988,0.05103,0.538,-0.134,-0.1923,0.7534,0.5317,0.927,0.1749,0.1711,0.0,0.0,0.1696,0.0,0.2302,0.8447,1.0,0.0,0.0,0.0,0.863,2.0,0.5,1.5,-0.5425,0.4114,1.0,0.0,0.0,0.0,0.0,0.0,0.0,0.779
0.1758,0.1754,0.1768,-0.1032,0.0691,-0.1536,0.3755,-0.5967,0.01411,0.8027,0.998,-0.714,0.4285,0.3862,0.0,0.0,-0.749,-0.697,0.531,0.0,-0.2878,-0.27,-0.2301,-0.4072,0.01788,0.514,-0.335,-0.805,-0.1345,0.538,0.4177,0.1137,0.6665,0.1785,0.1721,0.0,0.0,0.1709,0.0,0.2067,0.3948,0.0,0.0,0.0,0.0,-1.296,1.0,0.0,1.0,-0.11975,0.03275,0.0,1.0,0.0,0.0,0.0,0.0,0.0,-1.16
0.1749,0.1746,0.1759,0.346,-0.3867,-0.1536,0.3171,-0.5225,-0.476,0.6353,0.995,-4.016,0.4285,0.3862,-1.0,0.0,-0.6064,-0.5586,0.4336,0.0,-0.2854,-0.1672,-0.1566,-0.356,-0.472,0.519,-0.2788,-0.959,-0.1478,-0.805,-0.1923,0.753,-0.1115,0.1781,0.1725,0.0,0.0,0.1714,0.0,0.179,0.01036,0.0,0.0,0.0,0.0,-1.984,0.0,0.0,0.5,0.343,-0.3733,0.0,2.0,0.0,0.0,0.0,0.0,0.0,-1.8
0.1733,0.173,0.1743,0.551,-0.5913,-0.1536,0.0614,-0.4436,-0.71,0.546,0.9834,0.8545,0.4285,0.3862,-1.0,0.0,-0.525,-0.486,0.384,0.0,-0.2827,-0.1285,-0.11316,-0.3176,-0.7036,0.5176,-0.2466,-0.4976,-0.1381,-0.959,0.538,0.4177,-0.1626,0.176,0.1726,0.0,0.0,0.171,0.0,0.1647,-0.1947,0.0,0.0,0.0,0.0,-0.855,-1.0,0.0,0.0,0.513,-0.5996,0.0,3.0,0.0,0.0,0.0,0.0,0.0,-0.7886
0.1705,0.1704,0.1714,0.8716,-0.907,-0.1536,-0.3413,-0.3618,-1.022,0.4119,0.9507,0.7197,0.2856,0.3862,-1.0,0.0,-0.4033,-0.3718,0.3064,0.0,-0.2803,0.687,-0.1118,-0.301,-1.001,0.501,0.618,-0.784,-0.11176,-0.4976,-0.8047,-0.1923,-1.375,0.1702,0.172,0.0,0.0,0.1707,0.0,0.1425,-0.673,0.0,0.0,0.0,0.0,-1.924,-1.0,0.0,-0.5,0.818,-0.908,0.0,4.0,0.0,0.0,0.0,0.0,0.0,-1.788
0.1678,0.1678,0.1685,0.8496,-0.877,-0.1536,-0.3904,-0.255,-0.978,0.389,0.909,0.0889,0.1428,0.3862,-1.0,0.0,-0.3738,-0.3608,0.297,0.0,-0.2778,0.933,-0.1383,-0.3003,-0.9307,0.4756,0.1891,-0.09534,-0.08795,-0.784,-0.9585,0.538,0.5317,0.1628,0.1707,0.0,0.0,0.1703,0.0,0.1395,-0.9473,0.0,0.0,0.0,0.0,-0.1815,-2.0,-0.5,-1.0,0.7935,-0.883,0.0,5.0,0.0,0.0,0.0,0.0,0.0,-0.171
0.166,0.166,0.1665,0.651,-0.673,-0.1536,-0.3904,-0.2485,-0.7593,0.427,0.872,-0.135,0.0,0.3862,-1.0,0.0,-0.4062,-0.3967,0.326,0.0,-0.2751,-0.286,-0.1738,-0.3044,-0.717,0.4597,0.00431,0.297,-0.08966,-0.09534,-0.4976,-0.8047,0.11365,0.1569,0.1693,0.0,0.0,0.1703,0.0,0.1475,-0.809,0.0,0.0,0.0,0.0,0.5586,-1.0,-0.5,-0.5,0.612,-0.675,1.0,0.0,0.0,0.0,0.0,0.0,0.0,0.527
0.1627,0.1628,0.1632,0.996,-1.015,-0.1536,-0.3904,-0.1818,-1.07,0.2847,0.827,0.6724,-0.1428,0.3862,-1.0,0.0,-0.2756,-0.2698,0.2422,0.0,-0.2727,0.1918,-0.1881,-0.3057,-1.016,0.4363,-0.614,-0.855,-0.01761,0.297,-0.7837,-0.9585,0.753,0.1472,0.1672,0.0,0.0,0.1692,0.0,0.12354,-0.937,0.0,0.0,0.0,0.0,-1.967,-1.0,-1.0,-0.5,0.9053,-1.047,0.0,1.0,0.0,0.0,0.0,0.0,0.0,-1.846
0.1608,0.1609,0.1611,0.6704,-0.685,-0.1536,-0.3904,-0.2747,-0.7764,0.3616,0.806,-0.1946,-0.1428,0.3862,-1.0,0.0,-0.3516,-0.3333,0.295,0.0,-0.2703,-0.3655,-0.1852,-0.3015,-0.692,0.4219,-1.112,0.5464,0.01782,-0.855,-0.09534,-0.4973,0.4177,0.1412,0.1663,0.0,0.0,0.1683,0.0,0.1382,-0.4458,0.0,0.0,0.0,0.0,1.226,0.0,-1.0,0.0,0.5986,-0.721,1.0,0.0,0.0,0.0,0.0,0.0,0.0,1.167
0.1589,0.159,0.1593,0.6465,-0.658,-0.1536,-0.3904,-0.2732,-0.747,0.3455,0.7783,0.0943,-0.2856,0.3862,-1.0,0.0,-0.3376,-0.3186,0.2898,0.0,-0.2676,-0.3218,-0.167,-0.2954,-0.6763,0.413,-1.173,-0.05307,0.0571,0.5464,0.2969,-0.7837,-0.1921,0.1375,0.1656,0.0,0.0,0.1674,0.0,0.1365,-0.656,0.0,0.0,0.0,0.0,-0.08734,0.0,-1.0,-0.5,0.5723,-0.6987,0.0,1.0,0.0,0.0,0.0,0.0,0.0,-0.08246
0.156,0.1562,0.1561,0.9316,-0.9395,-0.1536,-0.3904,-0.1913,-1.012,0.2262,0.7417,0.602,-0.4285,0.3862,-1.0,0.0,-0.2241,-0.2129,0.2195,0.0,-0.2651,-0.01878,-0.11096,-0.2788,-0.9316,0.3938,-1.741,-0.722,0.1274,-0.05307,-0.855,-0.0953,0.538,0.1332,0.1642,0.0,0.0,0.1648,0.0,0.11633,-0.86,0.0,0.0,0.0,0.0,-1.675,0.0,-1.5,-1.0,0.8354,-0.982,0.0,2.0,0.0,0.0,0.0,0.0,0.0,-1.582
0.1531,0.1534,0.1533,0.9214,-0.929,-0.4702,-0.3904,-0.2438,-0.965,0.199,0.694,0.0859,-0.5713,0.3862,-1.0,0.0,-0.2043,-0.1816,0.206,0.0,-0.2627,-0.1895,-0.004852,-0.2382,-0.8657,0.3655,-1.439,-0.1398,0.1658,-0.722,0.546,0.2969,-0.8047,0.1306,0.1631,0.0,0.0,0.1615,0.0,0.11224,-1.216,0.0,1.0,0.0,0.0,-0.3032,-1.0,-1.5,-1.5,0.811,-0.988,0.0,3.0,0.0,0.0,0.0,0.0,0.0,-0.2898
0.1492,0.1495,0.1493,1.222,-1.23,-0.4702,-0.3904,-0.1855,-1.196,0.0694,0.632,0.4417,-0.7144,0.3862,-1.0,0.0,-0.08014,-0.0599,0.1284,0.0,-0.26,-0.3928,0.1394,-0.168,-1.096,0.3328,-0.9897,-0.808,0.2399,-0.1398,-0.05307,-0.855,-0.9585,0.1263,0.1616,0.0,0.0,0.1577,0.0,0.09,-1.536,0.0,1.0,0.0,0.0,-1.952,-1.0,-1.5,-2.0,1.125,-1.25,0.0,4.0,0.0,0.0,0.0,0.0,0.0,-1.871
0.1442,0.1447,0.1443,1.509,-1.515,-0.4702,-0.3904,-0.09204,-1.415,-0.0612,0.563,0.365,-0.857,0.3862,-1.0,0.0,0.05157,0.0631,0.04987,0.0,-0.2576,0.1436,0.2876,-0.0765,-1.355,0.305,-0.857,-0.83,0.3503,-0.808,-0.722,0.546,-0.4973,0.11914,0.1593,0.0,0.0,0.1532,0.0,0.06757,-1.6,0.0,1.0,0.0,0.0,-1.759,-2.0,-1.5,-2.0,1.408,-1.517,0.0,5.0,0.0,0.0,0.0,0.0,0.0,-1.709
0.1403,0.1405,0.1405,1.218,-1.23,-0.4702,-0.3904,-0.1294,-1.069,-0.01462,0.4905,-0.1486,-1.0,0.3862,-1.0,0.0,0.003834,0.01918,0.0819,0.0,-0.2551,-0.3694,0.4275,0.03372,-1.045,0.2725,-0.55,0.3435,0.4421,-0.83,-0.1398,-0.05304,-0.7837,0.115,0.1577,0.0,0.0,0.1504,0.0,0.0764,-1.711,0.0,1.0,0.0,0.0,0.6426,-1.0,-1.0,-2.0,1.112,-1.261,1.0,0.0,0.0,0.0,0.0,0.0,0.0,0.6333
0.1362,0.1365,0.1366,1.2295,-1.249,-0.4702,-0.3904,-0.1691,-1.024,-0.05722,0.426,0.0911,-1.143,0.3862,-1.0,0.0,0.0409,0.0664,0.05814,0.0,-0.2524,-0.588,0.5327,0.148,-1.049,0.248,-0.641,-0.2534,0.5195,0.3435,-0.808,-0.722,-0.0953,0.1089,0.156,0.0,0.0,0.1467,0.0,0.0695,-1.654,0.0,1.0,0.0,0.0,-0.2952,-1.0,-1.0,-2.0,1.087,-1.319,0.0,1.0,0.0,0.0,0.0,0.0,0.0,-0.289
0.1315,0.1316,0.1317,1.498,-1.52,-0.4702,-0.3904,-0.1777,-1.246,-0.1803,0.3652,0.4102,-1.143,0.3862,-1.0,0.0,0.1597,0.1952,-0.01631,0.0,-0.25,-0.456,0.6235,0.2742,-1.264,0.2141,-1.009,-0.7964,0.6187,-0.2534,-0.83,-0.1398,0.2969,0.101,0.1539,0.0,0.0,0.1425,0.0,0.04828,-1.63,0.0,1.0,0.0,0.0,-1.619,-1.0,-1.5,-2.0,1.3545,-1.569,0.0,2.0,0.0,0.0,0.0,1.0,-2.146,-1.594
0.1285,0.1287,0.1289,0.935,-0.953,-0.4702,-0.3904,-0.1868,-0.6846,-0.0441,0.3208,-0.4014,-1.143,0.3862,-1.0,0.0,0.02676,0.0547,0.0716,0.0,-0.2474,0.1671,0.6797,0.3943,-0.7095,0.1912,-0.664,0.953,0.6094,-0.7964,0.3433,-0.808,-0.8545,0.09717,0.1521,0.0,0.0,0.1382,0.0,0.0729,-1.118,0.0,1.0,0.0,0.0,1.6045,0.0,-1.0,-1.5,0.833,-1.002,1.0,0.0,0.0,0.0,0.0,0.0,0.0,1.6
0.1259,0.126,0.1263,0.8584,-0.8804,-0.9204,-0.3904,-0.3137,-0.6,-0.0488,0.2861,-0.02005,-1.143,0.3862,-1.0,0.0,0.01987,0.07166,0.0716,0.0,-0.245,-0.6494,0.7153,0.4995,-0.621,0.173,-1.149,0.0,0.55,0.953,-0.2534,-0.83,0.546,0.0937,0.1503,0.0,0.0,0.1335,0.0,0.0727,-0.9644,0.0,0.0,0.0,0.0,0.0,0.0,-1.5,-1.5,0.7583,-0.9326,0.0,0.0,0.0,0.0,0.0,0.0,0.0,0.0
0.1245,0.1245,0.125,0.526,-0.5503,-0.9204,-0.3904,-0.435,-0.2554,0.03397,0.2593,-0.6367,-1.143,0.3862,-1.0,0.0,-0.06934,-0.000588,0.1265,0.0,-0.2424,-0.26,0.7324,0.5806,-0.2913,0.1626,-1.269,0.585,0.4553,0.0,-0.7964,0.3433,-0.05304,0.0936,0.1486,0.0,0.0,0.1296,0.0,0.08795,-0.698,0.0,0.0,0.0,0.0,1.18,0.0,-1.0,-1.0,0.4634,-0.588,1.0,0.0,0.0,0.0,0.0,0.0,0.0,1.158
0.1229,0.1228,0.12354,0.5757,-0.606,-0.9204,-0.3904,-0.4534,-0.2715,-0.0007014,0.2264,0.2686,-1.143,0.3862,-1.0,0.0,-0.03836,0.0361,0.1078,0.0,-0.2399,-0.507,0.727,0.6367,-0.3164,0.1484,-0.8936,-0.1968,0.279,0.585,0.9526,-0.2532,-0.722,0.09515,0.1461,0.0,0.0,0.125,0.0,0.08246,-0.8657,0.0,0.0,0.0,0.0,-0.3013,0.0,-1.0,-1.5,0.477,-0.6787,0.0,1.0,0.0,0.0,0.0,0.0,0.0,-0.293
0.1217,0.1215,0.12244,0.464,-0.497,-0.9204,-0.3904,-0.531,-0.1522,0.01678,0.2053,-0.6934,-1.143,0.3862,-1.0,0.0,-0.0618,0.02585,0.12225,0.0,-0.2374,-0.5977,0.71,0.665,-0.1824,0.1364,-0.8774,0.1536,0.1278,-0.1968,0.0,-0.7964,-0.1396,0.0962,0.1434,0.0,0.0,0.1213,0.0,0.08636,-0.584,0.0,0.0,0.0,0.0,0.2388,1.0,-0.5,-1.0,0.3533,-0.592,1.0,0.0,0.0,0.0,0.0,0.0,0.0,0.2329
0.11993,0.1197,0.1207,0.628,-0.6675,-0.9204,-0.3904,-0.4907,-0.2878,-0.05417,0.1731,4.15,-1.143,0.3862,-1.0,0.0,0.00917,0.0941,0.0809,0.0,-0.2349,0.001402,0.6724,0.672,-0.3203,0.1214,-0.3967,-0.4375,0.0389,0.1536,0.585,0.9526,-0.808,0.0968,0.1406,0.0,0.0,0.11804,0.0,0.0744,-0.949,0.0,0.0,0.0,0.0,-1.1,0.0,-0.5,-1.5,0.5303,-0.7354,0.0,1.0,0.0,0.0,0.0,0.0,0.0,-1.069
0.11743,0.11707,0.11835,0.8184,-0.866,-0.9204,-0.3904,-0.4612,-0.451,-0.1382,0.1354,1.179,-1.143,0.3862,-1.0,0.0,0.09296,0.1781,0.03125,0.0,-0.2323,-0.1054,0.601,0.6597,-0.4966,0.1055,0.11646,-0.529,-0.01694,-0.4375,-0.1967,0.0,-0.83,0.098,0.1376,0.0,0.0,0.1148,0.0,0.06018,-1.05,0.0,1.0,0.0,0.0,-0.809,0.0,-0.5,-1.5,0.701,-0.9404,0.0,2.0,0.0,0.0,0.0,0.0,0.0,-0.793
0.11346,0.11316,0.1143,1.234,-1.286,-0.9204,-0.3904,-0.4214,-0.854,-0.297,0.0951,1.46,-1.143,0.3862,-1.0,0.0,0.2544,0.3433,-0.066,0.0,-0.2299,0.4053,0.5225,0.6465,-0.88,0.0816,-0.1193,-1.045,0.01741,-0.529,0.1534,0.5845,0.3433,0.0945,0.1346,0.0,0.0,0.1114,0.0,0.0324,-1.104,0.0,1.0,0.0,0.0,-2.746,-1.0,-1.0,-1.5,1.141,-1.303,0.0,3.0,0.0,0.0,0.0,0.0,0.0,-2.715
0.11206,0.1117,0.113,0.526,-0.5713,-0.716,-0.0888,-0.3013,-0.1547,-0.10596,0.0707,-0.895,-1.143,0.3862,-1.0,0.0,0.076,0.1293,0.0571,0.0,-0.2273,1.392,0.4382,0.6304,-0.1804,0.06885,-0.0568,1.347,-0.02382,-1.045,-0.4375,-0.1967,-0.2532,0.09406,0.1323,0.0,0.0,0.10925,0.0,0.0668,-0.5703,0.0,0.0,0.0,0.0,3.979,0.0,-0.5,-1.0,0.501,-0.5684,1.0,0.0,0.0,0.0,0.0,0.0,0.0,4.004
0.1106,0.1102,0.1115,0.529,-0.574,-0.716,-0.0888,-0.2112,-0.1682,-0.1244,0.05502,0.521,-1.143,0.3862,-1.0,0.0,0.1019,0.1398,0.04883,0.0,-0.2247,1.054,0.3481,0.598,-0.2072,0.0656,0.46,-0.0885,-0.1005,1.347,-0.529,0.1534,-0.796,0.0921,0.1298,0.0,0.0,0.1067,0.0,0.06415,-0.3916,0.0,0.0,0.0,0.0,-0.222,-1.0,-0.5,-1.0,0.4646,-0.6133,0.0,1.0,0.0,0.0,0.0,0.0,0.0,-0.2185
0.1093,0.10895,0.1102,0.491,-0.537,-0.716,-0.0888,-0.2668,-0.1678,-0.1287,0.05023,0.135,-1.143,0.3862,-1.0,0.0,0.10114,0.1497,0.04883,0.0,-0.2222,-0.4824,0.2496,0.5566,-0.1912,0.06244,-0.10565,0.0,-0.1334,-0.0885,-1.045,-0.4373,0.9526,0.0906,0.1268,0.0,0.0,0.1049,0.0,0.0639,-0.1412,0.0,0.0,0.0,0.0,0.0,-1.0,-1.0,-1.0,0.412,-0.595,0.0,0.0,0.0,0.0,0.0,0.0,0.0,0.0
0.10767,0.1073,0.1086,0.5815,-0.629,-0.716,-0.0888,-0.2922,-0.2815,-0.1742,0.03812,2.508,-1.143,0.3862,-1.0,0.0,0.1434,0.1997,0.02298,0.0,-0.2197,-0.7324,0.1571,0.4988,-0.3152,0.06046,-0.12146,-0.277,-0.2151,0.0,1.346,-0.529,0.0,0.088,0.1234,0.0,0.0,0.1024,0.0,0.05643,-0.3513,0.0,0.0,0.0,0.0,-0.4062,-1.0,-1.0,-1.5,0.499,-0.684,0.0,1.0,0.0,0.0,0.0,0.0,0.0,-0.4004
0.1059,0.1056,0.10675,0.626,-0.6704,-0.716,-0.0888,-0.11273,-0.3542,-0.2063,0.02708,0.622,-1.143,0.3862,-1.0,0.0,0.191,0.2163,0.0054,0.0,-0.2172,1.373,0.05908,0.417,-0.401,0.05936,-0.536,-0.1892,-0.3184,-0.277,-0.0885,-1.045,0.5845,0.08606,0.12006,0.0,0.0,0.09985,0.0,0.05127,-0.3308,0.0,0.0,0.0,0.0,-0.3254,-1.0,-1.5,-1.5,0.508,-0.761,0.0,2.0,0.0,0.0,0.0,0.0,0.0,-0.3223
0.1057,0.10535,0.10657,0.1985,-0.2391,-0.716,-0.0888,-0.1357,0.02597,-0.08386,0.03522,-1.602,-1.0,0.3862,0.0,0.0,0.06946,0.09064,0.085,0.0,-0.2146,-0.6367,-0.022,0.3171,-0.014015,0.0645,-0.491,0.86,-0.389,-0.1892,0.0,1.346,-0.1967,0.0874,0.1168,0.0,0.0,0.09863,0.0,0.07355,0.2308,0.0,0.0,0.0,0.0,1.43,-1.0,-1.0,-1.0,0.10205,-0.339,1.0,0.0,0.0,0.0,0.0,0.0,0.0,1.42
0.10547,0.1051,0.1064,0.1923,-0.234,-0.716,-0.0888,-0.2294,0.0209,-0.0883,0.03217,0.10364,-0.857,0.3862,0.0,0.0,0.06537,0.1042,0.085,0.0,-0.2122,-0.888,-0.09656,0.2124,-0.02428,0.0665,-0.6074,0.0,-0.4636,0.86,-0.2769,-0.0885,0.1534,0.0913,0.11414,0.0,0.0,0.09753,0.0,0.0734,-0.08057,0.0,0.0,0.0,0.0,0.0,-1.0,-1.5,-1.5,0.09674,-0.3333,0.0,0.0,0.0,0.0,0.0,0.0,0.0,0.0
0.10516,0.1048,0.106,0.2313,-0.2727,-0.716,-0.0888,-0.1736,-0.02948,-0.1072,0.02835,-0.2632,-0.7144,0.3862,0.0,0.0,0.0886,0.11835,0.07574,0.0,-0.2096,-0.0566,-0.1664,0.11163,-0.07104,0.0663,-0.3457,-0.09906,-0.483,0.0,-0.1892,0.0,-0.4373,0.0918,0.11194,0.0,0.0,0.09705,0.0,0.0707,-0.12024,0.0,0.0,0.0,0.0,-0.1051,-1.0,-1.5,-1.5,0.10785,-0.3994,0.0,1.0,0.0,0.0,0.0,0.0,0.0,-0.1029
0.10443,0.104,0.10535,0.334,-0.3792,-0.716,0.19,-0.2069,-0.1263,-0.1494,0.01423,-1.098,-0.7144,0.3862,-1.0,0.0,0.1267,0.1654,0.05194,0.0,-0.207,-0.6167,-0.2428,0.01372,-0.1697,0.06137,-0.00431,-0.2537,-0.483,-0.09906,0.86,-0.2769,-0.529,0.0919,0.1099,0.0,0.0,0.09705,0.0,0.06384,-0.4663,0.0,0.0,0.0,0.0,-0.291,-1.0,-1.5,-2.0,0.2085,-0.5,0.0,2.0,0.0,0.0,0.0,0.0,0.0,-0.2856
0.1032,0.10284,0.1042,0.4583,-0.506,-0.716,0.19,-0.2131,-0.2517,-0.2008,-0.0008044,12.375,-0.7144,0.3862,-1.0,0.0,0.1768,0.2202,0.02194,0.0,-0.2046,-0.6724,-0.318,-0.0731,-0.3057,0.0575,0.6855,-0.3213,-0.481,-0.2537,0.0,-0.1892,-1.044,0.0912,0.10815,0.0,0.0,0.0965,0.0,0.05527,-0.5083,0.0,0.0,0.0,0.0,-0.2986,-1.0,-1.5,-2.0,0.3347,-0.615,0.0,3.0,0.0,0.0,0.0,0.0,0.0,-0.2942
0.10077,0.1004,0.1016,0.8276,-0.877,-0.716,0.19,-0.1009,-0.6143,-0.3342,-0.02785,3.05,-0.7144,0.3862,-1.0,0.0,0.3208,0.3528,-0.05975,0.0,-0.202,0.388,-0.3904,-0.1527,-0.677,0.0468,-0.1085,-0.8794,-0.4312,-0.3213,-0.09906,0.8594,1.346,0.08905,0.106,0.0,0.0,0.0954,0.0,0.03195,-0.834,0.0,0.0,0.0,0.0,-1.793,-2.0,-1.5,-2.0,0.704,-0.9575,0.0,4.0,0.0,0.0,0.0,0.0,0.0,-1.775
0.099,0.0987,0.0999,0.6147,-0.6616,-0.716,0.19,-0.137,-0.4148,-0.2908,-0.04645,-0.295,-0.7144,0.3862,-1.0,0.0,0.2734,0.309,-0.02977,0.0,-0.1995,-0.257,-0.4333,-0.204,-0.4363,0.0299,-0.1322,0.3276,-0.4238,-0.8794,-0.2537,0.0,-0.08844,0.08813,0.1038,0.0,0.0,0.0953,0.0,0.04013,-0.5693,0.0,0.0,0.0,0.0,0.807,-1.0,-1.5,-2.0,0.4932,-0.7563,1.0,0.0,0.0,0.0,0.0,0.0,0.0,0.8115
0.09845,0.09814,0.0993,0.2957,-0.3367,-0.716,0.19,-0.012184,-0.11316,-0.2056,-0.05234,-0.961,-0.5713,0.3862,0.0,0.0,0.1993,0.2059,0.02711,0.0,-0.197,1.527,-0.4421,-0.241,-0.088,0.01973,-0.1869,0.618,-0.4248,0.3276,-0.321,-0.09906,0.0,0.0867,0.10254,0.0,0.0,0.0949,0.0,0.05566,-0.1534,0.0,0.0,0.0,0.0,2.607,0.0,-1.0,-1.5,0.1699,-0.4607,2.0,0.0,0.0,0.0,0.0,0.0,0.0,2.605
0.097,0.0966,0.0979,0.538,-0.586,-0.716,0.19,-0.0828,-0.4116,-0.2952,-0.05222,-17.1,-0.5713,0.3862,-1.0,0.0,0.2827,0.3086,-0.02666,0.0,-0.1945,-0.6353,-0.429,-0.277,-0.3848,0.0229,-0.02228,-0.5786,-0.4097,0.618,-0.8794,-0.2534,-0.2769,0.0838,0.1005,0.0,0.0,0.094,0.0,0.0403,0.02611,0.0,0.0,0.0,0.0,-0.883,0.0,-1.0,-1.5,0.3604,-0.7476,0.0,1.0,0.0,0.0,0.0,0.0,0.0,-0.873
0.09625,0.0958,0.0972,0.3389,-0.3865,-0.716,0.19,-0.291,-0.218,-0.2474,-0.06366,-0.573,-0.5713,0.3862,-1.0,0.0,0.2161,0.277,0.006435,0.0,-0.1919,-0.595,-0.4038,-0.3145,-0.186,0.01778,0.0654,0.3594,-0.435,-0.5786,0.3276,-0.321,-0.1892,0.082,0.0988,0.0,0.0,0.0929,0.0,0.04944,-0.3906,0.0,0.0,0.0,0.0,0.6074,1.0,-0.5,-1.5,0.1888,-0.5337,1.0,0.0,0.0,0.0,0.0,0.0,0.0,0.607
0.0953,0.09485,0.09625,0.4033,-0.4534,-0.716,0.19,-0.44,-0.2883,-0.2795,-0.07587,0.892,-0.5713,0.3862,-1.0,0.0,0.2349,0.3257,-0.01115,0.0,-0.1895,-0.653,-0.3694,-0.343,-0.2245,0.00722,-0.4873,-0.1898,-0.4504,0.3594,0.618,-0.8794,0.8594,0.0804,0.0974,0.0,0.0,0.0918,0.0,0.04428,-0.431,0.0,0.0,0.0,0.0,-0.3516,1.0,-1.0,-1.5,0.2603,-0.588,0.0,1.0,0.0,0.0,0.0,0.0,0.0,-0.349
0.095,0.09454,0.0959,0.2246,-0.2712,-0.716,0.19,-0.3235,-0.1085,-0.2332,-0.0843,-0.9956,-0.4285,0.3862,0.0,0.0,0.199,0.2651,0.02092,0.0,-0.1869,0.6763,-0.354,-0.3772,-0.0833,0.012436,-0.554,0.3472,-0.4888,-0.1898,-0.578,0.3276,0.0,0.0803,0.09625,0.0,0.0,0.0909,0.0,0.05292,-0.2651,0.0,0.0,0.0,0.0,1.135,1.0,-0.5,-1.0,0.0956,-0.4045,1.0,0.0,0.0,0.0,0.0,0.0,0.0,1.13
0.09576,0.0954,0.0967,-0.08484,0.0446,-0.716,0.19,-0.2598,0.2067,-0.1366,-0.0817,14.88,-0.2856,0.3862,0.0,0.0,0.10944,0.1571,0.085,0.0,-0.1843,0.1929,-0.349,-0.41,0.232,0.01628,-0.534,0.6904,-0.4866,0.3472,0.3594,0.6177,-0.09906,0.08405,0.096,0.0,0.0,0.09094,0.0,0.07074,0.1259,0.0,0.0,0.0,0.0,1.37,1.0,0.0,-0.5,-0.1703,-0.0653,2.0,0.0,0.0,0.0,0.0,0.0,0.0,1.356
0.09393,0.09357,0.0948,0.6562,-0.703,-0.716,0.19,-0.2251,-0.559,-0.3777,-0.09485,-2.467,-0.2856,0.3862,-1.0,0.0,0.354,0.412,-0.06494,0.0,-0.1818,1.257,-0.3445,-0.4316,-0.526,0.01123,-0.3623,-1.597,-0.4556,0.6904,-0.1898,-0.578,-0.2534,0.0831,0.09534,0.0,0.0,0.09,0.0,0.02815,-0.3762,0.0,0.0,0.0,0.0,-3.844,1.0,0.0,-0.5,0.5654,-0.761,0.0,1.0,0.0,0.0,0.0,0.0,0.0,-3.764
0.0941,0.0938,0.095,0.0839,-0.1229,-0.716,0.403,-0.0992,0.03055,-0.2112,-0.1059,-1.313,-0.2856,0.3862,0.0,0.0,0.1971,0.2202,0.04367,0.0,-0.1793,1.056,-0.3535,-0.4363,0.04437,0.01073,-0.235,1.1875,-0.486,-1.597,0.3472,0.3594,-0.321,0.08356,0.0951,0.0,0.0,0.09106,0.0,0.05856,-0.272,0.0,0.0,0.0,0.0,2.32,1.0,0.5,-0.5,0.0876,-0.12274,1.0,0.0,0.0,0.0,0.0,0.0,0.0,2.336
0.09174,0.09155,0.09247,0.8,-0.8413,-0.7983,0.403,0.1747,-0.671,-0.446,-0.1345,-5.14,-0.4285,0.3862,-1.0,0.0,0.461,0.45,-0.1022,0.0,-0.1768,1.628,-0.3684,-0.4307,-0.6787,0.002832,0.348,-1.563,-0.4302,1.1875,0.6904,-0.1897,-0.8794,0.08167,0.0941,0.0,0.0,0.0896,0.0,0.01707,-0.64,0.0,0.0,0.0,0.0,-4.367,1.0,0.5,-0.5,0.8394,-0.7466,0.0,1.0,0.0,0.0,0.0,0.0,0.0,-4.31
0.08923,0.0891,0.0899,0.847,-0.8857,-0.7983,0.2969,0.2219,-0.712,-0.485,-0.1652,0.224,-0.5713,0.3762,-1.0,-1.0,0.5063,0.4895,-0.1239,0.0,-0.1742,0.425,-0.381,-0.4172,-0.7275,-0.01023,0.11,-0.2391,-0.3696,-1.563,-1.596,0.3472,0.3276,0.07825,0.09344,0.0,0.0,0.088,0.0,0.010666,-0.6655,0.0,0.0,0.0,0.0,-0.5825,0.0,0.0,-0.5,0.8823,-0.792,0.0,2.0,0.0,0.0,0.0,0.0,0.0,-0.5903
0.0848,0.08496,0.08514,1.43,-1.457,-0.7983,-0.414,0.4236,-1.268,-0.6865,-0.2078,1.163,-0.5713,0.3665,-1.0,-1.0,0.742,0.703,-0.249,0.0,-0.1718,0.6265,-0.362,-0.3857,-1.273,-0.03275,-0.3508,-1.384,-0.2029,-0.2391,1.1875,0.6904,0.6177,0.07214,0.0915,0.0,0.0,0.0853,0.0,-0.02496,-0.849,0.0,0.0,0.0,0.0,-3.836,-1.0,-0.5,-0.5,1.483,-1.299,0.0,3.0,0.0,0.0,0.0,0.0,0.0,-3.902
0.07886,0.07947,0.07874,1.906,-1.91,-0.7983,-1.052,0.594,-1.715,-0.8623,-0.259,0.5693,-0.5713,0.3564,-1.0,-1.0,0.956,0.8994,-0.3586,0.0,-0.1692,0.7188,-0.3052,-0.3342,-1.727,-0.05856,-0.169,-1.241,0.03214,-1.384,-1.563,-1.596,-0.578,0.06232,0.08887,0.0,0.0,0.0818,0.0,-0.05618,-0.968,0.0,0.0,0.0,0.0,-3.354,-1.0,-0.5,-0.5,1.941,-1.735,0.0,4.0,0.0,0.0,0.0,0.0,0.0,-3.492
0.0749,0.07574,0.0746,1.312,-1.296,-0.7983,-1.052,0.648,-1.197,-0.737,-0.2905,-0.2122,-0.5713,0.3464,-1.0,-1.0,0.818,0.741,-0.2769,0.0,-0.1666,1.524,-0.2289,-0.2773,-1.203,-0.07697,-0.63,0.9443,0.1288,-1.241,-0.2391,1.1875,0.3594,0.05298,0.0864,0.0,0.0,0.0792,0.0,-0.03336,-0.6113,0.0,0.0,0.0,0.0,2.049,-1.0,-0.5,0.0,1.404,-1.104,1.0,0.0,0.0,0.0,0.0,0.0,0.0,2.178
0.0711,0.0721,0.0706,1.278,-1.253,-0.7983,-1.052,0.6943,-1.173,-0.761,-0.3274,0.11847,-0.5713,0.3367,-1.0,-1.0,0.8496,0.7666,-0.2903,0.0,-0.1642,0.2461,-0.1394,-0.224,-1.194,-0.0929,-0.7046,-0.153,0.1901,0.9443,-1.384,-1.563,-0.1897,0.04715,0.084,0.0,0.0,0.0758,0.0,-0.0374,-0.7153,0.0,0.0,0.0,0.0,-0.349,-1.0,-0.5,-0.5,1.345,-1.092,0.0,1.0,0.0,0.0,0.0,0.0,0.0,-0.3655
0.0681,0.0691,0.0677,1.032,-1.007,-0.7983,-1.052,0.5835,-0.919,-0.722,-0.3682,-0.1204,-0.7144,0.3267,-1.0,-1.0,0.7964,0.7305,-0.2634,0.0,-0.1616,0.6006,-0.03445,-0.1658,-0.938,-0.1154,-1.121,0.3066,0.2123,-0.153,-1.24,-0.2391,0.3472,0.0392,0.0816,0.0,0.0,0.07263,0.0,-0.03009,-0.8013,0.0,0.0,0.0,0.0,0.735,0.0,-0.5,-0.5,1.099,-0.8647,1.0,0.0,-0.5,0.0,0.0,0.0,0.0,0.771
0.0659,0.0669,0.0654,0.8135,-0.7837,-0.7983,-1.052,0.5957,-0.6934,-0.6836,-0.3987,-0.1644,-0.7144,0.317,-1.0,-1.0,0.754,0.6826,-0.2366,0.0,-0.159,-0.3052,0.04922,-0.1154,-0.729,-0.1282,-1.765,0.3052,0.2091,0.3066,0.9443,-1.383,0.69,0.03577,0.0797,0.0,0.0,0.06976,0.0,-0.0227,-0.631,0.0,0.0,0.0,0.0,0.599,1.0,-0.5,0.0,0.888,-0.65,2.0,0.0,-0.5,0.0,0.0,0.0,0.0,0.6255
0.06366,0.0647,0.0632,0.8174,-0.7856,-0.7983,-1.052,0.6816,-0.6636,-0.706,-0.4346,0.0864,-0.7144,0.307,-1.0,-1.0,0.7866,0.7017,-0.249,0.0,-0.1566,0.3433,0.12305,-0.0686,-0.7266,-0.1417,-0.946,-0.1401,0.2084,0.3052,-0.153,-1.24,-1.596,0.03253,0.078,0.0,0.0,0.067,0.0,-0.0265,-0.751,0.0,0.0,0.0,0.0,-0.3586,1.0,-0.5,-0.5,0.8887,-0.655,0.0,1.0,-0.5,0.0,0.0,0.0,0.0,-0.3723
0.0653,0.06647,0.0647,-0.2722,0.322,-0.1788,-1.052,0.8174,0.4912,-0.3804,-0.4436,-2.166,-0.5713,0.307,0.0,0.0,0.4502,0.3154,-0.03906,0.0,-0.154,1.805,0.1771,-0.03616,0.4194,-0.1451,-1.828,2.377,0.1904,-0.1401,0.3066,0.944,1.1875,0.03793,0.0781,0.0,0.0,0.06647,0.0,0.03244,-0.1931,0.0,0.0,0.0,0.0,6.434,1.0,-0.5,0.0,-0.04544,0.537,1.0,0.0,-0.5,0.0,0.0,0.0,0.0,5.766
0.0689,0.07025,0.0681,-0.7896,0.8545,0.5137,-1.052,0.889,1.131,-0.1938,-0.4417,1.301,-0.5713,0.307,0.0,0.0,0.2683,0.1072,0.08295,0.0,-0.1515,2.4,0.1934,-0.01536,1.065,-0.1433,-0.8726,1.328,0.2393,2.377,0.3052,-0.153,-1.563,0.04935,0.0783,0.0,0.0,0.06775,0.0,0.0664,-0.02303,0.0,0.0,0.0,0.0,5.016,2.0,0.0,0.0,-0.5117,1.085,2.0,0.0,-0.5,0.0,0.0,0.0,0.0,5.023
0.0758,0.07764,0.07446,-1.591,1.691,1.662,-1.052,0.9004,1.907,0.12415,-0.4233,1.059,-0.5713,0.307,0.0,0.0,-0.03363,-0.2181,0.2898,0.0,-0.149,1.351,0.1555,-0.01214,1.872,-0.1222,-0.593,2.203,0.4265,1.328,-0.1401,0.3066,-0.239,0.06396,0.0798,0.0,0.0,0.0707,0.0,0.1244,0.2006,0.0,0.0,0.0,0.0,7.266,2.0,0.5,0.0,-1.261,1.917,3.0,0.0,-0.5,0.0,0.0,0.0,0.0,5.766
0.0795,0.0816,0.078,-0.794,0.9014,1.662,-1.052,1.014,1.315,-0.10364,-0.402,-0.2676,-0.4285,0.307,0.0,0.0,0.1914,0.000985,0.1481,0.0,-0.1465,1.61,0.08966,-0.02127,1.189,-0.1019,0.5645,-1.455,0.4756,2.203,2.375,0.3052,-1.383,0.0753,0.0804,0.0,0.0,0.0718,0.0,0.084,0.2164,0.0,0.0,0.0,0.0,-4.566,1.0,0.5,0.0,-0.493,1.157,0.0,1.0,-0.5,0.0,0.0,0.0,0.0,-4.312
0.08344,0.0858,0.0816,-0.8257,0.9478,1.662,-1.052,1.094,1.423,-0.06198,-0.3909,0.2256,-0.4285,0.307,0.0,0.0,0.1584,-0.04962,0.1781,0.0,-0.1439,2.6,-0.001319,-0.0405,1.323,-0.097,1.603,0.3157,0.546,-1.455,1.328,-0.1401,-1.24,0.08673,0.0813,0.0,0.0,0.07367,0.0,0.09216,0.0996,0.0,0.0,0.0,0.0,0.7812,2.0,1.0,0.0,-0.596,1.123,1.0,0.0,-1.0,0.0,0.0,0.0,0.0,0.757
0.0846,0.087,0.08276,-0.0958,0.2142,1.662,-1.052,1.143,0.623,-0.2825,-0.3782,-0.4275,-0.2856,0.307,0.0,0.0,0.3796,0.1776,0.04056,0.0,-0.1414,1.221,-0.10645,-0.06476,0.5454,-0.0887,1.407,-1.44,0.5527,0.3157,2.203,2.375,0.944,0.0939,0.08154,0.0,0.0,0.074,0.0,0.05304,0.11584,0.0,0.0,0.0,0.0,-3.773,1.0,0.5,0.0,0.1602,0.4749,0.0,1.0,-1.0,0.0,0.0,0.0,0.0,-3.635
0.08307,0.0855,0.0811,0.6455,-0.5264,1.662,-1.052,1.332,-0.1761,-0.516,-0.3796,-1.044,-0.2856,0.297,-1.0,-1.0,0.6387,0.4185,-0.1063,0.0,-0.1389,1.584,-0.2129,-0.088,-0.2593,-0.08417,1.722,-1.576,0.5503,-1.44,-1.455,1.328,-0.153,0.09753,0.0804,0.0,0.0,0.0731,0.0,0.01133,-0.1091,0.0,0.0,0.0,0.0,-3.31,0.0,0.5,0.0,0.876,-0.2358,0.0,2.0,-1.0,0.0,0.0,0.0,0.0,-3.268
0.0815,0.08386,0.0796,0.6646,-0.5493,1.662,-1.052,1.342,-0.293,-0.5396,-0.3674,2.244,-0.2856,0.287,-1.0,-1.0,0.664,0.4436,-0.1187,0.0,-0.1364,1.068,-0.2803,-0.1209,-0.3855,-0.07245,1.662,-0.1367,0.5415,-1.576,0.3157,2.201,0.3066,0.0955,0.0791,0.0,0.0,0.07184,0.0,0.007637,0.0916,0.0,0.0,0.0,0.0,-0.2297,-1.0,0.0,0.0,0.841,-0.3162,0.0,3.0,-1.0,0.0,0.0,0.0,0.0,-0.2328
0.07916,0.08136,0.07745,0.871,-0.767,1.662,-1.052,1.415,-0.637,-0.622,-0.3472,2.268,-0.2856,0.2773,-1.0,-1.0,0.7603,0.532,-0.1694,0.0,-0.1338,1.108,-0.2852,-0.162,-0.7095,-0.06152,1.576,-0.5596,0.516,-0.1367,-1.44,-1.455,0.305,0.089,0.07764,0.0,0.0,0.0695,0.0,-0.00695,0.2113,0.0,0.0,0.0,0.0,-1.437,-1.0,-0.5,0.0,1.025,-0.542,0.0,4.0,-1.0,0.0,0.0,0.0,0.0,-1.46
0.0786,0.08075,0.077,0.3582,-0.2578,1.662,-1.052,1.377,-0.2295,-0.4856,-0.3274,-0.7134,-0.2856,0.2673,-1.0,-1.0,0.6104,0.3794,-0.0794,0.0,-0.1313,1.615,-0.2417,-0.2004,-0.3064,-0.0472,1.709,1.003,0.5156,-0.5596,-1.575,0.3157,-0.14,0.07947,0.07684,0.0,0.0,0.0694,0.0,0.01817,0.2241,0.0,0.0,0.0,0.0,2.424,-1.0,0.0,0.0,0.586,0.00742,1.0,0.0,-1.0,0.0,0.0,0.0,0.0,2.484
0.0775,0.07947,0.0761,0.5117,-0.4224,1.662,-1.052,1.416,-0.4844,-0.5444,-0.3096,2.586,-0.2856,0.2573,-1.0,-1.0,0.6763,0.4426,-0.11456,0.0,-0.1288,0.391,-0.1733,-0.2366,-0.562,-0.03342,0.368,-0.3855,0.493,1.003,-0.1367,-1.439,2.375,0.0727,0.076,0.0,0.0,0.06793,0.0,0.008095,0.1787,0.0,0.0,0.0,0.0,-0.4968,-1.0,-0.5,0.0,0.742,-0.1422,0.0,1.0,-1.0,0.0,0.0,0.0,0.0,-0.501
0.0765,0.07825,0.07526,0.4924,-0.4136,1.662,-1.052,1.383,-0.5557,-0.553,-0.2957,0.3552,-0.2856,0.2476,-1.0,-1.0,0.6826,0.456,-0.1177,0.0,-0.1262,0.1464,-0.1003,-0.256,-0.6553,-0.01811,-0.5327,-0.03424,0.4932,-0.3855,-0.5596,-1.575,1.328,0.065,0.0756,0.0,0.0,0.0678,0.0,0.007088,0.1299,0.0,0.0,0.0,0.0,-0.03958,-1.0,-1.0,-0.5,0.716,-0.1427,0.0,2.0,-1.0,0.0,0.0,0.0,0.0,-0.04016
0.07513,0.07684,0.074,0.575,-0.501,1.662,-1.052,1.466,-0.7134,-0.593,-0.2878,0.5347,-0.2856,0.2377,-1.0,-1.0,0.7324,0.4934,-0.1404,0.0,-0.1237,0.4463,-0.0488,-0.2559,-0.816,-0.009895,-2.11,-0.2512,0.4944,-0.03424,1.003,-0.1367,2.201,0.06036,0.07495,0.0,0.0,0.0676,0.0,0.0004792,0.03946,0.0,0.0,0.0,0.0,-0.416,-1.0,-1.5,-1.0,0.803,-0.2185,0.0,3.0,-1.0,0.0,0.0,0.0,0.0,-0.4226
0.074,0.07544,0.07294,0.5234,-0.4597,1.662,-1.052,1.414,-0.743,-0.5933,-0.2778,0.1984,-0.2856,0.2278,-1.0,-1.0,0.7285,0.4988,-0.1383,0.0,-0.1212,-0.2642,-0.02225,-0.227,-0.8647,0.002108,-1.424,0.02293,0.4705,-0.2512,-0.3855,-0.5596,-1.454,0.05954,0.074,0.0,0.0,0.06866,0.0,0.0009103,0.0679,0.0,0.0,0.0,0.0,0.03108,0.0,-1.0,-0.5,0.6396,-0.3032,1.0,0.0,-1.0,0.0,0.0,0.0,0.0,0.0317
0.07355,0.07495,0.0727,0.3005,-0.241,1.662,-0.684,1.2,-0.5166,-0.537,-0.2903,-0.2524,-0.4285,0.2178,-1.0,-1.0,0.6494,0.455,-0.1001,0.0,-0.1187,-0.05792,-0.02867,-0.1875,-0.683,0.005833,-1.831,0.4243,0.3845,0.02293,-0.03424,1.003,0.3157,0.06,0.0735,0.0,0.0,0.071,0.0,0.011566,-0.2693,0.0,0.0,0.0,0.0,0.55,0.0,-1.0,-0.5,0.383,-0.1381,2.0,0.0,-1.0,0.0,0.0,0.0,0.0,0.5605
0.07227,0.0735,0.07153,0.5503,-0.503,1.662,-0.684,0.962,-0.715,-0.6245,-0.324,0.684,-0.5713,0.2079,-1.0,-1.0,0.722,0.5786,-0.1539,0.0,-0.11615,-0.694,-0.08295,-0.1609,-0.905,-0.00619,-1.068,-0.592,0.3428,0.4243,-0.2512,-0.3855,-1.439,0.0604,0.0725,0.0,0.0,0.07214,0.0,-0.003736,-0.6855,0.0,0.0,0.0,0.0,-0.647,0.0,-1.0,-1.0,0.5356,-0.4863,0.0,1.0,-1.0,0.0,0.0,0.0,0.0,-0.655
0.0689,0.06976,0.0685,1.148,-1.127,1.662,-0.684,0.936,-1.18,-0.824,-0.3994,0.992,-0.7144,0.198,-1.0,-1.0,0.9434,0.82,-0.28,0.0,-0.11365,0.4646,-0.1489,-0.1602,-1.346,-0.05148,-0.1833,-1.402,0.3374,-0.592,0.02293,-0.03424,-1.575,0.05524,0.07086,0.0,0.0,0.0722,0.0,-0.03955,-1.575,0.0,1.0,0.0,0.0,-2.441,0.0,-1.0,-1.5,1.102,-1.099,0.0,2.0,-1.0,0.0,0.0,0.0,0.0,-2.496
0.0671,0.06775,0.06696,0.6763,-0.6665,1.662,-0.684,0.7764,-0.656,-0.716,-0.4497,-0.397,-0.857,0.1881,-1.0,-1.0,0.806,0.704,-0.2076,0.0,-0.1111,0.47,-0.1547,-0.1664,-0.7285,-0.0979,-0.2178,0.824,0.314,-1.402,0.424,-0.2512,-0.1367,0.05283,0.0695,0.0,0.0,0.07275,0.0,-0.0193,-1.111,0.0,1.0,0.0,0.0,1.49,1.0,-0.5,-1.0,0.6895,-0.61,1.0,0.0,-1.0,0.0,0.0,0.0,0.0,1.561
0.0653,0.0654,0.06573,0.6587,-0.6807,1.662,-0.684,0.4912,-0.5557,-0.7344,-0.5044,-0.0599,-1.0,0.1782,-1.0,-1.0,0.802,0.754,-0.2169,0.0,-0.1086,-0.3564,-0.10785,-0.168,-0.6377,-0.1255,0.0726,-0.10455,0.3062,0.824,-0.592,0.02293,-0.5596,0.05026,0.0676,0.0,0.0,0.07294,0.0,-0.02208,-1.246,0.0,1.0,0.0,0.0,-0.1519,0.0,-0.5,-1.5,0.6133,-0.6895,0.0,1.0,-1.0,0.0,0.0,0.0,0.0,-0.1569
0.06464,0.0645,0.06525,0.3389,-0.3723,1.662,-0.684,0.356,-0.1896,-0.657,-0.536,-0.7686,-1.143,0.1683,-1.0,-1.0,0.7036,0.675,-0.1642,0.0,-0.1061,0.098,-0.010376,-0.1609,-0.2231,-0.1509,-0.586,0.5933,0.2754,-0.10455,-1.402,0.424,1.003,0.04965,0.0671,0.0,0.0,0.07367,0.0,-0.007362,-0.7803,0.0,0.0,0.0,0.0,0.8877,0.0,-0.5,-1.0,0.2644,-0.4373,1.0,0.0,-1.0,-0.5,0.0,0.0,0.0,0.9185
0.0634,0.06323,0.0641,0.489,-0.527,1.662,-0.684,0.199,-0.34,-0.715,-0.5527,2.36,-1.143,0.1584,-1.0,-1.0,0.7534,0.758,-0.1984,0.0,-0.1035,-0.3445,0.0941,-0.1456,-0.3418,-0.1635,-0.4004,-0.3801,0.2947,0.5933,0.824,-0.592,-0.3855,0.0481,0.06555,0.0,0.0,0.07227,0.0,-0.01715,-0.4805,0.0,0.0,0.0,0.0,-0.5645,0.0,-0.5,-1.0,0.4202,-0.574,0.0,1.0,-1.0,-0.5,0.0,0.0,0.0,-0.5786
0.06256,0.06235,0.0633,0.3826,-0.4214,1.662,-0.684,0.0641,-0.2357,-0.696,-0.5654,-0.3657,-1.143,0.1486,-1.0,-1.0,0.72,0.7485,-0.1838,0.0,-0.101,-0.3474,0.1941,-0.12256,-0.2218,-0.1714,-0.437,0.1624,0.2695,-0.3801,-0.1045,-1.402,-0.03424,0.04593,0.06506,0.0,0.0,0.0698,0.0,-0.013214,-0.3794,0.0,0.0,0.0,0.0,0.2084,1.0,0.0,-0.5,0.3,-0.4917,1.0,0.0,-1.0,-0.5,0.0,0.0,0.0,0.2148
0.0639,0.0637,0.0646,-0.233,0.2045,-0.6216,-0.684,-0.0216,0.3882,-0.5103,-0.5566,-5.527,-1.0,0.1387,0.0,-1.0,0.5107,0.541,-0.06183,0.0,-0.0985,0.6167,0.2607,-0.0966,0.3938,-0.1633,-0.325,1.364,0.03708,0.1624,0.5933,0.8237,-0.2512,0.0483,0.0654,0.0,0.0,0.0666,0.0,0.02104,0.2198,0.0,0.0,0.0,0.0,2.287,1.0,0.5,0.0,-0.2622,0.1442,2.0,0.0,-1.0,-0.5,0.0,0.0,0.0,2.352
0.06323,0.06305,0.06396,0.3237,-0.3623,-0.6216,-0.684,-0.0632,-0.1636,-0.6807,-0.572,-1.06,-1.0,0.1287,-1.0,-1.0,0.692,0.7427,-0.1694,0.0,-0.09595,0.41,0.3186,-0.0594,-0.1366,-0.1727,-0.2847,-1.176,-0.09045,1.364,-0.3801,-0.1045,0.02293,0.05118,0.0659,0.0,0.0,0.06366,0.0,-0.00949,-0.429,0.0,0.0,0.0,0.0,-1.853,1.0,0.0,-0.5,0.3057,-0.3672,0.0,1.0,-1.0,-0.5,0.0,0.0,0.0,-1.862
0.06235,0.0621,0.0631,0.3982,-0.439,-0.6216,-0.684,-0.0938,-0.2367,-0.713,-0.585,1.8,-1.0,0.11884,-1.0,-1.0,0.725,0.7837,-0.188,0.0,-0.09344,-0.0041,0.3533,-0.02257,-0.2147,-0.177,-0.5723,-0.2075,-0.3196,-1.176,0.1622,0.5933,0.424,0.05167,0.06696,0.0,0.0,0.06033,0.0,-0.01486,-0.381,0.0,0.0,0.0,0.0,-0.2218,0.0,-0.5,-0.5,0.3857,-0.432,0.0,2.0,-1.0,-0.5,0.0,0.0,0.0,-0.2274
0.062,0.06177,0.0628,0.2295,-0.2693,-0.6216,-0.684,-0.1304,-0.0622,-0.6714,-0.594,-1.432,-0.857,0.1089,0.0,-1.0,0.676,0.738,-0.159,0.0,-0.0909,-0.1357,0.354,0.01204,-0.0434,-0.1798,-0.2595,0.324,-0.439,-0.2075,1.364,-0.3801,-0.592,0.05316,0.0677,0.0,0.0,0.05853,0.0,-0.0069,-0.2698,0.0,0.0,0.0,0.0,0.63,1.0,0.0,0.0,0.2311,-0.2603,1.0,0.0,-1.0,-0.5,0.0,0.0,0.0,0.6484
0.06226,0.06198,0.06305,0.0735,-0.11224,-0.6216,-0.684,-0.2067,0.09735,-0.6284,-0.597,3.45,-0.7144,0.099,0.0,-1.0,0.6216,0.695,-0.129,0.0,-0.0884,-0.2969,0.3186,0.04245,0.1254,-0.181,0.614,0.3337,-0.4453,0.324,-1.176,0.1622,-1.402,0.05408,0.06866,0.0,0.0,0.05832,0.0,0.001416,-0.1015,0.0,0.0,0.0,0.0,0.437,1.0,0.5,0.5,0.1004,-0.0876,2.0,0.0,-1.0,-0.5,0.0,0.0,0.0,0.4475
0.0623,0.06204,0.0631,0.1254,-0.1643,-0.6216,-0.684,-0.1692,0.04645,-0.647,-0.602,-0.11975,-0.5713,0.0891,0.0,-1.0,0.6455,0.713,-0.1383,0.0,-0.0859,0.1215,0.2262,0.0653,0.06415,-0.179,0.2156,-0.103,-0.4495,0.3337,-0.2075,1.364,0.8237,0.05563,0.06946,0.0,0.0,0.05814,0.0,-0.001391,-0.1375,0.0,0.0,0.0,0.0,-0.1656,0.0,0.0,0.0,0.1323,-0.1573,0.0,1.0,-1.0,-0.5,0.0,0.0,0.0,-0.1686
0.06223,0.06192,0.06305,0.1559,-0.1975,-0.6216,0.1984,-0.2234,0.02998,-0.661,-0.613,0.03114,-0.4285,0.0792,0.0,-1.0,0.656,0.735,-0.1445,0.0,-0.0833,-0.6797,0.0717,0.0816,0.04044,-0.1809,0.3284,-0.0688,-0.4497,-0.103,0.324,-1.175,-0.1045,0.05664,0.07,0.0,0.0,0.05835,0.0,-0.00328,-0.2832,0.0,0.0,0.0,0.0,-0.0856,0.0,0.0,-0.5,0.1346,-0.219,0.0,2.0,-1.0,-0.5,0.0,0.0,0.0,-0.0873
0.06198,0.06168,0.0628,0.2102,-0.2522,-0.6216,0.1984,-0.2003,-0.03146,-0.683,-0.618,-0.3213,-0.2856,0.06934,0.0,-1.0,0.682,0.759,-0.1559,0.0,-0.0808,-0.2448,-0.1417,0.08734,-0.01672,-0.1818,0.01222,-0.1262,-0.4739,-0.0688,0.3337,-0.2075,0.5933,0.0542,0.07056,0.0,0.0,0.05765,0.0,-0.00663,-0.1447,0.0,0.0,0.0,0.0,-0.156,0.0,-0.5,-0.5,0.1189,-0.3455,0.0,3.0,-1.0,-0.5,0.0,0.0,0.0,-0.1592
0.06464,0.06445,0.06537,-0.589,0.5625,-0.4521,0.1984,-0.1974,0.7627,-0.4302,-0.5874,10.555,-0.1428,0.06934,0.0,0.0,0.4111,0.4678,0.010574,0.0,-0.0783,0.95,-0.331,0.0705,0.759,-0.1586,0.2551,1.852,-0.3777,-0.1262,-0.10297,0.324,-0.38,0.05887,0.07086,0.0,0.0,0.0588,0.0,0.04007,0.818,1.0,0.0,0.0,0.0,4.92,0.0,0.0,0.0,-0.5825,0.513,1.0,0.0,-1.0,-0.5,0.0,0.0,0.0,5.035
0.0677,0.0676,0.0683,-0.6826,0.665,-0.2485,0.1984,-0.261,0.8574,-0.38,-0.562,0.2617,0.0,0.06934,0.0,0.0,0.3533,0.4182,0.04678,0.0,-0.07574,-0.1986,-0.4155,0.03226,0.8213,-0.134,0.2998,0.3906,-0.2678,1.852,-0.0688,0.3337,0.1622,0.06494,0.0707,0.0,0.0,0.0603,0.0,0.05005,0.7456,0.0,0.0,0.0,0.0,0.75,0.0,0.0,0.0,-0.66,0.626,2.0,0.0,-1.0,-0.5,0.0,0.0,0.0,0.744
0.06995,0.06995,0.0705,-0.478,0.461,-0.2485,0.1984,-0.2351,0.617,-0.4272,-0.5386,-0.1279,0.1428,0.06934,0.0,0.0,0.4048,0.4683,0.01988,0.0,-0.07324,-0.2076,-0.3865,-0.02037,0.568,-0.11365,-0.3882,-0.2883,-0.2031,0.3906,-0.1262,-0.10297,1.363,0.0695,0.06903,0.0,0.0,0.06177,0.0,0.04224,0.6626,0.0,0.0,0.0,0.0,-0.542,0.0,-0.5,0.0,-0.4841,0.4067,0.0,1.0,-1.0,-0.5,0.0,0.0,0.0,-0.534
0.07336,0.0735,0.0738,-0.771,0.7646,-0.2485,0.1984,-0.2544,0.9326,-0.3125,-0.511,0.6147,0.2856,0.06934,0.0,0.0,0.285,0.3438,0.0975,0.0,-0.0707,0.0859,-0.2769,-0.08954,0.853,-0.0896,0.4163,0.8354,-0.08905,-0.2883,1.852,-0.0688,-1.175,0.0754,0.0687,0.0,0.0,0.0639,0.0,0.06384,0.715,0.0,0.0,0.0,0.0,1.915,1.0,0.0,0.0,-0.74,0.7275,1.0,0.0,-1.0,-0.5,0.0,0.0,0.0,1.896
0.07544,0.07556,0.07587,-0.4075,0.3977,-0.2485,0.1984,-0.2368,0.516,-0.4097,-0.4866,-0.2932,0.4285,0.06934,0.0,0.0,0.3862,0.4487,0.03748,0.0,-0.0682,-0.5254,-0.161,-0.1666,0.435,-0.07086,0.731,-0.637,-0.0406,0.8354,0.3904,-0.1262,-0.2075,0.07996,0.0679,0.0,0.0,0.0652,0.0,0.0467,0.603,0.0,0.0,0.0,0.0,-1.247,1.0,0.0,0.0,-0.3735,0.3926,0.0,1.0,-1.0,-0.5,0.0,0.0,0.0,-1.219
0.0782,0.0783,0.07855,-0.5864,0.582,-0.2485,0.1984,-0.208,0.681,-0.3364,-0.458,0.4302,0.5713,0.06934,0.0,0.0,0.3135,0.3655,0.08813,0.0,-0.0657,0.1032,-0.05627,-0.2258,0.623,-0.05557,0.6865,0.544,0.02881,-0.637,-0.288,1.852,0.3237,0.08594,0.0681,0.0,0.0,0.0674,0.0,0.06085,0.6753,0.0,0.0,0.0,0.0,0.6997,1.0,0.0,0.0,-0.5845,0.528,1.0,0.0,-1.0,-0.5,0.0,0.0,0.0,0.691
0.08,0.0802,0.0804,-0.3484,0.3425,-0.2485,0.5127,-0.2255,0.4429,-0.3972,-0.449,-0.1854,0.5713,0.06934,0.0,0.0,0.3743,0.4338,0.05194,0.0,-0.0631,0.2473,0.04376,-0.2146,0.3562,-0.04123,0.65,-0.385,0.008064,0.544,0.8354,0.3904,0.3335,0.0913,0.0691,0.0,0.0,0.07043,0.0,0.05035,0.2463,0.0,0.0,0.0,0.0,-0.925,0.0,-0.5,-0.5,-0.4019,0.2471,0.0,1.0,-1.0,-0.5,0.0,0.0,0.0,-0.9053
0.0818,0.08185,0.0822,-0.327,0.3164,-0.2485,0.5127,-0.3372,0.3823,-0.394,-0.426,0.02426,0.7144,0.06934,0.0,0.0,0.361,0.4412,0.0571,0.0,-0.0606,-0.573,0.1265,-0.1582,0.317,-0.02844,0.8403,0.05536,0.01413,-0.385,-0.637,-0.288,-0.10297,0.0925,0.0702,0.0,0.0,0.0728,0.0,0.05167,0.7656,1.0,0.0,0.0,0.0,0.062,1.0,0.0,0.0,-0.3877,0.2146,1.0,0.0,-1.0,-0.5,0.0,0.0,0.0,0.0611
0.0826,0.0826,0.08307,-0.0754,0.05743,-0.2485,0.5127,-0.3477,0.0681,-0.4673,-0.4058,-0.55,0.857,0.05942,0.0,-1.0,0.4365,0.524,0.01264,0.0,-0.05807,-0.326,0.1869,-0.0952,0.03552,-0.01926,1.02,-0.4758,-0.01341,0.05536,0.544,0.835,-0.0688,0.0916,0.0713,0.0,0.0,0.07495,0.0,0.03897,0.6274,0.0,0.0,0.0,0.0,-0.622,0.0,0.0,0.0,-0.1406,-0.02974,0.0,1.0,-1.0,-0.5,0.0,0.0,0.0,-0.612
0.0862,0.0863,0.0866,-0.806,0.8022,-0.2485,0.5127,-0.2803,0.8115,-0.2196,-0.3699,4.594,0.857,0.05942,0.0,0.0,0.1893,0.2465,0.1771,0.0,-0.05554,1.085,0.2507,-0.02094,0.7637,0.006557,1.208,1.773,0.06097,-0.4758,-0.385,-0.6367,-0.1262,0.0957,0.0729,0.0,0.0,0.07806,0.0,0.08514,0.9043,1.0,0.0,0.0,0.0,3.662,1.0,0.5,0.0,-0.7573,0.782,1.0,0.0,-1.0,-0.5,0.0,0.0,0.0,3.633
0.0899,0.09,0.0903,-0.829,0.8276,-0.2485,0.5127,-0.2854,0.819,-0.1859,-0.3347,0.1517,0.857,0.05942,0.0,0.0,0.1555,0.2113,0.2029,0.0,-0.05304,-0.3337,0.3062,0.05365,0.785,0.02823,0.2817,0.2708,0.11237,1.773,0.05536,0.544,1.851,0.0984,0.07477,0.0,0.0,0.0817,0.0,0.0922,0.8975,1.0,0.0,0.0,0.0,0.4778,1.0,0.5,0.0,-0.7725,0.8145,2.0,0.0,-1.0,-0.5,0.0,0.0,0.0,0.4602
0.0934,0.0935,0.09375,-0.768,0.765,-0.2485,0.5127,-0.2954,0.722,-0.1808,-0.2974,0.02916,0.857,0.05942,0.0,0.0,0.1497,0.2069,0.2102,0.0,-0.0505,-0.05994,0.3496,0.12494,0.7163,0.0487,0.164,0.0755,0.1493,0.2708,-0.4756,-0.385,0.3904,0.10284,0.0768,0.0,0.0,0.0853,0.0,0.09406,0.952,1.0,0.0,0.0,0.0,0.1146,2.0,0.5,0.5,-0.7153,0.7524,3.0,0.0,-1.0,-0.5,0.0,0.0,0.0,0.1099
0.09656,0.0967,0.097,-0.6855,0.6807,-0.2485,0.5127,-0.1938,0.591,-0.185,-0.2588,-0.02904,0.857,0.05942,0.0,0.0,0.1628,0.2017,0.2112,0.0,-0.04797,0.418,0.3652,0.1956,0.6294,0.0665,0.4644,0.01077,0.2103,0.0755,1.773,0.05536,-0.288,0.106,0.0789,0.0,0.0,0.0878,0.0,0.09424,0.983,1.0,0.0,0.0,0.0,0.00948,2.0,1.0,1.0,-0.644,0.662,4.0,0.0,-0.5,-0.5,0.0,0.0,0.0,0.00909
0.09845,0.0983,0.09906,-0.3594,0.3398,-0.2485,0.5127,-0.1277,0.1812,-0.2766,-0.2258,-0.4934,0.857,0.05942,0.0,0.0,0.26,0.2927,0.1554,0.0,-0.04544,0.2313,0.354,0.2607,0.2268,0.0887,0.05823,-0.5815,0.1892,0.01077,0.2708,-0.4756,0.835,0.1087,0.08075,0.0,0.0,0.09076,0.0,0.07825,0.785,1.0,0.0,0.0,0.0,-1.273,2.0,0.5,1.0,-0.3933,0.265,0.0,1.0,-0.5,-0.5,0.0,0.0,0.0,-1.22
0.10004,0.09985,0.10077,-0.2854,0.2603,-0.2485,0.891,-0.2705,0.0969,-0.2915,-0.2144,-0.169,0.857,0.05942,0.0,0.0,0.2622,0.3225,0.1492,0.0,-0.04294,-0.5137,0.3472,0.316,0.1068,0.1061,0.515,-0.06525,0.1367,-0.5815,0.07544,1.772,-0.6367,0.1111,0.0822,0.0,0.0,0.0939,0.0,0.07635,0.3835,0.0,0.0,0.0,0.0,-0.05573,1.0,0.5,0.5,-0.3384,0.17,0.0,2.0,-0.5,-0.5,0.0,0.0,0.0,-0.05386
0.1014,0.1012,0.10205,-0.2069,0.1802,-0.2485,0.846,-0.2534,0.01878,-0.3098,-0.2087,-0.2612,0.857,0.05942,0.0,0.0,0.2822,0.3408,0.1409,0.0,-0.0404,-0.0578,0.3352,0.353,0.01877,0.1152,0.2408,-0.0871,0.082,-0.06525,0.01077,0.2708,0.544,0.1144,0.08405,0.0,0.0,0.0966,0.0,0.07385,0.2336,0.0,0.0,0.0,0.0,-0.1257,0.0,0.0,0.0,-0.275,0.0798,0.0,3.0,-0.5,-0.5,0.0,0.0,0.0,-0.12177
0.10144,0.10126,0.1021,0.12445,-0.1555,-0.2485,0.499,-0.1422,-0.3352,-0.4133,-0.2073,-2.756,0.7144,0.05942,-1.0,0.0,0.3984,0.4436,0.0768,0.0,-0.03787,0.8037,0.309,0.3699,-0.3364,0.12036,0.529,-0.676,0.02089,-0.0871,-0.5815,0.07544,-0.385,0.1118,0.08624,0.0,0.0,0.09845,0.0,0.05548,0.07306,0.0,0.0,0.0,0.0,-1.553,-1.0,0.0,0.0,0.02908,-0.26,0.0,4.0,-0.5,-0.5,0.0,0.0,0.0,-1.506
0.0999,0.09985,0.1005,0.565,-0.594,-0.2485,0.0005207,-0.007904,-0.767,-0.557,-0.2266,2.295,0.5713,0.0495,-1.0,-1.0,0.5625,0.5938,-0.01425,0.0,-0.03534,0.3428,0.251,0.3516,-0.7065,0.1005,0.5103,-0.97,-0.04562,-0.676,-0.06525,0.010765,0.05533,0.1062,0.0874,0.0,0.0,0.0996,0.0,0.0294,-0.542,0.0,0.0,0.0,0.0,-3.5,-2.0,-0.5,-0.5,0.4575,-0.6772,0.0,5.0,-0.5,0.0,0.0,1.0,-3.717,-3.434
0.0972,0.0973,0.09766,0.896,-0.92,-0.2485,-0.414,0.05496,-1.109,-0.675,-0.2466,0.718,0.4285,0.0396,-1.0,-1.0,0.6963,0.7246,-0.08875,0.0,-0.03284,0.0462,0.174,0.3027,-1.0205,0.08636,0.77,-0.807,-0.08765,-0.97,-0.08704,-0.581,-0.4756,0.0985,0.0882,0.0,0.0,0.1001,0.0,0.0081,-0.584,0.0,0.0,0.0,0.0,-2.053,-2.0,-0.5,-0.5,0.779,-0.988,0.0,5.617,-0.5,0.5,0.0,0.0,0.0,-2.047
0.0935,0.0939,0.0937,1.208,-1.22,-0.2485,-0.8345,0.1348,-1.407,-0.7915,-0.281,0.4722,0.2856,0.02971,-1.0,-1.0,0.834,0.8564,-0.1632,0.0,-0.0303,0.7485,0.08093,0.2202,-1.297,0.06384,-0.4436,-0.818,-0.08075,-0.807,-0.676,-0.0652,1.772,0.0888,0.0882,0.0,0.0,0.10004,0.0,-0.013176,-0.9946,0.0,0.0,0.0,0.0,-1.973,-2.0,-1.0,-1.0,1.089,-1.267,0.0,5.617,-0.5,1.0,0.0,0.0,0.0,-1.993
0.0902,0.0907,0.0903,1.086,-1.089,-0.2485,-0.8345,0.06647,-1.305,-0.7856,-0.3105,0.05627,0.1428,0.0198,-1.0,-1.0,0.8213,0.8564,-0.158,0.0,-0.02777,-0.4302,-0.010025,0.1328,-1.156,0.0405,-0.86,0.0576,0.01133,-0.818,-0.97,-0.08704,0.2708,0.08075,0.08844,0.0,0.0,0.0985,0.0,-0.01201,-0.889,0.0,0.0,0.0,0.0,0.1531,-1.0,-1.0,-0.5,0.971,-1.139,1.0,0.0,-0.5,1.0,0.0,0.0,0.0,0.1567
0.0859,0.08673,0.0856,1.419,-1.402,-0.307,-0.8345,0.305,-1.617,-0.9097,-0.35,0.431,0.0,0.0099,-1.0,-1.0,0.9854,0.9863,-0.2377,0.0,-0.02525,1.801,-0.0651,0.05127,-1.407,0.006645,-1.161,-0.886,0.1564,0.0576,-0.8066,-0.676,0.07544,0.07074,0.0881,0.0,0.0,0.0959,0.0,-0.03494,-1.081,0.0,1.0,0.0,0.0,-3.72,-1.0,-1.5,-1.0,1.297,-1.436,0.0,1.0,-0.5,1.0,0.0,0.0,0.0,-3.807
0.0828,0.0838,0.08234,1.054,-1.025,-0.307,-0.8345,0.2976,-1.289,-0.8374,-0.378,-0.0966,-0.1428,0.0,-1.0,-1.0,0.901,0.897,-0.1891,0.0,-0.02272,-0.1284,-0.08716,-0.0197,-1.087,-0.00674,-1.4795,0.549,0.2369,-0.886,-0.818,-0.9697,0.010765,0.06223,0.08734,0.0,0.0,0.094,0.0,-0.02141,-0.7793,0.0,0.0,0.0,0.0,0.974,0.0,-1.5,-0.5,0.8823,-1.141,1.0,0.0,-0.5,1.0,0.0,0.0,0.0,1.012
0.0795,0.0805,0.07904,1.113,-1.086,-0.307,-0.8345,0.1997,-1.294,-0.8813,-0.4292,0.1475,-0.2856,-0.0099,-1.0,-1.0,0.943,0.9604,-0.2169,0.0,-0.0202,0.035,-0.02534,-0.0644,-1.115,-0.03062,-1.369,-0.3125,0.317,0.549,0.0576,-0.8066,-0.581,0.05463,0.08704,0.0,0.0,0.0911,0.0,-0.02954,-1.691,0.0,1.0,0.0,0.0,-0.7324,0.0,-1.5,-1.0,0.9404,-1.197,0.0,1.0,-0.5,1.0,0.0,0.0,0.0,-0.754
0.07697,0.07806,0.0765,0.8984,-0.866,-0.307,-0.8345,0.2656,-1.018,-0.8447,-0.481,-0.11414,-0.4285,-0.0198,-1.0,-1.0,0.9062,0.909,-0.1921,0.0,-0.01767,0.6045,0.09827,-0.0746,-0.8433,-0.05893,-1.585,0.2793,0.3743,-0.3125,-0.8857,-0.818,-0.0652,0.05005,0.08704,0.0,0.0,0.08905,0.0,-0.02278,-1.698,0.0,1.0,0.0,0.0,0.638,1.0,-1.0,-1.0,0.7485,-0.9697,1.0,0.0,-0.5,1.0,0.0,0.0,0.0,0.6606
0.075,0.07605,0.0745,0.735,-0.7026,-0.307,-0.8345,0.345,-0.776,-0.8174,-0.5312,-0.1508,-0.5713,-0.02971,-1.0,-1.0,0.8823,0.868,-0.1735,0.0,-0.01515,1.017,0.2308,-0.05603,-0.652,-0.0773,-1.765,0.2085,0.4065,0.2793,0.549,0.05756,-0.08704,0.04785,0.0869,0.0,0.0,0.0867,0.0,-0.01765,-1.624,0.0,1.0,0.0,0.0,0.2651,1.0,-0.5,-1.0,0.607,-0.7954,2.0,0.0,-0.5,1.0,0.0,0.0,0.0,0.2732
0.07513,0.076,0.07477,0.1466,-0.119,-0.307,-0.8345,0.3406,-0.0945,-0.6543,-0.5684,-0.9883,-0.5713,-0.0396,0.0,-1.0,0.699,0.6733,-0.066,0.0,-0.01263,0.984,0.3435,-0.01816,-0.01976,-0.089,-1.537,1.2,0.408,0.2085,-0.3125,-0.8857,-0.6753,0.05035,0.0873,0.0,0.0,0.0856,0.0,0.01242,-1.045,0.0,1.0,0.0,0.0,3.021,2.0,0.0,-1.0,0.0884,-0.1814,3.0,0.0,-0.5,1.0,0.0,0.0,0.0,3.102
0.077,0.07776,0.0768,-0.3489,0.3757,0.05807,-0.8345,0.3323,0.512,-0.4973,-0.5864,14.88,-0.5713,-0.0495,0.0,-1.0,0.529,0.4924,0.03848,0.0,-0.0101,0.6694,0.4229,0.0324,0.593,-0.0997,-1.004,1.143,0.4055,1.2,0.2793,0.549,-0.9697,0.05545,0.0884,0.0,0.0,0.0854,0.0,0.04163,-0.4946,0.0,0.0,0.0,0.0,2.828,2.0,0.5,-0.5,-0.3206,0.369,4.0,0.0,-0.5,1.0,0.0,0.0,0.0,2.846
0.0791,0.0797,0.079,-0.3992,0.4192,0.1738,-0.8345,0.3037,0.659,-0.4685,-0.601,0.3994,-0.5713,-0.05942,0.0,-1.0,0.496,0.463,0.05917,0.0,-0.007576,-0.752,0.4438,0.0788,0.691,-0.09735,-0.45,0.222,0.4102,1.143,0.2084,-0.3125,-0.8066,0.0631,0.08966,0.0,0.0,0.0858,0.0,0.04724,-0.4072,0.0,0.0,0.0,0.0,0.3997,3.0,1.0,0.0,-0.3586,0.422,5.0,0.0,0.0,1.0,0.0,0.0,0.0,0.3945
0.08167,0.08215,0.08167,-0.529,0.545,0.3928,-0.8345,0.2296,0.887,-0.4116,-0.61,0.4668,-0.5713,-0.05942,0.0,0.0,0.43,0.4062,0.0985,0.0,-0.00505,-0.786,0.4177,0.1271,0.9194,-0.10095,0.1704,0.4204,0.382,0.222,1.2,0.279,-0.8174,0.07056,0.0912,0.0,0.0,0.0851,0.0,0.0582,-0.2595,0.0,0.0,0.0,0.0,0.522,3.0,1.5,0.5,-0.4932,0.532,5.734,0.0,0.5,1.0,0.0,0.0,0.0,0.5137
0.08435,0.08484,0.08435,-0.558,0.573,0.5073,-0.8345,0.10205,0.982,-0.383,-0.6084,0.2463,-0.4285,-0.05942,0.0,0.0,0.3892,0.387,0.11914,0.0,-0.002525,-0.553,0.3384,0.1692,1.039,-0.10266,0.3162,0.2196,0.346,0.4204,1.143,0.2084,0.05756,0.0792,0.09186,0.0,0.0,0.08435,0.0,0.0638,-0.00826,0.0,0.0,0.0,0.0,0.4438,3.0,1.5,1.0,-0.56,0.517,5.734,0.0,1.0,1.0,0.0,0.0,0.0,0.4336
0.08673,0.0872,0.08673,-0.475,0.49,0.5073,-0.8345,-0.02798,0.9136,-0.3904,-0.5947,0.0744,-0.2856,-0.05942,0.0,0.0,0.3848,0.4075,0.1161,0.0,0.0,-0.258,0.2388,0.1963,0.994,-0.09735,1.0625,-0.03284,0.302,0.2196,0.2219,1.2,-0.8857,0.08716,0.0923,0.0,0.0,0.0835,0.0,0.0627,0.3135,0.0,0.0,0.0,0.0,-0.06647,2.0,1.5,1.0,-0.5225,0.3909,0.0,1.0,1.0,1.0,0.0,0.0,0.0,-0.0647
0.08795,0.0885,0.08795,-0.174,0.1888,0.5073,-0.8345,0.00627,0.575,-0.4705,-0.5767,-0.2177,-0.1428,-0.06934,0.0,-1.0,0.4714,0.4934,0.06433,0.0,0.002525,0.199,0.1076,0.2043,0.6694,-0.08813,0.97,-0.5474,0.2379,-0.03284,0.4202,1.143,0.549,0.0933,0.0925,0.0,0.0,0.08215,0.0,0.04788,0.4114,0.0,0.0,0.0,0.0,-1.007,1.0,1.0,1.0,-0.2544,0.0775,0.0,2.0,1.0,1.0,0.0,0.0,0.0,-0.9805
0.089,0.0896,0.08887,-0.1061,0.124,0.5073,-0.8345,0.1004,0.4504,-0.482,-0.5493,-0.05542,0.0,-0.0792,0.0,-1.0,0.492,0.4973,0.0571,0.0,0.00505,1.689,-0.03586,0.1863,0.5464,-0.07227,1.341,-0.07733,0.2002,-0.5474,0.2196,0.2219,-0.3123,0.0965,0.0923,0.0,0.0,0.08124,0.0,0.04562,0.747,0.0,0.0,0.0,0.0,-0.1305,0.0,1.0,1.0,-0.1914,0.01251,0.0,3.0,1.0,1.0,0.0,0.0,0.0,-0.1283
0.0898,0.09045,0.0897,-0.0654,0.0834,0.5073,-0.8345,0.1348,0.3516,-0.4873,-0.523,-0.04883,0.1428,-0.0891,0.0,-1.0,0.5005,0.5,0.05402,0.0,0.007576,-0.09595,-0.1755,0.142,0.4512,-0.05722,1.358,-0.0332,0.1624,-0.07733,-0.0328,0.4202,0.279,0.09686,0.0924,0.0,0.0,0.0804,0.0,0.0446,0.7173,0.0,0.0,0.0,0.0,-0.04907,-1.0,0.5,0.5,-0.1965,-0.0748,0.0,4.0,1.0,1.0,0.0,0.0,0.0,-0.0483
0.0912,0.09155,0.0913,-0.2041,0.2107,0.5073,-0.8345,-0.07574,0.402,-0.4375,-0.4827,0.262,0.2856,-0.0891,0.0,0.0,0.4294,0.464,0.0871,0.0,0.0101,-0.6074,-0.2422,0.0742,0.4849,-0.03036,1.4,0.3542,0.1376,-0.0332,-0.5474,0.2196,0.2084,0.0976,0.0924,0.0,0.0,0.0799,0.0,0.0538,1.291,1.0,0.0,0.0,0.0,0.397,-1.0,0.5,1.0,-0.3296,0.0478,1.0,0.0,1.0,1.0,0.0,0.0,0.0,0.3909
0.0913,0.0917,0.0915,0.11475,-0.116,0.5073,-0.8345,-0.01181,-0.00399,-0.531,-0.4558,-0.7183,0.4285,-0.099,0.0,-1.0,0.5337,0.5635,0.02608,0.0,0.01263,0.3,-0.2542,-0.013084,0.0712,-0.01247,0.834,-0.6494,0.1233,0.3542,-0.07733,-0.0328,1.199,0.09576,0.0922,0.0,0.0,0.0794,0.0,0.03638,0.786,1.0,0.0,0.0,0.0,-1.13,-1.0,0.0,0.5,-0.01005,-0.2534,0.0,1.0,1.0,1.0,0.0,0.0,0.0,-1.106
0.09174,0.0919,0.0921,0.03093,-0.04086,0.5073,-0.8345,0.007126,-0.00982,-0.505,-0.424,0.0854,0.5713,-0.1089,0.0,-1.0,0.508,0.532,0.04367,0.0,0.01515,0.2498,-0.1842,-0.0868,0.06305,0.007072,0.1718,0.1891,0.1328,-0.6494,-0.03317,-0.5474,1.143,0.0938,0.09216,0.0,0.0,0.07996,0.0,0.0411,1.004,1.0,0.0,0.0,0.0,0.41,0.0,0.0,1.0,-0.08844,-0.1787,1.0,0.0,1.0,1.0,0.0,0.0,0.0,0.4055
0.0925,0.09247,0.0931,-0.06042,0.03986,0.5073,-0.8345,0.01686,0.002272,-0.4746,-0.3928,0.269,0.7144,-0.11884,0.0,-1.0,0.4768,0.497,0.06433,0.0,0.01767,0.7046,-0.05695,-0.1378,0.03513,0.03366,0.03162,0.2218,0.1425,0.1891,0.3542,-0.07733,0.2219,0.09247,0.09247,0.0,0.0,0.08136,0.0,0.0467,0.995,1.0,0.0,0.0,0.0,0.4463,1.0,0.0,1.0,-0.1678,-0.09204,2.0,0.0,1.0,1.0,0.0,0.0,0.0,0.4402
0.09424,0.0939,0.09503,-0.3125,0.2786,0.5073,0.768,-0.03372,0.1897,-0.3894,-0.3574,1.894,0.857,-0.11884,0.0,0.0,0.3833,0.4067,0.1212,0.0,0.0202,0.5503,0.0668,-0.1494,0.235,0.05246,-0.2379,0.608,0.1427,0.2218,-0.6494,-0.03317,0.4202,0.09393,0.0921,0.0,0.0,0.0839,0.0,0.06256,1.073,1.0,0.0,0.0,0.0,1.118,2.0,0.0,1.0,-0.4253,0.12115,3.0,0.0,1.0,1.0,0.0,0.0,0.0,1.099
0.0965,0.0961,0.0975,-0.4792,0.4429,0.5073,0.768,-0.05215,0.3398,-0.3213,-0.3298,0.683,0.857,-0.11884,0.0,0.0,0.312,0.334,0.1667,0.0,0.02272,0.856,0.1855,-0.11456,0.3523,0.0756,-0.366,0.4812,0.1533,0.608,0.1891,0.354,0.2196,0.09674,0.0919,0.0,0.0,0.0869,0.0,0.07513,0.9404,1.0,0.0,0.0,0.0,0.988,2.0,0.0,1.0,-0.613,0.2502,4.0,0.0,1.0,1.0,0.0,0.0,0.0,0.961
0.09717,0.09674,0.09814,-0.04062,-0.00246,0.5073,0.7773,-0.04434,-0.10974,-0.4487,-0.3252,-0.941,0.857,-0.11884,0.0,0.0,0.444,0.4739,0.084,0.0,0.02525,0.4155,0.2688,-0.05197,-0.1302,0.08655,-0.3113,-0.868,0.063,0.4812,0.2218,-0.649,-0.0328,0.09753,0.0911,0.0,0.0,0.08984,0.0,0.05157,0.0832,0.0,0.0,0.0,0.0,-1.608,2.0,0.0,0.5,-0.1666,-0.1531,0.0,1.0,1.0,1.0,0.0,0.0,0.0,-1.553
0.0981,0.09766,0.09906,-0.1056,0.0635,0.5073,0.7773,-0.014984,-0.03375,-0.423,-0.3213,14.88,0.857,-0.11884,0.0,0.0,0.4202,0.4426,0.10156,0.0,0.02777,-0.3289,0.3184,0.00922,-0.0568,0.08997,0.02588,0.1873,-0.00795,-0.868,0.6074,0.1891,-0.5474,0.0979,0.09045,0.0,0.0,0.0925,0.0,0.05634,0.0696,0.0,0.0,0.0,0.0,0.3435,2.0,0.5,0.5,-0.24,-0.10126,1.0,0.0,1.0,1.0,0.0,0.0,0.0,0.3364
0.1002,0.09985,0.1011,-0.4268,0.3928,0.5073,0.7773,-0.00769,0.3306,-0.31,-0.3137,5.055,0.857,-0.11884,0.0,0.0,0.3044,0.3174,0.1771,0.0,0.0303,-0.3289,0.3335,0.068,0.3066,0.09503,0.10205,0.8013,-0.1042,0.1873,0.4812,0.2217,-0.07733,0.1018,0.0906,0.0,0.0,0.0961,0.0,0.0774,0.2183,0.0,0.0,0.0,0.0,1.66,2.0,1.0,0.5,-0.513,0.255,2.0,0.0,1.0,1.0,0.0,0.0,0.0,1.621
0.10144,0.1011,0.1023,-0.1884,0.1522,0.5073,0.7773,0.006596,0.1137,-0.3733,-0.3137,-0.3909,0.857,-0.11884,0.0,0.0,0.3704,0.3853,0.1367,0.0,0.03284,-0.5557,0.3103,0.11444,0.0864,0.0975,0.207,-0.4224,-0.2374,0.8013,-0.868,0.6074,-0.03317,0.1042,0.0905,0.0,0.0,0.0991,0.0,0.0658,-0.0609,0.0,0.0,0.0,0.0,-0.676,1.0,1.0,0.0,-0.2698,0.03864,0.0,1.0,1.0,1.0,0.0,0.0,0.0,-0.651
0.1039,0.10364,0.1047,-0.511,0.485,0.5073,0.7773,0.00473,0.4858,-0.2559,-0.304,1.927,0.857,-0.11884,0.0,0.0,0.251,0.258,0.2153,0.0,0.03534,0.0112,0.2637,0.1498,0.448,0.10596,0.03452,0.829,-0.3655,-0.4224,0.1871,0.4812,0.354,0.1081,0.091,0.0,0.0,0.10266,0.0,0.08777,0.2396,0.0,0.0,0.0,0.0,1.757,1.0,1.0,0.5,-0.562,0.38,1.0,0.0,1.0,1.0,0.0,0.0,0.0,1.704
0.1046,0.1044,0.1054,-0.0485,0.01613,0.5073,0.7534,0.02563,0.004433,-0.3918,-0.298,-0.736,0.857,-0.11884,0.0,0.0,0.391,0.4038,0.1274,0.0,0.03787,-0.0692,0.1915,0.1698,-0.02448,0.11,0.548,-0.9146,-0.452,0.829,0.8013,-0.8677,-0.649,0.1083,0.0913,0.0,0.0,0.10443,0.0,0.06274,0.0883,0.0,0.0,0.0,0.0,-1.674,1.0,1.0,0.5,-0.0824,-0.03488,0.0,1.0,1.0,1.0,0.0,0.0,0.0,-1.603
0.1066,0.1063,0.1074,-0.39,0.3613,0.5073,0.7534,-0.1741,0.3572,-0.2747,-0.2822,3.379,0.857,-0.11884,0.0,0.0,0.254,0.2952,0.206,0.0,0.0404,-0.32,0.10376,0.1718,0.366,0.1127,0.4958,0.8306,-0.4258,-0.9146,-0.4224,0.1871,0.1891,0.10925,0.09265,0.0,0.0,0.10596,0.0,0.08484,0.3413,0.0,0.0,0.0,0.0,0.5547,1.0,1.0,1.0,-0.363,0.3499,1.0,0.0,1.0,1.0,0.0,0.0,0.0,0.539
0.1062,0.10596,0.107,0.2532,-0.2896,0.5073,0.5366,-0.0633,-0.3176,-0.4717,-0.281,-1.424,0.7144,-0.1287,-1.0,-1.0,0.4666,0.5015,0.0778,0.0,0.04294,0.6694,-0.001439,0.1633,-0.3118,0.1165,0.465,-1.336,-0.4312,0.8306,0.829,0.801,0.2217,0.10913,0.0936,0.0,0.0,0.10614,0.0,0.04846,-0.07263,0.0,0.0,0.0,0.0,-1.903,0.0,0.5,1.0,0.2964,-0.2333,0.0,1.0,1.0,1.0,0.0,0.0,0.0,-1.824
0.1088,0.1087,0.1095,-0.5405,0.5215,0.5073,0.5366,0.03125,0.512,-0.2126,-0.2634,-4.35,0.7144,-0.1287,0.0,0.0,0.2103,0.2094,0.2495,0.0,0.04544,1.082,-0.0882,0.1427,0.519,0.1263,0.07904,1.83,-0.3647,-1.336,-0.9146,-0.4224,0.6074,0.1129,0.0962,0.0,0.0,0.1075,0.0,0.0966,0.2415,0.0,0.0,0.0,0.0,4.617,1.0,0.5,1.0,-0.3982,0.624,1.0,0.0,1.0,1.0,0.0,0.0,0.0,4.527
0.11206,0.11206,0.1127,-0.706,0.6934,-0.1792,0.5366,0.02673,0.6807,-0.1354,-0.2318,0.4373,0.7144,-0.1287,0.0,0.0,0.1339,0.1284,0.3022,0.0,0.04797,0.3748,-0.1636,0.11224,0.7065,0.1426,-0.1481,0.5454,-0.2666,1.83,0.83,0.8286,0.481,0.11615,0.099,0.0,0.0,0.1092,0.0,0.11127,0.5127,0.0,0.0,0.0,0.0,1.168,1.0,0.5,1.5,-0.5396,0.8096,2.0,0.0,1.0,1.0,0.0,0.0,0.0,1.111
0.1161,0.1162,0.1165,-0.8813,0.8794,0.1412,0.5366,0.08014,0.869,-0.0475,-0.1954,0.4026,0.7144,-0.1287,0.0,0.0,0.0539,0.0326,0.3623,0.0,0.0505,0.9917,-0.1904,0.0862,0.861,0.1721,0.521,0.6147,-0.1372,0.5454,-1.336,-0.914,-0.8677,0.122,0.1026,0.0,0.0,0.11145,0.0,0.1278,0.5806,0.0,0.0,0.0,0.0,1.583,2.0,1.0,1.5,-0.691,1.009,3.0,0.0,1.0,1.0,0.0,0.0,0.0,1.492
0.12067,0.1209,0.121,-1.005,1.013,0.4202,0.5366,0.0279,1.007,0.0289,-0.1554,0.2964,0.7144,-0.1287,0.0,0.0,-0.02318,-0.03983,0.415,0.0,0.05304,0.1305,-0.1059,0.0824,0.9033,0.2162,0.5923,0.535,-0.004868,0.6147,1.829,0.83,0.1871,0.1272,0.1063,0.0,0.0,0.1146,0.0,0.1422,0.628,0.0,0.0,0.0,0.0,2.168,2.0,1.0,1.5,-0.816,1.13,4.0,0.0,1.0,1.0,0.0,0.0,0.0,2.023
0.12384,0.12415,0.12415,-0.6714,0.677,0.4202,0.5366,-0.005726,0.651,-0.05353,-0.1289,-0.2048,0.7144,-0.1287,0.0,0.0,0.05197,0.047,0.3633,0.0,0.05554,-0.1804,-0.01521,0.08075,0.5596,0.2327,0.2854,-0.52,0.04822,0.535,0.5454,-1.336,0.801,0.1332,0.10986,0.0,0.0,0.11743,0.0,0.1274,0.3936,0.0,0.0,0.0,0.0,-1.096,2.0,0.5,1.0,-0.499,0.802,0.0,1.0,1.0,1.0,0.0,0.0,0.0,-1.013
0.1277,0.128,0.1278,-0.809,0.8203,0.4202,0.5366,-0.0752,0.8164,0.01949,-0.1021,0.3804,0.7144,-0.1287,0.0,0.0,-0.02354,-0.0205,0.4138,0.0,0.05807,0.1727,0.0912,0.0833,0.7153,0.2524,0.695,0.514,0.11505,-0.52,0.6147,1.829,-0.422,0.1385,0.1135,0.0,0.0,0.1207,0.0,0.1415,0.4023,0.0,0.0,0.0,0.0,1.065,2.0,1.0,1.0,-0.6504,0.92,1.0,0.0,1.0,1.0,0.0,0.0,0.0,0.994
0.1323,0.1327,0.1324,-1.006,1.021,0.4202,0.5366,-0.1675,1.014,0.1187,-0.05673,0.375,0.7144,-0.1287,0.0,0.0,-0.1242,-0.11053,0.4822,0.0,0.0606,-0.4956,0.1985,0.10425,0.9507,0.2737,0.3413,0.6865,0.2203,0.514,0.535,0.5454,0.8286,0.149,0.11755,0.0,0.0,0.1243,0.0,0.1605,0.7446,0.0,0.0,0.0,0.0,1.191,2.0,1.0,1.5,-0.813,1.143,2.0,0.0,1.0,1.0,0.0,0.0,0.0,1.102
0.1365,0.1368,0.1366,-0.8896,0.9053,0.4202,0.5366,-0.1647,0.8667,0.11334,-0.01284,0.0,0.7144,-0.1287,0.0,0.0,-0.119,-0.10547,0.4812,0.0,0.0631,-0.371,0.2986,0.1342,0.8354,0.2954,1.138,-0.010284,0.2659,0.6865,-0.52,0.6147,-0.914,0.155,0.1209,0.0,0.0,0.1284,0.0,0.16,0.7173,0.0,0.0,0.0,0.0,-0.01645,1.0,1.0,1.0,-0.7446,0.984,0.0,1.0,1.0,1.0,0.0,0.0,0.0,-0.015045
0.1404,0.1407,0.1404,-0.8193,0.8364,0.4202,0.5366,-0.1891,0.7876,0.1205,0.02232,0.05466,0.7144,-0.1287,0.0,0.0,-0.1278,-0.11017,0.4883,0.0,0.0657,-0.635,0.3884,0.172,0.77,0.3157,0.8374,0.072,0.2966,-0.010284,0.5137,0.5347,0.83,0.1598,0.12366,0.0,0.0,0.1326,0.0,0.1619,0.6147,0.0,0.0,0.0,0.0,0.0965,1.0,1.0,1.0,-0.6978,0.894,1.0,0.0,1.0,1.0,0.0,0.0,0.0,0.08826
0.145,0.1456,0.1451,-1.019,1.042,0.4202,0.5366,-0.1615,0.984,0.2235,0.07166,0.3813,0.7144,-0.1287,0.0,0.0,-0.2191,-0.2131,0.5586,0.0,0.0682,-0.0704,0.4712,0.2275,0.992,0.341,1.925,0.6987,0.358,0.072,0.6865,-0.5195,-1.336,0.1649,0.1267,0.0,0.0,0.1371,0.0,0.1815,0.8506,1.0,0.0,0.0,0.0,1.307,2.0,1.5,1.5,-0.8945,1.087,2.0,0.0,1.0,1.0,0.0,0.0,0.0,1.193
0.148,0.1484,0.148,-0.5522,0.5713,0.4202,0.5366,-0.1146,0.4707,0.0928,0.10065,-0.3691,0.7144,-0.1287,0.0,0.0,-0.0956,-0.08997,0.4749,0.0,0.0707,0.1841,0.549,0.2913,0.4585,0.3655,1.066,-0.8223,0.3694,0.6987,-0.010284,0.5137,1.829,0.1665,0.129,0.0,0.0,0.1403,0.0,0.1575,0.467,0.0,0.0,0.0,0.0,-1.844,1.0,1.0,1.0,-0.4575,0.6206,0.0,1.0,1.0,1.0,0.0,0.0,0.0,-1.665
0.1505,0.151,0.1505,-0.494,0.51,0.4202,0.5366,0.00309,0.3545,0.093,0.1417,-0.07434,0.7144,-0.1287,0.0,0.0,-0.0852,-0.10144,0.477,0.0,0.07324,1.305,0.621,0.37,0.3232,0.3953,0.856,0.02058,0.3848,-0.8223,0.07196,0.686,0.5454,0.1694,0.1311,0.0,0.0,0.1431,0.0,0.1577,0.756,0.0,0.0,0.0,0.0,0.067,1.0,1.0,1.5,-0.4424,0.517,1.0,0.0,1.0,1.0,0.0,0.0,0.0,0.06134
0.1533,0.1538,0.1534,-0.5522,0.566,0.4202,0.5366,0.01953,0.3853,0.1316,0.1753,0.2148,0.7144,-0.1287,0.0,0.0,-0.11926,-0.141,0.505,0.0,0.07574,-0.0858,0.6465,0.4338,0.416,0.4045,0.5605,0.2778,0.3574,0.02058,0.698,-0.01028,0.6143,0.1718,0.1335,0.0,0.0,0.147,0.0,0.1654,0.6733,0.0,0.0,0.0,0.0,0.3792,2.0,1.0,1.5,-0.5493,0.516,2.0,0.0,1.0,1.0,0.0,0.0,0.0,0.347
0.1543,0.1543,0.1549,-0.1067,0.09076,0.4202,0.5366,-0.00326,-0.178,-0.008606,0.2139,-1.092,0.7144,-0.1287,-1.0,0.0,0.00942,0.001003,0.415,0.0,0.0783,-0.05136,0.637,0.487,-0.1027,0.421,0.2932,-0.891,0.2915,0.2778,-0.8223,0.07196,0.5347,0.17,0.1356,0.0,0.0,0.1498,0.0,0.1398,0.8213,1.0,0.0,0.0,0.0,-1.396,1.0,0.5,1.5,-0.1614,0.01261,0.0,1.0,1.0,1.0,0.0,0.0,0.0,-1.272
0.1539,0.1537,0.1547,0.2551,-0.2827,0.4202,0.37,-0.02373,-0.5854,-0.1279,0.2214,7.246,0.5713,-0.1287,-1.0,0.0,0.1221,0.1255,0.3384,0.0,0.0808,0.5195,0.6,0.5317,-0.5586,0.4387,0.653,-0.7695,0.2502,-0.891,0.02058,0.698,-0.5195,0.1663,0.1373,0.0,0.0,0.1512,0.0,0.118,0.1501,0.0,0.0,0.0,0.0,-1.294,0.0,0.5,1.0,0.1952,-0.3386,0.0,2.0,1.0,1.0,0.0,0.0,0.0,-1.197
0.1552,0.1549,0.156,-0.1808,0.1526,0.4202,0.37,-0.0555,-0.1637,0.01231,0.2336,-0.8403,0.4285,-0.1287,-1.0,0.0,-0.01502,-0.015144,0.4336,0.0,0.0833,0.3347,0.533,0.5596,-0.1494,0.45,0.2832,0.969,0.1842,-0.7695,0.2778,-0.8223,0.5137,0.1649,0.1396,0.0,0.0,0.154,0.0,0.1447,0.2627,0.0,0.0,0.0,0.0,1.91,1.0,0.5,1.0,-0.1943,0.1135,1.0,0.0,1.0,1.0,0.0,0.0,0.0,1.79
0.1555,0.1552,0.1564,0.05862,-0.0922,0.4202,0.37,-0.1249,-0.4055,-0.0635,0.2324,5.6,0.2856,-0.1287,-1.0,0.0,0.0508,0.0686,0.386,0.0,0.0859,0.0257,0.4595,0.573,-0.4192,0.4583,-0.1775,-0.4768,0.1464,0.969,-0.891,0.02058,0.686,0.1604,0.1415,0.0,0.0,0.1555,0.0,0.131,-0.0638,0.0,0.0,0.0,0.0,-0.5845,0.0,0.0,0.5,0.02945,-0.1298,0.0,1.0,1.0,1.0,0.0,0.0,0.0,-0.5386
0.1565,0.1561,0.1573,-0.1033,0.0704,0.4202,0.37,-0.203,-0.221,-0.00899,0.2299,-0.554,0.1428,-0.1287,-1.0,0.0,-0.008095,0.02051,0.4243,0.0,0.0884,-0.5425,0.4055,0.565,-0.2441,0.4604,-0.2372,0.3867,0.0397,-0.4768,-0.7695,0.2778,-0.01028,0.1592,0.1439,0.0,0.0,0.1583,0.0,0.1417,-0.10803,0.0,0.0,0.0,0.0,0.5107,0.0,0.5,0.5,-0.1298,0.02321,1.0,0.0,1.0,1.0,0.0,0.0,0.0,0.4746
0.1586,0.1582,0.1594,-0.3767,0.347,0.4202,0.37,-0.11035,0.06836,0.09106,0.2427,-2.855,0.1428,-0.1287,0.0,0.0,-0.09357,-0.0887,0.4924,0.0,0.0909,1.132,0.3372,0.538,0.0406,0.4702,-0.3271,0.685,-0.01232,0.3867,0.9688,-0.891,0.07196,0.1595,0.1467,0.0,0.0,0.1609,0.0,0.1605,0.262,0.0,0.0,0.0,0.0,2.166,1.0,0.5,1.0,-0.3787,0.3054,2.0,0.0,1.0,1.0,0.0,0.0,0.0,2.0
0.1605,0.1602,0.1615,-0.3682,0.337,0.4202,0.37,-0.1919,0.083,0.10187,0.25,0.2305,0.1428,-0.1287,0.0,0.0,-0.11084,-0.09155,0.502,0.0,0.09344,-0.7334,0.257,0.49,0.05356,0.477,-0.813,0.0924,-0.2465,0.685,-0.4768,-0.769,0.698,0.1594,0.1494,0.0,0.0,0.1648,0.0,0.1631,0.1506,0.0,0.0,0.0,0.0,0.04205,2.0,0.5,1.0,-0.4011,0.2622,3.0,0.0,1.0,1.0,0.0,0.0,0.0,0.0384
0.1615,0.1611,0.1625,-0.1088,0.0751,0.4202,0.37,-0.1251,-0.1448,0.02525,0.243,-1.118,0.0,-0.1287,-1.0,0.0,-0.03345,-0.02151,0.4531,0.0,0.09595,0.09265,0.1626,0.4197,-0.1838,0.4775,-0.2703,-0.4817,-0.3406,0.0924,0.3865,0.9688,-0.822,0.1604,0.1514,0.0,0.0,0.1666,0.0,0.1493,-0.2352,0.0,0.0,0.0,0.0,-0.5767,1.0,0.5,0.5,-0.1329,0.03006,0.0,1.0,1.0,1.0,0.0,0.0,0.0,-0.526
0.1608,0.1605,0.1616,0.33,-0.3657,0.4202,0.37,-0.06757,-0.5586,-0.11804,0.2247,14.88,-0.1428,-0.1287,-1.0,0.0,0.10864,0.11945,0.36,0.0,0.0985,-0.03848,0.05402,0.3296,-0.615,0.4734,-0.2998,-0.9297,-0.381,-0.4817,0.685,-0.4766,0.02058,0.161,0.1526,0.0,0.0,0.1671,0.0,0.1228,-0.496,0.0,0.0,0.0,0.0,-1.178,1.0,0.0,0.5,0.3245,-0.3564,0.0,2.0,1.0,1.0,0.0,0.0,0.0,-1.082
0.1605,0.1603,0.1614,0.1967,-0.2295,0.4202,0.37,-0.04477,-0.3965,-0.0819,0.2085,-0.2583,-0.2856,-0.1287,-1.0,0.0,0.07574,0.0799,0.386,0.0,0.101,-0.2695,-0.06995,0.2352,-0.4604,0.467,-0.575,0.2625,-0.392,-0.9297,0.09235,0.3865,0.2778,0.1598,0.1544,0.0,0.0,0.1674,0.0,0.13,-0.4336,0.0,0.0,0.0,0.0,0.3206,1.0,0.0,0.5,0.1747,-0.2484,1.0,0.0,1.0,1.0,0.0,0.0,0.0,0.299
0.1584,0.1582,0.1592,0.702,-0.7373,-0.7915,0.37,0.02124,-0.8477,-0.2532,0.1694,1.901,-0.4285,-0.1287,-1.0,0.0,0.2499,0.2534,0.2744,0.0,0.1035,0.1255,-0.1957,0.1528,-0.9175,0.4487,-0.03235,-1.129,-0.3086,0.2625,-0.4817,0.685,-0.8906,0.1569,0.1555,0.0,0.0,0.1661,0.0,0.0982,-0.919,0.0,0.0,0.0,0.0,-1.901,0.0,0.0,0.0,0.665,-0.7334,0.0,1.0,1.0,1.0,0.0,0.0,0.0,-1.767
0.1559,0.1558,0.1565,0.817,-0.8457,-0.7915,0.37,0.0285,-0.94,-0.3083,0.1372,0.2815,-0.5713,-0.1287,-1.0,0.0,0.3062,0.3123,0.2391,0.0,0.1061,0.1926,-0.2976,0.05862,-0.9917,0.4277,0.4019,-0.362,-0.2214,-1.129,-0.9297,0.09235,-0.769,0.1521,0.1559,0.0,0.0,0.1649,0.0,0.0881,-0.826,0.0,0.0,0.0,0.0,-0.643,-1.0,0.0,0.0,0.788,-0.823,0.0,2.0,1.0,1.0,0.0,0.0,0.0,-0.6094
0.153,0.153,0.1536,0.9204,-0.9473,-0.7915,0.2703,-0.1243,-1.0205,-0.3623,0.10175,0.2498,-0.7144,-0.1287,-1.0,0.0,0.3474,0.3857,0.204,0.0,0.1086,-0.4211,-0.3035,-0.0368,-1.028,0.3984,-0.3284,-0.3643,-0.11127,-0.362,0.2625,-0.4814,0.9688,0.1447,0.1562,0.0,0.0,0.1631,0.0,0.07794,-0.902,0.0,0.0,0.0,0.0,-0.6255,-1.0,-0.5,-0.5,0.8896,-0.9194,0.0,3.0,1.0,1.0,0.0,0.0,0.0,-0.5957
0.1509,0.151,0.1515,0.693,-0.714,-0.8105,0.2703,-0.05682,-0.7637,-0.3132,0.06683,-0.1681,-0.857,-0.1287,-1.0,0.0,0.3032,0.3257,0.237,0.0,0.1111,0.8564,-0.2522,-0.1211,-0.7754,0.379,-0.1575,0.345,-0.05844,-0.3643,-1.128,-0.9297,-0.4766,0.1378,0.1564,0.0,0.0,0.1608,0.0,0.0871,-0.883,0.0,0.0,0.0,0.0,0.664,0.0,0.0,-0.5,0.6436,-0.724,1.0,0.0,1.0,1.0,0.0,0.0,0.0,0.6367
0.1521,0.1522,0.1526,-0.157,0.1493,-0.282,0.2703,0.03946,0.1159,-0.04874,0.06396,-1.345,-0.7144,-0.1287,0.0,0.0,0.05142,0.03775,0.4138,0.0,0.11365,1.391,-0.1862,-0.1908,0.11005,0.3755,-0.527,1.833,-0.06976,0.345,-0.362,0.2622,0.3865,0.1368,0.1581,0.0,0.0,0.1602,0.0,0.1366,-0.1401,0.0,0.0,0.0,0.0,5.96,0.0,0.0,0.0,-0.10657,0.1816,2.0,0.0,1.0,1.0,0.0,0.0,0.0,5.684
0.156,0.1562,0.1561,-0.7905,0.8013,0.5366,0.2703,0.12286,0.8076,0.1826,0.08856,3.426,-0.5713,-0.1287,0.0,0.0,-0.1567,-0.2008,0.5703,0.0,0.11615,1.74,-0.1641,-0.2576,0.746,0.402,-1.009,1.57,-0.03044,1.833,-0.3643,-1.128,0.685,0.1422,0.1604,0.0,0.0,0.1609,0.0,0.1802,0.397,0.0,0.0,0.0,0.0,5.598,1.0,0.0,0.5,-0.68,0.8496,3.0,0.0,1.0,1.0,0.0,0.0,0.0,5.176
0.1613,0.1619,0.1613,-1.132,1.16,1.081,0.2703,0.1065,1.246,0.3408,0.11676,0.6636,-0.4285,-0.1287,0.0,0.0,-0.2996,-0.3506,0.6133,1.0,-0.2903,0.4934,-0.1648,-0.3098,1.116,0.3704,-1.02,1.044,0.0574,1.57,0.345,-0.362,0.09235,0.1498,0.1641,0.0,0.0,0.162,0.0,0.2098,0.4167,0.0,0.0,0.0,0.0,3.576,2.0,0.0,0.5,-0.9814,1.226,4.0,0.0,1.0,1.0,0.0,0.0,0.0,3.223
0.1661,0.1671,0.1659,-1.03,1.072,1.117,0.2703,0.191,1.172,0.3489,0.1512,0.0833,-0.2856,-0.1287,0.0,0.0,-0.2988,-0.366,0.6133,1.0,-0.2903,0.9326,-0.1635,-0.3394,1.013,0.391,-0.56,0.0697,0.1656,1.044,1.833,-0.3643,-0.4814,0.1603,0.1666,0.0,0.0,0.164,0.0,0.2114,0.571,0.0,0.0,0.0,0.0,0.2083,3.0,0.5,1.0,-0.91,1.113,5.0,0.0,1.0,-0.5,0.0,0.0,0.0,0.1844
0.1714,0.1725,0.1708,-1.071,1.129,1.319,0.2703,0.2502,1.26,0.4055,0.1848,0.2181,-0.1428,-0.1287,0.0,0.0,-0.343,-0.4246,0.6133,1.0,-0.2903,0.2393,-0.1416,-0.3364,1.088,0.376,0.2473,0.388,0.2869,0.0697,1.57,0.345,-0.929,0.1729,0.1692,0.0,0.0,0.1661,0.0,0.2225,0.5737,0.0,0.0,0.0,0.0,1.095,3.0,1.0,1.0,-0.972,1.144,5.734,0.0,1.0,-0.5,0.0,0.0,0.0,0.9688
0.175,0.1763,0.1743,-0.7095,0.768,1.319,0.2703,0.2395,0.9077,0.3132,0.203,-0.1378,-0.1428,-0.1287,0.0,0.0,-0.2632,-0.3372,0.5557,0.0,-0.2878,0.698,-0.1028,-0.319,0.713,0.3945,0.3206,-0.5635,0.3484,0.388,1.044,1.832,0.2622,0.1847,0.1711,0.0,0.0,0.1676,0.0,0.2056,0.2764,0.0,0.0,0.0,0.0,-1.508,2.0,0.5,0.5,-0.609,0.812,0.0,1.0,1.0,-0.5,0.0,0.0,0.0,-1.326
0.1779,0.1792,0.177,-0.5083,0.5737,1.319,0.2703,0.348,0.727,0.2695,0.2167,-0.05093,-0.1428,-0.1287,0.0,0.0,-0.2147,-0.3062,0.5293,0.0,-0.2854,0.357,-0.05606,-0.2913,0.529,0.4058,1.291,-0.2595,0.3918,-0.5635,0.0697,1.57,-1.128,0.1951,0.1725,0.0,0.0,0.1697,0.0,0.1975,0.1836,0.0,0.0,0.0,0.0,-0.744,1.0,0.5,0.0,-0.4353,0.6035,0.0,2.0,1.0,-0.5,0.0,0.0,0.0,-0.6606
0.1819,0.1835,0.1808,-0.7905,0.87,1.319,0.2703,0.3972,1.049,0.3948,0.2467,0.5615,0.0,-0.1287,0.0,0.0,-0.3206,-0.4287,0.6133,1.0,-0.2903,0.9443,0.01788,-0.2466,0.84,0.4263,1.788,0.832,0.4539,-0.2595,0.388,1.043,-0.3618,0.2031,0.1747,0.0,0.0,0.1732,0.0,0.2213,0.4758,0.0,0.0,0.0,0.0,2.816,1.0,1.0,0.5,-0.7124,0.8833,1.0,0.0,1.0,-0.5,0.0,0.0,0.0,2.51
0.1842,0.1858,0.1831,-0.3748,0.4531,1.319,0.2703,0.4646,0.5684,0.2754,0.28,-0.3096,0.1428,-0.1287,0.0,0.0,-0.2096,-0.3228,0.537,0.0,-0.2878,0.3142,0.1091,-0.1932,0.3882,0.4429,2.37,-0.741,0.484,0.832,-0.5635,0.0697,-0.3643,0.2051,0.176,0.0,0.0,0.1752,0.0,0.1991,0.521,0.0,0.0,0.0,0.0,-2.195,0.0,1.0,0.5,-0.296,0.4995,0.0,1.0,1.0,-0.5,0.0,0.0,0.0,-1.931
0.1857,0.1875,0.1844,-0.1774,0.2612,1.319,0.2703,0.6313,0.3271,0.223,0.3062,-0.2438,0.2856,-0.1287,0.0,0.0,-0.1477,-0.2886,0.505,0.0,-0.2854,1.406,0.2073,-0.1355,0.1604,0.4575,2.447,-0.3203,0.4888,-0.741,-0.2595,0.388,0.3447,0.2035,0.1769,0.0,0.0,0.1772,0.0,0.1892,0.3818,0.0,0.0,0.0,0.0,-1.117,-1.0,0.5,0.0,-0.1534,0.263,0.0,2.0,1.0,-0.5,0.0,0.0,0.0,-0.9946
0.1836,0.1857,0.1821,0.746,-0.6567,1.319,-0.3252,1.105,-0.692,-0.0792,0.3232,-2.383,0.2856,-0.1287,-1.0,0.0,0.1761,-0.03302,0.3076,0.0,-0.2827,3.135,0.277,-0.0912,-0.7817,0.4546,1.4795,-1.952,0.4907,-0.3203,0.8315,-0.563,1.832,0.1964,0.1765,0.0,0.0,0.1771,0.0,0.1321,0.1526,0.0,0.0,0.0,0.0,-8.15,-1.0,0.0,0.0,0.7993,-0.5513,0.0,3.0,1.0,-0.5,0.0,0.0,0.0,-5.477
0.1825,0.1846,0.181,0.471,-0.3804,1.319,-0.3252,1.371,-0.528,-0.005196,0.3508,-0.169,0.2856,-0.1287,-1.0,0.0,0.1293,-0.134,0.3564,0.0,-0.2803,3.135,0.3071,-0.0598,-0.508,0.4465,0.3938,0.4993,0.492,-1.952,-0.741,-0.2593,1.569,0.1897,0.1763,0.0,0.0,0.1769,0.0,0.1456,0.324,0.0,0.0,0.0,0.0,2.242,0.0,0.0,0.5,0.5474,-0.271,1.0,0.0,1.0,-0.5,0.0,0.0,0.0,2.074
0.1799,0.1819,0.1786,0.8687,-0.7866,1.319,-0.3252,1.76,-1.037,-0.1467,0.3716,1.495,0.2856,-0.1287,-1.0,0.0,0.3,-0.02559,0.2642,0.0,-0.2778,3.135,0.2947,-0.02751,-0.992,0.454,-0.4211,-0.939,0.509,0.4993,-0.3203,0.8315,1.043,0.182,0.1752,0.0,0.0,0.1757,0.0,0.1187,0.1847,0.0,0.0,0.0,0.0,-2.586,-1.0,-0.5,0.5,0.96,-0.6304,0.0,1.0,1.0,-0.5,0.0,0.0,0.0,-2.373
0.1748,0.1769,0.1732,1.58,-1.495,1.319,-0.3252,1.925,-1.813,-0.3914,0.369,1.067,0.2856,-0.1287,-1.0,0.0,0.5605,0.2214,0.1035,0.0,-0.2751,1.522,0.2135,-0.002913,-1.749,0.4492,-0.6855,-1.656,0.592,-0.939,-1.952,-0.741,0.0697,0.1709,0.1735,0.0,0.0,0.1733,0.0,0.07227,-0.1938,0.0,0.0,0.0,0.0,-5.008,-1.0,-1.0,0.0,1.625,-1.334,0.0,2.0,1.0,-0.5,0.0,0.0,0.0,-4.668
0.1718,0.174,0.1702,0.9814,-0.885,1.319,-0.3252,1.758,-1.299,-0.2412,0.356,-0.1893,0.1428,-0.1287,-1.0,0.0,0.3933,0.0744,0.201,0.0,-0.2727,0.616,0.0686,0.0149,-1.251,0.4438,-1.299,1.035,0.609,-1.656,0.4993,-0.32,0.3877,0.16,0.1725,0.0,0.0,0.1729,0.0,0.0999,-0.3428,0.0,0.0,0.0,0.0,2.822,0.0,-1.0,0.0,1.026,-0.7705,1.0,0.0,0.5,-0.5,0.0,0.0,0.0,2.705
0.1688,0.1711,0.167,1.003,-0.9,1.319,-0.3252,1.599,-1.299,-0.269,0.3218,0.1433,0.0,-0.1287,-1.0,0.0,0.4067,0.1194,0.1818,0.0,-0.2703,0.2085,-0.08386,0.02205,-1.272,0.428,-1.181,-0.2013,0.637,1.035,-0.9385,-1.951,-0.563,0.1506,0.1711,0.0,0.0,0.1719,0.0,0.0941,-0.7407,0.0,0.0,0.0,0.0,-0.4937,0.0,-1.0,-0.5,0.9985,-0.8374,0.0,1.0,0.5,-0.5,0.0,0.0,0.0,-0.4653
0.1655,0.168,0.1635,1.079,-0.965,1.319,-0.3252,1.684,-1.309,-0.3135,0.271,0.1521,-0.1428,-0.1287,-1.0,0.0,0.4592,0.1592,0.1512,0.0,-0.2676,1.368,-0.2067,0.01555,-1.289,0.399,-1.259,-0.3188,0.646,-0.2013,-1.655,0.499,-0.2593,0.1414,0.1702,0.0,0.0,0.1718,0.0,0.08496,-1.1,0.0,1.0,0.0,0.0,-0.9844,-1.0,-1.0,-1.0,1.079,-0.8916,0.0,2.0,0.5,-0.5,0.0,0.0,0.0,-0.931
0.163,0.1658,0.1606,0.893,-0.762,1.319,-0.3252,1.929,-1.057,-0.2754,0.222,-0.08887,-0.2856,-0.1287,-1.0,0.0,0.4426,0.0946,0.1747,0.0,-0.2651,3.135,-0.2258,0.0002956,-0.9976,0.3606,-2.123,0.2458,0.6294,-0.3188,1.034,-0.9385,0.8315,0.1378,0.1697,0.0,0.0,0.1721,0.0,0.0913,-1.047,0.0,1.0,0.0,0.0,0.8413,0.0,-1.0,-1.0,0.8887,-0.7085,1.0,0.0,0.5,-0.5,0.0,0.0,0.0,0.8
0.1631,0.1656,0.161,0.179,-0.0555,1.319,-0.3252,1.904,-0.2583,-0.0616,0.184,-0.787,-0.4285,-0.1287,-1.0,0.0,0.2307,-0.1276,0.3137,0.0,-0.2627,1.108,-0.1533,-0.02956,-0.2103,0.3394,-1.894,1.458,0.555,0.2458,-0.2013,-1.655,-0.741,0.1367,0.1697,0.0,0.0,0.1741,0.0,0.131,-0.758,0.0,0.0,0.0,0.0,4.332,1.0,-0.5,-1.0,0.2634,0.03973,2.0,0.0,0.5,-1.0,0.0,0.0,0.0,4.1
0.1642,0.1665,0.1624,-0.05197,0.1626,1.319,-0.3252,1.815,0.0639,0.01557,0.1586,-2.326,-0.4285,-0.1287,0.0,0.0,0.1493,-0.1975,0.3645,0.0,-0.26,0.1437,-0.05106,-0.07416,0.10406,0.3264,-1.822,0.5195,0.4863,1.458,-0.3188,1.034,-0.32,0.1394,0.1702,0.0,0.0,0.1761,0.0,0.1453,-0.535,0.0,0.0,0.0,0.0,1.251,1.0,0.0,-0.5,0.06415,0.2744,3.0,0.0,0.5,-1.0,0.0,0.0,0.0,1.156
0.1638,0.1659,0.1622,0.2915,-0.1964,1.319,-0.3252,1.814,-0.2128,-0.09454,0.1285,-1.552,-0.5713,-0.1287,-1.0,0.0,0.2544,-0.08514,0.2925,0.0,-0.2576,-0.1034,0.05527,-0.1188,-0.1925,0.3137,-0.527,-0.7314,0.4895,0.5195,0.2458,-0.2013,-1.951,0.1444,0.17,0.0,0.0,0.176,0.0,0.12427,-0.6104,0.0,0.0,0.0,0.0,-1.656,1.0,0.0,-0.5,0.389,-0.0782,0.0,1.0,0.5,-1.0,0.0,0.0,0.0,-1.518
0.1642,0.1658,0.1632,0.0895,-0.02228,1.319,-0.3252,1.752,0.0877,-0.03427,0.0918,-3.232,-0.5713,-0.1287,0.0,0.0,0.1909,-0.141,0.332,0.0,-0.2551,0.64,0.1676,-0.11743,0.10455,0.2932,-0.883,0.4067,0.4841,-0.7314,1.458,-0.3188,0.499,0.1478,0.1697,0.0,0.0,0.1748,0.0,0.1353,-0.723,0.0,0.0,0.0,0.0,1.236,2.0,0.0,-0.5,0.1919,0.0856,1.0,0.0,0.5,-1.0,0.0,0.0,0.0,1.146
0.1653,0.1664,0.1647,-0.0789,0.1268,1.319,-0.3252,1.679,0.3384,0.02258,0.06934,1.498,-0.5713,-0.1287,0.0,0.0,0.1305,-0.1915,0.3696,0.0,-0.2524,-0.1901,0.2598,-0.0766,0.3665,0.278,-0.2458,0.3833,0.438,0.4067,0.5195,0.2457,-0.9385,0.1527,0.1696,0.0,0.0,0.173,0.0,0.1458,-0.4993,0.0,0.0,0.0,0.0,0.9775,2.0,0.5,0.0,0.04443,0.2445,2.0,0.0,0.5,-1.0,0.0,0.0,0.0,0.9004
0.1638,0.1646,0.1637,0.5337,-0.5156,1.319,-0.3252,1.7,-0.2323,-0.1792,0.0356,-1.237,-0.7144,-0.1287,-1.0,0.0,0.3267,0.01417,0.2377,0.0,-0.25,0.547,0.3342,-0.00502,-0.1871,0.256,0.965,-1.338,0.3982,0.3833,-0.7314,1.458,-1.655,0.155,0.1688,0.0,0.0,0.1698,0.0,0.1076,-0.6636,0.0,0.0,0.0,0.0,-2.607,1.0,0.5,0.0,0.601,-0.4111,0.0,1.0,0.5,-1.0,0.0,0.0,0.0,-2.387
0.1617,0.1624,0.1617,0.714,-0.705,-0.2583,-0.3252,1.365,-0.4272,-0.2505,0.02109,1.966,-0.7144,-0.1287,-1.0,0.0,0.3672,0.12177,0.1909,0.0,-0.2474,0.62,0.3806,0.06775,-0.3801,0.2476,0.3694,-0.4844,0.3286,-1.338,0.4067,0.5195,1.034,0.1554,0.1685,0.0,0.0,0.1659,0.0,0.094,-0.4026,0.0,0.0,0.0,0.0,-0.723,0.0,0.0,0.0,0.775,-0.5938,0.0,2.0,0.5,-1.0,0.0,0.0,0.0,-0.6772
0.1592,0.1595,0.1593,0.8447,-0.846,-0.2583,-0.3252,1.06,-0.5547,-0.3105,-0.004616,0.592,-0.7144,-0.1287,-1.0,0.0,0.4004,0.2158,0.1512,0.0,-0.245,-0.1134,0.4053,0.1332,-0.545,0.2405,0.4988,-0.414,0.29,-0.4844,0.3833,-0.731,-0.2012,0.1511,0.1676,0.0,0.0,0.1622,0.0,0.0823,-0.6074,0.0,0.0,0.0,0.0,-1.252,0.0,0.0,-0.5,0.875,-0.7583,0.0,3.0,0.5,-1.0,0.0,0.0,0.0,-1.182
0.1578,0.1581,0.1581,0.503,-0.509,-0.2583,-0.3252,0.709,-0.2406,-0.2217,-0.0116,-0.6406,-0.7144,-0.1287,-1.0,0.0,0.2798,0.1539,0.2092,0.0,-0.2424,-0.2406,0.39,0.1925,-0.2018,0.2299,0.693,0.6094,0.227,-0.414,-1.338,0.4065,-0.3188,0.1471,0.1678,0.0,0.0,0.1592,0.0,0.0987,-0.2676,0.0,0.0,0.0,0.0,0.869,0.0,0.5,0.0,0.5005,-0.483,1.0,0.0,0.5,-1.0,0.0,0.0,0.0,0.826
0.1545,0.1548,0.1548,1.02,-1.032,-0.2583,-0.3252,0.671,-0.826,-0.398,-0.011406,5.26,-0.7144,-0.1287,-1.0,0.0,0.455,0.3489,0.0934,0.0,-0.2399,0.4668,0.3342,0.2314,-0.7837,0.2295,0.5684,-1.206,0.10657,0.6094,-0.4841,0.383,0.2457,0.1418,0.1676,0.0,0.0,0.1544,0.0,0.06525,-0.1628,0.0,0.0,0.0,0.0,-2.207,-1.0,0.0,0.0,1.0,-0.9854,0.0,1.0,0.5,-1.0,0.0,0.0,0.0,-2.076
0.1519,0.1522,0.1521,0.856,-0.864,-0.2583,-0.3252,0.5913,-0.706,-0.37,-0.02156,-0.04224,-0.7144,-0.1287,-1.0,0.0,0.4194,0.3257,0.11066,0.0,-0.2374,-0.1473,0.2363,0.2499,-0.685,0.2272,-0.4736,0.1836,0.00401,-1.206,-0.4138,-1.338,1.458,0.136,0.1676,0.0,0.0,0.1504,0.0,0.06995,-0.3848,0.0,0.0,0.0,0.0,0.3916,0.0,0.0,0.0,0.8438,-0.821,1.0,0.0,0.5,-1.0,0.0,0.0,0.0,0.376
0.1495,0.1499,0.1498,0.781,-0.7856,-0.2583,-0.3252,0.558,-0.6714,-0.3655,-0.02878,0.078,-0.7144,-0.1287,-1.0,0.0,0.4119,0.324,0.1127,0.0,-0.2349,-0.1333,0.1121,0.2454,-0.663,0.2247,-0.977,0.02153,-0.1117,0.1836,0.6094,-0.4841,0.5195,0.1293,0.1675,0.0,0.0,0.1467,0.0,0.0703,-0.3303,0.0,0.0,0.0,0.0,0.03662,1.0,0.0,0.5,0.757,-0.761,2.0,0.0,0.5,-1.0,0.0,0.0,0.0,0.03506
0.1475,0.1478,0.1477,0.7017,-0.7065,-0.2583,-0.10986,0.4443,-0.638,-0.3572,-0.03076,0.07776,-0.7144,-0.1287,-1.0,0.0,0.393,0.3257,0.11676,0.0,-0.2323,0.1262,-0.007126,0.228,-0.6323,0.2225,-0.6445,0.04306,-0.1043,0.02153,-1.206,-0.4138,-0.731,0.1261,0.1663,0.0,0.0,0.145,0.0,0.0713,-0.2372,0.0,0.0,0.0,0.0,0.08325,2.0,0.5,1.0,0.673,-0.694,3.0,0.0,0.5,-1.0,0.0,0.0,0.0,0.0797
0.1443,0.1445,0.1445,1.017,-1.027,-0.2583,-0.10986,0.158,-0.9795,-0.471,-0.04428,0.8584,-0.7144,-0.1387,-1.0,-1.0,0.4856,0.4795,0.04053,0.0,-0.2299,0.558,-0.08813,0.202,-1.005,0.22,-1.05,-0.8066,-0.09076,0.04306,0.1836,0.609,0.4065,0.12213,0.1637,0.0,0.0,0.1421,0.0,0.049,-0.5,0.0,0.0,0.0,0.0,-2.857,1.0,0.0,0.5,0.937,-1.046,0.0,1.0,0.5,-1.0,0.0,0.0,0.0,-2.734
0.1407,0.1411,0.141,1.097,-1.1045,-0.2583,-0.10986,0.1458,-1.037,-0.5176,-0.0798,0.2166,-0.7144,-0.1486,-1.0,-1.0,0.5337,0.533,0.008026,0.0,-0.2273,0.9683,-0.1414,0.1611,-1.08,0.2014,-1.521,-0.3489,-0.03008,-0.8066,0.02153,-1.206,0.383,0.1184,0.1602,0.0,0.0,0.1396,0.0,0.03946,-1.086,0.0,1.0,0.0,0.0,-0.696,1.0,-0.5,0.0,1.001,-1.133,0.0,2.0,0.5,-1.0,0.0,0.0,0.0,-0.675
0.1393,0.1395,0.1396,0.547,-0.5547,-0.2583,0.0742,0.0966,-0.4578,-0.3699,-0.1106,-0.5464,-0.857,-0.1486,-1.0,0.0,0.375,0.3728,0.10254,0.0,-0.2247,0.0721,-0.1783,0.1136,-0.512,0.1829,-0.8433,1.02,-0.02974,-0.3489,0.04303,0.1835,-1.338,0.1156,0.1572,0.0,0.0,0.1396,0.0,0.06647,-0.9043,0.0,0.0,0.0,0.0,1.295,1.0,0.0,0.0,0.4998,-0.574,1.0,0.0,0.5,-1.0,0.0,0.0,0.0,1.263
0.1382,0.1384,0.1385,0.4602,-0.47,-0.2583,0.0742,0.1018,-0.34,-0.353,-0.1321,-0.2341,-0.857,-0.1486,-1.0,0.0,0.358,0.3538,0.1127,0.0,-0.2222,0.04044,-0.2045,0.05347,-0.3914,0.1687,-0.608,0.1078,-0.01987,1.02,-0.8066,0.02153,-0.4841,0.1161,0.1542,0.0,0.0,0.1388,0.0,0.0692,-0.71,0.0,0.0,0.0,0.0,0.1456,1.0,0.5,0.5,0.4036,-0.5063,2.0,0.0,0.5,-1.0,0.0,0.0,0.0,0.1396
0.1353,0.1354,0.1356,0.933,-0.9526,-0.2583,0.0742,0.10236,-0.7627,-0.511,-0.1709,2.205,-1.0,-0.1584,-1.0,-1.0,0.523,0.5303,0.008026,0.0,-0.2197,0.2896,-0.1735,0.0016,-0.7983,0.1428,-0.383,-1.108,0.03488,0.1078,-0.3489,0.04303,-0.4138,0.1134,0.1508,0.0,0.0,0.1372,0.0,0.03897,-1.082,0.0,1.0,0.0,0.0,-1.8955,0.0,0.5,0.0,0.8896,-0.9375,0.0,1.0,0.5,-1.0,0.0,0.0,0.0,-1.814
0.1321,0.132,0.1327,1.014,-1.045,-0.2583,0.0742,0.099,-0.7886,-0.558,-0.2183,0.1868,-1.143,-0.1683,-1.0,-1.0,0.5728,0.5845,-0.02448,0.0,-0.2172,-0.279,-0.0937,-0.01756,-0.8213,0.11334,-0.894,-0.3508,0.1006,-1.108,1.02,-0.806,0.609,0.1098,0.1473,0.0,0.0,0.1356,0.0,0.02945,-1.294,0.0,1.0,0.0,0.0,-0.5615,0.0,0.0,-0.5,0.915,-1.083,0.0,2.0,0.5,-1.0,0.0,0.0,0.0,-0.5474
0.1279,0.1279,0.1285,1.272,-1.305,-0.2583,0.0742,0.04385,-1.024,-0.6587,-0.256,0.526,-1.143,-0.1782,-1.0,-1.0,0.6777,0.7065,-0.0925,0.0,-0.2146,-0.0992,0.01764,0.003208,-1.054,0.0891,-0.2401,-0.739,0.2015,-0.3508,0.1078,-0.3486,-1.206,0.1043,0.143,0.0,0.0,0.133,0.0,0.00971,-1.194,0.0,1.0,0.0,0.0,-1.27,0.0,0.0,-0.5,1.172,-1.325,0.0,3.0,0.5,-1.0,0.0,0.0,0.0,-1.245
0.12366,0.1237,0.12415,1.332,-1.361,-0.2583,-0.0898,-0.03937,-1.08,-0.7046,-0.2915,0.2103,-1.143,-0.1881,-1.0,-1.0,0.7207,0.7686,-0.125,0.0,-0.2122,-0.5747,0.1301,0.0409,-1.113,0.06683,-0.494,-0.3574,0.2627,-0.739,-1.108,1.02,0.1835,0.0999,0.1388,0.0,0.0,0.129,0.0,0.0001869,-1.17,0.0,1.0,0.0,0.0,-0.6357,-1.0,-0.5,-0.5,1.224,-1.386,0.0,4.0,0.5,-0.5,0.0,0.0,0.0,-0.6313
0.1198,0.11993,0.12024,1.216,-1.24,-0.8296,-0.0898,-0.072,-0.9746,-0.6987,-0.3218,0.02306,-1.143,-0.198,-1.0,-1.0,0.711,0.7646,-0.124,0.0,-0.2096,-0.4087,0.2505,0.09174,-0.9736,0.0393,-0.675,0.01123,0.26,-0.3574,-0.3508,0.1078,0.02151,0.09644,0.1349,0.0,0.0,0.12445,0.0,0.0002828,-1.091,0.0,1.0,0.0,0.0,0.02112,-1.0,-0.5,0.0,1.081,-1.303,1.0,0.0,0.5,-0.5,0.0,0.0,0.0,0.0211
0.11584,0.11597,0.1163,1.249,-1.273,-0.8296,-0.0898,-0.03543,-0.9824,-0.7344,-0.362,0.153,-1.143,-0.2079,-1.0,-1.0,0.7544,0.8037,-0.1505,0.0,-0.207,0.143,0.3662,0.1459,-1.005,0.0177,-0.871,-0.292,0.2903,0.01123,-0.739,-1.108,0.04303,0.0898,0.1321,0.0,0.0,0.12036,0.0,-0.007473,-1.446,0.0,1.0,0.0,0.0,-0.4736,-1.0,-1.0,-0.5,1.062,-1.392,0.0,1.0,0.5,-0.5,0.0,0.0,0.0,-0.4731
0.11066,0.11096,0.11096,1.617,-1.638,-0.8296,-0.0898,-0.0539,-1.34,-0.8687,-0.3992,0.5947,-1.143,-0.2178,-1.0,-1.0,0.906,0.969,-0.2408,0.0,-0.2046,6.19e-05,0.472,0.2129,-1.3545,-0.00763,-0.521,-1.005,0.3281,-0.292,-0.3572,-0.3508,-0.806,0.0805,0.1284,0.0,0.0,0.11505,0.0,-0.03363,-1.405,0.0,1.0,0.0,0.0,-1.89,-1.0,-1.0,-0.5,1.447,-1.706,0.0,2.0,0.5,-0.5,0.0,0.0,0.0,-1.896
0.1041,0.1047,0.10406,2.057,-2.066,-0.8296,-0.0898,0.04404,-1.742,-1.028,-0.4521,0.5034,-1.143,-0.2278,-1.0,-1.0,1.103,1.161,-0.3477,0.0,-0.202,0.613,0.5864,0.2986,-1.736,-0.04446,-0.4902,-1.205,0.3784,-1.005,0.01123,-0.739,-0.3486,0.07117,0.1246,0.0,0.0,0.10834,0.0,-0.0645,-1.647,0.0,1.0,0.0,0.0,-2.584,-1.0,-1.0,-1.0,1.919,-2.066,0.0,3.0,0.5,-0.5,0.0,0.0,0.0,-2.639
0.09735,0.0981,0.09717,2.127,-2.125,-0.8296,-0.3271,0.05627,-1.799,-1.093,-0.511,0.1815,-1.143,-0.2377,-1.0,-1.0,1.182,1.244,-0.3923,0.0,-0.1995,-0.069,0.697,0.4011,-1.806,-0.079,-1.41,-0.5156,0.5044,-1.205,-0.292,-0.3572,1.02,0.0615,0.12146,0.0,0.0,0.1025,0.0,-0.0775,-1.704,0.0,1.0,0.0,0.0,-0.838,-1.0,-1.5,-1.5,2.006,-2.1,0.0,4.0,0.5,-0.5,0.0,0.0,0.0,-0.8735
0.09174,0.0926,0.09143,1.799,-1.788,-0.8296,-0.3271,0.08234,-1.48,-1.048,-0.5684,-0.0647,-1.143,-0.2476,-1.0,-1.0,1.13,1.183,-0.3657,0.0,-0.197,0.6836,0.8037,0.514,-1.469,-0.1187,-1.832,0.3074,0.583,-0.5156,-1.005,0.01123,0.1077,0.05432,0.118,0.0,0.0,0.09735,0.0,-0.0701,-1.59,0.0,1.0,0.0,0.0,0.7476,-1.0,-1.5,-1.5,1.667,-1.802,1.0,0.0,0.5,-0.5,0.0,0.0,0.0,0.786
0.08746,0.0883,0.0872,1.383,-1.368,-0.8296,-0.3271,0.001297,-1.083,-0.9688,-0.61,-0.1765,-1.143,-0.2573,-1.0,-1.0,1.027,1.089,-0.3171,0.0,-0.1945,-0.214,0.8965,0.6323,-1.013,-0.1575,-1.431,0.5645,0.615,0.3074,-1.205,-0.292,-1.107,0.04926,0.11487,0.0,0.0,0.09296,0.0,-0.05627,-1.255,0.0,1.0,0.0,0.0,0.8623,0.0,-1.0,-1.0,1.287,-1.375,2.0,0.0,0.5,-0.5,0.0,0.0,0.0,0.902
0.0858,0.0866,0.0856,0.633,-0.6123,-0.2283,-0.3271,-0.01651,-0.336,-0.7754,-0.632,-0.7036,-1.143,-0.2673,-1.0,-1.0,0.8022,0.852,-0.1941,0.0,-0.1919,1.381,0.96,0.7363,-0.2429,-0.178,-1.431,1.409,0.5425,0.5645,-0.5156,-1.004,-0.3506,0.04742,0.11273,0.0,0.0,0.08923,0.0,-0.02121,-0.6987,0.0,0.0,0.0,0.0,3.523,1.0,-0.5,-0.5,0.599,-0.6104,3.0,0.0,0.5,-0.5,0.0,0.0,0.0,3.65
0.0822,0.083,0.082,1.2,-1.186,-0.2283,-0.3271,0.1699,-0.826,-0.956,-0.6816,2.578,-1.143,-0.2773,-1.0,-1.0,1.027,1.058,-0.313,0.0,-0.1895,1.773,0.996,0.821,-0.7803,-0.1985,-1.068,-1.331,0.557,1.409,0.3071,-1.205,-0.739,0.04315,0.1097,0.0,0.0,0.08545,0.0,-0.05557,-1.257,0.0,1.0,0.0,0.0,-2.904,1.0,-0.5,-1.0,1.2,-1.103,0.0,1.0,0.5,-0.5,0.0,0.0,0.0,-2.94
0.0811,0.0818,0.08093,0.4844,-0.4695,-0.2283,-0.3271,0.3772,-0.0488,-0.7676,-0.7173,-1.056,-1.0,-0.287,0.0,-1.0,0.8286,0.8047,-0.1931,0.0,-0.1869,3.004,0.9995,0.888,-0.01976,-0.2192,-0.9946,1.373,0.5083,-1.331,0.5645,-0.515,-0.3572,0.0444,0.10657,0.0,0.0,0.08264,0.0,-0.02135,-0.8657,0.0,0.0,0.0,0.0,3.037,2.0,0.0,-1.0,0.537,-0.3853,1.0,0.0,0.5,-0.5,0.0,0.0,0.0,3.145
0.08234,0.08295,0.0823,-0.1735,0.1904,0.0458,-0.3271,0.3398,0.6855,-0.568,-0.7246,12.29,-0.857,-0.297,0.0,-1.0,0.605,0.5728,-0.0651,0.0,-0.1843,0.3127,0.969,0.9263,0.7173,-0.2264,-1.05,1.434,0.4453,1.373,1.409,0.3071,0.01122,0.05182,0.1039,0.0,0.0,0.081,0.0,0.01523,-0.3074,0.0,0.0,0.0,0.0,2.709,2.0,0.0,-0.5,-0.02864,0.3242,2.0,0.0,0.5,-0.5,0.0,0.0,0.0,2.742
0.0845,0.0852,0.0843,-0.4124,0.4373,0.376,-0.3271,0.4402,0.9976,-0.4775,-0.721,0.5703,-0.7144,-0.307,0.0,-1.0,0.5176,0.4597,-0.00721,0.0,-0.1818,1.078,0.899,0.9243,0.9893,-0.2185,-0.822,0.6333,0.3872,1.434,-1.331,0.564,-0.292,0.06195,0.102,0.0,0.0,0.07983,0.0,0.03162,-0.0984,0.0,0.0,0.0,0.0,1.429,2.0,0.5,0.0,-0.2642,0.5557,3.0,0.0,0.5,-0.5,0.0,0.0,0.0,1.412
0.08875,0.0898,0.0882,-0.9385,0.9883,1.104,-0.3271,0.4358,1.619,-0.278,-0.694,0.756,-0.5713,-0.307,0.0,0.0,0.3118,0.2405,0.1218,0.0,-0.1793,0.515,0.77,0.871,1.518,-0.1874,-0.0805,1.396,0.4312,0.6333,1.373,1.409,-1.004,0.07477,0.1007,0.0,0.0,0.08057,0.0,0.06824,0.3198,0.0,0.0,0.0,0.0,5.453,2.0,1.0,0.5,-0.72,1.143,4.0,0.0,0.5,-0.5,0.0,0.0,0.0,5.332
0.0921,0.0934,0.0914,-0.7197,0.7812,1.104,-0.3271,0.4768,1.398,-0.3147,-0.6655,0.003454,-0.4285,-0.307,0.0,0.0,0.3525,0.2761,0.09845,0.0,-0.1768,-0.02843,0.6104,0.797,1.314,-0.1735,0.9307,-0.2471,0.4712,1.396,1.434,-1.331,-1.205,0.0857,0.099,0.0,0.0,0.0814,0.0,0.06134,0.3435,0.0,0.0,0.0,0.0,-0.4597,2.0,1.0,0.5,-0.509,0.9443,0.0,1.0,0.5,-0.5,0.0,0.0,0.0,-0.4392
0.09357,0.09503,0.09265,-0.2059,0.2725,1.104,-0.3271,0.6245,0.8447,-0.4565,-0.649,-0.2583,-0.2856,-0.317,0.0,-1.0,0.512,0.4187,0.00701,0.0,-0.1742,0.762,0.439,0.7046,0.7573,-0.1619,1.5625,-0.971,0.4285,-0.2471,0.6333,1.373,-0.515,0.091,0.0976,0.0,0.0,0.0805,0.0,0.03485,0.122,0.0,0.0,0.0,0.0,-1.937,1.0,1.0,0.0,0.00981,0.4807,0.0,2.0,0.5,-0.5,0.0,0.0,0.0,-1.858
0.094,0.09546,0.0931,0.07336,-0.008934,1.104,-0.3271,0.6094,0.5244,-0.5347,-0.6353,-0.223,-0.1428,-0.3267,0.0,-1.0,0.5938,0.509,-0.0438,0.0,-0.1718,-0.5874,0.2507,0.5938,0.4458,-0.1548,1.658,-0.5483,0.3608,-0.971,1.396,1.433,0.3071,0.0981,0.0961,0.0,0.0,0.07904,0.0,0.02007,0.06934,0.0,0.0,0.0,0.0,-1.013,0.0,0.5,0.0,0.252,0.1807,0.0,3.0,0.5,-0.5,0.0,1.0,-3.346,-0.988
0.09357,0.09503,0.0926,0.3203,-0.2585,1.104,-0.3271,0.6353,0.1997,-0.61,-0.6157,-0.414,0.0,-0.3367,0.0,-1.0,0.677,0.593,-0.0925,0.0,-0.1692,-0.00905,0.05722,0.4768,0.1387,-0.1464,1.541,-0.5312,0.3345,-0.5483,-0.2471,0.6333,0.564,0.1007,0.0946,0.0,0.0,0.0781,0.0,0.005875,0.1608,0.0,0.0,0.0,0.0,-0.8735,-1.0,0.0,0.0,0.4536,-0.0992,0.0,4.0,0.5,-0.5,0.0,0.0,0.0,-0.86
0.0922,0.09357,0.09143,0.545,-0.4917,1.104,-0.3271,0.654,-0.1462,-0.685,-0.589,-1.0625,0.0,-0.3464,-1.0,-1.0,0.761,0.679,-0.1414,0.0,-0.1666,0.4739,-0.09094,0.3599,-0.202,-0.1313,0.83,-0.536,0.3142,-0.5312,-0.9707,1.3955,1.409,0.0987,0.09247,0.0,0.0,0.077,0.0,-0.00829,0.2998,0.0,0.0,0.0,0.0,-0.818,-2.0,-0.5,0.0,0.6724,-0.321,0.0,5.0,0.5,0.0,0.0,0.0,0.0,-0.8125
0.09485,0.0962,0.094,-0.4983,0.562,1.104,-0.3271,0.744,0.817,-0.3591,-0.5303,-17.1,0.1428,-0.3464,0.0,0.0,0.4219,0.299,0.07,0.0,-0.1642,1.16,-0.1372,0.2428,0.771,-0.1015,1.709,2.344,0.3726,-0.536,-0.5483,-0.2471,-1.331,0.1007,0.0923,0.0,0.0,0.07855,0.0,0.0521,0.7095,0.0,0.0,0.0,0.0,7.047,-1.0,0.0,0.5,-0.215,0.8213,1.0,0.0,0.5,0.0,0.0,0.0,0.0,5.766
0.0973,0.09845,0.0967,-0.4758,0.5283,1.104,-0.3271,0.722,0.685,-0.3474,-0.4739,-0.01242,0.2856,-0.3464,0.0,0.0,0.4077,0.2883,0.0781,0.0,-0.1616,0.3118,-0.04272,0.1376,0.6353,-0.06793,1.132,0.08673,0.4307,2.344,-0.5312,-0.9707,1.373,0.0996,0.0921,0.0,0.0,0.08044,0.0,0.05417,0.6885,0.0,0.0,0.0,0.0,0.2052,0.0,0.0,0.5,-0.2128,0.767,2.0,0.0,0.5,0.0,0.0,0.0,0.0,0.1979
0.09784,0.0988,0.0974,0.02327,0.01222,1.104,-0.3271,0.811,0.06152,-0.4932,-0.4348,-0.712,0.4285,-0.3564,0.0,-1.0,0.5674,0.442,-0.01636,0.0,-0.159,0.401,0.0874,0.0589,0.043,-0.05032,0.4177,-1.007,0.446,0.08673,-0.536,-0.5483,1.433,0.09656,0.0913,0.0,0.0,0.0814,0.0,0.02684,0.4016,0.0,0.0,0.0,0.0,-1.674,0.0,-0.5,0.0,0.2512,0.2515,0.0,1.0,0.5,0.0,0.0,0.0,0.0,-1.612
0.09875,0.0996,0.0985,-0.0774,0.1053,1.104,-0.3271,0.697,0.1091,-0.457,-0.4087,0.4382,0.5713,-0.3665,0.0,-1.0,0.519,0.412,0.00701,0.0,-0.1566,0.1276,0.2115,0.01103,0.0694,-0.0316,0.04242,0.2534,0.465,-1.007,2.344,-0.5312,0.633,0.09656,0.09064,0.0,0.0,0.0829,0.0,0.03345,0.2542,0.0,0.0,0.0,0.0,0.2869,1.0,-0.5,0.0,0.1049,0.2874,1.0,0.0,0.5,0.0,0.0,0.0,0.0,0.2808
0.10016,0.1005,0.10034,-0.2147,0.218,1.104,-0.3271,0.5244,0.142,-0.4084,-0.3635,0.304,0.7144,-0.3665,0.0,0.0,0.453,0.3745,0.0385,0.0,-0.154,-0.1893,0.3186,0.00877,0.1231,-0.00988,-0.8604,0.34,0.4714,0.2534,0.08673,-0.5356,1.3955,0.09875,0.0906,0.0,0.0,0.0855,0.0,0.0424,0.603,0.0,0.0,0.0,0.0,0.321,2.0,-0.5,0.5,-0.0636,0.3555,2.0,0.0,0.5,0.0,0.0,0.0,0.0,0.313
0.1015,0.1015,0.102,-0.202,0.1879,1.104,-0.3271,0.2451,0.06854,-0.404,-0.334,-0.1702,0.7144,-0.3665,0.0,0.0,0.4236,0.3965,0.04156,0.0,-0.1515,-0.3074,0.3958,0.0622,0.01427,0.01445,-0.754,0.0327,0.4146,0.34,-1.007,2.344,-0.247,0.10223,0.0908,0.0,0.0,0.0891,0.0,0.04315,0.4177,0.0,0.0,0.0,0.0,0.02823,2.0,0.0,0.5,-0.1143,0.2573,3.0,0.0,0.5,0.0,0.0,0.0,0.0,0.02737
0.10114,0.10114,0.1016,0.251,-0.272,1.104,-0.2327,0.2311,-0.4062,-0.541,-0.3318,-2.693,0.5713,-0.3762,-1.0,-1.0,0.5664,0.552,-0.04684,0.0,-0.149,-0.05075,0.416,0.1329,-0.4817,0.02122,-0.1473,-0.948,0.2815,0.0327,0.2532,0.08673,-0.9707,0.10474,0.0899,0.0,0.0,0.09235,0.0,0.01761,-0.09235,0.0,0.0,0.0,0.0,-1.347,1.0,0.0,0.0,0.3323,-0.1744,0.0,1.0,0.5,0.0,0.0,0.0,0.0,-1.305
0.1005,0.1005,0.1011,0.3044,-0.3274,1.104,-0.2327,0.1154,-0.4565,-0.562,-0.3396,0.332,0.4285,-0.3862,-1.0,-1.0,0.5786,0.5874,-0.06003,0.0,-0.1465,-0.2117,0.3828,0.1935,-0.513,0.0138,0.174,-0.1439,0.1395,-0.948,0.3398,-1.007,-0.548,0.1013,0.0888,0.0,0.0,0.09515,0.0,0.013535,-0.2747,0.0,0.0,0.0,0.0,-0.391,1.0,0.0,-0.5,0.3174,-0.3,0.0,2.0,-0.5,0.0,0.0,0.0,0.0,-0.3853
0.1001,0.1,0.1007,0.267,-0.2952,1.104,-0.2327,0.02478,-0.3684,-0.5557,-0.3623,-0.1405,0.2856,-0.396,-1.0,-1.0,0.564,0.589,-0.05597,0.0,-0.1439,-0.3618,0.3367,0.2273,-0.4138,-0.001772,0.5073,0.0444,0.0113,-0.1439,0.0327,0.2532,-0.5312,0.0978,0.08844,0.0,0.0,0.0976,0.0,0.014565,-0.677,0.0,0.0,0.0,0.0,0.05942,1.0,0.5,-0.5,0.274,-0.2773,1.0,0.0,-0.5,0.0,0.0,0.0,0.0,0.05865
0.09766,0.09766,0.09827,0.8145,-0.8457,1.104,-0.2327,0.0867,-0.868,-0.729,-0.3955,2.309,0.1428,-0.406,-1.0,-1.0,0.7593,0.786,-0.1687,0.0,-0.1414,0.10266,0.263,0.234,-0.9087,-0.02116,0.8784,-1.231,-0.002436,0.0444,-0.948,0.3398,-0.5356,0.0938,0.0875,0.0,0.0,0.09784,0.0,-0.01805,-0.861,0.0,0.0,0.0,0.0,-2.625,0.0,0.5,-0.5,0.8022,-0.806,0.0,1.0,-0.5,0.0,0.0,0.0,0.0,-2.588
0.0949,0.095,0.0954,0.9233,-0.951,1.104,-0.2327,-0.014824,-0.9697,-0.78,-0.4211,0.2905,0.0,-0.4158,-1.0,-1.0,0.8076,0.857,-0.2023,0.0,-0.1389,-0.4397,0.1719,0.2135,-0.986,-0.04108,-0.636,-0.3738,-0.10223,-1.231,-0.1439,0.0327,2.342,0.08826,0.08685,0.0,0.0,0.0989,0.0,-0.02788,-0.7466,0.0,0.0,0.0,0.0,-0.7075,-1.0,0.0,-0.5,0.8936,-0.922,0.0,2.0,-0.5,0.0,0.0,0.0,0.0,-0.7124
0.09143,0.0917,0.0917,1.148,-1.166,1.104,-0.2327,0.0896,-1.194,-0.8667,-0.4473,0.4314,-0.1428,-0.4258,-1.0,-1.0,0.916,0.953,-0.2593,0.0,-0.1364,0.6406,0.0682,0.1633,-1.185,-0.06158,-0.886,-0.638,-0.04922,-0.3738,0.0444,-0.9478,0.08673,0.08044,0.086,0.0,0.0,0.09827,0.0,-0.04446,-0.7593,0.0,0.0,0.0,0.0,-1.574,-1.0,-0.5,-0.5,1.106,-1.133,0.0,3.0,-0.5,0.0,0.0,0.0,0.0,-1.596
0.0872,0.08777,0.0872,1.359,-1.363,1.104,-0.2607,0.2256,-1.418,-0.953,-0.474,0.3696,-0.2856,-0.4355,-1.0,-1.0,1.029,1.048,-0.3162,0.0,-0.1338,1.321,-0.0161,0.09344,-1.323,-0.09467,-0.4565,-0.645,0.0893,-0.638,-1.231,-0.1439,-1.007,0.07104,0.08484,0.0,0.0,0.09595,0.0,-0.0612,-0.7764,0.0,0.0,0.0,0.0,-2.604,-1.0,-0.5,-0.5,1.305,-1.328,0.0,4.0,-0.5,0.0,0.0,0.0,0.0,-2.666
0.08264,0.0834,0.08246,1.479,-1.472,1.104,-0.512,0.2145,-1.567,-1.017,-0.499,0.2693,-0.2856,-0.4456,-1.0,-1.0,1.104,1.13,-0.3586,0.0,-0.1313,0.2224,-0.01842,0.02954,-1.374,-0.1302,-0.834,-0.4893,0.2307,-0.645,-0.3738,0.0444,0.2532,0.06287,0.0835,0.0,0.0,0.09265,0.0,-0.07385,-0.7637,0.0,0.0,0.0,0.0,-2.102,-2.0,-1.0,-0.5,1.312,-1.549,0.0,5.0,-0.5,0.0,0.0,0.0,0.0,-2.178
0.0782,0.0789,0.078,1.468,-1.461,-0.1504,-0.6387,0.04007,-1.518,-1.047,-0.5537,0.1052,-0.4285,-0.4556,-1.0,-1.0,1.125,1.187,-0.3801,0.0,-0.1288,0.1975,0.1283,0.02135,-1.25,-0.1776,-1.315,-0.2466,0.3047,-0.4893,-0.638,-1.23,0.3398,0.05444,0.08264,0.0,0.0,0.088,0.0,-0.0804,-1.719,0.0,1.0,0.0,0.0,-0.9976,-2.0,-1.5,-1.0,1.311,-1.528,0.0,5.617,-0.5,0.5,0.0,0.0,0.0,-1.042
0.0738,0.0745,0.0736,1.448,-1.44,-0.1504,-0.754,-0.016,-1.445,-1.074,-0.612,0.0868,-0.5713,-0.4653,-1.0,-1.0,1.153,1.227,-0.3994,0.0,-0.1262,-0.2422,0.346,0.0619,-1.152,-0.2175,-1.633,-0.224,0.3691,-0.2466,-0.645,-0.3735,0.0327,0.0454,0.08234,0.0,0.0,0.0834,0.0,-0.0862,-1.719,0.0,1.0,0.0,0.0,-0.6943,-2.0,-1.5,-1.5,1.248,-1.557,0.0,5.617,-0.5,1.0,0.0,0.0,0.0,-0.728
0.06976,0.0705,0.0696,1.331,-1.323,-0.1504,-0.76,-0.122,-1.308,-1.073,-0.658,0.0292,-0.7144,-0.4753,-1.0,-1.0,1.143,1.235,-0.4004,0.0,-0.1237,-0.6562,0.556,0.1355,-1.017,-0.2449,-1.319,-0.01183,0.443,-0.224,-0.489,-0.638,-0.9478,0.03934,0.0823,0.0,0.0,0.0796,0.0,-0.08673,-1.719,0.0,1.0,0.0,0.0,-0.0315,-2.0,-1.5,-1.5,1.126,-1.453,0.0,5.617,-0.5,1.5,0.0,0.0,0.0,-0.03314
0.0662,0.0669,0.0661,1.196,-1.191,-0.1504,-0.76,-0.2114,-1.133,-1.064,-0.707,-0.01776,-0.857,-0.485,-1.0,-1.0,1.124,1.233,-0.3962,0.0,-0.1212,-0.7363,0.74,0.229,-0.8716,-0.2686,-1.477,0.04736,0.508,-0.01183,-0.2466,-0.645,-0.1439,0.03424,0.0821,0.0,0.0,0.0763,0.0,-0.0859,-1.719,0.0,1.0,0.0,1.0,0.1664,-1.0,-1.5,-1.5,0.9863,-1.338,1.0,0.0,-0.5,1.5,0.0,0.0,0.0,0.1752
0.0628,0.06335,0.06274,1.161,-1.161,-0.1504,-0.76,-0.2384,-1.029,-1.082,-0.7627,0.03162,-1.0,-0.495,-1.0,-1.0,1.143,1.258,-0.4084,0.0,-0.1187,-0.4314,0.8794,0.3328,-0.8374,-0.288,-1.743,-0.142,0.5728,0.04736,-0.224,-0.489,0.04437,0.0303,0.08154,0.0,0.0,0.07336,0.0,-0.0897,-1.719,0.0,1.0,0.0,1.0,-0.4836,-1.0,-1.5,-2.0,0.962,-1.298,0.0,1.0,-0.5,1.5,0.0,0.0,0.0,-0.509
0.06122,0.06165,0.0613,0.614,-0.617,-0.1504,-0.76,-0.22,-0.4133,-0.9478,-0.8076,-0.596,-1.143,-0.505,-1.0,-1.0,0.9834,1.084,-0.3232,0.0,-0.11615,-0.0871,0.9473,0.4346,-0.3103,-0.2986,-1.194,0.996,0.596,-0.142,-0.01183,-0.2465,-1.23,0.03012,0.08075,0.0,0.0,0.07166,0.0,-0.0654,-1.623,0.0,1.0,0.0,0.0,2.541,0.0,-1.5,-2.0,0.4514,-0.757,1.0,0.0,-0.5,1.5,0.0,0.0,0.0,2.68
0.06036,0.0607,0.06058,0.396,-0.403,-0.1504,-0.76,-0.1953,-0.1298,-0.894,-0.837,-0.9,-1.143,-0.5146,-1.0,-1.0,0.923,1.015,-0.2896,0.0,-0.11365,0.45,0.953,0.53,-0.0761,-0.3076,-1.066,0.3848,0.534,0.996,0.04733,-0.224,-0.3735,0.03195,0.0809,0.0,0.0,0.0683,0.0,-0.05603,-1.235,0.0,1.0,0.0,0.0,0.9707,1.0,-1.0,-1.5,0.2622,-0.5283,2.0,0.0,-0.5,1.5,0.0,0.0,0.0,1.007
0.063,0.06335,0.0631,-0.5566,0.563,0.432,-0.76,-0.07404,0.949,-0.6,-0.8423,-17.1,-1.0,-0.525,0.0,-1.0,0.6025,0.649,-0.0997,0.0,-0.1111,-0.1727,0.8945,0.5977,0.9346,-0.3,-0.726,2.166,0.454,0.3848,-0.142,-0.011826,-0.638,0.0393,0.0814,0.0,0.0,0.06665,0.0,-0.001949,-0.2698,0.0,0.0,0.0,0.0,7.266,2.0,-0.5,-1.0,-0.5273,0.5415,3.0,0.0,-0.5,1.5,1.0,0.0,4.234,5.766
0.064,0.0643,0.0643,-0.135,0.1307,0.432,-0.76,0.01938,0.5825,-0.7144,-0.857,-0.235,-0.857,-0.5347,0.0,-1.0,0.737,0.775,-0.1738,0.0,-0.1086,0.4092,0.794,0.6436,0.5127,-0.298,-0.2106,-0.8164,0.4094,2.166,0.9956,0.04733,-0.645,0.04523,0.08075,0.0,0.0,0.0652,0.0,-0.02353,-0.4937,0.0,0.0,0.0,0.0,-2.264,1.0,-0.5,-1.5,-0.1499,0.0937,0.0,1.0,-0.5,1.5,0.0,0.0,0.0,-2.25
0.0664,0.06683,0.0666,-0.5044,0.5107,0.432,-0.76,0.03372,1.017,-0.5854,-0.8467,0.826,-0.7144,-0.5444,0.0,-1.0,0.596,0.6216,-0.0905,0.0,-0.1061,0.741,0.656,0.6626,0.933,-0.2908,0.1919,0.9297,0.366,-0.8164,0.3848,-0.1418,-0.489,0.05338,0.08026,0.0,0.0,0.06433,0.0,2.47e-05,0.10864,0.0,0.0,0.0,0.0,3.445,2.0,0.0,-1.0,-0.4731,0.4954,1.0,0.0,-0.5,1.5,0.0,0.0,0.0,3.473
0.0679,0.06836,0.06793,-0.2443,0.254,0.432,-0.76,0.1367,0.76,-0.648,-0.8374,-0.1059,-0.5713,-0.5547,0.0,-1.0,0.674,0.685,-0.1311,0.0,-0.1035,0.531,0.4834,0.6523,0.683,-0.2861,0.5327,-0.4465,0.285,0.9297,2.166,0.9956,-0.2465,0.06036,0.0787,0.0,0.0,0.06274,0.0,-0.01186,0.08405,0.0,0.0,0.0,0.0,-0.9272,1.0,0.0,-1.0,-0.2406,0.2284,0.0,1.0,-0.5,1.5,0.0,0.0,0.0,-0.9204
0.0689,0.0694,0.069,-0.122,0.1304,0.432,-0.76,0.05035,0.618,-0.674,-0.822,-0.03494,-0.4285,-0.5645,0.0,-1.0,0.6943,0.7236,-0.1484,0.0,-0.101,-0.4497,0.2761,0.606,0.581,-0.285,0.845,-0.1912,0.1857,-0.4465,-0.816,0.3848,-0.2239,0.0672,0.07715,0.0,0.0,0.06097,0.0,-0.01694,0.2275,0.0,0.0,0.0,0.0,-0.2258,0.0,0.0,-1.0,-0.1489,0.0812,0.0,2.0,-0.5,1.5,0.0,0.0,0.0,-0.226
0.0691,0.0696,0.06915,0.1144,-0.10767,0.432,-0.76,0.06415,0.329,-0.7397,-0.805,-0.2893,-0.2856,-0.574,0.0,-1.0,0.769,0.801,-0.191,0.0,-0.0985,1.227,0.05826,0.53,0.3264,-0.2815,1.03,-0.4739,0.1306,-0.1912,0.9297,2.166,-0.011826,0.0707,0.0759,0.0,0.0,0.05963,0.0,-0.02936,0.2832,0.0,0.0,0.0,0.0,-0.779,-1.0,0.0,-1.0,0.07306,-0.154,0.0,3.0,-0.5,1.5,0.0,0.0,0.0,-0.7817
0.0669,0.06744,0.06696,0.7827,-0.782,0.432,-0.76,0.1667,-0.416,-0.941,-0.7983,-1.696,-0.2856,-0.584,-1.0,-1.0,1.01,1.038,-0.3223,0.0,-0.09595,0.7754,-0.1628,0.432,-0.4297,-0.2751,1.149,-1.467,0.0795,-0.4739,-0.4465,-0.816,0.04733,0.0698,0.0742,0.0,0.0,0.0572,0.0,-0.0672,-0.02875,0.0,0.0,0.0,0.0,-3.004,-1.0,-0.5,-1.0,0.7686,-0.7476,0.0,4.0,-0.5,1.5,0.0,0.0,0.0,-3.04
0.06494,0.0654,0.06494,0.729,-0.728,0.432,-0.76,0.2161,-0.444,-0.9414,-0.79,0.2452,-0.2856,-0.594,-1.0,-1.0,1.015,1.034,-0.3232,0.0,-0.09344,0.729,-0.328,0.3186,-0.4854,-0.2656,1.288,-0.011665,0.00963,-1.467,-0.1912,0.929,-0.1418,0.0639,0.07275,0.0,0.0,0.0547,0.0,-0.0676,0.03632,0.0,0.0,0.0,0.0,-0.01654,-2.0,-0.5,-1.0,0.7075,-0.7046,0.0,5.0,-0.5,1.5,0.0,0.0,0.0,-0.01717
0.064,0.0646,0.0641,0.4146,-0.4106,0.432,-0.76,0.2998,-0.2115,-0.8623,-0.773,-0.6323,-0.2856,-0.594,-1.0,-1.0,0.93,0.9277,-0.2725,0.0,-0.0909,0.91,-0.4106,0.1941,-0.2603,-0.2554,0.7446,0.583,-0.01042,-0.011665,-0.4739,-0.4463,0.9956,0.06134,0.07196,0.0,0.0,0.05374,0.0,-0.05322,0.2346,0.0,0.0,0.0,0.0,1.16,-1.0,-0.5,-0.5,0.4414,-0.3596,1.0,0.0,-0.5,1.5,0.0,0.0,0.0,1.203
0.06506,0.0655,0.06506,-0.11523,0.1232,0.432,-0.76,0.34,0.2607,-0.706,-0.745,-5.23,-0.1428,-0.594,0.0,-1.0,0.7563,0.7344,-0.1708,0.0,-0.0884,-0.03397,-0.399,0.0596,0.212,-0.2397,0.5435,1.155,0.0,0.583,-1.467,-0.1912,0.3848,0.05923,0.07043,0.0,0.0,0.05402,0.0,-0.02428,0.4573,0.0,0.0,0.0,0.0,2.834,0.0,-0.5,0.0,-0.001689,0.2274,2.0,0.0,-0.5,1.5,0.0,0.0,0.0,2.91
0.06885,0.0695,0.0687,-0.863,0.89,0.4453,-0.76,0.5044,1.013,-0.454,-0.6987,2.336,0.0,-0.594,0.0,-1.0,0.499,0.4275,-0.006195,0.0,-0.0859,1.492,-0.2668,-0.0738,0.8975,-0.2007,-0.717,1.836,0.1194,1.155,-0.01166,-0.4736,2.166,0.0625,0.06995,0.0,0.0,0.05637,0.0,0.02257,0.7153,0.0,0.0,0.0,0.0,7.266,1.0,-0.5,0.0,-0.63,1.066,3.0,0.0,-0.5,1.5,1.0,0.0,4.234,5.766
0.07306,0.0738,0.0729,-0.9634,0.994,0.692,-0.76,0.507,1.07,-0.3896,-0.645,0.1995,0.1428,-0.584,0.0,0.0,0.432,0.3552,0.03748,0.0,-0.0833,-0.2625,-0.10065,-0.1598,0.9434,-0.1659,-0.1257,0.4727,0.2423,1.836,0.583,-1.467,-0.816,0.0674,0.07025,0.0,0.0,0.05966,0.0,0.03485,0.808,1.0,0.0,0.0,0.0,1.111,2.0,0.0,0.5,-0.7524,1.139,4.0,0.0,-0.5,1.5,0.0,0.0,0.0,1.087
0.07697,0.0777,0.0767,-0.873,0.9053,0.7144,-0.76,0.4775,0.945,-0.3867,-0.6016,0.02676,0.2856,-0.574,0.0,0.0,0.4263,0.3547,0.04156,0.0,-0.0808,-0.1167,0.0518,-0.1726,0.826,-0.1401,-0.566,0.04364,0.3257,0.4727,1.154,-0.01166,0.929,0.07355,0.0705,0.0,0.0,0.0634,0.0,0.0358,0.7,0.0,0.0,0.0,0.0,0.1017,3.0,0.0,0.5,-0.6865,1.03,5.0,0.0,0.0,1.5,0.0,0.0,0.0,0.09863
0.0802,0.08093,0.08,-0.7,0.7285,0.7144,-0.76,0.3906,0.73,-0.4148,-0.5645,-0.0793,0.4285,-0.5645,0.0,0.0,0.4475,0.3943,0.0253,0.0,-0.0783,-0.716,0.1741,-0.11176,0.636,-0.12103,-0.1847,-0.1744,0.3635,0.04364,1.835,0.583,-0.4463,0.08264,0.0704,0.0,0.0,0.06714,0.0,0.03096,0.599,0.0,0.0,0.0,0.0,-0.267,2.0,0.0,0.0,-0.6216,0.7495,0.0,1.0,0.0,1.5,0.0,0.0,0.0,-0.259
0.08374,0.0844,0.08356,-0.7764,0.8047,0.7144,-0.76,0.1765,0.854,-0.3643,-0.5474,0.3035,0.4285,-0.5547,0.0,0.0,0.3765,0.3591,0.05984,0.0,-0.07574,-0.4573,0.2595,-0.03497,0.794,-0.11597,0.04816,0.3716,0.3884,-0.1744,0.4727,1.154,-0.1912,0.0927,0.0705,0.0,0.0,0.0714,0.0,0.04074,0.3074,0.0,0.0,0.0,0.0,0.4922,2.0,0.5,0.0,-0.7163,0.7993,1.0,0.0,0.0,1.5,0.0,0.0,0.0,0.4785
0.0863,0.087,0.0861,-0.513,0.539,0.7144,-0.1077,0.1428,0.5723,-0.4253,-0.5254,-0.1755,0.4285,-0.5444,0.0,0.0,0.4365,0.43,0.02225,0.0,-0.07324,-0.2004,0.322,0.04263,0.5347,-0.105,0.4973,-0.4019,0.366,0.3716,0.0436,1.835,-0.4736,0.10046,0.0709,0.0,0.0,0.0754,0.0,0.02977,0.4355,0.0,0.0,0.0,0.0,-0.6597,1.0,0.5,0.0,-0.4954,0.5083,0.0,1.0,0.0,1.5,0.0,0.0,0.0,-0.637
0.088,0.0887,0.0878,-0.2966,0.32,0.7144,-0.1077,0.12256,0.3652,-0.4766,-0.5166,-0.1876,0.4285,-0.5547,0.0,-1.0,0.4883,0.4893,-0.01026,0.0,-0.0707,0.3396,0.3662,0.1099,0.3132,-0.0959,1.575,-0.35,0.3088,-0.4019,-0.1743,0.4724,-1.467,0.1047,0.0712,0.0,0.0,0.0789,0.0,0.02025,0.1136,0.0,0.0,0.0,0.0,-0.579,0.0,0.5,-0.5,-0.2964,0.2869,0.0,2.0,0.0,1.5,0.0,0.0,0.0,-0.5635
0.09045,0.0911,0.0903,-0.4844,0.5103,0.7144,-0.1077,0.05774,0.5664,-0.4001,-0.4949,0.603,0.4285,-0.5547,0.0,0.0,0.4026,0.41,0.03952,0.0,-0.0682,-0.04288,0.3865,0.1604,0.544,-0.0894,1.804,0.539,0.2362,-0.35,0.3716,0.0436,-0.01166,0.1059,0.07184,0.0,0.0,0.0831,0.0,0.0344,0.39,0.0,0.0,0.0,0.0,0.826,0.0,1.0,0.0,-0.456,0.4932,1.0,0.0,0.0,1.5,0.0,0.0,0.0,0.8086
0.09155,0.0923,0.09143,-0.1412,0.164,0.7144,-0.1077,0.0882,0.194,-0.4912,-0.4766,-0.4565,0.4285,-0.5645,0.0,-1.0,0.5005,0.509,-0.02042,0.0,-0.0657,-0.4873,0.379,0.1954,0.1888,-0.0825,1.7,-0.643,0.1783,0.539,-0.4019,-0.1743,0.583,0.1044,0.07275,0.0,0.0,0.08594,0.0,0.01703,0.2361,0.0,0.0,0.0,0.0,-0.949,0.0,0.5,0.0,-0.1235,0.1619,0.0,1.0,0.0,1.5,0.0,0.0,0.0,-0.9204
0.0932,0.0938,0.09314,-0.2732,0.2905,0.7144,-0.1077,-0.05972,0.2947,-0.439,-0.45,0.5005,0.4285,-0.5645,0.0,0.0,0.4326,0.4646,0.01311,0.0,-0.0631,-0.39,0.3499,0.2173,0.3079,-0.0713,1.16,0.3638,0.1354,-0.643,-0.3499,0.3716,1.154,0.10364,0.0741,0.0,0.0,0.08875,0.0,0.0265,0.4656,0.0,0.0,0.0,0.0,0.508,0.0,0.5,0.5,-0.3005,0.2292,1.0,0.0,0.0,1.5,0.0,0.0,0.0,0.4976
0.0938,0.0942,0.094,-0.002138,0.003637,0.7144,-0.1077,-0.0857,-0.0818,-0.515,-0.412,-0.8647,0.5713,-0.574,0.0,-1.0,0.5107,0.5527,-0.03668,0.0,-0.0606,0.1698,0.3088,0.2415,-0.05493,-0.0522,0.1257,-0.5366,0.1387,0.3638,0.539,-0.4019,1.835,0.102,0.0755,0.0,0.0,0.0893,0.0,0.012054,0.806,1.0,0.0,0.0,0.0,-0.8037,0.0,0.0,0.5,-0.011795,-0.01741,0.0,1.0,0.0,1.5,0.0,0.0,0.0,-0.783
0.09766,0.0979,0.09796,-0.864,0.867,0.7144,-0.1077,-0.03845,0.741,-0.2244,-0.3528,14.88,0.7144,-0.574,0.0,0.0,0.2157,0.2284,0.1523,0.0,-0.05807,1.684,0.269,0.2698,0.801,-0.02515,-0.2048,2.057,0.2041,-0.5366,-0.643,-0.3499,0.4724,0.10443,0.07837,0.0,0.0,0.09235,0.0,0.0661,1.094,1.0,0.0,0.0,0.0,4.906,1.0,0.0,1.0,-0.7456,0.9185,1.0,0.0,0.0,1.5,0.0,0.0,0.0,4.824
0.1019,0.1019,0.1024,-0.949,0.942,0.7144,-0.1077,-0.1335,0.77,-0.1663,-0.2964,0.18,0.857,-0.5645,0.0,0.0,0.1498,0.176,0.1919,0.0,-0.05554,-0.1942,0.2479,0.3147,0.8076,0.012985,-0.1523,0.4167,0.2947,2.057,0.3635,0.539,0.0436,0.1089,0.0818,0.0,0.0,0.095,0.0,0.0772,1.081,1.0,0.0,0.0,0.0,0.9194,1.0,0.0,1.0,-0.8564,0.9585,2.0,0.0,0.0,1.5,0.0,0.0,0.0,0.8735
0.1045,0.1044,0.1052,-0.5435,0.522,0.7144,-0.1077,-0.11346,0.298,-0.2742,-0.2615,-0.442,0.857,-0.5547,0.0,0.0,0.2588,0.2888,0.12384,0.0,-0.05304,-0.0781,0.2362,0.362,0.3054,0.04135,0.06903,-0.711,0.3245,0.4167,-0.5366,-0.643,-0.1743,0.1124,0.08496,0.0,0.0,0.09735,0.0,0.05746,0.667,0.0,0.0,0.0,0.0,-1.458,1.0,0.0,0.5,-0.5234,0.491,0.0,1.0,0.0,1.5,0.0,0.0,0.0,-1.376
0.10693,0.10675,0.10767,-0.5015,0.4788,0.7144,-0.1077,-0.1987,0.2734,-0.2695,-0.2477,0.0774,0.857,-0.5444,0.0,0.0,0.2463,0.292,0.1289,0.0,-0.0505,0.83,0.2756,0.403,0.2067,0.0658,-0.10565,0.0537,0.3418,-0.711,2.057,0.3635,0.3716,0.11475,0.0882,0.0,0.0,0.0999,0.0,0.05865,0.3203,0.0,0.0,0.0,0.0,0.1274,1.0,0.0,0.5,-0.506,0.4248,1.0,0.0,0.0,1.5,0.0,0.0,0.0,0.1217
0.1097,0.1095,0.11035,-0.5635,0.544,0.7144,-0.1077,-0.1959,0.372,-0.2296,-0.2354,0.4216,0.857,-0.5347,0.0,0.0,0.2069,0.2491,0.1564,0.0,-0.04797,-0.1577,0.3218,0.422,0.307,0.07404,0.2091,0.2898,0.3416,0.0537,0.4167,-0.5366,-0.4019,0.1194,0.0917,0.0,0.0,0.10315,0.0,0.06635,0.2751,0.0,0.0,0.0,0.0,0.571,2.0,0.5,0.5,-0.553,0.5005,2.0,0.0,0.0,1.5,0.0,0.0,0.0,0.545
0.11163,0.1115,0.1123,-0.3708,0.3496,0.7144,-0.1077,-0.2013,0.1953,-0.2747,-0.2272,-0.2551,0.857,-0.525,0.0,0.0,0.2515,0.2979,0.1289,0.0,-0.04544,-0.296,0.3623,0.4211,0.1288,0.0812,0.534,-0.2883,0.2145,0.2898,-0.711,2.055,-0.3499,0.12244,0.0949,0.0,0.0,0.10736,0.0,0.05826,0.1553,0.0,0.0,0.0,0.0,-0.4595,1.0,0.5,0.0,-0.3667,0.315,0.0,1.0,0.0,1.5,0.0,0.0,0.0,-0.4365
0.11163,0.1115,0.1123,0.1384,-0.1643,0.7144,0.5405,-0.0985,-0.3225,-0.429,-0.2288,-1.687,0.7144,-0.5146,-1.0,0.0,0.4185,0.4568,0.03038,0.0,-0.04294,-0.06995,0.3848,0.3984,-0.388,0.0827,0.2803,-1.041,0.0156,-0.2883,0.05368,0.4167,0.5386,0.1242,0.09766,0.0,0.0,0.11066,0.0,0.02975,-0.1223,0.0,0.0,0.0,0.0,-2.023,0.0,0.0,0.0,0.1483,-0.1532,0.0,2.0,0.0,1.5,0.0,0.0,0.0,-1.932
0.1117,0.11163,0.1123,0.13,-0.1547,0.7144,0.5405,-0.0639,-0.3018,-0.4277,-0.2347,0.03284,0.5713,-0.505,-1.0,0.0,0.4207,0.4524,0.0324,0.0,-0.0404,-0.0558,0.374,0.3542,-0.3757,0.08234,0.6978,0.02184,-0.1895,-1.041,0.2898,-0.711,-0.643,0.12103,0.09985,0.0,0.0,0.11346,0.0,0.03023,-0.223,0.0,0.0,0.0,0.0,0.02422,1.0,0.5,0.0,0.1198,-0.166,1.0,0.0,0.0,1.5,0.0,0.0,0.0,0.02351
0.1108,0.1107,0.1114,0.4001,-0.4263,0.7144,0.5405,-0.04803,-0.5776,-0.5156,-0.2424,1.764,0.4285,-0.505,-1.0,-1.0,0.5146,0.55,-0.02347,0.0,-0.03787,-0.3088,0.3396,0.2927,-0.6523,0.07996,0.498,-0.6006,-0.3066,0.02184,-0.2883,0.05368,0.3635,0.1154,0.1015,0.0,0.0,0.11487,0.0,0.01402,-0.2766,0.0,0.0,0.0,0.0,-0.8145,0.0,0.0,0.0,0.3872,-0.4197,0.0,1.0,0.0,1.5,0.0,0.0,0.0,-0.7905
0.1086,0.10864,0.1091,0.742,-0.7666,0.7144,0.501,0.002913,-0.9346,-0.631,-0.2546,0.9893,0.2856,-0.505,-1.0,-1.0,0.6436,0.678,-0.09766,0.0,-0.03534,0.639,0.2776,0.2385,-1.0,0.0727,0.824,-0.805,-0.2524,-0.6006,-1.041,0.2896,-0.5366,0.10956,0.10156,0.0,0.0,0.114,0.0,-0.00745,-0.3892,0.0,0.0,0.0,0.0,-1.349,-1.0,0.0,0.0,0.722,-0.741,0.0,2.0,0.0,1.5,0.0,0.0,0.0,-1.322
0.1074,0.1075,0.1079,0.4717,-0.4915,0.7144,0.501,-0.0597,-0.671,-0.565,-0.2683,-0.2098,0.1428,-0.505,-1.0,-1.0,0.5664,0.6074,-0.05396,0.0,-0.03284,-0.5713,0.1884,0.1935,-0.7544,0.0687,-0.5557,0.4807,-0.2256,-0.805,0.02184,-0.2883,2.055,0.10474,0.1023,0.0,0.0,0.11316,0.0,0.004967,-0.4087,0.0,0.0,0.0,0.0,0.6396,0.0,0.0,0.0,0.4573,-0.481,1.0,0.0,0.0,1.5,0.0,0.0,0.0,0.6357
0.1067,0.10675,0.1071,0.3523,-0.3706,-0.1284,0.501,-0.0874,-0.5693,-0.5396,-0.2734,-0.0577,0.0,-0.505,-1.0,-1.0,0.536,0.5806,-0.03564,0.0,-0.0303,-0.6187,0.07043,0.1534,-0.6562,0.06793,-0.982,0.1996,-0.2096,0.4807,-0.6,-1.04,0.4165,0.09973,0.1026,0.0,0.0,0.1124,0.0,0.0101,-0.1842,0.0,0.0,0.0,0.0,0.2346,1.0,0.0,0.5,0.3362,-0.371,2.0,0.0,0.0,1.5,0.0,0.0,0.0,0.2313
0.1064,0.1065,0.1068,0.2263,-0.2413,-0.1284,0.501,-0.0464,-0.442,-0.5073,-0.2795,-0.1643,-0.1428,-0.505,-1.0,-1.0,0.5054,0.54,-0.013306,0.0,-0.02777,0.163,-0.0763,0.1131,-0.5186,0.0635,-0.661,0.2432,-0.2029,0.1996,-0.8047,0.02184,-0.711,0.09595,0.10333,0.0,0.0,0.11206,0.0,0.01636,-0.2197,0.0,0.0,0.0,0.0,0.3918,1.0,0.5,0.5,0.2012,-0.2615,3.0,0.0,0.0,1.5,0.0,0.0,0.0,0.3853
0.1048,0.105,0.1051,0.597,-0.6113,-0.1284,0.501,0.0618,-0.828,-0.628,-0.2883,1.438,-0.2856,-0.505,-1.0,-1.0,0.645,0.669,-0.0905,0.0,-0.02525,1.087,-0.2397,0.0621,-0.907,0.06122,-0.7944,-0.8364,-0.1656,0.2432,0.4805,-0.6,0.05368,0.0928,0.1037,0.0,0.0,0.11066,0.0,-0.006016,-0.299,0.0,0.0,0.0,0.0,-1.583,1.0,0.0,0.5,0.4846,-0.698,0.0,1.0,0.0,1.5,0.0,0.0,0.0,-1.55
0.1025,0.10266,0.10284,0.786,-0.8047,-0.1284,0.501,-0.1077,-0.9683,-0.7007,-0.3267,0.3586,-0.4285,-0.505,-1.0,-1.0,0.7104,0.771,-0.1372,0.0,-0.02272,-0.1335,-0.3901,0.002825,-1.066,0.04416,-1.144,-0.5137,-0.10425,-0.8364,0.1996,-0.8047,0.2896,0.0883,0.10406,0.0,0.0,0.1092,0.0,-0.0196,-1.21,0.0,1.0,0.0,0.0,-0.8145,1.0,-0.5,0.0,0.668,-0.883,0.0,2.0,0.0,1.5,0.0,0.0,0.0,-0.8086
0.1023,0.10236,0.1027,0.2107,-0.2263,-0.1284,0.501,-0.0726,-0.3318,-0.5415,-0.3582,-0.6753,-0.5713,-0.505,-1.0,-1.0,0.5396,0.5815,-0.03262,0.0,-0.0202,0.659,-0.4148,-0.06192,-0.4133,0.0224,-1.157,1.16,-0.0999,-0.5137,0.243,0.4805,-0.288,0.0881,0.10583,0.0,0.0,0.10895,0.0,0.010284,-0.8887,0.0,0.0,0.0,0.0,2.066,1.0,0.0,0.0,0.1497,-0.2869,1.0,0.0,0.0,1.5,0.0,0.0,0.0,2.068
0.10065,0.10077,0.1011,0.597,-0.617,-0.1284,0.501,-0.025,-0.669,-0.6665,-0.3901,1.85,-0.7144,-0.505,-1.0,-1.0,0.6797,0.722,-0.11285,0.0,-0.01767,0.4187,-0.3345,-0.1284,-0.735,0.002876,-0.574,-0.8726,-0.06433,1.16,-0.8364,0.1996,-1.04,0.0877,0.1072,0.0,0.0,0.10754,0.0,-0.012985,-0.9155,0.0,0.0,0.0,0.0,-1.855,0.0,0.0,0.0,0.557,-0.6245,0.0,1.0,0.0,1.5,0.0,0.0,0.0,-1.823
0.1009,0.1009,0.10144,0.0872,-0.1074,-0.1284,0.501,-0.11096,-0.10626,-0.5205,-0.4102,-0.971,-0.7144,-0.505,0.0,-1.0,0.5137,0.561,-0.01736,0.0,-0.01515,0.2827,-0.2246,-0.1884,-0.1307,-0.0176,-0.69,1.054,-0.06476,-0.8726,-0.5137,0.243,0.02184,0.0887,0.10876,0.0,0.0,0.1076,0.0,0.01426,-0.562,0.0,0.0,0.0,0.0,2.04,0.0,0.0,0.0,0.118,-0.0775,1.0,0.0,0.0,1.5,0.0,0.0,0.0,2.031
0.1001,0.1,0.10077,0.3535,-0.3853,-0.1284,0.501,-0.09045,-0.3118,-0.6064,-0.4414,-17.1,-0.857,-0.505,-1.0,-1.0,0.608,0.658,-0.0722,0.0,-0.01263,-0.08923,-0.12067,-0.2281,-0.3323,-0.0347,-0.3298,-0.5947,-0.04993,1.054,1.159,-0.8364,-0.6,0.0877,0.1094,0.0,0.0,0.1068,0.0,-0.0017,-0.7783,0.0,0.0,0.0,0.0,-1.166,0.0,0.0,-0.5,0.3894,-0.3293,0.0,1.0,0.0,1.5,0.0,0.0,0.0,-1.142
0.099,0.0987,0.09985,0.4385,-0.4802,-0.1284,0.501,-0.06915,-0.3467,-0.642,-0.472,0.3367,-1.0,-0.505,-1.0,-1.0,0.6494,0.698,-0.0946,0.0,-0.0101,-0.0987,-0.02855,-0.2294,-0.367,-0.05103,0.1603,-0.2448,-0.0326,-0.5947,-0.8726,-0.513,-0.8047,0.0856,0.1088,0.0,0.0,0.10626,0.0,-0.008354,-0.768,0.0,0.0,0.0,0.0,-0.581,0.0,0.0,-0.5,0.4304,-0.4653,0.0,2.0,0.0,1.5,0.0,0.0,0.0,-0.575
0.0966,0.0964,0.0974,0.811,-0.8545,-0.1284,0.3384,-0.01148,-0.699,-0.7666,-0.499,1.814,-1.0,-0.505,-1.0,-1.0,0.7925,0.8403,-0.1748,0.0,-0.007576,0.4553,0.05447,-0.1865,-0.707,-0.0677,-0.1466,-0.883,-0.01819,-0.2448,1.054,1.159,0.4805,0.0834,0.1075,0.0,0.0,0.1032,0.0,-0.03162,-0.73,0.0,0.0,0.0,0.0,-1.786,-1.0,-0.5,-0.5,0.8267,-0.784,0.0,3.0,0.0,1.5,0.0,0.0,0.0,-1.774
0.0949,0.0946,0.0957,0.6133,-0.6567,-0.813,0.3384,-0.0416,-0.489,-0.7266,-0.523,-0.2517,-1.0,-0.505,-1.0,-1.0,0.7446,0.795,-0.1484,0.0,-0.00505,-0.2372,0.1212,-0.11816,-0.5015,-0.0806,-0.3616,0.295,-0.07043,-0.883,-0.5947,-0.872,0.1995,0.08307,0.1063,0.0,0.0,0.10004,0.0,-0.02426,-0.644,0.0,0.0,0.0,0.0,0.6987,0.0,-0.5,-0.5,0.625,-0.607,1.0,0.0,0.0,1.5,0.0,0.0,0.0,0.705
0.09326,0.093,0.0941,0.584,-0.6265,-0.813,0.3384,-0.0283,-0.4568,-0.7314,-0.54,0.0485,-1.0,-0.505,-1.0,-1.0,0.752,0.8003,-0.1515,0.0,-0.002525,-0.0694,0.1694,-0.0507,-0.4646,-0.091,-0.5996,-0.03384,-0.0915,0.295,-0.2448,1.054,0.243,0.07996,0.1052,0.0,0.0,0.0975,0.0,-0.02539,-0.521,0.0,0.0,0.0,0.0,-0.091,-1.0,-1.0,-0.5,0.556,-0.621,0.0,1.0,0.0,1.5,0.0,0.0,0.0,-0.0913
0.09406,0.0938,0.09485,-0.0707,0.03796,-0.6875,0.3384,-0.03806,0.1938,-0.539,-0.5327,-1.945,-0.857,-0.505,0.0,-1.0,0.5405,0.5757,-0.0255,0.0,0.0,1.013,0.1901,-0.00422,0.2036,-0.0905,-0.151,1.4,-0.1564,-0.03384,-0.8823,-0.5947,-0.836,0.0822,0.1047,0.0,0.0,0.09607,0.0,0.01056,0.06476,0.0,0.0,0.0,0.0,3.453,0.0,-0.5,0.0,-0.01518,0.0826,1.0,0.0,0.0,1.5,0.0,0.0,0.0,3.467
0.09485,0.0946,0.0956,-0.06433,0.03302,-0.6704,0.3384,-0.00745,0.198,-0.536,-0.531,0.1577,-0.7144,-0.505,0.0,-1.0,0.54,0.5693,-0.02245,0.0,0.002525,-0.1904,0.1798,0.0228,0.1992,-0.0866,0.2257,0.03308,-0.263,1.4,0.2947,-0.2446,-0.513,0.0821,0.1044,0.0,0.0,0.0944,0.0,0.01126,-0.04446,0.0,0.0,0.0,0.0,0.05563,1.0,0.0,0.0,-0.01883,0.06714,2.0,0.0,0.0,1.5,0.0,0.0,0.0,0.0546
0.09644,0.0963,0.0971,-0.2869,0.2625,-0.3772,0.3384,0.02357,0.4514,-0.4573,-0.5234,1.03,-0.5713,-0.5146,0.0,-1.0,0.4592,0.477,0.02936,0.0,0.00505,-0.1285,0.1328,0.02924,0.4314,-0.07837,-0.4333,0.5625,-0.3442,0.03308,-0.03384,-0.8823,1.159,0.0848,0.1046,0.0,0.0,0.09344,0.0,0.02588,0.04642,0.0,0.0,0.0,0.0,1.454,2.0,0.0,0.0,-0.215,0.308,3.0,0.0,0.0,1.5,0.0,0.0,0.0,1.426
0.09686,0.09674,0.0976,0.02301,-0.05112,-0.3772,0.3384,0.07245,0.151,-0.545,-0.5254,-0.4385,-0.4285,-0.525,0.0,-1.0,0.5566,0.572,-0.02753,0.0,0.007576,0.479,0.06024,0.02315,0.1163,-0.07587,0.1782,-0.612,-0.3687,0.5625,1.399,0.2947,-0.872,0.08655,0.10425,0.0,0.0,0.09296,0.0,0.00932,-0.176,0.0,0.0,0.0,0.0,-1.313,1.0,0.0,-0.5,0.066,-0.01293,0.0,1.0,0.0,1.5,0.0,0.0,0.0,-1.276
0.103,0.1035,0.103,-1.405,1.431,0.4119,0.3384,0.1453,1.73,-0.05066,-0.4792,6.652,-0.2856,-0.525,0.0,0.0,0.06274,0.02959,0.2957,0.0,0.0101,2.855,-0.0547,-0.00687,1.619,-0.0371,-0.437,2.549,-0.07025,-0.612,0.03308,-0.03384,1.053,0.0989,0.1062,0.0,0.0,0.0954,0.0,0.1016,0.6694,0.0,0.0,0.0,0.0,7.266,2.0,0.0,0.0,-1.153,1.585,1.0,0.0,0.0,1.5,0.0,0.0,0.0,5.766
0.1077,0.10846,0.1075,-1.047,1.082,0.4119,0.3384,0.2131,1.326,-0.1246,-0.4316,-0.0976,-0.1428,-0.525,0.0,0.0,0.1401,0.09937,0.2488,0.0,0.01263,0.345,-0.142,-0.044,1.217,-0.00809,0.1725,-0.4795,0.0888,2.549,0.562,1.399,-0.5947,0.1093,0.10767,0.0,0.0,0.0979,0.0,0.0878,0.6694,0.0,0.0,0.0,0.0,-1.361,1.0,0.0,0.0,-0.8535,1.2,0.0,1.0,0.0,1.5,0.0,0.0,0.0,-1.263
0.1128,0.1138,0.1123,-1.119,1.168,0.4119,0.3384,0.1548,1.434,-0.05865,-0.3928,0.2247,0.0,-0.525,0.0,0.0,0.0712,0.03687,0.2935,0.0,0.01515,0.07874,-0.1576,-0.0759,1.332,0.01419,0.5576,0.4624,0.2428,-0.4795,-0.6113,0.03308,-0.2446,0.12103,0.1097,0.0,0.0,0.10156,0.0,0.1004,0.5845,0.0,0.0,0.0,0.0,1.149,1.0,0.5,0.0,-0.9497,1.255,1.0,0.0,0.0,1.5,0.0,0.0,0.0,1.074
0.1157,0.11676,0.1152,-0.581,0.63,0.4119,0.3384,0.26,0.8154,-0.2041,-0.3545,-0.2947,0.1428,-0.525,0.0,0.0,0.2223,0.1783,0.2001,0.0,0.01767,0.36,-0.1038,-0.0998,0.747,0.03268,1.4,-0.9595,0.3035,0.4624,2.547,0.562,-0.8823,0.127,0.11,0.0,0.0,0.1039,0.0,0.0733,0.5464,0.0,0.0,0.0,0.0,-2.432,0.0,0.5,0.0,-0.4458,0.7217,0.0,1.0,0.0,1.5,0.0,0.0,0.0,-2.254
0.118,0.11914,0.1174,-0.411,0.4617,0.4119,0.3384,0.2876,0.627,-0.2388,-0.3313,-0.07916,0.1428,-0.525,0.0,0.0,0.2593,0.2125,0.1787,0.0,0.0202,0.467,-0.01088,-0.1156,0.56,0.04727,1.479,-0.2225,0.3447,-0.9595,-0.4795,-0.6113,0.2947,0.1322,0.1099,0.0,0.0,0.1059,0.0,0.06696,0.3245,0.0,0.0,0.0,0.0,-0.4602,0.0,0.0,-0.5,-0.3057,0.5337,0.0,2.0,0.0,1.5,0.0,0.0,0.0,-0.4338
0.1229,0.1244,0.122,-1.076,1.15,0.4119,0.3384,0.3862,1.335,0.01284,-0.281,1.188,0.2856,-0.525,0.0,0.0,0.02402,-0.05798,0.3442,0.0,0.02272,1.651,0.131,-0.1001,1.244,0.08057,1.731,1.734,0.4807,-0.2225,0.4622,2.547,-0.03384,0.1405,0.11127,0.0,0.0,0.10925,0.0,0.1141,0.7417,0.0,0.0,0.0,0.0,7.266,0.0,0.5,0.0,-0.8687,1.281,1.0,0.0,0.0,1.5,0.0,0.0,0.0,5.766
0.1259,0.1274,0.1248,-0.5615,0.637,0.4119,0.3384,0.5503,0.732,-0.1273,-0.2391,-0.313,0.4285,-0.5146,0.0,0.0,0.173,0.06995,0.255,0.0,0.02525,1.247,0.2942,-0.04825,0.611,0.1139,1.191,-0.9097,0.521,1.734,-0.959,-0.4792,1.399,0.148,0.11206,0.0,0.0,0.1124,0.0,0.0879,0.5566,0.0,0.0,0.0,0.0,-3.768,0.0,0.0,0.0,-0.3806,0.7803,0.0,1.0,0.0,1.5,0.0,0.0,0.0,-3.463
0.1295,0.1311,0.1284,-0.725,0.806,0.4119,0.3384,0.734,0.8267,-0.04645,-0.179,0.2659,0.5713,-0.5146,0.0,0.0,0.1114,-0.03105,0.3088,0.0,0.02777,2.621,0.44,0.03482,0.7627,0.1381,1.368,0.556,0.555,-0.9097,-0.2225,0.4622,0.03308,0.1483,0.11304,0.0,0.0,0.1166,0.0,0.103,0.8457,1.0,0.0,0.0,0.0,1.819,0.0,0.0,0.5,-0.525,0.9575,1.0,0.0,0.0,0.0,0.0,0.0,0.0,1.699
0.1329,0.1344,0.132,-0.6772,0.7495,0.4119,0.3384,0.7607,0.692,-0.03568,-0.1209,-0.0141,0.7144,-0.5146,0.0,0.0,0.1036,-0.04465,0.317,0.0,0.0303,0.01682,0.5815,0.1515,0.6255,0.1731,1.235,0.0832,0.6094,0.556,1.733,-0.959,0.562,0.15,0.1142,0.0,0.0,0.1198,0.0,0.105,0.824,1.0,0.0,0.0,0.0,0.3042,1.0,0.0,0.5,-0.4746,0.907,2.0,0.0,0.0,0.0,0.0,0.0,0.0,0.2812
0.1345,0.1357,0.1338,-0.241,0.2937,0.4119,0.3384,0.9263,0.1294,-0.1616,-0.0722,-0.6216,0.857,-0.5146,0.0,0.0,0.24,0.0697,0.2356,0.0,0.03284,1.256,0.6934,0.278,0.07477,0.2007,1.842,-0.831,0.5874,0.0832,-0.9097,-0.2224,-0.6113,0.1486,0.1155,0.0,0.0,0.12305,0.0,0.0813,0.609,0.0,0.0,0.0,0.0,-2.283,1.0,0.0,0.5,-0.0785,0.4412,0.0,1.0,0.0,0.0,0.0,0.0,0.0,-2.11
0.1376,0.1387,0.1371,-0.6143,0.665,0.4119,0.3384,0.953,0.4714,-0.0213,-0.0286,1.678,0.857,-0.5146,0.0,0.0,0.10706,-0.0777,0.3281,0.0,0.03534,1.6875,0.7837,0.4072,0.3972,0.2297,-0.258,0.9585,0.6235,-0.831,0.556,1.733,2.547,0.152,0.1173,0.0,0.0,0.1262,0.0,0.1074,0.5645,0.0,0.0,0.0,0.0,3.855,1.0,0.0,0.5,-0.3838,0.858,1.0,0.0,0.0,0.0,0.0,0.0,0.0,3.611
0.1392,0.14,0.1389,-0.2302,0.2622,0.4119,0.3384,1.032,0.005974,-0.1322,0.00558,-0.7275,0.857,-0.5146,0.0,0.0,0.2208,0.02878,0.2568,0.0,0.03787,0.2295,0.8257,0.516,-0.02493,0.2428,0.0956,-0.7256,0.601,0.9585,0.0832,-0.909,-0.4792,0.1539,0.119,0.0,0.0,0.1294,0.0,0.0867,0.3857,0.0,0.0,0.0,0.0,-1.999,1.0,0.0,0.0,-0.00243,0.482,0.0,1.0,0.0,0.0,0.0,0.0,0.0,-1.844
0.1405,0.1411,0.1405,-0.1849,0.2028,0.4119,0.3384,1.062,-0.0912,-0.1384,0.03265,-0.7373,0.857,-0.5146,0.0,0.0,0.2296,0.03256,0.254,0.0,0.0404,0.188,0.828,0.6064,-0.11127,0.2573,-0.215,-0.03146,0.553,-0.7256,-0.8306,0.556,0.4622,0.1516,0.1212,0.0,0.0,0.1326,0.0,0.0855,0.3008,0.0,0.0,0.0,0.0,-0.082,0.0,-0.5,-0.5,0.0171,0.398,0.0,2.0,0.0,0.0,0.0,0.0,0.0,-0.0765
0.1426,0.1425,0.1433,-0.3801,0.3608,0.4119,0.616,0.961,0.02641,-0.0688,0.0726,5.53,0.857,-0.5146,0.0,0.0,0.1531,-0.0299,0.3005,0.0,0.04294,-0.4836,0.7783,0.6753,0.0483,0.2725,0.4182,0.483,0.442,-0.03146,0.9585,0.0832,-0.959,0.1528,0.1234,0.0,0.0,0.137,0.0,0.09875,0.509,0.0,0.0,0.0,0.0,0.829,0.0,0.0,0.0,-0.299,0.4092,1.0,0.0,0.0,0.0,0.0,0.0,0.0,0.774
0.1423,0.1422,0.143,0.2289,-0.254,0.4119,0.5757,0.7905,-0.5527,-0.259,0.0556,-4.348,0.7144,-0.5146,-1.0,0.0,0.3245,0.186,0.1777,0.0,0.04544,0.1525,0.7275,0.7153,-0.5967,0.2788,0.6406,-1.26,0.2993,0.483,-0.7256,-0.8306,-0.2224,0.1494,0.12476,0.0,0.0,0.14,0.0,0.06323,-0.419,0.0,0.0,0.0,0.0,-2.617,0.0,0.0,-0.5,0.3174,-0.1503,0.0,1.0,0.0,0.0,0.0,0.0,0.0,-2.424
0.1415,0.1415,0.1421,0.352,-0.3718,0.4119,0.4282,0.8257,-0.6567,-0.3032,0.04053,0.403,0.5713,-0.505,-1.0,0.0,0.372,0.2303,0.1503,0.0,0.04797,0.6206,0.6504,0.7163,-0.6997,0.2717,-0.5317,-0.2874,0.11884,-1.26,-0.03146,0.958,1.733,0.145,0.1257,0.0,0.0,0.1428,0.0,0.05502,-0.3777,0.0,0.0,0.0,0.0,-0.864,-1.0,-0.5,-0.5,0.4216,-0.2793,0.0,2.0,0.0,0.0,0.0,0.0,0.0,-0.8174
0.1425,0.1425,0.143,-0.0923,0.0787,0.4119,0.4282,0.886,-0.1699,-0.1648,0.03014,-0.843,0.4285,-0.495,-1.0,0.0,0.2395,0.0769,0.2427,0.0,0.0505,1.281,0.548,0.6895,-0.2252,0.2693,-0.03665,0.9727,0.02255,-0.2874,0.483,-0.7256,-0.909,0.1451,0.1278,0.0,0.0,0.1454,0.0,0.08124,-0.2554,0.0,0.0,0.0,0.0,3.059,0.0,0.0,-0.5,-4.84e-05,0.1615,1.0,0.0,0.0,0.0,0.0,0.0,0.0,2.908
0.1423,0.1425,0.143,0.168,-0.1844,0.4119,0.4282,0.8833,-0.4294,-0.2477,0.02492,5.332,0.2856,-0.485,-1.0,0.0,0.3215,0.165,0.1909,0.0,0.05304,0.7773,0.4216,0.64,-0.4966,0.2717,-0.4263,-0.5366,-0.09503,0.9727,-1.26,-0.03146,0.556,0.1416,0.1299,0.0,0.0,0.1473,0.0,0.0661,-0.1597,0.0,0.0,0.0,0.0,-1.445,0.0,-0.5,-0.5,0.2627,-0.07874,0.0,1.0,0.0,0.0,0.0,0.0,0.0,-1.352
0.1418,0.1418,0.1423,0.2942,-0.3108,0.4119,0.4282,0.8906,-0.563,-0.293,0.0192,0.6094,0.1428,-0.4753,-1.0,0.0,0.3677,0.213,0.1635,0.0,0.05554,0.4004,0.2551,0.569,-0.6304,0.271,-0.567,-0.2866,-0.1775,-0.5366,-0.287,0.4827,0.0832,0.1392,0.1311,0.0,0.0,0.1486,0.0,0.05798,-0.1742,0.0,0.0,0.0,0.0,-0.5557,-1.0,-1.0,-0.5,0.306,-0.2856,0.0,2.0,0.0,0.0,0.0,0.0,0.0,-0.5244
0.1434,0.1434,0.144,-0.2734,0.2585,0.4119,0.4282,0.7954,0.07196,-0.1127,0.005913,-1.412,0.1428,-0.4653,0.0,0.0,0.1807,0.03123,0.2844,0.0,0.05807,1.29,0.0892,0.465,-0.01162,0.268,-0.10065,1.27,-0.3818,-0.2866,0.9727,-1.26,-0.8306,0.1399,0.1335,0.0,0.0,0.1515,0.0,0.09247,-0.289,0.0,0.0,0.0,0.0,3.312,0.0,-0.5,-0.5,-0.2112,0.2947,1.0,0.0,0.0,-1.0,0.0,0.0,0.0,3.143
0.1476,0.1478,0.148,-0.8696,0.8745,0.0336,0.4282,0.6797,0.7534,0.1072,0.02225,4.14,0.1428,-0.4556,0.0,0.0,-0.03775,-0.1802,0.4316,0.0,0.0606,0.6465,-0.06122,0.3728,0.6934,0.2744,-0.72,1.515,-0.288,1.27,-0.5366,-0.287,0.958,0.1433,0.1364,0.0,0.0,0.1527,0.0,0.1344,0.282,0.0,0.0,0.0,0.0,4.77,1.0,-0.5,0.0,-0.733,0.946,2.0,0.0,0.0,-1.0,0.0,0.0,0.0,4.43
0.1515,0.1517,0.1517,-0.801,0.808,0.07074,0.4282,0.4202,0.741,0.11194,0.03223,0.1273,0.1428,-0.4456,0.0,0.0,-0.06537,-0.16,0.4387,0.0,0.0631,-0.3413,-0.2113,0.2869,0.665,0.2874,-0.1438,0.0713,-0.2054,1.515,-0.2866,0.9727,-0.725,0.1503,0.1395,0.0,0.0,0.1545,0.0,0.1362,0.1871,0.0,0.0,0.0,0.0,0.1754,1.0,0.0,0.0,-0.6714,0.8765,3.0,0.0,0.0,-1.0,0.0,0.0,0.0,0.1589
0.1542,0.1544,0.1544,-0.524,0.5317,0.07074,0.4282,0.4304,0.4963,0.04114,0.0363,-0.1708,0.1428,-0.4355,0.0,0.0,0.001373,-0.09064,0.396,0.0,0.0657,-0.0853,-0.3318,0.1947,0.4497,0.2878,0.00647,-0.4272,-0.1681,0.0713,1.269,-0.536,-0.03146,0.1566,0.1426,0.0,0.0,0.1554,0.0,0.1237,0.05304,0.0,0.0,0.0,0.0,-0.754,1.0,0.0,-0.5,-0.4329,0.58,0.0,1.0,0.0,-1.0,0.0,0.0,0.0,-0.682
0.1578,0.1582,0.158,-0.75,0.764,0.07074,0.4282,0.298,0.7554,0.1392,0.05914,0.6074,0.1428,-0.4258,0.0,0.0,-0.1014,-0.1753,0.464,0.0,0.0682,-0.01889,-0.4102,0.09845,0.721,0.3015,-0.2235,0.6865,-0.10504,-0.4272,1.514,-0.2864,0.4827,0.1625,0.1465,0.0,0.0,0.158,0.0,0.143,0.42,0.0,0.0,0.0,0.0,1.799,2.0,0.0,0.0,-0.662,0.791,1.0,0.0,0.0,-1.0,0.0,0.0,0.0,1.64
0.1609,0.1613,0.161,-0.607,0.619,0.07074,0.4282,0.11835,0.643,0.114,0.06946,0.001957,0.1428,-0.4158,0.0,0.0,-0.0943,-0.1333,0.451,0.0,0.0707,-0.453,-0.4348,-0.01514,0.635,0.3057,0.7617,-0.1317,-0.0794,0.6865,0.0713,1.269,-1.26,0.1693,0.1503,0.0,0.0,0.1604,0.0,0.139,0.1906,0.0,0.0,0.0,0.0,-0.2292,1.0,0.0,-0.5,-0.5586,0.6143,0.0,1.0,-1.0,-1.0,0.0,0.0,0.0,-0.2065
0.1636,0.1641,0.1638,-0.5244,0.537,0.07074,0.4282,0.07043,0.5625,0.1068,0.0896,0.02614,0.1428,-0.406,0.0,0.0,-0.0919,-0.1215,0.449,0.0,0.07324,-0.3706,-0.4326,-0.11725,0.5796,0.3147,1.149,-0.02031,-0.03918,-0.1317,-0.4272,1.514,-0.287,0.1769,0.1539,0.0,0.0,0.1614,0.0,0.1382,0.4207,0.0,0.0,0.0,0.0,-0.0356,0.0,0.0,-0.5,-0.483,0.5312,0.0,2.0,-1.0,-1.0,0.0,0.0,0.0,-0.03217
0.1654,0.1658,0.1655,-0.2693,0.2795,0.07074,0.4282,0.0809,0.2883,0.03653,0.1051,-0.3008,0.1428,-0.396,0.0,0.0,-0.0256,-0.05258,0.4053,0.0,0.07574,0.09155,-0.4016,-0.2019,0.3135,0.3247,0.7065,-0.4368,-0.02644,-0.02031,0.6865,0.0713,0.972,0.18,0.1566,0.0,0.0,0.1628,0.0,0.1255,0.2805,0.0,0.0,0.0,0.0,-0.7617,-1.0,-0.5,-0.5,-0.2448,0.275,0.0,3.0,-1.0,-1.0,0.0,0.0,0.0,-0.688
0.1674,0.1678,0.1674,-0.3362,0.353,0.07074,0.4282,0.194,0.3682,0.0718,0.1179,0.3604,0.1428,-0.396,0.0,0.0,-0.0484,-0.09863,0.4307,0.0,0.0783,0.866,-0.3574,-0.2805,0.4036,0.332,1.188,0.2559,-0.000968,-0.4368,-0.1317,-0.4272,-0.536,0.1799,0.1594,0.0,0.0,0.164,0.0,0.1326,0.2313,0.0,0.0,0.0,0.0,0.4648,0.0,0.0,-0.5,-0.3625,0.2878,1.0,0.0,-1.0,-1.0,0.0,0.0,0.0,0.4229
0.1708,0.1714,0.1708,-0.689,0.7104,0.07074,0.4282,0.1827,0.7085,0.2102,0.1581,0.915,0.2856,-0.396,0.0,0.0,-0.1763,-0.2333,0.524,0.0,0.0808,0.642,-0.2917,-0.319,0.78,0.3494,1.552,0.9375,0.0719,0.2559,-0.02031,0.6865,-0.2864,0.1823,0.1626,0.0,0.0,0.1659,0.0,0.1592,0.883,1.0,0.0,0.0,0.0,1.791,0.0,0.5,0.0,-0.6616,0.676,2.0,0.0,-1.0,-1.0,0.0,0.0,0.0,1.623
0.1727,0.1731,0.173,-0.325,0.3335,0.07074,0.4282,0.1746,0.264,0.1044,0.1936,-0.449,0.4285,-0.396,0.0,0.0,-0.0804,-0.1292,0.457,0.0,0.0833,0.1466,-0.209,-0.3145,0.337,0.3723,0.9517,-0.662,0.0811,0.9375,-0.4368,-0.1317,1.269,0.1838,0.1655,0.0,0.0,0.168,0.0,0.1398,0.7217,0.0,0.0,0.0,0.0,-1.012,0.0,0.0,0.0,-0.3286,0.294,0.0,1.0,-1.0,-1.0,0.0,0.0,0.0,-0.903
0.1743,0.1746,0.1747,-0.2382,0.2386,0.07074,0.4282,0.06384,0.1405,0.085,0.2156,-0.214,0.5713,-0.3862,0.0,0.0,-0.0723,-0.0993,0.447,0.0,0.0859,-0.0968,-0.1255,-0.2742,0.1965,0.391,0.03162,-0.10144,0.09924,-0.662,0.2559,-0.0203,1.514,0.1833,0.1665,0.0,0.0,0.1691,0.0,0.1367,0.4995,0.0,0.0,0.0,0.0,-0.11884,0.0,-0.5,-0.5,-0.2659,0.1796,0.0,2.0,-1.0,-1.0,0.0,0.0,0.0,-0.10724
0.1748,0.1748,0.1754,0.02591,-0.0401,0.07074,0.4282,0.02585,-0.1925,0.001053,0.2378,-1.286,0.5713,-0.3762,-1.0,0.0,0.002888,-0.01156,0.394,0.0,0.0884,0.06683,-0.04456,-0.2233,-0.1417,0.4077,-0.007904,-0.5283,0.0882,-0.10144,0.937,-0.4365,0.0713,0.1819,0.1674,0.0,0.0,0.1703,0.0,0.12134,0.4956,0.0,0.0,0.0,0.0,-0.8667,0.0,-1.0,-0.5,0.001282,-0.07526,0.0,3.0,-1.0,-1.0,0.0,0.0,0.0,-0.783
0.1748,0.1744,0.1757,0.1641,-0.1993,0.07074,0.4016,-0.01917,-0.4128,-0.0486,0.26,3.266,0.5713,-0.3665,-1.0,0.0,0.04605,0.04324,0.3635,0.0,0.0909,-0.563,0.02158,-0.1676,-0.3533,0.421,0.2625,-0.3076,0.07056,-0.5283,-0.662,0.2556,-0.427,0.1797,0.1678,0.0,0.0,0.1713,0.0,0.1124,0.4834,0.0,0.0,0.0,0.0,-0.4023,-1.0,-1.0,-0.5,0.0925,-0.275,0.0,4.0,-1.0,-0.5,0.0,0.0,0.0,-0.367
0.1754,0.1749,0.1765,-0.04214,-0.001214,0.07074,0.4016,-0.1604,-0.2361,0.01605,0.272,-0.5083,0.4285,-0.3665,-1.0,0.0,-0.02794,-0.00887,0.4082,0.0,0.09344,-0.1844,0.07367,-0.105,-0.2117,0.437,-0.2422,0.4534,0.0681,-0.3076,-0.1014,0.937,0.686,0.1797,0.1691,0.0,0.0,0.1724,0.0,0.1251,0.2922,0.0,0.0,0.0,0.0,0.526,-1.0,-1.0,-0.5,-0.1508,-0.1329,1.0,0.0,-1.0,-0.5,0.0,0.0,0.0,0.4817
0.1748,0.1743,0.1758,0.3037,-0.3477,0.07074,0.4016,-0.1807,-0.5625,-0.09845,0.2559,3.102,0.2856,-0.3564,-1.0,0.0,0.0795,0.11,0.3352,0.0,0.09595,0.1237,0.0952,-0.057,-0.5703,0.4377,-0.1884,-0.7363,0.00481,0.4534,-0.5283,-0.6616,-0.1316,0.1772,0.17,0.0,0.0,0.1738,0.0,0.104,-0.515,0.0,0.0,0.0,0.0,-1.11,-1.0,-1.0,-1.0,0.2075,-0.439,0.0,1.0,-1.0,-0.5,0.0,0.0,0.0,-1.01
0.1738,0.1735,0.1748,0.3777,-0.4182,0.07074,0.4016,-0.1647,-0.6147,-0.1307,0.2368,0.2717,0.1428,-0.3464,-1.0,0.0,0.1123,0.142,0.316,0.0,0.0985,-0.2065,0.0938,-0.0317,-0.6377,0.432,-0.2559,-0.1968,-0.0892,-0.7363,-0.3074,-0.1014,-0.0203,0.1718,0.1699,0.0,0.0,0.1753,0.0,0.0983,-0.609,0.0,0.0,0.0,0.0,-0.1743,-1.0,-1.0,-1.5,0.2627,-0.524,0.0,2.0,-1.0,-0.5,0.0,0.0,0.0,-0.1605
0.1733,0.1729,0.1742,0.2866,-0.3245,0.07074,0.4016,-0.203,-0.517,-0.1105,0.2251,-0.0715,0.0,-0.3367,-1.0,0.0,0.0892,0.1246,0.331,0.0,0.101,-0.4468,0.06058,-0.0222,-0.5464,0.4285,-0.04095,0.1558,-0.1256,-0.1968,0.4534,-0.5283,-0.4365,0.1685,0.1704,0.0,0.0,0.1761,0.0,0.1026,-0.399,0.0,0.0,0.0,0.0,0.1683,0.0,-0.5,-1.0,0.1484,-0.463,1.0,0.0,-1.0,-0.5,0.0,0.0,0.0,0.1555
0.1747,0.1742,0.1755,-0.1927,0.1603,0.07074,0.4016,-0.2214,0.00916,0.04526,0.2177,-1.293,0.0,-0.3367,0.0,0.0,-0.06082,-0.03238,0.4358,0.0,0.1035,0.08374,0.01863,-0.02405,-0.01897,0.4246,-0.2732,1.067,-0.2151,0.1558,-0.7363,-0.3074,0.2556,0.1681,0.1711,0.0,0.0,0.1785,0.0,0.1326,-0.2449,0.0,0.0,0.0,0.0,1.46,1.0,-0.5,-1.0,-0.2534,0.0689,2.0,0.0,-1.0,-0.5,0.0,0.0,0.0,1.346
0.1735,0.1731,0.1743,0.441,-0.4768,0.07074,0.4016,-0.09656,-0.601,-0.1604,0.1963,-5.242,-0.1428,-0.3367,-1.0,0.0,0.1473,0.1664,0.3015,0.0,0.1061,0.5107,-0.04727,-0.04028,-0.639,0.4175,-0.9307,-1.344,-0.347,1.067,-0.1967,0.4531,0.937,0.1656,0.1711,0.0,0.0,0.1797,0.0,0.0938,-0.606,0.0,0.0,0.0,0.0,-1.845,0.0,-1.0,-1.0,0.4114,-0.485,0.0,1.0,-1.0,-0.5,0.0,0.0,0.0,-1.67
0.1753,0.1749,0.176,-0.3003,0.2761,0.07074,0.4016,-0.0107,0.188,0.07965,0.1937,-1.639,-0.1428,-0.3367,0.0,0.0,-0.07404,-0.08685,0.4622,0.0,0.1086,1.004,-0.12384,-0.0699,0.1516,0.4158,-0.614,1.6455,-0.3882,-1.344,0.1558,-0.736,-0.6616,0.1683,0.1725,0.0,0.0,0.1814,0.0,0.1396,-0.1036,0.0,0.0,0.0,0.0,4.324,1.0,-0.5,-0.5,-0.228,0.321,1.0,0.0,-1.0,-0.5,0.0,0.0,0.0,4.004
0.1749,0.1747,0.1757,0.2277,-0.2563,0.07074,0.4016,0.0811,-0.336,-0.0897,0.1837,-1.753,-0.2856,-0.3367,-1.0,0.0,0.09454,0.0759,0.3525,0.0,0.1111,0.7163,-0.21,-0.10614,-0.3718,0.4133,-0.5386,-1.095,-0.3782,1.6455,1.067,-0.1967,-0.1014,0.1669,0.1726,0.0,0.0,0.1807,0.0,0.1079,-0.2637,0.0,0.0,0.0,0.0,-2.29,1.0,-0.5,-0.5,0.3147,-0.1543,0.0,1.0,-1.0,-0.5,0.0,0.0,0.0,-2.064
0.1721,0.1721,0.1727,0.861,-0.888,-0.5596,-0.06042,0.1062,-0.9453,-0.3005,0.1547,3.17,-0.4285,-0.3367,-1.0,0.0,0.3052,0.2964,0.2142,0.0,0.11365,0.313,-0.3088,-0.1461,-0.953,0.393,-0.2314,-1.404,-0.2725,-1.095,-1.344,0.1558,-0.528,0.1637,0.1724,0.0,0.0,0.1786,0.0,0.06793,-0.599,0.0,0.0,0.0,0.0,-3.785,0.0,-0.5,-1.0,0.935,-0.751,0.0,2.0,-1.0,-0.5,0.0,1.0,-3.82,-3.475
0.1705,0.1703,0.1711,0.582,-0.6104,-0.5596,-0.06042,0.05084,-0.6313,-0.2344,0.11847,-0.272,-0.5713,-0.3367,-1.0,0.0,0.2338,0.2306,0.259,0.0,0.11615,0.2996,-0.3533,-0.1941,-0.6226,0.3691,-0.1431,0.465,-0.2236,-1.404,1.645,1.066,-0.3074,0.1621,0.1724,0.0,0.0,0.1772,0.0,0.08057,-0.7305,0.0,0.0,0.0,0.0,0.96,0.0,0.0,-1.0,0.6616,-0.4888,1.0,0.0,-1.0,-0.5,0.0,0.0,0.0,0.9023
0.1715,0.1714,0.1721,-0.10645,0.0858,-0.404,-0.06042,0.0831,0.1013,-0.01935,0.10876,-1.414,-0.5713,-0.3367,0.0,0.0,0.02736,0.003637,0.402,0.0,0.1187,0.643,-0.3367,-0.234,0.10754,0.364,-0.533,1.4795,-0.2382,0.465,-1.095,-1.343,0.4531,0.1641,0.1731,0.0,0.0,0.1766,0.0,0.12146,-0.2515,0.0,0.0,0.0,0.0,3.34,1.0,0.0,-0.5,0.0802,0.2703,2.0,0.0,-1.0,-0.5,1.0,0.0,4.234,3.115
0.1707,0.1705,0.1714,0.3455,-0.372,-0.404,-0.06042,0.1886,-0.3247,-0.1664,0.0882,-2.016,-0.7144,-0.3367,-1.0,0.0,0.1787,0.1454,0.3066,0.0,0.1212,0.7334,-0.2908,-0.2737,-0.3394,0.3591,-0.02013,-0.9624,-0.2347,1.4795,-1.403,1.645,-0.736,0.1606,0.1738,0.0,0.0,0.1753,0.0,0.09375,-0.4077,0.0,0.0,0.0,0.0,-2.338,0.0,0.0,-0.5,0.5327,-0.152,0.0,1.0,-1.0,-0.5,0.0,0.0,0.0,-2.127
0.1708,0.1707,0.1715,0.1337,-0.1577,-0.404,-0.06042,0.2196,-0.09595,-0.10364,0.08026,-1.055,-0.5713,-0.3367,0.0,0.0,0.12036,0.077,0.3494,0.0,0.1237,0.6064,-0.2434,-0.3066,-0.1129,0.3557,0.0963,0.437,-0.2463,-0.9624,0.465,-1.094,-0.1967,0.1619,0.175,0.0,0.0,0.1744,0.0,0.1058,-0.2244,0.0,0.0,0.0,0.0,0.962,1.0,0.5,0.0,0.338,0.0645,1.0,0.0,-1.0,-0.5,0.0,0.0,0.0,0.89
0.1733,0.1733,0.1738,-0.4883,0.4802,-0.404,-0.06042,0.2751,0.572,0.10944,0.0922,14.88,-0.4285,-0.3267,0.0,0.0,-0.07605,-0.1437,0.4927,0.0,0.1262,0.9106,-0.2263,-0.3376,0.5415,0.3662,0.01222,1.456,-0.2135,0.437,1.479,-1.403,0.1558,0.1627,0.1766,0.0,0.0,0.1753,0.0,0.1466,0.091,0.0,0.0,0.0,0.0,4.234,2.0,0.5,0.5,-0.2073,0.738,2.0,0.0,-1.0,-0.5,0.0,0.0,0.0,3.89
0.1753,0.1754,0.1758,-0.3293,0.3235,-0.404,-0.06042,0.3176,0.438,0.07294,0.0973,-0.0707,-0.2856,-0.3267,0.0,0.0,-0.03842,-0.11163,0.4702,0.0,0.1288,0.1703,-0.2386,-0.367,0.4062,0.3713,-0.614,-0.2218,-0.1995,1.456,-0.962,0.465,1.066,0.1658,0.1783,0.0,0.0,0.1757,0.0,0.1399,-0.02577,0.0,0.0,0.0,0.0,-0.508,1.0,0.0,0.0,-0.08545,0.5527,0.0,1.0,-1.0,-0.5,0.0,0.0,0.0,-0.4553
0.1759,0.176,0.1764,-0.0119,0.003605,-0.404,-0.06042,0.3801,0.1033,-0.02261,0.10486,-0.521,-0.1428,-0.3267,0.0,0.0,0.057,-0.02147,0.4082,0.0,0.1313,0.5996,-0.2676,-0.3845,0.0678,0.3784,0.3594,-0.617,-0.2522,-0.2218,0.437,1.479,-1.343,0.1709,0.1799,0.0,0.0,0.1746,0.0,0.1218,-0.004425,0.0,0.0,0.0,0.0,-1.67,0.0,0.0,0.0,0.2378,0.264,0.0,2.0,-1.0,-0.5,0.0,0.0,0.0,-1.504
0.179,0.1792,0.1792,-0.574,0.5845,-0.404,-0.06042,0.5146,0.6924,0.1798,0.1316,3.102,0.0,-0.3267,0.0,0.0,-0.119,-0.2356,0.5435,0.0,0.1338,1.859,-0.3,-0.3906,0.6577,0.3936,-0.7007,1.36,-0.1974,-0.617,1.456,-0.962,1.645,0.1783,0.1815,0.0,0.0,0.1753,0.0,0.1602,0.241,0.0,0.0,0.0,0.0,5.695,1.0,0.0,0.5,-0.2427,0.89,1.0,0.0,-1.0,-0.5,0.0,0.0,0.0,5.18
0.177,0.1776,0.177,0.653,-0.645,-0.404,-0.09186,0.9536,-0.581,-0.214,0.1256,-1.587,0.0,-0.3267,-1.0,0.0,0.2942,0.1224,0.2834,0.0,0.1364,2.879,-0.334,-0.3906,-0.601,0.3901,0.1329,-2.514,-0.189,1.36,-0.2218,0.4368,-1.094,0.1753,0.1805,0.0,0.0,0.1738,0.0,0.085,-0.2047,0.0,0.0,0.0,0.0,-8.15,0.0,0.0,0.0,1.006,-0.2198,0.0,1.0,-1.0,-0.5,0.0,0.0,0.0,-5.477
0.1768,0.1774,0.1768,0.2238,-0.2086,-0.404,-0.09186,1.065,-0.1385,-0.0871,0.1159,-0.899,-0.1428,-0.3267,-1.0,0.0,0.18,-0.02107,0.3677,0.0,0.1389,1.889,-0.3704,-0.3901,-0.17,0.3865,1.062,0.867,-0.1903,-2.514,-0.617,1.456,-1.403,0.1769,0.1802,0.0,0.0,0.1736,0.0,0.1089,-0.2345,0.0,0.0,0.0,0.0,3.068,0.0,0.5,0.0,0.569,0.1738,1.0,0.0,-1.0,-0.5,0.0,0.0,0.0,2.85
0.1777,0.1783,0.1777,-0.0656,0.0843,-0.404,-0.09186,1.087,0.1328,0.00887,0.1316,-12.56,0.0,-0.3267,0.0,0.0,0.0905,-0.1211,0.4316,0.0,0.1414,1.085,-0.3987,-0.3955,0.1145,0.3926,0.854,0.649,-0.1818,0.867,1.359,-0.2218,0.4648,0.179,0.1804,0.0,0.0,0.1742,0.0,0.1268,0.0566,0.0,0.0,0.0,0.0,2.426,1.0,0.5,0.5,0.241,0.4023,2.0,0.0,-1.0,-0.5,0.0,0.0,0.0,2.223
0.1758,0.1764,0.1757,0.6777,-0.665,-0.404,-0.09186,1.184,-0.5923,-0.2318,0.10803,-3.062,-0.1428,-0.3267,-1.0,0.0,0.3325,0.1194,0.2722,0.0,0.1439,1.38,-0.4338,-0.4128,-0.64,0.3867,-0.03738,-1.6,-0.1624,0.649,-2.514,-0.617,1.479,0.1732,0.1792,0.0,0.0,0.173,0.0,0.0808,-0.4211,0.0,0.0,0.0,0.0,-2.941,1.0,0.0,0.0,0.9766,-0.2974,0.0,1.0,-1.0,-0.5,0.0,0.0,0.0,-2.666
0.1764,0.1771,0.1763,0.0003853,0.02112,-0.404,-0.09186,1.169,0.0788,-0.02136,0.1153,-1.399,0.0,-0.3267,0.0,0.0,0.1265,-0.09827,0.4114,0.0,0.1465,0.915,-0.472,-0.4348,0.038,0.3877,0.5464,1.434,-0.1606,-1.6,0.8667,1.359,-0.962,0.1716,0.179,0.0,0.0,0.1736,0.0,0.1205,-0.05118,0.0,0.0,0.0,0.0,4.414,1.0,0.5,0.5,0.3298,0.3691,1.0,0.0,-1.0,-0.5,0.0,0.0,0.0,4.11
0.1776,0.1781,0.1777,-0.1406,0.1531,-0.404,-0.09186,1.077,0.1675,0.03043,0.1445,0.644,0.1428,-0.3267,0.0,0.0,0.06934,-0.1418,0.4458,0.0,0.149,-0.2333,-0.461,-0.4539,0.144,0.401,0.3184,0.3474,-0.1564,1.434,0.6484,-2.514,0.4368,0.1726,0.179,0.0,0.0,0.1748,0.0,0.1301,0.2264,0.0,0.0,0.0,0.0,0.8604,2.0,0.5,1.0,0.1941,0.496,2.0,0.0,-1.0,-0.5,0.0,0.0,0.0,0.782
0.1796,0.1799,0.1798,-0.3254,0.3354,-0.2346,-0.09186,1.03,0.3245,0.10394,0.1746,0.752,0.2856,-0.3267,0.0,0.0,-0.003342,-0.2106,0.4946,0.0,0.1515,-0.01249,-0.4243,-0.4644,0.3127,0.4153,-0.627,0.4878,-0.1327,0.3474,-1.599,0.8667,1.456,0.1714,0.1794,0.0,0.0,0.1764,0.0,0.1439,0.2317,0.0,0.0,0.0,0.0,1.121,2.0,0.5,1.0,-0.03038,0.6206,3.0,0.0,-1.0,-0.5,0.0,0.0,0.0,1.014
0.1815,0.1819,0.1816,-0.3096,0.3198,-0.1978,-0.09186,0.9146,0.3237,0.11365,0.1862,0.1417,0.2856,-0.3267,0.0,0.0,-0.02266,-0.2091,0.502,0.0,0.154,-0.2174,-0.3962,-0.4675,0.3193,0.4211,-0.4673,0.07056,-0.10876,0.4878,1.434,0.6484,-0.2217,0.1771,0.1799,0.0,0.0,0.177,0.0,0.1456,0.03482,0.0,0.0,0.0,0.0,0.1498,2.0,1.0,1.0,-0.06244,0.554,4.0,0.0,-0.5,-0.5,0.0,0.0,0.0,0.1343
0.1796,0.18,0.1797,0.644,-0.6377,-0.1978,-0.09186,1.23,-0.676,-0.1935,0.1858,-2.355,0.2856,-0.3267,-1.0,0.0,0.2986,0.07416,0.2986,0.0,0.1566,3.133,-0.3948,-0.4668,-0.658,0.4182,-0.00647,-2.014,-0.1076,0.07056,0.3474,-1.599,-0.617,0.1753,0.1785,0.0,0.0,0.177,0.0,0.0869,-0.1505,0.0,0.0,0.0,0.0,-7.62,2.0,1.0,1.0,0.928,-0.289,0.0,1.0,-0.5,-0.5,0.0,0.0,0.0,-5.477
0.1782,0.1788,0.1782,0.516,-0.5054,-0.1978,-0.09186,1.275,-0.574,-0.1652,0.1823,-0.05557,0.1428,-0.3267,-1.0,0.0,0.2747,0.04007,0.317,0.0,0.159,1.232,-0.4187,-0.4673,-0.5537,0.415,-1.04,0.1875,-0.1106,-2.014,0.4878,1.434,1.359,0.1722,0.1776,0.0,0.0,0.1757,0.0,0.09174,-0.1903,0.0,0.0,0.0,0.0,0.7935,2.0,1.0,1.0,0.739,-0.2332,1.0,0.0,-0.5,-0.5,0.0,0.0,0.0,0.7354
0.1782,0.1787,0.1783,0.1552,-0.144,-0.1978,-0.09186,1.207,-0.1819,-0.05655,0.1682,-0.7944,0.0,-0.3267,-1.0,0.0,0.1633,-0.066,0.389,0.0,0.1616,0.6343,-0.4414,-0.47,-0.1726,0.409,0.6396,0.7373,-0.1124,0.1875,0.07056,0.3474,-2.514,0.1753,0.1772,0.0,0.0,0.1759,0.0,0.1121,-0.3152,0.0,0.0,0.0,0.0,1.977,2.0,1.5,1.0,0.4236,0.1495,2.0,0.0,-0.5,-0.5,0.0,0.0,0.0,1.825
0.1794,0.1799,0.1794,-0.1168,0.1323,-0.1978,-0.09186,1.281,0.1313,0.03558,0.1638,-5.008,0.0,-0.3267,0.0,0.0,0.08276,-0.1666,0.451,0.0,0.1642,1.405,-0.4626,-0.4636,0.118,0.4116,0.11786,0.626,-0.1732,0.7373,-2.014,0.4875,0.8667,0.1764,0.1776,0.0,0.0,0.1781,0.0,0.1295,-0.1696,0.0,0.0,0.0,0.0,2.574,2.0,1.5,1.5,0.1631,0.4175,3.0,0.0,-0.5,-0.5,0.0,0.0,0.0,2.35
0.1797,0.1803,0.1797,0.08435,-0.07104,-0.1978,-0.09186,1.298,-0.0656,-0.02507,0.1635,-0.7334,0.0,-0.3267,0.0,0.0,0.1415,-0.1068,0.4114,0.0,0.1666,0.53,-0.478,-0.463,-0.08527,0.4136,-0.2761,-0.396,-0.2211,0.626,0.1875,0.07056,0.6484,0.1755,0.178,0.0,0.0,0.1796,0.0,0.11774,-0.1323,0.0,0.0,0.0,0.0,-1.344,1.0,1.0,1.5,0.3042,0.1643,0.0,1.0,-0.5,-0.5,0.0,0.0,0.0,-1.213
0.1763,0.1769,0.176,1.083,-1.069,-0.1978,-0.09186,1.642,-1.007,-0.3489,0.11957,-17.1,-0.1428,-0.3267,-1.0,0.0,0.4917,0.202,0.197,0.0,0.1692,3.135,-0.4736,-0.4734,-1.018,0.3887,0.838,-2.156,-0.1254,-0.396,0.7373,-2.014,-1.599,0.1676,0.1766,0.0,0.0,0.1776,0.0,0.0557,-0.691,0.0,0.0,0.0,0.0,-8.15,1.0,1.0,1.0,1.226,-0.8413,0.0,2.0,-0.5,-0.5,0.0,0.0,0.0,-5.477
0.1721,0.1731,0.1716,1.258,-1.23,-0.1978,-0.3716,1.575,-1.222,-0.4275,0.1032,0.4072,-0.1428,-0.3267,-1.0,0.0,0.567,0.2952,0.1442,0.0,0.1718,2.207,-0.4558,-0.4863,-1.225,0.3772,-0.1998,-0.5513,-0.01611,-2.156,0.6255,0.1875,1.434,0.1582,0.1754,0.0,0.0,0.1761,0.0,0.0401,-0.3982,0.0,0.0,0.0,0.0,-2.197,0.0,0.5,1.0,1.368,-1.022,0.0,3.0,-0.5,-0.5,0.0,0.0,0.0,-2.072
0.1674,0.1688,0.1663,1.463,-1.405,-0.1978,-0.696,1.826,-1.424,-0.516,0.0694,0.343,-0.1428,-0.3367,-1.0,-1.0,0.6826,0.3708,0.0842,0.0,0.1742,3.135,-0.3684,-0.4714,-1.365,0.3438,-0.6333,-0.6313,0.1343,-0.5513,-0.396,0.7373,0.3474,0.1526,0.174,0.0,0.0,0.1737,0.0,0.02242,-0.679,0.0,0.0,0.0,0.0,-3.123,-1.0,0.0,0.5,1.549,-1.209,0.0,4.0,-0.5,-0.5,0.0,0.0,0.0,-2.973
0.1539,0.1582,0.1503,2.701,-2.545,-0.1978,-3.158,2.729,-2.36,-1.286,-0.03394,2.06,-0.2856,-0.3464,-1.0,-1.0,1.664,1.248,-0.4277,0.0,0.1768,3.135,-0.1333,-0.3472,-2.086,0.2788,-1.234,-2.514,0.8296,-0.6313,-2.156,0.6255,0.4875,0.133,0.1693,0.0,0.0,0.1652,0.0,-0.1251,-1.327,0.0,1.0,0.0,0.0,-8.15,-2.0,-0.5,0.0,2.75,-2.195,0.0,5.0,-0.5,0.0,0.0,0.0,0.0,-5.477
0.1404,0.1472,0.134,2.701,-2.545,-0.1978,-3.158,2.785,-2.36,-1.403,-0.1268,0.1931,-0.2856,-0.3564,-1.0,-1.0,1.882,1.342,-0.5093,0.0,0.1793,3.135,0.3044,-0.0729,-2.086,0.1687,-1.9375,-0.952,1.344,-2.514,-0.5513,-0.3958,0.0705,0.10944,0.1635,0.0,0.0,0.156,0.0,-0.1489,-1.273,0.0,1.0,0.0,0.0,-5.69,-2.0,-1.0,0.0,2.75,-2.195,0.0,5.617,-0.5,0.5,0.0,0.0,0.0,-5.477
0.1367,0.1443,0.1295,1.37,-0.96,1.583,-3.158,2.785,-1.259,-0.668,-0.1807,-0.62,-0.4285,-0.3665,-1.0,-1.0,0.9907,0.3928,-0.0255,0.0,0.1818,3.135,0.639,0.1486,-0.927,0.1339,-1.215,2.549,1.389,-0.952,-0.6313,-2.156,-2.012,0.0969,0.1614,0.0,0.0,0.152,0.0,-0.010254,-0.6567,0.0,0.0,0.0,0.0,7.266,-1.0,-0.5,0.0,1.736,-0.466,1.0,0.0,-0.5,0.5,0.0,0.0,0.0,5.766
0.1344,0.1426,0.1266,1.004,-0.5615,1.911,-3.158,2.785,-0.8154,-0.578,-0.2317,-0.2827,-0.5713,-0.3762,-1.0,-1.0,0.929,0.249,0.0324,0.0,0.1843,3.135,0.897,0.3303,-0.525,0.1125,-1.573,0.629,1.355,2.549,-2.514,-0.5513,0.1875,0.087,0.1587,0.0,0.0,0.1472,0.0,0.005947,-0.623,0.0,0.0,0.0,0.0,2.834,0.0,-0.5,0.0,1.377,-0.0885,2.0,0.0,-0.5,0.5,0.0,0.0,0.0,2.781
0.1306,0.1389,0.1228,1.402,-0.9507,1.911,-3.158,2.785,-1.089,-0.7153,-0.301,0.572,-0.7144,-0.3862,-1.0,-1.0,1.11,0.3772,-0.05902,0.0,0.1869,2.879,1.102,0.494,-0.8745,0.08777,-2.285,-0.9824,1.407,0.629,-0.952,-0.6313,0.737,0.0802,0.1561,0.0,0.0,0.144,0.0,-0.02077,-0.774,0.0,0.0,0.0,0.0,-4.56,0.0,-1.0,-0.5,1.807,-0.4126,0.0,1.0,-0.5,0.5,0.0,0.0,0.0,-4.426
0.13,0.1384,0.12195,0.564,-0.1057,1.911,-3.158,2.785,-0.1484,-0.4834,-0.353,-0.9165,-0.857,-0.396,-1.0,-1.0,0.8906,0.07416,0.0934,0.0,0.1895,3.135,1.262,0.645,0.03787,0.0628,-3.041,1.665,1.397,-0.9824,2.547,-2.514,0.6255,0.07886,0.1554,0.0,0.0,0.1415,0.0,0.0225,-0.574,0.0,0.0,0.0,0.0,7.266,1.0,-1.0,-0.5,0.9707,0.3696,1.0,0.0,-0.5,0.5,0.0,0.0,0.0,5.766
0.1295,0.1382,0.1213,0.5146,-0.0439,1.911,-3.158,2.785,-0.03253,-0.4712,-0.3784,-3.678,-0.7144,-0.406,0.0,-1.0,0.903,0.03345,0.1015,0.0,0.1919,3.135,1.368,0.7715,0.1478,0.04947,-3.014,0.08636,1.361,1.665,0.629,-0.9517,-0.3958,0.07935,0.1544,0.0,0.0,0.1384,0.0,0.02438,-0.3699,0.0,0.0,0.0,0.0,0.4053,2.0,-0.5,0.0,0.912,0.4177,2.0,0.0,-0.5,0.5,0.0,0.0,0.0,0.3892
0.1328,0.1417,0.12445,-0.4658,0.9365,1.911,-3.158,2.785,1.077,-0.1503,-0.3806,14.88,-0.5713,-0.406,0.0,0.0,0.563,-0.2996,0.3137,0.0,0.1945,2.227,1.42,0.877,1.303,0.03973,-1.716,2.254,1.368,0.08636,-0.9824,2.547,-2.156,0.0988,0.1538,0.0,0.0,0.1388,0.0,0.0851,-0.1407,0.0,0.0,0.0,0.0,6.98,2.0,0.0,0.0,0.0436,1.443,3.0,0.0,-0.5,0.5,0.0,0.0,0.0,5.766
0.133,0.1416,0.125,0.3274,0.1292,1.911,-3.158,2.785,0.3384,-0.3896,-0.4092,-0.5366,-0.4285,-0.406,0.0,0.0,0.8267,-0.06714,0.1554,0.0,0.197,1.553,1.419,0.96,0.5093,0.0336,-1.26,-1.621,1.328,2.254,1.665,0.6284,-0.5513,0.1163,0.153,0.0,0.0,0.1365,0.0,0.03928,-0.3777,0.0,0.0,0.0,0.0,-4.39,1.0,0.0,-0.5,0.866,0.73,0.0,1.0,-0.5,0.5,0.0,0.0,0.0,-4.06
0.1294,0.1375,0.12195,1.369,-0.937,1.911,-3.158,2.785,-0.607,-0.7144,-0.4705,-2.143,-0.5713,-0.4158,-1.0,-1.0,1.216,0.262,-0.06107,0.0,0.1995,3.135,1.38,1.037,-0.4548,0.001091,-0.827,-2.275,1.303,-1.621,0.08636,-0.982,-0.631,0.11536,0.1504,0.0,0.0,0.1317,0.0,-0.02324,-0.629,0.0,0.0,0.0,0.0,-8.15,1.0,0.0,-1.0,1.987,-0.1693,0.0,2.0,-0.5,0.5,0.0,1.0,-3.82,-5.477
0.1282,0.1356,0.1213,0.678,-0.2803,1.911,-3.158,2.785,0.1493,-0.5312,-0.5117,-1.544,-0.5713,-0.4258,0.0,-1.0,1.026,0.0377,0.0568,0.0,0.202,3.135,1.275,1.095,0.2788,-0.02142,2.693,1.288,1.209,-2.275,2.254,1.664,-2.514,0.116,0.1477,0.0,0.0,0.1277,0.0,0.010216,-0.4668,0.0,0.0,0.0,0.0,5.434,1.0,0.5,-0.5,1.282,0.4192,1.0,0.0,-0.5,0.5,0.0,0.0,0.0,5.363
0.1259,0.133,0.11914,0.9985,-0.611,1.911,-3.158,2.785,-0.1575,-0.638,-0.5337,-1.13,-0.5713,-0.4355,-1.0,-1.0,1.153,0.1489,-0.01636,0.0,0.2046,3.135,1.138,1.132,-0.003119,-0.0414,3.611,-0.7827,1.101,1.288,-1.621,0.08636,-0.9517,0.1171,0.1447,0.0,0.0,0.12286,0.0,-0.011086,-0.348,0.0,0.0,0.0,0.0,-2.54,0.0,0.5,-0.5,1.611,0.1224,0.0,1.0,-0.5,0.5,0.0,0.0,0.0,-2.455
0.12164,0.1288,0.11505,1.512,-1.128,1.911,-3.158,2.785,-0.6646,-0.807,-0.5625,13.266,-0.5713,-0.4456,-1.0,-1.0,1.3545,0.3386,-0.1311,0.0,0.207,2.045,0.926,1.151,-0.5117,-0.0606,0.5376,-1.244,1.103,-0.7827,-2.275,2.252,2.547,0.1112,0.1412,0.0,0.0,0.11884,0.0,-0.04434,-0.4019,0.0,0.0,0.0,0.0,-3.514,-1.0,0.0,-0.5,2.146,-0.3318,0.0,2.0,-0.5,0.5,0.0,0.0,0.0,-3.441
0.12115,0.128,0.1147,0.477,-0.104,1.911,-3.158,2.785,0.3374,-0.5205,-0.562,-1.857,-0.4285,-0.4556,0.0,-1.0,1.006,0.03592,0.05475,0.0,0.2096,3.135,0.6533,1.144,0.5137,-0.0684,0.0532,2.059,1.052,-1.244,1.288,-1.62,0.6284,0.11,0.1383,0.0,0.0,0.1164,0.0,0.0087,-0.1643,0.0,0.0,0.0,0.0,7.266,0.0,0.0,0.0,0.9683,0.4565,1.0,0.0,-0.5,0.5,0.0,0.0,0.0,5.766
0.1192,0.12463,0.11426,0.8306,-0.5435,1.911,-3.158,2.785,-0.263,-0.645,-0.5054,-1.312,-0.4285,-0.4653,-1.0,-1.0,1.115,0.2058,-0.02956,0.0,0.2122,2.322,0.374,1.095,-0.01852,-0.05194,0.716,-0.9023,0.961,2.059,-0.782,-2.273,-0.982,0.10095,0.1364,0.0,0.0,0.1125,0.0,-0.01584,0.3018,0.0,0.0,0.0,0.0,-2.951,0.0,0.0,0.0,1.353,0.0785,0.0,1.0,-0.5,0.5,0.0,0.0,0.0,-2.855
0.11816,0.12085,0.11597,0.5093,-0.3782,1.911,-3.158,2.785,-0.2485,-0.58,-0.433,0.03638,-0.4285,-0.4753,-1.0,-1.0,0.9966,0.1814,0.01006,0.0,0.2146,2.707,0.2251,0.979,-0.1436,0.01313,-0.3413,0.4307,0.799,-0.9023,-1.244,1.287,1.664,0.09717,0.1342,0.0,0.0,0.1084,0.0,-0.004692,0.4468,0.0,0.0,0.0,0.0,1.115,0.0,0.0,0.5,0.8687,0.04208,1.0,0.0,-0.5,0.5,0.0,0.0,0.0,1.095
0.1182,0.12067,0.1164,0.1882,-0.07104,1.911,-3.158,2.785,0.03113,-0.485,-0.4165,-2.156,-0.2856,-0.485,0.0,-1.0,0.848,0.12366,0.07,0.0,0.2172,1.452,0.10754,0.8203,0.11005,0.02477,-0.4578,0.6465,0.64,0.4307,2.059,-0.782,0.08636,0.1006,0.1318,0.0,0.0,0.1052,0.0,0.01227,-0.001027,0.0,0.0,0.0,0.0,1.786,1.0,0.0,0.5,0.571,0.349,2.0,0.0,-0.5,0.5,0.0,0.0,0.0,1.741
0.1199,0.1222,0.1181,-0.213,0.328,1.911,-3.158,2.785,0.438,-0.3508,-0.3975,3.195,-0.1428,-0.485,0.0,0.0,0.667,0.01878,0.1564,0.0,0.2197,0.733,0.005836,0.6445,0.5483,0.02711,-1.982,0.922,0.6245,0.6465,-0.9023,-1.244,2.252,0.1032,0.1311,0.0,0.0,0.10486,0.0,0.03687,0.03647,0.0,0.0,0.0,0.0,1.912,2.0,0.0,0.5,0.1853,0.7344,3.0,0.0,-0.5,0.5,0.0,0.0,0.0,1.844
0.1221,0.1243,0.12036,-0.3638,0.4758,1.911,-3.158,2.785,0.558,-0.2866,-0.3633,0.3813,0.0,-0.485,0.0,0.0,0.581,-0.02951,0.198,0.0,0.2222,0.603,-0.05856,0.4258,0.7065,0.0384,-0.9727,0.4377,0.644,0.922,0.4304,2.057,-1.62,0.1088,0.1298,0.0,0.0,0.10535,0.0,0.0486,0.2349,0.0,0.0,0.0,0.0,0.9976,2.0,0.5,1.0,-0.0192,0.812,4.0,0.0,-0.5,0.5,0.0,0.0,0.0,0.9478
0.1219,0.12396,0.1203,0.2644,-0.1669,1.911,-3.158,2.785,-0.0885,-0.4749,-0.3635,-0.9106,0.1428,-0.495,0.0,-1.0,0.7583,0.1963,0.07306,0.0,0.2247,2.31,-0.0699,0.1842,-0.02426,0.05426,0.589,-1.304,0.6426,0.4377,0.6465,-0.9023,-2.273,0.1142,0.1274,0.0,0.0,0.1053,0.0,0.01242,-0.1675,0.0,0.0,0.0,0.0,-3.979,2.0,0.5,0.5,0.65,0.263,0.0,1.0,-0.5,0.5,0.0,0.0,0.0,-3.752
0.1191,0.1211,0.1176,0.9673,-0.8794,1.911,-3.158,2.785,-0.791,-0.6953,-0.3828,-17.1,0.0,-0.505,-1.0,-1.0,0.974,0.4758,-0.07324,0.0,0.2273,2.396,-0.07556,-0.02837,-0.734,0.04425,-0.1503,-1.561,0.4285,-1.304,0.9214,0.4304,1.287,0.11084,0.12396,0.0,0.0,0.1086,0.0,-0.02988,-0.3738,0.0,0.0,0.0,0.0,-4.38,1.0,0.0,0.0,1.289,-0.465,0.0,2.0,-0.5,0.5,0.0,0.0,0.0,-4.223
0.1194,0.1207,0.1185,0.11145,-0.05194,1.911,-0.7783,2.709,0.1274,-0.4536,-0.412,-1.348,0.0,-0.5146,0.0,-1.0,0.696,0.2157,0.08527,0.0,0.2299,1.706,-0.08466,-0.11816,0.1724,0.02812,0.2754,1.736,-0.01732,-1.561,0.4377,0.6465,-0.782,0.1139,0.1214,0.0,0.0,0.1141,0.0,0.015465,-0.4568,0.0,0.0,0.0,0.0,3.604,1.0,0.5,0.0,0.4875,0.3557,1.0,0.0,-0.5,0.5,0.0,0.0,0.0,3.566
0.11975,0.12103,0.1191,0.07684,-0.0246,1.911,-0.7783,2.637,0.1938,-0.4404,-0.4192,0.4429,0.0,-0.5146,0.0,0.0,0.6753,0.2076,0.0934,0.0,0.2323,0.859,-0.0918,-0.1836,0.2402,0.02315,1.159,0.0865,-0.02621,1.736,-1.304,0.9214,-1.244,0.1161,0.1201,0.0,0.0,0.1152,0.0,0.01756,-0.233,0.0,0.0,0.0,0.0,0.2085,1.0,1.0,0.5,0.342,0.2595,2.0,0.0,-0.5,0.5,0.0,0.0,0.0,0.2006
0.11975,0.12085,0.1192,0.1826,-0.1407,0.6704,-0.7783,2.477,0.03107,-0.4722,-0.4011,-0.4348,0.1428,-0.525,0.0,-1.0,0.6943,0.2588,0.072,0.0,0.2349,1.567,-0.0799,-0.2354,0.0796,0.0328,0.002876,-0.2268,-0.02698,0.0865,-1.561,0.4377,2.057,0.1161,0.1186,0.0,0.0,0.11554,0.0,0.01122,0.09937,0.0,0.0,0.0,0.0,-0.506,0.0,0.5,0.5,0.3933,0.0921,0.0,1.0,-0.5,0.5,0.0,0.0,0.0,-0.4858
0.1185,0.11957,0.11804,0.5054,-0.4705,0.6704,-0.7783,2.332,-0.3074,-0.5747,-0.4065,-2.395,0.0,-0.5347,-1.0,-1.0,0.791,0.3896,0.003963,0.0,0.2374,1.501,-0.0774,-0.2676,-0.2866,0.03513,0.612,-0.726,-0.04877,-0.2268,1.735,-1.304,-0.902,0.1121,0.1162,0.0,0.0,0.11615,0.0,-0.00856,-0.2354,0.0,0.0,0.0,0.0,-1.751,0.0,0.5,0.0,0.6997,-0.2303,0.0,2.0,-0.5,0.5,0.0,0.0,0.0,-1.6875
0.1222,0.12354,0.1214,-0.752,0.817,0.6704,-0.7783,2.05,0.9917,-0.1663,-0.3704,-7.273,0.1428,-0.5347,0.0,0.0,0.3452,-0.03296,0.2722,0.0,0.2399,3.135,-0.08453,-0.2715,0.997,0.0566,0.355,2.549,0.03117,-0.726,0.0865,-1.561,0.4304,0.1141,0.11505,0.0,0.0,0.1178,0.0,0.0681,0.323,0.0,0.0,0.0,0.0,7.266,1.0,0.5,0.5,-0.4229,1.106,1.0,0.0,-0.5,0.5,0.0,0.0,0.0,5.766
0.12177,0.1228,0.1213,0.2952,-0.2578,0.6704,-0.7783,2.215,-0.188,-0.4868,-0.3433,-1.026,0.1428,-0.5444,-1.0,-1.0,0.6865,0.3003,0.06085,0.0,0.2424,2.057,-0.1295,-0.2573,-0.1761,0.07184,0.11646,-2.178,0.0294,2.549,-0.2267,1.735,0.6465,0.1137,0.1129,0.0,0.0,0.11743,0.0,0.007168,0.1493,0.0,0.0,0.0,0.0,-5.883,0.0,0.0,0.5,0.5977,0.08386,0.0,1.0,-0.5,0.5,0.0,0.0,0.0,-5.477
0.1218,0.1228,0.12134,0.1582,-0.12164,0.09265,-0.7783,2.121,-0.062,-0.4443,-0.3364,-1.753,0.1428,-0.5444,0.0,0.0,0.6333,0.2617,0.0873,0.0,0.245,2.375,-0.2219,-0.2292,-0.1099,0.0858,-0.501,0.2825,-0.0935,-2.178,-0.726,0.0865,0.9214,0.118,0.11224,0.0,0.0,0.1153,0.0,0.0145,-0.0832,0.0,0.0,0.0,0.0,0.741,0.0,0.0,0.5,0.4358,0.1824,1.0,0.0,-0.5,0.5,0.0,0.0,0.0,0.716
0.12415,0.1251,0.12366,-0.4233,0.4663,0.09265,-0.7783,2.01,0.5093,-0.2499,-0.3044,11.93,0.2856,-0.5444,0.0,0.0,0.4246,0.0595,0.2142,0.0,0.2474,1.948,-0.3035,-0.1881,0.4585,0.10284,-0.8447,1.352,-0.06244,0.2825,2.547,-0.2267,0.4377,0.12134,0.1127,0.0,0.0,0.11584,0.0,0.05063,0.2573,0.0,0.0,0.0,0.0,4.934,1.0,0.0,1.0,-0.0723,0.805,2.0,0.0,-0.5,0.5,0.0,0.0,0.0,4.742
0.12256,0.12354,0.1221,0.608,-0.5737,0.09265,-0.2485,2.166,-0.575,-0.5654,-0.302,-1.762,0.2856,-0.5547,-1.0,-1.0,0.766,0.3948,0.005997,0.0,0.25,2.77,-0.2603,-0.15,-0.642,0.1087,0.05103,-2.168,-0.0873,1.352,-2.176,-0.726,-1.304,0.1191,0.1122,0.0,0.0,0.1165,0.0,-0.00952,-0.1433,0.0,0.0,0.0,0.0,-7.402,1.0,0.0,0.5,0.996,-0.1148,0.0,1.0,-0.5,0.5,0.0,0.0,0.0,-5.477
0.1136,0.1164,0.11127,2.701,-2.545,0.09265,-2.24,2.785,-2.36,-1.207,-0.3577,5.01,0.1428,-0.5645,-1.0,-1.0,1.583,1.119,-0.4177,0.0,0.2524,3.135,-0.2754,-0.1587,-2.086,0.0537,1.039,-2.514,0.2844,-2.168,0.2822,2.547,-1.56,0.1062,0.11224,0.0,0.0,0.11206,0.0,-0.1317,-0.708,0.0,0.0,0.0,0.0,-8.15,0.0,0.0,0.0,2.75,-2.016,0.0,2.0,-0.5,0.5,0.0,1.0,-3.82,-5.477
0.1076,0.1112,0.10455,1.963,-1.786,0.09265,-2.24,2.785,-1.834,-1.021,-0.4116,-0.2007,0.0,-0.574,-1.0,-1.0,1.368,0.8604,-0.2988,0.0,0.2551,3.135,-0.2173,-0.1775,-1.645,-0.010376,-0.3264,1.39,0.4268,-2.514,1.351,-2.176,1.735,0.0982,0.1135,0.0,0.0,0.10944,0.0,-0.0979,-0.661,0.0,0.0,0.0,0.0,7.266,1.0,0.0,0.0,2.479,-1.082,1.0,0.0,-0.5,0.5,0.0,0.0,0.0,5.766
0.1008,0.1049,0.0972,2.225,-2.016,0.09265,-2.24,2.785,-2.03,-1.133,-0.4802,0.2676,-0.1428,-0.584,-1.0,-1.0,1.512,0.996,-0.374,0.0,0.2576,1.035,-0.0705,-0.183,-1.824,-0.05502,-0.656,-0.859,0.582,1.39,-2.166,0.2822,0.0865,0.08124,0.1114,0.0,0.0,0.1072,0.0,-0.1199,-0.7847,0.0,0.0,0.0,0.0,-3.768,0.0,-0.5,-0.5,2.693,-1.345,0.0,1.0,-0.5,0.5,0.0,0.0,0.0,-3.89
0.0955,0.0999,0.0917,1.804,-1.576,0.09265,-2.24,2.785,-1.646,-1.061,-0.528,-0.0762,-0.2856,-0.594,-1.0,-1.0,1.413,0.9136,-0.3293,0.0,0.26,1.705,0.1202,-0.1488,-1.385,-0.0964,-0.8354,0.518,0.6978,-0.859,-2.514,1.351,-0.2267,0.071,0.10913,0.0,0.0,0.10364,0.0,-0.1074,-0.612,0.0,0.0,0.0,0.0,2.447,0.0,0.0,0.0,2.225,-0.989,1.0,0.0,-0.5,0.5,0.0,0.0,0.0,2.562
0.091,0.0955,0.0869,1.582,-1.343,0.09265,-2.24,2.785,-1.478,-1.033,-0.5537,0.02188,-0.2856,-0.604,-1.0,-1.0,1.37,0.889,-0.314,0.0,0.2627,1.523,0.2915,-0.07745,-1.202,-0.11664,-0.6377,0.1752,0.788,0.518,1.39,-2.166,-0.726,0.06042,0.10754,0.0,0.0,0.10095,0.0,-0.1032,-0.4424,0.0,0.0,0.0,0.0,0.4307,1.0,0.5,0.5,1.926,-0.857,2.0,0.0,-0.5,0.5,0.0,0.0,0.0,0.4473
0.0887,0.09326,0.08466,0.9185,-0.6777,0.09265,-2.24,2.785,-0.8115,-0.8726,-0.5894,-0.3933,-0.4285,-0.614,-1.0,-1.0,1.172,0.695,-0.2104,0.0,0.2651,1.896,0.436,0.01851,-0.5933,-0.1273,-2.76,1.1875,0.82,0.1752,-0.859,-2.514,2.547,0.04926,0.10565,0.0,0.0,0.09894,0.0,-0.07355,-0.524,0.0,0.0,0.0,0.0,1.222,2.0,0.5,0.5,1.349,-0.1487,3.0,0.0,-0.5,0.5,0.0,0.0,0.0,1.265
0.08264,0.0876,0.0782,2.082,-1.816,0.09265,-2.24,2.785,-1.844,-1.218,-0.653,1.77,-0.5713,-0.6235,-1.0,-1.0,1.618,1.109,-0.438,0.0,0.2676,1.516,0.5913,0.1256,-1.673,-0.1558,-1.606,-2.514,0.95,1.1875,0.518,1.389,-2.176,0.0376,0.1023,0.0,0.0,0.0942,0.0,-0.1392,-0.753,0.0,0.0,0.0,0.0,-6.39,1.0,0.5,0.0,2.584,-1.119,0.0,1.0,-0.5,0.5,0.0,0.0,0.0,-5.477
0.0804,0.0852,0.07605,0.9224,-0.661,0.09265,-2.24,2.785,-0.7188,-0.931,-0.6914,-0.571,-0.7144,-0.634,-1.0,-1.0,1.253,0.755,-0.2532,0.0,0.2703,1.134,0.7314,0.2294,-0.577,-0.175,-2.146,2.17,0.9365,-2.514,0.175,-0.859,0.2822,0.04193,0.0988,0.0,0.0,0.0904,0.0,-0.0862,-0.4849,0.0,0.0,0.0,0.0,4.965,2.0,0.5,0.5,1.543,0.07495,1.0,0.0,-0.5,0.5,0.0,0.0,0.0,5.266
0.0805,0.0853,0.0762,0.259,0.001341,0.4216,-2.24,2.785,-0.01266,-0.7456,-0.707,-1.14,-0.5713,-0.6436,0.0,-1.0,1.033,0.533,-0.1332,0.0,0.2727,2.06,0.845,0.3198,0.1355,-0.1871,-3.285,1.357,0.8657,2.17,1.1875,0.518,1.351,0.04626,0.097,0.0,0.0,0.08734,0.0,-0.05194,-0.2805,0.0,0.0,0.0,0.0,3.283,2.0,0.5,1.0,0.818,0.6187,2.0,0.0,-0.5,0.5,0.0,0.0,0.0,3.36
0.07855,0.08234,0.07526,0.8027,-0.6035,0.4216,-2.24,2.781,-0.433,-0.918,-0.771,-4.355,-0.7144,-0.6436,-1.0,-1.0,1.217,0.76,-0.247,0.0,0.2751,1.425,0.9404,0.4102,-0.3308,-0.2158,-2.059,-1.26,0.857,1.357,-2.514,0.175,-2.166,0.04962,0.0958,0.0,0.0,0.08435,0.0,-0.08484,-0.7207,0.0,0.0,0.0,0.0,-2.8,1.0,0.5,0.5,1.313,0.004414,0.0,1.0,-0.5,0.5,0.0,0.0,0.0,-2.803
0.0781,0.08167,0.0751,0.3752,-0.1885,0.4216,-2.24,2.766,0.06113,-0.8047,-0.8,-1.562,-0.5713,-0.6436,0.0,-1.0,1.085,0.6206,-0.1738,0.0,0.2778,2.773,0.995,0.4993,0.1804,-0.2369,0.7603,0.8276,0.8594,-1.26,2.17,1.187,-2.514,0.0537,0.0944,0.0,0.0,0.08344,0.0,-0.064,-0.4207,0.0,0.0,0.0,0.0,2.1,1.0,1.0,1.0,0.9375,0.442,1.0,0.0,-0.5,0.5,0.0,0.0,0.0,2.146
0.078,0.081,0.07556,0.2607,-0.1082,0.4216,-2.24,2.533,0.2534,-0.7764,-0.8286,1.339,-0.5713,-0.6533,0.0,-1.0,1.031,0.6084,-0.1565,0.0,0.2803,0.0992,0.9854,0.5815,0.3433,-0.2496,0.092,0.1927,0.8203,0.8276,1.357,-2.514,1.389,0.05783,0.09357,0.0,0.0,0.0812,0.0,-0.05927,-0.433,0.0,0.0,0.0,0.0,0.5146,2.0,1.0,1.0,0.78,0.4666,2.0,0.0,-0.5,0.5,0.0,0.0,0.0,0.519
0.07623,0.07806,0.0749,0.709,-0.6274,0.4216,-2.24,2.635,-0.09534,-0.922,-0.8857,-0.895,-0.5713,-0.6636,0.0,-1.0,1.208,0.778,-0.2532,0.0,0.2827,2.465,0.9087,0.669,-0.02802,-0.279,0.7246,-1.073,0.783,0.1927,-1.26,2.17,-0.8584,0.05673,0.0928,0.0,0.0,0.07794,0.0,-0.0872,-0.714,0.0,0.0,0.0,0.0,-2.775,1.0,1.0,0.5,1.179,-0.0715,0.0,1.0,-0.5,0.5,0.0,0.0,0.0,-2.79
0.0738,0.07495,0.0731,0.876,-0.8354,0.4216,-2.24,2.467,-0.229,-0.9897,-0.9224,-7.27,-0.5713,-0.6636,-1.0,-1.0,1.273,0.8804,-0.2988,0.0,0.2854,0.6562,0.7495,0.7515,-0.1294,-0.3071,0.494,-0.518,0.7544,-1.073,0.8276,1.357,0.518,0.0604,0.0906,0.0,0.0,0.0745,0.0,-0.1005,-0.5503,0.0,0.0,0.0,0.0,-1.06,0.0,0.5,0.5,1.135,-0.4968,0.0,2.0,-0.5,0.5,0.0,0.0,0.0,-1.085
0.0707,0.07153,0.0704,1.06,-1.041,0.4216,-2.24,1.982,-0.534,-1.063,-0.91,3.082,-0.5713,-0.6636,-1.0,-1.0,1.319,1.021,-0.3486,0.0,0.2878,0.566,0.5947,0.807,-0.4045,-0.3071,0.4075,-0.569,0.755,-0.518,0.1927,-1.26,0.175,0.05786,0.0886,0.0,0.0,0.0712,0.0,-0.115,-0.01678,0.0,0.0,0.0,0.0,-1.391,0.0,0.0,0.5,1.279,-0.73,0.0,3.0,-0.5,0.5,0.0,0.0,0.0,-1.436
0.0674,0.06824,0.0671,1.125,-1.108,0.4216,-2.24,1.759,-0.662,-1.105,-0.918,0.4783,-0.5713,-0.6636,-1.0,-1.0,1.35,1.098,-0.377,0.0,0.2903,0.8467,0.4739,0.822,-0.5986,-0.3003,-0.35,-0.3281,0.5566,-0.569,-1.073,0.827,1.187,0.05145,0.0862,0.0,0.0,0.0652,0.0,-0.12335,-0.2844,0.0,0.0,0.0,0.0,-0.8125,-1.0,-0.5,0.0,1.316,-0.823,0.0,4.0,-0.5,0.5,0.0,1.0,-2.516,-0.8467
0.06604,0.0668,0.0658,0.5615,-0.5435,0.4216,-2.24,1.684,-0.192,-0.9653,-0.9053,-0.8,-0.5713,-0.6636,-1.0,-1.0,1.175,0.9243,-0.2866,0.0,0.293,0.8853,0.365,0.7974,-0.1312,-0.2942,1.143,1.049,0.4685,-0.3281,-0.5176,0.1926,-2.514,0.0504,0.084,0.0,0.0,0.06195,0.0,-0.0976,0.02464,0.0,0.0,0.0,0.0,2.242,-1.0,0.0,0.5,0.8105,-0.2393,1.0,0.0,-0.5,0.5,0.0,0.0,0.0,2.35
0.0675,0.06836,0.0672,-0.2393,0.2703,0.4216,-2.24,1.552,0.589,-0.728,-0.88,-10.99,-0.4285,-0.6636,0.0,-1.0,0.889,0.6445,-0.1322,0.0,0.2954,1.242,0.2666,0.725,0.6304,-0.2776,-0.05893,1.761,0.3499,1.049,-0.569,-1.073,2.17,0.0515,0.0822,0.0,0.0,0.0599,0.0,-0.05344,0.1979,0.0,0.0,0.0,0.0,5.16,0.0,0.0,0.5,0.1256,0.638,2.0,0.0,-0.5,0.5,0.0,0.0,0.0,5.312
0.0669,0.0677,0.06665,0.3489,-0.327,0.4216,-2.24,1.546,-0.0607,-0.899,-0.8696,-0.869,-0.2856,-0.6636,0.0,-1.0,1.084,0.854,-0.2439,0.0,0.298,0.3564,0.1577,0.5967,-0.04764,-0.266,-0.822,-1.237,0.01151,1.761,-0.3281,-0.5176,1.357,0.04922,0.07947,0.0,0.0,0.05566,0.0,-0.08575,-0.02634,0.0,0.0,0.0,0.0,-2.912,0.0,-0.5,0.0,0.694,0.0652,0.0,1.0,-0.5,0.5,0.0,0.0,0.0,-2.914
0.06616,0.06696,0.066,0.3667,-0.347,0.4216,-2.24,1.499,-0.08405,-0.9097,-0.875,-0.328,-0.1428,-0.6636,0.0,-1.0,1.093,0.872,-0.251,0.0,0.3005,1.35,0.02675,0.41,-0.0976,-0.264,-0.09485,-0.0804,-0.1448,-1.237,1.049,-0.5684,-1.26,0.04926,0.07745,0.0,0.0,0.05325,0.0,-0.088,-0.2067,0.0,0.0,0.0,0.0,-0.2263,0.0,-0.5,-0.5,0.582,-0.0948,0.0,2.0,-0.5,0.5,0.0,0.0,0.0,-0.2312
0.06604,0.06647,0.06616,0.1959,-0.1936,0.4216,-0.09045,1.327,-0.011734,-0.867,-0.848,2.697,0.0,-0.6636,0.0,-1.0,1.027,0.8354,-0.2225,0.0,0.303,0.2722,-0.08264,0.2358,-0.0282,-0.2478,-0.615,0.322,-0.1891,-0.0804,1.76,-0.3281,0.827,0.05127,0.0765,0.0,0.0,0.05508,0.0,-0.0802,0.294,0.0,0.0,0.0,0.0,1.264,1.0,-0.5,0.0,0.3364,-0.0359,1.0,0.0,-0.5,0.5,0.0,0.0,0.0,1.293
0.0667,0.06714,0.06683,-0.02849,0.03302,0.4216,-0.09045,1.215,0.2059,-0.8,-0.841,2.453,0.1428,-0.6636,0.0,-1.0,0.9404,0.7637,-0.1779,0.0,0.3057,0.6396,-0.1754,0.10187,0.1844,-0.2418,-0.772,0.5034,-0.1741,0.322,-1.237,1.049,0.1926,0.05576,0.0749,0.0,0.0,0.0562,0.0,-0.06757,0.03467,0.0,0.0,0.0,0.0,1.232,1.0,-0.5,0.0,0.0795,0.138,2.0,0.0,-0.5,0.5,0.0,0.0,0.0,1.254
0.0669,0.0672,0.06714,0.11035,-0.1158,0.4216,-0.09045,1.037,0.09326,-0.8403,-0.851,-0.2421,0.1428,-0.6636,0.0,-1.0,0.9707,0.8296,-0.2032,0.0,0.308,-0.0561,-0.264,-0.007454,0.04395,-0.2416,-0.10425,-0.2837,-0.2007,0.5034,-0.0804,1.76,-1.073,0.06033,0.07306,0.0,0.0,0.0578,0.0,-0.075,-0.3152,0.0,0.0,0.0,0.0,-0.614,0.0,-0.5,-0.5,0.1628,-0.06042,0.0,1.0,-0.5,0.5,0.0,0.0,0.0,-0.6196
0.0674,0.0676,0.0676,0.0184,-0.02493,0.4216,-0.09045,0.8564,0.175,-0.8115,-0.844,0.5737,0.2856,-0.6636,0.0,-1.0,0.9214,0.812,-0.184,0.0,0.3105,-0.5195,-0.302,-0.08954,0.1512,-0.2418,0.2544,0.2166,-0.2063,-0.2837,0.322,-1.237,-0.5176,0.06305,0.0714,0.0,0.0,0.05914,0.0,-0.0695,0.04114,0.0,0.0,0.0,0.0,0.1345,1.0,0.0,0.0,0.0453,-0.004623,1.0,0.0,-0.5,0.5,0.0,0.0,0.0,0.1364
0.06757,0.0677,0.06793,0.09827,-0.1122,0.4216,-0.09045,0.5884,0.106,-0.8335,-0.847,-0.11804,0.2856,-0.6636,0.0,-1.0,0.9224,0.8643,-0.1982,0.0,0.3132,-0.3025,-0.307,-0.1661,0.06866,-0.241,0.688,-0.159,-0.2144,0.2166,0.5034,-0.0804,-0.5684,0.06128,0.0702,0.0,0.0,0.0602,0.0,-0.07367,-0.2122,0.0,0.0,0.0,0.0,-0.09515,1.0,0.0,-0.5,0.12177,-0.0893,0.0,1.0,-0.5,0.5,0.0,0.0,0.0,-0.0961
0.06714,0.06726,0.0675,0.2744,-0.2917,0.4216,-0.09045,0.689,-0.05515,-0.887,-0.858,-0.6562,0.2856,-0.6636,0.0,-1.0,0.993,0.921,-0.2328,0.0,0.3157,1.0625,-0.3064,-0.249,-0.0775,-0.249,0.9956,-0.3872,-0.2164,-0.159,-0.2837,0.322,-0.328,0.06158,0.0671,0.0,0.0,0.06,0.0,-0.0837,-0.3655,0.0,0.0,0.0,0.0,-0.5386,0.0,0.0,-1.0,0.2522,-0.305,0.0,2.0,-0.5,0.5,0.0,0.0,0.0,-0.5454
0.06854,0.06866,0.0689,-0.231,0.2201,0.4216,-0.05518,0.4458,0.4539,-0.733,-0.843,9.45,0.2856,-0.6636,0.0,-1.0,0.796,0.7563,-0.1322,0.0,0.318,-0.2256,-0.3015,-0.3127,0.4675,-0.2479,0.4578,1.135,-0.3042,-0.3872,0.2166,0.5034,1.048,0.0647,0.06586,0.0,0.0,0.06287,0.0,-0.05493,0.2224,0.0,0.0,0.0,0.0,1.78,0.0,0.0,-0.5,-0.1931,0.2332,1.0,0.0,-0.5,0.5,0.0,0.0,0.0,1.815
0.0701,0.0703,0.0705,-0.2966,0.2876,0.4216,-0.05518,0.3462,0.496,-0.6997,-0.8184,0.2244,0.4285,-0.6636,0.0,-1.0,0.75,0.7266,-0.11084,0.0,0.3208,-0.4263,-0.326,-0.3625,0.527,-0.2373,-0.5254,0.2362,-0.2715,1.135,-0.1589,-0.2834,1.76,0.0676,0.06464,0.0,0.0,0.06415,0.0,-0.04895,0.4407,0.0,0.0,0.0,0.0,0.4175,1.0,0.0,0.0,-0.2727,0.2805,2.0,0.0,-0.5,0.5,0.0,0.0,0.0,0.4177
0.07196,0.0721,0.0723,-0.3467,0.3374,0.04684,-0.05518,0.366,0.4993,-0.67,-0.784,0.1486,0.5713,-0.6636,0.0,-1.0,0.7183,0.6885,-0.09155,0.0,0.3232,0.787,-0.35,-0.397,0.549,-0.2219,0.2803,0.2129,-0.2474,0.2362,-0.3872,0.2166,-1.237,0.0699,0.06274,0.0,0.0,0.0646,0.0,-0.04358,0.6875,0.0,0.0,0.0,0.0,0.4219,1.0,0.5,0.5,-0.3254,0.3232,3.0,0.0,-0.5,0.5,0.0,0.0,0.0,0.4204
0.07196,0.07184,0.0726,0.148,-0.176,0.04684,-0.05518,0.3804,-0.0908,-0.811,-0.757,-0.9106,0.7144,-0.6733,0.0,-1.0,0.878,0.857,-0.185,0.0,0.3257,0.7188,-0.3442,-0.3818,-0.0761,-0.2003,0.4385,-1.027,-0.2479,0.2129,1.135,-0.1589,-0.0804,0.0704,0.06152,0.0,0.0,0.0651,0.0,-0.0706,0.4265,0.0,0.0,0.0,0.0,-2.031,1.0,0.5,0.5,0.1488,-0.174,0.0,1.0,-0.5,0.5,0.0,0.0,0.0,-2.018
0.06885,0.069,0.0693,1.046,-1.072,0.04684,-0.3083,0.6963,-1.022,-1.076,-0.762,-17.1,0.7144,-0.683,-1.0,-1.0,1.219,1.161,-0.3596,0.0,0.3284,3.135,-0.3704,-0.3643,-0.983,-0.2085,0.284,-1.954,-0.2007,-1.027,0.2362,-0.387,0.322,0.0658,0.0619,0.0,0.0,0.0634,0.0,-0.12115,-0.331,0.0,0.0,0.0,0.0,-8.15,1.0,0.0,0.0,1.003,-1.048,0.0,2.0,-0.5,0.5,0.0,0.0,0.0,-5.477
0.06555,0.0658,0.0658,1.115,-1.134,0.04684,-0.4775,0.6167,-1.081,-1.117,-0.7915,0.2145,0.5713,-0.683,-1.0,-1.0,1.262,1.223,-0.3882,0.0,0.3308,0.359,-0.4048,-0.359,-1.023,-0.2307,-0.1294,-0.3289,-0.1515,-1.954,0.2129,1.135,0.503,0.0608,0.06134,0.0,0.0,0.06125,0.0,-0.1295,-0.9326,0.0,0.0,0.0,0.0,-1.082,0.0,-0.5,-0.5,1.016,-1.166,0.0,3.0,-0.5,-0.5,0.0,0.0,0.0,-1.131
0.06354,0.06384,0.0637,0.7275,-0.7373,0.04684,-0.4775,0.571,-0.734,-1.027,-0.8003,-0.2512,0.4285,-0.683,-1.0,-1.0,1.149,1.11,-0.3313,0.0,0.3333,0.3237,-0.4287,-0.3625,-0.6636,-0.2402,-0.09845,0.661,-0.1313,-0.3289,-1.027,0.2362,-0.2834,0.0582,0.0616,0.0,0.0,0.06052,0.0,-0.1134,-0.4312,0.0,0.0,0.0,0.0,1.72,0.0,0.0,0.0,0.679,-0.744,1.0,0.0,-0.5,-0.5,0.0,0.0,0.0,1.806
0.06168,0.06204,0.06183,0.69,-0.6973,0.04684,-0.4775,0.4897,-0.7188,-1.03,-0.8086,0.1158,0.2856,-0.683,-1.0,-1.0,1.1455,1.122,-0.3342,0.0,0.336,0.466,-0.4517,-0.3904,-0.654,-0.2452,-0.3257,-0.03503,-0.1191,0.661,-1.954,0.2128,0.2164,0.0529,0.06158,0.0,0.0,0.06018,0.0,-0.11444,-0.4192,0.0,0.0,0.0,0.0,-0.0709,-1.0,-0.5,0.0,0.628,-0.721,0.0,1.0,-0.5,-0.5,0.0,0.0,0.0,-0.07367
0.05798,0.0586,0.05792,1.243,-1.242,0.04684,-0.4775,0.6255,-1.257,-1.201,-0.835,1.121,0.1428,-0.683,-1.0,-1.0,1.368,1.334,-0.447,0.0,0.3384,1.489,-0.411,-0.4182,-1.123,-0.274,-0.3313,-1.297,-0.05426,-0.03503,-0.3289,-1.026,-0.1589,0.04404,0.06073,0.0,0.0,0.05927,0.0,-0.1471,-0.8115,0.0,0.0,0.0,0.0,-4.65,-1.0,-0.5,-0.5,1.186,-1.218,0.0,2.0,-0.5,-0.5,0.0,0.0,0.0,-4.832
0.05466,0.0554,0.05447,1.144,-1.134,0.04684,-0.4775,0.607,-1.154,-1.198,-0.8647,0.0442,0.0,-0.693,-1.0,-1.0,1.362,1.331,-0.447,0.0,0.3408,0.5405,-0.3308,-0.423,-1.01,-0.296,-0.2632,0.0,-0.00858,-1.297,0.661,-1.953,-0.387,0.0347,0.05927,0.0,0.0,0.05862,0.0,-0.1473,-0.9966,0.0,0.0,0.0,0.0,0.0,-1.0,-0.5,-1.0,1.074,-1.132,0.0,0.0,-0.5,-0.5,0.0,0.0,0.0,0.0
0.0506,0.05154,0.0502,1.383,-1.363,0.04684,-0.4775,0.6597,-1.372,-1.286,-0.899,0.373,-0.1428,-0.703,-1.0,-1.0,1.479,1.446,-0.507,0.0,0.3435,0.0924,-0.2186,-0.39,-1.207,-0.3218,-1.126,-0.705,0.10443,0.0,-0.03503,-0.3286,1.135,0.02623,0.05884,0.0,0.0,0.05658,0.0,-0.1647,-1.062,0.0,1.0,0.0,0.0,-1.664,-1.0,-1.0,-1.0,1.32,-1.334,0.0,1.0,-0.5,-0.5,0.0,0.0,0.0,-1.769
0.04648,0.04764,0.04584,1.415,-1.381,-0.592,-0.4775,0.796,-1.381,-1.321,-0.939,0.1506,-0.2856,-0.703,-1.0,-1.0,1.537,1.482,-0.532,0.0,0.346,0.9175,-0.0875,-0.317,-1.215,-0.3474,-1.543,-0.3022,0.186,-0.705,-1.297,0.661,0.2361,0.02168,0.0571,0.0,0.0,0.05286,0.0,-0.1722,-1.189,0.0,1.0,0.0,0.0,-0.8994,-2.0,-1.5,-1.5,1.353,-1.349,0.0,2.0,-0.5,-0.5,0.0,0.0,0.0,-0.967
0.04398,0.0452,0.04327,0.9126,-0.87,-0.592,-0.4775,0.8125,-0.879,-1.209,-0.9688,-0.292,-0.4285,-0.703,-1.0,-1.0,1.395,1.326,-0.4614,0.0,0.3484,0.1914,0.03366,-0.2365,-0.7295,-0.364,-1.978,0.8506,0.2308,-0.3022,0.0,-0.03503,0.2128,0.01976,0.05508,0.0,0.0,0.05084,0.0,-0.152,-0.875,0.0,0.0,0.0,0.0,3.162,-1.0,-1.5,-1.0,0.9014,-0.8223,1.0,0.0,-0.5,-0.5,0.0,0.0,0.0,3.416
0.04044,0.0418,0.0396,1.244,-1.196,-0.592,-0.4775,0.909,-1.174,-1.317,-1.002,0.567,-0.5713,-0.713,-1.0,-1.0,1.542,1.466,-0.5347,0.0,0.351,1.834,0.1462,-0.1571,-1.063,-0.3782,-1.578,-0.863,0.3083,0.8506,-0.7046,-1.297,-1.026,0.01442,0.05328,0.0,0.0,0.0482,0.0,-0.1732,-0.9443,0.0,0.0,0.0,0.0,-2.45,-1.0,-1.5,-1.0,1.194,-1.163,0.0,1.0,-0.5,-0.5,0.0,0.0,0.0,-2.61
0.04285,0.0443,0.0419,-0.4873,0.5576,0.5596,-0.4775,1.037,0.655,-0.827,-1.011,-1.751,-0.5713,-0.7227,0.0,-1.0,0.9556,0.8135,-0.2175,0.0,0.3535,2.824,0.2273,-0.0953,0.722,-0.3796,-0.589,2.549,0.3096,-0.863,-0.3022,0.0,-1.953,0.01749,0.053,0.0,0.0,0.04825,0.0,-0.0825,-0.319,0.0,0.0,0.0,0.0,7.266,0.0,-1.0,-1.0,-0.2686,0.7476,1.0,0.0,-0.5,-0.5,0.0,0.0,0.0,5.766
0.0463,0.0478,0.0453,-0.758,0.8325,0.9707,-0.4775,1.153,1.067,-0.7183,-1.015,0.7305,-0.5713,-0.7227,0.0,-1.0,0.843,0.671,-0.1475,0.0,0.356,1.326,0.269,-0.05295,1.089,-0.3748,-0.2869,0.7886,0.3213,2.549,0.8506,-0.7046,-0.3286,0.02538,0.05307,0.0,0.0,0.04852,0.0,-0.0627,-0.2118,0.0,0.0,0.0,0.0,2.953,1.0,-0.5,-1.0,-0.499,1.045,2.0,0.0,-0.5,-0.5,0.0,0.0,0.0,3.002
0.049,0.05035,0.04822,-0.576,0.638,0.9707,-0.4775,1.11,0.984,-0.7485,-1.023,0.06586,-0.5713,-0.7227,0.0,-1.0,0.873,0.7114,-0.1677,0.0,0.3586,0.209,0.2722,-0.02083,0.9746,-0.3748,-0.519,-0.2256,0.3325,0.7886,-0.8623,-0.302,0.661,0.0327,0.0536,0.0,0.0,0.04886,0.0,-0.0687,-0.2922,0.0,0.0,0.0,0.0,-0.602,1.0,-1.0,-1.5,-0.3655,0.812,0.0,1.0,-0.5,-0.5,0.0,0.0,0.0,-0.604
0.05374,0.0554,0.0526,-1.085,1.171,0.9707,-0.4775,1.125,1.637,-0.5547,-1.006,0.795,-0.5713,-0.7227,0.0,-1.0,0.661,0.482,-0.04175,0.0,0.361,1.749,0.2015,-0.006218,1.601,-0.3608,-0.3816,1.404,0.4011,-0.2256,2.547,0.85,-0.03503,0.04495,0.0552,0.0,0.0,0.05017,0.0,-0.03284,0.1451,0.0,0.0,0.0,0.0,4.953,1.0,-0.5,-1.0,-0.8877,1.291,1.0,0.0,-0.5,-0.5,0.0,0.0,0.0,4.99
0.0586,0.06042,0.0573,-1.116,1.212,0.9707,-0.4775,0.8726,1.682,-0.5024,-0.9614,0.1707,-0.4285,-0.7227,0.0,-1.0,0.583,0.4468,-0.00721,0.0,0.3635,0.6196,0.0987,-0.00762,1.673,-0.3398,0.623,0.3762,0.4888,1.404,0.7886,-0.8623,-1.297,0.05875,0.0573,0.0,0.0,0.05197,0.0,-0.0232,0.656,0.0,0.0,0.0,0.0,1.287,2.0,0.0,-0.5,-0.9214,1.327,2.0,0.0,-0.5,-0.5,0.0,0.0,0.0,1.267
0.064,0.0662,0.0624,-1.243,1.359,0.9707,-0.4775,0.854,1.819,-0.415,-0.907,0.2272,-0.2856,-0.713,0.0,0.0,0.4895,0.3503,0.0507,0.0,0.3662,0.3496,0.01424,-0.01666,1.777,-0.302,0.9346,0.627,0.609,0.3762,-0.2256,2.547,0.0,0.0722,0.05997,0.0,0.0,0.0546,0.0,-0.006958,0.822,1.0,0.0,0.0,0.0,2.797,2.0,0.5,0.0,-1.053,1.459,3.0,0.0,-0.5,-0.5,0.0,0.0,0.0,2.736
0.06976,0.07227,0.0678,-1.3,1.435,0.9707,-0.4775,0.8335,1.893,-0.3474,-0.8555,0.1844,-0.1428,-0.703,0.0,0.0,0.418,0.2776,0.09644,0.0,0.3687,0.3062,-0.02988,-0.0231,1.827,-0.2668,1.711,0.4897,0.727,0.627,1.404,0.7886,-0.7046,0.0888,0.06235,0.0,0.0,0.05673,0.0,0.005775,0.8076,1.0,0.0,0.0,0.0,2.203,2.0,1.0,0.0,-1.095,1.547,4.0,0.0,-0.5,-0.5,0.0,0.0,0.0,2.133
0.075,0.0777,0.0728,-1.162,1.31,0.9707,-0.4775,0.819,1.727,-0.346,-0.803,0.0521,0.0,-0.693,0.0,0.0,0.415,0.2776,0.0995,0.0,0.371,0.1744,-0.01257,-0.02269,1.672,-0.2366,2.316,0.03238,0.8286,0.4897,0.3762,-0.2256,-0.302,0.0971,0.0638,0.0,0.0,0.0587,0.0,0.006287,0.8213,1.0,0.0,0.0,0.0,0.1301,3.0,1.5,0.5,-1.034,1.348,5.0,0.0,0.0,-0.5,0.0,0.0,0.0,0.12494
0.07996,0.08295,0.0775,-1.082,1.242,0.9707,-0.4775,0.9297,1.565,-0.3293,-0.7354,0.04712,0.1428,-0.683,0.0,0.0,0.408,0.2487,0.1127,0.0,0.3738,2.516,0.1111,-0.01004,1.5625,-0.2042,2.262,0.1403,0.924,0.03238,0.6265,1.403,0.85,0.10394,0.066,0.0,0.0,0.06058,0.0,0.0098,1.233,1.0,0.0,0.0,0.0,0.441,3.0,1.5,1.0,-0.9604,1.28,5.734,0.0,0.5,-0.5,0.0,0.0,0.0,0.423
0.08704,0.09033,0.0842,-1.574,1.755,0.9736,-0.4775,0.9575,1.907,-0.11383,-0.6504,0.4631,0.2856,-0.6733,0.0,0.0,0.1963,0.01689,0.2559,0.0,0.3762,1.43,0.3374,0.03857,1.872,-0.1501,3.186,1.518,1.12,0.1403,0.4895,0.376,-0.8623,0.1151,0.06915,0.0,0.0,0.0647,0.0,0.05048,1.352,1.0,0.0,0.0,0.0,7.266,3.0,1.5,1.5,-1.384,1.82,5.734,0.0,1.0,-0.5,0.0,0.0,0.0,5.766
0.09143,0.09467,0.08875,-0.9287,1.1,0.9736,-0.4775,1.077,1.198,-0.2854,-0.571,-0.2903,0.4285,-0.6636,0.0,0.0,0.3767,0.187,0.1472,0.0,0.379,0.78,0.5845,0.1354,1.222,-0.10876,1.502,-1.123,1.197,1.518,0.03238,0.6265,2.547,0.12006,0.0715,0.0,0.0,0.0694,0.0,0.0189,1.1875,1.0,0.0,0.0,0.0,-4.23,2.0,1.5,1.5,-0.7344,1.228,0.0,1.0,1.0,-0.5,0.0,0.0,0.0,-3.95
0.09656,0.0995,0.0942,-1.1045,1.26,0.9736,0.5386,1.063,1.239,-0.1934,-0.481,0.1768,0.5713,-0.6533,0.0,0.0,0.2837,0.09,0.2102,0.0,0.3813,0.841,0.8267,0.2783,1.322,-0.0655,1.264,0.663,1.276,-1.123,0.1403,0.4895,0.788,0.1257,0.07385,0.0,0.0,0.07495,0.0,0.03674,1.317,1.0,0.0,0.0,0.0,1.836,2.0,1.5,2.0,-0.901,1.385,1.0,0.0,1.0,-0.5,0.0,0.0,0.0,1.746
0.10236,0.1049,0.1003,-1.262,1.397,0.9736,0.5386,0.9976,1.282,-0.10187,-0.3923,0.1777,0.7144,-0.6436,0.0,0.0,0.1882,0.000668,0.2732,0.0,0.3838,-0.2115,1.071,0.46,1.364,-0.01173,1.66,0.656,1.378,0.663,1.518,0.03238,-0.2255,0.1316,0.07684,0.0,0.0,0.08057,0.0,0.0545,1.312,1.0,0.0,0.0,0.0,2.268,2.0,1.5,2.0,-1.049,1.5205,2.0,0.0,1.0,-0.5,0.0,0.0,0.0,2.135
0.1077,0.1094,0.1066,-1.189,1.274,0.9736,0.5386,0.877,1.015,-0.0918,-0.2932,-0.0669,0.857,-0.634,0.0,0.0,0.1677,0.001787,0.2834,0.0,0.3865,0.0814,1.286,0.659,1.168,0.03513,1.081,0.1046,1.455,0.656,-1.123,0.1401,1.403,0.1366,0.0797,0.0,0.0,0.0863,0.0,0.05707,1.478,1.0,0.0,0.0,0.0,0.394,2.0,1.5,2.0,-1.125,1.241,3.0,0.0,1.0,-0.5,0.0,0.0,0.0,0.3667
0.11,0.11115,0.1093,-0.4104,0.4634,0.9736,0.4397,0.7705,0.10474,-0.3232,-0.2517,-0.74,0.857,-0.6235,0.0,0.0,0.3875,0.2573,0.135,0.0,0.389,1.274,1.462,0.858,0.1958,0.07416,1.066,-1.525,1.397,0.1046,0.663,1.517,0.376,0.1375,0.0818,0.0,0.0,0.09174,0.0,0.0141,0.736,0.0,0.0,0.0,0.0,-5.883,1.0,1.5,2.0,-0.337,0.5015,0.0,1.0,1.0,-0.5,0.0,0.0,0.0,-5.47
0.1119,0.11273,0.1115,-0.321,0.3555,0.9736,0.3901,0.6616,-0.04498,-0.3403,-0.2203,-0.604,0.857,-0.614,0.0,0.0,0.3953,0.2864,0.1259,0.0,0.3914,-0.0786,1.575,1.034,0.02547,0.09845,0.758,-0.0965,1.311,-1.525,0.656,-1.123,0.6265,0.1378,0.08405,0.0,0.0,0.09705,0.0,0.011246,0.5884,0.0,0.0,0.0,0.0,-0.2455,1.0,1.0,1.5,-0.251,0.396,0.0,2.0,1.0,-0.5,0.0,0.0,0.0,-0.2341
0.1143,0.11487,0.1143,-0.4827,0.499,0.9736,0.3901,0.7036,0.0561,-0.2754,-0.1793,1.724,0.857,-0.604,0.0,0.0,0.3333,0.212,0.1696,0.0,0.394,0.814,1.609,1.177,0.1646,0.1155,0.4873,0.4617,1.162,-0.0965,0.1046,0.663,0.4895,0.1355,0.0859,0.0,0.0,0.10333,0.0,0.02359,0.734,0.0,0.0,0.0,0.0,1.0205,1.0,1.0,2.0,-0.441,0.4968,1.0,0.0,1.0,-0.5,0.0,0.0,0.0,0.9746
0.11444,0.11475,0.1146,0.1337,-0.1335,0.9736,0.3901,0.6855,-0.6025,-0.4626,-0.1697,-4.074,0.7144,-0.604,-1.0,-1.0,0.524,0.4197,0.04868,0.0,0.3965,0.8335,1.578,1.283,-0.526,0.1295,0.5176,-1.268,0.9185,0.4617,-1.524,0.656,0.03238,0.1329,0.0869,0.0,0.0,0.10876,0.0,-0.01135,0.09753,0.0,0.0,0.0,0.0,-3.037,0.0,0.5,1.5,0.1932,-0.06866,0.0,1.0,1.0,-0.5,0.0,0.0,0.0,-2.879
0.1127,0.11316,0.1128,0.6333,-0.633,0.9736,0.007004,0.764,-1.116,-0.62,-0.176,1.3,0.5713,-0.604,-1.0,-1.0,0.6997,0.593,-0.05396,0.0,0.399,0.6973,1.478,1.345,-1.062,0.1316,0.3882,-1.1,0.692,-1.268,-0.09644,0.1046,0.1401,0.126,0.0871,0.0,0.0,0.11255,0.0,-0.04105,-0.25,0.0,0.0,0.0,0.0,-2.777,-1.0,0.0,1.0,0.689,-0.533,0.0,2.0,1.0,-0.5,0.0,0.0,0.0,-2.69
0.1116,0.1121,0.11163,0.4568,-0.4497,0.9736,0.007004,0.6987,-0.9463,-0.579,-0.1869,-0.04285,0.4285,-0.604,-1.0,-1.0,0.649,0.551,-0.02652,0.0,0.4016,-0.2043,1.343,1.364,-0.937,0.135,-0.743,0.2993,0.2864,-1.1,0.4617,-1.524,1.517,0.11816,0.0881,0.0,0.0,0.11725,0.0,-0.03336,-0.3298,0.0,0.0,0.0,0.0,0.5957,0.0,0.0,1.0,0.51,-0.367,1.0,0.0,1.0,-0.5,0.0,0.0,0.0,0.588
0.1111,0.1117,0.111,0.3035,-0.2908,0.9736,0.007004,0.6807,-0.775,-0.5396,-0.2007,-0.08344,0.2856,-0.604,-1.0,-1.0,0.605,0.5073,-9.99e-05,0.0,0.404,0.2773,1.173,1.347,-0.8,0.1345,-0.174,0.2869,0.1693,0.2993,-1.268,-0.09644,-1.122,0.1107,0.09033,0.0,0.0,0.11926,0.0,-0.02594,-0.383,0.0,0.0,0.0,0.0,0.6475,1.0,0.5,1.0,0.3767,-0.198,2.0,0.0,1.0,-0.5,0.0,0.0,0.0,0.6357
0.10986,0.1106,0.1097,0.505,-0.4875,0.9736,0.007004,0.6953,-0.9497,-0.608,-0.2205,0.4338,0.1428,-0.604,-1.0,-1.0,0.68,0.5845,-0.0438,0.0,0.4065,0.1421,0.9536,1.292,-0.986,0.1267,-0.7236,-0.4722,0.1101,0.2869,-1.1,0.4614,0.6626,0.106,0.09247,0.0,0.0,0.12024,0.0,-0.03876,-0.486,0.0,0.0,0.0,0.0,-1.355,0.0,0.0,0.5,0.582,-0.375,0.0,1.0,1.0,-0.5,0.0,0.0,0.0,-1.324
0.1076,0.1084,0.10736,0.7905,-0.772,0.9736,0.007004,0.525,-1.203,-0.7075,-0.2507,0.4763,0.0,-0.604,-1.0,-1.0,0.7744,0.7183,-0.1078,0.0,0.4092,0.4019,0.691,1.195,-1.293,0.1224,-1.35,-0.6973,0.0644,-0.4722,0.2993,-1.268,0.656,0.09985,0.0939,0.0,0.0,0.1208,0.0,-0.0573,-0.646,0.0,0.0,0.0,0.0,-1.512,0.0,-0.5,0.0,0.8057,-0.704,0.0,2.0,1.0,-0.5,0.0,0.0,0.0,-1.488
0.108,0.10864,0.10785,0.0672,-0.04825,0.9736,0.007004,0.397,-0.4106,-0.5015,-0.2832,-0.656,-0.1428,-0.604,-1.0,-1.0,0.539,0.491,0.02835,0.0,0.4116,0.489,0.4326,1.062,-0.4878,0.1007,-1.69,1.501,0.04077,-0.6973,0.2869,-1.099,0.1046,0.0961,0.0961,0.0,0.0,0.12146,0.0,-0.01845,-0.666,0.0,0.0,0.0,0.0,4.188,1.0,-0.5,0.0,0.1409,0.02678,1.0,0.0,1.0,-0.5,0.0,0.0,0.0,4.168
0.10626,0.10706,0.1061,0.629,-0.6113,0.9736,0.007004,0.4421,-0.9204,-0.6772,-0.315,2.035,-0.2856,-0.604,-1.0,-1.0,0.7334,0.6904,-0.08545,0.0,0.414,0.8145,0.1709,0.8975,-0.969,0.0792,-0.822,-1.224,0.0778,1.501,-0.4722,0.2993,-1.524,0.0926,0.0984,0.0,0.0,0.1207,0.0,-0.0514,-0.6753,0.0,0.0,0.0,0.0,-3.652,0.0,-0.5,0.0,0.6997,-0.4958,0.0,1.0,1.0,-0.5,0.0,0.0,0.0,-3.549
0.0993,0.10077,0.0984,2.22,-2.174,0.9736,-1.147,0.866,-2.328,-1.148,-0.3909,2.06,-0.4285,-0.604,-1.0,-1.0,1.324,1.24,-0.3943,0.0,0.4167,3.135,-0.03372,0.722,-2.086,0.03357,-0.913,-2.514,0.4004,-1.224,-0.6973,0.2869,-0.09644,0.0837,0.0987,0.0,0.0,0.1166,0.0,-0.1405,-1.253,0.0,1.0,0.0,0.0,-8.15,-1.0,-0.5,-0.5,2.338,-1.885,0.0,2.0,1.0,-0.5,0.0,0.0,0.0,-5.477
0.08716,0.09,0.0848,2.701,-2.545,0.9736,-3.115,1.4375,-2.36,-1.648,-0.5127,0.8403,-0.5713,-0.604,-1.0,-1.0,2.037,1.895,-0.7236,0.0,0.4192,2.676,0.1709,0.575,-2.086,-0.0866,-1.59,-2.514,1.001,-2.514,1.5,-0.472,0.4614,0.06537,0.09735,0.0,0.0,0.10895,0.0,-0.2354,-1.646,0.0,1.0,0.0,0.0,-8.15,-1.0,-1.0,-1.0,2.75,-2.195,0.0,3.0,1.0,-0.5,0.0,1.0,-3.82,-5.477
0.0756,0.07935,0.0724,2.701,-2.545,0.9736,-3.158,1.601,-2.36,-1.69,-0.639,0.0864,-0.7144,-0.614,-1.0,-1.0,2.111,1.942,-0.754,0.0,0.4216,2.002,0.6753,0.5366,-2.086,-0.2014,-1.366,-0.379,1.432,-2.514,-1.224,-0.6973,-1.268,0.04553,0.09595,0.0,0.0,0.101,0.0,-0.2444,-1.687,0.0,1.0,0.0,0.0,-1.706,-1.0,-1.0,-1.5,2.75,-2.195,0.0,4.0,1.0,-0.5,0.0,0.0,0.0,-1.917
0.063,0.0675,0.05896,2.701,-2.545,0.9736,-3.158,1.68,-2.36,-1.874,-0.7617,0.2483,-0.857,-0.6235,-1.0,-1.0,2.389,2.225,-0.878,0.0,0.4243,1.672,1.221,0.644,-2.086,-0.2942,-1.208,-1.551,1.857,-0.379,-2.514,1.5,-1.099,0.0236,0.0934,0.0,0.0,0.0918,0.0,-0.2803,-1.675,0.0,1.0,0.0,0.0,-5.758,-2.0,-1.0,-1.5,2.75,-2.195,0.0,5.0,1.0,0.0,0.0,0.0,0.0,-5.477
0.054,0.05908,0.0494,2.701,-2.545,-0.4922,-3.158,1.784,-2.36,-1.657,-0.866,-0.168,-1.0,-0.634,-1.0,-1.0,2.08,1.874,-0.7397,0.0,0.4268,2.537,1.705,0.862,-2.086,-0.3586,-1.985,1.775,2.023,-1.551,-2.514,-1.223,0.2993,0.006996,0.0921,0.0,0.0,0.0826,0.0,-0.2407,-1.346,0.0,1.0,0.0,0.0,5.656,-1.0,-1.0,-1.0,2.75,-2.195,1.0,0.0,1.0,0.0,0.0,0.0,0.0,5.766
0.0438,0.0491,0.039,2.701,-2.545,-0.4922,-3.158,1.88,-2.36,-1.829,-0.9897,0.256,-1.143,-0.6436,-1.0,-1.0,2.34,2.133,-0.8555,0.0,0.4292,1.325,2.12,1.128,-2.086,-0.4136,-2.676,-1.445,2.248,1.775,-0.379,-2.514,0.2866,-0.01624,0.08813,0.0,0.0,0.07324,0.0,-0.2742,-1.508,0.0,1.0,0.0,0.0,-3.918,-1.0,-1.5,-1.5,2.75,-2.195,0.0,1.0,1.0,0.0,0.0,0.0,0.0,-4.418
0.03613,0.04138,0.03137,2.701,-2.428,-0.4922,-3.158,1.763,-2.299,-1.691,-1.088,-0.1487,-1.143,-0.6533,-1.0,-1.0,2.127,1.929,-0.769,0.0,0.432,0.6914,2.465,1.413,-1.937,-0.465,-2.973,1.1045,2.332,-1.445,-1.551,-2.514,-0.472,-0.0342,0.0843,0.0,0.0,0.06415,0.0,-0.2494,-1.254,0.0,1.0,0.0,0.0,3.035,0.0,-1.0,-1.0,2.75,-1.926,1.0,0.0,1.0,0.0,0.0,0.0,0.0,3.508
0.02875,0.03394,0.02405,2.639,-2.346,-0.4922,-3.158,1.721,-2.158,-1.724,-1.177,0.0721,-1.143,-0.6533,-1.0,-1.0,2.17,1.982,-0.7935,0.0,0.4343,0.6333,2.736,1.689,-1.845,-0.5093,-3.033,-0.3062,2.348,1.1045,1.774,-0.379,-0.697,-0.0447,0.0804,0.0,0.0,0.05423,0.0,-0.2566,-1.197,0.0,1.0,0.0,0.0,-0.841,0.0,-1.0,-1.0,2.75,-1.84,0.0,1.0,1.0,0.0,0.0,0.0,0.0,-0.9536
0.02266,0.02776,0.01807,2.213,-1.925,-0.4922,-3.158,1.733,-1.68,-1.667,-1.264,-0.114,-1.143,-0.6636,-1.0,-1.0,2.09,1.894,-0.7603,0.0,0.4368,0.4304,2.926,1.939,-1.44,-0.549,-4.48,0.423,2.285,-0.3062,-1.444,-1.551,1.5,-0.04565,0.0759,0.0,0.0,0.04453,0.0,-0.2472,-1.185,0.0,1.0,0.0,0.0,1.337,1.0,-1.0,-1.0,2.531,-1.417,1.0,0.0,1.0,0.0,0.0,0.0,0.0,1.524
0.012634,0.01808,0.00769,2.701,-2.545,-0.4922,-3.158,2.223,-2.36,-2.053,-1.386,0.9146,-1.143,-0.6636,-1.0,-1.0,2.715,2.469,-1.015,0.0,0.4395,3.135,3.062,2.174,-2.086,-0.6074,-4.234,-2.514,2.387,0.423,1.104,1.774,-1.223,-0.05252,0.0697,0.0,0.0,0.0338,0.0,-0.3206,-1.402,0.0,1.0,0.0,0.0,-8.15,0.0,-1.0,-1.5,2.75,-2.195,0.0,1.0,1.0,0.0,0.0,0.0,0.0,-5.477
0.007492,0.012924,0.002563,1.942,-1.627,0.1108,-3.158,2.35,-1.168,-1.706,-1.475,-0.5205,-1.143,-0.6733,-1.0,-1.0,2.201,1.8955,-0.7935,0.0,0.442,3.135,3.127,2.385,-1.032,-0.659,-2.707,2.549,2.322,-2.514,-0.3062,-1.444,-2.514,-0.05032,0.06445,0.0,0.0,0.02527,0.0,-0.257,-0.988,0.0,0.0,0.0,0.0,7.266,1.0,-0.5,-1.0,2.52,-0.8584,1.0,0.0,1.0,0.0,0.0,0.0,0.0,5.766
0.003199,0.00804,-0.001143,1.648,-1.371,0.2444,-3.158,2.324,-0.769,-1.67,-1.554,-0.2725,-1.143,-0.6733,-1.0,-1.0,2.148,1.843,-0.7734,0.0,0.4443,0.5728,3.08,2.553,-0.718,-0.6934,-0.6606,0.2563,2.178,2.549,0.4229,1.104,-2.514,-0.05118,0.05902,0.0,0.0,0.01651,0.0,-0.2515,-0.909,0.0,0.0,0.0,0.0,0.933,1.0,0.0,-0.5,2.186,-0.671,2.0,0.0,1.0,0.0,0.0,0.0,0.0,1.063
0.001113,0.00461,-0.001872,0.8965,-0.7056,0.9097,-3.158,2.238,0.1473,-1.508,-1.637,-1.395,-1.0,-0.683,0.0,-1.0,1.913,1.608,-0.672,0.0,0.447,0.4973,2.932,2.676,0.0896,-0.728,-0.4802,1.276,2.04,0.2563,-2.514,-0.306,-0.379,-0.04636,0.05426,0.0,0.0,0.00981,0.0,-0.2225,-0.9644,0.0,0.0,0.0,0.0,4.055,2.0,0.5,-0.5,1.497,0.006668,3.0,0.0,1.0,0.0,1.0,0.0,4.0,4.605
0.001548,0.00361,0.0,0.0791,0.0243,1.75,-3.158,2.113,1.151,-1.3,-1.688,4.34,-0.857,-0.693,0.0,-1.0,1.627,1.326,-0.5405,0.0,0.4495,0.872,2.652,2.756,1.042,-0.755,0.455,1.612,1.916,1.276,2.547,0.4229,-1.55,-0.04034,0.0502,0.0,0.0,0.00529,0.0,-0.185,-0.67,0.0,0.0,0.0,0.0,4.89,2.0,1.0,0.0,0.64,0.6304,4.0,0.0,1.0,0.0,0.0,0.0,0.0,5.438
0.001023,0.00237,0.0001945,0.345,-0.2896,1.75,-3.158,1.8125,0.924,-1.375,-1.708,-0.05423,-0.7144,-0.703,0.0,-1.0,1.698,1.46,-0.5923,0.0,0.452,0.582,2.268,2.787,0.897,-0.7827,-0.284,-0.6206,1.756,1.612,0.2563,-2.514,1.774,-0.03506,0.04492,0.0,0.0,2.944e-05,0.0,-0.2001,-0.4053,0.0,0.0,0.0,0.0,-1.545,2.0,0.5,0.0,0.7427,0.1594,0.0,1.0,1.0,0.0,0.0,0.0,0.0,-1.672
-0.0014305,-0.0001702,-0.002172,0.9424,-0.898,1.75,-3.158,1.696,0.2283,-1.543,-1.698,-0.5913,-0.5713,-0.713,0.0,-1.0,1.913,1.712,-0.704,0.0,0.4546,1.915,1.93,2.758,0.2695,-0.791,0.6396,-1.353,1.552,-0.6206,1.276,2.547,-1.444,-0.0336,0.03964,0.0,0.0,-0.006516,0.0,-0.2324,-0.1075,0.0,0.0,0.0,0.0,-3.586,1.0,0.5,0.0,1.372,-0.368,0.0,2.0,1.0,0.0,0.0,0.0,0.0,-3.922
-0.003633,-0.00243,-0.00432,0.863,-0.8213,1.75,-3.158,1.539,0.212,-1.535,-1.684,0.0909,-0.4285,-0.7227,0.0,-1.0,1.889,1.716,-0.703,0.0,0.457,0.2052,1.639,2.658,0.2279,-0.783,0.1359,0.01258,1.331,-1.353,1.612,0.2563,1.104,-0.02539,0.03397,0.0,0.0,-0.01265,0.0,-0.2322,-0.0569,0.0,0.0,0.0,0.0,0.03345,1.0,0.5,0.5,1.22,-0.3762,1.0,0.0,1.0,0.0,0.0,0.0,0.0,0.03745
-0.00343,-0.002222,-0.00412,0.1211,-0.07245,1.75,-3.158,1.369,0.838,-1.338,-1.639,2.242,-0.2856,-0.733,0.0,-1.0,1.609,1.45,-0.579,0.0,0.4597,0.2302,1.377,2.482,0.905,-0.771,0.355,1.535,1.115,0.01258,-0.6206,1.276,-0.306,-0.01976,0.02867,0.0,0.0,-0.01703,0.0,-0.1968,0.3364,0.0,0.0,0.0,0.0,3.072,1.0,1.0,1.0,0.5015,0.3403,2.0,0.0,1.0,0.0,0.0,0.0,0.0,3.438
-0.007385,-0.006107,-0.00815,1.436,-1.395,1.75,-3.158,1.606,-0.5596,-1.695,-1.641,-1.465,-0.2856,-0.7427,-1.0,-1.0,2.12,1.949,-0.813,0.0,0.4622,3.135,1.12,2.244,-0.5273,-0.768,0.2695,-2.514,0.6807,1.535,-1.353,1.611,0.4229,-0.0208,0.02185,0.0,0.0,-0.02484,0.0,-0.2642,-0.2462,0.0,0.0,0.0,0.0,-8.15,0.0,0.5,0.5,1.837,-0.856,0.0,1.0,1.0,0.0,0.0,0.0,0.0,-5.477
-0.01174,-0.01042,-0.01254,1.575,-1.532,1.75,-3.158,1.699,-0.826,-1.757,-1.633,0.8022,-0.2856,-0.7524,-1.0,-1.0,2.217,2.037,-0.8564,0.0,0.4646,1.989,0.8696,1.9375,-0.742,-0.777,2.037,-0.5537,0.2158,-2.514,0.01258,-0.6206,-2.514,-0.02567,0.0157,0.0,0.0,-0.032,0.0,-0.2769,-0.139,0.0,0.0,0.0,0.0,-2.975,0.0,0.5,0.5,1.945,-1.018,0.0,2.0,1.0,0.0,0.0,0.0,0.0,-3.404
-0.01492,-0.01354,-0.0158,1.194,-1.145,1.75,-3.158,1.738,-0.546,-1.686,-1.631,-0.2896,-0.2856,-0.7524,-1.0,-1.0,2.117,1.922,-0.814,0.0,0.4673,1.525,0.629,1.578,-0.4268,-0.786,0.5815,0.546,0.0185,-0.5537,1.534,-1.353,2.547,-0.03284,0.009865,0.0,0.0,-0.03592,0.0,-0.265,-0.2095,0.0,0.0,0.0,0.0,2.47,1.0,0.5,0.5,1.595,-0.627,1.0,0.0,1.0,0.0,0.0,0.0,0.0,2.855
-0.01753,-0.01614,-0.01842,1.011,-0.958,1.75,-3.158,1.733,-0.4502,-1.657,-1.626,-0.10034,-0.2856,-0.7524,-1.0,-1.0,2.076,1.879,-0.799,0.0,0.4697,0.7217,0.3816,1.264,-0.3267,-0.7876,0.4233,0.1931,0.01924,0.546,-2.514,0.01258,0.2563,-0.03827,0.003849,0.0,0.0,-0.03662,0.0,-0.2607,-0.1458,0.0,0.0,0.0,0.0,0.581,1.0,0.5,1.0,1.409,-0.4573,2.0,0.0,1.0,0.0,0.0,0.0,0.0,0.6655
-0.01758,-0.01611,-0.01851,0.2021,-0.1383,1.75,-3.158,1.697,0.3115,-1.449,-1.608,-2.35,-0.1428,-0.7524,0.0,-1.0,1.785,1.575,-0.6675,0.0,0.4722,1.033,0.10974,1.002,0.4377,-0.782,-0.3135,1.655,0.0342,0.1931,-0.553,1.534,1.275,-0.0373,-0.0005994,0.0,0.0,-0.03583,0.0,-0.2233,0.002483,0.0,0.0,0.0,0.0,6.42,1.0,0.5,1.0,0.5527,0.2483,3.0,0.0,1.0,0.0,0.0,0.0,0.0,5.766
-0.01794,-0.01704,-0.01833,0.2886,-0.2617,1.75,-0.5103,1.455,0.0492,-1.475,-1.56,-0.5312,0.0,-0.7524,0.0,-1.0,1.799,1.636,-0.687,0.0,0.4749,0.537,-0.12213,0.774,0.1951,-0.761,-1.237,-0.2373,0.01225,1.655,0.5454,-2.514,1.611,-0.03687,-0.00453,0.0,0.0,-0.03403,0.0,-0.229,0.4531,0.0,0.0,0.0,0.0,-0.69,1.0,0.0,1.0,0.522,0.00439,0.0,1.0,1.0,0.0,0.0,0.0,0.0,-0.766
-0.0201,-0.01929,-0.02039,0.843,-0.8276,1.75,-0.5103,1.302,-0.5713,-1.628,-1.553,-4.0,0.0,-0.7524,-1.0,-1.0,1.996,1.876,-0.7886,0.0,0.4773,0.5103,-0.2896,0.562,-0.4492,-0.756,-0.9746,-1.254,0.01525,-0.2373,0.1931,-0.553,-0.62,-0.0424,-0.00926,0.0,0.0,-0.0345,0.0,-0.2583,-0.1273,0.0,0.0,0.0,0.0,-4.28,1.0,0.0,0.5,1.107,-0.4846,0.0,2.0,1.0,0.0,0.0,1.0,-3.82,-4.773
-0.0244,-0.02332,-0.02496,1.574,-1.548,1.75,-0.5103,1.55,-1.325,-1.831,-1.564,1.955,0.0,-0.7524,-1.0,-1.0,2.312,2.168,-0.9224,0.0,0.4797,2.34,-0.4219,0.3635,-1.216,-0.7637,-0.3228,-1.69,0.04907,-1.254,1.655,0.5454,-1.353,-0.04526,-0.01499,0.0,0.0,-0.03513,0.0,-0.297,-0.4075,0.0,0.0,0.0,0.0,-8.15,0.0,0.0,0.0,1.821,-1.167,0.0,3.0,1.0,0.0,0.0,0.0,0.0,-5.477
-0.03058,-0.02899,-0.03165,2.25,-2.195,1.75,-1.265,1.785,-1.951,-2.025,-1.6045,0.7104,-0.1428,-0.7524,-1.0,-1.0,2.63,2.463,-1.051,0.0,0.4824,2.904,-0.4844,0.1838,-1.851,-0.789,-0.4844,-1.66,0.1893,-1.69,-0.2372,0.193,0.01258,-0.05035,-0.02124,0.0,0.0,-0.03772,0.0,-0.3342,-0.8086,0.0,0.0,0.0,0.0,-6.188,-1.0,-0.5,-0.5,2.451,-1.811,0.0,4.0,1.0,0.0,0.0,0.0,0.0,-5.477
-0.03754,-0.03564,-0.0389,2.56,-2.486,1.75,-1.794,1.877,-2.186,-2.139,-1.671,0.283,-0.2856,-0.7524,-1.0,-1.0,2.768,2.648,-1.128,0.0,0.4849,1.458,-0.4004,0.03088,-2.076,-0.8335,-1.607,-1.03,0.3657,-1.66,-1.254,1.655,1.534,-0.05862,-0.02757,0.0,0.0,-0.04083,0.0,-0.3564,-1.224,0.0,1.0,0.0,0.0,-4.555,-2.0,-1.0,-1.0,2.75,-2.078,0.0,5.0,1.0,0.0,0.0,0.0,0.0,-5.477
-0.04462,-0.04245,-0.04623,2.639,-2.545,1.75,-2.105,1.89,-2.225,-2.164,-1.735,0.1635,-0.4285,-0.7524,-1.0,-1.0,2.768,2.695,-1.173,0.0,0.4873,0.551,-0.2446,-0.0933,-2.086,-0.8696,-0.342,-0.607,0.5405,-1.03,-1.69,-0.2372,-2.514,-0.0684,-0.03503,0.0,0.0,-0.04468,0.0,-0.3694,-1.217,0.0,1.0,0.0,0.0,-2.014,-2.0,-1.0,-1.0,2.75,-2.191,0.0,5.617,1.0,0.5,0.0,0.0,0.0,-2.47
-0.04965,-0.04742,-0.0514,1.92,-1.813,1.75,-2.105,1.757,-1.583,-2.076,-1.776,-0.1908,-0.5713,-0.7524,-1.0,-1.0,2.709,2.55,-1.097,0.0,0.49,1.198,-0.07947,-0.1415,-1.514,-0.8984,-0.2876,1.045,0.5864,-0.607,-1.66,-1.253,-0.553,-0.0797,-0.04132,0.0,0.0,-0.04544,0.0,-0.3477,-0.889,0.0,0.0,0.0,0.0,4.11,-1.0,-0.5,-0.5,2.156,-1.419,1.0,0.0,1.0,0.5,0.0,0.0,0.0,5.09
-0.0536,-0.05124,-0.05542,1.532,-1.416,1.75,-2.105,1.829,-1.199,-2.012,-1.813,-0.1438,-0.7144,-0.7524,-1.0,-1.0,2.615,2.438,-1.06,0.0,0.4924,1.487,0.083,-0.12,-1.138,-0.924,-0.7593,0.493,0.6514,1.045,-1.03,-1.689,0.5454,-0.08954,-0.04544,0.0,0.0,-0.0479,0.0,-0.3374,-0.801,0.0,0.0,0.0,0.0,1.896,0.0,-0.5,-0.5,1.725,-1.098,2.0,0.0,1.0,0.5,0.0,0.0,0.0,2.31
-0.05652,-0.05447,-0.05804,1.179,-1.081,1.75,-2.105,1.797,-0.7783,-1.95,-1.862,-0.2827,-0.857,-0.7524,-1.0,-1.0,2.516,2.338,-1.024,0.0,0.4949,0.7573,0.2164,-0.0711,-0.816,-0.9404,-1.041,0.4753,0.689,0.493,-0.607,-1.66,0.193,-0.0957,-0.0473,0.0,0.0,-0.05023,0.0,-0.3271,-1.03,0.0,0.0,0.0,0.0,1.238,1.0,-0.5,-0.5,1.264,-0.9077,3.0,0.0,1.0,0.5,0.0,0.0,0.0,1.495
-0.05856,-0.05676,-0.05984,0.8765,-0.7935,1.75,-2.105,1.443,-0.4854,-1.893,-1.878,-0.3416,-0.857,-0.7524,-1.0,-1.0,2.396,2.277,-0.9907,0.0,0.4976,-0.08673,0.3347,0.001115,-0.485,-0.9604,-2.127,0.4446,0.682,0.4753,1.045,-1.029,1.654,-0.0975,-0.0488,0.0,0.0,-0.0532,0.0,-0.3179,-0.572,0.0,0.0,0.0,0.0,1.576,2.0,-0.5,0.0,0.9795,-0.624,4.0,0.0,1.0,0.5,0.0,0.0,0.0,1.89
-0.0641,-0.062,-0.0657,2.123,-2.03,-0.1361,-2.105,1.756,-1.666,-2.164,-1.912,3.64,-0.857,-0.7524,-1.0,-1.0,2.768,2.695,-1.199,0.0,0.5,2.959,0.4817,0.1073,-1.569,-0.9995,-2.219,-2.514,0.6875,0.4446,0.493,-0.6064,-0.2372,-0.1014,-0.05078,0.0,0.0,-0.05933,0.0,-0.378,-0.847,0.0,0.0,0.0,0.0,-8.15,2.0,-0.5,0.0,2.275,-1.71,0.0,1.0,1.0,0.5,0.0,0.0,0.0,-5.477
-0.0691,-0.067,-0.0706,1.921,-1.826,-0.1361,-2.105,1.606,-1.4795,-2.164,-1.952,0.01118,-0.857,-0.7524,-1.0,-1.0,2.768,2.695,-1.196,0.0,0.5024,0.1467,0.622,0.2211,-1.403,-1.024,-1.863,0.04205,0.683,-2.514,0.4753,1.045,-1.253,-0.1032,-0.05362,0.0,0.0,-0.06494,0.0,-0.3772,-0.9595,0.0,0.0,0.0,0.0,0.1533,2.0,0.0,0.0,2.078,-1.517,1.0,0.0,1.0,0.5,0.0,0.0,0.0,0.1912
-0.0714,-0.0694,-0.07294,0.99,-0.8926,-0.1361,-2.105,1.544,-0.5684,-2.004,-1.979,-0.5894,-0.857,-0.7524,-1.0,-1.0,2.574,2.45,-1.074,0.0,0.505,1.259,0.738,0.328,-0.509,-1.043,-1.202,1.681,0.6577,0.04205,0.4446,0.493,-1.689,-0.1006,-0.05496,0.0,0.0,-0.06836,0.0,-0.3423,-0.675,0.0,0.0,0.0,0.0,6.5,2.0,0.5,0.0,1.19,-0.609,2.0,0.0,1.0,0.5,0.0,0.0,0.0,5.766
-0.0731,-0.0716,-0.07416,0.7764,-0.7104,-0.1361,-2.105,1.3955,-0.2588,-1.965,-2.02,-0.606,-1.0,-0.7524,-1.0,-1.0,2.502,2.398,-1.054,0.0,0.508,-0.1407,0.83,0.4287,-0.2269,-1.067,-0.404,0.2725,0.612,1.681,-2.514,0.475,-1.659,-0.0995,-0.05673,0.0,0.0,-0.07166,0.0,-0.3364,-0.971,0.0,0.0,0.0,0.0,0.869,2.0,1.0,0.0,1.005,-0.412,3.0,0.0,1.0,0.5,0.0,0.0,0.0,1.054
-0.0742,-0.0732,-0.07477,0.5327,-0.501,-0.1361,-2.105,1.356,0.0851,-1.913,-2.053,-2.48,-1.0,-0.7524,0.0,-1.0,2.418,2.318,-1.025,0.0,0.5103,0.4858,0.8613,0.514,0.0776,-1.087,0.1401,0.38,0.4495,0.2725,0.04205,0.4446,-1.029,-0.0986,-0.05817,0.0,0.0,-0.0758,0.0,-0.3284,-0.862,0.0,0.0,0.0,0.0,0.9233,2.0,1.5,0.5,0.74,-0.2444,4.0,0.0,1.0,0.5,0.0,0.0,0.0,1.114
-0.07855,-0.0778,-0.0788,1.666,-1.666,-0.1361,-2.105,1.559,-0.966,-2.164,-2.098,-5.613,-1.0,-0.7524,-1.0,-1.0,2.768,2.695,-1.215,0.0,0.5127,1.952,0.8438,0.5903,-1.013,-1.109,0.529,-2.514,0.4817,0.38,1.681,-2.514,-0.6064,-0.1036,-0.061,0.0,0.0,-0.0795,0.0,-0.383,-0.98,0.0,0.0,0.0,0.0,-8.15,2.0,1.5,0.5,1.871,-1.323,0.0,1.0,1.0,0.5,0.0,0.0,0.0,-5.477
-0.08093,-0.0804,-0.081,0.9644,-0.972,-0.1361,-2.105,1.372,-0.2932,-2.059,-2.111,-0.724,-1.0,-0.762,-1.0,-1.0,2.645,2.557,-1.128,0.0,0.515,1.217,0.792,0.665,-0.2844,-1.135,-0.04025,1.21,0.478,-2.514,0.2725,0.04205,1.045,-0.1072,-0.0617,0.0,0.0,-0.08203,0.0,-0.3582,-0.56,0.0,0.0,0.0,0.0,3.197,2.0,1.5,1.0,1.184,-0.6694,1.0,0.0,1.0,0.5,0.0,0.0,0.0,4.0
-0.08356,-0.0831,-0.08356,1.056,-1.069,-0.1361,-2.105,1.167,-0.426,-2.092,-2.111,0.959,-1.0,-0.7725,-1.0,-1.0,2.682,2.637,-1.155,0.0,0.5176,0.4683,0.7095,0.7236,-0.4038,-1.145,-0.3213,-0.3723,0.4546,1.21,0.3796,1.681,0.4927,-0.106,-0.06396,0.0,0.0,-0.0852,0.0,-0.3662,-0.3748,0.0,0.0,0.0,0.0,-0.884,1.0,1.0,1.0,1.238,-0.798,0.0,1.0,1.0,0.5,0.0,0.0,0.0,-1.084
-0.0859,-0.0854,-0.0858,0.9253,-0.9385,-0.1361,-2.105,1.069,-0.3691,-2.072,-2.102,-0.05707,-1.0,-0.782,-1.0,-1.0,2.64,2.61,-1.148,0.0,0.52,0.4277,0.6284,0.757,-0.3525,-1.1455,-0.6406,0.09717,0.4048,-0.3723,-2.514,0.2725,0.475,-0.1048,-0.0663,0.0,0.0,-0.08844,0.0,-0.364,-0.1871,0.0,0.0,0.0,0.0,0.1909,1.0,1.0,1.5,1.09,-0.6973,1.0,0.0,1.0,0.5,0.0,0.0,0.0,0.2357
-0.08813,-0.0877,-0.0881,0.9453,-0.961,-0.1361,-2.105,0.9883,-0.4746,-2.088,-2.088,0.5977,-1.0,-0.792,-1.0,-1.0,2.658,2.645,-1.163,0.0,0.523,-0.4824,0.5405,0.76,-0.463,-1.144,-0.9653,-0.2079,0.2195,0.09717,1.21,0.3796,0.4446,-0.1071,-0.06934,0.0,0.0,-0.0931,0.0,-0.3687,-0.11444,0.0,0.0,0.0,0.0,-0.3662,0.0,0.5,1.5,1.068,-0.7637,0.0,1.0,1.0,0.5,0.0,0.0,0.0,-0.4512
-0.09094,-0.0905,-0.0909,1.119,-1.136,-0.1361,-2.105,0.8833,-0.688,-2.14,-2.09,0.7935,-1.0,-0.802,-1.0,-1.0,2.736,2.695,-1.203,0.0,0.5254,0.05496,0.4495,0.723,-0.685,-1.149,0.386,-0.5425,-0.00894,-0.2079,-0.3723,-2.514,-2.514,-0.1111,-0.0734,0.0,0.0,-0.09784,0.0,-0.3801,-0.418,0.0,0.0,0.0,0.0,-1.111,0.0,0.5,1.0,1.236,-0.9307,0.0,2.0,1.0,0.5,0.0,0.0,0.0,-1.375
-0.09485,-0.0943,-0.0949,1.533,-1.546,-0.1361,-2.105,0.9536,-1.105,-2.164,-2.104,0.944,-1.0,-0.812,-1.0,-1.0,2.768,2.695,-1.281,0.0,0.528,1.832,0.365,0.6597,-1.097,-1.166,0.3616,-1.08,-0.147,-0.5425,0.0971,1.21,0.04202,-0.1178,-0.0777,0.0,0.0,-0.1025,0.0,-0.4026,-0.693,0.0,0.0,0.0,0.0,-4.562,-1.0,0.0,0.5,1.66,-1.299,0.0,3.0,-0.5,0.5,0.0,0.0,0.0,-5.477
-0.099,-0.0984,-0.0991,1.624,-1.634,-0.1361,-2.105,0.9014,-1.196,-2.164,-2.127,0.2429,-1.0,-0.822,-1.0,-1.0,2.768,2.695,-1.314,0.0,0.5303,0.0557,0.2695,0.5747,-1.221,-1.182,-0.5615,-0.4717,-0.1567,-1.08,-0.2078,-0.3723,1.681,-0.1204,-0.08154,0.0,0.0,-0.1061,0.0,-0.4124,-0.8677,0.0,0.0,0.0,0.0,-1.029,-1.0,-0.5,0.0,1.748,-1.384,0.0,4.0,-0.5,0.5,0.0,0.0,0.0,-1.309
-0.0998,-0.09924,-0.0998,0.4153,-0.4182,-0.1361,-2.105,0.955,0.00816,-2.021,-2.133,-1.079,-0.857,-0.8315,0.0,-1.0,2.549,2.535,-1.146,0.0,0.5327,0.7437,0.1654,0.4844,-0.014725,-1.196,-0.8755,2.39,-0.1738,-0.4717,-0.542,0.0971,0.2725,-0.1209,-0.0843,0.0,0.0,-0.107,0.0,-0.364,-0.4768,0.0,0.0,0.0,0.0,6.82,-1.0,-0.5,0.0,0.575,-0.2225,1.0,0.0,-0.5,0.5,1.0,0.0,4.234,5.766
-0.0995,-0.099,-0.0994,0.05267,-0.05768,0.226,-2.105,0.5967,0.3306,-1.922,-2.105,3.01,-0.7144,-0.842,0.0,-1.0,2.365,2.406,-1.09,0.0,0.535,0.1643,0.0762,0.3992,0.3196,-1.19,-1.143,0.7617,-0.1687,2.39,-1.08,-0.2078,0.3796,-0.1192,-0.08746,0.0,0.0,-0.1066,0.0,-0.348,0.1411,0.0,0.0,0.0,0.0,1.813,0.0,-0.5,0.5,0.2708,0.1735,2.0,0.0,-0.5,0.5,0.0,0.0,0.0,2.234
-0.10065,-0.10016,-0.10065,0.554,-0.562,0.226,-0.1855,0.7754,-0.226,-2.043,-2.09,-1.227,-0.7144,-0.8516,-1.0,-1.0,2.568,2.59,-1.172,0.0,0.538,1.6,-0.01698,0.3164,-0.2452,-1.187,0.156,-1.094,-0.169,0.7617,-0.4714,-0.542,-2.514,-0.1198,-0.08966,0.0,0.0,-0.1066,0.0,-0.3713,-0.0801,0.0,0.0,0.0,0.0,-2.81,0.0,-0.5,0.0,0.718,-0.3516,0.0,1.0,-0.5,0.5,0.0,0.0,0.0,-3.418
-0.09863,-0.098,-0.09875,-0.4944,0.505,0.226,-0.1855,0.7275,0.8877,-1.76,-2.068,-10.875,-0.5713,-0.8613,0.0,-1.0,2.133,2.133,-1.0,0.0,0.5405,1.737,-0.1222,0.2307,0.863,-1.182,-0.4312,2.354,-0.1305,-1.094,2.39,-1.08,1.21,-0.1155,-0.0906,0.0,0.0,-0.1057,0.0,-0.3223,0.02838,0.0,0.0,0.0,0.0,7.266,1.0,-0.5,0.0,-0.1775,0.801,1.0,0.0,-0.5,0.5,0.0,0.0,0.0,5.766
-0.09625,-0.0956,-0.0965,-0.6064,0.626,0.226,-0.1855,0.736,1.057,-1.7,-2.047,0.3271,-0.4285,-0.871,0.0,-1.0,2.049,2.041,-0.9683,0.0,0.543,0.0857,-0.2197,0.1415,1.039,-1.177,-0.1466,0.4155,-0.0846,2.354,0.7617,-0.4714,-0.3723,-0.1093,-0.0915,0.0,0.0,-0.10486,0.0,-0.3132,0.05127,0.0,0.0,0.0,0.0,1.061,2.0,0.0,0.0,-0.2876,0.915,2.0,0.0,-0.5,0.5,0.0,0.0,0.0,1.264
-0.09424,-0.0935,-0.0945,-0.497,0.5186,0.226,-0.1855,0.7153,0.99,-1.702,-2.03,0.08124,-0.4285,-0.8813,0.0,-1.0,2.049,2.045,-0.9746,0.0,0.5454,0.1953,-0.3118,0.04117,0.9985,-1.177,-0.0647,-0.07983,-0.0585,0.4155,-1.094,2.39,0.0971,-0.10126,-0.0926,0.0,0.0,-0.10443,0.0,-0.3152,-0.0226,0.0,0.0,0.0,0.0,-0.1365,1.0,-0.5,-0.5,-0.313,0.67,0.0,1.0,-0.5,0.5,0.0,0.0,0.0,-0.1616
-0.09143,-0.09064,-0.09174,-0.7393,0.767,0.226,-0.1855,0.5156,1.209,-1.605,-1.98,0.3604,-0.2856,-0.891,0.0,-1.0,1.895,1.918,-0.9194,0.0,0.548,0.1759,-0.3813,-0.0731,1.244,-1.16,0.166,0.7197,-0.01135,-0.07983,2.354,0.761,-0.2078,-0.0909,-0.0942,0.0,0.0,-0.10376,0.0,-0.2996,0.636,0.0,0.0,0.0,0.0,1.739,1.0,0.0,0.0,-0.5684,0.8853,1.0,0.0,-0.5,0.5,0.0,0.0,0.0,2.06
-0.08875,-0.0878,-0.0892,-0.6997,0.735,0.226,-0.0717,0.4854,1.162,-1.583,-1.942,0.1041,-0.1428,-0.901,0.0,-1.0,1.86,1.888,-0.91,0.0,0.5503,0.8096,-0.3928,-0.1667,1.189,-1.143,0.6187,0.1185,0.05194,0.7197,0.4153,-1.094,-0.542,-0.08466,-0.0956,0.0,0.0,-0.1011,0.0,-0.2969,0.4888,0.0,0.0,0.0,0.0,0.2477,2.0,0.5,0.0,-0.5483,0.8345,2.0,0.0,-0.5,0.5,0.0,0.0,0.0,0.29
-0.0879,-0.087,-0.0883,-0.1164,0.1466,0.226,-0.0717,0.5215,0.5015,-1.718,-1.912,-0.4246,0.0,-0.911,0.0,-1.0,2.055,2.088,-0.9985,0.0,0.553,0.2583,-0.3716,-0.2491,0.5312,-1.131,1.379,-1.144,0.05518,0.1185,-0.07983,2.354,-1.08,-0.0823,-0.09686,0.0,0.0,-0.09924,0.0,-0.3225,0.2805,0.0,0.0,0.0,0.0,-2.938,1.0,0.5,0.0,0.05875,0.3176,0.0,1.0,-0.5,0.5,0.0,0.0,0.0,-3.434
-0.0894,-0.0885,-0.0899,0.7036,-0.679,0.226,-0.266,0.6626,-0.3855,-1.923,-1.897,-1.435,0.0,-0.921,-1.0,-1.0,2.371,2.4,-1.132,0.0,0.5557,1.1455,-0.3464,-0.324,-0.3591,-1.127,1.816,-1.756,0.0561,-1.144,0.7197,0.4153,-0.4714,-0.08124,-0.09814,0.0,0.0,-0.0998,0.0,-0.3608,-0.09973,0.0,0.0,0.0,0.0,-7.332,0.0,0.5,-0.5,0.92,-0.3994,0.0,2.0,-0.5,0.5,0.0,0.0,0.0,-5.477
-0.09106,-0.0901,-0.09155,0.729,-0.7026,0.226,-0.3513,0.743,-0.4749,-1.934,-1.883,0.5063,0.0,-0.9307,-1.0,-1.0,2.395,2.41,-1.144,0.0,0.558,0.333,-0.3254,-0.3787,-0.44,-1.127,0.7524,-0.1656,0.05502,-1.756,0.1185,-0.07983,2.39,-0.085,-0.09875,0.0,0.0,-0.10065,0.0,-0.3645,-0.09247,0.0,0.0,0.0,0.0,-0.4263,0.0,0.0,-0.5,0.925,-0.443,0.0,3.0,-0.5,0.5,0.0,0.0,0.0,-0.5234
-0.09314,-0.09216,-0.09357,0.8765,-0.8525,0.226,-0.5786,0.765,-0.7017,-1.977,-1.867,0.8345,0.0,-0.9404,-1.0,-1.0,2.465,2.48,-1.177,0.0,0.5605,0.0647,-0.2996,-0.4153,-0.6646,-1.125,0.3586,-0.4429,0.0511,-0.1656,-1.144,0.719,0.761,-0.0905,-0.09906,0.0,0.0,-0.10205,0.0,-0.3738,-0.07544,0.0,0.0,0.0,0.0,-0.894,-1.0,-0.5,-0.5,1.034,-0.623,0.0,4.0,-0.5,0.5,0.0,0.0,0.0,-1.101
-0.0946,-0.0938,-0.0949,0.678,-0.664,0.226,-0.5786,0.624,-0.6255,-1.935,-1.838,0.0004869,0.0,-0.9507,-1.0,-1.0,2.387,2.424,-1.156,0.0,0.563,0.0764,-0.25,-0.4136,-0.639,-1.108,0.8726,0.279,0.03516,-0.4429,-1.755,0.11847,-1.094,-0.0953,-0.09894,0.0,0.0,-0.1015,0.0,-0.3682,0.1748,0.0,0.0,0.0,0.0,0.703,-1.0,0.0,0.0,0.8433,-0.442,1.0,0.0,-0.5,0.5,0.0,0.0,0.0,0.872
-0.0955,-0.095,-0.09564,0.4731,-0.4722,0.226,-0.5786,0.5864,-0.55,-1.885,-1.801,-0.01997,0.0,-0.9604,-1.0,-1.0,2.307,2.346,-1.132,0.0,0.5654,-0.2664,-0.205,-0.384,-0.5547,-1.096,-0.3313,0.3333,0.03546,0.279,-0.1656,-1.143,2.354,-0.1009,-0.0992,0.0,0.0,-0.1015,0.0,-0.361,0.3242,0.0,0.0,0.0,0.0,0.5327,0.0,0.0,0.5,0.554,-0.3577,2.0,0.0,-0.5,0.5,0.0,0.0,0.0,0.6577
-0.0953,-0.0947,-0.0953,0.06445,-0.0633,0.226,-0.5786,0.4648,-0.1722,-1.771,-1.777,-0.8096,-0.1428,-0.97,-1.0,-1.0,2.129,2.178,-1.069,0.0,0.5684,0.816,-0.1815,-0.3467,-0.2096,-1.086,-0.6475,0.856,0.0339,0.3333,-0.4429,-1.755,0.4153,-0.10504,-0.09924,0.0,0.0,-0.1007,0.0,-0.3433,0.08374,0.0,0.0,0.0,0.0,1.622,1.0,0.0,0.5,0.1741,0.05066,3.0,0.0,-0.5,0.5,0.0,0.0,0.0,1.992
-0.0939,-0.0933,-0.09393,-0.2979,0.305,0.226,-0.5786,0.4927,0.2072,-1.658,-1.754,-7.14,-0.1428,-0.98,0.0,-1.0,1.967,2.0,-1.005,0.0,0.571,0.8384,-0.1671,-0.3105,0.1719,-1.081,-0.676,0.8574,0.04675,0.856,0.2788,-0.1656,-0.07983,-0.10516,-0.0991,0.0,0.0,-0.09937,0.0,-0.325,0.1045,0.0,0.0,0.0,0.0,1.655,2.0,0.5,0.5,-0.1825,0.397,4.0,0.0,-0.5,0.5,0.0,0.0,0.0,2.004
-0.09296,-0.09247,-0.0929,-0.1533,0.1499,0.226,-0.5786,0.3154,0.01765,-1.678,-1.721,-0.502,0.0,-0.99,0.0,-1.0,1.979,2.047,-1.023,0.0,0.573,-0.6025,-0.1554,-0.271,-0.01,-1.07,-1.085,-0.2416,0.04727,0.8574,0.333,-0.4429,0.719,-0.10236,-0.0993,0.0,0.0,-0.0981,0.0,-0.33,0.3196,0.0,0.0,0.0,0.0,-0.3765,2.0,0.0,0.5,-0.1486,0.1327,0.0,1.0,-0.5,0.5,0.0,0.0,0.0,-0.4495
-0.09174,-0.0914,-0.0916,-0.2493,0.2423,0.226,-0.5786,0.1261,0.158,-1.633,-1.708,1.303,0.0,-1.0,0.0,-1.0,1.897,1.996,-1.002,0.0,0.5757,-0.1376,-0.1592,-0.2367,0.1106,-1.068,-1.224,0.283,0.0352,-0.2416,0.856,0.2788,0.11847,-0.0986,-0.0981,0.0,0.0,-0.0962,0.0,-0.3242,-0.1454,0.0,0.0,0.0,0.0,0.4392,2.0,0.0,0.5,-0.2444,0.2179,1.0,0.0,-0.5,0.5,0.0,0.0,0.0,0.526
-0.0898,-0.0894,-0.08966,-0.4763,0.4731,0.226,-0.5786,0.1313,0.457,-1.547,-1.693,1.344,0.0,-1.01,0.0,-1.0,1.778,1.867,-0.955,0.0,0.578,0.4385,-0.185,-0.2161,0.4346,-1.071,-0.6626,0.6167,-0.02054,0.283,0.8574,0.333,-1.143,-0.0928,-0.0966,0.0,0.0,-0.0932,0.0,-0.3108,-0.0875,0.0,0.0,0.0,0.0,1.179,2.0,0.5,0.5,-0.432,0.4739,2.0,0.0,-0.5,0.5,0.0,0.0,0.0,1.405
-0.0882,-0.08777,-0.0881,-0.3706,0.3657,0.226,-0.5786,0.11127,0.3987,-1.55,-1.68,0.03104,0.0,-1.02,0.0,-1.0,1.781,1.874,-0.9634,0.0,0.5806,-0.07697,-0.2377,-0.2094,0.3772,-1.071,0.3098,-0.1062,-0.1434,0.6167,-0.2415,0.8555,-1.755,-0.0877,-0.0959,0.0,0.0,-0.0899,0.0,-0.3132,-0.0954,0.0,0.0,0.0,0.0,-0.1932,1.0,0.5,0.5,-0.365,0.3328,0.0,1.0,-0.5,0.5,0.0,0.0,0.0,-0.2281
-0.0864,-0.08606,-0.08624,-0.4194,0.413,0.226,-0.5786,0.07306,0.524,-1.512,-1.671,0.4106,0.0,-1.029,0.0,-1.0,1.726,1.822,-0.946,0.0,0.5835,-0.0643,-0.2866,-0.2241,0.522,-1.076,0.515,0.2261,-0.1473,-0.1062,0.283,0.857,-0.1655,-0.0828,-0.0952,0.0,0.0,-0.0881,0.0,-0.3083,-0.2437,0.0,0.0,0.0,0.0,0.327,1.0,1.0,0.5,-0.405,0.3857,1.0,0.0,-0.5,0.5,0.0,0.0,0.0,0.3867
-0.0849,-0.0846,-0.08466,-0.35,0.3384,0.02634,-0.5786,-0.00336,0.5225,-1.506,-1.663,0.1404,0.0,-1.04,0.0,-1.0,1.711,1.821,-0.949,0.0,0.586,-0.0455,-0.3245,-0.2451,0.526,-1.08,0.8857,-0.03973,-0.1384,0.2261,0.6167,-0.2415,-0.4429,-0.07965,-0.0948,0.0,0.0,-0.08673,0.0,-0.3093,-0.2944,0.0,0.0,0.0,0.0,-0.0845,1.0,1.0,0.0,-0.3965,0.2502,0.0,1.0,-0.5,0.5,0.0,0.0,0.0,-0.09955
-0.08417,-0.08386,-0.0839,-0.0876,0.07336,0.02634,-0.5786,0.01488,0.271,-1.558,-1.648,-0.2898,0.0,-1.05,0.0,-1.0,1.783,1.895,-0.9863,0.0,0.5884,0.2717,-0.3545,-0.272,0.2966,-1.082,0.903,-0.4905,-0.1852,-0.03973,-0.10614,0.2827,0.2788,-0.07916,-0.0933,0.0,0.0,-0.085,0.0,-0.32,-0.0829,0.0,0.0,0.0,0.0,-1.042,0.0,0.5,0.0,-0.2161,-0.0836,0.0,2.0,-0.5,0.5,0.0,0.0,0.0,-1.229
-0.08307,-0.0828,-0.0828,-0.2002,0.1847,0.02634,-0.5786,-0.07196,0.3438,-1.509,-1.613,0.3496,0.1428,-1.06,0.0,-1.0,1.709,1.832,-0.9634,0.0,0.591,0.1914,-0.3833,-0.299,0.3762,-1.07,0.85,0.3074,-0.1785,-0.4905,0.226,0.6167,0.333,-0.0776,-0.09235,0.0,0.0,-0.08466,0.0,-0.3135,0.829,1.0,0.0,0.0,0.0,0.575,0.0,0.5,0.5,-0.3132,0.03586,1.0,0.0,-0.5,0.5,0.0,0.0,0.0,0.6836
-0.0826,-0.0824,-0.0823,-0.02292,0.001733,-0.2052,-0.5786,-0.08673,0.1053,-1.541,-1.581,-0.427,0.2856,-1.069,0.0,-1.0,1.751,1.88,-0.989,0.0,0.5933,-0.015396,-0.4158,-0.3247,0.1327,-1.058,0.524,-0.3323,-0.1825,0.3074,-0.03973,-0.10614,0.8555,-0.0773,-0.0913,0.0,0.0,-0.08484,0.0,-0.3208,0.724,0.0,0.0,0.0,0.0,-0.5273,0.0,0.0,0.5,-0.1503,-0.1489,0.0,1.0,-0.5,0.5,0.0,0.0,0.0,-0.6235
-0.0828,-0.0827,-0.0824,0.2144,-0.2461,-0.2052,-0.5786,-0.10254,-0.215,-1.595,-1.549,-1.45,0.2856,-1.079,-1.0,-1.0,1.824,1.961,-1.027,0.0,0.596,-0.348,-0.45,-0.356,-0.1909,-1.046,0.1279,-0.508,-0.1876,-0.3323,-0.4902,0.226,0.857,-0.07916,-0.0905,0.0,0.0,-0.0853,0.0,-0.332,0.678,0.0,0.0,0.0,0.0,-0.639,-1.0,-0.5,0.5,0.08875,-0.3765,0.0,2.0,-0.5,0.5,0.0,0.0,0.0,-0.7603
-0.0834,-0.0834,-0.0828,0.3237,-0.3643,-0.2052,-0.5786,-0.115,-0.3967,-1.618,-1.522,2.14,0.2856,-1.089,-1.0,-1.0,1.855,1.997,-1.048,0.0,0.5986,0.0215,-0.4424,-0.3713,-0.385,-1.036,0.2415,-0.2698,-0.2145,-0.508,0.3074,-0.0397,-0.2415,-0.08136,-0.08984,0.0,0.0,-0.08655,0.0,-0.338,0.4563,0.0,0.0,0.0,0.0,-0.704,-1.0,-0.5,0.0,0.1923,-0.4927,0.0,3.0,-0.5,0.5,0.0,0.0,0.0,-0.844
-0.0831,-0.08325,-0.08246,0.0582,-0.10266,-0.2052,-0.5786,-0.0826,-0.185,-1.539,-1.494,-0.6816,0.2856,-1.099,-1.0,-1.0,1.749,1.877,-1.006,0.0,0.601,0.1886,-0.411,-0.3706,-0.1785,-1.026,0.0733,0.555,-0.251,-0.2698,-0.3323,-0.4902,0.2827,-0.08295,-0.08856,0.0,0.0,-0.0874,0.0,-0.3262,0.523,0.0,0.0,0.0,0.0,1.327,0.0,-0.5,0.0,-0.06854,-0.2463,1.0,0.0,-0.5,0.5,0.0,0.0,0.0,1.6
-0.08136,-0.0815,-0.0807,-0.433,0.3945,-0.2052,-0.5786,-0.0719,0.3093,-1.386,-1.463,-7.613,0.4285,-1.109,0.0,-1.0,1.543,1.655,-0.9185,0.0,0.6035,1.273,-0.36,-0.3567,0.3027,-1.014,-0.2603,1.154,-0.2202,0.555,-0.508,0.3071,0.6167,-0.08215,-0.08636,0.0,0.0,-0.0867,0.0,-0.301,0.6084,0.0,0.0,0.0,0.0,3.11,0.0,-0.5,0.0,-0.514,0.2625,2.0,0.0,-0.5,0.5,0.0,0.0,0.0,3.71
-0.081,-0.0811,-0.0804,0.02014,-0.06494,-0.2052,-0.5786,-0.0723,-0.1503,-1.492,-1.449,-1.045,0.2856,-1.119,-1.0,-1.0,1.686,1.808,-0.989,0.0,0.606,0.4883,-0.3174,-0.3467,-0.1749,-1.009,-0.1768,-0.9087,-0.246,1.154,-0.2695,-0.3323,-0.10614,-0.0822,-0.0843,0.0,0.0,-0.0853,0.0,-0.3213,-0.05792,0.0,0.0,0.0,0.0,-2.232,0.0,-0.5,-0.5,-0.05273,-0.153,0.0,1.0,-0.5,0.5,0.0,0.0,0.0,-2.613
-0.0807,-0.0808,-0.08,0.03104,-0.0761,-0.2052,-0.5786,0.01418,-0.1661,-1.481,-1.432,0.639,0.1428,-1.129,-1.0,-1.0,1.68,1.784,-0.989,0.0,0.6084,0.3623,-0.2817,-0.3472,-0.1832,-1.008,-0.317,0.0,-0.2874,-0.9087,0.555,-0.508,0.226,-0.0829,-0.0833,0.0,0.0,-0.0839,0.0,-0.3215,0.03857,0.0,0.0,0.0,0.0,0.0,0.0,-1.0,-0.5,-0.05722,-0.18,0.0,0.0,-0.5,0.5,0.0,0.0,0.0,0.0
-0.07825,-0.0783,-0.0777,-0.637,0.6074,-0.2052,0.653,0.0817,0.55,-1.272,-1.404,-15.266,0.1428,-1.139,0.0,-1.0,1.409,1.482,-0.8677,0.0,0.6113,1.14,-0.2445,-0.3499,0.5337,-0.999,-0.3257,1.591,-0.3154,0.0,1.154,-0.2695,-0.0397,-0.0797,-0.082,0.0,0.0,-0.08105,0.0,-0.2869,0.4202,0.0,0.0,0.0,0.0,3.678,1.0,-0.5,-0.5,-0.639,0.5454,1.0,0.0,-0.5,0.5,0.0,0.0,0.0,4.37
-0.07294,-0.0726,-0.0728,-1.488,1.496,0.5933,0.653,0.1481,1.559,-0.9697,-1.359,1.807,0.1428,-1.148,0.0,-1.0,1.042,1.077,-0.691,0.0,0.614,1.687,-0.168,-0.312,1.446,-0.967,-0.002155,2.266,-0.1583,1.591,-0.908,0.555,-0.4902,-0.07086,-0.079,0.0,0.0,-0.0767,0.0,-0.2363,0.7476,0.0,0.0,0.0,0.0,7.266,1.0,0.0,-0.5,-1.346,1.524,2.0,0.0,-0.5,0.5,0.0,0.0,0.0,5.766
-0.06824,-0.0676,-0.0683,-1.282,1.303,0.5933,0.653,0.1877,1.38,-0.975,-1.316,0.02563,0.1428,-1.158,0.0,-1.0,1.052,1.08,-0.699,0.0,0.616,0.2546,-0.05917,-0.2428,1.192,-0.9355,0.0417,-0.1004,-0.06464,2.266,0.0,1.153,0.3071,-0.06168,-0.0771,0.0,0.0,-0.0727,0.0,-0.2389,0.7476,0.0,0.0,0.0,0.0,-0.408,0.0,-0.5,-0.5,-1.167,1.319,0.0,1.0,-0.5,0.5,0.0,0.0,0.0,-0.4553
-0.06555,-0.06494,-0.06573,-0.675,0.694,0.5933,0.61,0.2642,0.741,-1.114,-1.287,-0.3252,0.1428,-1.168,0.0,-1.0,1.228,1.253,-0.7876,0.0,0.6187,-0.09283,0.02153,-0.1775,0.5645,-0.9233,0.4082,-1.094,-0.043,-0.1004,1.591,-0.908,-0.3323,-0.05594,-0.076,0.0,0.0,-0.07007,0.0,-0.2644,0.3428,0.0,0.0,0.0,0.0,-2.795,0.0,-0.5,-1.0,-0.5405,0.777,0.0,2.0,-0.5,0.5,0.0,0.0,0.0,-3.123
-0.06287,-0.06216,-0.0631,-0.675,0.698,0.5933,0.61,0.2751,0.7554,-1.081,-1.255,0.1613,0.1428,-1.178,0.0,-1.0,1.1875,1.208,-0.772,0.0,0.621,0.1089,0.0733,-0.1193,0.5986,-0.9136,0.8237,0.192,-0.001598,-1.094,2.266,0.0,-0.508,-0.0521,-0.0747,0.0,0.0,-0.06793,0.0,-0.26,0.3894,0.0,0.0,0.0,0.0,0.341,1.0,0.0,-0.5,-0.559,0.7617,1.0,0.0,-0.5,0.5,0.0,0.0,0.0,0.3882
-0.06024,-0.0595,-0.06046,-0.6655,0.6895,0.5933,0.61,0.2246,0.7334,-1.05,-1.215,0.11487,0.1428,-1.188,0.0,-1.0,1.1455,1.173,-0.759,0.0,0.6235,-0.3064,0.10126,-0.0619,0.605,-0.9014,1.147,0.1659,0.0287,0.192,-0.10034,1.591,-0.2695,-0.04605,-0.0737,0.0,0.0,-0.0654,0.0,-0.2563,0.5635,0.0,0.0,0.0,0.0,0.2732,1.0,0.5,0.0,-0.5586,0.7437,2.0,0.0,-0.5,0.5,0.0,0.0,0.0,0.3103
-0.05597,-0.05505,-0.0564,-1.131,1.172,0.5933,0.61,0.302,1.249,-0.8677,-1.166,0.8096,0.1428,-1.198,0.0,-1.0,0.9365,0.934,-0.6543,0.0,0.6265,1.496,0.1335,-0.002863,1.145,-0.884,1.058,1.311,0.1233,0.1659,-1.094,2.266,0.555,-0.0373,-0.07214,0.0,0.0,-0.06223,0.0,-0.2264,0.7188,0.0,0.0,0.0,0.0,2.81,1.0,0.5,0.0,-0.9556,1.265,3.0,0.0,-0.5,0.5,0.0,0.0,0.0,3.18
-0.0532,-0.05225,-0.0536,-0.6924,0.73,0.5933,0.61,0.3384,0.7446,-0.9595,-1.121,-0.2625,0.1428,-1.208,0.0,-1.0,1.047,1.046,-0.7144,0.0,0.629,-0.011475,0.1702,0.05292,0.6655,-0.8667,0.688,-0.735,0.1676,1.311,0.192,-0.10034,1.153,-0.03323,-0.0704,0.0,0.0,-0.06,0.0,-0.2438,0.592,0.0,0.0,0.0,0.0,-1.699,1.0,0.0,0.0,-0.5283,0.8438,0.0,1.0,-0.5,0.5,0.0,0.0,0.0,-1.882
-0.04996,-0.04898,-0.05038,-0.8184,0.859,0.5933,0.61,0.4075,0.83,-0.884,-1.065,0.252,0.2856,-1.218,0.0,-1.0,0.965,0.9443,-0.675,0.0,0.6313,0.566,0.2018,0.1022,0.8286,-0.8535,1.328,0.4917,0.2205,-0.735,0.1659,-1.093,-0.908,-0.0328,-0.0675,0.0,0.0,-0.0573,0.0,-0.2325,0.799,1.0,0.0,0.0,0.0,0.924,2.0,0.5,0.5,-0.638,0.981,1.0,0.0,-0.5,0.5,0.0,0.0,0.0,1.036
-0.04843,-0.04758,-0.0488,-0.3032,0.3328,0.5933,0.61,0.5635,0.2041,-1.007,-1.017,-0.5835,0.4285,-1.228,0.0,-1.0,1.124,1.085,-0.754,0.0,0.634,0.941,0.2433,0.1506,0.1965,-0.8296,1.551,-0.9756,0.2301,0.4917,1.311,0.192,0.0,-0.03427,-0.0651,0.0,0.0,-0.0555,0.0,-0.2554,0.5913,0.0,0.0,0.0,0.0,-3.877,1.0,0.5,0.5,-0.12384,0.4941,0.0,1.0,-0.5,0.5,0.0,0.0,0.0,-4.312
-0.0478,-0.0471,-0.04794,-0.0411,0.056,0.5933,0.461,0.5273,-0.1416,-1.065,-0.9785,-1.045,0.4285,-1.237,-1.0,-1.0,1.191,1.164,-0.7944,0.0,0.636,-0.4705,0.2764,0.1881,-0.1445,-0.8145,0.8613,-0.5083,0.2238,-0.9756,-0.735,0.1659,1.59,-0.03445,-0.06274,0.0,0.0,-0.05408,0.0,-0.2673,0.3877,0.0,0.0,0.0,0.0,-1.198,0.0,0.0,0.0,0.0991,0.195,0.0,2.0,-0.5,0.5,0.0,0.0,0.0,-1.3545
-0.04782,-0.04724,-0.0479,0.1792,-0.1735,0.5933,0.2236,0.448,-0.406,-1.116,-0.955,11.09,0.2856,-1.247,-1.0,-1.0,1.247,1.238,-0.831,0.0,0.6387,0.11084,0.2937,0.2078,-0.419,-0.8057,-0.338,-0.4617,0.1962,-0.5083,0.4917,1.311,2.266,-0.036,-0.0607,0.0,0.0,-0.05264,0.0,-0.2778,0.0926,0.0,0.0,0.0,0.0,-0.9556,-1.0,-0.5,-0.5,0.2888,-0.05075,0.0,3.0,-0.5,-0.5,0.0,0.0,0.0,-1.09
-0.0484,-0.04797,-0.04828,0.3328,-0.34,0.5933,0.03775,0.4053,-0.6377,-1.155,-0.928,1.017,0.2856,-1.258,-1.0,-1.0,1.291,1.294,-0.8594,0.0,0.6416,-0.212,0.2847,0.22,-0.6406,-0.7974,-0.3796,-0.3618,0.1746,-0.4617,-0.975,-0.7344,-0.10034,-0.03864,-0.05902,0.0,0.0,-0.05167,0.0,-0.2861,0.2197,0.0,0.0,0.0,0.0,-0.7803,-1.0,-0.5,-0.5,0.4587,-0.1875,0.0,4.0,-0.5,-0.5,0.0,0.0,0.0,-0.897
-0.05008,-0.04977,-0.04987,0.699,-0.718,0.5933,-0.403,0.42,-1.077,-1.259,-0.908,1.066,0.2856,-1.268,-1.0,-1.0,1.422,1.432,-0.927,0.0,0.644,0.1074,0.2345,0.2236,-1.075,-0.793,0.1322,-0.858,0.1514,-0.3618,-0.5083,0.4915,-1.093,-0.0458,-0.05814,0.0,0.0,-0.0511,0.0,-0.3054,0.02098,0.0,0.0,0.0,0.0,-1.976,-2.0,-0.5,-0.5,0.774,-0.593,0.0,5.0,-0.5,0.0,0.0,0.0,0.0,-2.283
-0.04987,-0.0496,-0.04962,0.08185,-0.0968,0.5933,-0.403,0.3164,-0.4878,-1.083,-0.892,-0.5293,0.1428,-1.277,-1.0,-1.0,1.193,1.206,-0.828,0.0,0.6465,0.2837,0.1483,0.2184,-0.4927,-0.79,-0.07404,1.279,0.08923,-0.858,-0.4614,-0.975,0.1919,-0.0488,-0.05704,0.0,0.0,-0.04926,0.0,-0.2773,-0.0335,0.0,0.0,0.0,0.0,3.184,-1.0,-0.5,-0.5,0.139,-0.0386,1.0,0.0,-0.5,0.0,0.0,0.0,0.0,3.734
-0.05035,-0.0501,-0.05008,0.3052,-0.325,0.5933,-0.403,0.203,-0.6494,-1.139,-0.9043,0.619,0.0,-1.287,-1.0,-1.0,1.252,1.291,-0.8667,0.0,0.649,0.578,0.06506,0.1956,-0.6704,-0.8,-0.207,-0.4907,0.00272,1.279,-0.3618,-0.5083,0.1658,-0.05383,-0.05606,0.0,0.0,-0.04758,0.0,-0.2886,-0.6875,0.0,0.0,0.0,0.0,-0.989,-1.0,-1.0,-1.0,0.3718,-0.2393,0.0,1.0,-0.5,0.0,0.0,0.0,0.0,-1.136
-0.05173,-0.05145,-0.05148,0.595,-0.6167,0.5933,-0.403,0.1747,-0.881,-1.218,-0.921,0.618,-0.1428,-1.297,-1.0,-1.0,1.349,1.399,-0.9194,0.0,0.6514,-0.4973,-0.00944,0.1532,-0.879,-0.8193,-1.023,-0.6772,-0.04614,-0.4907,-0.858,-0.4614,1.311,-0.0582,-0.05557,0.0,0.0,-0.04675,0.0,-0.3037,-0.7866,0.0,0.0,0.0,0.0,-1.175,-1.0,-1.5,-1.0,0.622,-0.552,0.0,2.0,-0.5,0.0,0.0,0.0,0.0,-1.361
-0.05164,-0.05136,-0.05142,0.12366,-0.1383,0.5933,-0.403,0.1785,-0.3904,-1.081,-0.9165,-0.5596,-0.2856,-1.307,-1.0,-1.0,1.179,1.217,-0.844,0.0,0.654,0.7427,-0.09186,0.10284,-0.372,-0.827,-0.787,0.9746,-0.0668,-0.6772,1.279,-0.3616,-0.7344,-0.0595,-0.05487,0.0,0.0,-0.04608,0.0,-0.2822,-0.308,0.0,0.0,0.0,0.0,1.928,0.0,-1.0,-0.5,0.2157,-0.0389,1.0,0.0,-0.5,0.0,0.0,0.0,0.0,2.258
-0.05096,-0.0507,-0.05072,-0.06696,0.05405,0.5933,-0.403,0.1547,-0.1597,-1.012,-0.9097,-0.7764,-0.4285,-1.316,-1.0,-1.0,1.093,1.13,-0.8096,0.0,0.6567,0.03464,-0.1823,0.04047,-0.1467,-0.8296,-1.159,0.4407,-0.1382,0.9746,-0.4907,-0.858,0.4915,-0.05893,-0.05392,0.0,0.0,-0.0444,0.0,-0.2725,-0.2473,0.0,0.0,0.0,0.0,0.9517,1.0,-1.0,-0.5,0.04935,0.165,2.0,0.0,-0.5,0.0,0.0,0.0,0.0,1.097
-0.05252,-0.0521,-0.0524,0.659,-0.6704,0.5933,-0.403,0.4658,-0.847,-1.209,-0.919,14.88,-0.5713,-1.327,-1.0,-1.0,1.364,1.36,-0.9326,0.0,0.659,1.354,-0.2532,-0.044,-0.722,-0.86,-0.6943,-1.557,-0.1799,0.4407,-0.677,1.279,-0.975,-0.06085,-0.05383,0.0,0.0,-0.04388,0.0,-0.308,-0.5815,0.0,0.0,0.0,0.0,-8.15,0.0,-1.0,-1.0,0.745,-0.536,0.0,1.0,-0.5,0.0,0.0,1.0,-3.29,-5.477
-0.05453,-0.0542,-0.05432,0.811,-0.831,0.5933,-0.403,0.3171,-0.927,-1.259,-0.9478,0.2625,-0.7144,-1.337,-1.0,-1.0,1.412,1.44,-0.9673,0.0,0.6616,-0.3086,-0.2585,-0.1362,-0.812,-0.8813,-0.533,-0.449,-0.1266,-1.557,0.9746,-0.4905,-0.5083,-0.06192,-0.05396,0.0,0.0,-0.04483,0.0,-0.318,-1.007,0.0,0.0,0.0,0.0,-1.526,0.0,-1.0,-1.5,0.876,-0.7075,0.0,2.0,-0.5,0.0,0.0,0.0,0.0,-1.793
-0.0572,-0.05682,-0.05704,1.035,-1.055,-0.5474,-0.403,0.3257,-1.096,-1.329,-0.9746,0.3708,-0.857,-1.347,-1.0,-1.0,1.505,1.538,-1.015,0.0,0.664,-0.3508,-0.1863,-0.192,-0.971,-0.9043,-0.3967,-0.6255,-0.0702,-0.449,0.4404,-0.677,-0.4614,-0.06683,-0.05414,0.0,0.0,-0.04782,0.0,-0.332,-0.986,0.0,0.0,0.0,0.0,-2.041,0.0,-1.0,-1.5,1.094,-0.921,0.0,3.0,-0.5,0.0,0.0,0.0,0.0,-2.416
-0.05865,-0.0584,-0.05835,0.6196,-0.645,-0.5474,-0.403,0.2245,-0.625,-1.226,-0.999,-0.383,-1.0,-1.356,-1.0,-1.0,1.362,1.405,-0.96,0.0,0.6665,-0.1315,-0.0884,-0.2067,-0.5444,-0.919,-0.3257,0.726,-0.06744,-0.6255,-1.557,0.974,-0.3616,-0.0693,-0.0541,0.0,0.0,-0.05026,0.0,-0.3164,-0.9277,0.0,0.0,0.0,0.0,1.607,0.0,-0.5,-1.5,0.69,-0.531,1.0,0.0,-0.5,0.0,0.0,0.0,0.0,1.922
-0.05997,-0.05984,-0.05957,0.5776,-0.6084,-0.5474,-0.403,0.11664,-0.5396,-1.216,-1.013,-0.04102,-1.143,-1.366,-1.0,-1.0,1.341,1.402,-0.961,0.0,0.6694,0.137,0.0237,-0.1942,-0.4407,-0.937,0.07764,-0.01329,-0.04184,0.726,-0.449,0.4404,-0.8574,-0.0704,-0.05392,0.0,0.0,-0.05188,0.0,-0.3167,-0.7725,0.0,0.0,0.0,0.0,-0.0287,-1.0,-0.5,-1.5,0.6265,-0.521,0.0,1.0,-0.5,0.0,0.0,0.0,0.0,-0.03394
-0.06256,-0.06238,-0.06226,1.012,-1.043,-0.5474,-0.403,0.2644,-0.9326,-1.341,-1.031,1.159,-1.143,-1.376,-1.0,-1.0,1.514,1.56,-1.04,0.0,0.672,0.82,0.1236,-0.1594,-0.8457,-0.9526,-0.644,-1.036,0.0172,-0.01329,-0.6255,-1.556,1.278,-0.07556,-0.05402,0.0,0.0,-0.05435,0.0,-0.3396,-0.853,0.0,0.0,0.0,0.0,-2.766,-1.0,-1.0,-1.5,1.065,-0.9155,0.0,2.0,-0.5,0.0,0.0,0.0,0.0,-3.27
-0.0656,-0.0653,-0.06537,1.168,-1.195,-0.5474,-0.403,0.3022,-1.069,-1.396,-1.052,0.326,-1.143,-1.386,-1.0,-1.0,1.591,1.635,-1.079,0.0,0.6743,0.399,0.2178,-0.0987,-0.961,-0.974,-0.521,-0.514,0.08044,-1.036,0.726,-0.449,-0.4905,-0.08264,-0.0542,0.0,0.0,-0.05734,0.0,-0.3508,-0.857,0.0,0.0,0.0,0.0,-2.248,-1.0,-1.0,-1.5,1.22,-1.059,0.0,3.0,-0.5,0.0,0.0,0.0,0.0,-2.703
-0.0662,-0.0659,-0.06604,0.361,-0.378,-0.5854,-0.403,0.336,-0.266,-1.185,-1.055,-0.7803,-1.143,-1.396,-1.0,-1.0,1.321,1.339,-0.96,0.0,0.677,0.8696,0.2751,-0.03326,-0.1614,-0.982,-0.2976,1.596,0.001023,-0.514,-0.01328,-0.625,-0.677,-0.0834,-0.05392,0.0,0.0,-0.06018,0.0,-0.317,-0.399,0.0,0.0,0.0,0.0,3.756,0.0,-0.5,-1.0,0.4917,-0.2183,1.0,0.0,-0.5,0.0,0.0,0.0,0.0,4.555
-0.0668,-0.06647,-0.0666,0.3293,-0.3457,-0.572,-0.403,0.3381,-0.2389,-1.173,-1.05,-0.05508,-1.143,-1.396,-1.0,-1.0,1.307,1.323,-0.958,0.0,0.679,0.1538,0.2922,0.02647,-0.1279,-0.9854,-0.8584,0.02657,-0.05307,1.596,-1.036,0.726,0.974,-0.0831,-0.05417,0.0,0.0,-0.06244,0.0,-0.3162,-0.226,0.0,0.0,0.0,0.0,0.04434,0.0,-0.5,-0.5,0.3958,-0.2583,2.0,0.0,-0.5,0.0,0.0,0.0,0.0,0.05237
-0.0666,-0.06635,-0.0663,0.0757,-0.0947,-0.2947,-0.403,0.2463,0.06168,-1.1,-1.057,-2.521,-1.0,-1.396,0.0,-1.0,1.207,1.234,-0.9175,0.0,0.6816,-0.1967,0.2712,0.0797,0.1648,-0.9907,-1.184,0.5312,-0.1687,0.02657,-0.5137,-0.01328,0.4404,-0.08057,-0.05374,0.0,0.0,-0.0647,0.0,-0.3047,-0.4084,0.0,0.0,0.0,0.0,1.032,1.0,-0.5,-0.5,0.1598,-0.00768,3.0,0.0,-0.5,0.0,0.0,0.0,0.0,1.219
-0.0659,-0.06573,-0.06555,-0.0685,0.0487,-0.1163,-0.403,0.1708,0.2418,-1.051,-1.057,1.261,-0.857,-1.396,0.0,-1.0,1.142,1.179,-0.891,0.0,0.6846,-0.1157,0.2267,0.11835,0.3496,-0.9937,-0.3896,0.3423,-0.2316,0.5312,1.596,-1.036,-1.556,-0.07874,-0.05313,0.0,0.0,-0.066,0.0,-0.297,-0.2126,0.0,0.0,0.0,0.0,0.5728,2.0,0.0,0.0,0.00644,0.11456,4.0,0.0,-0.5,0.0,0.0,0.0,0.0,0.6704
-0.06525,-0.06506,-0.065,-0.05298,0.0344,-0.1095,-0.403,0.1985,0.2347,-1.042,-1.045,0.1211,-0.7144,-1.396,0.0,-1.0,1.134,1.165,-0.89,0.0,0.687,0.04248,0.1711,0.1366,0.3347,-0.99,-0.1157,0.01309,-0.2722,0.3423,0.02657,-0.5137,-0.4487,-0.07684,-0.05325,0.0,0.0,-0.0669,0.0,-0.2969,-0.03976,0.0,0.0,0.0,0.0,0.03384,3.0,0.5,0.5,-0.02989,0.04507,5.0,0.0,0.0,0.0,0.0,0.0,0.0,0.0394
-0.066,-0.06586,-0.0656,0.378,-0.4058,-0.1095,-0.403,0.2079,-0.1727,-1.158,-1.051,-1.135,-0.7144,-1.396,-1.0,-1.0,1.277,1.316,-0.9624,0.0,0.6895,0.5127,0.0922,0.14,-0.1102,-0.992,0.2766,-0.929,-0.2942,0.01309,0.5312,1.596,-0.625,-0.0748,-0.05496,0.0,0.0,-0.0681,0.0,-0.3179,-0.5303,0.0,0.0,0.0,0.0,-2.406,2.0,0.5,0.0,0.4045,-0.3577,0.0,1.0,0.0,0.0,0.0,0.0,0.0,-2.8
-0.06696,-0.0669,-0.06647,0.4526,-0.4897,-0.1095,-0.403,0.2275,-0.206,-1.181,-1.064,0.7754,-0.7144,-1.396,-1.0,-1.0,1.307,1.345,-0.9795,0.0,0.692,0.2151,-0.02336,0.1311,-0.1603,-1.002,-0.07404,-0.226,-0.3035,-0.929,0.3423,0.02657,0.7256,-0.0722,-0.0567,0.0,0.0,-0.0692,0.0,-0.323,-0.7173,0.0,0.0,0.0,0.0,-0.603,1.0,0.0,-0.5,0.407,-0.5146,0.0,2.0,0.0,0.0,0.0,0.0,0.0,-0.713
-0.0687,-0.0687,-0.06824,0.735,-0.7783,-0.1095,-0.1285,-0.01627,-0.5005,-1.263,-1.067,3.693,-0.7144,-1.396,-1.0,-1.0,1.389,1.4795,-1.032,0.0,0.6943,-0.4194,-0.1133,0.10815,-0.447,-1.01,-0.0805,-0.694,-0.278,-0.226,0.01309,0.5312,-0.01328,-0.0741,-0.05823,0.0,0.0,-0.0702,0.0,-0.3381,-0.5186,0.0,0.0,0.0,0.0,-1.919,0.0,0.0,-0.5,0.6875,-0.783,0.0,3.0,0.0,0.0,0.0,0.0,0.0,-2.277
-0.0709,-0.07086,-0.07043,0.863,-0.906,-0.1095,-0.1285,-0.05475,-0.6533,-1.307,-1.069,0.5786,-0.7144,-1.396,-1.0,-1.0,1.441,1.543,-1.0625,0.0,0.697,-0.7417,-0.1959,0.06726,-0.608,-1.016,0.43,-0.405,-0.2795,-0.694,-0.9287,0.342,-1.036,-0.07684,-0.06003,0.0,0.0,-0.0724,0.0,-0.347,-0.5054,0.0,0.0,0.0,0.0,-0.8306,-1.0,0.0,-0.5,0.7964,-0.922,0.0,4.0,0.0,0.0,0.0,0.0,0.0,-0.9976
-0.07355,-0.0734,-0.0731,1.025,-1.066,-0.1095,-0.1931,-0.04633,-0.857,-1.36,-1.067,0.5586,-0.7144,-1.406,-1.0,-1.0,1.513,1.617,-1.101,0.0,0.6997,-0.164,-0.259,0.01851,-0.8164,-1.0205,0.687,-0.503,-0.2471,-0.405,-0.226,0.013084,-0.5137,-0.08167,-0.06213,0.0,0.0,-0.0745,0.0,-0.358,-0.4722,0.0,0.0,0.0,0.0,-1.273,-2.0,0.0,-0.5,0.9365,-1.094,0.0,5.0,0.0,0.0,0.0,0.0,0.0,-1.54
-0.0755,-0.07544,-0.07513,0.812,-0.849,-0.1095,-0.1931,-0.1097,-0.6655,-1.314,-1.071,-0.1399,-0.7144,-1.416,-1.0,-1.0,1.446,1.559,-1.079,0.0,0.702,-0.8677,-0.3196,-0.02722,-0.6475,-1.025,-0.169,0.2878,-0.221,-0.503,-0.694,-0.9287,1.596,-0.08655,-0.06476,0.0,0.0,-0.07605,0.0,-0.3518,-0.633,0.0,0.0,0.0,0.0,0.522,-1.0,0.0,-0.5,0.75,-0.864,1.0,0.0,0.0,0.0,0.0,0.0,0.0,0.636
-0.0761,-0.076,-0.0757,0.336,-0.367,-0.1095,-0.1931,-0.11145,-0.1968,-1.1875,-1.069,-0.791,-0.7144,-1.416,-1.0,-1.0,1.284,1.386,-1.01,0.0,0.7046,0.4612,-0.3623,-0.0828,-0.1741,-1.031,-0.2673,0.9277,-0.2644,0.2878,-0.405,-0.2258,0.02657,-0.0897,-0.0666,0.0,0.0,-0.0776,0.0,-0.332,-0.3179,0.0,0.0,0.0,0.0,1.971,0.0,0.0,0.0,0.2947,-0.3962,2.0,0.0,0.0,0.0,0.0,0.0,0.0,2.39
-0.0763,-0.07623,-0.07587,0.2092,-0.2417,-0.1095,-0.1931,-0.2457,-0.1011,-1.147,-1.054,-1.143,-0.5713,-1.416,0.0,-1.0,1.222,1.345,-0.9917,0.0,0.707,-0.6265,-0.3984,-0.1633,-0.06476,-1.029,-0.592,0.2418,-0.3567,0.9277,-0.503,-0.6934,0.531,-0.0905,-0.0686,0.0,0.0,-0.0792,0.0,-0.327,0.063,0.0,0.0,0.0,0.0,0.4119,1.0,0.0,0.5,0.1626,-0.2864,3.0,0.0,0.0,0.0,0.0,0.0,0.0,0.4922
-0.07776,-0.0777,-0.0773,0.617,-0.656,-0.1095,-0.1931,-0.2262,-0.562,-1.261,-1.042,-17.1,-0.5713,-1.416,-1.0,-1.0,1.366,1.495,-1.062,0.0,0.7095,0.02614,-0.4138,-0.2328,-0.542,-1.025,-0.831,-0.9233,-0.353,0.2418,0.2878,-0.4048,0.342,-0.09265,-0.0705,0.0,0.0,-0.08044,0.0,-0.3472,-0.0704,0.0,0.0,0.0,0.0,-3.01,1.0,-0.5,0.5,0.5137,-0.7305,0.0,1.0,0.0,0.0,0.0,0.0,0.0,-3.582
-0.0784,-0.0784,-0.078,0.3835,-0.4207,-0.1095,-0.1931,-0.3308,-0.3264,-1.198,-1.043,-0.4353,-0.5713,-1.416,-1.0,-1.0,1.279,1.422,-1.03,0.0,0.712,-0.1294,-0.4224,-0.2957,-0.318,-1.028,-0.959,0.4211,-0.3525,-0.9233,0.9272,-0.503,0.013084,-0.0926,-0.07196,0.0,0.0,-0.08105,0.0,-0.3381,-0.4585,0.0,0.0,0.0,0.0,0.892,2.0,-0.5,0.5,0.3154,-0.4753,1.0,0.0,0.0,0.0,0.0,0.0,0.0,1.078
-0.07904,-0.07904,-0.07855,0.3362,-0.3733,-0.1095,-0.1931,-0.35,-0.2688,-1.183,-1.042,-0.156,-0.5713,-1.416,-1.0,-1.0,1.258,1.402,-1.026,0.0,0.715,-0.02168,-0.431,-0.3457,-0.2695,-1.032,-0.548,0.054,-0.3508,0.4211,0.2417,0.2878,-0.9287,-0.0917,-0.0732,0.0,0.0,-0.0811,0.0,-0.3372,-0.448,0.0,0.0,0.0,0.0,0.09766,2.0,0.0,0.5,0.246,-0.4556,2.0,0.0,0.0,0.0,0.0,0.0,0.0,0.1172
-0.07886,-0.07886,-0.07837,0.0796,-0.1146,-0.1095,-0.1931,-0.309,0.026,-1.1045,-1.042,-1.961,-0.5713,-1.416,0.0,-1.0,1.164,1.295,-0.9854,0.0,0.7173,0.451,-0.4338,-0.392,0.0212,-1.037,-0.4707,0.539,-0.3555,0.054,-0.923,0.9272,-0.2258,-0.0886,-0.074,0.0,0.0,-0.08136,0.0,-0.3254,-0.448,0.0,0.0,0.0,0.0,1.287,2.0,0.5,0.5,0.01497,-0.1891,3.0,0.0,0.0,0.0,0.0,0.0,0.0,1.543
-0.07947,-0.0795,-0.0789,0.3386,-0.3816,-0.1095,-0.1931,-0.3037,-0.1934,-1.172,-1.051,-1.5625,-0.7144,-1.416,-1.0,-1.0,1.248,1.384,-1.029,0.0,0.7197,-0.2023,-0.4338,-0.4255,-0.2207,-1.043,-0.1013,-0.5747,-0.359,0.539,0.4211,0.2417,-0.6934,-0.08734,-0.0746,0.0,0.0,-0.08203,0.0,-0.3381,-0.746,0.0,0.0,0.0,0.0,-1.084,1.0,0.5,0.0,0.2908,-0.4177,0.0,1.0,0.0,0.0,0.0,0.0,0.0,-1.288
-0.0785,-0.0786,-0.0779,-0.1764,0.1366,-0.1095,-0.1931,-0.28,0.3865,-1.016,-1.048,-7.984,-0.7144,-1.416,0.0,-1.0,1.059,1.176,-0.944,0.0,0.722,0.683,-0.4404,-0.4448,0.378,-1.052,0.11646,1.133,-0.3525,-0.5747,0.05396,-0.923,-0.4048,-0.0856,-0.0753,0.0,0.0,-0.0811,0.0,-0.3137,-0.341,0.0,0.0,0.0,0.0,2.695,2.0,1.0,0.0,-0.1841,0.1041,1.0,0.0,0.0,0.0,0.0,0.0,0.0,3.234
-0.07745,-0.0775,-0.07684,-0.2097,0.1709,-0.1095,-0.1931,-0.3618,0.445,-0.987,-1.035,0.2715,-0.5713,-1.426,0.0,-1.0,1.017,1.147,-0.9326,0.0,0.7246,-0.3704,-0.4531,-0.4453,0.4766,-1.056,0.4666,0.1456,-0.3623,1.133,0.539,0.4211,-0.5024,-0.08405,-0.07574,0.0,0.0,-0.0798,0.0,-0.3105,-0.01335,0.0,0.0,0.0,0.0,0.1975,2.0,1.5,0.5,-0.2203,0.1327,2.0,0.0,0.0,0.0,0.0,0.0,0.0,0.2325
-0.0763,-0.07635,-0.0757,-0.2389,0.2025,-0.1095,-0.1931,-0.3975,0.4902,-0.958,-1.018,0.2314,-0.4285,-1.436,0.0,-1.0,0.9795,1.114,-0.9214,0.0,0.727,-0.2134,-0.471,-0.4504,0.5103,-1.05,0.434,0.1453,-0.3494,0.1456,-0.574,0.05396,0.2876,-0.0804,-0.07574,0.0,0.0,-0.0794,0.0,-0.3074,0.1093,0.0,0.0,0.0,0.0,0.3274,2.0,1.5,1.0,-0.2776,0.1316,3.0,0.0,0.0,0.0,0.0,0.0,0.0,0.3848
-0.074,-0.0739,-0.0735,-0.5894,0.565,-0.1095,-0.1931,-0.3765,0.859,-0.8276,-0.9854,0.8105,-0.2856,-1.436,0.0,-1.0,0.8296,0.95,-0.8516,0.0,0.73,0.1001,-0.493,-0.4639,0.8867,-1.038,0.0568,0.909,-0.295,0.1453,1.133,0.539,0.9272,-0.0757,-0.07574,0.0,0.0,-0.0784,0.0,-0.2874,0.609,0.0,0.0,0.0,0.0,2.236,2.0,1.5,1.5,-0.5854,0.5137,4.0,0.0,0.0,0.0,0.0,0.0,0.0,2.621
-0.0722,-0.0721,-0.0718,-0.4287,0.405,-0.1095,-0.1931,-0.3662,0.661,-0.8496,-0.953,-0.07983,-0.1428,-1.436,0.0,-1.0,0.856,0.976,-0.8677,0.0,0.7324,-0.7183,-0.5063,-0.4785,0.7017,-1.025,0.03952,-0.2076,-0.269,0.909,0.1456,-0.574,0.2417,-0.0715,-0.0761,0.0,0.0,-0.07794,0.0,-0.2922,0.689,0.0,0.0,0.0,0.0,-0.3896,2.0,1.0,1.5,-0.4502,0.3381,0.0,1.0,0.0,0.0,0.0,0.0,0.0,-0.4497
-0.0703,-0.0702,-0.0699,-0.4585,0.4353,-0.1095,-0.1931,-0.3794,0.642,-0.815,-0.9126,0.1163,0.0,-1.436,0.0,-1.0,0.815,0.9346,-0.8525,0.0,0.735,-0.3186,-0.485,-0.489,0.691,-1.009,0.623,0.1953,-0.2458,-0.2076,0.1453,1.133,-0.923,-0.068,-0.0756,0.0,0.0,-0.0776,0.0,-0.2878,0.959,1.0,0.0,0.0,0.0,0.348,2.0,1.5,2.0,-0.4832,0.3625,1.0,0.0,0.0,0.0,0.0,0.0,0.0,0.403
-0.0676,-0.0675,-0.0672,-0.699,0.6826,-0.2012,-0.1931,-0.3445,0.8613,-0.7114,-0.8687,0.4604,0.1428,-1.445,0.0,-1.0,0.7007,0.806,-0.798,0.0,0.7373,-0.1417,-0.4238,-0.4897,0.926,-0.9907,0.5483,0.701,-0.1826,0.1953,0.9087,0.1456,0.4211,-0.0619,-0.0746,0.0,0.0,-0.0767,0.0,-0.2722,1.03,1.0,0.0,0.0,0.0,1.481,2.0,1.5,2.0,-0.7217,0.5933,2.0,0.0,0.0,0.0,0.0,0.0,0.0,1.71
-0.0664,-0.0663,-0.06604,-0.2333,0.2112,-0.2012,-0.1931,-0.3335,0.3464,-0.8267,-0.842,-0.4353,0.2856,-1.445,0.0,-1.0,0.832,0.9443,-0.8677,0.0,0.7397,0.2456,-0.3525,-0.4739,0.4011,-0.978,0.684,-0.8853,-0.1564,0.701,-0.2076,0.1453,0.05396,-0.0599,-0.07367,0.0,0.0,-0.07587,0.0,-0.2925,0.4517,0.0,0.0,0.0,0.0,-1.524,1.0,1.0,1.5,-0.2493,0.1653,0.0,1.0,0.0,0.0,0.0,0.0,0.0,-1.739
-0.0666,-0.0664,-0.0662,0.2015,-0.2264,-0.2012,-0.1931,-0.1809,-0.1257,-0.942,-0.826,-0.979,0.1428,-1.445,-1.0,-1.0,0.98,1.073,-0.938,0.0,0.742,0.787,-0.2903,-0.4453,-0.0812,-0.9717,0.509,-0.8984,-0.1542,-0.8853,0.1953,0.9087,0.539,-0.06003,-0.07355,0.0,0.0,-0.07544,0.0,-0.3127,0.0661,0.0,0.0,0.0,0.0,-2.389,0.0,0.5,1.0,0.159,-0.2673,0.0,2.0,0.0,0.0,0.0,0.0,0.0,-2.768
-0.06696,-0.06683,-0.0665,0.2585,-0.2886,-0.2012,-0.1931,-0.1844,-0.2483,-0.951,-0.801,12.76,0.1428,-1.455,-1.0,-1.0,0.9907,1.085,-0.949,0.0,0.745,0.1685,-0.2205,-0.403,-0.2323,-0.9585,0.8516,-0.1454,-0.1633,-0.8984,0.7007,-0.2075,-0.574,-0.06076,-0.0734,0.0,0.0,-0.0747,0.0,-0.316,0.336,0.0,0.0,0.0,0.0,-0.2905,0.0,0.5,1.0,0.2012,-0.3413,0.0,3.0,0.0,0.0,0.0,0.0,0.0,-0.3418
-0.0675,-0.06744,-0.067,0.317,-0.3506,-0.2012,-0.1931,-0.1875,-0.3572,-0.9644,-0.7827,1.04,0.1428,-1.455,-1.0,-1.0,1.006,1.103,-0.961,0.0,0.7476,-0.2385,-0.1576,-0.3596,-0.3557,-0.951,0.3047,-0.159,-0.1875,-0.1454,-0.8853,0.1953,1.133,-0.06366,-0.07294,0.0,0.0,-0.0737,0.0,-0.3196,0.1633,0.0,0.0,0.0,0.0,-0.286,-1.0,0.0,0.5,0.2632,-0.3948,0.0,4.0,0.0,0.0,0.0,0.0,0.0,-0.337
-0.0679,-0.0679,-0.0673,0.2632,-0.2998,-0.2012,0.1503,-0.2377,-0.3503,-0.945,-0.764,0.1125,0.1428,-1.466,-1.0,-1.0,0.9785,1.082,-0.955,0.0,0.75,-0.5796,-0.1071,-0.3196,-0.3486,-0.946,0.2135,0.0797,-0.2404,-0.159,-0.8984,0.7007,0.1455,-0.0659,-0.0722,0.0,0.0,-0.0724,0.0,-0.3179,0.1709,0.0,0.0,0.0,0.0,0.1165,-1.0,0.0,0.5,0.1908,-0.3684,1.0,0.0,0.0,0.0,0.0,0.0,0.0,0.1377
-0.0672,-0.0672,-0.06665,-0.08075,0.04614,-0.2012,0.1503,-0.3022,-0.02252,-0.8335,-0.7427,-1.386,0.1428,-1.476,0.0,-1.0,0.843,0.9497,-0.897,0.0,0.7524,-0.06107,-0.06616,-0.2808,-0.03467,-0.938,0.1186,0.7563,-0.2803,0.0797,-0.1454,-0.885,0.1453,-0.06714,-0.0718,0.0,0.0,-0.0707,0.0,-0.3013,0.2335,0.0,0.0,0.0,0.0,1.025,0.0,0.0,0.5,-0.1223,-0.0157,2.0,0.0,0.0,0.0,0.0,0.0,0.0,1.211
-0.06604,-0.06616,-0.0654,-0.2218,0.1843,-0.2012,0.1503,-0.316,0.0848,-0.776,-0.714,1.414,0.2856,-1.476,0.0,-1.0,0.776,0.881,-0.8687,0.0,0.755,-0.2798,-0.0379,-0.2434,0.0863,-0.928,-0.36,0.367,-0.2798,0.7563,-0.159,-0.8984,0.9087,-0.069,-0.0712,0.0,0.0,-0.0694,0.0,-0.2932,0.556,0.0,0.0,0.0,0.0,0.712,1.0,0.0,1.0,-0.2915,0.08093,3.0,0.0,0.0,0.0,0.0,0.0,0.0,0.8296
-0.0642,-0.06433,-0.0636,-0.4407,0.4058,-0.2012,0.1503,-0.399,0.3188,-0.6914,-0.695,1.427,0.2856,-1.476,0.0,-1.0,0.674,0.7876,-0.823,0.0,0.758,-0.11743,-0.02557,-0.203,0.2925,-0.9155,-0.2573,0.5864,-0.2563,0.367,0.0797,-0.1454,-0.2075,-0.0678,-0.0707,0.0,0.0,-0.0678,0.0,-0.2803,0.428,0.0,0.0,0.0,0.0,1.331,2.0,0.5,1.0,-0.4749,0.3242,4.0,0.0,0.0,0.0,0.0,0.0,0.0,1.541
-0.06165,-0.06168,-0.0611,-0.665,0.637,-0.1417,0.1503,-0.3462,0.572,-0.5957,-0.67,0.782,0.2856,-1.476,0.0,-1.0,0.5737,0.6704,-0.771,0.0,0.7603,0.3833,-0.03595,-0.1615,0.55,-0.905,-0.3335,0.6577,-0.2498,0.5864,0.7563,-0.1589,0.1953,-0.0634,-0.0699,0.0,0.0,-0.0651,0.0,-0.2654,0.559,0.0,0.0,0.0,0.0,1.777,3.0,0.5,1.0,-0.662,0.5786,5.0,0.0,0.0,0.0,0.0,0.0,0.0,2.04
-0.0594,-0.05942,-0.05887,-0.566,0.538,-0.1417,0.1503,-0.3906,0.4788,-0.5996,-0.6475,-0.0053,0.2856,-1.476,0.0,-1.0,0.5737,0.6787,-0.7754,0.0,0.7627,-0.715,-0.05777,-0.12335,0.4636,-0.895,-0.664,-0.05103,-0.2438,0.6577,0.367,0.0797,0.7007,-0.05887,-0.0692,0.0,0.0,-0.06274,0.0,-0.2668,0.502,0.0,0.0,0.0,0.0,-0.11255,2.0,0.0,0.5,-0.614,0.432,0.0,1.0,0.0,0.0,0.0,0.0,0.0,-0.1277
-0.05646,-0.0564,-0.05597,-0.7686,0.748,-0.1417,0.1503,-0.4275,0.7397,-0.506,-0.6274,0.6245,0.2856,-1.476,0.0,-1.0,0.4702,0.575,-0.7246,0.0,0.765,-0.1615,-0.07544,-0.0863,0.696,-0.8813,-0.1523,0.6387,-0.2156,-0.05103,0.586,0.7563,-0.885,-0.05264,-0.06775,0.0,0.0,-0.05994,0.0,-0.2522,0.4392,0.0,0.0,0.0,0.0,1.8,2.0,0.5,0.5,-0.7847,0.66,1.0,0.0,0.0,0.0,0.0,0.0,0.0,2.043
-0.05423,-0.05414,-0.0538,-0.55,0.53,-0.1417,0.1503,-0.398,0.532,-0.5454,-0.608,-0.12335,0.2856,-1.476,0.0,-1.0,0.5146,0.617,-0.749,0.0,0.7676,-0.4966,-0.0958,-0.05774,0.4949,-0.8735,0.4448,-0.3032,-0.2007,0.6387,0.6577,0.367,-0.898,-0.0472,-0.0663,0.0,0.0,-0.05774,0.0,-0.2593,0.3936,0.0,0.0,0.0,0.0,-0.6074,1.0,0.5,0.5,-0.575,0.449,0.0,1.0,0.0,0.0,0.0,0.0,0.0,-0.682
-0.0529,-0.05276,-0.05246,-0.2788,0.257,-0.1417,0.1503,-0.333,0.2666,-0.607,-0.594,-0.3071,0.2856,-1.476,0.0,-1.0,0.587,0.682,-0.7866,0.0,0.77,0.2512,-0.1132,-0.04218,0.231,-0.868,0.6577,-0.47,-0.2512,-0.3032,-0.05103,0.586,-0.1454,-0.0443,-0.06476,0.0,0.0,-0.05548,0.0,-0.2703,0.145,0.0,0.0,0.0,0.0,-0.9927,0.0,0.5,0.0,-0.333,0.166,0.0,2.0,0.0,0.0,0.0,0.0,0.0,-1.121
-0.0523,-0.05222,-0.05188,-0.03668,0.01137,-0.1417,0.1503,-0.337,0.04895,-0.6685,-0.594,-0.4822,0.2856,-1.476,0.0,-1.0,0.6543,0.7544,-0.823,0.0,0.773,-0.3257,-0.1292,-0.04608,-0.001377,-0.867,0.859,-0.4607,-0.2676,-0.47,0.638,0.6577,-0.1589,-0.0431,-0.0633,0.0,0.0,-0.05435,0.0,-0.281,-0.25,0.0,0.0,0.0,0.0,-0.8813,-1.0,0.5,-0.5,-0.1276,-0.1007,0.0,3.0,0.0,0.0,0.0,0.0,0.0,-1.003
-0.0525,-0.0524,-0.05206,0.2026,-0.2319,-0.1417,0.1503,-0.368,-0.2015,-0.7334,-0.588,-1.531,0.1428,-1.476,-1.0,-1.0,0.7236,0.835,-0.863,0.0,0.7754,-0.2637,-0.1508,-0.06995,-0.2424,-0.868,0.9136,-0.503,-0.2852,-0.4607,-0.3032,-0.05103,0.0797,-0.04413,-0.0618,0.0,0.0,-0.0537,0.0,-0.2925,-0.1135,0.0,0.0,0.0,0.0,-2.057,-1.0,0.0,-0.5,0.07745,-0.3628,0.0,4.0,0.0,0.0,0.0,0.0,0.0,-2.36
-0.05167,-0.05164,-0.05118,-0.1172,0.08875,-0.1417,0.1503,-0.449,0.0894,-0.6284,-0.565,-3.553,0.2856,-1.476,0.0,-1.0,0.6,0.7183,-0.8066,0.0,0.778,0.0337,-0.1776,-0.10016,0.0605,-0.861,0.5693,0.7153,-0.295,-0.503,-0.4697,0.638,0.7563,-0.04507,-0.06012,0.0,0.0,-0.05264,0.0,-0.2766,0.4995,0.0,0.0,0.0,0.0,1.379,-1.0,0.0,0.0,-0.192,-0.01216,1.0,0.0,0.0,0.0,0.0,0.0,0.0,1.595
-0.05054,-0.05057,-0.05,-0.2118,0.1809,-0.1417,0.1503,-0.5127,0.1492,-0.586,-0.539,0.463,0.4285,-1.476,0.0,-1.0,0.5483,0.675,-0.7856,0.0,0.7803,-0.524,-0.1921,-0.129,0.1294,-0.8506,0.432,0.27,-0.285,0.7153,-0.4607,-0.3032,0.3667,-0.04535,-0.05872,0.0,0.0,-0.05203,0.0,-0.2705,0.6406,0.0,0.0,0.0,0.0,0.606,0.0,0.0,0.5,-0.2737,0.08685,2.0,0.0,0.0,0.0,0.0,0.0,0.0,0.6924
-0.0506,-0.0507,-0.05002,0.159,-0.1985,-0.1417,0.1503,-0.476,-0.2817,-0.6885,-0.5186,-1.6455,0.4285,-1.476,-1.0,-1.0,0.6636,0.7915,-0.846,0.0,0.7827,-0.076,-0.2063,-0.1564,-0.2957,-0.8423,0.1675,-0.768,-0.2866,0.27,-0.503,-0.4697,0.586,-0.04855,-0.0578,0.0,0.0,-0.05182,0.0,-0.288,0.3574,0.0,0.0,0.0,0.0,-1.302,0.0,-0.5,0.5,0.1134,-0.2461,0.0,1.0,0.0,0.0,0.0,0.0,0.0,-1.482
-0.0492,-0.04935,-0.04855,-0.3008,0.263,-0.1417,0.1503,-0.4219,0.1448,-0.5366,-0.4883,-2.664,0.5713,-1.476,0.0,-1.0,0.5034,0.6094,-0.764,0.0,0.785,0.295,-0.2241,-0.1759,0.1537,-0.833,-0.2156,1.05,-0.2708,-0.768,0.7153,-0.4607,0.6577,-0.04895,-0.05597,0.0,0.0,-0.051,0.0,-0.2646,0.581,0.0,0.0,0.0,0.0,3.371,1.0,-0.5,0.5,-0.302,0.2279,1.0,0.0,0.0,0.0,0.0,0.0,0.0,3.887
-0.04724,-0.0474,-0.04654,-0.4739,0.437,-0.1417,0.1503,-0.3987,0.313,-0.462,-0.4617,0.853,0.5713,-1.476,0.0,-1.0,0.4263,0.5225,-0.7246,0.0,0.788,0.2976,-0.2354,-0.1831,0.3223,-0.8203,-0.1819,0.4968,-0.2411,1.05,0.27,-0.503,-0.05103,-0.04733,-0.05408,0.0,0.0,-0.05032,0.0,-0.2534,0.5327,0.0,0.0,0.0,0.0,1.568,2.0,0.0,0.5,-0.458,0.4072,2.0,0.0,0.0,0.0,0.0,0.0,0.0,1.776
-0.0432,-0.04318,-0.04272,-1.074,1.058,0.2123,0.1503,-0.1895,0.9746,-0.2332,-0.424,1.838,0.5713,-1.466,0.0,0.0,0.2109,0.2522,-0.5977,0.0,0.7905,0.5513,-0.183,-0.1569,0.8667,-0.7827,-0.5054,1.579,-0.11786,0.4968,-0.7676,0.7153,0.638,-0.04138,-0.0514,0.0,0.0,-0.04782,0.0,-0.2172,0.762,1.0,0.0,0.0,0.0,7.266,2.0,0.0,0.5,-0.98,1.067,3.0,0.0,0.0,0.0,1.0,0.0,3.893,5.766
-0.0386,-0.03842,-0.0383,-1.221,1.218,0.546,0.1503,-0.1738,1.173,-0.1372,-0.3865,0.342,0.5713,-1.455,0.0,0.0,0.1178,0.1497,-0.5444,0.0,0.793,-0.1582,-0.1015,-0.1193,1.042,-0.759,-0.2429,0.64,-0.00642,1.579,1.05,0.2698,-0.303,-0.03302,-0.04868,0.0,0.0,-0.04416,0.0,-0.2021,0.776,1.0,0.0,0.0,0.0,2.17,2.0,0.5,0.5,-1.125,1.217,4.0,0.0,0.0,0.0,0.0,0.0,0.0,2.377
-0.0338,-0.03345,-0.03366,-1.273,1.281,0.781,0.1503,-0.218,1.282,-0.0691,-0.3513,0.2362,0.5713,-1.445,0.0,0.0,0.04788,0.08325,-0.507,0.0,0.7954,-0.054,-0.0108,-0.07043,1.142,-0.7383,0.1675,0.4507,0.0917,0.64,0.4968,-0.7676,-0.4697,-0.02516,-0.0454,0.0,0.0,-0.04004,0.0,-0.1915,0.7476,0.0,0.0,0.0,0.0,1.362,3.0,1.0,0.5,-1.16,1.295,5.0,0.0,0.0,0.0,0.0,0.0,0.0,1.477
-0.03087,-0.03041,-0.0308,-0.7266,0.7344,0.781,0.3308,-0.0843,0.7065,-0.2094,-0.3242,-0.3086,0.5713,-1.436,0.0,0.0,0.1967,0.2168,-0.5874,0.0,0.798,0.4312,0.0747,-0.02206,0.5605,-0.7217,0.624,-0.955,0.0854,0.4507,1.579,1.05,-0.4607,-0.01994,-0.0432,0.0,0.0,-0.03656,0.0,-0.2148,0.4282,0.0,0.0,0.0,0.0,-3.01,2.0,1.0,0.5,-0.6304,0.773,0.0,1.0,0.0,0.0,0.0,0.0,0.0,-3.236
-0.02614,-0.02547,-0.02628,-1.232,1.259,0.781,0.3308,-0.00845,1.309,0.003866,-0.2883,0.947,0.5713,-1.426,0.0,0.0,-0.002842,-0.01112,-0.4695,0.0,0.8003,1.131,0.1667,0.02716,1.146,-0.702,1.071,1.425,0.1428,-0.955,0.64,0.4966,-0.503,-0.01004,-0.0403,0.0,0.0,-0.03204,0.0,-0.1812,0.567,0.0,0.0,0.0,0.0,5.227,2.0,1.5,0.5,-1.059,1.342,1.0,0.0,0.0,0.0,0.0,0.0,0.0,5.71
-0.02097,-0.02011,-0.0213,-1.338,1.378,0.781,0.3308,0.009026,1.461,0.0943,-0.2444,0.26,0.5713,-1.416,0.0,0.0,-0.0859,-0.1033,-0.4197,0.0,0.803,-0.1415,0.2598,0.08,1.312,-0.68,0.9536,0.588,0.2388,1.425,0.4507,1.579,0.7153,-0.000988,-0.0372,0.0,0.0,-0.02762,0.0,-0.1671,0.744,0.0,0.0,0.0,0.0,1.952,2.0,1.5,1.0,-1.159,1.458,2.0,0.0,0.0,0.0,0.0,0.0,0.0,2.084
-0.01656,-0.01563,-0.01695,-1.117,1.159,0.781,0.3308,-0.002058,1.21,0.06885,-0.1975,-0.03156,0.5713,-1.406,0.0,0.0,-0.06323,-0.07697,-0.4348,0.0,0.8057,-0.0575,0.3457,0.1345,1.1,-0.66,1.077,-0.1782,0.2998,0.588,-0.9546,0.6396,0.2698,0.006622,-0.0346,0.0,0.0,-0.02359,0.0,-0.1716,0.8296,1.0,0.0,0.0,0.0,-0.466,1.0,1.0,1.0,-0.9683,1.225,0.0,1.0,0.0,0.0,0.0,0.0,0.0,-0.4924
-0.01282,-0.011734,-0.013374,-0.919,0.969,0.781,0.3308,0.2227,0.958,0.04562,-0.1472,-0.0657,0.5713,-1.396,0.0,0.0,-0.02142,-0.07526,-0.4492,0.0,0.808,2.053,0.413,0.1896,0.909,-0.6426,1.756,-0.1669,0.3452,-0.1782,1.425,0.4504,-0.7676,0.01052,-0.032,0.0,0.0,-0.02011,0.0,-0.1758,0.92,1.0,0.0,0.0,0.0,-0.2812,0.0,1.0,1.0,-0.8027,1.014,0.0,2.0,0.0,0.0,0.0,0.0,0.0,-0.298
-0.00931,-0.00829,-0.0098,-0.852,0.8975,0.781,0.3308,0.251,0.815,0.0608,-0.09064,-0.003056,0.7144,-1.386,0.0,0.0,-0.03308,-0.09314,-0.4421,0.0,0.8105,-0.007404,0.4824,0.2593,0.7544,-0.6094,1.455,0.0837,0.394,-0.1669,0.588,-0.9546,1.05,0.01322,-0.02948,0.0,0.0,-0.01704,0.0,-0.1738,1.103,1.0,0.0,0.0,0.0,0.1454,1.0,1.0,1.5,-0.7695,0.9106,1.0,0.0,0.0,0.0,0.0,0.0,0.0,0.1545
-0.006187,-0.00528,-0.006577,-0.742,0.78,0.781,0.3308,0.208,0.639,0.05765,-0.04187,-0.06415,0.7144,-1.376,0.0,0.0,-0.03397,-0.0859,-0.445,0.0,0.813,-0.569,0.531,0.3245,0.6284,-0.591,1.402,-0.0358,0.4246,0.0837,-0.1782,1.425,0.4966,0.01485,-0.02728,0.0,0.0,-0.01398,0.0,-0.1748,1.009,1.0,0.0,0.0,0.0,-0.0576,0.0,0.5,1.0,-0.6753,0.784,0.0,1.0,0.0,0.0,0.0,0.0,0.0,-0.06113
-0.00351,-0.002705,-0.003796,-0.617,0.6475,0.781,0.3308,0.223,0.4482,0.0457,0.003351,-0.1349,0.7144,-1.366,0.0,0.0,-0.02144,-0.0754,-0.4531,0.0,0.8154,-0.4548,0.565,0.3892,0.4639,-0.571,0.7017,-0.0955,0.4534,-0.0358,-0.1669,0.588,1.579,0.01837,-0.0247,0.0,0.0,-0.01146,0.0,-0.1774,0.935,1.0,0.0,0.0,0.0,-0.2052,-1.0,0.0,0.5,-0.5884,0.62,0.0,2.0,0.0,0.0,0.0,0.0,0.0,-0.2179
-0.001717,-0.001213,-0.001699,-0.3704,0.3792,0.781,0.3308,0.2244,0.0876,-0.015076,0.05206,-0.559,0.857,-1.356,0.0,0.0,0.03592,-0.01423,-0.4888,0.0,0.8184,-0.3994,0.5723,0.446,0.1653,-0.5547,0.43,-0.4187,0.4531,-0.0955,0.0836,-0.1782,0.6396,0.01787,-0.02193,0.0,0.0,-0.00904,0.0,-0.1877,1.061,1.0,0.0,0.0,0.0,-1.001,-1.0,-0.5,0.5,-0.3767,0.333,0.0,3.0,0.0,0.0,0.0,0.0,0.0,-1.064
0.002695,0.003113,0.0028,-1.107,1.119,0.781,0.3308,0.2727,0.8228,0.267,0.1087,4.12,0.857,-1.347,0.0,0.0,-0.2194,-0.2966,-0.3313,0.0,0.821,0.528,0.591,0.515,0.848,-0.515,0.2034,1.867,0.4988,-0.4187,-0.0358,-0.1667,0.4504,0.02019,-0.01808,0.0,0.0,-0.004807,0.0,-0.1427,1.167,1.0,0.0,0.0,0.0,7.258,0.0,-0.5,0.5,-0.9995,1.141,1.0,0.0,0.0,0.0,1.0,0.0,3.812,5.766
0.007965,0.00831,0.00815,-1.335,1.345,0.781,0.3308,0.2332,1.042,0.3972,0.1698,0.3987,0.857,-1.337,0.0,0.0,-0.3374,-0.4153,-0.2593,0.0,0.823,0.05154,0.6123,0.586,1.056,-0.4792,0.8955,0.829,0.5435,1.867,-0.0955,0.0836,-0.9546,0.02481,-0.013725,0.0,0.0,0.0004356,0.0,-0.1222,1.206,1.0,0.0,0.0,0.0,2.514,0.0,0.0,0.5,-1.247,1.326,2.0,0.0,0.0,0.0,0.0,0.0,0.0,2.611
0.01187,0.01209,0.01217,-0.9624,0.9614,0.781,0.7324,0.00613,0.637,0.312,0.2089,-0.2406,0.857,-1.327,0.0,0.0,-0.283,-0.3137,-0.3079,0.0,0.8257,-0.576,0.6606,0.6445,0.63,-0.4536,0.294,-0.553,0.494,0.829,-0.4185,-0.0358,1.425,0.02852,-0.009705,0.0,0.0,0.005592,0.0,-0.1364,0.792,1.0,0.0,0.0,0.0,-1.466,0.0,-0.5,0.0,-0.8965,0.9478,0.0,1.0,0.0,0.0,0.0,0.0,0.0,-1.502
0.01685,0.01715,0.01706,-1.243,1.25,0.781,0.7324,-0.03033,0.969,0.4585,0.251,0.6274,0.857,-1.316,0.0,0.0,-0.4138,-0.4465,-0.2267,0.0,0.828,0.04242,0.706,0.692,0.963,-0.4312,0.05606,0.93,0.4968,-0.553,1.866,-0.0955,0.588,0.03418,-0.00554,0.0,0.0,0.01099,0.0,-0.1132,0.8433,1.0,0.0,0.0,0.0,2.418,1.0,-0.5,0.0,-1.14,1.256,1.0,0.0,0.0,0.0,0.0,0.0,0.0,2.502
0.02068,0.021,0.02087,-0.9297,0.9346,0.781,0.7324,-0.05347,0.652,0.392,0.283,-0.1781,0.857,-1.307,0.0,0.0,-0.3586,-0.383,-0.2642,0.0,0.8306,-0.5366,0.74,0.7275,0.635,-0.4106,0.3005,-0.4236,0.4546,0.93,0.829,-0.4185,-0.1781,0.03894,-0.001785,0.0,0.0,0.01582,0.0,-0.12415,0.6113,0.0,0.0,0.0,0.0,-1.012,1.0,-0.5,-0.5,-0.8716,0.9155,0.0,1.0,0.0,0.0,0.0,0.0,0.0,-1.03
0.02286,0.02304,0.02322,-0.478,0.4688,0.781,0.585,-0.05847,0.1365,0.263,0.3152,-0.594,0.857,-1.297,0.0,0.0,-0.2454,-0.261,-0.3364,0.0,0.8335,-0.02072,0.7554,0.7485,0.12,-0.3914,0.522,-0.819,0.2864,-0.4236,-0.5527,1.866,-0.1667,0.042,0.001237,0.0,0.0,0.02057,0.0,-0.145,0.6455,0.0,0.0,0.0,0.0,-1.758,0.0,-0.5,-0.5,-0.47,0.43,0.0,2.0,0.0,0.0,0.0,0.0,0.0,-1.803
0.02669,0.02687,0.02701,-0.9224,0.9204,0.781,0.585,-0.1091,0.628,0.4468,0.3442,2.285,0.857,-1.287,0.0,0.0,-0.4106,-0.428,-0.2328,0.0,0.836,0.877,0.7617,0.757,0.579,-0.3691,0.5513,1.192,0.1942,-0.819,0.93,0.829,0.0836,0.04874,0.00458,0.0,0.0,0.02551,0.0,-0.1154,0.6157,0.0,0.0,0.0,0.0,2.676,0.0,-0.5,-0.5,-0.8594,0.907,1.0,0.0,0.0,0.0,0.0,0.0,0.0,2.783
0.02858,0.0288,0.0289,-0.3936,0.386,0.781,0.585,-0.02266,0.0913,0.2905,0.357,-0.649,0.857,-1.277,0.0,0.0,-0.2666,-0.2905,-0.32,0.0,0.8384,0.4453,0.746,0.745,0.02538,-0.3574,0.7207,-0.986,0.05264,1.192,-0.4236,-0.5527,-0.0358,0.04904,0.00741,0.0,0.0,0.02927,0.0,-0.1406,0.1633,0.0,0.0,0.0,0.0,-1.808,0.0,-0.5,-1.0,-0.3184,0.4268,0.0,1.0,0.0,0.0,0.0,0.0,0.0,-1.843
0.02956,0.02975,0.02988,-0.1278,0.11694,0.781,0.4653,0.04166,-0.1797,0.2145,0.3665,-1.297,0.7144,-1.268,-1.0,0.0,-0.1927,-0.2239,-0.3628,0.0,0.841,0.461,0.7017,0.7344,-0.2502,-0.3506,0.8667,-0.4895,-0.01698,-0.986,-0.8184,0.9297,-0.09546,0.0463,0.00965,0.0,0.0,0.03146,0.0,-0.153,0.07275,0.0,0.0,0.0,0.0,-0.8975,-1.0,-0.5,-1.0,-0.0505,0.1808,0.0,2.0,0.0,0.0,0.0,0.0,0.0,-0.93
0.03102,0.03111,0.03146,-0.273,0.2573,0.781,0.4653,-0.1381,-0.03842,0.2732,0.3809,-2.258,0.7144,-1.258,0.0,0.0,-0.2615,-0.2632,-0.3293,0.0,0.8433,0.103,0.6206,0.7104,-0.0747,-0.3486,1.183,0.3877,-0.0581,-0.4895,1.192,-0.4236,-0.4185,0.04575,0.01226,0.0,0.0,0.03345,0.0,-0.1434,0.2034,0.0,0.0,0.0,0.0,0.6733,0.0,0.0,-0.5,-0.1694,0.3384,1.0,0.0,0.0,0.0,0.0,0.0,0.0,0.704
0.03198,0.032,0.0325,-0.1326,0.1117,-0.01195,0.4653,-0.1729,-0.1906,0.236,0.392,-2.031,0.5713,-1.247,-1.0,0.0,-0.2313,-0.2241,-0.3496,0.0,0.846,-0.506,0.541,0.676,-0.218,-0.343,0.1812,-0.2335,-0.09,0.3877,-0.986,-0.8184,1.866,0.0425,0.01498,0.0,0.0,0.0349,0.0,-0.1494,0.12103,0.0,0.0,0.0,0.0,-0.404,0.0,-0.5,-1.0,-0.0251,0.208,0.0,1.0,0.0,0.0,0.0,0.0,0.0,-0.4197
0.0326,0.03256,0.0331,-0.0249,0.0003915,-0.01195,0.4653,-0.1389,-0.314,0.2056,0.401,1.94,0.4285,-1.237,-1.0,0.0,-0.2009,-0.1981,-0.3657,0.0,0.8486,-0.2659,0.4353,0.625,-0.3218,-0.3406,-0.342,-0.1875,-0.198,-0.2335,-0.4895,1.192,0.829,0.03986,0.0178,0.0,0.0,0.037,0.0,-0.1542,0.0805,0.0,0.0,0.0,0.0,-0.3796,-1.0,-1.0,-1.0,0.08246,0.105,0.0,2.0,0.0,0.0,0.0,0.0,0.0,-0.3958
0.0326,0.03253,0.03317,0.1405,-0.1697,-0.01195,0.4653,-0.1012,-0.503,0.1517,0.4072,1.187,0.2856,-1.228,-1.0,0.0,-0.1486,-0.1492,-0.3953,0.0,0.851,-0.1636,0.3088,0.5645,-0.5107,-0.336,-0.0726,-0.341,-0.2242,-0.1875,0.3877,-0.9854,-0.5527,0.0383,0.02072,0.0,0.0,0.03766,0.0,-0.1628,0.01778,0.0,0.0,0.0,0.0,-0.7134,-1.0,-1.0,-1.0,0.2366,-0.06464,0.0,3.0,0.0,-0.5,0.0,0.0,0.0,-0.746
0.0332,0.03302,0.03394,-0.03986,0.004032,-0.01195,0.4653,-0.1182,-0.3596,0.2124,0.4229,-0.2627,0.1428,-1.218,-1.0,0.0,-0.2052,-0.2067,-0.3608,0.0,0.8535,-0.4092,0.1538,0.499,-0.3755,-0.3252,-0.7095,0.402,-0.2338,-0.341,-0.2335,-0.4893,0.9297,0.03494,0.02348,0.0,0.0,0.0382,0.0,-0.153,0.2062,0.0,0.0,0.0,0.0,0.6787,0.0,-1.0,-0.5,-0.004684,0.02887,1.0,0.0,0.0,-0.5,0.0,0.0,0.0,0.714
0.03293,0.03275,0.03363,0.2273,-0.2656,-0.01195,0.4653,-0.2423,-0.603,0.12415,0.4116,1.234,0.0,-1.208,-1.0,0.0,-0.1359,-0.1087,-0.4094,0.0,0.856,-0.1282,0.01741,0.4216,-0.6436,-0.326,-0.5386,-0.564,-0.2426,0.402,-0.1875,0.3877,-0.4233,0.0326,0.02582,0.0,0.0,0.03845,0.0,-0.1671,-0.379,0.0,0.0,0.0,0.0,-1.044,-1.0,-1.0,-1.0,0.2329,-0.2522,0.0,1.0,0.0,-0.5,0.0,0.0,0.0,-1.091
0.0335,0.0333,0.03424,-0.03114,-0.005024,-0.01195,0.4653,-0.2435,-0.2878,0.2125,0.3997,-0.5654,-0.1428,-1.198,-1.0,0.0,-0.2166,-0.1948,-0.3608,0.0,0.8584,0.144,-0.1023,0.3264,-0.3354,-0.3328,-0.1309,0.5693,-0.2668,-0.564,-0.3408,-0.2334,-0.8184,0.03262,0.02884,0.0,0.0,0.03928,0.0,-0.1532,-0.4612,0.0,0.0,0.0,0.0,0.9346,0.0,-0.5,-1.0,-0.01062,0.004566,1.0,0.0,0.0,-0.5,0.0,0.0,0.0,0.986
0.0353,0.03513,0.03604,-0.3755,0.3445,-0.01195,0.4653,-0.229,0.1111,0.3428,0.4036,-2.39,-0.1428,-1.188,0.0,0.0,-0.331,-0.32,-0.2886,0.0,0.8613,-0.2051,-0.2136,0.2357,0.07513,-0.3345,-0.8813,0.834,-0.2817,0.5693,0.402,-0.1875,1.192,0.0337,0.0318,0.0,0.0,0.0407,0.0,-0.1326,-0.07794,0.0,0.0,0.0,0.0,1.245,1.0,-0.5,-0.5,-0.342,0.3413,2.0,0.0,0.0,-0.5,0.0,0.0,0.0,1.301
0.0368,0.03653,0.0376,-0.2832,0.2467,-0.01195,0.4653,-0.283,0.0884,0.3276,0.3955,0.03287,-0.1428,-1.178,0.0,0.0,-0.3228,-0.3008,-0.2979,0.0,0.864,-0.6245,-0.3198,0.1323,0.06256,-0.3416,-0.3025,-0.10425,-0.308,0.834,-0.564,-0.3408,-0.9854,0.03506,0.03442,0.0,0.0,0.04208,0.0,-0.1353,-0.3809,0.0,0.0,0.0,0.0,-0.1263,1.0,-0.5,-1.0,-0.2705,0.2281,0.0,1.0,0.0,-0.5,0.0,0.0,0.0,-0.1302
0.0396,0.0394,0.04034,-0.649,0.6206,-0.01195,0.4653,-0.2703,0.538,0.4783,0.4036,2.566,-0.1428,-1.168,0.0,0.0,-0.4521,-0.4414,-0.2145,0.0,0.866,-0.13,-0.4155,0.02003,0.5356,-0.343,0.0151,0.9517,-0.3123,-0.10425,0.5693,0.4019,-0.4893,0.03903,0.0368,0.0,0.0,0.04428,0.0,-0.11145,0.02187,0.0,0.0,0.0,0.0,1.503,1.0,0.0,-0.5,-0.6113,0.6006,1.0,0.0,0.0,-0.5,0.0,0.0,0.0,1.552
0.04297,0.04288,0.04358,-0.7896,0.7695,-0.01195,0.4653,-0.2935,0.726,0.5615,0.4265,0.4592,-0.1428,-1.158,0.0,0.0,-0.5244,-0.5146,-0.1687,0.0,0.8687,-0.1564,-0.4924,-0.107,0.7437,-0.3347,-0.1172,0.514,-0.3352,0.9517,0.834,-0.5635,0.3877,0.04498,0.03915,0.0,0.0,0.04727,0.0,-0.09845,0.4202,0.0,0.0,0.0,0.0,0.8765,2.0,0.0,0.0,-0.782,0.706,2.0,0.0,0.0,-0.5,0.0,0.0,0.0,0.8906
0.04684,0.0468,0.0474,-0.919,0.9053,-0.01195,0.4653,-0.4092,0.943,0.647,0.4424,0.4255,-0.1428,-1.158,0.0,0.0,-0.6055,-0.579,-0.122,0.0,0.871,-0.6206,-0.52,-0.2113,0.941,-0.3235,0.1401,0.521,-0.2417,0.514,-0.10425,0.569,-0.2334,0.05127,0.04153,0.0,0.0,0.0492,0.0,-0.08514,0.2646,0.0,0.0,0.0,0.0,0.994,2.0,0.5,0.0,-0.931,0.8105,3.0,0.0,0.0,-0.5,1.0,0.0,2.129,1.001
0.05026,0.05032,0.05075,-0.8013,0.7905,-0.3818,0.4653,-0.4634,0.845,0.6436,0.4695,0.04144,-0.1428,-1.158,0.0,0.0,-0.608,-0.5713,-0.125,0.0,0.8735,-0.2423,-0.5107,-0.29,0.86,-0.312,0.4163,-0.0337,-0.1721,0.521,0.9517,0.8335,-0.1875,0.05875,0.0444,0.0,0.0,0.05045,0.0,-0.0862,0.6826,0.0,0.0,0.0,0.0,-0.0504,1.0,0.5,0.0,-0.846,0.669,0.0,1.0,0.0,-0.5,0.0,0.0,0.0,-0.05035
0.0529,0.05292,0.05338,-0.5757,0.5625,-0.3818,0.4653,-0.52,0.6,0.595,0.4988,-0.1371,0.0,-1.158,0.0,0.0,-0.5728,-0.523,-0.1536,0.0,0.8765,-0.3423,-0.465,-0.3472,0.6133,-0.296,0.795,-0.3147,-0.1312,-0.0337,0.514,-0.10425,-0.3408,0.0642,0.0464,0.0,0.0,0.05188,0.0,-0.0945,0.7666,1.0,0.0,0.0,0.0,-0.5864,1.0,0.5,0.0,-0.638,0.4395,0.0,2.0,0.0,-0.5,0.0,0.0,0.0,-0.586
0.05646,0.05658,0.0569,-0.831,0.825,-0.3818,0.4653,-0.5444,0.885,0.7207,0.532,0.58,0.0,-1.158,0.0,0.0,-0.678,-0.631,-0.0844,0.0,0.879,-0.3113,-0.388,-0.373,0.878,-0.275,0.7217,0.768,-0.05542,-0.3147,0.521,0.951,0.4019,0.0696,0.04846,0.0,0.0,0.05322,0.0,-0.07477,0.8525,1.0,0.0,0.0,0.0,1.622,1.0,0.5,0.0,-0.853,0.7266,1.0,0.0,0.0,-0.5,0.0,0.0,0.0,1.629
0.05914,0.05927,0.05954,-0.584,0.576,-0.3818,0.4653,-0.541,0.609,0.6665,0.5654,-0.1595,0.1428,-1.158,0.0,0.0,-0.634,-0.584,-0.11694,0.0,0.8813,-0.6216,-0.304,-0.3706,0.613,-0.2593,1.262,-0.357,-0.007473,0.768,-0.0337,0.5137,-0.5635,0.07434,0.05045,0.0,0.0,0.0546,0.0,-0.0842,0.783,1.0,0.0,0.0,0.0,-0.629,0.0,0.5,0.0,-0.613,0.4893,0.0,1.0,0.0,-0.5,0.0,0.0,0.0,-0.624
0.0613,0.06143,0.06174,-0.4514,0.4417,-0.3818,0.4653,-0.528,0.4404,0.6455,0.598,-0.11224,0.2856,-1.158,0.0,0.0,-0.615,-0.567,-0.1301,0.0,0.884,-0.2109,-0.2136,-0.3398,0.4426,-0.2412,1.124,-0.1459,0.01682,-0.357,-0.3145,0.521,0.569,0.07654,0.05243,0.0,0.0,0.0565,0.0,-0.08813,0.8003,1.0,0.0,0.0,0.0,-0.2208,-1.0,0.0,0.0,-0.498,0.3457,0.0,2.0,0.0,-0.5,0.0,0.0,0.0,-0.2203
0.06287,0.0629,0.06335,-0.2888,0.273,-0.3818,0.4653,-0.545,0.2198,0.6094,0.633,-0.2927,0.4285,-1.158,0.0,0.0,-0.587,-0.533,-0.1525,0.0,0.886,-0.4792,-0.11346,-0.2822,0.2114,-0.2211,0.777,-0.2474,0.0359,-0.1459,0.768,-0.03366,0.8335,0.07697,0.0542,0.0,0.0,0.05725,0.0,-0.0947,0.841,1.0,0.0,0.0,0.0,-0.5215,-1.0,-0.5,0.0,-0.3508,0.1727,0.0,3.0,0.0,-0.5,0.0,0.0,0.0,-0.5215
0.06555,0.06555,0.06604,-0.577,0.564,-0.3818,0.4653,-0.5303,0.4893,0.7363,0.672,1.025,0.5713,-1.158,0.0,0.0,-0.69,-0.646,-0.08344,0.0,0.8887,-0.0864,-0.003624,-0.2134,0.4783,-0.2008,0.938,0.768,0.0759,-0.2474,-0.3567,-0.3145,-0.1042,0.078,0.05646,0.0,0.0,0.05945,0.0,-0.075,0.9146,1.0,0.0,0.0,0.0,1.529,0.0,0.0,0.0,-0.611,0.4727,1.0,0.0,0.0,-0.5,0.0,0.0,0.0,1.536
0.067,0.0669,0.0677,-0.2651,0.2401,-0.3818,0.8315,-0.513,0.0962,0.648,0.711,-0.5703,0.7144,-1.158,0.0,0.0,-0.616,-0.5703,-0.1353,0.0,0.8916,-0.134,0.116,-0.1323,0.06058,-0.1752,0.5005,-0.5684,0.0671,0.768,-0.1458,0.7676,0.951,0.0777,0.05844,0.0,0.0,0.06155,0.0,-0.0901,0.898,1.0,0.0,0.0,0.0,-1.673,-1.0,-0.5,0.0,-0.312,0.1581,0.0,1.0,0.0,-0.5,0.0,0.0,0.0,-1.658
0.0704,0.0702,0.07104,-0.76,0.7393,-0.3818,0.8315,-0.4224,0.578,0.8516,0.756,2.645,0.857,-1.158,0.0,0.0,-0.772,-0.755,-0.02245,0.0,0.894,1.516,0.2267,-0.04883,0.549,-0.1526,0.2329,1.249,0.1179,-0.5684,-0.2473,-0.3567,0.5137,0.0812,0.06134,0.0,0.0,0.0644,0.0,-0.0579,1.016,1.0,0.0,0.0,0.0,3.371,0.0,-0.5,0.0,-0.7544,0.6753,1.0,0.0,0.0,-0.5,0.0,0.0,0.0,3.375
0.07367,0.0735,0.0744,-0.755,0.732,-0.3818,0.8315,-0.4773,0.5596,0.884,0.7935,0.11334,0.857,-1.158,0.0,0.0,-0.8022,-0.777,-0.00518,0.0,0.8965,-0.7266,0.3171,0.03043,0.5522,-0.1359,0.005753,0.1875,0.1525,1.249,0.7676,-0.1458,0.5205,0.08325,0.06335,0.0,0.0,0.0676,0.0,-0.053,0.916,1.0,0.0,0.0,0.0,0.2502,1.0,-0.5,0.0,-0.745,0.6733,2.0,0.0,0.0,-0.5,0.0,0.0,0.0,0.2454
0.0761,0.0758,0.0769,-0.5156,0.4849,-0.3818,0.8315,-0.3923,0.2756,0.826,0.829,-0.3186,0.857,-1.158,0.0,0.0,-0.749,-0.736,-0.0387,0.0,0.899,0.1257,0.3704,0.0991,0.3113,-0.1243,0.11,-0.3628,0.1411,0.1875,-0.5684,-0.2473,-0.03366,0.08527,0.0647,0.0,0.0,0.0707,0.0,-0.06274,0.788,1.0,0.0,0.0,0.0,-0.3352,1.0,-0.5,0.0,-0.5474,0.4004,0.0,1.0,0.0,-0.5,0.0,0.0,0.0,-0.3276
0.07904,0.07874,0.07983,-0.648,0.618,-0.3818,0.838,-0.406,0.4153,0.901,0.8574,0.5356,0.857,-1.148,0.0,0.0,-0.8096,-0.798,0.002949,0.0,0.9014,-0.1666,0.397,0.1642,0.4495,-0.1084,0.3723,0.4534,0.1112,-0.3628,1.249,0.7676,-0.3145,0.0888,0.06665,0.0,0.0,0.07434,0.0,-0.05093,0.6943,0.0,0.0,0.0,0.0,1.016,1.0,0.0,0.0,-0.6743,0.529,1.0,0.0,0.0,-0.5,0.0,0.0,0.0,0.999
0.08167,0.08136,0.08246,-0.5684,0.5376,-0.3818,0.838,-0.4307,0.343,0.899,0.879,-0.00647,0.857,-1.139,0.0,0.0,-0.8096,-0.7935,0.001932,0.0,0.904,-0.4766,0.4116,0.2306,0.3484,-0.0903,-0.00575,-0.01098,0.0803,0.4534,0.1874,-0.5684,0.7676,0.09283,0.06805,0.0,0.0,0.07776,0.0,-0.05145,0.5693,0.0,0.0,0.0,0.0,-0.03592,1.0,-0.5,-0.5,-0.626,0.4202,0.0,1.0,0.0,-0.5,0.0,0.0,0.0,-0.03506
0.084,0.0837,0.0848,-0.4814,0.451,-0.3818,0.838,-0.4321,0.2744,0.891,0.894,-0.0212,0.857,-1.129,0.0,0.0,-0.804,-0.787,-0.002132,0.0,0.9067,-0.3574,0.4019,0.2834,0.2817,-0.0817,0.2854,-0.0439,-0.02525,-0.01098,-0.3625,1.249,-0.3567,0.095,0.0697,0.0,0.0,0.08154,0.0,-0.05276,0.4014,0.0,0.0,0.0,0.0,-0.0782,0.0,-0.5,-1.0,-0.545,0.3337,0.0,2.0,0.0,-0.5,0.0,0.0,0.0,-0.0763
0.0857,0.0854,0.0865,-0.3274,0.2942,-0.3818,0.838,-0.4568,0.1256,0.855,0.907,-0.2761,0.857,-1.119,0.0,0.0,-0.778,-0.7544,-0.02245,0.0,0.909,-0.606,0.3655,0.3179,0.1422,-0.0757,0.46,-0.2197,-0.1315,-0.0439,0.4534,0.1874,-0.1458,0.09796,0.07166,0.0,0.0,0.08466,0.0,-0.05872,0.3083,0.0,0.0,0.0,0.0,-0.376,-1.0,-0.5,-1.0,-0.4053,0.1737,0.0,3.0,0.0,-0.5,0.0,0.0,0.0,-0.3674
0.0864,0.0861,0.0873,-0.06128,0.02371,-0.3818,0.822,-0.3728,-0.1576,0.7715,0.9185,-1.147,0.7144,-1.109,-1.0,0.0,-0.7036,-0.6914,-0.06915,0.0,0.9116,0.4336,0.3113,0.3364,-0.1373,-0.0696,0.6943,-0.5073,-0.2113,-0.2197,-0.01097,-0.3625,-0.2473,0.09674,0.0727,0.0,0.0,0.08673,0.0,-0.0723,0.2164,0.0,0.0,0.0,0.0,-1.019,-1.0,-0.5,-1.0,-0.1678,-0.1073,0.0,4.0,0.0,-0.5,0.0,0.0,0.0,-0.9985
0.08685,0.08655,0.0877,0.01604,-0.05524,-0.3818,0.753,-0.4104,-0.2241,0.7495,0.9185,1.863,0.5713,-1.099,-1.0,0.0,-0.6895,-0.6685,-0.08136,0.0,0.914,-0.4917,0.2466,0.3315,-0.2135,-0.0673,0.2644,-0.1334,-0.33,-0.5073,-0.04388,0.4531,0.7676,0.0947,0.07416,0.0,0.0,0.08875,0.0,-0.0759,-0.12317,0.0,0.0,0.0,0.0,-0.225,-2.0,-1.0,-1.5,-0.1067,-0.1979,0.0,5.0,0.0,0.0,0.0,0.0,0.0,-0.2225
0.0865,0.0862,0.08734,0.2354,-0.2766,-0.3818,0.5127,-0.375,-0.4502,0.6743,0.919,2.42,0.4285,-1.089,-1.0,0.0,-0.6255,-0.607,-0.124,0.0,0.9165,-0.3787,0.1606,0.304,-0.437,-0.0679,0.6323,-0.468,-0.381,-0.1334,-0.2196,-0.01097,-0.5684,0.09247,0.0756,0.0,0.0,0.08954,0.0,-0.0883,-0.1702,0.0,0.0,0.0,0.0,-0.8545,-2.0,-1.0,-1.5,0.11597,-0.3987,0.0,5.617,0.0,0.5,0.0,0.0,0.0,-0.8467
0.08685,0.0865,0.0877,0.0424,-0.0832,-0.3818,0.5127,-0.4236,-0.2651,0.7417,0.925,-0.4624,0.2856,-1.079,-1.0,0.0,-0.6846,-0.6606,-0.0864,0.0,0.9194,-0.641,0.06305,0.2634,-0.2522,-0.06506,-0.1575,0.4155,-0.4094,-0.468,-0.5073,-0.04388,1.249,0.09015,0.07715,0.0,0.0,0.09033,0.0,-0.07764,0.05386,0.0,0.0,0.0,0.0,0.6,-1.0,-1.0,-1.0,-0.0557,-0.1969,1.0,0.0,0.0,0.5,0.0,0.0,0.0,0.5996
0.088,0.0876,0.0889,-0.1738,0.1328,-0.6685,0.5127,-0.4133,-0.05804,0.822,0.936,-1.371,0.2856,-1.069,0.0,0.0,-0.7476,-0.7305,-0.03973,0.0,0.922,-0.2311,-0.0337,0.2156,-0.0483,-0.05658,-0.325,0.513,-0.4128,0.4155,-0.1334,-0.2196,0.1874,0.08905,0.07904,0.0,0.0,0.09106,0.0,-0.06433,0.334,0.0,0.0,0.0,0.0,1.014,0.0,-1.0,-0.5,-0.2705,0.003826,2.0,0.0,0.0,0.5,0.0,0.0,0.0,1.006
0.0885,0.0881,0.0894,0.00109,-0.0449,-0.6685,0.5127,-0.4312,-0.2262,0.7607,0.932,-3.088,0.1428,-1.06,-1.0,0.0,-0.7,-0.6763,-0.0702,0.0,0.9243,-0.389,-0.1322,0.1571,-0.23,-0.0526,-0.1121,-0.3318,-0.4233,0.513,-0.468,-0.507,-0.3625,0.0872,0.08093,0.0,0.0,0.0916,0.0,-0.07324,-0.078,0.0,0.0,0.0,0.0,-0.564,0.0,-1.0,-1.0,-0.11835,-0.185,0.0,1.0,0.0,0.5,0.0,0.0,0.0,-0.5547
0.0889,0.0885,0.08997,0.007378,-0.05463,-0.6685,0.5127,-0.4714,-0.2458,0.7554,0.934,0.3374,0.0,-1.05,-1.0,0.0,-0.6997,-0.668,-0.06915,0.0,0.927,-0.5986,-0.2091,0.09467,-0.2632,-0.04507,-0.4292,0.01112,-0.4521,-0.3318,0.4155,-0.1334,0.4531,0.086,0.08295,0.0,0.0,0.0924,0.0,-0.073,0.1937,0.0,0.0,0.0,0.0,0.0158,1.0,-1.0,-0.5,-0.175,-0.263,1.0,0.0,0.0,0.5,0.0,0.0,0.0,0.01563
0.0898,0.08923,0.0908,-0.0838,0.03564,-0.6685,0.5127,-0.6484,-0.12213,0.785,0.9233,-0.895,-0.1428,-1.04,-1.0,0.0,-0.7393,-0.677,-0.04785,0.0,0.929,-0.3933,-0.27,0.0316,-0.164,-0.04245,-0.473,0.2335,-0.4524,0.01112,0.513,-0.468,-0.01097,0.08655,0.0849,0.0,0.0,0.0927,0.0,-0.067,-0.2976,0.0,0.0,0.0,0.0,0.3257,2.0,-0.5,-0.5,-0.2573,-0.1699,2.0,0.0,0.0,0.5,0.0,0.0,0.0,0.322
0.0903,0.0898,0.0913,-0.00987,-0.03964,-0.6685,0.5127,-0.619,-0.1614,0.7583,0.9106,6.3,-0.2856,-1.029,-1.0,0.0,-0.7153,-0.6562,-0.05902,0.0,0.9316,-0.421,-0.3284,-0.0402,-0.2133,-0.04434,-0.4795,-0.1218,-0.4644,0.2335,-0.3318,0.4155,-0.04388,0.08716,0.08704,0.0,0.0,0.09326,0.0,-0.0703,-0.4827,0.0,0.0,0.0,0.0,-0.2086,1.0,-0.5,-1.0,-0.2007,-0.2583,0.0,1.0,0.0,0.5,0.0,0.0,0.0,-0.2056
0.0902,0.0897,0.09125,0.1508,-0.2024,-0.6685,0.5127,-0.665,-0.3052,0.696,0.897,3.557,-0.4285,-1.02,-1.0,0.0,-0.669,-0.598,-0.0895,0.0,0.9346,-0.4304,-0.3943,-0.1181,-0.3586,-0.04742,-0.376,-0.333,-0.482,-0.1218,0.01112,0.513,-0.2196,0.0881,0.08875,0.0,0.0,0.0936,0.0,-0.0792,-0.466,0.0,0.0,0.0,0.0,-0.5703,0.0,-0.5,-1.0,-0.05676,-0.4268,0.0,2.0,0.0,0.5,0.0,0.0,0.0,-0.563
0.0897,0.0892,0.09076,0.2676,-0.3213,-0.6685,0.5127,-0.6733,-0.3914,0.646,0.876,0.641,-0.5713,-1.01,-1.0,0.0,-0.6284,-0.553,-0.1139,0.0,0.937,-0.3052,-0.4548,-0.2006,-0.4385,-0.05704,-0.0927,-0.2678,-0.509,-0.333,0.2335,-0.3318,-0.507,0.08734,0.08984,0.0,0.0,0.094,0.0,-0.0864,-0.9326,0.0,0.0,0.0,0.0,-0.794,0.0,-0.5,-1.5,0.0664,-0.53,0.0,3.0,0.0,0.5,0.0,0.0,0.0,-0.788
0.09033,0.0898,0.09143,-0.03116,-0.02007,-0.6685,0.5127,-0.66,-0.0536,0.7437,0.862,-1.198,-0.5713,-1.0,0.0,0.0,-0.707,-0.6396,-0.05496,0.0,0.9395,-0.2725,-0.4873,-0.2842,-0.0819,-0.06573,-0.0381,0.6504,-0.512,-0.2678,-0.1218,0.011116,-0.1334,0.087,0.0913,0.0,0.0,0.09424,0.0,-0.06964,-0.4668,0.0,0.0,0.0,0.0,1.199,0.0,0.0,-1.0,-0.1814,-0.1963,1.0,0.0,0.0,0.5,0.0,0.0,0.0,1.195
0.09125,0.09064,0.09235,-0.1136,0.0615,-0.6685,0.5127,-0.713,0.068,0.7725,0.851,2.31,-0.5713,-0.99,0.0,0.0,-0.735,-0.6597,-0.03464,0.0,0.942,-0.9326,-0.5054,-0.356,0.04282,-0.069,0.2825,0.2218,-0.5444,0.6504,-0.333,0.2334,-0.4678,0.0879,0.09247,0.0,0.0,0.0952,0.0,-0.0639,-0.318,0.0,0.0,0.0,0.0,0.3416,0.0,0.5,-0.5,-0.258,-0.11475,2.0,0.0,0.0,0.5,0.0,0.0,0.0,0.337
0.092,0.0914,0.09314,-0.0761,0.02283,-0.6685,0.5127,-0.7334,0.0575,0.757,0.8403,0.08014,-0.5713,-0.98,0.0,0.0,-0.7246,-0.644,-0.0377,0.0,0.9443,-0.8413,-0.511,-0.4146,0.04092,-0.0717,0.0798,-0.03314,-0.548,0.2218,-0.2678,-0.1218,0.4153,0.0887,0.09326,0.0,0.0,0.09503,0.0,-0.0648,-0.226,0.0,0.0,0.0,0.0,-0.02908,0.0,0.0,-0.5,-0.2476,-0.1799,0.0,1.0,0.0,0.5,0.0,0.0,0.0,-0.02858
0.0928,0.09216,0.09393,-0.08563,0.03217,-0.933,0.5127,-0.8496,0.07574,0.7603,0.8384,0.2588,-0.4285,-0.97,0.0,0.0,-0.7373,-0.6357,-0.0316,0.0,0.947,-0.8716,-0.508,-0.4646,0.0764,-0.0723,-0.2163,0.06635,-0.558,-0.03314,0.6504,-0.3328,0.5127,0.0891,0.0938,0.0,0.0,0.0948,0.0,-0.0631,0.1063,0.0,0.0,0.0,0.0,0.03204,1.0,0.0,0.0,-0.26,-0.1744,1.0,0.0,-1.0,0.5,0.0,0.0,0.0,0.03152
0.0942,0.0936,0.0953,-0.2468,0.197,-0.933,0.5127,-0.8765,0.2487,0.821,0.843,1.137,-0.2856,-0.9604,0.0,0.0,-0.788,-0.685,0.00701,0.0,0.9497,-0.7134,-0.5063,-0.5117,0.265,-0.0692,0.00503,0.4197,-0.54,0.06635,0.2218,-0.2678,-0.3315,0.0909,0.09467,0.0,0.0,0.0952,0.0,-0.05212,0.3953,0.0,0.0,0.0,0.0,0.546,2.0,0.5,0.5,-0.4143,-0.01456,2.0,0.0,-1.0,0.5,0.0,0.0,0.0,0.536
0.095,0.09436,0.0961,-0.0817,0.02872,-0.933,0.5127,-0.872,0.06165,0.7656,0.85,-0.421,-0.1428,-0.9507,0.0,0.0,-0.7437,-0.638,-0.02042,0.0,0.952,-0.3835,-0.5103,-0.547,0.07196,-0.0601,0.05246,-0.2961,-0.551,0.4197,-0.03314,0.65,0.011116,0.0927,0.09546,0.0,0.0,0.09503,0.0,-0.06012,0.5137,0.0,0.0,0.0,0.0,-0.4226,1.0,0.0,0.5,-0.2651,-0.1874,0.0,1.0,-1.0,0.5,0.0,0.0,0.0,-0.4124
0.0962,0.0956,0.0973,-0.1956,0.1449,-0.933,0.5127,-0.8623,0.1775,0.8105,0.8574,0.8613,0.0,-0.9404,0.0,0.0,-0.779,-0.6777,0.008026,0.0,0.9546,-0.4775,-0.5117,-0.5625,0.1946,-0.0547,-0.06396,0.3086,-0.547,-0.2961,0.06635,0.2217,0.2334,0.0959,0.09607,0.0,0.0,0.0951,0.0,-0.05203,0.4717,0.0,0.0,0.0,0.0,0.3535,1.0,0.0,0.5,-0.3826,-0.08405,1.0,0.0,-1.0,0.5,0.0,0.0,0.0,0.3464
0.0963,0.0957,0.0974,0.1013,-0.1559,-0.933,0.5127,-0.864,-0.1182,0.7056,0.8516,-0.9653,-0.1428,-0.9307,-1.0,0.0,-0.695,-0.5874,-0.04785,0.0,0.957,-0.3784,-0.511,-0.5723,-0.10516,-0.0539,0.05463,-0.603,-0.5615,0.3086,0.4197,-0.03314,-0.12177,0.09607,0.0965,0.0,0.0,0.09467,0.0,-0.0682,-0.1886,0.0,0.0,0.0,0.0,-0.5786,1.0,0.0,0.0,-0.0902,-0.3667,0.0,1.0,-1.0,0.5,0.0,0.0,0.0,-0.5645
0.0972,0.0967,0.0984,-0.1232,0.07184,-0.933,0.5127,-0.8813,0.11017,0.783,0.8545,-17.1,0.0,-0.921,0.0,0.0,-0.759,-0.653,-9.99e-05,0.0,0.9595,-0.491,-0.5103,-0.5767,0.1302,-0.0506,0.278,0.5205,-0.551,-0.603,-0.2961,0.06635,-0.3328,0.097,0.0973,0.0,0.0,0.09485,0.0,-0.05457,0.2827,0.0,0.0,0.0,0.0,0.8584,1.0,0.5,0.5,-0.2744,-0.1124,1.0,0.0,-1.0,0.5,0.0,0.0,0.0,0.8457
0.0973,0.09674,0.09845,0.1141,-0.1686,-0.933,0.5127,-0.851,-0.138,0.6973,0.8516,-1.065,0.0,-0.911,-1.0,0.0,-0.6865,-0.5815,-0.0448,0.0,0.962,-0.364,-0.5146,-0.5776,-0.11145,-0.04956,0.514,-0.4832,-0.552,0.5205,0.3086,0.4194,-0.2678,0.0968,0.09796,0.0,0.0,0.0951,0.0,-0.0675,-0.00658,0.0,0.0,0.0,0.0,-0.7837,0.0,0.5,0.0,-0.03864,-0.3362,0.0,1.0,-1.0,0.5,0.0,0.0,0.0,-0.7656
0.0979,0.0973,0.099,-0.02995,-0.02266,-0.933,0.5127,-0.8784,0.011955,0.7456,0.8506,-7.05,0.1428,-0.901,0.0,0.0,-0.7285,-0.6206,-0.01432,0.0,0.965,-0.6367,-0.521,-0.577,0.03793,-0.04727,0.1459,0.332,-0.5503,-0.4832,-0.603,-0.296,0.65,0.0972,0.0984,0.0,0.0,0.0957,0.0,-0.0589,0.03867,0.0,0.0,0.0,0.0,0.577,1.0,0.5,0.0,-0.1628,-0.1799,1.0,0.0,-1.0,0.5,0.0,0.0,0.0,0.568
0.09924,0.0987,0.10034,-0.2296,0.1809,-0.933,0.852,-0.884,0.2212,0.818,0.8545,1.948,0.2856,-0.891,0.0,0.0,-0.7866,-0.682,0.0314,0.0,0.9673,-0.3933,-0.518,-0.575,0.254,-0.04236,0.03091,0.4954,-0.553,0.332,0.5205,0.3086,0.2217,0.0979,0.0994,0.0,0.0,0.09717,0.0,-0.0459,0.302,0.0,0.0,0.0,0.0,0.976,1.0,0.5,0.5,-0.3425,0.02995,2.0,0.0,-1.0,0.5,0.0,0.0,0.0,0.9556
0.10095,0.1004,0.10205,-0.3274,0.2808,-0.8267,0.852,-0.909,0.3152,0.859,0.8657,0.4495,0.4285,-0.8813,0.0,0.0,-0.8213,-0.7144,0.05984,0.0,0.9697,-0.6035,-0.4866,-0.5615,0.3364,-0.02942,0.0992,0.3057,-0.516,0.4954,-0.4832,-0.603,-0.03314,0.10004,0.0999,0.0,0.0,0.0985,0.0,-0.03787,0.592,0.0,0.0,0.0,0.0,0.5737,2.0,1.0,1.0,-0.4326,0.1304,3.0,0.0,-1.0,0.5,0.0,0.0,0.0,0.557
0.103,0.1025,0.1041,-0.4153,0.3691,-0.668,0.852,-0.956,0.3884,0.9,0.884,0.3296,0.5713,-0.871,0.0,0.0,-0.858,-0.744,0.08826,0.0,0.972,-0.8403,-0.409,-0.5195,0.3696,-0.007034,0.1251,0.3042,-0.4531,0.3057,0.332,0.5205,0.0663,0.1021,0.1005,0.0,0.0,0.09973,0.0,-0.02983,0.841,1.0,0.0,0.0,0.0,0.517,2.0,1.0,1.5,-0.532,0.1993,4.0,0.0,-0.5,0.5,0.0,0.0,0.0,0.4995
0.1046,0.10406,0.1057,-0.288,0.2405,-0.668,0.852,-0.969,0.2534,0.8623,0.892,-0.1512,0.5713,-0.8613,0.0,0.0,-0.832,-0.709,0.072,0.0,0.9746,-0.678,-0.3352,-0.472,0.2178,0.00585,-0.06323,-0.173,-0.4253,0.3042,0.4954,-0.483,0.4194,0.1053,0.1012,0.0,0.0,0.101,0.0,-0.03464,0.5396,0.0,0.0,0.0,0.0,-0.2952,2.0,0.5,1.0,-0.4158,0.0688,0.0,1.0,-0.5,0.5,0.0,0.0,0.0,-0.2837
0.10626,0.1057,0.10736,-0.3037,0.2578,-0.668,0.852,-0.958,0.2722,0.8765,0.901,0.1996,0.5713,-0.8516,0.0,0.0,-0.8394,-0.724,0.0842,0.0,0.977,-0.4324,-0.2747,-0.4255,0.2352,0.014854,0.1769,0.1301,-0.3982,-0.173,0.3057,0.332,-0.296,0.1075,0.1017,0.0,0.0,0.1025,0.0,-0.03125,0.5083,0.0,0.0,0.0,0.0,0.2134,2.0,1.0,1.0,-0.4265,0.09045,1.0,0.0,-0.5,0.5,0.0,0.0,0.0,0.2057
0.10785,0.10736,0.10895,-0.2898,0.2449,-0.668,0.852,-0.9307,0.2556,0.8794,0.91,0.0956,0.5713,-0.842,0.0,0.0,-0.8394,-0.7295,0.09033,0.0,0.98,-0.535,-0.2295,-0.3813,0.2305,0.02196,0.0496,0.0649,-0.3691,0.1301,0.3042,0.495,0.3083,0.111,0.10223,0.0,0.0,0.10376,0.0,-0.0296,0.553,0.0,0.0,0.0,0.0,0.0909,2.0,1.0,1.5,-0.4143,0.07666,2.0,0.0,-0.5,0.5,0.0,0.0,0.0,0.08746
0.10956,0.1091,0.1106,-0.3147,0.2708,-0.668,0.852,-0.9297,0.2786,0.895,0.9194,0.2113,0.5713,-0.8315,0.0,0.0,-0.8516,-0.7427,0.10455,0.0,0.9824,-0.842,-0.1927,-0.3364,0.2559,0.03143,0.503,0.1512,-0.343,0.0649,-0.1729,0.3057,-0.6025,0.11414,0.1029,0.0,0.0,0.1053,0.0,-0.02571,0.583,0.0,0.0,0.0,0.0,0.3809,2.0,1.5,1.5,-0.452,0.0869,3.0,0.0,-0.5,0.5,0.0,0.0,0.0,0.366
0.11237,0.11194,0.11334,-0.598,0.5625,-0.668,0.852,-0.877,0.5938,1.011,0.9316,1.0205,0.5713,-0.822,0.0,0.0,-0.9365,-0.8433,0.1766,0.0,0.985,-0.01909,-0.1475,-0.2834,0.5444,0.0483,0.2732,0.765,-0.2878,0.1512,0.13,0.304,0.5205,0.118,0.1041,0.0,0.0,0.1077,0.0,-0.005188,0.695,0.0,0.0,0.0,0.0,1.996,2.0,1.5,1.5,-0.696,0.3997,4.0,0.0,-0.5,0.5,0.0,0.0,0.0,1.913
0.115,0.1146,0.1159,-0.545,0.5117,-0.668,0.9136,-0.818,0.5376,1.005,0.9463,0.05646,0.5713,-0.812,0.0,0.0,-0.927,-0.8447,0.1808,0.0,0.9873,0.2517,-0.09375,-0.2299,0.49,0.0629,0.7144,0.04257,-0.271,0.765,0.0649,-0.1729,-0.483,0.12115,0.1057,0.0,0.0,0.1105,0.0,-0.004196,0.902,1.0,0.0,0.0,0.0,0.095,3.0,1.5,2.0,-0.661,0.3325,5.0,0.0,0.0,0.5,0.0,0.0,0.0,0.0899
0.11615,0.1158,0.117,-0.1631,0.1278,-0.668,0.8516,-0.694,0.136,0.8716,0.9487,-0.532,0.5713,-0.802,0.0,0.0,-0.812,-0.7456,0.11163,0.0,0.9897,0.736,-0.04666,-0.184,0.08105,0.07294,0.658,-0.723,-0.2773,0.04257,0.1512,0.13,0.332,0.12177,0.1069,0.0,0.0,0.112,0.0,-0.02426,0.3523,0.0,0.0,0.0,0.0,-1.986,2.0,1.5,1.5,-0.2974,-0.04132,0.0,1.0,0.0,0.5,0.0,0.0,0.0,-1.879
0.1153,0.1149,0.11615,0.3687,-0.4111,-0.668,0.271,-0.5957,-0.4429,0.673,0.945,-2.385,0.5713,-0.792,-1.0,0.0,-0.6436,-0.5845,0.00498,0.0,0.992,0.4233,-0.02621,-0.1531,-0.4753,0.0739,0.424,-1.13,-0.2898,-0.723,0.765,0.0649,0.495,0.12,0.10767,0.0,0.0,0.11237,0.0,-0.05508,0.0881,0.0,0.0,0.0,0.0,-2.586,1.0,1.0,1.5,0.2349,-0.538,0.0,2.0,0.0,0.5,0.0,0.0,0.0,-2.475
0.11487,0.1145,0.1157,0.2544,-0.2952,-0.668,0.271,-0.5537,-0.3508,0.6953,0.938,-0.1652,0.4285,-0.782,-1.0,0.0,-0.6587,-0.608,0.02428,0.0,0.995,0.00507,-0.02202,-0.1327,-0.3953,0.0778,0.2041,0.2085,-0.3079,-1.13,0.04254,0.1512,0.3057,0.1184,0.1084,0.0,0.0,0.113,0.0,-0.04965,-0.02742,0.0,0.0,0.0,0.0,0.324,1.0,1.0,1.5,0.1134,-0.4392,1.0,0.0,0.0,0.5,0.0,0.0,0.0,0.3162
0.1141,0.11365,0.115,0.349,-0.3938,-0.668,0.271,-0.5845,-0.485,0.646,0.934,0.768,0.4285,-0.7725,-1.0,0.0,-0.6206,-0.5615,0.001932,0.0,0.9976,-0.831,-0.0415,-0.12384,-0.5156,0.0788,-0.02228,-0.2405,-0.32,0.2085,-0.723,0.765,0.304,0.1161,0.10864,0.0,0.0,0.1133,0.0,-0.0562,0.0834,0.0,0.0,0.0,0.0,-0.5127,0.0,0.5,1.5,0.1991,-0.54,0.0,1.0,0.0,0.5,0.0,0.0,0.0,-0.4985
0.1123,0.112,0.11316,0.617,-0.661,-0.668,0.271,-0.464,-0.778,0.5337,0.92,1.011,0.2856,-0.762,-1.0,0.0,-0.516,-0.4731,-0.057,0.0,1.0,0.04138,-0.0981,-0.1324,-0.7563,0.0658,0.03162,-0.6367,-0.2935,-0.2405,-1.13,0.04254,-0.1729,0.1119,0.1087,0.0,0.0,0.1127,0.0,-0.0734,-0.328,0.0,0.0,0.0,0.0,-2.36,-1.0,0.5,1.0,0.4565,-0.7983,0.0,2.0,0.0,0.5,0.0,1.0,-1.408,-2.303
0.11084,0.11053,0.11163,0.5483,-0.588,-0.668,0.271,-0.4524,-0.7207,0.533,0.901,0.04843,0.1428,-0.7524,-1.0,0.0,-0.515,-0.474,-0.0519,0.0,1.003,-0.2284,-0.178,-0.1454,-0.709,0.06158,-0.1459,0.05548,-0.2793,-0.6367,0.2084,-0.7227,0.13,0.10583,0.1088,0.0,0.0,0.11237,0.0,-0.0721,-0.5415,0.0,0.0,0.0,0.0,0.1169,0.0,0.5,1.0,0.3777,-0.7417,1.0,0.0,0.0,0.5,0.0,0.0,0.0,0.1153
0.10767,0.1076,0.1082,1.026,-1.06,-0.668,0.271,-0.3386,-1.182,0.3445,0.864,0.977,0.0,-0.7427,-1.0,0.0,-0.3423,-0.311,-0.1545,0.0,1.005,0.372,-0.266,-0.1685,-1.155,0.04404,-0.2854,-1.119,-0.1853,0.05548,-0.2405,-1.13,0.0649,0.09705,0.10815,0.0,0.0,0.1109,0.0,-0.1018,-1.034,0.0,0.0,0.0,0.0,-3.379,0.0,0.0,0.5,0.8643,-1.167,0.0,1.0,0.0,0.5,0.0,0.0,0.0,-3.33
0.10547,0.1055,0.106,0.7407,-0.766,-0.668,0.271,-0.308,-0.8936,0.4048,0.828,-0.1528,-0.1428,-0.733,-1.0,0.0,-0.3923,-0.3704,-0.1139,0.0,1.008,-0.516,-0.3171,-0.1997,-0.8647,0.02792,-0.559,0.452,-0.1503,-1.119,-0.6367,0.2084,0.1512,0.0911,0.10785,0.0,0.0,0.1103,0.0,-0.09033,-0.964,0.0,0.0,0.0,0.0,1.239,0.0,0.0,0.5,0.6084,-0.863,1.0,0.0,0.0,0.5,0.0,0.0,0.0,1.244
0.1055,0.1056,0.10596,0.1416,-0.1569,-0.539,0.271,-0.2268,-0.277,0.589,0.8086,-0.7256,-0.2856,-0.7227,-1.0,0.0,-0.5415,-0.5454,-0.002132,0.0,1.01,0.633,-0.339,-0.2339,-0.2408,0.01974,-1.224,1.233,-0.1499,0.452,0.05548,-0.2405,0.7646,0.09094,0.1084,0.0,0.0,0.1102,0.0,-0.05838,-0.3958,0.0,0.0,0.0,0.0,3.193,1.0,0.0,1.0,0.10046,-0.201,2.0,0.0,0.0,0.5,0.0,0.0,0.0,3.186
0.10596,0.106,0.1064,0.0407,-0.0555,-0.4187,0.271,-0.235,-0.14,0.615,0.7905,-0.785,-0.4285,-0.713,-1.0,0.0,-0.564,-0.5684,0.0192,0.0,1.013,-0.4353,-0.3408,-0.2725,-0.1099,0.01591,-1.379,0.2307,-0.1631,1.233,-1.119,-0.636,0.04254,0.0908,0.1092,0.0,0.0,0.11084,0.0,-0.05243,-0.3608,0.0,0.0,0.0,0.0,0.5015,2.0,0.0,1.0,0.014206,-0.09155,3.0,0.0,0.0,0.5,0.0,0.0,0.0,0.49
0.1048,0.1049,0.1052,0.4578,-0.4756,-0.4187,0.271,-0.1622,-0.5273,0.4597,0.762,14.88,-0.5713,-0.703,-1.0,0.0,-0.4265,-0.435,-0.0651,0.0,1.016,-0.001256,-0.321,-0.3135,-0.514,0.0087,-1.005,-0.908,-0.1462,0.2307,0.4517,0.05545,-0.7227,0.08905,0.10913,0.0,0.0,0.11035,0.0,-0.07684,-0.6143,0.0,0.0,0.0,0.0,-2.684,1.0,0.0,0.5,0.4468,-0.4626,0.0,1.0,0.0,0.5,0.0,0.0,0.0,-2.611
0.10406,0.1042,0.1045,0.3545,-0.3708,-0.4187,0.271,-0.1116,-0.389,0.475,0.7314,-0.2252,-0.7144,-0.693,-1.0,0.0,-0.435,-0.4539,-0.04987,0.0,1.018,-0.1991,-0.2712,-0.3477,-0.366,-0.004894,-0.3752,0.1666,-0.1324,-0.908,1.233,-1.119,-1.13,0.08923,0.1091,0.0,0.0,0.1096,0.0,-0.07275,-0.6104,0.0,0.0,0.0,0.0,0.5703,2.0,0.5,0.5,0.317,-0.3945,1.0,0.0,0.0,0.5,0.0,0.0,0.0,0.564
0.1023,0.1023,0.1028,0.641,-0.667,-0.4187,0.271,-0.1365,-0.615,0.3562,0.685,1.049,-0.857,-0.683,-1.0,0.0,-0.3347,-0.3416,-0.11285,0.0,1.0205,-0.4712,-0.1959,-0.3542,-0.6055,-0.02303,-0.551,-0.687,-0.09576,0.1666,0.2306,0.4517,0.2084,0.08765,0.1086,0.0,0.0,0.10803,0.0,-0.091,-1.036,0.0,0.0,0.0,0.0,-1.554,1.0,0.0,0.0,0.6245,-0.6455,0.0,1.0,0.0,0.5,0.0,0.0,0.0,-1.531
0.10065,0.10046,0.1014,0.589,-0.625,-0.4187,0.271,-0.209,-0.505,0.3464,0.6377,-0.0986,-1.0,-0.6733,-1.0,0.0,-0.3325,-0.3254,-0.11285,0.0,1.022,-0.4712,-0.11505,-0.321,-0.5107,-0.04178,-0.4895,0.0,-0.0747,-0.687,-0.908,1.232,-0.2404,0.0887,0.1081,0.0,0.0,0.10614,0.0,-0.09125,-1.054,0.0,1.0,0.0,0.0,0.0,0.0,0.0,-0.5,0.541,-0.6416,0.0,0.0,0.0,0.5,0.0,0.0,0.0,0.0
0.099,0.0987,0.09985,0.5884,-0.6313,-0.4187,0.271,-0.2974,-0.4658,0.321,0.5986,0.0326,-1.143,-0.6636,-1.0,0.0,-0.318,-0.293,-0.122,0.0,1.025,-0.1976,-0.04022,-0.2654,-0.4658,-0.06012,-0.1538,-0.1009,-0.05273,0.0,0.1666,0.2306,-0.636,0.0885,0.10724,0.0,0.0,0.1043,0.0,-0.094,-0.9326,0.0,0.0,0.0,0.0,-0.235,-1.0,0.0,-0.5,0.488,-0.705,0.0,1.0,0.0,0.5,0.0,0.0,0.0,-0.2343
0.098,0.0977,0.09894,0.4043,-0.4473,-0.4187,0.271,-0.3706,-0.276,0.3599,0.576,-0.451,-1.143,-0.6533,-1.0,0.0,-0.359,-0.3228,-0.09357,0.0,1.027,-0.2642,0.01378,-0.2073,-0.2688,-0.06915,-0.2357,0.3145,-0.05414,-0.1009,-0.687,-0.9077,0.05545,0.0861,0.1068,0.0,0.0,0.10266,0.0,-0.086,-0.518,0.0,0.0,0.0,0.0,0.6333,0.0,0.0,0.0,0.3215,-0.516,1.0,0.0,0.0,0.5,0.0,0.0,0.0,0.633
0.0979,0.0975,0.09875,0.1849,-0.2281,-0.4187,0.271,-0.3972,-0.0333,0.4175,0.5557,-1.512,-1.0,-0.6436,0.0,0.0,-0.4111,-0.3735,-0.05396,0.0,1.03,-0.10864,0.03732,-0.1536,-0.0295,-0.07477,0.4607,0.4355,-0.07355,0.3145,0.0,0.1666,-1.119,0.08417,0.10645,0.0,0.0,0.1013,0.0,-0.07477,-0.4292,0.0,0.0,0.0,0.0,1.155,0.0,0.5,0.0,0.1265,-0.2876,2.0,0.0,0.0,0.5,0.0,0.0,0.0,1.147
0.0989,0.0986,0.0998,-0.1385,0.1009,-0.4187,0.271,-0.355,0.3223,0.5205,0.5454,4.91,-0.857,-0.634,0.0,0.0,-0.4956,-0.472,0.01311,0.0,1.033,-0.0952,0.0249,-0.11035,0.3276,-0.075,0.2444,0.732,-0.1043,0.4355,-0.1009,-0.6865,0.4517,0.08624,0.1068,0.0,0.0,0.10046,0.0,-0.0557,-0.0987,0.0,0.0,0.0,0.0,1.753,1.0,0.5,0.5,-0.1743,0.04086,3.0,0.0,0.0,0.5,0.0,0.0,0.0,1.729
0.1001,0.0998,0.101,-0.1882,0.152,-0.4187,0.271,-0.4805,0.376,0.5356,0.5444,0.2773,-0.7144,-0.6235,0.0,0.0,-0.5195,-0.4734,0.02936,0.0,1.035,-0.834,-0.005955,-0.08466,0.382,-0.0689,-0.4565,0.1753,-0.1921,0.732,0.3145,0.0,1.232,0.0883,0.107,0.0,0.0,0.0991,0.0,-0.05118,0.1836,0.0,0.0,0.0,0.0,0.3586,2.0,0.5,1.0,-0.2156,0.0973,4.0,0.0,0.0,0.5,0.0,0.0,0.0,0.3494
0.1016,0.1013,0.1025,-0.2607,0.2272,-0.4187,0.271,-0.5493,0.4553,0.5625,0.547,0.3203,-0.5713,-0.614,0.0,0.0,-0.5483,-0.491,0.05173,0.0,1.038,-0.9326,-0.06366,-0.07587,0.4792,-0.0649,-0.585,0.2404,-0.2954,0.1753,0.4355,-0.1008,0.2306,0.09265,0.1076,0.0,0.0,0.0979,0.0,-0.04486,0.237,0.0,0.0,0.0,0.0,0.4146,3.0,0.5,1.0,-0.33,0.1211,5.0,0.0,0.0,0.5,0.0,0.0,0.0,0.4026
0.1019,0.10156,0.1028,0.05847,-0.0988,-0.4187,0.271,-0.5728,0.07806,0.4495,0.556,-0.5825,-0.4285,-0.604,0.0,0.0,-0.4543,-0.3862,-0.008224,0.0,1.04,-0.238,-0.1242,-0.0866,0.10895,-0.05478,0.03452,-0.642,-0.3638,0.2404,0.732,0.3142,-0.9077,0.0954,0.1076,0.0,0.0,0.0968,0.0,-0.06232,0.4302,0.0,0.0,0.0,0.0,-2.002,2.0,0.5,1.0,-0.01802,-0.1877,0.0,1.0,0.0,0.5,0.0,0.0,0.0,-1.9375
0.10223,0.1018,0.10315,0.0556,-0.0974,-0.4187,0.648,-0.598,0.04755,0.442,0.5596,-0.0301,-0.2856,-0.594,0.0,0.0,-0.4502,-0.3767,-0.006195,0.0,1.043,-0.6084,-0.1794,-0.10895,0.08514,-0.04813,-0.03305,0.02199,-0.367,-0.642,0.1753,0.4355,0.1666,0.09845,0.1074,0.0,0.0,0.0967,0.0,-0.06186,0.3103,0.0,0.0,0.0,0.0,0.04037,2.0,0.5,1.0,-0.0822,-0.2534,1.0,0.0,0.0,0.5,0.0,0.0,0.0,0.0395
0.1017,0.1013,0.10266,0.2722,-0.3184,-0.4187,0.648,-0.6772,-0.1675,0.3582,0.545,-1.307,-0.2856,-0.584,-1.0,0.0,-0.3848,-0.2915,-0.04987,0.0,1.046,-0.363,-0.2372,-0.1434,-0.1445,-0.04834,0.4436,-0.4727,-0.3835,0.02199,0.2402,0.7314,-0.6865,0.0996,0.1067,0.0,0.0,0.096,0.0,-0.0746,-0.3645,0.0,0.0,0.0,0.0,-1.013,1.0,0.5,0.5,0.1346,-0.4573,0.0,1.0,0.0,0.5,0.0,0.0,0.0,-0.99
0.1019,0.1015,0.1029,0.0831,-0.1278,-0.4187,0.648,-0.693,0.04034,0.4116,0.532,-4.215,-0.1428,-0.574,0.0,0.0,-0.4326,-0.3398,-0.013306,0.0,1.048,-0.5034,-0.3074,-0.19,0.05722,-0.05,0.488,0.399,-0.388,-0.4727,-0.6416,0.1752,0.0,0.10065,0.1061,0.0,0.0,0.0959,0.0,-0.0642,-0.2874,0.0,0.0,0.0,0.0,0.859,1.0,1.0,0.5,-0.0695,-0.2979,1.0,0.0,0.0,0.5,0.0,0.0,0.0,0.846
0.1017,0.10126,0.10266,0.1901,-0.2367,-0.4187,0.648,-0.719,-0.08527,0.3665,0.5273,-0.743,0.0,-0.5645,0.0,0.0,-0.3958,-0.2954,-0.03464,0.0,1.051,-0.574,-0.3877,-0.235,-0.04883,-0.05127,0.623,-0.2312,-0.3877,0.399,0.02199,0.2402,-0.1008,0.09937,0.1054,0.0,0.0,0.09607,0.0,-0.0705,0.0238,0.0,0.0,0.0,0.0,-0.4358,0.0,1.0,0.5,0.03452,-0.4016,0.0,1.0,0.0,0.5,0.0,0.0,0.0,-0.4268
0.1018,0.1014,0.1028,0.1068,-0.1527,-0.4187,0.648,-0.743,-0.01052,0.3857,0.5234,2.89,0.1428,-0.5547,0.0,0.0,-0.4148,-0.311,-0.01839,0.0,1.053,-0.4285,-0.4602,-0.2898,0.01799,-0.04758,0.4836,0.1768,-0.3853,-0.2312,-0.4727,-0.6416,0.3142,0.09814,0.1048,0.0,0.0,0.0964,0.0,-0.066,0.02878,0.0,0.0,0.0,0.0,0.396,1.0,1.0,0.5,-0.07,-0.3472,1.0,0.0,0.0,0.5,0.0,0.0,0.0,0.3892
0.1019,0.10144,0.10297,0.1038,-0.1514,-0.4187,0.757,-0.763,-0.0416,0.3792,0.528,-0.183,0.2856,-0.5444,0.0,0.0,-0.4106,-0.303,-0.01736,0.0,1.056,-0.6807,-0.4966,-0.3376,-0.00362,-0.04236,0.2566,0.01102,-0.4304,0.1768,0.399,0.02199,0.4353,0.0963,0.1041,0.0,0.0,0.09766,0.0,-0.0658,0.4526,0.0,0.0,0.0,0.0,0.01602,1.0,1.0,1.0,-0.0714,-0.3442,2.0,0.0,0.0,0.5,0.0,0.0,0.0,0.0157
0.10254,0.10205,0.1036,-0.0342,-0.01337,-0.4187,0.757,-0.779,0.0676,0.42,0.5347,1.772,0.4285,-0.5347,0.0,0.0,-0.4475,-0.3394,0.01209,0.0,1.058,-0.596,-0.4836,-0.3765,0.1075,-0.03378,-0.1919,0.3193,-0.4465,0.01102,-0.2311,-0.4724,0.7314,0.09686,0.1035,0.0,0.0,0.0988,0.0,-0.05743,0.5767,0.0,0.0,0.0,0.0,0.51,2.0,1.0,1.5,-0.1886,-0.1943,3.0,0.0,0.0,0.5,0.0,0.0,0.0,0.4993
0.10223,0.1017,0.10333,0.2229,-0.2769,-0.4187,0.757,-0.7544,-0.2344,0.3232,0.5356,-1.67,0.4285,-0.525,-1.0,0.0,-0.3608,-0.2515,-0.0387,0.0,1.061,-0.0677,-0.4492,-0.4104,-0.2086,-0.0243,-0.3076,-0.548,-0.4502,0.3193,0.1768,0.3987,0.1752,0.096,0.1022,0.0,0.0,0.0985,0.0,-0.0722,0.293,0.0,0.0,0.0,0.0,-1.179,1.0,0.5,1.5,0.0666,-0.44,0.0,1.0,0.0,0.5,0.0,0.0,0.0,-1.148
0.1019,0.1013,0.103,0.213,-0.2693,-0.4282,0.757,-0.7793,-0.2551,0.313,0.5327,0.3337,0.4285,-0.5146,-1.0,0.0,-0.3542,-0.2394,-0.0387,0.0,1.063,-0.5586,-0.4229,-0.4429,-0.2373,-0.01869,-0.514,0.0,-0.4624,-0.548,0.01102,-0.2311,0.2402,0.0963,0.1008,0.0,0.0,0.09796,0.0,-0.0723,0.1659,0.0,0.0,0.0,0.0,0.0,1.0,0.0,1.0,0.03598,-0.4556,0.0,0.0,0.0,0.5,0.0,0.0,0.0,0.0
0.10205,0.10144,0.1032,0.0875,-0.1437,-0.4282,0.87,-0.8613,-0.1406,0.3435,0.5273,-0.7544,0.2856,-0.505,-1.0,0.0,-0.3884,-0.2603,-0.01432,0.0,1.065,-0.9326,-0.4077,-0.4658,-0.1387,-0.01291,-0.1538,0.2654,-0.4644,0.0,0.3193,0.1768,-0.6416,0.09625,0.10004,0.0,0.0,0.09845,0.0,-0.0655,0.09015,0.0,0.0,0.0,0.0,0.619,1.0,0.5,1.0,-0.10516,-0.3567,1.0,0.0,0.0,0.5,0.0,0.0,0.0,0.609
0.1024,0.10175,0.1036,0.04282,-0.09906,-0.4282,0.87,-0.927,-0.08,0.35,0.5146,-2.467,0.2856,-0.495,0.0,0.0,-0.4001,-0.2603,-0.00416,0.0,1.068,-0.801,-0.4092,-0.4739,-0.0856,-0.01286,-0.1725,0.1101,-0.4622,0.2654,-0.548,0.01101,0.02199,0.09705,0.1,0.0,0.0,0.0989,0.0,-0.0627,-0.2537,0.0,0.0,0.0,0.0,0.1516,1.0,0.5,1.0,-0.1501,-0.3162,2.0,0.0,0.0,-1.0,0.0,0.0,0.0,0.1484
0.1034,0.1027,0.10455,-0.1311,0.07764,-0.4282,0.8936,-0.8794,0.1231,0.4048,0.505,6.496,0.2856,-0.485,0.0,0.0,-0.4434,-0.3157,0.03445,0.0,1.07,-0.2178,-0.4158,-0.4673,0.12335,-0.01407,0.1381,0.4175,-0.4766,0.1101,0.0,0.3193,-0.4724,0.09845,0.10004,0.0,0.0,0.1002,0.0,-0.0517,-0.10547,0.0,0.0,0.0,0.0,0.7876,1.0,1.0,1.0,-0.3042,-0.1312,3.0,0.0,0.0,-1.0,0.0,0.0,0.0,0.7695
0.1047,0.10406,0.10583,-0.2151,0.1636,-0.4282,0.8936,-0.819,0.2449,0.4338,0.4954,0.7036,0.2856,-0.4753,0.0,0.0,-0.4631,-0.3481,0.0578,0.0,1.073,-0.2229,-0.4226,-0.4521,0.2261,-0.0102,-0.0611,0.251,-0.488,0.4175,0.2654,-0.548,0.3987,0.10046,0.1004,0.0,0.0,0.1018,0.0,-0.0452,-0.0992,0.0,0.0,0.0,0.0,0.6597,2.0,1.0,1.0,-0.404,-0.069,4.0,0.0,0.0,-1.0,0.0,0.0,0.0,0.64
0.10675,0.1062,0.10785,-0.4194,0.375,-0.4282,0.8936,-0.8545,0.4746,0.5107,0.5005,0.8423,0.2856,-0.4653,0.0,0.0,-0.532,-0.4153,0.1096,0.0,1.076,-0.4224,-0.4165,-0.4385,0.469,-0.00464,0.1401,0.554,-0.4802,0.251,0.11005,0.0,-0.2311,0.103,0.10144,0.0,0.0,0.10394,0.0,-0.03044,0.62,0.0,0.0,0.0,0.0,1.023,3.0,1.5,1.5,-0.57,0.1683,5.0,0.0,0.0,-1.0,0.0,0.0,0.0,0.9893
0.1068,0.1063,0.10785,0.1185,-0.1678,-0.4282,0.659,-0.667,-0.0797,0.3264,0.4927,-0.888,0.2856,-0.4556,0.0,0.0,-0.356,-0.2627,0.005997,0.0,1.078,0.5264,-0.4102,-0.4333,-0.0794,-0.003643,0.1272,-1.099,-0.52,0.554,0.4175,0.2654,0.1768,0.1042,0.1018,0.0,0.0,0.10486,0.0,-0.06058,-0.0767,0.0,0.0,0.0,0.0,-5.82,2.0,1.0,1.0,-0.0332,-0.3342,0.0,1.0,0.0,-1.0,0.0,0.0,0.0,-5.477
0.10736,0.1069,0.10846,-0.015114,-0.03317,-0.4282,0.659,-0.679,0.039,0.3647,0.4944,3.822,0.4285,-0.4456,0.0,0.0,-0.3909,-0.2976,0.03445,0.0,1.081,-0.438,-0.4077,-0.4353,0.05038,0.0001289,0.1373,0.3071,-0.5312,-1.099,0.251,0.11005,0.01101,0.1061,0.10297,0.0,0.0,0.1057,0.0,-0.05258,0.2974,0.0,0.0,0.0,0.0,0.7275,2.0,1.0,1.5,-0.163,-0.2054,1.0,0.0,0.0,-1.0,0.0,0.0,0.0,0.71
0.10767,0.1071,0.1087,0.05655,-0.10596,-0.4282,0.659,-0.691,-0.03906,0.3352,0.49,-0.4126,0.4285,-0.4355,0.0,0.0,-0.366,-0.2688,0.02225,0.0,1.083,-0.6714,-0.4136,-0.442,-0.02936,0.003231,-0.03452,-0.131,-0.5303,0.3071,0.554,0.4175,0.3193,0.10706,0.1038,0.0,0.0,0.1058,0.0,-0.0562,0.0567,0.0,0.0,0.0,0.0,-0.2515,1.0,0.5,1.0,-0.1008,-0.2832,0.0,1.0,0.0,-1.0,0.0,0.0,0.0,-0.244
0.1076,0.10706,0.1087,0.1504,-0.2019,-0.4282,0.659,-0.7046,-0.1505,0.2957,0.4863,-1.463,0.2856,-0.4258,-1.0,0.0,-0.332,-0.2301,0.003963,0.0,1.086,-0.58,-0.4304,-0.4463,-0.1444,0.007027,0.332,-0.1969,-0.533,-0.131,-1.098,0.251,-0.5474,0.1073,0.1039,0.0,0.0,0.1055,0.0,-0.06165,0.07495,0.0,0.0,0.0,0.0,-0.4666,0.0,0.5,1.0,-0.011345,-0.3765,0.0,2.0,0.0,-1.0,0.0,0.0,0.0,-0.4539
0.1062,0.1057,0.10724,0.5083,-0.562,-0.5845,0.643,-0.654,-0.5234,0.1628,0.4717,11.73,0.1428,-0.4158,-1.0,0.0,-0.2081,-0.10724,-0.0702,0.0,1.089,-0.04483,-0.4624,-0.4578,-0.501,0.0007777,0.3623,-0.8013,-0.52,-0.1969,0.3071,0.554,0.0,0.1045,0.10333,0.0,0.0,0.10443,0.0,-0.0833,-0.3872,0.0,0.0,0.0,0.0,-3.945,-1.0,0.5,0.5,0.3655,-0.6885,0.0,3.0,0.0,-1.0,0.0,0.0,0.0,-3.85
0.10443,0.104,0.1054,0.6294,-0.681,-0.5845,0.466,-0.619,-0.659,0.1023,0.4531,0.507,0.0,-0.406,-1.0,0.0,-0.1495,-0.0511,-0.1017,0.0,1.091,-0.368,-0.503,-0.4702,-0.5996,-0.01253,0.1675,-0.3447,-0.4753,-0.8013,-0.131,-1.098,0.2654,0.10034,0.1031,0.0,0.0,0.1036,0.0,-0.0927,-0.519,0.0,0.0,0.0,0.0,-1.779,-1.0,0.0,0.0,0.479,-0.8066,0.0,4.0,0.0,-0.5,0.0,0.0,0.0,-1.76
0.1035,0.10315,0.1045,0.3792,-0.4258,-0.5845,0.466,-0.5815,-0.4111,0.164,0.4355,-0.3567,-0.1428,-0.396,-1.0,0.0,-0.2028,-0.11523,-0.06003,0.0,1.094,-0.0474,-0.5312,-0.4805,-0.36,-0.0166,0.03378,0.4587,-0.4634,-0.3447,-0.1968,0.3071,0.11005,0.0959,0.103,0.0,0.0,0.103,0.0,-0.0809,-0.456,0.0,0.0,0.0,0.0,1.083,-1.0,0.0,0.0,0.2382,-0.56,1.0,0.0,0.0,-0.5,0.0,0.0,0.0,1.078
0.1036,0.10315,0.10455,0.1252,-0.1699,-0.5845,0.466,-0.64,-0.1678,0.2355,0.4304,-0.7583,-0.1428,-0.3862,-1.0,0.0,-0.2727,-0.1788,-0.01229,0.0,1.096,-0.5923,-0.5425,-0.493,-0.1073,-0.01697,-0.2788,0.522,-0.471,0.4587,-0.801,-0.1309,0.4175,0.0954,0.10364,0.0,0.0,0.1034,0.0,-0.06726,-0.02016,0.0,0.0,0.0,0.0,0.7695,0.0,0.0,0.5,0.02747,-0.2769,2.0,0.0,0.0,-0.5,0.0,0.0,0.0,0.76
0.1028,0.10236,0.1037,0.3567,-0.4038,-0.5845,0.466,-0.6294,-0.413,0.1471,0.4192,5.246,-0.1428,-0.3762,-1.0,0.0,-0.1917,-0.0941,-0.06003,0.0,1.099,-0.585,-0.543,-0.51,-0.3533,-0.01794,-0.4773,-0.517,-0.4595,0.522,-0.3447,-0.1968,0.251,0.0929,0.10394,0.0,0.0,0.10297,0.0,-0.0811,-0.2241,0.0,0.0,0.0,0.0,-1.047,0.0,-0.5,0.5,0.2583,-0.4937,0.0,1.0,0.0,-0.5,0.0,0.0,0.0,-1.024
0.1014,0.101,0.1023,0.511,-0.557,-0.5845,0.466,-0.5537,-0.5713,0.0792,0.4004,0.7256,-0.1428,-0.3665,-1.0,0.0,-0.1222,-0.03445,-0.0956,0.0,1.101,-0.2188,-0.5337,-0.5312,-0.5215,-0.02167,-0.9272,-0.3887,-0.4326,-0.517,0.4585,-0.801,0.554,0.0898,0.1041,0.0,0.0,0.1024,0.0,-0.09155,-0.4607,0.0,0.0,0.0,0.0,-1.047,0.0,-1.0,0.0,0.417,-0.6304,0.0,2.0,0.0,-0.5,0.0,0.0,0.0,-1.034
0.09906,0.0988,0.0998,0.7925,-0.8345,-0.5845,0.4019,-0.413,-0.849,-0.03403,0.3726,0.8096,-0.2856,-0.3564,-1.0,0.0,-0.003096,0.0661,-0.1586,0.0,1.104,0.6016,-0.503,-0.5454,-0.791,-0.034,-0.3394,-0.693,-0.3594,-0.3887,0.5215,-0.3447,-1.098,0.0855,0.1037,0.0,0.0,0.1011,0.0,-0.1099,-0.699,0.0,0.0,0.0,0.0,-2.617,0.0,-1.0,-0.5,0.6934,-0.8916,0.0,3.0,0.0,-0.5,0.0,0.0,0.0,-2.6
0.09735,0.0971,0.0981,0.619,-0.658,-0.5845,0.4019,-0.475,-0.6665,-0.004307,0.3425,-0.13,-0.4285,-0.3464,-1.0,0.0,-0.03687,0.0418,-0.1362,0.0,1.106,-0.8003,-0.4553,-0.5415,-0.614,-0.04578,-0.6567,0.2487,-0.3184,-0.693,-0.517,0.4585,0.307,0.0838,0.1032,0.0,0.0,0.1,0.0,-0.1037,-0.7754,0.0,0.0,0.0,0.0,0.8164,0.0,-1.0,-0.5,0.53,-0.7183,1.0,0.0,0.0,-0.5,0.0,0.0,0.0,0.821
0.09467,0.0945,0.09534,0.8867,-0.9263,-0.5845,0.4019,-0.4653,-0.902,-0.11414,0.3032,0.612,-0.5713,-0.3367,-1.0,0.0,0.0692,0.1534,-0.1982,0.0,1.108,-0.2566,-0.3782,-0.503,-0.843,-0.0654,-0.6914,-0.6865,-0.2435,0.2487,-0.3884,0.5215,-0.1309,0.08124,0.1019,0.0,0.0,0.098,0.0,-0.12177,-1.036,0.0,1.0,0.0,0.0,-2.879,-1.0,-1.0,-1.0,0.787,-0.9766,0.0,1.0,0.0,-0.5,0.0,0.0,0.0,-2.883
0.0925,0.09235,0.0933,0.7275,-0.7676,-0.5845,0.4019,-0.4595,-0.7007,-0.0923,0.2585,-0.1376,-0.7144,-0.3267,-1.0,0.0,0.04865,0.1304,-0.1809,0.0,1.111,-0.2451,-0.3027,-0.4517,-0.684,-0.0787,-0.7183,0.1936,-0.1924,-0.6865,-0.693,-0.517,-0.1968,0.07806,0.1006,0.0,0.0,0.09674,0.0,-0.11694,-1.216,0.0,1.0,0.0,0.0,0.455,0.0,-0.5,-1.0,0.5884,-0.8726,1.0,0.0,0.0,-0.5,0.0,0.0,0.0,0.461
0.0912,0.0909,0.092,0.527,-0.5693,-0.5845,0.4019,-0.661,-0.4878,-0.05215,0.2305,-0.2559,-0.857,-0.317,-1.0,0.0,-0.00802,0.10834,-0.1525,0.0,1.113,-0.8438,-0.2275,-0.3953,-0.4624,-0.09247,-0.3242,0.3179,-0.1652,0.1936,0.2487,-0.3884,-0.801,0.0744,0.0993,0.0,0.0,0.09564,0.0,-0.1089,-0.809,0.0,0.0,0.0,0.0,0.6094,1.0,0.0,-0.5,0.4026,-0.674,2.0,0.0,0.0,-0.5,0.0,0.0,0.0,0.615
0.08984,0.08954,0.0907,0.504,-0.5483,-0.5845,0.4019,-0.678,-0.432,-0.0634,0.1996,-0.02141,-1.0,-0.307,-1.0,0.0,0.001286,0.1215,-0.1555,0.0,1.116,-0.6006,-0.168,-0.3438,-0.4338,-0.10126,-0.1595,-0.03387,-0.1438,0.3179,-0.6865,-0.6924,-0.3447,0.0719,0.0984,0.0,0.0,0.09436,0.0,-0.1099,-0.983,0.0,0.0,0.0,0.0,-0.0563,1.0,0.0,-1.0,0.3772,-0.6577,0.0,1.0,0.0,-0.5,0.0,0.0,0.0,-0.05655
0.0885,0.08813,0.08936,0.5137,-0.5605,-0.5845,0.4019,-0.673,-0.41,-0.08325,0.1708,0.06683,-1.143,-0.297,-1.0,0.0,0.02077,0.1414,-0.1647,0.0,1.119,-0.6143,-0.1217,-0.2944,-0.4326,-0.11096,-0.4924,-0.1017,-0.1261,-0.03387,0.1936,0.2487,0.4585,0.07007,0.0974,0.0,0.0,0.09283,0.0,-0.1127,-0.9746,0.0,0.0,0.0,0.0,-0.2292,0.0,-0.5,-1.0,0.3823,-0.674,0.0,2.0,0.0,-0.5,0.0,0.0,0.0,-0.2303
0.0867,0.08624,0.0876,0.65,-0.7007,-0.5845,0.4019,-0.6685,-0.5195,-0.145,0.14,0.5503,-1.143,-0.287,-1.0,0.0,0.0812,0.2051,-0.1992,0.0,1.121,-0.5938,-0.08636,-0.2428,-0.5503,-0.124,-0.9043,-0.3848,-0.11304,-0.1017,0.3179,-0.6865,0.5215,0.06903,0.0965,0.0,0.0,0.0907,0.0,-0.1228,-1.019,0.0,0.0,0.0,0.0,-1.18,0.0,-1.0,-1.0,0.4888,-0.836,0.0,3.0,0.0,-0.5,0.0,0.0,0.0,-1.1875
0.0846,0.0842,0.0855,0.7144,-0.7656,-0.5845,0.4019,-0.723,-0.583,-0.1871,0.1154,0.3154,-1.143,-0.2773,-1.0,0.0,0.11755,0.2544,-0.2216,0.0,1.124,-0.682,-0.04852,-0.1903,-0.595,-0.1387,-0.6987,-0.2505,-0.1139,-0.3848,-0.03387,0.1935,-0.517,0.0668,0.0952,0.0,0.0,0.0881,0.0,-0.1294,-0.867,0.0,0.0,0.0,0.0,-0.5605,-1.0,-1.0,-1.0,0.544,-0.9053,0.0,4.0,0.0,-0.5,0.0,0.0,0.0,-0.568
0.08356,0.0831,0.0845,0.4292,-0.4773,-0.9062,0.4019,-0.753,-0.306,-0.1162,0.1005,-0.507,-1.143,-0.2673,-1.0,0.0,0.0455,0.1832,-0.1759,0.0,1.126,-0.567,-0.01082,-0.1459,-0.3054,-0.1471,-0.5615,0.5146,-0.1984,-0.2505,-0.1017,0.3176,-0.3884,0.0673,0.09436,0.0,0.0,0.08545,0.0,-0.11633,-0.4844,0.0,0.0,0.0,0.0,0.8833,-1.0,-0.5,-0.5,0.2795,-0.617,1.0,0.0,0.0,-0.5,0.0,0.0,0.0,0.8984
0.08246,0.08203,0.08344,0.4307,-0.481,-0.9062,0.4019,-0.7954,-0.292,-0.1313,0.0796,0.06287,-1.143,-0.2573,-1.0,0.0,0.05643,0.2029,-0.182,0.0,1.129,-0.5044,0.01427,-0.1085,-0.2993,-0.1547,-0.1725,-0.06805,-0.2178,0.5146,-0.3848,-0.03387,-0.6924,0.0673,0.0933,0.0,0.0,0.0837,0.0,-0.1182,-0.753,0.0,0.0,0.0,0.0,-0.1362,-1.0,-0.5,-1.0,0.2576,-0.646,0.0,1.0,0.0,-0.5,0.0,0.0,0.0,-0.1373
0.0808,0.0803,0.08185,0.599,-0.656,-0.9062,0.4019,-0.7944,-0.4272,-0.2009,0.04874,0.9824,-1.143,-0.2476,-1.0,0.0,0.12476,0.276,-0.2216,0.0,1.131,-0.9326,0.02403,-0.07806,-0.4636,-0.1641,-0.3472,-0.4429,-0.253,-0.06805,-0.2505,-0.1016,0.2485,0.0655,0.09204,0.0,0.0,0.0813,0.0,-0.1298,-1.214,0.0,1.0,0.0,0.0,-0.95,-1.0,-1.0,-1.5,0.4133,-0.8223,0.0,2.0,0.0,-0.5,0.0,0.0,0.0,-0.9595
0.07935,0.0788,0.08044,0.538,-0.597,-0.9062,0.4019,-0.802,-0.349,-0.2001,0.02383,-0.1312,-1.143,-0.2377,-1.0,0.0,0.1232,0.2756,-0.2185,0.0,1.134,-0.621,0.01938,-0.0534,-0.3867,-0.1758,0.03091,0.0343,-0.299,-0.4429,0.5146,-0.3848,-0.6865,0.06384,0.09064,0.0,0.0,0.07904,0.0,-0.129,-1.046,0.0,1.0,0.0,0.0,0.0963,0.0,-0.5,-1.0,0.3386,-0.7827,1.0,0.0,0.0,-0.5,0.0,0.0,0.0,0.09796
0.0781,0.0776,0.0793,0.4722,-0.533,-0.9062,0.4019,-0.862,-0.2756,-0.1956,0.004486,-0.2021,-1.143,-0.2278,-1.0,0.0,0.11346,0.2766,-0.2135,0.0,1.137,-0.8525,-0.0003664,-0.03735,-0.3022,-0.1866,-0.10565,0.05716,-0.3513,0.0343,-0.06805,-0.2505,0.1935,0.06256,0.08954,0.0,0.0,0.077,0.0,-0.1277,-0.8696,0.0,0.0,0.0,0.0,0.1266,1.0,-0.5,-0.5,0.2445,-0.755,2.0,0.0,0.0,-0.5,0.0,0.0,0.0,0.1288
0.07684,0.07623,0.078,0.4905,-0.5527,-0.9062,0.4019,-0.969,-0.306,-0.2169,-0.008675,0.3508,-1.143,-0.2178,-1.0,0.0,0.1238,0.311,-0.2236,0.0,1.139,-0.759,-0.02644,-0.02643,-0.3186,-0.194,-0.3298,-0.1142,-0.3574,0.05716,-0.4426,0.5146,0.3176,0.06192,0.0884,0.0,0.0,0.0756,0.0,-0.1307,-0.6104,0.0,0.0,0.0,0.0,-0.2793,0.0,-1.0,-0.5,0.255,-0.781,0.0,1.0,0.0,-0.5,0.0,0.0,0.0,-0.2837
0.07684,0.0763,0.078,0.1278,-0.1853,-0.9062,0.4019,-0.9077,0.065,-0.1129,-0.01717,-1.989,-1.0,-0.2079,0.0,0.0,0.02843,0.1946,-0.1576,0.0,1.142,0.1907,-0.06525,-0.01817,0.05624,-0.1971,-0.3586,0.7437,-0.368,-0.1142,0.0343,-0.068,-0.03384,0.0636,0.08746,0.0,0.0,0.0751,0.0,-0.112,-0.2734,0.0,0.0,0.0,0.0,2.076,1.0,-0.5,-0.5,-0.0819,-0.4138,1.0,0.0,0.0,-0.5,0.0,0.0,0.0,2.113
0.07715,0.07654,0.07825,0.0536,-0.10974,-0.9062,0.4019,-0.969,0.1266,-0.09357,-0.01617,0.518,-0.857,-0.198,0.0,0.0,0.00426,0.1804,-0.1423,0.0,1.144,-0.9326,-0.1032,-0.02153,0.1346,-0.1963,-0.2954,0.1696,-0.4028,0.7437,0.05716,-0.4426,-0.1016,0.0645,0.0866,0.0,0.0,0.07434,0.0,-0.1077,0.2732,0.0,0.0,0.0,0.0,0.3367,2.0,0.0,0.0,-0.1528,-0.3403,2.0,0.0,0.0,-0.5,0.0,0.0,0.0,0.3384
0.0751,0.0745,0.0762,0.7134,-0.7744,-0.9414,0.4019,-0.831,-0.552,-0.314,-0.03326,-2.936,-0.857,-0.1881,-1.0,0.0,0.2347,0.4006,-0.2725,0.0,1.146,0.8633,-0.1392,-0.03403,-0.5366,-0.203,-0.03522,-1.442,-0.4592,0.1696,-0.1142,0.0343,-0.3845,0.0621,0.0847,0.0,0.0,0.0719,0.0,-0.1454,-0.6284,0.0,0.0,0.0,0.0,-5.652,1.0,0.0,-0.5,0.5234,-0.9355,0.0,1.0,0.0,-0.5,0.0,0.0,0.0,-5.477
0.072,0.0716,0.073,1.009,-1.067,-0.9414,0.0904,-0.739,-0.8486,-0.43,-0.0626,0.8887,-0.857,-0.1782,-1.0,0.0,0.3623,0.519,-0.3394,0.0,1.149,-0.2245,-0.1622,-0.05283,-0.8384,-0.2151,0.07117,-0.762,-0.4229,-1.442,0.7437,0.05713,-0.2505,0.05902,0.0823,0.0,0.0,0.06934,0.0,-0.1648,-1.057,0.0,1.0,0.0,0.0,-1.87,0.0,0.0,-1.0,0.837,-1.187,0.0,2.0,0.0,-0.5,0.0,0.0,0.0,-1.921
0.0694,0.0691,0.0703,0.885,-0.938,-0.9414,0.0904,-0.686,-0.736,-0.4204,-0.0898,-0.02518,-0.857,-0.1683,-1.0,0.0,0.3572,0.504,-0.3313,0.0,1.151,0.04074,-0.1757,-0.07434,-0.713,-0.2307,-0.3357,0.09357,-0.393,-0.762,0.1696,-0.1142,0.5146,0.05606,0.0795,0.0,0.0,0.06714,0.0,-0.1626,-0.9917,0.0,0.0,0.0,0.0,0.2585,1.0,0.0,-0.5,0.7188,-1.061,1.0,0.0,0.0,-0.5,0.0,0.0,0.0,0.269
0.06555,0.06537,0.0663,1.265,-1.3125,-0.9414,0.0904,-0.4976,-1.106,-0.5635,-0.1262,0.7964,-0.857,-0.1683,-1.0,-1.0,0.5254,0.648,-0.4155,0.0,1.154,1.295,-0.1747,-0.08887,-1.087,-0.2476,-0.4026,-0.969,-0.2668,0.09357,-1.442,0.7437,-0.068,0.05075,0.0769,0.0,0.0,0.06476,0.0,-0.187,-1.187,0.0,1.0,0.0,0.0,-2.752,0.0,0.0,-0.5,1.103,-1.401,0.0,1.0,0.0,-0.5,0.0,0.0,0.0,-2.86
0.061,0.061,0.06152,1.493,-1.533,-0.9414,0.0904,-0.432,-1.339,-0.668,-0.1659,0.4004,-0.857,-0.1683,-1.0,-1.0,0.645,0.763,-0.4766,0.0,1.156,-0.0138,-0.138,-0.08954,-1.297,-0.272,-0.2876,-0.7124,-0.1273,-0.969,-0.762,0.1694,-0.4426,0.0441,0.0737,0.0,0.0,0.06158,0.0,-0.2047,-1.243,0.0,1.0,0.0,0.0,-2.203,-1.0,0.0,-0.5,1.338,-1.598,0.0,2.0,0.0,-0.5,0.0,0.0,0.0,-2.328
0.05777,0.05786,0.0582,1.094,-1.122,-0.9414,0.0904,-0.3735,-0.9775,-0.5874,-0.196,-0.1808,-0.857,-0.1683,-1.0,-1.0,0.5625,0.6636,-0.4258,0.0,1.159,0.1802,-0.08044,-0.0738,-0.921,-0.2903,-0.4895,0.6006,-0.0556,-0.7124,0.09357,-1.442,0.0343,0.03705,0.0709,0.0,0.0,0.05945,0.0,-0.1902,-0.912,0.0,0.0,0.0,0.0,1.637,0.0,0.0,0.0,0.963,-1.19,1.0,0.0,0.0,-0.5,0.0,0.0,0.0,1.749
0.0557,0.05582,0.05612,0.7466,-0.77,-0.8066,0.0904,-0.3481,-0.627,-0.5103,-0.2258,-0.303,-0.857,-0.1683,-1.0,-1.0,0.482,0.5728,-0.377,0.0,1.161,-0.184,-0.0296,-0.05573,-0.588,-0.3025,-0.672,0.571,-0.0317,0.6006,-0.969,-0.762,0.05713,0.03087,0.0686,0.0,0.0,0.05765,0.0,-0.1764,-0.897,0.0,0.0,0.0,0.0,1.564,1.0,0.0,0.0,0.6626,-0.8135,2.0,0.0,0.0,-0.5,0.0,0.0,0.0,1.655
0.05457,0.0547,0.055,0.4734,-0.4944,-0.5547,0.0904,-0.325,-0.333,-0.4465,-0.251,-0.4866,-0.857,-0.1584,-1.0,0.0,0.4167,0.4983,-0.3354,0.0,1.164,-0.0682,0.01042,-0.03668,-0.303,-0.3125,-0.716,0.4832,-0.0418,0.571,-0.7124,0.09357,-0.11414,0.02922,0.06696,0.0,0.0,0.05594,0.0,-0.1646,-0.684,0.0,0.0,0.0,0.0,1.543,1.0,0.5,0.5,0.4075,-0.5396,3.0,0.0,0.0,-0.5,0.0,0.0,0.0,1.617
0.05304,0.05316,0.0534,0.5957,-0.616,-0.5547,0.0904,-0.2393,-0.4414,-0.5,-0.275,0.6885,-0.857,-0.1584,-1.0,-1.0,0.481,0.5503,-0.3647,0.0,1.167,0.2244,0.04013,-0.023,-0.4229,-0.3208,-1.262,-0.339,-0.0481,0.4832,0.6006,-0.969,0.7437,0.02855,0.0653,0.0,0.0,0.054,0.0,-0.1732,-0.6562,0.0,0.0,0.0,0.0,-0.897,1.0,0.0,0.5,0.538,-0.643,0.0,1.0,0.0,-0.5,0.0,0.0,0.0,-0.9326
0.0504,0.05063,0.05072,0.9185,-0.939,-0.5547,0.0904,-0.1267,-0.7446,-0.6187,-0.3079,1.162,-0.857,-0.1584,-1.0,-1.0,0.6187,0.6763,-0.4338,0.0,1.169,0.391,0.07684,-0.006145,-0.7227,-0.3364,-1.517,-0.7993,-0.02716,-0.339,0.571,-0.712,0.1694,0.02585,0.063,0.0,0.0,0.05148,0.0,-0.1932,-0.8423,0.0,0.0,0.0,0.0,-2.49,1.0,-0.5,0.0,0.881,-0.919,0.0,2.0,0.0,-0.5,0.0,0.0,0.0,-2.604
0.04797,0.04825,0.04822,0.8687,-0.8853,-0.5547,0.0904,0.00915,-0.679,-0.63,-0.3416,0.02856,-0.857,-0.1584,-1.0,-1.0,0.6426,0.676,-0.438,0.0,1.172,0.681,0.1147,0.01421,-0.6724,-0.3503,-0.8027,-0.04767,-0.003042,-0.7993,0.4832,0.6006,-1.442,0.02527,0.06033,0.0,0.0,0.04926,0.0,-0.1946,-0.873,0.0,0.0,0.0,0.0,-0.1509,0.0,-0.5,-0.5,0.8296,-0.8706,0.0,3.0,0.0,-0.5,0.0,0.0,0.0,-0.1599
0.0437,0.04437,0.04355,1.448,-1.446,-0.5547,-0.0907,0.6914,-1.21,-0.825,-0.388,1.176,-0.857,-0.1584,-1.0,-1.0,0.9224,0.8447,-0.5547,0.0,1.174,3.135,0.1815,0.05856,-1.149,-0.3838,-0.4456,-1.371,0.09436,-0.04767,-0.3389,0.571,-0.7617,0.02321,0.05725,0.0,0.0,0.04617,0.0,-0.2283,-1.077,0.0,1.0,0.0,0.0,-5.05,-1.0,-0.5,-0.5,1.398,-1.398,0.0,4.0,0.0,-0.5,0.0,0.0,0.0,-5.36
0.0393,0.03998,0.03915,1.484,-1.483,-0.5547,-0.2664,0.72,-1.205,-0.876,-0.4468,0.1383,-1.0,-0.1584,-1.0,-1.0,0.9834,0.9043,-0.583,0.0,1.177,0.4792,0.2634,0.1188,-1.139,-0.416,-0.656,-0.3418,0.1667,-1.371,-0.7993,0.483,0.09357,0.01907,0.05423,0.0,0.0,0.0424,0.0,-0.2367,-1.404,0.0,1.0,0.0,0.0,-1.187,-2.0,-1.0,-1.0,1.442,-1.424,0.0,5.0,0.0,0.0,0.0,0.0,0.0,-1.288
0.0371,0.03757,0.03717,0.8135,-0.818,-0.5547,-0.2664,0.8354,-0.5054,-0.7183,-0.4963,-0.561,-1.143,-0.1584,-1.0,-1.0,0.8145,0.7017,-0.4846,0.0,1.18,0.1666,0.318,0.1748,-0.485,-0.4338,-0.2372,1.19,0.1576,-0.3418,-0.04764,-0.3389,-0.9688,0.01624,0.05222,0.0,0.0,0.03958,0.0,-0.2085,-1.056,0.0,1.0,0.0,0.0,3.502,-1.0,-0.5,-1.0,0.797,-0.783,1.0,0.0,0.0,0.0,1.0,0.0,3.521,3.824
0.03458,0.03488,0.0348,0.9053,-0.92,-0.5547,-0.2664,0.693,-0.5767,-0.7705,-0.5312,0.3438,-1.143,-0.1584,-1.0,-1.0,0.86,0.778,-0.514,0.0,1.182,-0.638,0.3618,0.2323,-0.5327,-0.4558,0.1451,-0.349,0.1669,1.19,-1.371,-0.7993,-0.712,0.011536,0.04987,0.0,0.0,0.03683,0.0,-0.2172,-0.874,0.0,0.0,0.0,0.0,-0.873,-1.0,-0.5,-1.0,0.8657,-0.903,0.0,1.0,0.0,0.0,0.0,0.0,0.0,-0.9346
0.03183,0.03214,0.03207,0.971,-0.9873,-0.5547,-0.2664,0.6714,-0.642,-0.8154,-0.561,0.298,-1.143,-0.1584,-1.0,-1.0,0.909,0.8345,-0.5396,0.0,1.185,-0.2905,0.3838,0.282,-0.61,-0.468,-0.2408,-0.3027,0.1729,-0.349,-0.3416,-0.04764,0.6006,0.006943,0.04773,0.0,0.0,0.03387,0.0,-0.2245,-0.7837,0.0,0.0,0.0,0.0,-0.7773,-1.0,-1.0,-1.0,0.94,-0.956,0.0,2.0,0.0,0.0,0.0,0.0,0.0,-0.837
0.0284,0.02872,0.0286,1.195,-1.213,-0.5547,-0.2664,0.701,-0.853,-0.908,-0.5977,0.5815,-1.143,-0.1584,-1.0,-1.0,1.02,0.9463,-0.594,0.0,1.187,0.05325,0.3967,0.3274,-0.84,-0.4834,-0.6665,-0.657,0.1885,-0.3027,1.19,-1.371,0.571,0.002724,0.04517,0.0,0.0,0.03032,0.0,-0.2405,-0.9336,0.0,0.0,0.0,0.0,-1.743,-1.0,-1.5,-1.5,1.134,-1.197,0.0,3.0,0.0,0.0,0.0,0.0,0.0,-1.887
0.02509,0.02544,0.02525,1.159,-1.175,-0.5547,-0.2664,0.5776,-0.8413,-0.9287,-0.625,0.1252,-1.143,-0.1584,-1.0,-1.0,1.032,0.984,-0.6055,0.0,1.189,-0.0595,0.4067,0.3682,-0.8076,-0.501,-1.115,-0.1354,0.1942,-0.657,-0.3489,-0.3416,0.483,-0.001682,0.04236,0.0,0.0,0.02676,0.0,-0.2438,-0.775,0.0,0.0,0.0,0.0,-0.387,-1.0,-1.5,-1.5,1.069,-1.193,0.0,4.0,0.0,0.0,0.0,0.0,0.0,-0.4236
0.02196,0.0224,0.02203,1.105,-1.115,-0.5547,-0.2664,0.5825,-0.827,-0.9424,-0.645,0.12213,-1.143,-0.1584,-1.0,-1.0,1.049,1.001,-0.613,0.0,1.192,0.04218,0.4146,0.3936,-0.794,-0.511,-1.098,-0.0863,0.1284,-0.1354,-0.3025,1.19,-0.3389,-0.003204,0.03952,0.0,0.0,0.02254,0.0,-0.246,-0.6343,0.0,0.0,0.0,0.0,-0.1829,-2.0,-1.5,-1.5,0.9897,-1.166,0.0,5.0,0.0,0.0,0.0,0.0,0.0,-0.2006
0.01845,0.01897,0.01845,1.234,-1.24,-0.5547,-0.2664,0.5913,-0.961,-1.008,-0.677,0.3486,-1.143,-0.1584,-1.0,-1.0,1.128,1.084,-0.6514,0.0,1.194,0.12085,0.4146,0.4004,-0.962,-0.521,-0.784,-0.4692,0.02635,-0.0863,-0.6567,-0.3489,-0.799,-0.004993,0.0365,0.0,0.0,0.0178,0.0,-0.257,-0.9775,0.0,0.0,0.0,0.0,-0.9307,-2.0,-1.5,-2.0,1.103,-1.297,0.0,5.617,0.0,0.5,0.0,0.0,0.0,-1.022
0.01507,0.01559,0.015076,1.194,-1.2,-0.5547,-0.2664,0.5493,-0.91,-1.029,-0.7163,0.0774,-1.143,-0.1584,-1.0,-1.0,1.149,1.114,-0.6626,0.0,1.197,-0.5303,0.4106,0.4014,-0.9214,-0.5405,-0.909,-0.137,0.012146,-0.4692,-0.1353,-0.3025,-0.04764,-0.00967,0.03363,0.0,0.0,0.014175,0.0,-0.2605,-1.271,0.0,1.0,0.0,0.0,-0.3552,-2.0,-1.5,-2.0,1.048,-1.278,0.0,5.617,0.0,1.0,0.0,0.0,0.0,-0.3933
0.009384,0.01006,0.00923,1.96,-1.964,-0.5547,-0.81,0.7227,-1.591,-1.274,-0.78,1.081,-1.143,-0.1584,-1.0,-1.0,1.469,1.424,-0.811,0.0,1.199,0.2947,0.424,0.414,-1.59,-0.576,-0.2415,-1.821,0.137,-0.137,-0.0863,-0.6567,-1.371,-0.01747,0.02995,0.0,0.0,0.009796,0.0,-0.3032,-1.719,0.0,1.0,0.0,0.0,-5.574,-2.0,-1.5,-2.0,1.844,-1.949,0.0,5.617,0.0,1.5,0.0,1.0,-3.82,-5.477
0.005074,0.005775,0.00489,1.516,-1.513,-0.5547,-0.81,0.798,-1.152,-1.2,-0.834,-0.1826,-1.143,-0.1584,-1.0,-1.0,1.382,1.315,-0.764,0.0,1.202,1.512,0.4614,0.449,-1.076,-0.6196,-0.2214,0.592,0.1732,-1.821,-0.4692,-0.1353,-0.3416,-0.02336,0.0263,0.0,0.0,0.00577,0.0,-0.29,-1.438,0.0,1.0,0.0,0.0,2.676,-1.0,-1.5,-2.0,1.411,-1.52,1.0,0.0,0.0,1.5,0.0,0.0,0.0,3.062
0.002287,0.002926,0.00217,1.024,-1.021,-0.5547,-0.81,0.764,-0.6675,-1.1,-0.872,-0.3696,-1.143,-0.1584,-1.0,-1.0,1.254,1.186,-0.701,0.0,1.204,0.543,0.4893,0.4834,-0.5796,-0.642,-1.047,0.79,0.1901,0.592,-0.1368,-0.0863,1.19,-0.02617,0.02309,0.0,0.0,0.003119,0.0,-0.272,-1.016,0.0,0.0,0.0,0.0,2.82,0.0,-1.5,-2.0,0.9897,-0.9897,2.0,0.0,0.0,1.5,0.0,0.0,0.0,3.195
-0.0008273,-0.0002744,-0.0008597,1.13,-1.134,-0.5547,-0.81,0.773,-0.7437,-1.157,-0.913,0.2942,-1.143,-0.1584,-1.0,-1.0,1.326,1.261,-0.735,0.0,1.207,0.1649,0.511,0.5283,-0.622,-0.67,-0.991,-0.415,0.231,0.79,-1.821,-0.469,-0.3489,-0.02956,0.0199,0.0,0.0,0.000719,0.0,-0.2817,-1.072,0.0,1.0,0.0,0.0,-1.47,0.0,-1.5,-2.0,1.039,-1.155,0.0,1.0,0.0,1.5,0.0,0.0,0.0,-1.644
-0.003754,-0.003407,-0.003578,1.065,-1.082,-0.5547,-0.81,0.2115,-0.7026,-1.169,-0.9395,0.07074,-1.143,-0.1584,-1.0,-1.0,1.29,1.33,-0.7407,0.0,1.21,0.3716,0.527,0.5596,-0.611,-0.678,-0.9673,-0.076,0.2457,-0.415,0.592,-0.1368,-0.3025,-0.03293,0.01665,0.0,0.0,-0.002209,0.0,-0.2837,-0.831,0.0,0.0,0.0,0.0,-0.2585,0.0,-1.5,-2.0,0.971,-1.112,0.0,2.0,0.0,1.5,0.0,0.0,0.0,-0.291
-0.005142,-0.004814,-0.004944,0.5796,-0.593,-0.5547,-0.81,0.149,-0.2389,-1.055,-0.9536,-0.7227,-1.143,-0.1584,-1.0,-1.0,1.145,1.187,-0.6694,0.0,1.212,0.02585,0.54,0.5737,-0.1471,-0.685,-0.7217,0.8877,0.194,-0.076,0.7896,-1.82,-0.6567,-0.03342,0.01382,0.0,0.0,-0.00493,0.0,-0.2634,-0.4382,0.0,0.0,0.0,0.0,1.981,1.0,-1.0,-1.5,0.4976,-0.647,1.0,0.0,0.0,1.5,0.0,0.0,0.0,2.234
-0.006954,-0.006756,-0.00663,0.7095,-0.733,-0.6973,-0.81,0.0983,-0.336,-1.109,-0.985,1.003,-1.143,-0.1584,-1.0,-1.0,1.206,1.262,-0.701,0.0,1.215,0.3906,0.5425,0.5747,-0.2559,-0.6987,-0.696,-0.3872,0.09906,0.8877,-0.4148,0.592,-0.1353,-0.03442,0.01086,0.0,0.0,-0.00833,0.0,-0.2725,-0.9785,0.0,0.0,0.0,0.0,-1.207,0.0,-1.0,-2.0,0.626,-0.779,0.0,1.0,0.0,1.5,0.0,0.0,0.0,-1.341
-0.00971,-0.00956,-0.00934,1.01,-1.04,-0.6973,-0.81,0.1766,-0.61,-1.215,-1.02,1.503,-1.143,-0.1584,-1.0,-1.0,1.345,1.395,-0.764,0.0,1.217,-0.03088,0.5425,0.5615,-0.5513,-0.713,-0.713,-0.78,0.02365,-0.3872,-0.0759,0.7896,-0.08624,-0.0332,0.007088,0.0,0.0,-0.01204,0.0,-0.2908,-1.056,0.0,1.0,0.0,0.0,-1.908,-1.0,-1.0,-2.0,0.936,-1.053,0.0,2.0,0.0,1.5,0.0,0.0,0.0,-2.135
-0.01123,-0.01118,-0.010765,0.6157,-0.6475,-0.6973,-0.81,0.197,-0.2048,-1.127,-1.044,-0.755,-1.143,-0.1584,-1.0,-1.0,1.237,1.275,-0.709,0.0,1.22,0.258,0.5254,0.539,-0.1466,-0.726,-0.547,0.688,-0.0431,-0.78,0.887,-0.4148,-0.469,-0.03174,0.003565,0.0,0.0,-0.0146,0.0,-0.2751,-0.7324,0.0,0.0,0.0,0.0,1.706,0.0,-0.5,-1.5,0.568,-0.6616,1.0,0.0,0.0,1.5,0.0,0.0,0.0,1.934
-0.01216,-0.012184,-0.01161,0.4275,-0.4626,-0.6973,-0.81,0.0968,-0.01203,-1.088,-1.059,-2.213,-1.0,-0.1584,0.0,-1.0,1.18,1.233,-0.6836,0.0,1.223,-0.8467,0.4875,0.501,0.04846,-0.7334,-0.509,0.315,-0.1337,0.688,-0.3872,-0.0759,-0.1368,-0.0313,0.00101,0.0,0.0,-0.01689,0.0,-0.2678,-0.466,0.0,0.0,0.0,0.0,0.3818,1.0,0.0,-1.0,0.403,-0.4666,2.0,0.0,0.0,1.5,0.0,0.0,0.0,0.4277
-0.01516,-0.01516,-0.01463,1.089,-1.131,-0.6973,-0.81,0.2329,-0.667,-1.289,-1.086,-6.824,-1.0,-0.1584,-1.0,-1.0,1.444,1.49,-0.8057,0.0,1.225,-0.1741,0.441,0.4712,-0.6143,-0.7456,0.5254,-1.504,-0.1115,0.315,-0.7793,0.887,-1.82,-0.03317,-0.001886,0.0,0.0,-0.01923,0.0,-0.303,-0.7603,0.0,0.0,0.0,0.0,-4.34,0.0,0.0,-1.0,1.103,-1.041,0.0,1.0,0.0,1.5,0.0,1.0,-2.697,-4.836
-0.01842,-0.01842,-0.01788,1.175,-1.219,-0.6973,-0.81,0.1761,-0.7573,-1.34,-1.116,0.3228,-1.0,-0.1584,-1.0,-1.0,1.505,1.566,-0.8364,0.0,1.228,-0.688,0.37,0.4502,-0.727,-0.758,0.1984,-0.3855,-0.072,-1.504,0.688,-0.3872,0.592,-0.03568,-0.005024,0.0,0.0,-0.02158,0.0,-0.3118,-0.811,0.0,0.0,0.0,0.0,-0.9824,0.0,-0.5,-1.0,1.182,-1.131,0.0,2.0,-1.0,1.5,0.0,0.0,0.0,-1.123
-0.02121,-0.02122,-0.02068,1.029,-1.071,-0.6973,-0.81,0.1445,-0.6323,-1.327,-1.14,-0.07117,-1.0,-0.1584,-1.0,-1.0,1.485,1.552,-0.828,0.0,1.2295,-0.1334,0.271,0.4272,-0.597,-0.772,-0.2983,0.1035,-0.11816,-0.3855,0.315,-0.7793,0.7896,-0.03986,-0.007584,0.0,0.0,-0.02477,0.0,-0.3096,-0.693,0.0,0.0,0.0,0.0,0.3071,1.0,-0.5,-0.5,1.043,-0.987,1.0,0.0,-1.0,1.5,0.0,0.0,0.0,0.3533
-0.02455,-0.0245,-0.02408,1.214,-1.255,-0.6973,-0.81,0.2095,-0.822,-1.402,-1.167,0.546,-1.0,-0.1584,-1.0,-1.0,1.59,1.651,-0.874,0.0,1.232,0.002224,0.1556,0.4055,-0.801,-0.7847,-0.151,-0.581,-0.1366,0.1035,-1.503,0.6875,-0.4148,-0.04437,-0.01005,0.0,0.0,-0.0281,0.0,-0.323,-0.771,0.0,0.0,0.0,0.0,-1.387,0.0,-0.5,-0.5,1.148,-1.241,0.0,1.0,-1.0,1.5,0.0,0.0,0.0,-1.593
-0.02516,-0.02512,-0.02469,0.3345,-0.3652,-0.5063,-0.81,0.1676,-0.01758,-1.181,-1.159,-1.105,-0.857,-0.1584,0.0,-1.0,1.301,1.35,-0.738,0.0,1.234,0.4897,0.04703,0.3665,0.0178,-0.783,-0.2063,1.747,-0.2133,-0.581,-0.3855,0.3147,-0.0759,-0.0437,-0.011986,0.0,0.0,-0.02995,0.0,-0.284,0.0854,0.0,0.0,0.0,0.0,4.33,0.0,0.0,0.0,0.3784,-0.3018,1.0,0.0,-1.0,1.5,0.0,0.0,0.0,5.02
-0.02573,-0.02573,-0.02519,0.315,-0.3484,-0.5063,-0.81,-0.0055,-0.02919,-1.182,-1.156,0.01238,-0.7144,-0.1584,0.0,-1.0,1.286,1.367,-0.738,0.0,1.237,-0.4478,-0.02948,0.3103,-0.03073,-0.775,-0.7075,0.0,-0.26,1.747,0.10345,-1.503,0.887,-0.04443,-0.01423,0.0,0.0,-0.03128,0.0,-0.284,-0.05157,0.0,0.0,0.0,0.0,0.0,0.0,-0.5,-0.5,0.3206,-0.3281,0.0,0.0,-1.0,1.5,0.0,0.0,0.0,0.0
-0.02599,-0.02603,-0.02542,0.2244,-0.2593,-0.5063,-0.81,-0.12006,0.06213,-1.16,-1.161,1.309,-0.5713,-0.1584,0.0,-1.0,1.25,1.351,-0.7246,0.0,1.24,-0.8076,-0.0973,0.2472,0.0651,-0.778,-0.5327,0.1647,-0.3074,0.0,-0.581,-0.3855,-0.387,-0.0455,-0.01665,0.0,0.0,-0.03238,0.0,-0.2803,-0.2194,0.0,0.0,0.0,0.0,0.3105,1.0,0.0,-0.5,0.2231,-0.2534,1.0,0.0,-1.0,1.5,0.0,0.0,0.0,0.35
-0.02472,-0.02472,-0.0242,-0.2439,0.2174,-0.5063,-0.81,-0.2081,0.543,-1.022,-1.15,3.12,-0.4285,-0.1584,0.0,-1.0,1.073,1.178,-0.639,0.0,1.242,-0.1503,-0.1494,0.163,0.5327,-0.7695,-0.1035,1.062,-0.3254,0.1647,1.747,0.10345,-0.7793,-0.04114,-0.01836,0.0,0.0,-0.03262,0.0,-0.2559,0.1722,0.0,0.0,0.0,0.0,2.826,1.0,0.5,0.0,-0.1696,0.269,2.0,0.0,-1.0,1.5,0.0,0.0,0.0,3.176
-0.02245,-0.02234,-0.02205,-0.5347,0.5186,-0.377,-0.81,-0.2106,0.855,-0.9214,-1.131,0.662,-0.2856,-0.1584,0.0,-1.0,0.953,1.05,-0.576,0.0,1.245,0.5425,-0.2141,0.05566,0.865,-0.761,-0.4033,0.7695,-0.271,1.062,0.0,-0.581,0.6875,-0.0343,-0.01923,0.0,0.0,-0.03192,0.0,-0.2379,0.3557,0.0,0.0,0.0,0.0,2.05,2.0,0.5,0.5,-0.4536,0.555,3.0,0.0,-1.0,1.5,0.0,0.0,0.0,2.264
-0.02069,-0.02055,-0.02031,-0.3838,0.3684,-0.377,-0.81,-0.2576,0.7207,-0.9507,-1.124,-0.00864,-0.1428,-0.1584,0.0,-1.0,0.9834,1.092,-0.5923,0.0,1.247,-0.4436,-0.2905,-0.06494,0.734,-0.756,-0.4888,-0.1962,-0.2308,0.7695,0.1647,1.747,0.3147,-0.02809,-0.02019,0.0,0.0,-0.03128,0.0,-0.2427,0.1122,0.0,0.0,0.0,0.0,-0.4414,1.0,0.0,0.0,-0.3228,0.3945,0.0,1.0,-1.0,1.5,0.0,0.0,0.0,-0.4812
-0.01884,-0.01868,-0.0185,-0.4065,0.3936,-0.377,0.2527,-0.3333,0.7524,-0.93,-1.112,0.1846,0.0,-0.1584,0.0,-1.0,0.9526,1.073,-0.578,0.0,1.25,-0.4465,-0.3586,-0.1732,0.787,-0.7505,0.4385,0.1721,-0.194,-0.1962,1.062,0.0,-1.503,-0.02032,-0.02034,0.0,0.0,-0.02911,0.0,-0.2386,0.2703,0.0,0.0,0.0,0.0,0.4424,2.0,0.5,0.5,-0.377,0.3838,1.0,0.0,-1.0,1.5,0.0,0.0,0.0,0.484
-0.01802,-0.0178,-0.01772,-0.10034,0.08624,-0.377,0.2527,-0.265,0.4001,-1.011,-1.098,-0.3025,0.1428,-0.1584,0.0,-1.0,1.055,1.169,-0.626,0.0,1.253,0.5127,-0.4045,-0.249,0.4438,-0.741,0.815,-0.576,-0.1794,0.1721,0.7695,0.1647,-0.3855,-0.01738,-0.0206,0.0,0.0,-0.02783,0.0,-0.2524,0.3313,0.0,0.0,0.0,0.0,-1.259,1.0,0.5,0.5,-0.09436,0.0747,0.0,1.0,-1.0,1.5,0.0,0.0,0.0,-1.372
-0.01784,-0.01764,-0.01752,0.09235,-0.1092,-0.377,0.2527,-0.2896,0.1857,-1.064,-1.093,-0.3132,0.2856,-0.1584,0.0,-1.0,1.117,1.24,-0.657,0.0,1.255,-0.1622,-0.4197,-0.3137,0.2173,-0.735,0.9062,-0.3838,-0.1726,-0.576,-0.196,1.061,0.10345,-0.015274,-0.02167,0.0,0.0,-0.02742,0.0,-0.2617,0.0447,0.0,0.0,0.0,0.0,-0.6475,0.0,0.0,0.0,0.0914,-0.11346,0.0,2.0,-1.0,1.5,0.0,0.0,0.0,-0.713
-0.01843,-0.0182,-0.01814,0.337,-0.355,-0.377,0.2527,-0.2091,-0.0723,-1.138,-1.098,-0.798,0.2856,-0.1584,0.0,-1.0,1.214,1.328,-0.701,0.0,1.258,-0.1169,-0.4214,-0.3555,-0.04926,-0.7344,1.351,-0.5356,-0.174,-0.3838,0.1721,0.7695,-0.581,-0.01466,-0.02284,0.0,0.0,-0.02711,0.0,-0.2742,-0.1965,0.0,0.0,0.0,0.0,-0.981,-1.0,0.0,-0.5,0.2708,-0.4111,0.0,3.0,-1.0,1.5,0.0,0.0,0.0,-1.087
-0.01917,-0.01901,-0.0188,0.3728,-0.396,-0.377,0.2527,-0.3154,-0.175,-1.155,-1.087,-2.49,0.2856,-0.1584,-1.0,-1.0,1.226,1.362,-0.7114,0.0,1.26,-0.3684,-0.3958,-0.3933,-0.1558,-0.7266,0.51,-0.1257,-0.1764,-0.5356,-0.576,-0.196,1.746,-0.01656,-0.0239,0.0,0.0,-0.02684,0.0,-0.2773,0.2517,0.0,0.0,0.0,0.0,-0.2478,-1.0,-0.5,-0.5,0.294,-0.4634,0.0,4.0,-1.0,1.5,0.0,0.0,0.0,-0.277
-0.02031,-0.0202,-0.0199,0.5024,-0.53,-0.377,0.2152,-0.289,-0.3835,-1.2,-1.074,3.959,0.2856,-0.1584,-1.0,-1.0,1.285,1.42,-0.739,0.0,1.263,-0.5156,-0.359,-0.425,-0.362,-0.719,0.5283,-0.3403,-0.1781,-0.1257,-0.3838,0.1721,0.0,-0.02083,-0.0248,0.0,0.0,-0.02748,0.0,-0.2854,0.2666,0.0,0.0,0.0,0.0,-1.306,-2.0,-0.5,-0.5,0.43,-0.58,0.0,5.0,-1.0,1.5,0.0,0.0,0.0,-1.463
-0.02136,-0.02132,-0.02089,0.472,-0.5034,-0.377,0.2087,-0.3176,-0.4275,-1.202,-1.063,0.323,0.2856,-0.1584,-1.0,-1.0,1.285,1.426,-0.7397,0.0,1.266,-0.4814,-0.3162,-0.4326,-0.4434,-0.7065,0.434,-0.01267,-0.1766,-0.3403,-0.5356,-0.576,0.1647,-0.0247,-0.02563,0.0,0.0,-0.02785,0.0,-0.2856,0.2335,0.0,0.0,0.0,0.0,-0.01918,-2.0,-1.0,-1.0,0.3745,-0.583,0.0,5.617,-1.0,1.5,0.0,0.0,0.0,-0.02162
-0.02327,-0.0233,-0.02272,0.7417,-0.7817,-0.377,-0.1365,-0.2812,-0.7876,-1.29,-1.053,1.406,0.2856,-0.1584,-1.0,-1.0,1.399,1.542,-0.7935,0.0,1.268,-0.1428,-0.2974,-0.4219,-0.795,-0.701,-0.1804,-0.672,-0.1675,-0.01267,-0.1257,-0.3838,1.061,-0.03036,-0.02675,0.0,0.0,-0.02812,0.0,-0.3013,0.1943,0.0,0.0,0.0,0.0,-1.554,-2.0,-1.5,-1.0,0.5767,-0.9136,0.0,5.617,-1.0,1.5,0.0,1.0,-1.996,-1.752
-0.02477,-0.02478,-0.02422,0.6094,-0.648,-0.377,-0.1365,-0.3704,-0.6895,-1.269,-1.058,-0.0168,0.1428,-0.1584,-1.0,-1.0,1.363,1.5205,-0.7803,0.0,1.2705,0.3867,-0.301,-0.4072,-0.6973,-0.7046,-0.7354,0.1666,-0.158,-0.672,-0.34,-0.5356,0.7695,-0.03442,-0.02756,0.0,0.0,-0.02878,0.0,-0.2976,-0.3655,0.0,0.0,0.0,0.0,0.469,-1.0,-1.5,-1.0,0.4622,-0.7715,1.0,0.0,-1.0,1.5,0.0,0.0,0.0,0.5347
-0.02669,-0.02663,-0.02621,0.752,-0.7876,-0.377,-0.1365,-0.2834,-0.8545,-1.32,-1.067,0.4583,0.0,-0.1584,-1.0,-1.0,1.439,1.584,-0.813,0.0,1.272,0.2087,-0.3167,-0.3975,-0.8457,-0.7124,-0.7646,-0.4092,-0.1418,0.1666,-0.012665,-0.1257,-0.196,-0.0385,-0.02849,0.0,0.0,-0.02998,0.0,-0.307,-0.5103,0.0,0.0,0.0,0.0,-0.9697,-1.0,-1.5,-1.0,0.6074,-0.897,0.0,1.0,-1.0,1.5,0.0,0.0,0.0,-1.103
-0.02843,-0.02832,-0.02802,0.696,-0.727,-0.377,-0.1365,-0.2695,-0.8174,-1.32,-1.078,0.0876,-0.1428,-0.1584,-1.0,-1.0,1.44,1.583,-0.813,0.0,1.275,-0.5015,-0.3547,-0.39,-0.82,-0.7173,-1.021,0.0,-0.1392,-0.4092,-0.672,-0.34,0.1721,-0.04144,-0.0285,0.0,0.0,-0.03004,0.0,-0.3071,-0.589,0.0,0.0,0.0,0.0,0.0,-1.0,-1.5,-1.5,0.4968,-0.9004,0.0,0.0,-1.0,1.5,0.0,0.0,0.0,0.0
-0.02959,-0.02948,-0.02917,0.511,-0.54,-0.377,-0.1365,-0.312,-0.6113,-1.282,-1.098,-0.1785,-0.2856,-0.1584,-1.0,-1.0,1.388,1.534,-0.7896,0.0,1.277,-0.299,-0.3943,-0.39,-0.615,-0.7285,-0.8496,0.2961,-0.1583,0.0,0.1666,-0.012665,-0.576,-0.0435,-0.02866,0.0,0.0,-0.0296,0.0,-0.3005,-1.031,0.0,0.0,0.0,0.0,0.7773,0.0,-1.5,-1.5,0.2976,-0.743,1.0,0.0,-1.0,1.5,0.0,0.0,0.0,0.8896
-0.02881,-0.02876,-0.02832,-0.0973,0.0714,-0.377,-0.1365,-0.3513,0.0665,-1.115,-1.113,-1.355,-0.2856,-0.1584,0.0,-1.0,1.173,1.3125,-0.686,0.0,1.28,0.5537,-0.4243,-0.3984,0.0618,-0.738,-0.7427,1.307,-0.184,0.2961,-0.409,-0.6714,-0.3835,-0.0421,-0.02856,0.0,0.0,-0.02829,0.0,-0.2708,-0.7266,0.0,0.0,0.0,0.0,3.271,1.0,-1.0,-1.5,-0.2137,-0.07324,2.0,0.0,-1.0,1.5,0.0,0.0,0.0,3.727
-0.02739,-0.02739,-0.02687,-0.288,0.2615,-0.3271,-0.1365,-0.3843,0.3315,-1.052,-1.122,1.743,-0.2856,-0.1584,0.0,-1.0,1.093,1.232,-0.646,0.0,1.283,-0.6504,-0.4446,-0.419,0.3274,-0.742,-0.4536,0.4888,-0.2422,1.307,0.0,0.1666,-0.5356,-0.03964,-0.02802,0.0,0.0,-0.02617,0.0,-0.2595,-0.4114,0.0,0.0,0.0,0.0,1.006,1.0,-0.5,-1.0,-0.3755,0.1335,3.0,0.0,-1.0,1.5,0.0,0.0,0.0,1.121
-0.02625,-0.0263,-0.02565,-0.211,0.1797,-0.3271,-0.1365,-0.376,0.3215,-1.064,-1.133,0.1181,-0.2856,-0.1584,0.0,-1.0,1.108,1.248,-0.6533,0.0,1.285,-0.3643,-0.443,-0.4395,0.338,-0.751,-0.3428,-0.08704,-0.2393,0.4888,0.296,-0.409,-0.1257,-0.03598,-0.02747,0.0,0.0,-0.02539,0.0,-0.2617,-0.526,0.0,0.0,0.0,0.0,-0.1279,1.0,-0.5,-1.5,-0.328,0.02586,0.0,1.0,-1.0,1.5,0.0,0.0,0.0,-0.1415
-0.02557,-0.0257,-0.02493,-0.0649,0.02795,-0.3271,-0.1365,-0.4692,0.2128,-1.101,-1.141,-0.1301,-0.2856,-0.1584,0.0,-1.0,1.145,1.305,-0.675,0.0,1.288,-0.595,-0.4197,-0.452,0.2452,-0.7573,-0.1078,-0.2615,-0.242,-0.08704,1.307,0.0,-0.34,-0.0332,-0.02751,0.0,0.0,-0.0248,0.0,-0.2678,-0.4058,0.0,0.0,0.0,0.0,-0.4243,1.0,-0.5,-1.5,-0.1958,-0.1298,0.0,2.0,-1.0,1.5,0.0,0.0,0.0,-0.4697
-0.02524,-0.0254,-0.02457,0.0359,-0.0763,-0.3271,-0.1365,-0.538,0.134,-1.126,-1.1455,-0.1204,-0.2856,-0.1584,0.0,-1.0,1.169,1.345,-0.69,0.0,1.29,-0.9326,-0.3923,-0.467,0.1667,-0.76,-0.05536,-0.1876,-0.244,-0.2615,0.4888,0.296,-0.012665,-0.02997,-0.02744,0.0,0.0,-0.02448,0.0,-0.2722,-0.3237,0.0,0.0,0.0,0.0,-0.365,0.0,-0.5,-1.5,-0.11865,-0.252,0.0,3.0,-1.0,1.5,0.0,0.0,0.0,-0.406
-0.02461,-0.02477,-0.02394,-0.05316,0.01429,-0.3271,-0.1365,-0.557,0.2327,-1.096,-1.143,0.5776,-0.2856,-0.1584,0.0,-1.0,1.132,1.308,-0.672,0.0,1.293,-0.2761,-0.3682,-0.4739,0.2825,-0.7603,0.3608,0.2258,-0.251,-0.1876,-0.08704,1.306,-0.6714,-0.02625,-0.02686,0.0,0.0,-0.02478,0.0,-0.267,0.04303,0.0,0.0,0.0,0.0,0.3513,0.0,0.0,-1.0,-0.1973,-0.157,1.0,0.0,-1.0,1.5,0.0,0.0,0.0,0.392
-0.02374,-0.0239,-0.02309,-0.1274,0.0902,-0.3271,-0.1365,-0.592,0.313,-1.067,-1.135,0.3962,-0.1428,-0.1683,0.0,-1.0,1.094,1.273,-0.6543,0.0,1.296,-0.716,-0.3513,-0.4758,0.3752,-0.7583,0.3538,0.2125,-0.2876,0.2258,-0.2615,0.4888,0.1666,-0.0227,-0.02652,0.0,0.0,-0.02551,0.0,-0.2622,0.2045,0.0,0.0,0.0,0.0,0.3464,0.0,0.0,-0.5,-0.274,-0.0894,2.0,0.0,-1.0,1.5,0.0,0.0,0.0,0.385
-0.02467,-0.0248,-0.02403,0.4268,-0.469,-0.3271,-0.1365,-0.4749,-0.2705,-1.224,-1.134,-1.352,-0.1428,-0.1782,-1.0,-1.0,1.297,1.469,-0.751,0.0,1.298,0.478,-0.343,-0.4746,-0.2107,-0.758,0.673,-1.184,-0.3184,0.2125,-0.1875,-0.087,-0.409,-0.02441,-0.02693,0.0,0.0,-0.02698,0.0,-0.29,-0.1993,0.0,0.0,0.0,0.0,-3.053,0.0,0.0,-0.5,0.3074,-0.576,0.0,1.0,-1.0,1.5,0.0,0.0,0.0,-3.38
-0.0249,-0.02501,-0.02426,0.208,-0.2478,-0.3271,-0.1365,-0.4937,-0.06995,-1.165,-1.129,-1.272,0.0,-0.1881,0.0,-1.0,1.223,1.394,-0.7163,0.0,1.301,-0.8765,-0.3552,-0.471,-0.0049,-0.7573,0.717,0.432,-0.3762,-1.184,0.2257,-0.2615,0.0,-0.02625,-0.02638,0.0,0.0,-0.02827,0.0,-0.2803,-0.02728,0.0,0.0,0.0,0.0,0.502,1.0,0.5,0.0,0.0895,-0.3708,1.0,0.0,-1.0,1.5,0.0,0.0,0.0,0.5674
-0.025,-0.02513,-0.02432,0.167,-0.2083,-0.3271,-0.1365,-0.5317,-0.06915,-1.154,-1.117,0.1631,0.1428,-0.198,0.0,-1.0,1.206,1.382,-0.7104,0.0,1.303,-0.2668,-0.3916,-0.4678,-0.001417,-0.752,0.6196,0.0757,-0.406,0.432,0.2124,-0.1875,0.296,-0.02774,-0.0256,0.0,0.0,-0.02905,0.0,-0.2786,0.299,0.0,0.0,0.0,0.0,0.1667,2.0,0.5,0.5,0.04733,-0.336,2.0,0.0,-1.0,1.5,0.0,0.0,0.0,0.1871
-0.0229,-0.02286,-0.02242,-0.4863,0.4658,-0.3271,-0.1365,-0.0195,0.5938,-0.953,-1.092,14.88,0.2856,-0.2079,0.0,-1.0,1.008,1.072,-0.5874,0.0,1.306,3.135,-0.4375,-0.4673,0.6836,-0.742,-0.0575,1.524,-0.3591,0.0757,-1.183,0.2257,1.306,-0.02545,-0.02411,0.0,0.0,-0.0284,0.0,-0.2434,0.668,0.0,0.0,0.0,0.0,6.04,2.0,0.5,0.5,-0.515,0.3862,3.0,0.0,-1.0,1.5,0.0,0.0,0.0,5.766
-0.02042,-0.02034,-0.01996,-0.599,0.582,-0.1469,-0.1365,-0.01686,0.682,-0.8975,-1.057,0.2795,0.4285,-0.2178,0.0,-1.0,0.9424,1.002,-0.5537,0.0,1.308,0.501,-0.4453,-0.4624,0.729,-0.7163,-0.268,0.4055,-0.2822,1.524,0.432,0.2124,0.4885,-0.02187,-0.02211,0.0,0.0,-0.02702,0.0,-0.2339,0.942,1.0,0.0,0.0,0.0,1.247,2.0,0.5,1.0,-0.602,0.522,4.0,0.0,-0.5,1.5,0.0,0.0,0.0,1.363
-0.0183,-0.01825,-0.01782,-0.487,0.4668,-0.1469,-0.1365,-0.007736,0.522,-0.9097,-1.023,-0.0772,0.5713,-0.2278,0.0,-1.0,0.9575,1.016,-0.562,0.0,1.311,-0.4827,-0.406,-0.448,0.5806,-0.6997,-0.1523,-0.0976,-0.2267,0.4055,0.0757,-1.183,-0.087,-0.01898,-0.02103,0.0,0.0,-0.02563,0.0,-0.2363,0.892,1.0,0.0,0.0,0.0,-0.2454,2.0,0.5,1.0,-0.5063,0.398,0.0,1.0,-0.5,1.5,0.0,0.0,0.0,-0.2664
-0.01584,-0.01581,-0.01535,-0.59,0.5703,-0.1469,-0.1365,-0.03638,0.5977,-0.858,-0.9893,0.2732,0.7144,-0.2377,0.0,-1.0,0.8945,0.954,-0.5303,0.0,1.313,-0.5376,-0.3198,-0.4197,0.6587,-0.681,0.06323,0.379,-0.1636,-0.0976,1.524,0.432,-0.2612,-0.01573,-0.01973,0.0,0.0,-0.02371,0.0,-0.2274,0.91,1.0,0.0,0.0,0.0,0.645,2.0,1.0,1.0,-0.6484,0.4502,1.0,0.0,-0.5,1.5,0.0,0.0,0.0,0.701
-0.01356,-0.013504,-0.013084,-0.5347,0.516,-0.1469,-0.1365,-0.1307,0.5464,-0.852,-0.9683,0.06415,0.7144,-0.2476,0.0,-1.0,0.8794,0.956,-0.5273,0.0,1.315,-0.5547,-0.2313,-0.3875,0.6074,-0.67,0.2732,0.03644,-0.1135,0.379,0.4053,0.0757,-0.1875,-0.00986,-0.01851,0.0,0.0,-0.02173,0.0,-0.2266,0.645,0.0,0.0,0.0,0.0,0.0489,2.0,1.5,1.0,-0.621,0.37,2.0,0.0,-0.5,1.5,0.0,0.0,0.0,0.05283
-0.01158,-0.01148,-0.011154,-0.4424,0.4255,-0.1469,0.615,-0.10547,0.4663,-0.86,-0.9526,0.01013,0.7144,-0.2573,0.0,-1.0,0.8906,0.9634,-0.532,0.0,1.318,-0.4065,-0.1531,-0.3525,0.527,-0.661,0.2588,-0.0607,-0.10144,0.03644,-0.0976,1.523,0.2257,-0.00502,-0.01785,0.0,0.0,-0.0193,0.0,-0.2281,0.4705,0.0,0.0,0.0,0.0,-0.12054,1.0,1.0,0.5,-0.5376,0.277,0.0,1.0,-0.5,1.5,0.0,0.0,0.0,-0.1301
-0.01022,-0.0101,-0.00983,-0.2588,0.2415,-0.1469,0.615,-0.06683,0.2786,-0.8984,-0.9395,-0.211,0.7144,-0.2673,0.0,-1.0,0.9395,1.008,-0.5566,0.0,1.32,-0.05658,-0.084,-0.3096,0.3193,-0.6504,0.235,-0.2915,-0.1083,-0.0607,0.379,0.4053,0.2124,-0.000988,-0.01773,0.0,0.0,-0.01723,0.0,-0.2352,0.358,0.0,0.0,0.0,0.0,-0.7466,0.0,0.5,0.5,-0.3647,0.0957,0.0,2.0,-0.5,1.5,0.0,0.0,0.0,-0.8066
-0.00882,-0.00866,-0.00845,-0.272,0.257,-0.1469,0.615,0.01095,0.284,-0.882,-0.9224,0.1578,0.7144,-0.2773,0.0,-1.0,0.9263,0.9795,-0.547,0.0,1.323,0.3013,-0.03262,-0.264,0.3362,-0.643,0.987,0.1221,-0.1444,-0.2915,0.03644,-0.0976,-1.183,8.01e-05,-0.01744,0.0,0.0,-0.014755,0.0,-0.2324,0.5366,0.0,0.0,0.0,0.0,0.275,1.0,1.0,1.0,-0.3818,0.1062,1.0,0.0,-0.5,1.5,0.0,0.0,0.0,0.2986
-0.006195,-0.005962,-0.005905,-0.621,0.615,-0.1469,0.615,0.0739,0.6426,-0.756,-0.8926,1.129,0.7144,-0.287,0.0,-1.0,0.7886,0.82,-0.4705,0.0,1.326,-0.8228,0.01476,-0.2108,0.698,-0.628,0.887,0.914,-0.1564,0.1221,-0.06067,0.3787,0.4316,0.00227,-0.01678,0.0,0.0,-0.011566,0.0,-0.2107,0.8735,1.0,0.0,0.0,0.0,1.9795,1.0,1.0,1.5,-0.677,0.4966,2.0,0.0,-0.5,1.5,1.0,0.0,3.168,2.145
-0.003515,-0.003231,-0.003279,-0.6333,0.6313,-0.1469,0.615,0.0898,0.65,-0.7266,-0.863,0.1538,0.7144,-0.297,0.0,-1.0,0.7563,0.782,-0.4531,0.0,1.328,-0.0686,0.06165,-0.15,0.691,-0.6094,1.018,0.204,-0.1631,0.914,-0.2915,0.0364,0.0756,0.005127,-0.0157,0.0,0.0,-0.008446,0.0,-0.2058,0.871,1.0,0.0,0.0,0.0,0.5425,1.0,1.0,1.5,-0.6904,0.5093,3.0,0.0,-0.5,1.5,0.0,0.0,0.0,0.579
-0.000768,-0.0004358,-0.0005784,-0.649,0.6504,-0.1469,0.615,0.08936,0.663,-0.6953,-0.8335,0.1616,0.7144,-0.307,0.0,-1.0,0.722,0.7456,-0.4348,0.0,1.331,-0.667,0.0962,-0.093,0.727,-0.5977,0.3298,0.2153,-0.11523,0.204,0.1221,-0.06067,1.523,0.007637,-0.01432,0.0,0.0,-0.00611,0.0,-0.2007,0.8735,1.0,0.0,0.0,0.0,0.3904,2.0,1.0,1.5,-0.756,0.4736,4.0,0.0,-0.5,1.5,0.0,0.0,0.0,0.4153
0.001358,0.00154,0.0016985,-0.4744,0.4644,-0.1469,0.615,0.003132,0.4158,-0.727,-0.7935,-0.2053,0.857,-0.317,0.0,-1.0,0.7495,0.7915,-0.4553,0.0,1.333,-0.857,0.124,-0.0338,0.501,-0.579,0.2006,-0.2384,-0.0819,0.2153,0.9136,-0.2915,0.4053,0.00954,-0.012794,0.0,0.0,-0.004333,0.0,-0.2065,1.478,1.0,0.0,0.0,0.0,-0.4146,2.0,0.5,1.5,-0.5967,0.284,0.0,1.0,-0.5,1.5,0.0,0.0,0.0,-0.4395
0.004345,0.004482,0.004726,-0.718,0.708,-0.1469,0.615,0.04477,0.6304,-0.628,-0.751,0.5854,0.857,-0.3267,0.0,-1.0,0.6436,0.6704,-0.3953,0.0,1.336,0.1069,0.1362,0.02075,0.755,-0.5625,0.328,0.706,-0.02376,-0.2384,0.204,0.1221,-0.0976,0.01314,-0.01083,0.0,0.0,-0.001935,0.0,-0.1895,1.478,1.0,0.0,0.0,0.0,1.658,2.0,1.0,1.5,-0.7915,0.5615,1.0,0.0,-0.5,1.5,0.0,0.0,0.0,1.765
0.007603,0.007637,0.00809,-0.7944,0.7793,-0.1469,0.615,0.00826,0.666,-0.576,-0.706,0.1954,0.857,-0.3367,0.0,-1.0,0.5845,0.614,-0.3638,0.0,1.339,-0.6143,0.1444,0.0739,0.817,-0.542,0.2228,0.3667,0.03088,0.706,0.2152,0.9136,0.3787,0.01822,-0.00851,0.0,0.0,0.000955,0.0,-0.1805,1.478,1.0,0.0,0.0,0.0,0.4902,2.0,1.0,1.5,-0.917,0.5737,2.0,0.0,-0.5,1.5,0.0,0.0,0.0,0.5156
0.01161,0.011566,0.012184,-1.0,0.983,-0.1469,0.615,-0.5273,0.893,-0.4778,-0.669,0.4622,0.857,-0.3464,0.0,-1.0,0.4314,0.5527,-0.304,0.0,1.341,0.2988,0.1946,0.1481,0.916,-0.4995,0.319,0.6934,0.1007,0.3667,-0.2383,0.204,0.0364,0.0246,-0.0058,0.0,0.0,0.004543,0.0,-0.1635,1.458,1.0,0.0,0.0,0.0,1.859,2.0,1.0,1.5,-1.093,0.794,3.0,0.0,-0.5,1.5,0.0,0.0,0.0,1.944
0.0133,0.01324,0.013885,-0.348,0.322,-0.1469,0.5786,-0.4927,0.1975,-0.6562,-0.65,-0.614,0.857,-0.3564,0.0,-1.0,0.6265,0.755,-0.4136,0.0,1.344,-0.09515,0.251,0.2081,0.2062,-0.4854,0.513,-1.255,0.0918,0.6934,0.706,0.2152,-0.06067,0.0261,-0.003439,0.0,0.0,0.006943,0.0,-0.1951,0.525,0.0,0.0,0.0,0.0,-2.4,1.0,1.0,1.0,-0.4194,0.2069,0.0,1.0,-0.5,1.5,0.0,0.0,0.0,-2.48
0.014824,0.01474,0.01543,-0.3018,0.2744,-0.1469,0.5786,-0.46,0.1356,-0.656,-0.6304,-0.0741,0.857,-0.3665,0.0,-1.0,0.6294,0.7515,-0.4136,0.0,1.346,-0.1431,0.2942,0.2534,0.1451,-0.4746,0.77,0.0,0.0802,-1.255,0.3665,-0.2383,-0.2915,0.02713,-0.001161,0.0,0.0,0.00918,0.0,-0.1952,0.5757,0.0,0.0,0.0,0.0,0.0,1.0,1.0,1.0,-0.3953,0.1387,0.0,0.0,-0.5,1.5,0.0,0.0,0.0,0.0
0.01561,0.0155,0.01624,-0.08875,0.0573,-0.1469,0.5786,-0.4597,-0.0925,-0.7095,-0.6187,-0.855,0.857,-0.3762,0.0,-1.0,0.689,0.815,-0.447,0.0,1.349,-0.874,0.3228,0.279,-0.0798,-0.4685,0.7993,-0.3916,-0.02272,0.0,0.6934,0.7056,0.122,0.02681,0.00111,0.0,0.0,0.01201,0.0,-0.2048,0.2615,0.0,0.0,0.0,0.0,-0.5903,0.0,0.5,0.5,-0.1761,-0.05505,0.0,1.0,-0.5,1.5,0.0,0.0,0.0,-0.623
0.01682,0.0167,0.01747,-0.213,0.1821,-0.1469,0.5786,-0.4512,0.02667,-0.6626,-0.604,5.92,0.857,-0.3862,0.0,-1.0,0.637,0.759,-0.4187,0.0,1.351,-0.3816,0.33,0.2842,0.05554,-0.4636,0.3306,0.3345,-0.11633,-0.3916,-1.255,0.3665,0.9136,0.02777,0.00356,0.0,0.0,0.01477,0.0,-0.1968,0.3562,0.0,0.0,0.0,0.0,0.4722,0.0,0.5,0.5,-0.2786,0.084,1.0,0.0,-0.5,1.0,0.0,0.0,0.0,0.5015
0.01855,0.0184,0.01923,-0.36,0.3296,-0.1469,0.5786,-0.4607,0.1696,-0.6045,-0.5845,1.248,0.857,-0.396,0.0,-1.0,0.5728,0.6914,-0.383,0.0,1.354,-0.4207,0.3215,0.2778,0.2001,-0.4534,0.2451,0.4158,-0.2269,0.3345,0.0,0.6934,0.204,0.02809,0.006084,0.0,0.0,0.0178,0.0,-0.1866,0.5015,0.0,0.0,0.0,0.0,0.743,0.0,0.5,1.0,-0.41,0.2372,2.0,0.0,-0.5,1.0,0.0,0.0,0.0,0.7856
0.01929,0.01904,0.02005,-0.07745,0.0381,-0.1469,0.5786,-0.4949,-0.1514,-0.6807,-0.568,-1.094,0.7144,-0.406,-1.0,-1.0,0.6533,0.7837,-0.43,0.0,1.356,-0.6357,0.3008,0.263,-0.127,-0.4424,0.1653,-0.5425,-0.2651,0.4158,-0.3916,-1.254,0.2152,0.02635,0.00767,0.0,0.0,0.01927,0.0,-0.2002,0.3835,0.0,0.0,0.0,0.0,-0.9927,0.0,0.0,1.0,-0.11945,-0.02393,0.0,1.0,-0.5,1.0,0.0,0.0,0.0,-1.042
0.01831,0.01805,0.0191,0.4258,-0.473,-0.4968,0.3877,-0.448,-0.692,-0.8306,-0.563,14.88,0.5713,-0.4158,-1.0,-1.0,0.826,0.96,-0.5225,0.0,1.358,0.4722,0.2507,0.2493,-0.671,-0.4387,0.3127,-1.083,-0.279,-0.5425,0.3345,0.0,-0.2383,0.02061,0.008446,0.0,0.0,0.01958,0.0,-0.2269,-0.0505,0.0,0.0,0.0,0.0,-3.27,0.0,0.0,0.5,0.3652,-0.516,0.0,2.0,-0.5,1.0,0.0,1.0,-2.76,-3.46
0.01747,0.01724,0.01823,0.3882,-0.4333,-0.4968,0.3877,-0.51,-0.66,-0.826,-0.5684,0.0827,0.4285,-0.4258,-1.0,-1.0,0.816,0.961,-0.52,0.0,1.361,-0.621,0.1768,0.2258,-0.639,-0.4426,-0.1588,0.02425,-0.2993,-1.083,0.4158,-0.3916,0.7056,0.0178,0.00927,0.0,0.0,0.01996,0.0,-0.2264,-0.3389,0.0,0.0,0.0,0.0,0.04504,1.0,0.0,0.5,0.3198,-0.4878,1.0,0.0,-0.5,1.0,0.0,0.0,0.0,0.04858
0.0175,0.01727,0.01825,0.1292,-0.1707,-0.4968,0.3877,-0.5244,-0.3945,-0.752,-0.5703,-0.3918,0.2856,-0.4355,-1.0,-1.0,0.7305,0.872,-0.4756,0.0,1.363,-0.4182,0.0916,0.1973,-0.3735,-0.4448,-0.47,0.533,-0.3152,0.02425,-0.5425,0.3345,0.3665,0.01619,0.010506,0.0,0.0,0.02046,0.0,-0.2136,-0.2236,0.0,0.0,0.0,0.0,1.116,1.0,0.0,0.5,0.09235,-0.2109,2.0,0.0,-0.5,1.0,1.0,0.0,1.737,1.203
0.01698,0.01678,0.0177,0.291,-0.3325,-0.4968,0.3877,-0.482,-0.541,-0.8003,-0.5776,0.718,0.1428,-0.4456,-1.0,-1.0,0.789,0.9263,-0.506,0.0,1.366,-0.282,-0.0196,0.1572,-0.51,-0.4514,-0.973,-0.3604,-0.3235,0.533,-1.083,0.4155,0.6934,0.01463,0.01165,0.0,0.0,0.02066,0.0,-0.2225,-0.406,0.0,0.0,0.0,0.0,-0.945,0.0,-0.5,0.0,0.2502,-0.3645,0.0,1.0,-0.5,1.0,0.0,0.0,0.0,-1.01
0.01714,0.01697,0.01784,0.09607,-0.1338,-0.4968,0.3877,-0.4292,-0.3354,-0.7427,-0.578,-0.386,0.0,-0.4556,-1.0,-1.0,0.728,0.8516,-0.4714,0.0,1.369,0.01707,-0.1393,0.1062,-0.2993,-0.454,-0.34,0.411,-0.3433,-0.3604,0.02425,-0.5425,-1.254,0.013245,0.01289,0.0,0.0,0.02124,0.0,-0.2128,-0.1974,0.0,0.0,0.0,0.0,0.903,1.0,0.0,0.5,0.05032,-0.1864,1.0,0.0,-0.5,1.0,0.0,0.0,0.0,0.9707
0.0167,0.01653,0.0174,0.2705,-0.3105,-0.4968,0.3877,-0.461,-0.4785,-0.7935,-0.5894,0.854,-0.1428,-0.4653,-1.0,-1.0,0.7827,0.916,-0.504,0.0,1.371,-0.331,-0.275,0.0457,-0.458,-0.4587,-0.3809,-0.384,-0.3723,0.411,0.533,-1.083,0.0,0.01007,0.013824,0.0,0.0,0.02173,0.0,-0.2222,-0.557,0.0,0.0,0.0,0.0,-0.6157,1.0,0.0,0.0,0.2153,-0.3599,0.0,1.0,-0.5,1.0,0.0,0.0,0.0,-0.6577
0.0169,0.01672,0.01761,0.07684,-0.115,-0.4968,0.3877,-0.4182,-0.2361,-0.7344,-0.6006,-0.5884,-0.2856,-0.4753,-1.0,-1.0,0.72,0.841,-0.4695,0.0,1.374,0.0003448,-0.4182,-0.02843,-0.2281,-0.4648,-0.2078,0.411,-0.4072,-0.384,-0.3604,0.02425,-0.3914,0.009026,0.01557,0.0,0.0,0.02245,0.0,-0.2123,-0.5435,0.0,0.0,0.0,0.0,0.5415,1.0,0.5,0.0,0.01758,-0.1838,1.0,0.0,-0.5,1.0,0.0,0.0,0.0,0.582
0.01646,0.01616,0.01729,0.2654,-0.3135,-0.4968,0.3877,-0.4807,-0.3591,-0.7896,-0.623,1.258,-0.4285,-0.485,-1.0,-1.0,0.777,0.9136,-0.505,0.0,1.376,-0.461,-0.4568,-0.1091,-0.3489,-0.4797,-0.4248,-0.42,-0.396,0.411,0.411,0.533,0.3342,0.00948,0.01689,0.0,0.0,0.02213,0.0,-0.2225,-0.9434,0.0,0.0,0.0,0.0,-0.512,0.0,0.0,-0.5,0.1523,-0.426,0.0,1.0,-0.5,1.0,0.0,0.0,0.0,-0.547
0.0158,0.01547,0.01665,0.333,-0.383,-0.4968,0.3877,-0.582,-0.4036,-0.8115,-0.6333,0.3433,-0.5713,-0.495,-1.0,-1.0,0.7925,0.9497,-0.52,0.0,1.379,-0.7354,-0.4473,-0.187,-0.3787,-0.4902,-0.7373,-0.1813,-0.3767,-0.42,-0.384,-0.3604,0.4155,0.00948,0.01807,0.0,0.0,0.0215,0.0,-0.227,-0.6514,0.0,0.0,0.0,0.0,-0.371,0.0,-0.5,-0.5,0.2262,-0.4836,0.0,2.0,-0.5,1.0,0.0,1.0,-1.497,-0.3987
0.01686,0.01654,0.01772,-0.1775,0.134,-0.4968,0.3877,-0.543,0.149,-0.655,-0.6323,-1.958,-0.5713,-0.505,0.0,-1.0,0.62,0.758,-0.4258,0.0,1.381,-0.01195,-0.4268,-0.269,0.1562,-0.489,-0.504,1.127,-0.3757,-0.1813,0.4106,0.411,-0.5425,0.01079,0.01907,0.0,0.0,0.02158,0.0,-0.2001,-0.1863,0.0,0.0,0.0,0.0,2.307,0.0,0.0,0.0,-0.2164,0.0675,1.0,0.0,-0.5,1.0,1.0,0.0,2.55,2.486
0.01845,0.01816,0.01927,-0.3223,0.2825,-0.4968,0.3877,-0.5615,0.3257,-0.5957,-0.622,0.877,-0.5713,-0.5146,0.0,-1.0,0.554,0.6904,-0.391,0.0,1.384,-0.7686,-0.4084,-0.3467,0.3413,-0.4866,0.1531,0.4045,-0.366,1.127,-0.42,-0.384,-1.083,0.01381,0.02008,0.0,0.0,0.02217,0.0,-0.1902,0.086,0.0,0.0,0.0,0.0,0.5938,1.0,0.5,0.5,-0.3503,0.2166,2.0,0.0,-0.5,1.0,0.0,0.0,0.0,0.628
0.02011,0.01984,0.0209,-0.3445,0.3066,-0.4968,0.3877,-0.5537,0.385,-0.572,-0.6147,0.2908,-0.5713,-0.525,0.0,-1.0,0.5293,0.6626,-0.378,0.0,1.387,-0.263,-0.3953,-0.422,0.402,-0.484,0.2314,0.1536,-0.3594,0.4045,-0.1813,0.4106,0.02425,0.01627,0.02122,0.0,0.0,0.02234,0.0,-0.1864,0.02959,0.0,0.0,0.0,0.0,0.2181,1.0,0.5,0.5,-0.386,0.2241,3.0,0.0,-0.5,1.0,0.0,0.0,0.0,0.2292
0.02116,0.02087,0.02199,-0.1707,0.1294,-0.4968,0.3877,-0.5767,0.2466,-0.6113,-0.6147,-0.1606,-0.5713,-0.5347,0.0,-1.0,0.57,0.7104,-0.4033,0.0,1.389,-0.751,-0.386,-0.484,0.2656,-0.4856,0.01581,-0.2947,-0.3755,0.1536,1.127,-0.42,0.533,0.0189,0.022,0.0,0.0,0.02197,0.0,-0.1938,-0.2227,0.0,0.0,0.0,0.0,-0.4084,1.0,0.0,0.0,-0.2355,0.03525,0.0,1.0,-0.5,1.0,0.0,0.0,0.0,-0.4282
0.02205,0.02177,0.02286,-0.1204,0.07916,-0.539,0.3877,-0.5713,0.2137,-0.6157,-0.61,0.0433,-0.4285,-0.5444,0.0,-1.0,0.575,0.7153,-0.4075,0.0,1.392,-0.5913,-0.393,-0.4946,0.2383,-0.4849,0.2825,-0.04736,-0.4468,-0.2947,0.4043,-0.1812,-0.36,0.02054,0.02275,0.0,0.0,0.02101,0.0,-0.1951,-0.03577,0.0,0.0,0.0,0.0,-0.07837,1.0,0.0,0.0,-0.2428,-0.0737,0.0,2.0,-0.5,1.0,0.0,0.0,0.0,-0.0825
0.024,0.02374,0.02478,-0.4229,0.3872,-0.539,0.3877,-0.6343,0.514,-0.507,-0.584,1.145,-0.2856,-0.5547,0.0,-1.0,0.453,0.596,-0.3425,0.0,1.394,-0.8535,-0.4192,-0.4993,0.541,-0.4727,0.1078,0.759,-0.4077,-0.04736,0.1536,1.127,0.4106,0.02481,0.02393,0.0,0.0,0.02167,0.0,-0.1765,0.729,0.0,0.0,0.0,0.0,1.175,1.0,0.0,0.5,-0.49,0.271,1.0,0.0,-0.5,1.0,1.0,0.0,1.47,1.239
0.02658,0.02637,0.0273,-0.5938,0.564,-0.539,0.3877,-0.646,0.6836,-0.4307,-0.5537,0.438,-0.1428,-0.5547,0.0,0.0,0.3713,0.511,-0.2966,0.0,1.396,-0.656,-0.44,-0.4995,0.721,-0.4585,0.4292,0.527,-0.337,0.759,-0.2947,0.4043,-0.384,0.03069,0.02554,0.0,0.0,0.02275,0.0,-0.1635,0.847,1.0,0.0,0.0,0.0,0.7026,1.0,0.5,0.5,-0.6523,0.4438,2.0,0.0,-0.5,1.0,0.0,0.0,0.0,0.7314
0.02875,0.02856,0.02945,-0.4783,0.4485,-0.539,0.3877,-0.6826,0.5596,-0.4434,-0.5293,-0.0273,0.0,-0.5547,0.0,0.0,0.3813,0.529,-0.306,0.0,1.399,-0.5605,-0.444,-0.4946,0.6045,-0.4473,0.3313,-0.10443,-0.2852,0.527,-0.04736,0.1536,0.4106,0.03384,0.02704,0.0,0.0,0.02406,0.0,-0.1661,0.666,0.0,0.0,0.0,0.0,-0.1543,0.0,0.0,0.0,-0.5576,0.3142,0.0,1.0,-0.5,1.0,0.0,0.0,0.0,-0.1593
0.03062,0.03046,0.03134,-0.3992,0.3684,-0.539,0.3877,-0.708,0.454,-0.4475,-0.5015,-0.02826,0.1428,-0.5547,0.0,0.0,0.3835,0.536,-0.31,0.0,1.401,-0.6226,-0.4014,-0.477,0.4783,-0.429,0.6987,-0.0465,-0.2448,-0.10443,0.7583,-0.2944,-0.4197,0.03598,0.02805,0.0,0.0,0.02507,0.0,-0.1674,0.846,1.0,0.0,0.0,0.0,-0.0783,0.0,0.0,0.0,-0.5024,0.2148,0.0,2.0,-0.5,1.0,0.0,0.0,0.0,-0.081
0.03278,0.03262,0.03348,-0.473,0.4438,-0.539,0.3877,-0.7563,0.5215,-0.4038,-0.475,0.2727,0.2856,-0.5547,0.0,0.0,0.3335,0.492,-0.2847,0.0,1.404,-0.502,-0.3325,-0.4482,0.5376,-0.4138,0.9443,0.2908,-0.198,-0.0465,0.527,-0.04736,-0.1812,0.03842,0.02908,0.0,0.0,0.026,0.0,-0.1602,0.82,1.0,0.0,0.0,0.0,0.403,1.0,0.5,0.0,-0.5767,0.2837,1.0,0.0,-0.5,1.0,0.0,0.0,0.0,0.417
0.03467,0.0345,0.03537,-0.3896,0.3591,-0.539,0.3877,-0.741,0.4033,-0.4097,-0.4448,-0.06033,0.4285,-0.5547,0.0,0.0,0.341,0.497,-0.2896,0.0,1.406,-0.2205,-0.249,-0.411,0.4282,-0.3994,0.4429,-0.0579,-0.1575,0.2908,-0.10443,0.7583,1.127,0.0414,0.02998,0.0,0.0,0.0273,0.0,-0.1617,1.033,1.0,0.0,0.0,0.0,-0.0975,0.0,0.0,0.0,-0.5166,0.1805,0.0,1.0,-0.5,1.0,0.0,0.0,0.0,-0.10034
0.0364,0.0362,0.03714,-0.3552,0.3225,-0.539,0.9146,-0.8096,0.3452,-0.4023,-0.4187,0.0199,0.5713,-0.5547,0.0,0.0,0.3274,0.4954,-0.2866,0.0,1.409,-0.813,-0.1544,-0.3606,0.3494,-0.3823,0.2947,0.03476,-0.1508,-0.0579,-0.04648,0.5264,0.4043,0.0446,0.03104,0.0,0.0,0.0295,0.0,-0.161,0.944,1.0,0.0,0.0,0.0,0.0763,0.0,0.0,0.0,-0.5034,0.1235,1.0,0.0,-0.5,1.0,0.0,0.0,0.0,0.0786
0.0391,0.03888,0.03983,-0.616,0.5864,-0.539,0.9146,-0.7886,0.586,-0.2969,-0.3804,0.717,0.7144,-0.5547,0.0,0.0,0.2213,0.3782,-0.2236,0.0,1.411,-0.11237,-0.0663,-0.3008,0.6167,-0.3667,0.2754,0.718,-0.1169,0.03476,0.2908,-0.1044,0.1536,0.04773,0.0321,0.0,0.0,0.03226,0.0,-0.143,1.415,1.0,0.0,0.0,0.0,1.169,1.0,0.0,0.5,-0.7197,0.4153,2.0,0.0,-0.5,1.0,0.0,0.0,0.0,1.203
0.04132,0.04105,0.04214,-0.492,0.4568,-0.539,0.9146,-0.7666,0.4055,-0.3135,-0.3418,-0.1395,0.857,-0.5547,0.0,0.0,0.2401,0.394,-0.2347,0.0,1.414,-0.4954,0.02692,-0.2229,0.4133,-0.3416,0.5645,-0.1259,-0.0871,0.718,-0.05786,-0.04648,-0.2944,0.04935,0.0329,0.0,0.0,0.0345,0.0,-0.1462,1.453,1.0,0.0,0.0,0.0,-0.2223,1.0,0.0,0.5,-0.6514,0.2346,0.0,1.0,-0.5,1.0,0.0,0.0,0.0,-0.2263
0.04306,0.04272,0.0439,-0.354,0.3142,-0.539,0.9146,-0.8594,0.2427,-0.3389,-0.3176,-0.2001,0.857,-0.5547,0.0,0.0,0.2576,0.4302,-0.251,0.0,1.417,-0.554,0.10974,-0.1439,0.2323,-0.325,0.7124,-0.1835,-0.0948,-0.1259,0.03476,0.2908,-0.04736,0.05078,0.03323,0.0,0.0,0.03687,0.0,-0.151,1.07,1.0,0.0,0.0,0.0,-0.288,0.0,0.0,0.0,-0.532,0.0825,0.0,2.0,-0.5,1.0,0.0,0.0,0.0,-0.2937
0.0439,0.04358,0.0448,-0.1117,0.0678,-0.539,0.834,-0.841,-0.02061,-0.402,-0.3027,-0.664,0.857,-0.5547,0.0,0.0,0.3245,0.4983,-0.2908,0.0,1.419,-0.766,0.1677,-0.0744,-0.03214,-0.317,0.363,-0.4487,-0.1108,-0.1835,0.718,-0.05786,0.7583,0.0513,0.034,0.0,0.0,0.03854,0.0,-0.1625,0.547,0.0,0.0,0.0,0.0,-0.5903,0.0,-0.5,-0.5,-0.2893,-0.1445,0.0,3.0,-0.5,-1.0,0.0,0.0,0.0,-0.604
0.04532,0.04495,0.04623,-0.26,0.2172,-0.539,0.834,-0.8496,0.124,-0.3442,-0.286,1.821,0.857,-0.5547,0.0,0.0,0.264,0.4353,-0.256,0.0,1.422,-0.538,0.2073,-0.01115,0.1028,-0.3064,0.0762,0.394,-0.1443,-0.4487,-0.1259,0.03476,0.5264,0.05203,0.03497,0.0,0.0,0.04083,0.0,-0.1527,0.642,0.0,0.0,0.0,0.0,0.7856,0.0,-0.5,-0.5,-0.4226,0.00959,1.0,0.0,-0.5,-1.0,0.0,0.0,0.0,0.81
0.04688,0.04645,0.04782,-0.3035,0.259,-0.539,0.834,-0.848,0.149,-0.3162,-0.2634,0.2578,0.857,-0.5547,0.0,0.0,0.2356,0.4048,-0.2399,0.0,1.424,-0.7104,0.2206,0.04456,0.1389,-0.2964,0.1697,0.1842,-0.1621,0.394,-0.1835,0.718,-0.1044,0.05334,0.03625,0.0,0.0,0.04297,0.0,-0.1481,0.936,1.0,0.0,0.0,0.0,0.2764,0.0,0.0,0.0,-0.4553,0.05966,2.0,0.0,-0.5,-1.0,0.0,0.0,0.0,0.283
0.04877,0.0483,0.04977,-0.4023,0.356,-0.539,0.834,-0.85,0.2289,-0.268,-0.2366,0.4744,0.857,-0.5547,0.0,0.0,0.1866,0.3528,-0.2114,0.0,1.427,-0.576,0.2107,0.08984,0.2283,-0.284,0.2451,0.3213,-0.2098,0.1842,-0.4485,-0.1259,-0.04648,0.05533,0.03754,0.0,0.0,0.04572,0.0,-0.14,1.063,1.0,0.0,0.0,0.0,0.4526,1.0,0.5,0.5,-0.5684,0.1335,3.0,0.0,-0.5,-1.0,0.0,0.0,0.0,0.4622
0.05072,0.0502,0.05173,-0.4062,0.359,-0.539,0.834,-0.9087,0.2339,-0.2485,-0.217,0.1589,0.857,-0.5547,0.0,0.0,0.162,0.3374,-0.2002,0.0,1.43,-0.7314,0.1898,0.1209,0.2383,-0.2744,0.1351,0.1256,-0.298,0.3213,0.394,-0.1835,0.2908,0.05594,0.0387,0.0,0.0,0.04868,0.0,-0.137,0.884,1.0,0.0,0.0,0.0,0.2092,2.0,0.5,0.5,-0.5923,0.1146,4.0,0.0,-0.5,-1.0,0.0,0.0,0.0,0.2124
0.052,0.0515,0.053,-0.231,0.1816,-0.539,0.834,-0.8677,0.0641,-0.289,-0.2065,-0.3906,0.857,-0.5547,0.0,0.0,0.2063,0.3772,-0.2256,0.0,1.432,-0.2659,0.1589,0.1418,0.05753,-0.2668,0.2307,-0.285,-0.3337,0.1256,0.1842,-0.4485,-0.05786,0.05618,0.03995,0.0,0.0,0.05054,0.0,-0.1443,0.4087,0.0,0.0,0.0,0.0,-0.5664,2.0,0.5,0.0,-0.4192,-0.0514,0.0,1.0,-0.5,-1.0,0.0,0.0,0.0,-0.574
0.05377,0.05328,0.0548,-0.365,0.3174,-0.539,0.834,-0.8887,0.2101,-0.231,-0.1904,1.036,0.857,-0.5547,0.0,0.0,0.1461,0.317,-0.191,0.0,1.435,-0.7324,0.11163,0.1522,0.214,-0.2607,0.2544,0.3892,-0.3398,-0.285,0.3213,0.3938,0.03476,0.05777,0.04202,0.0,0.0,0.0524,0.0,-0.1345,0.674,0.0,0.0,0.0,0.0,0.569,2.0,0.5,0.5,-0.527,0.1025,1.0,0.0,-0.5,-1.0,0.0,0.0,0.0,0.579
0.05527,0.05478,0.0563,-0.2832,0.2344,-0.7476,0.834,-0.857,0.1259,-0.2415,-0.1748,-0.141,0.857,-0.5547,0.0,0.0,0.1595,0.325,-0.1982,0.0,1.437,-0.3025,0.06555,0.1537,0.1284,-0.2522,-0.12366,-0.0796,-0.3528,0.3892,0.1256,0.1842,0.718,0.06018,0.044,0.0,0.0,0.05408,0.0,-0.1366,0.6445,0.0,0.0,0.0,0.0,-0.132,1.0,0.0,0.5,-0.4614,0.008224,0.0,1.0,-0.5,-1.0,0.0,0.0,0.0,-0.1334
0.05762,0.05716,0.05862,-0.522,0.4785,-0.7476,0.834,-0.8613,0.389,-0.1458,-0.1558,1.34,0.857,-0.5547,0.0,0.0,0.0645,0.2242,-0.1403,0.0,1.439,-0.709,0.0196,0.1434,0.3857,-0.241,-0.0266,0.6494,-0.3633,-0.0796,-0.2847,0.3213,-0.1259,0.06323,0.04608,0.0,0.0,0.05652,0.0,-0.1201,0.7793,1.0,0.0,0.0,0.0,1.254,1.0,0.5,0.5,-0.656,0.2822,1.0,0.0,-0.5,-1.0,0.0,0.0,0.0,1.27
0.0596,0.05914,0.0606,-0.411,0.366,-0.7476,0.834,-0.889,0.2769,-0.1621,-0.1375,-0.1007,0.857,-0.5547,0.0,0.0,0.0781,0.2441,-0.1505,0.0,1.442,-0.586,-0.02765,0.12067,0.2732,-0.2305,0.1553,-0.1127,-0.4106,0.6494,0.3892,0.1255,-0.1833,0.0656,0.0483,0.0,0.0,0.0589,0.0,-0.1231,0.735,0.0,0.0,0.0,0.0,-0.1729,0.0,0.5,0.5,-0.548,0.1748,0.0,1.0,-0.5,-1.0,0.0,0.0,0.0,-0.1732
0.06064,0.06018,0.06168,-0.1624,0.11383,-0.7476,0.834,-0.827,0.014565,-0.2279,-0.1239,-0.591,0.857,-0.5547,0.0,0.0,0.1486,0.3076,-0.191,0.0,1.444,-0.2275,-0.06216,0.09814,-0.02638,-0.216,0.507,-0.4514,-0.4387,-0.1127,-0.0796,-0.2847,-0.4485,0.0661,0.05005,0.0,0.0,0.0603,0.0,-0.1351,0.404,0.0,0.0,0.0,0.0,-2.268,0.0,0.5,0.0,-0.3281,-0.0894,0.0,2.0,-0.5,-1.0,0.0,0.0,0.0,-2.277
0.062,0.06155,0.06305,-0.248,0.2007,-0.883,0.834,-0.8784,0.1213,-0.1884,-0.11554,1.045,0.857,-0.5547,0.0,0.0,0.1048,0.2708,-0.1677,0.0,1.447,-0.644,-0.0978,0.072,0.06177,-0.2085,0.3328,0.2617,-0.435,-0.4514,0.649,0.3892,0.3938,0.06696,0.05212,0.0,0.0,0.06152,0.0,-0.1287,0.2146,0.0,0.0,0.0,0.0,1.238,0.0,0.5,0.0,-0.4014,0.004135,1.0,0.0,-0.5,-1.0,0.0,0.0,0.0,1.253
0.06323,0.0628,0.0643,-0.2119,0.1638,-0.883,0.834,-0.915,0.09467,-0.1873,-0.1057,0.0196,0.857,-0.5547,0.0,0.0,0.1004,0.273,-0.1677,0.0,1.449,-0.9185,-0.1154,0.03708,0.0402,-0.2045,0.2803,0.0,-0.4438,0.2617,-0.1127,-0.0796,0.1841,0.0685,0.05402,0.0,0.0,0.0628,0.0,-0.1288,0.2988,0.0,0.0,0.0,0.0,0.0,0.0,0.0,0.0,-0.3772,-0.04285,0.0,0.0,-0.5,-1.0,0.0,0.0,0.0,0.0
0.0656,0.0652,0.0666,-0.519,0.4775,-0.883,0.834,-0.8843,0.4246,-0.0695,-0.0852,1.867,0.857,-0.5547,0.0,0.0,-0.011314,0.1475,-0.0966,0.0,1.452,-0.0681,-0.1121,0.00967,0.3472,-0.1897,0.1301,0.7925,-0.4155,0.0,-0.4514,0.649,0.3213,0.071,0.05655,0.0,0.0,0.06476,0.0,-0.10864,0.7295,0.0,0.0,0.0,0.0,4.13,0.0,0.0,0.5,-0.6484,0.2861,1.0,0.0,-0.5,-1.0,0.0,0.0,0.0,4.16
0.0672,0.0667,0.06824,-0.2976,0.2515,-0.883,0.834,-0.8877,0.1765,-0.12354,-0.0633,-0.3608,0.857,-0.5547,0.0,0.0,0.04056,0.2037,-0.1301,0.0,1.454,-0.816,-0.1149,-0.0188,0.1245,-0.182,0.1322,-0.369,-0.4114,0.7925,0.2615,-0.1126,0.1255,0.07275,0.05896,0.0,0.0,0.0662,0.0,-0.1184,0.778,1.0,0.0,0.0,0.0,-0.7085,0.0,-0.5,0.5,-0.441,0.06207,0.0,1.0,-0.5,-1.0,0.0,0.0,0.0,-0.704
0.06866,0.0682,0.0697,-0.272,0.2241,-0.883,0.834,-0.9263,0.1423,-0.1176,-0.04572,0.014114,0.857,-0.5547,0.0,0.0,0.03137,0.2012,-0.1271,0.0,1.457,-0.756,-0.12085,-0.04922,0.10535,-0.1753,0.3616,0.03372,-0.4177,-0.369,0.0,-0.4514,-0.2847,0.0731,0.06082,0.0,0.0,0.06775,0.0,-0.1177,0.662,0.0,0.0,0.0,0.0,0.0625,1.0,0.0,0.5,-0.4243,0.027,1.0,0.0,-0.5,-1.0,0.0,0.0,0.0,0.06256
0.06995,0.0694,0.071,-0.2144,0.1649,-0.883,0.834,-0.9023,0.0773,-0.1231,-0.03047,-0.1342,0.857,-0.5547,0.0,0.0,0.03885,0.2047,-0.1311,0.0,1.46,-0.468,-0.1287,-0.07697,0.04333,-0.1677,0.1869,-0.04495,-0.4343,0.03372,0.7925,0.2615,0.389,0.0736,0.06244,0.0,0.0,0.06915,0.0,-0.11896,0.5596,0.0,0.0,0.0,0.0,-0.1115,0.0,-0.5,0.0,-0.3843,-0.04694,0.0,1.0,-0.5,-1.0,0.0,0.0,0.0,-0.11145
0.07196,0.0715,0.073,-0.4238,0.3782,-0.883,0.834,-0.905,0.303,-0.03915,-0.01329,1.43,0.857,-0.5547,0.0,0.0,-0.04224,0.1184,-0.0804,0.0,1.462,-0.507,-0.1351,-0.1043,0.2856,-0.1617,0.2795,0.5625,-0.3958,-0.04495,-0.3687,0.0,-0.0796,0.07654,0.0643,0.0,0.0,0.0705,0.0,-0.1045,0.6523,0.0,0.0,0.0,0.0,1.079,1.0,0.0,0.0,-0.5586,0.1884,1.0,0.0,-0.5,-1.0,0.0,0.0,0.0,1.079
0.0724,0.07184,0.07336,0.02122,-0.07184,-0.883,0.765,-0.7915,-0.1555,-0.1718,-0.006855,-1.06,0.7144,-0.5547,-1.0,0.0,0.0962,0.2449,-0.1616,0.0,1.465,0.00931,-0.149,-0.1217,-0.1672,-0.1589,-0.04672,-0.8916,-0.4043,0.5625,0.03372,0.7925,0.649,0.0767,0.0658,0.0,0.0,0.07117,0.0,-0.1279,0.05838,0.0,0.0,0.0,0.0,-2.086,0.0,-0.5,-0.5,-0.10944,-0.2227,0.0,1.0,-0.5,-1.0,0.0,0.0,0.0,-2.066
0.0719,0.0714,0.07294,0.2576,-0.3113,-0.883,0.504,-0.721,-0.4119,-0.2457,-0.003035,7.11,0.5713,-0.5547,-1.0,0.0,0.1758,0.3164,-0.2074,0.0,1.467,-0.0857,-0.18,-0.1416,-0.3933,-0.1628,0.01006,-0.509,-0.4207,-0.8916,-0.04495,-0.3687,-0.1126,0.0757,0.067,0.0,0.0,0.0716,0.0,-0.1414,-0.04877,0.0,0.0,0.0,0.0,-1.724,0.0,-0.5,-0.5,0.11896,-0.4524,0.0,2.0,-0.5,-1.0,0.0,0.0,0.0,-1.733
0.07227,0.0718,0.0733,0.03476,-0.08594,-0.883,0.504,-0.703,-0.1895,-0.1741,0.001725,-0.679,0.4285,-0.5547,-1.0,0.0,0.1065,0.2388,-0.1647,0.0,1.47,-0.523,-0.2228,-0.1666,-0.1703,-0.1615,0.2573,0.4792,-0.4749,-0.509,0.5625,0.03372,-0.4512,0.07385,0.0681,0.0,0.0,0.07275,0.0,-0.1292,-0.011566,0.0,0.0,0.0,0.0,1.085,0.0,0.0,-0.5,-0.0693,-0.2068,1.0,0.0,-0.5,-1.0,0.0,0.0,0.0,1.101
0.0721,0.0716,0.0731,0.184,-0.2374,-0.883,0.504,-0.715,-0.3464,-0.2191,0.004406,2.459,0.2856,-0.5547,-1.0,0.0,0.1499,0.2876,-0.1931,0.0,1.473,-0.518,-0.2734,-0.1945,-0.3284,-0.1606,0.1107,-0.317,-0.5063,0.4792,-0.891,-0.04495,0.2615,0.0722,0.0688,0.0,0.0,0.07336,0.0,-0.1375,-0.1143,0.0,0.0,0.0,0.0,-0.3481,0.0,-0.5,-0.5,0.0538,-0.3752,0.0,1.0,-0.5,-1.0,0.0,0.0,0.0,-0.3503
0.07184,0.07135,0.0728,0.2047,-0.2576,-0.883,0.504,-0.6987,-0.3518,-0.2252,-0.000729,0.1682,0.1428,-0.5547,-1.0,0.0,0.1575,0.2925,-0.1982,0.0,1.475,-0.2566,-0.3271,-0.2261,-0.3486,-0.162,0.0927,-0.0569,-0.5273,-0.317,-0.509,0.562,0.0,0.0703,0.06946,0.0,0.0,0.0737,0.0,-0.139,-0.4333,0.0,0.0,0.0,0.0,-0.11,-1.0,-0.5,-1.0,0.0699,-0.3987,0.0,2.0,-0.5,-1.0,0.0,0.0,0.0,-0.11127
0.0719,0.0714,0.07294,0.10736,-0.159,-0.883,0.504,-0.729,-0.2406,-0.1929,-0.002106,-0.372,0.0,-0.5547,-1.0,0.0,0.1226,0.261,-0.1799,0.0,1.478,-0.8716,-0.3835,-0.2578,-0.2428,-0.1633,-0.432,0.205,-0.537,-0.0569,0.479,-0.891,0.7925,0.06903,0.07025,0.0,0.0,0.07404,0.0,-0.1338,-0.2852,0.0,0.0,0.0,0.0,0.2522,0.0,-0.5,-0.5,-0.03445,-0.3154,1.0,0.0,-0.5,-1.0,0.0,0.0,0.0,0.2556
0.0701,0.0697,0.07104,0.6494,-0.701,-1.004,0.504,-0.582,-0.7866,-0.3657,-0.01118,4.91,-0.1428,-0.5547,-1.0,0.0,0.31,0.4333,-0.2866,0.0,1.4795,0.6045,-0.4304,-0.2944,-0.772,-0.1724,-0.2537,-1.191,-0.474,0.205,-0.317,-0.509,-0.3687,0.06366,0.07025,0.0,0.0,0.07324,0.0,-0.1647,-0.555,0.0,0.0,0.0,0.0,-3.62,0.0,-0.5,-0.5,0.521,-0.801,0.0,1.0,-0.5,-1.0,0.0,0.0,0.0,-3.654
0.06866,0.06836,0.0695,0.545,-0.592,-1.004,0.504,-0.551,-0.684,-0.3442,-0.0218,-0.02414,-0.2856,-0.5547,-1.0,0.0,0.2908,0.4067,-0.2754,0.0,1.482,-0.2393,-0.4746,-0.335,-0.683,-0.1779,-0.386,0.1274,-0.4407,-1.191,-0.0569,0.479,0.03372,0.06064,0.0703,0.0,0.0,0.07275,0.0,-0.1615,-0.6196,0.0,0.0,0.0,0.0,0.2524,0.0,-0.5,-0.5,0.4282,-0.687,1.0,0.0,-0.5,-1.0,0.0,0.0,0.0,0.26
0.0666,0.0664,0.0673,0.734,-0.7764,-1.004,0.504,-0.456,-0.8657,-0.413,-0.03763,0.4927,-0.4285,-0.5547,-1.0,0.0,0.37,0.4736,-0.319,0.0,1.484,0.02162,-0.5044,-0.3796,-0.849,-0.1915,-0.4622,-0.4968,-0.3657,0.1274,0.205,-0.317,-0.04492,0.0577,0.0701,0.0,0.0,0.0716,0.0,-0.1743,-0.761,0.0,0.0,0.0,0.0,-1.548,0.0,-0.5,-0.5,0.587,-0.8896,0.0,1.0,-0.5,-1.0,0.0,0.0,0.0,-1.591
0.0634,0.06335,0.064,1.064,-1.104,-1.004,0.504,-0.3757,-1.155,-0.53,-0.0712,0.566,-0.5713,-0.5645,-1.0,-1.0,0.5,0.597,-0.3923,0.0,1.487,0.6626,-0.4268,-0.4106,-1.097,-0.2207,-0.9546,-0.839,-0.2369,-0.4968,-1.191,-0.0569,0.562,0.05173,0.0691,0.0,0.0,0.06976,0.0,-0.1954,-1.351,0.0,1.0,0.0,0.0,-2.508,0.0,-1.0,-1.0,0.9185,-1.189,0.0,2.0,-0.5,-1.0,0.0,0.0,0.0,-2.6
0.06104,0.06104,0.06158,0.8286,-0.8613,-1.004,0.504,-0.3777,-0.9087,-0.4783,-0.09644,-0.1165,-0.7144,-0.574,-1.0,-1.0,0.4453,0.539,-0.3638,0.0,1.49,-0.883,-0.3276,-0.4146,-0.855,-0.2375,-0.6,0.3308,-0.1715,-0.839,0.1273,0.205,-0.891,0.04724,0.0683,0.0,0.0,0.0677,0.0,-0.1874,-1.105,0.0,1.0,0.0,0.0,0.7427,0.0,-0.5,-0.5,0.7114,-0.9346,1.0,0.0,-0.5,-1.0,0.0,0.0,0.0,0.781
0.0592,0.0592,0.05972,0.6797,-0.709,-1.004,0.504,-0.363,-0.734,-0.447,-0.1201,-0.09863,-0.857,-0.574,-1.0,0.0,0.4138,0.5024,-0.3477,0.0,1.492,-0.5063,-0.2329,-0.3926,-0.6997,-0.2502,-0.4197,0.1881,-0.1307,0.3308,-0.4968,-1.191,-0.509,0.0433,0.0677,0.0,0.0,0.06586,0.0,-0.1829,-1.029,0.0,0.0,0.0,0.0,0.325,1.0,0.0,-0.5,0.5786,-0.7764,2.0,0.0,-0.5,-1.0,0.0,0.0,0.0,0.3396
0.05722,0.05728,0.05774,0.7144,-0.7427,-1.004,0.504,-0.327,-0.734,-0.47,-0.1458,0.1428,-1.0,-0.584,-1.0,-1.0,0.4412,0.525,-0.3638,0.0,1.495,-0.0765,-0.1321,-0.3396,-0.687,-0.2698,-0.821,-0.1875,-0.0827,0.1881,-0.839,0.1273,0.479,0.03848,0.0672,0.0,0.0,0.0643,0.0,-0.1876,-1.058,0.0,1.0,0.0,0.0,-0.521,0.0,-0.5,-0.5,0.5903,-0.832,0.0,1.0,-0.5,-1.0,0.0,0.0,0.0,-0.543
0.0555,0.05548,0.0561,0.636,-0.6694,-1.004,0.504,-0.3523,-0.6025,-0.4604,-0.1785,-0.0903,-1.143,-0.594,-1.0,-1.0,0.4287,0.5166,-0.3596,0.0,1.497,-0.7256,-0.03918,-0.2742,-0.5786,-0.2861,-0.7603,0.04703,-0.0502,-0.1875,0.3308,-0.4968,-0.3167,0.03656,0.0666,0.0,0.0,0.06247,0.0,-0.1865,-1.342,0.0,1.0,0.0,0.0,0.0928,1.0,0.0,-0.5,0.4736,-0.807,1.0,0.0,-0.5,-1.0,0.0,0.0,0.0,0.097
0.05313,0.05307,0.05374,0.8394,-0.8755,-1.004,0.504,-0.402,-0.773,-0.5356,-0.2063,0.527,-1.143,-0.604,-1.0,-1.0,0.5044,0.607,-0.4075,0.0,1.5,-0.3042,0.0461,-0.2014,-0.7534,-0.303,-0.8423,-0.552,0.000547,0.04703,0.188,-0.839,-0.05685,0.03308,0.06555,0.0,0.0,0.06024,0.0,-0.2004,-1.2705,0.0,1.0,0.0,0.0,-1.094,1.0,0.0,-0.5,0.6665,-1.009,0.0,1.0,-0.5,-1.0,0.0,0.0,0.0,-1.143
0.05026,0.0502,0.0508,0.9897,-1.026,-1.073,0.504,-0.465,-0.9067,-0.5996,-0.2333,0.366,-1.143,-0.614,-1.0,-1.0,0.5674,0.686,-0.4482,0.0,1.503,-0.3594,0.1324,-0.1227,-0.876,-0.3225,-1.12,-0.474,0.0322,-0.552,-0.1874,0.3308,0.205,0.0297,0.0641,0.0,0.0,0.05698,0.0,-0.2122,-1.259,0.0,1.0,0.0,0.0,-1.21,0.0,-0.5,-0.5,0.8066,-1.159,0.0,2.0,-0.5,-1.0,0.0,0.0,0.0,-1.275
0.04785,0.0478,0.04846,0.8433,-0.8804,-1.073,0.504,-0.4631,-0.732,-0.576,-0.265,-0.0994,-1.143,-0.6235,-1.0,-1.0,0.542,0.6587,-0.436,0.0,1.505,-0.2979,0.215,-0.03998,-0.693,-0.3442,-0.5547,0.1434,0.05258,-0.474,0.047,0.188,-1.191,0.02855,0.0626,0.0,0.0,0.05414,0.0,-0.2089,-1.485,0.0,1.0,0.0,0.0,0.315,0.0,0.0,-0.5,0.6606,-1.024,1.0,0.0,-0.5,-1.0,0.0,0.0,0.0,0.3347
0.04498,0.04492,0.0456,0.9883,-1.027,-1.073,0.504,-0.4683,-0.844,-0.638,-0.2974,0.343,-1.143,-0.634,-1.0,-1.0,0.6094,0.732,-0.4756,0.0,1.508,-0.693,0.2786,0.03702,-0.829,-0.3604,-0.7397,-0.4648,0.0776,0.1434,-0.552,-0.1874,0.1273,0.0256,0.06107,0.0,0.0,0.0509,0.0,-0.2203,-1.508,0.0,1.0,0.0,0.0,-1.193,0.0,-0.5,-0.5,0.819,-1.1455,0.0,1.0,-0.5,-1.0,0.0,0.0,0.0,-1.266
0.04025,0.0403,0.0407,1.583,-1.621,-1.073,0.2438,-0.3518,-1.38,-0.837,-0.3447,0.948,-1.143,-0.6436,-1.0,-1.0,0.8423,0.959,-0.5977,0.0,1.51,0.4185,0.3572,0.1273,-1.327,-0.3955,-0.5723,-1.441,0.1742,-0.4648,-0.474,0.047,-0.4966,0.01904,0.05853,0.0,0.0,0.04657,0.0,-0.2556,-1.685,0.0,1.0,0.0,0.0,-5.52,-1.0,-0.5,-0.5,1.44,-1.663,0.0,2.0,-0.5,-1.0,0.0,1.0,-3.13,-5.477
0.0352,0.03537,0.03555,1.691,-1.725,-1.073,-0.0219,-0.2181,-1.443,-0.904,-0.3994,0.1986,-1.143,-0.6533,-1.0,-1.0,0.9316,1.028,-0.64,0.0,1.513,0.518,0.435,0.2219,-1.401,-0.4272,-0.2515,-0.517,0.231,-1.441,0.1433,-0.552,-0.8384,0.01178,0.0558,0.0,0.0,0.04135,0.0,-0.268,-1.719,0.0,1.0,0.0,0.0,-2.035,-1.0,-0.5,-1.0,1.5,-1.811,0.0,3.0,-0.5,-1.0,0.0,0.0,0.0,-2.229
0.02971,0.02995,0.03,1.838,-1.869,-1.073,-0.3408,-0.3481,-1.577,-0.9824,-0.4453,0.2534,-1.143,-0.6636,-1.0,-1.0,1.013,1.141,-0.691,0.0,1.516,-0.3054,0.5186,0.32,-1.516,-0.4602,-0.6284,-0.621,0.3386,-0.517,-0.4648,-0.4739,0.3308,0.00307,0.05237,0.0,0.0,0.03644,0.0,-0.2827,-1.719,0.0,1.0,0.0,0.0,-1.833,-1.0,-1.0,-1.0,1.664,-1.926,0.0,4.0,-0.5,-0.5,0.0,0.0,0.0,-2.023
0.02501,0.02528,0.02527,1.597,-1.623,-1.073,-0.3408,-0.4011,-1.337,-0.9536,-0.4907,-0.03708,-1.143,-0.6733,-1.0,-1.0,0.974,1.109,-0.677,0.0,1.518,-0.763,0.576,0.4111,-1.315,-0.4827,-0.9746,0.1757,0.4155,-0.621,-1.441,0.1433,0.188,-0.004005,0.0491,0.0,0.0,0.03207,0.0,-0.2786,-1.719,0.0,1.0,0.0,0.0,0.3623,-1.0,-1.0,-1.0,1.419,-1.703,1.0,0.0,-0.5,-0.5,0.0,0.0,0.0,0.4043
0.02043,0.02074,0.02066,1.564,-1.589,-1.073,-0.3408,-0.419,-1.294,-0.979,-0.533,0.10406,-1.143,-0.683,-1.0,-1.0,1.003,1.143,-0.695,0.0,1.5205,-0.1354,0.642,0.5044,-1.23,-0.518,-1.093,-0.2252,0.4495,0.1757,-0.517,-0.4646,-0.1874,-0.0105,0.04596,0.0,0.0,0.02713,0.0,-0.2842,-1.719,0.0,1.0,0.0,0.0,-0.774,-1.0,-1.0,-1.0,1.3545,-1.707,0.0,1.0,-0.5,-0.5,0.0,0.0,0.0,-0.861
0.0159,0.0162,0.01613,1.559,-1.583,-1.073,-0.3408,-0.5293,-1.294,-1.011,-0.5693,0.1433,-1.143,-0.693,-1.0,-1.0,1.031,1.194,-0.7173,0.0,1.522,-0.52,0.726,0.5913,-1.198,-0.548,-1.355,-0.2764,0.481,-0.2252,-0.6206,-1.441,0.047,-0.0179,0.04254,0.0,0.0,0.02226,0.0,-0.2905,-1.674,0.0,1.0,0.0,0.0,-0.8833,-1.0,-1.5,-1.0,1.347,-1.704,0.0,2.0,-0.5,-0.5,0.0,0.0,0.0,-0.987
0.01153,0.011894,0.01168,1.515,-1.535,-1.073,-0.3408,-0.4656,-1.235,-1.031,-0.6113,0.0881,-1.143,-0.703,-1.0,-1.0,1.062,1.215,-0.7324,0.0,1.525,0.01098,0.798,0.6655,-1.149,-0.573,-1.2705,-0.1892,0.492,-0.2764,0.1757,-0.5166,-0.552,-0.02464,0.03903,0.0,0.0,0.01729,0.0,-0.2952,-1.719,0.0,1.0,0.0,0.0,-0.487,-1.0,-1.5,-1.5,1.304,-1.657,0.0,3.0,-0.5,-0.5,0.0,0.0,0.0,-0.5464
0.007027,0.007385,0.00719,1.562,-1.583,-1.073,-0.3408,-0.4849,-1.247,-1.077,-0.6587,0.1542,-1.143,-0.713,-1.0,-1.0,1.115,1.275,-0.763,0.0,1.527,-0.8364,0.847,0.724,-1.203,-0.5957,-1.213,-0.3796,0.4731,-0.1892,-0.2252,-0.6206,-0.4739,-0.029,0.0349,0.0,0.0,0.01187,0.0,-0.304,-1.719,0.0,1.0,0.0,1.0,-0.945,-1.0,-1.5,-2.0,1.359,-1.692,0.0,4.0,-0.5,-0.5,0.0,0.0,0.0,-1.063
0.002974,0.003283,0.00319,1.42,-1.443,-1.073,-0.3408,-0.531,-1.078,-1.07,-0.7046,-0.02054,-1.143,-0.7227,-1.0,-1.0,1.103,1.271,-0.762,0.0,1.53,-0.477,0.89,0.776,-1.05,-0.6226,-1.522,0.01274,0.488,-0.3796,-0.2761,0.1757,0.1433,-0.0322,0.03098,0.0,0.0,0.007454,0.0,-0.3037,-1.719,0.0,1.0,0.0,1.0,0.02603,-1.0,-1.5,-1.5,1.227,-1.554,1.0,0.0,-0.5,-0.5,0.0,0.0,0.0,0.0295
-0.000979,-0.0007453,-0.000692,1.392,-1.419,-1.073,-0.3408,-0.5547,-1.002,-1.093,-0.752,0.05667,-1.143,-0.733,-1.0,-1.0,1.127,1.303,-0.7783,0.0,1.533,-0.9326,0.9043,0.8066,-1.053,-0.639,-1.473,-0.2037,0.4773,0.01274,-0.1892,-0.2251,-0.4646,-0.03452,0.02693,0.0,0.0,0.002777,0.0,-0.3083,-1.719,0.0,1.0,0.0,1.0,-0.1709,-1.0,-1.5,-2.0,1.183,-1.549,0.0,1.0,-0.5,-0.5,0.0,0.0,0.0,-0.1936
-0.005116,-0.004925,-0.004784,1.455,-1.487,-1.073,-0.3408,-0.547,-1.024,-1.14,-0.7974,0.1699,-1.143,-0.7427,-1.0,-1.0,1.186,1.363,-0.8096,0.0,1.535,-0.225,0.9053,0.8315,-1.096,-0.665,-0.824,-0.3962,0.4817,-0.2037,-0.3796,-0.2761,-1.44,-0.038,0.02272,0.0,0.0,-0.001784,0.0,-0.3176,-1.719,0.0,1.0,0.0,1.0,-1.082,-1.0,-1.5,-2.0,1.239,-1.619,0.0,2.0,-0.5,-0.5,0.0,0.0,0.0,-1.2295
-0.00882,-0.0087,-0.00842,1.316,-1.352,-1.073,-0.3408,-0.5674,-0.8613,-1.13,-0.836,-0.05362,-1.143,-0.7524,-1.0,-1.0,1.172,1.353,-0.8076,0.0,1.538,-0.5024,0.895,0.863,-0.935,-0.6914,-0.673,0.02573,0.4983,-0.3962,0.01274,-0.1892,-0.5166,-0.04095,0.0182,0.0,0.0,-0.005646,0.0,-0.3171,-1.719,0.0,1.0,0.0,1.0,0.06354,0.0,-1.0,-1.5,1.106,-1.489,1.0,0.0,-0.5,-0.5,0.0,0.0,0.0,0.07263
-0.01128,-0.011284,-0.010735,0.908,-0.948,-1.069,-0.3408,-0.5903,-0.4165,-1.038,-0.8706,-0.5107,-1.143,-0.762,-1.0,-1.0,1.059,1.235,-0.757,0.0,1.54,-0.649,0.865,0.884,-0.525,-0.7104,-0.432,0.643,0.4575,0.02573,-0.2037,-0.3796,-0.6206,-0.042,0.0145,0.0,0.0,-0.0093,0.0,-0.3025,-1.716,0.0,1.0,0.0,0.0,1.707,1.0,-0.5,-1.5,0.736,-1.076,2.0,0.0,-0.5,-0.5,1.0,0.0,2.129,1.952
-0.01241,-0.01259,-0.01171,0.4888,-0.5347,-0.671,-0.3408,-0.5845,0.0504,-0.9307,-0.892,-1.557,-1.0,-0.7725,0.0,-1.0,0.9307,1.098,-0.696,0.0,1.543,-0.4563,0.7993,0.8896,-0.06384,-0.7266,-0.579,0.763,0.3694,0.643,-0.396,0.01273,0.1755,-0.04105,0.011475,0.0,0.0,-0.01254,0.0,-0.2852,-1.173,0.0,1.0,0.0,0.0,1.883,1.0,-0.5,-1.0,0.3076,-0.7036,3.0,0.0,-0.5,-0.5,0.0,0.0,0.0,2.13
-0.01388,-0.014145,-0.013084,0.5874,-0.6406,-0.671,-0.3408,-0.6934,-0.04462,-0.966,-0.9014,-0.4866,-0.857,-0.782,0.0,-1.0,0.9624,1.152,-0.72,0.0,1.546,-0.536,0.734,0.8843,-0.12024,-0.742,-0.4636,-0.3015,0.2744,0.763,0.02573,-0.2037,-0.2251,-0.03992,0.00802,0.0,0.0,-0.01585,0.0,-0.2922,-0.863,0.0,0.0,0.0,0.0,-0.643,1.0,-0.5,-1.0,0.3916,-0.819,0.0,1.0,-0.5,-0.5,0.0,0.0,0.0,-0.7183
-0.016,-0.01633,-0.01517,0.8,-0.8594,-0.671,-0.3408,-0.7524,-0.2693,-1.036,-0.9106,-3.352,-0.857,-0.792,-1.0,-1.0,1.042,1.249,-0.766,0.0,1.548,-0.2361,0.6665,0.8667,-0.305,-0.758,-0.3235,-0.5684,0.1576,-0.3015,0.6426,-0.396,-0.2761,-0.04004,0.00446,0.0,0.0,-0.01964,0.0,-0.3054,-0.8745,0.0,0.0,0.0,0.0,-1.743,1.0,-0.5,-1.0,0.5894,-1.036,0.0,2.0,-0.5,-0.5,0.0,0.0,0.0,-1.957
-0.01799,-0.01833,-0.01714,0.753,-0.813,-0.671,-0.3408,-0.7886,-0.254,-1.036,-0.9146,0.0335,-0.857,-0.802,-1.0,-1.0,1.038,1.251,-0.769,0.0,1.551,-0.6987,0.5923,0.8296,-0.2815,-0.7646,-0.2502,-0.03824,0.0485,-0.5684,0.763,0.02571,-0.1892,-0.0398,0.000915,0.0,0.0,-0.023,0.0,-0.3064,-0.66,0.0,0.0,0.0,0.0,-0.10114,0.0,-0.5,-1.0,0.539,-0.9976,0.0,3.0,-0.5,-0.5,0.0,0.0,0.0,-0.1146
-0.02008,-0.02042,-0.01921,0.7856,-0.847,-0.671,-0.3408,-0.757,-0.3062,-1.058,-0.9214,0.5566,-0.857,-0.812,-1.0,-1.0,1.066,1.275,-0.7856,0.0,1.553,-0.3518,0.4958,0.7773,-0.3333,-0.773,-0.06036,-0.2041,-0.052,-0.03824,-0.3015,0.6426,-0.3794,-0.03915,-0.002846,0.0,0.0,-0.02614,0.0,-0.3113,-0.8594,0.0,0.0,0.0,0.0,-0.5977,-1.0,-0.5,-1.5,0.5693,-1.031,0.0,4.0,-0.5,-0.5,0.0,0.0,0.0,-0.6777
-0.02124,-0.0216,-0.02036,0.4937,-0.553,-0.671,-0.3408,-0.813,-0.03488,-0.9834,-0.9214,-1.414,-0.7144,-0.822,0.0,-1.0,0.9727,1.187,-0.7446,0.0,1.556,-0.668,0.405,0.7104,-0.053,-0.7783,-0.0834,0.5117,-0.2213,-0.2041,-0.568,0.763,0.01273,-0.0375,-0.00569,0.0,0.0,-0.029,0.0,-0.2998,-0.4478,0.0,0.0,0.0,0.0,1.099,-1.0,-0.5,-1.0,0.3088,-0.726,1.0,0.0,-0.5,-0.5,0.0,0.0,0.0,1.25
-0.02141,-0.02176,-0.02054,0.1844,-0.2391,-0.671,-0.3408,-0.8223,0.261,-0.8945,-0.9126,4.188,-0.5713,-0.8315,0.0,-1.0,0.8667,1.075,-0.695,0.0,1.558,-0.4902,0.3098,0.6196,0.2542,-0.7793,0.04385,0.6216,-0.4072,0.5117,-0.03824,-0.3013,-0.2036,-0.03586,-0.0083,0.0,0.0,-0.03105,0.0,-0.2854,-0.008064,0.0,0.0,0.0,0.0,1.517,0.0,0.0,-0.5,0.04117,-0.391,2.0,0.0,-0.5,-0.5,0.0,0.0,0.0,1.711
-0.02182,-0.02217,-0.02095,0.2576,-0.3127,-0.671,-0.3408,-0.852,0.1633,-0.913,-0.9033,-0.1418,-0.4285,-0.842,0.0,-1.0,0.8857,1.101,-0.709,0.0,1.561,-0.369,0.2034,0.525,0.1532,-0.777,0.3257,-0.1758,-0.479,0.6216,-0.204,-0.568,-0.396,-0.03622,-0.01072,0.0,0.0,-0.03207,0.0,-0.2898,-0.001825,0.0,0.0,0.0,0.0,-0.4883,0.0,0.0,-0.5,0.0991,-0.4756,0.0,1.0,-0.5,-0.5,0.0,0.0,0.0,-0.5454
-0.02116,-0.02145,-0.02034,-0.0672,0.01945,-0.671,-0.3408,-0.8213,0.469,-0.81,-0.883,1.347,-0.2856,-0.8516,0.0,-1.0,0.7695,0.971,-0.6514,0.0,1.563,-0.2644,0.0825,0.4233,0.4675,-0.771,0.3823,0.718,-0.4883,-0.1758,0.5117,-0.03824,0.02571,-0.0344,-0.01233,0.0,0.0,-0.0322,0.0,-0.2732,0.4683,0.0,0.0,0.0,0.0,1.77,1.0,0.0,0.0,-0.1707,-0.10864,1.0,0.0,-0.5,-0.5,0.0,0.0,0.0,1.982
-0.02045,-0.0207,-0.01965,-0.085,0.03995,-0.671,0.652,-0.8154,0.46,-0.7935,-0.8623,0.1261,-0.1428,-0.8613,0.0,-1.0,0.751,0.9497,-0.644,0.0,1.565,-0.4165,-0.0362,0.3198,0.4697,-0.764,0.1337,0.0871,-0.4604,0.718,0.6216,-0.204,0.6426,-0.03119,-0.01407,0.0,0.0,-0.03174,0.0,-0.2712,0.4922,0.0,0.0,0.0,0.0,0.1945,2.0,0.0,0.0,-0.1946,-0.0961,2.0,0.0,-0.5,-0.5,0.0,0.0,0.0,0.2152
-0.019,-0.01918,-0.01828,-0.299,0.2615,-0.671,0.652,-0.7466,0.6533,-0.7134,-0.834,0.5117,0.0,-0.871,0.0,-1.0,0.6675,0.847,-0.5996,0.0,1.568,-0.1109,-0.1711,0.2043,0.693,-0.7563,-0.2178,0.547,-0.4036,0.0871,-0.1758,0.5117,0.7627,-0.02673,-0.01564,0.0,0.0,-0.03104,0.0,-0.2585,0.7573,0.0,0.0,0.0,0.0,1.127,2.0,0.0,0.5,-0.3896,0.1294,3.0,0.0,-0.5,-0.5,0.0,0.0,0.0,1.245
-0.01797,-0.01817,-0.01727,-0.1715,0.1326,-0.671,0.652,-0.748,0.4678,-0.736,-0.8037,-0.12177,0.1428,-0.8813,0.0,-1.0,0.6924,0.874,-0.6157,0.0,1.57,-0.3394,-0.289,0.094,0.5044,-0.741,0.023,-0.197,-0.363,0.547,0.718,0.6216,-0.3013,-0.02228,-0.0172,0.0,0.0,-0.0303,0.0,-0.2632,0.8677,1.0,0.0,0.0,0.0,-0.583,1.0,0.0,0.5,-0.2612,0.011215,0.0,1.0,-0.5,-0.5,0.0,0.0,0.0,-0.638
-0.01729,-0.01749,-0.01657,-0.07214,0.03123,-0.671,0.652,-0.73,0.3086,-0.7534,-0.775,-0.1566,0.2856,-0.891,0.0,-1.0,0.7134,0.893,-0.629,0.0,1.573,-0.3696,-0.3577,-0.01077,0.3486,-0.7285,0.4204,-0.1606,-0.3337,-0.197,0.0871,-0.1758,-0.568,-0.01923,-0.01888,0.0,0.0,-0.02948,0.0,-0.267,0.7656,1.0,0.0,0.0,0.0,-0.2815,1.0,0.0,0.0,-0.1919,-0.1149,0.0,2.0,-0.5,-0.5,0.0,0.0,0.0,-0.3093
-0.01715,-0.01736,-0.01642,0.0948,-0.1385,-0.671,0.652,-0.7363,0.09814,-0.794,-0.756,-0.4016,0.4285,-0.901,0.0,-1.0,0.759,0.943,-0.6562,0.0,1.576,-0.481,-0.377,-0.1099,0.1344,-0.7197,0.539,-0.3345,-0.3218,-0.1606,0.547,0.718,-0.0382,-0.01822,-0.02042,0.0,0.0,-0.02876,0.0,-0.2751,0.3987,0.0,0.0,0.0,0.0,-0.7373,0.0,0.0,-0.5,-0.05643,-0.3062,0.0,3.0,-0.5,-0.5,0.0,0.0,0.0,-0.8125
-0.01732,-0.01755,-0.01659,0.1866,-0.232,-0.671,0.652,-0.7695,-0.010506,-0.8154,-0.746,-0.4158,0.4285,-0.911,0.0,-1.0,0.7803,0.972,-0.673,0.0,1.578,-0.781,-0.3604,-0.2026,0.01782,-0.717,0.734,-0.1993,-0.323,-0.3345,-0.197,0.0871,-0.204,-0.01726,-0.02182,0.0,0.0,-0.02792,0.0,-0.2798,0.001829,0.0,0.0,0.0,0.0,-0.3962,-1.0,0.0,-1.0,0.02473,-0.404,0.0,4.0,-0.5,-0.5,0.0,0.0,0.0,-0.439
-0.01753,-0.01776,-0.01677,0.1981,-0.2444,-0.671,0.652,-0.8003,-0.04837,-0.814,-0.7334,-0.254,0.4285,-0.921,0.0,-1.0,0.7764,0.9736,-0.676,0.0,1.581,-0.898,-0.3274,-0.2786,-0.01581,-0.714,0.5264,-0.0375,-0.327,-0.1993,-0.1606,0.5464,0.5117,-0.0179,-0.0233,0.0,0.0,-0.02713,0.0,-0.2808,0.145,0.0,0.0,0.0,0.0,-0.05484,-2.0,-0.5,-1.0,0.00834,-0.4458,0.0,5.0,-1.0,0.0,0.0,0.0,0.0,-0.06097
-0.01848,-0.01874,-0.0177,0.4314,-0.4822,-0.671,0.4697,-0.818,-0.3328,-0.8823,-0.7207,-4.53,0.4285,-0.9307,-1.0,-1.0,0.853,1.06,-0.719,0.0,1.583,-0.5874,-0.2922,-0.3457,-0.3052,-0.7095,0.2228,-0.538,-0.3423,-0.0375,-0.3345,-0.197,0.6216,-0.01987,-0.02481,0.0,0.0,-0.02658,0.0,-0.2935,0.1595,0.0,0.0,0.0,0.0,-1.001,-2.0,-1.0,-1.0,0.2542,-0.652,0.0,5.617,-1.0,0.5,0.0,0.0,0.0,-1.113
-0.01933,-0.0196,-0.01852,0.3967,-0.4487,-0.671,0.4697,-0.8345,-0.3484,-0.8745,-0.7075,0.2217,0.4285,-0.9404,-1.0,-1.0,0.8423,1.052,-0.7183,0.0,1.586,-0.893,-0.2644,-0.385,-0.3237,-0.705,0.3062,0.01263,-0.379,-0.538,-0.1993,-0.1605,-0.1758,-0.023,-0.02557,0.0,0.0,-0.02573,0.0,-0.2932,0.1873,0.0,0.0,0.0,0.0,0.02657,-1.0,-0.5,-0.5,0.2128,-0.6284,1.0,0.0,-1.0,0.5,0.0,0.0,0.0,0.02983
-0.02005,-0.02037,-0.0192,0.3533,-0.4082,-0.671,0.4697,-0.8853,-0.36,-0.8633,-0.692,0.1975,0.4285,-0.9507,-1.0,-1.0,0.825,1.042,-0.7153,0.0,1.589,-0.9272,-0.2427,-0.3892,-0.3574,-0.6963,-0.11,0.03784,-0.4207,0.01263,-0.0375,-0.3345,0.718,-0.0256,-0.02603,0.0,0.0,-0.02487,0.0,-0.2925,0.3281,0.0,0.0,0.0,0.0,0.04886,0.0,-0.5,0.0,0.1493,-0.613,2.0,0.0,-1.0,0.5,0.0,0.0,0.0,0.05484
-0.02042,-0.02077,-0.01955,0.2476,-0.3027,-0.671,0.4697,-0.91,-0.287,-0.832,-0.6797,-0.1832,0.2856,-0.9604,-1.0,-1.0,0.7866,1.006,-0.7,0.0,1.591,-0.8784,-0.2373,-0.3748,-0.2952,-0.691,-0.2056,0.1892,-0.4353,0.03784,-0.5376,-0.1992,0.0871,-0.02748,-0.0261,0.0,0.0,-0.02434,0.0,-0.288,0.1836,0.0,0.0,0.0,0.0,0.2379,1.0,-0.5,0.0,0.02884,-0.5317,3.0,0.0,-1.0,0.5,0.0,0.0,0.0,0.2668
-0.02014,-0.0205,-0.01929,0.04858,-0.10095,-0.713,0.4697,-0.891,-0.0915,-0.7686,-0.6704,-1.1045,0.2856,-0.97,0.0,-1.0,0.7163,0.927,-0.6655,0.0,1.594,-0.1937,-0.2477,-0.3523,-0.1094,-0.6875,-0.5615,0.4275,-0.4324,0.1892,0.01262,-0.03748,0.5464,-0.02773,-0.02602,0.0,0.0,-0.02405,0.0,-0.278,0.08496,0.0,0.0,0.0,0.0,0.663,2.0,-0.5,0.0,-0.1444,-0.3174,4.0,0.0,-0.5,0.5,0.0,0.0,0.0,0.7417
-0.02007,-0.02042,-0.01918,0.1057,-0.1594,-0.713,0.4697,-0.9053,-0.1615,-0.7793,-0.661,-3.105,0.1428,-0.98,-1.0,-1.0,0.727,0.9414,-0.675,0.0,1.596,-0.5615,-0.268,-0.328,-0.1941,-0.6826,-0.4932,-0.11237,-0.4343,0.4275,0.03784,-0.5376,-0.1969,-0.02777,-0.0259,0.0,0.0,-0.02364,0.0,-0.281,0.1278,0.0,0.0,0.0,0.0,-0.2893,2.0,-0.5,0.0,-0.1221,-0.4094,0.0,1.0,-0.5,0.5,0.0,0.0,0.0,-0.321
-0.01918,-0.01953,-0.0183,-0.1377,0.08704,-0.713,0.4697,-0.9424,0.10443,-0.697,-0.653,-6.15,0.1428,-0.99,0.0,-1.0,0.6313,0.846,-0.629,0.0,1.599,-0.57,-0.2964,-0.3096,0.06082,-0.679,-0.4414,0.563,-0.446,-0.11237,0.1891,0.01262,-0.1605,-0.02655,-0.02534,0.0,0.0,-0.02235,0.0,-0.2678,0.04163,0.0,0.0,0.0,0.0,1.429,2.0,0.0,0.0,-0.3252,-0.138,1.0,0.0,-0.5,0.5,0.0,0.0,0.0,1.59
-0.01837,-0.01872,-0.0175,-0.1118,0.0613,-0.713,0.4697,-0.9214,0.09784,-0.692,-0.6455,0.11,0.1428,-1.0,0.0,-1.0,0.6274,0.8384,-0.629,0.0,1.601,-0.1863,-0.329,-0.2964,0.0326,-0.6743,-0.2473,0.0,-0.4685,0.563,0.4272,0.03784,-0.3342,-0.02417,-0.0247,0.0,0.0,-0.02106,0.0,-0.268,-0.01218,0.0,0.0,0.0,0.0,0.0,1.0,0.0,-0.5,-0.3298,-0.1948,0.0,0.0,-0.5,0.5,0.0,0.0,0.0,0.0
-0.01784,-0.0182,-0.01694,-0.0348,-0.01775,-0.713,0.4697,-0.913,0.05374,-0.7046,-0.6455,-0.084,0.1428,-1.01,0.0,-1.0,0.642,0.852,-0.639,0.0,1.604,-0.03336,-0.3699,-0.2947,-0.03056,-0.6743,-0.11285,-0.1239,-0.5225,0.0,-0.1123,0.1891,-0.1992,-0.02208,-0.02393,0.0,0.0,-0.0197,0.0,-0.2712,-0.5103,0.0,0.0,0.0,0.0,-0.548,0.0,0.0,-1.0,-0.2612,-0.277,0.0,1.0,-0.5,0.5,0.0,0.0,0.0,-0.6035
-0.01698,-0.01736,-0.01608,-0.1277,0.0759,-0.713,0.4697,-0.9536,0.1776,-0.6655,-0.641,0.9473,0.1428,-1.02,0.0,-1.0,0.5957,0.81,-0.6187,0.0,1.606,-0.738,-0.4006,-0.3052,0.0926,-0.6743,-0.06757,0.2483,-0.543,-0.1239,0.5625,0.4272,-0.03748,-0.01955,-0.02304,0.0,0.0,-0.01852,0.0,-0.2654,-0.1656,0.0,0.0,0.0,0.0,0.729,0.0,0.5,-0.5,-0.3435,-0.1791,1.0,0.0,-0.5,0.5,0.0,0.0,0.0,0.8047
-0.01698,-0.01736,-0.01607,0.1313,-0.1869,-0.713,0.4697,-0.9453,-0.07135,-0.736,-0.6406,-0.79,0.1428,-1.029,0.0,-1.0,0.6743,0.8926,-0.6626,0.0,1.608,-0.3792,-0.4229,-0.326,-0.1594,-0.676,0.2817,-0.5317,-0.549,0.2483,0.0,-0.1123,-0.5376,-0.01855,-0.02232,0.0,0.0,-0.01822,0.0,-0.278,-0.413,0.0,0.0,0.0,0.0,-2.135,0.0,0.5,-0.5,-0.09076,-0.4287,0.0,1.0,-0.5,0.5,0.0,0.0,0.0,-2.348
-0.01717,-0.01755,-0.01625,0.1864,-0.2428,-0.713,0.4697,-0.9507,-0.1256,-0.7485,-0.638,-1.217,0.0,-1.04,-1.0,-1.0,0.6885,0.9087,-0.673,0.0,1.611,-0.562,-0.4424,-0.3547,-0.212,-0.6772,0.315,-0.12476,-0.5615,-0.5317,-0.1239,0.5625,0.01262,-0.01875,-0.02147,0.0,0.0,-0.01788,0.0,-0.2812,-0.2803,0.0,0.0,0.0,0.0,-0.264,-1.0,0.0,-0.5,-0.0431,-0.4883,0.0,2.0,-0.5,0.5,0.0,0.0,0.0,-0.2927
-0.01779,-0.01817,-0.01689,0.3257,-0.3838,-0.713,0.4697,-0.957,-0.2737,-0.7896,-0.6367,14.88,-0.1428,-1.05,-1.0,-1.0,0.734,0.9585,-0.699,0.0,1.613,-0.929,-0.4678,-0.389,-0.355,-0.6797,0.3257,-0.325,-0.5537,-0.12476,0.2483,0.0,0.03784,-0.0194,-0.0208,0.0,0.0,-0.01833,0.0,-0.2888,-0.3606,0.0,0.0,0.0,0.0,-0.8687,-1.0,-0.5,-0.5,0.1023,-0.612,0.0,3.0,-0.5,0.5,0.0,0.0,0.0,-0.9653
-0.01874,-0.01912,-0.01785,0.4253,-0.4836,-0.713,0.4697,-0.919,-0.3833,-0.8213,-0.6377,0.902,-0.2856,-1.06,-1.0,-1.0,0.774,0.994,-0.72,0.0,1.616,-0.519,-0.4993,-0.427,-0.4685,-0.682,0.2292,-0.264,-0.538,-0.325,-0.5317,-0.12384,0.1891,-0.02179,-0.02057,0.0,0.0,-0.01903,0.0,-0.2952,-0.4907,0.0,0.0,0.0,0.0,-0.5186,-1.0,-1.0,-0.5,0.1808,-0.727,0.0,4.0,-0.5,0.5,0.0,0.0,0.0,-0.5796
-0.02046,-0.0208,-0.01962,0.6714,-0.7305,-1.069,0.272,-0.882,-0.6567,-0.8994,-0.6387,1.261,-0.2856,-1.069,-1.0,-1.0,0.867,1.087,-0.769,0.0,1.619,-0.2695,-0.531,-0.469,-0.727,-0.6875,-0.02946,-0.606,-0.513,-0.264,-0.1247,0.2482,0.4272,-0.02548,-0.02103,0.0,0.0,-0.02061,0.0,-0.309,-0.524,0.0,0.0,0.0,0.0,-1.866,-2.0,-1.5,-0.5,0.4414,-0.939,0.0,5.0,-0.5,0.5,0.0,0.0,0.0,-2.096
-0.02147,-0.02177,-0.02063,0.444,-0.4993,-1.069,0.272,-0.8403,-0.4583,-0.841,-0.6357,-0.259,-0.2856,-1.079,-1.0,-1.0,0.803,1.011,-0.738,0.0,1.621,-0.3455,-0.5566,-0.5015,-0.513,-0.692,-0.0381,0.3953,-0.5137,-0.606,-0.325,-0.5312,-0.1123,-0.02806,-0.02113,0.0,0.0,-0.02174,0.0,-0.3003,-0.273,0.0,0.0,0.0,0.0,1.22,-1.0,-1.0,-0.5,0.2468,-0.6895,1.0,0.0,-0.5,0.5,0.0,0.0,0.0,1.384
-0.02214,-0.02245,-0.02132,0.3413,-0.3948,-1.069,0.272,-0.812,-0.3745,-0.814,-0.632,-0.1248,-0.2856,-1.089,-1.0,-1.0,0.775,0.9746,-0.7246,0.0,1.624,-0.5864,-0.561,-0.5244,-0.4263,-0.6934,-0.406,0.1647,-0.519,0.3953,-0.264,-0.1247,0.5625,-0.03084,-0.02087,0.0,0.0,-0.02263,0.0,-0.2966,-0.1997,0.0,0.0,0.0,0.0,0.426,0.0,-1.0,-0.5,0.1493,-0.5874,2.0,0.0,-0.5,0.5,0.0,0.0,0.0,0.4802
-0.02162,-0.02191,-0.0208,-0.02733,-0.02074,-0.7104,0.272,-0.78,-0.00461,-0.7007,-0.6226,-1.421,-0.1428,-1.099,0.0,-1.0,0.6504,0.8354,-0.6606,0.0,1.626,-0.346,-0.5576,-0.541,-0.04593,-0.6934,-0.4736,0.796,-0.5205,0.1647,-0.606,-0.325,0.0,-0.03079,-0.0202,0.0,0.0,-0.02266,0.0,-0.2783,0.0975,0.0,0.0,0.0,0.0,2.49,1.0,-0.5,-0.5,-0.1775,-0.1967,3.0,0.0,-0.5,0.5,0.0,0.0,0.0,2.799
-0.02121,-0.02151,-0.02039,0.00954,-0.0588,-0.7104,0.272,-0.8374,-0.0296,-0.704,-0.6187,-0.1051,-0.1428,-1.109,0.0,-1.0,0.649,0.8447,-0.6646,0.0,1.629,-0.8486,-0.5527,-0.5576,-0.07477,-0.6924,-0.424,-0.04987,-0.519,0.796,0.3953,-0.264,-0.12384,-0.03058,-0.01944,0.0,0.0,-0.0226,0.0,-0.2795,-0.131,0.0,0.0,0.0,0.0,-0.1168,1.0,-0.5,-1.0,-0.146,-0.2375,0.0,1.0,-0.5,0.5,0.0,0.0,0.0,-0.1295
-0.0204,-0.0207,-0.01956,-0.1151,0.06744,-0.7104,0.272,-0.8716,0.1084,-0.6567,-0.61,1.913,0.0,-1.119,0.0,-1.0,0.5933,0.792,-0.639,0.0,1.631,-0.8853,-0.5474,-0.5747,0.0739,-0.692,-0.586,0.312,-0.5093,-0.04987,0.1647,-0.606,0.2482,-0.029,-0.01878,0.0,0.0,-0.02225,0.0,-0.2725,0.0816,0.0,0.0,0.0,0.0,0.655,2.0,-0.5,-0.5,-0.276,-0.127,1.0,0.0,-0.5,0.5,0.0,0.0,0.0,0.727
-0.02003,-0.02036,-0.0192,0.02277,-0.07294,-0.7104,0.272,-0.8833,-0.00681,-0.6895,-0.6094,-0.4224,0.0,-1.129,0.0,-1.0,0.6284,0.8315,-0.6606,0.0,1.634,-0.7485,-0.5435,-0.5884,-0.0482,-0.693,-0.291,-0.2607,-0.514,0.312,0.796,0.3953,-0.5312,-0.02742,-0.01857,0.0,0.0,-0.0217,0.0,-0.2786,-0.3455,0.0,0.0,0.0,0.0,-0.709,1.0,-0.5,-1.0,-0.1329,-0.2507,0.0,1.0,-0.5,0.5,0.0,0.0,0.0,-0.7827
-0.0219,-0.02216,-0.0211,0.7153,-0.771,-0.7104,0.272,-0.7466,-0.684,-0.895,-0.6245,-6.72,-0.1428,-1.139,-1.0,-1.0,0.8745,1.068,-0.783,0.0,1.637,1.06,-0.525,-0.5864,-0.704,-0.7065,-0.2178,-1.509,-0.4727,-0.2607,-0.04987,0.1647,-0.1247,-0.0278,-0.01904,0.0,0.0,-0.02231,0.0,-0.3142,-0.8867,0.0,0.0,0.0,0.0,-8.15,0.0,-0.5,-1.0,0.5894,-0.863,0.0,2.0,-0.5,0.5,0.0,0.0,0.0,-5.477
-0.02423,-0.02444,-0.02348,0.8765,-0.931,-0.7104,0.0709,-0.76,-0.8354,-0.9546,-0.6426,0.4338,-0.2856,-1.148,-1.0,-1.0,0.943,1.145,-0.821,0.0,1.639,-0.2394,-0.4688,-0.549,-0.8135,-0.727,-0.10925,-0.4734,-0.4033,-1.509,0.312,0.796,-0.325,-0.02998,-0.0201,0.0,0.0,-0.02328,0.0,-0.3252,-0.97,0.0,0.0,0.0,0.0,-2.31,-1.0,-0.5,-1.0,0.7515,-1.009,0.0,3.0,-0.5,0.5,0.0,0.0,0.0,-2.629
-0.02795,-0.02805,-0.02734,1.34,-1.392,-0.7104,-0.5186,-0.618,-1.263,-1.104,-0.674,0.7935,-0.4285,-1.158,-1.0,-1.0,1.136,1.323,-0.9116,0.0,1.642,0.615,-0.3762,-0.4827,-1.218,-0.7515,-0.04456,-1.147,-0.2554,-0.4734,-0.2607,-0.04987,-0.264,-0.0349,-0.02174,0.0,0.0,-0.02525,0.0,-0.3513,-1.31,0.0,1.0,0.0,0.0,-5.47,-1.0,-0.5,-1.5,1.216,-1.433,0.0,4.0,-0.5,0.5,0.0,0.0,0.0,-5.477
-0.03192,-0.0319,-0.03143,1.431,-1.476,-0.7104,-0.7417,-0.573,-1.349,-1.155,-0.7036,0.2258,-0.5713,-1.168,-1.0,-1.0,1.203,1.388,-0.945,0.0,1.644,0.07794,-0.258,-0.398,-1.269,-0.7783,0.1653,-0.4338,-0.1202,-1.147,-1.509,0.3118,-0.6055,-0.0424,-0.0239,0.0,0.0,-0.02785,0.0,-0.361,-1.29,0.0,1.0,0.0,0.0,-1.93,-2.0,-0.5,-1.5,1.315,-1.5,0.0,5.0,-0.5,0.5,0.0,0.0,0.0,-2.256
-0.03537,-0.03528,-0.03494,1.267,-1.306,-0.7104,-0.7417,-0.599,-1.193,-1.138,-0.731,0.004925,-0.5713,-1.178,-1.0,-1.0,1.179,1.365,-0.938,0.0,1.646,-0.7783,-0.1477,-0.316,-1.12,-0.797,-0.1819,0.0927,-0.02577,-0.4338,-0.4731,-0.2605,0.3953,-0.04956,-0.0259,0.0,0.0,-0.0303,0.0,-0.3591,-1.226,0.0,1.0,0.0,0.0,0.3274,-1.0,-0.5,-1.0,1.147,-1.348,1.0,0.0,-0.5,0.5,0.0,0.0,0.0,0.3857
-0.0376,-0.03745,-0.03723,0.862,-0.893,-0.7104,-0.7417,-0.5566,-0.801,-1.044,-0.7485,-0.2566,-0.5713,-1.188,-1.0,-1.0,1.068,1.239,-0.887,0.0,1.649,-0.24,-0.05093,-0.2408,-0.727,-0.811,-0.417,0.661,-0.0006905,0.0927,-1.147,-1.508,0.1647,-0.0561,-0.0275,0.0,0.0,-0.03268,0.0,-0.3445,-0.876,0.0,0.0,0.0,0.0,2.215,0.0,-0.5,-0.5,0.786,-0.919,2.0,0.0,-0.5,0.5,0.0,0.0,0.0,2.605
-0.03912,-0.03897,-0.03876,0.6353,-0.6636,-0.7104,-0.7417,-0.5684,-0.5713,-0.992,-0.7607,-0.2242,-0.5713,-1.198,-1.0,-1.0,1.005,1.174,-0.8594,0.0,1.651,-0.527,0.02155,-0.1807,-0.518,-0.8184,-0.985,0.353,-0.001245,0.661,-0.4338,-0.4731,0.7954,-0.0613,-0.02876,0.0,0.0,-0.03485,0.0,-0.3367,-0.6787,0.0,0.0,0.0,0.0,0.783,1.0,-0.5,0.0,0.5586,-0.7075,3.0,0.0,-0.5,0.5,0.0,0.0,0.0,0.911
-0.04028,-0.04016,-0.03992,0.5186,-0.546,-0.7104,-0.7417,-0.605,-0.4617,-0.9673,-0.7666,-0.12024,-0.5713,-1.208,-1.0,-1.0,0.9717,1.1455,-0.847,0.0,1.654,-0.6167,0.0774,-0.1312,-0.4055,-0.8247,-1.097,0.156,-0.01126,0.353,0.09265,-1.147,-0.04987,-0.063,-0.02985,0.0,0.0,-0.03677,0.0,-0.3333,-0.4622,0.0,0.0,0.0,0.0,0.419,2.0,0.0,0.5,0.4368,-0.605,4.0,0.0,-0.5,0.5,0.0,0.0,0.0,0.4844
-0.0421,-0.04196,-0.04178,0.7354,-0.764,-0.7104,-0.7417,-0.5776,-0.6655,-1.038,-0.7812,0.7876,-0.5713,-1.218,-1.0,-1.0,1.059,1.233,-0.891,0.0,1.656,-0.1509,0.12225,-0.0883,-0.6226,-0.8335,-1.406,-0.5576,-0.02489,0.156,0.661,-0.4336,0.3118,-0.0648,-0.03119,0.0,0.0,-0.0393,0.0,-0.346,-0.7603,0.0,0.0,0.0,0.0,-1.715,2.0,-0.5,0.0,0.6616,-0.798,0.0,1.0,-0.5,0.5,0.0,0.0,0.0,-1.979
-0.0439,-0.04376,-0.04358,0.726,-0.756,-0.7104,-0.7417,-0.6064,-0.6396,-1.048,-0.7993,0.0919,-0.5713,-1.218,-1.0,-1.0,1.068,1.249,-0.8994,0.0,1.659,-0.8896,0.1555,-0.04956,-0.6113,-0.8438,-1.434,-0.10474,-0.02469,-0.5576,0.353,0.09265,-0.2605,-0.0645,-0.0323,0.0,0.0,-0.0415,0.0,-0.3484,-0.853,0.0,0.0,0.0,0.0,-0.2727,1.0,-0.5,-0.5,0.616,-0.8296,0.0,2.0,-0.5,0.5,0.0,0.0,0.0,-0.3176
-0.0457,-0.04556,-0.04526,0.711,-0.7437,-0.7104,-0.7417,-0.6387,-0.5767,-1.057,-0.827,0.010765,-0.7144,-1.218,-1.0,-1.0,1.076,1.264,-0.9062,0.0,1.661,-0.677,0.1771,-0.0127,-0.5776,-0.857,-0.7324,-0.0918,-0.02733,-0.10474,0.156,0.6606,-1.508,-0.0635,-0.03348,0.0,0.0,-0.04367,0.0,-0.3506,-1.261,0.0,1.0,0.0,0.0,-0.1869,0.0,-0.5,-1.0,0.606,-0.8125,0.0,3.0,-0.5,0.5,0.0,0.0,0.0,-0.2179
-0.04736,-0.0473,-0.0469,0.6846,-0.721,-0.7104,-0.7417,-0.645,-0.4998,-1.062,-0.8545,-0.0398,-0.857,-1.218,-1.0,-1.0,1.082,1.2705,-0.9116,0.0,1.664,-0.906,0.181,0.02129,-0.536,-0.869,-0.553,-0.0657,-0.02591,-0.0918,-0.5576,0.353,-0.4731,-0.0628,-0.0347,0.0,0.0,-0.04565,0.0,-0.352,-1.264,0.0,1.0,0.0,0.0,-0.1377,-1.0,-0.5,-1.0,0.57,-0.8027,0.0,4.0,-0.5,0.5,0.0,0.0,0.0,-0.1609
-0.04877,-0.04883,-0.0482,0.588,-0.631,-0.7104,-0.7417,-0.641,-0.3374,-1.045,-0.884,-0.3198,-1.0,-1.218,-1.0,-1.0,1.0625,1.249,-0.9043,0.0,1.667,-0.783,0.1615,0.0515,-0.4202,-0.8813,0.02228,0.09204,-0.0267,-0.0657,-0.1047,0.156,-1.147,-0.0633,-0.03595,0.0,0.0,-0.04736,0.0,-0.35,-1.394,0.0,1.0,0.0,0.0,0.2025,-1.0,0.0,-1.0,0.4736,-0.7197,1.0,0.0,-0.5,0.5,0.0,0.0,0.0,0.2367
-0.04926,-0.04947,-0.04852,0.2947,-0.3455,-0.7104,-0.7417,-0.641,0.02177,-0.9673,-0.9053,-1.629,-1.0,-1.228,0.0,-1.0,0.9688,1.149,-0.862,0.0,1.669,-0.649,0.11383,0.0797,-0.0812,-0.8936,0.2644,0.5513,-0.02849,0.09204,-0.0918,-0.557,-0.4336,-0.0633,-0.03717,0.0,0.0,-0.04822,0.0,-0.338,-1.049,0.0,1.0,0.0,0.0,1.252,0.0,0.5,-0.5,0.1498,-0.4907,2.0,0.0,-0.5,0.5,0.0,0.0,0.0,1.462
-0.04834,-0.04855,-0.04758,-0.1581,0.11224,-0.56,-0.7417,-0.716,0.515,-0.829,-0.9014,4.098,-0.857,-1.228,0.0,-1.0,0.801,0.984,-0.783,0.0,1.672,0.4739,0.06027,0.1061,0.4905,-0.9077,0.2732,1.002,-0.0399,0.5513,-0.0657,-0.1047,0.09265,-0.06165,-0.03784,0.0,0.0,-0.04865,0.0,-0.3154,-0.1375,0.0,0.0,0.0,0.0,3.281,1.0,0.5,0.0,-0.248,-0.008286,3.0,0.0,-0.5,0.5,0.0,0.0,0.0,3.795
-0.04837,-0.0486,-0.0476,0.1462,-0.1964,-0.56,-0.7417,-0.7036,0.2068,-0.9116,-0.8994,-0.3938,-0.7144,-1.228,0.0,-1.0,0.8975,1.085,-0.833,0.0,1.674,-0.2537,0.000842,0.1195,0.2039,-0.911,0.02301,-0.627,-0.06128,1.002,0.092,-0.09174,0.6606,-0.06012,-0.03912,0.0,0.0,-0.04965,0.0,-0.3298,-0.1967,0.0,0.0,0.0,0.0,-1.576,1.0,0.0,0.0,0.01088,-0.3428,0.0,1.0,-0.5,0.5,0.0,0.0,0.0,-1.793
-0.0483,-0.04855,-0.04752,0.1104,-0.161,-0.56,-0.7417,-0.829,0.2069,-0.898,-0.885,0.1431,-0.5713,-1.228,0.0,-1.0,0.87,1.08,-0.827,0.0,1.677,-0.811,-0.0583,0.11456,0.2286,-0.909,-0.1329,0.0776,-0.1257,-0.627,0.5513,-0.0656,0.353,-0.05823,-0.04034,0.0,0.0,-0.0512,0.0,-0.3281,0.3625,0.0,0.0,0.0,0.0,0.1448,2.0,0.0,0.5,-0.04062,-0.3271,1.0,0.0,-0.5,0.5,0.0,0.0,0.0,0.1664
-0.0472,-0.04745,-0.04645,-0.2021,0.1562,-0.56,-0.7417,-0.88,0.485,-0.798,-0.8604,1.091,-0.4285,-1.228,0.0,-1.0,0.7505,0.962,-0.77,0.0,1.68,-0.3894,-0.11414,0.08514,0.5107,-0.8975,-0.1962,0.723,-0.1866,0.0776,1.001,0.092,0.1559,-0.05463,-0.04117,0.0,0.0,-0.0522,0.0,-0.312,0.8384,1.0,0.0,0.0,0.0,1.917,2.0,0.0,1.0,-0.3015,0.02206,2.0,0.0,-0.5,0.5,0.0,0.0,0.0,2.201
-0.04608,-0.04633,-0.04535,-0.2194,0.1753,-0.56,-0.7417,-0.8315,0.4617,-0.781,-0.836,0.1001,-0.2856,-1.228,0.0,-1.0,0.7354,0.936,-0.761,0.0,1.682,-0.2373,-0.1722,0.03076,0.4724,-0.882,0.1675,0.1148,-0.2808,0.723,-0.6265,0.5513,-0.557,-0.0507,-0.04205,0.0,0.0,-0.0533,0.0,-0.3096,0.8447,1.0,0.0,0.0,0.0,0.3613,2.0,0.5,1.0,-0.3462,0.01004,3.0,0.0,-0.5,0.5,0.0,0.0,0.0,0.41
-0.04596,-0.0462,-0.04523,0.09485,-0.143,-0.56,-0.7417,-0.825,0.1093,-0.8657,-0.8237,-0.527,-0.1428,-1.228,0.0,-1.0,0.833,1.04,-0.812,0.0,1.685,-0.3284,-0.2244,-0.0459,0.0992,-0.8726,0.317,-0.6367,-0.394,0.1148,0.0776,1.001,-0.1047,-0.04825,-0.04297,0.0,0.0,-0.05472,0.0,-0.3242,0.2803,0.0,0.0,0.0,0.0,-1.811,1.0,0.5,0.5,-0.036,-0.2883,0.0,1.0,-0.5,0.5,0.0,0.0,0.0,-2.05
-0.04453,-0.0447,-0.04385,-0.3074,0.2678,-0.56,-0.7417,-0.7905,0.518,-0.736,-0.8057,2.14,0.0,-1.228,0.0,-1.0,0.6885,0.878,-0.738,0.0,1.687,0.0466,-0.275,-0.1312,0.5005,-0.8633,0.4292,0.9395,-0.3635,-0.6367,0.7227,-0.6265,-0.09174,-0.04498,-0.04337,0.0,0.0,-0.05432,0.0,-0.303,0.47,0.0,0.0,0.0,0.0,3.33,2.0,1.0,0.5,-0.375,0.1602,1.0,0.0,-0.5,0.5,0.0,0.0,0.0,3.812
-0.04245,-0.04257,-0.0418,-0.503,0.4705,-0.56,-0.7417,-0.764,0.7266,-0.657,-0.7847,0.504,0.1428,-1.228,0.0,-1.0,0.6035,0.782,-0.693,0.0,1.689,-0.2205,-0.3135,-0.214,0.6997,-0.8506,0.5845,0.5576,-0.288,0.9395,0.1148,0.0775,-0.0656,-0.04263,-0.04333,0.0,0.0,-0.05313,0.0,-0.2903,0.58,0.0,0.0,0.0,0.0,1.787,2.0,1.5,0.5,-0.561,0.3582,2.0,0.0,-0.5,0.5,0.0,0.0,0.0,2.014
-0.03973,-0.0398,-0.03918,-0.6865,0.661,-0.3362,-0.7417,-0.748,0.9053,-0.576,-0.7524,0.3757,0.2856,-1.228,0.0,-1.0,0.5166,0.686,-0.646,0.0,1.692,0.0523,-0.3064,-0.2783,0.8564,-0.8296,0.6885,0.5776,-0.198,0.5576,-0.6367,0.7227,0.092,-0.03772,-0.04288,0.0,0.0,-0.05066,0.0,-0.277,0.993,1.0,0.0,0.0,0.0,1.956,2.0,1.5,1.0,-0.7114,0.57,3.0,0.0,-0.5,0.5,0.0,0.0,0.0,2.184
-0.03836,-0.0384,-0.03784,-0.2827,0.2542,-0.3362,0.8022,-0.6475,0.4395,-0.6807,-0.727,-0.3574,0.4285,-1.228,0.0,-1.0,0.6396,0.7983,-0.707,0.0,1.694,0.03723,-0.2546,-0.3098,0.3892,-0.814,0.5693,-0.746,-0.1937,0.5776,0.9395,0.11475,0.5513,-0.03455,-0.04248,0.0,0.0,-0.04843,0.0,-0.2947,0.662,0.0,0.0,0.0,0.0,-1.939,1.0,1.0,1.0,-0.2983,0.2048,0.0,1.0,-0.5,0.5,0.0,0.0,0.0,-2.145
-0.0368,-0.03683,-0.03625,-0.3408,0.3125,-0.3362,0.8022,-0.642,0.4548,-0.6484,-0.698,0.1731,0.5713,-1.228,0.0,-1.0,0.6045,0.76,-0.689,0.0,1.697,-0.593,-0.1808,-0.3154,0.4336,-0.803,0.1251,0.2266,-0.1885,-0.746,0.5576,-0.636,1.001,-0.0324,-0.04218,0.0,0.0,-0.04614,0.0,-0.2893,0.75,0.0,0.0,0.0,0.0,0.4602,2.0,1.0,1.5,-0.345,0.2712,1.0,0.0,-0.5,0.5,0.0,0.0,0.0,0.515
-0.03418,-0.03418,-0.03366,-0.654,0.631,-0.3362,0.8022,-0.5986,0.743,-0.531,-0.661,0.6978,0.7144,-1.228,0.0,-1.0,0.4812,0.6196,-0.6206,0.0,1.699,-0.5044,-0.09174,-0.2937,0.748,-0.7866,0.544,0.8403,-0.1255,0.2266,0.577,0.939,-0.6265,-0.02873,-0.04153,0.0,0.0,-0.04364,0.0,-0.27,0.927,1.0,0.0,0.0,0.0,1.975,2.0,1.5,2.0,-0.6025,0.6255,2.0,0.0,-0.5,0.5,1.0,0.0,2.48,2.203
-0.03119,-0.03117,-0.03069,-0.757,0.7363,-0.3362,0.8022,-0.5615,0.8115,-0.4717,-0.6206,0.2302,0.857,-1.228,0.0,-1.0,0.4219,0.5493,-0.5864,0.0,1.702,-0.2961,0.01031,-0.2454,0.819,-0.7637,0.6514,0.4207,-0.04678,0.8403,-0.7456,0.557,0.0775,-0.02281,-0.04108,0.0,0.0,-0.0411,0.0,-0.2603,0.977,1.0,0.0,0.0,0.0,1.323,2.0,1.5,2.0,-0.7065,0.7217,3.0,0.0,-0.5,0.5,0.0,0.0,0.0,1.455
-0.02884,-0.02882,-0.02832,-0.571,0.5483,-0.3362,0.8022,-0.5366,0.5786,-0.507,-0.5894,-0.1324,0.857,-1.228,0.0,-1.0,0.4614,0.5864,-0.6055,0.0,1.704,-0.408,0.0969,-0.1846,0.609,-0.7485,0.419,-0.2334,0.001936,0.4207,0.2266,0.577,0.7227,-0.01933,-0.0407,0.0,0.0,-0.03888,0.0,-0.2659,0.794,1.0,0.0,0.0,0.0,-0.4636,1.0,1.0,1.5,-0.57,0.4946,0.0,1.0,-0.5,0.5,0.0,0.0,0.0,-0.5063
-0.02634,-0.02634,-0.02582,-0.609,0.5864,-0.3362,0.8022,-0.6484,0.6143,-0.4734,-0.5654,0.199,0.857,-1.228,0.0,-1.0,0.4158,0.559,-0.5854,0.0,1.707,-0.792,0.1561,-0.1166,0.644,-0.734,0.4707,0.2466,0.03195,-0.2334,0.8403,-0.7456,0.11475,-0.01651,-0.04037,0.0,0.0,-0.036,0.0,-0.26,0.6577,0.0,0.0,0.0,0.0,0.398,2.0,1.0,1.5,-0.625,0.511,1.0,0.0,-0.5,0.5,0.0,0.0,0.0,0.4365
-0.0234,-0.02342,-0.02289,-0.7314,0.71,-0.3362,0.8022,-0.675,0.7153,-0.4097,-0.5303,0.295,0.857,-1.218,0.0,0.0,0.347,0.4907,-0.548,0.0,1.71,-0.502,0.1935,-0.04486,0.7783,-0.7188,0.9546,0.4543,0.0631,0.2466,0.4204,0.2266,-0.636,-0.013916,-0.03967,0.0,0.0,-0.03275,0.0,-0.2493,1.034,1.0,0.0,0.0,0.0,0.8413,2.0,1.5,2.0,-0.7217,0.654,2.0,0.0,-0.5,0.5,0.0,0.0,0.0,0.919
-0.02179,-0.02184,-0.02122,-0.3481,0.3203,-0.3362,0.8022,-0.6133,0.2678,-0.5107,-0.503,-0.448,0.857,-1.218,0.0,-1.0,0.4587,0.5986,-0.6055,0.0,1.712,-0.5405,0.2124,0.02563,0.344,-0.704,0.6167,-0.695,0.03735,0.4543,-0.2333,0.84,0.939,-0.011246,-0.03857,0.0,0.0,-0.02995,0.0,-0.266,0.693,0.0,0.0,0.0,0.0,-1.867,1.0,1.0,1.5,-0.3599,0.2703,0.0,1.0,-0.5,0.5,0.0,0.0,0.0,-2.023
-0.0204,-0.02046,-0.01982,-0.2805,0.2507,-0.3362,0.84,-0.596,0.1735,-0.519,-0.4834,-0.1272,0.857,-1.218,0.0,-1.0,0.469,0.606,-0.61,0.0,1.715,-0.241,0.2219,0.08875,0.2483,-0.692,0.3938,-0.04932,-0.011696,-0.695,0.2466,0.4204,0.557,-0.00916,-0.03726,0.0,0.0,-0.02716,0.0,-0.2673,0.5225,0.0,0.0,0.0,0.0,-0.1007,0.0,0.5,1.0,-0.2996,0.1981,0.0,2.0,-0.5,0.5,0.0,0.0,0.0,-0.1104
-0.01958,-0.01968,-0.01894,-0.1124,0.0775,-0.3362,0.689,-0.62,-0.02795,-0.5615,-0.4673,-0.6226,0.857,-1.218,0.0,-1.0,0.512,0.6567,-0.6343,0.0,1.717,-0.8525,0.2268,0.1409,0.03882,-0.6807,0.1222,-0.2961,-0.08386,-0.04932,0.4543,-0.2333,0.577,-0.00951,-0.03555,0.0,0.0,-0.02464,0.0,-0.2744,0.3704,0.0,0.0,0.0,0.0,-0.518,0.0,0.0,0.5,-0.157,0.010025,0.0,3.0,-0.5,0.5,0.0,0.0,0.0,-0.569
-0.01985,-0.02003,-0.01913,0.2222,-0.266,-0.3362,0.3257,-0.5356,-0.4268,-0.6616,-0.452,-4.875,0.7144,-1.218,-1.0,-1.0,0.6284,0.765,-0.692,0.0,1.72,-0.3052,0.2124,0.1758,-0.3464,-0.674,0.562,-0.707,-0.1473,-0.2961,-0.6943,0.2465,-0.7456,-0.01228,-0.03397,0.0,0.0,-0.02306,0.0,-0.2913,0.336,0.0,0.0,0.0,0.0,-2.514,-1.0,0.0,0.5,0.1498,-0.3381,0.0,4.0,-0.5,0.5,0.0,1.0,-1.387,-2.773
-0.02179,-0.02191,-0.02115,0.749,-0.7954,-0.3362,-0.2805,-0.4631,-0.9785,-0.826,-0.4583,2.086,0.5713,-1.218,-1.0,-1.0,0.8203,0.9565,-0.7876,0.0,1.723,0.355,0.172,0.1859,-0.9263,-0.6714,0.4436,-1.18,-0.1455,-0.707,-0.04932,0.454,0.2266,-0.01706,-0.03305,0.0,0.0,-0.0231,0.0,-0.3186,-0.327,0.0,0.0,0.0,0.0,-3.479,-2.0,-0.5,0.0,0.6772,-0.825,0.0,5.0,-0.5,0.5,0.0,0.0,0.0,-3.883
-0.02255,-0.02267,-0.02193,0.3777,-0.4187,-0.3362,-0.2805,-0.501,-0.627,-0.7295,-0.463,-0.3035,0.4285,-1.218,-1.0,-1.0,0.707,0.843,-0.7314,0.0,1.725,-0.5,0.1076,0.1737,-0.5854,-0.673,-0.1078,0.704,-0.1925,-1.18,-0.2961,-0.6943,0.84,-0.0209,-0.03207,0.0,0.0,-0.02216,0.0,-0.3027,-0.2817,0.0,0.0,0.0,0.0,1.744,-1.0,-0.5,0.0,0.3337,-0.4475,1.0,0.0,-0.5,0.5,0.0,0.0,0.0,1.985
-0.02208,-0.02219,-0.02147,-0.00597,-0.02986,-0.3362,-0.2805,-0.4976,-0.2223,-0.6157,-0.4656,-0.724,0.2856,-1.218,-1.0,-1.0,0.5815,0.708,-0.6655,0.0,1.728,-0.00895,0.03998,0.1433,-0.1827,-0.675,-0.4307,0.8228,-0.2489,0.704,-0.7065,-0.04932,0.4204,-0.024,-0.03087,0.0,0.0,-0.02066,0.0,-0.284,-0.2074,0.0,0.0,0.0,0.0,2.088,0.0,-0.5,0.0,-0.0247,-0.06104,2.0,0.0,-0.5,0.5,1.0,0.0,2.48,2.35
-0.02144,-0.02158,-0.02078,-0.0588,0.02144,-0.3362,-0.2805,-0.5713,-0.1721,-0.5957,-0.46,-0.37,0.1428,-1.218,-1.0,-1.0,0.5537,0.692,-0.6533,0.0,1.7295,-0.7666,-0.0339,0.10596,-0.1235,-0.673,-0.35,0.1498,-0.275,0.8228,-1.18,-0.2961,-0.2333,-0.02527,-0.02966,0.0,0.0,-0.01956,0.0,-0.2805,0.07404,0.0,0.0,0.0,0.0,0.2473,1.0,0.0,0.5,-0.07764,-0.013916,3.0,0.0,-0.5,0.5,0.0,0.0,0.0,0.2747
-0.02098,-0.02112,-0.02031,-0.001955,-0.03656,-0.3362,-0.2805,-0.568,-0.2269,-0.61,-0.458,1.197,0.0,-1.218,-1.0,-1.0,0.569,0.7075,-0.6606,0.0,1.732,-0.581,-0.1226,0.0661,-0.1818,-0.67,-0.5273,-0.08716,-0.3008,0.1498,0.704,-0.7065,0.2465,-0.0266,-0.02823,0.0,0.0,-0.01863,0.0,-0.2825,-0.0235,0.0,0.0,0.0,0.0,-0.161,1.0,-0.5,0.0,-0.06323,-0.11365,0.0,1.0,-0.5,0.5,0.0,0.0,0.0,-0.1783
-0.02051,-0.02066,-0.01985,-0.00502,-0.03345,-0.3362,-0.2805,-0.5645,-0.1931,-0.606,-0.464,-0.1895,-0.1428,-1.218,-1.0,-1.0,0.565,0.703,-0.657,0.0,1.734,-0.179,-0.2196,0.01546,-0.1477,-0.673,-0.8467,0.0374,-0.3745,-0.08716,0.8223,-1.18,0.454,-0.0272,-0.02673,0.0,0.0,-0.0172,0.0,-0.2817,-0.3032,0.0,0.0,0.0,0.0,0.0651,2.0,-0.5,0.0,-0.0865,-0.1328,1.0,0.0,-0.5,0.0,0.0,0.0,0.0,0.0722
-0.01987,-0.02003,-0.01918,-0.0577,0.01823,-0.3362,-0.2805,-0.6094,-0.09467,-0.587,-0.4739,-1.242,-0.1428,-1.218,0.0,-1.0,0.5405,0.685,-0.645,0.0,1.737,-0.751,-0.3052,-0.04788,-0.0363,-0.679,-0.5146,0.1495,-0.3992,0.0374,0.1498,0.704,-0.6943,-0.02599,-0.0251,0.0,0.0,-0.01634,0.0,-0.2783,-0.4172,0.0,0.0,0.0,0.0,0.284,2.0,0.0,0.0,-0.14,-0.08606,2.0,0.0,-0.5,0.0,0.0,0.0,0.0,0.3147
-0.01944,-0.0196,-0.01874,0.004314,-0.04507,-0.3362,-0.2805,-0.609,-0.123,-0.6016,-0.4807,-1.374,-0.2856,-1.218,-1.0,-1.0,0.5566,0.702,-0.6533,0.0,1.74,-0.4146,-0.3882,-0.11914,-0.0617,-0.683,-0.514,-0.0994,-0.406,0.1495,-0.08716,0.8223,-0.0493,-0.02246,-0.0235,0.0,0.0,-0.01598,0.0,-0.2808,-0.3696,0.0,0.0,0.0,0.0,-0.2421,1.0,0.0,0.0,-0.0894,-0.1571,0.0,1.0,-0.5,0.0,0.0,0.0,0.0,-0.2676
-0.01895,-0.01915,-0.01822,-0.01119,-0.03108,-0.5435,-0.2805,-0.64,-0.06537,-0.5933,-0.4897,-7.906,-0.2856,-1.218,0.0,-1.0,0.545,0.696,-0.6484,0.0,1.742,-0.9326,-0.4644,-0.1863,-0.012276,-0.6865,-0.3723,0.06226,-0.406,-0.0994,0.0374,0.1498,-0.2961,-0.02026,-0.02191,0.0,0.0,-0.01599,0.0,-0.2793,-0.454,0.0,0.0,0.0,0.0,0.0798,1.0,0.5,0.0,-0.1242,-0.1652,1.0,0.0,-0.5,0.0,0.0,0.0,0.0,0.0883
-0.01797,-0.01823,-0.0172,-0.1616,0.118,-0.5435,-0.2805,-0.6616,0.1484,-0.542,-0.4998,4.855,-0.2856,-1.218,0.0,-1.0,0.4873,0.638,-0.6177,0.0,1.745,-0.638,-0.521,-0.2542,0.193,-0.6904,0.02731,0.373,-0.4163,0.06226,0.1495,-0.0871,-0.7065,-0.01901,-0.0204,0.0,0.0,-0.01516,0.0,-0.2708,-0.4956,0.0,0.0,0.0,0.0,0.7764,2.0,1.0,0.0,-0.2815,-0.03546,2.0,0.0,-0.5,0.0,0.0,0.0,0.0,0.859
-0.01604,-0.01627,-0.0153,-0.442,0.4038,-0.5435,-0.2805,-0.6616,0.4827,-0.4407,-0.4944,1.534,-0.2856,-1.208,0.0,0.0,0.3806,0.524,-0.559,0.0,1.747,-0.4011,-0.552,-0.3276,0.53,-0.688,0.7554,0.717,-0.3992,0.373,-0.0994,0.03738,-1.179,-0.01653,-0.01901,0.0,0.0,-0.01395,0.0,-0.254,0.1007,0.0,0.0,0.0,0.0,1.912,2.0,1.5,0.5,-0.511,0.2834,3.0,0.0,-0.5,0.0,1.0,0.0,2.213,2.102
-0.01414,-0.014336,-0.01342,-0.433,0.3972,-0.5435,-0.2805,-0.676,0.511,-0.4253,-0.4868,0.1957,-0.2856,-1.198,0.0,0.0,0.363,0.5083,-0.55,0.0,1.75,-0.3867,-0.5635,-0.3987,0.5386,-0.6807,0.522,0.1099,-0.3735,0.717,0.06226,0.1495,0.7036,-0.01362,-0.01724,0.0,0.0,-0.01329,0.0,-0.2512,0.1646,0.0,0.0,0.0,0.0,0.3118,2.0,1.5,1.0,-0.5146,0.265,4.0,0.0,-0.5,0.0,0.0,0.0,0.0,0.3386
-0.01183,-0.011986,-0.01117,-0.545,0.5137,-0.5435,-0.2805,-0.705,0.6553,-0.3699,-0.4724,0.395,-0.2856,-1.188,0.0,0.0,0.303,0.4495,-0.517,0.0,1.753,-0.866,-0.5625,-0.4546,0.6934,-0.674,0.1833,0.3901,-0.3364,0.1099,0.373,-0.0994,0.8223,-0.00993,-0.01532,0.0,0.0,-0.01265,0.0,-0.2421,0.4407,0.0,0.0,0.0,0.0,0.717,3.0,1.5,1.5,-0.6377,0.3606,5.0,0.0,0.0,0.0,0.0,0.0,0.0,0.7773
-0.00817,-0.00821,-0.007603,-0.928,0.908,-0.0004115,-0.2805,-0.7266,1.074,-0.2168,-0.44,0.7393,-0.1428,-1.178,0.0,0.0,0.1466,0.2864,-0.4277,0.0,1.755,-0.2837,-0.5107,-0.4868,1.063,-0.647,0.202,1.066,-0.2249,0.3901,0.717,0.06223,0.1497,-0.00422,-0.01319,0.0,0.0,-0.010994,0.0,-0.2166,1.085,1.0,0.0,0.0,0.0,3.203,3.0,1.5,2.0,-1.005,0.7427,5.734,0.0,0.5,0.0,1.0,0.0,2.447,3.45
-0.00532,-0.005417,-0.004704,-0.6953,0.67,-0.0004115,-0.2805,-0.813,0.7695,-0.264,-0.3984,-0.138,0.0,-1.168,0.0,0.0,0.1859,0.3447,-0.454,0.0,1.758,-0.632,-0.4075,-0.4763,0.75,-0.6206,0.4119,-0.3093,-0.1608,1.066,0.1099,0.373,-0.0871,0.001015,-0.01129,0.0,0.0,-0.00977,0.0,-0.2242,1.478,1.0,0.0,1.0,0.0,-0.627,2.0,1.5,2.0,-0.804,0.4873,0.0,1.0,0.5,0.0,0.0,0.0,0.0,-0.6636
-0.001501,-0.001545,-0.0009346,-0.963,0.9443,-0.0004115,-0.2805,-0.808,1.033,-0.1455,-0.3562,0.4697,0.1428,-1.158,0.0,0.0,0.06903,0.2189,-0.384,0.0,1.76,-0.3252,-0.2742,-0.4185,0.9946,-0.5923,0.536,0.8257,-0.05698,-0.3093,0.3901,0.717,0.03738,0.00796,-0.00863,0.0,0.0,-0.008255,0.0,-0.2042,1.478,1.0,0.0,1.0,0.0,1.961,2.0,1.5,2.0,-1.055,0.7593,1.0,0.0,0.5,0.0,0.0,0.0,0.0,2.086
0.001613,0.001564,0.002184,-0.762,0.741,-0.0004115,-0.2805,-0.8804,0.8047,-0.1814,-0.325,-0.0754,0.2856,-1.148,0.0,0.0,0.09784,0.2634,-0.4033,0.0,1.763,-0.6235,-0.1512,-0.3481,0.777,-0.5747,0.6436,-0.2242,0.01974,0.8257,1.065,0.10986,0.1494,0.013596,-0.006557,0.0,0.0,-0.006374,0.0,-0.2098,1.396,1.0,0.0,0.0,0.0,-0.3904,1.0,1.0,1.5,-0.8633,0.5615,0.0,1.0,0.5,0.0,0.0,0.0,0.0,-0.4097
0.00443,0.004395,0.00499,-0.6753,0.6543,-0.0004115,-0.2805,-0.8833,0.6963,-0.1841,-0.2957,0.01395,0.4285,-1.139,0.0,0.0,0.1003,0.2666,-0.4033,0.0,1.766,-0.831,-0.0395,-0.2764,0.691,-0.56,0.872,0.0,0.0828,-0.2242,-0.3093,0.39,-0.09937,0.01768,-0.004757,0.0,0.0,-0.004456,0.0,-0.21,1.373,1.0,0.0,0.0,0.0,0.0,0.0,1.0,1.0,-0.7876,0.47,0.0,0.0,0.5,0.0,0.0,0.0,0.0,0.0
0.007736,0.00772,0.00827,-0.8086,0.7905,-0.0004115,-0.2805,-0.874,0.8174,-0.114,-0.2605,0.3064,0.5713,-1.129,0.0,0.0,0.0325,0.1925,-0.3608,0.0,1.768,-0.425,0.07605,-0.1968,0.8193,-0.5396,1.013,0.4976,0.1578,0.0,0.825,1.065,0.06223,0.02264,-0.002985,0.0,0.0,-0.001916,0.0,-0.1978,1.478,1.0,0.0,0.0,0.0,1.1045,0.0,1.0,1.5,-0.8896,0.6294,1.0,0.0,0.5,0.0,0.0,0.0,0.0,1.164
0.01094,0.01093,0.01147,-0.7773,0.7603,-0.0004115,-0.2805,-0.863,0.756,-0.0965,-0.2241,0.07056,0.7144,-1.119,0.0,0.0,0.01659,0.1732,-0.3486,0.0,1.7705,-0.09625,0.1998,-0.10565,0.7383,-0.513,1.001,0.141,0.2056,0.4976,-0.2241,-0.3093,0.373,0.02708,-0.000757,0.0,0.0,0.001276,0.0,-0.1945,1.478,1.0,0.0,0.0,0.0,0.4263,1.0,1.0,1.5,-0.862,0.5977,2.0,0.0,0.5,0.0,0.0,0.0,0.0,0.4453
0.012794,0.01278,0.01334,-0.396,0.3735,-0.0004115,0.874,-0.807,0.3123,-0.2014,-0.197,-0.4158,0.7144,-1.109,0.0,0.0,0.12415,0.2776,-0.4075,0.0,1.772,-0.3042,0.3047,-0.01796,0.299,-0.4956,0.774,-0.6797,0.1455,0.141,0.0,0.825,0.717,0.02762,0.000991,0.0,0.0,0.00481,0.0,-0.2114,1.016,1.0,0.0,0.0,0.0,-1.489,0.0,0.5,1.0,-0.4731,0.2484,0.0,1.0,0.5,0.0,0.0,0.0,0.0,-1.553
0.015465,0.01542,0.01604,-0.625,0.6035,-0.0004115,0.874,-0.783,0.509,-0.1091,-0.162,0.648,0.857,-1.099,0.0,0.0,0.03583,0.1786,-0.3516,0.0,1.775,-0.0639,0.3997,0.0715,0.4885,-0.4727,0.8164,0.652,0.1287,-0.6797,0.4973,-0.2241,0.10986,0.0303,0.002663,0.0,0.0,0.00834,0.0,-0.1956,1.189,1.0,0.0,0.0,0.0,1.495,1.0,0.5,1.5,-0.657,0.5093,1.0,0.0,0.5,0.0,0.0,0.0,0.0,1.576
0.0195,0.01949,0.02005,-0.9966,0.9814,-0.0004115,0.874,-0.6973,0.872,0.04324,-0.11694,0.7812,0.857,-1.089,0.0,0.0,-0.1015,0.01518,-0.2603,0.0,1.777,-0.1032,0.4878,0.1661,0.85,-0.4446,0.7266,1.056,0.1873,0.652,0.141,0.0,0.39,0.03357,0.00469,0.0,0.0,0.01211,0.0,-0.1694,1.322,1.0,0.0,0.0,0.0,4.152,2.0,0.5,1.5,-0.9727,0.9194,2.0,0.0,0.5,0.0,0.0,0.0,0.0,4.332
0.02203,0.02197,0.02263,-0.5825,0.56,-0.0004115,0.8564,-0.603,0.3865,-0.06946,-0.08344,-0.3965,0.857,-1.079,0.0,0.0,0.0138,0.1205,-0.3232,0.0,1.78,-0.291,0.5503,0.2588,0.366,-0.422,0.2761,-0.7144,0.1888,1.056,-0.6797,0.4973,1.065,0.03568,0.006443,0.0,0.0,0.01518,0.0,-0.1877,0.9136,1.0,0.0,0.0,0.0,-2.295,1.0,0.0,1.0,-0.58,0.507,0.0,1.0,0.5,0.0,0.0,0.0,0.0,-2.352
0.02399,0.02383,0.02467,-0.4202,0.3904,-0.0004115,0.742,-0.6553,0.1865,-0.1066,-0.05957,-0.2942,0.857,-1.069,0.0,0.0,0.04498,0.1638,-0.3425,0.0,1.783,-0.9326,0.5815,0.3438,0.1593,-0.4048,0.537,-0.2216,0.1613,-0.7144,0.652,0.1409,-0.3093,0.0373,0.00795,0.0,0.0,0.01814,0.0,-0.1934,0.6865,0.0,0.0,0.0,0.0,-0.539,0.0,0.0,0.5,-0.4197,0.3481,0.0,2.0,0.5,0.0,0.0,0.0,0.0,-0.559
0.02524,0.02504,0.02596,-0.2202,0.1857,-0.0004115,0.568,-0.4653,-0.05435,-0.16,-0.0395,-0.733,0.857,-1.06,0.0,0.0,0.11395,0.2013,-0.3718,0.0,1.785,1.62,0.585,0.418,-0.0984,-0.388,0.12006,-0.3394,0.10925,-0.2216,1.055,-0.6797,0.825,0.037,0.00904,0.0,0.0,0.02078,0.0,-0.202,0.517,0.0,0.0,0.0,0.0,-1.329,0.0,-0.5,0.0,-0.2325,0.1448,0.0,3.0,0.5,0.0,0.0,0.0,0.0,-1.384
0.02815,0.02798,0.02887,-0.6885,0.661,-0.0004115,0.568,-0.2228,0.422,0.01104,-0.01108,8.74,0.857,-1.05,0.0,0.0,-0.0288,0.002153,-0.2703,0.0,1.788,2.168,0.565,0.4841,0.3467,-0.3652,0.2651,1.177,0.0894,-0.3394,-0.7144,0.652,-0.2241,0.03903,0.01112,0.0,0.0,0.02428,0.0,-0.1731,0.6787,0.0,0.0,0.0,0.0,6.508,0.0,0.0,0.0,-0.668,0.6196,1.0,0.0,0.5,0.0,0.0,0.0,0.0,5.766
0.02994,0.02974,0.03067,-0.3704,0.3381,-0.0004115,0.568,-0.2059,0.1008,-0.0757,-8.607e-05,-0.5127,0.857,-1.04,0.0,0.0,0.0553,0.08887,-0.319,0.0,1.79,0.08435,0.532,0.5283,0.02788,-0.357,0.3594,-0.554,0.01588,1.177,-0.2216,1.055,0.0,0.04135,0.01293,0.0,0.0,0.02739,0.0,-0.1873,0.2448,0.0,0.0,0.0,0.0,-1.297,-1.0,0.0,-0.5,-0.3552,0.3154,0.0,1.0,0.5,0.0,0.0,0.0,0.0,-1.331
0.03238,0.03214,0.0331,-0.548,0.5166,-0.0004115,0.568,-0.1732,0.2856,-0.000837,0.01959,1.082,0.857,-1.029,0.0,0.0,-0.013145,0.009415,-0.2734,0.0,1.793,-0.1154,0.4912,0.551,0.2407,-0.349,0.1172,0.5244,-0.0632,-0.554,-0.3394,-0.7144,0.4973,0.04343,0.01517,0.0,0.0,0.03087,0.0,-0.1742,0.4797,0.0,0.0,0.0,0.0,1.155,0.0,0.0,0.0,-0.537,0.475,1.0,0.0,0.5,0.0,0.0,0.0,0.0,1.197
0.0353,0.03513,0.03598,-0.6836,0.657,-0.0004115,0.568,-0.2001,0.4585,0.06647,0.0351,0.6157,0.857,-1.02,0.0,0.0,-0.07874,-0.0556,-0.2317,0.0,1.796,-0.434,0.4514,0.551,0.4224,-0.34,0.0927,0.4736,-0.1242,0.5244,1.177,-0.2214,0.1409,0.04416,0.01802,0.0,0.0,0.03445,0.0,-0.1624,0.4062,0.0,0.0,0.0,0.0,1.011,1.0,0.0,0.0,-0.6543,0.6255,2.0,0.0,0.5,0.0,0.0,0.0,0.0,1.038
0.03815,0.038,0.03882,-0.658,0.633,-0.0004115,0.568,-0.2203,0.4465,0.0815,0.0546,0.11993,0.857,-1.01,0.0,0.0,-0.09454,-0.0686,-0.2206,0.0,1.798,-0.79,0.3975,0.531,0.4377,-0.3315,0.5923,0.1261,-0.1553,0.4736,-0.554,-0.3394,-0.679,0.04688,0.02155,0.0,0.0,0.0376,0.0,-0.1593,0.5234,0.0,0.0,0.0,0.0,0.2339,2.0,0.5,0.5,-0.626,0.607,3.0,0.0,0.5,0.0,0.0,0.0,0.0,0.2384
0.04028,0.0401,0.041,-0.4592,0.4307,-0.0004115,0.568,-0.198,0.2394,0.03427,0.0712,-0.2612,0.857,-1.0,0.0,0.0,-0.04843,-0.0236,-0.246,0.0,1.801,-0.6943,0.3215,0.493,0.2559,-0.324,0.329,-0.286,-0.2211,0.1261,0.5244,1.177,0.652,0.0494,0.02457,0.0,0.0,0.04044,0.0,-0.1666,0.4094,0.0,0.0,0.0,0.0,-0.502,1.0,0.0,0.5,-0.449,0.396,0.0,1.0,0.5,0.0,0.0,0.0,0.0,-0.5103
0.04318,0.04306,0.04385,-0.671,0.648,-0.0004115,0.568,-0.2102,0.4834,0.1249,0.08813,0.8975,0.857,-0.99,0.0,0.0,-0.1337,-0.1125,-0.1901,0.0,1.803,-0.4727,0.2394,0.4368,0.5093,-0.3137,-0.2429,0.632,-0.2485,-0.286,0.4736,-0.5537,1.055,0.05417,0.02751,0.0,0.0,0.04346,0.0,-0.1508,0.4434,0.0,0.0,0.0,0.0,1.482,2.0,0.0,0.5,-0.6255,0.6353,1.0,0.0,0.5,0.0,0.0,0.0,0.0,1.515
0.0463,0.0462,0.0469,-0.7183,0.699,-0.5273,0.568,-0.2327,0.5557,0.165,0.107,0.2754,0.857,-0.98,0.0,0.0,-0.1725,-0.1497,-0.1637,0.0,1.806,-0.2947,0.1693,0.384,0.5825,-0.3005,0.2522,0.2957,-0.211,0.632,0.1261,0.5244,-0.714,0.05698,0.03056,0.0,0.0,0.04593,0.0,-0.1433,0.4785,0.0,0.0,0.0,0.0,0.9424,2.0,0.5,0.5,-0.6914,0.662,2.0,0.0,0.5,0.0,0.0,0.0,0.0,0.953
0.04926,0.04913,0.0499,-0.681,0.659,-0.5273,0.568,-0.302,0.5034,0.1755,0.1345,0.05792,0.857,-0.97,0.0,0.0,-0.1884,-0.1533,-0.1545,0.0,1.808,-0.9326,0.0956,0.3362,0.56,-0.2874,0.502,0.10187,-0.2043,0.2957,-0.286,0.4734,-0.2214,0.0613,0.0337,0.0,0.0,0.0487,0.0,-0.1407,0.7725,1.0,0.0,0.0,0.0,0.2208,2.0,1.0,1.0,-0.6836,0.593,3.0,0.0,0.5,0.0,0.0,0.0,0.0,0.2222
0.0513,0.05115,0.05197,-0.4229,0.396,-0.5273,0.568,-0.3281,0.2301,0.10767,0.1515,-0.342,0.857,-0.9604,0.0,0.0,-0.1284,-0.0843,-0.1921,0.0,1.811,-0.533,0.0284,0.2942,0.296,-0.2769,0.8433,-0.418,-0.1963,0.10187,0.632,0.126,-0.3394,0.0635,0.0366,0.0,0.0,0.0505,0.0,-0.1517,0.4534,0.0,0.0,0.0,0.0,-0.84,1.0,1.0,0.5,-0.472,0.2993,0.0,1.0,0.5,0.0,0.0,0.0,0.0,-0.8438
0.05304,0.05286,0.0537,-0.3445,0.3164,-0.5273,0.568,-0.3823,0.1766,0.09576,0.1565,-0.02695,0.857,-0.9507,0.0,0.0,-0.12225,-0.06726,-0.1971,0.0,1.813,-0.5786,-0.02328,0.245,0.2385,-0.2715,0.2515,-0.0569,-0.2106,-0.418,0.2957,-0.286,1.177,0.06433,0.03937,0.0,0.0,0.0524,0.0,-0.1532,0.1346,0.0,0.0,0.0,0.0,-0.1001,1.0,0.5,0.0,-0.4329,0.1833,0.0,2.0,0.5,0.0,0.0,0.0,0.0,-0.10126
0.05484,0.05466,0.05557,-0.3684,0.3384,-0.5273,0.568,-0.4617,0.1993,0.11664,0.1711,0.2286,0.857,-0.9404,0.0,0.0,-0.1486,-0.08026,-0.183,0.0,1.815,-0.688,-0.05954,0.1886,0.2654,-0.262,0.6484,0.1594,-0.2301,-0.0569,0.1018,0.632,-0.5537,0.06537,0.0423,0.0,0.0,0.05447,0.0,-0.1493,0.531,0.0,0.0,0.0,0.0,0.285,1.0,1.0,0.5,-0.4575,0.2023,1.0,0.0,0.5,0.0,0.0,0.0,0.0,0.2886
0.05682,0.05658,0.0576,-0.4092,0.3777,-0.5273,0.568,-0.4763,0.2295,0.1445,0.1907,0.248,0.857,-0.9307,0.0,0.0,-0.1755,-0.1063,-0.1647,0.0,1.818,-0.9326,-0.087,0.1312,0.3137,-0.2524,0.4211,0.2045,-0.2273,0.1594,-0.418,0.2957,0.524,0.0675,0.0453,0.0,0.0,0.05627,0.0,-0.144,0.712,0.0,0.0,0.0,0.0,0.2489,1.0,1.0,1.0,-0.502,0.2346,2.0,0.0,0.5,0.0,0.0,0.0,0.0,0.2515
0.059,0.05862,0.0599,-0.4634,0.4248,-0.5273,0.568,-0.6743,0.256,0.1775,0.2167,0.2274,0.857,-0.921,0.0,0.0,-0.2234,-0.1195,-0.1433,0.0,1.82,-0.663,-0.0839,0.0908,0.3125,-0.2306,0.2034,0.2377,-0.2173,0.2045,-0.05685,0.1018,0.4734,0.0687,0.04825,0.0,0.0,0.0582,0.0,-0.1381,0.9736,1.0,0.0,0.0,0.0,0.5654,1.0,1.0,1.5,-0.5967,0.2336,3.0,0.0,0.5,0.0,0.0,0.0,0.0,0.5693
0.06183,0.06143,0.06274,-0.6387,0.6016,-0.5273,0.568,-0.8633,0.4543,0.2566,0.2354,0.729,0.857,-0.911,0.0,0.0,-0.3115,-0.1779,-0.0946,0.0,1.823,0.06665,-0.04593,0.05643,0.4778,-0.2119,0.1869,0.541,-0.2311,0.2377,0.1594,-0.4177,0.126,0.07056,0.05112,0.0,0.0,0.0611,0.0,-0.1242,0.827,1.0,0.0,0.0,0.0,1.358,2.0,1.0,1.5,-0.7607,0.4084,4.0,0.0,0.5,0.0,0.0,0.0,0.0,1.362
0.06433,0.06384,0.06525,-0.547,0.5063,-0.5273,0.568,-0.8755,0.344,0.2455,0.2598,-0.06946,0.857,-0.901,0.0,0.0,-0.3027,-0.1659,-0.09863,0.0,1.826,0.06775,0.00371,0.03766,0.3447,-0.1913,0.4558,-0.04468,-0.2268,0.541,0.2043,-0.05685,-0.286,0.072,0.05392,0.0,0.0,0.0635,0.0,-0.1255,1.221,1.0,0.0,0.0,0.0,-0.11316,2.0,1.0,1.5,-0.698,0.2886,0.0,1.0,0.5,0.0,0.0,0.0,0.0,-0.1124
0.06744,0.0671,0.0684,-0.7246,0.688,-0.8037,0.568,-0.8945,0.5376,0.329,0.2844,0.605,0.857,-0.891,0.0,0.0,-0.379,-0.2437,-0.04684,0.0,1.828,-0.2593,0.05573,0.03906,0.5264,-0.173,0.1646,0.5703,-0.1604,-0.04468,0.2377,0.1593,0.632,0.0758,0.05685,0.0,0.0,0.0654,0.0,-0.1108,1.235,1.0,0.0,0.0,0.0,1.308,2.0,1.0,1.5,-0.8604,0.4736,1.0,0.0,0.5,0.0,0.0,0.0,0.0,1.301
0.06946,0.06903,0.0704,-0.4033,0.3625,-0.8037,0.568,-0.8516,0.2068,0.2391,0.2983,-0.4128,0.857,-0.8813,0.0,0.0,-0.295,-0.1621,-0.09766,0.0,1.831,-0.2483,0.0965,0.04745,0.1924,-0.1617,0.07904,-0.5537,-0.1653,0.5703,0.541,0.2043,0.2954,0.0784,0.0589,0.0,0.0,0.0675,0.0,-0.1255,0.656,0.0,0.0,0.0,0.0,-1.201,1.0,0.5,1.0,-0.537,0.1754,0.0,1.0,0.5,0.0,0.0,0.0,0.0,-1.184
0.0718,0.07135,0.0727,-0.506,0.467,-0.8037,0.568,-0.8545,0.3228,0.291,0.3147,0.538,0.857,-0.871,0.0,0.0,-0.3416,-0.2113,-0.0651,0.0,1.833,-0.8237,0.1259,0.05835,0.3086,-0.1506,0.0611,0.3577,-0.1794,-0.5537,-0.04468,0.2375,0.1018,0.08154,0.0613,0.0,0.0,0.0701,0.0,-0.1163,0.733,0.0,0.0,0.0,0.0,0.7876,1.0,0.5,1.0,-0.63,0.2825,1.0,0.0,0.5,0.0,0.0,0.0,0.0,0.7827
0.0732,0.07275,0.07416,-0.2524,0.2086,-0.8037,0.915,-0.7925,0.0466,0.2188,0.3298,-0.549,0.857,-0.8613,0.0,0.0,-0.2712,-0.1482,-0.1058,0.0,1.836,-0.111,0.1387,0.06915,0.04355,-0.1418,0.3904,-0.4446,-0.2605,0.3577,0.5703,0.541,-0.4177,0.08307,0.06305,0.0,0.0,0.0726,0.0,-0.128,0.6187,0.0,0.0,0.0,0.0,-0.861,0.0,0.5,1.0,-0.4006,0.01736,0.0,1.0,0.5,0.0,0.0,0.0,0.0,-0.8506
0.07465,0.07416,0.0756,-0.2593,0.2157,-0.822,0.915,-0.7554,0.05978,0.231,0.3386,0.2324,0.857,-0.8516,0.0,0.0,-0.279,-0.1636,-0.0966,0.0,1.839,0.03714,0.139,0.0849,0.051,-0.1339,0.4873,0.10077,-0.275,-0.4446,-0.5537,-0.04468,-0.05685,0.0843,0.06494,0.0,0.0,0.0742,0.0,-0.1256,0.4304,0.0,0.0,0.0,0.0,0.2355,1.0,1.0,1.0,-0.4175,0.01324,1.0,0.0,0.5,0.0,0.0,0.0,0.0,0.2345
0.07544,0.075,0.0764,-0.095,0.04874,-0.822,0.915,-0.7603,-0.09937,0.1836,0.3416,-0.855,0.857,-0.842,0.0,0.0,-0.2366,-0.1172,-0.12305,0.0,1.841,-0.4543,0.1307,0.0933,-0.1241,-0.1274,0.4578,-0.2905,-0.3481,0.10077,0.3577,0.57,0.1593,0.08356,0.0667,0.0,0.0,0.07605,0.0,-0.1333,0.10944,0.0,0.0,0.0,0.0,-0.5664,0.0,0.5,0.5,-0.2534,-0.1414,0.0,1.0,0.5,0.0,0.0,0.0,0.0,-0.563
0.07635,0.0759,0.07733,-0.1123,0.0666,-0.822,0.915,-0.718,-0.0707,0.1951,0.3442,2.143,0.857,-0.8315,0.0,0.0,-0.2433,-0.1324,-0.1149,0.0,1.844,-0.6064,0.1111,0.0918,-0.0957,-0.1246,0.3708,0.08984,-0.3953,-0.2905,-0.4443,-0.5537,0.2043,0.0831,0.06824,0.0,0.0,0.0775,0.0,-0.131,0.10394,0.0,0.0,0.0,0.0,0.1254,1.0,0.5,0.5,-0.287,-0.1426,1.0,0.0,0.5,0.0,0.0,0.0,0.0,0.1252
0.07654,0.07605,0.0775,0.08844,-0.1378,-0.822,0.915,-0.7007,-0.2847,0.1315,0.3481,-5.137,0.7144,-0.822,-1.0,0.0,-0.1837,-0.072,-0.1515,0.0,1.846,-0.4492,0.07825,0.08246,-0.3076,-0.12146,0.2551,-0.4038,-0.4233,0.08984,0.1007,0.3577,0.2375,0.0804,0.06946,0.0,0.0,0.07825,0.0,-0.1416,0.11084,0.0,0.0,0.0,0.0,-0.765,0.0,0.0,0.5,-0.0802,-0.325,0.0,1.0,0.5,0.0,0.0,0.0,0.0,-0.763
0.0752,0.07477,0.0761,0.514,-0.565,-0.822,0.534,-0.5464,-0.727,-0.01354,0.3416,3.006,0.5713,-0.812,-1.0,0.0,-0.03452,0.058,-0.2358,0.0,1.849,0.925,0.006176,0.05423,-0.683,-0.1364,-0.0956,-0.937,-0.4136,-0.4038,-0.2905,-0.4443,0.541,0.0767,0.0705,0.0,0.0,0.0781,0.0,-0.1661,-0.3315,0.0,0.0,0.0,0.0,-5.312,0.0,-0.5,0.5,0.3586,-0.705,0.0,2.0,0.5,0.0,0.0,0.0,0.0,-5.332
0.0729,0.07263,0.07367,0.788,-0.8345,-0.822,0.1868,-0.4753,-1.01,-0.1165,0.326,0.65,0.4285,-0.802,-1.0,0.0,0.0707,0.1569,-0.2957,0.0,1.851,-0.0629,-0.0884,0.012665,-0.9556,-0.1461,-0.1667,-0.677,-0.3687,-0.937,0.08984,0.1007,-0.04468,0.0707,0.07086,0.0,0.0,0.07764,0.0,-0.1835,-0.652,0.0,0.0,0.0,0.0,-1.939,-1.0,-0.5,0.0,0.637,-0.9478,0.0,3.0,0.5,0.0,0.0,0.0,0.0,-1.978
0.0721,0.0719,0.0728,0.3665,-0.4043,-0.822,0.1868,-0.437,-0.6006,0.00242,0.3164,-0.3586,0.2856,-0.792,-1.0,0.0,-0.03983,0.03137,-0.2246,0.0,1.854,-0.4663,-0.2037,-0.03735,-0.5244,-0.1555,-0.673,0.812,-0.3547,-0.677,-0.4036,-0.2905,0.57,0.06757,0.0711,0.0,0.0,0.07733,0.0,-0.1632,-0.3843,0.0,0.0,0.0,0.0,2.799,0.0,-0.5,0.0,0.2693,-0.4917,1.0,0.0,0.5,0.0,0.0,0.0,0.0,2.889
0.07074,0.0706,0.0714,0.516,-0.552,-0.822,0.1868,-0.398,-0.7393,-0.056,0.3,0.456,0.1428,-0.782,-1.0,0.0,0.01924,0.0871,-0.258,0.0,1.856,-0.3206,-0.303,-0.0899,-0.672,-0.162,-0.4392,-0.3777,-0.318,0.812,-0.937,0.0898,-0.553,0.0633,0.0715,0.0,0.0,0.0764,0.0,-0.173,-0.6,0.0,0.0,0.0,0.0,-0.778,-1.0,-0.5,-0.5,0.3994,-0.649,0.0,1.0,0.5,0.0,0.0,0.0,0.0,-0.7915
0.06836,0.0683,0.069,0.8325,-0.8667,-0.822,0.1868,-0.3938,-1.022,-0.1722,0.2698,0.6406,0.0,-0.7725,-1.0,0.0,0.1323,0.2073,-0.3262,0.0,1.858,-0.1177,-0.369,-0.1434,-0.9595,-0.1776,-0.7827,-0.772,-0.2365,-0.3777,-0.677,-0.4036,0.3574,0.05798,0.0716,0.0,0.0,0.0748,0.0,-0.1926,-1.039,0.0,1.0,0.0,0.0,-2.094,-1.0,-1.0,-1.0,0.734,-0.92,0.0,2.0,0.5,0.0,0.0,0.0,0.0,-2.145
0.06586,0.0659,0.0664,0.859,-0.89,-0.822,0.1868,-0.4346,-1.024,-0.2024,0.2373,0.1451,-0.1428,-0.762,-1.0,0.0,0.1584,0.2429,-0.3435,0.0,1.861,-0.381,-0.3616,-0.195,-0.965,-0.1948,-0.68,-0.1984,-0.1589,-0.772,0.812,-0.9365,-0.4443,0.05197,0.0718,0.0,0.0,0.0734,0.0,-0.1978,-1.069,0.0,1.0,0.0,0.0,-0.3826,-1.0,-1.0,-1.0,0.737,-0.9663,0.0,3.0,0.5,0.0,0.0,0.0,0.0,-0.3972
0.06354,0.06354,0.0641,0.8228,-0.854,-0.822,0.1868,-0.4946,-0.9424,-0.2142,0.1968,0.04437,-0.2856,-0.7524,-1.0,0.0,0.1648,0.2612,-0.3496,0.0,1.863,-0.8843,-0.293,-0.243,-0.909,-0.2122,-0.913,-0.07025,-0.09033,-0.1984,-0.3777,-0.6763,0.1007,0.04675,0.0713,0.0,0.0,0.072,0.0,-0.1996,-1.387,0.0,1.0,0.0,0.0,-0.12427,-1.0,-1.5,-1.5,0.677,-0.959,0.0,4.0,0.5,0.0,0.0,0.0,0.0,-0.1294
0.06204,0.06204,0.0626,0.5684,-0.5977,-0.822,0.1868,-0.525,-0.658,-0.1539,0.1672,-0.2338,-0.4285,-0.7427,-1.0,0.0,0.10266,0.2006,-0.313,0.0,1.866,-0.45,-0.2075,-0.2776,-0.639,-0.2257,-0.905,0.4219,-0.05334,-0.07025,-0.7715,0.8115,-0.2905,0.04474,0.0713,0.0,0.0,0.0708,0.0,-0.1892,-1.05,0.0,1.0,0.0,0.0,0.91,-1.0,-1.0,-1.0,0.4414,-0.702,1.0,0.0,0.5,0.0,0.0,0.0,0.0,0.9487
0.06097,0.06094,0.06158,0.449,-0.4795,-0.822,0.1868,-0.528,-0.4836,-0.1295,0.1356,-0.2095,-0.5713,-0.733,-1.0,0.0,0.0786,0.1754,-0.2979,0.0,1.869,-0.7183,-0.11896,-0.2903,-0.4797,-0.2402,-1.097,0.1746,-0.02928,0.4219,-0.1984,-0.3774,0.0898,0.04468,0.07117,0.0,0.0,0.0696,0.0,-0.1848,-1.156,0.0,1.0,0.0,0.0,0.3035,0.0,-1.0,-1.0,0.3157,-0.6,2.0,0.0,0.5,0.0,0.0,0.0,0.0,0.3142
0.06003,0.05994,0.06067,0.4185,-0.4517,-0.822,0.1868,-0.5474,-0.4087,-0.1313,0.10895,-0.08057,-0.7144,-0.7227,-1.0,0.0,0.0787,0.1792,-0.2979,0.0,1.871,-0.281,-0.04245,-0.2703,-0.4216,-0.2512,-0.9673,0.0,-0.01276,0.1746,-0.07025,-0.7715,-0.4036,0.04276,0.07074,0.0,0.0,0.0681,0.0,-0.1849,-1.051,0.0,1.0,0.0,0.0,0.0,0.0,-1.0,-1.0,0.2832,-0.5767,0.0,0.0,0.5,0.0,0.0,0.0,0.0,0.0
0.058,0.05786,0.05872,0.7207,-0.7607,-0.994,0.1868,-0.578,-0.6606,-0.2411,0.0738,1.085,-0.857,-0.713,-1.0,0.0,0.184,0.2979,-0.3618,0.0,1.874,-0.5356,0.02776,-0.2223,-0.686,-0.2678,-0.4744,-0.731,0.01217,0.0,0.4219,-0.1982,-0.9365,0.04004,0.0699,0.0,0.0,0.0657,0.0,-0.2035,-1.268,0.0,1.0,0.0,0.0,-1.656,0.0,-1.0,-1.5,0.592,-0.8555,0.0,1.0,0.5,-0.5,0.0,0.0,0.0,-1.71
0.0571,0.0569,0.05783,0.4016,-0.4417,-0.994,0.1868,-0.5825,-0.3035,-0.1565,0.04785,-0.575,-1.0,-0.703,-1.0,0.0,0.10004,0.2089,-0.311,0.0,1.876,-0.685,0.0766,-0.164,-0.3481,-0.2788,-0.1394,0.5874,0.003666,-0.731,0.1746,-0.0702,-0.6763,0.04044,0.06946,0.0,0.0,0.06366,0.0,-0.189,-0.9033,0.0,0.0,0.0,0.0,1.358,1.0,-0.5,-1.0,0.3196,-0.5103,1.0,0.0,0.5,-0.5,0.0,0.0,0.0,1.42
0.05606,0.05576,0.05692,0.4307,-0.4775,-0.994,0.1868,-0.5737,-0.2837,-0.1768,0.01984,0.0278,-1.143,-0.693,-1.0,0.0,0.12067,0.2292,-0.3223,0.0,1.879,-0.5107,0.1014,-0.1069,-0.3613,-0.288,-0.6533,-0.1279,-0.0424,0.5874,0.0,0.4219,0.8115,0.041,0.06866,0.0,0.0,0.06113,0.0,-0.1924,-0.977,0.0,0.0,0.0,0.0,-0.3328,0.0,-1.0,-1.5,0.335,-0.5586,0.0,1.0,0.5,-0.5,0.0,0.0,0.0,-0.3445
0.05518,0.05475,0.05612,0.3892,-0.442,-0.994,0.1868,-0.5786,-0.2051,-0.1749,-0.003567,-0.3684,-1.143,-0.683,-1.0,0.0,0.11847,0.2278,-0.32,0.0,1.881,-0.464,0.09796,-0.05487,-0.3005,-0.2974,-0.485,0.02332,-0.0706,-0.1279,-0.731,0.1746,-0.3774,0.04178,0.0677,0.0,0.0,0.05905,0.0,-0.1919,-0.866,0.0,0.0,0.0,0.0,0.0474,0.0,-0.5,-1.0,0.2498,-0.5737,1.0,0.0,0.5,-0.5,0.0,0.0,0.0,0.04913
0.05438,0.0539,0.0554,0.363,-0.4192,-0.994,0.1868,-0.7446,-0.1714,-0.1766,-0.01624,-0.268,-1.143,-0.6733,-1.0,0.0,0.1053,0.2456,-0.32,0.0,1.884,-0.9033,0.1006,-0.006382,-0.2262,-0.311,-0.04742,0.0,-0.1361,0.02332,0.5874,0.0,-0.7715,0.04156,0.06665,0.0,0.0,0.05667,0.0,-0.1919,-0.5723,0.0,0.0,0.0,0.0,0.0,0.0,-0.5,-1.0,0.1912,-0.588,0.0,0.0,0.5,-0.5,0.0,0.0,0.0,0.0
0.0543,0.05383,0.05533,0.1506,-0.2039,-0.994,0.1868,-0.7495,0.03445,-0.11414,-0.01582,-3.871,-1.0,-0.6636,0.0,0.0,0.0438,0.1807,-0.2825,0.0,1.887,-0.5337,0.07904,0.02373,-0.02293,-0.31,0.07904,0.4312,-0.1934,0.0,-0.1279,-0.731,-0.1982,0.042,0.0661,0.0,0.0,0.05502,0.0,-0.1813,-0.06573,0.0,0.0,0.0,0.0,1.142,1.0,0.0,-0.5,-0.02791,-0.3967,1.0,0.0,0.5,-0.5,1.0,0.0,1.155,1.184
0.05487,0.05435,0.05588,-0.02455,-0.02798,-0.9873,0.1868,-0.773,0.2379,-0.0568,-0.02013,1.635,-0.857,-0.6533,0.0,0.0,-0.01358,0.12384,-0.248,0.0,1.889,-0.4775,0.0427,0.04004,0.1919,-0.3145,0.1653,0.3936,-0.2717,0.4312,0.02332,0.5874,-0.0702,0.04327,0.0658,0.0,0.0,0.05362,0.0,-0.1714,-0.2769,0.0,0.0,0.0,0.0,0.666,1.0,0.5,-0.5,-0.1908,-0.2211,2.0,0.0,0.5,-0.5,0.0,0.0,0.0,0.6855
0.0558,0.0553,0.0568,-0.1296,0.0798,-0.8438,0.1868,-0.8145,0.3608,-0.0168,-0.01707,0.525,-0.7144,-0.6436,0.0,0.0,-0.05542,0.087,-0.2236,0.0,1.892,-0.7744,-0.02072,0.03857,0.325,-0.3142,-0.02156,0.276,-0.334,0.3936,0.0,-0.1279,0.4219,0.0469,0.0655,0.0,0.0,0.0527,0.0,-0.1646,0.07355,0.0,0.0,0.0,0.0,0.4517,2.0,0.5,0.0,-0.3157,-0.1432,3.0,0.0,0.5,-0.5,0.0,0.0,0.0,0.462
0.0563,0.05582,0.0573,-0.01413,-0.03687,-0.8438,0.1868,-0.89,0.2239,-0.04926,-0.007664,-0.1725,-0.5713,-0.634,0.0,0.0,-0.03128,0.1273,-0.242,0.0,1.894,-0.9326,-0.0964,0.01831,0.2006,-0.3098,-0.0661,-0.2059,-0.4263,0.276,0.4312,0.02332,0.1746,0.04874,0.06506,0.0,0.0,0.0515,0.0,-0.1698,0.4585,0.0,0.0,0.0,0.0,-0.2886,1.0,0.0,0.0,-0.2073,-0.2585,0.0,1.0,0.5,-0.5,0.0,0.0,0.0,-0.2937
0.0565,0.056,0.0575,0.0809,-0.1328,-0.8438,0.1868,-0.859,0.0983,-0.0781,0.001986,-0.2634,-0.4285,-0.6235,0.0,0.0,-0.0007772,0.1539,-0.258,0.0,1.896,-0.1656,-0.1766,-0.02278,0.08185,-0.3047,-0.0266,-0.1837,-0.503,-0.2059,0.3933,0.0,0.0,0.0504,0.06433,0.0,0.0,0.05054,0.0,-0.1747,0.4675,0.0,0.0,0.0,0.0,-0.3894,1.0,0.0,0.0,-0.11255,-0.3472,0.0,2.0,0.5,-0.5,0.0,1.0,-0.8213,-0.3977
0.05634,0.05585,0.05737,0.1719,-0.2258,-0.8438,0.1868,-0.8413,-0.02821,-0.10803,0.01093,-0.5073,-0.2856,-0.614,0.0,0.0,0.02965,0.1831,-0.2754,0.0,1.899,-0.799,-0.2542,-0.0669,-0.03653,-0.3003,0.4543,-0.1958,-0.5176,-0.1837,0.276,0.4312,-0.731,0.0516,0.0632,0.0,0.0,0.05014,0.0,-0.1797,0.3704,0.0,0.0,0.0,0.0,-0.3105,0.0,0.0,0.0,-0.03842,-0.4517,0.0,3.0,0.5,-0.5,0.0,0.0,0.0,-0.318
0.0565,0.056,0.05753,0.09155,-0.1447,-0.8438,0.4946,-0.8794,0.03583,-0.0825,0.01741,0.951,-0.1428,-0.614,0.0,0.0,0.001608,0.1604,-0.2603,0.0,1.901,-0.661,-0.3318,-0.1174,0.032,-0.2974,0.156,0.1733,-0.512,-0.1958,-0.2059,0.3933,0.5874,0.05316,0.0622,0.0,0.0,0.05048,0.0,-0.1754,0.2494,0.0,0.0,0.0,0.0,0.2418,0.0,0.0,0.0,-0.1135,-0.371,1.0,0.0,0.5,-0.5,0.0,0.0,0.0,0.2485
0.05725,0.05676,0.05826,-0.0806,0.03075,-0.8438,0.4946,-0.8867,0.2052,-0.02293,0.02611,1.373,0.0,-0.614,0.0,0.0,-0.05606,0.10016,-0.2246,0.0,1.904,-0.913,-0.4016,-0.1747,0.2028,-0.2927,0.271,0.4033,-0.512,0.1733,-0.1837,0.276,-0.1279,0.0547,0.0611,0.0,0.0,0.05048,0.0,-0.1653,0.365,0.0,0.0,0.0,0.0,0.626,0.0,0.5,0.0,-0.2544,-0.1748,2.0,0.0,0.5,-0.5,0.0,0.0,0.0,0.6416
0.05777,0.05728,0.05878,-0.01525,-0.03564,-0.8438,0.4946,-0.94,0.1283,-0.03912,0.03366,-0.1202,0.1428,-0.614,0.0,0.0,-0.0454,0.1217,-0.2338,0.0,1.906,-0.912,-0.4668,-0.2426,0.1356,-0.2896,0.3257,-0.103,-0.5015,0.4033,-0.1958,-0.2059,0.0233,0.05505,0.06024,0.0,0.0,0.05072,0.0,-0.168,0.2903,0.0,0.0,0.0,0.0,-0.1714,0.0,0.0,0.0,-0.2255,-0.276,0.0,1.0,-0.5,-0.5,0.0,0.0,0.0,-0.1744
0.05908,0.0586,0.0601,-0.231,0.1825,-0.8438,0.4946,-0.949,0.3186,0.03925,0.0553,0.9995,0.2856,-0.614,0.0,0.0,-0.12036,0.04337,-0.187,0.0,1.909,-0.718,-0.4878,-0.31,0.3306,-0.278,0.3867,0.5273,-0.4634,-0.103,0.1733,-0.1837,0.0,0.05603,0.05948,0.0,0.0,0.052,0.0,-0.1547,1.094,1.0,0.0,0.0,0.0,0.9365,1.0,0.5,0.5,-0.4297,-0.06198,1.0,0.0,-0.5,-0.5,0.0,0.0,0.0,0.955
0.06113,0.06067,0.0621,-0.4307,0.3875,-0.8438,0.4946,-0.963,0.52,0.12054,0.0762,0.6523,0.4285,-0.614,0.0,0.0,-0.1971,-0.03613,-0.1383,0.0,1.911,-0.3606,-0.4636,-0.3691,0.5386,-0.267,0.215,0.5454,-0.4026,0.5273,0.4033,-0.1957,0.431,0.05875,0.0593,0.0,0.0,0.05392,0.0,-0.1406,1.087,1.0,0.0,0.0,0.0,0.936,2.0,0.5,0.5,-0.596,0.1636,2.0,0.0,-0.5,-0.5,0.0,0.0,0.0,0.946
0.06305,0.0626,0.064,-0.4058,0.363,-0.8228,0.8477,-0.969,0.4768,0.1295,0.0993,0.0686,0.5713,-0.614,0.0,0.0,-0.2081,-0.04196,-0.1322,0.0,1.914,-0.8765,-0.4053,-0.4094,0.497,-0.2534,0.0726,0.06757,-0.3616,0.5454,-0.10297,0.1732,0.3933,0.06207,0.05905,0.0,0.0,0.05594,0.0,-0.139,1.231,1.0,0.0,0.0,0.0,0.1062,2.0,0.5,1.0,-0.5713,0.1411,3.0,0.0,-0.5,-0.5,0.0,0.0,0.0,0.1064
0.06506,0.06464,0.06604,-0.4126,0.37,-0.7524,0.8477,-0.969,0.4636,0.1492,0.12415,0.11847,0.7144,-0.614,0.0,0.0,-0.2305,-0.05673,-0.12,0.0,1.917,-0.9326,-0.3364,-0.4263,0.4968,-0.241,-0.01797,0.135,-0.3113,0.06757,0.5273,0.403,0.276,0.06616,0.05908,0.0,0.0,0.05774,0.0,-0.1356,1.259,1.0,0.0,0.0,0.0,0.1508,2.0,0.5,1.0,-0.5713,0.1554,4.0,0.0,-0.5,-0.5,0.0,0.0,0.0,0.1509
0.0673,0.0669,0.0683,-0.486,0.4453,-0.6006,0.8477,-0.969,0.518,0.1926,0.1521,0.2465,0.857,-0.614,0.0,0.0,-0.2703,-0.0989,-0.09357,0.0,1.919,-0.8955,-0.2642,-0.4084,0.551,-0.2244,0.1847,0.2917,-0.2507,0.135,0.5454,-0.10297,-0.2059,0.07056,0.0592,0.0,0.0,0.05963,0.0,-0.128,1.323,1.0,0.0,0.0,0.0,0.451,3.0,1.0,1.5,-0.647,0.222,5.0,0.0,0.0,-0.5,0.0,0.0,0.0,0.45
0.069,0.06854,0.06995,-0.3254,0.2822,-0.6006,0.8477,-0.969,0.3337,0.1553,0.1724,-0.1766,0.857,-0.614,0.0,0.0,-0.2395,-0.059,-0.1149,0.0,1.922,-0.652,-0.1952,-0.369,0.3657,-0.2117,0.4048,-0.2346,-0.2201,0.2917,0.06757,0.5273,-0.1836,0.0734,0.05945,0.0,0.0,0.06134,0.0,-0.1343,0.9966,1.0,0.0,0.0,0.0,-0.3804,2.0,1.0,1.0,-0.5044,0.05188,0.0,1.0,0.0,-0.5,0.0,0.0,0.0,-0.378
0.07025,0.06976,0.0712,-0.2085,0.1636,-0.6006,0.915,-0.969,0.2031,0.128,0.1862,-0.176,0.857,-0.614,0.0,0.0,-0.216,-0.0307,-0.1301,0.0,1.924,-0.8916,-0.1431,-0.319,0.234,-0.2025,0.6284,-0.1682,-0.2423,-0.2346,0.135,0.5454,-0.1957,0.0761,0.0601,0.0,0.0,0.0635,0.0,-0.1388,0.709,0.0,0.0,0.0,0.0,-0.2832,1.0,1.0,0.5,-0.4004,-0.0718,0.0,2.0,0.0,-0.5,0.0,0.0,0.0,-0.2825
0.07153,0.0711,0.0725,-0.2291,0.1857,-0.6006,0.915,-0.969,0.223,0.1458,0.1984,0.2113,0.857,-0.614,0.0,0.0,-0.2284,-0.05212,-0.11896,0.0,1.927,-0.2437,-0.1037,-0.2688,0.2473,-0.1937,0.623,0.1237,-0.2401,-0.1682,0.2917,0.06757,0.1732,0.07794,0.0612,0.0,0.0,0.06525,0.0,-0.1356,0.647,0.0,0.0,0.0,0.0,0.2808,1.0,1.0,0.5,-0.4246,-0.0551,1.0,0.0,0.0,-0.5,0.0,0.0,0.0,0.2808
0.07184,0.0714,0.07275,0.06256,-0.1093,-0.6006,0.915,-0.969,-0.09406,0.05563,0.2068,-0.8857,0.857,-0.614,0.0,0.0,-0.1389,0.03036,-0.1718,0.0,1.93,-0.308,-0.07764,-0.2242,-0.0688,-0.1881,0.4714,-0.5835,-0.2717,0.1237,-0.2345,0.1349,0.403,0.077,0.06152,0.0,0.0,0.06665,0.0,-0.151,0.3337,0.0,0.0,0.0,0.0,-1.28,0.0,0.5,0.5,-0.1307,-0.325,0.0,1.0,0.0,-0.5,0.0,0.0,0.0,-1.278
0.07275,0.0723,0.0737,-0.1246,0.07855,-0.6006,0.915,-0.969,0.0733,0.122,0.2223,8.86,0.857,-0.614,0.0,0.0,-0.2041,-0.03152,-0.1322,0.0,1.932,-0.498,-0.05154,-0.1808,0.08,-0.1757,0.5737,0.442,-0.2998,-0.5835,-0.1682,0.2917,-0.10297,0.077,0.06232,0.0,0.0,0.0684,0.0,-0.1396,0.6543,0.0,0.0,0.0,0.0,0.8594,0.0,1.0,1.0,-0.2922,-0.12396,1.0,0.0,0.0,-0.5,0.0,0.0,0.0,0.866
0.07336,0.0729,0.0744,-0.0418,-0.007385,-0.6006,0.915,-0.969,-0.04465,0.1009,0.2388,-0.5435,0.857,-0.614,0.0,0.0,-0.1824,-0.01307,-0.1444,0.0,1.935,-0.4958,-0.0325,-0.1464,-0.03864,-0.1656,0.315,-0.135,-0.3447,0.442,0.12366,-0.2345,0.5273,0.0764,0.0634,0.0,0.0,0.07007,0.0,-0.1433,0.6978,0.0,0.0,0.0,0.0,-0.2369,0.0,0.5,1.0,-0.2157,-0.2102,0.0,1.0,0.0,-0.5,0.0,0.0,0.0,-0.237
0.07306,0.0726,0.0741,0.2236,-0.278,-0.6006,0.8643,-0.9546,-0.347,0.01457,0.2468,-4.562,0.7144,-0.614,-1.0,0.0,-0.09766,0.06866,-0.1952,0.0,1.937,-0.2725,-0.03244,-0.1203,-0.3345,-0.1615,0.0,-0.564,-0.3762,-0.135,-0.5835,-0.1681,0.5454,0.0737,0.06433,0.0,0.0,0.07086,0.0,-0.158,0.239,0.0,0.0,0.0,0.0,-0.942,0.0,0.0,0.5,0.04266,-0.4678,0.0,2.0,0.0,-0.5,0.0,0.0,0.0,-0.9443
0.07336,0.0729,0.07446,0.03906,-0.09235,-0.6006,0.8643,-0.9385,-0.1783,0.0745,0.255,-0.655,0.5713,-0.614,-1.0,0.0,-0.1523,0.0071,-0.1595,0.0,1.939,-0.478,-0.05017,-0.1065,-0.159,-0.1584,-0.0834,0.3984,-0.391,-0.564,0.442,0.12366,0.06757,0.0726,0.06555,0.0,0.0,0.07166,0.0,-0.1478,0.239,0.0,0.0,0.0,0.0,0.7275,0.0,0.0,0.5,-0.1143,-0.2664,1.0,0.0,0.0,-0.5,0.0,0.0,0.0,0.7363
0.0728,0.07227,0.07385,0.294,-0.3503,-0.6006,0.8643,-0.793,-0.459,-0.00969,0.258,5.008,0.4285,-0.614,-1.0,0.0,-0.06024,0.0777,-0.2094,0.0,1.942,0.606,-0.093,-0.10406,-0.4302,-0.1578,-0.1891,-0.554,-0.395,0.3984,-0.135,-0.5835,0.1349,0.0705,0.06616,0.0,0.0,0.07184,0.0,-0.1624,-0.00968,0.0,0.0,0.0,0.0,-1.545,0.0,-0.5,0.5,0.1265,-0.52,0.0,1.0,0.0,-0.5,0.0,0.0,0.0,-1.554
0.0731,0.0726,0.07416,0.05222,-0.106,-0.6006,0.8643,-0.797,-0.219,0.06793,0.2615,-0.6226,0.2856,-0.614,-1.0,0.0,-0.1335,6.12e-05,-0.1637,0.0,1.944,-0.6904,-0.1439,-0.10876,-0.1931,-0.1561,-0.4392,0.5137,-0.411,-0.554,-0.5635,0.442,0.2917,0.0693,0.067,0.0,0.0,0.0725,0.0,-0.1493,-0.01472,0.0,0.0,0.0,0.0,1.106,0.0,-0.5,0.5,-0.10175,-0.2798,1.0,0.0,0.0,-0.5,0.0,0.0,0.0,1.123
0.07355,0.073,0.0746,0.009796,-0.06354,-0.6006,0.8643,-0.846,-0.1578,0.08514,0.2595,-0.5034,0.1428,-0.614,-1.0,0.0,-0.1539,-0.01232,-0.1536,0.0,1.947,-0.8896,-0.2043,-0.1205,-0.1394,-0.1559,-0.338,0.11316,-0.4395,0.5137,0.3982,-0.1349,-0.2345,0.06976,0.06793,0.0,0.0,0.0735,0.0,-0.1465,-0.2255,0.0,0.0,0.0,0.0,0.1744,1.0,0.0,0.5,-0.139,-0.235,2.0,0.0,0.0,-0.5,0.0,0.0,0.0,0.1755
0.07324,0.07275,0.07434,0.2068,-0.262,-0.6006,0.8643,-0.792,-0.3398,0.02151,0.252,4.82,0.0,-0.614,-1.0,0.0,-0.0896,0.04608,-0.191,0.0,1.949,-0.3499,-0.2698,-0.1414,-0.3271,-0.1587,-0.2573,-0.418,-0.4878,0.11316,-0.5537,-0.5635,-0.1681,0.06824,0.069,0.0,0.0,0.0743,0.0,-0.1573,-0.4524,0.0,0.0,0.0,0.0,-0.9126,1.0,0.0,0.0,0.0601,-0.4158,0.0,1.0,0.0,-0.5,0.0,0.0,0.0,-0.9165
0.07227,0.0718,0.0733,0.4036,-0.459,-0.6006,0.775,-0.7466,-0.5186,-0.04672,0.238,1.015,-0.1428,-0.614,-1.0,0.0,-0.02084,0.11096,-0.2317,0.0,1.952,-0.604,-0.3418,-0.1738,-0.516,-0.1646,-0.3796,-0.455,-0.5103,-0.418,0.5137,0.3982,0.12366,0.0659,0.06946,0.0,0.0,0.0746,0.0,-0.1691,-0.697,0.0,0.0,0.0,0.0,-0.8247,0.0,-0.5,-0.5,0.2522,-0.6025,0.0,2.0,0.0,-0.5,0.0,0.0,0.0,-0.834
0.0708,0.0703,0.0718,0.5586,-0.6143,-0.6006,0.569,-0.7285,-0.646,-0.1061,0.2166,0.49,-0.2856,-0.614,-1.0,0.0,0.03784,0.1703,-0.2673,0.0,1.954,-0.769,-0.4026,-0.2174,-0.65,-0.1758,-0.0855,-0.4011,-0.4773,-0.455,0.11316,-0.5537,-0.5835,0.064,0.0698,0.0,0.0,0.07416,0.0,-0.1794,-0.9897,0.0,0.0,0.0,0.0,-0.8516,0.0,-0.5,-1.0,0.4055,-0.7476,0.0,3.0,0.0,-0.5,0.0,0.0,0.0,-0.8677
0.06903,0.06866,0.07,0.6284,-0.682,-0.6006,0.4443,-0.73,-0.6963,-0.1405,0.1959,0.2467,-0.4285,-0.614,-1.0,0.0,0.07117,0.2063,-0.2886,0.0,1.957,-0.5635,-0.4453,-0.2725,-0.7207,-0.1844,-0.4333,-0.2423,-0.4338,-0.4011,-0.4177,0.513,0.4417,0.06064,0.07,0.0,0.0,0.07367,0.0,-0.1857,-0.9897,0.0,0.0,0.0,0.0,-0.3667,-1.0,-1.0,-1.0,0.4739,-0.8115,0.0,4.0,0.0,-0.5,0.0,0.0,0.0,-0.3765
0.06696,0.0666,0.0678,0.7397,-0.792,-0.6006,0.2656,-0.7256,-0.791,-0.1904,0.1732,0.322,-0.5713,-0.614,-1.0,0.0,0.12067,0.2583,-0.319,0.0,1.96,-0.7466,-0.452,-0.3267,-0.809,-0.1993,-0.4578,-0.3477,-0.3555,-0.2423,-0.4548,0.1131,-0.1349,0.05777,0.07,0.0,0.0,0.07245,0.0,-0.1946,-1.034,0.0,0.0,0.0,0.0,-0.8604,-2.0,-1.0,-1.0,0.5894,-0.9087,0.0,5.0,0.0,0.0,0.0,0.0,0.0,-0.886
0.0635,0.0633,0.0643,1.141,-1.188,-0.6006,-0.2433,-0.607,-1.157,-0.3345,0.1388,0.7373,-0.7144,-0.614,-1.0,0.0,0.2756,0.4014,-0.4055,0.0,1.962,0.907,-0.3872,-0.3682,-1.155,-0.2234,-0.222,-0.9907,-0.215,-0.3477,-0.4011,-0.4177,-0.5635,0.0514,0.0692,0.0,0.0,0.06995,0.0,-0.2195,-1.311,0.0,1.0,0.0,0.0,-2.781,-2.0,-1.0,-1.5,0.983,-1.282,0.0,5.617,0.0,0.5,0.0,0.0,0.0,-2.883
0.0599,0.0598,0.06055,1.195,-1.237,-0.6006,-0.4077,-0.6196,-1.209,-0.3784,0.1079,0.198,-0.857,-0.614,-1.0,0.0,0.3196,0.4507,-0.4329,0.0,1.965,-0.507,-0.2693,-0.3716,-1.167,-0.2502,-0.6226,-0.3198,-0.0924,-0.9907,-0.2423,-0.4548,0.3982,0.04407,0.0681,0.0,0.0,0.06714,0.0,-0.2275,-1.259,0.0,1.0,0.0,0.0,-0.913,-2.0,-1.5,-1.5,1.025,-1.341,0.0,5.617,0.0,1.0,0.0,0.0,0.0,-0.9624
0.0568,0.0568,0.05737,1.049,-1.085,-0.6006,-0.4077,-0.568,-1.047,-0.3599,0.0734,-0.01971,-1.0,-0.614,-1.0,0.0,0.3052,0.4255,-0.4238,0.0,1.967,0.1635,-0.1257,-0.3274,-0.9746,-0.2778,-0.4636,0.10724,-0.01613,-0.3198,-0.3474,-0.401,-0.5537,0.03793,0.06683,0.0,0.0,0.06433,0.0,-0.225,-1.467,0.0,1.0,0.0,0.0,0.306,-1.0,-1.0,-1.5,0.884,-1.192,1.0,0.0,0.0,1.0,0.0,0.0,0.0,0.324
0.05127,0.0515,0.05157,1.818,-1.848,-1.073,-0.4077,-0.3818,-1.743,-0.618,0.02132,0.962,-1.143,-0.6235,-1.0,-1.0,0.595,0.6997,-0.578,0.0,1.97,1.17,0.06635,-0.2162,-1.594,-0.3232,-0.939,-1.808,0.1631,0.10724,-0.99,-0.2422,0.513,0.02884,0.06476,0.0,0.0,0.0598,0.0,-0.2695,-1.673,0.0,1.0,0.0,0.0,-8.15,-1.0,-1.5,-1.5,1.667,-1.882,0.0,1.0,0.0,1.0,0.0,0.0,0.0,-5.477
0.0489,0.0493,0.04904,0.853,-0.8623,-0.4841,-0.4077,-0.2137,-0.822,-0.3647,-0.006924,-0.4775,-1.143,-0.6235,-1.0,0.0,0.3418,0.397,-0.43,0.0,1.973,2.215,0.245,-0.09106,-0.617,-0.352,-1.304,1.79,0.1855,-1.808,-0.3198,-0.3474,0.1131,0.02457,0.0637,0.0,0.0,0.0569,0.0,-0.2272,-0.8574,0.0,0.0,0.0,0.0,7.266,0.0,-1.5,-1.0,0.824,-0.838,1.0,0.0,0.0,1.0,0.0,0.0,0.0,5.766
0.04285,0.0436,0.0426,2.02,-2.018,-0.4841,-0.4077,0.1718,-1.874,-0.735,-0.0658,1.775,-1.143,-0.634,-1.0,-1.0,0.7734,0.7847,-0.6504,0.0,1.975,2.865,0.442,0.05942,-1.625,-0.3955,-1.233,-2.514,0.363,1.79,0.1072,-0.99,-0.4177,0.01506,0.06137,0.0,0.0,0.05206,0.0,-0.2908,-1.34,0.0,1.0,0.0,0.0,-8.15,0.0,-1.5,-1.5,2.025,-1.865,0.0,1.0,0.0,1.0,0.0,0.0,0.0,-5.477
0.03824,0.03925,0.03778,1.5625,-1.54,-0.4841,-0.4077,0.3396,-1.437,-0.645,-0.11237,-0.1296,-1.143,-0.6436,-1.0,-1.0,0.689,0.6626,-0.5996,0.0,1.978,2.904,0.661,0.2343,-1.07,-0.446,-1.2705,0.622,0.4412,-2.514,-1.808,-0.3198,-0.4548,0.00769,0.05927,0.0,0.0,0.04758,0.0,-0.2764,-1.092,0.0,1.0,0.0,0.0,3.426,1.0,-1.0,-1.0,1.591,-1.397,1.0,0.0,0.0,1.0,0.0,0.0,0.0,3.793
0.0311,0.03247,0.03026,2.428,-2.39,-0.4841,-0.4077,0.604,-2.172,-0.9287,-0.1852,0.753,-1.143,-0.6533,-1.0,-1.0,1.034,0.9814,-0.769,0.0,1.9795,1.755,0.8633,0.4087,-1.832,-0.485,-1.279,-2.057,0.644,0.622,1.79,0.1072,-0.401,-0.001869,0.05588,0.0,0.0,0.04202,0.0,-0.3252,-1.442,0.0,1.0,0.0,0.0,-7.99,0.0,-1.0,-1.5,2.508,-2.125,0.0,1.0,0.0,1.0,0.0,0.0,0.0,-5.477
0.02911,0.03064,0.02809,0.784,-0.7207,0.238,-0.4077,0.888,-0.577,-0.496,-0.2289,-0.7075,-1.143,-0.6636,-1.0,-1.0,0.5776,0.438,-0.516,0.0,1.982,3.135,1.012,0.558,-0.2666,-0.5063,-1.483,2.549,0.6255,-2.057,-2.514,-1.807,-0.2422,-0.00406,0.05414,0.0,0.0,0.03845,0.0,-0.2527,-0.7715,0.0,0.0,0.0,0.0,7.266,1.0,-0.5,-1.5,1.078,-0.3506,1.0,0.0,0.0,1.0,0.0,0.0,0.0,5.766
0.02776,0.02916,0.02689,0.588,-0.5312,0.3958,-0.4077,0.95,-0.3086,-0.4512,-0.2656,-0.4946,-1.143,-0.6733,-1.0,-1.0,0.5356,0.3813,-0.4907,0.0,1.984,0.5737,1.1045,0.679,-0.03702,-0.521,-1.429,0.3027,0.5894,2.549,0.622,1.79,-0.3474,-0.00582,0.05225,0.0,0.0,0.03525,0.0,-0.2455,-0.6665,0.0,0.0,0.0,0.0,0.8784,1.0,0.0,-1.0,0.886,-0.1711,2.0,0.0,0.0,1.0,0.0,0.0,0.0,0.946
0.02704,0.02827,0.02634,0.3943,-0.3462,0.572,-0.4077,0.969,-0.04865,-0.4011,-0.2937,-1.331,-1.0,-0.6733,0.0,0.0,0.4854,0.324,-0.4624,0.0,1.987,-0.1628,1.141,0.7725,0.1794,-0.5303,-0.9395,0.3374,0.5586,0.3027,-2.057,-2.514,-0.99,-0.002777,0.05023,0.0,0.0,0.03275,0.0,-0.2374,-0.5483,0.0,0.0,0.0,0.0,0.6797,2.0,0.5,-0.5,0.7026,0.00973,3.0,0.0,0.0,1.0,0.0,0.0,0.0,0.7285
0.02669,0.02782,0.02608,0.286,-0.2433,0.6714,-0.4077,1.068,0.1203,-0.3726,-0.3157,2.93,-0.857,-0.6733,0.0,0.0,0.4646,0.2827,-0.446,0.0,1.99,0.4758,1.131,0.8413,0.3232,-0.539,-0.7856,0.1918,0.4978,0.3374,2.547,0.622,-0.3198,-0.003204,0.04828,0.0,0.0,0.03009,0.0,-0.2328,-0.4612,0.0,0.0,0.0,0.0,0.405,2.0,1.0,0.0,0.5996,0.1099,4.0,0.0,0.0,1.0,0.0,0.0,0.0,0.4316
0.0265,0.0275,0.02603,0.2291,-0.1948,0.721,-0.4077,1.112,0.2302,-0.3582,-0.3345,0.6553,-0.7144,-0.6636,0.0,0.0,0.4539,0.263,-0.438,0.0,1.992,0.007504,1.065,0.885,0.4004,-0.5444,-0.86,0.0956,0.4517,0.1918,0.3027,-2.057,0.1072,0.002377,0.0463,0.0,0.0,0.02797,0.0,-0.2306,-0.4106,0.0,0.0,0.0,0.0,0.1398,3.0,1.0,0.5,0.536,0.1466,5.0,0.0,0.0,1.0,0.0,0.0,0.0,0.1486
0.02403,0.02498,0.0236,0.916,-0.8916,0.721,-0.4077,1.41,-0.4248,-0.5776,-0.3647,-1.9375,-0.7144,-0.6636,-1.0,-1.0,0.7114,0.4814,-0.568,0.0,1.995,0.9673,0.9624,0.909,-0.2812,-0.557,0.2228,-1.526,0.3938,0.0956,0.3374,2.547,-1.807,0.003204,0.04337,0.0,0.0,0.02422,0.0,-0.268,-0.5586,0.0,0.0,0.0,0.0,-4.48,2.0,1.0,0.5,1.222,-0.4978,0.0,1.0,0.0,1.0,0.0,0.0,0.0,-4.754
0.02217,0.02303,0.02185,0.7266,-0.706,0.721,-0.4077,1.332,-0.2413,-0.5396,-0.381,-0.507,-0.7144,-0.6733,-1.0,-1.0,0.6636,0.445,-0.547,0.0,1.997,0.2686,0.83,0.911,-0.101,-0.567,-0.8193,0.257,0.2961,-1.526,0.1917,0.3027,1.789,0.009056,0.04068,0.0,0.0,0.02055,0.0,-0.262,-0.3887,0.0,0.0,0.0,0.0,0.692,2.0,1.0,1.0,1.042,-0.3171,1.0,0.0,0.0,1.0,0.0,0.0,0.0,0.753
0.02104,0.02187,0.02074,0.5093,-0.4883,0.721,-0.4077,1.358,-0.02788,-0.4866,-0.3904,-1.712,-0.5713,-0.6733,0.0,-1.0,0.6094,0.382,-0.516,0.0,2.0,-0.2307,0.6675,0.889,0.10205,-0.5713,0.6577,0.3655,0.1943,0.257,0.0955,0.3372,-2.514,0.009056,0.03827,0.0,0.0,0.01753,0.0,-0.2534,-0.2854,0.0,0.0,0.0,0.0,0.7974,2.0,1.5,1.5,0.849,-0.0891,2.0,0.0,0.0,1.0,0.0,0.0,0.0,0.8643
0.02203,0.0229,0.0217,-0.11993,0.1498,0.721,-0.4077,1.3125,0.6357,-0.2908,-0.3872,8.484,-0.4285,-0.6636,0.0,0.0,0.4033,0.1703,-0.4014,0.0,2.002,0.491,0.47,0.8413,0.773,-0.572,0.393,1.368,0.1094,0.3655,-1.526,0.1917,0.622,0.011406,0.03653,0.0,0.0,0.01596,0.0,-0.2205,-0.1009,0.0,0.0,0.0,0.0,3.129,2.0,1.5,1.5,0.2222,0.5024,3.0,0.0,0.0,1.0,0.0,0.0,0.0,3.371
0.02403,0.02501,0.02357,-0.396,0.4355,0.721,-0.4077,1.188,0.89,-0.1877,-0.3572,0.5146,-0.2856,-0.6533,0.0,0.0,0.2893,0.07214,-0.3403,0.0,2.006,0.0906,0.278,0.7686,1.097,-0.5664,1.733,0.7104,0.0654,1.368,0.2568,0.0955,-2.055,0.01461,0.03546,0.0,0.0,0.015274,0.0,-0.203,0.2805,0.0,0.0,0.0,0.0,1.464,2.0,1.5,2.0,-0.0986,0.718,4.0,0.0,0.0,1.0,0.0,0.0,0.0,1.541
0.02373,0.02463,0.02335,0.2634,-0.2349,0.721,-0.4077,1.148,0.2081,-0.39,-0.3608,-0.601,-0.1428,-0.6436,0.0,0.0,0.4897,0.2942,-0.4592,0.0,2.008,0.948,0.06256,0.672,0.4243,-0.57,0.2473,-1.369,-0.003933,0.7104,0.3655,-1.525,2.547,0.01426,0.03345,0.0,0.0,0.01369,0.0,-0.2373,-0.1906,0.0,0.0,0.0,0.0,-2.736,2.0,1.5,1.5,0.4688,-0.001261,0.0,1.0,0.0,1.0,0.0,0.0,0.0,-2.848
0.02382,0.02458,0.02359,0.1392,-0.1187,0.721,-0.4077,0.988,0.2432,-0.3535,-0.3335,0.2617,0.0,-0.634,0.0,0.0,0.438,0.2695,-0.438,0.0,2.01,1.194,-0.145,0.548,0.4878,-0.5596,0.10785,0.2515,-0.0572,-1.369,1.368,0.2568,0.3027,0.01426,0.03162,0.0,0.0,0.01258,0.0,-0.2312,0.3171,0.0,0.0,0.0,0.0,0.6094,2.0,1.5,2.0,0.337,0.097,1.0,0.0,0.0,1.0,0.0,0.0,0.0,0.649
0.02582,0.02654,0.02563,-0.4058,0.4292,0.721,-0.4077,0.712,0.7554,-0.1716,-0.3,1.711,0.1428,-0.6235,0.0,0.0,0.2307,0.10077,-0.3303,0.0,2.012,-0.1796,-0.2896,0.4023,0.9497,-0.5312,-0.05606,1.264,-0.01967,0.2515,0.7104,0.3655,0.3372,0.02051,0.03078,0.0,0.0,0.01328,0.0,-0.2003,0.4094,0.0,0.0,0.0,0.0,1.711,2.0,1.5,2.0,-0.2178,0.592,2.0,0.0,0.0,1.0,1.0,0.0,4.234,1.815
0.02858,0.02896,0.02872,-0.6265,0.6323,0.721,-0.1041,0.6074,0.857,-0.0828,-0.2395,0.271,0.2856,-0.614,0.0,0.0,0.135,0.01837,-0.2764,0.0,2.016,0.6006,-0.3071,0.2435,1.036,-0.4932,-0.07764,0.619,0.05743,1.264,-1.369,1.368,0.1917,0.02762,0.03006,0.0,0.0,0.01473,0.0,-0.1849,0.9805,1.0,0.0,0.0,0.0,1.341,2.0,1.5,2.0,-0.538,0.67,3.0,0.0,0.0,1.0,0.0,0.0,0.0,1.393
0.03247,0.03293,0.03253,-0.927,0.9404,0.721,-0.1041,0.2484,1.171,0.04623,-0.2025,0.4978,0.4285,-0.604,0.0,0.0,-0.0197,-0.07837,-0.1982,0.0,2.018,-0.1647,-0.1853,0.08923,1.24,-0.4512,-0.01509,0.89,0.1823,0.619,0.2515,0.71,0.0955,0.03598,0.03012,0.0,0.0,0.01683,0.0,-0.1627,0.7383,0.0,0.0,0.0,0.0,2.861,2.0,1.5,2.0,-0.794,1.002,4.0,0.0,0.0,1.0,0.0,0.0,0.0,2.941
0.03494,0.03546,0.03497,-0.542,0.555,0.721,-0.1041,0.2527,0.7397,-0.0561,-0.1763,-0.2249,0.5713,-0.594,0.0,0.0,0.0775,0.02487,-0.256,0.0,2.02,0.252,-0.03925,-0.01932,0.793,-0.4304,1.074,-0.6494,0.2288,0.89,1.264,-1.368,-1.525,0.0398,0.02956,0.0,0.0,0.01982,0.0,-0.1794,0.4841,0.0,0.0,0.0,0.0,-1.376,2.0,1.5,2.0,-0.4163,0.64,0.0,1.0,0.0,1.0,0.0,0.0,0.0,-1.394
0.03558,0.0361,0.03558,-0.02036,0.02837,0.721,-0.1041,0.3137,0.1692,-0.2144,-0.1644,-0.589,0.5713,-0.584,0.0,0.0,0.2373,0.1841,-0.3477,0.0,2.023,-0.27,0.0842,-0.0971,0.2262,-0.4219,1.145,-1.036,0.2448,-0.6494,0.6187,0.2515,0.2568,0.0396,0.02835,0.0,0.0,0.02058,0.0,-0.2058,0.1456,0.0,0.0,0.0,0.0,-1.653,1.0,1.0,1.5,0.12213,0.1715,0.0,2.0,0.0,1.0,0.0,1.0,-3.535,-1.693
0.03662,0.03717,0.03656,-0.1293,0.1421,0.721,0.1666,0.4058,0.2632,-0.1744,-0.1517,0.505,0.5713,-0.574,0.0,0.0,0.206,0.133,-0.3223,0.0,2.025,1.591,0.1831,-0.1188,0.3376,-0.416,1.069,0.293,0.2037,-1.036,0.8896,1.264,0.3655,0.0432,0.02753,0.0,0.0,0.02364,0.0,-0.1986,0.1652,0.0,0.0,0.0,0.0,0.696,1.0,1.0,1.5,0.0271,0.2917,1.0,0.0,0.0,1.0,0.0,0.0,0.0,0.7246
0.03934,0.04004,0.03918,-0.6035,0.6274,0.721,0.1666,0.396,0.757,-0.00465,-0.1282,1.574,0.5713,-0.5645,0.0,0.0,0.0414,-0.04123,-0.2195,0.0,2.027,-0.08264,0.2708,-0.08295,0.8477,-0.4038,0.3945,1.178,0.2234,0.293,-0.649,0.6187,1.368,0.04895,0.0276,0.0,0.0,0.02718,0.0,-0.1692,0.3462,0.0,0.0,0.0,0.0,2.275,1.0,1.0,1.5,-0.4429,0.745,2.0,0.0,0.0,1.0,1.0,0.0,4.234,2.36
0.04028,0.04074,0.04034,-0.1067,0.11206,0.721,0.3574,0.2913,0.153,-0.1567,-0.0983,-0.6167,0.7144,-0.5547,0.0,0.0,0.1785,0.1254,-0.307,0.0,2.031,-0.2477,0.3604,-0.00932,0.2095,-0.3777,0.092,-0.9834,0.02148,1.178,-1.036,0.8896,0.71,0.04956,0.02736,0.0,0.0,0.03146,0.0,-0.1945,0.466,0.0,0.0,0.0,0.0,-2.682,0.0,0.5,1.5,0.0729,0.2888,0.0,1.0,0.0,1.0,0.0,0.0,0.0,-2.727
0.0393,0.03964,0.03952,0.439,-0.4478,0.721,0.11475,0.3618,-0.4832,-0.3337,-0.08386,-2.459,0.7144,-0.5444,-1.0,0.0,0.3618,0.308,-0.4094,0.0,2.033,-0.000513,0.4238,0.0678,-0.4463,-0.3628,0.9565,-1.174,-0.00711,-0.9834,0.293,-0.649,-1.368,0.04605,0.02661,0.0,0.0,0.03247,0.0,-0.224,0.155,0.0,0.0,0.0,0.0,-3.14,0.0,0.5,1.0,0.6387,-0.2064,0.0,2.0,0.0,1.0,0.0,1.0,-3.336,-3.248
0.03857,0.03876,0.0389,0.3657,-0.3818,0.721,0.11475,0.355,-0.483,-0.3232,-0.0723,0.1425,0.5713,-0.5347,-1.0,0.0,0.3503,0.2969,-0.4014,0.0,2.035,-0.002787,0.4473,0.1333,-0.4297,-0.3574,0.841,0.09485,-0.0277,-1.174,1.178,-1.036,0.2515,0.0407,0.0261,0.0,0.0,0.0333,0.0,-0.2218,0.1127,0.0,0.0,0.0,0.0,0.205,1.0,0.5,1.0,0.5083,-0.2083,1.0,0.0,0.0,1.0,0.0,0.0,0.0,0.2162
0.03802,0.03818,0.0384,0.3074,-0.325,0.721,0.11475,0.2542,-0.4458,-0.3145,-0.0748,0.03174,0.4285,-0.525,-1.0,0.0,0.3323,0.297,-0.3943,0.0,2.037,-0.6094,0.4329,0.1862,-0.4128,-0.353,0.1049,0.0829,-0.03998,0.09485,-0.9834,0.2927,1.264,0.03708,0.02617,0.0,0.0,0.03394,0.0,-0.2198,-0.1202,0.0,0.0,0.0,0.0,0.1418,1.0,0.5,1.0,0.4219,-0.187,2.0,0.0,0.0,1.0,0.0,0.0,0.0,0.1494
0.03815,0.03833,0.03848,0.11584,-0.1298,0.721,0.11475,0.305,-0.2429,-0.2598,-0.0814,-0.53,0.2856,-0.5146,-1.0,0.0,0.2817,0.2333,-0.3596,0.0,2.041,0.839,0.382,0.223,-0.219,-0.3533,-0.3213,0.402,-0.04834,0.0829,-1.174,1.177,0.6187,0.03677,0.02663,0.0,0.0,0.03473,0.0,-0.21,-0.1858,0.0,0.0,0.0,0.0,0.8228,1.0,0.5,1.0,0.1886,-0.05194,3.0,0.0,0.0,1.0,0.0,0.0,0.0,0.8647
0.03894,0.039,0.0394,-0.0749,0.05542,0.159,0.11475,0.1696,-0.0861,-0.2003,-0.0681,-1.203,0.2856,-0.505,0.0,0.0,0.2104,0.183,-0.3223,0.0,2.043,-0.4482,0.2795,0.2499,-0.0427,-0.3472,-0.9336,0.4346,-0.05136,0.402,0.09485,-0.983,0.8896,0.03677,0.02725,0.0,0.0,0.0358,0.0,-0.1993,0.2404,0.0,0.0,0.0,0.0,0.869,2.0,0.5,1.5,0.02135,0.1439,4.0,0.0,0.0,1.0,0.0,0.0,0.0,0.908
0.04123,0.0412,0.04175,-0.4978,0.4792,0.159,0.11475,0.02965,0.334,-0.05356,-0.0464,14.88,0.2856,-0.495,0.0,0.0,0.05518,0.04364,-0.2328,0.0,2.045,-0.1101,0.1547,0.2705,0.3467,-0.3274,-0.612,1.026,-0.10455,0.4346,0.0829,-1.174,-0.649,0.03644,0.0294,0.0,0.0,0.0389,0.0,-0.1737,0.3843,0.0,0.0,0.0,0.0,3.125,3.0,1.0,1.5,-0.3887,0.549,5.0,0.0,0.0,1.0,0.0,0.0,0.0,3.24
0.04297,0.04294,0.0435,-0.347,0.327,0.159,0.11475,0.006405,0.199,-0.08844,-0.0402,-0.1866,0.2856,-0.485,0.0,0.0,0.0866,0.0817,-0.251,0.0,2.049,-0.1365,0.02574,0.2717,0.2183,-0.3225,0.05176,-0.2063,-0.1748,1.026,0.4019,0.09485,-1.036,0.0379,0.0305,0.0,0.0,0.0417,0.0,-0.1791,0.0867,0.0,0.0,0.0,0.0,-0.4287,2.0,1.0,1.0,-0.268,0.3755,0.0,1.0,0.0,1.0,0.0,0.0,0.0,-0.437
0.04596,0.046,0.04642,-0.6816,0.67,0.159,0.11475,-0.03708,0.6006,0.0407,-0.03165,1.546,0.2856,-0.4753,0.0,0.0,-0.04007,-0.04547,-0.1718,0.0,2.05,0.2407,-0.064,0.2578,0.605,-0.3127,-0.05966,0.8975,-0.1974,-0.2063,0.4346,0.0828,0.2927,0.04413,0.03348,0.0,0.0,0.04486,0.0,-0.1565,0.1493,0.0,0.0,0.0,0.0,2.05,2.0,1.0,1.0,-0.587,0.7095,1.0,0.0,0.0,1.0,0.0,0.0,0.0,2.098
0.04678,0.0468,0.04727,-0.0924,0.0727,0.159,0.11475,0.0965,0.04572,-0.1405,-0.04614,-0.7075,0.2856,-0.4653,0.0,0.0,0.1451,0.1271,-0.2764,0.0,2.053,0.9893,-0.1122,0.2208,0.0411,-0.3157,-0.679,-1.167,-0.2098,0.8975,1.025,0.4019,1.177,0.04742,0.0355,0.0,0.0,0.04605,0.0,-0.1866,-0.3452,0.0,0.0,0.0,0.0,-2.768,1.0,0.5,0.5,-0.002522,0.153,0.0,1.0,0.0,1.0,0.0,0.0,0.0,-2.79
0.04565,0.04575,0.0461,0.4744,-0.4978,0.159,0.0,0.2393,-0.5024,-0.324,-0.066,-3.596,0.1428,-0.4556,-1.0,0.0,0.3408,0.309,-0.383,0.0,2.055,0.2144,-0.1672,0.1587,-0.465,-0.3318,-0.1013,-1.214,-0.2003,-1.167,-0.2063,0.4343,-0.983,0.04773,0.03787,0.0,0.0,0.04565,0.0,-0.2174,-0.4563,0.0,0.0,0.0,0.0,-4.656,0.0,0.5,0.5,0.542,-0.398,0.0,2.0,0.0,1.0,0.0,1.0,-3.82,-4.785
0.04514,0.04523,0.04556,0.3018,-0.3232,0.159,0.0,0.2118,-0.3452,-0.2815,-0.0709,-0.3025,0.0,-0.4456,-1.0,0.0,0.2952,0.2656,-0.3557,0.0,2.059,-0.126,-0.2328,0.0652,-0.2913,-0.3357,0.571,0.3186,-0.2498,-1.214,0.897,1.025,-1.174,0.04782,0.03888,0.0,0.0,0.0466,0.0,-0.2097,-0.1594,0.0,0.0,0.0,0.0,0.9756,0.0,1.0,1.0,0.3801,-0.225,1.0,0.0,0.0,1.0,0.0,0.0,0.0,1.023
0.04428,0.04434,0.04474,0.3962,-0.4204,0.159,0.0,0.0982,-0.4434,-0.3206,-0.0813,0.611,-0.1428,-0.4355,-1.0,0.0,0.3247,0.3188,-0.377,0.0,2.06,0.2441,-0.3152,-0.04907,-0.4075,-0.3362,0.5513,-0.2465,-0.2825,0.3186,-1.167,-0.2063,0.09485,0.0464,0.03958,0.0,0.0,0.04718,0.0,-0.216,-0.2866,0.0,0.0,0.0,0.0,-0.7344,0.0,0.5,0.5,0.4214,-0.3728,0.0,1.0,0.0,1.0,0.0,0.0,0.0,-0.7666
0.0443,0.0443,0.04483,0.1371,-0.1611,0.159,0.0,0.0894,-0.1414,-0.2466,-0.099,-0.866,-0.2856,-0.4258,-1.0,0.0,0.2493,0.2399,-0.3313,0.0,2.062,0.512,-0.4026,-0.1642,-0.12054,-0.3423,0.518,0.5303,-0.2822,-0.2465,-1.214,0.897,0.0828,0.0438,0.0404,0.0,0.0,0.04715,0.0,-0.203,-0.4636,0.0,0.0,0.0,0.0,1.257,0.0,0.5,0.5,0.153,-0.1437,1.0,0.0,0.0,1.0,0.0,0.0,0.0,1.317
0.04382,0.04385,0.0443,0.2888,-0.3137,0.159,0.0,0.1338,-0.286,-0.2993,-0.1091,6.2,-0.4285,-0.4158,-1.0,0.0,0.3062,0.2922,-0.3608,0.0,2.066,0.3337,-0.4446,-0.2578,-0.2646,-0.346,0.3184,-0.3386,-0.279,0.5303,0.3184,-1.167,0.4019,0.04092,0.04092,0.0,0.0,0.0464,0.0,-0.2115,-0.3074,0.0,0.0,0.0,0.0,-0.599,0.0,0.0,0.5,0.2515,-0.3423,0.0,1.0,0.0,1.0,0.0,0.0,0.0,-0.622
0.04504,0.04507,0.04556,-0.2062,0.1863,-0.3538,0.0,0.1183,0.1941,-0.1416,-0.094,-2.941,-0.2856,-0.406,0.0,0.0,0.1482,0.1261,-0.2651,0.0,2.068,0.2085,-0.4663,-0.3142,0.2189,-0.337,0.05176,1.1045,-0.312,-0.3386,-0.2463,-1.213,0.4343,0.03845,0.042,0.0,0.0,0.04575,0.0,-0.1842,0.3223,0.0,0.0,0.0,0.0,2.46,1.0,0.0,1.0,-0.1628,0.207,1.0,0.0,0.0,1.0,0.0,0.0,0.0,2.57
0.04492,0.0449,0.04544,0.1887,-0.215,-0.3538,0.0,0.1774,-0.2375,-0.2659,-0.0885,-1.388,-0.2856,-0.396,-1.0,0.0,0.2764,0.2522,-0.3374,0.0,2.07,0.31,-0.482,-0.3562,-0.2306,-0.3281,-0.5405,-0.819,-0.3232,1.1045,0.5303,0.3184,1.025,0.03687,0.04343,0.0,0.0,0.04498,0.0,-0.205,0.04953,0.0,0.0,0.0,0.0,-2.06,0.0,-0.5,0.5,0.2499,-0.1443,0.0,1.0,0.0,1.0,0.0,0.0,0.0,-2.113
0.043,0.0431,0.04343,0.71,-0.736,-0.3538,0.0,0.375,-0.786,-0.4368,-0.0956,5.055,-0.2856,-0.3862,-1.0,0.0,0.4692,0.4204,-0.438,0.0,2.072,1.131,-0.4968,-0.4023,-0.776,-0.3308,-0.485,-1.158,-0.286,-0.819,-0.3386,-0.2463,-0.2062,0.0354,0.0441,0.0,0.0,0.04416,0.0,-0.234,-0.2512,0.0,0.0,0.0,0.0,-3.926,0.0,-0.5,0.0,0.781,-0.614,0.0,2.0,0.0,1.0,0.0,0.0,0.0,-4.082
0.04187,0.04202,0.04227,0.471,-0.492,-0.3538,0.0,0.3867,-0.569,-0.3787,-0.10297,-0.2118,-0.2856,-0.3762,-1.0,0.0,0.41,0.3547,-0.4023,0.0,2.076,1.177,-0.5146,-0.4587,-0.532,-0.3394,-1.178,0.4175,-0.27,-1.158,1.104,0.5303,0.897,0.03418,0.04483,0.0,0.0,0.0434,0.0,-0.224,-0.2485,0.0,0.0,0.0,0.0,1.329,0.0,-0.5,0.0,0.553,-0.3765,1.0,0.0,0.0,1.0,0.0,0.0,0.0,1.409
0.042,0.04214,0.04236,0.1223,-0.1381,-0.3538,0.0,0.4143,-0.2128,-0.2766,-0.108,-0.718,-0.4285,-0.3665,-1.0,0.0,0.3086,0.2411,-0.3403,0.0,2.078,0.185,-0.5215,-0.515,-0.1735,-0.3418,-0.601,0.722,-0.3071,0.4175,-0.819,-0.3386,-1.167,0.03516,0.0452,0.0,0.0,0.0423,0.0,-0.2063,-0.1837,0.0,0.0,0.0,0.0,1.555,1.0,0.0,0.0,0.2059,-0.0479,2.0,0.0,0.0,1.0,0.0,0.0,0.0,1.637
0.0422,0.0423,0.04263,0.087,-0.10614,-0.3538,0.0,0.3787,-0.1323,-0.2676,-0.12384,-0.7607,-0.5713,-0.3564,-1.0,0.0,0.2961,0.2346,-0.3333,0.0,2.08,-0.399,-0.5083,-0.54,-0.09094,-0.3496,0.1085,0.0819,-0.3098,0.722,-1.157,1.104,-1.213,0.0351,0.04523,0.0,0.0,0.04205,0.0,-0.2046,-0.418,0.0,0.0,0.0,0.0,0.625,1.0,0.5,0.0,0.1675,-0.02216,3.0,0.0,0.0,1.0,0.0,0.0,0.0,0.6504
0.04303,0.04306,0.0435,-0.0872,0.0679,-0.3538,0.0,0.3555,0.08716,-0.2108,-0.1332,-13.86,-0.5713,-0.3464,0.0,0.0,0.2375,0.1764,-0.2979,0.0,2.084,-0.484,-0.5117,-0.5522,0.0706,-0.343,-0.05032,0.409,-0.3228,0.0819,0.4172,-0.8184,0.3184,0.03674,0.04623,0.0,0.0,0.0431,0.0,-0.1948,-0.2651,0.0,0.0,0.0,0.0,3.531,2.0,0.5,0.5,-0.0227,0.121,4.0,0.0,0.0,1.0,1.0,0.0,1.718,3.67
0.04572,0.04575,0.04623,-0.6084,0.5933,0.092,0.0,0.29,0.7183,-0.02876,-0.1396,3.564,-0.5713,-0.3367,0.0,0.0,0.0548,-0.0066,-0.187,0.0,2.086,-0.4426,-0.539,-0.5615,0.6807,-0.3416,0.1416,1.265,-0.282,0.409,0.722,-1.157,-0.2463,0.0388,0.0478,0.0,0.0,0.04507,0.0,-0.1631,-0.1776,0.0,0.0,0.0,0.0,4.203,3.0,1.0,0.5,-0.5117,0.641,5.0,0.0,0.0,1.0,0.0,0.0,0.0,4.336
0.0483,0.0484,0.04877,-0.5737,0.562,0.1394,0.0,0.1505,0.7236,-0.01987,-0.132,0.1501,-0.5713,-0.3267,0.0,0.0,0.03387,-0.002295,-0.179,0.0,2.088,-0.5815,-0.564,-0.5664,0.644,-0.327,-0.04742,0.09094,-0.2476,1.265,0.0819,0.4172,0.53,0.04297,0.04874,0.0,0.0,0.0471,0.0,-0.1611,0.1517,0.0,0.0,0.0,0.0,0.651,3.0,1.0,1.0,-0.5396,0.5444,5.734,0.0,0.5,1.0,0.0,0.0,0.0,0.6577
0.05,0.05005,0.05048,-0.3232,0.3076,0.1394,0.0,0.01381,0.4436,-0.08746,-0.115,-0.2234,-0.4285,-0.317,0.0,0.0,0.0863,0.08,-0.2166,0.0,2.092,-0.3909,-0.5366,-0.567,0.3782,-0.3167,0.2688,-0.42,-0.2335,0.09094,0.409,0.722,-0.3386,0.0488,0.0491,0.0,0.0,0.0484,0.0,-0.172,0.406,0.0,0.0,0.0,0.0,-0.839,2.0,1.0,1.0,-0.2979,0.3,0.0,1.0,0.5,1.0,0.0,0.0,0.0,-0.8467
0.0512,0.05127,0.05167,-0.1885,0.1719,0.1394,0.0,0.0057,0.2915,-0.1224,-0.1037,-0.1556,-0.2856,-0.307,0.0,0.0,0.1194,0.11694,-0.2347,0.0,2.094,-0.3257,-0.5034,-0.5605,0.2445,-0.3108,-0.3047,-0.2057,-0.2234,-0.42,1.265,0.08185,1.104,0.0532,0.0489,0.0,0.0,0.04922,0.0,-0.1774,0.2622,0.0,0.0,0.0,0.0,-0.3062,1.0,0.5,0.5,-0.1732,0.1636,0.0,2.0,0.5,1.0,0.0,0.0,0.0,-0.311
0.0533,0.0534,0.05377,-0.443,0.4304,0.1394,0.0,-0.0777,0.5396,-0.02803,-0.0825,0.813,-0.1428,-0.297,0.0,0.0,0.0212,0.02786,-0.1759,0.0,2.096,-0.75,-0.464,-0.543,0.527,-0.3027,0.2272,0.665,-0.1967,-0.2057,0.0909,0.409,-0.8184,0.05753,0.04938,0.0,0.0,0.04974,0.0,-0.1605,0.4927,0.0,0.0,0.0,0.0,0.928,1.0,1.0,1.0,-0.4067,0.425,1.0,0.0,0.5,1.0,0.0,0.0,0.0,0.947
0.05402,0.05408,0.05447,-0.0443,0.0257,0.1394,0.0,-0.1112,0.1129,-0.1494,-0.0753,-0.572,0.0,-0.287,0.0,0.0,0.1353,0.1562,-0.246,0.0,2.098,-0.1841,-0.4302,-0.524,0.1107,-0.2974,1.053,-0.7827,-0.1954,0.665,-0.4197,1.265,-1.157,0.0598,0.05002,0.0,0.0,0.0498,0.0,-0.1808,0.1211,0.0,0.0,0.0,0.0,-1.573,0.0,1.0,0.5,-0.00639,0.05316,0.0,1.0,0.5,1.0,0.0,0.0,0.0,-1.587
0.05533,0.0554,0.05582,-0.226,0.2097,0.1394,0.0,-0.1039,0.2773,-0.08527,-0.05954,0.933,0.1428,-0.2773,0.0,0.0,0.07367,0.089,-0.2053,0.0,2.102,0.5273,-0.4048,-0.5063,0.311,-0.293,0.9375,0.4597,-0.2136,-0.7827,-0.2057,0.0909,0.4172,0.06226,0.05075,0.0,0.0,0.04947,0.0,-0.1692,0.3264,0.0,0.0,0.0,0.0,1.016,0.0,1.0,1.0,-0.2107,0.1984,1.0,0.0,0.5,1.0,0.0,0.0,0.0,1.038
0.058,0.05826,0.0583,-0.5815,0.5806,0.1394,0.0,0.108,0.678,0.04828,-0.04578,1.264,0.1428,-0.2673,0.0,0.0,-0.03418,-0.06696,-0.12305,0.0,2.104,2.568,-0.2812,-0.4255,0.514,-0.2472,0.638,0.924,-0.1444,0.4597,0.665,-0.4197,0.722,0.0639,0.05133,0.0,0.0,0.0509,0.0,-0.1462,0.2947,0.0,0.0,0.0,0.0,7.266,1.0,1.0,1.0,-0.546,0.5635,2.0,0.0,0.5,1.0,1.0,0.0,3.338,5.766
0.06186,0.06226,0.062,-0.888,0.8994,0.1394,0.2078,0.07916,1.009,0.1793,-0.01297,0.6,0.2856,-0.2573,0.0,0.0,-0.1576,-0.1935,-0.04175,0.0,2.105,0.1713,-0.1597,-0.3428,0.855,-0.2283,0.7417,0.8984,-0.04468,0.924,-0.782,-0.2057,0.08185,0.06757,0.05298,0.0,0.0,0.05408,0.0,-0.1231,0.75,0.0,0.0,0.0,0.0,4.926,2.0,1.0,1.5,-0.852,0.8594,3.0,0.0,0.5,1.0,0.0,0.0,0.0,4.92
0.065,0.0653,0.06525,-0.7017,0.705,0.1394,0.2078,0.01204,0.748,0.1417,0.03038,-0.1116,0.4285,-0.2476,0.0,0.0,-0.1293,-0.1504,-0.06107,0.0,2.11,0.1172,-0.03732,-0.2573,0.633,-0.2069,0.6963,-0.2102,0.01945,0.8984,0.4595,0.665,0.4087,0.0716,0.05515,0.0,0.0,0.05682,0.0,-0.1289,1.132,1.0,0.0,0.0,0.0,-0.8926,1.0,0.5,1.5,-0.6836,0.659,0.0,1.0,0.5,1.0,0.0,0.0,0.0,-0.8784
0.06714,0.06726,0.0675,-0.428,0.4187,0.1394,0.2078,-0.1092,0.398,0.0674,0.06433,-0.302,0.5713,-0.2377,0.0,0.0,-0.0715,-0.06525,-0.1027,0.0,2.111,-0.533,0.0722,-0.1722,0.303,-0.1876,0.0805,-0.4553,0.0305,-0.2102,0.9233,-0.782,1.265,0.0751,0.057,0.0,0.0,0.0594,0.0,-0.141,0.8623,1.0,0.0,0.0,0.0,-1.547,1.0,0.0,1.0,-0.4343,0.3684,0.0,2.0,0.5,1.0,0.0,0.0,0.0,-1.527
0.0682,0.06824,0.0687,-0.1509,0.1329,0.1394,0.2078,-0.11017,0.0655,-0.015335,0.08435,-0.5674,0.7144,-0.2278,0.0,0.0,0.006233,0.01807,-0.1494,0.0,2.113,-0.0699,0.1527,-0.102,-0.001434,-0.178,0.08264,-0.5146,0.02989,-0.4553,0.8984,0.4595,0.0909,0.0758,0.05853,0.0,0.0,0.06107,0.0,-0.1547,0.5146,0.0,0.0,0.0,0.0,-1.561,0.0,-0.5,0.5,-0.1482,0.1139,0.0,3.0,0.5,1.0,0.0,0.0,0.0,-1.554
0.0704,0.0703,0.0709,-0.446,0.4275,0.1394,0.2078,-0.1203,0.3335,0.0916,0.1113,1.77,0.857,-0.2178,0.0,0.0,-0.095,-0.08826,-0.0824,0.0,2.115,-0.4167,0.2305,-0.02354,0.2161,-0.1506,0.3694,0.7446,0.03632,-0.5146,-0.2102,0.9233,-0.4197,0.0801,0.06024,0.0,0.0,0.06366,0.0,-0.1355,0.6475,0.0,0.0,0.0,0.0,1.962,0.0,0.0,0.5,-0.407,0.4248,1.0,0.0,0.5,-1.0,0.0,0.0,0.0,1.969
0.0732,0.0731,0.0738,-0.62,0.6016,0.1394,0.2078,-0.1595,0.4946,0.1672,0.1394,0.537,0.857,-0.2079,0.0,0.0,-0.168,-0.1588,-0.03363,0.0,2.12,-0.485,0.3215,0.06903,0.317,-0.1203,0.5938,0.535,0.08984,0.7446,-0.455,0.898,-0.2056,0.0846,0.06204,0.0,0.0,0.0658,0.0,-0.12164,0.674,0.0,0.0,0.0,0.0,1.706,0.0,0.5,0.5,-0.6064,0.5576,2.0,0.0,0.5,-1.0,0.0,0.0,0.0,1.691
0.07587,0.0758,0.0765,-0.5894,0.572,0.1394,0.2078,-0.2129,0.48,0.1763,0.154,0.1165,0.857,-0.198,0.0,0.0,-0.1809,-0.1625,-0.02448,0.0,2.121,-0.3828,0.3748,0.1495,0.3132,-0.11035,0.319,0.0994,0.11163,0.535,-0.5146,-0.2101,0.6646,0.0872,0.06335,0.0,0.0,0.0687,0.0,-0.11914,0.4424,0.0,0.0,0.0,0.0,0.2372,1.0,0.5,0.5,-0.5786,0.5273,3.0,0.0,0.5,-1.0,0.0,0.0,0.0,0.233
0.0777,0.0777,0.0783,-0.3513,0.3325,0.1394,0.617,-0.1613,0.24,0.11053,0.163,-0.2993,0.857,-0.1881,0.0,0.0,-0.11615,-0.103,-0.06003,0.0,2.123,-0.152,0.4207,0.2213,0.04367,-0.0951,0.9224,-0.386,0.02618,0.0994,0.7446,-0.455,-0.782,0.08673,0.0645,0.0,0.0,0.0722,0.0,-0.1295,0.2688,0.0,0.0,0.0,0.0,-1.001,1.0,0.5,0.0,-0.3572,0.2886,0.0,1.0,0.5,-1.0,0.0,0.0,0.0,-0.982
0.0774,0.07733,0.07794,0.2422,-0.268,0.1394,0.3918,-0.05164,-0.3887,-0.0826,0.1635,-1.799,0.7144,-0.1782,-1.0,0.0,0.07574,0.08124,-0.1729,0.0,2.127,-0.1707,0.4333,0.2683,-0.564,-0.09375,0.766,-1.232,-0.08014,-0.386,0.535,-0.5146,0.4595,0.0838,0.0645,0.0,0.0,0.07434,0.0,-0.1621,-0.003464,0.0,0.0,0.0,0.0,-3.443,1.0,0.0,0.0,0.257,-0.2434,0.0,2.0,0.5,-1.0,0.0,1.0,-3.033,-3.4
0.0773,0.0772,0.0779,0.1713,-0.1995,0.1394,0.3918,-0.04794,-0.351,-0.06714,0.168,-0.00788,0.5713,-0.1683,-1.0,0.0,0.06125,0.065,-0.1606,0.0,2.129,-0.2496,0.4124,0.296,-0.5107,-0.09155,0.207,0.136,-0.1526,-1.232,0.0994,0.7446,0.9233,0.0823,0.06525,0.0,0.0,0.07605,0.0,-0.1587,0.0919,0.0,0.0,0.0,0.0,0.2632,1.0,0.0,0.5,0.1644,-0.204,1.0,0.0,0.5,-1.0,0.0,0.0,0.0,0.2654
0.0789,0.07886,0.0795,-0.3022,0.2803,0.1394,0.3918,-0.02048,0.1333,0.09015,0.1771,-2.11,0.5713,-0.1584,0.0,0.0,-0.08466,-0.0964,-0.0631,0.0,2.13,-0.1661,0.362,0.302,-0.007805,-0.0883,-0.3945,1.086,-0.2191,0.136,-0.386,0.5347,0.898,0.08453,0.0672,0.0,0.0,0.07855,0.0,-0.1307,0.1937,0.0,0.0,0.0,0.0,2.34,1.0,0.0,0.5,-0.267,0.2847,2.0,0.0,0.5,-1.0,0.0,0.0,0.0,2.354
0.07947,0.0793,0.0802,-0.014145,-0.01764,0.1394,0.3918,0.02278,-0.1974,-0.001,0.1891,-1.317,0.4285,-0.1486,-1.0,0.0,0.004555,-0.00919,-0.1149,0.0,2.135,-0.2445,0.2764,0.297,-0.3079,-0.0836,-0.2732,-0.5664,-0.2888,1.086,-1.232,0.09937,-0.2101,0.0837,0.0687,0.0,0.0,0.08026,0.0,-0.1458,0.2568,0.0,0.0,0.0,0.0,-0.92,0.0,0.0,0.5,0.01381,0.001347,0.0,1.0,0.5,-1.0,0.0,0.0,0.0,-0.9087
0.08057,0.08026,0.08136,-0.1492,0.11304,0.1394,0.3918,-0.0621,-0.0795,0.04486,0.1996,-1.429,0.4285,-0.1387,0.0,0.0,-0.0462,-0.04724,-0.0844,0.0,2.137,-0.3413,0.1436,0.2778,-0.1769,-0.0776,-0.01653,0.3364,-0.2927,-0.5664,0.136,-0.386,-0.455,0.08234,0.07056,0.0,0.0,0.0812,0.0,-0.1371,0.2313,0.0,0.0,0.0,0.0,0.605,1.0,0.5,0.5,-0.141,0.10004,1.0,0.0,0.5,-1.0,0.0,0.0,0.0,0.603
0.08264,0.0823,0.0835,-0.4268,0.391,-0.228,0.3918,-0.3938,0.2256,0.1458,0.207,9.54,0.4285,-0.1287,0.0,0.0,-0.1693,-0.11536,-0.02042,0.0,2.139,-0.2057,0.04764,0.248,0.1908,-0.0829,0.3271,0.7026,-0.272,0.3364,1.086,-1.231,-0.5146,0.08246,0.07245,0.0,0.0,0.0827,0.0,-0.1188,0.1836,0.0,0.0,0.0,0.0,1.431,2.0,1.0,0.5,-0.4119,0.3638,2.0,0.0,0.5,-1.0,0.0,0.0,0.0,1.419
0.08215,0.0818,0.083,0.2734,-0.316,-0.228,0.3918,-0.2883,-0.4536,-0.0828,0.1869,-2.043,0.2856,-0.11884,-1.0,0.0,0.05478,0.1041,-0.1545,0.0,2.14,0.2505,-0.06073,0.205,-0.4846,-0.0903,-0.05606,-1.455,-0.2961,0.7026,-0.5664,0.136,0.7446,0.07996,0.0737,0.0,0.0,0.08325,0.0,-0.1575,-0.466,0.0,0.0,0.0,0.0,-3.207,1.0,0.5,0.0,0.314,-0.2607,0.0,1.0,0.5,-1.0,0.0,0.0,0.0,-3.143
0.0835,0.0832,0.08435,-0.2358,0.2,-0.228,0.3918,-0.3062,0.0961,0.081,0.1812,-1.639,0.2856,-0.1089,0.0,0.0,-0.1017,-0.05988,-0.0519,0.0,2.145,-0.04947,-0.168,0.1466,0.0882,-0.09534,-0.4521,1.141,-0.3323,-1.455,0.3364,1.085,0.5347,0.0831,0.0751,0.0,0.0,0.08496,0.0,-0.128,-0.1134,0.0,0.0,0.0,0.0,1.92,1.0,0.5,0.5,-0.1329,0.2834,1.0,0.0,0.5,-1.0,0.0,0.0,0.0,1.929
0.0858,0.0855,0.0866,-0.476,0.4458,-0.228,0.3918,-0.3203,0.3708,0.1707,0.1869,1.569,0.2856,-0.099,0.0,0.0,-0.1855,-0.1467,0.00701,0.0,2.146,-0.861,-0.269,0.0782,0.3757,-0.09033,-0.53,0.643,-0.3125,1.141,0.702,-0.5664,0.09937,0.0875,0.0772,0.0,0.0,0.0867,0.0,-0.1112,0.1454,0.0,0.0,0.0,0.0,1.006,2.0,0.5,1.0,-0.3555,0.53,2.0,0.0,0.5,-1.0,1.0,0.0,2.576,0.9917
0.08734,0.08704,0.0882,-0.2798,0.2461,-0.228,0.3918,-0.347,0.163,0.1136,0.195,-0.3262,0.2856,-0.0891,0.0,0.0,-0.1356,-0.0883,-0.02245,0.0,2.148,-0.502,-0.3958,-0.00568,0.1818,-0.08325,-0.2559,-0.318,-0.3735,0.643,-1.454,0.3362,-0.3857,0.0886,0.0798,0.0,0.0,0.08875,0.0,-0.11975,0.1965,0.0,0.0,0.0,0.0,-0.4883,1.0,0.5,1.0,-0.1914,0.3103,0.0,1.0,0.5,-1.0,0.0,0.0,0.0,-0.476
0.08923,0.0889,0.09,-0.3635,0.332,-0.228,0.3918,-0.3682,0.2712,0.149,0.1976,0.5703,0.2856,-0.0792,0.0,0.0,-0.17,-0.1211,0.003963,0.0,2.152,-0.4622,-0.4927,-0.1134,0.284,-0.076,0.5684,0.2866,-0.403,-0.318,1.141,0.702,-1.231,0.09174,0.08234,0.0,0.0,0.0907,0.0,-0.11224,0.10095,0.0,0.0,0.0,0.0,0.5723,1.0,1.0,1.0,-0.2844,0.3794,1.0,0.0,0.5,-1.0,0.0,0.0,0.0,0.5615
0.0896,0.0893,0.0904,0.03674,-0.07306,-0.228,0.3918,-0.3257,-0.1128,0.01906,0.1855,-0.9473,0.2856,-0.06934,0.0,0.0,-0.04556,0.00393,-0.0702,0.0,2.154,-0.419,-0.5317,-0.1903,-0.09875,-0.07806,0.6074,-0.8013,-0.4116,0.2866,0.6426,-1.454,0.136,0.0921,0.084,0.0,0.0,0.0912,0.0,-0.1337,-0.2355,0.0,0.0,0.0,0.0,-1.408,1.0,0.5,0.5,0.1306,0.02156,0.0,1.0,0.5,-1.0,0.0,0.0,0.0,-1.374
0.0893,0.089,0.0901,0.2241,-0.2622,-0.4875,0.3918,-0.266,-0.2778,-0.048,0.1681,-17.1,0.1428,-0.05942,-1.0,0.0,0.02339,0.0663,-0.10675,0.0,2.156,0.1754,-0.566,-0.2695,-0.2642,-0.0837,-0.01869,-0.4004,-0.4119,-0.8013,-0.3179,1.141,1.085,0.08984,0.0854,0.0,0.0,0.0906,0.0,-0.1443,-0.3508,0.0,0.0,0.0,0.0,-0.7275,0.0,0.0,0.0,0.3083,-0.1636,0.0,2.0,0.5,-1.0,0.0,0.0,0.0,-0.7197
0.08923,0.0889,0.09,0.1613,-0.1995,-0.4875,0.3918,-0.3164,-0.2041,-0.03604,0.1567,-0.3538,0.0,-0.0495,-1.0,0.0,0.00745,0.05887,-0.0956,0.0,2.158,-0.67,-0.5728,-0.3445,-0.1886,-0.08685,0.317,0.12317,-0.4116,-0.4004,0.2866,0.6426,-0.5664,0.0914,0.0867,0.0,0.0,0.0902,0.0,-0.1411,-0.2323,0.0,0.0,0.0,0.0,0.2338,0.0,0.5,0.5,0.1908,-0.1652,1.0,0.0,0.5,-1.0,0.0,0.0,0.0,0.2328
0.08777,0.0875,0.0886,0.534,-0.5776,-0.4875,0.3918,-0.3318,-0.6143,-0.1681,0.1504,5.2,0.0,-0.0396,-1.0,0.0,0.1339,0.197,-0.1718,0.0,2.162,-0.3997,-0.5786,-0.4146,-0.601,-0.0854,0.115,-0.838,-0.3828,0.12317,-0.801,-0.3179,0.3362,0.08826,0.08673,0.0,0.0,0.0896,0.0,-0.1631,-0.1346,0.0,0.0,0.0,0.0,-1.653,0.0,0.0,0.5,0.581,-0.4956,0.0,1.0,0.5,-1.0,0.0,1.0,-2.133,-1.644
0.08636,0.08606,0.08716,0.5376,-0.5806,-0.4875,0.3918,-0.355,-0.651,-0.1876,0.1415,0.223,0.0,-0.02971,-1.0,0.0,0.151,0.2198,-0.1799,0.0,2.164,-0.5356,-0.5825,-0.501,-0.6377,-0.08673,-0.3997,-0.09064,-0.3655,-0.838,-0.4004,0.2866,0.702,0.0833,0.08673,0.0,0.0,0.0893,0.0,-0.1655,-0.1917,0.0,0.0,0.0,0.0,-0.1483,-1.0,-0.5,0.0,0.532,-0.5547,0.0,2.0,0.5,-1.0,0.0,0.0,0.0,-0.1495
0.0845,0.0842,0.0852,0.6753,-0.7163,-0.4875,0.3918,-0.4114,-0.78,-0.2505,0.1157,0.407,-0.1428,-0.0198,-1.0,0.0,0.2084,0.292,-0.2145,0.0,2.166,-0.53,-0.574,-0.5693,-0.779,-0.09515,0.4363,-0.386,-0.3132,-0.09064,0.12317,-0.801,-1.454,0.07825,0.08673,0.0,0.0,0.0881,0.0,-0.1755,-0.598,0.0,0.0,0.0,0.0,-0.693,-1.0,-0.5,-0.5,0.6514,-0.7,0.0,3.0,0.5,-1.0,0.0,0.0,0.0,-0.699
0.0822,0.08203,0.0829,0.781,-0.8203,-0.4875,0.3718,-0.4778,-0.8955,-0.3064,0.09296,0.3337,-0.1428,-0.0099,-1.0,0.0,0.2588,0.3586,-0.245,0.0,2.17,-0.7563,-0.564,-0.5957,-0.9307,-0.0973,-0.332,-0.3428,-0.259,-0.386,-0.838,-0.4001,1.141,0.0717,0.0867,0.0,0.0,0.0861,0.0,-0.1843,-0.545,0.0,0.0,0.0,0.0,-0.2335,-1.0,-1.0,-0.5,0.7505,-0.803,0.0,4.0,0.5,-0.5,0.0,0.0,0.0,-0.2373
0.0822,0.0821,0.0829,0.1376,-0.1677,-0.4875,0.3718,-0.449,-0.2477,-0.1204,0.0803,-0.7676,-0.2856,0.0,-1.0,0.0,0.0768,0.1584,-0.128,0.0,2.172,-0.544,-0.557,-0.608,-0.291,-0.1005,-0.8857,1.321,-0.2744,-0.3428,-0.09064,0.1231,0.6426,0.0702,0.087,0.0,0.0,0.08514,0.0,-0.1509,-0.2595,0.0,0.0,0.0,0.0,2.264,-1.0,-1.0,-0.5,0.1736,-0.128,1.0,0.0,0.5,-0.5,1.0,0.0,2.209,2.312
0.082,0.0818,0.08264,0.2119,-0.2446,-0.4875,0.3718,-0.4636,-0.2827,-0.1516,0.058,0.434,-0.4285,0.0099,-1.0,0.0,0.10596,0.1924,-0.1433,0.0,2.174,-0.39,-0.5376,-0.5967,-0.3381,-0.1072,-0.7725,-0.1686,-0.277,1.321,-0.3857,-0.838,-0.3179,0.0693,0.08765,0.0,0.0,0.0844,0.0,-0.1554,-0.5034,0.0,0.0,0.0,0.0,-0.3164,-1.0,-1.0,-1.0,0.1757,-0.2778,0.0,1.0,0.5,-0.5,0.0,0.0,0.0,-0.3164
0.0844,0.0843,0.0851,-0.5215,0.4995,-0.4875,0.3718,-0.514,0.4775,0.0923,0.0719,-4.83,-0.2856,0.0198,0.0,0.0,-0.1309,-0.05118,0.00904,0.0,2.178,-0.6694,-0.5376,-0.597,0.3945,-0.09186,-1.045,1.691,-0.2537,-0.1686,-0.3425,-0.09064,0.2866,0.072,0.089,0.0,0.0,0.08606,0.0,-0.1117,0.338,0.0,0.0,0.0,0.0,5.125,0.0,-1.0,-0.5,-0.4885,0.4846,1.0,0.0,0.5,-0.5,1.0,0.0,2.924,5.14
0.0866,0.0865,0.0873,-0.444,0.421,-0.4875,0.3718,-0.5854,0.4382,0.0799,0.07184,0.0704,-0.2856,0.02971,0.0,0.0,-0.1257,-0.03207,0.005997,0.0,2.18,-0.551,-0.538,-0.5967,0.3394,-0.0844,-0.5166,-0.0329,-0.2368,1.691,1.321,-0.3857,-0.801,0.07666,0.0898,0.0,0.0,0.08765,0.0,-0.11273,0.05573,0.0,0.0,0.0,0.0,-0.0759,0.0,-1.0,-1.0,-0.448,0.372,0.0,1.0,0.5,-0.5,0.0,0.0,0.0,-0.07404
0.08795,0.08777,0.0886,-0.2117,0.1852,-0.4875,0.3718,-0.547,0.2505,0.011246,0.05966,-0.2292,-0.2856,0.0396,0.0,0.0,-0.05798,0.03296,-0.0316,0.0,2.182,-0.1438,-0.5366,-0.596,0.1376,-0.0841,-0.2041,-0.4058,-0.2296,-0.0329,-0.1686,-0.3425,-0.4001,0.08057,0.08984,0.0,0.0,0.0879,0.0,-0.12366,-0.2705,0.0,0.0,0.0,0.0,-0.833,0.0,-1.0,-1.5,-0.2246,0.1443,0.0,2.0,0.5,-0.5,0.0,0.0,0.0,-0.813
0.0894,0.08923,0.0901,-0.2544,0.229,-0.4875,0.3718,-0.535,0.3354,0.0314,0.05377,0.398,-0.2856,0.0495,0.0,0.0,-0.0759,0.01157,-0.015335,0.0,2.184,-0.3254,-0.536,-0.596,0.2166,-0.08264,-0.23,0.1768,-0.2178,-0.4058,1.69,1.32,0.1231,0.0858,0.0901,0.0,0.0,0.08887,0.0,-0.1191,-0.1125,0.0,0.0,0.0,0.0,0.3337,0.0,-1.0,-1.0,-0.2715,0.1804,1.0,0.0,0.5,-0.5,0.0,0.0,0.0,0.328
0.0911,0.091,0.0918,-0.3262,0.302,-0.4875,0.3718,-0.5347,0.46,0.06305,0.04736,0.4463,-0.2856,0.05942,0.0,0.0,-0.1055,-0.02014,0.008026,0.0,2.188,-0.389,-0.545,-0.599,0.3447,-0.08344,0.366,0.2532,-0.1969,0.1768,-0.0329,-0.1686,-0.8374,0.09247,0.0908,0.0,0.0,0.0897,0.0,-0.1124,-0.1231,0.0,0.0,0.0,0.0,0.4377,1.0,-0.5,-1.0,-0.3684,0.2203,2.0,0.0,0.5,-0.5,0.0,0.0,0.0,0.4287
0.093,0.0929,0.0936,-0.3564,0.3347,-0.4875,0.3718,-0.5366,0.5103,0.08246,0.052,0.2394,-0.2856,0.06934,0.0,0.0,-0.1237,-0.03928,0.02428,0.0,2.19,-0.2302,-0.5415,-0.595,0.3923,-0.07605,0.551,0.1754,-0.1791,0.2532,-0.4058,1.69,-0.09064,0.09644,0.09186,0.0,0.0,0.0901,0.0,-0.1079,0.2299,0.0,0.0,0.0,0.0,0.4888,1.0,0.0,-0.5,-0.41,0.2385,3.0,0.0,0.5,-0.5,0.0,0.0,0.0,0.4768
0.09375,0.0936,0.0944,-0.05994,0.03406,-0.4875,0.3718,-0.574,0.1952,-0.01024,0.0557,-0.4097,-0.1428,0.0792,0.0,0.0,-0.0401,0.0573,-0.02855,0.0,2.191,-0.4265,-0.522,-0.585,0.0771,-0.0694,0.9395,-0.5684,-0.1888,0.1754,0.1766,-0.03287,-0.3857,0.0995,0.0922,0.0,0.0,0.0913,0.0,-0.1232,0.1583,0.0,0.0,0.0,0.0,-1.142,1.0,0.0,-0.5,-0.1075,-0.03268,0.0,1.0,0.5,-0.5,0.0,0.0,0.0,-1.11
0.09515,0.09503,0.09576,-0.2268,0.2051,-0.4875,0.3718,-0.5527,0.367,0.04855,0.06305,0.75,0.0,0.0891,0.0,0.0,-0.09357,-0.003933,0.01108,0.0,2.195,-0.3306,-0.4966,-0.574,0.2603,-0.0642,1.286,0.4304,-0.1736,-0.5684,0.2532,-0.4058,-0.3425,0.09955,0.09247,0.0,0.0,0.09186,0.0,-0.11194,0.2474,0.0,0.0,0.0,0.0,0.677,2.0,0.5,-0.5,-0.2866,0.1121,1.0,0.0,0.5,-0.5,0.0,0.0,0.0,0.6646
0.0959,0.09576,0.0965,-0.04807,0.02258,-0.536,0.3718,-0.563,0.1439,-0.006725,0.0771,-0.3645,0.1428,0.099,0.0,0.0,-0.04248,0.0527,-0.01941,0.0,2.197,-0.3987,-0.4592,-0.553,0.04865,-0.05453,0.641,-0.3289,-0.1816,0.4304,0.1754,0.1766,1.32,0.0989,0.0925,0.0,0.0,0.0916,0.0,-0.1208,0.456,0.0,0.0,0.0,0.0,-0.568,1.0,0.0,-0.5,-0.10535,-0.0538,0.0,1.0,0.5,-0.5,0.0,0.0,0.0,-0.5537
0.0966,0.0965,0.09735,-0.06915,0.04224,-0.536,0.3718,-0.5547,0.1224,0.000575,0.0925,0.0517,0.2856,0.1089,0.0,0.0,-0.0486,0.04453,-0.01128,0.0,2.2,-0.4446,-0.4087,-0.522,0.02975,-0.04257,0.8257,0.08813,-0.1787,-0.3289,-0.5684,0.2532,-0.1686,0.09937,0.09283,0.0,0.0,0.09174,0.0,-0.1185,0.519,0.0,0.0,0.0,0.0,0.186,1.0,0.5,0.0,-0.1396,-0.0501,1.0,0.0,0.5,-0.5,0.0,0.0,0.0,0.1824
0.09717,0.0969,0.0979,0.00643,-0.03967,-0.536,0.3718,-0.5674,-0.01627,-0.02505,0.11115,-0.4973,0.4285,0.11884,0.0,0.0,-0.02545,0.0717,-0.02347,0.0,2.201,-0.7393,-0.356,-0.483,-0.09644,-0.03056,-0.1588,-0.1321,-0.1869,0.08813,0.4304,0.1754,1.69,0.0992,0.09375,0.0,0.0,0.0915,0.0,-0.12213,0.636,0.0,0.0,0.0,0.0,-0.2705,0.0,0.0,0.0,-0.0766,-0.1398,0.0,1.0,0.5,-0.5,0.0,0.0,0.0,-0.2646
0.09875,0.0984,0.09973,-0.3013,0.2627,-0.536,0.3718,-0.5493,0.2306,0.0787,0.1423,2.88,0.5713,0.1287,0.0,0.0,-0.1214,-0.03433,0.04358,0.0,2.205,-0.894,-0.3052,-0.44,0.2012,-0.01984,-0.1603,0.728,-0.157,-0.1321,-0.3286,-0.5684,-0.03287,0.1001,0.09503,0.0,0.0,0.0925,0.0,-0.103,0.959,1.0,0.0,0.0,0.0,1.895,1.0,0.5,0.5,-0.39,0.1324,1.0,0.0,0.5,-0.5,1.0,0.0,1.667,1.858
0.1003,0.0998,0.10126,-0.2617,0.2183,-0.536,0.3718,-0.6616,0.1647,0.07324,0.1587,-0.0661,0.7144,0.1387,0.0,0.0,-0.1263,-0.01814,0.04358,0.0,2.207,-0.9326,-0.2546,-0.3914,0.1299,-0.006016,0.1322,0.0,-0.1361,0.728,0.08813,0.4304,-0.4058,0.10065,0.0957,0.0,0.0,0.09393,0.0,-0.1032,0.676,0.0,0.0,0.0,0.0,0.0,0.0,0.5,0.0,-0.3596,0.081,0.0,0.0,0.5,-0.5,0.0,0.0,0.0,0.0
0.10065,0.10004,0.1018,0.03085,-0.0858,-0.536,0.3718,-0.6377,-0.1766,-0.02133,0.1704,-1.195,0.7144,0.1486,-1.0,0.0,-0.0353,0.0747,-0.01128,0.0,2.209,-0.2966,-0.2268,-0.3472,-0.198,0.001872,0.07043,-0.5884,-0.1351,0.0,-0.132,-0.3286,0.1766,0.1011,0.0963,0.0,0.0,0.0947,0.0,-0.1191,0.44,0.0,0.0,0.0,0.0,-1.177,0.0,0.0,0.0,-0.1368,-0.2761,0.0,1.0,0.5,-0.5,0.0,0.0,0.0,-1.14
0.10187,0.10126,0.103,-0.2042,0.1522,-0.536,0.3718,-0.779,0.086,0.05774,0.1688,-4.54,0.7144,0.1584,0.0,0.0,-0.1224,0.00851,0.04053,0.0,2.213,-0.9326,-0.1973,-0.31,0.05597,0.005264,-0.092,0.561,-0.1516,-0.5884,0.7275,0.08813,0.2532,0.10187,0.0971,0.0,0.0,0.0967,0.0,-0.1044,0.0337,0.0,0.0,0.0,0.0,1.368,0.0,0.0,0.0,-0.3298,-0.01068,1.0,0.0,0.5,-0.5,0.0,0.0,0.0,1.339
0.10406,0.1035,0.10516,-0.4436,0.3982,-0.536,0.3718,-0.7734,0.3623,0.1481,0.175,1.649,0.7144,0.1584,0.0,0.0,-0.2054,-0.08136,0.0995,0.0,2.215,-0.3625,-0.168,-0.2756,0.3252,0.01286,-0.184,0.6323,-0.1567,0.561,0.0,-0.132,0.1754,0.105,0.09784,0.0,0.0,0.0993,0.0,-0.0876,0.31,0.0,0.0,0.0,0.0,2.092,1.0,0.0,0.5,-0.5444,0.2435,2.0,0.0,0.5,-0.5,0.0,0.0,0.0,2.027
0.1064,0.1059,0.1075,-0.485,0.4429,-0.536,0.3718,-0.795,0.4165,0.1765,0.1881,0.2676,0.7144,0.1683,0.0,0.0,-0.2333,-0.107,0.1208,0.0,2.217,-0.3665,-0.1426,-0.2444,0.3809,0.02365,0.2429,0.2266,-0.1985,0.6323,-0.5884,0.7275,-0.5684,0.10846,0.09955,0.0,0.0,0.1024,0.0,-0.08167,0.618,0.0,0.0,0.0,0.0,0.6787,1.0,0.5,1.0,-0.5825,0.2888,3.0,0.0,0.5,-0.5,0.0,0.0,0.0,0.651
0.1092,0.10876,0.1102,-0.595,0.5576,-0.47,0.915,-0.8364,0.5483,0.231,0.2036,0.4143,0.7144,0.1782,0.0,0.0,-0.2861,-0.1558,0.1583,0.0,2.219,-0.733,-0.126,-0.2174,0.5327,0.03217,0.0683,0.3977,-0.2861,0.2266,0.561,0.0,0.4302,0.1132,0.1009,0.0,0.0,0.10614,0.0,-0.0709,0.6855,0.0,0.0,0.0,0.0,0.6846,2.0,0.5,1.0,-0.68,0.4087,4.0,0.0,0.5,-0.5,0.0,0.0,0.0,0.6543
0.1121,0.1117,0.11304,-0.62,0.5864,-0.353,0.915,-0.8647,0.594,0.2585,0.2184,0.2195,0.7144,0.1881,0.0,0.0,-0.3135,-0.1793,0.1797,0.0,2.223,-0.6924,-0.1265,-0.1981,0.609,0.03885,0.3882,0.2242,-0.2678,0.3977,0.6323,-0.588,-0.3286,0.1168,0.1019,0.0,0.0,0.109,0.0,-0.0649,0.679,0.0,0.0,0.0,0.0,0.2588,3.0,1.0,1.0,-0.703,0.4375,5.0,0.0,0.5,-0.5,0.0,0.0,0.0,0.2456
0.114,0.1136,0.1149,-0.3633,0.3271,-0.353,0.915,-0.885,0.337,0.1852,0.2256,-0.2551,0.7144,0.198,0.0,0.0,-0.2491,-0.1068,0.139,0.0,2.225,-0.572,-0.1307,-0.1892,0.3572,0.04672,0.4714,-0.4255,-0.321,0.2242,0.2264,0.561,0.08813,0.1193,0.10297,0.0,0.0,0.11163,0.0,-0.0766,0.3818,0.0,0.0,0.0,0.0,-0.5645,2.0,0.5,0.5,-0.4697,0.173,0.0,1.0,0.5,-0.5,0.0,0.0,0.0,-0.5337
0.11664,0.1163,0.11755,-0.5454,0.5127,-0.353,0.915,-0.9077,0.52,0.259,0.245,0.5874,0.7144,0.2079,0.0,0.0,-0.3179,-0.1758,0.1898,0.0,2.227,-0.608,-0.1365,-0.172,0.5674,0.0571,0.664,0.5356,-0.2605,-0.4255,0.3975,0.632,-0.132,0.12463,0.10406,0.0,0.0,0.11334,0.0,-0.0621,0.8545,1.0,0.0,0.0,0.0,0.7803,2.0,1.0,1.0,-0.6353,0.3618,1.0,0.0,0.5,-0.5,0.0,0.0,0.0,0.7437
0.11884,0.1184,0.11975,-0.4346,0.4001,-0.353,0.915,-0.954,0.4026,0.2346,0.2585,-0.05978,0.7144,0.2178,0.0,0.0,-0.3,-0.148,0.1797,0.0,2.23,-0.907,-0.15,-0.154,0.4683,0.0661,0.3408,-0.10614,-0.2213,0.5356,0.2241,0.2264,0.7275,0.1283,0.10565,0.0,0.0,0.1149,0.0,-0.0651,0.677,0.0,0.0,0.0,0.0,-0.1448,1.0,0.5,0.5,-0.543,0.2382,0.0,1.0,0.5,-0.5,0.0,0.0,0.0,-0.1367
0.1217,0.12134,0.1226,-0.603,0.572,-0.353,0.915,-0.962,0.5674,0.3074,0.2825,0.4927,0.7144,0.2278,0.0,0.0,-0.3657,-0.2166,0.2295,0.0,2.232,-0.33,-0.1467,-0.132,0.629,0.0849,0.437,0.521,-0.1727,-0.10614,-0.4253,0.3975,0.0,0.1317,0.1077,0.0,0.0,0.1174,0.0,-0.05096,1.017,1.0,0.0,0.0,0.0,1.462,1.0,1.0,1.0,-0.6797,0.4314,1.0,0.0,0.5,-0.5,0.0,0.0,0.0,1.383
0.1239,0.1235,0.1248,-0.4329,0.3987,-0.353,0.915,-0.9653,0.3687,0.2637,0.303,-0.1768,0.7144,0.2377,0.0,0.0,-0.3271,-0.1747,0.2072,0.0,2.234,-0.568,-0.1305,-0.11017,0.4377,0.09973,0.9565,-0.2319,-0.1493,0.521,0.5356,0.2241,-0.588,0.1339,0.1096,0.0,0.0,0.11945,0.0,-0.05753,0.8467,1.0,0.0,0.0,0.0,-0.496,0.0,1.0,0.5,-0.514,0.2659,0.0,1.0,0.5,-0.5,0.0,0.0,0.0,-0.4653
0.1256,0.1252,0.1266,-0.3198,0.282,-0.353,0.915,-0.969,0.2184,0.2347,0.3232,-0.1976,0.7144,0.2476,0.0,0.0,-0.3018,-0.1465,0.194,0.0,2.238,-0.8657,-0.1021,-0.0918,0.293,0.1148,0.7446,-0.1376,-0.1346,-0.2319,-0.10614,-0.4253,0.561,0.1349,0.1119,0.0,0.0,0.12115,0.0,-0.06143,0.84,1.0,0.0,0.0,0.0,-0.2876,0.0,0.5,0.5,-0.4373,0.1192,0.0,2.0,0.5,-0.5,0.0,0.0,0.0,-0.2708
0.1263,0.1259,0.1273,-0.0398,-0.002932,-0.353,0.7554,-0.9624,-0.0866,0.1442,0.3286,-0.86,0.7144,0.2573,0.0,0.0,-0.2188,-0.05936,0.1421,0.0,2.24,-0.4138,-0.0747,-0.0759,-0.02454,0.1251,0.4363,-0.541,-0.139,-0.1376,0.521,0.535,0.632,0.1339,0.1139,0.0,0.0,0.12225,0.0,-0.0764,0.3196,0.0,0.0,0.0,0.0,-1.031,-1.0,0.0,0.0,-0.1455,-0.1313,0.0,3.0,0.0,-0.5,0.0,0.0,0.0,-0.9727
0.127,0.1265,0.1279,-0.01892,-0.02522,-0.353,0.75,-0.9404,-0.1279,0.1357,0.3342,-1.444,0.5713,0.2673,-1.0,0.0,-0.209,-0.05322,0.1411,0.0,2.242,-0.7163,-0.04053,-0.0618,-0.0886,0.1368,0.3154,-0.010704,-0.1722,-0.541,-0.2319,-0.10614,0.2264,0.1339,0.1161,0.0,0.0,0.12384,0.0,-0.07684,0.3137,0.0,0.0,0.0,0.0,-0.0182,-1.0,-0.5,0.0,-0.1552,-0.1853,0.0,4.0,0.0,-0.5,0.0,0.0,0.0,-0.01733
0.1279,0.1273,0.129,-0.1288,0.0802,-0.353,0.75,-0.969,-0.0575,0.1713,0.3499,-5.91,0.7144,0.2773,0.0,0.0,-0.246,-0.0832,0.1675,0.0,2.244,-0.9326,-0.00846,-0.0511,-0.01379,0.1489,0.06396,0.2783,-0.1853,-0.010704,-0.1376,0.521,0.3975,0.1334,0.11865,0.0,0.0,0.1252,0.0,-0.06934,0.741,0.0,0.0,0.0,0.0,0.5347,-1.0,-0.5,0.5,-0.2698,-0.09344,1.0,0.0,0.0,-0.5,0.0,0.0,0.0,0.5093
0.1276,0.127,0.1288,0.2208,-0.276,-0.353,0.75,-0.928,-0.4397,0.0518,0.3503,-7.133,0.5713,0.287,-1.0,0.0,-0.1302,0.02876,0.0974,0.0,2.248,-0.7104,0.004375,-0.0455,-0.4026,0.1553,-0.0805,-0.7354,-0.2291,0.2783,-0.541,-0.2318,0.2241,0.1312,0.12006,0.0,0.0,0.1263,0.0,-0.0896,0.1313,0.0,0.0,0.0,0.0,-1.614,-1.0,-1.0,0.0,0.06525,-0.4382,0.0,1.0,0.0,-0.5,0.0,1.0,-1.511,-1.529
0.1268,0.1262,0.1279,0.3376,-0.393,-0.353,0.701,-0.9204,-0.5654,0.00338,0.3406,0.568,0.4285,0.297,-1.0,0.0,-0.084,0.0767,0.07104,0.0,2.25,-0.328,0.002228,-0.04398,-0.5586,0.1595,0.1488,-0.2805,-0.2683,-0.7354,-0.010704,-0.1376,-0.4253,0.1271,0.1214,0.0,0.0,0.1272,0.0,-0.09735,-0.2817,0.0,0.0,0.0,0.0,-0.681,-1.0,-1.0,-0.5,0.1772,-0.552,0.0,2.0,0.0,-0.5,0.0,0.0,0.0,-0.654
0.1266,0.126,0.1277,0.1888,-0.242,-0.353,0.701,-0.944,-0.416,0.04196,0.3318,-0.2212,0.2856,0.297,-1.0,0.0,-0.12244,0.0401,0.09845,0.0,2.252,-0.5654,-0.01449,-0.04935,-0.4155,0.1589,-0.2588,0.2927,-0.3303,-0.2805,0.2783,-0.541,0.535,0.1242,0.12195,0.0,0.0,0.1283,0.0,-0.0896,-0.2494,0.0,0.0,0.0,0.0,0.643,0.0,-1.0,-0.5,0.03192,-0.4082,1.0,0.0,0.0,-0.5,0.0,0.0,0.0,0.6196
0.1268,0.1263,0.128,0.0509,-0.10144,-0.353,0.701,-0.908,-0.2578,0.082,0.3215,-0.4338,0.1428,0.297,-1.0,0.0,-0.1565,-0.003242,0.1268,0.0,2.256,-0.6567,-0.04556,-0.06073,-0.2698,0.1588,-0.2515,0.302,-0.3535,0.2927,-0.7354,-0.010704,-0.10614,0.12244,0.1227,0.0,0.0,0.129,0.0,-0.08154,-0.2983,0.0,0.0,0.0,0.0,0.7363,1.0,-0.5,-0.5,-0.0939,-0.2654,2.0,0.0,0.0,-0.5,1.0,0.0,1.401,0.7065
0.1266,0.126,0.1277,0.2256,-0.2773,-0.353,0.701,-0.8857,-0.409,0.0196,0.3047,1.306,0.0,0.297,-1.0,0.0,-0.0962,0.05698,0.0913,0.0,2.258,-0.5063,-0.0978,-0.0773,-0.4246,0.1533,-0.641,-0.3757,-0.3743,0.302,-0.2805,0.2783,0.521,0.1211,0.1235,0.0,0.0,0.1295,0.0,-0.0919,-0.5747,0.0,0.0,0.0,0.0,-0.874,0.0,-1.0,-1.0,0.0667,-0.443,0.0,1.0,0.0,-0.5,0.0,0.0,0.0,-0.8345
0.1263,0.1257,0.1274,0.1833,-0.2346,-0.353,0.701,-0.9155,-0.3574,0.02658,0.2947,-0.04962,-0.1428,0.297,-1.0,0.0,-0.1054,0.05283,0.09845,0.0,2.26,-0.885,-0.1669,-0.1016,-0.3635,0.1483,-0.5806,0.0756,-0.45,-0.3757,0.2927,-0.7354,-0.2318,0.11993,0.12415,0.0,0.0,0.1305,0.0,-0.08997,-0.3545,0.0,0.0,0.0,0.0,0.1566,1.0,-0.5,-0.5,0.002876,-0.427,1.0,0.0,0.0,-0.5,0.0,0.0,0.0,0.1505
0.1268,0.1262,0.1279,0.0219,-0.07153,-0.353,0.701,-0.922,-0.1627,0.07544,0.282,-0.7383,-0.2856,0.297,-1.0,0.0,-0.1517,0.004566,0.132,0.0,2.262,-0.5996,-0.2457,-0.1364,-0.1714,0.144,-0.5645,0.356,-0.4934,0.0756,0.302,-0.2805,-0.1376,0.119,0.12494,0.0,0.0,0.1313,0.0,-0.0805,-0.4602,0.0,0.0,0.0,0.0,0.985,2.0,0.0,-0.5,-0.1354,-0.2512,2.0,0.0,0.0,-0.5,0.0,0.0,0.0,0.945
0.1271,0.1265,0.1282,0.0512,-0.1015,-0.353,0.701,-0.9175,-0.1647,0.0646,0.2705,0.1869,-0.4285,0.297,-1.0,0.0,-0.1411,0.01496,0.1279,0.0,2.266,-0.859,-0.338,-0.1766,-0.178,0.1412,-0.2415,-0.0429,-0.5015,0.356,-0.3757,0.2927,-0.541,0.1198,0.1256,0.0,0.0,0.1316,0.0,-0.0818,-0.4307,0.0,0.0,0.0,0.0,-0.082,1.0,0.0,-0.5,-0.133,-0.3083,0.0,1.0,0.0,-0.5,0.0,0.0,0.0,-0.0782
0.1278,0.1272,0.129,-0.06476,0.01292,-0.353,0.701,-0.969,-0.0001348,0.10223,0.2559,-3.498,-0.4285,0.297,0.0,0.0,-0.1821,-0.01593,0.1543,0.0,2.268,-0.9326,-0.4128,-0.2195,-0.01166,0.135,-0.2444,0.279,-0.504,-0.0429,0.0756,0.302,-0.010704,0.122,0.1267,0.0,0.0,0.132,0.0,-0.07434,-0.5894,0.0,0.0,0.0,0.0,0.6914,1.0,0.5,-0.5,-0.2382,-0.191,1.0,0.0,0.0,-0.5,0.0,0.0,0.0,0.66
0.1272,0.1265,0.1283,0.3098,-0.3667,-0.353,0.701,-0.879,-0.3474,-0.02411,0.235,-3.17,-0.5713,0.297,-1.0,0.0,-0.05426,0.1006,0.0781,0.0,2.27,-0.2856,-0.457,-0.2659,-0.335,0.1215,-0.4219,-0.8013,-0.4846,0.279,0.356,-0.3755,0.2783,0.12146,0.1271,0.0,0.0,0.1312,0.0,-0.09644,-0.8154,0.0,0.0,0.0,0.0,-3.22,1.0,0.0,-0.5,0.148,-0.529,0.0,1.0,0.0,-0.5,0.0,1.0,-1.357,-3.059
0.1259,0.1252,0.1271,0.4673,-0.526,-1.073,0.6113,-0.8296,-0.4812,-0.0861,0.2117,0.7754,-0.7144,0.297,-1.0,0.0,0.00952,0.1594,0.04156,0.0,2.273,-0.3806,-0.451,-0.3142,-0.4753,0.1119,0.01078,-0.39,-0.4512,-0.8013,-0.0429,0.07556,-0.735,0.11926,0.1276,0.0,0.0,0.1299,0.0,-0.10706,-0.8965,0.0,0.0,0.0,0.0,-0.922,0.0,0.0,-0.5,0.287,-0.696,0.0,2.0,0.0,-0.5,0.0,0.0,0.0,-0.8877
0.125,0.1244,0.1262,0.3625,-0.4194,-1.073,0.6113,-0.8564,-0.3706,-0.06506,0.197,-0.1882,-0.857,0.297,-1.0,0.0,-0.01309,0.1403,0.0568,0.0,2.275,-0.6616,-0.4167,-0.3608,-0.3633,0.10516,0.1581,0.1635,-0.4277,-0.39,0.279,0.356,-0.2805,0.11835,0.1279,0.0,0.0,0.1292,0.0,-0.1028,-0.6,0.0,0.0,0.0,0.0,0.3372,0.0,0.5,0.0,0.197,-0.5815,1.0,0.0,0.0,-0.5,0.0,0.0,0.0,0.3267
0.1233,0.1227,0.1244,0.611,-0.6675,-1.073,0.6113,-0.7856,-0.6104,-0.1581,0.1753,1.171,-0.857,0.297,-1.0,0.0,0.0834,0.2299,0.000916,0.0,2.277,-0.535,-0.3594,-0.3955,-0.5923,0.0932,-0.046,-0.5977,-0.3843,0.1635,-0.8013,-0.04288,0.2925,0.1158,0.128,0.0,0.0,0.1274,0.0,-0.119,-0.8086,0.0,0.0,0.0,0.0,-1.863,0.0,0.0,0.0,0.4453,-0.8105,0.0,1.0,0.0,-0.5,0.0,1.0,-1.376,-1.802
0.1211,0.1206,0.12213,0.7256,-0.7803,-1.073,0.6113,-0.7295,-0.707,-0.2128,0.1467,0.3574,-1.0,0.297,-1.0,0.0,0.1423,0.2822,-0.0316,0.0,2.281,-0.2627,-0.289,-0.4077,-0.678,0.07666,-0.3162,-0.3513,-0.3252,-0.5977,-0.3896,0.279,0.302,0.11145,0.1276,0.0,0.0,0.1254,0.0,-0.1285,-1.078,0.0,1.0,0.0,0.0,-1.396,-1.0,-0.5,-0.5,0.5303,-0.947,0.0,2.0,0.0,-0.5,0.0,0.0,0.0,-1.363
0.1193,0.11884,0.1203,0.615,-0.6675,-1.073,0.6113,-0.797,-0.6055,-0.1968,0.1294,-0.04538,-1.0,0.297,-1.0,0.0,0.12054,0.2717,-0.02042,0.0,2.283,-0.7544,-0.2235,-0.3855,-0.5576,0.06396,-0.1769,0.12146,-0.3245,-0.3513,0.1635,-0.801,-0.3755,0.10754,0.1272,0.0,0.0,0.1231,0.0,-0.1256,-0.7734,0.0,0.0,0.0,0.0,0.5425,0.0,0.0,0.0,0.4182,-0.844,1.0,0.0,0.0,-0.5,0.0,0.0,0.0,0.5327
0.11804,0.11755,0.119,0.4763,-0.5264,-1.073,0.6113,-0.822,-0.4778,-0.1686,0.1172,-0.1426,-1.0,0.297,-1.0,0.0,0.09045,0.2445,-0.001116,0.0,2.285,-0.55,-0.175,-0.3477,-0.4177,0.056,-0.3062,0.2094,-0.337,0.12146,-0.5977,-0.3896,0.07556,0.10345,0.1273,0.0,0.0,0.12115,0.0,-0.1202,-0.533,0.0,0.0,0.0,0.0,0.614,1.0,0.0,0.5,0.2834,-0.7095,2.0,0.0,0.0,-0.5,0.0,0.0,0.0,0.6016
0.11786,0.11743,0.1189,0.1768,-0.2229,-0.93,0.6113,-0.8223,-0.1687,-0.08246,0.108,-0.7915,-1.0,0.297,-1.0,0.0,0.00666,0.1549,0.05475,0.0,2.287,-0.7344,-0.1478,-0.309,-0.11676,0.05377,-0.614,0.604,-0.373,0.2094,-0.3513,0.1635,0.356,0.10284,0.1273,0.0,0.0,0.1199,0.0,-0.1043,-0.3616,0.0,0.0,0.0,0.0,1.537,1.0,0.0,0.5,0.01823,-0.392,3.0,0.0,0.0,-0.5,1.0,0.0,1.928,1.502
0.11847,0.118,0.11945,-0.01365,-0.03087,-0.709,0.6113,-0.8345,0.05115,-0.02296,0.09955,-4.355,-0.857,0.297,0.0,0.0,-0.05136,0.09515,0.09436,0.0,2.291,-0.3035,-0.1367,-0.273,0.1115,0.04935,-0.6396,0.424,-0.3857,0.604,0.12146,-0.5977,-0.04288,0.10425,0.1273,0.0,0.0,0.11945,0.0,-0.093,-0.3,0.0,0.0,0.0,0.0,1.11,2.0,0.5,0.5,-0.1577,-0.1991,4.0,0.0,0.0,-0.5,0.0,0.0,0.0,1.073
0.1195,0.1191,0.12054,-0.15,0.10785,-0.529,0.6113,-0.8374,0.2081,0.02568,0.1006,1.179,-0.7144,0.297,0.0,0.0,-0.0976,0.04626,0.1268,0.0,2.293,-0.4688,-0.1406,-0.2462,0.2788,0.04965,-0.85,0.3455,-0.3914,0.424,0.2094,-0.3513,0.2788,0.1061,0.1273,0.0,0.0,0.11926,0.0,-0.0838,0.0417,0.0,0.0,0.0,0.0,0.6665,3.0,0.5,1.0,-0.272,-0.04697,5.0,0.0,0.0,-0.5,0.0,0.0,0.0,0.64
0.12024,0.1198,0.1213,-0.05673,0.013824,-0.529,0.6113,-0.8267,0.1282,-0.000695,0.0985,-0.1282,-0.5713,0.297,0.0,0.0,-0.0718,0.07184,0.1127,0.0,2.295,-0.7993,-0.1586,-0.2312,0.2,0.05063,-0.3306,-0.1503,-0.4167,0.3455,0.604,0.12146,-0.801,0.109,0.1271,0.0,0.0,0.1188,0.0,-0.088,-0.06696,0.0,0.0,0.0,0.0,-0.2593,2.0,0.5,0.5,-0.1957,-0.1521,0.0,1.0,0.0,-0.5,0.0,0.0,0.0,-0.2476
0.12036,0.1199,0.1214,0.1083,-0.154,-0.529,0.6113,-0.816,-0.01773,-0.054,0.08875,-0.5146,-0.4285,0.297,0.0,0.0,-0.02011,0.1251,0.0812,0.0,2.299,-0.5483,-0.1862,-0.2242,0.0527,0.04742,-0.04742,-0.3335,-0.4185,-0.1503,0.424,0.2094,-0.3896,0.112,0.1265,0.0,0.0,0.11865,0.0,-0.09717,-0.3906,0.0,0.0,0.0,0.0,-0.612,1.0,0.5,0.0,-0.02528,-0.3013,0.0,2.0,0.0,-0.5,0.0,0.0,0.0,-0.5854
0.1202,0.1197,0.1212,0.1823,-0.2299,-0.529,0.6113,-0.805,-0.0744,-0.0808,0.0781,-0.495,-0.2856,0.297,0.0,0.0,0.006622,0.1516,0.0659,0.0,2.3,-0.9253,-0.2278,-0.2252,-0.008736,0.0439,-0.1272,-0.1624,-0.4182,-0.3335,0.3455,0.604,0.1635,0.11426,0.126,0.0,0.0,0.1186,0.0,-0.1016,-0.4387,0.0,0.0,0.0,0.0,-0.2903,0.0,0.0,0.0,0.03827,-0.3826,0.0,3.0,0.0,-0.5,0.0,0.0,0.0,-0.2795
0.1201,0.11957,0.1212,0.1525,-0.2023,-0.529,0.6113,-0.818,-0.0164,-0.07513,0.06476,1.704,-0.2856,0.297,0.0,0.0,1.115e-05,0.147,0.07104,0.0,2.303,-0.9326,-0.2766,-0.2301,0.04788,0.038,0.2747,0.05426,-0.4207,-0.1624,-0.1503,0.4238,-0.5977,0.11615,0.1252,0.0,0.0,0.11835,0.0,-0.1002,-0.562,0.0,0.0,0.0,0.0,0.068,0.0,0.5,0.0,-0.02812,-0.3972,1.0,0.0,0.0,-0.5,0.0,0.0,0.0,0.0656
0.11993,0.1193,0.12103,0.1882,-0.2401,-0.529,0.6113,-0.928,-0.05338,-0.0907,0.06,-0.2676,-0.1428,0.297,0.0,0.0,0.005127,0.1735,0.06287,0.0,2.305,-0.7646,-0.3208,-0.2428,0.018,0.03555,0.554,-0.08673,-0.4321,0.05426,-0.3335,0.3455,-0.351,0.1164,0.1246,0.0,0.0,0.11774,0.0,-0.10266,-0.2294,0.0,0.0,0.0,0.0,-0.1586,-1.0,0.5,0.0,-0.009735,-0.4512,0.0,1.0,0.0,-0.5,0.0,0.0,0.0,-0.1528
0.1204,0.1199,0.1215,0.002054,-0.05106,-0.529,0.6113,-0.9355,0.1268,-0.0315,0.06506,3.342,0.0,0.297,0.0,0.0,-0.05228,0.1135,0.1015,0.0,2.309,-0.3918,-0.372,-0.262,0.2052,0.03824,0.542,0.4126,-0.4302,-0.08673,-0.1624,-0.1503,0.1214,0.1166,0.1238,0.0,0.0,0.1178,0.0,-0.0917,0.2218,0.0,0.0,0.0,0.0,0.967,0.0,0.5,0.5,-0.1714,-0.25,1.0,0.0,0.0,-0.5,0.0,0.0,0.0,0.9336
0.1216,0.12103,0.1226,-0.1681,0.123,-0.529,0.6113,-0.9263,0.3027,0.02916,0.0732,0.9404,0.1428,0.297,0.0,0.0,-0.1088,0.05127,0.1411,0.0,2.31,-0.4856,-0.4387,-0.2878,0.3904,0.0423,0.4917,0.4207,-0.4143,0.4126,0.05426,-0.3335,0.2094,0.11694,0.12335,0.0,0.0,0.1182,0.0,-0.08044,0.3372,0.0,0.0,0.0,0.0,0.822,1.0,0.5,0.5,-0.3408,-0.08826,2.0,0.0,0.0,-0.5,0.0,0.0,0.0,0.788
0.12354,0.123,0.1246,-0.375,0.334,-0.529,0.6113,-0.969,0.501,0.1089,0.0948,0.6636,0.2856,0.297,0.0,0.0,-0.1876,-0.02332,0.1929,0.0,2.312,-0.808,-0.5044,-0.3242,0.5796,0.05783,0.1969,0.546,-0.3755,0.4207,-0.08673,-0.1622,0.604,0.1191,0.12335,0.0,0.0,0.1188,0.0,-0.0657,0.954,1.0,0.0,0.0,0.0,1.396,2.0,0.5,1.0,-0.525,0.1313,3.0,0.0,0.0,-0.5,1.0,0.0,1.972,1.33
0.12494,0.1244,0.126,-0.235,0.1903,-0.529,0.6113,-0.969,0.3174,0.07336,0.1178,-0.1841,0.4285,0.297,0.0,0.0,-0.1594,0.0169,0.1726,0.0,2.316,-0.9326,-0.5063,-0.3677,0.3813,0.07587,0.01437,-0.2123,-0.3535,0.546,0.4126,0.05423,0.4238,0.12146,0.12354,0.0,0.0,0.1192,0.0,-0.07166,1.061,1.0,0.0,0.0,0.0,-0.4753,1.0,0.0,1.0,-0.3882,-0.004932,0.0,1.0,0.0,-0.5,0.0,0.0,0.0,-0.4485
0.1263,0.1257,0.1274,-0.233,0.1869,-0.529,0.6113,-0.969,0.2788,0.08154,0.1403,0.04535,0.5713,0.297,0.0,0.0,-0.1675,0.00941,0.1797,0.0,2.318,-0.8354,-0.4304,-0.4028,0.306,0.0979,-0.1603,0.0745,-0.3389,-0.2123,0.4204,-0.08673,0.3452,0.12445,0.1238,0.0,0.0,0.11945,0.0,-0.0697,1.05,1.0,0.0,0.0,0.0,0.1526,2.0,0.0,1.0,-0.3926,-0.01519,1.0,0.0,0.0,-0.5,0.0,0.0,0.0,0.1445
0.1277,0.1271,0.1289,-0.2269,0.1787,-0.529,0.6113,-0.969,0.2401,0.08813,0.161,0.03546,0.7144,0.297,0.0,0.0,-0.1776,0.007103,0.1858,0.0,2.32,-0.9326,-0.332,-0.4084,0.2427,0.1165,-0.02228,0.06384,-0.3057,0.0745,0.546,0.4124,-0.1503,0.1274,0.1239,0.0,0.0,0.1204,0.0,-0.0681,1.011,1.0,0.0,0.0,0.0,0.1428,2.0,0.5,1.0,-0.4136,-0.05222,2.0,0.0,0.0,-0.5,0.0,0.0,0.0,0.135
0.1296,0.1292,0.1309,-0.3809,0.3354,-0.529,0.736,-0.969,0.3914,0.1511,0.1797,0.6094,0.857,0.297,0.0,0.0,-0.2384,-0.05203,0.2274,0.0,2.322,-0.727,-0.2415,-0.3904,0.3955,0.1285,0.2522,0.4355,-0.2573,0.06384,-0.2122,0.4204,-0.3335,0.1318,0.1247,0.0,0.0,0.1222,0.0,-0.0562,0.967,1.0,0.0,0.0,0.0,0.6885,2.0,1.0,1.0,-0.557,0.10376,3.0,0.0,0.0,-0.5,0.0,0.0,0.0,0.651
0.1313,0.1307,0.1324,-0.286,0.2397,-0.529,0.736,-0.969,0.2925,0.132,0.1923,-0.0709,0.857,0.297,0.0,0.0,-0.2223,-0.0315,0.2173,0.0,2.326,-0.541,-0.1617,-0.3567,0.292,0.1387,0.4636,-0.10547,-0.2239,0.4355,0.0745,0.546,-0.1622,0.1349,0.1256,0.0,0.0,0.12366,0.0,-0.05923,0.72,0.0,0.0,0.0,0.0,-0.1666,1.0,1.0,0.5,-0.481,-0.00497,0.0,1.0,0.0,-0.5,0.0,0.0,0.0,-0.1562
0.1335,0.133,0.1346,-0.4458,0.4036,-0.529,0.736,-0.969,0.473,0.2001,0.2064,0.628,0.857,0.297,0.0,0.0,-0.2864,-0.09595,0.262,0.0,2.328,-0.6465,-0.0904,-0.3103,0.47,0.1487,0.5347,0.4648,-0.1934,-0.10547,0.0638,-0.2122,0.05423,0.1381,0.1266,0.0,0.0,0.1261,0.0,-0.0465,0.771,1.0,0.0,0.0,0.0,0.911,2.0,1.0,0.5,-0.615,0.1743,1.0,0.0,0.0,-0.5,0.0,0.0,0.0,0.8564
0.1349,0.1343,0.1359,-0.1937,0.149,-0.529,0.891,-0.969,0.2079,0.1278,0.2172,-0.3513,0.857,0.297,0.0,0.0,-0.2181,-0.02794,0.2184,0.0,2.33,-0.5977,-0.02429,-0.2568,0.1912,0.1598,0.7275,-0.451,-0.2285,0.4648,0.4355,0.0745,-0.0867,0.1387,0.1272,0.0,0.0,0.1284,0.0,-0.0592,0.515,0.0,0.0,0.0,0.0,-1.225,1.0,1.0,0.5,-0.3733,-0.07166,0.0,1.0,0.0,-0.5,0.0,0.0,0.0,-1.142
0.1372,0.1367,0.1383,-0.4849,0.4458,-0.529,0.891,-0.969,0.501,0.2396,0.2411,1.139,0.857,0.297,0.0,0.0,-0.318,-0.1383,0.2905,0.0,2.334,-0.2573,0.03622,-0.2008,0.4893,0.1735,0.5645,0.75,-0.2286,-0.451,-0.10547,0.0638,0.4124,0.1417,0.1284,0.0,0.0,0.1313,0.0,-0.0386,1.025,1.0,0.0,0.0,0.0,1.634,1.0,1.0,1.0,-0.616,0.2546,1.0,0.0,0.0,-0.5,0.0,0.0,0.0,1.535
0.1395,0.139,0.1406,-0.457,0.418,-0.529,0.891,-0.969,0.451,0.2476,0.2673,0.05368,0.857,0.297,0.0,0.0,-0.3237,-0.1475,0.2976,0.0,2.336,-0.595,0.0891,-0.1442,0.4495,0.1885,0.4177,0.07306,-0.2319,0.75,0.4648,0.4355,0.4204,0.1449,0.1296,0.0,0.0,0.134,0.0,-0.03668,1.176,1.0,0.0,0.0,0.0,0.134,1.0,1.0,1.5,-0.59,0.2277,2.0,0.0,0.0,-0.5,0.0,0.0,0.0,0.1243
0.1415,0.141,0.1426,-0.3513,0.3103,-0.529,0.891,-0.969,0.3135,0.2268,0.292,-0.12317,0.857,0.297,0.0,0.0,-0.3035,-0.1293,0.2864,0.0,2.338,-0.9326,0.1213,-0.0906,0.3323,0.2006,0.1617,-0.1146,-0.2236,0.07306,-0.4507,-0.1054,0.546,0.1475,0.1306,0.0,0.0,0.1362,0.0,-0.04,1.065,1.0,0.0,0.0,0.0,-0.2207,1.0,0.5,1.0,-0.4893,0.12256,0.0,1.0,0.0,-0.5,0.0,0.0,0.0,-0.2046
0.1415,0.141,0.1426,0.12225,-0.1715,-0.529,0.6655,-0.969,-0.2167,0.0741,0.306,-1.214,0.7144,0.297,-1.0,0.0,-0.1564,0.012245,0.1919,0.0,2.342,-0.09424,0.1309,-0.04254,-0.2014,0.2119,0.3716,-0.971,-0.2383,-0.1146,0.75,0.4648,-0.2122,0.1466,0.131,0.0,0.0,0.1371,0.0,-0.0673,0.4558,0.0,0.0,0.0,0.0,-2.785,0.0,0.5,1.0,-0.013985,-0.3206,0.0,2.0,0.0,-0.5,0.0,0.0,0.0,-2.586
0.1414,0.1407,0.1426,0.1642,-0.2167,-0.698,0.616,-0.969,-0.2927,0.05722,0.314,0.966,0.5713,0.297,-1.0,0.0,-0.1426,0.03111,0.1827,0.0,2.344,-0.664,0.1141,-0.002863,-0.28,0.2186,0.335,-0.0955,-0.2445,-0.971,0.073,-0.4507,0.0745,0.1456,0.1312,0.0,0.0,0.1377,0.0,-0.07007,0.2603,0.0,0.0,0.0,0.0,-0.2362,0.0,0.0,0.5,0.00999,-0.382,0.0,3.0,0.0,-0.5,0.0,0.0,0.0,-0.2229
0.1436,0.143,0.1447,-0.4033,0.3596,-0.698,0.616,-0.9287,0.2832,0.252,0.3315,-3.412,0.5713,0.297,0.0,0.0,-0.3135,-0.1671,0.3076,0.0,2.346,-0.2607,0.0826,0.0366,0.2751,0.2338,0.294,1.308,-0.2157,-0.0955,-0.1146,0.75,0.0638,0.1469,0.1326,0.0,0.0,0.1395,0.0,-0.0344,0.5503,0.0,0.0,0.0,0.0,4.5,0.0,0.0,0.5,-0.4841,0.2301,1.0,0.0,0.0,-0.5,1.0,0.0,2.826,4.254
0.1462,0.1456,0.1473,-0.5566,0.5176,-0.4866,0.616,-0.9434,0.4612,0.3223,0.3481,0.6333,0.5713,0.297,0.0,0.0,-0.377,-0.2324,0.3545,0.0,2.348,-0.6313,0.05243,0.07025,0.446,0.2466,0.0855,0.4785,-0.1829,1.308,-0.9707,0.073,0.4353,0.1505,0.1345,0.0,0.0,0.142,0.0,-0.02113,0.535,0.0,0.0,0.0,0.0,1.276,0.0,0.0,0.5,-0.6157,0.3994,2.0,0.0,0.0,-0.5,0.0,0.0,0.0,1.181
0.1492,0.1487,0.1503,-0.6133,0.5776,-0.336,0.616,-0.9165,0.528,0.3628,0.3704,0.2695,0.5713,0.297,0.0,0.0,-0.4102,-0.273,0.3828,0.0,2.352,-0.5938,0.03262,0.0976,0.517,0.261,0.2473,0.289,-0.1587,0.4785,-0.0955,-0.11456,-0.1054,0.1528,0.1366,0.0,0.0,0.145,0.0,-0.0131,0.7256,0.0,0.0,0.0,0.0,0.666,1.0,0.5,1.0,-0.6597,0.469,3.0,0.0,0.0,-0.5,0.0,0.0,0.0,0.6113
0.1532,0.1527,0.1542,-0.845,0.8174,0.0389,0.616,-0.8896,0.7856,0.4695,0.3994,0.5835,0.5713,0.297,0.0,0.0,-0.5,-0.3743,0.454,0.0,2.354,-0.549,0.04416,0.12054,0.767,0.282,0.04816,0.7188,-0.0961,0.289,1.308,-0.9707,0.4646,0.157,0.1394,0.0,0.0,0.1486,0.0,0.007156,0.8706,1.0,0.0,0.0,0.0,2.055,2.0,0.5,1.0,-0.847,0.7393,4.0,0.0,0.0,-0.5,0.0,0.0,0.0,1.878
0.1569,0.1565,0.1577,-0.776,0.7505,0.0707,0.616,-0.881,0.715,0.4724,0.428,0.05658,0.5713,0.297,0.0,0.0,-0.502,-0.378,0.4602,0.0,2.355,-0.9326,0.0773,0.1373,0.699,0.3018,0.4932,0.06088,-0.06934,0.7188,0.4785,-0.09546,-0.4507,0.1616,0.1425,0.0,0.0,0.1522,0.0,0.00875,0.8706,1.0,0.0,0.0,0.0,0.153,3.0,1.0,1.0,-0.8027,0.6504,5.0,0.0,0.0,-0.5,0.0,0.0,0.0,0.1381
0.1604,0.16,0.1613,-0.739,0.7163,0.134,0.616,-0.8687,0.6855,0.4856,0.4534,0.10455,0.5713,0.297,0.0,0.0,-0.512,-0.391,0.4724,0.0,2.36,-0.5923,0.11566,0.1486,0.67,0.3198,0.1538,0.12164,-0.036,0.06088,0.2888,1.307,0.7495,0.169,0.1455,0.0,0.0,0.1556,0.0,0.01208,0.8076,1.0,0.0,0.0,0.0,0.3354,3.0,1.0,1.0,-0.7695,0.6147,5.734,0.0,0.5,-0.5,0.0,0.0,0.0,0.3025
0.1642,0.164,0.1649,-0.7876,0.7676,0.2976,0.616,-0.8774,0.7383,0.529,0.4834,0.2147,0.5713,0.297,0.0,0.0,-0.5493,-0.4294,0.504,0.0,2.361,-0.7866,0.1719,0.1628,0.69,0.3474,0.2322,0.3137,0.01872,0.12164,0.7188,0.4783,0.073,0.1774,0.1487,0.0,0.0,0.159,0.0,0.02086,0.929,1.0,0.0,0.0,0.0,1.331,3.0,1.0,1.5,-0.824,0.6562,5.734,0.0,1.0,-0.5,0.0,0.0,0.0,1.197
0.169,0.1688,0.1697,-1.035,1.025,0.7173,0.616,-0.823,1.024,0.6494,0.5166,0.511,0.5713,0.297,0.0,0.0,-0.645,-0.542,0.585,0.0,2.363,-0.2607,0.2421,0.1906,0.9497,0.3757,0.457,0.805,0.137,0.3137,0.06088,0.2888,-0.11456,0.1847,0.152,0.0,0.0,0.1627,0.0,0.04395,0.9966,1.0,0.0,0.0,0.0,3.059,3.0,1.5,1.5,-1.042,0.927,5.734,0.0,1.5,-0.5,0.0,0.0,0.0,2.738
0.1737,0.1736,0.1743,-0.996,0.9897,0.8105,0.616,-0.8174,0.9736,0.67,0.5576,0.09393,0.5713,0.297,0.0,0.0,-0.661,-0.5605,0.6035,0.0,2.365,-0.544,0.3125,0.2272,0.9233,0.3992,1.337,0.1787,0.2247,0.805,0.12164,0.7188,-0.9707,0.1912,0.1552,0.0,0.0,0.1666,0.0,0.04904,1.2705,1.0,0.0,0.0,0.0,0.4282,3.0,1.5,2.0,-1.036,0.8584,5.734,0.0,2.0,-0.5,0.0,0.0,0.0,0.3782
0.178,0.1779,0.1786,-0.8823,0.8755,0.8105,0.616,-0.8564,0.8545,0.6597,0.5894,0.02295,0.5713,0.297,0.0,0.0,-0.6562,-0.548,0.6025,0.0,2.37,-0.757,0.3777,0.271,0.8223,0.4187,1.692,-0.0099,0.2827,0.1787,0.3135,0.06085,-0.09546,0.197,0.1581,0.0,0.0,0.1707,0.0,0.0486,1.152,1.0,0.0,0.0,0.0,-0.02304,2.0,1.5,1.5,-0.934,0.7407,0.0,1.0,2.0,-0.5,0.0,0.0,0.0,-0.0203
0.1813,0.1813,0.1819,-0.6655,0.6562,0.8105,0.616,-0.8735,0.6143,0.607,0.617,-0.129,0.5713,0.297,0.0,0.0,-0.6143,-0.4995,0.5737,0.0,2.371,-0.9326,0.433,0.3152,0.604,0.435,1.105,-0.2773,0.2998,-0.0099,0.805,0.1216,1.307,0.2001,0.1609,0.0,0.0,0.1742,0.0,0.04028,0.962,1.0,0.0,0.0,0.0,-0.6646,1.0,1.5,1.0,-0.722,0.532,0.0,2.0,2.0,-0.5,0.0,0.0,0.0,-0.5854
0.1848,0.1848,0.1854,-0.7104,0.703,0.8105,0.616,-0.86,0.6445,0.6455,0.65,0.1891,0.5713,0.297,0.0,0.0,-0.645,-0.535,0.6035,0.0,2.373,-0.7837,0.4768,0.3555,0.6646,0.4521,0.9634,0.2886,0.3333,-0.2773,0.1787,0.3135,0.4783,0.2039,0.1642,0.0,0.0,0.1777,0.0,0.04858,1.084,1.0,0.0,0.0,0.0,0.664,1.0,1.5,1.5,-0.7993,0.541,1.0,0.0,2.0,-0.5,0.0,0.0,0.0,0.5874
0.1891,0.189,0.1898,-0.879,0.868,0.8105,0.616,-0.9185,0.7686,0.7314,0.7017,0.3218,0.7144,0.297,0.0,0.0,-0.72,-0.6045,0.6133,1.0,-0.2903,-0.9087,0.5303,0.4038,0.804,0.4336,0.938,0.584,0.3765,0.2886,-0.009895,0.8047,0.2888,0.2089,0.1678,0.0,0.0,0.1819,0.0,0.0656,1.478,1.0,0.0,1.0,0.0,1.527,1.0,1.5,2.0,-0.93,0.734,2.0,0.0,2.0,-0.5,1.0,0.0,1.565,1.345
0.1936,0.1934,0.1943,-0.9253,0.9097,0.8105,0.616,-0.922,0.7524,0.776,0.759,0.1228,0.857,0.297,0.0,0.0,-0.757,-0.6426,0.6133,1.0,-0.2903,-0.7017,0.585,0.4597,0.8105,0.4321,0.6333,0.3335,0.4365,0.584,-0.2773,0.1787,0.7188,0.214,0.1718,0.0,0.0,0.1859,0.0,0.0754,1.478,1.0,0.0,1.0,0.0,0.7715,1.0,1.5,2.0,-1.018,0.727,3.0,0.0,2.0,-0.5,0.0,0.0,0.0,0.673
0.1973,0.1969,0.1982,-0.7393,0.715,0.8105,0.616,-0.969,0.5186,0.734,0.7974,-0.1527,0.857,0.297,0.0,0.0,-0.7305,-0.597,0.5923,0.0,-0.2878,-0.554,0.646,0.5205,0.555,0.4639,0.7627,-0.2048,0.4358,0.3335,0.2886,-0.009895,0.06085,0.2164,0.1755,0.0,0.0,0.1902,0.0,0.0691,1.478,1.0,0.0,0.0,0.0,-0.524,1.0,1.0,2.0,-0.854,0.5225,0.0,1.0,2.0,-0.5,0.0,0.0,0.0,-0.454
0.2003,0.1998,0.2013,-0.598,0.569,0.8105,0.616,-0.969,0.342,0.7026,0.828,-0.1625,0.857,0.297,0.0,0.0,-0.706,-0.57,0.5786,0.0,-0.2854,-0.856,0.686,0.576,0.3875,0.4846,0.8296,-0.137,0.4429,-0.2048,0.584,-0.277,0.1216,0.218,0.1791,0.0,0.0,0.1936,0.0,0.0649,1.442,1.0,0.0,0.0,0.0,-0.262,1.0,0.5,1.5,-0.728,0.371,0.0,2.0,2.0,-0.5,0.0,0.0,0.0,-0.2279
0.2036,0.2031,0.2047,-0.66,0.628,0.8105,0.616,-0.969,0.385,0.7427,0.859,0.2457,0.857,0.297,0.0,0.0,-0.7417,-0.6016,0.6094,0.0,-0.2827,-0.9326,0.7095,0.628,0.4307,0.507,0.741,0.304,0.4502,-0.137,0.3333,0.2883,0.3135,0.2203,0.1825,0.0,0.0,0.1973,0.0,0.0737,1.447,1.0,0.0,0.0,0.0,0.9595,1.0,0.5,1.5,-0.8047,0.4087,1.0,0.0,2.0,-0.5,0.0,0.0,0.0,0.837
0.2065,0.2059,0.2078,-0.5645,0.5283,0.8105,0.616,-0.969,0.279,0.726,0.88,-0.089,0.857,0.297,0.0,0.0,-0.733,-0.5815,0.6045,0.0,-0.2803,-0.9326,0.721,0.6714,0.315,0.5264,0.3005,-0.0488,0.43,0.304,-0.2047,0.584,0.8047,0.2234,0.1855,0.0,0.0,0.201,0.0,0.0721,1.27,1.0,0.0,0.0,0.0,-0.1431,0.0,0.0,1.0,-0.715,0.3103,0.0,1.0,2.0,-0.5,0.0,0.0,0.0,-0.12415
0.209,0.2084,0.2102,-0.4565,0.417,0.8105,0.616,-0.969,0.1554,0.7017,0.8994,-0.2014,0.857,0.297,0.0,0.0,-0.7114,-0.562,0.5947,0.0,-0.2778,-0.7915,0.714,0.701,0.1948,0.5415,0.2444,-0.09766,0.3088,-0.0488,-0.137,0.3333,0.1787,0.2253,0.1887,0.0,0.0,0.2056,0.0,0.069,1.158,1.0,0.0,0.0,0.0,-0.2313,-1.0,-0.5,0.5,-0.6143,0.1995,0.0,2.0,2.0,-0.5,0.0,0.0,0.0,-0.2009
0.2118,0.2112,0.213,-0.535,0.496,0.8105,0.915,-0.956,0.228,0.7437,0.9214,0.4377,0.857,0.297,0.0,0.0,-0.734,-0.612,0.6133,1.0,-0.2903,0.9463,0.699,0.7227,0.2328,0.5527,0.3047,0.313,0.1377,-0.09766,0.304,-0.2047,-0.009895,0.2266,0.192,0.0,0.0,0.2104,0.0,0.07794,1.206,1.0,0.0,0.0,0.0,1.601,0.0,0.0,0.5,-0.6875,0.2783,1.0,0.0,2.0,-1.0,0.0,0.0,0.0,1.393
0.2141,0.2134,0.2153,-0.406,0.3613,0.8105,0.915,-0.969,0.0855,0.7104,0.938,-0.3125,0.857,0.297,0.0,0.0,-0.7085,-0.5806,0.5977,0.0,-0.2878,-0.9243,0.6826,0.7354,0.0727,0.5557,0.583,-0.1556,0.0354,0.313,-0.04877,-0.137,-0.277,0.2266,0.1952,0.0,0.0,0.2141,0.0,0.0732,0.98,1.0,0.0,0.0,0.0,-0.3318,0.0,0.0,0.0,-0.598,0.1106,0.0,1.0,2.0,-1.0,0.0,0.0,0.0,-0.287
0.2156,0.2147,0.2169,-0.2153,0.1664,0.8105,0.915,-0.969,-0.0993,0.65,0.9395,-0.867,0.857,0.297,0.0,0.0,-0.662,-0.5244,0.5645,0.0,-0.2854,-0.341,0.655,0.729,-0.1229,0.5557,0.46,-0.322,-0.0687,-0.1556,-0.09766,0.304,0.2883,0.2262,0.1979,0.0,0.0,0.2169,0.0,0.06335,0.3716,0.0,0.0,0.0,0.0,-0.7207,-1.0,-0.5,-0.5,-0.4114,-0.0739,0.0,2.0,2.0,-1.0,0.0,0.0,0.0,-0.625
0.2153,0.2146,0.2167,0.1783,-0.2308,0.8105,0.5596,-0.947,-0.49,0.5107,0.9287,-17.1,0.7144,0.297,-1.0,0.0,-0.5405,-0.4065,0.4814,0.0,-0.2827,0.00847,0.5996,0.699,-0.517,0.5557,0.0769,-0.814,-0.1794,-0.322,0.313,-0.04877,0.584,0.2239,0.2001,0.0,0.0,0.2188,0.0,0.03894,-0.285,0.0,0.0,0.0,0.0,-2.328,-1.0,-1.0,-1.0,-0.001131,-0.4226,0.0,3.0,2.0,-1.0,0.0,0.0,0.0,-2.031
0.2144,0.2136,0.2156,0.3884,-0.44,0.8105,0.3145,-0.901,-0.697,0.428,0.912,0.747,0.5713,0.297,-1.0,0.0,-0.4653,-0.335,0.4336,0.0,-0.2803,-0.3306,0.5137,0.6523,-0.732,0.5557,-0.2285,-0.4773,-0.2253,-0.814,-0.1556,-0.0976,0.3333,0.2195,0.2018,0.0,0.0,0.2195,0.0,0.0248,-0.508,0.0,0.0,0.0,0.0,-1.14,-1.0,-1.5,-1.0,0.2047,-0.62,0.0,4.0,2.0,-0.5,0.0,0.0,0.0,-1.008
0.2135,0.2129,0.2147,0.3384,-0.3877,0.8105,0.3145,-0.8975,-0.6543,0.4307,0.8994,0.06354,0.4285,0.297,-1.0,0.0,-0.4673,-0.338,0.4395,0.0,-0.2778,-0.83,0.394,0.59,-0.692,0.5557,-0.1976,0.06015,-0.274,-0.4773,-0.3218,0.313,-0.2047,0.2155,0.2037,0.0,0.0,0.2201,0.0,0.0264,-0.3457,0.0,0.0,0.0,0.0,0.136,-1.0,-1.0,-0.5,0.145,-0.582,1.0,0.0,2.0,-0.5,0.0,0.0,0.0,0.1212
0.2125,0.2119,0.2136,0.3782,-0.4255,0.8105,0.3145,-0.891,-0.69,0.4036,0.8823,0.2148,0.2856,0.297,-1.0,0.0,-0.4436,-0.3135,0.4265,0.0,-0.2751,-0.7344,0.2393,0.5103,-0.7373,0.5557,-0.1976,-0.1301,-0.3096,0.06015,-0.814,-0.1556,-0.137,0.2113,0.2052,0.0,0.0,0.2206,0.0,0.02248,-0.587,0.0,0.0,0.0,0.0,-0.2615,-1.0,-1.0,-1.0,0.1572,-0.647,0.0,1.0,2.0,-0.5,0.0,0.0,0.0,-0.2328
0.212,0.2115,0.2133,0.2401,-0.2844,0.8105,0.3145,-0.901,-0.5254,0.438,0.8604,-0.1705,0.1428,0.297,-1.0,0.0,-0.474,-0.3445,0.4524,0.0,-0.2727,-0.8315,0.0814,0.4238,-0.588,0.5557,-0.5205,0.261,-0.336,-0.1301,-0.4773,-0.3218,0.304,0.207,0.2067,0.0,0.0,0.221,0.0,0.02994,-0.826,0.0,0.0,0.0,0.0,0.5283,0.0,-1.0,-1.0,0.02339,-0.512,1.0,0.0,2.0,-0.5,0.0,0.0,0.0,0.4714
0.2128,0.2122,0.2139,-0.024,-0.01717,0.8105,0.3145,-0.881,-0.2144,0.523,0.8413,-0.689,0.0,0.297,-1.0,0.0,-0.5444,-0.4236,0.5107,0.0,-0.2703,-0.3447,-0.0646,0.3352,-0.282,0.5557,-0.588,0.5796,-0.34,0.261,0.06012,-0.814,-0.04877,0.2047,0.2087,0.0,0.0,0.2212,0.0,0.04672,-0.6484,0.0,0.0,0.0,0.0,1.234,1.0,-0.5,-1.0,-0.2046,-0.2258,2.0,0.0,2.0,-0.5,0.0,0.0,0.0,1.097
0.2134,0.2129,0.2145,-0.0212,-0.01897,-0.7886,0.3145,-0.8057,-0.177,0.521,0.826,-0.2693,-0.1428,0.297,-1.0,0.0,-0.5366,-0.4292,0.5137,0.0,-0.2676,0.307,-0.1859,0.2418,-0.2432,0.5522,-0.574,0.0297,-0.3408,0.5796,-0.1301,-0.477,-0.0976,0.2034,0.2113,0.0,0.0,0.2212,0.0,0.04742,-0.53,0.0,0.0,0.0,0.0,0.08044,2.0,0.0,-0.5,-0.2083,-0.2345,3.0,0.0,2.0,-0.5,0.0,0.0,0.0,0.0708
0.2123,0.2118,0.2133,0.415,-0.4565,-0.7886,0.3145,-0.6777,-0.587,0.3657,0.801,7.406,-0.2856,0.297,-1.0,0.0,-0.3914,-0.2986,0.4185,0.0,-0.2651,-0.287,-0.2944,0.139,-0.6343,0.5386,-0.853,-0.9395,-0.304,0.0297,0.261,0.06012,0.3127,0.2017,0.2134,0.0,0.0,0.2205,0.0,0.01944,-0.857,0.0,0.0,0.0,0.0,-3.672,1.0,-0.5,-0.5,0.232,-0.634,0.0,1.0,2.0,-0.5,0.0,0.0,0.0,-3.23
0.2119,0.2114,0.213,0.2244,-0.2632,-0.7886,0.3145,-0.6177,-0.3591,0.4185,0.7764,-0.3867,-0.4285,0.297,-1.0,0.0,-0.432,-0.3533,0.4556,0.0,-0.2627,-0.2002,-0.3594,0.0257,-0.4023,0.527,-0.8784,0.3718,-0.296,-0.9395,0.5796,-0.1301,-0.1556,0.2023,0.2148,0.0,0.0,0.2202,0.0,0.03004,-0.819,0.0,0.0,0.0,0.0,1.132,2.0,0.0,-0.5,0.0699,-0.424,1.0,0.0,2.0,-0.5,0.0,0.0,0.0,1.012
0.2115,0.211,0.2126,0.2203,-0.2598,-0.7886,0.3145,-0.578,-0.3167,0.4114,0.7524,-0.04745,-0.5713,0.297,-1.0,0.0,-0.422,-0.3506,0.4546,0.0,-0.26,-0.6436,-0.3652,-0.09686,-0.3564,0.5156,-0.743,-0.00999,-0.2825,0.3718,0.02968,0.2607,-0.3218,0.2026,0.2161,0.0,0.0,0.2197,0.0,0.0296,-0.805,0.0,0.0,0.0,0.0,-0.0252,1.0,0.0,-0.5,0.06183,-0.4255,0.0,1.0,2.0,-0.5,0.0,0.0,0.0,-0.02238
0.2129,0.2124,0.2139,-0.1625,0.1274,-0.7886,0.3145,-0.548,0.11615,0.5405,0.7407,-2.213,-0.5713,0.297,0.0,0.0,-0.5293,-0.4712,0.5405,0.0,-0.2576,-0.2573,-0.3374,-0.2054,0.0753,0.5117,-0.2257,0.859,-0.2874,-0.00999,-0.9395,0.579,-0.8135,0.2057,0.2177,0.0,0.0,0.2195,0.0,0.0545,-0.309,0.0,0.0,0.0,0.0,2.633,1.0,0.5,0.0,-0.2693,-0.01181,1.0,0.0,2.0,-0.5,0.0,0.0,0.0,2.34
0.2156,0.2151,0.2166,-0.503,0.4714,-0.523,0.3145,-0.65,0.5347,0.67,0.735,2.129,-0.5713,0.297,0.0,0.0,-0.646,-0.5767,0.6133,1.0,-0.2903,0.02646,-0.2844,-0.2869,0.5356,0.489,0.1617,0.857,-0.2727,0.859,0.3718,0.02968,-0.477,0.2103,0.2194,0.0,0.0,0.2197,0.0,0.07965,-0.08435,0.0,0.0,0.0,0.0,2.795,1.0,1.0,0.0,-0.553,0.3677,2.0,0.0,2.0,-0.5,0.0,0.0,0.0,2.447
0.2185,0.218,0.2195,-0.549,0.5215,-0.3914,0.3145,-0.6187,0.641,0.703,0.734,0.3228,-0.5713,0.297,0.0,0.0,-0.6704,-0.6084,0.6133,1.0,-0.2903,-0.513,-0.26,-0.3389,0.641,0.467,0.258,0.2524,-0.2343,0.857,-0.00999,-0.9395,0.06012,0.2142,0.2212,0.0,0.0,0.2205,0.0,0.0871,0.07153,0.0,0.0,0.0,0.0,0.615,2.0,1.0,0.5,-0.602,0.4104,3.0,0.0,2.0,-0.5,0.0,0.0,0.0,0.5312
0.2213,0.221,0.2223,-0.5356,0.511,-0.326,0.3145,-0.6724,0.668,0.7153,0.7393,0.1819,-0.5713,0.297,0.0,0.0,-0.685,-0.6143,0.6133,1.0,-0.2903,-0.9326,-0.2637,-0.3743,0.677,0.4597,0.5054,0.1257,-0.1881,0.2524,0.859,0.3716,-0.1301,0.2183,0.2229,0.0,0.0,0.2213,0.0,0.09076,0.2563,0.0,0.0,0.0,0.0,0.253,2.0,1.5,1.0,-0.627,0.3596,4.0,0.0,2.0,-0.5,0.0,0.0,0.0,0.2174
0.224,0.2236,0.225,-0.499,0.4763,-0.2908,0.3145,-0.7354,0.634,0.7183,0.756,0.0949,-0.4285,0.297,0.0,0.0,-0.6934,-0.611,0.6133,1.0,-0.2903,-0.723,-0.2869,-0.393,0.663,0.4626,0.491,0.0675,-0.1495,0.1257,0.8564,-0.00999,0.2607,0.2251,0.2246,0.0,0.0,0.222,0.0,0.09265,0.7153,0.0,0.0,0.0,0.0,0.1462,3.0,1.5,1.5,-0.615,0.3008,5.0,0.0,2.0,-0.5,0.0,0.0,0.0,0.1255
0.2268,0.2266,0.2277,-0.507,0.4873,-0.2053,0.3145,-0.716,0.625,0.737,0.7812,0.13,-0.2856,0.297,0.0,0.0,-0.7065,-0.6284,0.6133,1.0,-0.2903,-0.1176,-0.3186,-0.402,0.676,0.46,0.2329,0.1638,-0.10236,0.0675,0.2524,0.859,0.579,0.2313,0.2258,0.0,0.0,0.223,0.0,0.0975,1.078,1.0,0.0,0.0,0.0,0.3674,3.0,1.5,2.0,-0.619,0.3157,5.734,0.0,2.0,-0.5,0.0,0.0,0.0,0.315
0.2301,0.2299,0.2308,-0.616,0.6016,0.005024,0.3145,-0.7,0.724,0.7935,0.8105,0.2896,-0.1428,0.297,0.0,0.0,-0.751,-0.6787,0.6133,1.0,-0.2903,-0.589,-0.3416,-0.4033,0.7837,0.4377,0.3408,0.4036,-0.02972,0.1638,0.1256,0.8564,0.02968,0.2388,0.2273,0.0,0.0,0.2245,0.0,0.10956,1.151,1.0,0.0,0.0,0.0,1.034,3.0,1.5,2.0,-0.7095,0.442,5.734,0.0,2.0,-0.5,0.0,0.0,0.0,0.884
0.2338,0.2335,0.2345,-0.705,0.695,0.2041,0.3145,-0.681,0.794,0.847,0.846,0.2344,0.0,0.297,0.0,0.0,-0.7915,-0.726,0.6133,1.0,-0.2903,-0.4666,-0.3206,-0.3914,0.856,0.423,1.181,0.3818,0.05682,0.4036,0.0675,0.2524,-0.939,0.245,0.229,0.0,0.0,0.226,0.0,0.121,1.308,1.0,0.0,0.0,0.0,1.221,3.0,1.5,2.0,-0.788,0.539,5.734,0.0,2.0,-0.5,0.0,0.0,0.0,1.036
0.2358,0.2357,0.2366,-0.3604,0.347,0.2041,0.3145,-0.616,0.3977,0.738,0.8706,-0.3352,0.1428,0.297,0.0,0.0,-0.6987,-0.639,0.5513,0.0,-0.2878,-0.289,-0.2568,-0.3706,0.4663,0.4407,1.17,-0.607,0.09454,0.3818,0.1638,0.1256,0.3716,0.2472,0.2305,0.0,0.0,0.227,0.0,0.1021,0.8613,1.0,0.0,0.0,0.0,-1.894,2.0,1.5,2.0,-0.4626,0.1975,0.0,1.0,2.0,-0.5,0.0,0.0,0.0,-1.598
0.238,0.2379,0.2388,-0.3533,0.34,0.2041,0.3145,-0.6157,0.3733,0.745,0.889,0.09076,0.2856,0.297,0.0,0.0,-0.704,-0.645,0.561,0.0,-0.2854,-0.3552,-0.1676,-0.3398,0.4385,0.4563,1.358,0.0958,0.1351,-0.607,0.4036,0.0675,-0.00999,0.2489,0.2318,0.0,0.0,0.2284,0.0,0.1048,0.7476,0.0,0.0,0.0,0.0,0.3337,2.0,1.5,2.0,-0.4531,0.1937,1.0,0.0,2.0,-0.5,0.0,0.0,0.0,0.2844
0.2401,0.24,0.2408,-0.3438,0.3286,0.2041,0.3145,-0.667,0.342,0.7505,0.908,0.07306,0.4285,0.297,0.0,0.0,-0.7134,-0.645,0.57,0.0,-0.2827,-0.3054,-0.0727,-0.2988,0.4211,0.4688,0.93,0.0861,0.1594,0.0958,0.3818,0.1637,0.8584,0.2505,0.2328,0.0,0.0,0.2307,0.0,0.10724,0.763,1.0,0.0,0.0,0.0,0.2037,2.0,1.5,2.0,-0.4866,0.136,2.0,0.0,2.0,-0.5,0.0,0.0,0.0,0.1735
0.2395,0.2393,0.2404,0.281,-0.3096,0.2041,0.551,-0.635,-0.368,0.5293,0.923,-1.561,0.4285,0.297,-1.0,0.0,-0.528,-0.453,0.436,0.0,-0.2803,-0.10925,0.03607,-0.2393,-0.3208,0.489,0.4392,-1.309,0.12134,0.0861,-0.607,0.4036,0.8564,0.2483,0.2327,0.0,0.0,0.2323,0.0,0.06696,0.5337,0.0,0.0,0.0,0.0,-6.008,1.0,1.5,2.0,0.1527,-0.4377,0.0,1.0,2.0,-0.5,0.0,0.0,0.0,-5.105
0.2408,0.2404,0.2418,-0.1567,0.1279,0.2041,0.551,-0.628,0.02258,0.675,0.9443,-1.552,0.5713,0.297,0.0,0.0,-0.648,-0.583,0.5327,0.0,-0.2778,-0.3372,0.1382,-0.1694,0.06256,0.5063,0.2257,0.967,0.0951,-1.309,0.0958,0.3816,0.2522,0.2483,0.2334,0.0,0.0,0.2346,0.0,0.09564,0.6865,0.0,0.0,0.0,0.0,2.408,1.0,1.5,2.0,-0.2067,0.051,1.0,0.0,2.0,-0.5,0.0,0.0,0.0,2.092
0.2417,0.2411,0.2428,-0.05734,0.01735,0.2041,0.551,-0.646,-0.1361,0.6377,0.9634,-1.12,0.5713,0.297,-1.0,0.0,-0.619,-0.549,0.515,0.0,-0.2751,-0.9175,0.2218,-0.09503,-0.095,0.522,0.1581,-0.173,0.04367,0.967,0.08606,-0.607,0.1256,0.2467,0.2341,0.0,0.0,0.2369,0.0,0.0903,0.607,0.0,0.0,0.0,0.0,-0.2744,1.0,1.0,2.0,-0.1432,-0.09076,0.0,1.0,2.0,-0.5,0.0,0.0,0.0,-0.2346
0.2417,0.2411,0.243,0.11163,-0.159,0.2041,0.551,-0.674,-0.338,0.5728,0.9663,10.73,0.4285,0.297,-1.0,0.0,-0.568,-0.4883,0.48,0.0,-0.2727,-0.6406,0.2808,-0.02298,-0.3162,0.5337,0.1114,-0.347,-0.00807,-0.173,-1.309,0.09576,0.0675,0.243,0.2344,0.0,0.0,0.2386,0.0,0.07965,0.2153,0.0,0.0,0.0,0.0,-0.676,0.0,0.5,1.5,-0.00785,-0.2908,0.0,2.0,2.0,-0.5,0.0,0.0,0.0,-0.5796
0.2422,0.2415,0.2435,0.02348,-0.0715,0.2041,0.551,-0.7534,-0.2485,0.596,0.9604,-0.2969,0.2856,0.297,-1.0,0.0,-0.5947,-0.5015,0.5005,0.0,-0.2703,-0.825,0.2954,0.03928,-0.2429,0.539,-0.0381,0.2036,-0.03302,-0.347,0.967,0.08606,0.1637,0.2416,0.2347,0.0,0.0,0.24,0.0,0.08563,-0.01657,0.0,0.0,0.0,0.0,0.4792,0.0,0.5,1.5,-0.0924,-0.206,1.0,0.0,2.0,-0.5,0.0,0.0,0.0,0.413
0.2438,0.243,0.2451,-0.2434,0.199,0.2041,0.551,-0.753,0.03946,0.688,0.9585,-2.225,0.2856,0.297,0.0,0.0,-0.6704,-0.5825,0.565,0.0,-0.2676,-0.4202,0.28,0.0914,0.04547,0.543,-0.3645,0.6377,-0.04767,0.2036,-0.173,-1.309,0.4033,0.2417,0.2356,0.0,0.0,0.2421,0.0,0.10474,0.1304,0.0,0.0,0.0,0.0,1.47,1.0,0.5,1.5,-0.317,0.08984,2.0,0.0,2.0,-0.5,0.0,0.0,0.0,1.263
0.2448,0.2439,0.246,-0.0734,0.02695,0.2041,0.551,-0.7227,-0.1195,0.628,0.9507,-0.985,0.1428,0.297,-1.0,0.0,-0.618,-0.5327,0.5337,0.0,-0.2651,-0.6606,0.2329,0.1288,-0.1132,0.545,-0.659,-0.306,-0.1599,0.6377,-0.347,0.967,0.3816,0.2407,0.2361,0.0,0.0,0.2446,0.0,0.0952,-0.0473,0.0,0.0,0.0,0.0,-0.666,0.0,0.0,1.0,-0.1448,-0.0668,0.0,1.0,2.0,-0.5,0.0,0.0,0.0,-0.5664
0.2443,0.2437,0.2456,0.2283,-0.2766,0.2041,0.551,-0.657,-0.4143,0.516,0.934,14.88,0.0,0.297,-1.0,0.0,-0.5186,-0.4387,0.4692,0.0,-0.2627,-0.1427,0.1564,0.148,-0.4136,0.5435,-0.258,-0.6343,-0.2644,-0.306,0.2036,-0.173,-0.607,0.2416,0.2363,0.0,0.0,0.2462,0.0,0.0758,-0.3052,0.0,0.0,0.0,0.0,-1.67,0.0,0.0,0.5,0.1628,-0.3403,0.0,2.0,2.0,-0.5,0.0,0.0,0.0,-1.427
0.2444,0.2437,0.2456,0.1164,-0.1636,0.2041,0.551,-0.714,-0.287,0.542,0.9165,-0.3235,-0.1428,0.307,-1.0,0.0,-0.5454,-0.4568,0.4927,0.0,-0.26,-0.7207,0.05923,0.1477,-0.2944,0.542,-0.3904,0.2332,-0.4119,-0.6343,0.6377,-0.347,0.09576,0.2405,0.2368,0.0,0.0,0.248,0.0,0.08264,-0.2795,0.0,0.0,0.0,0.0,0.51,1.0,0.0,0.5,0.04855,-0.2386,1.0,0.0,2.0,-0.5,0.0,0.0,0.0,0.4404
0.2448,0.244,0.2461,0.04117,-0.0882,0.2041,0.551,-0.7197,-0.1799,0.5596,0.897,-0.5405,-0.2856,0.307,-1.0,0.0,-0.561,-0.472,0.5103,0.0,-0.2576,-0.606,-0.04727,0.1304,-0.1947,0.5386,-0.5054,0.1742,-0.4888,0.2332,-0.306,0.2035,0.08606,0.2404,0.238,0.0,0.0,0.2491,0.0,0.0877,-0.3691,0.0,0.0,0.0,0.0,0.4924,1.0,0.0,0.5,-0.03305,-0.176,2.0,0.0,2.0,-0.5,0.0,0.0,0.0,0.4238
0.244,0.2433,0.2454,0.3154,-0.367,0.2041,0.551,-0.6797,-0.4165,0.4524,0.863,4.152,-0.4285,0.317,-1.0,0.0,-0.4666,-0.3787,0.4497,0.0,-0.2551,-0.1385,-0.1477,0.0865,-0.4355,0.528,0.4355,-0.598,-0.4756,0.1742,-0.6343,0.6377,-1.309,0.2396,0.239,0.0,0.0,0.249,0.0,0.06946,-0.7075,0.0,0.0,0.0,0.0,-1.254,0.0,0.0,0.0,0.2244,-0.4517,0.0,1.0,2.0,-0.5,0.0,0.0,0.0,-1.075
0.2452,0.2445,0.2466,-0.1486,0.10315,0.2041,0.551,-0.6807,0.07983,0.6025,0.85,-1.663,-0.4285,0.3267,0.0,0.0,-0.5933,-0.514,0.5522,0.0,-0.2524,-0.1345,-0.2441,0.02953,0.06805,0.5254,-0.2659,1.023,-0.474,-0.598,0.233,-0.306,0.9663,0.241,0.2407,0.0,0.0,0.2495,0.0,0.1,-0.1343,0.0,0.0,0.0,0.0,2.58,1.0,0.0,0.5,-0.1646,0.06396,1.0,0.0,2.0,-0.5,0.0,0.0,0.0,2.236
0.246,0.2452,0.2473,-0.05072,0.003212,0.2041,0.551,-0.6885,0.008255,0.563,0.833,-0.2598,-0.4285,0.3367,0.0,0.0,-0.561,-0.478,0.5356,0.0,-0.25,-0.48,-0.3362,-0.0402,-0.002777,0.5234,-0.1222,-0.1628,-0.4744,1.023,0.1741,-0.634,-0.173,0.2402,0.2424,0.0,0.0,0.2498,0.0,0.09485,-0.2197,0.0,0.0,0.0,0.0,-0.2864,1.0,0.0,0.0,-0.0682,-0.03004,0.0,1.0,2.0,-0.5,0.0,0.0,0.0,-0.244
0.2465,0.2457,0.2479,0.01251,-0.06235,0.2041,0.551,-0.708,-0.0282,0.535,0.815,-0.1812,-0.4285,0.3464,0.0,0.0,-0.5396,-0.4512,0.525,0.0,-0.2474,-0.543,-0.431,-0.1198,-0.04666,0.522,0.1516,-0.10565,-0.4746,-0.1628,-0.598,0.233,-0.347,0.24,0.2439,0.0,0.0,0.2499,0.0,0.09155,-0.2827,0.0,0.0,0.0,0.0,-0.1864,0.0,0.0,-0.5,-0.07153,-0.1631,0.0,2.0,2.0,-0.5,0.0,0.0,0.0,-0.1593
0.2463,0.2455,0.2478,0.1715,-0.2261,0.2041,0.551,-0.777,-0.2128,0.471,0.8115,-2.186,-0.4285,0.3564,-1.0,0.0,-0.4912,-0.3862,0.4907,0.0,-0.245,-0.4207,-0.498,-0.2029,-0.2417,0.5283,0.03378,-0.337,-0.4697,-0.10565,1.023,0.1741,0.2035,0.2405,0.2448,0.0,0.0,0.2494,0.0,0.0812,0.0688,0.0,0.0,0.0,0.0,-0.7495,-1.0,-0.5,-0.5,0.04678,-0.359,0.0,3.0,2.0,-0.5,0.0,0.0,0.0,-0.6416
0.2462,0.2454,0.2476,0.1674,-0.2225,0.2041,0.551,-0.829,-0.1984,0.4607,0.795,-0.01976,-0.5713,0.3564,-1.0,0.0,-0.487,-0.372,0.4907,0.0,-0.2424,-0.4988,-0.5327,-0.2852,-0.2328,0.5264,-0.4478,0.0,-0.4792,-0.337,-0.1628,-0.598,0.637,0.2405,0.2456,0.0,0.0,0.2487,0.0,0.08105,-0.3267,0.0,0.0,0.0,0.0,0.0,-1.0,-1.0,-1.0,0.03412,-0.365,0.0,0.0,2.0,-0.5,0.0,0.0,0.0,0.0
0.2438,0.243,0.245,0.722,-0.777,-0.8843,0.551,-0.6826,-0.7495,0.257,0.765,7.406,-0.5713,0.3564,-1.0,0.0,-0.296,-0.1956,0.367,0.0,-0.2399,0.119,-0.5195,-0.3557,-0.771,0.5146,-0.2725,-1.2295,-0.4297,0.0,-0.10565,1.022,-0.306,0.2366,0.2462,0.0,0.0,0.2462,0.0,0.04376,-0.6885,0.0,0.0,0.0,0.0,-3.66,-2.0,-1.0,-1.0,0.5986,-0.8657,0.0,1.0,2.0,-0.5,0.0,0.0,0.0,-3.15
0.2411,0.2405,0.2422,0.8037,-0.853,-0.8843,0.4395,-0.67,-0.8433,0.2029,0.737,0.3057,-0.5713,0.3564,-1.0,0.0,-0.246,-0.1445,0.3376,0.0,-0.2374,-0.5547,-0.4739,-0.4146,-0.847,0.5005,0.07904,-0.2964,-0.3376,-1.2295,-0.3367,-0.1628,-0.634,0.2335,0.2465,0.0,0.0,0.2441,0.0,0.03482,-0.672,0.0,0.0,0.0,0.0,-0.883,-2.0,-1.0,-1.0,0.6777,-0.938,0.0,2.0,2.0,-0.5,0.0,0.0,0.0,-0.776
0.2388,0.2383,0.2397,0.707,-0.7495,-0.8843,0.4395,-0.61,-0.7524,0.2057,0.7056,0.006233,-0.5713,0.3665,-1.0,0.0,-0.2432,-0.1531,0.3455,0.0,-0.2349,-0.1155,-0.4126,-0.4502,-0.7417,0.4856,-0.1904,0.07947,-0.2852,-0.2964,0.0,-0.10565,0.233,0.2278,0.2467,0.0,0.0,0.2421,0.0,0.037,-0.732,0.0,0.0,0.0,0.0,0.2133,-1.0,-1.0,-1.0,0.5547,-0.8706,1.0,0.0,2.0,-0.5,0.0,0.0,0.0,0.1884
0.2379,0.2374,0.239,0.3267,-0.365,-0.8843,0.4395,-0.587,-0.3494,0.309,0.675,-0.551,-0.7144,0.3762,-1.0,0.0,-0.3335,-0.254,0.4175,0.0,-0.2323,0.1058,-0.352,-0.4565,-0.337,0.4734,-0.4285,0.734,-0.297,0.07947,-1.229,-0.3367,0.1741,0.2246,0.247,0.0,0.0,0.2406,0.0,0.05844,-0.695,0.0,0.0,0.0,0.0,1.701,0.0,-1.0,-1.0,0.2197,-0.4663,2.0,0.0,2.0,-0.5,0.0,0.0,0.0,1.5
0.2375,0.237,0.2385,0.2389,-0.2773,-0.8843,0.4395,-0.5967,-0.2382,0.3235,0.651,-0.3777,-0.7144,0.3862,-1.0,0.0,-0.3472,-0.2668,0.433,0.0,-0.2299,-0.7134,-0.3037,-0.4302,-0.2255,0.4656,-0.05103,0.1567,-0.2964,0.734,-0.2964,0.0,-0.5977,0.222,0.2467,0.0,0.0,0.2406,0.0,0.0629,-0.528,0.0,0.0,0.0,0.0,0.4436,1.0,-0.5,-0.5,0.1123,-0.407,3.0,0.0,2.0,-0.5,0.0,0.0,0.0,0.3867
0.2384,0.2379,0.2394,-0.06168,0.02682,-0.5654,0.4395,-0.6294,0.07574,0.418,0.644,-2.654,-0.5713,0.3862,0.0,0.0,-0.4324,-0.3518,0.4995,0.0,-0.2273,-0.3442,-0.2737,-0.397,0.10486,0.4636,-0.818,0.6646,-0.305,0.1567,0.0794,-1.229,1.022,0.2223,0.2467,0.0,0.0,0.2402,0.0,0.08264,-0.0204,0.0,0.0,0.0,0.0,1.37,2.0,-0.5,0.0,-0.1477,-0.082,4.0,0.0,2.0,-0.5,0.0,0.0,0.0,1.19
0.2385,0.2379,0.2395,0.1153,-0.1522,-0.5654,0.4395,-0.606,-0.0906,0.3528,0.631,-0.813,-0.4285,0.3862,0.0,0.0,-0.3738,-0.2935,0.4634,0.0,-0.2247,-0.508,-0.258,-0.367,-0.06232,0.4622,-0.7344,-0.3577,-0.3098,0.6646,0.734,-0.2964,-0.1628,0.2216,0.2463,0.0,0.0,0.2397,0.0,0.0717,-0.2484,0.0,0.0,0.0,0.0,-0.52,2.0,-0.5,-0.5,0.02806,-0.2484,0.0,1.0,2.0,-0.5,0.0,0.0,0.0,-0.447
0.2394,0.2389,0.2405,-0.07385,0.0395,-0.5654,0.4395,-0.599,0.1252,0.4114,0.6196,9.79,-0.2856,0.3862,0.0,0.0,-0.424,-0.3486,0.5073,0.0,-0.2222,-0.4106,-0.249,-0.3423,0.17,0.458,-0.7085,0.4375,-0.3064,-0.3577,0.1567,0.0794,-0.10565,0.2255,0.2463,0.0,0.0,0.24,0.0,0.0848,-0.1481,0.0,0.0,0.0,0.0,0.661,2.0,0.0,-0.5,-0.1586,-0.0688,1.0,0.0,2.0,-0.5,0.0,0.0,0.0,0.572
0.2394,0.2389,0.2405,0.1378,-0.1757,-0.5654,0.4395,-0.6304,-0.09436,0.3333,0.611,-0.859,-0.1428,0.3862,0.0,0.0,-0.359,-0.2727,0.4634,0.0,-0.2197,-0.691,-0.2421,-0.3271,-0.045,0.4585,-0.47,-0.4343,-0.3083,0.4375,0.6646,0.7334,-0.3367,0.2289,0.2458,0.0,0.0,0.2396,0.0,0.07153,-0.08655,0.0,0.0,0.0,0.0,-0.815,1.0,0.0,-0.5,0.01014,-0.3142,0.0,1.0,2.0,-0.5,0.0,0.0,0.0,-0.6997
0.2405,0.24,0.2416,-0.1305,0.0943,-0.5654,0.4395,-0.6777,0.2161,0.42,0.597,14.88,-0.1428,0.3862,0.0,0.0,-0.4385,-0.349,0.525,0.0,-0.2172,-0.271,-0.2412,-0.3188,0.2651,0.4558,-0.4902,0.6123,-0.328,-0.4343,-0.3574,0.1567,0.0,0.2338,0.2455,0.0,0.0,0.2393,0.0,0.0897,-0.2467,0.0,0.0,0.0,0.0,1.36,1.0,0.5,-0.5,-0.2179,-0.02135,1.0,0.0,1.5,-0.5,0.0,0.0,0.0,1.177
0.2422,0.2417,0.2433,-0.2551,0.2212,-0.5654,0.4395,-0.696,0.3792,0.4656,0.5903,0.6836,-0.1428,0.3862,0.0,0.0,-0.4795,-0.3894,0.56,0.0,-0.2146,-0.8315,-0.2551,-0.3215,0.412,0.4607,0.4478,0.3464,-0.3147,0.6123,0.4375,0.664,-1.229,0.2377,0.2452,0.0,0.0,0.2395,0.0,0.10004,-0.04306,0.0,0.0,0.0,0.0,0.9785,1.0,1.0,0.0,-0.3232,0.11694,2.0,0.0,1.5,-0.5,1.0,0.0,1.824,0.8374
0.2441,0.2435,0.2451,-0.3,0.2678,-0.5654,0.4395,-0.736,0.4553,0.4873,0.5884,0.3115,-0.1428,0.3862,0.0,0.0,-0.5015,-0.4053,0.5796,0.0,-0.2122,-0.9326,-0.279,-0.33,0.4998,0.4622,0.8057,0.1914,-0.2795,0.3464,-0.4343,-0.3574,-0.2964,0.2417,0.2454,0.0,0.0,0.2406,0.0,0.1058,0.07086,0.0,0.0,0.0,0.0,0.277,2.0,1.5,0.5,-0.374,0.1538,3.0,0.0,1.5,-0.5,0.0,0.0,0.0,0.2357
0.2461,0.2456,0.2472,-0.3276,0.2976,-0.5654,0.4395,-0.782,0.4988,0.504,0.593,0.2267,0.0,0.3862,0.0,0.0,-0.52,-0.416,0.596,0.0,-0.2096,-0.9326,-0.3335,-0.345,0.5625,0.4658,0.9263,0.1621,-0.2397,0.1914,0.6123,0.4373,0.0794,0.2443,0.2456,0.0,0.0,0.2416,0.0,0.11066,0.2766,0.0,0.0,0.0,0.0,0.2698,2.0,1.5,1.0,-0.3928,0.1909,4.0,0.0,1.5,-0.5,0.0,0.0,0.0,0.2289
0.2478,0.2473,0.2488,-0.2615,0.2323,-0.5654,0.4395,-0.8,0.4392,0.4866,0.595,0.03662,0.1428,0.3862,0.0,0.0,-0.5063,-0.3984,0.5913,0.0,-0.207,-0.719,-0.4106,-0.3645,0.511,0.4714,0.579,-0.04758,-0.2097,0.1621,0.3464,-0.434,0.7334,0.2478,0.2457,0.0,0.0,0.2423,0.0,0.1091,0.2542,0.0,0.0,0.0,0.0,-0.0907,2.0,1.0,1.0,-0.3926,0.05908,0.0,1.0,1.5,-0.5,0.0,0.0,0.0,-0.0767
0.2483,0.2478,0.2494,0.01787,-0.0537,-0.5654,0.4395,-0.849,0.1043,0.3896,0.608,-0.5195,0.2856,0.3862,0.0,0.0,-0.4277,-0.3044,0.5347,0.0,-0.2046,-0.273,-0.4724,-0.3816,0.1699,0.4858,0.5923,-0.5522,-0.208,-0.04758,0.1913,0.6123,0.1567,0.2485,0.2463,0.0,0.0,0.2432,0.0,0.092,0.603,0.0,0.0,0.0,0.0,-1.226,1.0,0.5,1.0,-0.1152,-0.2074,0.0,2.0,1.5,-0.5,0.0,0.0,0.0,-1.037
0.2489,0.2483,0.25,-0.00621,-0.03326,-0.5654,0.4395,-0.8545,0.0706,0.3933,0.626,-0.0254,0.4285,0.3862,0.0,0.0,-0.4314,-0.3076,0.5425,0.0,-0.202,-0.623,-0.4563,-0.3938,0.1108,0.5063,0.1782,0.07684,-0.211,-0.5522,0.1621,0.3464,0.664,0.2507,0.2465,0.0,0.0,0.243,0.0,0.0941,0.806,1.0,0.0,0.0,0.0,0.189,1.0,0.5,1.5,-0.1361,-0.1854,1.0,0.0,1.5,-0.5,0.0,0.0,0.0,0.1615
0.2491,0.2484,0.2505,0.0893,-0.1356,-0.5654,0.4395,-0.8667,-0.08575,0.3542,0.64,-0.7803,0.5713,0.3862,0.0,0.0,-0.3984,-0.27,0.523,0.0,-0.1995,-0.3354,-0.3713,-0.3926,-0.0698,0.525,0.4758,-0.1919,-0.2137,0.07684,-0.04755,0.1913,-0.3574,0.2507,0.2465,0.0,0.0,0.2429,0.0,0.0882,0.661,0.0,0.0,0.0,0.0,-0.3923,0.0,0.5,1.0,-0.07117,-0.3135,0.0,1.0,1.5,-0.5,0.0,0.0,0.0,-0.335
0.2498,0.2489,0.251,-0.00531,-0.04333,-0.5654,0.4395,-0.941,-0.0214,0.3792,0.6465,2.545,0.7144,0.3862,0.0,0.0,-0.4268,-0.2861,0.5454,0.0,-0.197,-0.714,-0.2793,-0.378,-0.02277,0.5376,0.1962,0.2214,-0.2087,-0.1919,-0.5522,0.1621,0.4373,0.2502,0.247,0.0,0.0,0.2432,0.0,0.0948,0.501,0.0,0.0,0.0,0.0,0.2898,0.0,0.5,1.0,-0.1548,-0.2167,1.0,0.0,1.5,-0.5,0.0,0.0,0.0,0.248
0.2512,0.2505,0.2527,-0.21,0.1627,-0.5654,0.4395,-0.925,0.1672,0.4473,0.6567,2.35,0.857,0.3862,0.0,0.0,-0.4841,-0.3506,0.596,0.0,-0.1945,-0.592,-0.1923,-0.3552,0.1597,0.5503,0.548,0.4988,-0.1804,0.2214,0.07684,-0.04755,-0.434,0.2507,0.2476,0.0,0.0,0.2441,0.0,0.10986,0.6177,0.0,0.0,0.0,0.0,0.6523,1.0,1.0,1.0,-0.3542,-0.02094,2.0,0.0,1.5,-0.5,0.0,0.0,0.0,0.556
0.2527,0.2517,0.254,-0.1937,0.1467,-0.5654,0.4395,-0.927,0.1511,0.443,0.659,0.0803,0.857,0.3862,0.0,0.0,-0.4807,-0.3464,0.6,0.0,-0.1919,-0.375,-0.1211,-0.3242,0.1425,0.5557,0.1926,0.03806,-0.1543,0.4988,-0.1919,-0.552,0.6123,0.2507,0.2478,0.0,0.0,0.2452,0.0,0.11096,0.397,0.0,0.0,0.0,0.0,0.06067,2.0,1.0,1.0,-0.356,-0.05518,3.0,0.0,1.5,-0.5,0.0,0.0,0.0,0.05133
0.2566,0.256,0.2578,-0.79,0.759,-0.2491,0.4395,-0.8584,0.7827,0.6665,0.6855,2.744,0.857,0.3862,0.0,0.0,-0.662,-0.5537,0.6133,1.0,-0.2903,0.2734,-0.01991,-0.2546,0.726,0.4495,-0.01078,1.483,-0.0659,0.03806,0.2214,0.07684,0.3462,0.2551,0.2491,0.0,0.0,0.249,0.0,0.1561,1.067,1.0,0.0,0.0,0.0,6.844,2.0,1.0,1.5,-0.865,0.6055,4.0,0.0,1.5,-0.5,1.0,0.0,3.799,5.766
0.2607,0.26,0.2617,-0.7627,0.7363,-0.1718,0.915,-0.8745,0.7656,0.679,0.708,0.1221,0.857,0.3862,0.0,0.0,-0.674,-0.563,0.6133,1.0,-0.2903,-0.6025,0.0716,-0.1747,0.7173,0.4514,-0.01294,0.1484,-0.02617,1.483,0.4988,-0.1919,0.1913,0.2617,0.251,0.0,0.0,0.2532,0.0,0.1606,1.01,1.0,0.0,0.0,0.0,0.3174,3.0,1.0,1.5,-0.8564,0.5645,5.0,0.0,1.5,-0.5,0.0,0.0,0.0,0.2617
0.2646,0.2642,0.2656,-0.7544,0.7305,-0.0753,0.915,-0.8804,0.745,0.698,0.74,0.1173,0.857,0.3862,0.0,0.0,-0.69,-0.579,0.6133,1.0,-0.2903,-0.679,0.152,-0.0949,0.7344,0.4478,0.003595,0.185,-0.00193,0.1484,0.03806,0.2213,0.1621,0.2683,0.253,0.0,0.0,0.2573,0.0,0.1664,1.36,1.0,0.0,0.0,0.0,0.2244,3.0,1.0,2.0,-0.8716,0.534,5.734,0.0,1.5,-0.5,0.0,0.0,0.0,0.1846
0.268,0.2676,0.269,-0.6367,0.613,-0.0753,0.915,-0.9165,0.6187,0.6753,0.7627,-0.01805,0.857,0.3862,0.0,0.0,-0.675,-0.556,0.606,0.0,-0.2878,-0.7407,0.2722,0.01602,0.4883,0.4912,0.1804,-0.0738,0.03482,0.185,1.482,0.4985,-0.04755,0.2754,0.2546,0.0,0.0,0.261,0.0,0.1636,1.187,1.0,0.0,0.0,0.0,-0.5625,2.0,1.0,1.5,-0.776,0.4014,0.0,1.0,1.5,-0.5,0.0,0.0,0.0,-0.4617
0.2712,0.2708,0.2722,-0.562,0.5386,-0.0753,0.915,-0.9243,0.5425,0.6655,0.7812,0.02892,0.857,0.3862,0.0,0.0,-0.667,-0.5464,0.606,0.0,-0.2854,-0.716,0.3953,0.1295,0.3506,0.52,0.736,0.0,0.05548,-0.0738,0.1484,0.03802,-0.552,0.2817,0.2568,0.0,0.0,0.2642,0.0,0.163,1.1045,1.0,0.0,0.0,0.0,0.0,1.0,1.0,1.0,-0.717,0.316,0.0,0.0,1.5,-1.0,0.0,0.0,0.0,0.0
0.2756,0.2751,0.2764,-0.8296,0.8154,-0.0753,0.915,-0.8843,0.8413,0.782,0.806,0.6416,0.857,0.3862,0.0,0.0,-0.7583,-0.6514,0.6133,1.0,-0.2903,-0.4187,0.5186,0.2496,0.5845,0.4788,0.859,0.7944,0.152,0.0,0.185,1.482,0.07684,0.289,0.2588,0.0,0.0,0.2678,0.0,0.1874,1.245,1.0,0.0,0.0,0.0,7.0,1.0,1.0,1.0,-0.938,0.6226,1.0,0.0,1.5,-1.0,1.0,0.0,2.229,5.75
0.2795,0.2793,0.2803,-0.7573,0.7476,-0.0753,0.915,-0.833,0.774,0.7783,0.829,0.0656,0.857,0.3862,0.0,0.0,-0.7505,-0.653,0.6133,1.0,-0.2903,-0.3582,0.6074,0.3547,0.526,0.491,1.239,0.0547,0.2045,0.7944,-0.0738,0.1483,-0.1918,0.2964,0.261,0.0,0.0,0.2717,0.0,0.1888,1.225,1.0,0.0,0.0,0.0,0.2318,1.0,1.5,1.0,-0.873,0.5527,2.0,0.0,1.5,-1.0,0.0,0.0,0.0,0.188
0.2825,0.2822,0.2832,-0.478,0.4666,-0.0753,0.915,-0.804,0.4692,0.6934,0.847,-0.2329,0.857,0.3862,0.0,0.0,-0.679,-0.582,0.568,0.0,-0.2878,-0.733,0.6523,0.4368,0.2544,0.5015,1.329,-0.4463,0.2234,0.0547,0.0,0.1849,0.2213,0.2983,0.263,0.0,0.0,0.2747,0.0,0.1743,0.9106,1.0,0.0,0.0,0.0,-1.242,0.0,1.0,1.0,-0.6167,0.268,0.0,1.0,1.5,-1.0,0.0,0.0,0.0,-1.006
0.2847,0.2844,0.2856,-0.4,0.3845,-0.0753,0.915,-0.833,0.3499,0.6733,0.872,-0.0808,0.857,0.3862,0.0,0.0,-0.6655,-0.5625,0.563,0.0,-0.2854,-0.658,0.672,0.502,0.1757,0.5137,1.158,-0.04587,0.1971,-0.4463,0.794,-0.0738,0.4985,0.2996,0.2651,0.0,0.0,0.278,0.0,0.1726,1.296,1.0,0.0,0.0,0.0,-0.1414,0.0,0.5,1.0,-0.544,0.1862,0.0,2.0,1.5,-1.0,0.0,0.0,0.0,-0.1153
0.2876,0.287,0.2883,-0.476,0.4583,-0.0753,0.915,-0.867,0.3923,0.709,0.9,0.2428,0.857,0.3862,0.0,0.0,-0.6978,-0.59,0.593,0.0,-0.2827,-0.9326,0.6807,0.55,0.258,0.5264,1.292,0.294,0.2043,-0.04587,0.0547,0.0,0.03802,0.3013,0.2673,0.0,0.0,0.2812,0.0,0.1819,1.337,1.0,0.0,0.0,0.0,0.523,1.0,0.5,1.0,-0.609,0.2666,1.0,0.0,1.5,-1.0,0.0,0.0,0.0,0.4272
0.29,0.2896,0.2913,-0.4316,0.4072,-0.0753,0.915,-0.905,0.295,0.701,0.93,-0.0673,0.857,0.3862,0.0,0.0,-0.695,-0.5796,0.5957,0.0,-0.2803,-0.8096,0.6772,0.585,0.2112,0.539,0.3538,0.0274,0.2144,0.294,-0.446,0.794,1.482,0.3032,0.2705,0.0,0.0,0.2842,0.0,0.1826,1.478,1.0,0.0,0.0,0.0,0.0463,1.0,0.5,1.5,-0.574,0.2083,2.0,0.0,1.5,-1.0,0.0,0.0,0.0,0.03763
0.2942,0.2937,0.2952,-0.7593,0.738,-0.0753,0.915,-0.8564,0.6035,0.8345,0.9707,0.9683,0.857,0.3862,0.0,0.0,-0.7974,-0.6987,0.6133,1.0,-0.2903,-0.03207,0.6523,0.6035,0.592,0.4773,0.3113,0.895,0.2742,0.0274,-0.04587,0.05466,0.1483,0.3079,0.2744,0.0,0.0,0.2876,0.0,0.211,1.478,1.0,0.0,0.0,0.0,2.025,1.0,0.5,1.5,-0.8594,0.559,3.0,0.0,1.5,-1.0,0.0,0.0,0.0,1.6455
0.2969,0.2964,0.298,-0.47,0.4402,-0.0753,0.915,-0.824,0.264,0.743,0.997,-0.3755,0.857,0.3862,0.0,0.0,-0.7217,-0.6235,0.5645,0.0,-0.2878,-0.2405,0.604,0.6064,0.2998,0.4888,0.299,-0.4768,0.29,0.895,0.2937,-0.446,0.1849,0.3086,0.278,0.0,0.0,0.2905,0.0,0.1953,1.1455,1.0,0.0,0.0,0.0,-1.332,1.0,0.0,1.0,-0.5635,0.2915,0.0,1.0,1.5,-1.0,0.0,0.0,0.0,-1.066
0.299,0.2983,0.3005,-0.3655,0.3252,-0.0753,0.915,-0.846,0.11145,0.711,1.0205,-0.298,0.857,0.3862,0.0,0.0,-0.6973,-0.5938,0.5522,0.0,-0.2854,-0.6904,0.5166,0.593,0.1936,0.499,0.4355,-0.1179,0.2847,-0.4768,0.0274,-0.04587,-0.0737,0.309,0.281,0.0,0.0,0.2935,0.0,0.1914,1.054,1.0,0.0,0.0,0.0,-0.2522,1.0,0.0,0.5,-0.53,0.1077,0.0,2.0,1.5,-1.0,0.0,0.0,0.0,-0.2035
0.2998,0.299,0.3013,-0.02388,-0.02322,-0.0753,0.5723,-0.9043,-0.2399,0.5894,1.016,-1.558,0.7144,0.3862,-1.0,0.0,-0.6025,-0.481,0.4841,0.0,-0.2827,-0.4595,0.4326,0.569,-0.1831,0.5093,0.511,-0.6724,0.211,-0.1179,0.895,0.2937,0.0,0.3088,0.2834,0.0,0.0,0.2961,0.0,0.1697,0.1489,0.0,0.0,0.0,0.0,-1.784,0.0,0.0,0.0,-0.181,-0.2063,0.0,3.0,1.5,-1.0,0.0,0.0,0.0,-1.442
0.2998,0.2988,0.3013,0.1621,-0.2108,-0.0753,0.3738,-0.845,-0.4287,0.516,1.003,1.804,0.5713,0.3862,-1.0,0.0,-0.5356,-0.421,0.4453,0.0,-0.2803,-0.2913,0.3152,0.5347,-0.3708,0.5093,-0.08484,-0.386,0.1231,-0.6724,-0.4768,0.0274,0.794,0.3074,0.2852,0.0,0.0,0.2983,0.0,0.1572,-0.1329,0.0,0.0,0.0,0.0,-0.814,-1.0,-0.5,-0.5,0.003624,-0.3809,0.0,4.0,1.5,-0.5,0.0,1.0,-1.583,-0.6655
0.2983,0.2976,0.2998,0.4512,-0.4988,-0.0753,0.04102,-0.773,-0.7153,0.4026,0.9795,1.145,0.4285,0.3862,-1.0,0.0,-0.432,-0.3237,0.3804,0.0,-0.2778,-0.0019045,0.1511,0.4868,-0.6665,0.506,-0.1976,-0.6475,0.00996,-0.386,-0.1179,0.8945,0.05466,0.3035,0.2866,0.0,0.0,0.3,0.0,0.1366,-0.5083,0.0,0.0,0.0,0.0,-1.352,-2.0,-1.0,-1.0,0.303,-0.6353,0.0,5.0,1.5,0.0,0.0,0.0,0.0,-1.112
0.2974,0.2969,0.2988,0.3474,-0.3914,-0.0753,0.04102,-0.766,-0.6143,0.4187,0.96,-0.04126,0.2856,0.3862,-1.0,0.0,-0.4456,-0.3396,0.3972,0.0,-0.2751,-0.6206,0.02744,0.4258,-0.598,0.5083,0.0302,0.1683,-0.10785,-0.6475,-0.6724,-0.4768,-0.446,0.2998,0.288,0.0,0.0,0.3015,0.0,0.1417,-0.3953,0.0,0.0,0.0,0.0,0.3433,-1.0,-0.5,-0.5,0.2135,-0.5205,1.0,0.0,1.5,0.0,0.0,0.0,0.0,0.2856
0.2976,0.2969,0.2988,0.1098,-0.15,-0.0753,0.04102,-0.743,-0.3728,0.487,0.9473,-0.3877,0.1428,0.3862,-1.0,0.0,-0.502,-0.4043,0.446,0.0,-0.2727,-0.764,-0.07227,0.355,-0.4053,0.5176,-0.01006,0.4944,-0.208,0.1683,-0.386,-0.11786,-0.04584,0.295,0.29,0.0,0.0,0.3032,0.0,0.1571,-0.1748,0.0,0.0,0.0,0.0,1.056,0.0,0.0,0.0,-0.02585,-0.2996,2.0,0.0,1.5,0.0,1.0,0.0,1.412,0.8755
0.3008,0.3003,0.302,-0.576,0.5493,-0.0753,0.04102,-0.6406,0.3843,0.7314,0.9453,-3.08,0.1428,0.3862,0.0,0.0,-0.696,-0.6313,0.607,0.0,-0.2703,0.9146,-0.1321,0.2632,0.3428,0.523,-0.2747,1.609,-0.287,0.4944,-0.6475,-0.6724,0.2937,0.2961,0.2927,0.0,0.0,0.3066,0.0,0.2076,0.1165,0.0,0.0,0.0,0.0,5.62,1.0,0.0,0.0,-0.5933,0.4758,3.0,0.0,1.5,0.0,0.0,0.0,0.0,4.625
0.3042,0.3037,0.3052,-0.588,0.5635,-0.0753,0.04102,-0.671,0.4482,0.7505,0.9443,0.2834,0.1428,0.3862,0.0,0.0,-0.7134,-0.6445,0.6133,1.0,-0.2903,-0.663,-0.1857,0.1735,0.4321,0.5107,-0.2285,0.1892,-0.2463,1.609,0.1683,-0.386,0.02739,0.2983,0.2954,0.0,0.0,0.3086,0.0,0.2136,0.1589,0.0,0.0,0.0,0.0,0.3965,2.0,0.0,0.0,-0.619,0.4736,4.0,0.0,0.5,0.0,0.0,0.0,0.0,0.3176
0.3066,0.3062,0.3076,-0.4055,0.38,-0.0753,0.04102,-0.681,0.2815,0.6963,0.946,-0.182,0.1428,0.3862,0.0,0.0,-0.6704,-0.5967,0.587,0.0,-0.2878,-0.7207,-0.2344,0.077,0.2559,0.5205,-0.8525,-0.2605,-0.2302,0.1892,0.4941,-0.6475,0.8945,0.3015,0.2976,0.0,0.0,0.3103,0.0,0.205,0.2333,0.0,0.0,0.0,0.0,-0.716,2.0,-0.5,0.0,-0.4375,0.3032,0.0,1.0,0.5,0.0,0.0,0.0,0.0,-0.572
0.3086,0.308,0.3096,-0.2708,0.244,-0.1344,0.04102,-0.6714,0.1559,0.6543,0.9463,-0.2042,0.1428,0.3862,0.0,0.0,-0.6353,-0.561,0.5674,0.0,-0.2854,-0.609,-0.2764,-0.03247,0.126,0.5283,-0.4824,-0.1895,-0.2238,-0.2605,1.609,0.1683,-0.4766,0.3054,0.2996,0.0,0.0,0.3113,0.0,0.1986,0.1735,0.0,0.0,0.0,0.0,-0.3242,1.0,-0.5,0.0,-0.3167,0.1627,0.0,2.0,0.5,0.0,0.0,0.0,0.0,-0.26
0.3105,0.3103,0.3115,-0.3235,0.3015,-0.1344,0.04102,-0.5576,0.2345,0.6777,0.945,0.4614,0.1428,0.3862,0.0,0.0,-0.644,-0.5923,0.5894,0.0,-0.2827,0.3464,-0.3054,-0.10925,0.1959,0.536,-0.3767,0.2172,-0.215,-0.1895,0.1891,0.4941,-0.11786,0.312,0.3018,0.0,0.0,0.313,0.0,0.2054,0.1511,0.0,0.0,0.0,0.0,0.6064,1.0,0.0,0.0,-0.359,0.2277,1.0,0.0,0.5,0.0,0.0,0.0,0.0,0.4878
0.313,0.3127,0.314,-0.375,0.3567,-0.1344,0.04102,-0.4983,0.3105,0.702,0.947,0.3809,0.1428,0.3862,0.0,0.0,-0.659,-0.6196,0.613,0.0,-0.2803,-0.3127,-0.3164,-0.1674,0.2634,0.5454,0.1941,0.2253,-0.2012,0.2172,-0.2603,1.609,-0.6724,0.3186,0.3047,0.0,0.0,0.3147,0.0,0.2125,0.2114,0.0,0.0,0.0,0.0,0.5156,1.0,0.5,0.0,-0.4436,0.2426,2.0,0.0,0.5,0.0,0.0,0.0,0.0,0.4136
0.3147,0.3142,0.3157,-0.2404,0.2184,-0.1344,0.04102,-0.567,0.215,0.6597,0.9336,-0.10297,0.1428,0.3862,0.0,0.0,-0.6304,-0.575,0.5923,0.0,-0.2778,-0.8545,-0.3274,-0.2046,0.1671,0.545,0.606,-0.1976,-0.1858,0.2253,-0.1893,0.1891,-0.386,0.3232,0.3071,0.0,0.0,0.3154,0.0,0.206,-0.1692,0.0,0.0,0.0,0.0,-0.2515,0.0,0.5,-0.5,-0.3313,0.0906,0.0,1.0,0.5,0.0,0.0,0.0,0.0,-0.2008
0.3157,0.3152,0.3167,-0.07,0.04495,-0.1344,0.04102,-0.6016,0.0598,0.6,0.924,-0.3726,0.1428,0.3862,0.0,0.0,-0.5845,-0.5195,0.561,0.0,-0.2751,-0.7173,-0.3384,-0.239,0.02621,0.543,1.233,-0.3064,-0.1816,-0.1976,0.217,-0.2603,-0.6475,0.3223,0.3096,0.0,0.0,0.3157,0.0,0.196,-0.10126,0.0,0.0,0.0,0.0,-0.545,0.0,0.5,-0.5,-0.161,-0.0699,0.0,2.0,0.5,0.0,0.0,0.0,0.0,-0.4368
0.3164,0.316,0.3174,0.001926,-0.02826,-0.1344,0.04102,-0.615,-0.001488,0.5713,0.914,-0.2413,0.1428,0.3862,0.0,0.0,-0.5615,-0.4927,0.549,0.0,-0.2727,-0.875,-0.3462,-0.2764,-0.03146,0.543,1.254,-0.11774,-0.1855,-0.3064,0.2253,-0.1893,0.1682,0.3203,0.3118,0.0,0.0,0.3164,0.0,0.192,-0.10126,0.0,0.0,0.0,0.0,-0.1815,0.0,0.0,-0.5,-0.1224,-0.1737,0.0,3.0,0.5,0.0,0.0,0.0,0.0,-0.1462
0.3167,0.3162,0.3176,0.0865,-0.11584,-0.1344,0.04102,-0.6655,-0.103,0.535,0.9116,-0.837,0.2856,0.3862,0.0,0.0,-0.5356,-0.4553,0.532,0.0,-0.2703,-0.9326,-0.3438,-0.3113,-0.131,0.5474,1.001,-0.1633,-0.1931,-0.11774,-0.1975,0.217,0.4941,0.3186,0.3137,0.0,0.0,0.317,0.0,0.1868,0.1255,0.0,0.0,0.0,0.0,-0.2382,-1.0,-0.5,-0.5,-0.05362,-0.272,0.0,4.0,0.5,0.0,0.0,0.0,0.0,-0.1923
0.3176,0.317,0.3186,-0.06525,0.0343,-0.1344,0.04102,-0.739,0.02405,0.581,0.9185,11.64,0.4285,0.3862,0.0,0.0,-0.5806,-0.4895,0.5684,0.0,-0.2676,-0.7793,-0.338,-0.336,-0.004417,0.5557,-0.1725,0.355,-0.1908,-0.1633,-0.3064,0.2253,1.608,0.3188,0.3157,0.0,0.0,0.3176,0.0,0.198,0.4514,0.0,0.0,0.0,0.0,0.4165,-1.0,-0.5,0.0,-0.2092,-0.1377,1.0,0.0,0.5,0.0,0.0,0.0,0.0,0.3372
0.318,0.3174,0.3193,-0.001828,-0.0379,-0.1344,0.04102,-0.8135,-0.0948,0.5537,0.934,-0.7935,0.5713,0.3862,0.0,0.0,-0.5645,-0.4578,0.557,0.0,-0.2651,-0.9326,-0.3303,-0.3457,-0.11926,0.5557,-0.3435,-0.1086,-0.1909,0.355,-0.11774,-0.1975,0.1891,0.3179,0.3167,0.0,0.0,0.318,0.0,0.1945,0.7783,1.0,0.0,0.0,0.0,-0.1116,-1.0,-1.0,0.0,-0.149,-0.2085,0.0,1.0,0.5,0.0,0.0,0.0,0.0,-0.0898
0.319,0.318,0.3206,-0.064,0.01689,-0.1344,0.04102,-0.845,-0.07996,0.57,0.9497,0.9443,0.7144,0.3862,0.0,0.0,-0.581,-0.4695,0.5737,0.0,-0.2627,-0.9326,-0.31,-0.3376,-0.1081,0.5557,-0.179,0.1631,-0.1993,-0.1086,-0.1633,-0.3062,-0.2603,0.3167,0.3176,0.0,0.0,0.3179,0.0,0.1996,0.7783,1.0,0.0,0.0,0.0,0.174,0.0,-0.5,0.0,-0.2202,-0.1683,1.0,0.0,0.5,0.0,0.0,0.0,0.0,0.1403
0.3203,0.3193,0.322,-0.1477,0.0939,-0.1344,0.04102,-0.881,-0.02525,0.596,0.962,1.847,0.857,0.3862,0.0,0.0,-0.606,-0.4895,0.5967,0.0,-0.26,-0.7217,-0.271,-0.3154,-0.05795,0.5557,-0.0381,0.226,-0.1887,0.1631,0.3547,-0.1177,-0.1893,0.317,0.3186,0.0,0.0,0.318,0.0,0.2068,0.6997,0.0,0.0,0.0,0.0,0.3096,1.0,0.0,0.0,-0.3655,-0.1648,2.0,0.0,0.5,0.0,0.0,0.0,0.0,0.2489
0.3215,0.3203,0.323,-0.1259,0.0705,-0.1344,0.04102,-0.969,-0.0221,0.5874,0.951,0.1815,0.857,0.3862,0.0,0.0,-0.6147,-0.4648,0.5977,0.0,-0.2576,-0.831,-0.244,-0.2937,-0.0712,0.5557,-0.1876,0.009,-0.1781,0.226,-0.1085,-0.1633,0.217,0.3179,0.3196,0.0,0.0,0.3188,0.0,0.207,-0.1077,0.0,0.0,0.0,0.0,0.00941,2.0,0.0,0.0,-0.354,-0.1979,3.0,0.0,0.5,0.0,0.0,0.0,0.0,0.007534
0.3215,0.3206,0.3232,0.10077,-0.1592,-0.1344,0.04102,-0.969,-0.2266,0.5034,0.93,-2.268,0.7144,0.3862,-1.0,0.0,-0.5405,-0.3923,0.551,0.0,-0.2551,-0.338,-0.2462,-0.2783,-0.2822,0.5557,-0.3608,-0.4592,-0.1921,0.009,0.1631,0.3547,0.2252,0.3179,0.3203,0.0,0.0,0.3196,0.0,0.192,-0.5977,0.0,0.0,0.0,0.0,-0.728,1.0,-0.5,-0.5,-0.1317,-0.4148,0.0,1.0,0.5,0.0,0.0,0.0,0.0,-0.583
0.3213,0.3203,0.323,0.1799,-0.2389,-0.1344,0.04102,-0.969,-0.2925,0.4656,0.9106,0.792,0.5713,0.3862,-1.0,0.0,-0.51,-0.3562,0.533,0.0,-0.2524,-0.9326,-0.2585,-0.2764,-0.3416,0.5557,-0.2507,-0.1724,-0.2308,-0.4592,0.226,-0.1085,-0.1975,0.3179,0.3206,0.0,0.0,0.3206,0.0,0.1864,-0.5425,0.0,0.0,0.0,0.0,-0.2235,1.0,-0.5,-0.5,-0.05893,-0.495,0.0,2.0,0.5,0.0,0.0,0.0,0.0,-0.1803
0.3203,0.3193,0.322,0.3503,-0.4092,-0.1344,0.6978,-0.969,-0.4583,0.3943,0.8896,1.167,0.4285,0.3862,-1.0,0.0,-0.448,-0.2915,0.4937,0.0,-0.25,-0.5737,-0.279,-0.2898,-0.503,0.5557,-0.05246,-0.391,-0.336,-0.1724,0.009,0.1631,-0.3062,0.316,0.3203,0.0,0.0,0.322,0.0,0.1737,-0.66,0.0,0.0,0.0,0.0,-0.636,0.0,-0.5,-0.5,0.1085,-0.6553,0.0,3.0,0.5,0.0,0.0,0.0,0.0,-0.515
0.3198,0.3188,0.3215,0.2318,-0.2896,-0.1344,0.6978,-0.969,-0.3264,0.4192,0.868,-0.278,0.2856,0.3862,-1.0,0.0,-0.4778,-0.306,0.5156,0.0,-0.2474,-0.626,-0.3027,-0.313,-0.3652,0.5557,-0.0115,0.2198,-0.4595,-0.391,-0.459,0.2258,-0.1177,0.3147,0.3206,0.0,0.0,0.3232,0.0,0.1807,-0.66,0.0,0.0,0.0,0.0,0.2664,0.0,0.0,-0.5,-0.002533,-0.537,1.0,0.0,0.5,0.0,0.0,0.0,0.0,0.2169
0.319,0.318,0.3208,0.3071,-0.3662,-0.1344,0.6978,-0.969,-0.3801,0.3796,0.841,0.4216,0.1428,0.3862,-1.0,0.0,-0.448,-0.2644,0.4963,0.0,-0.245,-0.6606,-0.3206,-0.3384,-0.3958,0.5557,0.092,-0.1917,-0.5283,0.2198,-0.1724,0.008995,-0.1632,0.3123,0.3206,0.0,0.0,0.324,0.0,0.1744,-0.97,0.0,0.0,0.0,0.0,-0.2585,-1.0,0.0,-1.0,0.0676,-0.6133,0.0,1.0,0.5,0.0,0.0,0.0,0.0,-0.2097
0.3193,0.3184,0.321,0.0844,-0.141,-0.1344,0.6978,-0.969,-0.1365,0.4438,0.823,-0.8657,0.0,0.3862,-1.0,0.0,-0.501,-0.3267,0.5435,0.0,-0.2424,-0.4465,-0.3381,-0.3643,-0.1434,0.5557,-0.2163,0.4668,-0.532,-0.1917,-0.391,-0.459,0.3547,0.3108,0.3208,0.0,0.0,0.3235,0.0,0.1892,-0.4602,0.0,0.0,0.0,0.0,0.6855,0.0,0.0,-0.5,-0.1323,-0.3806,1.0,0.0,0.5,0.0,0.0,0.0,0.0,0.558
0.3193,0.3184,0.321,0.1368,-0.1942,-1.073,0.6978,-0.969,-0.18,0.4165,0.8076,2.387,-0.1428,0.3862,-1.0,0.0,-0.4788,-0.2996,0.532,0.0,-0.2399,-0.9326,-0.359,-0.3943,-0.1837,0.5557,-0.1495,-0.109,-0.5464,0.4668,0.2197,-0.1724,-0.1085,0.3088,0.321,0.0,0.0,0.3225,0.0,0.1855,-0.3381,0.0,0.0,0.0,0.0,-0.1254,0.0,0.0,-0.5,-0.0838,-0.4338,0.0,1.0,0.5,0.0,0.0,0.0,0.0,-0.1013
0.3193,0.3184,0.3208,0.1323,-0.1892,-1.073,0.6978,-0.969,-0.1702,0.4087,0.7944,-0.02354,-0.2856,0.3862,-1.0,0.0,-0.4683,-0.2964,0.533,0.0,-0.2374,-0.4082,-0.3796,-0.4175,-0.1683,0.5557,-0.2983,0.0091,-0.549,-0.109,-0.1915,-0.391,0.1631,0.3083,0.3206,0.0,0.0,0.322,0.0,0.1858,-0.2515,0.0,0.0,0.0,0.0,0.00968,1.0,0.0,0.0,-0.09625,-0.438,1.0,0.0,0.5,0.0,0.0,0.0,0.0,0.007835
0.319,0.318,0.3208,0.1804,-0.2379,-1.073,0.6978,-0.969,-0.2201,0.3828,0.7827,1.139,-0.4285,0.3862,-1.0,0.0,-0.4458,-0.2722,0.522,0.0,-0.2349,-0.9326,-0.394,-0.4353,-0.2217,0.5557,-0.51,-0.1092,-0.5435,0.0091,0.4668,0.2197,0.2258,0.308,0.3203,0.0,0.0,0.3215,0.0,0.1823,-0.2126,0.0,0.0,0.0,0.0,-0.1145,0.0,-0.5,0.0,-0.06415,-0.5005,0.0,1.0,0.5,0.0,0.0,0.0,0.0,-0.09265
0.3186,0.3174,0.32,0.2607,-0.3188,-1.073,0.6978,-0.969,-0.2913,0.344,0.763,0.8857,-0.5713,0.3862,-1.0,0.0,-0.4124,-0.2354,0.503,0.0,-0.2323,-0.8706,-0.3882,-0.446,-0.2979,0.553,-0.575,-0.1914,-0.5386,-0.1092,-0.109,-0.1915,0.008995,0.3083,0.32,0.0,0.0,0.3206,0.0,0.176,-0.6504,0.0,0.0,0.0,0.0,-0.2233,0.0,-1.0,-0.5,0.01507,-0.576,0.0,2.0,0.5,0.0,0.0,0.0,0.0,-0.181
0.318,0.3171,0.3198,0.1917,-0.2489,-1.073,0.6978,-0.969,-0.2146,0.3552,0.7476,-0.3347,-0.7144,0.3862,-1.0,0.0,-0.4219,-0.2466,0.5156,0.0,-0.2299,-0.8228,-0.3696,-0.4495,-0.2266,0.5513,-0.2825,0.128,-0.563,-0.1914,0.0091,0.4668,-0.459,0.3083,0.3203,0.0,0.0,0.3196,0.0,0.1799,-0.4604,0.0,0.0,0.0,0.0,0.2035,0.0,-0.5,0.0,-0.05136,-0.509,1.0,0.0,0.5,0.0,0.0,0.0,0.0,0.1655
0.3179,0.317,0.3193,0.2184,-0.2756,-1.073,0.6978,-0.969,-0.2277,0.3347,0.7275,0.288,-0.857,0.3862,-1.0,0.0,-0.3967,-0.2349,0.5083,0.0,-0.2273,-0.08435,-0.3484,-0.449,-0.231,0.5444,-0.1732,-0.073,-0.5737,0.128,-0.10913,-0.10895,-0.1722,0.3086,0.3208,0.0,0.0,0.3188,0.0,0.1775,-0.664,0.0,0.0,0.0,0.0,-0.1292,0.0,-0.5,-0.5,-0.03467,-0.544,0.0,1.0,0.5,0.0,0.0,0.0,0.0,-0.10486
0.318,0.317,0.3196,0.0923,-0.1497,-1.073,0.6978,-0.969,-0.07684,0.3665,0.707,-1.327,-0.857,0.3862,0.0,0.0,-0.426,-0.2632,0.535,0.0,-0.2247,-0.837,-0.3433,-0.4458,-0.0787,0.539,0.11646,0.265,-0.577,-0.073,-0.1914,0.009094,-0.391,0.3083,0.322,0.0,0.0,0.3186,0.0,0.1859,-0.628,0.0,0.0,0.0,0.0,0.375,0.0,0.0,-0.5,-0.1383,-0.4038,1.0,0.0,0.5,0.0,0.0,0.0,0.0,0.3047
0.3203,0.3193,0.3218,-0.3633,0.3154,-0.7246,0.6978,-0.969,0.43,0.523,0.701,14.66,-0.857,0.3862,0.0,0.0,-0.555,-0.4124,0.6133,1.0,-0.2903,-0.10187,-0.3682,-0.4475,0.4065,0.516,-0.02373,1.064,-0.5083,0.265,0.128,-0.10913,0.2197,0.3118,0.3237,0.0,0.0,0.3196,0.0,0.2198,0.1228,0.0,0.0,0.0,0.0,2.43,1.0,0.0,-0.5,-0.535,0.0897,2.0,0.0,0.5,0.0,0.0,0.0,0.0,1.966
0.3218,0.321,0.3235,-0.2256,0.178,-0.7246,0.6978,-0.969,0.3022,0.4792,0.6987,-0.1138,-0.7144,0.3862,0.0,0.0,-0.5195,-0.371,0.5923,0.0,-0.2878,-0.5435,-0.4082,-0.45,0.2766,0.522,0.2264,-0.2056,-0.476,1.064,-0.073,-0.1913,-0.1915,0.3142,0.3252,0.0,0.0,0.3206,0.0,0.213,0.3005,0.0,0.0,0.0,0.0,-0.3506,1.0,0.0,-0.5,-0.4058,-0.04578,0.0,1.0,0.5,0.0,0.0,0.0,0.0,-0.2786
0.3242,0.3235,0.3257,-0.3833,0.342,-0.7246,0.6978,-0.969,0.478,0.539,0.7046,0.6045,-0.5713,0.3862,0.0,0.0,-0.5684,-0.427,0.6133,1.0,-0.2903,-0.658,-0.453,-0.4514,0.4407,0.509,-0.04242,0.4485,-0.4092,-0.2056,0.265,0.1279,0.4666,0.3184,0.3257,0.0,0.0,0.3215,0.0,0.2274,0.633,0.0,0.0,0.0,0.0,0.964,1.0,0.0,0.0,-0.5522,0.1181,1.0,0.0,0.5,0.0,0.0,0.0,0.0,0.7686
0.3267,0.326,0.3281,-0.3872,0.3477,-0.7246,0.6978,-0.969,0.4744,0.547,0.7173,0.1365,-0.4285,0.3862,0.0,0.0,-0.579,-0.4302,0.6133,1.0,-0.2903,-0.9326,-0.4753,-0.4502,0.4336,0.5103,0.1409,0.12463,-0.3433,0.4485,1.064,-0.073,-0.10895,0.3235,0.3262,0.0,0.0,0.3228,0.0,0.2314,1.012,1.0,0.0,0.0,0.0,0.2281,2.0,0.5,0.5,-0.5615,0.1173,2.0,0.0,0.5,0.0,0.0,0.0,0.0,0.1805
0.3298,0.329,0.331,-0.5303,0.4966,-0.7246,0.6978,-0.969,0.6265,0.607,0.733,0.4253,-0.2856,0.3862,0.0,0.0,-0.629,-0.484,0.6133,1.0,-0.2903,-0.547,-0.435,-0.4429,0.571,0.4817,0.2494,0.453,-0.2461,0.12463,-0.2054,0.265,0.009094,0.3298,0.3271,0.0,0.0,0.3242,0.0,0.2461,1.081,1.0,0.0,0.0,0.0,1.05,2.0,0.5,0.5,-0.684,0.2776,3.0,0.0,0.5,0.0,0.0,0.0,0.0,0.8296
0.3352,0.3347,0.3362,-0.9937,0.977,-0.2255,0.6978,-0.9575,1.13,0.797,0.77,0.8887,-0.1428,0.3862,0.0,0.0,-0.7764,-0.6567,0.6133,1.0,-0.2903,0.422,-0.2917,-0.4038,1.029,0.3877,0.4873,1.261,-0.02219,0.453,0.4482,1.063,-0.10913,0.3398,0.329,0.0,0.0,0.327,0.0,0.2876,1.478,1.0,0.0,0.0,0.0,3.992,2.0,1.0,1.0,-1.082,0.793,4.0,0.0,0.5,0.0,0.0,0.0,0.0,3.13
0.3381,0.3376,0.339,-0.5117,0.4932,-0.2255,0.6978,-0.889,0.6104,0.6426,0.7876,-0.315,0.0,0.3862,0.0,0.0,-0.6455,-0.53,0.525,0.0,-0.2878,0.013176,-0.1372,-0.3367,0.4783,0.4116,0.9014,-0.8633,0.0537,1.261,0.1246,-0.2054,-0.1913,0.3467,0.3303,0.0,0.0,0.3286,0.0,0.2583,0.7803,1.0,0.0,0.0,0.0,-2.484,2.0,1.0,0.5,-0.5923,0.3552,0.0,1.0,0.5,0.0,0.0,0.0,0.0,-1.907
0.3425,0.3423,0.3433,-0.763,0.7544,-0.2255,0.6978,-0.838,0.874,0.7515,0.819,0.542,0.1428,0.3862,0.0,0.0,-0.7295,-0.6294,0.6,0.0,-0.2854,-0.2258,0.01512,-0.2494,0.7417,0.433,1.007,0.7446,0.1768,-0.8633,0.453,0.4482,0.1279,0.3525,0.3318,0.0,0.0,0.3318,0.0,0.2827,1.006,1.0,0.0,0.0,0.0,1.965,2.0,1.0,1.0,-0.7944,0.6504,1.0,0.0,0.5,0.0,0.0,0.0,0.0,1.531
0.346,0.3457,0.347,-0.598,0.588,-0.2255,0.6978,-0.8687,0.679,0.71,0.847,-0.0727,0.2856,0.3862,0.0,0.0,-0.6987,-0.591,0.5815,0.0,-0.2827,-0.841,0.1536,-0.1553,0.5674,0.4504,1.322,-0.1816,0.252,0.7446,1.261,0.1246,-0.07294,0.3584,0.3335,0.0,0.0,0.3347,0.0,0.2766,0.9014,1.0,0.0,0.0,0.0,-0.3845,1.0,1.0,0.5,-0.636,0.4895,0.0,1.0,0.5,0.0,0.0,0.0,0.0,-0.296
0.3499,0.3496,0.3508,-0.689,0.6826,-0.2255,0.78,-0.8447,0.7515,0.7603,0.8823,0.2426,0.4285,0.3862,0.0,0.0,-0.737,-0.636,0.6133,1.0,-0.2903,-0.775,0.285,-0.05563,0.6646,0.4622,1.361,0.3818,0.3208,-0.1816,-0.8633,0.453,0.265,0.3643,0.3354,0.0,0.0,0.3386,0.0,0.289,1.03,1.0,0.0,0.0,0.0,0.8506,1.0,1.0,1.0,-0.7134,0.592,1.0,0.0,0.5,0.0,0.0,0.0,0.0,0.6567
0.3545,0.3542,0.3552,-0.795,0.7925,-0.2255,0.78,-0.8105,0.8306,0.8193,0.9263,0.2428,0.5713,0.3862,0.0,0.0,-0.7812,-0.6904,0.6133,1.0,-0.2903,-0.4229,0.4087,0.04913,0.7793,0.4387,0.7793,0.4397,0.409,0.3818,0.7446,1.26,1.063,0.371,0.3381,0.0,0.0,0.3428,0.0,0.304,1.199,1.0,0.0,0.0,0.0,1.014,1.0,1.0,1.5,-0.799,0.716,2.0,0.0,0.5,0.0,0.0,0.0,0.0,0.7773
0.3582,0.358,0.359,-0.6177,0.611,-0.2255,0.78,-0.82,0.597,0.7734,0.9663,-0.1278,0.7144,0.3862,0.0,0.0,-0.7456,-0.6504,0.5923,0.0,-0.2878,-0.9326,0.54,0.1654,0.5293,0.469,1.156,-0.2054,0.4434,0.4397,-0.1816,-0.863,-0.2054,0.3757,0.3406,0.0,0.0,0.3467,0.0,0.2966,1.069,1.0,0.0,0.0,0.0,-0.7866,1.0,1.0,1.0,-0.625,0.5444,0.0,1.0,0.5,0.0,0.0,0.0,0.0,-0.599
0.3613,0.361,0.3623,-0.5444,0.5293,-0.2255,0.78,-0.887,0.4622,0.7603,1.007,-0.0646,0.857,0.3862,0.0,0.0,-0.7407,-0.6323,0.5913,0.0,-0.2854,-0.9277,0.645,0.2769,0.4224,0.4905,1.007,-0.00859,0.4775,-0.2054,0.3818,0.744,0.4482,0.3767,0.3428,0.0,0.0,0.3503,0.0,0.2961,1.101,1.0,0.0,0.0,0.0,-0.014465,0.0,0.5,1.0,-0.5664,0.4534,0.0,2.0,0.5,0.0,0.0,0.0,0.0,-0.01105
0.3643,0.3638,0.3652,-0.466,0.4456,-0.2255,0.78,-0.8486,0.326,0.742,1.043,-0.1158,0.857,0.3862,0.0,0.0,-0.7227,-0.6206,0.588,0.0,-0.2827,-0.442,0.719,0.3838,0.3,0.5127,1.08,-0.03436,0.486,-0.00859,0.4397,-0.1816,0.1246,0.3801,0.345,0.0,0.0,0.354,0.0,0.2947,1.042,1.0,0.0,0.0,0.0,-0.0999,0.0,0.0,0.5,-0.542,0.3167,0.0,3.0,0.5,0.0,0.0,0.0,0.0,-0.0763
0.3662,0.3655,0.3674,-0.2683,0.2407,-0.2255,0.78,-0.895,0.0935,0.6772,1.059,-0.435,0.857,0.3862,0.0,0.0,-0.6743,-0.5596,0.5547,0.0,-0.2803,-0.657,0.7656,0.4797,0.0572,0.5303,0.875,-0.3267,0.462,-0.03436,-0.2054,0.3816,0.453,0.3804,0.347,0.0,0.0,0.3572,0.0,0.2834,0.6484,0.0,0.0,0.0,0.0,-0.7646,-1.0,-0.5,0.0,-0.3477,0.1232,0.0,4.0,0.5,0.0,0.0,0.0,0.0,-0.5845
0.3682,0.3674,0.3694,-0.2808,0.2478,-0.2255,0.78,-0.9116,0.0683,0.6836,1.079,0.01045,0.857,0.3862,0.0,0.0,-0.6807,-0.5635,0.566,0.0,-0.2778,-0.74,0.7705,0.559,0.0587,0.5415,-0.05606,0.11237,0.4192,-0.3267,-0.00859,0.4397,1.26,0.3813,0.3486,0.0,0.0,0.3606,0.0,0.287,0.7876,1.0,0.0,0.0,0.0,0.1641,-1.0,-0.5,0.5,-0.3738,0.1143,1.0,0.0,-0.5,0.0,0.0,0.0,0.0,0.1261
0.3687,0.368,0.37,0.0458,-0.0866,-0.2255,0.78,-0.87,-0.2969,0.566,1.085,-2.04,0.7144,0.3862,-1.0,0.0,-0.58,-0.4634,0.4993,0.0,-0.2751,-0.345,0.7383,0.618,-0.3015,0.5503,0.6665,-0.656,0.3245,0.11237,-0.03436,-0.2053,-0.863,0.3794,0.35,0.0,0.0,0.3638,0.0,0.2646,0.3254,0.0,0.0,0.0,0.0,-3.236,-1.0,-0.5,0.0,-0.03735,-0.1838,0.0,1.0,-0.5,0.0,0.0,0.0,0.0,-2.482
0.3699,0.3691,0.3713,-0.1456,0.103,-0.2255,0.78,-0.7793,-0.1288,0.627,1.094,-0.8716,0.5713,0.3862,-1.0,0.0,-0.6226,-0.5264,0.545,0.0,-0.2727,0.04276,0.672,0.6567,-0.11816,0.5557,0.0762,0.4536,0.2262,-0.656,-0.3267,-0.00859,0.744,0.3772,0.352,0.0,0.0,0.367,0.0,0.2795,0.4219,0.0,0.0,0.0,0.0,0.983,0.0,-0.5,0.0,-0.2152,0.005733,1.0,0.0,-0.5,0.0,0.0,0.0,0.0,0.762
0.37,0.3691,0.3718,0.0857,-0.134,-0.2255,0.78,-0.7236,-0.379,0.541,1.091,14.88,0.4285,0.3862,-1.0,0.0,-0.546,-0.4548,0.4973,0.0,-0.2703,-0.0395,0.5776,0.671,-0.3762,0.5557,0.2242,-0.4675,0.08185,0.4536,0.11237,-0.03436,-0.1816,0.3743,0.3538,0.0,0.0,0.3699,0.0,0.2637,0.0853,0.0,0.0,0.0,0.0,-1.366,0.0,-0.5,-0.5,-0.0371,-0.2712,0.0,1.0,-0.5,0.0,0.0,0.0,0.0,-1.052
0.3728,0.3718,0.3743,-0.396,0.3547,-0.2255,0.78,-0.7627,0.151,0.709,1.084,-2.06,0.4285,0.3862,0.0,0.0,-0.6885,-0.6,0.611,0.0,-0.2676,0.2113,0.4937,0.658,0.1371,0.5557,-0.1186,1.126,-0.04453,-0.4675,-0.656,-0.3264,0.3816,0.375,0.3567,0.0,0.0,0.3738,0.0,0.301,0.04437,0.0,0.0,0.0,0.0,4.156,1.0,-0.5,-0.5,-0.477,0.2253,1.0,0.0,-0.5,0.0,0.0,0.0,0.0,3.225
0.3767,0.3757,0.3782,-0.692,0.657,-0.2255,0.78,-0.7886,0.4763,0.828,1.102,1.483,0.4285,0.3862,0.0,0.0,-0.7866,-0.6997,0.6133,1.0,-0.2903,-0.1178,0.4167,0.6333,0.4688,0.503,-0.4507,0.8135,-0.03662,1.126,0.4536,0.1123,0.4395,0.3782,0.36,0.0,0.0,0.3774,0.0,0.3284,0.6836,0.0,0.0,0.0,0.0,2.277,1.0,-0.5,0.0,-0.7524,0.527,2.0,0.0,-0.5,0.0,0.0,0.0,0.0,1.734
0.3818,0.381,0.383,-0.9062,0.8823,-0.04105,0.78,-0.794,0.75,0.93,1.119,0.6504,0.4285,0.3862,0.0,0.0,-0.8667,-0.785,0.6133,1.0,-0.2903,-0.5938,0.349,0.597,0.734,0.448,-0.212,0.701,-0.01081,0.8135,-0.4673,-0.6553,-0.2053,0.3845,0.364,0.0,0.0,0.382,0.0,0.3525,0.679,0.0,0.0,0.0,0.0,1.881,2.0,0.0,0.0,-0.9316,0.774,3.0,0.0,-0.5,0.0,1.0,0.0,2.46,1.413
0.386,0.3853,0.3872,-0.701,0.6787,-0.04105,0.78,-0.7637,0.553,0.8774,1.136,-0.1063,0.4285,0.3862,0.0,0.0,-0.8228,-0.7437,0.589,0.0,-0.2878,-0.6353,0.2705,0.5464,0.5674,0.4575,-0.0618,-0.2422,-0.0093,0.701,1.125,0.4534,-0.00859,0.39,0.3674,0.0,0.0,0.386,0.0,0.344,0.644,0.0,0.0,0.0,0.0,-0.3835,1.0,0.0,0.0,-0.748,0.563,0.0,1.0,-0.5,0.0,0.0,0.0,0.0,-0.285
0.389,0.3882,0.3901,-0.468,0.4446,-0.04105,0.78,-0.7515,0.329,0.8066,1.143,-0.2246,0.4285,0.3862,0.0,0.0,-0.766,-0.685,0.5527,0.0,-0.2854,-0.5967,0.1873,0.4841,0.3428,0.4678,0.08984,-0.3523,-0.05618,-0.2422,0.8135,-0.4673,-0.03433,0.3962,0.3706,0.0,0.0,0.3894,0.0,0.3313,0.3667,0.0,0.0,0.0,0.0,-0.957,1.0,0.0,-0.5,-0.5347,0.3254,0.0,2.0,-0.5,0.0,0.0,0.0,0.0,-0.714
0.3906,0.39,0.3916,-0.2148,0.1891,-0.04105,0.688,-0.7285,0.0912,0.722,1.136,-0.4446,0.4285,0.3862,0.0,0.0,-0.696,-0.6147,0.5073,0.0,-0.2827,-0.2817,0.0969,0.4087,0.10376,0.4717,0.4585,-0.447,-0.10944,-0.3523,0.701,1.125,-0.3264,0.3997,0.3735,0.0,0.0,0.3918,0.0,0.3157,0.0279,0.0,0.0,0.0,0.0,-0.801,0.0,0.0,-1.0,-0.2847,0.08606,0.0,3.0,-0.5,0.0,0.0,0.0,0.0,-0.601
0.3904,0.39,0.3916,0.1771,-0.2056,-0.04105,0.2734,-0.648,-0.3018,0.58,1.121,-1.945,0.2856,0.3862,-1.0,0.0,-0.572,-0.4976,0.4255,0.0,-0.2803,-0.3005,0.02501,0.339,-0.2917,0.472,0.45,-0.807,-0.1116,-0.447,-0.2422,0.8135,0.1123,0.402,0.376,0.0,0.0,0.3918,0.0,0.2878,-0.1963,0.0,0.0,0.0,0.0,-1.657,-1.0,-0.5,-1.0,0.1251,-0.2588,0.0,4.0,-0.5,0.0,0.0,0.0,0.0,-1.253
0.3901,0.3894,0.391,0.2284,-0.2556,-0.04105,0.2114,-0.5923,-0.3506,0.5503,1.1045,0.431,0.1428,0.3862,-1.0,0.0,-0.542,-0.476,0.4136,0.0,-0.2778,-0.3333,-0.0438,0.2659,-0.3472,0.4714,1.004,-0.1206,-0.1543,-0.807,-0.352,0.701,-0.6553,0.4006,0.3784,0.0,0.0,0.3928,0.0,0.2837,-0.2329,0.0,0.0,0.0,0.0,-0.2852,-2.0,-0.5,-1.0,0.1771,-0.304,0.0,5.0,-0.5,0.0,0.0,0.0,0.0,-0.2184
0.3945,0.3945,0.3955,-0.7915,0.7886,-0.04105,0.2114,-0.4521,0.7363,0.921,1.123,-4.918,0.1428,0.3862,0.0,0.0,-0.8286,-0.8096,0.6133,1.0,-0.2903,1.69,-0.0698,0.2029,0.7114,0.4526,0.6816,2.39,-0.05008,-0.1206,-0.447,-0.2421,0.4534,0.4038,0.3826,0.0,0.0,0.3955,0.0,0.364,0.3933,0.0,0.0,0.0,0.0,7.266,-1.0,-0.5,-0.5,-0.686,0.832,1.0,0.0,-0.5,0.0,0.0,0.0,0.0,5.766
0.399,0.399,0.3997,-0.7275,0.729,-0.04105,0.2114,-0.422,0.6797,0.919,1.146,0.06976,0.1428,0.3862,0.0,0.0,-0.8247,-0.811,0.6133,1.0,-0.2903,-0.332,-0.06525,0.1434,0.6694,0.4612,1.283,0.0664,0.0241,2.39,-0.807,-0.352,-0.4673,0.4053,0.3867,0.0,0.0,0.3987,0.0,0.366,0.5103,0.0,0.0,0.0,0.0,0.1896,0.0,0.0,0.0,-0.6313,0.7666,2.0,0.0,-0.5,0.0,0.0,0.0,0.0,0.1399
0.3975,0.3975,0.3977,0.5093,-0.509,-0.04105,-0.093,-0.01964,-0.603,0.4836,1.132,-1.627,0.0,0.3862,-1.0,0.0,-0.4343,-0.4705,0.35,0.0,-0.2878,2.771,-0.0812,0.07275,-0.586,0.4568,0.614,-2.514,0.03366,0.0664,-0.1206,-0.4468,1.125,0.3992,0.389,0.0,0.0,0.3984,0.0,0.2751,-0.1853,0.0,0.0,0.0,0.0,-8.15,0.0,-0.5,-0.5,0.6367,-0.3408,0.0,1.0,-0.5,0.0,0.0,0.0,0.0,-5.477
0.3916,0.3923,0.391,1.455,-1.432,-0.04105,-1.161,0.4382,-1.552,0.1456,1.098,2.275,0.0,0.3862,-1.0,0.0,-0.0948,-0.195,0.1458,0.0,-0.2854,1.328,-0.1194,-0.02954,-1.219,0.3777,-0.1257,-2.078,0.2166,-2.514,2.39,-0.807,0.813,0.388,0.3887,0.0,0.0,0.3953,0.0,0.2041,-0.429,0.0,0.0,0.0,0.0,-8.15,0.0,-1.0,-0.5,1.608,-1.162,0.0,2.0,-0.5,0.0,0.0,1.0,-3.82,-5.477
0.3855,0.3867,0.3845,1.55,-1.504,-0.04105,-1.387,0.476,-1.674,0.0711,1.05,0.2363,0.0,0.3862,-1.0,0.0,-0.02255,-0.125,0.10394,0.0,-0.2827,0.3271,-0.1155,-0.1039,-1.339,0.3591,-1.02,-0.4397,0.4014,-2.078,0.0664,-0.12054,0.701,0.3765,0.3884,0.0,0.0,0.392,0.0,0.1896,-0.5835,0.0,0.0,0.0,0.0,-2.012,0.0,-1.5,-1.0,1.6875,-1.243,0.0,3.0,-0.5,0.0,0.0,0.0,0.0,-1.605
0.3792,0.381,0.378,1.571,-1.508,-0.04105,-1.545,0.455,-1.739,0.01717,1.005,0.189,0.0,0.3862,-1.0,0.0,0.02611,-0.0689,0.07495,0.0,-0.2803,-0.544,-0.05463,-0.1467,-1.383,0.3374,-1.204,-0.3074,0.5757,-0.4397,-2.514,2.39,-0.2421,0.367,0.3875,0.0,0.0,0.3884,0.0,0.1793,-0.5586,0.0,0.0,0.0,0.0,-1.356,-1.0,-1.5,-1.0,1.658,-1.302,0.0,4.0,-0.5,0.0,0.0,0.0,0.0,-1.091
0.3728,0.375,0.3713,1.641,-1.559,-0.04105,-1.755,0.437,-1.802,-0.05148,0.938,0.1854,-0.1428,0.3862,-1.0,0.0,0.08966,0.00252,0.03662,0.0,-0.2778,-0.04538,0.0605,-0.1426,-1.463,0.3137,-1.298,-0.409,0.7505,-0.3074,-2.078,0.0664,-0.352,0.3564,0.3862,0.0,0.0,0.3845,0.0,0.1659,-0.869,0.0,0.0,0.0,0.0,-1.574,-2.0,-1.5,-1.5,1.694,-1.383,0.0,5.0,-0.5,0.0,0.0,0.0,0.0,-1.272
0.3674,0.3699,0.3657,1.425,-1.33,-0.04105,-1.755,0.4294,-1.567,-0.03084,0.861,-0.00954,-0.2856,0.3862,-1.0,0.0,0.0693,-0.01784,0.05368,0.0,-0.2751,0.06082,0.2086,-0.0975,-1.278,0.2922,-1.315,0.183,0.8794,-0.409,-0.4397,-2.514,-0.4468,0.339,0.3848,0.0,0.0,0.381,0.0,0.1715,-1.041,0.0,1.0,0.0,0.0,0.531,-1.0,-1.0,-1.5,1.457,-1.194,1.0,0.0,-0.5,0.0,0.0,0.0,0.0,0.4316
0.363,0.3652,0.361,1.217,-1.121,-0.04105,-1.755,0.3896,-1.304,-0.00814,0.775,-0.05606,-0.4285,0.3862,-1.0,0.0,0.04416,-0.0371,0.07245,0.0,-0.2727,-0.409,0.3726,-0.0195,-1.072,0.268,-0.978,0.2007,0.974,0.183,-0.3074,-2.078,-0.807,0.3223,0.3826,0.0,0.0,0.3777,0.0,0.1777,-1.196,0.0,1.0,0.0,0.0,0.661,0.0,-0.5,-1.5,1.259,-0.99,2.0,0.0,-0.5,0.0,0.0,0.0,0.0,0.536
0.3584,0.3608,0.3564,1.247,-1.149,-0.04105,-1.755,0.4238,-1.261,-0.05664,0.689,0.10315,-0.5713,0.3862,-1.0,0.0,0.0934,0.00906,0.04684,0.0,-0.2703,-0.2445,0.524,0.07355,-1.112,0.2495,-1.14,-0.2727,1.072,0.2007,-0.409,-0.4395,-0.12054,0.3127,0.3809,0.0,0.0,0.3748,0.0,0.1687,-1.197,0.0,1.0,0.0,0.0,-0.864,0.0,-0.5,-1.5,1.283,-1.023,0.0,1.0,-0.5,0.0,0.0,0.0,0.0,-0.698
0.3542,0.3564,0.3523,1.14,-1.042,-0.04105,-1.755,0.4395,-1.092,-0.06113,0.6094,-0.01898,-0.7144,0.3862,-1.0,0.0,0.09906,0.012146,0.04855,0.0,-0.2676,-0.3433,0.658,0.1774,-1.009,0.2294,-3.404,0.01826,1.154,-0.2727,0.183,-0.3074,2.39,0.3096,0.3784,0.0,0.0,0.3713,0.0,0.1691,-1.15,0.0,1.0,0.0,0.0,0.04788,1.0,-0.5,-1.0,1.159,-0.9424,1.0,0.0,-0.5,0.0,0.0,0.0,0.0,0.03888
0.3503,0.3525,0.3486,1.069,-0.976,-0.04105,-1.755,0.4282,-0.9653,-0.0749,0.536,0.001318,-0.857,0.3862,-1.0,0.0,0.1113,0.02739,0.0443,0.0,-0.2651,-0.3423,0.7627,0.2793,-0.963,0.2153,-3.932,-0.04565,1.2295,0.01826,0.2007,-0.4087,0.06635,0.3079,0.3765,0.0,0.0,0.3684,0.0,0.1675,-1.099,0.0,1.0,0.0,0.0,-0.126,1.0,-1.0,-1.0,1.054,-0.9204,0.0,1.0,-0.5,0.0,0.0,0.0,0.0,-0.10236
0.346,0.3484,0.3442,1.194,-1.1,-0.04105,-1.755,0.4553,-1.044,-0.1487,0.4688,0.2449,-0.857,0.3862,-1.0,0.0,0.1853,0.1013,0.002548,0.0,-0.2627,-0.12354,0.8394,0.3774,-1.108,0.2014,-2.191,-0.4478,1.298,-0.04565,-0.2727,0.183,-2.514,0.3054,0.3735,0.0,0.0,0.3638,0.0,0.153,-1.045,0.0,1.0,0.0,0.0,-1.125,0.0,-1.0,-1.0,1.189,-1.022,0.0,2.0,-0.5,0.0,0.0,0.0,0.0,-0.9146
0.3423,0.3445,0.3406,1.063,-0.9736,-0.04105,-1.755,0.3994,-0.8804,-0.1445,0.4043,-0.05057,-0.857,0.3862,-1.0,0.0,0.1763,0.10236,0.00937,0.0,-0.26,-0.855,0.886,0.4675,-1.012,0.1885,-0.759,0.07367,1.309,-0.4478,0.01826,0.2006,-2.078,0.3047,0.3706,0.0,0.0,0.3584,0.0,0.1552,-1.005,0.0,0.0,0.0,0.0,0.1279,0.0,-0.5,-0.5,0.941,-1.035,1.0,0.0,-0.5,0.0,0.0,0.0,0.0,0.10474
0.3384,0.3396,0.3376,1.052,-1.008,-0.1364,-1.755,0.1545,-0.7554,-0.181,0.3015,-0.03656,-1.0,0.3862,-1.0,0.0,0.1901,0.164,-0.009384,0.0,-0.2576,-0.779,0.918,0.579,-0.8945,0.1443,-0.522,-0.2023,1.257,0.07367,-0.04565,-0.2727,-0.4395,0.3027,0.3674,0.0,0.0,0.352,0.0,0.1487,-1.719,0.0,1.0,0.0,1.0,-0.4255,0.0,-0.5,-1.0,0.959,-1.037,0.0,1.0,-0.5,0.0,0.0,0.0,0.0,-0.3481
0.3345,0.3345,0.3347,1.07,-1.078,-0.1364,-1.755,0.2279,-0.652,-0.228,0.1937,-0.03427,-1.143,0.3862,-1.0,0.0,0.2432,0.2068,-0.03494,0.0,-0.2551,0.509,0.8955,0.6973,-0.852,0.1085,-0.373,-0.2769,1.199,-0.2023,-0.4478,0.01826,-0.3071,0.2993,0.3643,0.0,0.0,0.3457,0.0,0.1395,-1.719,0.0,1.0,0.0,1.0,-1.221,-1.0,-0.5,-1.5,0.866,-1.227,0.0,2.0,-0.5,0.0,0.0,0.0,0.0,-1.002
0.3289,0.3286,0.3298,1.416,-1.455,-0.1364,-1.755,-0.003994,-0.944,-0.375,0.11414,0.7397,-1.143,0.3862,-1.0,0.0,0.371,0.3882,-0.1236,0.0,-0.2524,0.3508,0.893,0.8438,-1.021,0.04962,-0.1423,-0.964,1.181,-0.2769,0.0736,-0.04562,-0.4087,0.294,0.3604,0.0,0.0,0.3386,0.0,0.109,-1.719,0.0,1.0,0.0,1.0,-3.096,-1.0,-0.5,-1.5,1.138,-1.658,0.0,3.0,-0.5,0.0,0.0,0.0,0.0,-2.55
0.3264,0.3257,0.3276,0.7114,-0.754,-0.1364,-1.755,-0.36,-0.2754,-0.1964,0.0817,-0.7417,-1.143,0.3862,-1.0,0.0,0.1592,0.2296,-0.00768,0.0,-0.25,0.4001,0.988,0.963,-0.3247,0.03064,-0.4211,1.281,1.098,-0.964,-0.2023,-0.4475,0.1829,0.2922,0.3577,0.0,0.0,0.3335,0.0,0.1484,-0.8647,0.0,0.0,0.0,0.0,4.387,0.0,-0.5,-1.0,0.526,-0.911,1.0,0.0,-0.5,0.0,0.0,0.0,0.0,3.676
0.3242,0.3235,0.3254,0.6426,-0.6885,-0.1364,-1.755,-0.4658,-0.2211,-0.1993,0.05585,-0.2296,-1.143,0.3862,-1.0,0.0,0.1527,0.2428,-0.00512,0.0,-0.2474,-0.8164,1.04,1.052,-0.2477,0.01802,-0.631,0.02766,1.044,1.281,-0.2766,0.0736,0.2006,0.2905,0.355,0.0,0.0,0.329,0.0,0.1492,-0.7017,0.0,0.0,0.0,0.0,0.06934,0.0,-0.5,-0.5,0.4487,-0.86,2.0,0.0,-0.5,0.0,0.0,0.0,0.0,0.0569
0.3218,0.321,0.323,0.673,-0.72,-0.1364,-1.755,-0.4756,-0.2705,-0.2319,0.0322,0.6553,-1.143,0.3862,-1.0,0.0,0.1841,0.2783,-0.02132,0.0,-0.245,-0.5034,1.051,1.106,-0.3,0.01162,-0.481,-0.1752,0.983,0.02766,-0.964,-0.2023,-0.2727,0.2898,0.3525,0.0,0.0,0.3247,0.0,0.1434,-0.6504,0.0,0.0,0.0,0.0,-0.3943,0.0,-0.5,-0.5,0.4656,-0.904,0.0,1.0,-0.5,0.0,0.0,0.0,0.0,-0.3232
0.3179,0.3174,0.319,1.0205,-1.067,-0.1364,-1.755,-0.4114,-0.643,-0.366,0.002493,2.775,-1.143,0.3862,-1.0,0.0,0.3254,0.4172,-0.10144,0.0,-0.2424,0.457,1.035,1.109,-0.681,0.004135,-0.5527,-0.869,0.6567,-0.1752,1.281,-0.2766,0.01826,0.2864,0.349,0.0,0.0,0.317,0.0,0.11584,-0.8066,0.0,0.0,0.0,0.0,-2.225,0.0,-1.0,-0.5,0.826,-1.21,0.0,2.0,-0.5,0.0,0.0,0.0,0.0,-1.83
0.3135,0.313,0.3147,1.172,-1.216,-0.7354,-1.755,-0.4214,-0.813,-0.4456,-0.03668,0.4954,-1.143,0.3862,-1.0,0.0,0.407,0.5063,-0.1475,0.0,-0.2399,-0.1506,1.003,1.0625,-0.8613,-0.00813,-0.643,-0.507,0.139,-0.869,0.02766,-0.9634,-0.04562,0.282,0.3457,0.0,0.0,0.3083,0.0,0.0999,-1.055,0.0,1.0,0.0,0.0,-1.2,0.0,-1.0,-1.0,0.9824,-1.341,0.0,3.0,-0.5,0.0,0.0,0.0,0.0,-1.001
0.3088,0.3086,0.3098,1.214,-1.256,-0.7354,-1.755,-0.435,-0.8667,-0.4949,-0.0826,0.2272,-1.143,0.3762,-1.0,-1.0,0.4578,0.563,-0.1747,0.0,-0.2374,-0.6045,0.9736,0.987,-0.902,-0.02882,-0.453,-0.3027,-0.06027,-0.507,-0.1752,1.28,-0.4475,0.2776,0.3413,0.0,0.0,0.3027,0.0,0.0904,-1.246,0.0,1.0,0.0,0.0,-0.96,-1.0,-1.0,-1.5,1.023,-1.38,0.0,4.0,-0.5,0.0,0.0,0.0,0.0,-0.8076
0.305,0.3044,0.306,1.096,-1.134,-0.7354,-1.755,-0.4473,-0.767,-0.495,-0.12384,-0.002213,-1.143,0.3665,-1.0,-1.0,0.4568,0.565,-0.1713,0.0,-0.2349,-0.324,0.932,0.97,-0.796,-0.04633,-0.6597,0.03806,-0.05017,-0.3027,-0.869,0.02766,0.0736,0.2761,0.3364,0.0,0.0,0.299,0.0,0.0913,-1.161,0.0,1.0,0.0,0.0,0.12213,-1.0,-1.0,-1.0,0.913,-1.259,1.0,0.0,-0.5,0.0,0.0,0.0,0.0,0.1033
0.3015,0.301,0.3025,0.9365,-0.972,-0.7354,-1.755,-0.4446,-0.6167,-0.479,-0.163,-0.11005,-1.143,0.3564,-1.0,-1.0,0.44,0.546,-0.1576,0.0,-0.2323,-0.2247,0.8794,0.946,-0.643,-0.0624,-0.6543,0.1521,-0.04254,0.03806,-0.5063,-0.175,-0.2021,0.2715,0.331,0.0,0.0,0.2961,0.0,0.0958,-1.082,0.0,1.0,0.0,0.0,0.468,0.0,-0.5,-1.0,0.769,-1.092,2.0,0.0,-0.5,0.0,0.0,0.0,0.0,0.3955
0.2988,0.2983,0.2998,0.7524,-0.7896,-0.7354,-1.755,-0.497,-0.4338,-0.4504,-0.1979,-0.2566,-1.143,0.3464,-1.0,-1.0,0.4053,0.519,-0.1364,0.0,-0.2299,-0.8267,0.796,0.914,-0.4646,-0.07526,-0.5635,0.237,-0.04596,0.1521,-0.3027,-0.8687,-0.2766,0.2673,0.326,0.0,0.0,0.294,0.0,0.10297,-0.937,0.0,0.0,0.0,0.0,0.3877,1.0,0.0,-0.5,0.587,-0.9214,3.0,0.0,-0.5,0.0,0.0,0.0,0.0,0.327
0.2986,0.298,0.2996,0.2172,-0.2489,-0.634,0.2708,-0.5127,0.1046,-0.302,-0.2124,-1.71,-1.0,0.3464,0.0,0.0,0.2512,0.3572,-0.0392,0.0,-0.2273,-0.126,0.666,0.8735,0.087,-0.08215,0.09845,1.076,-0.0632,0.237,0.03802,-0.5063,-0.9634,0.2668,0.3218,0.0,0.0,0.293,0.0,0.1362,-0.304,0.0,0.0,0.0,0.0,1.121,2.0,0.5,0.0,0.1366,-0.33,4.0,0.0,-0.5,0.0,0.0,0.0,0.0,0.941
0.298,0.2976,0.299,0.255,-0.288,-0.634,0.2708,-0.4568,0.0766,-0.323,-0.2294,0.003126,-0.857,0.3464,0.0,0.0,0.2773,0.3745,-0.04858,0.0,-0.2247,-0.3489,0.4714,0.82,0.0552,-0.08563,-0.808,-0.10205,-0.0921,1.076,0.1521,-0.3027,1.28,0.2686,0.318,0.0,0.0,0.292,0.0,0.1328,-0.3677,0.0,0.0,0.0,0.0,-0.2152,2.0,0.0,-0.5,0.1672,-0.3738,0.0,1.0,-0.5,0.0,0.0,0.0,0.0,-0.1775
0.297,0.2964,0.298,0.3674,-0.4036,-0.634,0.2708,-0.4429,-0.03607,-0.3696,-0.2473,-0.5015,-0.7144,0.3464,0.0,0.0,0.3264,0.424,-0.07416,0.0,-0.2222,-0.6953,0.3035,0.759,-0.0602,-0.0896,-0.864,-0.2788,-0.1383,-0.10205,0.2369,0.03802,0.02766,0.2708,0.3147,0.0,0.0,0.2903,0.0,0.12396,-0.3916,0.0,0.0,0.0,0.0,-0.5405,1.0,-0.5,-0.5,0.2742,-0.487,0.0,2.0,-0.5,0.0,0.0,0.0,0.0,-0.4468
0.297,0.2964,0.298,0.1353,-0.1698,-0.634,0.2708,-0.522,0.1964,-0.3071,-0.2554,3.37,-0.5713,0.3464,0.0,0.0,0.2556,0.3635,-0.03069,0.0,-0.2197,-0.2402,0.15,0.6846,0.1868,-0.0926,-0.7856,0.476,-0.1716,-0.2788,1.076,0.152,-0.175,0.2754,0.3118,0.0,0.0,0.2896,0.0,0.1388,-0.1213,0.0,0.0,0.0,0.0,0.73,1.0,0.0,0.0,0.03072,-0.2834,1.0,0.0,-0.5,0.0,0.0,0.0,0.0,0.606
0.298,0.2974,0.299,-0.0709,0.03915,-0.634,0.2708,-0.618,0.3772,-0.2452,-0.2435,0.7793,-0.4285,0.3464,0.0,0.0,0.1846,0.3062,0.01277,0.0,-0.2172,-0.645,0.0837,0.5947,0.3914,-0.08746,-0.11786,0.4724,-0.1938,0.476,-0.102,0.2369,-0.8687,0.281,0.3074,0.0,0.0,0.289,0.0,0.1534,0.4243,0.0,0.0,0.0,0.0,0.939,1.0,0.5,0.5,-0.2041,-0.12164,2.0,0.0,-0.5,0.0,0.0,0.0,0.0,0.7734
0.2986,0.298,0.2998,-0.01935,-0.014854,-0.634,0.2708,-0.72,0.3352,-0.2627,-0.2505,0.04944,-0.2856,0.3464,0.0,0.0,0.1931,0.3347,0.00596,0.0,-0.2146,-0.5205,0.0213,0.4844,0.349,-0.08636,0.3667,-0.0735,-0.2177,0.4724,-0.2788,1.076,-0.5063,0.2861,0.3027,0.0,0.0,0.2886,0.0,0.151,-0.06726,0.0,0.0,0.0,0.0,-0.1775,0.0,0.5,0.0,-0.1527,-0.1718,0.0,1.0,-0.5,0.0,0.0,0.0,0.0,-0.145
0.298,0.2974,0.299,0.2861,-0.3235,-0.634,0.2708,-0.635,0.02899,-0.3645,-0.266,-0.603,-0.1428,0.3464,0.0,0.0,0.304,0.437,-0.05453,0.0,-0.2122,-0.00971,-0.04242,0.3528,0.0416,-0.0891,0.726,-0.6533,-0.2336,-0.0735,0.476,-0.102,-0.3027,0.2888,0.2998,0.0,0.0,0.288,0.0,0.1301,-0.3623,0.0,0.0,0.0,0.0,-1.65,0.0,0.5,-0.5,0.159,-0.45,0.0,2.0,-0.5,0.0,0.0,0.0,0.0,-1.351
0.2976,0.297,0.2988,0.2308,-0.268,-0.634,0.2708,-0.619,0.0844,-0.357,-0.2778,0.565,0.0,0.3464,0.0,0.0,0.2976,0.427,-0.04602,0.0,-0.2096,-0.2993,-0.1228,0.1908,0.0992,-0.09143,0.7983,0.093,-0.2542,-0.6533,0.4722,-0.2786,0.03802,0.2886,0.2983,0.0,0.0,0.2874,0.0,0.1328,-0.2517,0.0,0.0,0.0,0.0,0.2189,1.0,0.5,0.0,0.0666,-0.4392,1.0,0.0,-0.5,0.0,0.0,0.0,0.0,0.181
0.2976,0.2969,0.2988,0.16,-0.1976,-0.634,0.2708,-0.709,0.1268,-0.3423,-0.275,0.376,0.1428,0.3464,0.0,0.0,0.2744,0.4197,-0.03323,0.0,-0.207,-0.539,-0.226,0.04956,0.1602,-0.0901,0.789,0.1393,-0.263,0.093,-0.0735,0.4758,0.152,0.289,0.2974,0.0,0.0,0.287,0.0,0.1371,0.2279,0.0,0.0,0.0,0.0,0.2607,1.0,0.5,0.5,-0.01807,-0.3894,2.0,0.0,-0.5,0.0,0.0,0.0,0.0,0.2155
0.2976,0.2969,0.2988,0.1407,-0.18,-0.634,0.2708,-0.76,0.0996,-0.3425,-0.2644,0.01978,0.2856,0.3464,0.0,0.0,0.2703,0.425,-0.02983,0.0,-0.2046,-0.739,-0.3467,-0.081,0.1437,-0.0835,0.7144,0.03708,-0.2615,0.1393,-0.6533,0.4722,0.2369,0.2905,0.2966,0.0,0.0,0.287,0.0,0.1382,0.564,0.0,0.0,0.0,0.0,0.05972,1.0,0.5,1.0,-0.04877,-0.3857,3.0,0.0,-0.5,0.0,0.0,0.0,0.0,0.04922
0.2993,0.2986,0.3005,-0.2413,0.2084,-0.634,0.2708,-0.695,0.446,-0.2213,-0.2383,1.912,0.4285,0.3464,0.0,0.0,0.1539,0.288,0.05112,0.0,-0.202,0.295,-0.4333,-0.1528,0.4683,-0.0634,-0.01509,0.88,-0.2236,0.03708,0.093,-0.0735,1.076,0.293,0.2966,0.0,0.0,0.289,0.0,0.1656,1.042,1.0,0.0,0.0,0.0,3.092,2.0,0.5,1.5,-0.364,0.04572,4.0,0.0,-0.5,0.0,0.0,0.0,0.0,2.545
0.3005,0.2998,0.3018,-0.1262,0.08997,-0.634,0.2708,-0.6523,0.2751,-0.2544,-0.2151,-0.1909,0.5713,0.3464,0.0,0.0,0.1907,0.3193,0.0341,0.0,-0.1995,0.0661,-0.4238,-0.2123,0.2727,-0.04327,0.1401,-0.1825,-0.2017,0.88,0.1393,-0.653,-0.102,0.2937,0.2966,0.0,0.0,0.2896,0.0,0.1597,0.902,1.0,0.0,0.0,0.0,-0.5166,2.0,0.5,1.0,-0.2537,-0.0688,0.0,1.0,-0.5,0.0,0.0,0.0,0.0,-0.4192
0.303,0.3025,0.3042,-0.4326,0.401,-0.634,0.2708,-0.6597,0.5547,-0.1482,-0.1832,0.928,0.7144,0.3464,0.0,0.0,0.085,0.2076,0.10565,0.0,-0.197,-0.1719,-0.3066,-0.2502,0.519,-0.01822,0.4255,0.769,-0.12335,-0.1825,0.03705,0.09296,-0.2786,0.2969,0.2969,0.0,0.0,0.2908,0.0,0.184,1.041,1.0,0.0,0.0,0.0,2.281,2.0,1.0,1.0,-0.514,0.2686,1.0,0.0,-0.5,0.0,0.0,0.0,0.0,1.857
0.3052,0.3044,0.3062,-0.3157,0.2822,-0.634,0.2708,-0.602,0.3938,-0.1761,-0.1569,-0.1204,0.857,0.3464,0.0,0.0,0.1176,0.2314,0.09204,0.0,-0.1945,-0.242,-0.1643,-0.2615,0.338,0.002838,0.2106,-0.1447,-0.06476,0.769,0.8794,0.1393,0.4758,0.3013,0.297,0.0,0.0,0.292,0.0,0.179,0.901,1.0,0.0,0.0,0.0,-0.5156,1.0,0.5,0.5,-0.451,0.1002,0.0,1.0,-0.5,0.0,0.0,0.0,0.0,-0.4146
0.3057,0.305,0.307,0.00204,-0.03964,-0.634,0.2708,-0.5884,0.05426,-0.2744,-0.1533,-0.589,0.857,0.3464,0.0,0.0,0.2164,0.3345,0.03323,0.0,-0.1919,-0.0199,-0.06,-0.2563,0.002901,0.008156,-0.05246,-0.625,-0.05716,-0.1447,-0.1825,0.03705,0.4722,0.304,0.297,0.0,0.0,0.2935,0.0,0.1587,0.2195,0.0,0.0,0.0,0.0,-1.662,0.0,0.0,0.0,-0.1254,-0.1885,0.0,2.0,-0.5,0.0,0.0,0.0,0.0,-1.34
0.3064,0.3057,0.3076,0.002342,-0.0413,-0.634,0.2708,-0.6294,0.0357,-0.2764,-0.1483,0.02283,0.857,0.3464,0.0,0.0,0.2147,0.3406,0.03577,0.0,-0.1895,-0.722,0.02266,-0.2299,-0.01816,0.0149,0.02228,0.02747,-0.07855,-0.625,0.7686,0.8794,-0.0735,0.306,0.297,0.0,0.0,0.2957,0.0,0.1594,0.2847,0.0,0.0,0.0,0.0,0.0694,0.0,0.5,0.5,-0.1375,-0.2036,1.0,0.0,-0.5,0.0,0.0,0.0,0.0,0.05652
0.3066,0.306,0.3079,0.0746,-0.11676,-0.634,0.8276,-0.6187,-0.0688,-0.3018,-0.1406,-0.6167,0.857,0.3464,0.0,0.0,0.2413,0.367,0.023,0.0,-0.1869,-0.622,0.084,-0.1846,-0.11584,0.02098,0.5576,-0.1373,-0.139,0.02747,-0.1445,-0.1825,-0.653,0.3076,0.297,0.0,0.0,0.2979,0.0,0.1548,0.3628,0.0,0.0,0.0,0.0,-0.4236,0.0,0.5,0.5,-0.086,-0.2961,0.0,1.0,-0.5,0.0,0.0,0.0,0.0,-0.3447
0.308,0.3074,0.3093,-0.2104,0.1732,-0.634,0.8276,-0.5884,0.216,-0.21,-0.1306,6.88,0.857,0.3464,0.0,0.0,0.1521,0.2659,0.0852,0.0,-0.1843,0.2477,0.1265,-0.1326,0.1729,0.02798,0.5513,0.6694,-0.1871,-0.1373,-0.625,0.7686,0.09296,0.3088,0.2976,0.0,0.0,0.3005,0.0,0.1758,0.4348,0.0,0.0,0.0,0.0,2.611,0.0,0.5,0.5,-0.3435,0.001657,1.0,0.0,-0.5,0.0,0.0,0.0,0.0,2.13
0.3086,0.3079,0.3098,0.05853,-0.0985,-0.634,0.8276,-0.5474,-0.05792,-0.2942,-0.1346,-0.764,0.857,0.3464,0.0,0.0,0.2402,0.352,0.03494,0.0,-0.1818,-0.3281,0.1533,-0.0865,-0.1062,0.0313,0.554,-0.535,-0.2693,0.6694,0.02747,-0.1445,0.1393,0.3088,0.298,0.0,0.0,0.3027,0.0,0.1583,-0.02968,0.0,0.0,0.0,0.0,-1.797,0.0,0.0,0.0,-0.0674,-0.2412,0.0,1.0,-0.5,0.0,0.0,0.0,0.0,-1.45
0.309,0.3083,0.3105,-0.01843,-0.02097,-0.634,0.8276,-0.58,0.01878,-0.2725,-0.1359,1.614,0.857,0.3464,0.0,0.0,0.2153,0.3318,0.05283,0.0,-0.1793,-0.847,0.1593,-0.05133,-0.02333,0.03336,0.583,0.1923,-0.346,-0.535,-0.1372,-0.625,0.03705,0.3071,0.2986,0.0,0.0,0.305,0.0,0.1643,0.0852,0.0,0.0,0.0,0.0,0.4067,1.0,0.0,0.5,-0.1635,-0.1904,1.0,0.0,-0.5,0.0,0.0,0.0,0.0,0.331
0.3108,0.31,0.312,-0.2031,0.1644,-0.8184,0.8276,-0.5996,0.1865,-0.2125,-0.12177,1.517,0.857,0.3464,0.0,0.0,0.1537,0.2695,0.09546,0.0,-0.1768,-0.1451,0.1461,-0.02097,0.1554,0.0418,-0.03018,0.456,-0.3286,0.1923,0.6694,0.02745,0.8794,0.3071,0.3003,0.0,0.0,0.3064,0.0,0.1786,0.603,0.0,0.0,0.0,0.0,2.629,1.0,0.0,1.0,-0.3171,0.01423,2.0,0.0,-0.5,0.0,0.0,0.0,0.0,2.133
0.311,0.3103,0.3125,0.05875,-0.10406,-0.8184,0.8276,-0.614,-0.1084,-0.2952,-0.115,-0.929,0.857,0.3464,0.0,0.0,0.2354,0.3596,0.04602,0.0,-0.1742,-0.6133,0.10236,0.001595,-0.1283,0.04706,0.151,-0.5254,-0.3464,0.456,-0.535,-0.1372,-0.1824,0.3076,0.3008,0.0,0.0,0.3074,0.0,0.1615,0.2795,0.0,0.0,0.0,0.0,-0.4788,1.0,0.0,0.5,-0.04944,-0.2275,0.0,1.0,-0.5,0.0,0.0,0.0,0.0,-0.3855
0.3105,0.3098,0.312,0.2308,-0.2808,-0.8184,0.761,-0.6104,-0.3086,-0.3547,-0.1147,-17.1,0.7144,0.3464,-1.0,0.0,0.2961,0.4238,0.01107,0.0,-0.1718,-0.608,0.0239,0.01304,-0.3252,0.0501,-0.4429,-0.3745,-0.3923,-0.5254,0.1921,0.6694,0.7686,0.307,0.3008,0.0,0.0,0.3083,0.0,0.1494,0.05472,0.0,0.0,0.0,0.0,-0.626,0.0,-0.5,0.0,0.1311,-0.3816,0.0,2.0,-0.5,0.0,0.0,0.0,0.0,-0.509
0.3103,0.3093,0.3118,0.2246,-0.2766,-0.8184,0.7563,-0.578,-0.3281,-0.3606,-0.11475,0.253,0.5713,0.3464,-1.0,0.0,0.3052,0.4272,0.010216,0.0,-0.1692,-0.385,-0.0885,0.01182,-0.337,0.0516,-0.4075,-0.00919,-0.4082,-0.3745,0.456,-0.535,-0.1445,0.3064,0.301,0.0,0.0,0.3088,0.0,0.149,0.03708,0.0,0.0,0.0,0.0,-0.01805,0.0,-0.5,-0.5,0.0811,-0.4255,0.0,3.0,-0.5,0.0,0.0,0.0,0.0,-0.014755
0.3086,0.3079,0.31,0.4763,-0.5283,-0.8184,0.4587,-0.644,-0.575,-0.4482,-0.1343,1.416,0.4285,0.3464,-1.0,0.0,0.39,0.531,-0.04346,0.0,-0.1666,-0.6123,-0.2017,0.002592,-0.6104,0.05054,0.01941,-0.579,-0.3838,-0.00919,-0.525,0.1921,-0.625,0.3025,0.3015,0.0,0.0,0.308,0.0,0.1305,-0.5728,0.0,0.0,0.0,0.0,-1.194,-1.0,-0.5,-1.0,0.3372,-0.6533,0.0,4.0,-0.5,0.0,0.0,0.0,0.0,-0.9766
0.3093,0.3083,0.3108,0.003716,-0.04932,-0.8184,0.4587,-0.634,-0.09656,-0.3088,-0.1381,-0.998,0.4285,0.3464,0.0,0.0,0.2472,0.3762,0.04855,0.0,-0.1642,0.4307,-0.3108,-0.01862,-0.11865,0.0478,-0.06683,1.003,-0.3835,-0.579,-0.3745,0.456,0.02745,0.3027,0.303,0.0,0.0,0.3086,0.0,0.1617,-0.0797,0.0,0.0,0.0,0.0,3.465,-1.0,-0.5,-0.5,-0.0955,-0.1674,1.0,0.0,-0.5,0.0,0.0,0.0,0.0,2.861
0.3123,0.3115,0.3135,-0.492,0.458,-0.2766,0.4587,-0.5435,0.4648,-0.1414,-0.1368,14.88,0.4285,0.3464,0.0,0.0,0.08875,0.1893,0.1592,0.0,-0.1616,0.597,-0.374,-0.05045,0.4172,0.0554,0.05176,1.186,-0.344,1.003,-0.009186,-0.525,-0.1372,0.3062,0.3054,0.0,0.0,0.311,0.0,0.1995,0.06238,0.0,0.0,0.0,0.0,4.438,0.0,0.0,-0.5,-0.5107,0.389,2.0,0.0,-0.5,0.0,1.0,0.0,4.234,3.605
0.3193,0.3193,0.32,-1.364,1.371,0.9097,0.4587,-0.4124,1.491,0.1897,-0.10236,2.084,0.4285,0.3464,0.0,0.0,-0.2109,-0.1564,0.376,0.0,-0.159,0.1113,-0.3508,-0.0826,1.408,0.0805,-0.3582,2.277,-0.00973,1.186,-0.579,-0.3743,0.6694,0.315,0.3096,0.0,0.0,0.3157,0.0,0.2734,0.655,0.0,0.0,0.0,0.0,7.266,1.0,0.0,0.0,-1.264,1.364,3.0,0.0,-0.5,0.0,1.0,0.0,4.234,5.766
0.325,0.3252,0.3254,-1.0625,1.078,0.9097,0.4587,-0.3965,1.186,0.128,-0.0632,-0.0659,0.4285,0.3464,0.0,0.0,-0.1533,-0.09784,0.3403,0.0,-0.1566,-0.02528,-0.2844,-0.1139,1.109,0.1024,0.3113,-0.3596,0.1476,2.277,1.002,-0.009186,-0.5347,0.3242,0.3132,0.0,0.0,0.3198,0.0,0.261,0.745,0.0,0.0,0.0,0.0,-1.112,1.0,0.0,0.0,-0.9688,1.087,0.0,1.0,-0.5,0.0,0.0,0.0,0.0,-0.853
0.3313,0.3318,0.3313,-1.145,1.175,0.9097,0.4587,-0.364,1.298,0.1963,-0.01733,0.2378,0.4285,0.3464,0.0,0.0,-0.2126,-0.1675,0.3884,0.0,-0.154,-0.254,-0.1915,-0.1394,1.252,0.1224,0.418,0.4883,0.3079,-0.3596,1.186,-0.579,0.1921,0.336,0.3171,0.0,0.0,0.3245,0.0,0.277,0.82,1.0,0.0,0.0,0.0,1.245,2.0,0.0,0.0,-1.036,1.193,1.0,0.0,-0.5,0.0,0.0,0.0,0.0,0.961
0.337,0.3376,0.3367,-1.022,1.061,0.9097,0.4587,-0.3296,1.165,0.1926,0.03072,0.03983,0.4285,0.3464,0.0,0.0,-0.2062,-0.1672,0.3901,0.0,-0.1515,-0.2783,-0.0691,-0.1283,1.13,0.1476,0.3416,0.01793,0.4495,0.4883,2.275,1.002,0.456,0.348,0.3203,0.0,0.0,0.3281,0.0,0.2776,0.873,1.0,0.0,0.0,0.0,0.0529,2.0,0.0,0.5,-0.959,1.04,2.0,0.0,-0.5,0.0,0.0,0.0,0.0,0.04047
0.3428,0.3438,0.3425,-1.071,1.117,0.9097,0.4587,-0.3496,1.234,0.2463,0.0745,0.2021,0.4285,0.3464,0.0,0.0,-0.2563,-0.217,0.4292,0.0,-0.149,0.04956,0.06665,-0.0846,1.207,0.171,1.007,0.3945,0.588,0.01793,-0.3594,1.186,-0.525,0.3628,0.3237,0.0,0.0,0.3325,0.0,0.2908,0.837,1.0,0.0,0.0,0.0,0.875,2.0,0.5,0.5,-1.017,1.083,3.0,0.0,-0.5,0.0,0.0,0.0,0.0,0.6694
0.3494,0.3503,0.3489,-1.158,1.212,0.9097,0.4587,-0.3765,1.318,0.3164,0.1334,0.2119,0.4285,0.3464,0.0,0.0,-0.321,-0.281,0.479,0.0,-0.1465,-0.771,0.2098,-0.006104,1.328,0.1964,1.625,0.4988,0.752,0.3945,0.4883,2.275,-0.3743,0.3762,0.328,0.0,0.0,0.3367,0.0,0.3076,1.121,1.0,0.0,0.0,0.0,0.9517,2.0,1.0,1.0,-1.087,1.189,4.0,0.0,-0.5,0.0,0.0,0.0,0.0,0.7236
0.3533,0.3545,0.3528,-0.6655,0.7197,0.9097,0.4587,-0.282,0.754,0.1777,0.178,-0.2888,0.4285,0.3464,0.0,0.0,-0.1886,-0.1573,0.3936,0.0,-0.1439,-0.0862,0.337,0.08405,0.801,0.2152,2.027,-0.848,0.8193,0.4988,0.01793,-0.3594,-0.009186,0.3835,0.331,0.0,0.0,0.34,0.0,0.2783,0.753,0.0,0.0,0.0,0.0,-1.443,2.0,1.0,0.5,-0.6035,0.725,0.0,1.0,-0.5,0.0,0.0,0.0,0.0,-1.088
0.357,0.358,0.3564,-0.5776,0.6304,0.9097,0.4587,-0.2983,0.6343,0.1692,0.216,-0.0081,0.4285,0.3464,0.0,0.0,-0.1823,-0.1475,0.3918,0.0,-0.1414,-0.3994,0.489,0.192,0.625,0.2483,2.803,-0.01791,0.852,-0.848,0.3945,0.488,-0.579,0.384,0.3337,0.0,0.0,0.344,0.0,0.2776,0.676,0.0,0.0,0.0,0.0,-0.02408,1.0,1.0,0.0,-0.547,0.609,0.0,2.0,-0.5,0.0,0.0,0.0,0.0,-0.0184
0.359,0.3599,0.3584,-0.242,0.288,0.9097,0.4587,-0.2659,0.223,0.0701,0.2527,-0.459,0.4285,0.3464,0.0,0.0,-0.088,-0.05295,0.3315,0.0,-0.1389,-0.486,0.607,0.2852,0.26,0.2607,2.395,-0.6094,0.8433,-0.01791,0.4988,0.01793,1.002,0.3838,0.3362,0.0,0.0,0.3474,0.0,0.2568,0.6353,0.0,0.0,0.0,0.0,-1.532,0.0,0.5,0.0,-0.2158,0.2874,0.0,3.0,-0.5,0.0,0.0,0.0,0.0,-1.172
0.3594,0.3604,0.3591,0.0502,-0.01283,0.9097,0.1675,-0.1964,-0.1597,-0.02298,0.2866,-1.099,0.4285,0.3464,-1.0,0.0,0.005768,0.0341,0.2747,0.0,-0.1364,-0.05853,0.698,0.3691,-0.0981,0.276,1.699,-0.5796,0.8027,-0.6094,-0.8477,0.3943,1.186,0.3801,0.3386,0.0,0.0,0.35,0.0,0.237,0.5576,0.0,0.0,0.0,0.0,-1.969,-1.0,0.0,0.0,0.09247,0.0266,0.0,4.0,-0.5,0.0,0.0,0.0,0.0,-1.521
0.3604,0.3608,0.36,-0.00837,0.03345,0.9097,0.1675,-0.2245,-0.1882,-0.00584,0.323,0.8438,0.4285,0.3464,-1.0,0.0,-0.01299,0.01938,0.2888,0.0,-0.1338,-0.7,0.7637,0.4475,-0.1074,0.2925,-0.03113,0.1464,0.7847,-0.5796,-0.01791,0.4985,2.275,0.377,0.341,0.0,0.0,0.3523,0.0,0.2416,0.586,0.0,0.0,0.0,0.0,0.5703,-1.0,0.0,0.5,0.02162,0.05502,1.0,0.0,-0.5,0.0,0.0,0.0,0.0,0.4448
0.3608,0.361,0.3613,0.02942,-0.02753,0.9097,0.1675,-0.2378,-0.3398,-0.02168,0.3667,2.418,0.4285,0.3464,-1.0,0.0,0.000842,0.03674,0.2817,0.0,-0.1313,-0.7974,0.7964,0.5186,-0.226,0.3096,0.1951,-0.073,0.734,0.1464,-0.6094,-0.8477,-0.3594,0.3723,0.3435,0.0,0.0,0.355,0.0,0.239,0.755,0.0,0.0,0.0,0.0,-0.2107,-1.0,0.0,0.5,0.022,-0.0437,0.0,1.0,-0.5,0.0,0.0,0.0,0.0,-0.1641
0.362,0.3616,0.363,-0.0965,0.07886,0.9097,0.1675,-0.3074,-0.2905,0.01714,0.4,-0.0976,0.2856,0.3464,-1.0,0.0,-0.0421,0.004105,0.3103,0.0,-0.1288,-0.336,0.8027,0.5913,-0.2166,0.337,-0.2588,0.2922,0.6875,-0.073,-0.5796,-0.01791,0.488,0.3672,0.346,0.0,0.0,0.358,0.0,0.2484,0.6406,0.0,0.0,0.0,0.0,1.017,0.0,0.0,0.5,-0.1313,0.02315,1.0,0.0,-0.5,0.0,0.0,0.0,0.0,0.7925
0.3628,0.362,0.3638,-0.00756,-0.02364,0.9097,0.1675,-0.4104,-0.418,-0.0124,0.4143,0.94,0.1428,0.3464,-1.0,0.0,-0.02342,0.04382,0.2942,0.0,-0.1262,-0.1367,0.771,0.6562,-0.37,0.3525,-0.3398,-0.1636,0.652,0.2922,0.1462,-0.6094,0.01793,0.364,0.348,0.0,0.0,0.36,0.0,0.2428,0.3215,0.0,0.0,0.0,0.0,-0.474,0.0,-0.5,0.0,-0.1498,-0.1893,0.0,1.0,-0.5,-0.5,0.0,0.0,0.0,-0.368
0.3633,0.3625,0.3645,0.01299,-0.04788,0.9097,0.1675,-0.6196,-0.3972,-0.02003,0.395,0.0685,0.0,0.3464,-1.0,0.0,-0.0349,0.0716,0.2925,0.0,-0.1237,-0.529,0.7007,0.689,-0.3506,0.3467,-0.75,-0.01823,0.578,-0.1636,-0.07294,-0.579,0.3943,0.3608,0.3496,0.0,0.0,0.3628,0.0,0.242,-0.558,0.0,0.0,0.0,0.0,-0.06125,0.0,-1.0,-0.5,-0.1471,-0.2314,0.0,2.0,-0.5,-0.5,0.0,0.0,0.0,-0.04764
0.3638,0.363,0.365,0.0327,-0.06866,0.9097,0.1675,-0.6978,-0.3887,-0.02786,0.3806,0.1092,-0.1428,0.3464,-1.0,0.0,-0.03445,0.0871,0.2908,0.0,-0.1212,-0.8965,0.5986,0.694,-0.3374,0.342,-1.285,-0.01823,0.459,-0.01823,0.2922,0.1462,0.4985,0.3596,0.351,0.0,0.0,0.366,0.0,0.2411,-0.4087,0.0,0.0,0.0,0.0,-0.0558,-1.0,-1.5,-0.5,-0.1532,-0.2788,0.0,3.0,-0.5,-0.5,0.0,0.0,0.0,-0.0434
0.365,0.3643,0.3665,-0.125,0.0899,0.9097,0.1675,-0.7344,-0.181,0.02374,0.3635,-0.6895,-0.2856,0.3464,-1.0,0.0,-0.08655,0.03833,0.328,0.0,-0.1187,-0.5586,0.4688,0.674,-0.1399,0.3394,-0.7246,0.383,0.313,-0.01823,-0.1636,-0.07294,-0.8477,0.3613,0.3528,0.0,0.0,0.3694,0.0,0.2537,-0.4756,0.0,0.0,0.0,0.0,1.01,0.0,-1.0,-0.5,-0.2815,-0.10046,1.0,0.0,-0.5,-0.5,0.0,0.0,0.0,0.7856
0.3674,0.3667,0.3687,-0.359,0.3267,0.9097,0.1675,-0.745,0.113,0.10736,0.354,-4.75,-0.2856,0.3464,0.0,0.0,-0.1654,-0.044,0.3865,0.0,-0.11615,-0.2537,0.331,0.6265,0.1559,0.3381,-0.765,0.598,0.04355,0.383,-0.01823,0.2922,-0.01791,0.3643,0.3555,0.0,0.0,0.3743,0.0,0.2734,-0.1549,0.0,0.0,0.0,0.0,1.699,0.0,-0.5,-0.5,-0.4907,0.145,2.0,0.0,-0.5,-0.5,0.0,0.0,0.0,1.313
0.3691,0.3684,0.3706,-0.2273,0.1898,0.9097,0.1675,-0.8184,0.0377,0.07056,0.3357,-0.219,-0.2856,0.3464,0.0,0.0,-0.138,-0.0004973,0.367,0.0,-0.11365,-0.8066,0.186,0.5464,0.07074,0.3357,-0.2603,-0.1974,-0.1888,0.598,-0.01822,-0.1636,-0.6094,0.367,0.358,0.0,0.0,0.3777,0.0,0.2666,-0.4558,0.0,0.0,0.0,0.0,-0.4028,0.0,-0.5,-1.0,-0.382,-0.006527,0.0,1.0,-0.5,-0.5,0.0,0.0,0.0,-0.3086
0.373,0.3723,0.3745,-0.699,0.67,0.9097,0.1675,-0.7573,0.6216,0.2434,0.3264,4.336,-0.2856,0.3464,0.0,0.0,-0.2903,-0.1753,0.4841,0.0,-0.1111,0.392,0.0574,0.4492,0.5957,0.347,0.249,1.188,-0.2507,-0.1974,0.3828,-0.01822,-0.579,0.3726,0.3613,0.0,0.0,0.3813,0.0,0.3064,-0.11383,0.0,0.0,0.0,0.0,7.266,1.0,0.0,-1.0,-0.809,0.4856,1.0,0.0,-0.5,-0.5,0.0,0.0,0.0,5.766
0.3767,0.376,0.378,-0.61,0.5835,-0.688,0.1675,-0.7676,0.58,0.233,0.3303,0.0814,-0.2856,0.3464,0.0,0.0,-0.282,-0.1644,0.4824,0.0,-0.1086,-0.225,-0.0719,0.3547,0.5444,0.3555,0.306,-0.01765,-0.1954,1.188,0.598,-0.01822,0.1462,0.3784,0.3643,0.0,0.0,0.3826,0.0,0.3054,0.3347,0.0,0.0,0.0,0.0,-0.06445,1.0,-0.5,-1.0,-0.728,0.3975,0.0,1.0,-0.5,-0.5,0.0,0.0,0.0,-0.04855
0.3787,0.378,0.38,-0.254,0.2239,-0.688,0.1675,-0.739,0.2433,0.1254,0.3254,-0.3887,-0.2856,0.3464,0.0,0.0,-0.1815,-0.0624,0.4167,0.0,-0.1061,-0.7397,-0.1559,0.2566,0.2046,0.3586,0.5293,-0.6533,-0.1873,-0.01765,-0.1974,0.3828,-0.07294,0.3823,0.3672,0.0,0.0,0.3835,0.0,0.2827,-0.02266,0.0,0.0,0.0,0.0,-1.903,0.0,-0.5,-1.0,-0.392,0.04346,0.0,2.0,-0.5,-0.5,0.0,0.0,0.0,-1.434
0.3816,0.381,0.3828,-0.476,0.4526,-0.688,0.1675,-0.7305,0.4917,0.2112,0.3386,0.9033,-0.2856,0.3464,0.0,0.0,-0.2588,-0.1469,0.477,0.0,-0.1035,-0.628,-0.2399,0.1555,0.4646,0.3665,0.4033,0.607,-0.1481,-0.6533,1.1875,0.5977,0.292,0.3882,0.37,0.0,0.0,0.3845,0.0,0.3032,0.535,0.0,0.0,0.0,0.0,1.689,0.0,-0.5,-0.5,-0.6006,0.2695,1.0,0.0,-0.5,-0.5,0.0,0.0,0.0,1.287
0.3853,0.3848,0.3865,-0.613,0.5938,-0.688,0.1675,-0.738,0.631,0.274,0.3662,0.3948,-0.1428,0.3464,0.0,0.0,-0.316,-0.2063,0.5234,0.0,-0.101,-0.0915,-0.3015,0.06494,0.626,0.38,0.679,0.4595,-0.0786,0.607,-0.01765,-0.1973,-0.1636,0.3943,0.3733,0.0,0.0,0.386,0.0,0.3188,1.036,1.0,0.0,0.0,0.0,1.221,1.0,0.0,0.0,-0.7144,0.4253,2.0,0.0,-0.5,-0.5,0.0,0.0,0.0,0.9204
0.3896,0.3894,0.3906,-0.755,0.743,-0.596,0.1675,-0.7363,0.782,0.3445,0.3992,0.3655,0.0,0.3464,0.0,0.0,-0.3782,-0.2732,0.5747,0.0,-0.0985,-0.594,-0.3137,-0.01142,0.7954,0.3967,0.887,0.509,0.0205,0.4595,-0.6533,1.1875,-0.01822,0.4001,0.3772,0.0,0.0,0.3875,0.0,0.3362,1.114,1.0,0.0,0.0,0.0,1.215,1.0,0.5,0.0,-0.828,0.594,3.0,0.0,-0.5,-0.5,0.0,0.0,0.0,0.909
0.3938,0.3933,0.3948,-0.682,0.673,-0.578,0.1675,-0.714,0.692,0.3416,0.434,0.03278,0.1428,0.3464,0.0,0.0,-0.3735,-0.2725,0.578,0.0,-0.09595,-0.5713,-0.2708,-0.0655,0.731,0.4136,1.141,0.0348,0.092,0.509,0.607,-0.01765,-0.01822,0.4067,0.3816,0.0,0.0,0.3887,0.0,0.3374,1.17,1.0,0.0,0.0,0.0,0.07196,2.0,1.0,0.5,-0.775,0.5083,4.0,0.0,-0.5,-0.5,0.0,0.0,0.0,0.0534
0.397,0.3965,0.3977,-0.4912,0.4785,-0.578,0.1675,-0.75,0.4739,0.2932,0.4614,-0.1536,0.2856,0.3464,0.0,0.0,-0.334,-0.2234,0.552,0.0,-0.09344,-0.849,-0.1763,-0.1046,0.525,0.4292,1.068,-0.2607,0.1515,0.0348,0.4595,-0.653,0.3828,0.409,0.3855,0.0,0.0,0.3904,0.0,0.3281,0.931,1.0,0.0,0.0,0.0,-0.418,2.0,0.5,0.0,-0.5903,0.322,0.0,1.0,-0.5,-0.5,0.0,0.0,0.0,-0.31
0.4,0.3994,0.401,-0.462,0.4458,-0.578,0.1675,-0.802,0.414,0.2969,0.493,0.0318,0.4285,0.3464,0.0,0.0,-0.342,-0.222,0.5586,0.0,-0.0909,-0.7563,-0.07263,-0.1058,0.492,0.443,0.7627,0.0698,0.2068,-0.2607,0.5083,0.607,0.5977,0.4114,0.39,0.0,0.0,0.392,0.0,0.3303,1.054,1.0,0.0,0.0,0.0,0.0994,2.0,0.5,0.5,-0.5596,0.2935,1.0,0.0,-0.5,-0.5,0.0,0.0,0.0,0.07404
0.403,0.4026,0.4043,-0.5254,0.5073,-0.578,0.1675,-0.816,0.4482,0.3335,0.5293,0.2136,0.5713,0.3464,0.0,0.0,-0.3755,-0.2551,0.5874,0.0,-0.0884,-0.666,0.0339,-0.0914,0.5396,0.4617,1.073,0.279,0.2588,0.0698,0.03476,0.4592,-0.1973,0.4165,0.394,0.0,0.0,0.395,0.0,0.34,1.123,1.0,0.0,0.0,0.0,0.3762,2.0,1.0,1.0,-0.6045,0.3699,2.0,0.0,-0.5,-0.5,0.0,0.0,0.0,0.2798
0.407,0.4065,0.4082,-0.64,0.623,-0.578,0.8784,-0.7725,0.5356,0.391,0.572,0.3127,0.7144,0.3464,0.0,0.0,-0.422,-0.3132,0.6133,1.0,-0.2903,-0.3467,0.1425,-0.05554,0.6436,0.4666,0.27,0.4165,0.296,0.279,-0.2607,0.5083,1.1875,0.4214,0.3975,0.0,0.0,0.399,0.0,0.3545,1.208,1.0,0.0,0.0,0.0,0.722,2.0,1.0,1.5,-0.7104,0.4866,3.0,0.0,-0.5,-0.5,0.0,0.0,0.0,0.535
0.4119,0.4114,0.413,-0.8438,0.829,-0.578,0.8784,-0.778,0.732,0.4863,0.618,0.4739,0.857,0.3464,0.0,0.0,-0.5044,-0.4004,0.6133,1.0,-0.2903,-0.7026,0.2522,0.003487,0.855,0.423,0.4077,0.655,0.3706,0.4165,0.0698,0.03476,-0.01764,0.4268,0.4,0.0,0.0,0.4036,0.0,0.3774,1.254,1.0,0.0,0.0,0.0,1.338,2.0,1.5,1.5,-0.898,0.6943,4.0,0.0,-0.5,-0.5,1.0,0.0,2.334,0.984
0.4155,0.4148,0.4165,-0.5596,0.5405,-0.578,0.8784,-0.7583,0.4148,0.4084,0.6494,-0.2676,0.857,0.3464,0.0,0.0,-0.4358,-0.3306,0.568,0.0,-0.2878,-0.1886,0.3506,0.07715,0.5347,0.4434,1.144,-0.4434,0.3728,0.655,0.2788,-0.2605,-0.653,0.4292,0.402,0.0,0.0,0.4077,0.0,0.3613,0.8804,1.0,0.0,0.0,0.0,-0.876,2.0,1.5,1.0,-0.6177,0.423,0.0,1.0,-0.5,-0.5,0.0,0.0,0.0,-0.637
0.4175,0.4167,0.4187,-0.2712,0.2433,-0.578,0.731,-0.7266,0.07733,0.3206,0.6763,-0.5557,0.857,0.3464,0.0,0.0,-0.3562,-0.2515,0.5156,0.0,-0.2854,-0.597,0.415,0.1593,0.2158,0.4565,0.8315,-0.515,0.3433,-0.4434,0.4165,0.0698,0.6064,0.43,0.4036,0.0,0.0,0.411,0.0,0.343,0.702,0.0,0.0,0.0,0.0,-0.824,1.0,1.0,1.0,-0.3777,0.09607,0.0,2.0,-0.5,-0.5,0.0,0.0,0.0,-0.604
0.4182,0.4175,0.4197,-0.03586,0.001896,-0.578,0.4995,-0.7964,-0.1682,0.2443,0.679,-1.257,0.7144,0.3464,-1.0,0.0,-0.2947,-0.1724,0.47,0.0,-0.2827,-0.591,0.4849,0.2517,-0.10815,0.4785,0.544,-0.4504,0.2705,-0.515,0.655,0.2788,0.4592,0.43,0.4048,0.0,0.0,0.4136,0.0,0.3271,0.1398,0.0,0.0,0.0,0.0,-0.6006,0.0,0.5,0.5,-0.1327,-0.1165,0.0,3.0,-0.5,-0.5,0.0,1.0,-1.749,-0.444
0.4202,0.4194,0.4216,-0.2399,0.2073,-0.578,0.4995,-0.8003,0.0379,0.316,0.689,-4.113,0.7144,0.3464,0.0,0.0,-0.3586,-0.2402,0.5205,0.0,-0.2803,-0.1788,0.53,0.3267,0.08844,0.4888,0.1337,0.5063,0.1903,-0.4504,-0.443,0.4163,0.5083,0.4312,0.4062,0.0,0.0,0.417,0.0,0.3447,0.3174,0.0,0.0,0.0,0.0,0.8057,0.0,0.5,1.0,-0.3313,0.0788,1.0,0.0,-0.5,-0.5,0.0,0.0,0.0,0.6
0.421,0.42,0.4224,0.006226,-0.0478,-0.578,0.4995,-0.7715,-0.2478,0.234,0.7017,-1.905,0.5713,0.3464,-1.0,0.0,-0.2832,-0.1649,0.4717,0.0,-0.2778,-0.05124,0.555,0.3938,-0.2312,0.5063,0.1277,-0.4846,0.0661,0.5063,-0.515,0.655,0.03476,0.4302,0.4067,0.0,0.0,0.42,0.0,0.3274,0.3916,0.0,0.0,0.0,0.0,-0.8564,-1.0,0.0,1.0,-0.10315,-0.1766,0.0,1.0,-0.5,-0.5,0.0,0.0,0.0,-0.633
0.4207,0.4197,0.422,0.1797,-0.2255,-0.578,0.4995,-0.7617,-0.44,0.1715,0.7,1.731,0.4285,0.3464,-1.0,0.0,-0.2257,-0.1053,0.4348,0.0,-0.2751,-0.2554,0.548,0.4424,-0.4497,0.5156,0.3313,-0.3665,-0.0466,-0.4846,-0.4504,-0.443,-0.2605,0.4265,0.4077,0.0,0.0,0.422,0.0,0.3147,0.01996,0.0,0.0,0.0,0.0,-0.546,-1.0,0.0,0.5,0.0561,-0.3562,0.0,2.0,-0.5,-0.5,0.0,0.0,0.0,-0.4065
0.4211,0.4202,0.4226,0.02081,-0.06537,-0.578,0.4995,-0.7627,-0.2793,0.2184,0.6953,-0.3994,0.2856,0.3464,-1.0,0.0,-0.2683,-0.1506,0.47,0.0,-0.2727,-0.02733,0.513,0.469,-0.303,0.52,0.2416,0.351,-0.12006,-0.3665,0.5063,-0.515,0.06976,0.422,0.4087,0.0,0.0,0.4238,0.0,0.3267,-0.02075,0.0,0.0,0.0,0.0,0.75,0.0,0.0,0.5,-0.101,-0.2067,1.0,0.0,-0.5,-0.5,0.0,0.0,0.0,0.562
0.42,0.419,0.4214,0.4,-0.4443,-0.578,0.4995,-0.7007,-0.6436,0.08594,0.6714,2.576,0.1428,0.3464,-1.0,0.0,-0.1416,-0.02704,0.3875,0.0,-0.2703,-0.07916,0.4424,0.4614,-0.6606,0.512,-0.004166,-0.8203,-0.2101,0.351,-0.4846,-0.4502,0.2788,0.4163,0.41,0.0,0.0,0.425,0.0,0.2979,-0.5513,0.0,0.0,0.0,0.0,-2.734,0.0,-0.5,0.0,0.2944,-0.5386,0.0,1.0,-0.5,-0.5,0.0,0.0,0.0,-2.037
0.418,0.4172,0.4194,0.5283,-0.569,-0.578,0.4995,-0.6953,-0.7573,0.02927,0.6416,0.379,0.0,0.3464,-1.0,0.0,-0.08826,0.02907,0.3542,0.0,-0.2676,-0.574,0.3376,0.4307,-0.751,0.4966,-0.464,-0.3362,-0.178,-0.8203,-0.3665,0.506,0.4163,0.4111,0.411,0.0,0.0,0.4246,0.0,0.286,-0.668,0.0,0.0,0.0,0.0,-0.974,-1.0,-1.0,-0.5,0.4165,-0.6597,0.0,2.0,-0.5,-0.5,0.0,0.0,0.0,-0.736
0.419,0.4182,0.4204,-0.0609,0.03035,-0.578,0.4995,-0.5806,-0.1542,0.2137,0.6343,-0.887,-0.1428,0.3464,-1.0,0.0,-0.2478,-0.1636,0.4785,0.0,-0.2651,0.7446,0.2174,0.3862,-0.1378,0.4937,-1.198,1.264,-0.1946,-0.3362,0.351,-0.4844,0.655,0.4114,0.413,0.0,0.0,0.4253,0.0,0.329,-0.1093,0.0,0.0,0.0,0.0,1.65,0.0,-1.0,0.0,-0.0775,-0.002773,1.0,0.0,-0.5,-0.5,0.0,0.0,0.0,1.254
0.4214,0.4207,0.4226,-0.3132,0.2869,-0.4316,0.4995,-0.575,0.1305,0.3035,0.635,-7.855,-0.1428,0.3464,0.0,0.0,-0.3274,-0.2499,0.5415,0.0,-0.2627,-0.6704,0.0819,0.3262,0.1539,0.4963,-0.924,0.6274,-0.2537,1.264,-0.8203,-0.3662,-0.443,0.412,0.4155,0.0,0.0,0.4277,0.0,0.3508,0.05542,0.0,0.0,0.0,0.0,0.9688,1.0,-0.5,0.0,-0.2983,0.2686,2.0,0.0,-0.5,-0.5,1.0,0.0,3.803,0.7207
0.4219,0.4211,0.423,0.03406,-0.0635,-0.4316,0.4995,-0.512,-0.1992,0.1896,0.6216,-1.329,-0.2856,0.3464,-1.0,0.0,-0.2198,-0.1469,0.4717,0.0,-0.26,-0.1451,-0.05923,0.2512,-0.1813,0.4958,-0.497,-0.69,-0.285,0.6274,-0.3362,0.351,-0.515,0.412,0.4172,0.0,0.0,0.4285,0.0,0.3264,-0.2313,0.0,0.0,0.0,0.0,-0.902,0.0,-0.5,-0.5,0.043,-0.06143,0.0,1.0,-0.5,-0.5,0.0,0.0,0.0,-0.6636
0.4229,0.422,0.424,-0.0785,0.04898,-0.4316,0.4995,-0.538,-0.0462,0.226,0.6055,-1.853,-0.2856,0.3464,0.0,0.0,-0.2551,-0.1796,0.4998,0.0,-0.2576,-0.5483,-0.1953,0.1671,-0.03375,0.4932,-0.145,0.2793,-0.2932,-0.69,1.264,-0.8203,-0.4502,0.4143,0.4194,0.0,0.0,0.4292,0.0,0.336,-0.2732,0.0,0.0,0.0,0.0,0.3186,1.0,0.0,-0.5,-0.08276,0.02792,1.0,0.0,-0.5,-0.5,0.0,0.0,0.0,0.2373
0.4248,0.424,0.4263,-0.2485,0.2167,-0.4316,0.4995,-0.563,0.192,0.2856,0.5845,3.932,-0.2856,0.3464,0.0,0.0,-0.3105,-0.2341,0.5435,0.0,-0.2551,-0.671,-0.307,0.07745,0.2155,0.485,-0.554,0.4343,-0.2812,0.2793,0.6274,-0.3362,0.506,0.4165,0.4219,0.0,0.0,0.4297,0.0,0.351,-0.3445,0.0,0.0,0.0,0.0,0.453,2.0,0.0,-0.5,-0.2423,0.1937,2.0,0.0,-0.5,-0.5,0.0,0.0,0.0,0.3357
0.4275,0.4268,0.4287,-0.3977,0.3682,-0.4316,0.4995,-0.596,0.399,0.345,0.5776,0.882,-0.2856,0.3464,0.0,0.0,-0.366,-0.287,0.5874,0.0,-0.2524,-0.446,-0.3823,-0.014915,0.456,0.479,-0.11505,0.4312,-0.2462,0.4343,-0.69,1.264,-0.4844,0.4229,0.4248,0.0,0.0,0.4307,0.0,0.3662,-0.0804,0.0,0.0,0.0,0.0,0.431,2.0,0.5,0.0,-0.3884,0.3372,3.0,0.0,-0.5,-0.5,0.0,0.0,0.0,0.3171
0.4302,0.4294,0.4314,-0.3823,0.355,-0.4316,0.4995,-0.631,0.413,0.3508,0.58,0.1732,-0.2856,0.3464,0.0,0.0,-0.374,-0.289,0.596,0.0,-0.25,-0.9326,-0.4338,-0.1088,0.4958,0.4797,0.2983,0.08563,-0.214,0.4312,0.279,0.6274,-0.3662,0.4307,0.4275,0.0,0.0,0.4321,0.0,0.3691,0.11584,0.0,0.0,0.0,0.0,0.0875,2.0,1.0,0.5,-0.3945,0.3018,4.0,0.0,-0.5,-0.5,0.0,0.0,0.0,0.06396
0.4326,0.432,0.4338,-0.3533,0.3284,-0.4316,0.4995,-0.6465,0.392,0.3506,0.59,0.09955,-0.1428,0.3464,0.0,0.0,-0.3755,-0.2876,0.601,0.0,-0.2474,-0.701,-0.4414,-0.2072,0.5005,0.484,0.1366,0.0513,-0.184,0.08563,0.434,-0.69,0.351,0.4346,0.4297,0.0,0.0,0.4336,0.0,0.371,0.3003,0.0,0.0,0.0,0.0,0.04684,3.0,1.0,1.0,-0.3923,0.2482,5.0,0.0,0.0,-0.5,0.0,0.0,0.0,0.03418
0.4353,0.4346,0.4365,-0.4014,0.3784,-0.4316,0.4995,-0.7188,0.4663,0.378,0.596,0.3035,-0.1428,0.3464,0.0,0.0,-0.4058,-0.306,0.6133,1.0,-0.2903,-0.9326,-0.443,-0.302,0.574,0.481,0.953,0.222,-0.1409,0.0513,0.431,0.279,-0.82,0.437,0.4321,0.0,0.0,0.4348,0.0,0.379,0.2218,0.0,0.0,0.0,0.0,0.3113,3.0,1.5,1.0,-0.4521,0.2817,5.734,0.0,0.5,-0.5,0.0,0.0,0.0,0.2268
0.434,0.4333,0.435,0.411,-0.4407,-0.4316,0.3489,-0.5923,-0.3772,0.1042,0.5845,-1.448,-0.1428,0.3464,-1.0,0.0,-0.1488,-0.05548,0.4387,0.0,-0.2878,0.826,-0.4482,-0.3877,-0.2761,0.4822,1.44,-1.702,-0.1316,0.222,0.0856,0.434,-0.3362,0.4363,0.4324,0.0,0.0,0.4338,0.0,0.3176,-0.2037,0.0,0.0,0.0,0.0,-4.816,2.0,1.5,1.0,0.3828,-0.45,0.0,1.0,0.5,-0.5,0.0,0.0,0.0,-3.496
0.4302,0.43,0.4312,0.9307,-0.96,-0.4316,-0.2632,-0.521,-0.921,-0.0827,0.561,2.418,-0.1428,0.3464,-1.0,0.0,0.03387,0.1262,0.3196,0.0,-0.2854,-0.0658,-0.4673,-0.454,-0.817,0.4749,0.4573,-1.191,-0.07574,-1.702,0.05127,0.431,1.263,0.431,0.432,0.0,0.0,0.4307,0.0,0.2761,-0.4138,0.0,0.0,0.0,0.0,-2.127,1.0,1.0,1.0,0.915,-0.9146,0.0,2.0,0.5,-0.5,0.0,1.0,-3.82,-1.59
0.4272,0.4268,0.4282,0.793,-0.8174,-0.4316,-0.2632,-0.5522,-0.81,-0.0668,0.534,-0.008156,-0.1428,0.3464,-1.0,0.0,0.01575,0.11285,0.3337,0.0,-0.2827,-0.3088,-0.505,-0.4954,-0.7144,0.4673,-0.2094,0.143,-0.03041,-1.191,0.222,0.0856,0.627,0.4246,0.432,0.0,0.0,0.428,0.0,0.281,-0.4773,0.0,0.0,0.0,0.0,0.212,1.0,1.0,1.0,0.7485,-0.8145,1.0,0.0,0.5,-0.5,0.0,0.0,0.0,0.1617
0.4255,0.425,0.4263,0.515,-0.538,-0.4316,-0.2632,-0.6167,-0.5806,-0.000498,0.5264,-0.2191,-0.1428,0.3464,-1.0,0.0,-0.05316,0.05154,0.3809,0.0,-0.2803,-0.675,-0.5376,-0.521,-0.4912,0.4683,0.2206,0.4814,-0.010574,0.143,-1.701,0.05127,-0.6895,0.4185,0.432,0.0,0.0,0.4268,0.0,0.2974,-0.1277,0.0,0.0,0.0,0.0,0.633,1.0,1.5,1.5,0.4956,-0.5303,2.0,0.0,0.5,-0.5,0.0,0.0,0.0,0.4814
0.4226,0.4224,0.4236,0.745,-0.7686,-0.4316,-0.2632,-0.573,-0.855,-0.0947,0.5146,0.7905,-0.1428,0.3464,-1.0,0.0,0.0408,0.1437,0.3232,0.0,-0.2778,-0.2349,-0.5454,-0.5254,-0.8047,0.4758,-0.0881,-0.5835,0.0437,0.4814,-1.191,0.2219,0.279,0.4102,0.4312,0.0,0.0,0.425,0.0,0.277,-0.1948,0.0,0.0,0.0,0.0,-0.683,0.0,1.0,1.5,0.6763,-0.7954,0.0,1.0,0.5,-0.5,0.0,0.0,0.0,-0.5156
0.421,0.4204,0.4219,0.519,-0.5425,-0.4316,-0.2632,-0.703,-0.6387,-0.04544,0.4888,-0.178,-0.1428,0.3464,-1.0,0.0,-0.0182,0.1055,0.3599,0.0,-0.2751,-0.5767,-0.5483,-0.523,-0.611,0.4722,-0.605,0.375,0.0612,-0.5835,0.143,-1.701,0.434,0.4026,0.4302,0.0,0.0,0.4236,0.0,0.2898,-0.4692,0.0,0.0,0.0,0.0,0.3735,1.0,1.0,1.5,0.4514,-0.586,1.0,0.0,0.5,-0.5,0.0,0.0,0.0,0.2847
0.4197,0.4192,0.4207,0.3977,-0.418,-0.4316,-0.2632,-0.682,-0.4922,-0.02293,0.4558,-0.1641,-0.2856,0.3464,-1.0,0.0,-0.03775,0.08057,0.3792,0.0,-0.2727,-0.2224,-0.543,-0.5186,-0.4678,0.4614,-1.128,0.1953,0.0744,0.375,0.4814,-1.19,0.431,0.3953,0.4294,0.0,0.0,0.4226,0.0,0.2964,-0.6323,0.0,0.0,0.0,0.0,0.2715,2.0,1.0,1.5,0.3098,-0.493,2.0,0.0,0.5,-0.5,0.0,0.0,0.0,0.2057
0.4207,0.4202,0.4216,-0.0525,0.03723,-0.4316,-0.2632,-0.7036,-0.02579,0.11633,0.4482,-1.214,-0.1428,0.3464,0.0,0.0,-0.17,-0.05685,0.4753,0.0,-0.2703,-0.2654,-0.5386,-0.5254,0.00947,0.4592,-1.372,0.973,0.07416,0.1953,-0.5835,0.143,0.0856,0.3965,0.4294,0.0,0.0,0.423,0.0,0.3298,-0.0936,0.0,0.0,0.0,0.0,1.132,2.0,1.0,2.0,-0.07806,-0.00504,3.0,0.0,0.5,-0.5,0.0,0.0,0.0,0.855
0.4226,0.422,0.4233,-0.2294,0.218,-0.377,-0.2632,-0.672,0.1858,0.178,0.443,2.74,-0.1428,0.3464,0.0,0.0,-0.2236,-0.1203,0.521,0.0,-0.2676,-0.0881,-0.5405,-0.549,0.2202,0.4612,-1.512,0.4526,0.0855,0.973,0.375,0.4812,0.05127,0.4028,0.43,0.0,0.0,0.4238,0.0,0.3455,-0.04117,0.0,0.0,0.0,0.0,0.7896,2.0,1.0,2.0,-0.245,0.1727,4.0,0.0,0.5,-0.5,0.0,0.0,0.0,0.5864
0.4268,0.4268,0.4275,-0.7134,0.7153,0.2627,-0.2632,-0.6016,0.7534,0.3586,0.45,2.213,-0.1428,0.3464,0.0,0.0,-0.3784,-0.2993,0.6133,1.0,-0.2903,0.4087,-0.54,-0.573,0.7534,0.4438,-1.766,1.227,0.1497,0.4526,0.1952,-0.5835,0.2219,0.4126,0.4312,0.0,0.0,0.4268,0.0,0.3884,0.1711,0.0,0.0,0.0,0.0,2.863,3.0,1.0,2.0,-0.6646,0.7026,5.0,0.0,0.5,-0.5,0.0,0.0,0.0,2.111
0.4307,0.4307,0.4314,-0.622,0.6255,0.2627,-0.2632,-0.6133,0.721,0.3477,0.4492,0.10205,-0.1428,0.3464,0.0,0.0,-0.3699,-0.2878,0.612,0.0,-0.2878,-0.616,-0.533,-0.577,0.72,0.449,-0.2408,-0.01692,0.1742,1.227,0.973,0.375,-1.701,0.4211,0.432,0.0,0.0,0.4302,0.0,0.3877,0.05573,0.0,0.0,0.0,0.0,-0.02118,2.0,1.0,1.5,-0.5845,0.608,0.0,1.0,0.5,-0.5,0.0,0.0,0.0,-0.0153
0.4373,0.4377,0.4375,-1.116,1.142,0.2627,-0.2632,-0.5176,1.34,0.553,0.468,0.955,-0.1428,0.3464,0.0,0.0,-0.5376,-0.4856,0.6133,1.0,-0.2903,0.368,-0.4697,-0.55,1.29,0.3357,0.953,1.372,0.3542,-0.01692,0.4526,0.1952,-1.19,0.4358,0.433,0.0,0.0,0.4338,0.0,0.437,0.3572,0.0,0.0,0.0,0.0,3.12,2.0,1.5,1.5,-0.9927,1.18,1.0,0.0,0.5,-0.5,1.0,0.0,3.348,2.256
0.444,0.4446,0.4438,-1.127,1.166,0.2627,-0.2632,-0.4924,1.427,0.5957,0.4907,0.2083,-0.1428,0.3464,0.0,0.0,-0.5713,-0.5264,0.6133,1.0,-0.2903,-0.3508,-0.353,-0.4834,1.337,0.3264,1.231,0.331,0.531,1.372,1.227,0.9727,0.143,0.4504,0.4353,0.0,0.0,0.437,0.0,0.449,0.4128,0.0,0.0,0.0,0.0,0.7134,2.0,1.5,1.5,-1.005,1.201,2.0,0.0,0.5,-0.5,0.0,0.0,0.0,0.504
0.4514,0.4524,0.451,-1.223,1.279,0.2627,-0.2632,-0.4358,1.61,0.673,0.519,0.2734,-0.1428,0.3464,0.0,0.0,-0.63,-0.6,0.6133,1.0,-0.2903,-0.4705,-0.2228,-0.401,1.516,0.2913,1.244,0.5435,0.722,0.331,-0.01692,0.4524,0.4812,0.4663,0.438,0.0,0.0,0.4417,0.0,0.4688,0.4739,0.0,0.0,0.0,0.0,0.895,2.0,1.5,1.5,-1.162,1.239,3.0,0.0,0.5,-0.5,1.0,0.0,2.09,0.629
0.4565,0.4578,0.456,-0.8535,0.9062,0.2627,-0.2632,-0.53,1.185,0.5737,0.566,-0.1274,0.0,0.3464,0.0,0.0,-0.556,-0.503,0.5566,0.0,-0.2878,-0.6387,-0.06052,-0.2942,1.098,0.3179,2.164,-0.5547,0.827,0.5435,1.372,1.227,-0.5835,0.477,0.4407,0.0,0.0,0.4453,0.0,0.448,0.86,1.0,0.0,0.0,0.0,-0.9863,1.0,1.5,1.5,-0.845,0.8384,0.0,1.0,0.5,-0.5,0.0,0.0,0.0,-0.6865
0.4624,0.4634,0.462,-0.9224,0.976,0.2627,-0.2632,-0.555,1.192,0.6274,0.638,0.1497,0.1428,0.3464,0.0,0.0,-0.603,-0.5483,0.5967,0.0,-0.2854,-0.0716,0.1285,-0.1659,1.143,0.3486,2.273,0.3953,0.9478,-0.5547,0.331,-0.01692,0.375,0.488,0.4434,0.0,0.0,0.449,0.0,0.4624,1.423,1.0,0.0,0.0,0.0,0.4712,2.0,1.5,2.0,-0.898,0.9204,1.0,0.0,0.5,-0.5,0.0,0.0,0.0,0.331
0.468,0.469,0.4675,-0.895,0.9463,0.2627,-0.2632,-0.583,1.091,0.647,0.711,0.0572,0.2856,0.3464,0.0,0.0,-0.6216,-0.563,0.6133,1.0,-0.2903,-0.6685,0.3313,-0.02217,1.069,0.38,2.537,0.1799,1.064,0.3953,0.5435,1.371,0.1952,0.4954,0.4465,0.0,0.0,0.4524,0.0,0.469,1.428,1.0,0.0,0.0,0.0,0.2106,2.0,1.5,2.0,-0.886,0.8755,2.0,0.0,0.5,-0.5,0.0,0.0,0.0,0.147
0.4746,0.4758,0.474,-1.093,1.149,0.2627,-0.2632,-0.569,1.252,0.7524,0.787,0.29,0.4285,0.3464,0.0,0.0,-0.706,-0.6562,0.6133,1.0,-0.2903,-0.3955,0.551,0.1378,1.253,0.3433,2.14,0.718,1.22,0.1799,-0.5547,0.331,0.9727,0.5054,0.4504,0.0,0.0,0.4565,0.0,0.4958,1.452,1.0,0.0,0.0,0.0,1.035,2.0,1.5,2.0,-1.066,1.083,3.0,0.0,0.5,-0.5,0.0,0.0,0.0,0.72
0.4814,0.4824,0.481,-1.089,1.142,0.2627,-0.2632,-0.566,1.159,0.786,0.8765,0.0683,0.5713,0.3464,0.0,0.0,-0.733,-0.6855,0.6133,1.0,-0.2903,-0.249,0.79,0.3147,1.199,0.3538,2.164,0.274,1.372,0.718,0.3953,0.543,0.4524,0.5117,0.4543,0.0,0.0,0.4612,0.0,0.506,1.478,1.0,0.0,1.0,0.0,0.4072,2.0,1.5,2.0,-1.066,1.071,4.0,0.0,0.5,-0.5,0.0,0.0,0.0,0.28
0.4868,0.4875,0.4866,-0.877,0.919,0.2627,-0.2632,-0.5645,0.836,0.7383,0.9565,-0.1354,0.7144,0.3464,0.0,0.0,-0.6943,-0.6445,0.5903,0.0,-0.2878,-0.743,1.005,0.4897,0.94,0.383,1.498,-0.2246,1.484,0.274,0.1799,-0.5547,1.227,0.516,0.4587,0.0,0.0,0.465,0.0,0.4973,1.478,1.0,0.0,0.0,0.0,-0.2644,2.0,1.0,2.0,-0.862,0.857,0.0,1.0,0.5,-0.5,0.0,0.0,0.0,-0.181
0.488,0.4885,0.4883,-0.0774,0.10004,0.2627,-0.2632,-0.423,-0.1157,0.4663,1.008,-0.9546,0.7144,0.3464,-1.0,0.0,-0.4556,-0.416,0.4255,0.0,-0.2854,0.746,1.184,0.6626,-0.01541,0.4133,1.784,-1.61,1.46,-0.2246,0.718,0.395,-0.01692,0.513,0.4622,0.0,0.0,0.469,0.0,0.4363,0.8486,1.0,0.0,0.0,0.0,-2.893,1.0,1.0,1.5,-0.0651,0.097,0.0,2.0,0.5,-1.0,0.0,0.0,0.0,-1.988
0.4902,0.4905,0.4907,-0.2556,0.2656,0.2627,0.2803,-0.429,-0.01578,0.528,1.052,-17.1,0.7144,0.3464,0.0,0.0,-0.5083,-0.4714,0.47,0.0,-0.2827,-0.1544,1.306,0.8135,0.1076,0.433,0.694,0.447,1.363,-1.61,0.274,0.1799,1.371,0.5137,0.4648,0.0,0.0,0.4746,0.0,0.4526,0.7783,1.0,0.0,0.0,0.0,0.7466,1.0,1.0,1.5,-0.2261,0.2673,1.0,0.0,0.5,-1.0,0.0,0.0,0.0,0.5273
0.4956,0.4954,0.496,-0.8345,0.843,0.2627,0.2803,-0.37,0.538,0.748,1.11,6.258,0.7144,0.3464,0.0,0.0,-0.6846,-0.6714,0.6133,1.0,-0.2903,0.765,1.423,0.9717,0.6113,0.4731,0.4363,1.445,1.312,0.447,-0.2246,0.7173,0.331,0.518,0.4683,0.0,0.0,0.4822,0.0,0.506,0.9243,1.0,0.0,0.0,0.0,4.44,1.0,1.0,1.5,-0.756,0.8535,2.0,0.0,0.5,-1.0,0.0,0.0,0.0,3.115
0.4988,0.4985,0.4998,-0.4675,0.4631,0.2627,0.2803,-0.3428,0.1261,0.6333,1.141,-0.549,0.7144,0.3464,0.0,0.0,-0.589,-0.5737,0.5474,0.0,-0.2878,0.4397,1.519,1.121,0.1497,0.5034,0.0857,-0.6416,1.22,1.445,-1.61,0.274,0.543,0.519,0.4717,0.0,0.0,0.488,0.0,0.4814,0.519,0.0,0.0,0.0,0.0,-1.09,0.0,0.5,1.0,-0.3733,0.519,0.0,1.0,0.5,-1.0,0.0,0.0,0.0,-0.746
0.503,0.5024,0.504,-0.6367,0.6226,0.2627,0.2803,-0.3474,0.273,0.708,1.18,0.811,0.7144,0.3464,0.0,0.0,-0.6504,-0.6387,0.6,0.0,-0.2854,-0.593,1.547,1.249,0.3162,0.5215,0.6294,0.519,1.054,-0.6416,0.4468,-0.2246,-0.5547,0.5195,0.4753,0.0,0.0,0.4954,0.0,0.501,0.6143,0.0,0.0,0.0,0.0,0.75,1.0,1.0,1.5,-0.57,0.6353,1.0,0.0,0.5,-1.0,0.0,0.0,0.0,0.519
0.5054,0.505,0.507,-0.348,0.3267,0.2627,0.2803,-0.3684,-0.01881,0.618,1.189,-0.6816,0.7144,0.3464,0.0,0.0,-0.5786,-0.558,0.5493,0.0,-0.2827,0.003067,1.536,1.349,-0.001999,0.537,0.4033,-0.4983,0.84,0.519,1.445,-1.61,0.395,0.5176,0.4783,0.0,0.0,0.502,0.0,0.482,0.1985,0.0,0.0,0.0,0.0,-0.5835,1.0,0.5,1.0,-0.2874,0.3552,0.0,1.0,0.5,-1.0,0.0,0.0,0.0,-0.4004
0.5093,0.5083,0.5103,-0.525,0.5044,0.2627,0.2803,-0.3845,0.1853,0.693,1.202,2.467,0.7144,0.3464,0.0,0.0,-0.641,-0.622,0.602,0.0,-0.2803,-0.3984,1.486,1.409,0.1917,0.55,0.2896,0.5186,0.593,-0.4983,-0.6416,0.4468,0.1799,0.518,0.4812,0.0,0.0,0.5083,0.0,0.501,0.2421,0.0,0.0,0.0,0.0,0.595,1.0,0.5,1.0,-0.4556,0.529,1.0,0.0,0.5,-1.0,0.0,0.0,0.0,0.4119
0.51,0.509,0.5107,0.02766,-0.05194,0.2627,0.2803,-0.277,-0.357,0.5044,1.188,-1.837,0.5713,0.3464,-1.0,0.0,-0.475,-0.4648,0.4883,0.0,-0.2778,0.6787,1.371,1.425,-0.3582,0.5513,-0.2874,-1.109,0.3577,0.5186,0.519,1.445,0.7173,0.52,0.4834,0.0,0.0,0.5127,0.0,0.4592,-0.1893,0.0,0.0,0.0,0.0,-1.318,0.0,0.0,0.5,0.0945,0.01255,0.0,1.0,0.5,-1.0,0.0,0.0,0.0,-0.904
0.5103,0.5093,0.511,0.05954,-0.0862,0.2627,0.2803,-0.2935,-0.391,0.489,1.184,0.2974,0.4285,0.3464,-1.0,0.0,-0.4631,-0.449,0.4834,0.0,-0.2751,-0.6206,1.217,1.403,-0.403,0.5557,-0.629,-0.04913,0.11145,-1.109,-0.4983,-0.6416,0.274,0.5205,0.4854,0.0,0.0,0.5166,0.0,0.4573,-0.06146,0.0,0.0,0.0,0.0,-0.05612,0.0,-0.5,0.5,0.10736,-0.03986,0.0,2.0,0.5,-1.0,0.0,0.0,0.0,-0.0392
0.5103,0.51,0.5117,0.08923,-0.1164,-0.2465,0.2803,-0.3254,-0.41,0.4739,1.171,0.2178,0.2856,0.3464,-1.0,0.0,-0.4534,-0.4324,0.4783,0.0,-0.2727,-0.4434,1.03,1.353,-0.4307,0.5557,-0.536,-0.04916,-0.02159,-0.04913,0.5186,0.5186,-0.2245,0.516,0.487,0.0,0.0,0.5186,0.0,0.4553,-0.177,0.0,0.0,0.0,0.0,-0.06464,-1.0,-0.5,0.0,0.1285,-0.077,0.0,3.0,0.5,-1.0,0.0,0.0,0.0,-0.0452
0.5117,0.5107,0.513,-0.0993,0.0743,-0.2465,0.2803,-0.33,-0.1987,0.5366,1.163,-0.6426,0.1428,0.3464,-1.0,0.0,-0.507,-0.4888,0.523,0.0,-0.2703,-0.582,0.824,1.264,-0.2239,0.5557,0.862,0.4429,-0.2054,-0.04916,-1.108,-0.4983,-1.609,0.515,0.4905,0.0,0.0,0.5215,0.0,0.4717,-0.1076,0.0,0.0,0.0,0.0,0.2954,0.0,0.0,0.0,-0.0643,0.09436,1.0,0.0,0.5,-1.0,0.0,0.0,0.0,0.2068
0.5137,0.5127,0.5146,-0.2112,0.1869,-0.2465,0.2803,-0.3347,-0.03717,0.578,1.147,-1.977,0.1428,0.3464,0.0,0.0,-0.542,-0.5254,0.554,0.0,-0.2676,-0.3467,0.61,1.153,-0.0648,0.5557,0.5474,0.3093,-0.2454,0.4429,-0.0491,0.5186,0.4468,0.5137,0.4949,0.0,0.0,0.523,0.0,0.4832,-0.218,0.0,0.0,0.0,0.0,0.4292,0.0,0.0,0.0,-0.1683,0.2067,2.0,0.0,0.5,-1.0,0.0,0.0,0.0,0.298
0.515,0.514,0.5166,-0.1571,0.1301,-0.2465,0.2803,-0.3276,-0.0394,0.562,1.126,0.11176,0.1428,0.3464,0.0,0.0,-0.528,-0.5117,0.5493,0.0,-0.2651,-0.1714,0.4055,1.023,-0.0663,0.551,-0.6934,-0.04858,-0.2683,0.3093,-0.04916,-1.108,1.445,0.5137,0.4993,0.0,0.0,0.524,0.0,0.4812,-0.3125,0.0,0.0,0.0,0.0,-0.05756,0.0,-0.5,-0.5,-0.1262,0.1412,0.0,1.0,0.5,-1.0,0.0,0.0,0.0,-0.0398
0.517,0.516,0.5186,-0.2487,0.2222,-0.431,0.2803,-0.339,0.10016,0.5977,1.113,2.164,0.1428,0.3464,0.0,0.0,-0.559,-0.5425,0.577,0.0,-0.2627,-0.7417,0.1991,0.8696,0.07385,0.55,-0.1525,0.2756,-0.262,-0.04858,0.4429,-0.0491,-0.641,0.513,0.5034,0.0,0.0,0.525,0.0,0.4915,-0.1696,0.0,0.0,0.0,0.0,0.2512,1.0,0.0,0.0,-0.283,0.1553,1.0,0.0,0.5,-1.0,0.0,0.0,0.0,0.1737
0.518,0.517,0.5195,-0.03073,-0.005257,-0.431,0.2803,-0.4014,-0.1453,0.5225,1.121,-1.107,0.1428,0.3464,-1.0,0.0,-0.5015,-0.4692,0.534,0.0,-0.26,-0.03714,0.00785,0.7056,-0.1611,0.5557,-0.605,-0.4197,-0.2947,0.2756,0.3093,-0.04916,0.5186,0.5146,0.508,0.0,0.0,0.526,0.0,0.4756,0.2235,0.0,0.0,0.0,0.0,-0.4902,1.0,-0.5,0.0,-0.07574,-0.06696,0.0,1.0,0.5,-1.0,0.0,0.0,0.0,-0.3376
0.515,0.5146,0.5166,0.686,-0.72,-0.431,0.2145,-0.2747,-0.8716,0.2705,1.099,14.88,0.0,0.3464,-1.0,0.0,-0.2715,-0.2474,0.3777,0.0,-0.2576,0.763,-0.2206,0.533,-0.8965,0.553,-0.2004,-1.544,-0.1923,-0.4197,-0.04858,0.4426,-0.498,0.5107,0.5107,0.0,0.0,0.5244,0.0,0.4175,-0.3923,0.0,0.0,0.0,0.0,-2.873,0.0,-0.5,-0.5,0.6006,-0.7705,0.0,2.0,0.5,-1.0,0.0,0.0,0.0,-1.993
0.5137,0.5127,0.5146,0.4778,-0.5103,-0.431,0.2145,-0.4,-0.6357,0.3188,1.058,-0.1989,-0.1428,0.3464,-1.0,0.0,-0.3254,-0.2812,0.4124,0.0,-0.2551,-0.3208,-0.3738,0.3506,-0.627,0.531,-0.8354,0.3503,-0.139,-1.544,0.2756,0.3093,0.5186,0.509,0.5137,0.0,0.0,0.5234,0.0,0.4302,-0.7935,0.0,0.0,0.0,0.0,0.616,0.0,-0.5,-0.5,0.3887,-0.58,1.0,0.0,0.5,-1.0,0.0,0.0,0.0,0.4387
0.5127,0.512,0.514,0.2761,-0.3071,-0.431,0.2145,-0.499,-0.4185,0.3716,1.032,-0.3145,-0.2856,0.3464,-1.0,0.0,-0.3806,-0.3213,0.4502,0.0,-0.2524,-0.5273,-0.4214,0.1741,-0.389,0.5186,0.02579,0.3813,-0.1312,0.3503,-0.4194,-0.04858,-1.108,0.5063,0.5166,0.0,0.0,0.522,0.0,0.444,-0.468,0.0,0.0,0.0,0.0,0.5474,1.0,0.0,0.0,0.192,-0.3877,2.0,0.0,0.5,-1.0,0.0,0.0,0.0,0.3872
0.5117,0.511,0.513,0.3435,-0.3767,-0.431,0.2145,-0.5063,-0.449,0.3362,0.9946,0.2527,-0.4285,0.3464,-1.0,0.0,-0.35,-0.2874,0.4321,0.0,-0.25,-0.6357,-0.3787,0.01971,-0.4216,0.507,0.0363,-0.1813,-0.1376,0.3813,-1.544,0.2754,-0.0491,0.502,0.5186,0.0,0.0,0.5195,0.0,0.4373,-0.7407,0.0,0.0,0.0,0.0,-0.188,0.0,0.0,-0.5,0.2389,-0.474,0.0,1.0,0.5,-1.0,0.0,0.0,0.0,-0.1322
0.5107,0.5103,0.512,0.3315,-0.365,-0.431,0.2145,-0.5474,-0.4163,0.3262,0.9653,0.03525,-0.5713,0.3464,-1.0,0.0,-0.3452,-0.2742,0.4304,0.0,-0.2474,-0.4353,-0.3025,-0.1176,-0.3884,0.4978,0.0348,-0.01653,-0.1387,-0.1813,0.3503,-0.4194,-0.04913,0.498,0.5195,0.0,0.0,0.5176,0.0,0.4365,-0.5996,0.0,0.0,0.0,0.0,-0.02344,0.0,0.0,-0.5,0.2013,-0.4915,0.0,2.0,0.5,-1.0,0.0,0.0,0.0,-0.01654
0.5107,0.51,0.512,0.1802,-0.2155,-0.431,0.2145,-0.545,-0.2225,0.3647,0.931,-0.5625,-0.7144,0.3464,-1.0,0.0,-0.3787,-0.3105,0.4602,0.0,-0.245,-0.2632,-0.2267,-0.2219,-0.2028,0.4888,-0.413,0.2976,-0.1562,-0.01653,0.3813,-1.543,0.4426,0.4941,0.521,0.0,0.0,0.518,0.0,0.4473,-0.7124,0.0,0.0,0.0,0.0,0.3933,1.0,0.0,-0.5,0.01698,-0.3894,1.0,0.0,0.5,-1.0,0.0,0.0,0.0,0.2776
0.513,0.512,0.5146,-0.322,0.295,-0.431,0.2145,-0.5884,0.3096,0.5366,0.9336,-5.29,-0.5713,0.3464,0.0,0.0,-0.53,-0.4639,0.5757,0.0,-0.2424,0.4746,-0.1785,-0.31,0.349,0.4897,-0.755,1.151,-0.1458,0.2976,-0.1813,0.35,0.309,0.4956,0.522,0.0,0.0,0.5195,0.0,0.4897,0.216,0.0,0.0,0.0,0.0,1.553,1.0,0.0,0.0,-0.3984,0.1764,2.0,0.0,0.5,-1.0,0.0,0.0,0.0,1.09
0.5176,0.517,0.5186,-0.694,0.681,-0.1487,0.2145,-0.558,0.7305,0.684,0.9526,1.23,-0.4285,0.3464,0.0,0.0,-0.65,-0.598,0.6133,1.0,-0.2903,-0.1332,-0.1743,-0.3442,0.764,0.4417,-0.6904,0.985,-0.0862,1.151,-0.01653,0.3813,-0.04855,0.506,0.524,0.0,0.0,0.52,0.0,0.527,0.5283,0.0,0.0,0.0,0.0,1.684,1.0,0.5,0.5,-0.705,0.6045,3.0,0.0,0.5,-1.0,0.0,0.0,0.0,1.16
0.5186,0.518,0.5195,-0.03442,0.01659,-0.1487,0.2145,-0.4495,0.0439,0.4631,0.953,-0.7476,-0.2856,0.3464,0.0,0.0,-0.4553,-0.4106,0.478,0.0,-0.2878,-0.01643,-0.1871,-0.3496,0.07324,0.4485,-0.8296,-1.318,-0.0878,0.985,0.2976,-0.1812,0.2754,0.51,0.524,0.0,0.0,0.52,0.0,0.4763,0.03757,0.0,0.0,0.0,0.0,-1.791,1.0,0.0,0.5,-0.03848,-0.0008564,0.0,1.0,0.5,-1.0,0.0,0.0,0.0,-1.214
0.5186,0.518,0.5195,0.1559,-0.1744,-0.1487,0.2145,-0.3882,-0.1403,0.3948,0.9404,-1.128,-0.2856,0.3464,-1.0,0.0,-0.3909,-0.3535,0.439,0.0,-0.2854,-0.007126,-0.2101,-0.345,-0.1172,0.4485,-0.4746,-0.3896,-0.11487,-1.318,1.151,-0.01653,-0.4194,0.5117,0.5244,0.0,0.0,0.519,0.0,0.4614,-0.2041,0.0,0.0,0.0,0.0,-0.5947,1.0,0.0,0.0,0.1444,-0.1852,0.0,2.0,0.5,-1.0,0.0,0.0,0.0,-0.412
0.523,0.523,0.524,-0.6904,0.6953,-0.1487,0.2145,-0.2815,0.7847,0.7,0.9536,-17.1,-0.2856,0.3464,0.0,0.0,-0.6377,-0.638,0.6133,1.0,-0.2903,0.8193,-0.2408,-0.3447,0.7866,0.437,0.917,1.994,-0.001357,-0.3896,0.9844,0.2976,-1.543,0.5205,0.5264,0.0,0.0,0.5205,0.0,0.5356,0.2103,0.0,0.0,0.0,0.0,3.81,1.0,0.5,0.0,-0.562,0.771,1.0,0.0,0.5,-1.0,0.0,0.0,0.0,2.658
0.527,0.527,0.5273,-0.546,0.554,-0.1487,0.2145,-0.306,0.664,0.668,0.965,-0.004105,-0.2856,0.3464,0.0,0.0,-0.6143,-0.608,0.599,0.0,-0.2878,-0.519,-0.2612,-0.3496,0.6606,0.4485,0.896,-0.1423,0.06174,1.994,-1.317,1.151,0.35,0.5293,0.5273,0.0,0.0,0.5215,0.0,0.53,0.1836,0.0,0.0,0.0,0.0,-0.2211,0.0,0.0,0.0,-0.436,0.6216,0.0,1.0,0.5,-1.0,0.0,0.0,0.0,-0.1492
0.5303,0.531,0.531,-0.4734,0.4922,-0.1487,0.2145,-0.1443,0.6255,0.6597,0.971,0.0886,-0.2856,0.3464,0.0,0.0,-0.593,-0.616,0.599,0.0,-0.2854,1.06,-0.2495,-0.3467,0.565,0.4683,0.8003,0.0,0.129,-0.1423,-0.3896,0.9844,0.3813,0.537,0.5283,0.0,0.0,0.524,0.0,0.53,0.1255,0.0,0.0,0.0,0.0,0.0,-1.0,-0.5,-0.5,-0.3953,0.5303,0.0,0.0,0.5,-1.0,0.0,0.0,0.0,0.0
0.5327,0.5327,0.5327,-0.2463,0.2644,-0.1487,0.2145,-0.1477,0.3945,0.59,0.9795,-0.1989,-0.1428,0.3464,0.0,0.0,-0.535,-0.554,0.56,0.0,-0.2827,-0.2343,-0.2329,-0.3403,0.3386,0.476,1.18,-0.3806,0.1547,0.0,1.993,-1.317,-0.1812,0.5396,0.529,0.0,0.0,0.526,0.0,0.515,0.1344,0.0,0.0,0.0,0.0,-0.596,-1.0,-0.5,-0.5,-0.2415,0.2401,0.0,1.0,0.5,-1.0,0.0,0.0,0.0,-0.4033
0.5356,0.5356,0.536,-0.4026,0.4177,-0.1487,0.2145,-0.2128,0.5063,0.6533,1.0205,0.384,0.0,0.3464,0.0,0.0,-0.5938,-0.604,0.6055,0.0,-0.2803,0.1191,-0.1686,-0.3164,0.4763,0.4932,1.389,0.4468,0.1995,-0.3806,-0.1423,-0.3896,-0.01653,0.54,0.5293,0.0,0.0,0.529,0.0,0.5317,0.7295,0.0,0.0,0.0,0.0,0.5347,0.0,0.0,0.0,-0.3816,0.399,1.0,0.0,0.5,-1.0,0.0,0.0,0.0,0.364
0.541,0.5415,0.5415,-0.8813,0.911,-0.1487,0.2145,-0.1796,0.994,0.848,1.075,1.003,0.1428,0.3464,0.0,0.0,-0.7476,-0.775,0.6133,1.0,-0.2903,0.003319,-0.0001608,-0.2437,0.932,0.4075,1.357,1.267,0.3625,0.4468,0.0,1.993,0.2974,0.5493,0.5327,0.0,0.0,0.532,0.0,0.5806,0.8765,1.0,0.0,0.0,0.0,2.37,0.0,0.0,0.0,-0.7925,0.929,2.0,0.0,0.5,-1.0,1.0,0.0,3.908,1.602
0.5435,0.544,0.5435,-0.2126,0.2389,-0.1487,0.2145,0.01715,0.2494,0.6245,1.103,-0.5933,0.2856,0.3464,0.0,0.0,-0.5493,-0.6006,0.4797,0.0,-0.2878,0.974,0.1697,-0.15,0.1788,0.428,0.64,-1.303,0.3918,1.267,-0.3804,-0.1423,1.151,0.5557,0.534,0.0,0.0,0.5337,0.0,0.5293,0.385,0.0,0.0,0.0,0.0,-2.562,0.0,-0.5,-0.5,-0.1029,0.3313,0.0,1.0,0.5,-1.0,0.0,0.0,0.0,-1.696
0.545,0.5454,0.5454,-0.1522,0.1704,-0.1487,0.2145,0.02312,0.1328,0.6055,1.132,-0.2079,0.4285,0.3464,0.0,0.0,-0.5327,-0.584,0.4731,0.0,-0.2854,-0.625,0.3074,-0.05493,0.086,0.441,-0.1735,-0.0634,0.4133,-1.303,0.4468,0.0,0.984,0.555,0.535,0.0,0.0,0.535,0.0,0.5264,0.417,0.0,0.0,0.0,0.0,-0.10645,0.0,-1.0,-0.5,-0.04037,0.2698,0.0,2.0,0.5,-1.0,0.0,0.0,0.0,-0.072
0.543,0.543,0.543,0.5967,-0.589,-0.1487,-0.3022,0.1985,-0.6875,0.3403,1.136,-3.488,0.4285,0.3464,-1.0,0.0,-0.2908,-0.3586,0.3123,0.0,-0.2827,0.8237,0.3943,0.02771,-0.7188,0.4458,1.073,-1.603,0.4216,-0.0634,1.267,-0.3804,-1.317,0.5493,0.5347,0.0,0.0,0.5347,0.0,0.4648,0.02121,0.0,0.0,0.0,0.0,-4.188,0.0,-1.0,-0.5,0.7407,-0.396,0.0,3.0,0.5,-1.0,0.0,0.0,0.0,-2.836
0.5425,0.5425,0.543,0.1989,-0.1931,-0.1487,-0.3022,0.2695,-0.3484,0.4578,1.147,-0.507,0.4285,0.3464,-1.0,0.0,-0.3862,-0.4744,0.3904,0.0,-0.2803,0.837,0.4229,0.09595,-0.3428,0.4465,1.408,0.7993,0.4187,-1.603,-1.303,0.4465,-0.3894,0.546,0.5347,0.0,0.0,0.535,0.0,0.4946,0.1088,0.0,0.0,0.0,0.0,1.818,0.0,-0.5,-0.5,0.3489,-0.02475,1.0,0.0,0.5,-1.0,0.0,0.0,0.0,1.266
0.541,0.541,0.5415,0.4546,-0.4504,-0.1487,-0.3022,0.253,-0.6167,0.3586,1.131,1.404,0.2856,0.3464,-1.0,0.0,-0.302,-0.3813,0.333,0.0,-0.2778,0.05032,0.4104,0.1537,-0.625,0.4473,-0.3337,-0.5796,0.3337,0.7993,-0.0634,1.267,1.993,0.5425,0.5347,0.0,0.0,0.537,0.0,0.4724,-0.2172,0.0,0.0,0.0,0.0,-0.7676,-1.0,-1.0,-1.0,0.5703,-0.2998,0.0,1.0,0.5,-1.0,0.0,0.0,0.0,-0.5273
0.5376,0.538,0.538,0.8003,-0.788,-0.1487,-0.3022,0.3335,-0.9346,0.2252,1.086,0.838,0.1428,0.3464,-1.0,0.0,-0.1763,-0.2622,0.2532,0.0,-0.2751,0.5586,0.3713,0.1874,-0.9688,0.4377,-0.3503,-0.8125,0.3062,-0.5796,-1.603,-1.303,-0.1423,0.534,0.533,0.0,0.0,0.5376,0.0,0.442,-0.5776,0.0,0.0,0.0,0.0,-1.245,-1.0,-1.0,-1.5,0.8647,-0.666,0.0,2.0,0.5,-1.0,0.0,0.0,0.0,-0.864
0.536,0.5366,0.536,0.4895,-0.4736,-0.1487,-0.3022,0.2668,-0.6567,0.3052,1.071,-0.2286,0.0,0.3464,-1.0,0.0,-0.2537,-0.3323,0.3074,0.0,-0.2727,-0.0969,0.3044,0.2018,-0.675,0.4312,-0.563,0.56,0.2769,-0.8125,0.799,-0.0634,0.0,0.5234,0.5337,0.0,0.0,0.538,0.0,0.4626,-0.2037,0.0,0.0,0.0,0.0,0.826,0.0,-0.5,-1.0,0.58,-0.348,1.0,0.0,0.5,-1.0,0.0,0.0,0.0,0.581
0.538,0.538,0.538,-0.1622,0.1818,-0.1487,-0.3022,0.2634,-0.0249,0.5186,1.085,-1.137,0.1428,0.3464,0.0,0.0,-0.4385,-0.5293,0.446,0.0,-0.2703,-0.04218,0.207,0.2054,-0.03482,0.4387,-0.3652,1.42,0.2194,0.56,-0.579,-1.603,-0.3804,0.5225,0.5347,0.0,0.0,0.541,0.0,0.515,0.1545,0.0,0.0,0.0,0.0,1.834,1.0,0.0,-0.5,-0.0655,0.264,2.0,0.0,0.5,-1.0,1.0,0.0,4.11,1.277
0.5396,0.5396,0.5396,-0.12054,0.1324,-0.1487,-0.3022,0.10223,-0.02261,0.505,1.065,0.1709,0.1428,0.3464,0.0,0.0,-0.4414,-0.5015,0.4429,0.0,-0.2676,-0.3848,0.0955,0.1895,-0.04074,0.4365,-0.7803,-0.0319,0.1437,1.42,-0.8125,0.799,0.4465,0.5215,0.536,0.0,0.0,0.5435,0.0,0.514,-0.2598,0.0,0.0,0.0,0.0,-0.03537,0.0,-0.5,-1.0,-0.02905,0.2123,0.0,1.0,0.0,-1.0,0.0,0.0,0.0,-0.02406
0.538,0.5386,0.5386,0.3767,-0.3674,-0.1487,-0.3022,0.1869,-0.4915,0.3296,1.03,-5.414,0.0,0.3464,-1.0,0.0,-0.2822,-0.3474,0.3376,0.0,-0.2651,-0.366,-0.03708,0.1467,-0.5186,0.4294,-2.02,-1.053,0.094,-0.0319,0.56,-0.579,1.267,0.522,0.536,0.0,0.0,0.5444,0.0,0.4739,-0.4475,0.0,0.0,0.0,0.0,-1.189,0.0,-1.0,-1.0,0.496,-0.2184,0.0,2.0,0.0,-1.0,0.0,0.0,0.0,-0.81
0.5356,0.536,0.536,0.6416,-0.6343,-0.1487,-0.3022,0.1338,-0.7275,0.2236,0.986,0.8315,-0.1428,0.3464,-1.0,0.0,-0.1927,-0.2416,0.2756,0.0,-0.2627,0.286,-0.1537,0.08344,-0.743,0.4126,-1.02,-0.6333,0.1428,-1.053,1.42,-0.812,-1.302,0.518,0.5356,0.0,0.0,0.5435,0.0,0.45,-0.558,0.0,0.0,0.0,0.0,-0.7227,0.0,-1.0,-1.0,0.7607,-0.4653,0.0,3.0,0.0,-1.0,0.0,0.0,0.0,-0.501
0.5347,0.5347,0.5347,0.4072,-0.395,-0.378,-0.3022,0.142,-0.4795,0.2822,0.954,-0.3015,-0.2856,0.3464,-1.0,0.0,-0.2445,-0.2983,0.3171,0.0,-0.26,0.05438,-0.2727,0.02235,-0.4895,0.4016,-1.151,0.4268,0.1517,-0.6333,-0.03186,0.56,-0.0634,0.5176,0.535,0.0,0.0,0.5415,0.0,0.4656,-0.393,0.0,0.0,0.0,0.0,0.592,0.0,-0.5,-0.5,0.536,-0.2334,1.0,0.0,0.0,-1.0,0.0,0.0,0.0,0.4143
0.5337,0.534,0.534,0.3027,-0.2932,-0.378,-0.3022,0.0927,-0.3394,0.303,0.9185,-0.2786,-0.4285,0.3464,-1.0,0.0,-0.2673,-0.3135,0.3345,0.0,-0.2576,-0.3218,-0.343,-0.04224,-0.3743,0.3953,0.2146,0.1792,0.1528,0.4268,-1.053,1.42,-1.603,0.5205,0.535,0.0,0.0,0.5415,0.0,0.4724,-0.4565,0.0,0.0,0.0,0.0,0.1863,0.0,0.0,-0.5,0.3804,-0.1954,2.0,0.0,0.0,-1.0,0.0,0.0,0.0,0.1295
0.533,0.533,0.534,0.2211,-0.2325,-0.378,-0.3022,0.0357,-0.182,0.316,0.863,-0.627,-0.5713,0.3464,-1.0,0.0,-0.2837,-0.32,0.3474,0.0,-0.2551,-0.10596,-0.2634,-0.1145,-0.2201,0.376,-0.4985,0.13,0.1317,0.1792,-0.6333,-0.03186,0.799,0.522,0.535,0.0,0.0,0.542,0.0,0.477,-0.766,0.0,0.0,0.0,0.0,0.1787,1.0,0.0,-0.5,0.2491,-0.1952,3.0,0.0,0.0,-1.0,0.0,0.0,0.0,0.1239
0.5356,0.535,0.5366,-0.2255,0.214,-0.3853,-0.3022,-0.0861,0.322,0.4644,0.8457,-8.125,-0.5713,0.3464,0.0,0.0,-0.4238,-0.4465,0.446,0.0,-0.2524,0.2152,-0.1704,-0.1715,0.3105,0.3667,0.000327,1.005,0.1125,0.13,0.4265,-1.053,-0.579,0.522,0.5376,0.0,0.0,0.5415,0.0,0.5146,-0.2196,0.0,0.0,0.0,0.0,1.208,2.0,0.5,0.0,-0.1222,0.2986,4.0,0.0,0.0,-1.0,0.0,0.0,0.0,0.8354
0.532,0.532,0.533,0.748,-0.767,-0.3853,-0.3022,0.1653,-0.628,0.1292,0.7964,-2.24,-0.7144,0.3464,-1.0,0.0,-0.10406,-0.1527,0.2389,0.0,-0.25,0.919,-0.07947,-0.2032,-0.643,0.3528,0.856,-2.072,0.1602,1.005,0.1792,-0.633,-0.812,0.5146,0.5376,0.0,0.0,0.5386,0.0,0.4355,-0.609,0.0,0.0,0.0,0.0,-3.08,2.0,0.5,0.0,0.8228,-0.638,0.0,1.0,0.0,-1.0,0.0,0.0,0.0,-2.096
0.526,0.526,0.526,1.501,-1.503,-0.3853,-0.724,0.2461,-1.374,-0.1387,0.748,1.739,-0.7144,0.3464,-1.0,0.0,0.1567,0.11084,0.0732,0.0,-0.2474,0.897,0.03223,-0.1757,-1.351,0.3286,0.333,-1.718,0.3687,-2.072,0.1299,0.4265,0.56,0.5054,0.536,0.0,0.0,0.533,0.0,0.372,-0.616,0.0,0.0,0.0,0.0,-3.049,1.0,0.0,0.0,1.575,-1.316,0.0,2.0,0.0,-1.0,0.0,1.0,-3.82,-2.148
0.521,0.5215,0.5215,1.059,-1.05,-0.3853,-0.724,0.1475,-0.9595,-0.04056,0.6973,-0.2184,-0.7144,0.3464,-1.0,0.0,0.05328,0.01906,0.1385,0.0,-0.245,-0.1926,0.1545,-0.10626,-0.9194,0.3057,-1.19,0.6973,0.463,-1.718,1.005,0.1792,1.419,0.5005,0.535,0.0,0.0,0.53,0.0,0.3967,-0.6475,0.0,0.0,0.0,0.0,1.459,1.0,0.0,0.0,1.158,-0.8687,1.0,0.0,0.0,-1.0,0.0,0.0,0.0,1.059
0.5146,0.5156,0.5146,1.458,-1.434,-0.3853,-0.724,0.2283,-1.348,-0.1992,0.6406,0.6475,-0.7144,0.3464,-1.0,0.0,0.2146,0.1761,0.0413,0.0,-0.2424,0.1511,0.2815,0.00171,-1.291,0.2817,-1.45,-1.025,0.6035,0.6973,-2.072,0.1299,-0.03186,0.491,0.5337,0.0,0.0,0.524,0.0,0.3596,-0.708,0.0,0.0,0.0,0.0,-1.616,0.0,0.0,0.0,1.541,-1.241,0.0,1.0,-0.5,-1.0,0.0,0.0,0.0,-1.159
0.51,0.5107,0.5093,1.2295,-1.196,-0.3853,-0.724,0.1396,-1.169,-0.1685,0.601,-0.01576,-0.7144,0.3464,-1.0,0.0,0.1764,0.1523,0.0636,0.0,-0.2399,-0.2676,0.4004,0.1159,-1.1045,0.2656,-0.8384,0.2394,0.555,-1.025,-1.718,1.005,-1.053,0.4817,0.532,0.0,0.0,0.517,0.0,0.368,-0.528,0.0,0.0,0.0,0.0,0.2954,0.0,0.5,0.5,1.306,-1.028,1.0,0.0,-0.5,-1.0,0.0,0.0,0.0,0.2156
0.507,0.508,0.5063,0.7544,-0.713,-0.3853,-0.724,0.12415,-0.716,-0.04953,0.5664,-0.3286,-0.7144,0.3464,-1.0,0.0,0.05978,0.03047,0.1417,0.0,-0.2374,0.03262,0.4968,0.2134,-0.6577,0.254,-0.512,0.8345,0.5327,0.2394,0.6973,-2.072,-0.633,0.4744,0.5303,0.0,0.0,0.513,0.0,0.3977,-0.4714,0.0,0.0,0.0,0.0,1.185,1.0,1.0,0.5,0.8213,-0.592,2.0,0.0,-0.5,-1.0,0.0,0.0,0.0,0.861
0.5034,0.504,0.503,0.879,-0.846,-0.3853,-0.724,0.0677,-0.7886,-0.11444,0.501,0.2756,-0.857,0.3464,-1.0,0.0,0.11725,0.1027,0.10345,0.0,-0.2349,-0.1622,0.569,0.3044,-0.755,0.2341,-1.027,-0.403,0.5146,0.8345,-1.025,-1.717,0.4265,0.4624,0.5273,0.0,0.0,0.509,0.0,0.383,-0.896,0.0,0.0,0.0,0.0,-0.4746,1.0,0.5,0.0,0.9634,-0.6963,0.0,1.0,-0.5,-1.0,0.0,0.0,0.0,-0.3403
0.4983,0.4993,0.4978,1.187,-1.153,-0.3853,-0.724,0.1909,-1.031,-0.2388,0.4248,0.538,-1.0,0.3464,-1.0,0.0,0.2505,0.2218,0.02693,0.0,-0.2323,0.755,0.6714,0.4187,-0.95,0.1942,-1.393,-0.812,0.617,-0.403,0.2394,0.697,0.1792,0.455,0.5244,0.0,0.0,0.505,0.0,0.3535,-0.996,0.0,0.0,0.0,0.0,-3.436,0.0,0.0,0.0,1.239,-1.015,0.0,2.0,-0.5,-1.0,0.0,0.0,0.0,-2.479
0.4944,0.4954,0.494,0.973,-0.9385,-0.3853,-0.724,0.165,-0.8066,-0.2045,0.3706,-0.1259,-1.0,0.3464,-1.0,0.0,0.2142,0.1879,0.05084,0.0,-0.2299,-0.1272,0.744,0.517,-0.7515,0.1781,-1.802,0.257,0.648,-0.812,0.8345,-1.025,0.1299,0.4543,0.5225,0.0,0.0,0.501,0.0,0.3625,-0.7773,0.0,0.0,0.0,0.0,0.3347,1.0,0.0,0.5,1.018,-0.825,1.0,0.0,-0.5,-1.0,0.0,0.0,0.0,0.2449
0.49,0.4912,0.4895,1.031,-0.995,-0.3853,-0.724,0.151,-0.856,-0.2502,0.323,0.2208,-1.0,0.3464,-1.0,0.0,0.2585,0.2379,0.02376,0.0,-0.2273,0.0869,0.803,0.598,-0.818,0.1633,-3.01,-0.2903,0.705,0.257,-0.403,0.2394,1.005,0.4502,0.5186,0.0,0.0,0.497,0.0,0.352,-0.7197,0.0,0.0,0.0,0.0,-0.3462,0.0,-0.5,0.5,1.064,-0.8887,0.0,1.0,-0.5,-1.0,0.0,0.0,0.0,-0.2522
0.484,0.4854,0.4832,1.439,-1.396,-0.3853,-0.724,0.286,-1.218,-0.405,0.2542,0.679,-1.0,0.3464,-1.0,0.0,0.4282,0.3936,-0.0735,0.0,-0.2247,0.9126,0.866,0.6865,-1.186,0.1366,-1.459,-1.047,0.8433,-0.2903,-0.8115,0.8345,-2.072,0.4463,0.514,0.0,0.0,0.493,0.0,0.3147,-0.991,0.0,0.0,0.0,0.0,-1.797,-1.0,-0.5,0.0,1.494,-1.236,0.0,2.0,-0.5,-1.0,0.0,0.0,0.0,-1.315
0.481,0.4822,0.4805,0.7886,-0.745,-0.3853,-0.724,0.2766,-0.556,-0.2393,0.1985,-0.515,-1.0,0.3464,-1.0,0.0,0.2588,0.2141,0.03333,0.0,-0.2222,-0.4226,0.8906,0.762,-0.5664,0.1219,-0.1945,1.17,0.8677,-1.047,0.257,-0.403,-1.717,0.4453,0.5103,0.0,0.0,0.4895,0.0,0.3555,-0.743,0.0,0.0,0.0,0.0,1.099,0.0,0.0,0.0,0.934,-0.536,1.0,0.0,-0.5,-1.0,0.0,0.0,0.0,0.8184
0.48,0.481,0.4797,0.3503,-0.317,-0.37,-0.724,0.2328,-0.063,-0.11896,0.1538,-1.084,-0.857,0.3464,0.0,0.0,0.1364,0.0917,0.1114,0.0,-0.2197,-0.2322,0.907,0.814,-0.08356,0.10535,-0.846,0.8394,0.7583,1.17,-0.2903,-0.8115,0.697,0.444,0.508,0.0,0.0,0.4856,0.0,0.3853,-0.586,0.0,0.0,0.0,0.0,1.3,1.0,0.0,0.0,0.5137,-0.12244,2.0,0.0,-0.5,-1.0,1.0,0.0,2.668,0.9497
0.4768,0.4768,0.4775,0.8267,-0.838,-0.37,-0.724,0.2886,-0.4568,-0.2896,0.0751,-8.13,-1.0,0.3464,-1.0,0.0,0.3103,0.267,0.004623,0.0,-0.2172,0.4858,0.904,0.8545,-0.5303,0.0846,0.04227,-1.132,0.662,0.8394,-1.046,0.257,-1.024,0.4407,0.504,0.0,0.0,0.48,0.0,0.3442,-0.9707,0.0,0.0,0.0,0.0,-2.424,0.0,0.0,-0.5,0.929,-0.673,0.0,1.0,-0.5,-1.0,0.0,0.0,0.0,-1.747
0.4739,0.4734,0.4749,0.7544,-0.782,-0.37,-0.724,0.1235,-0.3699,-0.2915,0.03217,-0.136,-1.0,0.3464,-1.0,0.0,0.2974,0.285,0.004623,0.0,-0.2146,-0.2783,0.878,0.882,-0.446,0.0676,-0.2019,0.0,0.6274,-1.132,1.17,-0.29,0.2393,0.44,0.4988,0.0,0.0,0.4758,0.0,0.344,-0.673,0.0,0.0,0.0,0.0,0.0,0.0,-0.5,-0.5,0.7764,-0.71,0.0,0.0,-0.5,-1.0,0.0,0.0,0.0,0.0
0.4734,0.473,0.4746,0.2163,-0.2383,-0.37,-0.724,0.01646,0.1455,-0.1355,0.0341,-2.076,-0.857,0.3464,0.0,0.0,0.1332,0.1296,0.10504,0.0,-0.2122,0.3152,0.8257,0.89,0.0862,0.0652,-0.991,1.085,0.5884,0.0,0.839,-1.046,0.834,0.442,0.4956,0.0,0.0,0.4739,0.0,0.3823,-0.05945,0.0,0.0,0.0,0.0,1.997,1.0,-0.5,0.0,0.2878,-0.1542,1.0,0.0,-0.5,-1.0,0.0,0.0,0.0,1.468
0.473,0.4724,0.474,0.2455,-0.2712,-0.37,-0.724,-0.02733,0.1193,-0.1506,0.02335,0.0328,-0.7144,0.3464,0.0,0.0,0.1439,0.1495,0.09705,0.0,-0.2096,-0.3887,0.7573,0.8784,0.0698,0.06027,-0.6665,-0.08453,0.512,1.085,-1.131,1.169,-0.403,0.4443,0.4924,0.0,0.0,0.4712,0.0,0.3792,-0.2457,0.0,0.0,0.0,0.0,-0.1093,0.0,-0.5,-0.5,0.2676,-0.2386,0.0,1.0,-0.5,-1.0,0.0,0.0,0.0,-0.07886
0.4731,0.4724,0.4744,0.11646,-0.141,-0.37,-0.724,-0.1414,0.2224,-0.1131,0.0333,0.6255,-0.5713,0.3464,0.0,0.0,0.0972,0.1214,0.12256,0.0,-0.207,-0.597,0.6675,0.8335,0.1837,0.0639,0.04675,0.271,0.4045,-0.08453,0.0,0.839,-0.8115,0.4512,0.491,0.0,0.0,0.4685,0.0,0.3887,0.09406,0.0,0.0,0.0,0.0,0.365,0.0,0.0,0.0,0.1476,-0.10846,1.0,0.0,-0.5,-1.0,0.0,0.0,0.0,0.2637
0.474,0.4736,0.475,-0.0417,0.0223,-0.37,-0.724,-0.179,0.3706,-0.0609,0.04495,0.6245,-0.4285,0.3464,0.0,0.0,0.04355,0.07117,0.1576,0.0,-0.2046,-0.58,0.543,0.7725,0.3367,0.0695,-0.0881,0.3708,0.267,0.271,1.084,-1.131,0.257,0.4556,0.489,0.0,0.0,0.466,0.0,0.402,0.1261,0.0,0.0,0.0,0.0,0.6567,1.0,0.0,0.0,-0.02718,0.02449,2.0,0.0,-0.5,-1.0,0.0,0.0,0.0,0.4724
0.4753,0.4749,0.4763,-0.11005,0.0945,-0.37,-0.724,-0.1652,0.4575,-0.03424,0.04593,0.339,-0.2856,0.3464,0.0,0.0,0.01929,0.04254,0.1768,0.0,-0.202,0.2483,0.372,0.684,0.4038,0.0757,0.267,0.201,-0.0957,0.3708,-0.08453,0.0,-0.29,0.4578,0.4878,0.0,0.0,0.463,0.0,0.4092,-0.0314,0.0,0.0,0.0,0.0,0.3367,2.0,0.5,0.0,-0.10394,0.0823,3.0,0.0,-0.5,-1.0,1.0,0.0,1.387,0.2406
0.476,0.4758,0.477,0.00347,-0.01862,-0.37,-0.724,-0.1849,0.3367,-0.06757,0.05057,-0.0884,-0.1428,0.3464,0.0,0.0,0.04938,0.07855,0.1576,0.0,-0.1995,-0.4673,0.179,0.5767,0.2866,0.0793,1.324,-0.2003,-0.1721,0.201,0.2708,1.084,-1.046,0.4631,0.487,0.0,0.0,0.462,0.0,0.4019,0.0308,0.0,0.0,0.0,0.0,-0.291,1.0,0.5,0.0,-0.0295,-0.0646,0.0,1.0,-0.5,-1.0,0.0,0.0,0.0,-0.2073
0.4775,0.477,0.4785,-0.10724,0.09314,-0.37,0.5366,-0.3096,0.4185,-0.02882,0.0719,0.3416,0.0,0.3464,0.0,0.0,0.001205,0.05087,0.1847,0.0,-0.197,-0.6064,0.0402,0.464,0.3933,0.0858,0.538,0.2847,-0.1284,-0.2003,0.3708,-0.08453,1.169,0.4695,0.4858,0.0,0.0,0.4631,0.0,0.412,0.3884,0.0,0.0,0.0,0.0,0.4265,2.0,0.5,0.5,-0.1322,0.0473,1.0,0.0,-0.5,-1.0,0.0,0.0,0.0,0.305
0.4783,0.478,0.4792,-0.03128,0.01688,-0.37,0.5366,-0.3523,0.3137,-0.04987,0.0878,-0.0724,0.1428,0.3464,0.0,0.0,0.01746,0.0764,0.1736,0.0,-0.1945,-0.6274,-0.10187,0.3494,0.3096,0.09094,-0.05362,-0.1167,-0.1089,0.2847,0.2009,0.2708,0.839,0.472,0.4836,0.0,0.0,0.4636,0.0,0.4077,0.2795,0.0,0.0,0.0,0.0,-0.1177,1.0,0.0,0.0,-0.06995,-0.03796,0.0,1.0,-0.5,-1.0,0.0,0.0,0.0,-0.08374
0.4824,0.4824,0.4832,-0.6377,0.6426,-0.37,0.5366,-0.3257,0.9336,0.1656,0.1302,1.729,0.2856,0.3464,0.0,0.0,-0.1814,-0.1414,0.314,0.0,-0.1919,0.5376,-0.2317,0.2341,0.9307,0.11066,1.009,1.47,0.0519,-0.1167,-0.2003,0.3706,-1.131,0.4795,0.4827,0.0,0.0,0.467,0.0,0.461,0.704,0.0,0.0,0.0,0.0,2.816,1.0,0.5,0.5,-0.624,0.597,1.0,0.0,-0.5,-1.0,0.0,0.0,0.0,2.008
0.4854,0.485,0.4863,-0.404,0.398,-0.37,0.5366,-0.441,0.6094,0.10406,0.1846,-0.1959,0.4285,0.3464,0.0,0.0,-0.1351,-0.0699,0.277,0.0,-0.1895,-0.3328,-0.233,0.117,0.6113,0.1361,1.299,-0.375,0.1365,1.47,0.2847,0.2009,0.0,0.4849,0.4822,0.0,0.0,0.4697,0.0,0.447,0.966,1.0,0.0,0.0,0.0,-0.49,0.0,0.5,0.5,-0.4387,0.318,0.0,1.0,-0.5,-1.0,0.0,0.0,0.0,-0.3408
0.4885,0.488,0.4893,-0.443,0.4375,-0.37,0.5366,-0.5093,0.616,0.1332,0.2249,0.1536,0.5713,0.3464,0.0,0.0,-0.1681,-0.092,0.2979,0.0,-0.1869,-0.6445,-0.1525,-0.0006742,0.635,0.1523,0.6113,0.2133,0.2274,-0.375,-0.1167,-0.2003,1.084,0.4897,0.4824,0.0,0.0,0.4717,0.0,0.4548,0.809,1.0,0.0,0.0,0.0,0.3425,1.0,0.5,0.5,-0.5073,0.323,1.0,0.0,-0.5,-1.0,0.0,0.0,0.0,0.2397
0.492,0.492,0.4927,-0.524,0.5254,-0.37,0.5366,-0.488,0.698,0.1799,0.2576,0.2656,0.5713,0.3464,0.0,0.0,-0.209,-0.1398,0.3298,0.0,-0.1843,0.09485,-0.03662,-0.0951,0.734,0.1647,0.8677,0.327,0.333,0.2133,1.47,0.2847,-0.0845,0.495,0.4824,0.0,0.0,0.4744,0.0,0.4668,0.706,0.0,0.0,0.0,0.0,0.3787,1.0,1.0,0.5,-0.627,0.3625,2.0,0.0,-0.5,-1.0,0.0,0.0,0.0,0.2642
0.495,0.4949,0.4958,-0.4338,0.429,-0.37,0.5366,-0.5605,0.5454,0.1665,0.3074,-0.06274,0.7144,0.3464,0.0,0.0,-0.2032,-0.11975,0.3235,0.0,-0.1818,-0.451,0.1041,-0.1064,0.5938,0.1859,0.8467,-0.06506,0.387,0.327,-0.375,-0.11664,0.2708,0.501,0.4824,0.0,0.0,0.478,0.0,0.4644,1.351,1.0,0.0,0.0,0.0,-0.07855,1.0,0.5,0.5,-0.537,0.273,0.0,1.0,-0.5,-1.0,0.0,0.0,0.0,-0.0545
0.4983,0.498,0.4993,-0.4788,0.4695,-0.37,0.5366,-0.5757,0.532,0.1978,0.3604,0.121,0.857,0.3464,0.0,0.0,-0.2329,-0.1486,0.3457,0.0,-0.1793,-0.4546,0.2505,-0.05994,0.577,0.2115,0.706,0.2279,0.449,-0.06506,0.2133,1.47,0.3706,0.5063,0.4824,0.0,0.0,0.4817,0.0,0.4727,1.385,1.0,0.0,0.0,0.0,0.305,1.0,0.5,1.0,-0.6187,0.2693,1.0,0.0,-0.5,-1.0,0.0,0.0,0.0,0.2117
0.5005,0.5,0.5015,-0.2441,0.2288,-0.37,0.5366,-0.609,0.2551,0.1313,0.3892,-0.327,0.857,0.3464,0.0,0.0,-0.1754,-0.0807,0.306,0.0,-0.1768,-0.1625,0.3926,0.02982,0.263,0.2343,0.703,-0.4053,0.4482,0.2279,0.327,-0.3748,0.2009,0.511,0.4812,0.0,0.0,0.485,0.0,0.4573,0.881,1.0,0.0,0.0,0.0,-0.7,1.0,0.0,0.5,-0.3809,0.05072,0.0,1.0,-0.5,-1.0,0.0,0.0,0.0,-0.4844
0.503,0.5024,0.5044,-0.3567,0.3396,-0.37,0.642,-0.621,0.336,0.1791,0.424,0.3828,0.857,0.3464,0.0,0.0,-0.2201,-0.1262,0.3394,0.0,-0.1742,-0.5845,0.507,0.1427,0.3438,0.252,1.004,0.3428,0.3555,-0.4053,-0.065,0.2133,-0.2002,0.512,0.482,0.0,0.0,0.4902,0.0,0.47,1.024,1.0,0.0,0.0,0.0,0.5522,1.0,0.5,1.0,-0.4812,0.1663,1.0,0.0,-0.5,-1.0,0.0,0.0,0.0,0.3848
0.505,0.5044,0.5063,-0.2471,0.2249,-0.37,0.642,-0.6333,0.1891,0.152,0.452,-0.2142,0.857,0.3464,0.0,0.0,-0.1964,-0.0986,0.325,0.0,-0.1718,-0.802,0.6006,0.2585,0.1897,0.2686,0.92,-0.1461,0.3262,0.3428,0.2278,0.327,0.2847,0.5137,0.4841,0.0,0.0,0.494,0.0,0.4644,0.857,1.0,0.0,0.0,0.0,-0.2515,0.0,0.0,0.5,-0.388,0.04208,0.0,1.0,-0.5,-1.0,0.0,0.0,0.0,-0.1741
0.506,0.505,0.5073,0.002884,-0.03165,-0.6514,0.642,-0.63,-0.0961,0.0746,0.4688,-0.8853,0.857,0.3464,0.0,0.0,-0.1247,-0.02254,0.277,0.0,-0.1692,-0.686,0.6704,0.3652,-0.1147,0.282,1.157,-0.4883,0.3123,-0.1461,-0.4053,-0.065,-0.11664,0.513,0.485,0.0,0.0,0.4958,0.0,0.446,0.4338,0.0,0.0,0.0,0.0,-0.6865,0.0,0.0,0.0,-0.1367,-0.1936,0.0,2.0,-0.5,-1.0,0.0,0.0,0.0,-0.4768
0.5054,0.5044,0.5063,0.2693,-0.3047,-0.6514,0.6025,-0.6836,-0.394,-0.014755,0.4736,-17.06,0.7144,0.3464,-1.0,0.0,-0.04565,0.0724,0.2214,0.0,-0.1666,-0.701,0.692,0.4407,-0.3987,0.283,-0.0641,-0.574,0.1918,-0.4883,0.3428,0.2278,1.47,0.5093,0.4866,0.0,0.0,0.4985,0.0,0.4246,0.0604,0.0,0.0,0.0,0.0,-1.17,-1.0,-0.5,-0.5,0.1348,-0.4404,0.0,3.0,-0.5,-1.0,0.0,1.0,-1.849,-0.8193
0.504,0.503,0.5054,0.3816,-0.4204,-0.6514,0.4578,-0.6714,-0.544,-0.06082,0.4744,0.7324,0.5713,0.3464,-1.0,0.0,-0.0006094,0.1182,0.1943,0.0,-0.1642,-0.4062,0.668,0.4858,-0.546,0.2856,0.1936,-0.2817,0.0454,-0.574,-0.1461,-0.4053,-0.3748,0.505,0.4878,0.0,0.0,0.501,0.0,0.414,0.02254,0.0,0.0,0.0,0.0,-0.4314,-1.0,-0.5,-0.5,0.2413,-0.5537,0.0,4.0,-0.5,-0.5,0.0,0.0,0.0,-0.305
0.503,0.502,0.5044,0.3665,-0.4043,-0.6514,0.4492,-0.6074,-0.5547,-0.0685,0.4683,0.1708,0.4285,0.3464,-1.0,0.0,0.01247,0.11993,0.1927,0.0,-0.1616,0.10913,0.608,0.5127,-0.5757,0.29,-0.0791,-0.01665,-0.00581,-0.2817,-0.488,0.3428,0.2131,0.4993,0.4883,0.0,0.0,0.502,0.0,0.4133,-0.1009,0.0,0.0,0.0,0.0,-0.01689,-2.0,-1.0,-1.0,0.2217,-0.5435,0.0,5.0,-0.5,0.0,0.0,0.0,0.0,-0.012
0.5015,0.5005,0.503,0.3667,-0.4058,-0.6514,0.4233,-0.62,-0.584,-0.08136,0.463,0.216,0.2856,0.3464,-1.0,0.0,0.0237,0.1344,0.188,0.0,-0.159,-0.786,0.497,0.5137,-0.603,0.2908,-0.4775,-0.04996,-0.0696,-0.01665,-0.574,-0.146,0.327,0.495,0.4888,0.0,0.0,0.503,0.0,0.4114,-0.07074,0.0,0.0,0.0,0.0,-0.05304,-2.0,-1.5,-1.0,0.1486,-0.625,0.0,5.617,-0.5,0.5,0.0,0.0,0.0,-0.0377
0.5005,0.4998,0.502,0.3372,-0.377,-0.6514,0.4233,-0.7583,-0.5317,-0.0845,0.4333,0.0208,0.1428,0.3464,-1.0,0.0,0.01434,0.1509,0.1896,0.0,-0.1566,-0.7417,0.3647,0.4932,-0.572,0.286,-0.551,0.01666,-0.11523,-0.04996,-0.2815,-0.488,-0.065,0.49,0.4902,0.0,0.0,0.504,0.0,0.4119,-0.9487,0.0,0.0,0.0,0.0,0.01753,-1.0,-1.0,-1.0,0.10236,-0.616,1.0,0.0,-0.5,0.5,0.0,0.0,0.0,0.01247
0.4998,0.499,0.5015,0.289,-0.3276,-0.6514,0.4233,-0.8013,-0.4705,-0.08044,0.4106,-0.01817,0.0,0.3464,-1.0,0.0,0.006607,0.1509,0.1959,0.0,-0.154,-0.787,0.2366,0.454,-0.518,0.2815,-0.8867,0.06665,-0.1371,0.01666,-0.01665,-0.574,0.2278,0.4854,0.4915,0.0,0.0,0.5044,0.0,0.4143,-0.719,0.0,0.0,0.0,0.0,0.0647,0.0,-1.0,-0.5,0.0494,-0.576,2.0,0.0,-0.5,0.5,0.0,0.0,0.0,0.046
0.4978,0.497,0.4993,0.5225,-0.5605,-0.6514,0.4233,-0.778,-0.6816,-0.168,0.3762,0.795,-0.1428,0.3464,-1.0,0.0,0.0937,0.2395,0.1433,0.0,-0.1515,-0.4875,0.0923,0.397,-0.745,0.274,-0.653,-0.5493,-0.1136,0.06665,-0.04993,-0.2815,-0.4053,0.4807,0.4924,0.0,0.0,0.504,0.0,0.394,-1.142,0.0,1.0,0.0,0.0,-0.5757,0.0,-1.0,-1.0,0.2776,-0.7964,0.0,1.0,-0.5,0.5,0.0,0.0,0.0,-0.4087
0.494,0.4934,0.4954,0.932,-0.9688,-0.6514,0.4233,-0.7656,-1.053,-0.3164,0.3218,0.861,-0.2856,0.3464,-1.0,0.0,0.2432,0.3972,0.05084,0.0,-0.149,-0.012375,-0.0778,0.3152,-1.13,0.2576,-1.12,-0.974,-0.004726,-0.5493,0.01666,-0.01665,0.3428,0.4749,0.4934,0.0,0.0,0.503,0.0,0.3586,-1.68,0.0,1.0,0.0,0.0,-1.33,0.0,-1.5,-1.5,0.7065,-1.152,0.0,2.0,-0.5,0.5,0.0,0.0,0.0,-0.953
0.4902,0.4897,0.4915,0.9062,-0.9375,-0.6514,0.3882,-0.7573,-1.002,-0.336,0.2668,0.0836,-0.4285,0.3464,-1.0,0.0,0.2637,0.4175,0.0413,0.0,-0.1465,-0.4011,-0.1918,0.2148,-1.033,0.2268,-1.257,-0.1024,0.10956,-0.974,0.0666,-0.04993,-0.146,0.4695,0.4934,0.0,0.0,0.501,0.0,0.355,-1.686,0.0,1.0,0.0,0.0,-0.2219,0.0,-1.5,-1.5,0.6733,-1.131,0.0,3.0,-0.5,0.5,0.0,0.0,0.0,-0.1617
0.4866,0.486,0.4875,0.9043,-0.9346,-0.6514,0.309,-0.791,-0.9624,-0.3625,0.2057,0.09393,-0.5713,0.3464,-1.0,0.0,0.288,0.45,0.02693,0.0,-0.1439,-0.837,-0.175,0.1034,-1.007,0.206,-1.074,-0.1539,0.2178,-0.1024,-0.549,0.01666,-0.488,0.4636,0.493,0.0,0.0,0.499,0.0,0.3494,-1.719,0.0,1.0,0.0,0.0,-0.1772,-1.0,-1.5,-2.0,0.657,-1.144,0.0,4.0,-0.5,0.5,0.0,0.0,0.0,-0.1294
0.4824,0.482,0.4836,0.9653,-0.9956,-1.073,0.1593,-0.851,-0.9927,-0.409,0.147,0.182,-0.7144,0.3464,-1.0,0.0,0.3303,0.507,-0.0001595,0.0,-0.1414,-0.834,-0.05026,0.01678,-1.041,0.1844,-0.7847,-0.2915,0.3196,-0.1539,-0.9736,0.0666,-0.5737,0.457,0.4927,0.0,0.0,0.495,0.0,0.3389,-1.719,0.0,1.0,0.0,0.0,-0.2686,-2.0,-1.5,-2.0,0.7114,-1.207,0.0,5.0,-0.5,0.5,0.0,0.0,0.0,-0.1965
0.4785,0.478,0.4797,0.942,-0.9727,-1.073,0.0973,-0.853,-0.9243,-0.4307,0.08026,0.0581,-0.857,0.3464,-1.0,0.0,0.3528,0.5312,-0.011314,0.0,-0.1389,-0.461,0.1301,-0.01224,-0.9717,0.1582,-0.7383,-0.1206,0.4172,-0.2915,-0.1024,-0.549,-0.2815,0.4502,0.4927,0.0,0.0,0.4917,0.0,0.3347,-1.719,0.0,1.0,0.0,1.0,-0.1332,-2.0,-1.5,-2.0,0.6885,-1.186,0.0,5.617,-0.5,0.5,0.0,0.0,0.0,-0.09796
0.475,0.4746,0.4763,0.842,-0.8735,-1.073,0.0973,-0.8477,-0.7803,-0.4275,0.01692,-0.05255,-1.0,0.3464,-1.0,0.0,0.35,0.5273,-0.006535,0.0,-0.1364,-0.694,0.3232,0.01556,-0.822,0.1322,-0.9165,0.0518,0.4775,-0.1206,-0.1539,-0.9736,-0.01663,0.443,0.4917,0.0,0.0,0.488,0.0,0.3364,-1.719,0.0,1.0,0.0,1.0,0.04428,-1.0,-1.0,-2.0,0.572,-1.112,1.0,0.0,-0.5,0.5,0.0,0.0,0.0,0.03262
0.4727,0.472,0.4739,0.642,-0.6743,-1.073,0.0973,-0.833,-0.546,-0.3901,-0.03415,-0.2434,-1.143,0.3464,-1.0,0.0,0.3125,0.4841,0.02057,0.0,-0.1338,-0.4204,0.4924,0.0848,-0.585,0.11224,-1.059,0.2932,0.4783,0.0518,-0.2915,-0.1024,-0.04993,0.4387,0.491,0.0,0.0,0.4841,0.0,0.3467,-1.719,0.0,1.0,0.0,0.0,0.2401,0.0,-0.5,-1.5,0.3706,-0.9307,2.0,0.0,-0.5,0.5,0.0,0.0,0.0,0.1768
0.4692,0.4685,0.4705,0.8438,-0.879,-1.073,0.0973,-0.8345,-0.7197,-0.4736,-0.08405,0.5854,-1.143,0.3367,-1.0,-1.0,0.3997,0.5776,-0.03044,0.0,-0.1313,-0.551,0.647,0.192,-0.744,0.09125,-1.231,-0.5493,0.4976,0.2932,-0.1206,-0.1538,0.01666,0.436,0.4897,0.0,0.0,0.4797,0.0,0.3271,-1.719,0.0,1.0,0.0,0.0,-0.383,0.0,-1.0,-1.5,0.573,-1.118,0.0,1.0,-0.5,0.5,0.0,0.0,0.0,-0.2805
0.464,0.4636,0.4653,1.185,-1.22,-1.073,0.0973,-0.8022,-1.033,-0.6045,-0.1432,0.7124,-1.143,0.3267,-1.0,-1.0,0.5425,0.724,-0.11176,0.0,-0.1288,-0.6323,0.792,0.3267,-1.039,0.0656,-1.498,-0.884,0.539,-0.5493,0.0518,-0.2913,0.0666,0.4307,0.4875,0.0,0.0,0.474,0.0,0.2961,-1.719,0.0,1.0,0.0,0.0,-0.95,0.0,-1.5,-1.5,0.9365,-1.408,0.0,2.0,-0.5,0.5,0.0,1.0,-2.55,-0.7026
0.4587,0.4583,0.4597,1.297,-1.332,-1.073,0.0973,-0.8755,-1.126,-0.672,-0.2075,0.2532,-1.143,0.317,-1.0,-1.0,0.61,0.81,-0.1532,0.0,-0.1262,-0.721,0.924,0.475,-1.113,0.0368,-1.293,-0.4573,0.611,-0.884,0.2932,-0.12054,-0.549,0.4243,0.4849,0.0,0.0,0.4685,0.0,0.28,-1.719,0.0,1.0,0.0,1.0,-0.6636,0.0,-1.5,-1.5,1.063,-1.496,0.0,3.0,-0.5,0.5,0.0,0.0,0.0,-0.498
0.4536,0.4534,0.4546,1.206,-1.236,-1.073,0.0973,-0.8066,-1.018,-0.68,-0.2715,0.025,-1.143,0.307,-1.0,-1.0,0.6245,0.813,-0.1564,0.0,-0.1237,0.01866,1.027,0.6187,-1.012,0.01275,-0.702,-0.03543,0.6123,-0.4573,-0.5493,0.05176,-0.9736,0.419,0.4822,0.0,0.0,0.4624,0.0,0.2788,-1.719,0.0,1.0,0.0,1.0,-0.03992,-1.0,-1.5,-1.5,0.978,-1.4,0.0,4.0,-0.5,0.5,0.0,0.0,0.0,-0.03018
0.4475,0.4473,0.4485,1.436,-1.465,-1.073,-0.1304,-0.7515,-1.205,-0.7817,-0.346,0.3718,-1.143,0.297,-1.0,-1.0,0.7437,0.9297,-0.2201,0.0,-0.1212,-0.2294,1.123,0.7617,-1.188,-0.01912,-0.807,-0.709,0.641,-0.03543,-0.8833,0.2932,-0.10236,0.4116,0.479,0.0,0.0,0.4556,0.0,0.2544,-1.719,0.0,1.0,0.0,1.0,-1.031,-2.0,-1.5,-2.0,1.227,-1.591,0.0,5.0,-0.5,0.5,0.0,0.0,0.0,-0.781
0.4407,0.4404,0.4412,1.652,-1.675,-1.073,-0.499,-0.564,-1.37,-0.8833,-0.4324,0.3086,-1.143,0.287,-1.0,-1.0,0.877,1.036,-0.284,0.0,-0.1187,1.202,1.242,0.923,-1.283,-0.0681,-0.918,-0.718,0.727,-0.709,-0.457,-0.5493,-0.1538,0.4019,0.475,0.0,0.0,0.4487,0.0,0.2299,-1.719,0.0,1.0,0.0,1.0,-1.979,-2.0,-1.5,-2.0,1.435,-1.795,0.0,5.617,-0.5,0.5,0.0,0.0,0.0,-1.515
0.4363,0.436,0.4368,1.07,-1.086,-0.9155,-0.499,-0.495,-0.79,-0.756,-0.497,-0.364,-1.143,0.2773,-1.0,-1.0,0.7373,0.874,-0.1995,0.0,-0.11615,0.5835,1.329,1.073,-0.683,-0.0982,-0.9556,0.9624,0.732,-0.718,-0.03543,-0.8833,-0.2913,0.3943,0.471,0.0,0.0,0.4434,0.0,0.262,-1.476,0.0,1.0,0.0,0.0,2.205,-1.0,-1.0,-2.0,0.884,-1.216,1.0,0.0,-0.5,0.5,0.0,0.0,0.0,1.709
0.4333,0.433,0.434,0.7544,-0.772,-0.655,-0.499,-0.5864,-0.4722,-0.691,-0.539,-0.3735,-1.143,0.2773,-1.0,-1.0,0.6567,0.805,-0.1548,0.0,-0.11365,-0.8164,1.367,1.193,-0.3582,-0.1151,-1.038,0.5005,0.7007,0.9624,-0.709,-0.457,-0.12054,0.39,0.4673,0.0,0.0,0.4392,0.0,0.2788,-1.014,0.0,0.0,0.0,0.0,0.622,0.0,-0.5,-1.5,0.611,-0.88,2.0,0.0,-0.5,0.5,0.0,0.0,0.0,0.4744
0.43,0.4297,0.4307,0.889,-0.91,-0.655,-0.499,-0.572,-0.59,-0.7544,-0.5854,0.5034,-1.143,0.2773,-1.0,-1.0,0.729,0.8794,-0.193,0.0,-0.1111,-0.2356,1.404,1.287,-0.451,-0.1368,-1.218,-0.4253,0.6675,0.5005,-0.718,-0.03543,0.05176,0.387,0.4634,0.0,0.0,0.4343,0.0,0.2642,-1.084,0.0,1.0,0.0,0.0,-0.5625,0.0,-1.0,-1.5,0.7534,-0.9995,0.0,1.0,-0.5,0.5,0.0,0.0,0.0,-0.4253
0.4277,0.4275,0.4287,0.577,-0.5977,-0.655,-0.499,-0.57,-0.265,-0.6846,-0.6216,-0.6074,-1.143,0.2773,-1.0,-1.0,0.651,0.796,-0.1453,0.0,-0.1086,-0.627,1.398,1.345,-0.1334,-0.1484,-1.647,0.5356,0.5874,-0.4253,0.9624,-0.709,0.2932,0.3872,0.4595,0.0,0.0,0.4302,0.0,0.2822,-0.7935,0.0,0.0,0.0,0.0,0.603,1.0,-1.0,-1.0,0.4739,-0.676,1.0,0.0,-0.5,0.5,0.0,0.0,0.0,0.4592
0.427,0.4268,0.428,0.3076,-0.3271,-0.655,-0.499,-0.5547,0.02383,-0.6177,-0.646,-1.971,-1.0,0.2773,0.0,-1.0,0.5786,0.716,-0.099,0.0,-0.1061,-0.9326,1.344,1.364,0.1367,-0.1526,-1.324,0.513,0.467,0.5356,0.5005,-0.7173,-0.549,0.3894,0.4558,0.0,0.0,0.4268,0.0,0.2998,-0.5024,0.0,0.0,0.0,0.0,0.7427,2.0,-0.5,-0.5,0.2418,-0.3853,2.0,0.0,-0.5,0.5,1.0,0.0,1.883,0.5605
0.4287,0.4285,0.4297,-0.2098,0.2002,-0.2673,-0.499,-0.4917,0.5874,-0.4595,-0.65,4.594,-0.857,0.2673,0.0,-1.0,0.4153,0.529,0.006218,0.0,-0.1035,0.5547,1.244,1.338,0.676,-0.1475,-0.6245,1.158,0.3208,0.513,-0.4253,0.962,-0.8833,0.3972,0.4531,0.0,0.0,0.4243,0.0,0.3398,-0.0814,0.0,0.0,0.0,0.0,2.205,2.0,0.0,0.0,-0.1906,0.1946,3.0,0.0,-0.5,0.5,0.0,0.0,0.0,1.65
0.4304,0.4302,0.4314,-0.1825,0.1735,-0.2583,-0.499,-0.4922,0.5903,-0.4617,-0.655,0.1476,-0.7144,0.2573,0.0,-1.0,0.4177,0.5312,0.00781,0.0,-0.101,-0.696,1.109,1.2705,0.6553,-0.1421,-0.124,0.01721,0.2163,1.158,0.5356,0.5005,-0.457,0.4075,0.4507,0.0,0.0,0.4226,0.0,0.3403,-0.09143,0.0,0.0,0.0,0.0,0.02498,2.0,0.5,0.0,-0.18,0.1516,4.0,0.0,-0.5,0.5,0.0,0.0,0.0,0.01834
0.4324,0.4321,0.433,-0.2333,0.2242,-0.1597,-0.499,-0.5195,0.6836,-0.4397,-0.662,0.2878,-0.5713,0.2573,0.0,0.0,0.392,0.5093,0.02534,0.0,-0.0985,-0.675,0.938,1.177,0.74,-0.1404,0.05725,0.1892,0.2001,0.01721,0.513,-0.4253,-0.03543,0.4153,0.448,0.0,0.0,0.4224,0.0,0.347,-0.1219,0.0,0.0,0.0,0.0,0.1888,3.0,1.0,0.0,-0.2471,0.1808,5.0,0.0,0.0,0.5,0.0,0.0,0.0,0.1385
0.4346,0.4346,0.4353,-0.2986,0.295,-0.0345,-0.499,-0.515,0.7734,-0.4104,-0.6562,0.2664,-0.4285,0.2573,0.0,0.0,0.3618,0.476,0.04767,0.0,-0.09595,-0.632,0.7285,1.073,0.8237,-0.1335,0.827,0.2401,0.2043,0.1892,1.157,0.535,-0.709,0.4224,0.4458,0.0,0.0,0.4224,0.0,0.3555,0.1278,0.0,0.0,0.0,0.0,0.2812,3.0,1.5,0.5,-0.3442,0.2115,5.734,0.0,0.5,0.5,1.0,0.0,1.272,0.2058
0.4365,0.4363,0.4373,-0.2249,0.2222,-0.0345,-0.499,-0.581,0.678,-0.4248,-0.637,0.02531,-0.2856,0.2573,0.0,0.0,0.371,0.4985,0.0413,0.0,-0.09344,-0.9326,0.4976,0.952,0.757,-0.1276,1.678,-0.0683,0.2131,0.2401,0.0172,0.5127,-0.7173,0.4304,0.4438,0.0,0.0,0.4226,0.0,0.353,0.4487,0.0,0.0,0.0,0.0,-0.06696,2.0,1.5,0.5,-0.296,0.1169,0.0,1.0,0.5,0.5,0.0,0.0,0.0,-0.0488
0.4407,0.441,0.4412,-0.679,0.6953,-0.0345,-0.499,-0.512,1.143,-0.2632,-0.594,0.7847,-0.1428,0.2573,0.0,0.0,0.212,0.3152,0.1497,0.0,-0.0909,0.324,0.259,0.8105,1.246,-0.1108,1.189,1.163,0.328,-0.0683,0.1892,1.157,0.962,0.4407,0.443,0.0,0.0,0.4246,0.0,0.3943,0.904,1.0,0.0,0.0,0.0,1.614,2.0,1.5,1.0,-0.6724,0.6396,1.0,0.0,0.5,0.5,0.0,0.0,0.0,1.178
0.4434,0.4436,0.4438,-0.373,0.388,-0.0345,-0.499,-0.5356,0.7744,-0.345,-0.5586,-0.1779,0.0,0.2573,0.0,0.0,0.2927,0.406,0.1003,0.0,-0.0884,-0.4575,0.01567,0.662,0.893,-0.0942,1.099,-0.52,0.3877,1.163,0.2401,0.0172,0.5,0.4478,0.4424,0.0,0.0,0.4258,0.0,0.3752,0.6865,0.0,0.0,0.0,0.0,-0.7075,1.0,1.0,1.0,-0.3936,0.326,0.0,1.0,0.5,0.5,0.0,0.0,0.0,-0.5063
0.4458,0.4458,0.446,-0.2869,0.2974,-0.0345,-0.499,-0.582,0.609,-0.3625,-0.5137,-0.06104,0.1428,0.2573,0.0,0.0,0.3066,0.43,0.0923,0.0,-0.0859,-0.8438,-0.1469,0.5127,0.729,-0.0715,1.697,-0.0846,0.4353,-0.52,-0.0683,0.1892,-0.4253,0.4507,0.4417,0.0,0.0,0.427,0.0,0.372,0.9526,1.0,0.0,0.0,0.0,-0.1392,0.0,1.0,1.0,-0.3425,0.2041,0.0,2.0,0.5,0.5,0.0,0.0,0.0,-0.10046
0.447,0.4468,0.448,-0.1265,0.1187,-0.0345,-0.499,-0.7505,0.3289,-0.4094,-0.462,-0.2812,0.2856,0.2573,0.0,0.0,0.34,0.4978,0.0652,0.0,-0.0833,-0.9326,-0.04944,0.368,0.3982,-0.03583,1.517,-0.288,0.4558,-0.0846,1.163,0.24,0.535,0.4526,0.4407,0.0,0.0,0.4275,0.0,0.3616,1.154,1.0,0.0,0.0,0.0,-0.3418,-1.0,0.5,1.0,-0.2166,0.0005116,0.0,3.0,0.5,0.5,0.0,0.0,0.0,-0.2472
0.4456,0.445,0.4465,0.4758,-0.4963,-0.0345,-0.499,-0.733,-0.3696,-0.6,-0.4436,-1.583,0.2856,0.2476,-1.0,-1.0,0.5435,0.7124,-0.05594,0.0,-0.0808,0.3901,0.1368,0.2458,-0.364,-0.01159,1.279,-1.294,0.4536,-0.288,-0.52,-0.0683,0.5127,0.45,0.4385,0.0,0.0,0.4272,0.0,0.3152,0.363,0.0,0.0,0.0,0.0,-2.627,-1.0,0.0,0.5,0.396,-0.5566,0.0,4.0,0.5,0.5,0.0,0.0,0.0,-1.908
0.4414,0.4412,0.4421,0.9956,-1.015,-0.0345,-0.5176,-0.5537,-0.9497,-0.772,-0.45,2.643,0.2856,0.2377,-1.0,-1.0,0.75,0.8984,-0.1659,0.0,-0.0783,0.953,0.2195,0.1324,-0.8267,-0.0346,0.3313,-1.201,0.4714,-1.294,-0.0846,1.162,1.157,0.4424,0.4355,0.0,0.0,0.4265,0.0,0.273,-0.1729,0.0,0.0,0.0,0.0,-6.355,-2.0,-0.5,0.0,0.9243,-1.025,0.0,5.0,0.5,0.5,0.0,0.0,0.0,-4.72
0.4377,0.4375,0.4387,0.9224,-0.9434,-0.0345,-0.5264,-0.5767,-0.9673,-0.777,-0.45,0.1665,0.2856,0.2278,-1.0,-1.0,0.754,0.907,-0.1675,0.0,-0.07574,-0.5044,0.2673,0.0507,-0.835,-0.0346,0.1547,-0.01776,0.477,-1.201,-0.288,-0.52,0.0172,0.435,0.433,0.0,0.0,0.4265,0.0,0.2722,-0.05228,0.0,0.0,0.0,0.0,-0.02826,-2.0,-1.0,0.0,0.8306,-0.982,0.0,5.617,0.5,0.5,0.0,0.0,0.0,-0.02142
0.4326,0.4324,0.433,1.279,-1.294,-0.0345,-1.001,-0.4956,-1.369,-0.906,-0.4707,0.66,0.2856,0.2178,-1.0,-1.0,0.9097,1.058,-0.2505,0.0,-0.07324,-0.4653,0.2585,-0.01347,-1.202,-0.0488,-0.1749,-0.924,0.5303,-0.01776,-1.294,-0.0846,0.1892,0.4211,0.4307,0.0,0.0,0.4253,0.0,0.2404,-0.4714,0.0,0.0,0.0,0.0,-2.162,-2.0,-1.5,-0.5,1.185,-1.308,0.0,5.617,0.5,1.0,0.0,1.0,-2.156,-1.639
0.428,0.428,0.4282,1.135,-1.141,-0.0345,-1.001,-0.4956,-1.274,-0.8955,-0.498,0.06015,0.1428,0.2079,-1.0,-1.0,0.897,1.045,-0.2424,0.0,-0.0707,-0.4668,0.212,-0.0479,-1.101,-0.0606,-0.644,0.0902,0.545,-0.924,-1.201,-0.288,0.24,0.4092,0.4282,0.0,0.0,0.425,0.0,0.2433,-0.619,0.0,0.0,0.0,0.0,0.1655,-1.0,-1.5,-0.5,0.9893,-1.222,1.0,0.0,0.5,1.0,0.0,0.0,0.0,0.1274
0.426,0.426,0.4263,0.5654,-0.5645,-0.0345,-1.001,-0.5605,-0.7163,-0.754,-0.5293,-0.3853,0.0,0.198,-1.0,-1.0,0.729,0.8774,-0.1484,0.0,-0.0682,0.1832,0.1511,-0.04922,-0.5483,-0.07135,-0.8564,1.063,0.4612,0.0902,-0.01776,-1.294,-0.0683,0.401,0.4268,0.0,0.0,0.4268,0.0,0.279,-0.665,0.0,0.0,0.0,0.0,1.489,0.0,-1.0,-0.5,0.5083,-0.5933,2.0,0.0,0.5,1.0,0.0,0.0,0.0,1.1455
0.4246,0.4248,0.425,0.433,-0.4287,-0.0345,-1.001,-0.538,-0.5625,-0.7275,-0.5576,-0.1372,-0.1428,0.1881,-1.0,-1.0,0.7017,0.8438,-0.1293,0.0,-0.0657,-0.3684,0.0842,-0.04782,-0.3945,-0.0816,-2.053,0.2124,0.4302,1.063,-0.924,-1.2,1.162,0.394,0.4258,0.0,0.0,0.4275,0.0,0.2861,-0.5933,0.0,0.0,0.0,0.0,0.3552,1.0,-1.0,-0.5,0.3838,-0.4592,3.0,0.0,0.5,1.0,0.0,0.0,0.0,0.2683
0.4211,0.4216,0.4214,0.8994,-0.893,-0.0345,-1.001,-0.4463,-0.9893,-0.879,-0.6045,1.188,-0.2856,0.1782,-1.0,-1.0,0.883,1.02,-0.2266,0.0,-0.0631,-0.1555,0.01227,-0.05115,-0.8525,-0.09326,-1.852,-1.076,0.47,0.2124,0.0902,-0.01775,-0.5195,0.3882,0.4238,0.0,0.0,0.4268,0.0,0.249,-0.8867,0.0,0.0,0.0,0.0,-1.756,1.0,-1.0,-1.0,0.8647,-0.871,0.0,1.0,0.5,1.0,0.0,0.0,0.0,-1.322
0.4192,0.4194,0.4192,0.612,-0.602,-0.0345,-1.001,-0.4548,-0.6714,-0.8154,-0.6475,-0.2559,-0.4285,0.1683,-1.0,-1.0,0.8086,0.942,-0.1835,0.0,-0.0606,-0.3577,-0.03967,-0.06494,-0.557,-0.1062,-2.084,0.485,0.4648,-1.076,1.0625,-0.9233,-0.0846,0.3875,0.4224,0.0,0.0,0.4268,0.0,0.2654,-0.8066,0.0,0.0,0.0,0.0,0.71,2.0,-0.5,-1.0,0.6157,-0.5605,1.0,0.0,0.5,1.0,0.0,0.0,0.0,0.544
0.417,0.4175,0.417,0.6187,-0.606,-0.0345,-1.001,-0.3728,-0.6343,-0.8325,-0.692,0.07,-0.5713,0.1584,-1.0,-1.0,0.8354,0.9556,-0.193,0.0,-0.05807,-0.06744,-0.0648,-0.0865,-0.5586,-0.1159,-2.088,-0.10693,0.4858,0.485,0.2124,0.0902,-0.2878,0.3865,0.4207,0.0,0.0,0.4263,0.0,0.2615,-0.813,0.0,0.0,0.0,0.0,-0.11694,1.0,-0.5,-1.0,0.5635,-0.6284,0.0,1.0,0.5,1.0,0.0,0.0,0.0,-0.0889
0.413,0.4133,0.4136,0.9697,-0.9697,-0.0345,-1.001,-0.3875,-0.898,-0.954,-0.767,0.6997,-0.7144,0.1486,-1.0,-1.0,0.9756,1.108,-0.2712,0.0,-0.05554,0.02602,-0.01049,-0.10144,-0.8745,-0.1361,-1.192,-0.8745,0.5664,-0.10693,-1.076,1.0625,-1.294,0.3857,0.4187,0.0,0.0,0.424,0.0,0.2317,-1.399,0.0,1.0,0.0,0.0,-1.405,0.0,-0.5,-1.5,0.9165,-0.9624,0.0,2.0,0.5,1.0,0.0,0.0,0.0,-1.07
0.4104,0.4104,0.411,0.7583,-0.7627,-0.0345,-1.001,-0.35,-0.628,-0.9165,-0.829,-0.2355,-0.857,0.1387,-1.0,-1.0,0.935,1.058,-0.2456,0.0,-0.05304,0.11597,0.1048,-0.092,-0.6323,-0.1566,-0.3606,0.2898,0.6045,-0.8745,0.4849,0.2124,-1.2,0.3857,0.4177,0.0,0.0,0.421,0.0,0.2412,-1.209,0.0,1.0,0.0,0.0,0.4592,0.0,0.0,-1.0,0.732,-0.7437,1.0,0.0,0.5,1.0,0.0,0.0,0.0,0.355
0.4094,0.4094,0.4104,0.3184,-0.331,-0.0345,-1.001,-0.322,-0.117,-0.804,-0.8784,-0.9497,-1.0,0.1287,-1.0,-1.0,0.8076,0.916,-0.1708,0.0,-0.0505,-0.4797,0.2397,-0.05704,-0.1362,-0.1742,-0.4207,0.847,0.597,0.2898,-0.1069,-1.076,-0.01775,0.385,0.4175,0.0,0.0,0.4187,0.0,0.2698,-0.8833,0.0,0.0,0.0,0.0,1.277,1.0,0.5,-0.5,0.3508,-0.2812,2.0,0.0,0.5,1.0,0.0,0.0,0.0,0.983
0.4092,0.4087,0.4104,0.1992,-0.2286,-0.0345,-1.001,-0.277,0.0729,-0.7783,-0.92,-17.1,-1.0,0.11884,0.0,-1.0,0.7817,0.88,-0.1516,0.0,-0.04797,-0.34,0.3267,-0.01033,0.02206,-0.1846,0.3555,0.2134,0.571,0.847,-0.8745,0.4849,-0.9233,0.3843,0.4175,0.0,0.0,0.4165,0.0,0.2769,-0.759,0.0,0.0,0.0,0.0,0.2125,1.0,1.0,0.0,0.1876,-0.2361,3.0,0.0,0.5,1.0,0.0,0.0,0.0,0.1613
0.41,0.4092,0.4111,0.004208,-0.03738,-0.4917,-1.001,-0.321,0.3057,-0.7227,-0.9355,1.5,-0.857,0.1089,0.0,-1.0,0.716,0.8174,-0.11334,0.0,-0.04544,0.10175,0.342,0.04938,0.2866,-0.1953,0.3733,0.425,0.5215,0.2134,0.2898,-0.1069,0.0902,0.3882,0.4185,0.0,0.0,0.4146,0.0,0.2915,-0.3213,0.0,0.0,0.0,0.0,0.575,2.0,1.0,0.5,-0.03494,-0.08997,4.0,0.0,0.5,1.0,0.0,0.0,0.0,0.4348
0.4094,0.4087,0.411,0.2426,-0.28,-0.4917,-1.001,-0.4001,0.0493,-0.797,-0.9395,-0.5254,-0.7144,0.099,0.0,-1.0,0.792,0.9146,-0.1595,0.0,-0.04294,-0.0759,0.3625,0.11084,0.0639,-0.2006,-0.3892,-0.5103,0.4717,0.425,0.847,-0.8745,1.0625,0.389,0.4194,0.0,0.0,0.412,0.0,0.2737,-0.115,0.0,0.0,0.0,0.0,-1.125,2.0,0.5,0.5,0.2162,-0.3003,0.0,1.0,0.5,1.0,0.0,0.0,0.0,-0.8447
0.4172,0.4177,0.4172,-1.357,1.392,0.608,-1.001,-0.10535,1.816,-0.268,-0.887,11.94,-0.5713,0.099,0.0,0.0,0.2532,0.2815,0.1896,0.0,-0.0404,2.664,0.2793,0.1302,1.726,-0.1589,-0.5796,2.549,0.5205,-0.5103,0.2133,0.2898,0.2124,0.4023,0.4226,0.0,0.0,0.4126,0.0,0.4067,0.6772,0.0,0.0,0.0,0.0,7.266,2.0,0.5,1.0,-1.172,1.478,1.0,0.0,0.5,1.0,1.0,0.0,4.234,5.766
0.429,0.431,0.4277,-1.631,1.803,1.711,-1.001,-0.02217,1.907,0.03516,-0.7866,0.615,-0.4285,0.099,0.0,0.0,-0.03354,-0.04132,0.3918,0.0,-0.03787,1.551,0.2198,0.1321,1.872,-0.0831,0.634,2.115,0.899,2.549,0.425,0.847,-1.075,0.4255,0.4272,0.0,0.0,0.4163,0.0,0.4836,1.169,1.0,0.0,0.0,0.0,7.266,2.0,1.0,1.5,-1.384,2.045,2.0,0.0,0.5,1.0,0.0,0.0,0.0,5.51
0.4402,0.4429,0.438,-1.631,1.803,1.812,-1.001,-0.03052,1.907,0.0592,-0.6826,0.0749,-0.2856,0.099,0.0,0.0,-0.0568,-0.06464,0.4111,0.0,-0.03534,-0.5947,0.2964,0.1594,1.872,-0.0275,0.8105,0.1931,1.227,2.115,-0.51,0.2133,0.4849,0.4485,0.4321,0.0,0.0,0.4202,0.0,0.4907,1.179,1.0,0.0,0.0,0.0,0.4958,2.0,1.0,1.5,-1.384,2.045,3.0,0.0,0.5,1.0,0.0,0.0,0.0,0.3403
0.4485,0.4517,0.446,-1.396,1.534,1.812,-1.001,-0.0404,1.907,-0.05035,-0.606,-0.098,-0.1428,0.099,0.0,0.0,0.04584,0.04706,0.3425,0.0,-0.03284,-0.585,0.4634,0.1981,1.642,0.00438,1.459,-0.6895,1.432,0.1931,2.547,0.425,-0.1069,0.4663,0.436,0.0,0.0,0.4236,0.0,0.4644,0.8745,1.0,0.0,0.0,0.0,-1.158,1.0,1.0,1.0,-1.179,1.652,0.0,1.0,0.5,1.0,0.0,0.0,0.0,-0.793
0.4568,0.4602,0.454,-1.344,1.495,1.812,-1.001,-0.04895,1.841,-0.0161,-0.528,0.1071,0.0,0.099,0.0,0.0,0.01244,0.012985,0.3682,0.0,-0.0303,-0.4585,0.706,0.2627,1.574,0.04163,2.697,0.2595,1.652,-0.6895,2.115,-0.51,-0.8745,0.4844,0.44,0.0,0.0,0.4287,0.0,0.4739,0.8813,1.0,0.0,0.0,0.0,0.547,2.0,1.5,1.0,-1.176,1.5625,1.0,0.0,0.5,1.0,0.0,0.0,0.0,0.3787
0.465,0.4685,0.4622,-1.334,1.488,1.812,-1.001,-0.09467,1.766,0.03001,-0.4277,0.1006,0.1428,0.099,0.0,0.0,-0.0352,-0.0292,0.4016,0.0,-0.02777,-0.4639,0.9873,0.388,1.558,0.07733,3.059,0.3394,1.848,0.2595,0.193,2.547,0.2898,0.5024,0.4434,0.0,0.0,0.4358,0.0,0.4866,1.229,1.0,0.0,0.0,0.0,0.559,2.0,1.5,1.5,-1.177,1.545,2.0,0.0,0.5,1.0,0.0,0.0,0.0,0.3853
0.4724,0.476,0.4695,-1.17,1.326,1.812,-1.001,-0.0994,1.518,0.02048,-0.335,-0.001398,0.2856,0.099,0.0,0.0,-0.02664,-0.01917,0.3984,0.0,-0.02525,-0.5283,1.276,0.543,1.366,0.1103,2.963,-0.03214,1.994,0.3394,-0.6895,2.115,0.847,0.522,0.4465,0.0,0.0,0.4429,0.0,0.4854,1.179,1.0,0.0,0.0,0.0,-0.04437,1.0,1.0,1.0,-1.029,1.378,0.0,1.0,0.5,1.0,0.0,0.0,0.0,-0.03041
0.4792,0.4827,0.4766,-1.065,1.217,1.812,0.6704,-0.1361,1.317,0.02583,-0.2393,0.00829,0.4285,0.099,0.0,0.0,-0.03497,-0.02104,0.4048,0.0,-0.02272,-0.594,1.546,0.716,1.253,0.1382,3.316,0.0643,2.07,-0.03214,0.2595,0.193,0.2133,0.5293,0.4497,0.0,0.0,0.451,0.0,0.4875,1.22,1.0,0.0,0.0,0.0,0.08875,1.0,1.0,1.5,-0.9688,1.229,1.0,0.0,0.5,1.0,0.0,0.0,0.0,0.06085
0.4856,0.4885,0.4832,-0.9717,1.1045,1.812,0.6704,-0.1973,1.08,0.0281,-0.1302,-0.0388,0.5713,0.099,0.0,0.0,-0.04257,-0.01749,0.4094,0.0,-0.0202,-0.8105,1.796,0.9077,1.093,0.1738,3.48,0.04816,2.111,0.0643,0.339,-0.6895,0.425,0.5303,0.4526,0.0,0.0,0.459,0.0,0.4893,1.478,1.0,0.0,0.0,0.0,0.05063,2.0,1.0,2.0,-0.885,1.112,2.0,0.0,0.5,1.0,0.0,0.0,0.0,0.03467
0.4912,0.4937,0.4895,-0.8696,0.978,1.812,0.6704,-0.2817,0.832,0.02309,-0.02556,-0.0848,0.7144,0.099,0.0,0.0,-0.04544,-0.004337,0.4094,0.0,-0.01767,-0.9326,2.016,1.116,0.89,0.2134,4.406,0.0,2.164,0.04816,-0.03214,0.2595,-0.51,0.53,0.4556,0.0,0.0,0.4658,0.0,0.4893,1.478,1.0,0.0,0.0,0.0,0.0,1.0,1.0,1.5,-0.819,0.955,0.0,0.0,0.5,1.0,0.0,0.0,0.0,0.0
0.495,0.497,0.4937,-0.54,0.6304,1.812,0.6704,-0.2502,0.361,-0.0644,0.057,-0.4023,0.857,0.099,0.0,0.0,0.0405,0.08154,0.3552,0.0,-0.01515,-0.1731,2.168,1.322,0.4524,0.2461,1.66,-0.5454,2.17,0.0,0.0643,0.339,2.547,0.5303,0.4573,0.0,0.0,0.4717,0.0,0.4685,1.221,1.0,0.0,0.0,0.0,-0.5938,0.0,0.5,1.0,-0.4836,0.6396,0.0,1.0,0.5,1.0,0.0,0.0,0.0,-0.4065
0.4973,0.4988,0.4963,-0.2047,0.2717,1.812,0.6187,-0.206,-0.11456,-0.1638,0.1257,-0.9526,0.857,0.099,0.0,0.0,0.1409,0.1804,0.2932,0.0,-0.01263,-0.1377,2.227,1.509,0.03032,0.2686,-0.08655,-0.6313,2.074,-0.5454,0.04816,-0.0321,2.115,0.528,0.459,0.0,0.0,0.4783,0.0,0.4446,0.9565,1.0,0.0,0.0,0.0,-1.12,0.0,0.0,0.5,-0.1454,0.31,0.0,2.0,0.5,1.0,0.0,0.0,0.0,-0.774
0.5005,0.5015,0.5005,-0.4705,0.5117,1.812,0.6187,-0.257,0.0439,-0.0697,0.1985,14.88,0.857,0.099,0.0,0.0,0.04498,0.08765,0.3584,0.0,-0.0101,-0.5005,2.18,1.679,0.2249,0.2954,-0.3591,0.671,2.0,-0.6313,0.0,0.0643,0.193,0.5264,0.4612,0.0,0.0,0.4849,0.0,0.4695,0.9897,1.0,0.0,0.0,0.0,0.801,0.0,0.0,0.5,-0.374,0.5693,1.0,0.0,0.5,1.0,0.0,0.0,0.0,0.559
0.504,0.503,0.505,-0.4531,0.433,1.812,0.6187,-0.3044,-0.1265,-0.07025,0.2795,-1.032,0.7144,0.099,-1.0,0.0,0.04123,0.0927,0.3616,0.0,-0.007576,-0.7183,2.041,1.851,0.02614,0.3394,0.2355,0.03235,1.889,0.671,-0.5454,0.04816,-0.6895,0.525,0.4636,0.0,0.0,0.4917,0.0,0.4705,1.168,1.0,0.0,0.0,0.0,0.0397,0.0,0.5,1.0,-0.5137,0.3215,2.0,0.0,0.5,1.0,0.0,0.0,0.0,0.0274
0.508,0.507,0.51,-0.669,0.632,1.812,0.6187,-0.629,0.0916,0.01608,0.311,-17.1,0.7144,0.099,0.0,0.0,-0.0699,0.03595,0.4224,0.0,-0.00505,0.2003,1.907,2.004,0.1326,0.3792,0.01381,0.6147,1.682,0.03235,-0.6313,0.0,0.2595,0.526,0.4675,0.0,0.0,0.5005,0.0,0.4934,0.721,0.0,0.0,0.0,0.0,1.207,1.0,0.5,1.0,-0.7827,0.4456,3.0,0.0,0.5,1.0,0.0,0.0,0.0,0.833
0.5127,0.511,0.514,-0.7285,0.6934,1.812,0.6187,-0.7544,0.2274,0.05838,0.3125,0.864,0.7144,0.099,0.0,0.0,-0.12085,0.00554,0.454,0.0,-0.002525,0.1917,1.82,2.1,0.2301,0.3914,-0.2499,0.32,1.442,0.6147,0.671,-0.5454,0.339,0.5273,0.4727,0.0,0.0,0.509,0.0,0.5054,0.1812,0.0,0.0,0.0,0.0,0.498,2.0,0.5,1.0,-0.833,0.512,4.0,0.0,0.5,1.0,0.0,0.0,0.0,0.34
0.517,0.516,0.5186,-0.699,0.6665,1.812,0.6187,-0.723,0.2708,0.07153,0.3127,0.2812,0.7144,0.099,0.0,0.0,-0.1302,-0.01058,0.4668,0.0,0.0,-0.2394,1.742,2.133,0.246,0.4011,-0.1704,0.1273,1.219,0.32,0.03235,-0.6313,-0.0321,0.5293,0.4778,0.0,0.0,0.5166,0.0,0.5103,0.1527,0.0,0.0,0.0,0.0,0.2664,3.0,1.0,1.0,-0.837,0.4521,5.0,0.0,0.5,1.0,0.0,0.0,0.0,0.181
0.523,0.522,0.5244,-0.9385,0.9165,1.812,0.6187,-0.662,0.577,0.1805,0.3372,1.014,0.7144,0.099,0.0,0.0,-0.2251,-0.1237,0.5435,0.0,0.002525,0.5054,1.63,2.107,0.5596,0.4136,-0.166,0.7627,0.974,0.1273,0.6143,0.6704,0.0643,0.5356,0.4844,0.0,0.0,0.5254,0.0,0.539,0.888,1.0,0.0,0.0,0.0,1.478,3.0,1.0,1.5,-1.039,0.724,5.734,0.0,0.5,1.0,0.0,0.0,0.0,1.002
0.5273,0.5264,0.529,-0.686,0.665,1.812,0.6187,-0.592,0.3533,0.12115,0.3518,-0.2114,0.7144,0.099,0.0,0.0,-0.1644,-0.07227,0.5083,0.0,0.00505,0.2195,1.506,2.016,0.3228,0.4272,-0.08057,-0.3452,0.6514,0.7627,0.32,0.03235,0.04813,0.5435,0.4907,0.0,0.0,0.533,0.0,0.526,0.564,0.0,0.0,0.0,0.0,-0.5312,2.0,0.5,1.0,-0.804,0.4731,0.0,1.0,0.5,1.0,0.0,0.0,0.0,-0.3555
0.53,0.5293,0.5312,-0.3123,0.288,1.812,0.6187,-0.5317,0.001659,0.01215,0.3503,-0.68,0.7144,0.099,0.0,0.0,-0.0575,0.0306,0.4397,0.0,0.007576,0.02373,1.359,1.843,-0.0378,0.4326,0.012314,-0.6787,-0.0613,-0.3452,0.1273,0.6143,0.0,0.546,0.4954,0.0,0.0,0.5405,0.0,0.4995,0.03992,0.0,0.0,0.0,0.0,-0.909,1.0,0.5,0.5,-0.4207,0.1355,0.0,2.0,0.5,1.0,0.0,0.0,0.0,-0.6123
0.533,0.532,0.5347,-0.4744,0.454,1.812,0.6187,-0.5073,0.2057,0.0787,0.357,2.059,0.7144,0.099,0.0,0.0,-0.1176,-0.03833,0.4875,0.0,0.0101,-0.137,1.187,1.648,0.1832,0.4353,0.5503,0.4788,-0.2175,-0.6787,0.7627,0.32,-0.545,0.5503,0.5005,0.0,0.0,0.544,0.0,0.5176,0.2416,0.0,0.0,0.0,0.0,0.648,1.0,1.0,1.0,-0.5527,0.3215,1.0,0.0,0.5,1.0,0.0,0.0,0.0,0.4414
0.536,0.5356,0.5376,-0.408,0.388,1.812,0.6187,-0.503,0.169,0.0713,0.3635,0.01738,0.7144,0.099,0.0,0.0,-0.11035,-0.0314,0.486,0.0,0.01263,-0.563,0.984,1.492,0.1492,0.4407,1.259,-0.01584,-0.1964,0.4788,-0.345,0.1273,-0.631,0.5527,0.5063,0.0,0.0,0.5454,0.0,0.517,0.2108,0.0,0.0,0.0,0.0,-0.015305,0.0,1.0,0.5,-0.4932,0.2534,0.0,1.0,0.5,1.0,0.0,0.0,0.0,-0.010345
0.54,0.539,0.541,-0.5513,0.536,-0.09973,0.6187,-0.494,0.3525,0.1357,0.3765,0.852,0.7144,0.099,0.0,0.0,-0.1691,-0.096,0.532,0.0,0.01515,-0.591,0.78,1.355,0.3381,0.4482,0.8257,0.4592,-0.1431,-0.01584,-0.678,0.762,0.6704,0.5557,0.512,0.0,0.0,0.547,0.0,0.5347,0.3499,0.0,0.0,0.0,0.0,0.6646,0.0,1.0,0.5,-0.606,0.4233,1.0,0.0,0.5,1.0,0.0,0.0,0.0,0.4492
0.543,0.5425,0.544,-0.4092,0.394,-0.09973,0.6187,-0.4763,0.2291,0.1036,0.386,-0.1467,0.7144,0.099,0.0,0.0,-0.138,-0.06604,0.5146,0.0,0.01767,-0.864,0.5938,1.206,0.2269,0.4536,0.959,-0.1729,-0.1401,0.4592,0.4788,-0.345,0.03235,0.557,0.518,0.0,0.0,0.549,0.0,0.528,0.2678,0.0,0.0,0.0,0.0,-0.1771,0.0,0.5,0.5,-0.4927,0.261,0.0,1.0,0.5,1.0,0.0,0.0,0.0,-0.11884
0.5483,0.548,0.5493,-0.8677,0.8657,-0.09973,0.6187,-0.455,0.7295,0.2825,0.425,1.738,0.7144,0.099,0.0,0.0,-0.298,-0.2416,0.6133,1.0,-0.2903,0.351,0.4375,1.066,0.728,0.4492,0.5337,1.214,-0.01118,-0.1729,-0.01584,-0.678,0.6143,0.5605,0.526,0.0,0.0,0.5522,0.0,0.574,0.835,1.0,0.0,0.0,0.0,2.682,1.0,0.5,1.0,-0.897,0.756,1.0,0.0,0.5,1.0,0.0,0.0,0.0,1.804
0.552,0.551,0.5527,-0.4197,0.4065,-0.09973,0.6187,-0.3752,0.2246,0.1498,0.4617,-0.5127,0.7144,0.099,0.0,0.0,-0.1714,-0.12115,0.5293,0.0,-0.2878,0.4602,0.2869,0.937,0.2264,0.4685,0.4363,-0.819,0.01822,1.214,0.4592,0.4785,0.32,0.562,0.532,0.0,0.0,0.554,0.0,0.542,0.7285,0.0,0.0,0.0,0.0,-1.195,0.0,0.0,1.0,-0.464,0.3152,0.0,1.0,0.5,1.0,0.0,0.0,0.0,-0.7876
0.554,0.553,0.555,-0.2932,0.2737,-0.09973,0.6187,-0.3723,0.07715,0.11865,0.4849,-0.3333,0.7144,0.099,0.0,0.0,-0.1426,-0.0909,0.5117,0.0,-0.2854,-0.4219,0.1464,0.8096,0.0851,0.4805,0.4094,-0.1722,0.02856,-0.819,-0.1729,-0.01584,0.1273,0.5654,0.538,0.0,0.0,0.5557,0.0,0.535,0.4973,0.0,0.0,0.0,0.0,-0.1953,0.0,-0.5,0.5,-0.336,0.1938,0.0,2.0,0.5,1.0,0.0,0.0,0.0,-0.1305
0.5566,0.556,0.558,-0.3767,0.352,-0.09973,0.6187,-0.3801,0.1458,0.157,0.512,0.5347,0.857,0.099,0.0,0.0,-0.1783,-0.1277,0.5405,0.0,-0.2827,-0.742,0.0939,0.6777,0.1661,0.4927,-0.2454,0.2827,0.05066,-0.1722,1.214,0.4592,0.762,0.568,0.544,0.0,0.0,0.5576,0.0,0.546,0.56,0.0,0.0,0.0,0.0,0.2825,0.0,-0.5,0.5,-0.4287,0.2559,1.0,0.0,0.5,1.0,0.0,0.0,0.0,0.1893
0.559,0.558,0.5605,-0.2612,0.2313,-0.09973,0.6187,-0.4001,0.0245,0.1279,0.5264,-0.3667,0.857,0.099,0.0,0.0,-0.1536,-0.09735,0.5244,0.0,-0.2803,-0.1077,0.1262,0.56,0.01852,0.508,0.1037,-0.1564,0.05823,0.2827,-0.819,-0.1729,-0.345,0.5703,0.5493,0.0,0.0,0.5596,0.0,0.54,0.3284,0.0,0.0,0.0,0.0,-0.1615,0.0,-0.5,0.0,-0.327,0.129,0.0,1.0,0.5,1.0,0.0,0.0,0.0,-0.1077
0.5605,0.5596,0.562,-0.1698,0.1355,-0.09973,0.6187,-0.4666,-0.0655,0.104,0.533,-0.564,0.857,0.099,0.0,0.0,-0.1373,-0.0673,0.5117,0.0,-0.2778,-0.6123,0.1526,0.4604,-0.07825,0.515,0.785,-0.1254,0.05487,-0.1564,-0.1722,1.213,-0.678,0.5703,0.555,0.0,0.0,0.561,0.0,0.535,0.1731,0.0,0.0,0.0,0.0,-0.1359,-1.0,-0.5,-0.5,-0.2399,0.03564,0.0,2.0,0.5,1.0,0.0,0.0,0.0,-0.0909
0.563,0.562,0.565,-0.3108,0.278,-0.09973,0.6187,-0.4448,0.0897,0.1589,0.5444,3.574,0.857,0.099,0.0,0.0,-0.1859,-0.1235,0.552,0.0,-0.2751,0.1173,0.169,0.3726,0.0783,0.5225,0.4258,0.3928,0.02678,-0.1254,0.2827,-0.8184,0.4785,0.5723,0.5586,0.0,0.0,0.564,0.0,0.55,0.2583,0.0,0.0,0.0,0.0,0.3965,0.0,-0.5,-0.5,-0.3916,0.1556,1.0,0.0,0.5,1.0,0.0,0.0,0.0,0.2656
0.565,0.564,0.5664,-0.1803,0.1443,-0.09973,0.6973,-0.533,-0.01437,0.12335,0.5396,-0.4143,0.857,0.099,0.0,0.0,-0.1613,-0.0801,0.531,0.0,-0.2727,-0.552,0.1798,0.2805,-0.047,0.5283,0.523,-0.2029,-0.1081,0.3928,-0.1564,-0.1722,-0.01582,0.5693,0.5596,0.0,0.0,0.567,0.0,0.542,-0.09265,0.0,0.0,0.0,0.0,-0.1605,0.0,-0.5,-1.0,-0.276,0.01582,0.0,1.0,0.5,1.0,0.0,0.0,0.0,-0.10693
0.5664,0.565,0.568,-0.1166,0.07794,-0.09973,0.6973,-0.6255,-0.06616,0.1075,0.54,-0.4207,0.857,0.099,0.0,0.0,-0.1548,-0.05557,0.523,0.0,-0.2703,-0.8457,0.183,0.1903,-0.0941,0.5303,0.1531,-0.0783,-0.1941,-0.2029,-0.1254,0.2827,0.459,0.5693,0.561,0.0,0.0,0.5693,0.0,0.539,0.02399,0.0,0.0,0.0,0.0,-0.0992,-1.0,-1.0,-1.0,-0.2467,-0.08307,0.0,2.0,0.5,1.0,0.0,0.0,0.0,-0.0663
0.5654,0.5645,0.5674,0.283,-0.3274,-0.09973,0.6436,-0.5674,-0.4893,-0.0253,0.5386,-9.33,0.7144,0.099,-1.0,0.0,-0.0252,0.07196,0.4373,0.0,-0.2676,0.1043,0.1617,0.1334,-0.499,0.529,0.3313,-0.8467,-0.2915,-0.0783,0.3926,-0.1562,-0.1729,0.567,0.562,0.0,0.0,0.571,0.0,0.506,-0.0528,0.0,0.0,0.0,0.0,-1.48,-1.0,-1.0,-1.0,0.1486,-0.4622,0.0,3.0,0.5,1.0,0.0,1.0,-1.854,-0.9907
0.564,0.563,0.5654,0.4421,-0.4834,-0.09973,0.4478,-0.5273,-0.652,-0.0863,0.522,0.62,0.5713,0.099,-1.0,0.0,0.03674,0.1306,0.3992,0.0,-0.2651,0.2218,0.1125,0.10614,-0.6797,0.5283,-0.873,-0.3818,-0.2915,-0.8467,-0.2029,-0.1254,1.213,0.5615,0.562,0.0,0.0,0.571,0.0,0.4912,-0.4092,0.0,0.0,0.0,0.0,-0.4297,-1.0,-1.5,-1.5,0.315,-0.5977,0.0,4.0,0.5,1.0,0.0,0.0,0.0,-0.2915
0.5605,0.56,0.562,0.7363,-0.7705,-0.09973,0.0858,-0.4978,-0.9463,-0.1948,0.494,0.744,0.4285,0.099,-1.0,0.0,0.1453,0.2411,0.3293,0.0,-0.2627,-0.4993,0.03134,0.06824,-0.9727,0.519,-0.2812,-0.704,-0.1843,-0.3818,-0.0783,0.3926,-0.8184,0.5547,0.562,0.0,0.0,0.5693,0.0,0.4644,-0.632,0.0,0.0,0.0,0.0,-0.8184,-2.0,-1.5,-1.5,0.5996,-0.8726,0.0,5.0,0.5,1.0,0.0,0.0,0.0,-0.559
0.56,0.5596,0.5615,0.2435,-0.2693,-0.09973,0.0858,-0.4805,-0.447,-0.05267,0.4739,-0.516,0.2856,0.099,-1.0,0.0,0.00866,0.09155,0.4263,0.0,-0.26,-0.643,-0.07007,0.023,-0.4858,0.514,-0.3052,0.9883,-0.1761,-0.704,-0.8467,-0.2028,-0.1722,0.552,0.562,0.0,0.0,0.5693,0.0,0.5015,-0.4197,0.0,0.0,0.0,0.0,0.8696,-1.0,-1.0,-1.5,0.1772,-0.3328,1.0,0.0,0.5,1.0,0.0,0.0,0.0,0.601
0.5586,0.558,0.5596,0.4717,-0.4954,-0.7847,0.0858,-0.438,-0.6616,-0.1351,0.4482,0.8535,0.1428,0.099,-1.0,0.0,0.09216,0.1727,0.3738,0.0,-0.2576,-0.528,-0.2028,-0.02472,-0.7046,0.5073,-0.656,-0.526,-0.1299,0.9883,-0.3816,-0.07825,0.2827,0.5454,0.562,0.0,0.0,0.5674,0.0,0.4812,-0.519,0.0,0.0,0.0,0.0,-0.5767,-1.0,-1.5,-1.5,0.353,-0.598,0.0,1.0,0.5,1.0,0.0,0.0,0.0,-0.3923
0.5566,0.556,0.5576,0.5034,-0.5317,-0.7847,0.0858,-0.527,-0.6445,-0.1604,0.3987,0.10846,0.0,0.099,-1.0,0.0,0.1089,0.2076,0.3594,0.0,-0.2551,-0.6123,-0.295,-0.07227,-0.6772,0.486,-0.663,-0.1447,-0.0758,-0.526,-0.704,-0.846,-0.1562,0.5396,0.562,0.0,0.0,0.566,0.0,0.4756,-1.114,0.0,1.0,0.0,0.0,-0.1703,-1.0,-1.5,-2.0,0.3481,-0.672,0.0,2.0,0.5,1.0,0.0,0.0,0.0,-0.1168
0.5527,0.5522,0.554,0.86,-0.886,-0.7847,0.0858,-0.566,-0.9697,-0.2898,0.3506,0.817,-0.1428,0.099,-1.0,0.0,0.2341,0.349,0.2754,0.0,-0.2524,-0.1606,-0.2808,-0.11725,-0.9814,0.4639,-0.699,-0.854,0.04593,-0.1447,0.988,-0.3816,-0.1254,0.531,0.561,0.0,0.0,0.564,0.0,0.4434,-1.114,0.0,1.0,0.0,0.0,-1.152,-1.0,-1.5,-2.0,0.7163,-0.986,0.0,3.0,0.5,1.0,0.0,0.0,0.0,-0.7925
0.5483,0.5483,0.5493,1.012,-1.033,-0.7847,0.0858,-0.578,-1.1,-0.362,0.2974,0.31,-0.2856,0.099,-1.0,0.0,0.3066,0.429,0.2292,0.0,-0.25,-0.638,-0.1678,-0.1487,-1.095,0.4397,-1.297,-0.474,0.2047,-0.854,-0.526,-0.704,0.3926,0.5234,0.56,0.0,0.0,0.561,0.0,0.4255,-1.174,0.0,1.0,0.0,0.0,-0.6543,-1.0,-1.5,-2.0,0.866,-1.123,0.0,4.0,0.5,1.0,0.0,0.0,0.0,-0.4565
0.545,0.5444,0.546,0.849,-0.8657,-0.7847,0.0858,-0.5845,-0.9136,-0.339,0.2415,-0.0646,-0.4285,0.099,-1.0,0.0,0.2825,0.4045,0.2467,0.0,-0.2474,-0.751,-0.01952,-0.1543,-0.9253,0.4214,-1.406,0.1813,0.3115,-0.474,-0.1447,0.988,-0.2028,0.518,0.56,0.0,0.0,0.5586,0.0,0.4321,-1.234,0.0,1.0,0.0,0.0,0.1804,-1.0,-1.5,-2.0,0.714,-0.9575,1.0,0.0,0.5,1.0,0.0,0.0,0.0,0.1268
0.542,0.542,0.543,0.6865,-0.7017,-0.7847,0.0858,-0.617,-0.723,-0.3108,0.193,-0.119,-0.5713,0.099,-1.0,0.0,0.2507,0.3767,0.2673,0.0,-0.245,-0.3572,0.1434,-0.121,-0.7256,0.4001,-1.6,0.2136,0.371,0.1813,-0.854,-0.526,-0.07825,0.516,0.5596,0.0,0.0,0.555,0.0,0.44,-1.091,0.0,1.0,0.0,0.0,0.3064,0.0,-1.0,-1.5,0.566,-0.7896,2.0,0.0,0.5,1.0,0.0,0.0,0.0,0.2148
0.54,0.5396,0.541,0.576,-0.592,-0.7847,0.0858,-0.632,-0.579,-0.2942,0.1494,-0.1162,-0.7144,0.099,-1.0,0.0,0.2325,0.36,0.28,0.0,-0.2424,-0.7114,0.2996,-0.05496,-0.5723,0.3806,-1.032,0.131,0.412,0.2136,-0.474,-0.1447,-0.846,0.511,0.559,0.0,0.0,0.5527,0.0,0.4446,-0.996,0.0,0.0,0.0,0.0,0.1943,1.0,-0.5,-1.0,0.449,-0.696,3.0,0.0,0.5,1.0,0.0,0.0,0.0,0.1357
0.5435,0.5435,0.5444,-0.5234,0.5244,0.1425,0.0858,-0.531,0.623,0.061,0.1366,-2.697,-0.7144,0.099,0.0,0.0,-0.1032,-0.01851,0.52,0.0,-0.2399,1.793,0.3948,0.01424,0.6035,0.3809,-0.821,2.467,0.349,0.131,0.1813,-0.854,-0.3816,0.516,0.56,0.0,0.0,0.552,0.0,0.536,-0.226,0.0,0.0,0.0,0.0,6.13,2.0,0.0,-1.0,-0.4734,0.5283,4.0,0.0,0.5,1.0,1.0,0.0,4.234,4.273
0.5464,0.5464,0.5474,-0.3987,0.3967,0.1425,0.0858,-0.5215,0.5615,0.035,0.1254,0.05118,-0.7144,0.099,0.0,0.0,-0.07806,0.00662,0.5054,0.0,-0.2374,-0.4844,0.4329,0.0726,0.5093,0.386,-0.0476,-0.1412,0.338,2.467,0.2135,-0.4739,-0.704,0.5215,0.5605,0.0,0.0,0.5513,0.0,0.531,-0.2089,0.0,0.0,0.0,0.0,-0.2454,2.0,0.0,-1.0,-0.3523,0.4058,0.0,1.0,0.5,1.0,0.0,0.0,0.0,-0.1643
0.5483,0.5483,0.5493,-0.2167,0.211,0.1425,0.0858,-0.4856,0.4287,-0.0142,0.1112,-0.0722,-0.7144,0.099,0.0,0.0,-0.02844,0.05286,0.4753,0.0,-0.2349,-0.522,0.4314,0.1207,0.3545,0.3872,-0.795,-0.2988,0.3242,-0.1412,0.131,0.1812,0.988,0.5283,0.561,0.0,0.0,0.551,0.0,0.519,-0.2676,0.0,0.0,0.0,0.0,-0.544,1.0,-0.5,-1.0,-0.2094,0.1918,0.0,2.0,0.5,1.0,0.0,0.0,0.0,-0.365
0.5527,0.5522,0.553,-0.5854,0.59,0.1425,0.0858,-0.541,0.8535,0.1242,0.1274,1.0,-0.5713,0.099,0.0,0.0,-0.1627,-0.08014,0.571,0.0,-0.2323,-0.1805,0.3894,0.1519,0.787,0.3943,-0.2544,0.948,0.3445,-0.2988,2.467,0.2135,-0.5254,0.54,0.561,0.0,0.0,0.5513,0.0,0.555,0.2228,0.0,0.0,0.0,0.0,1.332,1.0,0.0,-0.5,-0.5312,0.593,1.0,0.0,0.5,0.0,0.0,0.0,0.0,0.898
0.555,0.555,0.556,-0.3462,0.3484,0.1425,0.0858,-0.6123,0.6084,0.06067,0.1439,-0.1344,-0.4285,0.099,0.0,0.0,-0.11017,-0.01036,0.531,0.0,-0.2299,-0.72,0.3113,0.1677,0.5806,0.3967,0.0662,-0.389,0.3477,0.948,-0.1411,0.131,-0.1447,0.5503,0.5615,0.0,0.0,0.5513,0.0,0.54,0.2178,0.0,0.0,0.0,0.0,-0.194,0.0,0.0,-0.5,-0.3223,0.3372,0.0,1.0,0.5,0.0,0.0,0.0,0.0,-0.1288
0.5586,0.558,0.559,-0.4055,0.4104,0.1425,0.0858,-0.65,0.652,0.0945,0.1765,0.2089,-0.2856,0.099,0.0,0.0,-0.145,-0.0404,0.556,0.0,-0.2273,-0.828,0.21,0.1649,0.6567,0.4067,1.022,0.2505,0.3718,-0.389,-0.2988,2.465,-0.8535,0.5605,0.563,0.0,0.0,0.552,0.0,0.55,0.5093,0.0,0.0,0.0,0.0,0.2057,0.0,0.5,0.0,-0.4167,0.3564,1.0,0.0,0.5,0.0,0.0,0.0,0.0,0.1375
0.561,0.561,0.562,-0.3652,0.37,0.1425,0.0858,-0.71,0.619,0.09515,0.1932,0.0964,-0.1428,0.099,0.0,0.0,-0.151,-0.03528,0.5596,0.0,-0.2247,-0.807,0.0788,0.147,0.6484,0.4116,1.722,0.03119,0.377,0.2505,0.948,-0.1411,-0.4739,0.5703,0.5635,0.0,0.0,0.552,0.0,0.551,0.2935,0.0,0.0,0.0,0.0,0.01903,1.0,1.0,0.0,-0.4048,0.288,2.0,0.0,0.5,0.0,0.0,0.0,0.0,0.01266
0.564,0.564,0.5645,-0.3416,0.348,0.1425,0.0858,-0.7285,0.5815,0.09924,0.2181,0.08624,0.0,0.099,0.0,0.0,-0.1565,-0.0376,0.566,0.0,-0.2222,-0.745,-0.0826,0.1128,0.647,0.4182,1.868,0.06235,0.3975,0.03119,-0.389,-0.2986,0.1812,0.572,0.5645,0.0,0.0,0.5522,0.0,0.553,0.5273,0.0,0.0,0.0,0.0,0.04333,2.0,1.0,0.5,-0.3882,0.2603,3.0,0.0,0.5,0.0,0.0,0.0,0.0,0.02882
0.566,0.566,0.567,-0.2393,0.2455,0.1425,0.0858,-0.7314,0.4492,0.07416,0.2422,-0.0649,0.1428,0.099,0.0,0.0,-0.1334,-0.01238,0.553,0.0,-0.2197,-0.7017,-0.2158,0.0644,0.527,0.4302,1.975,-0.1246,0.413,0.06235,0.2505,0.9478,0.2135,0.573,0.565,0.0,0.0,0.5527,0.0,0.5483,0.5347,0.0,0.0,0.0,0.0,-0.1292,1.0,0.5,0.5,-0.3296,0.11816,0.0,1.0,0.5,0.0,0.0,0.0,0.0,-0.0858
0.568,0.5674,0.5684,-0.1354,0.1357,0.1425,0.0858,-0.7637,0.278,0.04453,0.2783,-0.1897,0.2856,0.099,0.0,0.0,-0.10864,0.02028,0.537,0.0,-0.2172,-0.5947,-0.2644,0.00795,0.3684,0.447,2.125,-0.156,0.4407,-0.1246,0.03119,-0.3887,0.1309,0.5757,0.565,0.0,0.0,0.554,0.0,0.542,0.8784,1.0,0.0,0.0,0.0,-0.1747,1.0,0.0,0.5,-0.2457,-0.005165,0.0,2.0,0.5,0.0,0.0,0.0,0.0,-0.1163
0.571,0.5703,0.572,-0.3872,0.3862,0.1425,0.0858,-0.7417,0.4639,0.1356,0.333,0.661,0.4285,0.099,0.0,0.0,-0.1912,-0.0722,0.6025,0.0,-0.2146,-0.3745,-0.1759,-0.04764,0.564,0.472,0.10516,0.6416,0.4998,-0.156,0.06235,0.2505,2.465,0.5767,0.565,0.0,0.0,0.5566,0.0,0.567,1.264,1.0,0.0,0.0,0.0,0.62,1.0,0.0,1.0,-0.4563,0.2705,1.0,0.0,0.5,0.0,0.0,0.0,0.0,0.4138
0.575,0.575,0.576,-0.673,0.676,0.1425,0.1964,-0.6245,0.7026,0.2493,0.3972,0.5947,0.5713,0.099,0.0,0.0,-0.2837,-0.1936,0.6133,1.0,-0.2903,-0.2445,0.0463,-0.0527,0.7456,0.4456,0.3179,0.7896,0.5854,0.6416,-0.1245,0.03117,-0.1411,0.582,0.5664,0.0,0.0,0.561,0.0,0.598,1.345,1.0,0.0,0.0,0.0,1.816,1.0,0.5,1.0,-0.696,0.5884,2.0,0.0,0.5,0.0,1.0,0.0,2.299,1.199
0.578,0.5776,0.5796,-0.401,0.3906,0.1425,0.1964,-0.592,0.3418,0.1716,0.4507,-0.3408,0.7144,0.099,0.0,0.0,-0.2107,-0.12177,0.5664,0.0,-0.2878,-0.1731,0.2903,-1.38e-05,0.353,0.4797,0.7705,-0.4583,0.642,0.7896,-0.156,0.06232,-0.2986,0.585,0.5674,0.0,0.0,0.5635,0.0,0.5796,1.063,1.0,0.0,0.0,0.0,-0.8784,0.0,0.5,0.5,-0.418,0.3303,0.0,1.0,0.5,0.0,0.0,0.0,0.0,-0.5728
0.5825,0.5815,0.584,-0.587,0.5645,0.1425,0.1964,-0.573,0.4653,0.2476,0.511,0.44,0.857,0.099,0.0,0.0,-0.2776,-0.1969,0.6133,1.0,-0.2903,-0.4102,0.518,0.1099,0.4634,0.504,0.0228,0.5386,0.7104,-0.4583,0.641,-0.1245,0.9478,0.5894,0.569,0.0,0.0,0.5674,0.0,0.6006,1.125,1.0,0.0,0.0,0.0,0.7554,1.0,0.5,0.5,-0.6797,0.4072,1.0,0.0,0.5,0.0,0.0,0.0,0.0,0.4963
0.5864,0.5854,0.588,-0.5645,0.5396,0.1425,0.1964,-0.795,0.455,0.2578,0.533,0.12317,0.857,0.099,0.0,0.0,-0.3066,-0.1854,0.6133,1.0,-0.2903,-0.678,0.7236,0.2598,0.3896,0.5195,0.511,0.1068,0.76,0.5386,0.789,-0.156,-0.3887,0.594,0.5703,0.0,0.0,0.572,0.0,0.605,0.6777,0.0,0.0,0.0,0.0,0.123,2.0,1.0,0.5,-0.66,0.381,2.0,0.0,0.5,0.0,0.0,0.0,0.0,0.0801
0.591,0.5903,0.5923,-0.6904,0.6714,0.1425,0.1964,-0.7915,0.5977,0.3223,0.5654,0.4175,0.857,0.099,0.0,0.0,-0.3635,-0.2471,0.6133,1.0,-0.2903,-0.3792,0.8994,0.419,0.5156,0.4932,0.4333,0.4568,0.7617,0.1068,-0.4583,0.641,0.2505,0.601,0.5723,0.0,0.0,0.5776,0.0,0.623,0.886,1.0,0.0,0.0,0.0,0.671,2.0,1.0,1.0,-0.772,0.518,3.0,0.0,0.5,0.0,0.0,0.0,0.0,0.436
0.5938,0.593,0.595,-0.31,0.2844,0.1425,0.866,-0.744,0.1787,0.2089,0.593,-0.5015,0.857,0.099,0.0,0.0,-0.258,-0.1433,0.542,0.0,-0.2878,-0.1815,1.055,0.583,0.04852,0.519,0.586,-0.6953,0.6284,0.4568,0.5386,0.789,0.03117,0.606,0.573,0.0,0.0,0.583,0.0,0.5947,0.6445,0.0,0.0,0.0,0.0,-1.963,1.0,0.5,1.0,-0.4263,0.1237,0.0,1.0,0.5,0.0,0.0,0.0,0.0,-1.266
0.5977,0.5967,0.599,-0.568,0.548,0.1425,0.866,-0.7935,0.4648,0.312,0.6157,1.211,0.857,0.099,0.0,0.0,-0.3545,-0.2372,0.6133,1.0,-0.2903,-0.3792,1.168,0.7246,0.325,0.533,0.637,0.7036,0.5083,-0.6953,0.10675,-0.458,0.06232,0.6113,0.5747,0.0,0.0,0.5894,0.0,0.6226,0.586,0.0,0.0,0.0,0.0,1.0625,2.0,0.5,1.0,-0.6533,0.4006,1.0,0.0,0.5,0.0,0.0,0.0,0.0,0.6934
0.601,0.6,0.6025,-0.474,0.453,0.1425,0.866,-0.7866,0.361,0.298,0.6455,-0.05328,0.857,0.099,0.0,0.0,-0.3418,-0.2247,0.6074,0.0,-0.2878,-0.683,1.222,0.832,0.2566,0.5415,0.9307,-0.06046,0.3452,0.7036,0.4568,0.5386,-0.1245,0.6133,0.5767,0.0,0.0,0.595,0.0,0.62,0.775,1.0,0.0,0.0,0.0,-0.0742,1.0,0.5,1.0,-0.575,0.2957,0.0,1.0,0.5,0.0,0.0,0.0,0.0,-0.04788
0.604,0.6035,0.6055,-0.4219,0.3997,0.1425,0.866,-0.7905,0.3037,0.2964,0.672,0.0106,0.857,0.099,0.0,0.0,-0.3406,-0.2227,0.609,0.0,-0.2854,-0.8667,1.233,0.904,0.2242,0.55,1.26,0.01513,0.116,-0.06046,-0.6953,0.10675,-0.156,0.617,0.579,0.0,0.0,0.601,0.0,0.6206,0.7114,0.0,0.0,0.0,0.0,0.01307,1.0,1.0,1.0,-0.5273,0.2418,1.0,0.0,0.5,0.0,0.0,0.0,0.0,0.00844
0.6064,0.6055,0.608,-0.276,0.2522,-0.672,0.866,-0.7227,0.1425,0.26,0.695,-0.2793,0.857,0.099,0.0,0.0,-0.302,-0.1945,0.587,0.0,-0.2827,-0.1091,1.194,0.954,0.0783,0.5557,0.8423,-0.2118,0.1143,0.01513,0.703,0.4568,0.641,0.618,0.582,0.0,0.0,0.6035,0.0,0.612,0.5703,0.0,0.0,0.0,0.0,-0.3552,0.0,0.5,0.5,-0.383,0.1039,0.0,1.0,0.5,0.0,0.0,0.0,0.0,-0.2292
0.6074,0.607,0.6094,-0.0501,0.02269,-0.672,0.866,-0.6436,-0.106,0.1904,0.709,-0.915,0.857,0.099,0.0,0.0,-0.2323,-0.135,0.5435,0.0,-0.2803,0.02385,1.097,0.982,-0.152,0.5557,0.1921,-0.425,0.07227,-0.2118,-0.06046,-0.695,0.789,0.617,0.585,0.0,0.0,0.606,0.0,0.5947,0.3171,0.0,0.0,0.0,0.0,-0.81,0.0,0.0,0.0,-0.1549,-0.1055,0.0,2.0,0.5,0.0,0.0,0.0,0.0,-0.525
0.6045,0.604,0.606,0.698,-0.7217,-0.672,0.0714,-0.2612,-0.88,-0.05878,0.6987,-17.1,0.7144,0.099,-1.0,0.0,0.03415,0.07684,0.3806,0.0,-0.2778,2.643,0.914,0.9653,-0.8447,0.545,0.637,-1.605,0.03912,-0.425,0.01513,0.703,-0.458,0.609,0.5854,0.0,0.0,0.606,0.0,0.531,-0.2678,0.0,0.0,0.0,0.0,-4.79,-1.0,0.0,0.0,0.62,-0.7627,0.0,3.0,0.5,0.0,0.0,0.0,0.0,-3.123
0.5996,0.5996,0.6,1.115,-1.125,-0.672,-0.445,-0.1451,-1.319,-0.2104,0.676,0.7725,0.5713,0.099,-1.0,0.0,0.1923,0.2238,0.281,0.0,-0.2751,0.0898,0.668,0.9175,-1.244,0.528,-0.00417,-1.005,0.1766,-1.605,-0.2117,-0.06042,0.5386,0.5996,0.586,0.0,0.0,0.604,0.0,0.4915,-0.4956,0.0,0.0,0.0,0.0,-2.297,-1.0,-0.5,0.0,1.024,-1.147,0.0,4.0,0.5,0.0,0.0,0.0,0.0,-1.539
0.592,0.593,0.592,1.675,-1.656,-0.672,-1.143,-0.04095,-1.8545,-0.41,0.6206,0.63,0.4285,0.099,-1.0,0.0,0.404,0.4304,0.149,0.0,-0.2727,-0.05072,0.3853,0.8345,-1.764,0.502,-0.3743,-1.358,0.4524,-1.005,-0.4248,0.01513,0.10675,0.583,0.585,0.0,0.0,0.601,0.0,0.4395,-0.9854,0.0,0.0,0.0,0.0,-2.74,-2.0,-1.0,-0.5,1.566,-1.654,0.0,5.0,0.5,0.0,0.0,1.0,-3.559,-1.867
0.5835,0.585,0.583,1.758,-1.717,-0.672,-1.378,-0.09485,-1.921,-0.4749,0.5444,0.1853,0.2856,0.0891,-1.0,-1.0,0.4668,0.508,0.1056,0.0,-0.2703,0.1151,0.1904,0.7305,-1.801,0.4631,-1.227,-0.4578,0.729,-1.358,-1.6045,-0.2117,0.4565,0.565,0.585,0.0,0.0,0.597,0.0,0.4224,-1.362,0.0,1.0,0.0,0.0,-0.8984,-2.0,-1.5,-1.0,1.635,-1.725,0.0,5.617,0.5,0.5,0.0,0.0,0.0,-0.627
0.5767,0.5786,0.5757,1.563,-1.503,-0.672,-1.378,-0.1025,-1.741,-0.4573,0.4783,0.03366,0.1428,0.0792,-1.0,-1.0,0.448,0.489,0.11646,0.0,-0.2676,-0.1312,0.1324,0.6133,-1.623,0.4353,-1.027,0.1153,0.9346,-0.4578,-1.005,-0.4248,-0.695,0.5474,0.585,0.0,0.0,0.5933,0.0,0.4265,-1.252,0.0,1.0,0.0,0.0,0.1873,-1.0,-1.0,-0.5,1.421,-1.547,1.0,0.0,0.5,0.5,0.0,0.0,0.0,0.1316
0.5684,0.571,0.5664,1.847,-1.764,-0.672,-1.378,-0.004745,-1.967,-0.5796,0.3875,0.295,0.0,0.06934,-1.0,-1.0,0.587,0.6187,0.0357,0.0,-0.2651,0.4712,0.2712,0.502,-1.837,0.395,-2.127,-0.855,1.19,0.1153,-1.357,-1.6045,0.703,0.528,0.584,0.0,0.0,0.588,0.0,0.3948,-1.594,0.0,1.0,0.0,0.0,-1.902,-1.0,-1.5,-1.0,1.718,-1.771,0.0,1.0,0.5,0.5,0.0,0.0,0.0,-1.335
0.5635,0.566,0.561,1.177,-1.076,-0.672,-1.378,0.0363,-1.302,-0.4194,0.3125,-0.2512,-0.1428,0.06934,-1.0,0.0,0.421,0.4336,0.1414,0.0,-0.2627,-0.3792,0.497,0.4177,-1.1875,0.3662,-2.625,1.135,1.304,-0.855,-0.4578,-1.005,-0.06042,0.513,0.584,0.0,0.0,0.5845,0.0,0.4358,-1.203,0.0,1.0,0.0,0.0,2.291,0.0,-1.0,-1.0,1.115,-1.0625,1.0,0.0,0.5,0.5,0.0,0.0,0.0,1.63
0.559,0.562,0.557,0.9897,-0.884,-0.672,-1.378,0.1072,-1.046,-0.3882,0.2343,-0.0931,-0.2856,0.06934,-1.0,0.0,0.3948,0.392,0.1615,0.0,-0.26,0.5825,0.76,0.39,-0.937,0.3337,-3.088,0.2128,1.389,1.135,0.1153,-1.357,0.01512,0.5054,0.5845,0.0,0.0,0.5815,0.0,0.4436,-1.303,0.0,1.0,0.0,0.0,0.4956,1.0,-1.0,-1.0,0.9097,-0.9043,2.0,0.0,0.5,0.5,0.0,0.0,0.0,0.3462
0.5527,0.5557,0.5503,1.538,-1.42,-0.672,-1.378,0.2632,-1.502,-0.5776,0.1472,0.6797,-0.4285,0.05942,-1.0,-1.0,0.609,0.5913,0.0357,0.0,-0.2576,1.145,1.064,0.4668,-1.335,0.2852,-3.31,-1.321,1.547,0.2128,-0.855,-0.4575,-0.2117,0.4966,0.581,0.0,0.0,0.5757,0.0,0.394,-1.366,0.0,1.0,0.0,0.0,-3.482,1.0,-1.0,-1.0,1.451,-1.405,0.0,1.0,0.5,0.5,0.0,0.0,0.0,-2.424
0.548,0.551,0.546,1.104,-0.9897,-0.7153,-1.378,0.2517,-1.011,-0.4824,0.0585,-0.2455,-0.5713,0.0495,-1.0,-1.0,0.506,0.4834,0.09784,0.0,-0.2551,-0.1268,1.33,0.6206,-0.885,0.2554,-3.422,0.6675,1.602,-1.321,1.134,0.1153,-0.4248,0.4949,0.579,0.0,0.0,0.5703,0.0,0.4185,-1.402,0.0,1.0,0.0,0.0,1.158,1.0,-0.5,-1.0,1.077,-0.943,1.0,0.0,0.5,0.5,0.0,0.0,0.0,0.8247
0.5444,0.547,0.542,0.9385,-0.835,-0.7153,-1.378,0.295,-0.758,-0.4583,-0.02724,-0.1666,-0.7144,0.0396,-1.0,-1.0,0.4844,0.4521,0.11334,0.0,-0.2524,-0.0641,1.54,0.8003,-0.694,0.2318,-2.28,0.1649,1.644,0.6675,0.2128,-0.8545,-1.6045,0.495,0.577,0.0,0.0,0.5654,0.0,0.4243,-1.337,0.0,1.0,0.0,0.0,0.267,2.0,0.0,-0.5,0.936,-0.775,2.0,0.0,0.5,0.5,0.0,0.0,0.0,0.188
0.542,0.544,0.5405,0.6367,-0.5522,-0.7153,-1.378,0.3347,-0.3596,-0.387,-0.10504,-0.5366,-0.857,0.0396,-1.0,0.0,0.4138,0.369,0.1599,0.0,-0.25,-0.229,1.675,0.974,-0.3816,0.2158,-1.579,0.4937,1.62,0.1649,-1.321,1.134,-1.005,0.4966,0.5747,0.0,0.0,0.56,0.0,0.4424,-1.177,0.0,1.0,0.0,0.0,1.053,2.0,0.5,-0.5,0.676,-0.471,3.0,0.0,-0.5,0.5,0.0,0.0,0.0,0.7393
0.542,0.5435,0.5415,0.1962,-0.1414,-0.2756,-1.378,0.2837,0.1884,-0.2627,-0.1669,-2.316,-0.857,0.0396,0.0,0.0,0.283,0.2385,0.2423,0.0,-0.2474,-0.2246,1.738,1.137,0.135,0.1954,-0.422,0.8647,1.55,0.4937,0.667,0.2128,-1.357,0.504,0.573,0.0,0.0,0.556,0.0,0.4744,-0.8887,0.0,0.0,0.0,0.0,2.24,2.0,1.0,0.0,0.296,-0.02817,4.0,0.0,-0.5,0.5,0.0,0.0,0.0,1.561
0.542,0.542,0.542,0.1895,-0.175,-0.2756,-1.378,0.2175,0.2856,-0.2683,-0.2216,0.4941,-0.857,0.0396,0.0,0.0,0.2825,0.2507,0.2391,0.0,-0.245,-0.6567,1.719,1.279,0.2087,0.1775,0.0872,-0.03217,1.428,0.8647,0.1649,-1.321,-0.4575,0.5073,0.572,0.0,0.0,0.5513,0.0,0.473,-0.8276,0.0,0.0,0.0,0.0,-0.0788,2.0,1.0,0.0,0.2217,-0.1356,0.0,1.0,-0.5,0.5,0.0,0.0,0.0,-0.05408
0.545,0.545,0.5454,-0.369,0.378,-0.2756,-1.378,-0.06125,0.925,-0.084,-0.2277,1.893,-0.7144,0.0396,0.0,0.0,0.07623,0.08356,0.3618,0.0,-0.2424,0.5776,1.643,1.383,0.879,0.1683,0.1112,1.271,1.348,-0.03217,0.4934,0.667,0.11523,0.5146,0.5713,0.0,0.0,0.5493,0.0,0.521,-0.1815,0.0,0.0,0.0,0.0,2.4,2.0,1.0,0.5,-0.2886,0.4263,1.0,0.0,-0.5,0.5,0.0,0.0,0.0,1.648
0.5483,0.549,0.549,-0.5234,0.5444,-0.2756,-1.378,-0.1445,1.124,-0.01283,-0.208,0.3525,-0.5713,0.0396,0.0,0.0,0.000789,0.01881,0.4102,0.0,-0.2399,-0.406,1.481,1.437,1.097,0.1736,1.127,0.4885,1.214,1.271,0.8647,0.1649,-0.8545,0.5283,0.571,0.0,0.0,0.5464,0.0,0.5396,0.1847,0.0,0.0,0.0,0.0,0.9585,2.0,1.5,1.0,-0.4849,0.5356,2.0,0.0,-0.5,0.5,0.0,0.0,0.0,0.6445
0.5537,0.554,0.553,-0.756,0.797,-0.1252,-1.378,-0.1871,1.363,0.09326,-0.1531,0.355,-0.4285,0.0396,0.0,0.0,-0.1024,-0.08344,0.4814,0.0,-0.2374,0.1221,1.25,1.437,1.382,0.1886,0.4692,0.719,1.111,0.4885,-0.03217,0.4934,1.134,0.542,0.5713,0.0,0.0,0.545,0.0,0.5674,0.753,0.0,0.0,0.0,0.0,1.173,2.0,1.5,1.5,-0.6987,0.7896,3.0,0.0,-0.5,0.5,0.0,0.0,0.0,0.782
0.5586,0.5596,0.558,-0.7217,0.7725,-0.0528,-1.378,-0.2412,1.285,0.112,-0.08826,0.0852,-0.2856,0.0396,0.0,0.0,-0.12463,-0.09686,0.4954,0.0,-0.2349,-0.545,0.9946,1.384,1.341,0.2102,0.6025,0.139,1.009,0.719,1.271,0.8643,0.2128,0.5557,0.5723,0.0,0.0,0.5435,0.0,0.5728,0.9453,1.0,0.0,0.0,0.0,0.2295,2.0,1.5,2.0,-0.671,0.7607,4.0,0.0,-0.5,0.5,0.0,0.0,0.0,0.1512
0.5635,0.5645,0.563,-0.711,0.769,0.0436,-1.378,-0.2834,1.229,0.138,-0.02196,0.09875,-0.1428,0.0396,0.0,0.0,-0.1522,-0.1183,0.514,0.0,-0.2323,-0.6304,0.7056,1.276,1.327,0.2311,2.139,0.1849,0.9385,0.139,0.4885,-0.03217,-1.32,0.5684,0.5728,0.0,0.0,0.5425,0.0,0.58,0.956,1.0,0.0,0.0,0.0,0.2866,3.0,1.5,2.0,-0.698,0.718,5.0,0.0,0.0,0.5,0.0,0.0,0.0,0.1885
0.5674,0.5684,0.567,-0.5146,0.5684,0.0436,-1.378,-0.3054,0.925,0.09546,0.05368,-0.10486,0.0,0.0396,0.0,0.0,-0.1151,-0.07434,0.4878,0.0,-0.2299,-0.00411,0.4548,1.114,1.039,0.2615,2.0,-0.2612,0.889,0.1849,0.7188,1.2705,0.667,0.577,0.5723,0.0,0.0,0.542,0.0,0.5693,1.194,1.0,0.0,0.0,0.0,-0.4238,2.0,1.5,2.0,-0.554,0.475,0.0,1.0,0.0,0.5,0.0,0.0,0.0,-0.2778
0.5713,0.5728,0.571,-0.574,0.629,0.0436,-1.378,-0.3525,0.9336,0.1362,0.1138,0.152,0.1428,0.0396,0.0,0.0,-0.1569,-0.11005,0.517,0.0,-0.2273,-0.2795,0.265,0.9355,1.048,0.289,2.227,0.2932,0.9775,-0.2612,0.139,0.4883,0.1649,0.587,0.5723,0.0,0.0,0.5435,0.0,0.581,1.093,1.0,0.0,0.0,0.0,0.575,2.0,1.5,2.0,-0.6064,0.5386,1.0,0.0,0.0,0.5,0.0,0.0,0.0,0.3787
0.5747,0.5757,0.574,-0.417,0.468,0.0436,-1.378,-0.3948,0.7085,0.10223,0.1675,-0.0925,0.2856,0.0396,0.0,0.0,-0.1294,-0.07245,0.497,0.0,-0.2247,-0.0685,0.2225,0.7456,0.7974,0.3188,2.166,-0.1996,1.063,0.2932,0.1848,0.7188,0.4934,0.592,0.572,0.0,0.0,0.5464,0.0,0.5728,0.9604,1.0,0.0,0.0,0.0,-0.3809,1.0,1.0,1.5,-0.513,0.3206,0.0,1.0,0.0,0.5,0.0,0.0,0.0,-0.2496
0.578,0.579,0.578,-0.4749,0.5093,0.0436,-1.378,-0.5156,0.6543,0.1365,0.2477,0.0711,0.4285,0.0396,0.0,0.0,-0.1718,-0.09467,0.522,0.0,-0.2222,-0.3425,0.3997,0.58,0.729,0.3574,1.697,0.2465,1.129,-0.1996,-0.261,0.1389,0.8643,0.5957,0.5713,0.0,0.0,0.5513,0.0,0.5825,1.478,1.0,0.0,1.0,0.0,0.4558,1.0,1.0,2.0,-0.5796,0.3481,1.0,0.0,0.0,0.5,0.0,0.0,0.0,0.2996
0.5825,0.583,0.5825,-0.594,0.623,0.0436,0.5444,-0.522,0.693,0.196,0.3237,0.1978,0.5713,0.0396,0.0,0.0,-0.2266,-0.1521,0.564,0.0,-0.2197,-0.186,0.653,0.4863,0.773,0.3904,1.997,0.4143,1.179,0.2465,0.2932,0.1848,-0.03217,0.5986,0.571,0.0,0.0,0.5566,0.0,0.5986,1.478,1.0,0.0,1.0,0.0,0.755,1.0,1.5,2.0,-0.676,0.4783,2.0,0.0,0.0,0.5,0.0,0.0,0.0,0.4941
0.587,0.5874,0.5874,-0.618,0.637,0.0436,0.5444,-0.526,0.6294,0.2249,0.4004,0.05682,0.7144,0.0396,0.0,0.0,-0.253,-0.1796,0.5854,0.0,-0.2172,-0.1495,0.9214,0.4692,0.719,0.423,1.127,0.2133,1.219,0.4143,-0.1996,-0.261,1.2705,0.602,0.5713,0.0,0.0,0.563,0.0,0.607,1.478,1.0,0.0,1.0,0.0,0.4307,2.0,1.5,2.0,-0.7065,0.4822,3.0,0.0,0.0,0.5,0.0,0.0,0.0,0.28
0.5923,0.5923,0.5933,-0.8066,0.819,0.0436,0.5444,-0.555,0.759,0.3145,0.4795,0.3333,0.857,0.0396,0.0,0.0,-0.3354,-0.2622,0.6133,1.0,-0.2903,-0.4253,1.195,0.5576,0.8345,0.4275,0.8784,0.6074,1.207,0.2133,0.2465,0.293,0.4883,0.607,0.572,0.0,0.0,0.5703,0.0,0.6313,1.478,1.0,0.0,1.0,0.0,1.292,2.0,1.5,2.0,-0.8906,0.6543,4.0,0.0,0.0,0.5,0.0,0.0,0.0,0.8374
0.597,0.597,0.598,-0.711,0.7163,0.0436,0.5444,-0.5547,0.6064,0.3086,0.5454,-0.0479,0.857,0.0396,0.0,0.0,-0.33,-0.2566,0.612,0.0,-0.2878,-0.3037,1.448,0.719,0.6377,0.4663,0.4182,-0.01503,1.231,0.6074,0.414,-0.1996,0.7188,0.6123,0.572,0.0,0.0,0.577,0.0,0.6304,1.478,1.0,0.0,0.0,0.0,-0.03058,2.0,1.0,1.5,-0.8,0.5537,0.0,1.0,0.0,0.5,0.0,0.0,0.0,-0.0196
0.6,0.5996,0.601,-0.3416,0.3298,0.0436,0.5444,-0.4304,0.1483,0.2008,0.6016,-0.553,0.857,0.0396,0.0,0.0,-0.2228,-0.1655,0.5425,0.0,-0.2854,0.2206,1.644,0.9185,0.1476,0.4985,0.4421,-0.6763,1.195,-0.01503,0.2133,0.2463,0.1389,0.6147,0.572,0.0,0.0,0.582,0.0,0.6025,1.184,1.0,0.0,0.0,0.0,-1.741,1.0,0.5,1.5,-0.4749,0.1478,0.0,2.0,0.0,0.5,0.0,0.0,0.0,-1.117
0.6055,0.605,0.607,-0.806,0.7993,0.0436,0.868,-0.4546,0.623,0.3818,0.6543,2.121,0.857,0.0396,0.0,0.0,-0.3855,-0.3352,0.6133,1.0,-0.2903,-0.1329,1.7705,1.126,0.5967,0.4763,0.3403,1.201,1.079,-0.6763,0.6074,0.414,0.1848,0.622,0.5728,0.0,0.0,0.591,0.0,0.6504,1.184,1.0,0.0,0.0,0.0,2.627,1.0,0.5,1.5,-0.8735,0.6533,1.0,0.0,0.0,0.5,1.0,0.0,3.322,1.705
0.6094,0.6084,0.6104,-0.505,0.4917,0.0436,0.868,-0.3984,0.2927,0.3005,0.69,-0.348,0.857,0.0396,0.0,0.0,-0.309,-0.264,0.563,0.0,-0.2878,0.0397,1.832,1.312,0.2512,0.4976,0.7734,-0.492,0.9326,1.201,-0.01503,0.2133,-0.261,0.6265,0.5737,0.0,0.0,0.5977,0.0,0.6304,0.789,1.0,0.0,0.0,0.0,-0.961,0.0,0.5,1.0,-0.6,0.3381,0.0,1.0,0.0,0.5,0.0,0.0,0.0,-0.6113
0.6123,0.612,0.614,-0.4048,0.3882,0.0436,0.868,-0.441,0.1935,0.284,0.714,-0.12415,0.857,0.0396,0.0,0.0,-0.2983,-0.2443,0.5537,0.0,-0.2854,-0.4238,1.826,1.46,0.1465,0.5103,0.643,-0.0902,0.734,-0.492,-0.6763,0.607,0.293,0.629,0.5757,0.0,0.0,0.604,0.0,0.6265,0.5483,0.0,0.0,0.0,0.0,-0.1359,-1.0,0.0,0.5,-0.5083,0.2338,0.0,2.0,0.0,0.5,0.0,0.0,0.0,-0.08716
0.6147,0.614,0.6157,-0.2479,0.2286,0.0436,0.8003,-0.3984,0.03336,0.2441,0.731,-0.426,0.857,0.0396,0.0,0.0,-0.2588,-0.2103,0.5293,0.0,-0.2827,-0.1554,1.763,1.568,-0.01175,0.519,0.9546,-0.2408,0.5127,-0.0902,1.201,-0.01503,-0.1995,0.63,0.5786,0.0,0.0,0.61,0.0,0.6167,0.3677,0.0,0.0,0.0,0.0,-0.4854,-1.0,0.0,0.0,-0.358,0.07935,0.0,3.0,0.0,0.5,0.0,0.0,0.0,-0.3118
0.6177,0.6167,0.6187,-0.374,0.356,0.0436,0.8003,-0.3923,0.1719,0.3,0.7515,1.166,0.857,0.0396,0.0,0.0,-0.308,-0.2642,0.5674,0.0,-0.2803,-0.4666,1.64,1.628,0.1426,0.525,0.827,0.378,0.3572,-0.2408,-0.4917,-0.6763,0.2463,0.6304,0.583,0.0,0.0,0.615,0.0,0.632,0.4324,0.0,0.0,0.0,0.0,0.49,0.0,0.0,0.0,-0.4702,0.2118,1.0,0.0,0.0,0.5,0.0,0.0,0.0,0.3162
0.6196,0.6187,0.621,-0.255,0.2308,0.0436,0.8003,-0.4204,0.03925,0.2715,0.773,-0.3638,0.857,0.0396,0.0,0.0,-0.2852,-0.2344,0.551,0.0,-0.2778,-0.403,1.486,1.639,0.02528,0.5327,0.549,-0.1652,0.1129,0.378,-0.09015,1.201,0.414,0.63,0.5874,0.0,0.0,0.62,0.0,0.625,0.4812,0.0,0.0,0.0,0.0,-0.1979,-1.0,-0.5,0.0,-0.363,0.08295,0.0,1.0,0.0,0.5,0.0,0.0,0.0,-0.1268
0.6216,0.6206,0.623,-0.1858,0.1573,0.0436,0.8003,-0.4382,-0.03564,0.2573,0.7886,-0.3892,0.857,0.0396,0.0,0.0,-0.2742,-0.2191,0.543,0.0,-0.2751,-0.5234,1.301,1.604,-0.05505,0.5425,0.4077,-0.0753,-0.01309,-0.1652,-0.2408,-0.4917,0.2133,0.632,0.592,0.0,0.0,0.6235,0.0,0.6216,0.3445,0.0,0.0,0.0,0.0,-0.1219,-1.0,-1.0,-0.5,-0.3032,0.004837,0.0,2.0,0.0,0.5,0.0,0.0,0.0,-0.0783
0.6216,0.6206,0.6235,0.1293,-0.1661,0.0436,0.7666,-0.41,-0.3762,0.1559,0.7983,-4.555,0.7144,0.0396,-1.0,0.0,-0.18,-0.1237,0.4773,0.0,-0.2727,0.04025,1.082,1.528,-0.3916,0.547,-0.151,-0.6484,-0.118,-0.0753,0.3777,-0.09015,0.607,0.627,0.596,0.0,0.0,0.6255,0.0,0.5957,0.11774,0.0,0.0,0.0,0.0,-1.053,-1.0,-1.5,-0.5,0.01605,-0.2898,0.0,3.0,0.0,0.5,0.0,0.0,0.0,-0.6772
0.6206,0.6196,0.6226,0.3066,-0.3452,0.0436,0.563,-0.3845,-0.5684,0.09344,0.796,0.9507,0.5713,0.0396,-1.0,0.0,-0.1203,-0.06476,0.4373,0.0,-0.2703,-0.177,0.8584,1.422,-0.5874,0.548,-0.2198,-0.3962,-0.144,-0.6484,-0.1652,-0.2407,-0.01502,0.622,0.599,0.0,0.0,0.626,0.0,0.5796,-0.1436,0.0,0.0,0.0,0.0,-0.707,-1.0,-1.5,-1.0,0.1816,-0.4678,0.0,4.0,0.0,0.5,0.0,0.0,0.0,-0.46
0.622,0.6206,0.6235,-0.0728,0.03748,0.0436,0.563,-0.407,-0.1818,0.2175,0.7993,-0.7925,0.4285,0.0396,-1.0,0.0,-0.2357,-0.1838,0.52,0.0,-0.2676,-0.3367,0.6216,1.293,-0.2032,0.5503,0.333,0.8286,-0.1775,-0.3962,-0.07526,0.3777,-0.6763,0.621,0.603,0.0,0.0,0.6274,0.0,0.6123,0.009315,0.0,0.0,0.0,0.0,1.095,-1.0,-1.0,-1.0,-0.1425,-0.0543,1.0,0.0,0.0,0.5,0.0,0.0,0.0,0.7173
0.624,0.6226,0.6255,-0.1982,0.1633,-0.645,0.563,-0.4556,-0.03687,0.2651,0.8027,-2.242,0.4285,0.0396,0.0,0.0,-0.2827,-0.2249,0.5537,0.0,-0.2651,-0.606,0.3767,1.141,-0.06104,0.5547,-0.8237,0.333,-0.194,0.8286,-0.6484,-0.1652,1.2,0.622,0.608,0.0,0.0,0.629,0.0,0.6255,0.0507,0.0,0.0,0.0,0.0,0.428,0.0,-1.0,-1.0,-0.2744,0.05478,2.0,0.0,0.0,0.5,0.0,0.0,0.0,0.2764
0.6245,0.6235,0.6265,0.01964,-0.0561,-0.645,0.563,-0.3718,-0.2262,0.1968,0.789,-2.512,0.2856,0.0396,-1.0,0.0,-0.2137,-0.1672,0.5107,0.0,-0.2627,0.3992,0.1487,0.977,-0.2666,0.5547,-0.3877,-0.4214,-0.251,0.333,-0.3962,-0.07526,-0.4917,0.6196,0.6123,0.0,0.0,0.6304,0.0,0.6084,-0.3313,0.0,0.0,0.0,0.0,-0.8545,0.0,-1.0,-1.5,-0.04892,-0.1395,0.0,1.0,0.0,0.5,0.0,0.0,0.0,-0.549
0.623,0.622,0.6245,0.4265,-0.4614,-0.645,0.555,-0.292,-0.6084,0.05862,0.7603,3.916,0.1428,0.0396,-1.0,0.0,-0.07965,-0.03897,0.422,0.0,-0.26,0.3438,-0.0507,0.7915,-0.6445,0.5444,-0.3486,-0.8794,-0.24,-0.4214,0.8286,-0.648,-0.09015,0.615,0.6157,0.0,0.0,0.63,0.0,0.5728,-0.591,0.0,0.0,0.0,0.0,-2.324,0.0,-1.0,-1.5,0.3416,-0.5312,0.0,2.0,0.0,0.5,0.0,0.0,0.0,-1.503
0.6196,0.619,0.621,0.7397,-0.7646,-0.645,0.1755,-0.2162,-0.9165,-0.0561,0.731,0.827,0.0,0.0396,-1.0,0.0,0.03558,0.06976,0.3484,0.0,-0.2576,1.162,-0.2173,0.587,-0.913,0.5264,-0.2379,-0.7383,-0.1577,-0.8794,0.333,-0.3962,-0.2407,0.608,0.6177,0.0,0.0,0.6294,0.0,0.543,-0.6025,0.0,0.0,0.0,0.0,-3.656,0.0,-1.0,-1.5,0.605,-0.8643,0.0,3.0,0.0,0.5,0.0,0.0,0.0,-2.4
0.617,0.616,0.618,0.656,-0.6787,-0.645,0.1755,-0.304,-0.799,-0.04895,0.681,-0.0177,-0.1428,0.0396,-1.0,0.0,0.0209,0.07086,0.3547,0.0,-0.2551,-0.327,-0.2944,0.386,-0.7812,0.504,-0.789,0.06232,-0.0779,-0.7383,-0.4214,0.828,0.3777,0.6035,0.6196,0.0,0.0,0.6284,0.0,0.5454,-1.14,0.0,1.0,0.0,0.0,0.1558,0.0,-1.0,-1.5,0.503,-0.805,1.0,0.0,0.0,0.5,0.0,0.0,0.0,0.1036
0.6143,0.614,0.615,0.6304,-0.6494,-0.645,0.1755,-0.323,-0.749,-0.05704,0.6416,0.0627,-0.2856,0.0396,-1.0,0.0,0.02693,0.081,0.35,0.0,-0.2524,-0.1373,-0.2617,0.1915,-0.7227,0.486,-0.8325,-0.0467,0.00924,0.06232,-0.879,0.3328,-0.1652,0.6006,0.621,0.0,0.0,0.6265,0.0,0.5435,-1.032,0.0,0.0,0.0,0.0,-0.0866,-1.0,-1.0,-1.5,0.475,-0.78,0.0,1.0,0.0,0.5,0.0,0.0,0.0,-0.0575
0.613,0.6123,0.614,0.4749,-0.4895,-0.645,0.1755,-0.2837,-0.568,-0.02098,0.608,-0.1704,-0.4285,0.0396,-1.0,0.0,-0.00393,0.0404,0.3745,0.0,-0.25,0.1285,-0.1786,0.01396,-0.5527,0.475,-0.954,0.2491,0.06158,-0.0467,-0.7383,-0.4214,-0.07526,0.595,0.622,0.0,0.0,0.625,0.0,0.553,-0.8696,0.0,0.0,0.0,0.0,0.4597,0.0,-0.5,-1.0,0.3281,-0.6226,1.0,0.0,0.0,0.5,0.0,0.0,0.0,0.3057
0.6104,0.6104,0.6113,0.5215,-0.535,-0.791,0.1755,-0.2917,-0.5913,-0.04865,0.574,0.1998,-0.5713,0.0396,-1.0,0.0,0.02171,0.0694,0.3577,0.0,-0.2474,-0.2646,-0.0739,-0.1149,-0.577,0.4626,-0.4746,-0.1707,0.1006,0.2491,0.0623,-0.879,-0.648,0.588,0.622,0.0,0.0,0.622,0.0,0.5464,-0.8486,0.0,0.0,0.0,0.0,-0.2864,0.0,-0.5,-1.0,0.36,-0.68,0.0,1.0,0.0,0.5,0.0,0.0,0.0,-0.1895
0.6084,0.608,0.6094,0.5845,-0.5977,-0.791,0.1755,-0.2292,-0.6167,-0.0836,0.5293,0.2018,-0.7144,0.0396,-1.0,0.0,0.06082,0.0993,0.3362,0.0,-0.245,0.2018,0.02834,-0.1731,-0.638,0.4534,-0.2019,-0.2178,0.1426,-0.1707,-0.04666,-0.7383,-0.3962,0.5815,0.6216,0.0,0.0,0.619,0.0,0.5376,-1.127,0.0,1.0,0.0,0.0,-0.3076,0.0,-0.5,-1.5,0.4219,-0.7397,0.0,2.0,0.0,0.5,0.0,0.0,0.0,-0.2042
0.607,0.6064,0.608,0.4028,-0.4172,-0.791,0.1755,-0.2441,-0.4023,-0.03912,0.4932,-0.326,-0.857,0.0396,-1.0,0.0,0.01689,0.0551,0.367,0.0,-0.2424,-0.4336,0.1273,-0.1649,-0.4355,0.442,-1.109,0.3123,0.1731,-0.2178,0.2491,0.0623,0.828,0.5796,0.621,0.0,0.0,0.6177,0.0,0.55,-0.9033,0.0,0.0,0.0,0.0,0.565,0.0,-0.5,-1.0,0.2651,-0.546,1.0,0.0,0.0,0.5,0.0,0.0,0.0,0.3765
0.6055,0.605,0.6064,0.405,-0.4226,-0.812,0.1755,-0.2144,-0.369,-0.0505,0.4575,0.01544,-1.0,0.0396,-1.0,0.0,0.0304,0.06384,0.3608,0.0,-0.2399,-0.1815,0.2084,-0.1151,-0.4204,0.4324,-1.589,-0.0621,0.1316,0.3123,-0.1705,-0.04666,0.3328,0.58,0.6206,0.0,0.0,0.6143,0.0,0.547,-0.8994,0.0,0.0,0.0,0.0,-0.07916,0.0,-1.0,-1.0,0.2373,-0.584,0.0,1.0,0.0,0.5,0.0,0.0,0.0,-0.05246
0.6045,0.604,0.606,0.304,-0.3225,-0.812,0.1755,-0.2473,-0.2507,-0.0269,0.4365,-0.3674,-1.0,0.0396,-1.0,0.0,0.00495,0.04297,0.3777,0.0,-0.2374,-0.2477,0.2676,-0.0524,-0.2996,0.424,-1.358,0.171,0.10693,-0.0621,-0.2177,0.2491,-0.4211,0.581,0.6206,0.0,0.0,0.6123,0.0,0.5537,-0.595,0.0,0.0,0.0,0.0,0.2452,0.0,-0.5,-0.5,0.1313,-0.4968,1.0,0.0,0.0,0.5,0.0,0.0,0.0,0.1626
0.604,0.6035,0.6055,0.2406,-0.2595,-0.812,0.1755,-0.2803,-0.1805,-0.01198,0.4255,-0.4248,-1.0,0.0396,-1.0,0.0,-0.01217,0.03094,0.3884,0.0,-0.2349,-0.4998,0.3008,0.00671,-0.2227,0.4187,-0.62,0.1085,0.074,0.171,0.3123,-0.1705,-0.879,0.5825,0.62,0.0,0.0,0.61,0.0,0.5576,-0.3772,0.0,0.0,0.0,0.0,0.1484,1.0,0.0,0.0,0.0346,-0.4753,2.0,0.0,0.0,0.5,0.0,0.0,0.0,0.09814
0.6035,0.603,0.605,0.2434,-0.2668,-0.812,0.1755,-0.2255,-0.1482,-0.0196,0.397,-0.4,-1.0,0.0396,-1.0,0.0,-3.546e-05,0.03345,0.3853,0.0,-0.2323,0.4382,0.3003,0.05664,-0.2225,0.4155,0.0662,-0.03094,0.05026,0.1085,-0.0621,-0.2177,-0.7383,0.5825,0.6196,0.0,0.0,0.608,0.0,0.556,-0.935,0.0,0.0,0.0,0.0,-0.0518,1.0,0.0,-0.5,0.0232,-0.498,0.0,1.0,0.0,0.5,0.0,0.0,0.0,-0.0342
0.6016,0.6006,0.603,0.5483,-0.586,-0.812,0.1755,-0.1401,-0.4136,-0.1305,0.3486,8.945,-1.143,0.0396,-1.0,0.0,0.1142,0.1393,0.3147,0.0,-0.2299,0.1445,0.2686,0.1041,-0.521,0.406,0.04227,-0.712,0.01808,-0.03094,0.171,0.312,0.0623,0.581,0.6187,0.0,0.0,0.605,0.0,0.5283,-1.427,0.0,1.0,0.0,0.0,-0.953,0.0,-0.5,-1.0,0.3284,-0.793,0.0,2.0,0.0,0.5,0.0,0.0,0.0,-0.6294
0.597,0.596,0.599,0.9,-0.9443,-0.812,0.1755,-0.168,-0.7344,-0.261,0.295,1.323,-1.143,0.0396,-1.0,0.0,0.2407,0.28,0.2305,0.0,-0.2273,-0.1318,0.2273,0.16,-0.8325,0.3843,0.04828,-0.862,0.05765,-0.712,0.10846,-0.0621,-0.04666,0.577,0.6167,0.0,0.0,0.6006,0.0,0.4946,-1.513,0.0,1.0,0.0,0.0,-1.849,0.0,-0.5,-1.0,0.6567,-1.149,0.0,3.0,0.0,0.5,0.0,0.0,0.0,-1.235
0.5938,0.593,0.595,0.822,-0.8623,-0.812,0.1755,-0.2389,-0.6606,-0.262,0.2559,0.01196,-1.143,0.0396,-1.0,0.0,0.2352,0.2876,0.232,0.0,-0.2247,-0.3887,0.2067,0.2219,-0.7124,0.36,-0.3083,0.0159,0.0684,-0.862,-0.03094,0.1709,0.249,0.5723,0.6143,0.0,0.0,0.5967,0.0,0.495,-1.289,0.0,1.0,0.0,0.0,0.04816,0.0,-0.5,-0.5,0.5435,-1.111,1.0,0.0,0.0,0.5,0.0,0.0,0.0,0.03265
0.589,0.5884,0.5903,1.03,-1.063,-0.812,0.1755,-0.3115,-0.8833,-0.3506,0.2211,0.5913,-1.143,0.0396,-1.0,0.0,0.3186,0.3906,0.1754,0.0,-0.2222,0.2263,0.2329,0.2893,-0.8765,0.3354,-0.2827,-0.588,0.1661,0.0159,-0.712,0.10846,-0.1705,0.5654,0.611,0.0,0.0,0.593,0.0,0.4724,-1.236,0.0,1.0,0.0,0.0,-1.273,-1.0,-0.5,-0.5,0.762,-1.285,0.0,1.0,0.0,0.5,0.0,0.0,0.0,-0.8633
0.584,0.5835,0.585,1.128,-1.151,-0.812,0.1755,-0.2852,-0.9927,-0.408,0.1798,0.2988,-1.143,0.0396,-1.0,0.0,0.3801,0.4517,0.1385,0.0,-0.2197,-0.1324,0.3035,0.3557,-0.96,0.3145,-0.2515,-0.3853,0.292,-0.588,-0.8613,-0.03093,-0.2177,0.557,0.6074,0.0,0.0,0.589,0.0,0.4575,-1.399,0.0,1.0,0.0,0.0,-0.8853,-1.0,-0.5,-1.0,0.8667,-1.358,0.0,2.0,0.0,0.5,0.0,0.0,0.0,-0.606
0.582,0.5815,0.583,0.515,-0.53,-0.811,0.1755,-0.2915,-0.4033,-0.2433,0.1573,-0.5938,-1.143,0.0396,-1.0,0.0,0.2119,0.273,0.2489,0.0,-0.2172,-0.00804,0.3762,0.4055,-0.3508,0.3015,-0.744,1.163,0.238,-0.3853,0.0159,-0.712,0.312,0.552,0.6055,0.0,0.0,0.5854,0.0,0.501,-0.601,0.0,0.0,0.0,0.0,3.22,0.0,-0.5,-0.5,0.339,-0.6914,1.0,0.0,0.0,0.5,0.0,0.0,0.0,2.22
0.581,0.5806,0.582,0.318,-0.3315,-0.621,0.1755,-0.2888,-0.1938,-0.1935,0.1353,-0.6543,-1.143,0.0396,-1.0,0.0,0.1627,0.2197,0.2842,0.0,-0.2146,0.3013,0.4348,0.4326,-0.1222,0.2905,-0.8,0.3645,0.1017,1.163,-0.588,-0.8613,-0.06207,0.5483,0.6025,0.0,0.0,0.582,0.0,0.515,-0.543,0.0,0.0,0.0,0.0,0.867,1.0,0.0,-0.5,0.1649,-0.484,2.0,0.0,0.0,0.5,0.0,0.0,0.0,0.5864
0.582,0.5815,0.5825,0.02061,-0.02664,-0.2844,0.1755,-0.1616,0.126,-0.10223,0.127,-4.312,-1.0,0.0396,0.0,0.0,0.0849,0.11206,0.347,0.0,-0.2122,1.373,0.4595,0.4258,0.1904,0.2908,-1.039,0.646,-0.0168,0.3645,-0.385,0.0159,0.1709,0.5493,0.6006,0.0,0.0,0.58,0.0,0.5396,-0.1815,0.0,0.0,0.0,0.0,1.579,1.0,0.0,0.0,-0.09406,-0.1602,3.0,0.0,0.0,0.5,0.0,0.0,0.0,1.062
0.5845,0.5845,0.5854,-0.3354,0.3389,0.1622,0.1755,-0.1713,0.515,0.02061,0.1361,1.912,-0.857,0.0396,0.0,0.0,-0.0332,-0.012436,0.4312,0.0,-0.2096,0.3616,0.445,0.3948,0.587,0.2954,-1.174,0.857,-0.0096,0.646,1.163,-0.588,0.10846,0.5566,0.5996,0.0,0.0,0.58,0.0,0.5728,0.2125,0.0,0.0,0.0,0.0,1.899,2.0,0.0,0.5,-0.403,0.2288,4.0,0.0,0.0,0.5,0.0,0.0,0.0,1.263
0.586,0.586,0.587,-0.14,0.143,0.1622,0.3987,-0.1497,0.3345,-0.03592,0.133,-0.1713,-0.7144,0.0396,0.0,0.0,0.02228,0.0428,0.3975,0.0,-0.207,-0.314,0.41,0.3562,0.4082,0.2976,-1.103,-0.338,0.0087,0.857,0.3645,-0.385,-0.03093,0.5625,0.598,0.0,0.0,0.5806,0.0,0.5596,-0.02513,0.0,0.0,0.0,0.0,-0.535,2.0,0.0,0.0,-0.2062,0.04984,0.0,1.0,0.0,0.5,0.0,0.0,0.0,-0.3508
0.5874,0.587,0.588,-0.03775,0.0383,0.1622,0.3987,-0.1981,0.2426,-0.0659,0.1296,-0.0812,-0.5713,0.0396,0.0,0.0,0.04663,0.0781,0.3806,0.0,-0.2046,-0.79,0.3552,0.3193,0.3154,0.2993,-0.4011,-0.1699,0.01692,-0.338,0.6455,1.163,-0.712,0.5703,0.5967,0.0,0.0,0.581,0.0,0.5527,-0.06573,0.0,0.0,0.0,0.0,-0.2405,1.0,0.0,0.0,-0.1096,-0.0532,0.0,2.0,0.0,0.5,0.0,0.0,0.0,-0.1586
0.5884,0.588,0.589,-0.01997,0.01866,0.1622,0.3987,-0.2483,0.2415,-0.06976,0.124,0.1395,-0.4285,0.0396,0.0,0.0,0.04587,0.0869,0.3806,0.0,-0.202,-0.811,0.2834,0.283,0.3179,0.2988,0.4873,0.0,0.0257,-0.1699,0.857,0.3643,-0.8613,0.579,0.595,0.0,0.0,0.5815,0.0,0.5527,-0.1261,0.0,0.0,0.0,0.0,0.0,0.0,0.0,-0.5,-0.098,-0.0782,0.0,0.0,0.0,-0.5,0.0,0.0,0.0,0.0
0.5884,0.5884,0.5894,0.11273,-0.1161,0.1622,0.3987,-0.2218,0.12286,-0.11365,0.11096,-0.2218,-0.2856,0.0396,0.0,0.0,0.0906,0.1296,0.3547,0.0,-0.1995,-0.285,0.1879,0.2418,0.1986,0.2969,0.619,-0.2634,0.02014,0.0,-0.338,0.6455,0.01588,0.583,0.5938,0.0,0.0,0.581,0.0,0.542,-0.2593,0.0,0.0,0.0,0.0,-0.2642,-1.0,-0.5,-1.0,0.03912,-0.1978,0.0,1.0,0.0,-0.5,0.0,0.0,0.0,-0.1747
0.587,0.587,0.588,0.3923,-0.4028,0.1622,0.3987,-0.2688,-0.152,-0.2103,0.0883,-1.124,-0.2856,0.0396,-1.0,0.0,0.1812,0.2356,0.2935,0.0,-0.197,-0.2727,0.06006,0.2028,-0.0667,0.2886,1.293,-0.6226,0.01894,-0.2634,-0.1699,0.8564,-0.588,0.583,0.5923,0.0,0.0,0.5806,0.0,0.5176,-0.4412,0.0,0.0,0.0,0.0,-0.595,-2.0,-0.5,-1.0,0.2993,-0.484,0.0,2.0,0.0,-0.5,0.0,0.0,0.0,-0.3953
0.5874,0.587,0.5884,0.1335,-0.1415,0.1622,0.3987,-0.305,0.0989,-0.1351,0.0881,-7.32,-0.1428,0.0396,0.0,0.0,0.104,0.1599,0.3455,0.0,-0.1945,-0.0944,-0.10266,0.1575,0.2021,0.2866,1.769,0.5347,0.02019,-0.6226,0.0,-0.338,-0.385,0.583,0.5913,0.0,0.0,0.5806,0.0,0.538,-0.03345,0.0,0.0,0.0,0.0,0.53,-1.0,0.0,-0.5,0.03894,-0.2444,1.0,0.0,0.0,-0.5,0.0,0.0,0.0,0.3557
0.588,0.588,0.589,0.01836,-0.02644,0.1622,0.3987,-0.3403,0.1787,-0.0997,0.107,0.5522,0.0,0.0396,0.0,0.0,0.0664,0.1265,0.3716,0.0,-0.1919,-0.476,-0.2695,0.10486,0.306,0.292,0.8916,0.265,0.02171,0.5347,-0.2634,-0.1699,1.162,0.581,0.59,0.0,0.0,0.5806,0.0,0.5483,0.3872,0.0,0.0,0.0,0.0,0.264,0.0,0.0,0.0,-0.05576,-0.116,2.0,0.0,0.0,-0.5,0.0,0.0,0.0,0.1755
0.5894,0.589,0.5903,-0.10474,0.09753,0.1622,0.3987,-0.3564,0.2708,-0.05728,0.1311,0.4866,0.1428,0.0396,0.0,0.0,0.02419,0.0844,0.402,0.0,-0.1895,-0.502,-0.418,0.04105,0.3914,0.3057,0.667,0.3103,0.03857,0.265,-0.6226,0.0,0.3643,0.581,0.589,0.0,0.0,0.581,0.0,0.5605,0.4666,0.0,0.0,0.0,0.0,0.3755,1.0,0.0,0.0,-0.1853,-0.00857,3.0,0.0,0.0,-0.5,0.0,0.0,0.0,0.2485
0.5903,0.59,0.592,-0.03668,0.0208,0.1622,0.3987,-0.4033,0.139,-0.0771,0.1638,-0.2313,0.2856,0.0396,0.0,0.0,0.03897,0.10925,0.3914,0.0,-0.1869,-0.396,-0.479,-0.03079,0.2727,0.319,0.1681,-0.1081,0.04428,0.3103,0.5347,-0.2632,0.6455,0.5815,0.588,0.0,0.0,0.581,0.0,0.556,0.69,0.0,0.0,0.0,0.0,-0.0899,1.0,-0.5,0.0,-0.1316,-0.0957,0.0,1.0,0.0,-0.5,0.0,0.0,0.0,-0.0592
0.591,0.59,0.593,0.04736,-0.0815,0.1622,0.3987,-0.4473,-0.02956,-0.10583,0.2007,-0.5845,0.4285,0.0396,0.0,0.0,0.0628,0.1431,0.3745,0.0,-0.1843,-0.706,-0.375,-0.107,0.06793,0.344,-0.6123,-0.1702,0.03888,-0.1081,0.265,-0.622,0.8564,0.581,0.5874,0.0,0.0,0.581,0.0,0.5493,0.798,1.0,0.0,0.0,0.0,-0.1846,1.0,-1.0,0.0,-0.0943,-0.2423,0.0,2.0,0.0,-0.5,0.0,0.0,0.0,-0.1218
0.5923,0.5913,0.594,-0.1357,0.0992,0.1622,0.3987,-0.4363,0.12366,-0.04486,0.2246,2.107,0.5713,0.0396,0.0,0.0,0.00515,0.07935,0.4175,0.0,-0.1818,0.3865,-0.2181,-0.1752,0.166,0.3674,-0.3381,0.4343,0.05573,-0.1702,0.3103,0.5347,-0.338,0.5835,0.588,0.0,0.0,0.5815,0.0,0.5664,0.6206,0.0,0.0,0.0,0.0,0.7476,1.0,-0.5,0.0,-0.26,-0.05692,1.0,0.0,0.0,-0.5,0.0,0.0,0.0,0.4946
0.593,0.592,0.5947,0.0636,-0.1087,0.1622,0.3987,-0.5205,-0.10754,-0.1082,0.2361,-0.919,0.7144,0.0396,0.0,0.0,0.05856,0.1526,0.3777,0.0,-0.1793,-0.8315,-0.0767,-0.2128,-0.1077,0.3835,-0.1539,-0.4004,0.0638,0.4343,-0.10803,0.265,-0.1698,0.5864,0.588,0.0,0.0,0.5825,0.0,0.5503,0.279,0.0,0.0,0.0,0.0,-0.4365,0.0,-0.5,-0.5,-0.08246,-0.273,0.0,1.0,0.0,-0.5,0.0,0.0,0.0,-0.2869
0.5938,0.5923,0.5957,-0.005653,-0.04108,0.1622,0.723,-0.68,-0.04074,-0.0863,0.239,9.77,0.7144,0.0396,0.0,0.0,0.02306,0.1453,0.3945,0.0,-0.1768,-0.3967,0.03004,-0.2034,-0.05676,0.3901,-0.157,0.1705,0.0411,-0.4004,-0.17,0.3103,0.0,0.5884,0.5884,0.0,0.0,0.5845,0.0,0.557,0.0955,0.0,0.0,0.0,0.0,0.193,0.0,0.0,-0.5,-0.182,-0.2437,1.0,0.0,0.0,-0.5,0.0,0.0,0.0,0.1277
0.594,0.5933,0.5967,-0.02066,-0.02832,0.1622,0.723,-0.7666,0.0005703,-0.0795,0.2297,0.752,0.7144,0.0396,0.0,0.0,0.0088,0.1465,0.4006,0.0,-0.1742,-0.5845,0.1008,-0.168,-0.02266,0.3894,0.1112,0.06183,0.01183,0.1705,0.434,-0.10803,-0.2632,0.5894,0.589,0.0,0.0,0.5864,0.0,0.5596,-0.3186,0.0,0.0,0.0,0.0,0.05573,1.0,0.5,-0.5,-0.2096,-0.2457,2.0,0.0,0.0,-0.5,0.0,0.0,0.0,0.03674
0.596,0.5947,0.598,-0.1803,0.135,0.1622,0.723,-0.799,0.183,-0.02255,0.2325,1.872,0.7144,0.0396,0.0,0.0,-0.04855,0.0914,0.4404,0.0,-0.1718,-0.5903,0.1488,-0.122,0.1685,0.3904,0.7554,0.4014,-0.0759,0.06183,-0.4001,-0.17,-0.622,0.591,0.5894,0.0,0.0,0.59,0.0,0.575,0.1122,0.0,0.0,0.0,0.0,0.403,2.0,1.0,0.0,-0.348,-0.07166,3.0,0.0,0.0,-0.5,0.0,0.0,0.0,0.2656
0.5986,0.5977,0.6006,-0.3342,0.2954,0.1622,0.768,-0.793,0.359,0.03882,0.2456,0.79,0.7144,0.0396,0.0,0.0,-0.10596,0.02882,0.4834,0.0,-0.1692,-0.719,0.1848,-0.0769,0.3562,0.3948,0.39,0.4294,-0.25,0.4014,0.1705,0.434,0.534,0.594,0.591,0.0,0.0,0.594,0.0,0.5923,0.422,0.0,0.0,0.0,0.0,0.395,2.0,1.0,0.5,-0.4722,0.1092,4.0,0.0,0.0,-0.5,1.0,0.0,1.709,0.2585
0.6025,0.6016,0.6045,-0.5405,0.5127,0.1622,0.768,-0.769,0.596,0.1252,0.269,0.692,0.7144,0.0396,0.0,0.0,-0.1841,-0.05936,0.543,0.0,-0.1666,-0.422,0.2218,-0.02922,0.5825,0.4084,0.27,0.5938,-0.2125,0.4294,0.06183,-0.4001,0.265,0.6,0.5923,0.0,0.0,0.598,0.0,0.6157,0.6357,0.0,0.0,0.0,0.0,0.859,3.0,1.0,1.0,-0.653,0.3389,5.0,0.0,0.0,-0.5,0.0,0.0,0.0,0.558
0.607,0.6064,0.6084,-0.647,0.6274,0.1622,0.768,-0.7935,0.7173,0.1836,0.304,0.3298,0.7144,0.0396,0.0,0.0,-0.2396,-0.1141,0.5845,0.0,-0.1642,-0.731,0.272,0.02835,0.6724,0.4316,0.1382,0.4072,-0.1147,0.5938,0.4014,0.1704,0.3103,0.6064,0.594,0.0,0.0,0.602,0.0,0.632,0.9224,1.0,0.0,0.0,0.0,0.6816,3.0,1.0,1.5,-0.766,0.4368,5.734,0.0,0.5,-0.5,0.0,0.0,0.0,0.4387
0.6084,0.608,0.6104,-0.1206,0.093,0.1622,0.6924,-0.712,0.1299,0.02162,0.3323,-0.631,0.857,0.0396,0.0,0.0,-0.0825,0.0383,0.4788,0.0,-0.1616,0.368,0.3005,0.08984,0.0771,0.4485,0.4214,-1.033,-0.1103,0.4072,0.4294,0.0618,-0.10803,0.61,0.5947,0.0,0.0,0.604,0.0,0.59,0.646,0.0,0.0,0.0,0.0,-2.14,2.0,1.0,1.5,-0.2446,-0.06168,0.0,1.0,0.5,-0.5,0.0,0.0,0.0,-1.367
0.6094,0.6084,0.611,0.02475,-0.05475,-0.3413,0.5513,-0.649,-0.04306,-0.02281,0.3467,-0.6313,0.857,0.0396,0.0,0.0,-0.03488,0.0772,0.4512,0.0,-0.159,0.5205,0.2983,0.1504,-0.11523,0.4607,0.6714,-0.2744,-0.1056,-1.033,0.5938,0.4014,-0.17,0.6123,0.5957,0.0,0.0,0.604,0.0,0.5786,0.331,0.0,0.0,0.0,0.0,-0.6978,1.0,1.0,1.0,-0.10736,-0.2069,0.0,2.0,0.5,-0.5,0.0,0.0,0.0,-0.4536
0.612,0.6113,0.6133,-0.3406,0.3184,-0.3413,0.5513,-0.593,0.3267,0.1051,0.371,5.77,0.857,0.0396,0.0,0.0,-0.1497,-0.0564,0.5386,0.0,-0.1566,-0.3806,0.2751,0.2072,0.2502,0.473,0.327,0.8726,-0.04803,-0.2744,0.407,0.4292,0.434,0.617,0.5967,0.0,0.0,0.606,0.0,0.6133,0.523,0.0,0.0,0.0,0.0,1.295,1.0,1.0,1.0,-0.4229,0.1921,1.0,0.0,0.5,-0.5,0.0,0.0,0.0,0.846
0.6143,0.6133,0.6157,-0.235,0.2122,-0.3413,0.5513,-0.584,0.2156,0.081,0.3875,-0.1328,0.857,0.0396,0.0,0.0,-0.1266,-0.0333,0.525,0.0,-0.154,-0.4597,0.2439,0.255,0.1426,0.4814,0.835,-0.1359,-0.01678,0.8726,-1.033,0.5938,-0.4001,0.62,0.5986,0.0,0.0,0.608,0.0,0.608,0.3618,0.0,0.0,0.0,0.0,-0.1721,0.0,1.0,0.5,-0.3228,0.088,0.0,1.0,0.5,-0.5,0.0,0.0,0.0,-0.11084
0.616,0.615,0.6177,-0.2125,0.1884,-0.3413,0.5513,-0.619,0.1824,0.0818,0.4058,0.03293,0.857,0.0396,0.0,0.0,-0.1305,-0.03072,0.528,0.0,-0.1515,-0.806,0.2001,0.289,0.1266,0.488,0.814,0.03024,0.00793,-0.1359,-0.2742,0.407,0.1704,0.6216,0.601,0.0,0.0,0.6094,0.0,0.609,0.4258,0.0,0.0,0.0,0.0,0.03061,0.0,1.0,1.0,-0.3086,0.0569,1.0,0.0,0.5,-0.5,0.0,0.0,0.0,0.01974
0.618,0.617,0.6196,-0.2382,0.2135,-0.3413,0.5513,-0.59,0.1909,0.09814,0.4287,0.1743,0.857,0.0396,0.0,0.0,-0.1431,-0.04977,0.5415,0.0,-0.149,-0.3608,0.1829,0.309,0.1565,0.4956,0.8843,0.1361,0.01942,0.03024,0.8726,-1.033,0.0618,0.6216,0.604,0.0,0.0,0.612,0.0,0.6143,0.5566,0.0,0.0,0.0,0.0,0.12024,1.0,1.0,1.5,-0.3477,0.0654,2.0,0.0,0.5,-0.5,0.0,0.0,0.0,0.0776
0.62,0.619,0.6216,-0.1707,0.1416,-0.3413,0.5513,-0.7075,0.11255,0.08215,0.4424,-0.1376,0.857,0.0396,0.0,0.0,-0.1387,-0.02264,0.5337,0.0,-0.1465,-0.9326,0.1962,0.309,0.07056,0.506,0.6323,-0.07544,-0.04498,0.1361,-0.1357,-0.2742,0.4014,0.62,0.607,0.0,0.0,0.615,0.0,0.6113,0.3801,0.0,0.0,0.0,0.0,-0.06192,1.0,0.5,1.0,-0.2996,-0.02235,0.0,1.0,0.5,-0.5,0.0,0.0,0.0,-0.03986
0.6216,0.6206,0.623,-0.1295,0.0961,-0.3413,0.5513,-0.7104,0.04404,0.0731,0.463,-0.1871,0.857,0.0396,0.0,0.0,-0.1306,-0.01335,0.531,0.0,-0.1439,-0.8467,0.2195,0.2893,0.01624,0.5146,0.3044,-0.0302,-0.0777,-0.07544,0.03024,0.8726,0.4292,0.6216,0.6104,0.0,0.0,0.6177,0.0,0.61,0.5967,0.0,0.0,0.0,0.0,-0.0331,0.0,0.0,1.0,-0.2666,-0.0734,0.0,2.0,0.5,-0.5,0.0,0.0,0.0,-0.02135
0.6235,0.622,0.625,-0.1655,0.1279,-0.3413,0.5513,-0.7637,0.05862,0.0892,0.4824,0.2435,0.857,0.0396,0.0,0.0,-0.1503,-0.02419,0.5444,0.0,-0.1414,-0.9326,0.2383,0.259,0.0349,0.5244,-0.2334,0.136,-0.094,-0.0302,0.136,-0.1357,0.5938,0.625,0.613,0.0,0.0,0.6196,0.0,0.615,0.587,0.0,0.0,0.0,0.0,0.11646,1.0,0.0,1.0,-0.2944,-0.03568,1.0,0.0,0.5,-0.5,0.0,0.0,0.0,0.0751
0.6245,0.623,0.6265,-0.093,0.0493,-0.3413,0.5513,-0.7744,-0.0398,0.06854,0.499,-0.4783,0.857,0.0396,0.0,0.0,-0.1321,-0.002724,0.5337,0.0,-0.1389,-0.7456,0.2292,0.2258,-0.0503,0.5317,-0.636,-0.1055,-0.10406,0.136,-0.0754,0.03024,0.407,0.625,0.6147,0.0,0.0,0.6216,0.0,0.611,0.4993,0.0,0.0,0.0,0.0,-0.07935,0.0,-0.5,0.5,-0.2394,-0.1274,0.0,1.0,0.5,-0.5,0.0,0.0,0.0,-0.05106
0.6274,0.626,0.6294,-0.3398,0.2988,-0.3413,0.5513,-0.7603,0.21,0.1577,0.519,3.78,0.857,0.0396,0.0,0.0,-0.213,-0.09204,0.5967,0.0,-0.1364,-0.3103,0.196,0.1934,0.2019,0.542,0.348,0.619,-0.0902,-0.1055,-0.0302,0.136,-1.033,0.6274,0.617,0.0,0.0,0.624,0.0,0.6357,0.574,0.0,0.0,0.0,0.0,0.85,0.0,0.0,0.5,-0.4607,0.1306,1.0,0.0,0.5,-0.5,0.0,0.0,0.0,0.548
0.629,0.6274,0.631,-0.158,0.1139,-0.3413,0.5513,-0.759,0.02612,0.1044,0.5254,-0.4773,0.857,0.0396,0.0,0.0,-0.164,-0.03973,0.5645,0.0,-0.1338,-0.7085,0.1296,0.1733,0.02637,0.547,0.733,-0.314,-0.1316,0.619,0.136,-0.0754,-0.2742,0.629,0.618,0.0,0.0,0.6265,0.0,0.623,0.2406,0.0,0.0,0.0,0.0,-0.2484,0.0,0.0,0.0,-0.3042,-0.0678,0.0,1.0,0.5,-0.5,0.0,0.0,0.0,-0.1584
0.6304,0.629,0.6323,-0.1433,0.09894,-0.3413,0.5513,-0.7954,0.03244,0.10315,0.5205,0.1919,0.857,0.0396,0.0,0.0,-0.166,-0.035,0.5674,0.0,-0.1313,-0.83,0.0492,0.1624,0.03091,0.549,-0.01016,0.03006,-0.1467,-0.314,-0.1055,-0.03018,0.872,0.63,0.6196,0.0,0.0,0.6284,0.0,0.624,-0.00815,0.0,0.0,0.0,0.0,0.02654,1.0,0.0,0.0,-0.3103,-0.10425,1.0,0.0,0.5,-0.5,0.0,0.0,0.0,0.01701
0.632,0.6304,0.634,-0.0716,0.02473,-0.3413,0.5513,-0.8364,-0.00984,0.0813,0.507,-0.1713,0.857,0.0396,0.0,0.0,-0.1495,-0.00939,0.5566,0.0,-0.1288,-0.9326,-0.02165,0.1471,0.0002685,0.5444,0.1531,-0.1051,-0.2218,0.03006,0.619,0.136,-0.1357,0.631,0.621,0.0,0.0,0.631,0.0,0.6196,-0.2942,0.0,0.0,0.0,0.0,-0.09015,0.0,0.0,-0.5,-0.2913,-0.2303,0.0,1.0,0.5,-0.5,0.0,0.0,0.0,-0.0578
0.6343,0.633,0.636,-0.313,0.2695,-0.3413,0.5513,-0.891,0.2377,0.1664,0.5215,2.723,0.857,0.0396,0.0,0.0,-0.2327,-0.088,0.6133,1.0,-0.2903,-0.1539,-0.0731,0.129,0.259,0.5474,0.1547,0.6016,-0.2585,-0.1051,-0.3137,-0.10547,0.03023,0.634,0.623,0.0,0.0,0.634,0.0,0.644,0.7554,0.0,0.0,0.0,0.0,0.5376,1.0,0.0,0.0,-0.5005,0.0311,1.0,0.0,0.5,-0.5,0.0,0.0,0.0,0.3452
0.636,0.635,0.638,-0.2079,0.1583,-0.3413,0.5513,-0.969,0.1111,0.137,0.538,-0.2507,0.857,0.0396,0.0,0.0,-0.2162,-0.04816,0.598,0.0,-0.2878,-0.854,-0.09656,0.1062,0.1117,0.5557,0.1082,-0.1489,-0.3293,0.6016,0.03004,0.619,0.136,0.636,0.6255,0.0,0.0,0.636,0.0,0.6377,0.869,1.0,0.0,0.0,0.0,-0.1243,0.0,-0.5,0.0,-0.4368,-0.1171,0.0,1.0,0.5,-0.5,0.0,0.0,0.0,-0.07904
0.638,0.6367,0.6406,-0.2275,0.1782,-0.3413,0.5513,-0.969,0.1436,0.1486,0.5415,0.3003,0.857,0.0396,0.0,0.0,-0.2363,-0.04922,0.6104,0.0,-0.2854,-0.855,-0.1145,0.0661,0.1488,0.5557,0.243,0.11945,-0.361,-0.1489,-0.1051,-0.3137,-0.0754,0.639,0.628,0.0,0.0,0.638,0.0,0.6426,0.5156,0.0,0.0,0.0,0.0,0.09686,1.0,0.0,0.0,-0.456,-0.0983,1.0,0.0,0.5,-0.5,0.0,0.0,0.0,0.06174
0.6416,0.64,0.6436,-0.449,0.406,-0.3413,0.5513,-0.969,0.3855,0.2328,0.557,1.169,0.857,0.0396,0.0,0.0,-0.3127,-0.1309,0.6133,1.0,-0.2903,-0.3843,-0.1184,0.01865,0.3857,0.5205,0.3523,0.596,-0.2964,0.11945,0.6016,0.03004,-0.03018,0.642,0.631,0.0,0.0,0.641,0.0,0.667,0.9585,1.0,0.0,0.0,0.0,0.7114,1.0,0.5,0.5,-0.6353,0.1578,2.0,0.0,0.5,-1.0,0.0,0.0,0.0,0.4521
0.6426,0.641,0.6445,-0.0505,0.002834,-0.3413,0.5513,-0.969,-0.02791,0.10547,0.5596,-0.7627,0.857,0.0396,0.0,0.0,-0.191,-0.01293,0.533,0.0,-0.2878,-0.31,-0.12134,-0.02536,-0.04013,0.529,0.3599,-0.782,-0.2898,0.596,-0.1489,-0.1051,0.1359,0.643,0.633,0.0,0.0,0.6416,0.0,0.6343,0.2517,0.0,0.0,0.0,0.0,-1.106,1.0,0.0,0.0,-0.2286,-0.2052,0.0,1.0,0.5,-1.0,0.0,0.0,0.0,-0.697
0.643,0.641,0.645,0.0918,-0.1421,-0.9624,0.5513,-0.969,-0.176,0.05573,0.5537,-1.72,0.7144,0.0495,-1.0,0.0,-0.1467,0.03867,0.5044,0.0,-0.2854,-0.6685,-0.1351,-0.0556,-0.19,0.5312,0.514,-0.2842,-0.2932,-0.782,0.11945,0.6016,-0.10547,0.643,0.6343,0.0,0.0,0.641,0.0,0.6226,-0.001291,0.0,0.0,0.0,0.0,-0.4348,0.0,0.0,-0.5,-0.08405,-0.3367,0.0,2.0,0.5,-1.0,0.0,0.0,0.0,-0.2773
0.643,0.6416,0.645,0.10864,-0.1599,-0.9624,0.5513,-0.969,-0.2007,0.0442,0.548,0.587,0.5713,0.05942,-1.0,0.0,-0.1365,0.05066,0.5015,0.0,-0.2827,-0.9326,-0.1526,-0.081,-0.2102,0.5327,-0.0686,-0.03004,-0.3318,-0.2842,0.596,-0.1489,0.6187,0.643,0.6357,0.0,0.0,0.6426,0.0,0.6216,0.02611,0.0,0.0,0.0,0.0,-0.0279,0.0,-0.5,-0.5,-0.068,-0.3538,0.0,3.0,0.5,-1.0,0.0,0.0,0.0,-0.01788
0.6436,0.642,0.6455,0.03833,-0.08844,-0.9624,0.66,-0.969,-0.1366,0.06183,0.545,-0.678,0.4285,0.06934,-1.0,0.0,-0.1453,0.02484,0.518,0.0,-0.2803,0.1365,-0.1677,-0.10205,-0.1544,0.5376,0.213,0.1653,-0.4163,-0.03004,-0.7817,0.1194,-0.3137,0.6416,0.6377,0.0,0.0,0.644,0.0,0.628,0.1289,0.0,0.0,0.0,0.0,0.2126,0.0,0.0,0.0,-0.1324,-0.2815,1.0,0.0,0.5,-1.0,0.0,0.0,0.0,0.1364
0.644,0.642,0.646,0.07355,-0.12445,-1.044,0.66,-0.969,-0.176,0.04532,0.538,2.148,0.2856,0.0792,-1.0,0.0,-0.1278,0.03915,0.5117,0.0,-0.2778,-0.75,-0.1825,-0.1225,-0.1892,0.539,0.1981,-0.05997,-0.4233,0.1653,-0.284,0.5957,0.03004,0.6406,0.6387,0.0,0.0,0.6445,0.0,0.6255,0.02364,0.0,0.0,0.0,0.0,-0.0646,-1.0,-0.5,-0.5,-0.1017,-0.3198,0.0,1.0,0.5,-1.0,0.0,0.0,0.0,-0.04132
0.646,0.6445,0.648,-0.2532,0.2074,-1.019,0.66,-0.924,0.1578,0.1528,0.546,-5.875,0.2856,0.0891,0.0,0.0,-0.2231,-0.07153,0.5894,0.0,-0.2751,-0.1011,-0.1946,-0.142,0.1575,0.544,0.3088,0.765,-0.3972,-0.05997,-0.03004,-0.7817,-0.1051,0.642,0.641,0.0,0.0,0.646,0.0,0.6562,0.4226,0.0,0.0,0.0,0.0,0.9365,0.0,0.0,0.0,-0.4006,0.01686,1.0,0.0,0.5,-1.0,0.0,0.0,0.0,0.5996
0.6504,0.649,0.6523,-0.613,0.5796,-0.532,0.66,-0.925,0.567,0.2861,0.5576,1.786,0.2856,0.099,0.0,0.0,-0.3435,-0.2,0.6133,1.0,-0.2903,-0.2001,-0.1771,-0.1533,0.549,0.486,-0.1974,0.933,-0.2522,0.765,0.1653,-0.284,0.6016,0.6445,0.644,0.0,0.0,0.649,0.0,0.695,0.5347,0.0,0.0,0.0,0.0,1.413,1.0,0.0,0.0,-0.7095,0.416,2.0,0.0,0.5,-1.0,0.0,0.0,0.0,0.8936
0.654,0.653,0.656,-0.445,0.4133,-0.532,0.66,-0.8984,0.4011,0.2429,0.572,-0.12354,0.2856,0.1089,0.0,0.0,-0.3025,-0.1613,0.591,0.0,-0.2878,-0.4714,-0.1084,-0.1362,0.3171,0.512,0.0797,-0.2188,-0.1791,0.933,-0.05994,-0.03003,-0.1489,0.6494,0.647,0.0,0.0,0.6514,0.0,0.685,0.5884,0.0,0.0,0.0,0.0,-0.666,1.0,0.0,0.0,-0.5444,0.26,0.0,1.0,0.5,-1.0,0.0,0.0,0.0,-0.4146
0.6562,0.6553,0.658,-0.3123,0.2805,-0.532,0.66,-0.8687,0.2654,0.2072,0.5835,-0.1455,0.2856,0.11884,0.0,0.0,-0.2676,-0.1298,0.573,0.0,-0.2854,-0.5474,-0.0513,-0.113,0.1869,0.5215,0.0797,-0.1757,-0.1497,-0.2188,0.765,0.1653,0.1194,0.6543,0.6494,0.0,0.0,0.6533,0.0,0.6777,0.473,0.0,0.0,0.0,0.0,-0.2076,0.0,-0.5,-0.5,-0.4175,0.1316,0.0,2.0,0.5,-1.0,0.0,0.0,0.0,-0.1298
0.6577,0.6567,0.6597,-0.08936,0.05487,-0.532,0.66,-0.8145,0.02437,0.1353,0.5894,-0.552,0.2856,0.1287,0.0,0.0,-0.1974,-0.0649,0.5312,0.0,-0.2827,-0.4817,-0.02809,-0.09015,-0.0473,0.5283,-0.4297,-0.4111,-0.1636,-0.1757,0.933,-0.05994,0.5957,0.658,0.651,0.0,0.0,0.6553,0.0,0.6606,0.3044,0.0,0.0,0.0,0.0,-0.4329,0.0,-1.0,-0.5,-0.2178,-0.1022,0.0,3.0,0.5,-1.0,0.0,0.0,0.0,-0.2712
0.6597,0.6587,0.6616,-0.2281,0.1959,-0.532,0.66,-0.8394,0.1776,0.1835,0.5913,1.348,0.2856,0.1387,0.0,0.0,-0.2437,-0.10956,0.5684,0.0,-0.2803,-0.369,-0.015305,-0.0671,0.1047,0.534,0.3523,0.3696,-0.1537,-0.4111,-0.2188,0.7646,-0.7817,0.6626,0.6523,0.0,0.0,0.657,0.0,0.676,0.225,0.0,0.0,0.0,0.0,0.3862,0.0,-0.5,-0.5,-0.337,0.0494,1.0,0.0,0.5,-1.0,0.0,0.0,0.0,0.2437
0.6616,0.66,0.663,-0.1415,0.10864,-0.532,0.66,-0.8247,0.08954,0.1575,0.594,-0.187,0.2856,0.1486,0.0,0.0,-0.2186,-0.08563,0.5566,0.0,-0.2778,-0.723,0.005623,-0.04837,0.02574,0.5386,0.7417,-0.11755,-0.171,0.3696,-0.1757,0.933,-0.284,0.667,0.6533,0.0,0.0,0.659,0.0,0.671,0.2404,0.0,0.0,0.0,0.0,-0.16,-1.0,-0.5,-0.5,-0.256,-0.03745,0.0,1.0,0.5,-1.0,0.0,0.0,0.0,-0.10034
0.6626,0.6616,0.6646,-0.06274,0.02963,-0.532,0.66,-0.789,0.00998,0.1324,0.594,-0.2834,0.2856,0.1584,0.0,0.0,-0.1925,-0.0645,0.5444,0.0,-0.2751,-0.484,0.00969,-0.03152,-0.04657,0.542,0.893,-0.1178,-0.1659,-0.11755,-0.4111,-0.2188,-0.03003,0.668,0.655,0.0,0.0,0.66,0.0,0.6655,0.1343,0.0,0.0,0.0,0.0,-0.2372,-1.0,-0.5,-1.0,-0.2075,-0.1431,0.0,2.0,0.5,-1.0,0.0,0.0,0.0,-0.149
0.665,0.664,0.667,-0.2732,0.2445,-0.532,0.66,-0.7856,0.2522,0.2063,0.593,2.266,0.2856,0.1683,0.0,0.0,-0.2595,-0.1367,0.5986,0.0,-0.2727,-0.3545,0.0195,-0.01816,0.1832,0.548,0.841,0.5312,-0.1475,-0.1178,0.3696,-0.1757,0.1653,0.6675,0.657,0.0,0.0,0.6626,0.0,0.6875,0.1107,0.0,0.0,0.0,0.0,0.849,0.0,-0.5,-1.0,-0.419,0.05432,1.0,0.0,0.5,-1.0,0.0,0.0,0.0,0.5347
0.6685,0.6675,0.67,-0.4102,0.3843,-0.532,0.66,-0.829,0.3933,0.2617,0.613,0.5645,0.2856,0.1683,0.0,0.0,-0.3132,-0.1859,0.6133,1.0,-0.2903,-0.811,0.0388,-0.005997,0.335,0.5312,1.051,0.4094,-0.1018,0.5312,-0.11755,-0.411,-0.05994,0.669,0.659,0.0,0.0,0.665,0.0,0.7046,0.718,0.0,0.0,0.0,0.0,0.5386,1.0,0.0,-0.5,-0.5415,0.1992,2.0,0.0,0.5,-1.0,0.0,0.0,0.0,0.3362
0.6733,0.673,0.675,-0.732,0.7173,-0.4653,0.66,-0.786,0.73,0.3909,0.654,0.869,0.4285,0.1683,0.0,0.0,-0.423,-0.3118,0.6133,1.0,-0.2903,-0.03094,0.07513,0.00739,0.678,0.4595,0.4841,0.8857,0.02626,0.4094,-0.11774,0.3694,0.7646,0.675,0.662,0.0,0.0,0.6694,0.0,0.741,1.127,1.0,0.0,0.0,0.0,1.236,1.0,0.0,0.0,-0.8027,0.5728,3.0,0.0,0.5,-1.0,0.0,0.0,0.0,0.766
0.6787,0.6777,0.68,-0.708,0.6963,-0.3909,0.66,-0.765,0.691,0.4048,0.6978,0.0922,0.5713,0.1683,0.0,0.0,-0.4333,-0.3267,0.6133,1.0,-0.2903,-0.8027,0.10516,0.02533,0.6875,0.4575,-0.2468,0.1431,0.1613,0.8857,0.531,-0.1175,0.9326,0.683,0.6655,0.0,0.0,0.673,0.0,0.7476,1.174,1.0,0.0,0.0,0.0,0.10547,2.0,0.0,0.5,-0.783,0.549,4.0,0.0,0.5,-1.0,0.0,0.0,0.0,0.0644
0.6816,0.681,0.683,-0.3938,0.3743,-0.3909,0.66,-0.8193,0.3333,0.3123,0.7305,-0.3435,0.7144,0.1683,0.0,0.0,-0.357,-0.2347,0.5576,0.0,-0.2878,-0.797,0.1378,0.05978,0.348,0.472,0.1112,-0.5425,0.1997,0.1431,0.4094,-0.11774,-0.2186,0.6875,0.668,0.0,0.0,0.6753,0.0,0.724,0.7974,1.0,0.0,0.0,0.0,-0.54,2.0,0.0,0.0,-0.4617,0.2595,0.0,1.0,0.5,-1.0,0.0,0.0,0.0,-0.329
0.683,0.682,0.6846,-0.05435,0.02611,-0.3909,0.604,-0.7656,-0.05783,0.2018,0.7524,-0.814,0.857,0.1683,0.0,0.0,-0.2537,-0.1344,0.4902,0.0,-0.2854,-0.476,0.1511,0.09186,-0.03165,0.4832,0.39,-0.6626,0.192,-0.5425,0.8857,0.531,-0.1755,0.69,0.67,0.0,0.0,0.6772,0.0,0.6963,0.4858,0.0,0.0,0.0,0.0,-0.7744,1.0,0.0,0.0,-0.1447,-0.0867,0.0,2.0,0.5,-1.0,0.0,1.0,-1.841,-0.476
0.685,0.6836,0.6865,-0.1769,0.147,-0.3909,0.604,-0.814,0.0534,0.2439,0.765,2.273,0.857,0.1683,0.0,0.0,-0.296,-0.1703,0.5225,0.0,-0.2827,-0.598,0.1448,0.1259,0.08075,0.4924,0.8574,0.3206,0.213,-0.6626,0.1431,0.4092,-0.411,0.694,0.672,0.0,0.0,0.6787,0.0,0.7095,0.3682,0.0,0.0,0.0,0.0,0.2756,1.0,0.5,0.0,-0.2898,0.0001811,1.0,0.0,0.5,-1.0,0.0,0.0,0.0,0.1713
0.6865,0.685,0.688,-0.128,0.09656,-0.3909,0.604,-0.8604,0.01964,0.2299,0.7603,-0.0767,0.857,0.1683,0.0,0.0,-0.2874,-0.1523,0.518,0.0,-0.2803,-0.695,0.1288,0.1517,0.04184,0.496,0.6055,-0.04346,0.1925,0.3206,-0.5425,0.8857,0.3694,0.696,0.674,0.0,0.0,0.681,0.0,0.7075,0.02115,0.0,0.0,0.0,0.0,-0.05103,0.0,0.0,-0.5,-0.2527,-0.05942,0.0,1.0,0.5,-1.0,0.0,0.0,0.0,-0.03156
0.688,0.687,0.69,-0.1407,0.1088,-0.3909,0.604,-0.881,0.03943,0.2349,0.7593,0.304,0.857,0.1782,0.0,0.0,-0.2937,-0.1553,0.527,0.0,-0.2778,-0.6963,0.1361,0.1631,0.0719,0.4988,0.806,0.087,0.1388,-0.04346,-0.6626,0.1431,-0.1175,0.6963,0.6763,0.0,0.0,0.684,0.0,0.711,0.168,0.0,0.0,0.0,0.0,0.1071,0.0,0.5,0.0,-0.2693,-0.05225,1.0,0.0,0.5,-1.0,0.0,0.0,0.0,0.0663
0.6914,0.6904,0.6934,-0.4377,0.412,-0.3909,0.604,-0.861,0.3542,0.3416,0.7734,2.377,0.857,0.1881,0.0,0.0,-0.3865,-0.2583,0.603,0.0,-0.2751,-0.571,0.1525,0.1699,0.3818,0.5107,1.028,0.753,0.111,0.087,0.3206,-0.5425,-0.11774,0.697,0.6787,0.0,0.0,0.688,0.0,0.7427,0.523,0.0,0.0,0.0,0.0,1.225,1.0,1.0,0.5,-0.5312,0.2656,2.0,0.0,0.5,-1.0,1.0,0.0,2.049,0.757
0.6924,0.691,0.694,0.02493,-0.0585,-0.3909,0.604,-0.813,-0.1456,0.1869,0.779,-1.025,0.7144,0.198,-1.0,0.0,-0.2443,-0.11536,0.508,0.0,-0.2727,-0.2052,0.1675,0.1729,-0.1238,0.521,0.6807,-0.9297,0.0223,0.753,-0.04346,-0.6626,0.531,0.693,0.6807,0.0,0.0,0.6904,0.0,0.7026,0.259,0.0,0.0,0.0,0.0,-2.504,1.0,0.5,0.5,-0.066,-0.1658,0.0,1.0,0.5,-1.0,0.0,0.0,0.0,-1.527
0.6924,0.691,0.6943,0.1122,-0.1482,-0.3909,0.604,-0.8022,-0.2488,0.1505,0.773,3.852,0.5713,0.2079,-1.0,0.0,-0.2102,-0.081,0.4902,0.0,-0.2703,-0.2996,0.1653,0.1588,-0.228,0.525,0.3015,-0.1743,-0.10205,-0.9297,0.087,0.3203,0.4092,0.69,0.682,0.0,0.0,0.693,0.0,0.6953,0.06165,0.0,0.0,0.0,0.0,-0.2347,0.0,0.0,0.0,0.01964,-0.2505,0.0,2.0,0.5,-1.0,0.0,0.0,0.0,-0.1455
0.696,0.695,0.6973,-0.4172,0.3938,-0.3909,0.604,-0.5483,0.29,0.3298,0.7915,-4.277,0.5713,0.2178,0.0,0.0,-0.3484,-0.2773,0.6133,1.0,-0.2903,2.385,0.1821,0.1537,0.2656,0.546,-0.632,1.238,-0.0946,-0.1743,0.753,-0.04346,0.8853,0.695,0.685,0.0,0.0,0.696,0.0,0.7466,0.472,0.0,0.0,0.0,0.0,3.654,1.0,0.0,0.5,-0.4236,0.344,1.0,0.0,0.5,-1.0,0.0,0.0,0.0,2.271
0.7017,0.701,0.703,-0.862,0.8535,-0.1544,0.604,-0.486,0.7646,0.504,0.834,1.429,0.5713,0.2278,0.0,0.0,-0.4934,-0.4443,0.6133,1.0,-0.2903,0.4841,0.234,0.1819,0.7026,0.4543,-0.765,1.185,0.1021,1.238,-0.929,0.087,0.1431,0.703,0.6885,0.0,0.0,0.699,0.0,0.797,0.762,1.0,0.0,0.0,0.0,2.783,1.0,0.0,1.0,-0.814,0.8286,2.0,0.0,0.5,-1.0,0.0,0.0,0.0,1.695
0.708,0.7075,0.7095,-0.897,0.8994,0.01338,0.604,-0.4678,0.82,0.544,0.873,0.2119,0.5713,0.2377,0.0,0.0,-0.5254,-0.4824,0.6133,1.0,-0.2903,0.005695,0.3008,0.2471,0.75,0.4446,-0.07007,0.322,0.2817,1.185,-0.1743,0.753,-0.542,0.7124,0.692,0.0,0.0,0.7036,0.0,0.811,0.7295,0.0,0.0,0.0,0.0,0.649,1.0,0.5,1.0,-0.857,0.8633,3.0,0.0,0.5,-1.0,0.0,0.0,0.0,0.3877
0.7144,0.7144,0.7153,-0.8696,0.8804,0.1077,0.604,-0.4807,0.8125,0.561,0.9062,0.1342,0.5713,0.2476,0.0,0.0,-0.5405,-0.496,0.6133,1.0,-0.2903,-0.7827,0.385,0.325,0.729,0.449,0.8364,0.181,0.4253,0.322,1.238,-0.929,-0.6626,0.7227,0.696,0.0,0.0,0.708,0.0,0.8184,0.6895,0.0,0.0,0.0,0.0,0.3801,2.0,1.0,1.0,-0.871,0.801,4.0,0.0,0.5,-1.0,0.0,0.0,0.0,0.2257
0.7197,0.7197,0.7207,-0.6987,0.7114,0.1077,0.604,-0.5312,0.6675,0.5225,0.9204,-0.02855,0.5713,0.2573,0.0,0.0,-0.513,-0.4568,0.596,0.0,-0.2878,-0.6875,0.4653,0.3909,0.594,0.4597,0.8125,-0.1665,0.4775,0.181,1.185,-0.1742,0.3203,0.729,0.699,0.0,0.0,0.7134,0.0,0.811,0.4268,0.0,0.0,0.0,0.0,-0.1821,2.0,0.5,0.5,-0.712,0.6323,0.0,1.0,0.5,-1.0,0.0,0.0,0.0,-0.10785
0.724,0.724,0.7246,-0.567,0.5825,0.1077,0.604,-0.5117,0.56,0.4932,0.93,-0.00741,0.5713,0.2673,0.0,0.0,-0.4863,-0.432,0.585,0.0,-0.2854,-0.63,0.5254,0.4414,0.499,0.468,1.112,-0.1113,0.514,-0.1665,0.3218,1.238,-0.04346,0.7383,0.703,0.0,0.0,0.7173,0.0,0.806,0.3428,0.0,0.0,0.0,0.0,-0.1376,1.0,0.5,0.0,-0.613,0.4783,0.0,2.0,0.5,-1.0,0.0,0.0,0.0,-0.08167
0.729,0.729,0.7295,-0.586,0.6045,0.1077,0.604,-0.5254,0.587,0.514,0.9526,0.1863,0.5713,0.2773,0.0,0.0,-0.5054,-0.4497,0.6064,0.0,-0.2827,-0.782,0.574,0.477,0.561,0.4766,1.27,0.2091,0.533,-0.1113,0.1809,1.185,0.087,0.7495,0.707,0.0,0.0,0.722,0.0,0.8154,0.6353,0.0,0.0,0.0,0.0,0.2098,1.0,0.5,0.5,-0.6553,0.4731,1.0,0.0,0.5,-1.0,0.0,0.0,0.0,0.1248
0.7324,0.7324,0.733,-0.4497,0.4644,0.1077,0.604,-0.545,0.4146,0.4778,0.9854,-0.1261,0.5713,0.287,0.0,0.0,-0.476,-0.4148,0.591,0.0,-0.2803,-0.6304,0.6157,0.5,0.4302,0.488,0.751,-0.1528,0.4983,0.2091,-0.1665,0.3218,0.7524,0.7554,0.7114,0.0,0.0,0.727,0.0,0.8086,0.893,1.0,0.0,0.0,0.0,-0.1334,0.0,0.0,0.5,-0.535,0.3264,0.0,1.0,0.5,-1.0,0.0,0.0,0.0,-0.0791
0.7354,0.7354,0.736,-0.284,0.2942,0.1077,0.604,-0.539,0.215,0.4268,1.008,-0.2703,0.5713,0.297,0.0,0.0,-0.432,-0.3687,0.565,0.0,-0.2778,-0.627,0.6416,0.5107,0.2595,0.4978,1.891,-0.2507,0.4675,-0.1528,-0.1113,0.1809,-0.929,0.7554,0.7153,0.0,0.0,0.7305,0.0,0.7974,0.6816,0.0,0.0,0.0,0.0,-0.2896,-1.0,0.0,0.0,-0.3674,0.1708,0.0,2.0,0.5,-1.0,0.0,0.0,0.0,-0.1721
0.7383,0.738,0.739,-0.31,0.317,0.1077,0.604,-0.534,0.2102,0.44,1.035,0.1268,0.5713,0.307,0.0,0.0,-0.4429,-0.381,0.5806,0.0,-0.2751,-0.6294,0.646,0.517,0.278,0.51,2.307,0.1539,0.4585,-0.2507,0.2091,-0.1665,-0.1742,0.755,0.719,0.0,0.0,0.734,0.0,0.804,0.7417,0.0,0.0,0.0,0.0,0.1378,0.0,0.5,0.5,-0.3872,0.1985,1.0,0.0,0.5,-1.0,0.0,0.0,0.0,0.0823
0.738,0.738,0.739,0.1901,-0.191,0.1077,0.604,-0.4368,-0.3423,0.2668,1.042,-1.72,0.4285,0.317,-1.0,0.0,-0.2827,-0.2284,0.475,0.0,-0.2727,0.09174,0.6147,0.5264,-0.2727,0.519,1.305,-1.032,0.4526,0.1539,-0.1528,-0.1113,1.237,0.7495,0.721,0.0,0.0,0.7344,0.0,0.759,0.2449,0.0,0.0,0.0,0.0,-1.212,0.0,0.0,0.0,0.10004,-0.2847,0.0,1.0,0.5,-1.0,0.0,0.0,0.0,-0.7217
0.7373,0.737,0.7383,0.2428,-0.2462,0.1077,0.604,-0.4504,-0.4146,0.237,1.031,0.493,0.2856,0.3267,-1.0,0.0,-0.257,-0.1986,0.4624,0.0,-0.2703,-0.3835,0.5586,0.5273,-0.3562,0.524,0.0947,-0.1278,0.45,-1.032,-0.2507,0.2091,1.184,0.744,0.7227,0.0,0.0,0.735,0.0,0.7534,-0.02998,0.0,0.0,0.0,0.0,-0.1236,-1.0,-0.5,-0.5,0.10876,-0.3835,0.0,2.0,0.5,-1.0,0.0,0.0,0.0,-0.0749
0.7383,0.738,0.7393,0.004807,-0.01531,0.1077,0.604,-0.4622,-0.226,0.3086,1.053,-0.5483,0.2856,0.3267,-1.0,0.0,-0.322,-0.2656,0.5137,0.0,-0.2676,-0.1837,0.501,0.5386,-0.1973,0.5425,-0.3547,0.512,0.43,-0.1278,0.1538,-0.1528,0.3218,0.741,0.7246,0.0,0.0,0.7363,0.0,0.7754,0.5312,0.0,0.0,0.0,0.0,0.4604,0.0,-0.5,0.0,-0.09247,-0.1311,1.0,0.0,0.5,-1.0,0.0,0.0,0.0,0.2795
0.737,0.736,0.7383,0.3972,-0.4229,0.1077,0.627,-0.4136,-0.6816,0.169,1.063,4.656,0.2856,0.3267,-1.0,0.0,-0.1923,-0.1361,0.4268,0.0,-0.2651,-0.06915,0.395,0.545,-0.654,0.5513,-0.635,-0.8604,0.3645,0.512,-1.032,-0.2507,0.1809,0.7344,0.726,0.0,0.0,0.738,0.0,0.738,0.2198,0.0,0.0,0.0,0.0,-0.8984,0.0,-1.0,0.0,0.2634,-0.548,0.0,1.0,0.5,-1.0,0.0,0.0,0.0,-0.541
0.7354,0.7344,0.737,0.377,-0.408,0.1077,0.627,-0.6636,-0.682,0.1614,1.052,0.1442,0.1428,0.3267,-1.0,0.0,-0.2078,-0.10486,0.4253,0.0,-0.2627,-0.4155,0.2925,0.543,-0.6997,0.5557,-0.6514,-0.01431,0.322,-0.8604,-0.1278,0.1538,-0.1665,0.728,0.728,0.0,0.0,0.739,0.0,0.7373,-0.2153,0.0,0.0,0.0,0.0,-0.0131,-1.0,-1.0,-0.5,0.1858,-0.597,0.0,2.0,0.5,-1.0,0.0,0.0,0.0,-0.008
0.7334,0.7324,0.735,0.5103,-0.5396,0.1077,0.597,-0.7456,-0.79,0.10315,1.01,0.351,0.0,0.3267,-1.0,0.0,-0.1616,-0.0398,0.391,0.0,-0.26,-0.4678,0.2008,0.512,-0.841,0.555,-0.7114,-0.3435,0.291,-0.01431,0.512,-1.032,-0.11127,0.721,0.729,0.0,0.0,0.7397,0.0,0.7227,-0.9907,0.0,0.0,0.0,0.0,-0.3386,-1.0,-1.0,-1.0,0.31,-0.728,0.0,3.0,0.5,-1.0,0.0,0.0,0.0,-0.2069
0.732,0.731,0.7334,0.3733,-0.4004,0.1077,0.597,-0.785,-0.618,0.1328,0.9663,-0.1365,-0.1428,0.3267,-1.0,0.0,-0.1925,-0.0653,0.4138,0.0,-0.2576,-0.3364,0.1007,0.4436,-0.666,0.5405,-1.14,0.2303,0.2527,-0.3435,-0.8604,-0.1277,0.2091,0.715,0.7305,0.0,0.0,0.74,0.0,0.7324,-1.062,0.0,1.0,0.0,0.0,0.2485,0.0,-1.0,-1.0,0.184,-0.588,1.0,0.0,-0.5,-1.0,0.0,0.0,0.0,0.1527
0.732,0.731,0.7334,0.12335,-0.1484,0.1077,0.597,-0.7646,-0.318,0.2062,0.9287,-0.511,-0.2856,0.3267,-1.0,0.0,-0.2576,-0.1388,0.465,0.0,-0.2551,-0.4224,0.01435,0.3535,-0.3442,0.5244,-1.177,0.5166,0.2424,0.2303,-0.014305,0.512,-0.1527,0.7144,0.7324,0.0,0.0,0.7407,0.0,0.754,-0.8413,0.0,0.0,0.0,0.0,0.333,0.0,-0.5,-1.0,-0.0319,-0.318,2.0,0.0,-0.5,-1.0,0.0,0.0,0.0,0.2037
0.7305,0.7295,0.732,0.4312,-0.458,0.1077,0.597,-0.7,-0.5825,0.09576,0.8823,1.572,-0.4285,0.3267,-1.0,0.0,-0.1508,-0.03683,0.3967,0.0,-0.2524,-0.10095,-0.06696,0.245,-0.61,0.5107,-1.039,-0.6826,0.1926,0.5166,-0.3435,-0.8604,-0.2507,0.712,0.7334,0.0,0.0,0.7417,0.0,0.7246,-0.992,0.0,0.0,0.0,0.0,-0.563,0.0,-0.5,-1.0,0.2861,-0.593,0.0,1.0,-0.5,-1.0,0.0,0.0,0.0,-0.3418
0.731,0.73,0.7324,0.03008,-0.0538,0.1077,0.597,-0.6914,-0.1365,0.2194,0.853,-0.904,-0.5713,0.3267,-1.0,0.0,-0.263,-0.1584,0.481,0.0,-0.25,-0.8066,-0.1318,0.10876,-0.1543,0.4995,-1.381,0.8486,0.0746,-0.6826,0.2303,-0.014305,0.1538,0.7104,0.7344,0.0,0.0,0.7437,0.0,0.7607,-0.529,0.0,0.0,0.0,0.0,0.714,1.0,-0.5,-0.5,-0.05698,-0.1565,1.0,0.0,-0.5,-1.0,0.0,0.0,0.0,0.4382
0.7324,0.7314,0.734,-0.0669,0.03955,0.1077,0.597,-0.7056,0.01715,0.2507,0.824,-7.746,-0.5713,0.3267,0.0,0.0,-0.2922,-0.1873,0.505,0.0,-0.2474,-0.866,-0.1693,-0.02005,-0.00512,0.4927,-0.3772,0.2411,0.0573,0.8486,0.516,-0.3435,-1.032,0.7134,0.7354,0.0,0.0,0.7446,0.0,0.771,-0.5166,0.0,0.0,0.0,0.0,0.2798,2.0,0.0,-0.5,-0.1417,-0.05737,2.0,0.0,-0.5,-1.0,0.0,0.0,0.0,0.1693
0.7324,0.7314,0.7344,0.1202,-0.1523,0.1077,0.597,-0.61,-0.1276,0.1859,0.791,-1.057,-0.7144,0.3267,-1.0,0.0,-0.2252,-0.1339,0.4666,0.0,-0.245,0.3618,-0.165,-0.11584,-0.1598,0.486,-0.2109,-0.3813,0.05414,0.2411,-0.6826,0.2303,-0.1277,0.7153,0.7354,0.0,0.0,0.743,0.0,0.7544,-0.585,0.0,0.0,0.0,0.0,-0.4775,1.0,0.0,-0.5,0.042,-0.2384,0.0,1.0,-0.5,-1.0,0.0,0.0,0.0,-0.2878
0.7334,0.732,0.735,0.01447,-0.04858,0.1077,0.597,-0.5938,0.01695,0.2169,0.7666,-12.59,-0.7144,0.3267,0.0,0.0,-0.2517,-0.1654,0.491,0.0,-0.2424,-0.4458,-0.1287,-0.1809,-0.01338,0.48,-0.7456,0.2417,0.02281,-0.3813,0.8486,0.516,0.512,0.719,0.7363,0.0,0.0,0.7417,0.0,0.7646,-0.4055,0.0,0.0,0.0,0.0,0.1934,1.0,0.0,0.0,-0.05157,-0.1296,1.0,0.0,-0.5,-1.0,0.0,0.0,0.0,0.1173
0.735,0.734,0.737,-0.167,0.1312,-0.849,0.597,-0.5874,0.2494,0.2776,0.7466,2.074,-0.7144,0.3267,0.0,0.0,-0.3057,-0.2242,0.535,0.0,-0.2399,-0.434,-0.0746,-0.2109,0.224,0.4749,0.1442,0.439,-0.02544,0.2417,0.2411,-0.6826,-0.8604,0.7236,0.7383,0.0,0.0,0.7407,0.0,0.783,-0.2952,0.0,0.0,0.0,0.0,0.323,2.0,0.5,0.0,-0.2524,0.015015,2.0,0.0,-0.5,-1.0,0.0,0.0,0.0,0.1952
0.7354,0.734,0.7373,0.1098,-0.1495,-0.849,0.597,-0.611,-0.03085,0.1841,0.7373,-0.7,-0.5713,0.3267,0.0,0.0,-0.2236,-0.132,0.478,0.0,-0.2374,-0.4246,-0.02483,-0.2258,-0.04288,0.473,0.273,-0.5625,-0.0689,0.439,-0.3813,0.8486,-0.014305,0.724,0.7397,0.0,0.0,0.7393,0.0,0.759,-0.1268,0.0,0.0,0.0,0.0,-0.697,1.0,0.5,0.0,0.03085,-0.2373,0.0,1.0,-0.5,-1.0,0.0,0.0,0.0,-0.418
0.736,0.735,0.738,0.0004926,-0.03864,-0.849,0.597,-0.646,0.08026,0.2172,0.735,1.589,-0.4285,0.3267,0.0,0.0,-0.2566,-0.1606,0.504,0.0,-0.2349,-0.828,0.00818,-0.2333,0.07074,0.4753,0.688,0.2554,-0.1096,-0.5625,0.2417,0.2411,-0.3435,0.7285,0.7407,0.0,0.0,0.738,0.0,0.77,0.01372,0.0,0.0,0.0,0.0,0.1937,1.0,1.0,0.5,-0.0855,-0.1425,1.0,0.0,-0.5,-1.0,0.0,0.0,0.0,0.1173
0.736,0.7344,0.738,0.1436,-0.1857,-0.849,0.597,-0.6953,-0.0523,0.1656,0.7183,-0.601,-0.2856,0.3267,0.0,0.0,-0.2145,-0.1061,0.4736,0.0,-0.2323,-0.806,0.01203,-0.2308,-0.0676,0.4739,0.5664,-0.2969,-0.183,0.2554,0.439,-0.3813,0.2302,0.728,0.742,0.0,0.0,0.7363,0.0,0.757,-0.2888,0.0,0.0,0.0,0.0,-0.1818,1.0,0.5,0.0,0.02025,-0.319,0.0,1.0,-0.5,-1.0,0.0,0.0,0.0,-0.1096
0.7373,0.736,0.7393,-0.0928,0.05432,-0.849,0.597,-0.7305,0.1772,0.2428,0.728,4.15,-0.1428,0.3267,0.0,0.0,-0.2874,-0.1772,0.528,0.0,-0.2299,-0.622,-0.0249,-0.2239,0.174,0.4783,0.0902,0.5396,-0.2382,-0.2969,-0.562,0.2416,0.516,0.729,0.7427,0.0,0.0,0.7354,0.0,0.78,0.2686,0.0,0.0,0.0,0.0,0.3237,1.0,0.5,0.5,-0.1749,-0.05255,1.0,0.0,-0.5,-1.0,0.0,0.0,0.0,0.1963
0.7397,0.7383,0.7417,-0.259,0.2257,-0.849,0.597,-0.735,0.3413,0.3042,0.7466,0.7583,0.0,0.3267,0.0,0.0,-0.3425,-0.2355,0.5723,0.0,-0.2273,-0.3838,-0.1206,-0.2198,0.3413,0.4878,0.875,0.4363,-0.2308,0.5396,0.2554,0.4387,-0.682,0.733,0.745,0.0,0.0,0.7354,0.0,0.799,0.4097,0.0,0.0,0.0,0.0,0.3518,1.0,1.0,1.0,-0.328,0.1204,2.0,0.0,-0.5,-1.0,0.0,0.0,0.0,0.2113
0.741,0.7397,0.743,-0.10004,0.0623,-0.849,0.597,-0.749,0.1484,0.2554,0.767,-0.3206,0.1428,0.3267,0.0,0.0,-0.3003,-0.1875,0.5435,0.0,-0.2247,-0.7188,-0.241,-0.2186,0.1559,0.498,0.1757,-0.2795,-0.2678,0.4363,-0.2966,-0.562,0.848,0.7354,0.747,0.0,0.0,0.735,0.0,0.7866,0.4363,0.0,0.0,0.0,0.0,-0.1973,1.0,0.5,1.0,-0.1746,-0.03693,0.0,1.0,-0.5,-1.0,0.0,0.0,0.0,-0.1176
0.7417,0.74,0.7437,0.07556,-0.11884,-0.849,0.597,-0.782,-0.0581,0.1958,0.777,-0.717,0.2856,0.3267,0.0,0.0,-0.2496,-0.127,0.508,0.0,-0.2222,-0.8096,-0.331,-0.2205,-0.0674,0.509,-0.01316,-0.351,-0.2625,-0.2795,0.5396,0.2554,0.241,0.7344,0.7476,0.0,0.0,0.7354,0.0,0.7715,0.209,0.0,0.0,0.0,0.0,-0.2219,0.0,0.0,0.5,-0.0162,-0.2231,0.0,2.0,-0.5,-1.0,0.0,0.0,0.0,-0.1329
0.7417,0.74,0.7437,0.1494,-0.1947,-0.849,0.597,-0.8096,-0.1439,0.1663,0.773,-1.507,0.2856,0.3267,-1.0,0.0,-0.2252,-0.09564,0.4922,0.0,-0.2197,-0.7695,-0.3684,-0.2242,-0.1531,0.511,0.3943,-0.1553,-0.2634,-0.351,0.4363,-0.2966,-0.3813,0.735,0.747,0.0,0.0,0.736,0.0,0.7646,-0.03152,0.0,0.0,0.0,0.0,-0.1696,0.0,0.0,0.0,0.02629,-0.3274,0.0,3.0,-0.5,-1.0,0.0,0.0,0.0,-0.1022
0.741,0.7397,0.7437,0.1514,-0.2029,-0.849,0.597,-0.848,-0.1835,0.1588,0.782,1.653,0.2856,0.3267,-1.0,0.0,-0.2219,-0.0847,0.491,0.0,-0.2172,-0.56,-0.3555,-0.2417,-0.1814,0.5156,0.1666,-0.01416,-0.2695,-0.1553,-0.2793,0.5396,0.2416,0.7344,0.746,0.0,0.0,0.7354,0.0,0.7637,0.279,0.0,0.0,0.0,0.0,-0.01512,-1.0,-0.5,0.0,-0.012,-0.3792,0.0,4.0,-0.5,-0.5,0.0,0.0,0.0,-0.00914
0.743,0.7417,0.7456,-0.1771,0.1312,-0.849,0.597,-0.8677,0.1539,0.2683,0.789,-5.273,0.4285,0.3267,0.0,0.0,-0.3225,-0.1885,0.5664,0.0,-0.2146,-0.6084,-0.3108,-0.2695,0.151,0.5225,-0.2979,0.7505,-0.2465,-0.01416,-0.3508,0.436,0.4387,0.738,0.7456,0.0,0.0,0.7373,0.0,0.796,0.2478,0.0,0.0,0.0,0.0,0.772,-1.0,-0.5,0.0,-0.2944,-0.0205,1.0,0.0,-0.5,-0.5,0.0,0.0,0.0,0.4666
0.7456,0.744,0.7476,-0.2313,0.189,-0.849,0.597,-0.853,0.2223,0.293,0.7954,0.4219,0.4285,0.3267,0.0,0.0,-0.343,-0.2134,0.5864,0.0,-0.2122,-0.6675,-0.2544,-0.3103,0.2135,0.5293,0.3345,0.1958,-0.2178,0.7505,-0.1553,-0.2793,-0.562,0.74,0.7456,0.0,0.0,0.7397,0.0,0.804,0.2317,0.0,0.0,0.0,0.0,0.2029,0.0,0.0,0.0,-0.3564,0.0246,2.0,0.0,-0.5,-0.5,0.0,0.0,0.0,0.1211
0.7476,0.746,0.75,-0.2268,0.1842,-0.849,0.8125,-0.9263,0.2124,0.2979,0.81,0.11084,0.5713,0.3267,0.0,0.0,-0.354,-0.211,0.5938,0.0,-0.2096,-0.481,-0.1948,-0.338,0.2095,0.5376,0.1786,0.0697,-0.2344,0.1958,-0.01416,-0.3508,0.2554,0.7407,0.7456,0.0,0.0,0.742,0.0,0.807,0.4778,0.0,0.0,0.0,0.0,0.06125,1.0,0.0,0.5,-0.361,0.01019,3.0,0.0,-0.5,-0.5,0.0,0.0,0.0,0.03644
0.749,0.7476,0.7515,-0.1072,0.06305,-0.849,0.8125,-0.936,0.0869,0.2627,0.818,-0.2773,0.5713,0.3267,0.0,0.0,-0.3235,-0.1766,0.5737,0.0,-0.207,-0.534,-0.1505,-0.3364,0.09326,0.542,0.5874,-0.195,-0.2625,0.0697,0.7505,-0.1553,-0.2966,0.742,0.745,0.0,0.0,0.7446,0.0,0.799,0.2673,0.0,0.0,0.0,0.0,-0.128,1.0,0.0,0.0,-0.2615,-0.1236,0.0,1.0,-0.5,-0.5,0.0,0.0,0.0,-0.0761
0.7505,0.749,0.753,-0.09625,0.05215,-0.849,0.8125,-0.9683,0.08636,0.2615,0.817,0.1398,0.5713,0.3267,0.0,0.0,-0.3254,-0.1724,0.5767,0.0,-0.2046,-0.798,-0.1249,-0.311,0.08704,0.546,0.12317,0.02794,-0.2551,-0.195,0.1958,-0.01415,0.5396,0.7446,0.745,0.0,0.0,0.746,0.0,0.8,0.08496,0.0,0.0,0.0,0.0,0.02522,2.0,0.0,0.0,-0.2793,-0.1649,1.0,0.0,-0.5,-0.5,0.0,0.0,0.0,0.01503
0.752,0.7505,0.7544,-0.11743,0.07263,-0.849,0.8125,-0.969,0.0969,0.271,0.8286,0.2004,0.5713,0.3267,0.0,0.0,-0.3364,-0.1787,0.5864,0.0,-0.202,-0.649,-0.1063,-0.27,0.09375,0.5547,-0.2903,0.0977,-0.3315,0.02794,0.0697,0.7505,0.436,0.7485,0.7456,0.0,0.0,0.7485,0.0,0.804,0.5195,0.0,0.0,0.0,0.0,0.0862,2.0,0.0,0.5,-0.307,-0.153,2.0,0.0,-0.5,-0.5,0.0,0.0,0.0,0.05136
0.7524,0.7505,0.7544,0.11566,-0.1633,-0.849,0.8125,-0.9434,-0.149,0.1924,0.8267,-1.129,0.4285,0.3267,-1.0,0.0,-0.261,-0.1082,0.538,0.0,-0.1995,-0.2076,-0.1013,-0.2306,-0.1555,0.5557,0.02429,-0.4739,-0.3472,0.0977,-0.195,0.1957,-0.2793,0.7505,0.745,0.0,0.0,0.7495,0.0,0.783,0.05792,0.0,0.0,0.0,0.0,-0.927,1.0,0.0,0.0,-0.07935,-0.3767,0.0,1.0,-0.5,-0.5,0.0,0.0,0.0,-0.5513
0.7524,0.7505,0.755,0.1226,-0.1725,-0.8877,0.8125,-0.9277,-0.1775,0.185,0.8306,1.063,0.2856,0.3267,-1.0,0.0,-0.253,-0.10266,0.5366,0.0,-0.197,-0.642,-0.1219,-0.1971,-0.178,0.5557,0.3928,-0.01405,-0.3518,-0.4739,0.02794,0.0697,-0.3508,0.749,0.7456,0.0,0.0,0.75,0.0,0.7827,0.2488,0.0,0.0,0.0,0.0,-0.01498,0.0,0.0,0.0,-0.09906,-0.4146,0.0,2.0,-0.5,-0.5,0.0,0.0,0.0,-0.00898
0.753,0.7515,0.7554,0.01825,-0.0676,-0.8877,0.8125,-0.969,-0.0719,0.2164,0.828,-1.714,0.2856,0.3267,0.0,0.0,-0.2854,-0.1285,0.5605,0.0,-0.1945,-0.796,-0.1608,-0.1743,-0.06744,0.5557,0.5874,0.2389,-0.3809,-0.01405,0.0977,-0.1948,-0.1553,0.748,0.7466,0.0,0.0,0.7515,0.0,0.793,0.08246,0.0,0.0,0.0,0.0,0.1833,1.0,0.5,0.0,-0.2065,-0.321,1.0,0.0,-0.5,-0.5,0.0,0.0,0.0,0.1099
0.7544,0.7524,0.757,-0.08105,0.0331,-0.8877,0.8125,-0.969,0.04697,0.25,0.822,3.158,0.2856,0.3267,0.0,0.0,-0.3171,-0.1592,0.5864,0.0,-0.1919,-0.536,-0.2009,-0.1638,0.0515,0.5557,0.6743,0.252,-0.3816,0.2389,-0.4739,0.02792,-0.01415,0.748,0.747,0.0,0.0,0.7524,0.0,0.8037,-0.03625,0.0,0.0,0.0,0.0,0.2012,1.0,1.0,0.0,-0.301,-0.2229,2.0,0.0,-0.5,-0.5,0.0,0.0,0.0,0.1202
0.7573,0.756,0.7593,-0.3481,0.3086,-0.8125,0.8125,-0.932,0.3381,0.3477,0.833,2.113,0.2856,0.3267,0.0,0.0,-0.3984,-0.2573,0.6133,1.0,-0.2903,0.0659,-0.2249,-0.1595,0.343,0.5293,-0.01915,0.669,-0.2966,0.252,-0.01405,0.0977,0.75,0.751,0.749,0.0,0.0,0.7544,0.0,0.8325,0.5635,0.0,0.0,0.0,0.0,0.808,1.0,1.0,0.5,-0.5366,0.06604,3.0,0.0,-0.5,-0.5,0.0,0.0,0.0,0.4807
0.761,0.76,0.763,-0.4836,0.451,-0.59,0.8125,-0.9136,0.484,0.408,0.8594,0.4958,0.2856,0.3267,0.0,0.0,-0.4492,-0.3154,0.6133,1.0,-0.2903,-0.6445,-0.2108,-0.1521,0.4863,0.4993,-0.136,0.4272,-0.203,0.669,0.2389,-0.4739,0.1957,0.756,0.752,0.0,0.0,0.7573,0.0,0.8516,1.039,1.0,0.0,0.0,0.0,0.5483,2.0,1.0,1.0,-0.652,0.2201,4.0,0.0,-0.5,-0.5,0.0,0.0,0.0,0.3228
0.764,0.763,0.766,-0.364,0.332,-0.59,0.8125,-0.8633,0.3484,0.3794,0.885,-0.10535,0.4285,0.3267,0.0,0.0,-0.42,-0.2937,0.5996,0.0,-0.2878,-0.2551,-0.1603,-0.1274,0.3206,0.52,-0.0925,-0.1368,-0.1436,0.4272,0.252,-0.014046,0.06964,0.76,0.7544,0.0,0.0,0.76,0.0,0.845,1.052,1.0,0.0,0.0,0.0,-0.2158,2.0,0.5,1.0,-0.5347,0.10767,0.0,1.0,-0.5,-0.5,0.0,0.0,0.0,-0.1261
0.7666,0.765,0.7686,-0.2037,0.1674,-0.59,0.8125,-0.86,0.1608,0.3313,0.905,-0.301,0.5713,0.3267,0.0,0.0,-0.3774,-0.2489,0.5728,0.0,-0.2854,-0.602,-0.10345,-0.10614,0.136,0.5317,0.213,-0.2607,-0.1555,-0.1368,0.669,0.2389,-0.1948,0.764,0.757,0.0,0.0,0.762,0.0,0.8335,0.8257,1.0,0.0,0.0,0.0,-0.2272,1.0,0.5,1.0,-0.4084,-0.0815,0.0,2.0,-0.5,-0.5,0.0,0.0,0.0,-0.133
0.765,0.7637,0.767,0.3828,-0.4236,-0.59,0.3818,-0.7764,-0.441,0.1309,0.887,-2.248,0.4285,0.3267,-1.0,0.0,-0.1898,-0.06415,0.446,0.0,-0.2827,-0.168,-0.0769,-0.10205,-0.4668,0.531,0.2715,-1.24,-0.1562,-0.2607,0.4272,0.252,0.02792,0.764,0.7573,0.0,0.0,0.762,0.0,0.779,-0.326,0.0,0.0,0.0,0.0,-2.084,0.0,0.0,0.5,0.1947,-0.609,0.0,3.0,-0.5,-0.5,0.0,1.0,-2.68,-1.226
0.764,0.7627,0.766,0.2788,-0.3174,-0.59,0.3818,-0.77,-0.339,0.153,0.87,-0.1998,0.2856,0.3267,-1.0,0.0,-0.2096,-0.0864,0.4644,0.0,-0.2803,-0.5493,-0.0758,-0.1083,-0.3618,0.5273,0.1172,0.183,-0.1522,-1.24,-0.1368,0.669,0.0977,0.7637,0.759,0.0,0.0,0.762,0.0,0.7866,-0.3337,0.0,0.0,0.0,0.0,0.2864,0.0,0.0,0.5,0.1029,-0.4976,1.0,0.0,-0.5,-0.5,0.0,0.0,0.0,0.172
0.761,0.76,0.7627,0.6665,-0.7036,-0.59,0.3818,-0.7256,-0.724,0.0119,0.835,2.027,0.1428,0.3267,-1.0,0.0,-0.07465,0.04944,0.3757,0.0,-0.2778,-0.4595,-0.0931,-0.1236,-0.757,0.5205,0.586,-0.884,-0.09155,0.183,-0.2605,0.4272,-0.4736,0.7583,0.7583,0.0,0.0,0.7607,0.0,0.748,-0.719,0.0,0.0,0.0,0.0,-0.956,-1.0,0.0,0.0,0.5005,-0.8433,0.0,1.0,-0.5,-0.5,0.0,0.0,0.0,-0.5723
0.7583,0.7573,0.76,0.6123,-0.645,-0.59,0.3818,-0.7515,-0.6787,0.0085,0.8037,0.06158,0.0,0.3267,-1.0,0.0,-0.0737,0.05536,0.3772,0.0,-0.2751,-0.804,-0.1316,-0.1462,-0.6987,0.5093,0.517,0.01424,-0.05328,-0.884,-1.24,-0.1368,-0.014046,0.751,0.758,0.0,0.0,0.7603,0.0,0.7485,-0.6455,0.0,0.0,0.0,0.0,0.02232,0.0,0.5,0.5,0.4473,-0.787,1.0,0.0,-0.5,-0.5,0.0,0.0,0.0,0.013565
0.7554,0.7544,0.757,0.64,-0.669,-0.59,0.3818,-0.7485,-0.7095,-0.02116,0.7686,0.2029,-0.1428,0.3267,-1.0,0.0,-0.04535,0.0851,0.3618,0.0,-0.2727,-0.7837,-0.1779,-0.1809,-0.728,0.4995,0.1816,-0.1566,-0.01137,0.01424,0.1829,-0.2605,0.2388,0.7407,0.758,0.0,0.0,0.7593,0.0,0.7417,-0.7134,0.0,0.0,0.0,0.0,-0.1887,0.0,0.0,0.0,0.475,-0.8096,0.0,1.0,-0.5,-0.5,0.0,0.0,0.0,-0.1147
0.7515,0.7505,0.753,0.7964,-0.8213,-0.59,0.3818,-0.742,-0.8594,-0.0937,0.7227,0.42,-0.2856,0.3267,-1.0,0.0,0.02464,0.1588,0.318,0.0,-0.2703,-0.6626,-0.2072,-0.2203,-0.8877,0.4885,-0.2109,-0.4424,0.0758,-0.1566,-0.884,-1.239,0.252,0.73,0.757,0.0,0.0,0.7583,0.0,0.7227,-0.898,0.0,0.0,0.0,0.0,-0.5312,0.0,-0.5,-0.5,0.617,-0.9644,0.0,2.0,-0.5,-0.5,0.0,0.0,0.0,-0.3235
0.7466,0.746,0.7476,1.009,-1.024,-0.59,0.3818,-0.66,-1.076,-0.187,0.676,0.4617,-0.2856,0.3267,-1.0,0.0,0.12305,0.2483,0.2605,0.0,-0.2676,0.615,-0.21,-0.2546,-1.101,0.474,-1.126,-0.5894,0.2379,-0.4424,0.01424,0.1829,0.669,0.7173,0.7554,0.0,0.0,0.755,0.0,0.6978,-0.9243,0.0,0.0,0.0,0.0,-0.803,-1.0,-1.0,-0.5,0.843,-1.138,0.0,3.0,-0.5,-0.5,0.0,0.0,0.0,-0.493
0.742,0.7417,0.7427,0.912,-0.9185,-0.59,0.3818,-0.64,-0.991,-0.1858,0.6304,0.04633,-0.2856,0.3267,-1.0,0.0,0.1236,0.2451,0.2646,0.0,-0.2651,-0.382,-0.174,-0.2727,-1.017,0.4602,-1.92,0.04358,0.3545,-0.5894,-0.1566,-0.8833,0.4272,0.7104,0.754,0.0,0.0,0.752,0.0,0.699,-0.898,0.0,0.0,0.0,0.0,0.04965,0.0,-1.0,0.0,0.738,-1.048,1.0,0.0,-0.5,-0.5,0.0,0.0,0.0,0.03076
0.74,0.74,0.7407,0.466,-0.4639,-0.59,0.3818,-0.606,-0.5454,-0.06714,0.5947,-0.415,-0.4285,0.3267,-1.0,0.0,0.01131,0.11847,0.3462,0.0,-0.2627,-0.3198,-0.1219,-0.2742,-0.5884,0.4531,-2.143,0.842,0.3772,0.04358,-0.4424,0.01423,-0.1368,0.7056,0.7534,0.0,0.0,0.7495,0.0,0.735,-0.6157,0.0,0.0,0.0,0.0,0.6997,0.0,-0.5,0.0,0.348,-0.567,2.0,0.0,-0.5,-0.5,0.0,0.0,0.0,0.433
0.7407,0.7407,0.741,0.0782,-0.07117,-0.531,0.3818,-0.5913,-0.1245,0.05017,0.5723,-0.9297,-0.5713,0.3267,-1.0,0.0,-0.0985,-0.001893,0.4265,0.0,-0.26,-0.525,-0.0646,-0.2654,-0.1776,0.4485,-2.127,0.816,0.3726,0.842,-0.5894,-0.1565,-0.2605,0.7075,0.7534,0.0,0.0,0.7485,0.0,0.769,-0.3923,0.0,0.0,0.0,0.0,1.346,1.0,0.0,0.0,-0.010345,-0.1718,3.0,0.0,-0.5,-0.5,1.0,0.0,2.617,0.8213
0.738,0.738,0.7383,0.6577,-0.6577,-0.531,0.3818,-0.543,-0.6543,-0.1464,0.513,14.88,-0.7144,0.3267,-1.0,0.0,0.0937,0.1945,0.2998,0.0,-0.2576,-0.01976,0.02708,-0.2327,-0.7227,0.4333,-0.9346,-1.2705,0.4207,0.816,0.04355,-0.4424,-1.239,0.7046,0.7524,0.0,0.0,0.746,0.0,0.7144,-0.97,0.0,0.0,0.0,0.0,-1.639,1.0,0.0,-0.5,0.5796,-0.7017,0.0,1.0,-0.5,-0.5,0.0,0.0,0.0,-0.987
0.738,0.7373,0.739,0.1732,-0.175,-0.531,0.3818,-0.5107,-0.10516,-0.00565,0.4626,-0.974,-0.7144,0.3267,0.0,0.0,-0.0388,0.0466,0.3955,0.0,-0.2551,0.1293,0.1449,-0.1696,-0.1705,0.4153,-1.285,0.981,0.4102,-1.2705,0.8413,-0.5894,0.1829,0.706,0.7515,0.0,0.0,0.7446,0.0,0.7554,-0.765,0.0,0.0,0.0,0.0,1.45,2.0,0.0,-0.5,0.17,-0.1754,1.0,0.0,-0.5,-0.5,0.0,0.0,0.0,0.8926
0.736,0.7354,0.737,0.491,-0.506,-0.531,0.3818,-0.4424,-0.3638,-0.11835,0.403,-17.1,-0.857,0.3267,-1.0,0.0,0.0754,0.1556,0.3237,0.0,-0.2524,0.361,0.2656,-0.0789,-0.4175,0.3933,-0.4146,-0.7236,0.4373,0.981,0.8154,0.04355,-0.8833,0.706,0.75,0.0,0.0,0.7427,0.0,0.7246,-0.8765,0.0,0.0,0.0,0.0,-0.987,1.0,0.0,-0.5,0.4985,-0.4697,0.0,1.0,-0.5,-0.5,0.0,0.0,0.0,-0.5977
0.7334,0.733,0.735,0.5107,-0.5376,-0.531,0.3818,-0.3716,-0.3345,-0.1412,0.346,0.01389,-1.0,0.3267,-1.0,0.0,0.10406,0.1727,0.311,0.0,-0.25,0.1906,0.344,0.013374,-0.424,0.3813,-0.485,-0.1293,0.4663,-0.7236,-1.2705,0.8413,0.01423,0.708,0.749,0.0,0.0,0.7407,0.0,0.7188,-0.8506,0.0,0.0,0.0,0.0,-0.1578,0.0,-0.5,-0.5,0.4622,-0.561,0.0,2.0,-0.5,-0.5,0.0,0.0,0.0,-0.0968
0.7295,0.7285,0.731,0.8823,-0.911,-0.531,0.3264,-0.3484,-0.6914,-0.2766,0.2979,1.929,-1.0,0.3267,-1.0,0.0,0.2402,0.314,0.2239,0.0,-0.2474,0.3333,0.4111,0.1137,-0.7744,0.3647,-0.3906,-0.8926,0.5454,-0.1293,0.9805,0.8154,-0.1565,0.7065,0.7476,0.0,0.0,0.737,0.0,0.681,-0.774,0.0,0.0,0.0,0.0,-0.9795,-1.0,-0.5,-0.5,0.8496,-0.8887,0.0,3.0,-0.5,-0.5,0.0,0.0,0.0,-0.602
0.726,0.725,0.7275,0.719,-0.748,-0.531,0.3264,-0.258,-0.515,-0.2496,0.25,-0.1923,-1.0,0.3267,-1.0,0.0,0.2213,0.2764,0.2435,0.0,-0.245,0.523,0.4702,0.2203,-0.5957,0.3474,-0.07306,0.2046,0.576,-0.8926,-0.7236,-1.2705,-0.4421,0.7026,0.7456,0.0,0.0,0.7334,0.0,0.6895,-0.7686,0.0,0.0,0.0,0.0,0.3508,0.0,0.0,-0.5,0.66,-0.7666,1.0,0.0,-0.5,-0.5,0.0,0.0,0.0,0.2189
0.719,0.7188,0.7197,1.384,-1.3955,-0.531,0.3264,-0.02576,-1.158,-0.4758,0.1926,1.906,-1.0,0.317,-1.0,-1.0,0.474,0.5024,0.0958,0.0,-0.2424,0.9165,0.5654,0.3533,-1.176,0.3152,0.4617,-1.529,0.68,0.2046,-0.1293,0.9805,-0.5894,0.6895,0.742,0.0,0.0,0.7266,0.0,0.6255,-0.8813,0.0,0.0,0.0,0.0,-3.312,-1.0,0.0,-0.5,1.357,-1.327,0.0,1.0,-0.5,-0.5,0.0,1.0,-3.82,-2.059
0.713,0.713,0.713,1.289,-1.283,-0.531,0.3264,0.10065,-1.074,-0.4817,0.1343,0.0541,-1.0,0.307,-1.0,-1.0,0.492,0.497,0.093,0.0,-0.2399,0.6357,0.696,0.499,-1.039,0.283,0.2416,-0.02989,0.6797,-1.529,-0.8926,-0.7236,0.04355,0.681,0.7383,0.0,0.0,0.7197,0.0,0.624,-0.8916,0.0,0.0,0.0,0.0,-0.06207,-1.0,-0.5,-1.0,1.255,-1.23,0.0,2.0,-0.5,-0.5,0.0,0.0,0.0,-0.03958
0.71,0.7104,0.7104,0.5996,-0.583,-0.531,0.3264,0.1802,-0.4045,-0.2988,0.10095,-0.623,-1.0,0.307,-1.0,0.0,0.3098,0.2874,0.2155,0.0,-0.2374,0.2769,0.7896,0.6094,-0.3696,0.2708,-0.81,1.301,0.5327,-0.02989,0.2046,-0.1293,0.8413,0.674,0.7354,0.0,0.0,0.7144,0.0,0.677,-0.4822,0.0,0.0,0.0,0.0,2.207,0.0,-0.5,-0.5,0.6465,-0.496,1.0,0.0,-0.5,-0.5,0.0,0.0,0.0,1.408
0.71,0.7104,0.7104,0.1719,-0.1481,-0.2815,0.3264,0.2244,0.02861,-0.1738,0.092,-1.498,-0.857,0.307,0.0,0.0,0.1892,0.1498,0.2998,0.0,-0.2349,0.1937,0.8354,0.677,0.07355,0.2666,-1.804,0.878,0.3455,1.301,-1.529,-0.892,0.8154,0.673,0.734,0.0,0.0,0.7104,0.0,0.713,-0.1788,0.0,0.0,0.0,0.0,1.058,1.0,-0.5,0.0,0.2551,-0.0547,2.0,0.0,-0.5,-0.5,0.0,0.0,0.0,0.6606
0.714,0.7144,0.7134,-0.4045,0.4414,0.4177,0.3264,0.1617,0.627,0.02104,0.11884,4.707,-0.7144,0.307,0.0,0.0,-0.003805,-0.04474,0.4307,0.0,-0.2323,-0.1458,0.8267,0.7017,0.693,0.2734,-0.59,1.342,0.333,0.878,-0.02988,0.2046,-1.27,0.6777,0.7334,0.0,0.0,0.71,0.0,0.7695,0.2207,0.0,0.0,0.0,0.0,1.75,1.0,0.0,0.5,-0.228,0.592,3.0,0.0,-0.5,-0.5,1.0,0.0,4.23,1.077
0.714,0.715,0.7134,0.1528,-0.1135,0.4177,0.3264,0.3777,0.03986,-0.1527,0.12396,-0.7246,-0.5713,0.307,0.0,0.0,0.1823,0.1129,0.318,0.0,-0.2299,1.5625,0.775,0.6904,0.0824,0.2834,-1.47,-1.129,0.2507,1.342,1.301,-1.528,0.9805,0.6816,0.7314,0.0,0.0,0.708,0.0,0.7207,-0.03534,0.0,0.0,0.0,0.0,-1.965,1.0,-0.5,0.0,0.313,0.06223,0.0,1.0,-0.5,-0.5,0.0,0.0,0.0,-1.183
0.7173,0.7183,0.7163,-0.3625,0.4172,0.4177,0.3264,0.4197,0.6025,0.02286,0.1353,4.125,-0.4285,0.307,0.0,0.0,0.01758,-0.0713,0.4363,0.0,-0.2273,0.1185,0.6797,0.654,0.6406,0.2898,-0.7876,1.208,0.292,-1.129,0.878,-0.02988,-0.7236,0.689,0.7314,0.0,0.0,0.709,0.0,0.7715,0.02936,0.0,0.0,0.0,0.0,1.358,2.0,0.0,0.0,-0.1619,0.597,1.0,0.0,-0.5,-0.5,0.0,0.0,0.0,0.8335
0.72,0.721,0.7197,-0.3289,0.3833,0.4177,0.3264,0.3962,0.618,0.02567,0.1318,0.1675,-0.2856,0.307,0.0,0.0,0.012825,-0.07184,0.4404,0.0,-0.2247,-0.3943,0.544,0.608,0.672,0.2876,-0.533,0.0423,0.3335,1.208,1.341,1.301,-0.1293,0.7026,0.7314,0.0,0.0,0.71,0.0,0.7734,-0.1097,0.0,0.0,0.0,0.0,0.04932,2.0,0.5,0.0,-0.1952,0.493,2.0,0.0,-0.5,-0.5,0.0,0.0,0.0,0.02966
0.722,0.723,0.7217,-0.1448,0.1976,0.4177,0.3264,0.3289,0.4224,-0.0242,0.1481,-0.15,-0.1428,0.307,0.0,0.0,0.05396,-0.01497,0.4094,0.0,-0.2222,-0.598,0.3877,0.5474,0.503,0.2905,0.5337,-0.3098,0.3564,0.0423,-1.128,0.878,-0.892,0.7153,0.7305,0.0,0.0,0.7104,0.0,0.76,0.09937,0.0,0.0,0.0,0.0,-0.305,1.0,0.5,0.0,-0.0557,0.273,0.0,1.0,-0.5,-0.5,0.0,0.0,0.0,-0.1833
0.725,0.726,0.724,-0.273,0.3281,0.4177,0.3264,0.2708,0.5874,0.02737,0.1514,0.4802,-0.1428,0.307,0.0,0.0,0.0,-0.06155,0.446,0.0,-0.2197,-0.3762,0.2247,0.4744,0.6626,0.2952,0.5215,0.3682,0.41,-0.3098,1.208,1.341,0.2045,0.7246,0.73,0.0,0.0,0.7124,0.0,0.7754,-0.02158,0.0,0.0,0.0,0.0,0.558,1.0,0.5,0.0,-0.1965,0.3796,1.0,0.0,-0.5,-0.5,0.0,0.0,0.0,0.3372
0.728,0.7295,0.7275,-0.3706,0.4368,0.4177,0.3264,0.2964,0.6997,0.0749,0.1757,0.3179,0.0,0.307,0.0,0.0,-0.04214,-0.1116,0.48,0.0,-0.2172,0.747,0.0772,0.3945,0.8003,0.3013,2.31,0.3376,0.4722,0.3682,0.04227,-1.128,-1.528,0.7314,0.729,0.0,0.0,0.7153,0.0,0.79,0.2343,0.0,0.0,0.0,0.0,0.359,2.0,1.0,0.5,-0.2834,0.4922,2.0,0.0,-0.5,-0.5,0.0,0.0,0.0,0.2155
0.734,0.7363,0.733,-0.7554,0.8438,0.4177,0.3264,0.2812,1.126,0.23,0.2213,0.7173,0.1428,0.307,0.0,0.0,-0.1853,-0.2617,0.5854,0.0,-0.2146,0.395,-0.0791,0.3098,1.28,0.31,2.75,1.05,0.6245,0.3376,-0.3098,1.207,-0.02988,0.738,0.729,0.0,0.0,0.7197,0.0,0.8354,0.457,0.0,0.0,0.0,0.0,1.01,2.0,1.5,1.0,-0.6484,0.891,3.0,0.0,-0.5,-0.5,0.0,0.0,0.0,0.6025
0.7397,0.742,0.7383,-0.7197,0.815,0.4177,0.3264,0.23,1.058,0.2466,0.2864,0.0819,0.2856,0.307,0.0,0.0,-0.2048,-0.273,0.5996,0.0,-0.2122,-0.292,-0.1709,0.212,1.219,0.3362,1.971,0.1375,0.773,1.05,0.368,0.04227,1.301,0.749,0.729,0.0,0.0,0.723,0.0,0.842,0.7383,0.0,0.0,0.0,0.0,0.2153,2.0,1.5,1.5,-0.6226,0.8545,4.0,0.0,-0.5,-0.5,0.0,0.0,0.0,0.1263
0.7437,0.746,0.742,-0.4548,0.547,0.4177,0.3264,0.181,0.7324,0.1783,0.3398,-0.1608,0.4285,0.307,0.0,0.0,-0.1476,-0.2023,0.557,0.0,-0.2096,-0.2656,-0.1483,0.1063,0.921,0.354,1.48,-0.4116,0.849,0.1375,0.3376,-0.3098,0.878,0.7534,0.729,0.0,0.0,0.725,0.0,0.823,0.577,0.0,0.0,0.0,0.0,-0.4644,2.0,1.0,1.0,-0.4272,0.5312,0.0,1.0,-0.5,-0.5,0.0,0.0,0.0,-0.272
0.7485,0.75,0.7476,-0.594,0.663,0.4177,0.3264,-0.01256,0.771,0.2412,0.4294,0.1926,0.5713,0.307,0.0,0.0,-0.2217,-0.2445,0.602,0.0,-0.207,-0.2925,0.0927,0.05234,0.923,0.3982,0.3613,0.4421,0.953,-0.4116,1.049,0.368,1.341,0.7603,0.7305,0.0,0.0,0.7295,0.0,0.843,1.15,1.0,0.0,0.0,0.0,0.471,2.0,1.0,1.5,-0.527,0.6797,1.0,0.0,-0.5,-0.5,0.0,0.0,0.0,0.2776
0.7534,0.754,0.753,-0.5615,0.605,0.4177,0.3264,-0.0772,0.619,0.2455,0.519,-0.04465,0.7144,0.307,0.0,0.0,-0.2313,-0.2423,0.6094,0.0,-0.2046,-0.2385,0.4368,0.1185,0.695,0.4517,1.742,0.06854,1.054,0.4421,0.1375,0.3376,-1.128,0.768,0.7314,0.0,0.0,0.7324,0.0,0.8457,1.17,1.0,0.0,0.0,0.0,0.0737,2.0,1.5,2.0,-0.5444,0.57,2.0,0.0,-0.5,-0.5,0.0,0.0,0.0,0.04312
0.7573,0.758,0.758,-0.5176,0.543,0.4177,0.3264,-0.1852,0.4978,0.2446,0.584,-0.03842,0.857,0.307,0.0,0.0,-0.2402,-0.2312,0.6133,1.0,-0.2903,-0.6997,0.756,0.2754,0.5366,0.4888,0.7944,0.04108,1.135,0.06854,-0.4116,1.049,1.207,0.7744,0.734,0.0,0.0,0.7363,0.0,0.847,1.025,1.0,0.0,0.0,0.0,0.03976,2.0,1.5,2.0,-0.5366,0.4717,3.0,0.0,-0.5,-0.5,0.0,0.0,0.0,0.02324
0.7603,0.7603,0.7607,-0.2676,0.279,0.4177,0.3264,-0.2047,0.1841,0.1691,0.6235,-0.4185,0.857,0.307,0.0,0.0,-0.1737,-0.1562,0.5684,0.0,-0.2878,-0.2491,1.01,0.454,0.2113,0.5117,0.938,-0.438,1.165,0.04108,0.442,0.1375,0.04227,0.778,0.736,0.0,0.0,0.74,0.0,0.8276,0.6895,0.0,0.0,0.0,0.0,-0.4492,1.0,1.0,1.5,-0.3406,0.1683,0.0,1.0,-0.5,-0.5,0.0,0.0,0.0,-0.2625
0.765,0.765,0.7656,-0.65,0.6694,0.4177,0.422,-0.2408,0.5913,0.3127,0.655,1.635,0.857,0.317,0.0,0.0,-0.3057,-0.2905,0.6133,1.0,-0.2903,0.2607,1.218,0.6367,0.6094,0.4736,1.404,0.9927,1.2,-0.438,0.06854,-0.4114,-0.3098,0.7812,0.7383,0.0,0.0,0.746,0.0,0.8716,0.6294,0.0,0.0,0.0,0.0,1.347,2.0,1.5,1.5,-0.708,0.545,1.0,0.0,-0.5,-0.5,0.0,0.0,0.0,0.792
0.7705,0.77,0.7715,-0.672,0.678,0.4177,0.422,-0.411,0.568,0.3374,0.7124,0.10657,0.857,0.3267,0.0,0.0,-0.3428,-0.2976,0.6133,1.0,-0.2903,-0.4727,1.41,0.8267,0.596,0.4763,1.292,0.217,1.233,0.9927,0.04108,0.442,0.368,0.785,0.742,0.0,0.0,0.7524,0.0,0.881,1.24,1.0,0.0,0.0,0.0,0.1796,2.0,1.5,2.0,-0.7715,0.5073,2.0,0.0,-0.5,-0.5,0.0,0.0,0.0,0.10394
0.775,0.7744,0.7764,-0.5835,0.5845,0.4177,0.422,-0.543,0.465,0.3235,0.7456,-0.02171,0.857,0.3367,0.0,0.0,-0.3423,-0.272,0.611,0.0,-0.2878,-0.7817,1.559,0.9946,0.504,0.493,1.194,-0.02702,1.062,0.217,-0.438,0.06854,0.3376,0.7905,0.746,0.0,0.0,0.7607,0.0,0.88,1.012,1.0,0.0,0.0,0.0,-0.0245,1.0,1.0,1.5,-0.688,0.415,0.0,1.0,-0.5,-0.5,0.0,0.0,0.0,-0.01414
0.781,0.7803,0.7817,-0.7207,0.724,0.4177,0.6436,-0.553,0.603,0.3904,0.788,0.404,0.857,0.3367,0.0,0.0,-0.4016,-0.3335,0.6133,1.0,-0.2903,-0.426,1.658,1.134,0.6494,0.4653,0.294,0.4868,0.8345,-0.02702,0.9927,0.04108,1.049,0.796,0.7505,0.0,0.0,0.77,0.0,0.9014,1.105,1.0,0.0,0.0,0.0,0.4417,1.0,1.0,1.5,-0.808,0.5625,1.0,0.0,-0.5,-0.5,0.0,0.0,0.0,0.2546
0.7827,0.782,0.784,-0.1843,0.175,0.4177,0.6436,-0.4502,0.001565,0.2174,0.8174,-0.776,0.857,0.3367,0.0,0.0,-0.2395,-0.1797,0.506,0.0,-0.2878,0.2349,1.705,1.245,0.04932,0.4822,0.3088,-1.046,0.631,0.4868,0.217,-0.4377,0.1375,0.7964,0.753,0.0,0.0,0.776,0.0,0.854,0.6626,0.0,0.0,0.0,0.0,-1.153,1.0,0.5,1.5,-0.2651,0.06244,0.0,1.0,-0.5,-0.5,0.0,0.0,0.0,-0.66
0.784,0.783,0.7856,-0.0978,0.07697,0.4177,0.6157,-0.4827,-0.1238,0.1875,0.8354,-1.035,0.7144,0.3464,-1.0,0.0,-0.2153,-0.1476,0.4922,0.0,-0.2854,-0.8105,1.706,1.336,-0.112,0.5024,0.7915,-0.1365,0.4836,-1.046,-0.02702,0.9927,-0.4114,0.797,0.755,0.0,0.0,0.7803,0.0,0.8477,0.5024,0.0,0.0,0.0,0.0,-0.1361,0.0,0.5,1.0,-0.1892,-0.04047,0.0,2.0,-0.5,-0.5,0.0,0.0,0.0,-0.0793
0.7856,0.784,0.7876,-0.07404,0.04175,-0.431,0.6084,-0.5986,-0.1764,0.1769,0.847,6.832,0.5713,0.3564,-1.0,0.0,-0.2161,-0.1262,0.4907,0.0,-0.2827,-0.608,1.627,1.4,-0.1539,0.51,0.3748,-0.01368,0.4446,-0.1365,0.4866,0.2169,0.442,0.7983,0.758,0.0,0.0,0.7827,0.0,0.847,0.3992,0.0,0.0,0.0,0.0,-0.02364,-1.0,0.0,0.5,-0.215,-0.1277,0.0,3.0,-0.5,-0.5,0.0,0.0,0.0,-0.0138
0.7856,0.7847,0.7876,0.1086,-0.1447,-0.431,0.4187,-0.6807,-0.3545,0.1121,0.832,3.33,0.4285,0.3665,-1.0,0.0,-0.1641,-0.05487,0.4536,0.0,-0.2803,-0.621,1.46,1.437,-0.3474,0.5127,0.3135,-0.3694,0.2489,-0.01368,-1.046,-0.02702,0.06854,0.795,0.76,0.0,0.0,0.7866,0.0,0.8306,-0.1755,0.0,0.0,0.0,0.0,-0.3577,-1.0,-0.5,0.0,-0.03079,-0.298,0.0,4.0,-0.5,-0.5,0.0,0.0,0.0,-0.2089
0.787,0.786,0.789,-0.0992,0.0658,-0.431,0.4187,-0.6636,-0.129,0.1777,0.8237,-0.89,0.2856,0.3665,-1.0,0.0,-0.2227,-0.1208,0.502,0.0,-0.2778,0.01544,1.241,1.439,-0.10876,0.5117,0.234,0.482,0.181,-0.3694,-0.1365,0.4866,0.04108,0.7925,0.762,0.0,0.0,0.789,0.0,0.8516,-0.02483,0.0,0.0,0.0,0.0,0.598,-1.0,-0.5,0.0,-0.2224,-0.0863,1.0,0.0,-0.5,-0.5,0.0,0.0,0.0,0.3516
0.7886,0.787,0.791,-0.09576,0.05936,-0.431,0.4187,-0.689,-0.1338,0.1765,0.825,0.52,0.1428,0.3665,-1.0,0.0,-0.2239,-0.1172,0.506,0.0,-0.2751,-0.5547,0.9517,1.41,-0.1187,0.518,0.727,0.041,0.10077,0.482,-0.01368,-1.046,-0.4377,0.79,0.765,0.0,0.0,0.7915,0.0,0.8535,0.1945,0.0,0.0,0.0,0.0,0.06854,0.0,0.0,0.5,-0.2386,-0.11395,2.0,0.0,-0.5,-0.5,0.0,0.0,0.0,0.03995
0.792,0.7905,0.794,-0.3738,0.3428,-0.431,0.4187,-0.674,0.1732,0.2754,0.831,-17.1,0.1428,0.3665,0.0,0.0,-0.3115,-0.214,0.576,0.0,-0.2727,0.03406,0.6846,1.35,0.189,0.5244,-0.286,0.6963,-0.0171,0.041,-0.3694,-0.1365,0.992,0.7886,0.77,0.0,0.0,0.796,0.0,0.8843,0.2925,0.0,0.0,0.0,0.0,0.681,1.0,0.0,0.5,-0.4683,0.2007,3.0,0.0,-0.5,-0.5,0.0,0.0,0.0,0.3967
0.7944,0.793,0.7964,-0.2313,0.1976,-0.431,0.4187,-0.7075,0.0423,0.2349,0.8325,-0.355,0.1428,0.3665,0.0,0.0,-0.2783,-0.1719,0.554,0.0,-0.2703,-0.6895,0.498,1.257,0.05862,0.5293,-0.491,-0.216,-0.1396,0.6963,0.482,-0.01367,0.2169,0.7905,0.774,0.0,0.0,0.799,0.0,0.8745,0.1566,0.0,0.0,0.0,0.0,-0.2617,1.0,-0.5,0.0,-0.3252,0.06726,0.0,1.0,-0.5,-0.5,0.0,0.0,0.0,-0.1506
0.797,0.7954,0.799,-0.2489,0.2158,-0.431,0.4187,-0.704,0.0755,0.247,0.8364,0.3745,0.1428,0.3665,0.0,0.0,-0.2888,-0.1838,0.567,0.0,-0.2676,-0.636,0.3535,1.128,0.0981,0.5337,-0.4746,0.1219,-0.2422,-0.216,0.041,-0.3694,-0.02702,0.7935,0.7793,0.0,0.0,0.8022,0.0,0.88,0.1869,0.0,0.0,0.0,0.0,0.091,2.0,0.0,0.0,-0.3584,0.06683,1.0,0.0,-0.5,-0.5,0.0,0.0,0.0,0.0526
0.8,0.7983,0.8022,-0.365,0.3315,-0.431,0.4187,-0.7324,0.1941,0.295,0.8564,0.825,0.1428,0.3665,0.0,0.0,-0.334,-0.2267,0.6025,0.0,-0.2651,-0.8037,0.2218,0.9634,0.2312,0.542,-1.011,0.3513,-0.2106,0.1219,0.696,0.4817,0.4866,0.798,0.7856,0.0,0.0,0.804,0.0,0.8955,0.533,0.0,0.0,0.0,0.0,0.223,2.0,0.0,0.5,-0.4993,0.1465,2.0,0.0,-0.5,-0.5,0.0,0.0,0.0,0.1287
0.8022,0.801,0.804,-0.2064,0.1697,-0.7817,0.4187,-0.8174,0.05655,0.2488,0.8525,-0.345,0.1428,0.3665,0.0,0.0,-0.3005,-0.1747,0.576,0.0,-0.2627,-0.7646,0.0917,0.788,0.07135,0.5493,0.1456,-0.2554,-0.2034,0.3513,-0.2158,0.04095,-1.046,0.8027,0.79,0.0,0.0,0.8057,0.0,0.884,0.0196,0.0,0.0,0.0,0.0,-0.3567,1.0,0.0,0.0,-0.3484,-0.01114,0.0,1.0,-0.5,-0.5,0.0,0.0,0.0,-0.2045
0.8076,0.806,0.809,-0.687,0.668,-0.7817,0.4187,-0.721,0.6084,0.43,0.8667,3.67,0.1428,0.3665,0.0,0.0,-0.451,-0.354,0.6133,1.0,-0.2903,0.2361,0.04202,0.5986,0.5464,0.4868,0.3718,1.215,-0.0928,-0.2554,0.1219,0.696,-0.1365,0.811,0.795,0.0,0.0,0.809,0.0,0.9385,0.4033,0.0,0.0,0.0,0.0,3.465,1.0,0.5,0.0,-0.744,0.5425,1.0,0.0,-0.5,-0.5,1.0,0.0,2.309,1.995
0.814,0.813,0.8154,-0.8594,0.856,-0.4673,0.4187,-0.679,0.8433,0.518,0.893,0.4988,0.1428,0.3665,0.0,0.0,-0.5225,-0.4385,0.6133,1.0,-0.2903,-0.1859,0.02478,0.4429,0.781,0.4382,0.6133,0.6084,0.105,1.215,0.3513,-0.2158,-0.01367,0.8213,0.7993,0.0,0.0,0.8135,0.0,0.9663,0.5913,0.0,0.0,0.0,0.0,0.8076,2.0,1.0,0.5,-0.9062,0.728,2.0,0.0,-0.5,-0.5,0.0,0.0,0.0,0.4556
0.8193,0.819,0.8203,-0.6533,0.6543,-0.4673,0.4187,-0.6514,0.6733,0.4707,0.9053,-0.05136,0.1428,0.3665,0.0,0.0,-0.4797,-0.3982,0.588,0.0,-0.2878,-0.1984,0.05524,0.3533,0.588,0.4524,1.314,-0.2488,0.2095,0.6084,-0.2551,0.1218,-0.3694,0.8276,0.804,0.0,0.0,0.817,0.0,0.9546,0.3328,0.0,0.0,0.0,0.0,-0.426,1.0,1.0,0.0,-0.7573,0.48,0.0,1.0,-0.5,-0.5,0.0,0.0,0.0,-0.2379
0.823,0.8228,0.824,-0.4695,0.467,-0.4673,0.4187,-0.7373,0.4756,0.4236,0.9336,-0.1321,0.1428,0.3665,0.0,0.0,-0.447,-0.3467,0.5625,0.0,-0.2854,-0.85,0.10803,0.3005,0.4124,0.4631,1.099,-0.2498,0.2593,-0.2488,1.214,0.3513,0.4817,0.834,0.808,0.0,0.0,0.8203,0.0,0.943,0.765,1.0,0.0,0.0,0.0,-0.279,0.0,0.5,0.0,-0.5786,0.3013,0.0,2.0,-0.5,-0.5,0.0,0.0,0.0,-0.1566
0.8286,0.828,0.8296,-0.6387,0.645,-0.4673,0.4187,-0.677,0.65,0.5015,0.975,0.466,0.2856,0.3665,0.0,0.0,-0.5083,-0.4236,0.6133,1.0,-0.2903,-0.0987,0.2006,0.2695,0.605,0.4746,1.281,0.5415,0.3127,-0.2498,0.6084,-0.2551,0.04095,0.8423,0.8125,0.0,0.0,0.8247,0.0,0.968,0.9805,1.0,0.0,0.0,0.0,0.6084,1.0,0.5,0.5,-0.714,0.503,1.0,0.0,-0.5,-0.5,0.0,0.0,0.0,0.3428
0.832,0.8315,0.833,-0.4092,0.4148,-0.4673,0.4187,-0.609,0.3887,0.438,1.011,-0.2314,0.4285,0.3665,0.0,0.0,-0.448,-0.3723,0.577,0.0,-0.2878,-0.3918,0.3057,0.2573,0.347,0.492,0.802,-0.3533,0.3638,0.5415,-0.2487,1.214,0.696,0.847,0.8164,0.0,0.0,0.827,0.0,0.951,0.776,1.0,0.0,0.0,0.0,-0.3374,0.0,0.0,0.5,-0.5,0.274,0.0,1.0,-0.5,-0.5,0.0,0.0,0.0,-0.1884
0.8315,0.831,0.8325,0.2686,-0.2722,-0.4673,0.3184,-0.4636,-0.3577,0.2096,1.027,-1.482,0.4285,0.3665,-1.0,0.0,-0.2336,-0.1708,0.4333,0.0,-0.2854,0.613,0.3865,0.2625,-0.3884,0.501,1.209,-1.408,0.361,-0.3533,-0.2498,0.608,-0.2158,0.8477,0.8193,0.0,0.0,0.8276,0.0,0.886,0.2783,0.0,0.0,0.0,0.0,-2.064,-1.0,0.0,0.5,0.1879,-0.3496,0.0,2.0,-0.5,-0.5,0.0,0.0,0.0,-1.16
0.831,0.8306,0.832,0.202,-0.2095,-0.4673,0.3184,-0.462,-0.3303,0.223,1.036,0.0191,0.4285,0.3665,-1.0,0.0,-0.2456,-0.184,0.4456,0.0,-0.2827,0.04752,0.44,0.275,-0.3796,0.511,1.105,0.1213,0.357,-1.408,0.541,-0.2487,0.1218,0.8433,0.8213,0.0,0.0,0.828,0.0,0.8916,0.1796,0.0,0.0,0.0,0.0,0.1251,0.0,0.0,0.5,0.1317,-0.2808,1.0,0.0,-0.5,-0.5,0.0,0.0,0.0,0.07196
0.828,0.8276,0.829,0.666,-0.6743,-0.4673,0.3184,-0.369,-0.829,0.05862,1.025,2.686,0.4285,0.3665,-1.0,0.0,-0.0865,-0.03162,0.3418,0.0,-0.2803,0.1842,0.4622,0.2886,-0.8916,0.5146,0.748,-1.036,0.3928,0.1213,-0.3533,-0.2496,0.3513,0.8325,0.822,0.0,0.0,0.826,0.0,0.844,-0.186,0.0,0.0,0.0,0.0,-1.405,0.0,-0.5,0.0,0.5854,-0.7207,0.0,1.0,-0.5,-0.5,0.0,0.0,0.0,-0.8066
0.824,0.824,0.8247,0.764,-0.7646,-0.4673,0.3184,-0.3271,-0.941,0.006283,0.9946,0.3145,0.2856,0.3665,-1.0,0.0,-0.03366,0.01695,0.311,0.0,-0.2778,0.4333,0.4395,0.29,-1.015,0.509,0.9097,-0.315,0.4253,-1.036,-1.408,0.541,-0.2551,0.8213,0.8213,0.0,0.0,0.8257,0.0,0.83,-0.5034,0.0,0.0,0.0,0.0,-0.4038,-1.0,-0.5,-0.5,0.679,-0.808,0.0,2.0,-0.5,-0.5,0.0,0.0,0.0,-0.2358
0.821,0.821,0.821,0.751,-0.737,-0.4673,0.3184,-0.1746,-0.9453,-0.009766,0.9673,0.1493,0.1428,0.3665,-1.0,0.0,-0.004814,0.01859,0.303,0.0,-0.2751,1.011,0.3735,0.2861,-1.016,0.5005,-0.5674,-0.0826,0.4553,-0.315,0.1213,-0.353,1.214,0.8105,0.822,0.0,0.0,0.825,0.0,0.8267,-0.4673,0.0,0.0,0.0,0.0,-0.1305,-1.0,-1.0,-0.5,0.659,-0.7896,0.0,3.0,-0.5,-0.5,0.0,0.0,0.0,-0.0766
0.8203,0.821,0.821,0.1738,-0.1499,-0.4673,0.3184,-0.1262,-0.381,0.1638,0.9595,-0.6025,0.0,0.3665,-1.0,0.0,-0.1619,-0.1587,0.4185,0.0,-0.2727,0.2905,0.2712,0.271,-0.439,0.4963,-1.529,1.185,0.427,-0.0826,-1.035,-1.407,0.608,0.8022,0.8223,0.0,0.0,0.826,0.0,0.879,-0.1337,0.0,0.0,0.0,0.0,1.525,0.0,-1.0,-0.5,0.1564,-0.1658,1.0,0.0,-0.5,-0.5,0.0,0.0,0.0,0.897
0.826,0.827,0.826,-0.692,0.738,0.264,0.3184,-0.02881,0.5503,0.4705,0.982,-3.697,0.0,0.3665,0.0,0.0,-0.4238,-0.4575,0.6133,1.0,-0.2903,0.9365,0.1549,0.2517,0.5015,0.496,-1.457,2.041,0.45,1.185,-0.3147,0.1213,-0.2487,0.804,0.825,0.0,0.0,0.8306,0.0,0.97,0.2559,0.0,0.0,0.0,0.0,3.559,0.0,-0.5,-0.5,-0.5767,0.7993,2.0,0.0,-0.5,-0.5,1.0,0.0,4.234,2.053
0.8325,0.8335,0.832,-0.7607,0.816,0.4546,0.3184,0.007355,0.6504,0.521,1.017,0.3086,0.0,0.3665,0.0,0.0,-0.4634,-0.507,0.6133,1.0,-0.2903,-0.2659,0.0526,0.2423,0.5474,0.4866,-1.131,0.366,0.52,2.041,-0.0825,-1.035,-0.2496,0.8135,0.828,0.0,0.0,0.835,0.0,0.9873,0.3958,0.0,0.0,0.0,0.0,1.115,1.0,0.0,0.0,-0.6895,0.824,3.0,0.0,-0.5,-0.5,0.0,0.0,0.0,0.6216
0.8394,0.8403,0.8384,-0.846,0.9053,0.6714,0.3184,-0.11633,0.804,0.5796,1.036,0.3633,0.0,0.3665,0.0,0.0,-0.524,-0.548,0.6133,1.0,-0.2903,-0.4126,-0.006554,0.228,0.7173,0.4514,-1.633,0.4155,0.609,0.366,1.185,-0.3147,0.541,0.824,0.8325,0.0,0.0,0.8403,0.0,1.007,0.2477,0.0,0.0,0.0,0.0,0.5435,2.0,0.0,0.0,-0.7827,0.8984,4.0,0.0,-0.5,-0.5,0.0,0.0,0.0,0.3013
0.843,0.844,0.8423,-0.3843,0.4417,0.6714,0.3184,-0.03918,0.3784,0.4382,1.025,-0.3652,0.0,0.3665,0.0,0.0,-0.3972,-0.427,0.5273,0.0,-0.2878,0.3762,-0.0667,0.2018,0.29,0.4534,-1.129,-0.8384,0.6323,0.4155,2.04,-0.0825,-0.353,0.8354,0.8345,0.0,0.0,0.843,0.0,0.967,-0.12445,0.0,0.0,0.0,0.0,-0.932,2.0,0.0,-0.5,-0.3176,0.4739,0.0,1.0,-0.5,-0.5,0.0,0.0,0.0,-0.513
0.846,0.847,0.8457,-0.32,0.3743,0.6714,0.3184,-0.0995,0.3555,0.4272,1.02,0.09186,0.0,0.3665,0.0,0.0,-0.393,-0.4111,0.525,0.0,-0.2854,-0.8906,-0.1309,0.1572,0.2898,0.4507,0.5156,-0.02617,0.634,-0.8384,0.3657,1.185,-1.407,0.848,0.8364,0.0,0.0,0.846,0.0,0.9653,-0.0674,0.0,0.0,0.0,0.0,-0.01778,1.0,0.0,-0.5,-0.2683,0.3953,0.0,2.0,-0.5,-0.5,0.0,0.0,0.0,-0.00992
0.8496,0.851,0.849,-0.3552,0.4136,0.6714,0.3184,-0.0823,0.4272,0.4507,1.021,0.3103,0.0,0.3665,0.0,0.0,-0.4116,-0.4343,0.5444,0.0,-0.2827,-0.612,-0.1975,0.09595,0.381,0.4517,0.58,0.1963,0.6416,-0.02617,0.4155,2.04,0.1212,0.862,0.8384,0.0,0.0,0.849,0.0,0.9746,0.04727,0.0,0.0,0.0,0.0,0.1085,1.0,0.0,0.0,-0.3218,0.4119,1.0,0.0,-0.5,-0.5,0.0,0.0,0.0,0.06058
0.852,0.853,0.851,-0.1638,0.2158,0.6714,0.3184,-0.1345,0.2695,0.3914,1.006,-0.176,0.0,0.3665,0.0,0.0,-0.3652,-0.3748,0.511,0.0,-0.2803,-0.7837,-0.2499,0.0194,0.2328,0.449,1.941,-0.3262,0.6406,0.1963,-0.8384,0.3657,-1.035,0.869,0.84,0.0,0.0,0.851,0.0,0.9595,-0.1753,0.0,0.0,0.0,0.0,-0.2268,0.0,0.0,-0.5,-0.1411,0.2173,0.0,1.0,-0.5,-0.5,0.0,0.0,0.0,-0.1262
0.854,0.855,0.854,-0.1842,0.2325,0.6714,0.3184,-0.2183,0.3162,0.403,1.001,0.2766,0.0,0.3665,0.0,0.0,-0.3828,-0.3774,0.5234,0.0,-0.2778,-0.8906,-0.2683,-0.0717,0.2786,0.4517,2.572,0.11804,0.6245,-0.3262,-0.02615,0.4155,-0.3147,0.8687,0.8423,0.0,0.0,0.854,0.0,0.965,-0.049,0.0,0.0,0.0,0.0,0.0933,0.0,0.5,0.0,-0.2262,0.162,1.0,0.0,-0.5,-0.5,0.0,0.0,0.0,0.05225
0.854,0.855,0.8535,0.2379,-0.196,0.6714,0.3184,-0.2026,-0.1505,0.2588,1.009,-1.044,0.0,0.3665,-1.0,0.0,-0.2546,-0.2432,0.4346,0.0,-0.2751,0.458,-0.269,-0.1371,-0.1804,0.4575,2.996,-0.877,0.625,0.11804,0.1963,-0.838,-0.0825,0.863,0.8438,0.0,0.0,0.8535,0.0,0.924,0.10803,0.0,0.0,0.0,0.0,-0.805,0.0,0.5,0.0,0.2123,-0.2157,0.0,1.0,-0.5,-0.5,0.0,0.0,0.0,-0.4497
0.853,0.854,0.8525,0.3022,-0.2627,0.6714,0.3184,-0.1993,-0.2489,0.228,1.011,3.2,0.0,0.3665,-1.0,0.0,-0.2267,-0.214,0.4187,0.0,-0.2727,0.01506,-0.256,-0.1965,-0.2727,0.4607,1.951,-0.1594,0.6133,-0.877,-0.326,-0.02615,1.185,0.855,0.8457,0.0,0.0,0.852,0.0,0.9165,0.02786,0.0,0.0,0.0,0.0,-0.1357,0.0,0.0,-0.5,0.2286,-0.3298,0.0,2.0,-0.5,-0.5,0.0,0.0,0.0,-0.0769
0.8525,0.853,0.8525,0.2798,-0.2496,0.6714,0.3184,-0.2174,-0.2988,0.2234,1.032,0.5513,0.0,0.3665,-1.0,0.0,-0.224,-0.2078,0.42,0.0,-0.2703,-0.05692,-0.2257,-0.2378,-0.3164,0.4714,-0.2155,0.01331,0.6074,-0.1594,0.118,0.1962,2.04,0.85,0.8477,0.0,0.0,0.851,0.0,0.917,0.3877,0.0,0.0,0.0,0.0,0.02016,0.0,0.0,0.0,0.1968,-0.3286,1.0,0.0,-0.5,-0.5,0.0,0.0,0.0,0.01146
0.8496,0.85,0.85,0.5693,-0.5522,0.6714,0.3184,-0.1693,-0.6724,0.1118,1.047,2.375,0.0,0.3665,-1.0,0.0,-0.11804,-0.1036,0.3523,0.0,-0.2676,0.702,-0.2073,-0.2715,-0.668,0.4768,-0.7637,-0.679,0.626,0.01331,-0.877,-0.326,0.3657,0.843,0.848,0.0,0.0,0.849,0.0,0.8857,0.2466,0.0,0.0,0.0,0.0,-1.181,0.0,-0.5,0.0,0.506,-0.5874,0.0,1.0,-0.5,-0.5,0.0,0.0,0.0,-0.671
0.849,0.8486,0.85,0.3042,-0.3079,0.6714,0.3184,-0.306,-0.5015,0.179,1.071,-0.1938,0.0,0.3665,-1.0,0.0,-0.1917,-0.1562,0.4001,0.0,-0.2651,-0.4297,-0.1903,-0.27,-0.5083,0.4922,-1.49,0.4849,0.6055,-0.679,-0.1594,0.118,0.4153,0.837,0.8496,0.0,0.0,0.847,0.0,0.9077,0.3894,0.0,0.0,0.0,0.0,0.5835,0.0,-0.5,0.5,0.2325,-0.3726,1.0,0.0,-0.5,-0.5,0.0,0.0,0.0,0.3352
0.8516,0.851,0.8525,-0.2482,0.2432,0.6714,0.3184,-0.3293,0.02777,0.3599,1.097,-1.359,0.1428,0.3665,0.0,0.0,-0.3552,-0.3267,0.522,0.0,-0.2627,-0.06256,-0.1757,-0.2306,0.006367,0.508,-0.758,1.2295,0.6187,0.4849,0.01331,-0.8765,-0.838,0.8374,0.8516,0.0,0.0,0.8477,0.0,0.9634,0.407,0.0,0.0,0.0,0.0,1.579,1.0,0.0,0.5,-0.3245,0.1305,2.0,0.0,-0.5,-0.5,1.0,0.0,2.93,0.9004
0.852,0.851,0.8535,0.0646,-0.07745,0.6714,0.487,-0.4333,-0.2559,0.254,1.068,-2.033,0.0,0.3665,-1.0,0.0,-0.2708,-0.2163,0.4585,0.0,-0.26,-0.08356,-0.1787,-0.1969,-0.3052,0.509,-0.734,-0.6284,0.599,1.2295,-0.679,-0.1593,-0.02615,0.8345,0.8525,0.0,0.0,0.8496,0.0,0.934,-0.4026,0.0,0.0,0.0,0.0,-0.8003,1.0,0.0,0.0,-0.01496,-0.1693,0.0,1.0,-0.5,-0.5,0.0,0.0,0.0,-0.447
0.854,0.853,0.8555,-0.1477,0.1353,0.6714,0.487,-0.4246,0.01138,0.324,1.042,-1.939,0.0,0.3665,0.0,0.0,-0.332,-0.2837,0.509,0.0,-0.2576,0.011055,-0.1788,-0.1888,0.01718,0.4917,-1.033,0.503,0.5933,-0.6284,0.4849,0.01331,0.1962,0.838,0.8545,0.0,0.0,0.8516,0.0,0.957,-0.3518,0.0,0.0,0.0,0.0,0.825,1.0,0.0,0.0,-0.2097,0.04587,1.0,0.0,-0.5,-0.5,0.0,0.0,0.0,0.466
0.852,0.851,0.8535,0.4487,-0.4688,0.6714,0.487,-0.2712,-0.5356,0.1181,0.9814,-4.598,-0.1428,0.3665,-1.0,0.0,-0.1329,-0.1,0.3801,0.0,-0.2551,0.872,-0.1924,-0.1976,-0.5176,0.4734,-0.699,-1.272,0.502,0.503,1.229,-0.6787,-0.326,0.836,0.8545,0.0,0.0,0.8535,0.0,0.898,-0.846,0.0,0.0,0.0,0.0,-2.3,1.0,0.0,-0.5,0.374,-0.5254,0.0,1.0,-0.5,-0.5,0.0,0.0,0.0,-1.288
0.849,0.8486,0.8506,0.6206,-0.6396,0.6714,0.342,-0.3066,-0.684,0.04422,0.931,0.5303,-0.2856,0.3665,-1.0,0.0,-0.0675,-0.02316,0.3364,0.0,-0.2524,-0.11,-0.1952,-0.2189,-0.646,0.4553,-0.9824,-0.4424,0.384,-1.272,-0.6284,0.4846,0.118,0.8325,0.8545,0.0,0.0,0.855,0.0,0.8774,-0.7524,0.0,0.0,0.0,0.0,-0.6807,0.0,-0.5,-0.5,0.5566,-0.6714,0.0,2.0,-0.5,-0.5,0.0,0.0,0.0,-0.3894
0.845,0.8447,0.846,0.782,-0.7935,0.6714,0.1131,-0.2189,-0.8193,-0.02925,0.873,0.4036,-0.4285,0.3665,-1.0,0.0,0.00973,0.0426,0.2927,0.0,-0.25,-0.0268,-0.1831,-0.251,-0.806,0.444,-0.19,-0.4458,0.2825,-0.4424,0.5024,1.229,-0.8765,0.83,0.853,0.0,0.0,0.856,0.0,0.8574,-0.8433,0.0,0.0,0.0,0.0,-0.4543,-1.0,-0.5,-0.5,0.7183,-0.813,0.0,3.0,-0.5,-0.5,0.0,0.0,0.0,-0.2617
0.8438,0.8433,0.8447,0.3943,-0.4028,0.6714,0.1131,-0.1843,-0.4048,0.0748,0.8247,-0.5024,-0.5713,0.3665,-1.0,0.0,-0.0851,-0.0655,0.3643,0.0,-0.2474,0.0646,-0.1453,-0.286,-0.407,0.433,-0.1704,0.735,0.2576,-0.4458,-1.272,-0.628,-0.1593,0.8286,0.8516,0.0,0.0,0.8564,0.0,0.89,-0.6504,0.0,0.0,0.0,0.0,0.8667,0.0,0.0,-0.5,0.3743,-0.4043,1.0,0.0,-0.5,-0.5,0.0,0.0,0.0,0.503
0.8413,0.841,0.8423,0.535,-0.5435,0.6714,0.1131,-0.0985,-0.5176,0.013626,0.7764,0.5703,-0.7144,0.3665,-1.0,0.0,-0.02011,-0.01235,0.3286,0.0,-0.245,0.1284,-0.0884,-0.2969,-0.534,0.423,-0.2468,-0.363,0.2954,0.735,-0.4424,0.5024,0.01331,0.8203,0.8496,0.0,0.0,0.8535,0.0,0.8735,-0.6562,0.0,0.0,0.0,0.0,-0.4897,-1.0,-0.5,-0.5,0.5195,-0.5293,0.0,1.0,-0.5,-0.5,0.0,0.0,0.0,-0.281
0.8384,0.838,0.84,0.5957,-0.6055,0.6714,0.1131,-0.04117,-0.5474,-0.0249,0.7217,0.2238,-0.857,0.3665,-1.0,0.0,0.0215,0.02118,0.3074,0.0,-0.2424,-0.286,0.00158,-0.254,-0.5723,0.4092,0.4138,-0.2164,0.3064,-0.363,-0.4456,-1.272,-0.6787,0.814,0.848,0.0,0.0,0.8496,0.0,0.864,-0.7427,0.0,0.0,0.0,0.0,-0.2998,-1.0,-0.5,-1.0,0.5415,-0.629,0.0,2.0,-0.5,-0.5,0.0,0.0,0.0,-0.173
0.838,0.8374,0.839,0.2937,-0.3022,-0.524,0.1131,-0.10693,-0.2404,0.0561,0.695,-0.6357,-0.857,0.3665,-1.0,0.0,-0.0607,-0.05417,0.3643,0.0,-0.2399,-0.0439,0.09924,-0.2006,-0.2537,0.4006,-0.1764,0.5835,0.2021,-0.2164,0.735,-0.4421,0.4846,0.808,0.846,0.0,0.0,0.8457,0.0,0.8896,-0.3425,0.0,0.0,0.0,0.0,0.8057,0.0,-0.5,-0.5,0.28,-0.3047,1.0,0.0,-0.5,-0.5,0.0,0.0,0.0,0.4666
0.8345,0.834,0.8354,0.6636,-0.6724,-0.524,0.1131,-0.1024,-0.606,-0.0791,0.655,3.346,-0.857,0.3665,-1.0,0.0,0.0679,0.0825,0.2808,0.0,-0.2374,-0.2257,0.1992,-0.1412,-0.619,0.3914,-1.595,-0.8467,0.2319,0.5835,-0.3628,-0.4456,1.229,0.8037,0.844,0.0,0.0,0.8423,0.0,0.8516,-0.5073,0.0,0.0,0.0,0.0,-1.476,0.0,-1.0,-0.5,0.672,-0.6226,0.0,1.0,-0.5,-0.5,0.0,0.0,0.0,-0.8467
0.833,0.8325,0.834,0.4392,-0.4448,-0.524,0.1131,-0.11334,-0.38,-0.02696,0.6216,-0.3623,-0.857,0.3665,-1.0,0.0,0.017,0.03018,0.3193,0.0,-0.2349,-0.014946,0.2913,-0.07794,-0.3865,0.382,-1.148,0.3955,0.2108,-0.8467,-0.2163,0.7344,-0.628,0.803,0.844,0.0,0.0,0.8394,0.0,0.869,-0.3962,0.0,0.0,0.0,0.0,0.446,0.0,-0.5,-0.5,0.4443,-0.4153,1.0,0.0,-0.5,-0.5,0.0,0.0,0.0,0.2595
0.8296,0.829,0.8306,0.7007,-0.7065,-0.524,0.1131,-0.1683,-0.6562,-0.1295,0.59,1.287,-0.857,0.3665,-1.0,0.0,0.1108,0.141,0.257,0.0,-0.2323,-0.3496,0.3643,-0.01581,-0.6606,0.3752,-1.875,-0.6367,0.2008,0.3955,0.5835,-0.3628,0.5024,0.802,0.8433,0.0,0.0,0.835,0.0,0.8403,-0.384,0.0,0.0,0.0,0.0,-0.801,0.0,-1.0,-0.5,0.6987,-0.6646,0.0,1.0,-0.5,-0.5,0.0,0.0,0.0,-0.463
0.825,0.825,0.826,0.8203,-0.8193,-0.524,0.1131,-0.11066,-0.772,-0.1912,0.5405,0.378,-0.857,0.3665,-1.0,0.0,0.1764,0.2002,0.2212,0.0,-0.2299,0.1205,0.4102,0.05478,-0.7754,0.3623,-0.7065,-0.3696,0.2351,-0.6367,-0.8467,-0.2163,-1.272,0.796,0.843,0.0,0.0,0.8306,0.0,0.8237,-0.6064,0.0,0.0,0.0,0.0,-0.725,0.0,-1.0,-1.0,0.7617,-0.8296,0.0,2.0,-0.5,-0.5,0.0,0.0,0.0,-0.4238
0.8286,0.8286,0.8296,-0.3467,0.3599,-0.0889,0.1131,-0.0349,0.4705,0.177,0.5146,-1.932,-0.857,0.3665,0.0,0.0,-0.1656,-0.1803,0.4663,0.0,-0.2273,1.604,0.378,0.1152,0.4438,0.3599,-0.392,2.549,0.1815,-0.3696,0.3953,0.5835,-0.4421,0.8013,0.845,0.0,0.0,0.8296,0.0,0.936,-0.2651,0.0,0.0,0.0,0.0,6.54,0.0,-0.5,-1.0,-0.2435,0.435,1.0,0.0,-0.5,-0.5,0.0,0.0,0.0,3.844
0.8296,0.8296,0.8306,-0.00987,0.01628,-0.0889,0.1131,0.01443,0.1609,0.06805,0.4897,-0.437,-0.7144,0.3665,0.0,0.0,-0.061,-0.0777,0.4001,0.0,-0.2247,0.2354,0.278,0.1594,0.10645,0.362,0.249,-0.6606,0.1687,2.549,-0.6367,-0.8467,-0.4456,0.805,0.8467,0.0,0.0,0.829,0.0,0.9053,-0.2708,0.0,0.0,0.0,0.0,-1.689,0.0,-0.5,-1.0,0.0846,0.1079,0.0,1.0,-0.5,-0.5,0.0,0.0,0.0,-0.9526
0.8325,0.832,0.8335,-0.2693,0.273,-0.0889,0.1131,0.01551,0.4888,0.156,0.4673,1.446,-0.7144,0.3665,0.0,0.0,-0.1421,-0.1647,0.4624,0.0,-0.2222,0.2712,0.1794,0.1969,0.4329,0.3582,-0.4387,0.628,0.1929,-0.6606,-0.3696,0.3953,0.7344,0.8096,0.848,0.0,0.0,0.83,0.0,0.9336,-0.2422,0.0,0.0,0.0,0.0,1.208,0.0,-0.5,-1.0,-0.1935,0.3242,1.0,0.0,-0.5,-0.5,0.0,0.0,0.0,0.689
0.8374,0.8374,0.838,-0.564,0.582,-0.0889,0.1131,-0.11743,0.826,0.2703,0.4873,0.7563,-0.5713,0.3665,0.0,0.0,-0.257,-0.2622,0.542,0.0,-0.2197,-0.4885,0.0672,0.2057,0.763,0.3706,0.0767,0.7935,0.2893,0.628,2.547,-0.636,-0.3628,0.8203,0.848,0.0,0.0,0.8315,0.0,0.9697,0.2465,0.0,0.0,0.0,0.0,1.768,1.0,0.0,-0.5,-0.4597,0.641,2.0,0.0,-0.5,-0.5,1.0,0.0,3.5,0.9976
0.839,0.8394,0.8394,-0.1158,0.1339,-0.0889,0.1131,-0.05637,0.3477,0.1294,0.4993,-0.4148,-0.4285,0.3665,0.0,0.0,-0.1241,-0.1317,0.4543,0.0,-0.2172,0.2379,-0.03854,0.1926,0.2698,0.3835,0.5576,-0.8613,0.306,0.7935,-0.6606,-0.3696,-0.2163,0.826,0.847,0.0,0.0,0.833,0.0,0.9297,0.1302,0.0,0.0,0.0,0.0,-1.91,1.0,0.0,-0.5,-0.01617,0.2229,0.0,1.0,-0.5,-0.5,0.0,0.0,0.0,-1.063
0.8423,0.843,0.843,-0.3618,0.3875,-0.0889,0.1131,-0.08795,0.582,0.219,0.532,0.699,-0.2856,0.3665,0.0,0.0,-0.2085,-0.2158,0.518,0.0,-0.2146,-0.3613,-0.1372,0.149,0.5244,0.3953,0.0797,0.6357,0.365,-0.8613,0.628,2.547,0.5835,0.837,0.846,0.0,0.0,0.835,0.0,0.9585,0.3638,0.0,0.0,0.0,0.0,1.075,1.0,0.0,0.0,-0.256,0.4636,1.0,0.0,-0.5,-0.5,0.0,0.0,0.0,0.608
0.845,0.845,0.845,-0.2234,0.2522,-0.0889,0.1131,-0.0737,0.4353,0.1812,0.5464,-0.08826,-0.1428,0.3665,0.0,0.0,-0.1729,-0.1805,0.4983,0.0,-0.2122,0.1197,-0.2065,0.06647,0.3743,0.4062,1.197,-0.1965,0.3452,0.6357,0.793,-0.6606,-0.846,0.8486,0.8457,0.0,0.0,0.8345,0.0,0.949,0.1764,0.0,0.0,0.0,0.0,-0.2954,1.0,0.0,-0.5,-0.1365,0.319,0.0,1.0,-0.5,-0.5,0.0,0.0,0.0,-0.1652
0.8438,0.844,0.8438,0.3887,-0.3647,-0.0889,0.1131,0.02376,-0.2225,-0.02362,0.543,-1.168,-0.1428,0.3665,-1.0,0.0,0.0261,0.01366,0.3684,0.0,-0.2096,0.2081,-0.2446,-0.0403,-0.274,0.409,1.009,-1.288,0.3281,-0.1965,-0.861,0.628,0.3953,0.8447,0.844,0.0,0.0,0.8335,0.0,0.8896,-0.05258,0.0,0.0,0.0,0.0,-2.27,0.0,-0.5,-0.5,0.4995,-0.2245,0.0,2.0,-0.5,-0.5,0.0,1.0,-3.656,-1.272
0.8438,0.844,0.844,0.1298,-0.1055,-0.0889,0.1131,0.002409,-0.000391,0.04987,0.553,-2.125,0.0,0.3665,0.0,0.0,-0.0451,-0.0584,0.4214,0.0,-0.207,-0.3438,-0.2299,-0.1344,-0.04352,0.415,1.769,0.537,0.2764,-1.288,0.6353,0.793,-0.636,0.8457,0.843,0.0,0.0,0.832,0.0,0.9136,0.09875,0.0,0.0,0.0,0.0,0.733,0.0,0.0,0.0,0.2532,0.02838,1.0,0.0,-0.5,-0.5,0.0,0.0,0.0,0.42
0.844,0.8447,0.844,0.1272,-0.10406,-0.0889,0.1131,-0.01877,-0.01451,0.0449,0.5527,0.00801,0.1428,0.3665,0.0,0.0,-0.04236,-0.0514,0.4226,0.0,-0.2046,-0.2903,-0.1904,-0.2056,-0.05844,0.4194,2.357,0.01331,0.283,0.537,-0.1964,-0.861,-0.3694,0.8438,0.8423,0.0,0.0,0.8325,0.0,0.914,-0.01006,0.0,0.0,0.0,0.0,0.01513,1.0,0.5,0.0,0.2079,-0.01668,2.0,0.0,-0.5,-0.5,0.0,0.0,0.0,0.0086
0.8457,0.8457,0.846,-0.04117,0.05966,-0.0889,0.1131,-0.06647,0.1113,0.09625,0.577,1.515,0.2856,0.3665,0.0,0.0,-0.0944,-0.09796,0.4612,0.0,-0.202,-0.6357,-0.1257,-0.243,0.08453,0.4287,-0.1854,0.386,0.2957,0.01331,-1.288,0.6353,2.547,0.8403,0.8413,0.0,0.0,0.8345,0.0,0.9316,0.2744,0.0,0.0,0.0,0.0,0.4775,1.0,0.5,0.5,0.05136,0.1467,3.0,0.0,-0.5,-0.5,0.0,0.0,0.0,0.2712
0.85,0.85,0.85,-0.5137,0.5435,-0.0889,0.4604,-0.04572,0.5874,0.2637,0.616,2.447,0.4285,0.3665,0.0,0.0,-0.2448,-0.2627,0.576,0.0,-0.1995,0.5713,-0.03876,-0.2446,0.5776,0.4429,0.5576,1.15,0.3738,0.386,0.537,-0.1964,-0.66,0.8457,0.843,0.0,0.0,0.839,0.0,0.9844,0.4075,0.0,0.0,0.0,0.0,1.996,2.0,1.0,0.5,-0.3723,0.6465,4.0,0.0,-0.5,-0.5,0.0,0.0,0.0,1.126
0.855,0.8555,0.8555,-0.6284,0.6553,-0.0889,0.4604,-0.0886,0.6655,0.3196,0.676,0.265,0.5713,0.3665,0.0,0.0,-0.2983,-0.3118,0.6133,1.0,-0.2903,-0.5176,0.07587,-0.1964,0.6836,0.4583,0.05276,0.4153,0.508,1.15,0.01331,-1.287,0.6274,0.8496,0.8447,0.0,0.0,0.8423,0.0,1.004,0.644,0.0,0.0,0.0,0.0,0.7163,3.0,1.0,1.0,-0.4773,0.7603,5.0,0.0,0.0,-0.5,0.0,0.0,0.0,0.3965
0.86,0.8594,0.861,-0.5615,0.5693,-0.0889,0.4604,-0.1597,0.5234,0.311,0.7427,-0.05667,0.7144,0.3665,0.0,0.0,-0.297,-0.2969,0.6133,1.0,-0.2903,-0.778,0.201,-0.1004,0.569,0.482,-0.6694,0.0,0.595,0.4153,0.386,0.537,0.793,0.855,0.8467,0.0,0.0,0.8467,0.0,1.004,0.752,0.0,0.0,0.0,0.0,0.0,2.0,0.5,1.0,-0.5317,0.5483,0.0,0.0,0.0,-1.0,0.0,0.0,0.0,0.0
0.8647,0.8647,0.866,-0.604,0.612,-0.0889,0.4604,-0.386,0.589,0.3428,0.7646,0.2554,0.7144,0.3665,0.0,0.0,-0.3452,-0.3052,0.6133,1.0,-0.2903,-0.4353,0.3215,0.01797,0.603,0.4749,0.4062,0.2578,0.6675,0.0,1.15,0.01331,-0.861,0.8667,0.8496,0.0,0.0,0.8516,0.0,1.016,0.374,0.0,0.0,0.0,0.0,0.4634,2.0,1.0,1.0,-0.5923,0.567,1.0,0.0,0.0,-1.0,0.0,0.0,0.0,0.255
0.873,0.873,0.8735,-0.995,1.022,-0.0889,0.4604,-0.3796,1.02,0.508,0.822,0.814,0.7144,0.3665,0.0,0.0,-0.4868,-0.4578,0.6133,1.0,-0.2903,0.5464,0.4531,0.154,1.042,0.3853,-0.09705,1.116,0.8794,0.2578,0.415,0.3857,0.6353,0.881,0.8535,0.0,0.0,0.8574,0.0,1.068,0.8325,1.0,0.0,0.0,0.0,1.992,2.0,1.0,1.5,-0.9434,0.991,2.0,0.0,0.0,-1.0,0.0,0.0,0.0,1.091
0.8794,0.8794,0.88,-0.7964,0.826,-0.0889,0.4604,-0.4468,0.818,0.4658,0.8623,-0.05185,0.7144,0.3665,0.0,0.0,-0.4573,-0.4133,0.593,0.0,-0.2878,-0.62,0.569,0.2969,0.8286,0.408,0.4019,-0.2015,0.949,1.116,0.0,1.15,-0.1964,0.894,0.8555,0.0,0.0,0.8643,0.0,1.059,0.6465,0.0,0.0,0.0,0.0,-0.3154,1.0,1.0,1.0,-0.7886,0.7627,0.0,1.0,0.0,-1.0,0.0,0.0,0.0,-0.1696
0.8857,0.886,0.8857,-0.782,0.819,-0.0889,0.4604,-0.4805,0.8364,0.4863,0.8906,0.1648,0.7144,0.3665,0.0,0.0,-0.4778,-0.4287,0.6123,0.0,-0.2854,-0.6567,0.673,0.4238,0.854,0.422,2.143,0.1896,1.026,-0.2015,0.2576,0.415,-1.287,0.9067,0.8584,0.0,0.0,0.871,0.0,1.067,0.528,0.0,0.0,0.0,0.0,0.2524,1.0,1.5,1.0,-0.813,0.714,1.0,0.0,0.0,-1.0,0.0,0.0,0.0,0.1362
0.891,0.8916,0.8916,-0.654,0.6885,-0.0889,0.4604,-0.5444,0.6875,0.463,0.935,-0.02885,0.7144,0.3665,0.0,0.0,-0.4636,-0.4014,0.603,0.0,-0.2827,-0.588,0.784,0.5454,0.7134,0.442,1.985,-0.0882,0.9844,0.1896,1.116,0.0,0.537,0.914,0.861,0.0,0.0,0.8784,0.0,1.063,0.875,1.0,0.0,0.0,0.0,-0.11755,1.0,1.0,1.0,-0.72,0.5547,0.0,1.0,0.0,-1.0,0.0,0.0,0.0,-0.0632
0.897,0.8975,0.897,-0.6865,0.725,-0.0889,0.4604,-0.5645,0.7295,0.4956,0.9727,0.2003,0.7144,0.3665,0.0,0.0,-0.4934,-0.4292,0.6133,1.0,-0.2903,-0.4055,0.8906,0.648,0.7593,0.4426,2.342,0.265,0.8574,-0.0882,-0.2015,0.2576,0.01331,0.9204,0.8647,0.0,0.0,0.8867,0.0,1.076,0.8037,1.0,0.0,0.0,0.0,0.3774,1.0,1.0,1.0,-0.75,0.593,1.0,0.0,0.0,-1.0,0.0,0.0,0.0,0.2032
0.9014,0.902,0.9014,-0.476,0.51,-0.113,0.4604,-0.6133,0.4907,0.4392,1.009,-0.1669,0.7144,0.3665,0.0,0.0,-0.4495,-0.373,0.5825,0.0,-0.2878,-0.5703,0.992,0.7393,0.5195,0.4612,2.309,-0.3015,0.905,0.265,0.1896,1.116,0.3857,0.926,0.8687,0.0,0.0,0.8906,0.0,1.062,0.7437,0.0,0.0,0.0,0.0,-0.4897,0.0,0.5,1.0,-0.6006,0.3271,0.0,1.0,0.0,-1.0,0.0,0.0,0.0,-0.2625
0.905,0.905,0.906,-0.3406,0.3562,-0.113,0.4604,-0.7153,0.2725,0.4011,1.068,-0.2522,0.857,0.3665,0.0,0.0,-0.4258,-0.3281,0.563,0.0,-0.2854,-0.5845,1.102,0.8423,0.279,0.492,1.327,-0.1893,0.8716,-0.3015,-0.0882,-0.2014,1.15,0.929,0.873,0.0,0.0,0.8955,0.0,1.052,1.402,1.0,0.0,0.0,0.0,-0.3699,0.0,0.0,1.0,-0.4827,0.1647,0.0,2.0,0.0,-1.0,0.0,0.0,0.0,-0.1993
0.907,0.907,0.908,-0.2258,0.2303,-0.113,0.4604,-0.7207,0.09235,0.3667,1.113,-0.3667,0.857,0.3665,0.0,0.0,-0.3962,-0.2954,0.5464,0.0,-0.2827,-0.6333,1.186,0.9263,0.10394,0.5117,1.018,-0.1647,0.8555,-0.1893,0.265,0.1895,0.415,0.9272,0.8765,0.0,0.0,0.8994,0.0,1.044,1.191,1.0,0.0,0.0,0.0,-0.2751,-1.0,-0.5,0.5,-0.363,0.05316,0.0,3.0,0.0,-1.0,0.0,0.0,0.0,-0.1487
0.909,0.9087,0.9106,-0.1516,0.1416,-0.113,0.4604,-0.7153,-0.05124,0.342,1.154,-0.616,0.857,0.3665,0.0,0.0,-0.374,-0.273,0.536,0.0,-0.2803,-0.307,1.226,1.004,-0.02397,0.5283,1.119,-0.1016,0.8633,-0.1647,-0.3015,-0.08813,0.0,0.9253,0.8804,0.0,0.0,0.9014,0.0,1.039,1.112,1.0,0.0,0.0,0.0,-0.1564,-1.0,-0.5,0.0,-0.3013,-0.04343,0.0,4.0,0.0,-0.5,0.0,0.0,0.0,-0.0847
0.913,0.9116,0.9146,-0.3665,0.3452,-0.113,0.4604,-0.6924,0.11774,0.4192,1.2,3.045,0.857,0.3665,0.0,0.0,-0.4392,-0.347,0.592,0.0,-0.2778,-0.2832,1.23,1.076,0.162,0.5454,0.9097,0.547,0.84,-0.1016,-0.1893,0.265,0.2576,0.9253,0.885,0.0,0.0,0.9062,0.0,1.064,1.148,1.0,0.0,0.0,0.0,0.732,-1.0,-0.5,0.0,-0.526,0.133,1.0,0.0,0.0,-0.5,0.0,0.0,0.0,0.3975
0.9126,0.911,0.9146,0.2045,-0.2369,-0.113,0.4604,-0.675,-0.4863,0.2246,1.198,-2.701,0.7144,0.3665,-1.0,0.0,-0.266,-0.1652,0.4702,0.0,-0.2751,0.1382,1.192,1.131,-0.4634,0.555,-0.2693,-1.185,0.8086,0.547,-0.1647,-0.3013,1.115,0.9204,0.887,0.0,0.0,0.9077,0.0,1.008,0.09576,0.0,0.0,0.0,0.0,-2.4,-1.0,-1.0,-0.5,0.05258,-0.3967,0.0,1.0,0.0,-0.5,0.0,0.0,0.0,-1.291
0.913,0.9116,0.9155,0.01074,-0.04373,-0.113,0.4604,-0.677,-0.2993,0.2825,1.195,-0.4097,0.5713,0.3665,-1.0,0.0,-0.3179,-0.2202,0.5127,0.0,-0.2727,-0.44,1.122,1.164,-0.2856,0.5557,-0.1764,0.4243,0.763,-1.185,-0.10156,-0.1893,-0.2014,0.916,0.891,0.0,0.0,0.91,0.0,1.027,0.1008,0.0,0.0,0.0,0.0,0.518,0.0,-0.5,-0.5,-0.10583,-0.18,1.0,0.0,0.0,-0.5,0.0,0.0,0.0,0.2842
0.9116,0.91,0.9136,0.401,-0.4346,-0.113,0.6143,-0.613,-0.6997,0.1443,1.177,2.53,0.4285,0.3665,-1.0,0.0,-0.1876,-0.0931,0.4277,0.0,-0.2703,-0.6523,1.0205,1.158,-0.684,0.5557,-0.4746,-0.843,0.562,0.4243,0.547,-0.1646,0.1895,0.909,0.894,0.0,0.0,0.9136,0.0,0.987,-0.2542,0.0,0.0,0.0,0.0,-1.185,0.0,-1.0,-0.5,0.2898,-0.5347,0.0,1.0,0.0,-0.5,0.0,0.0,0.0,-0.6455
0.9106,0.909,0.9126,0.3027,-0.3328,-0.113,0.6143,-0.632,-0.605,0.163,1.155,-0.0344,0.2856,0.3665,-1.0,0.0,-0.2064,-0.1095,0.4443,0.0,-0.2676,-0.672,0.89,1.123,-0.609,0.5557,-0.5645,0.1683,0.3992,-0.843,-1.185,-0.10156,-0.08813,0.9043,0.8975,0.0,0.0,0.9165,0.0,0.9946,-0.2905,0.0,0.0,0.0,0.0,0.2299,1.0,-0.5,-0.5,0.1467,-0.4895,1.0,0.0,0.0,-0.5,0.0,0.0,0.0,0.1271
0.913,0.912,0.915,-0.2468,0.2218,-0.113,0.6143,-0.684,-0.002941,0.3433,1.135,-1.205,0.2856,0.3665,0.0,0.0,-0.3723,-0.2769,0.567,0.0,-0.2651,0.1984,0.7456,1.053,-0.01567,0.5557,-1.044,1.228,0.1924,0.1683,0.4243,0.547,0.265,0.905,0.9023,0.0,0.0,0.921,0.0,1.053,-0.2491,0.0,0.0,0.0,0.0,1.74,1.0,-0.5,-0.5,-0.3162,0.117,2.0,0.0,0.0,-0.5,0.0,0.0,0.0,0.959
0.914,0.913,0.916,-0.003891,-0.02371,-0.113,0.6143,-0.649,-0.214,0.2622,1.108,-1.921,0.1428,0.3665,-1.0,0.0,-0.2974,-0.2035,0.519,0.0,-0.2627,-0.3723,0.593,0.9526,-0.2277,0.555,-0.7383,-0.4683,-0.0254,1.228,-0.843,-1.185,-0.3013,0.9043,0.905,0.0,0.0,0.9243,0.0,1.03,-0.3418,0.0,0.0,0.0,0.0,-0.617,1.0,-0.5,-0.5,-0.07336,-0.11,0.0,1.0,0.0,-0.5,0.0,0.0,0.0,-0.3333
0.9185,0.9175,0.9204,-0.5093,0.4924,-0.113,0.6143,-0.5996,0.362,0.4412,1.103,-6.246,0.1428,0.3665,0.0,0.0,-0.45,-0.3762,0.6133,1.0,-0.2903,-0.2084,0.4146,0.833,0.3499,0.528,-0.587,1.212,-0.0335,-0.4683,0.1683,0.4243,-0.1893,0.9062,0.9087,0.0,0.0,0.9277,0.0,1.088,0.005955,0.0,0.0,0.0,0.0,1.591,1.0,0.0,-0.5,-0.494,0.4592,1.0,0.0,0.0,-0.5,0.0,0.0,0.0,0.866
0.92,0.919,0.922,-0.041,0.01907,-0.69,0.6143,-0.538,-0.08527,0.2874,1.081,-0.8853,0.1428,0.3665,0.0,0.0,-0.3098,-0.2382,0.5186,0.0,-0.2878,-0.1891,0.2284,0.7046,-0.1025,0.5273,-0.3008,-0.9253,-0.07,1.212,1.227,-0.8423,-0.1646,0.9097,0.911,0.0,0.0,0.9287,0.0,1.042,-0.2479,0.0,0.0,0.0,0.0,-1.459,1.0,0.0,-0.5,-0.01797,0.03061,0.0,1.0,0.0,-0.5,0.0,0.0,0.0,-0.7783
0.9224,0.921,0.924,-0.1887,0.1697,-0.69,0.6143,-0.449,0.1117,0.3384,1.061,7.383,0.1428,0.3665,0.0,0.0,-0.347,-0.295,0.557,0.0,-0.2854,0.7026,0.02629,0.5728,0.09454,0.5244,-0.1809,0.381,-0.105,-0.9253,-0.4683,0.1683,-0.10156,0.9126,0.913,0.0,0.0,0.9307,0.0,1.061,-0.2147,0.0,0.0,0.0,0.0,0.702,1.0,0.5,-0.5,-0.1543,0.182,1.0,0.0,0.0,-0.5,0.0,0.0,0.0,0.3804
0.9243,0.9233,0.9263,-0.1842,0.1652,-0.69,0.6143,-0.4658,0.1398,0.34,1.048,0.2786,0.1428,0.3665,0.0,0.0,-0.3499,-0.295,0.5635,0.0,-0.2827,-0.741,-0.193,0.4333,0.1384,0.522,-0.768,0.0631,-0.12274,0.381,1.212,1.227,0.547,0.92,0.916,0.0,0.0,0.9326,0.0,1.063,-0.1121,0.0,0.0,0.0,0.0,0.07056,1.0,0.5,0.0,-0.1572,0.1699,2.0,0.0,0.0,-0.5,0.0,0.0,0.0,0.038
0.927,0.9253,0.928,-0.1688,0.1503,-0.69,0.6143,-0.4758,0.1472,0.3376,1.04,0.1752,0.1428,0.3665,0.0,0.0,-0.3489,-0.2917,0.5674,0.0,-0.2803,-0.6904,-0.3484,0.3,0.1434,0.5244,0.64,0.0378,-0.12335,0.0631,-0.9253,-0.468,-1.185,0.9263,0.9185,0.0,0.0,0.9326,0.0,1.065,-0.04523,0.0,0.0,0.0,0.0,0.0798,2.0,1.0,0.5,-0.1501,0.1472,3.0,0.0,0.0,-0.5,0.0,0.0,0.0,0.0429
0.928,0.9272,0.93,-0.1382,0.12036,-0.69,0.6143,-0.482,0.1301,0.3298,1.036,0.0716,0.1428,0.3665,0.0,0.0,-0.3423,-0.2837,0.5674,0.0,-0.2778,-0.572,-0.4712,0.1753,0.1259,0.5283,0.291,0.0,-0.11633,0.0378,0.3809,1.211,0.4243,0.9277,0.921,0.0,0.0,0.9326,0.0,1.064,0.005795,0.0,0.0,0.0,0.0,0.0,1.0,0.5,0.5,-0.1274,0.111,0.0,0.0,0.0,-0.5,0.0,0.0,0.0,0.0
0.928,0.9272,0.93,0.1505,-0.1718,-0.69,0.6143,-0.4697,-0.1624,0.2297,1.022,-1.165,0.0,0.3665,-1.0,0.0,-0.2524,-0.1897,0.507,0.0,-0.2751,-0.3408,-0.5645,0.04004,-0.1672,0.5293,1.376,-0.5923,-0.12427,0.0,0.0631,-0.925,-0.8423,0.928,0.9243,0.0,0.0,0.9316,0.0,1.036,-0.141,0.0,0.0,0.0,0.0,-0.7593,1.0,0.5,0.5,0.1475,-0.1738,0.0,1.0,0.0,-0.5,0.0,0.0,0.0,-0.4082
0.927,0.926,0.928,0.4182,-0.4402,-0.69,0.612,-0.4048,-0.415,0.1305,0.986,6.02,-0.1428,0.3665,-1.0,0.0,-0.1562,-0.09937,0.4465,0.0,-0.2727,0.2927,-0.5903,-0.09534,-0.44,0.5254,1.305,-0.598,-0.0985,-0.5923,0.0378,0.3809,0.1683,0.921,0.9263,0.0,0.0,0.93,0.0,1.008,-0.4575,0.0,0.0,0.0,0.0,-0.8364,0.0,0.0,0.0,0.3674,-0.4734,0.0,2.0,0.0,-0.5,0.0,0.0,0.0,-0.454
0.925,0.924,0.927,0.4087,-0.4326,-0.69,0.592,-0.4653,-0.4338,0.11835,0.974,0.2114,-0.1428,0.3665,-1.0,0.0,-0.1505,-0.0816,0.4426,0.0,-0.2703,-0.2426,-0.5894,-0.2344,-0.4578,0.5254,-0.08356,-0.03854,-0.096,-0.598,0.0,0.06305,1.227,0.918,0.9287,0.0,0.0,0.9277,0.0,1.006,-0.1375,0.0,0.0,0.0,0.0,-0.04605,-1.0,-0.5,0.0,0.3396,-0.4866,0.0,3.0,0.0,-0.5,0.0,0.0,0.0,-0.02525
0.9243,0.9233,0.9263,0.2246,-0.246,-0.69,0.592,-0.47,-0.2568,0.1663,0.96,-0.466,-0.1428,0.3665,-1.0,0.0,-0.1948,-0.1282,0.4785,0.0,-0.2676,-0.3872,-0.596,-0.3792,-0.288,0.526,0.3584,0.36,-0.10175,-0.03854,-0.592,0.0378,-0.468,0.9146,0.9307,0.0,0.0,0.927,0.0,1.022,-0.1582,0.0,0.0,0.0,0.0,0.339,-1.0,0.0,0.0,0.1409,-0.33,1.0,0.0,0.0,-0.5,0.0,0.0,0.0,0.186
0.9253,0.924,0.927,0.04538,-0.0712,-0.69,0.592,-0.5166,-0.1102,0.2175,0.9707,-0.9917,0.0,0.3665,0.0,0.0,-0.2455,-0.1733,0.517,0.0,-0.2651,-0.8896,-0.588,-0.4778,-0.1373,0.533,-1.08,0.3835,-0.10565,0.36,-0.598,0.0,1.211,0.9126,0.9316,0.0,0.0,0.9263,0.0,1.041,0.2659,0.0,0.0,0.0,0.0,0.313,0.0,0.0,0.5,-0.013374,-0.142,2.0,0.0,0.0,-0.5,0.0,0.0,0.0,0.1707
0.923,0.9214,0.925,0.4812,-0.5117,-0.69,0.592,-0.4504,-0.579,0.0635,0.959,-17.1,0.0,0.3665,-1.0,0.0,-0.0983,-0.02864,0.4207,0.0,-0.2627,-0.3076,-0.5786,-0.553,-0.6045,0.5347,-0.08356,-0.9526,-0.06635,0.3835,-0.03854,-0.592,-0.925,0.9062,0.9316,0.0,0.0,0.925,0.0,0.9946,-0.1256,0.0,0.0,0.0,0.0,-1.413,0.0,0.0,0.0,0.383,-0.5913,0.0,1.0,0.0,-0.5,0.0,0.0,0.0,-0.7656
0.9194,0.9185,0.921,0.7095,-0.734,-0.69,0.442,-0.465,-0.794,-0.029,0.9106,0.6514,-0.1428,0.3665,-1.0,0.0,-0.01254,0.0659,0.3643,0.0,-0.26,0.001281,-0.5728,-0.6064,-0.817,0.5215,-0.647,-0.568,0.02817,-0.9526,0.36,-0.5977,0.3809,0.8975,0.931,0.0,0.0,0.923,0.0,0.968,-0.7275,0.0,0.0,0.0,0.0,-0.9854,0.0,-0.5,-0.5,0.599,-0.8096,0.0,2.0,0.0,-0.5,0.0,0.0,0.0,-0.5425
0.917,0.916,0.9185,0.518,-0.536,-0.69,0.442,-0.47,-0.6113,0.011566,0.8784,-0.1523,-0.1428,0.3665,-1.0,0.0,-0.05142,0.0253,0.395,0.0,-0.2576,-0.2852,-0.549,-0.6035,-0.6406,0.5156,-0.9463,0.3127,0.04745,-0.568,0.3835,-0.03854,0.06305,0.8926,0.9307,0.0,0.0,0.9204,0.0,0.9824,-0.4712,0.0,0.0,0.0,0.0,0.3352,1.0,-0.5,0.0,0.3696,-0.668,1.0,0.0,0.0,-0.5,0.0,0.0,0.0,0.1864
0.9155,0.9146,0.917,0.383,-0.4036,-0.69,0.442,-0.4834,-0.4375,0.03873,0.825,-0.2413,-0.2856,0.3665,-1.0,0.0,-0.0781,-0.000739,0.417,0.0,-0.2551,0.1624,-0.4836,-0.5615,-0.4797,0.5034,-1.1875,0.2203,0.0614,0.3127,-0.9526,0.3599,0.0378,0.891,0.9287,0.0,0.0,0.92,0.0,0.9927,-0.943,0.0,0.0,0.0,0.0,0.244,1.0,-0.5,0.0,0.2064,-0.5767,2.0,0.0,0.0,-0.5,0.0,0.0,0.0,0.135
0.9136,0.9126,0.915,0.4243,-0.4453,-0.69,0.442,-0.5293,-0.4666,0.01184,0.7905,0.2421,-0.4285,0.3665,-1.0,0.0,-0.057,0.0307,0.4028,0.0,-0.2524,-0.67,-0.4106,-0.515,-0.508,0.4946,-1.363,-0.1421,0.0919,0.2203,-0.568,0.3833,0.0,0.889,0.9272,0.0,0.0,0.9185,0.0,0.986,-0.693,0.0,0.0,0.0,0.0,-0.12225,0.0,-0.5,0.0,0.2323,-0.6313,0.0,1.0,0.0,-0.5,0.0,0.0,0.0,-0.0674
0.9136,0.912,0.915,0.1556,-0.1781,-0.69,0.442,-0.606,-0.1681,0.088,0.7583,-0.7886,-0.5713,0.3665,-1.0,0.0,-0.135,-0.03818,0.4568,0.0,-0.25,0.03085,-0.3284,-0.4614,-0.2042,0.4854,-0.8506,0.544,0.0631,-0.1421,0.3127,-0.952,-0.592,0.8887,0.9263,0.0,0.0,0.9194,0.0,1.011,-0.6035,0.0,0.0,0.0,0.0,0.8877,1.0,0.0,0.0,0.007645,-0.3374,1.0,0.0,0.0,-0.5,0.0,0.0,0.0,0.4905
0.915,0.9136,0.9165,-0.06525,0.04355,-0.69,0.442,-0.5776,0.09686,0.1577,0.7344,-5.344,-0.5713,0.3665,0.0,0.0,-0.1967,-0.10944,0.507,0.0,-0.2474,-0.2896,-0.2588,-0.4167,0.057,0.4814,-0.205,0.5005,0.04184,0.544,0.2203,-0.568,-0.5977,0.888,0.926,0.0,0.0,0.921,0.0,1.035,-0.3787,0.0,0.0,0.0,0.0,0.5947,2.0,0.5,0.0,-0.1749,-0.0911,2.0,0.0,0.0,-0.5,0.0,0.0,0.0,0.3257
0.9165,0.9155,0.9185,-0.1299,0.1062,-0.7734,0.442,-0.573,0.2057,0.1799,0.713,0.706,-0.5713,0.3665,0.0,0.0,-0.2166,-0.1316,0.5264,0.0,-0.245,-0.583,-0.1785,-0.3618,0.2017,0.4705,-0.08954,0.1909,0.03625,0.5005,-0.1421,0.3127,-0.03854,0.8926,0.9253,0.0,0.0,0.9204,0.0,1.044,-0.3079,0.0,0.0,0.0,0.0,0.1982,2.0,1.0,0.0,-0.2246,-0.01727,3.0,0.0,0.0,-0.5,0.0,0.0,0.0,0.10767
0.916,0.9146,0.918,0.2423,-0.2756,-0.7734,0.442,-0.5327,-0.1421,0.05292,0.6763,-1.046,-0.7144,0.3665,-1.0,0.0,-0.0958,-0.01025,0.4465,0.0,-0.2424,-0.3816,-0.11017,-0.3076,-0.1525,0.4639,-0.4116,-0.7866,0.04413,0.1909,0.5435,0.2203,0.3599,0.896,0.924,0.0,0.0,0.92,0.0,1.006,-0.5737,0.0,0.0,0.0,0.0,-0.668,1.0,0.5,0.0,0.1375,-0.381,0.0,1.0,0.0,-0.5,0.0,0.0,0.0,-0.3616
0.916,0.9146,0.918,0.1351,-0.1696,-0.7734,0.442,-0.573,-0.0215,0.0798,0.6562,-4.758,-0.5713,0.3665,0.0,0.0,-0.1245,-0.03314,0.4683,0.0,-0.2399,-0.73,-0.05258,-0.2573,-0.01659,0.4575,-0.8984,0.2185,-0.04352,-0.7866,0.5005,-0.142,0.3833,0.8994,0.9233,0.0,0.0,0.9175,0.0,1.017,-0.286,0.0,0.0,0.0,0.0,0.1938,2.0,0.5,0.5,0.01784,-0.297,1.0,0.0,0.0,-0.5,0.0,0.0,0.0,0.1063
0.9165,0.915,0.919,0.06168,-0.09674,-0.7734,0.442,-0.6753,0.04684,0.0986,0.6523,0.944,-0.4285,0.3665,0.0,0.0,-0.1511,-0.04202,0.485,0.0,-0.2374,-0.818,-0.01241,-0.2179,0.0703,0.4563,0.1681,0.1665,-0.0523,0.2185,0.1908,0.5435,-0.952,0.9023,0.923,0.0,0.0,0.917,0.0,1.024,0.02303,0.0,0.0,0.0,0.0,0.1849,2.0,1.0,1.0,-0.0438,-0.217,2.0,0.0,0.0,-0.5,0.0,0.0,0.0,0.1011
0.916,0.9146,0.918,0.2444,-0.2822,-0.7734,0.442,-0.694,-0.1493,0.03244,0.642,-1.186,-0.4285,0.3665,-1.0,0.0,-0.0911,0.02574,0.445,0.0,-0.2349,-0.554,0.003523,-0.1891,-0.1287,0.4575,0.9023,-0.396,-0.0862,0.1665,-0.786,0.5,-0.568,0.9043,0.9224,0.0,0.0,0.9155,0.0,1.005,-0.1274,0.0,0.0,0.0,0.0,-0.4106,1.0,1.0,1.0,0.1301,-0.398,0.0,1.0,0.0,-0.5,0.0,0.0,0.0,-0.2239
0.914,0.9126,0.9165,0.3894,-0.4285,-0.7734,0.442,-0.671,-0.2957,-0.0253,0.618,4.84,-0.4285,0.3665,-1.0,0.0,-0.0345,0.08185,0.4104,0.0,-0.2323,-0.323,0.008606,-0.1599,-0.2727,0.4524,0.637,-0.3472,-0.1213,-0.396,0.2185,0.1908,0.3125,0.902,0.921,0.0,0.0,0.913,0.0,0.989,-0.4038,0.0,0.0,0.0,0.0,-0.4092,0.0,0.5,0.5,0.2642,-0.545,0.0,2.0,0.0,-0.5,0.0,0.0,0.0,-0.2245
0.914,0.9126,0.9165,0.1476,-0.186,-0.7734,0.442,-0.6772,-0.03583,0.04364,0.5967,-1.436,-0.4285,0.3665,0.0,0.0,-0.1001,0.01287,0.4592,0.0,-0.2299,-0.8496,-0.02393,-0.1371,-0.02068,0.4492,0.4004,0.4915,-0.1929,-0.3472,0.1665,-0.786,0.2203,0.9,0.921,0.0,0.0,0.9116,0.0,1.012,-0.3596,0.0,0.0,0.0,0.0,0.4504,1.0,0.5,0.5,0.013435,-0.3308,1.0,0.0,0.0,-0.5,0.0,0.0,0.0,0.2485
0.916,0.9146,0.918,-0.1268,0.0939,-0.7734,0.442,-0.706,0.2373,0.1335,0.6084,3.92,-0.2856,0.3665,0.0,0.0,-0.186,-0.0735,0.5225,0.0,-0.2273,-0.4802,-0.1113,-0.1367,0.2389,0.4587,0.6147,0.6284,-0.2479,0.4915,-0.3958,0.2184,-0.142,0.9,0.9214,0.0,0.0,0.9106,0.0,1.041,0.2764,0.0,0.0,0.0,0.0,1.484,1.0,1.0,1.0,-0.2418,-0.0515,2.0,0.0,0.0,-0.5,1.0,0.0,1.617,0.812
0.9224,0.9214,0.924,-0.759,0.75,-0.01997,0.442,-0.6714,0.898,0.3652,0.662,2.2,-0.1428,0.3665,0.0,0.0,-0.3904,-0.2988,0.6133,1.0,-0.2903,0.694,-0.1858,-0.1572,0.856,0.4229,0.1247,1.562,0.02603,0.6284,-0.347,0.1664,0.5435,0.91,0.9243,0.0,0.0,0.9136,0.0,1.116,0.9507,1.0,0.0,0.0,0.0,3.303,1.0,1.0,1.5,-0.7793,0.658,3.0,0.0,0.0,-0.5,0.0,0.0,0.0,1.789
0.928,0.9277,0.9297,-0.725,0.7266,0.05093,0.442,-0.6553,0.859,0.3787,0.7114,0.1009,0.0,0.3665,0.0,0.0,-0.4006,-0.313,0.6133,1.0,-0.2903,-0.12476,-0.189,-0.1669,0.802,0.434,-0.199,0.1361,0.2444,1.562,0.4912,-0.3958,0.5,0.92,0.9272,0.0,0.0,0.917,0.0,1.122,0.9204,1.0,0.0,0.0,0.0,0.2476,2.0,1.0,1.5,-0.7573,0.625,4.0,0.0,0.0,-0.5,0.0,0.0,0.0,0.1306
0.933,0.9326,0.9346,-0.566,0.5684,0.05093,0.442,-0.724,0.6787,0.344,0.7534,-0.06003,0.1428,0.3665,0.0,0.0,-0.3767,-0.274,0.5957,0.0,-0.2878,-0.72,-0.1027,-0.161,0.639,0.4497,-0.205,-0.1727,0.3784,0.1361,0.6284,-0.347,0.1908,0.928,0.928,0.0,0.0,0.921,0.0,1.113,0.785,1.0,0.0,0.0,0.0,-0.1698,2.0,0.5,1.0,-0.608,0.4683,0.0,1.0,0.0,-0.5,0.0,0.0,0.0,-0.0894
0.9346,0.934,0.9355,-0.04633,0.044,0.05093,0.442,-0.614,0.10266,0.1766,0.777,-0.653,0.2856,0.3665,0.0,0.0,-0.2172,-0.1245,0.4905,0.0,-0.2854,0.2917,0.0193,-0.1405,0.0728,0.4614,0.8994,-1.027,0.3997,-0.1727,1.561,0.4912,-0.786,0.9336,0.929,0.0,0.0,0.9224,0.0,1.063,0.3804,0.0,0.0,0.0,0.0,-1.533,1.0,0.5,1.0,-0.09326,-0.02107,0.0,2.0,0.0,-0.5,0.0,0.0,0.0,-0.8096
0.936,0.9355,0.9375,-0.08295,0.07947,0.05093,0.442,-0.636,0.12103,0.1895,0.7915,0.2352,0.4285,0.3665,0.0,0.0,-0.2308,-0.1349,0.5034,0.0,-0.2827,-0.2191,0.1527,-0.1116,0.08167,0.4724,0.788,0.126,0.4246,-1.027,0.136,0.6284,0.2184,0.941,0.9287,0.0,0.0,0.9233,0.0,1.069,0.2764,0.0,0.0,0.0,0.0,0.1332,1.0,0.5,1.0,-0.1464,-0.006374,1.0,0.0,0.0,-0.5,0.0,0.0,0.0,0.0716
0.936,0.9355,0.9375,0.1732,-0.1791,0.05093,0.442,-0.6104,-0.1476,0.10266,0.786,-1.1045,0.2856,0.3665,-1.0,0.0,-0.149,-0.05228,0.45,0.0,-0.2803,-0.1401,0.2615,-0.08057,-0.1915,0.4756,0.727,-0.528,0.4065,0.126,-0.1727,1.561,0.1664,0.944,0.929,0.0,0.0,0.925,0.0,1.043,-0.0661,0.0,0.0,0.0,0.0,-0.527,0.0,0.0,0.5,0.1122,-0.2424,0.0,1.0,0.0,-0.5,0.0,0.0,0.0,-0.2825
0.933,0.9326,0.934,0.6016,-0.6064,0.05093,0.4636,-0.5195,-0.5815,-0.04773,0.756,14.836,0.1428,0.3665,-1.0,0.0,0.0004325,0.0903,0.3547,0.0,-0.2778,0.1929,0.3218,-0.04944,-0.6255,0.47,1.242,-0.9507,0.356,-0.528,-1.027,0.136,-0.3958,0.94,0.9277,0.0,0.0,0.926,0.0,0.9976,-0.413,0.0,0.0,0.0,0.0,-1.572,-1.0,0.0,0.0,0.5215,-0.6567,0.0,2.0,0.0,-0.5,0.0,0.0,0.0,-0.8506
0.9316,0.931,0.9326,0.4033,-0.4077,0.05093,0.4636,-0.547,-0.4207,-0.001274,0.7495,-0.2354,0.1428,0.3665,-1.0,0.0,-0.04617,0.04562,0.389,0.0,-0.2751,-0.523,0.3513,-0.01836,-0.4568,0.4695,1.632,0.348,0.316,-0.9507,0.1259,-0.1727,-0.347,0.9307,0.927,0.0,0.0,0.9272,0.0,1.014,-0.0733,0.0,0.0,0.0,0.0,0.3237,0.0,0.5,0.5,0.343,-0.4524,1.0,0.0,0.0,-0.5,0.0,0.0,0.0,0.178
0.931,0.9307,0.932,0.2046,-0.206,0.05093,0.4636,-0.52,-0.2412,0.0534,0.748,-0.5015,0.0,0.3665,-1.0,0.0,-0.09515,-0.01195,0.4285,0.0,-0.2727,-0.4778,0.3535,0.0164,-0.2798,0.4722,1.128,0.397,0.2822,0.348,-0.528,-1.027,0.4912,0.923,0.9263,0.0,0.0,0.928,0.0,1.033,-0.02003,0.0,0.0,0.0,0.0,0.3408,1.0,0.5,0.5,0.1677,-0.2407,2.0,0.0,0.0,-0.5,0.0,0.0,0.0,0.1863
0.93,0.93,0.9316,0.2852,-0.2869,0.05093,0.4636,-0.5044,-0.3352,0.02025,0.7407,0.9614,-0.1428,0.3665,-1.0,0.0,-0.0627,0.01984,0.4094,0.0,-0.2703,-0.6978,0.3289,0.04767,-0.3767,0.4734,0.4497,-0.1909,0.2356,0.397,-0.9507,0.1259,0.628,0.9146,0.9253,0.0,0.0,0.9297,0.0,1.023,-0.1296,0.0,0.0,0.0,0.0,-0.2308,0.0,0.0,0.0,0.2328,-0.3323,0.0,1.0,0.0,-0.5,0.0,0.0,0.0,-0.1254
0.928,0.928,0.9297,0.4504,-0.4526,0.05093,0.4636,-0.4575,-0.529,-0.0432,0.7344,1.107,-0.1428,0.3665,-1.0,0.0,0.001686,0.0797,0.37,0.0,-0.2676,-0.1398,0.2788,0.07117,-0.566,0.4731,-1.434,-0.3958,0.2402,-0.1909,0.3477,-0.528,1.561,0.909,0.925,0.0,0.0,0.9297,0.0,1.005,-0.1296,0.0,0.0,0.0,0.0,-0.4177,0.0,-0.5,0.0,0.3909,-0.493,0.0,2.0,0.0,-0.5,0.0,0.0,0.0,-0.2275
0.927,0.9263,0.9277,0.4436,-0.45,0.05093,0.4636,-0.5117,-0.5645,-0.05438,0.735,0.2378,-0.1428,0.3665,-1.0,0.0,0.007507,0.0963,0.365,0.0,-0.2651,-0.831,0.1823,0.08984,-0.6035,0.4758,-1.869,-0.0514,0.261,-0.3958,0.397,-0.9507,0.136,0.9033,0.925,0.0,0.0,0.9287,0.0,1.002,-0.0359,0.0,0.0,0.0,0.0,-0.0631,0.0,-1.0,0.0,0.3638,-0.5127,0.0,3.0,0.0,-0.5,0.0,0.0,0.0,-0.0346
0.9287,0.928,0.9297,-0.1823,0.1859,0.05093,0.4636,-0.4338,0.05814,0.1472,0.7515,-1.377,-0.1428,0.3665,0.0,0.0,-0.1743,-0.11304,0.5005,0.0,-0.2627,-0.3032,0.02213,0.1002,0.02516,0.4817,-1.953,1.376,0.2769,-0.0514,-0.1908,0.3477,-0.1727,0.9053,0.9263,0.0,0.0,0.929,0.0,1.067,0.2021,0.0,0.0,0.0,0.0,1.616,0.0,-0.5,0.0,-0.1886,0.1544,1.0,0.0,0.0,-0.5,1.0,0.0,2.588,0.8867
0.93,0.9297,0.931,-0.01794,0.01875,0.05093,0.4636,-0.447,-0.10004,0.09644,0.749,-0.8584,-0.1428,0.3665,0.0,0.0,-0.1287,-0.06174,0.4702,0.0,-0.26,-0.5693,-0.1836,0.1011,-0.149,0.4875,-0.8223,-0.3018,0.2598,1.376,-0.3958,0.397,-1.026,0.9106,0.927,0.0,0.0,0.931,0.0,1.053,-0.05844,0.0,0.0,0.0,0.0,-0.2996,-1.0,-0.5,-0.5,-0.09906,-0.0813,0.0,1.0,0.0,-0.5,0.0,0.0,0.0,-0.1608
0.93,0.9297,0.9316,0.1048,-0.11633,0.05093,0.4636,-0.5684,-0.1702,0.05374,0.708,-4.96,-0.2856,0.3665,-1.0,0.0,-0.0998,-0.007656,0.4448,0.0,-0.2576,-0.7534,-0.3506,0.0737,-0.2151,0.4756,-0.996,-0.2527,0.2479,-0.3018,-0.0514,-0.1908,0.1259,0.913,0.927,0.0,0.0,0.9316,0.0,1.04,-0.6924,0.0,0.0,0.0,0.0,-0.2476,-1.0,-1.0,-1.0,0.02727,-0.2029,0.0,2.0,0.0,-0.5,0.0,0.0,0.0,-0.1334
0.93,0.929,0.932,0.16,-0.183,0.05093,0.4636,-0.611,-0.169,0.0303,0.661,0.1188,-0.4285,0.3665,-1.0,0.0,-0.08167,0.01991,0.4321,0.0,-0.2551,-0.598,-0.4407,0.0259,-0.198,0.4587,-0.4355,-0.127,0.2423,-0.2527,1.376,-0.3955,-0.5273,0.913,0.9277,0.0,0.0,0.932,0.0,1.034,-0.789,0.0,0.0,0.0,0.0,-0.0932,-1.0,-1.0,-1.5,0.0816,-0.2664,0.0,3.0,-0.5,-0.5,0.0,0.0,0.0,-0.05048
0.9365,0.9355,0.9375,-0.7256,0.725,0.05093,0.4636,-0.4624,0.836,0.3398,0.659,-17.1,-0.4285,0.3665,0.0,0.0,-0.3494,-0.295,0.6133,1.0,-0.2903,1.043,-0.4917,-0.02797,0.757,0.4434,0.667,2.086,0.3481,-0.127,-0.3018,-0.0514,-0.95,0.9233,0.9316,0.0,0.0,0.9365,0.0,1.134,-0.01517,0.0,0.0,0.0,0.0,4.742,0.0,-0.5,-1.0,-0.7056,0.68,1.0,0.0,-0.5,-0.5,0.0,0.0,0.0,2.574
0.942,0.9414,0.9434,-0.659,0.6655,0.05093,0.4636,-0.559,0.805,0.3413,0.681,0.1072,-0.4285,0.3665,0.0,0.0,-0.3594,-0.287,0.6133,1.0,-0.2903,-0.825,-0.504,-0.104,0.732,0.4485,0.5996,0.04916,0.395,2.086,-0.2527,1.376,0.3477,0.935,0.935,0.0,0.0,0.9414,0.0,1.136,0.3486,0.0,0.0,0.0,0.0,0.0728,0.0,-0.5,-0.5,-0.6514,0.6123,2.0,0.0,-0.5,-0.5,0.0,0.0,0.0,0.03818
0.9478,0.9473,0.9487,-0.646,0.6597,0.05093,0.4636,-0.613,0.8286,0.3594,0.7026,0.171,-0.4285,0.3665,0.0,0.0,-0.3801,-0.2988,0.6133,1.0,-0.2903,-0.909,-0.464,-0.2095,0.7466,0.4453,0.4377,0.1597,0.4695,0.04916,-0.1268,-0.3015,0.397,0.948,0.938,0.0,0.0,0.946,0.0,1.144,0.358,0.0,0.0,0.0,0.0,0.1929,1.0,-0.5,-0.5,-0.662,0.5815,3.0,0.0,-0.5,-0.5,0.0,0.0,0.0,0.1011
0.953,0.953,0.954,-0.655,0.6753,0.05093,0.4636,-0.6587,0.8496,0.3845,0.7393,0.1676,-0.2856,0.3665,0.0,0.0,-0.4062,-0.318,0.6133,1.0,-0.2903,-0.6484,-0.3792,-0.3196,0.7783,0.439,0.938,0.2081,0.5737,0.1597,2.086,-0.2527,-0.1908,0.956,0.942,0.0,0.0,0.949,0.0,1.153,0.6255,0.0,0.0,0.0,0.0,0.2473,2.0,0.0,0.0,-0.712,0.5522,4.0,0.0,-0.5,-0.5,0.0,0.0,0.0,0.1292
0.959,0.959,0.9595,-0.645,0.665,0.05093,0.4636,-0.737,0.806,0.4023,0.801,0.0935,-0.1428,0.3665,0.0,0.0,-0.4287,-0.3271,0.6133,1.0,-0.2903,-0.7324,-0.2253,-0.327,0.7363,0.4475,1.727,0.1587,0.6616,0.2081,0.04913,-0.1268,-0.3955,0.9663,0.9453,0.0,0.0,0.9507,0.0,1.161,1.136,1.0,0.0,0.0,0.0,0.1683,3.0,0.5,0.5,-0.7124,0.5317,5.0,0.0,0.0,-0.5,0.0,0.0,0.0,0.08765
0.965,0.965,0.9653,-0.6704,0.6943,0.0965,0.4636,-0.7417,0.809,0.4329,0.8584,0.1465,0.0,0.3665,0.0,0.0,-0.4553,-0.3547,0.6133,1.0,-0.2903,-0.5723,-0.04968,-0.251,0.754,0.4438,2.176,0.2434,0.762,0.1587,0.1595,2.084,-0.05136,0.9785,0.948,0.0,0.0,0.9526,0.0,1.174,1.121,1.0,0.0,0.0,0.0,0.295,3.0,1.0,0.5,-0.7456,0.5503,5.734,0.0,0.5,-0.5,0.0,0.0,0.0,0.1531
0.9688,0.9688,0.9697,-0.4285,0.4497,0.0965,0.4636,-0.753,0.5283,0.3657,0.9,-0.1904,0.1428,0.3665,0.0,0.0,-0.3982,-0.2915,0.5747,0.0,-0.2878,-0.583,0.11487,-0.1526,0.4946,0.4587,0.998,-0.3757,0.8237,0.2434,0.2081,0.04913,1.375,0.9897,0.9507,0.0,0.0,0.954,0.0,1.154,0.827,1.0,0.0,0.0,0.0,-0.3765,2.0,0.5,0.0,-0.509,0.3186,0.0,1.0,0.5,-0.5,0.0,0.0,0.0,-0.1947
0.971,0.971,0.9717,-0.1426,0.1614,0.0965,0.4636,-0.681,0.1881,0.2761,0.9346,-0.437,0.2856,0.3665,0.0,0.0,-0.3127,-0.2137,0.5215,0.0,-0.2854,-0.04578,0.2751,-0.04224,0.1581,0.4749,1.576,-0.5244,0.853,-0.3757,0.1586,0.1595,-0.3015,0.9893,0.9536,0.0,0.0,0.956,0.0,1.128,0.6475,0.0,0.0,0.0,0.0,-0.5864,1.0,0.5,0.0,-0.2333,0.04126,0.0,2.0,0.5,-0.5,0.0,0.0,0.0,-0.3052
0.9746,0.974,0.9756,-0.3362,0.3484,0.0965,0.4636,-0.7334,0.3289,0.347,0.988,0.6523,0.4285,0.3665,0.0,0.0,-0.38,-0.2756,0.5723,0.0,-0.2827,-0.665,0.44,0.08325,0.3108,0.4946,2.066,0.5044,0.912,-0.5244,0.2434,0.2081,-0.2527,0.991,0.9565,0.0,0.0,0.959,0.0,1.153,0.9487,1.0,0.0,0.0,0.0,0.627,1.0,1.0,0.5,-0.388,0.2556,1.0,0.0,0.5,-0.5,0.0,0.0,0.0,0.329
0.9785,0.978,0.9795,-0.4243,0.4297,0.0965,0.4636,-0.7124,0.3591,0.3872,1.049,0.2175,0.5713,0.3665,0.0,0.0,-0.413,-0.3152,0.6035,0.0,-0.2803,-0.554,0.632,0.2317,0.3303,0.522,2.498,0.3052,0.968,0.5044,-0.3757,0.1586,-0.1268,0.993,0.96,0.0,0.0,0.9634,0.0,1.168,1.028,1.0,0.0,0.0,0.0,0.5254,1.0,1.5,1.0,-0.52,0.2822,2.0,0.0,0.5,-0.5,0.0,0.0,0.0,0.2737
0.98,0.979,0.981,-0.02058,0.01494,0.0965,0.7607,-0.7637,-0.0849,0.2537,1.064,-0.884,0.5713,0.3665,0.0,0.0,-0.3,-0.1846,0.5215,0.0,-0.2778,-0.2279,0.8,0.363,-0.1295,0.536,0.3748,-0.8013,0.8843,0.3052,-0.5244,0.2433,2.084,0.991,0.9624,0.0,0.0,0.9673,0.0,1.128,0.334,0.0,0.0,0.0,0.0,-2.012,0.0,1.0,0.5,-0.11127,-0.0957,0.0,1.0,0.5,-1.0,0.0,0.0,0.0,-1.042
0.982,0.9814,0.984,-0.1888,0.1799,0.0965,0.7607,-0.755,0.05066,0.3115,1.095,5.062,0.5713,0.3665,0.0,0.0,-0.3508,-0.2404,0.5635,0.0,-0.2751,-0.4006,0.939,0.4766,0.02257,0.547,0.3044,0.4185,0.8306,-0.8013,0.5044,-0.3755,0.04913,0.99,0.966,0.0,0.0,0.9717,0.0,1.148,0.5845,0.0,0.0,0.0,0.0,0.604,1.0,1.0,1.0,-0.2583,0.0793,1.0,0.0,0.5,-1.0,0.0,0.0,0.0,0.3174
0.9844,0.983,0.9863,-0.161,0.1425,0.0965,0.7607,-0.692,-0.02751,0.3047,1.132,-0.3743,0.7144,0.3665,0.0,0.0,-0.339,-0.24,0.5635,0.0,-0.2727,-0.00612,1.023,0.5786,-0.03165,0.5557,0.1442,0.0,0.792,0.4185,0.305,-0.5244,0.1595,0.988,0.969,0.0,0.0,0.9756,0.0,1.148,0.708,0.0,0.0,0.0,0.0,0.0,1.0,0.5,1.0,-0.2346,0.03952,0.0,0.0,0.5,-1.0,0.0,0.0,0.0,0.0
0.986,0.984,0.989,-0.1015,0.0566,0.0965,0.7607,-0.7046,-0.154,0.2825,1.169,-1.441,0.7144,0.3665,-1.0,0.0,-0.3206,-0.2177,0.5537,0.0,-0.2703,-0.7944,1.02,0.6646,-0.12115,0.5557,-0.0956,-0.0978,0.712,0.0,-0.8013,0.5044,0.208,0.987,0.971,0.0,0.0,0.9795,0.0,1.144,0.721,0.0,0.0,0.0,0.0,-0.0931,0.0,0.0,1.0,-0.267,-0.1416,0.0,1.0,0.5,-1.0,0.0,0.0,0.0,-0.04852
0.987,0.985,0.9893,0.01665,-0.0653,0.0965,0.7607,-0.8647,-0.2625,0.2416,1.156,3.191,0.5713,0.3665,-1.0,0.0,-0.2983,-0.1632,0.5312,0.0,-0.2676,-0.3787,0.986,0.7344,-0.2698,0.5557,-0.3127,-0.2203,0.5474,-0.0978,0.4182,0.305,0.1586,0.9873,0.9717,0.0,0.0,0.984,0.0,1.132,-0.1307,0.0,0.0,0.0,0.0,-0.2966,-1.0,-0.5,0.5,-0.1464,-0.2517,0.0,2.0,0.5,-1.0,0.0,0.0,0.0,-0.1549
0.987,0.9844,0.9893,0.1538,-0.2017,0.0965,0.7607,-0.8145,-0.3894,0.1918,1.139,1.088,0.4285,0.3665,-1.0,0.0,-0.2489,-0.11993,0.5024,0.0,-0.2651,-0.4067,0.896,0.777,-0.3997,0.5557,-0.681,-0.2825,0.3228,-0.2203,0.0,-0.801,0.2433,0.9844,0.9717,0.0,0.0,0.988,0.0,1.118,-0.3035,0.0,0.0,0.0,0.0,-0.2864,-1.0,-1.0,0.0,-0.0125,-0.381,0.0,3.0,0.5,-1.0,0.0,0.0,0.0,-0.1501
0.9863,0.9844,0.9893,0.1584,-0.2043,0.0965,0.7607,-0.816,-0.3784,0.1833,1.115,0.09906,0.2856,0.3665,-1.0,0.0,-0.2415,-0.1117,0.5015,0.0,-0.2627,-0.822,0.7583,0.796,-0.3857,0.5557,-0.3503,-0.012344,0.2603,-0.2825,-0.0977,0.4182,-0.3755,0.9795,0.972,0.0,0.0,0.9893,0.0,1.117,-0.4019,0.0,0.0,0.0,0.0,-0.015305,-2.0,-1.0,-0.5,-0.01941,-0.396,0.0,4.0,0.5,-0.5,0.0,0.0,0.0,-0.008064
0.9854,0.9834,0.988,0.3008,-0.3445,0.0965,0.7437,-0.8037,-0.4993,0.128,1.081,0.647,0.1428,0.3665,-1.0,0.0,-0.1897,-0.05878,0.469,0.0,-0.26,-0.568,0.579,0.795,-0.5176,0.5557,0.2056,-0.321,0.1604,-0.012344,-0.2202,0.0,-0.5244,0.977,0.9727,0.0,0.0,0.991,0.0,1.102,-0.672,0.0,0.0,0.0,0.0,-0.311,-2.0,-1.0,-1.0,0.12067,-0.5273,0.0,5.0,0.5,0.0,0.0,0.0,0.0,-0.1638
0.9854,0.984,0.988,0.11005,-0.1516,0.0965,0.7437,-0.8,-0.2798,0.1823,1.052,-0.4841,0.0,0.3665,-1.0,0.0,-0.2389,-0.1122,0.509,0.0,-0.2576,-0.7896,0.4028,0.754,-0.3003,0.5557,-0.4717,0.3972,-0.02475,-0.321,-0.2825,-0.0977,0.5044,0.9746,0.974,0.0,0.0,0.9937,0.0,1.121,-0.5283,0.0,0.0,0.0,0.0,0.632,-1.0,-1.0,-1.0,-0.0503,-0.328,1.0,0.0,0.5,0.0,0.0,0.0,0.0,0.3345
0.988,0.986,0.99,-0.1892,0.1498,0.0965,0.7437,-0.7812,0.0693,0.2817,1.031,-2.184,0.0,0.3665,0.0,0.0,-0.3267,-0.2096,0.5786,0.0,-0.2551,-0.2228,0.2339,0.6616,0.0389,0.5557,-0.9224,0.6904,-0.341,0.3972,-0.012344,-0.2202,0.305,0.9756,0.9766,0.0,0.0,0.9976,0.0,1.154,-0.2932,0.0,0.0,0.0,0.0,1.398,0.0,-1.0,-1.0,-0.3142,-0.011375,2.0,0.0,0.5,0.0,0.0,0.0,0.0,0.7354
0.9883,0.9863,0.9907,0.05057,-0.0939,0.0965,0.7437,-0.786,-0.1499,0.2019,1.011,-1.161,-0.1428,0.3665,-1.0,0.0,-0.2554,-0.1324,0.5303,0.0,-0.2524,-0.907,0.05176,0.5537,-0.1819,0.5557,0.0363,-0.4753,-0.341,0.6904,-0.321,-0.2825,-0.801,0.9746,0.9795,0.0,0.0,0.9976,0.0,1.131,-0.3337,0.0,0.0,0.0,0.0,-0.5063,0.0,-1.0,-1.0,-0.0917,-0.2551,0.0,1.0,0.5,0.0,0.0,0.0,0.0,-0.2634
0.987,0.985,0.9893,0.3892,-0.4329,0.0965,0.6,-0.7544,-0.4888,0.0826,0.986,10.805,-0.2856,0.3665,-1.0,0.0,-0.1433,-0.01859,0.4553,0.0,-0.25,-0.3652,-0.1371,0.4263,-0.5107,0.5503,-0.4626,-0.7373,-0.2712,-0.4753,0.3972,-0.012344,0.4182,0.971,0.9814,0.0,0.0,0.9966,0.0,1.094,-0.415,0.0,0.0,0.0,0.0,-1.014,0.0,-1.5,-1.0,0.2366,-0.579,0.0,2.0,0.5,0.0,0.0,1.0,-1.817,-0.5317
0.987,0.985,0.9893,0.14,-0.1808,0.0965,0.6,-0.74,-0.2189,0.154,0.9595,-0.649,-0.4285,0.3665,-1.0,0.0,-0.2079,-0.0904,0.5063,0.0,-0.2474,-0.3743,-0.3025,0.2861,-0.2465,0.546,-0.593,0.5103,-0.2612,-0.7373,0.6904,-0.3208,0.0,0.971,0.9834,0.0,0.0,0.9956,0.0,1.119,-0.415,0.0,0.0,0.0,0.0,0.565,1.0,-1.0,-1.0,0.01329,-0.318,1.0,0.0,0.5,0.0,0.0,0.0,0.0,0.3
0.987,0.985,0.9897,0.0889,-0.133,0.0965,0.6,-0.7617,-0.135,0.1647,0.9287,-0.744,-0.5713,0.3665,-1.0,0.0,-0.2195,-0.0987,0.5176,0.0,-0.245,-0.7573,-0.3604,0.1353,-0.163,0.539,-0.542,0.111,-0.2654,0.5103,-0.4753,0.397,-0.0977,0.9717,0.9854,0.0,0.0,0.995,0.0,1.124,-0.5127,0.0,0.0,0.0,0.0,0.11786,1.0,-0.5,-1.0,-0.0696,-0.3088,2.0,0.0,0.5,0.0,0.0,0.0,0.0,0.06204
0.9927,0.991,0.9946,-0.622,0.602,0.0965,0.6,-0.6724,0.633,0.4158,0.95,-17.1,-0.5713,0.3665,0.0,0.0,-0.4346,-0.3457,0.6133,1.0,-0.2903,0.9966,-0.3928,0.004074,0.597,0.476,-0.3157,1.687,-0.1271,0.111,-0.7373,0.6904,-0.2202,0.982,0.9897,0.0,0.0,0.9966,0.0,1.207,0.4846,0.0,0.0,0.0,0.0,3.84,1.0,0.0,-0.5,-0.679,0.4814,3.0,0.0,0.5,0.0,0.0,0.0,0.0,2.018
0.997,0.996,0.999,-0.52,0.5054,-0.2144,0.6,-0.7085,0.5605,0.399,0.963,0.03748,-0.5713,0.3665,0.0,0.0,-0.423,-0.3267,0.6074,0.0,-0.2878,-0.84,-0.3972,-0.1053,0.4792,0.4946,0.2175,-0.05988,-0.042,1.687,0.51,-0.4753,-0.2825,0.9893,0.9946,0.0,0.0,0.9976,0.0,1.204,0.3318,0.0,0.0,0.0,0.0,-0.1647,1.0,0.0,-1.0,-0.584,0.3853,0.0,1.0,0.5,0.0,0.0,0.0,0.0,-0.0841
1.002,1.001,1.004,-0.526,0.517,-0.2144,0.6,-0.7607,0.597,0.418,0.979,0.2018,-0.5713,0.3665,0.0,0.0,-0.4443,-0.3394,0.6133,1.0,-0.2903,-0.584,-0.3696,-0.208,0.511,0.494,0.4482,0.1678,0.07385,-0.05988,0.111,-0.737,-0.01234,0.9946,0.9976,0.0,0.0,0.9995,0.0,1.213,0.3848,0.0,0.0,0.0,0.0,0.2278,2.0,0.5,-0.5,-0.589,0.3972,1.0,0.0,0.5,0.0,0.0,0.0,0.0,0.11646
1.006,1.005,1.007,-0.3809,0.3765,-0.2144,0.6,-0.701,0.4624,0.3826,0.9937,-0.0645,-0.4285,0.3665,0.0,0.0,-0.4082,-0.312,0.595,0.0,-0.2878,-0.1782,-0.3313,-0.3008,0.3916,0.5005,1.076,-0.1793,0.1411,0.1678,1.687,0.51,-0.3208,1.002,1.001,0.0,0.0,1.002,0.0,1.203,0.344,0.0,0.0,0.0,0.0,-0.1719,1.0,0.5,-0.5,-0.458,0.2527,0.0,1.0,0.5,0.0,0.0,0.0,0.0,-0.08765
1.008,1.007,1.009,-0.1312,0.12354,-0.2144,0.6,-0.7256,0.199,0.304,1.003,-0.3574,-0.2856,0.3665,0.0,0.0,-0.3416,-0.236,0.5483,0.0,-0.2854,-0.835,-0.2874,-0.3647,0.1348,0.5073,0.851,-0.4556,0.1636,-0.1793,-0.05988,0.11096,0.397,1.01,1.004,0.0,0.0,1.003,0.0,1.18,0.234,0.0,0.0,0.0,0.0,-0.611,0.0,0.0,-0.5,-0.2142,0.0127,0.0,2.0,0.5,0.0,0.0,0.0,0.0,-0.3125
1.009,1.008,1.011,-0.014694,0.004353,-0.2144,0.6,-0.733,0.0592,0.2654,1.015,-0.345,-0.1428,0.3665,0.0,0.0,-0.3079,-0.1986,0.5273,0.0,-0.2827,-0.474,-0.2264,-0.3684,0.0001558,0.5146,0.1621,-0.2054,0.167,-0.4556,0.1677,1.687,0.69,1.015,1.007,0.0,0.0,1.003,0.0,1.17,0.266,0.0,0.0,0.0,0.0,-0.2156,-1.0,-0.5,-0.5,-0.0942,-0.0936,0.0,3.0,0.5,0.0,0.0,0.0,0.0,-0.11115
1.013,1.012,1.014,-0.3335,0.33,-0.2144,0.6,-0.7007,0.3757,0.3784,1.043,2.133,0.0,0.3665,0.0,0.0,-0.4045,-0.3083,0.606,0.0,-0.2803,-0.2932,-0.1345,-0.3352,0.3171,0.5273,0.7866,0.776,0.2235,-0.2054,-0.1793,-0.05984,-0.475,1.022,1.009,0.0,0.0,1.006,0.0,1.208,0.4841,0.0,0.0,0.0,0.0,1.525,0.0,0.0,0.0,-0.372,0.252,1.0,0.0,0.5,0.0,0.0,0.0,0.0,0.789
1.012,1.011,1.014,0.2211,-0.2319,-0.2144,0.6,-0.603,-0.2327,0.1914,1.053,-1.217,0.0,0.3665,-1.0,0.0,-0.2296,-0.1399,0.4883,0.0,-0.2778,0.02467,-0.04843,-0.2917,-0.2769,0.5337,1.881,-1.148,0.223,0.776,-0.4556,0.1677,-0.737,1.017,1.009,0.0,0.0,1.006,0.0,1.149,0.1619,0.0,0.0,0.0,0.0,-1.811,-1.0,0.0,0.0,0.191,-0.2578,0.0,1.0,0.5,0.0,0.0,0.0,0.0,-0.9243
1.012,1.011,1.014,0.176,-0.1881,-0.2144,0.6,-0.5864,-0.2156,0.198,1.057,-0.01678,0.0,0.3665,-1.0,0.0,-0.234,-0.1478,0.4968,0.0,-0.2751,-0.3872,0.02776,-0.2405,-0.267,0.5405,1.407,0.08545,0.2228,-1.148,-0.2053,-0.1792,0.51,1.013,1.01,0.0,0.0,1.006,0.0,1.154,0.08044,0.0,0.0,0.0,0.0,0.1111,0.0,0.0,0.0,0.11816,-0.2477,1.0,0.0,0.5,0.0,0.0,0.0,0.0,0.05786
1.014,1.013,1.015,-0.06165,0.05115,-0.2144,0.6,-0.628,0.02689,0.2737,1.056,-2.506,0.0,0.3665,0.0,0.0,-0.306,-0.2166,0.551,0.0,-0.2727,-0.543,0.0907,-0.1885,-0.03378,0.546,1.362,0.536,0.2354,0.08545,0.776,-0.4553,0.11096,1.01,1.011,0.0,0.0,1.008,0.0,1.181,0.0389,0.0,0.0,0.0,0.0,0.5225,1.0,0.0,0.0,-0.102,-0.00789,2.0,0.0,0.5,0.0,0.0,0.0,0.0,0.2717
1.015,1.014,1.016,0.0167,-0.02881,-0.2144,0.6,-0.59,-0.0701,0.2465,1.063,-0.606,0.1428,0.3665,0.0,0.0,-0.278,-0.1942,0.5376,0.0,-0.2703,-0.3616,0.1357,-0.1377,-0.1199,0.5503,-0.548,-0.1328,0.2319,0.536,-1.148,-0.2053,1.686,1.007,1.011,0.0,0.0,1.009,0.0,1.174,0.1605,0.0,0.0,0.0,0.0,-0.10596,1.0,-0.5,0.0,-0.05914,-0.1204,0.0,1.0,0.5,0.0,0.0,0.0,0.0,-0.0546
1.017,1.015,1.019,-0.1489,0.1305,-0.2144,0.6,-0.5635,0.05478,0.3018,1.098,3.186,0.2856,0.3665,0.0,0.0,-0.325,-0.2495,0.578,0.0,-0.2676,0.505,0.1757,-0.0743,0.00932,0.5557,-0.5522,0.3994,0.2257,-0.1328,0.0854,0.7754,-0.05984,1.008,1.011,0.0,0.0,1.012,0.0,1.193,0.5693,0.0,0.0,0.0,0.0,0.671,1.0,0.0,0.5,-0.2164,0.0352,1.0,0.0,0.5,0.0,0.0,0.0,0.0,0.3464
1.02,1.019,1.021,-0.3665,0.3484,-0.2144,0.6,-0.506,0.2593,0.3833,1.132,1.464,0.4285,0.3665,0.0,0.0,-0.3914,-0.3315,0.6133,1.0,-0.2903,0.3904,0.1979,-0.005955,0.2284,0.5537,-0.7847,0.565,0.253,0.3994,0.536,-1.148,0.1677,1.013,1.013,0.0,0.0,1.015,0.0,1.222,0.5864,0.0,0.0,0.0,0.0,1.003,2.0,0.0,0.5,-0.3967,0.2766,2.0,0.0,0.5,0.0,0.0,0.0,0.0,0.5146
1.02,1.019,1.021,0.1853,-0.2155,-0.2144,0.6,-0.3845,-0.3372,0.1978,1.14,-1.6045,0.4285,0.3665,-1.0,0.0,-0.2158,-0.1669,0.496,0.0,-0.2878,0.0666,0.1641,0.0528,-0.3591,0.5557,-0.533,-1.144,0.1715,0.565,-0.1328,0.0854,-0.1792,1.009,1.014,0.0,0.0,1.018,0.0,1.163,0.1074,0.0,0.0,0.0,0.0,-1.971,1.0,0.0,0.0,0.09894,-0.3054,0.0,1.0,0.5,0.0,0.0,0.0,0.0,-1.002
1.02,1.018,1.021,0.2124,-0.2452,-0.2144,0.598,-0.505,-0.3413,0.1807,1.108,0.163,0.2856,0.3665,-1.0,0.0,-0.211,-0.1388,0.4888,0.0,-0.2854,-0.2097,0.11066,0.0896,-0.3884,0.5557,-0.0581,-0.0729,0.1241,-1.144,0.3994,0.536,-0.4553,1.01,1.014,0.0,0.0,1.019,0.0,1.16,-0.4792,0.0,0.0,0.0,0.0,-0.1182,0.0,0.0,-0.5,0.1262,-0.3328,0.0,2.0,0.5,0.0,0.0,0.0,0.0,-0.06125
1.021,1.02,1.023,-0.1855,0.1594,-0.2144,0.598,-0.447,0.095,0.3115,1.095,-1.973,0.2856,0.3665,0.0,0.0,-0.3232,-0.2698,0.579,0.0,-0.2827,-0.26,0.06476,0.1076,0.05875,0.5547,0.1501,0.9,0.141,-0.0729,0.565,-0.1328,-0.2053,1.015,1.015,0.0,0.0,1.0205,0.0,1.205,-0.12146,0.0,0.0,0.0,0.0,1.308,1.0,0.5,0.0,-0.2115,0.10645,1.0,0.0,0.5,0.0,0.0,0.0,0.0,0.6787
1.022,1.021,1.025,-0.04483,0.01526,-0.2144,0.598,-0.4404,-0.01617,0.2651,1.073,-0.4373,0.2856,0.3665,0.0,0.0,-0.2812,-0.2263,0.5537,0.0,-0.2803,-0.5786,0.012405,0.10895,-0.05444,0.5527,-0.7188,-0.2515,0.1078,0.9,-1.144,0.3992,0.7754,1.016,1.017,0.0,0.0,1.022,0.0,1.191,-0.26,0.0,0.0,0.0,0.0,-0.4075,0.0,0.0,-0.5,-0.0747,-0.03105,0.0,1.0,0.5,0.0,0.0,0.0,0.0,-0.2083
1.025,1.024,1.028,-0.2766,0.2522,-0.2144,0.598,-0.4697,0.2544,0.3464,1.066,3.14,0.2856,0.3665,0.0,0.0,-0.356,-0.3005,0.6123,0.0,-0.2778,-0.3464,-0.04962,0.0918,0.2196,0.554,0.682,0.577,-0.01329,-0.2515,-0.0728,0.565,-1.148,1.0205,1.018,0.0,0.0,1.026,0.0,1.221,-0.01804,0.0,0.0,0.0,0.0,0.718,0.0,0.5,0.0,-0.2883,0.2078,1.0,0.0,0.5,0.0,0.0,0.0,0.0,0.3684
1.025,1.023,1.027,0.2345,-0.2622,-0.2144,0.598,-0.346,-0.2644,0.173,1.047,-1.396,0.1428,0.3665,-1.0,0.0,-0.1898,-0.1466,0.5034,0.0,-0.2751,-0.04947,-0.12415,0.05164,-0.2935,0.5527,0.7554,-1.061,-0.1152,0.577,0.8994,-1.143,0.0854,1.018,1.019,0.0,0.0,1.028,0.0,1.166,-0.2029,0.0,0.0,0.0,0.0,-2.068,0.0,0.0,0.0,0.2374,-0.2512,0.0,1.0,0.5,0.0,0.0,0.0,0.0,-1.052
1.026,1.025,1.028,-0.019,-0.006046,-0.2144,0.598,-0.3699,-0.010765,0.2507,1.044,-1.721,0.1428,0.3665,0.0,0.0,-0.2622,-0.2195,0.5596,0.0,-0.2727,-0.9326,-0.2045,-0.01929,-0.03152,0.554,0.1306,0.558,-0.229,-1.061,-0.2515,-0.0728,0.5356,1.016,1.02,0.0,0.0,1.03,0.0,1.194,0.007496,0.0,0.0,0.0,0.0,0.6196,1.0,0.0,0.5,-0.013016,-0.011345,1.0,0.0,0.5,0.0,0.0,0.0,0.0,0.3206
1.028,1.026,1.03,-0.0723,0.0468,-0.9146,0.598,-0.4016,0.0691,0.2666,1.026,0.9824,0.1428,0.3665,0.0,0.0,-0.2793,-0.2316,0.5757,0.0,-0.2703,-0.598,-0.267,-0.0909,0.0445,0.554,0.333,0.1562,-0.2316,0.558,0.577,0.8994,-0.1328,1.02,1.021,0.0,0.0,1.03,0.0,1.202,-0.1624,0.0,0.0,0.0,0.0,0.2472,1.0,0.5,0.5,-0.1151,-0.0157,2.0,0.0,0.5,0.0,0.0,0.0,0.0,0.1267
1.03,1.028,1.032,-0.1373,0.1088,-0.9146,0.598,-0.4897,0.119,0.2874,1.038,0.4402,0.2856,0.3665,0.0,0.0,-0.3057,-0.2429,0.595,0.0,-0.2676,-0.874,-0.3215,-0.1392,0.0994,0.5557,-0.0881,0.1918,-0.2186,0.1562,-1.06,-0.2515,0.3992,1.024,1.023,0.0,0.0,1.03,0.0,1.212,0.2908,0.0,0.0,0.0,0.0,0.3047,2.0,0.5,1.0,-0.1692,0.05307,3.0,0.0,0.5,0.0,1.0,0.0,1.233,0.1558
1.03,1.029,1.033,0.04507,-0.07965,-0.9146,0.598,-0.4993,-0.0869,0.2231,1.04,-0.822,0.4285,0.3665,0.0,0.0,-0.249,-0.1804,0.5586,0.0,-0.2651,-0.612,-0.3625,-0.1781,-0.1072,0.5557,-0.744,-0.3584,-0.2344,0.1918,0.5576,0.577,0.565,1.023,1.025,0.0,0.0,1.03,0.0,1.193,0.1288,0.0,0.0,0.0,0.0,-0.675,1.0,0.0,0.5,-0.00471,-0.1406,0.0,1.0,0.5,0.0,0.0,0.0,0.0,-0.344
1.036,1.034,1.037,-0.5674,0.557,-0.6533,0.598,-0.3555,0.5703,0.4404,1.0625,14.88,0.4285,0.3665,0.0,0.0,-0.4272,-0.3987,0.6133,1.0,-0.2903,1.452,-0.3657,-0.2047,0.5396,0.4883,0.6265,1.466,-0.0609,-0.3584,0.1561,-1.06,-1.143,1.03,1.028,0.0,0.0,1.032,0.0,1.267,0.3657,0.0,0.0,0.0,0.0,4.457,2.0,0.5,0.5,-0.5215,0.5522,1.0,0.0,0.5,0.0,0.0,0.0,0.0,2.285
1.041,1.04,1.043,-0.604,0.6055,-0.5186,0.598,-0.343,0.6226,0.4722,1.095,0.2268,0.4285,0.3665,0.0,0.0,-0.4534,-0.429,0.6133,1.0,-0.2903,-0.1792,-0.3193,-0.2125,0.5957,0.4766,0.9756,0.258,0.11127,1.466,0.1918,0.5576,-0.0728,1.035,1.032,0.0,0.0,1.036,0.0,1.28,0.4692,0.0,0.0,0.0,0.0,0.4717,2.0,1.0,1.0,-0.5693,0.5864,2.0,0.0,0.5,0.0,0.0,0.0,0.0,0.2361
1.046,1.045,1.047,-0.4546,0.4578,-0.5186,0.598,-0.4182,0.4783,0.4346,1.112,-0.0714,0.4285,0.3665,0.0,0.0,-0.4277,-0.3872,0.5957,0.0,-0.2878,-0.4436,-0.2146,-0.2007,0.4434,0.49,0.1681,-0.1752,0.2021,0.258,-0.3584,0.1561,0.8994,1.045,1.035,0.0,0.0,1.039,0.0,1.2705,0.3188,0.0,0.0,0.0,0.0,-0.3154,1.0,0.5,0.5,-0.4504,0.4167,0.0,1.0,0.5,0.0,0.0,0.0,0.0,-0.1572
1.049,1.048,1.05,-0.2126,0.2133,-0.5186,0.598,-0.4492,0.2468,0.3591,1.108,-0.2847,0.4285,0.3665,0.0,0.0,-0.3652,-0.3145,0.5522,0.0,-0.2854,-0.4207,-0.11426,-0.1757,0.2052,0.4963,0.6504,-0.4216,0.2452,-0.1752,1.466,0.1917,-0.2515,1.051,1.037,0.0,0.0,1.04,0.0,1.249,0.03265,0.0,0.0,0.0,0.0,-0.694,0.0,0.5,0.0,-0.26,0.1348,0.0,2.0,0.5,0.0,0.0,0.0,0.0,-0.347
1.052,1.051,1.053,-0.3071,0.3054,-0.5186,0.598,-0.5205,0.3215,0.396,1.137,0.3694,0.5713,0.3665,0.0,0.0,-0.4036,-0.3418,0.5825,0.0,-0.2827,-0.5044,-0.0004702,-0.1367,0.29,0.509,0.0767,0.295,0.2522,-0.4216,0.258,-0.3582,0.577,1.057,1.041,0.0,0.0,1.044,0.0,1.264,0.537,0.0,0.0,0.0,0.0,0.504,1.0,0.5,0.5,-0.3364,0.2395,1.0,0.0,0.5,0.0,0.0,0.0,0.0,0.2537
1.055,1.055,1.057,-0.3264,0.3206,-0.5186,0.598,-0.5713,0.3125,0.4084,1.17,0.1202,0.7144,0.3665,0.0,0.0,-0.4192,-0.3486,0.5967,0.0,-0.2803,-0.7905,0.1093,-0.08887,0.307,0.52,1.5205,0.1409,0.2588,0.295,-0.1752,1.466,-1.06,1.062,1.045,0.0,0.0,1.048,0.0,1.271,0.601,0.0,0.0,0.0,0.0,0.1489,1.0,1.0,1.0,-0.391,0.2145,2.0,0.0,0.5,0.0,0.0,0.0,0.0,0.07465
1.058,1.057,1.059,-0.1334,0.12317,-0.5186,0.598,-0.621,0.1082,0.345,1.174,-0.381,0.7144,0.3665,0.0,0.0,-0.3682,-0.2847,0.562,0.0,-0.2778,-0.6284,0.1947,-0.04462,0.1084,0.527,1.094,-0.3396,0.2617,0.1409,-0.4216,0.258,0.5576,1.067,1.048,0.0,0.0,1.051,0.0,1.253,0.2228,0.0,0.0,0.0,0.0,-0.3735,0.0,0.5,0.5,-0.2041,0.02563,0.0,1.0,0.5,0.0,0.0,0.0,0.0,-0.1868
1.059,1.058,1.061,-0.0661,0.0529,-0.5186,0.598,-0.619,0.02109,0.3206,1.182,-0.285,0.7144,0.3665,0.0,0.0,-0.3464,-0.2617,0.5522,0.0,-0.2751,-0.595,0.2632,-0.0007095,0.02129,0.535,1.049,-0.09424,0.2386,-0.3396,0.295,-0.1752,0.1561,1.065,1.049,0.0,0.0,1.053,0.0,1.248,0.289,0.0,0.0,0.0,0.0,-0.1567,0.0,0.0,0.5,-0.1647,-0.0699,0.0,2.0,0.5,0.0,0.0,0.0,0.0,-0.0788
1.06,1.059,1.062,0.0532,-0.0677,-0.5186,0.598,-0.601,-0.10187,0.275,1.17,-0.8467,0.7144,0.3762,0.0,0.0,-0.3044,-0.2205,0.5293,0.0,-0.2727,-0.2096,0.3022,0.04282,-0.10077,0.538,0.9277,-0.2241,0.2266,-0.09424,0.1409,-0.4216,0.1917,1.062,1.049,0.0,0.0,1.055,0.0,1.236,0.002382,0.0,0.0,0.0,0.0,-0.2343,0.0,-0.5,0.0,-0.0962,-0.2365,0.0,3.0,0.5,0.0,0.0,0.0,0.0,-0.1179
1.061,1.059,1.0625,0.05194,-0.0772,-0.5186,0.598,-0.6777,-0.1458,0.2664,1.183,-3.486,0.7144,0.3862,-1.0,0.0,-0.3037,-0.2048,0.531,0.0,-0.2703,-0.608,0.3284,0.09827,-0.1469,0.5493,1.443,0.01184,0.2302,-0.2241,-0.3396,0.295,-0.3582,1.059,1.05,0.0,0.0,1.056,0.0,1.237,0.547,0.0,0.0,0.0,0.0,0.01226,0.0,0.0,0.5,-0.12036,-0.271,1.0,0.0,0.5,0.0,0.0,0.0,0.0,0.006195
1.061,1.059,1.0625,0.0745,-0.104,-0.5186,0.598,-0.6655,-0.1925,0.2512,1.184,1.815,0.5713,0.3862,-1.0,0.0,-0.289,-0.1915,0.527,0.0,-0.2676,-0.464,0.3281,0.1498,-0.191,0.555,-0.2722,-0.03552,0.1558,0.01184,-0.09424,0.1409,1.466,1.058,1.051,0.0,0.0,1.058,0.0,1.235,0.3171,0.0,0.0,0.0,0.0,-0.05307,-1.0,-0.5,0.0,-0.10364,-0.3025,0.0,1.0,0.5,0.0,0.0,0.0,0.0,-0.02681
1.061,1.059,1.0625,0.164,-0.1962,-0.5186,0.6787,-0.6016,-0.3025,0.2131,1.179,1.701,0.4285,0.3862,-1.0,0.0,-0.2491,-0.161,0.508,0.0,-0.2651,0.0666,0.2935,0.1923,-0.3098,0.5557,-0.677,-0.1896,0.05212,-0.03552,-0.2241,-0.3396,0.258,1.055,1.052,0.0,0.0,1.06,0.0,1.226,0.1292,0.0,0.0,0.0,0.0,-0.3494,-1.0,-1.0,-0.5,-0.01904,-0.393,0.0,2.0,0.5,0.0,0.0,0.0,0.0,-0.1766
1.06,1.058,1.062,0.2734,-0.3054,-0.5186,0.6787,-0.504,-0.4263,0.167,1.165,0.8667,0.2856,0.3862,-1.0,0.0,-0.1985,-0.1256,0.4827,0.0,-0.2627,0.2817,0.2316,0.2145,-0.4292,0.5557,-0.584,-0.2496,0.04126,-0.1896,0.01184,-0.0942,-0.1752,1.049,1.053,0.0,0.0,1.061,0.0,1.212,-0.1062,0.0,0.0,0.0,0.0,-0.3213,-1.0,-1.0,-1.0,0.0772,-0.508,0.0,3.0,0.5,0.0,0.0,0.0,0.0,-0.163
1.061,1.059,1.063,-0.03008,-0.004715,-0.5186,0.6787,-0.4426,-0.1449,0.2588,1.172,-0.849,0.1428,0.3862,-1.0,0.0,-0.276,-0.2201,0.549,0.0,-0.26,-0.1976,0.157,0.229,-0.153,0.5557,-0.1854,0.6562,0.004887,-0.2496,-0.03552,-0.2241,-0.4216,1.049,1.054,0.0,0.0,1.0625,0.0,1.246,0.3892,0.0,0.0,0.0,0.0,0.721,0.0,-0.5,-0.5,-0.2455,-0.2517,1.0,0.0,0.5,0.0,0.0,0.0,0.0,0.3672
1.061,1.059,1.063,0.1254,-0.1649,-0.5186,0.6787,-0.599,-0.2769,0.2015,1.141,5.008,0.0,0.3862,-1.0,0.0,-0.2384,-0.15,0.516,0.0,-0.2576,-0.5903,0.0794,0.2299,-0.3164,0.5557,-0.5645,-0.3188,-0.0001789,0.6562,-0.1896,0.01183,0.2947,1.047,1.056,0.0,0.0,1.0625,0.0,1.2295,-0.596,0.0,0.0,0.0,0.0,-0.3828,-1.0,-1.0,-1.0,-0.09576,-0.406,0.0,1.0,0.5,0.0,0.0,0.0,0.0,-0.1929
1.06,1.058,1.0625,0.2852,-0.3257,-0.5186,0.8765,-0.5234,-0.405,0.1392,1.096,1.013,-0.1428,0.3862,-1.0,0.0,-0.1748,-0.0965,0.4802,0.0,-0.2551,0.6035,-0.01851,0.1954,-0.4211,0.5557,-0.8267,-0.356,-0.1102,-0.3188,-0.2495,-0.0355,0.1409,1.045,1.057,0.0,0.0,1.064,0.0,1.211,-0.9775,0.0,0.0,0.0,0.0,-0.569,-1.0,-1.5,-1.5,0.0627,-0.556,0.0,2.0,0.5,0.0,0.0,0.0,0.0,-0.288
1.058,1.057,1.061,0.4053,-0.4453,-0.5186,0.723,-0.5347,-0.5005,0.086,1.049,0.5044,-0.2856,0.3862,-1.0,0.0,-0.1268,-0.043,0.4502,0.0,-0.2524,-0.6294,-0.1123,0.1377,-0.51,0.5444,-0.5376,-0.2986,-0.11975,-0.356,0.6562,-0.1895,-0.3396,1.041,1.058,0.0,0.0,1.064,0.0,1.195,-1.023,0.0,0.0,0.0,0.0,-0.363,-1.0,-1.5,-1.5,0.1675,-0.683,0.0,3.0,0.5,0.0,0.0,0.0,0.0,-0.1849
1.058,1.056,1.061,0.173,-0.2106,-0.5186,0.723,-0.582,-0.2551,0.1497,1.021,-0.5557,-0.4285,0.3862,-1.0,0.0,-0.1898,-0.10126,0.497,0.0,-0.25,-0.4915,-0.213,0.05936,-0.2673,0.5405,-0.557,0.468,-0.1493,-0.2986,-0.3186,-0.2495,-0.0942,1.039,1.059,0.0,0.0,1.064,0.0,1.219,-0.471,0.0,0.0,0.0,0.0,0.5176,0.0,-1.0,-1.0,-0.0409,-0.4402,1.0,0.0,0.5,0.0,0.0,0.0,0.0,0.2651
1.058,1.057,1.061,0.0901,-0.1288,-0.5186,0.723,-0.576,-0.1447,0.1697,0.991,-0.7227,-0.5713,0.3862,-1.0,0.0,-0.2074,-0.1213,0.515,0.0,-0.2474,-0.3823,-0.2788,-0.02611,-0.146,0.533,-0.3413,0.1786,-0.1698,0.468,-0.356,0.6562,-0.224,1.04,1.06,0.0,0.0,1.065,0.0,1.229,-0.557,0.0,0.0,0.0,0.0,0.1697,0.0,-0.5,-1.0,-0.11566,-0.356,2.0,0.0,-1.0,0.0,0.0,0.0,0.0,0.0862
1.059,1.057,1.062,0.0609,-0.10425,-0.5186,0.723,-0.5864,-0.0839,0.1738,0.961,-2.113,-0.5713,0.3862,0.0,0.0,-0.2122,-0.1243,0.5225,0.0,-0.245,-0.878,-0.304,-0.1196,-0.09204,0.529,-0.3743,0.0712,-0.2384,0.1786,-0.2983,-0.3186,0.01183,1.041,1.06,0.0,0.0,1.066,0.0,1.231,-0.6113,0.0,0.0,0.0,0.0,0.06934,1.0,-0.5,-1.0,-0.1549,-0.3447,3.0,0.0,-1.0,0.0,0.0,0.0,0.0,0.03513
1.057,1.055,1.06,0.3862,-0.4314,-0.5186,0.723,-0.4958,-0.395,0.05835,0.924,-10.8,-0.7144,0.3862,-1.0,0.0,-0.0976,-0.01917,0.4502,0.0,-0.2424,-0.2095,-0.281,-0.2007,-0.3918,0.519,-0.3398,-0.7114,-0.2047,0.0712,0.4678,-0.356,-0.0355,1.037,1.061,0.0,0.0,1.064,0.0,1.195,-0.7803,0.0,0.0,0.0,0.0,-1.266,1.0,-0.5,-1.0,0.181,-0.635,0.0,1.0,-1.0,0.0,0.0,1.0,-1.502,-0.64
1.051,1.049,1.052,1.095,-1.121,-1.043,0.05017,-0.3367,-1.071,-0.1853,0.855,2.795,-0.857,0.3862,-1.0,0.0,0.1503,0.2156,0.293,0.0,-0.2399,0.2216,-0.1614,-0.2363,-1.044,0.4963,-0.1959,-1.572,0.0783,-0.7114,0.1786,-0.2983,-0.1895,1.026,1.06,0.0,0.0,1.06,0.0,1.115,-1.221,0.0,1.0,0.0,0.0,-2.752,1.0,-0.5,-1.0,0.905,-1.253,0.0,2.0,-1.0,0.0,0.0,0.0,0.0,-1.409
1.039,1.04,1.039,1.84,-1.824,-1.043,-0.8364,-0.191,-1.758,-0.4434,0.7563,0.929,-1.0,0.3862,-1.0,0.0,0.4255,0.482,0.12494,0.0,-0.2374,0.7827,0.1236,-0.1469,-1.65,0.4507,-0.1495,-1.726,0.632,-1.572,0.0712,0.4678,-0.2494,1.01,1.056,0.0,0.0,1.052,0.0,1.029,-1.469,0.0,1.0,0.0,0.0,-4.582,0.0,-0.5,-1.0,1.674,-1.872,0.0,3.0,-1.0,0.0,0.0,1.0,-3.82,-2.408
1.017,1.022,1.011,2.701,-2.545,-1.043,-3.072,0.5884,-2.36,-1.068,0.5703,1.32,-1.0,0.3762,-1.0,-1.0,1.199,1.161,-0.2869,0.0,-0.2349,3.135,1.101,0.4333,-2.086,0.291,-1.42,-2.514,1.941,-1.726,-0.7114,0.1785,0.6562,0.976,1.048,0.0,0.0,1.038,0.0,0.8203,-1.719,0.0,1.0,0.0,0.0,-8.15,-1.0,-1.0,-1.5,2.75,-2.195,0.0,4.0,-1.0,0.0,0.0,1.0,-3.82,-5.477
0.9927,1.002,0.9834,2.701,-2.545,-1.043,-3.158,0.906,-2.36,-1.213,0.365,0.2051,-1.0,0.3665,-1.0,-1.0,1.407,1.322,-0.3828,0.0,-0.2323,2.727,2.102,1.095,-2.086,0.1826,-2.059,-1.095,2.889,-2.514,-1.571,0.07117,-0.3186,0.935,1.038,0.0,0.0,1.022,0.0,0.7715,-1.719,0.0,1.0,0.0,0.0,-4.098,-2.0,-1.0,-1.5,2.75,-2.195,0.0,5.0,-1.0,0.0,0.0,0.0,0.0,-2.395
0.975,0.987,0.964,2.701,-2.545,-0.633,-3.158,0.9775,-2.36,-1.017,0.1909,-0.1298,-1.0,0.3564,-1.0,-1.0,1.173,1.058,-0.2532,0.0,-0.2299,1.894,3.045,1.753,-1.912,0.0953,-2.73,1.506,3.328,-1.095,-1.725,-0.711,-0.356,0.8994,1.031,0.0,0.0,1.008,0.0,0.837,-1.457,0.0,1.0,0.0,0.0,4.812,-1.0,-0.5,-1.0,2.75,-2.195,1.0,0.0,-1.0,0.0,0.0,0.0,0.0,2.863
0.9653,0.9785,0.953,1.854,-1.427,0.544,-3.158,1.025,-1.63,-0.716,0.066,-0.3394,-1.0,0.3464,-1.0,-1.0,0.8286,0.68,-0.05392,0.0,-0.2273,0.9966,3.77,2.299,-0.6978,0.05716,-3.271,2.258,3.455,1.506,-2.514,-1.571,-0.2983,0.8726,1.025,0.0,0.0,0.998,0.0,0.9375,-0.9575,0.0,0.0,0.0,0.0,7.266,0.0,0.0,-0.5,1.923,-1.218,2.0,0.0,-1.0,0.0,1.0,0.0,4.234,4.83
0.9585,0.971,0.9463,1.476,-1.061,0.8037,-3.158,0.9756,-1.204,-0.6484,-0.06396,-0.1656,-1.0,0.3367,-1.0,-1.0,0.7495,0.605,-0.008316,0.0,-0.2247,0.1371,4.293,2.748,-0.338,0.0326,-4.484,0.498,3.508,2.258,-1.095,-1.725,0.4678,0.8516,1.0205,0.0,0.0,0.989,0.0,0.9604,-1.001,0.0,0.0,0.0,0.0,1.228,1.0,0.0,-0.5,1.58,-0.8433,3.0,0.0,-1.0,0.0,0.0,0.0,0.0,0.6865
0.949,0.9624,0.9365,1.824,-1.39,0.8037,-3.158,1.157,-1.438,-0.782,-0.2052,0.3794,-1.0,0.3267,-1.0,-1.0,0.915,0.7476,-0.09595,0.0,-0.2222,1.246,4.652,3.125,-0.6855,0.01064,-5.035,-0.9487,3.602,0.498,1.505,-2.514,0.1785,0.8335,1.015,0.0,0.0,0.9785,0.0,0.916,-1.052,0.0,1.0,0.0,0.0,-1.917,1.0,-0.5,-0.5,1.936,-1.137,0.0,1.0,-1.0,0.0,0.0,0.0,0.0,-1.063
0.934,0.948,0.9204,2.701,-2.332,0.8037,-3.158,1.389,-2.234,-1.095,-0.381,0.803,-1.0,0.317,-1.0,-1.0,1.304,1.118,-0.3025,0.0,-0.2197,0.6504,4.95,3.47,-1.561,-0.03162,-5.035,-2.271,3.84,-0.9487,2.256,-1.095,0.07117,0.8135,1.006,0.0,0.0,0.965,0.0,0.811,-1.187,0.0,1.0,0.0,0.0,-5.44,1.0,-1.0,-0.5,2.75,-1.953,0.0,2.0,-1.0,0.0,0.0,1.0,-3.82,-3.066
0.9233,0.9375,0.9097,2.14,-1.666,0.8037,-3.158,1.397,-1.579,-0.9727,-0.5347,-0.1964,-1.0,0.307,-1.0,-1.0,1.157,0.961,-0.222,0.0,-0.2172,0.0549,5.137,3.766,-0.991,-0.06094,-5.035,0.9194,3.926,-2.271,0.4978,1.505,-0.711,0.817,0.9976,0.0,0.0,0.9526,0.0,0.8516,-1.013,0.0,0.0,0.0,0.0,1.7705,1.0,-0.5,0.0,2.354,-1.279,1.0,0.0,-1.0,0.0,0.0,0.0,0.0,1.037
0.913,0.927,0.9,2.03,-1.574,0.8037,-3.158,1.444,-1.38,-0.991,-0.7017,-0.006306,-1.0,0.297,-1.0,-1.0,1.184,0.98,-0.234,0.0,-0.2146,0.0765,5.156,4.004,-0.9316,-0.0855,-5.035,-0.1351,3.979,0.9194,-0.948,2.256,-1.571,0.8237,0.9883,0.0,0.0,0.9404,0.0,0.845,-1.108,0.0,1.0,0.0,0.0,-0.226,0.0,-0.5,-0.5,2.258,-1.178,0.0,1.0,-1.0,0.0,0.0,0.0,0.0,-0.1304
0.9,0.9126,0.887,2.562,-2.121,0.8037,-3.158,1.656,-1.747,-1.186,-0.9,0.4612,-1.0,0.287,-1.0,-1.0,1.44,1.214,-0.3625,0.0,-0.2122,0.413,5.105,4.195,-1.471,-0.1148,-3.76,-1.449,4.098,-0.1351,-2.271,0.4978,-1.725,0.8184,0.9775,0.0,0.0,0.927,0.0,0.7803,-1.231,0.0,1.0,0.0,0.0,-2.654,-1.0,-0.5,-1.0,2.75,-1.614,0.0,2.0,-1.0,0.0,0.0,1.0,-3.818,-1.535
0.891,0.9023,0.881,1.689,-1.32,0.8037,-3.158,1.68,-0.836,-1.01,-1.075,-0.4692,-1.143,0.2773,-1.0,-1.0,1.227,0.981,-0.246,0.0,-0.2096,-0.4133,4.844,4.32,-0.733,-0.1373,0.7705,1.347,4.0,-1.449,0.9194,-0.948,-2.514,0.8096,0.9688,0.0,0.0,0.9136,0.0,0.839,-1.041,0.0,1.0,0.0,0.0,1.859,0.0,0.0,-1.0,2.084,-0.7705,1.0,0.0,-1.0,0.0,0.0,0.0,0.0,1.102
0.881,0.889,0.873,2.037,-1.757,0.8037,-3.158,1.809,-1.065,-1.156,-1.255,0.4922,-1.143,0.2673,-1.0,-1.0,1.418,1.16,-0.3433,0.0,-0.207,1.15,4.402,4.4,-1.085,-0.1709,2.02,-1.1,3.934,1.347,-0.1351,-2.27,-1.095,0.794,0.9585,0.0,0.0,0.8994,0.0,0.7896,-1.059,0.0,1.0,0.0,0.0,-1.495,0.0,0.0,-1.0,2.432,-1.182,0.0,1.0,-1.0,0.0,0.0,0.0,0.0,-0.8667
0.8706,0.8765,0.8657,1.899,-1.709,0.8037,-3.158,1.73,-0.8906,-1.176,-1.401,-0.05878,-1.143,0.2573,-1.0,-1.0,1.435,1.194,-0.3564,0.0,-0.2046,0.0563,3.76,4.44,-0.987,-0.2042,0.4512,-0.1522,3.836,-1.1,-1.449,0.9194,1.505,0.782,0.948,0.0,0.0,0.8857,0.0,0.7827,-0.9517,0.0,0.0,0.0,0.0,-0.2688,-1.0,-0.5,-1.0,2.254,-1.187,0.0,2.0,-1.0,0.0,0.0,0.0,0.0,-0.1587
0.863,0.866,0.8594,1.522,-1.397,0.8037,-3.158,1.59,-0.525,-1.122,-1.501,-0.3743,-1.143,0.2476,-1.0,-1.0,1.355,1.137,-0.3215,0.0,-0.202,-0.139,2.94,4.445,-0.619,-0.2385,-2.164,0.402,3.674,-0.1522,1.347,-0.1351,2.256,0.7812,0.9385,0.0,0.0,0.873,0.0,0.8003,-0.742,0.0,0.0,0.0,0.0,0.581,0.0,-0.5,-0.5,1.702,-1.094,1.0,0.0,-1.0,0.0,0.0,0.0,0.0,0.344
0.8545,0.8574,0.8525,1.537,-1.443,0.8037,-3.158,0.997,-0.66,-1.165,-1.514,0.505,-1.143,0.2377,-1.0,-1.0,1.355,1.25,-0.3503,0.0,-0.1995,-0.11316,2.445,4.35,-0.7617,-0.2415,-3.068,-0.3306,3.395,0.402,-1.1,-1.449,0.4976,0.7754,0.9287,0.0,0.0,0.8594,0.0,0.7856,-0.2495,0.0,0.0,0.0,0.0,-0.3765,0.0,-1.0,-0.5,1.694,-1.164,0.0,1.0,-1.0,0.0,0.0,0.0,0.0,-0.2213
0.8496,0.8516,0.848,0.9966,-0.919,0.8037,-3.158,0.7227,-0.2764,-1.048,-1.488,-0.6294,-1.143,0.2278,-1.0,-1.0,1.1875,1.122,-0.2737,0.0,-0.197,0.05118,2.111,4.156,-0.3704,-0.236,-2.4,0.8867,2.938,-0.3306,-0.1521,1.347,-0.948,0.7734,0.92,0.0,0.0,0.846,0.0,0.824,0.05783,0.0,0.0,0.0,0.0,1.148,0.0,-0.5,0.0,1.16,-0.674,1.0,0.0,-1.0,0.0,0.0,0.0,0.0,0.679
0.845,0.847,0.844,0.8843,-0.817,0.8037,-3.158,0.509,-0.2374,-1.039,-1.49,-0.1222,-1.143,0.2178,-1.0,-1.0,1.157,1.131,-0.2676,0.0,-0.1945,-0.464,1.896,3.842,-0.3855,-0.2268,-0.0461,0.06824,2.305,0.8867,0.402,-1.1,-2.27,0.778,0.911,0.0,0.0,0.8335,0.0,0.827,-0.166,0.0,0.0,0.0,0.0,0.0876,1.0,0.0,0.0,0.946,-0.692,2.0,0.0,-1.0,0.0,0.0,0.0,0.0,0.05103
0.843,0.844,0.8423,0.575,-0.5273,0.8037,-3.158,0.372,0.08276,-0.969,-1.528,-2.729,-1.0,0.2079,0.0,-1.0,1.062,1.055,-0.222,0.0,-0.1919,1.037,1.716,3.426,-0.02144,-0.2484,-1.007,0.518,1.579,0.06824,-0.3306,-0.1521,0.919,0.779,0.903,0.0,0.0,0.8223,0.0,0.85,-0.523,0.0,0.0,0.0,0.0,0.9785,2.0,0.0,0.0,0.664,-0.3962,3.0,0.0,-1.0,0.0,0.0,0.0,0.0,0.5693
0.8374,0.8374,0.8374,1.084,-1.074,0.8037,-3.158,0.4387,-0.3977,-1.134,-1.598,-2.52,-1.0,0.198,-1.0,-1.0,1.267,1.261,-0.3313,0.0,-0.1895,0.1791,1.544,2.908,-0.4758,-0.276,-0.8564,-1.23,0.987,0.518,0.886,0.402,-0.1351,0.7793,0.8936,0.0,0.0,0.812,0.0,0.795,-0.833,0.0,0.0,0.0,0.0,-2.9,1.0,0.0,-0.5,1.177,-0.9,0.0,1.0,-1.0,0.0,0.0,0.0,0.0,-1.673
0.832,0.8315,0.833,1.002,-1.02,0.8037,-3.158,0.3262,-0.3232,-1.137,-1.647,-0.1462,-1.0,0.1881,-1.0,-1.0,1.261,1.276,-0.335,0.0,-0.1869,0.0873,1.357,2.307,-0.378,-0.298,0.625,-0.0414,0.5796,-1.23,0.06824,-0.3306,-1.449,0.7803,0.885,0.0,0.0,0.8047,0.0,0.793,-0.6973,0.0,0.0,0.0,0.0,-0.05328,1.0,0.0,-0.5,0.991,-0.9634,0.0,2.0,-1.0,0.0,0.0,0.0,0.0,-0.03137
0.824,0.824,0.825,1.451,-1.463,0.8037,-3.158,0.2751,-0.8237,-1.284,-1.672,2.781,-1.0,0.1782,-1.0,-1.0,1.441,1.4795,-0.4333,0.0,-0.1843,0.2683,1.221,1.936,-0.8457,-0.3125,-0.7935,-1.133,0.672,-0.0414,0.518,0.886,1.346,0.7754,0.874,0.0,0.0,0.8022,0.0,0.7427,-0.483,0.0,0.0,0.0,0.0,-2.1,0.0,-0.5,-0.5,1.424,-1.391,0.0,3.0,-1.0,0.0,0.0,1.0,-3.059,-1.237
0.816,0.816,0.817,1.515,-1.52,0.8037,-0.431,0.2412,-0.917,-1.332,-1.722,0.287,-1.0,0.1683,-1.0,-1.0,1.501,1.55,-0.4668,0.0,-0.1818,-0.3306,1.103,1.707,-0.944,-0.3293,0.186,-0.3943,0.7534,-1.133,-1.2295,0.06824,-1.1,0.77,0.8633,0.0,0.0,0.801,0.0,0.7256,-0.822,0.0,0.0,0.0,0.0,-0.618,-1.0,-0.5,-1.0,1.496,-1.434,0.0,4.0,-1.0,0.0,0.0,0.0,0.0,-0.3713
0.8076,0.808,0.808,1.5625,-1.558,0.8037,-0.431,0.2432,-0.9897,-1.377,-1.774,0.2424,-1.0,0.1584,-1.0,-1.0,1.56,1.612,-0.498,0.0,-0.1793,-0.07434,1.015,1.597,-0.99,-0.3538,0.1965,-0.3684,0.892,-0.3943,-0.0414,0.518,-0.1521,0.7593,0.8525,0.0,0.0,0.797,0.0,0.7095,-0.858,0.0,0.0,0.0,0.0,-0.6694,-2.0,-0.5,-1.0,1.478,-1.539,0.0,5.0,-1.0,0.0,0.0,0.0,0.0,-0.4048
0.7964,0.798,0.7954,2.182,-2.143,0.8037,-1.195,0.417,-1.621,-1.57,-1.825,0.9346,-1.0,0.1486,-1.0,-1.0,1.836,1.875,-0.628,0.0,-0.1768,2.64,0.986,1.5205,-1.578,-0.3801,-0.4146,-1.54,1.019,-0.3684,-1.132,-1.2295,0.402,0.7427,0.841,0.0,0.0,0.787,0.0,0.6436,-0.8604,0.0,0.0,0.0,0.0,-3.807,-2.0,-1.0,-1.0,2.055,-2.123,0.0,5.617,-1.0,0.5,0.0,0.0,0.0,-2.316
0.7793,0.7827,0.7764,2.701,-2.545,-0.6494,-2.549,0.6885,-2.36,-1.895,-1.951,0.8745,-1.0,0.1387,-1.0,-1.0,2.33,2.352,-0.8438,0.0,-0.1742,2.148,1.186,1.538,-2.086,-0.4568,-0.437,-2.514,1.382,-1.54,-0.394,-0.04138,-0.3306,0.714,0.826,0.0,0.0,0.7734,0.0,0.5337,-1.591,0.0,1.0,0.0,0.0,-8.15,-2.0,-1.0,-1.5,2.75,-2.195,0.0,5.617,-1.0,1.0,0.0,0.0,0.0,-5.477
0.765,0.7695,0.761,2.701,-2.545,-0.6494,-2.549,0.6094,-2.152,-1.811,-2.043,-0.0635,-1.0,0.1287,-1.0,-1.0,2.197,2.225,-0.791,0.0,-0.1718,0.8447,1.49,1.593,-1.861,-0.5034,-2.012,0.674,1.586,-2.514,-0.3684,-1.132,0.886,0.6924,0.812,0.0,0.0,0.762,0.0,0.5605,-1.281,0.0,1.0,0.0,0.0,1.9,-1.0,-1.0,-1.0,2.629,-2.195,1.0,0.0,-1.0,1.0,0.0,0.0,0.0,1.242
0.7554,0.7603,0.751,1.985,-1.815,-0.498,-2.549,0.5854,-1.519,-1.676,-2.115,-0.1982,-1.0,0.11884,-1.0,-1.0,2.0,2.018,-0.7046,0.0,-0.1692,0.324,1.806,1.6875,-1.197,-0.5347,-2.732,1.09,1.747,0.674,-1.54,-0.394,0.06824,0.6753,0.7983,0.0,0.0,0.7554,0.0,0.604,-0.958,0.0,0.0,0.0,0.0,2.72,0.0,-1.0,-0.5,1.956,-1.704,2.0,0.0,-1.0,1.0,0.0,0.0,0.0,1.758
0.7485,0.753,0.744,1.448,-1.275,-0.0795,-2.549,0.537,-1.017,-1.575,-2.184,-0.2495,-1.0,0.1089,-1.0,-1.0,1.854,1.871,-0.6396,0.0,-0.1666,-0.2125,2.092,1.773,-0.7188,-0.553,-3.848,0.8027,1.761,1.09,-2.514,-0.3684,0.518,0.666,0.7866,0.0,0.0,0.7485,0.0,0.6367,-0.8647,0.0,0.0,0.0,0.0,1.499,1.0,-1.0,-0.5,1.474,-1.1455,3.0,0.0,-1.0,1.0,0.0,0.0,0.0,0.951
0.744,0.7495,0.7397,0.9233,-0.7417,0.3948,-2.549,0.591,-0.496,-1.46,-2.229,-0.4905,-1.0,0.099,-1.0,-1.0,1.702,1.697,-0.5654,0.0,-0.1642,0.9746,2.285,1.837,-0.2141,-0.5664,-3.004,0.9097,1.709,0.8027,0.6733,-1.539,-1.2295,0.661,0.777,0.0,0.0,0.743,0.0,0.6743,-0.607,0.0,0.0,0.0,0.0,1.844,2.0,-0.5,0.0,0.9736,-0.6255,4.0,0.0,-0.5,1.0,0.0,0.0,0.0,1.154
0.7407,0.7456,0.737,0.846,-0.6772,0.402,-2.549,0.5815,-0.3691,-1.456,-2.29,-0.2225,-1.0,0.0891,-1.0,-1.0,1.695,1.692,-0.564,0.0,-0.1616,0.04095,2.375,1.886,-0.1406,-0.578,-3.252,0.01445,1.717,0.9097,1.09,-2.514,-0.04138,0.658,0.7695,0.0,0.0,0.7397,0.0,0.675,-0.8223,0.0,0.0,0.0,0.0,0.0309,3.0,0.0,0.0,0.9053,-0.558,5.0,0.0,0.0,1.0,0.0,0.0,0.0,0.01906
0.732,0.7373,0.7275,1.814,-1.632,0.402,-2.549,0.963,-1.231,-1.726,-2.387,3.867,-1.0,0.0792,-1.0,-1.0,2.105,2.059,-0.744,0.0,-0.159,2.719,2.379,1.9375,-1.052,-0.603,-2.31,-2.168,1.761,0.01445,0.8027,0.6733,-1.132,0.653,0.7646,0.0,0.0,0.732,0.0,0.583,-1.088,0.0,1.0,0.0,0.0,-6.164,2.0,0.0,-0.5,1.904,-1.405,0.0,1.0,0.0,1.0,0.0,0.0,0.0,-3.8
0.7266,0.731,0.7236,1.138,-0.992,0.402,-2.549,0.8486,-0.528,-1.586,-2.475,-0.5483,-1.143,0.06934,-1.0,-1.0,1.897,1.857,-0.6553,0.0,-0.1566,0.346,2.367,2.01,-0.3735,-0.6313,-2.277,1.109,1.7705,-2.168,0.9097,1.09,-0.394,0.6616,0.761,0.0,0.0,0.7266,0.0,0.628,-0.9697,0.0,0.0,0.0,0.0,2.383,2.0,0.5,-0.5,1.27,-0.771,1.0,0.0,0.0,1.0,0.0,0.0,0.0,1.524
0.724,0.7275,0.721,0.689,-0.563,0.402,-2.549,0.8413,-0.0401,-1.484,-2.523,-1.153,-1.0,0.05942,0.0,-1.0,1.758,1.709,-0.592,0.0,-0.154,0.8506,2.346,2.094,0.137,-0.6543,-2.123,0.7803,1.742,1.109,0.01445,0.8027,-0.3682,0.671,0.758,0.0,0.0,0.7227,0.0,0.66,-0.6577,0.0,0.0,0.0,0.0,1.837,2.0,1.0,0.0,0.8936,-0.2979,2.0,0.0,0.0,1.0,0.0,0.0,0.0,1.153
0.724,0.727,0.722,0.1641,-0.05847,0.402,-2.549,0.829,0.555,-1.348,-2.555,8.84,-0.857,0.0495,0.0,-1.0,1.574,1.516,-0.504,0.0,-0.1515,0.561,2.254,2.164,0.68,-0.6587,-0.623,1.061,1.67,0.7803,-2.166,0.909,-1.539,0.68,0.753,0.0,0.0,0.7197,0.0,0.704,-0.4521,0.0,0.0,0.0,0.0,2.67,2.0,1.5,0.5,0.3987,0.199,3.0,0.0,0.0,1.0,0.0,0.0,0.0,1.655
0.7236,0.7256,0.7217,0.3618,-0.278,0.402,-2.549,0.72,0.3733,-1.403,-2.572,-0.1547,-0.7144,0.0396,0.0,-1.0,1.638,1.604,-0.5425,0.0,-0.149,-0.5654,2.08,2.191,0.492,-0.6655,2.229,-0.4568,1.609,1.061,1.109,0.01444,-2.514,0.6846,0.747,0.0,0.0,0.717,0.0,0.6846,-0.351,0.0,0.0,0.0,0.0,-0.6826,1.0,1.5,0.5,0.5996,-0.00168,0.0,1.0,0.0,1.0,0.0,0.0,0.0,-0.4158
0.72,0.722,0.7188,0.7637,-0.694,0.402,-2.549,0.795,-0.0273,-1.519,-2.598,-0.7563,-0.5713,0.02971,0.0,-1.0,1.799,1.763,-0.6206,0.0,-0.1465,-0.296,1.821,2.166,0.0732,-0.673,1.945,-0.935,1.479,-0.4568,0.78,-2.166,0.6733,0.682,0.741,0.0,0.0,0.711,0.0,0.645,-0.4268,0.0,0.0,0.0,0.0,-1.263,1.0,1.0,0.5,1.019,-0.3682,0.0,2.0,0.0,1.0,0.0,0.0,0.0,-0.7754
0.7163,0.718,0.7153,0.8364,-0.7783,0.402,-2.549,0.795,-0.10846,-1.551,-2.621,-0.87,-0.4285,0.0198,0.0,-1.0,1.844,1.811,-0.6445,0.0,-0.1439,-0.09283,1.492,2.072,-0.03168,-0.6797,1.079,-0.2922,1.312,-0.935,1.061,1.109,1.09,0.678,0.7373,0.0,0.0,0.7046,0.0,0.633,-0.415,0.0,0.0,0.0,0.0,-0.4512,0.0,0.5,0.5,1.027,-0.5166,0.0,3.0,0.0,1.0,0.0,0.0,0.0,-0.2815
0.7173,0.7188,0.7163,0.03384,0.03394,0.402,-2.549,0.5874,0.667,-1.337,-2.586,14.88,-0.2856,0.0099,0.0,-1.0,1.538,1.523,-0.5063,0.0,-0.1414,0.716,1.066,1.947,0.7827,-0.678,0.345,1.688,1.02,-0.2922,-0.4568,0.78,0.8027,0.6895,0.7344,0.0,0.0,0.7,0.0,0.7026,0.09064,0.0,0.0,0.0,0.0,3.162,0.0,0.5,1.0,0.2137,0.2219,1.0,0.0,0.0,1.0,0.0,0.0,0.0,1.981
0.719,0.7207,0.719,-0.1798,0.228,0.402,-2.549,0.3538,0.7515,-1.2705,-2.494,0.2617,-0.1428,0.0,0.0,-1.0,1.432,1.454,-0.4646,0.0,-0.1389,-0.274,0.764,1.781,0.874,-0.652,-0.4177,0.5,0.8833,1.688,-0.935,1.061,0.909,0.698,0.732,0.0,0.0,0.6978,0.0,0.7236,0.6978,0.0,0.0,0.0,0.0,0.7583,0.0,0.5,1.5,0.01363,0.414,2.0,0.0,0.0,1.0,0.0,0.0,0.0,0.4622
0.721,0.7217,0.721,-0.1095,0.1421,0.402,-2.549,0.2576,0.563,-1.281,-2.416,-0.09576,0.0,-0.0099,0.0,-1.0,1.437,1.478,-0.473,0.0,-0.1364,-0.4248,0.5317,1.579,0.68,-0.6274,-0.307,-0.0992,0.729,0.5,-0.2922,-0.4568,0.01444,0.7036,0.7305,0.0,0.0,0.696,0.0,0.719,0.595,0.0,0.0,0.0,0.0,-0.1361,0.0,0.0,1.0,0.03848,0.2842,0.0,1.0,0.0,1.0,0.0,0.0,0.0,-0.0823
0.721,0.7217,0.721,0.1705,-0.1488,0.402,-2.549,0.2317,0.1927,-1.354,-2.37,-0.4558,0.1428,-0.0198,0.0,-1.0,1.528,1.581,-0.522,0.0,-0.1338,-0.1835,0.3628,1.336,0.2922,-0.6104,2.055,-0.5815,0.6616,-0.0992,1.688,-0.9346,-2.166,0.7026,0.7275,0.0,0.0,0.6943,0.0,0.6943,0.2993,0.0,0.0,0.0,0.0,-0.848,0.0,0.0,0.5,0.2979,-0.00742,0.0,2.0,0.0,1.0,0.0,0.0,0.0,-0.513
0.7227,0.7236,0.723,-0.1144,0.1458,0.402,-2.549,0.3108,0.445,-1.268,-2.326,1.041,0.2856,-0.02971,0.0,-1.0,1.424,1.454,-0.4668,0.0,-0.1313,0.9087,0.252,1.058,0.525,-0.5947,1.223,0.659,0.6616,-0.5815,0.4998,-0.2922,1.108,0.7065,0.726,0.0,0.0,0.6943,0.0,0.722,0.2805,0.0,0.0,0.0,0.0,1.433,1.0,0.0,0.5,0.0124,0.2644,1.0,0.0,0.0,1.0,0.0,0.0,0.0,0.876
0.7295,0.731,0.7285,-0.854,0.9233,0.402,-2.549,0.3352,1.254,-1.027,-2.266,1.727,0.4285,-0.0396,0.0,-1.0,1.128,1.133,-0.3108,0.0,-0.1288,1.911,0.24,0.7593,1.289,-0.57,0.664,1.843,0.8784,0.659,-0.0991,1.688,0.78,0.7207,0.7266,0.0,0.0,0.6973,0.0,0.801,0.4282,0.0,0.0,0.0,0.0,5.684,1.0,0.0,0.5,-0.6113,1.11,2.0,0.0,0.0,1.0,0.0,0.0,0.0,3.438
0.7354,0.7373,0.734,-0.8037,0.892,0.402,-2.549,0.315,1.208,-1.007,-2.201,0.1062,0.5713,-0.0495,0.0,-1.0,1.102,1.108,-0.2988,0.0,-0.1262,-0.2001,0.338,0.4573,1.229,-0.548,-0.0791,0.1375,1.087,1.843,-0.5815,0.4998,1.061,0.737,0.727,0.0,0.0,0.7026,0.0,0.8066,0.446,0.0,0.0,0.0,0.0,0.337,1.0,0.0,0.5,-0.6753,0.9585,3.0,0.0,0.0,1.0,0.0,0.0,0.0,0.1976
0.741,0.7427,0.74,-0.724,0.7915,0.402,0.10974,0.03345,1.0205,-1.004,-2.098,-0.01209,0.7144,-0.05942,0.0,-1.0,1.073,1.132,-0.2976,0.0,-0.1237,-0.698,0.5776,0.3464,1.046,-0.5156,0.6562,0.01372,1.055,0.1375,0.659,-0.0991,-0.4565,0.7466,0.7275,0.0,0.0,0.7114,0.0,0.807,1.054,1.0,0.0,0.0,0.0,0.0201,2.0,0.5,1.0,-0.645,0.811,4.0,0.0,0.0,1.0,0.0,0.0,0.0,0.011765
0.747,0.7485,0.7466,-0.796,0.8623,0.402,0.10974,-0.0673,1.041,-0.953,-2.004,0.1624,0.857,-0.06934,0.0,-1.0,1.003,1.076,-0.2651,0.0,-0.1212,-0.556,0.8564,0.3738,1.073,-0.4883,1.936,0.3704,1.065,0.01372,1.842,-0.5815,-0.9346,0.756,0.7275,0.0,0.0,0.72,0.0,0.8237,0.9775,1.0,0.0,0.0,0.0,0.5454,3.0,1.0,1.0,-0.732,0.8594,5.0,0.0,0.0,1.0,0.0,0.0,0.0,0.319
0.756,0.758,0.755,-1.196,1.282,0.783,0.10974,-0.11206,1.464,-0.791,-1.907,0.5444,0.857,-0.0792,0.0,-1.0,0.8115,0.88,-0.1595,0.0,-0.1187,0.5947,1.138,0.504,1.487,-0.4558,2.68,1.199,1.262,0.3704,0.1375,0.6587,-0.2922,0.77,0.729,0.0,0.0,0.729,0.0,0.877,1.035,1.0,0.0,0.0,0.0,1.905,3.0,1.5,1.0,-1.109,1.274,5.734,0.0,0.5,1.0,0.0,0.0,0.0,1.108
0.766,0.768,0.764,-1.324,1.426,1.118,0.10974,-0.2051,1.62,-0.7036,-1.817,0.2517,0.857,-0.0891,0.0,-1.0,0.705,0.7837,-0.1019,0.0,-0.11615,-0.476,1.42,0.698,1.617,-0.422,1.562,0.641,1.518,1.199,0.01372,1.842,1.688,0.7896,0.73,0.0,0.0,0.738,0.0,0.906,0.9946,1.0,0.0,0.0,0.0,1.162,3.0,1.5,1.0,-1.228,1.418,5.734,0.0,1.0,1.0,1.0,0.0,3.666,0.6626
0.773,0.7754,0.771,-0.9297,1.034,1.118,0.10974,-0.189,1.153,-0.7856,-1.73,-0.1525,0.857,-0.099,0.0,-1.0,0.7983,0.8804,-0.1548,0.0,-0.11365,-0.3948,1.678,0.9253,1.134,-0.3901,1.542,-0.5815,1.674,0.641,0.37,0.1375,0.4998,0.804,0.732,0.0,0.0,0.7446,0.0,0.879,0.9346,1.0,0.0,0.0,0.0,-1.306,2.0,1.0,1.0,-0.8745,1.011,0.0,1.0,1.0,1.0,0.0,0.0,0.0,-0.737
0.782,0.7847,0.78,-1.173,1.282,1.118,0.10974,-0.1921,1.353,-0.6704,-1.609,0.3154,0.857,-0.1089,0.0,-1.0,0.669,0.743,-0.07916,0.0,-0.1111,0.1575,1.88,1.162,1.399,-0.3623,2.033,0.841,1.876,-0.5815,1.199,0.01372,-0.0991,0.815,0.735,0.0,0.0,0.753,0.0,0.917,1.364,1.0,0.0,0.0,0.0,1.213,2.0,1.5,1.5,-1.078,1.283,1.0,0.0,1.0,1.0,0.0,0.0,0.0,0.691
0.7905,0.7925,0.7886,-1.091,1.188,1.118,0.358,-0.208,1.164,-0.6567,-1.481,0.002563,0.857,-0.11884,0.0,-1.0,0.653,0.7285,-0.0695,0.0,-0.1086,-0.3757,2.02,1.398,1.287,-0.3333,3.139,0.1053,1.867,0.841,0.641,0.37,-0.5815,0.8257,0.739,0.0,0.0,0.7637,0.0,0.922,1.478,1.0,0.0,0.0,0.0,0.11066,2.0,1.5,2.0,-1.071,1.114,2.0,0.0,1.0,1.0,0.0,0.0,0.0,0.06213
0.797,0.7983,0.7954,-0.789,0.872,1.118,0.358,-0.2964,0.779,-0.7188,-1.394,-0.1877,0.857,-0.1287,0.0,-1.0,0.7134,0.81,-0.10913,0.0,-0.1061,-0.2433,2.113,1.626,0.8784,-0.2996,3.014,-0.4336,1.849,0.1053,-0.5815,1.199,0.6587,0.8345,0.7427,0.0,0.0,0.773,0.0,0.902,1.143,1.0,0.0,0.0,0.0,-0.755,1.0,1.5,1.5,-0.7847,0.8057,0.0,1.0,1.0,1.0,0.0,0.0,0.0,-0.4233
0.8022,0.804,0.8013,-0.6978,0.7754,1.118,0.358,-0.2947,0.6333,-0.719,-1.313,-0.03506,0.857,-0.1387,0.0,-1.0,0.714,0.8105,-0.10913,0.0,-0.1035,-0.3323,2.19,1.814,0.7524,-0.2769,1.514,0.0,1.842,-0.4336,0.841,0.641,1.842,0.8413,0.747,0.0,0.0,0.781,0.0,0.9014,1.081,1.0,0.0,0.0,0.0,0.0,0.0,1.0,1.0,-0.702,0.7056,0.0,0.0,1.0,1.0,0.0,0.0,0.0,0.0
0.809,0.811,0.808,-0.866,0.9443,1.118,0.358,-0.2347,0.7627,-0.638,-1.223,0.3323,0.857,-0.1486,0.0,-1.0,0.63,0.709,-0.05515,0.0,-0.101,0.362,2.25,1.977,0.9146,-0.2524,1.615,0.5957,1.914,0.0,0.1053,-0.5815,0.1375,0.846,0.7534,0.0,0.0,0.788,0.0,0.9287,1.201,1.0,0.0,0.0,0.0,1.042,1.0,1.0,1.5,-0.8594,0.874,1.0,0.0,1.0,1.0,0.0,0.0,0.0,0.5884
0.813,0.8145,0.813,-0.449,0.4995,1.118,0.358,-0.1943,0.2203,-0.7456,-1.134,-0.5347,0.857,-0.1584,0.0,-1.0,0.7524,0.8325,-0.12476,0.0,-0.0985,-0.3647,2.273,2.107,0.3994,-0.2278,1.904,-0.7603,1.866,0.5957,-0.4336,0.841,0.01371,0.845,0.761,0.0,0.0,0.795,0.0,0.8936,1.101,1.0,0.0,0.0,0.0,-1.212,0.0,0.5,1.5,-0.448,0.4553,0.0,1.0,1.0,1.0,0.0,0.0,0.0,-0.678
0.8193,0.82,0.82,-0.803,0.8315,1.118,0.358,-0.2898,0.517,-0.6167,-1.04,1.112,0.857,-0.1683,0.0,-1.0,0.6016,0.6895,-0.03952,0.0,-0.09595,-0.0474,2.277,2.215,0.6846,-0.1948,1.716,0.9424,1.753,-0.7603,0.0,0.1053,0.37,0.8506,0.7695,0.0,0.0,0.804,0.0,0.9365,1.141,1.0,0.0,0.0,0.0,1.378,0.0,0.5,1.5,-0.811,0.75,1.0,0.0,1.0,1.0,0.0,0.0,0.0,0.781
0.8228,0.8223,0.8237,-0.3274,0.335,1.118,0.76,-0.4194,-0.008736,-0.745,-1.001,-0.769,0.857,-0.1782,0.0,-1.0,0.732,0.8535,-0.1224,0.0,-0.09344,0.0453,2.283,2.293,0.05954,-0.1617,0.679,-0.902,1.473,0.9424,0.5957,-0.4336,1.198,0.8486,0.776,0.0,0.0,0.813,0.0,0.8945,0.487,0.0,0.0,0.0,0.0,-1.043,0.0,0.0,1.0,-0.3162,0.3115,0.0,1.0,1.0,1.0,0.0,0.0,0.0,-0.5815
0.8223,0.822,0.823,0.2339,-0.2374,1.118,0.16,-0.3486,-0.611,-0.906,-0.983,-6.062,0.7144,-0.1881,-1.0,-1.0,0.9224,1.044,-0.228,0.0,-0.0909,0.02017,2.223,2.314,-0.5854,-0.1472,0.006317,-1.168,1.304,-0.902,-0.7603,0.0,0.641,0.8413,0.7803,0.0,0.0,0.8174,0.0,0.841,0.0687,0.0,0.0,0.0,0.0,-1.86,0.0,-0.5,0.5,0.2769,-0.1829,0.0,2.0,1.0,1.0,0.0,1.0,-3.662,-1.054
0.821,0.8203,0.822,0.364,-0.371,1.118,0.0001169,-0.2568,-0.777,-0.9473,-0.9717,0.5107,0.5713,-0.198,-1.0,-1.0,0.9795,1.087,-0.2556,0.0,-0.0884,0.2291,2.104,2.299,-0.7393,-0.1462,0.5083,-0.3113,1.162,-1.168,0.9424,0.595,-0.5815,0.8345,0.7837,0.0,0.0,0.821,0.0,0.8267,-0.01921,0.0,0.0,0.0,0.0,-0.55,-1.0,-0.5,0.0,0.3982,-0.3162,0.0,3.0,1.0,1.0,0.0,0.0,0.0,-0.3174
0.823,0.8223,0.824,-0.2041,0.1973,1.118,0.0001169,-0.1954,-0.223,-0.778,-0.944,-0.775,0.4285,-0.2079,-1.0,-1.0,0.789,0.872,-0.1451,0.0,-0.0859,0.5176,1.933,2.258,-0.1759,-0.1404,-0.5615,1.252,0.985,-0.3113,-0.9014,-0.76,0.8403,0.833,0.788,0.0,0.0,0.826,0.0,0.8823,0.1703,0.0,0.0,0.0,0.0,2.059,0.0,-0.5,0.0,-0.1333,0.248,1.0,0.0,1.0,1.0,0.0,0.0,0.0,1.194
0.8247,0.824,0.826,-0.10736,0.0967,1.118,0.0001169,-0.2822,-0.2952,-0.7974,-0.9414,0.876,0.2856,-0.2178,-1.0,-1.0,0.803,0.904,-0.1583,0.0,-0.0833,-0.43,1.733,2.178,-0.2688,-0.1361,-0.7637,-0.1466,0.6533,1.252,-1.167,0.9424,0.1053,0.828,0.795,0.0,0.0,0.8325,0.0,0.8755,-0.134,0.0,0.0,0.0,0.0,-0.2241,-1.0,-1.0,-0.5,-0.0669,0.12195,0.0,1.0,1.0,1.0,0.0,0.0,0.0,-0.1274
0.83,0.8296,0.831,-0.6685,0.6704,1.118,0.0001169,-0.2397,0.349,-0.6084,-0.9272,-3.783,0.2856,-0.2278,0.0,-1.0,0.597,0.6753,-0.03473,0.0,-0.0808,0.1622,1.519,2.057,0.3774,-0.1328,-0.3801,1.376,0.3909,-0.1466,-0.3113,-0.9014,-0.4333,0.832,0.802,0.0,0.0,0.8394,0.0,0.938,0.04025,0.0,0.0,0.0,0.0,2.06,0.0,-0.5,-0.5,-0.56,0.7256,1.0,0.0,1.0,1.0,0.0,0.0,0.0,1.175
0.8345,0.834,0.836,-0.55,0.5522,1.118,0.0001169,-0.2339,0.2598,-0.6216,-0.902,-0.06805,0.2856,-0.2377,0.0,-1.0,0.612,0.6895,-0.04312,0.0,-0.0783,-0.3809,1.304,1.917,0.288,-0.12445,-0.2874,-0.09143,0.3298,1.376,1.251,-1.167,0.0,0.832,0.8076,0.0,0.0,0.8438,0.0,0.9336,0.174,0.0,0.0,0.0,0.0,-0.1681,0.0,-0.5,-0.5,-0.4885,0.566,0.0,1.0,1.0,1.0,0.0,0.0,0.0,-0.0936
0.84,0.8394,0.841,-0.638,0.644,1.118,0.0001169,-0.2837,0.4143,-0.5703,-0.887,0.5947,0.2856,-0.2476,0.0,-1.0,0.5522,0.6353,-0.00952,0.0,-0.07574,-0.4922,1.081,1.755,0.4158,-0.1146,-0.879,0.3662,0.2832,-0.09143,-0.1466,-0.311,0.595,0.8374,0.813,0.0,0.0,0.8486,0.0,0.9507,0.06744,0.0,0.0,0.0,0.0,0.703,1.0,-0.5,-0.5,-0.5605,0.6685,1.0,0.0,1.0,1.0,0.0,0.0,0.0,0.3923
0.8423,0.8423,0.8433,-0.2395,0.2423,1.118,0.0001169,-0.2241,0.04764,-0.6763,-0.891,-0.6167,0.2856,-0.2573,0.0,-1.0,0.6724,0.753,-0.07794,0.0,-0.07324,0.05093,0.8486,1.581,0.0415,-0.113,0.04675,-0.7407,0.1494,0.3662,1.376,1.251,-0.76,0.844,0.818,0.0,0.0,0.852,0.0,0.9155,-0.1604,0.0,0.0,0.0,0.0,-0.9204,0.0,-0.5,-1.0,-0.1691,0.29,0.0,1.0,1.0,1.0,0.0,0.0,0.0,-0.5107
0.8447,0.844,0.8457,-0.2075,0.2097,1.118,0.0001169,-0.2434,0.04153,-0.675,-0.885,0.1019,0.2856,-0.2673,0.0,-1.0,0.6694,0.753,-0.0767,0.0,-0.0707,-0.463,0.6323,1.389,0.04868,-0.11316,-0.9585,0.01316,0.0324,-0.7407,-0.0914,-0.1465,0.942,0.8525,0.824,0.0,0.0,0.855,0.0,0.916,-0.04456,0.0,0.0,0.0,0.0,0.01631,1.0,-0.5,-0.5,-0.1387,0.2583,1.0,0.0,1.0,1.0,0.0,0.0,0.0,0.00916
0.8467,0.846,0.8477,-0.1504,0.1508,1.118,0.0001169,-0.2812,0.00488,-0.6826,-0.8794,-0.1137,0.2856,-0.2773,0.0,-1.0,0.6743,0.7656,-0.08154,0.0,-0.0682,-0.781,0.4014,1.191,0.017,-0.112,0.0288,-0.05264,0.01923,0.01316,0.3662,1.375,-0.9014,0.8555,0.83,0.0,0.0,0.8564,0.0,0.9136,-0.0588,0.0,0.0,0.0,0.0,-0.04333,0.0,-0.5,-0.5,-0.1129,0.1696,0.0,1.0,1.0,1.0,0.0,0.0,0.0,-0.02432
0.8486,0.848,0.8496,-0.1294,0.12445,-0.7,0.0001169,-0.397,0.02113,-0.6807,-0.8853,0.2915,0.2856,-0.287,0.0,-1.0,0.6626,0.775,-0.0803,0.0,-0.0657,-0.923,0.1628,0.9946,0.0273,-0.11273,1.398,0.01317,0.02223,-0.05264,-0.7407,-0.0914,-1.167,0.859,0.835,0.0,0.0,0.857,0.0,0.914,-0.2145,0.0,0.0,0.0,0.0,0.005898,1.0,0.0,-0.5,-0.1304,0.1029,1.0,0.0,1.0,1.0,0.0,0.0,0.0,0.003315
0.8486,0.8477,0.8496,0.1886,-0.1975,-0.7,0.0001169,-0.4011,-0.2974,-0.7715,-0.8867,-2.42,0.1428,-0.297,-1.0,-1.0,0.7637,0.884,-0.1404,0.0,-0.0631,-0.326,-0.0785,0.8003,-0.2925,-0.1129,1.927,-0.658,0.01474,0.01317,0.01316,0.366,-0.311,0.854,0.8384,0.0,0.0,0.857,0.0,0.884,-0.1858,0.0,0.0,0.0,0.0,-1.376,0.0,0.0,-0.5,0.1548,-0.23,0.0,1.0,1.0,1.0,0.0,0.0,0.0,-0.773
0.85,0.8496,0.8516,-0.1301,0.12213,-0.7,0.0001169,-0.452,0.06714,-0.6714,-0.893,-2.05,0.1428,-0.307,0.0,-1.0,0.6475,0.769,-0.07556,0.0,-0.0606,-0.41,-0.2573,0.6016,0.0655,-0.1151,0.6924,0.7188,0.01576,-0.658,-0.0526,-0.7407,1.251,0.8525,0.843,0.0,0.0,0.857,0.0,0.9165,-0.2522,0.0,0.0,0.0,0.0,1.062,1.0,0.0,-0.5,-0.1548,0.0748,1.0,0.0,1.0,1.0,0.0,0.0,0.0,0.603
0.851,0.85,0.8525,0.0349,-0.0462,-0.7,0.0001169,-0.48,-0.09564,-0.715,-0.8867,-0.8364,0.1428,-0.317,0.0,-1.0,0.6924,0.8228,-0.1044,0.0,-0.05807,-0.369,-0.3296,0.406,-0.0904,-0.11475,0.9443,-0.3157,0.00941,0.7188,0.01317,0.01316,-0.1465,0.848,0.847,0.0,0.0,0.8564,0.0,0.9014,-0.0754,0.0,0.0,0.0,0.0,-0.4084,0.0,0.0,-0.5,-0.0432,-0.1389,0.0,1.0,1.0,1.0,0.0,0.0,0.0,-0.2292
0.8477,0.847,0.849,0.6855,-0.7,-0.7,0.0001169,-0.3535,-0.7886,-0.909,-0.883,-17.1,0.1428,-0.3267,-1.0,-1.0,0.926,1.049,-0.2328,0.0,-0.05554,1.225,-0.3677,0.2318,-0.7783,-0.11456,-0.5317,-1.415,0.09735,-0.3157,-0.658,-0.0526,1.375,0.8413,0.85,0.0,0.0,0.8545,0.0,0.8364,-0.1534,0.0,0.0,0.0,0.0,-2.58,0.0,-0.5,-0.5,0.6265,-0.7217,0.0,2.0,1.0,1.0,0.0,0.0,0.0,-1.456
0.849,0.848,0.8506,-0.05276,0.0363,-0.6055,0.0001169,-0.3484,-0.104,-0.696,-0.8423,-0.9717,0.2856,-0.3367,0.0,-1.0,0.683,0.788,-0.0947,0.0,-0.05304,0.482,-0.3994,0.064,-0.1002,-0.103,-0.674,1.558,0.09845,-1.415,0.7188,0.01316,-0.0914,0.8403,0.852,0.0,0.0,0.855,0.0,0.9062,0.323,0.0,0.0,0.0,0.0,2.604,0.0,0.0,0.0,-0.0485,0.0265,1.0,0.0,1.0,1.0,0.0,0.0,0.0,1.505
0.851,0.85,0.8525,-0.185,0.1664,-0.4265,0.0001169,-0.46,0.0328,-0.6465,-0.8203,13.66,0.4285,-0.3464,0.0,-1.0,0.6187,0.74,-0.06354,0.0,-0.0505,-0.659,-0.3982,-0.09033,0.014465,-0.0931,-1.157,0.3433,0.09406,1.558,-0.3157,-0.658,0.366,0.8413,0.855,0.0,0.0,0.8545,0.0,0.922,0.1224,0.0,0.0,0.0,0.0,0.5083,1.0,0.0,0.0,-0.1616,0.1672,2.0,0.0,1.0,1.0,0.0,0.0,0.0,0.2864
0.853,0.852,0.855,-0.1489,0.1273,-0.4265,0.0001169,-0.455,-0.009865,-0.6465,-0.7954,-0.1733,0.5713,-0.3564,0.0,-1.0,0.619,0.74,-0.06476,0.0,-0.04797,-0.3943,-0.384,-0.2288,-0.02234,-0.0872,-0.371,-0.01313,0.10236,0.3433,-1.415,0.7188,-0.7407,0.842,0.8574,0.0,0.0,0.8555,0.0,0.921,0.1658,0.0,0.0,0.0,0.0,-0.01828,0.0,0.0,0.0,-0.1969,0.05325,0.0,1.0,1.0,1.0,0.0,0.0,0.0,-0.01024
0.8525,0.8516,0.8545,0.2217,-0.2487,-0.4265,0.0001169,-0.468,-0.3528,-0.753,-0.8135,-3.43,0.4285,-0.3665,-1.0,-1.0,0.7363,0.8677,-0.1356,0.0,-0.04544,0.1562,-0.3953,-0.3223,-0.381,-0.09076,-0.3696,-0.7744,0.0807,-0.01313,1.558,-0.3157,0.01316,0.8423,0.859,0.0,0.0,0.854,0.0,0.8853,-0.491,0.0,0.0,0.0,0.0,-1.15,0.0,-0.5,-0.5,0.1885,-0.2778,0.0,2.0,1.0,1.0,0.0,0.0,0.0,-0.644
0.8535,0.852,0.855,0.009315,-0.03497,-0.4265,0.0001169,-0.4673,-0.1068,-0.6865,-0.821,-0.992,0.4285,-0.3762,0.0,-1.0,0.662,0.788,-0.09357,0.0,-0.04294,-0.3,-0.4072,-0.3599,-0.1321,-0.09564,-0.3833,0.4656,0.0815,-0.7744,0.3433,-1.414,-0.0526,0.8413,0.8594,0.0,0.0,0.8545,0.0,0.9062,-0.3054,0.0,0.0,0.0,0.0,0.6094,1.0,0.0,0.0,-0.006344,-0.0616,1.0,0.0,1.0,1.0,0.0,0.0,0.0,0.346
0.8506,0.8496,0.8525,0.5864,-0.616,-0.4265,0.0001169,-0.3743,-0.647,-0.8584,-0.86,-17.1,0.2856,-0.3862,-1.0,-1.0,0.865,0.988,-0.2076,0.0,-0.0404,-0.3845,-0.4102,-0.389,-0.6553,-0.11224,-0.413,-1.254,0.05743,0.4656,-0.01313,1.558,0.01316,0.8364,0.8584,0.0,0.0,0.855,0.0,0.848,-0.727,0.0,0.0,0.0,0.0,-1.749,0.0,-0.5,-0.5,0.5635,-0.606,0.0,1.0,1.0,1.0,0.0,1.0,-2.805,-0.985
0.8496,0.8486,0.8516,0.2756,-0.301,-0.4265,0.334,-0.386,-0.326,-0.7734,-0.8726,-0.519,0.1428,-0.396,-1.0,-1.0,0.767,0.885,-0.1536,0.0,-0.03787,0.1257,-0.393,-0.4202,-0.3154,-0.12213,0.1771,0.6064,-0.06085,-1.254,-0.7744,0.343,-0.658,0.8403,0.8584,0.0,0.0,0.8564,0.0,0.8755,-0.367,0.0,0.0,0.0,0.0,0.9766,0.0,0.0,0.0,0.301,-0.2625,1.0,0.0,1.0,1.0,0.0,0.0,0.0,0.562
0.852,0.851,0.8535,-0.1888,0.1721,-0.4265,0.334,-0.326,0.1746,-0.6284,-0.8657,-2.46,0.1428,-0.406,0.0,-1.0,0.6113,0.7065,-0.05994,0.0,-0.03534,-0.0775,-0.383,-0.4456,0.1732,-0.11975,-0.6484,1.041,-0.06195,0.6064,0.4656,-0.01312,0.7188,0.842,0.8584,0.0,0.0,0.858,0.0,0.923,-0.09216,0.0,0.0,0.0,0.0,1.598,1.0,0.0,0.0,-0.0887,0.256,2.0,0.0,1.0,1.0,1.0,0.0,3.707,0.91
0.8555,0.855,0.857,-0.4136,0.4075,-0.244,0.334,-0.262,0.443,-0.543,-0.8467,1.16,0.1428,-0.4158,0.0,-1.0,0.5244,0.6016,-0.00472,0.0,-0.03284,0.1186,-0.382,-0.4692,0.4336,-0.1131,-0.2693,0.6035,-0.03497,1.041,-1.254,-0.7744,-0.3157,0.844,0.8594,0.0,0.0,0.8604,0.0,0.9507,0.05792,0.0,0.0,0.0,0.0,1.226,2.0,0.5,0.5,-0.2754,0.5156,3.0,0.0,1.0,1.0,0.0,0.0,0.0,0.686
0.856,0.8555,0.8574,0.0938,-0.10284,-0.244,0.334,-0.1236,-0.06226,-0.6865,-0.8467,-0.85,0.1428,-0.4258,0.0,-1.0,0.6934,0.7554,-0.09955,0.0,-0.0303,0.2878,-0.3838,-0.4915,-0.0878,-0.11035,1.458,-1.026,-0.05615,0.6035,0.6064,0.4653,-1.414,0.843,0.8594,0.0,0.0,0.8594,0.0,0.9023,-0.1816,0.0,0.0,0.0,0.0,-1.608,1.0,0.5,0.0,0.2235,0.03522,0.0,1.0,1.0,1.0,0.0,0.0,0.0,-0.8916
0.8506,0.8506,0.851,1.051,-1.05,-0.244,-0.3628,0.0981,-1.0205,-0.9717,-0.875,-17.1,0.1428,-0.4355,-1.0,-1.0,1.04,1.084,-0.2869,0.0,-0.02777,1.03,-0.353,-0.485,-0.996,-0.1287,-0.0986,-2.06,0.12024,-1.026,1.041,-1.253,1.557,0.836,0.8574,0.0,0.0,0.8555,0.0,0.807,-0.4355,0.0,0.0,0.0,0.0,-7.152,1.0,0.0,0.0,1.195,-0.822,0.0,2.0,1.0,1.0,0.0,1.0,-3.82,-4.035
0.8467,0.847,0.847,0.76,-0.7485,-0.244,-0.3628,0.085,-0.7344,-0.9062,-0.908,-0.2032,0.0,-0.4456,-1.0,-1.0,0.962,1.003,-0.246,0.0,-0.02525,-0.3037,-0.2966,-0.4521,-0.7236,-0.1392,-0.7275,0.4653,0.1553,-2.06,0.6035,0.6064,0.343,0.8286,0.8555,0.0,0.0,0.8516,0.0,0.8276,-0.492,0.0,0.0,0.0,0.0,0.652,1.0,0.0,0.0,0.9233,-0.5215,1.0,0.0,1.0,1.0,0.0,0.0,0.0,0.3806
0.845,0.845,0.8457,0.437,-0.4214,-0.244,-0.3628,0.0626,-0.4136,-0.8237,-0.9253,-0.4255,-0.1428,-0.4556,-1.0,-1.0,0.8643,0.9033,-0.1932,0.0,-0.02272,-0.3691,-0.2314,-0.4124,-0.4065,-0.1456,-0.9404,0.5977,0.1708,0.4653,-1.025,1.041,-0.01312,0.8296,0.8545,0.0,0.0,0.8496,0.0,0.8545,-0.318,0.0,0.0,0.0,0.0,0.676,1.0,0.5,0.5,0.5728,-0.2499,2.0,0.0,1.0,-1.0,0.0,0.0,0.0,0.3914
0.846,0.8457,0.8467,0.04007,-0.02966,-0.244,-0.3628,-0.0867,-0.0532,-0.7085,-0.897,-1.182,0.0,-0.4653,0.0,-1.0,0.7207,0.778,-0.1188,0.0,-0.0202,-0.4553,-0.1921,-0.388,-0.02734,-0.1416,-0.2169,0.8335,0.1592,0.5977,-2.06,0.603,-0.7744,0.831,0.8535,0.0,0.0,0.849,0.0,0.892,0.1065,0.0,0.0,0.0,0.0,0.9487,1.0,1.0,1.0,0.1641,0.09796,3.0,0.0,1.0,-1.0,1.0,0.0,2.57,0.5444
0.8467,0.846,0.8477,0.04892,-0.04437,-0.244,-0.3628,-0.2218,-0.04385,-0.7065,-0.8984,0.3083,0.0,-0.4753,0.0,-1.0,0.7065,0.7886,-0.1188,0.0,-0.01767,-0.7944,-0.1691,-0.3677,-0.0274,-0.1416,-0.72,0.0,0.149,0.8335,0.465,-1.025,0.4653,0.828,0.854,0.0,0.0,0.848,0.0,0.892,-0.1967,0.0,0.0,0.0,0.0,0.0,1.0,0.5,0.5,0.1569,0.0665,0.0,0.0,1.0,-1.0,0.0,0.0,0.0,0.0
0.847,0.8467,0.848,0.09894,-0.0979,-0.244,-0.3628,-0.2396,-0.06476,-0.718,-0.909,-0.179,0.0,-0.485,0.0,-1.0,0.718,0.8037,-0.1272,0.0,-0.01515,-0.8823,-0.1656,-0.344,-0.0467,-0.1465,0.6714,-0.09283,0.1367,0.0,0.597,-2.06,-1.253,0.8228,0.855,0.0,0.0,0.8477,0.0,0.8877,-0.298,0.0,0.0,0.0,0.0,-0.0675,1.0,0.5,0.0,0.2097,0.01988,0.0,1.0,1.0,-1.0,0.0,0.0,0.0,-0.0382
0.8506,0.85,0.851,-0.348,0.358,-0.244,-0.3628,-0.2186,0.438,-0.5703,-0.898,11.09,0.0,-0.495,0.0,-1.0,0.5576,0.629,-0.03232,0.0,-0.01263,-0.0668,-0.2002,-0.3245,0.4634,-0.1466,0.0977,1.049,0.1815,-0.09283,0.8335,0.465,0.6064,0.8257,0.8574,0.0,0.0,0.849,0.0,0.9355,-0.0634,0.0,0.0,0.0,0.0,1.131,1.0,0.5,0.5,-0.2025,0.4788,1.0,0.0,1.0,-1.0,1.0,0.0,2.23,0.6406
0.851,0.851,0.852,0.01602,-0.009705,-0.244,-0.3628,-0.2079,0.06464,-0.67,-0.886,-0.597,0.1428,-0.505,0.0,-1.0,0.6675,0.744,-0.0983,0.0,-0.0101,0.02097,-0.2537,-0.311,0.0951,-0.144,-0.9194,-0.718,0.1729,1.049,0.0,0.597,1.04,0.8345,0.858,0.0,0.0,0.849,0.0,0.9023,-0.052,0.0,0.0,0.0,0.0,-0.9497,0.0,0.0,0.5,0.1555,0.1329,0.0,1.0,1.0,-1.0,0.0,0.0,0.0,-0.529
0.8506,0.8506,0.8516,0.24,-0.2372,-0.244,-0.3628,-0.2062,-0.1515,-0.7344,-0.892,-1.176,0.0,-0.5146,-1.0,-1.0,0.7393,0.8203,-0.1416,0.0,-0.007576,-0.3616,-0.3135,-0.2979,-0.127,-0.146,-1.656,-0.4756,0.1711,-0.718,-0.0928,0.8335,0.603,0.8394,0.858,0.0,0.0,0.848,0.0,0.8804,-0.2477,0.0,0.0,0.0,0.0,-0.531,-1.0,-0.5,0.0,0.3274,-0.1339,0.0,2.0,1.0,-1.0,0.0,0.0,0.0,-0.299
0.843,0.8438,0.843,1.471,-1.448,-0.244,-0.7446,0.1093,-1.38,-1.096,-0.923,14.88,0.0,-0.525,-1.0,-1.0,1.191,1.243,-0.3792,0.0,-0.00505,1.469,-0.2495,-0.2437,-1.26,-0.1749,-0.644,-2.514,0.3945,-0.4756,1.049,0.0,-1.025,0.8306,0.8545,0.0,0.0,0.8457,0.0,0.7593,-0.487,0.0,0.0,0.0,0.0,-8.15,-1.0,-0.5,0.0,1.59,-1.215,0.0,3.0,1.0,-1.0,0.0,1.0,-3.82,-4.836
0.836,0.837,0.835,1.361,-1.322,-0.244,-0.7515,0.06305,-1.302,-1.094,-0.9653,0.0752,0.0,-0.5347,-1.0,-1.0,1.185,1.245,-0.3804,0.0,-0.002525,-0.3303,-0.1212,-0.1708,-1.165,-0.195,1.344,-0.01393,0.5938,-2.514,-0.718,-0.0928,-2.06,0.8184,0.8506,0.0,0.0,0.8413,0.0,0.759,-0.623,0.0,0.0,0.0,0.0,-0.02899,-1.0,-0.5,-0.5,1.425,-1.157,0.0,4.0,1.0,-0.5,0.0,0.0,0.0,-0.01723
0.8276,0.8296,0.827,1.487,-1.4375,-0.244,-1.01,0.02339,-1.401,-1.156,-1.039,0.2358,-0.1428,-0.5444,-1.0,-1.0,1.258,1.331,-0.4236,0.0,0.0,0.01924,0.05157,-0.07587,-1.27,-0.2205,0.718,-0.5015,0.789,-0.01393,-0.4756,1.049,0.465,0.804,0.846,0.0,0.0,0.8354,0.0,0.737,-0.955,0.0,0.0,0.0,0.0,-0.7476,-2.0,-1.0,-1.0,1.534,-1.281,0.0,5.0,1.0,0.0,0.0,0.0,0.0,-0.4443
0.817,0.8193,0.8154,2.055,-1.985,-0.244,-1.746,0.12006,-1.874,-1.34,-1.151,0.546,-0.2856,-0.5547,-1.0,-1.0,1.501,1.572,-0.546,0.0,0.002525,0.07434,0.3206,0.08356,-1.716,-0.2646,-0.163,-1.434,1.119,-0.5015,-2.514,-0.718,0.597,0.785,0.841,0.0,0.0,0.8276,0.0,0.6743,-1.277,0.0,1.0,0.0,0.0,-2.564,-2.0,-1.5,-1.5,2.08,-1.808,0.0,5.617,1.0,0.5,0.0,1.0,-3.35,-1.538
0.8037,0.807,0.8013,2.5,-2.393,-0.244,-2.389,0.2345,-2.25,-1.496,-1.266,0.3772,-0.4285,-0.5645,-1.0,-1.0,1.719,1.784,-0.6504,0.0,0.00505,1.254,0.6475,0.3,-2.064,-0.3096,-1.532,-1.253,1.556,-1.434,-0.01393,-0.4753,0.833,0.7563,0.8345,0.0,0.0,0.819,0.0,0.621,-1.287,0.0,1.0,0.0,0.0,-2.287,-2.0,-1.5,-1.5,2.436,-2.195,0.0,5.617,1.0,1.0,0.0,0.0,0.0,-1.405
0.792,0.796,0.789,2.248,-2.123,-0.244,-2.389,0.0974,-2.078,-1.48,-1.336,0.05435,-0.4285,-0.574,-1.0,-1.0,1.686,1.774,-0.6436,0.0,0.007576,0.1439,1.05,0.561,-1.784,-0.3572,-2.195,0.08826,1.847,-1.253,-0.5015,-2.514,0.0,0.731,0.8286,0.0,0.0,0.81,0.0,0.625,-1.031,0.0,0.0,0.0,0.0,0.1654,-1.0,-1.5,-1.0,2.172,-2.043,1.0,0.0,1.0,1.0,0.0,0.0,0.0,0.10376
0.784,0.7886,0.781,1.565,-1.42,-0.244,-2.389,0.10516,-1.469,-1.341,-1.3955,-0.1973,-0.4285,-0.584,-1.0,-1.0,1.5,1.575,-0.5557,0.0,0.0101,-0.000348,1.403,0.81,-1.154,-0.3838,-2.746,1.072,2.004,0.08826,-1.433,-0.01393,-0.0928,0.712,0.823,0.0,0.0,0.804,0.0,0.669,-0.875,0.0,0.0,0.0,0.0,1.881,0.0,-1.0,-1.0,1.544,-1.333,2.0,0.0,1.0,1.0,0.0,0.0,0.0,1.179
0.773,0.778,0.768,2.271,-2.088,-0.244,-2.389,0.3345,-2.076,-1.555,-1.497,0.6353,-0.4285,-0.594,-1.0,-1.0,1.807,1.859,-0.6973,0.0,0.01263,1.62,1.725,1.051,-1.806,-0.4119,-4.465,-1.702,2.271,1.072,-1.252,-0.5015,1.049,0.6973,0.8174,0.0,0.0,0.7954,0.0,0.597,-1.235,0.0,1.0,0.0,0.0,-2.387,0.0,-1.5,-1.5,2.238,-1.957,0.0,1.0,1.0,1.0,0.0,0.0,0.0,-1.47
0.7656,0.771,0.7607,1.518,-1.322,-0.244,-2.389,0.3713,-1.333,-1.397,-1.597,-0.2727,-0.5713,-0.604,-1.0,-1.0,1.599,1.63,-0.599,0.0,0.01515,0.8735,2.018,1.287,-1.071,-0.4453,-4.47,1.218,2.314,-1.702,0.0882,-1.433,-0.7173,0.687,0.8115,0.0,0.0,0.7866,0.0,0.647,-1.159,0.0,1.0,0.0,0.0,2.111,1.0,-1.0,-1.5,1.587,-1.14,1.0,0.0,1.0,1.0,0.0,0.0,0.0,1.338
0.757,0.7627,0.7515,1.789,-1.576,-0.429,-2.389,0.579,-1.504,-1.497,-1.711,0.2969,-0.7144,-0.614,-1.0,-1.0,1.751,1.753,-0.666,0.0,0.01767,0.8857,2.275,1.51,-1.278,-0.4783,-4.555,-0.815,2.318,1.218,1.071,-1.252,-0.4753,0.676,0.805,0.0,0.0,0.776,0.0,0.613,-1.232,0.0,1.0,0.0,0.0,-2.06,1.0,-1.0,-1.5,1.877,-1.353,0.0,1.0,1.0,1.0,0.0,0.0,0.0,-1.279
0.7485,0.755,0.7427,1.725,-1.502,-0.429,-2.389,0.742,-1.362,-1.513,-1.825,0.03156,-0.857,-0.6235,-1.0,-1.0,1.787,1.76,-0.679,0.0,0.0202,0.9316,2.479,1.705,-1.221,-0.5034,-2.244,-0.1622,2.363,-0.815,-1.702,0.0882,-2.514,0.6694,0.8003,0.0,0.0,0.766,0.0,0.606,-1.237,0.0,1.0,0.0,0.0,-0.3093,0.0,-1.0,-1.5,1.762,-1.338,0.0,2.0,1.0,1.0,0.0,0.0,0.0,-0.1947
0.7393,0.7446,0.7344,1.901,-1.705,-0.429,-2.389,0.852,-1.411,-1.596,-1.973,0.1857,-1.0,-0.634,-1.0,-1.0,1.91,1.871,-0.736,0.0,0.02272,0.98,2.668,1.93,-1.3,-0.549,-2.604,-0.6953,2.525,-0.1622,1.217,1.071,-0.01392,0.6655,0.7935,0.0,0.0,0.759,0.0,0.577,-1.588,0.0,1.0,0.0,0.0,-1.863,-1.0,-1.0,-2.0,1.938,-1.526,0.0,3.0,1.0,1.0,0.0,0.0,0.0,-1.177
0.729,0.7334,0.725,2.068,-1.906,-0.429,-2.389,0.9087,-1.472,-1.68,-2.12,0.1937,-1.143,-0.6436,-1.0,-1.0,2.033,1.992,-0.7935,0.0,0.02525,0.4792,2.81,2.164,-1.403,-0.592,-2.508,-0.7183,2.688,-0.6953,-0.8145,-1.701,-0.5015,0.6587,0.785,0.0,0.0,0.75,0.0,0.5474,-1.581,0.0,1.0,0.0,0.0,-1.702,-1.0,-1.0,-2.0,2.127,-1.692,0.0,4.0,1.0,1.0,0.0,0.0,0.0,-1.087
0.7217,0.7246,0.719,1.479,-1.373,-0.429,-2.389,0.8896,-0.841,-1.571,-2.238,-0.3672,-1.143,-0.6533,-1.0,-1.0,1.881,1.832,-0.7275,0.0,0.02777,-0.5117,2.852,2.377,-0.8574,-0.6206,-1.44,0.833,2.715,-0.7183,-0.1622,1.217,-1.433,0.651,0.7783,0.0,0.0,0.741,0.0,0.581,-1.329,0.0,1.0,0.0,0.0,1.712,-1.0,-0.5,-1.5,1.486,-1.26,1.0,0.0,1.0,1.0,0.0,0.0,0.0,1.106
0.714,0.716,0.7124,1.599,-1.527,-0.7827,-2.389,0.5864,-0.943,-1.635,-2.314,0.2976,-1.143,-0.6636,-1.0,-1.0,1.941,1.955,-0.772,0.0,0.0303,-0.2598,2.885,2.568,-0.9185,-0.6562,-0.3638,-0.5527,2.666,0.833,-0.6953,-0.8145,-1.252,0.6475,0.771,0.0,0.0,0.7305,0.0,0.558,-1.105,0.0,1.0,0.0,0.0,-0.69,-1.0,-0.5,-1.5,1.647,-1.361,0.0,1.0,1.0,1.0,0.0,0.0,0.0,-0.44
0.7085,0.71,0.708,1.107,-1.059,-0.7827,-2.389,0.5894,-0.4434,-1.536,-2.375,-0.519,-1.143,-0.6733,-1.0,-1.0,1.805,1.808,-0.712,0.0,0.03284,0.1464,2.84,2.719,-0.4243,-0.6807,-0.605,0.754,2.518,-0.5527,-0.7183,-0.1622,0.0882,0.642,0.764,0.0,0.0,0.7207,0.0,0.5884,-0.9053,0.0,0.0,0.0,0.0,0.9424,0.0,-0.5,-1.0,1.207,-0.875,1.0,0.0,1.0,1.0,0.0,0.0,0.0,0.6064
0.705,0.7056,0.705,0.7974,-0.7734,-0.7827,-2.389,0.715,-0.1115,-1.473,-2.422,-0.966,-1.0,-0.683,0.0,-1.0,1.73,1.704,-0.675,0.0,0.03534,1.725,2.705,2.814,-0.1307,-0.6934,-1.784,0.4617,2.3,0.754,0.833,-0.695,1.071,0.6416,0.7593,0.0,0.0,0.7114,0.0,0.6074,-0.722,0.0,0.0,0.0,0.0,1.147,1.0,-0.5,-0.5,0.872,-0.64,2.0,0.0,-1.0,1.0,0.0,0.0,0.0,0.7295
0.688,0.6914,0.6846,2.701,-2.545,-0.7827,-2.389,1.641,-2.36,-2.164,-2.533,-17.1,-1.0,-0.693,-1.0,-1.0,2.768,2.695,-1.126,0.0,0.03787,3.135,2.752,2.96,-2.086,-0.7783,-0.1644,-2.514,2.322,0.4617,-0.5527,-0.7183,-1.701,0.621,0.7485,0.0,0.0,0.694,0.0,0.3782,-1.1455,0.0,1.0,0.0,0.0,-8.15,1.0,-0.5,-0.5,2.75,-2.195,0.0,1.0,-1.0,1.0,0.0,1.0,-3.82,-5.477
0.6763,0.6807,0.6724,2.375,-2.21,-0.4495,-2.389,1.498,-1.636,-1.947,-2.594,-0.2852,-1.0,-0.703,-1.0,-1.0,2.484,2.36,-0.9893,0.0,0.0404,1.093,2.842,3.072,-1.301,-0.82,-1.928,1.857,2.096,-2.514,0.754,0.833,1.217,0.6094,0.7383,0.0,0.0,0.679,0.0,0.4473,-0.7114,0.0,0.0,0.0,0.0,6.46,1.0,-0.5,0.0,2.633,-1.76,1.0,0.0,-1.0,1.0,0.0,0.0,0.0,4.492
0.6685,0.674,0.6636,1.746,-1.546,0.0448,-2.389,1.768,-1.079,-1.829,-2.64,-0.2588,-1.0,-0.713,-1.0,-1.0,2.328,2.143,-0.917,0.0,0.04294,3.135,2.938,3.123,-0.697,-0.848,-1.575,0.948,1.723,1.857,0.4614,-0.5527,-0.8145,0.6035,0.7285,0.0,0.0,0.6665,0.0,0.4834,-0.58,0.0,0.0,0.0,0.0,3.006,2.0,0.0,0.0,2.008,-1.135,2.0,0.0,-1.0,1.0,0.0,0.0,0.0,2.027
0.6587,0.664,0.654,2.023,-1.824,0.0448,-2.389,1.83,-1.318,-1.929,-2.723,0.4158,-1.0,-0.7227,-1.0,-1.0,2.484,2.299,-0.9854,0.0,0.04544,0.4966,2.967,3.14,-0.992,-0.8696,-1.724,-0.8867,1.685,0.948,-2.514,0.754,-0.1622,0.5913,0.7188,0.0,0.0,0.6562,0.0,0.4487,-0.842,0.0,0.0,0.0,0.0,-1.93,1.0,0.0,-0.5,2.229,-1.455,0.0,1.0,-1.0,1.0,0.0,0.0,0.0,-1.281
0.651,0.6562,0.646,1.755,-1.549,0.0448,-2.389,1.774,-1.099,-1.8955,-2.768,-0.05743,-1.0,-0.733,-1.0,-1.0,2.43,2.25,-0.9688,0.0,0.04797,1.336,2.922,3.105,-0.801,-0.885,-1.402,0.2211,1.559,-0.8867,1.856,0.4614,-0.695,0.5825,0.7114,0.0,0.0,0.647,0.0,0.457,-0.627,0.0,0.0,0.0,0.0,0.3403,1.0,0.5,0.0,1.918,-1.246,1.0,0.0,-1.0,1.0,0.0,0.0,0.0,0.2292
0.6436,0.6484,0.639,1.611,-1.423,0.0448,-2.389,1.684,-0.946,-1.891,-2.834,-0.0271,-1.0,-0.7427,-1.0,-1.0,2.414,2.25,-0.9697,0.0,0.0505,0.02415,2.832,3.027,-0.7114,-0.901,-0.9736,-0.01573,1.42,0.2211,0.9478,-2.514,-0.718,0.5703,0.703,0.0,0.0,0.6377,0.0,0.4563,-0.8633,0.0,0.0,0.0,0.0,-0.01794,1.0,0.5,-0.5,1.748,-1.159,0.0,1.0,-1.0,1.0,0.0,0.0,0.0,-0.01205
0.635,0.6396,0.6304,1.928,-1.739,0.0448,-2.389,1.72,-1.234,-1.995,-2.898,0.524,-1.0,-0.7524,-1.0,-1.0,2.578,2.418,-1.042,0.0,0.05304,1.209,2.71,2.947,-1.038,-0.9214,-2.018,-0.944,1.444,-0.01573,-0.886,1.856,0.8325,0.553,0.694,0.0,0.0,0.63,0.0,0.4197,-0.869,0.0,0.0,0.0,0.0,-1.213,0.0,0.0,-0.5,2.094,-1.42,0.0,2.0,-1.0,1.0,0.0,0.0,0.0,-0.8145
0.627,0.632,0.6226,1.727,-1.546,0.0448,-1.632,1.669,-1.042,-1.977,-2.959,-0.04578,-1.0,-0.762,-1.0,-1.0,2.545,2.393,-1.036,0.0,0.05554,0.604,2.543,2.875,-0.8623,-0.945,-1.855,0.07996,1.507,-0.944,0.221,0.9478,-0.5522,0.5576,0.684,0.0,0.0,0.6235,0.0,0.4226,-0.8364,0.0,0.0,0.0,0.0,0.1371,0.0,0.5,0.0,1.875,-1.261,1.0,0.0,-1.0,1.0,0.0,0.0,0.0,0.09357
0.618,0.6226,0.614,1.932,-1.753,0.0448,-1.632,1.63,-1.236,-2.055,-3.018,0.3733,-1.0,-0.7725,-1.0,-1.0,2.664,2.527,-1.091,0.0,0.05807,0.5425,2.395,2.816,-1.073,-0.968,-2.934,-0.7344,1.584,0.07996,-0.01573,-0.886,0.7534,0.5527,0.6733,0.0,0.0,0.616,0.0,0.3945,-0.8345,0.0,0.0,0.0,0.0,-1.405,0.0,0.0,0.0,2.074,-1.46,0.0,1.0,-1.0,1.0,0.0,0.0,0.0,-0.9575
0.611,0.6157,0.6064,1.616,-1.431,0.0448,-1.632,1.655,-0.9565,-2.008,-3.06,-0.1311,-1.0,-0.782,-1.0,-1.0,2.592,2.445,-1.066,0.0,0.0606,0.8555,2.256,2.732,-0.8057,-0.986,-3.873,0.3394,1.502,-0.7344,-0.944,0.221,0.4614,0.546,0.663,0.0,0.0,0.608,0.0,0.4072,-0.688,0.0,0.0,0.0,0.0,0.584,0.0,0.0,0.5,1.746,-1.175,1.0,0.0,-1.0,1.0,0.0,0.0,0.0,0.4028
0.601,0.606,0.5967,2.154,-1.963,0.0448,-1.632,1.836,-1.43,-2.162,-3.139,0.7603,-1.0,-0.792,-1.0,-1.0,2.768,2.693,-1.17,0.0,0.0631,0.4014,2.111,2.639,-1.306,-1.014,1.272,-1.398,1.618,0.3394,0.0799,-0.01573,-2.514,0.537,0.6504,0.0,0.0,0.6,0.0,0.3542,-1.002,0.0,0.0,0.0,0.0,-2.363,0.0,0.0,0.0,2.3,-1.647,0.0,1.0,-1.0,1.0,0.0,1.0,-3.82,-1.62
0.595,0.6,0.591,1.368,-1.185,0.0448,-1.632,1.798,-0.684,-2.006,-3.19,-0.4792,-1.0,-0.802,-1.0,-1.0,2.602,2.43,-1.075,0.0,0.0657,0.1888,1.956,2.53,-0.61,-1.028,-0.491,1.3,1.499,-1.398,-0.7344,-0.944,1.856,0.532,0.6396,0.0,0.0,0.5923,0.0,0.402,-0.7056,0.0,0.0,0.0,0.0,1.784,1.0,0.0,0.5,1.585,-0.852,1.0,0.0,-1.0,1.0,0.0,0.0,0.0,1.253
0.5933,0.5967,0.59,0.618,-0.473,0.0448,-1.632,1.73,0.1033,-1.837,-3.232,-1.375,-0.857,-0.812,0.0,-1.0,2.338,2.16,-0.972,0.0,0.0682,0.4485,1.742,2.4,0.12244,-1.04,-1.498,1.385,1.369,1.3,0.3394,0.0799,0.9478,0.532,0.631,0.0,0.0,0.587,0.0,0.4543,-0.608,0.0,0.0,0.0,0.0,2.406,1.0,0.0,0.5,0.9375,-0.0878,2.0,0.0,-1.0,1.0,0.0,0.0,0.0,1.654
0.593,0.5947,0.592,0.219,-0.1547,0.3599,-1.632,1.496,0.576,-1.743,-3.271,2.518,-0.857,-0.822,0.0,-1.0,2.178,2.035,-0.917,0.0,0.0707,-0.7666,1.441,2.254,0.6313,-1.064,-0.713,0.724,1.224,1.385,-1.398,-0.734,-0.886,0.538,0.625,0.0,0.0,0.583,0.0,0.4822,-0.569,0.0,0.0,0.0,0.0,1.028,2.0,0.5,0.5,0.3274,-0.03012,3.0,0.0,-1.0,1.0,1.0,0.0,3.582,0.691
0.5923,0.5933,0.5923,0.298,-0.2646,0.3599,-1.632,0.798,0.376,-1.763,-3.21,-0.1746,-0.7144,-0.8315,0.0,-1.0,2.145,2.13,-0.934,0.0,0.07324,-0.0293,1.265,2.082,0.4216,-1.048,-0.837,-0.2178,1.12,0.724,1.3,0.3394,0.221,0.543,0.6187,0.0,0.0,0.58,0.0,0.4736,0.3835,0.0,0.0,0.0,0.0,-0.2766,1.0,0.0,0.5,0.335,-0.2118,0.0,1.0,-1.0,1.0,0.0,0.0,0.0,-0.1835
0.5923,0.5933,0.5923,0.1357,-0.0989,0.3599,-1.632,0.6553,0.509,-1.714,-3.178,0.4392,-0.5713,-0.842,0.0,-1.0,2.06,2.07,-0.907,0.0,0.07574,-0.3713,1.104,1.897,0.5396,-1.04,-0.779,0.3435,1.0625,-0.2178,1.385,-1.397,-0.01573,0.5513,0.6133,0.0,0.0,0.578,0.0,0.4868,0.11804,0.0,0.0,0.0,0.0,0.4436,2.0,0.5,0.5,0.1499,-0.0834,1.0,0.0,-1.0,1.0,0.0,0.0,0.0,0.2954
0.595,0.5957,0.5947,-0.286,0.325,0.3599,-1.632,0.2773,0.9575,-1.589,-3.145,0.9326,-0.4285,-0.8516,0.0,-1.0,1.85,1.916,-0.832,0.0,0.0783,0.02237,0.937,1.685,0.9844,-1.034,0.1981,0.978,0.965,0.3435,0.724,1.3,-0.9434,0.562,0.6104,0.0,0.0,0.576,0.0,0.525,0.1279,0.0,0.0,0.0,0.0,1.096,2.0,1.0,0.5,-0.2429,0.3394,2.0,0.0,-1.0,1.0,0.0,0.0,0.0,0.7256
0.5947,0.595,0.594,0.2808,-0.2452,0.3599,-1.632,0.314,0.331,-1.729,-3.115,-0.4978,-0.2856,-0.8613,0.0,-1.0,2.05,2.125,-0.9243,0.0,0.0808,0.1355,0.7637,1.466,0.3826,-1.032,0.3853,-1.176,0.8677,0.978,-0.2177,1.385,0.0799,0.5737,0.6074,0.0,0.0,0.5737,0.0,0.4783,0.04706,0.0,0.0,0.0,0.0,-1.663,1.0,0.5,0.5,0.3423,-0.1669,0.0,1.0,-1.0,1.0,0.0,0.0,0.0,-1.084
0.597,0.598,0.5967,-0.2715,0.3242,0.3599,-1.632,0.2732,0.8916,-1.567,-3.066,1.521,-0.1428,-0.871,0.0,-1.0,1.82,1.885,-0.827,0.0,0.0833,1.335,0.5576,1.211,0.9453,-1.023,1.214,1.262,0.73,-1.176,0.3433,0.7236,-0.734,0.585,0.6055,0.0,0.0,0.572,0.0,0.5273,0.2479,0.0,0.0,0.0,0.0,2.01,1.0,1.0,0.5,-0.1221,0.4553,1.0,0.0,-1.0,1.0,0.0,0.0,0.0,1.335
0.601,0.6025,0.6,-0.503,0.573,0.3599,-1.632,0.2446,1.131,-1.4795,-3.008,0.4038,0.0,-0.8813,0.0,-1.0,1.696,1.759,-0.7754,0.0,0.0859,-0.0762,0.3323,0.8823,1.178,-1.008,1.229,0.6562,0.564,1.262,0.9775,-0.2177,0.3394,0.594,0.603,0.0,0.0,0.5703,0.0,0.553,0.361,0.0,0.0,0.0,0.0,1.15,2.0,1.0,1.0,-0.3635,0.676,2.0,0.0,-1.0,1.0,0.0,0.0,0.0,0.7485
0.604,0.6055,0.603,-0.3643,0.435,0.3599,0.505,0.1476,0.926,-1.494,-2.936,-0.03772,0.1428,-0.891,0.0,-1.0,1.708,1.789,-0.7886,0.0,0.0884,-0.0927,0.1404,0.671,0.966,-0.9883,2.895,-0.166,0.589,0.6562,-1.176,0.3433,-1.397,0.6,0.602,0.0,0.0,0.5757,0.0,0.5464,0.5586,0.0,0.0,0.0,0.0,-0.3381,1.0,1.0,1.0,-0.2292,0.5435,0.0,1.0,-1.0,1.0,0.0,0.0,0.0,-0.2177
0.604,0.6055,0.603,0.211,-0.145,0.3599,0.505,0.2189,0.2551,-1.636,-2.885,-0.5635,0.2856,-0.901,0.0,-1.0,1.91,1.992,-0.8823,0.0,0.0909,0.848,0.05524,0.503,0.2554,-0.9697,2.188,-1.181,0.604,-0.166,1.262,0.9775,1.3,0.6025,0.5986,0.0,0.0,0.5776,0.0,0.4988,0.244,0.0,0.0,0.0,0.0,-2.32,0.0,0.5,0.5,0.341,0.002321,0.0,2.0,-1.0,1.0,0.0,0.0,0.0,-1.499
0.606,0.6074,0.605,-0.1909,0.2542,0.3599,0.505,0.1508,0.577,-1.516,-2.803,1.097,0.4285,-0.911,0.0,-1.0,1.737,1.82,-0.8115,0.0,0.09344,-0.08624,0.1274,0.371,0.562,-0.9473,1.141,0.9106,0.6655,-1.181,0.656,-1.176,1.385,0.607,0.597,0.0,0.0,0.5796,0.0,0.5347,0.545,0.0,0.0,0.0,0.0,2.01,1.0,0.5,1.0,-0.00736,0.4287,1.0,0.0,-1.0,1.0,0.0,0.0,0.0,1.324
0.608,0.609,0.6074,-0.1675,0.2184,0.3599,0.505,0.02087,0.466,-1.506,-2.727,-0.03268,0.5713,-0.921,0.0,-1.0,1.712,1.818,-0.81,0.0,0.09595,-0.475,0.288,0.2805,0.461,-0.9297,0.652,0.015205,0.7183,0.9106,-0.166,1.262,0.7236,0.608,0.5957,0.0,0.0,0.582,0.0,0.535,0.5034,0.0,0.0,0.0,0.0,0.02635,1.0,0.5,1.0,-0.04858,0.3242,2.0,0.0,-1.0,1.0,0.0,0.0,0.0,0.0171
0.608,0.6084,0.608,0.2007,-0.1837,0.3599,0.505,0.05923,-0.0643,-1.597,-2.64,-0.858,0.7144,-0.9307,0.0,-1.0,1.842,1.949,-0.8726,0.0,0.0985,0.2217,0.492,0.2378,-0.0529,-0.9097,0.995,-0.7905,0.7285,0.015205,-1.18,0.656,-0.2177,0.6104,0.594,0.0,0.0,0.584,0.0,0.5034,0.645,0.0,0.0,0.0,0.0,-2.47,0.0,0.5,1.0,0.2922,-0.07874,0.0,1.0,-1.0,1.0,0.0,1.0,-1.8955,-1.603
0.609,0.609,0.61,-0.05692,0.0537,0.3599,0.505,-0.003729,0.09656,-1.52,-2.566,3.615,0.857,-0.9404,0.0,-1.0,1.7295,1.841,-0.8296,0.0,0.101,-0.2659,0.6797,0.252,0.11285,-0.8926,0.7417,0.5547,0.7563,-0.7905,0.9106,-0.1659,0.3433,0.6104,0.5938,0.0,0.0,0.586,0.0,0.525,0.5513,0.0,0.0,0.0,0.0,0.939,1.0,0.5,1.0,0.01901,0.1215,1.0,0.0,-1.0,1.0,0.0,0.0,0.0,0.617
0.61,0.6094,0.6113,-0.04172,0.02814,0.3599,0.505,-0.08057,0.03217,-1.512,-2.514,-0.1908,0.857,-0.9507,0.0,-1.0,1.711,1.836,-0.8296,0.0,0.1035,-0.4712,0.826,0.3179,0.0342,-0.88,-0.10455,0.0,0.7397,0.5547,0.0152,-1.18,0.9775,0.608,0.593,0.0,0.0,0.5894,0.0,0.525,0.3213,0.0,0.0,0.0,0.0,0.0,1.0,0.0,0.5,0.001064,0.0611,0.0,0.0,-1.0,1.0,0.0,0.0,0.0,0.0
0.611,0.6104,0.6123,-0.01811,0.00143,0.3599,0.505,-0.07275,-0.014206,-1.505,-2.475,-0.2023,0.857,-0.9604,0.0,-1.0,1.702,1.825,-0.8306,0.0,0.1061,-0.1835,0.8687,0.4082,-0.00949,-0.8735,1.052,-0.01527,0.713,0.0,-0.7905,0.9106,-1.176,0.606,0.5923,0.0,0.0,0.593,0.0,0.524,0.1632,0.0,0.0,0.0,0.0,-0.02708,0.0,0.0,0.0,0.01402,0.02464,0.0,1.0,-1.0,1.0,0.0,0.0,0.0,-0.01764
0.6123,0.6113,0.614,-0.0793,0.0561,0.3599,0.505,-0.1311,0.01616,-1.476,-2.43,0.473,0.857,-0.97,0.0,-1.0,1.657,1.788,-0.8174,0.0,0.1086,-0.658,0.8936,0.5034,0.04172,-0.8687,-0.04462,0.168,0.6167,-0.01527,0.5547,0.0152,1.261,0.609,0.591,0.0,0.0,0.5977,0.0,0.531,0.27,0.0,0.0,0.0,0.0,0.2396,0.0,0.0,0.5,-0.04944,0.0721,1.0,0.0,-1.0,1.0,0.0,0.0,0.0,0.1561
0.6123,0.612,0.614,0.10876,-0.1366,0.3599,0.505,-0.01804,-0.1981,-1.516,-2.398,-1.647,0.7144,-0.98,-1.0,-1.0,1.722,1.836,-0.8477,0.0,0.1111,0.7485,0.889,0.593,-0.179,-0.863,-0.677,-0.3806,0.5117,0.168,0.0,-0.79,0.656,0.6074,0.589,0.0,0.0,0.601,0.0,0.515,0.07135,0.0,0.0,0.0,0.0,-0.766,0.0,-0.5,0.0,0.0986,-0.1495,0.0,1.0,-1.0,1.0,0.0,0.0,0.0,-0.4978
0.6177,0.617,0.6187,-0.754,0.7554,0.3599,0.5317,0.0417,0.7397,-1.25,-2.348,-12.25,0.7144,-0.99,0.0,-1.0,1.377,1.456,-0.6865,0.0,0.11365,1.294,0.8633,0.6704,0.7437,-0.8516,-0.602,2.053,0.2893,-0.3806,-0.01527,0.554,-0.1659,0.613,0.5938,0.0,0.0,0.609,0.0,0.5967,0.309,0.0,0.0,0.0,0.0,5.55,0.0,0.0,0.0,-0.68,0.7666,1.0,0.0,-1.0,1.0,0.0,0.0,0.0,3.63
0.623,0.6226,0.6235,-0.747,0.7534,0.3599,0.5317,0.005013,0.7207,-1.217,-2.273,0.11896,0.7144,-1.0,0.0,-1.0,1.333,1.415,-0.671,0.0,0.11615,-0.0657,0.796,0.7305,0.77,-0.8403,0.694,0.1926,0.1978,2.053,0.168,0.0,-1.18,0.622,0.597,0.0,0.0,0.6157,0.0,0.6045,0.7324,0.0,0.0,0.0,0.0,0.2607,1.0,0.5,0.5,-0.73,0.7036,2.0,0.0,-1.0,1.0,0.0,0.0,0.0,0.1649
0.6255,0.625,0.626,-0.2764,0.2769,0.3599,0.5317,-0.03644,0.2362,-1.325,-2.238,-0.493,0.7144,-1.01,0.0,-1.0,1.468,1.567,-0.743,0.0,0.1187,0.1566,0.692,0.7646,0.284,-0.833,0.0737,-0.8857,0.1416,0.1926,-0.3806,-0.01526,0.91,0.6265,0.599,0.0,0.0,0.619,0.0,0.568,0.1627,0.0,0.0,0.0,0.0,-1.12,1.0,0.0,0.0,-0.274,0.2478,0.0,1.0,-1.0,1.0,0.0,0.0,0.0,-0.7056
0.6284,0.6284,0.6294,-0.415,0.4202,-0.2468,0.5317,-0.0734,0.4148,-1.264,-2.207,0.7007,0.7144,-1.02,0.0,-1.0,1.385,1.485,-0.7095,0.0,0.1212,-0.355,0.5625,0.743,0.4668,-0.829,0.1442,0.4197,0.159,-0.8857,2.053,0.1678,0.0152,0.632,0.6025,0.0,0.0,0.6226,0.0,0.585,0.10535,0.0,0.0,0.0,0.0,0.531,1.0,0.0,0.0,-0.3936,0.4011,1.0,0.0,-1.0,1.0,0.0,0.0,0.0,0.3396
0.632,0.632,0.6323,-0.4282,0.4395,-0.2468,0.5317,-0.03958,0.4548,-1.235,-2.17,0.226,0.7144,-1.029,0.0,-1.0,1.351,1.443,-0.6963,0.0,0.1237,0.321,0.4275,0.717,0.5283,-0.826,1.049,0.1637,0.1484,0.4197,0.1925,-0.3804,-0.79,0.638,0.6055,0.0,0.0,0.6265,0.0,0.5913,0.2025,0.0,0.0,0.0,0.0,0.2355,2.0,0.5,0.5,-0.4617,0.3596,2.0,0.0,-1.0,1.0,0.0,0.0,0.0,0.1495
0.6367,0.6367,0.637,-0.688,0.705,-0.2468,0.5317,-0.1165,0.7144,-1.131,-2.098,0.642,0.7144,-1.04,0.0,-1.0,1.214,1.312,-0.636,0.0,0.1262,0.1416,0.3203,0.6924,0.7944,-0.8096,0.73,0.742,0.2166,0.1637,-0.8857,2.053,0.554,0.6465,0.609,0.0,0.0,0.6313,0.0,0.6216,0.8203,1.0,0.0,0.0,0.0,1.783,2.0,0.5,1.0,-0.7153,0.612,3.0,0.0,-1.0,1.0,0.0,0.0,0.0,1.129
0.641,0.6416,0.6416,-0.5864,0.6055,-0.2468,0.5317,-0.1802,0.6147,-1.13,-2.043,0.011246,0.7144,-1.05,0.0,-1.0,1.207,1.315,-0.6396,0.0,0.1288,-0.785,0.2454,0.655,0.717,-0.8003,0.971,-0.04398,0.3032,0.742,0.4197,0.1925,0.0,0.6562,0.6133,0.0,0.0,0.6343,0.0,0.6196,0.6187,0.0,0.0,0.0,0.0,-0.04276,1.0,0.5,0.5,-0.6206,0.5127,0.0,1.0,-1.0,1.0,0.0,0.0,0.0,-0.02676
0.646,0.6465,0.6465,-0.68,0.709,-0.2468,0.5317,-0.1311,0.722,-1.071,-1.983,0.3047,0.7144,-1.06,0.0,-1.0,1.139,1.233,-0.6074,0.0,0.1313,0.1716,0.1997,0.598,0.8403,-0.788,1.223,0.3962,0.3242,-0.04398,0.1637,-0.8857,-0.01526,0.6597,0.618,0.0,0.0,0.6396,0.0,0.636,0.7046,0.0,0.0,0.0,0.0,0.6313,2.0,1.0,0.5,-0.733,0.5884,1.0,0.0,-1.0,1.0,0.0,0.0,0.0,0.3953
0.65,0.65,0.65,-0.446,0.4644,-0.2468,0.5317,-0.225,0.4333,-1.112,-1.915,-0.2352,0.7144,-1.069,0.0,-1.0,1.182,1.297,-0.637,0.0,0.1338,-0.1539,0.2458,0.5522,0.5015,-0.762,1.337,-0.3645,0.3691,0.3962,0.742,0.4194,0.1678,0.661,0.623,0.0,0.0,0.6426,0.0,0.6206,0.9014,1.0,0.0,0.0,0.0,-0.3591,1.0,0.5,0.5,-0.518,0.3408,0.0,1.0,-1.0,1.0,0.0,0.0,0.0,-0.2234
0.653,0.653,0.6533,-0.37,0.3853,-0.2468,0.5317,-0.229,0.3281,-1.111,-1.858,-0.06775,0.7144,-1.079,0.0,-1.0,1.18,1.296,-0.641,0.0,0.1364,-0.37,0.3162,0.508,0.4062,-0.75,1.936,-0.044,0.4172,-0.3645,-0.04398,0.1637,-0.3804,0.666,0.628,0.0,0.0,0.6445,0.0,0.6187,0.7646,1.0,0.0,0.0,0.0,-0.04492,0.0,0.5,0.0,-0.444,0.2656,0.0,2.0,-1.0,1.0,0.0,0.0,0.0,-0.02812
0.6562,0.6562,0.6567,-0.4038,0.4153,-0.2468,0.5317,-0.2487,0.333,-1.079,-1.797,0.1552,0.7144,-1.089,0.0,-1.0,1.139,1.256,-0.6255,0.0,0.1389,-0.669,0.3909,0.4731,0.436,-0.7393,0.186,0.1908,0.465,-0.044,0.396,0.7417,2.053,0.67,0.634,0.0,0.0,0.6475,0.0,0.6265,0.808,1.0,0.0,0.0,0.0,0.1521,0.0,0.5,0.5,-0.4653,0.3066,1.0,0.0,-1.0,1.0,0.0,0.0,0.0,0.0953
0.661,0.661,0.6616,-0.7183,0.7334,-0.2468,0.768,-0.2375,0.64,-0.958,-1.72,0.8945,0.7144,-1.099,0.0,-1.0,0.9937,1.099,-0.5547,0.0,0.1414,0.1545,0.4722,0.4583,0.7607,-0.7227,0.06775,0.8633,0.501,0.1908,-0.3643,-0.04398,0.1925,0.677,0.639,0.0,0.0,0.653,0.0,0.6626,0.9814,1.0,0.0,0.0,0.0,0.856,1.0,0.5,1.0,-0.726,0.659,2.0,0.0,-1.0,1.0,0.0,0.0,0.0,0.534
0.6665,0.6665,0.6675,-0.746,0.7603,-0.2468,0.768,-0.2297,0.6445,-0.9165,-1.642,0.1497,0.7144,-1.109,0.0,-1.0,0.946,1.046,-0.5327,0.0,0.1439,-0.567,0.5513,0.4702,0.7896,-0.7056,1.112,0.2595,0.5913,0.8633,-0.04398,0.396,-0.8857,0.681,0.644,0.0,0.0,0.657,0.0,0.6733,0.998,1.0,0.0,0.0,0.0,0.2173,1.0,1.0,1.0,-0.758,0.679,3.0,0.0,-1.0,1.0,0.0,0.0,0.0,0.1337
0.6724,0.672,0.6733,-0.7764,0.778,-0.2468,0.768,-0.335,0.6265,-0.8755,-1.554,0.1168,0.857,-1.119,0.0,-1.0,0.8887,1.005,-0.511,0.0,0.1465,-0.494,0.6587,0.5186,0.76,-0.679,0.9546,0.2585,0.6763,0.2595,0.1908,-0.3643,0.4194,0.6875,0.6484,0.0,0.0,0.662,0.0,0.684,1.225,1.0,0.0,0.0,0.0,0.3271,2.0,1.0,1.5,-0.868,0.6074,4.0,0.0,-0.5,1.0,0.0,0.0,0.0,0.2004
0.6787,0.678,0.679,-0.9033,0.9116,-0.2468,0.768,-0.4377,0.789,-0.8,-1.492,0.3833,0.857,-1.129,0.0,-1.0,0.792,0.9214,-0.468,0.0,0.149,0.28,0.782,0.5938,0.886,-0.657,1.037,0.5146,0.7163,0.2585,0.863,-0.04398,0.1637,0.694,0.654,0.0,0.0,0.669,0.0,0.706,0.9863,1.0,0.0,0.0,0.0,0.503,3.0,1.0,1.5,-0.9736,0.755,5.0,0.0,0.0,1.0,0.0,0.0,0.0,0.3066
0.6846,0.6846,0.6855,-0.8774,0.8916,-0.2336,0.768,-0.4731,0.786,-0.7686,-1.431,0.1395,0.857,-1.139,0.0,-1.0,0.7534,0.887,-0.4524,0.0,0.1515,-0.4668,0.897,0.678,0.882,-0.641,0.5728,0.1843,0.776,0.5146,0.2595,0.1907,0.7417,0.702,0.6587,0.0,0.0,0.6753,0.0,0.714,0.9863,1.0,0.0,0.0,0.0,0.2014,3.0,1.0,1.5,-0.988,0.693,5.734,0.0,0.5,1.0,0.0,0.0,0.0,0.1218
0.6895,0.689,0.6904,-0.6123,0.6167,-0.2336,0.768,-0.5513,0.4746,-0.816,-1.357,-0.2361,0.857,-1.148,0.0,-1.0,0.8003,0.9517,-0.486,0.0,0.154,-0.7285,1.011,0.7744,0.5537,-0.619,0.8467,-0.3958,0.756,0.1843,0.2583,0.863,-0.04398,0.7095,0.6626,0.0,0.0,0.6807,0.0,0.697,1.311,1.0,0.0,0.0,0.0,-0.648,2.0,1.0,1.5,-0.737,0.4233,0.0,1.0,0.5,1.0,0.0,0.0,0.0,-0.3906
0.6973,0.6973,0.6978,-1.137,1.159,-0.2336,0.768,-0.4792,1.042,-0.612,-1.266,1.198,0.857,-1.158,0.0,-1.0,0.5796,0.702,-0.3647,0.0,0.1566,0.769,1.123,0.881,1.107,-0.5923,0.634,1.437,0.841,-0.3958,0.5146,0.2595,0.396,0.7217,0.6685,0.0,0.0,0.6885,0.0,0.758,1.455,1.0,0.0,0.0,0.0,2.223,2.0,1.0,1.5,-1.169,1.024,1.0,0.0,0.5,-0.5,0.0,0.0,0.0,1.35
0.7026,0.7026,0.7036,-0.753,0.7695,-0.2336,0.768,-0.475,0.61,-0.691,-1.188,-0.2664,0.857,-1.168,0.0,-1.0,0.6665,0.7944,-0.4177,0.0,0.159,-0.1713,1.213,0.986,0.6597,-0.569,1.312,-0.6113,0.8145,1.437,0.1842,0.2583,-0.3643,0.728,0.6733,0.0,0.0,0.695,0.0,0.731,1.053,1.0,0.0,0.0,0.0,-0.7583,1.0,1.0,1.0,-0.814,0.635,0.0,1.0,0.5,-0.5,0.0,0.0,0.0,-0.4495
0.707,0.707,0.7075,-0.5215,0.5347,-0.2336,0.7363,-0.4648,0.3599,-0.731,-1.131,-0.2355,0.857,-1.178,0.0,-1.0,0.712,0.841,-0.4465,0.0,0.1616,0.10175,1.314,1.092,0.3464,-0.5435,1.63,-0.337,0.663,-0.6113,-0.3955,0.5146,-0.04398,0.732,0.677,0.0,0.0,0.7017,0.0,0.7163,0.724,0.0,0.0,0.0,0.0,-0.415,0.0,1.0,0.5,-0.581,0.4187,0.0,2.0,0.5,-0.5,0.0,0.0,0.0,-0.2487
0.711,0.711,0.712,-0.524,0.5356,-0.2336,0.7363,-0.4417,0.3494,-0.7026,-1.07,0.1189,0.857,-1.188,0.0,-1.0,0.6826,0.8047,-0.4333,0.0,0.1642,-0.641,1.37,1.184,0.3394,-0.529,1.678,0.1553,0.6797,-0.337,1.437,0.1842,0.1907,0.7354,0.6807,0.0,0.0,0.7056,0.0,0.723,0.7827,1.0,0.0,0.0,0.0,0.1527,0.0,1.0,1.0,-0.595,0.4067,1.0,0.0,0.5,-0.5,0.0,0.0,0.0,0.092
0.716,0.716,0.717,-0.6636,0.677,-0.2336,0.7363,-0.4727,0.4963,-0.63,-1.009,0.49,0.857,-1.198,0.0,-1.0,0.599,0.722,-0.3926,0.0,0.1666,-0.10236,1.409,1.273,0.4521,-0.5073,1.034,0.4788,0.724,0.1553,-0.6113,-0.3955,0.863,0.7393,0.686,0.0,0.0,0.7104,0.0,0.7437,0.8047,1.0,0.0,0.0,0.0,0.6094,1.0,1.0,1.0,-0.7207,0.5527,2.0,0.0,0.5,-0.5,0.0,0.0,0.0,0.3662
0.7227,0.7227,0.723,-0.8984,0.915,-0.2336,0.7363,-0.4766,0.735,-0.5195,-0.9263,0.571,0.857,-1.208,0.0,-1.0,0.48,0.595,-0.3289,0.0,0.1692,-0.063,1.456,1.349,0.718,-0.49,0.967,0.74,0.7334,0.4788,-0.3367,1.437,0.2595,0.7446,0.6914,0.0,0.0,0.717,0.0,0.776,1.132,1.0,0.0,0.0,0.0,0.7715,1.0,1.0,1.5,-0.907,0.8257,3.0,0.0,0.5,-0.5,0.0,0.0,0.0,0.4597
0.729,0.729,0.73,-0.893,0.906,-0.2336,0.7363,-0.509,0.705,-0.4827,-0.8403,0.1047,0.857,-1.218,0.0,-1.0,0.4382,0.5566,-0.3096,0.0,0.1718,-0.734,1.484,1.408,0.7114,-0.4697,0.9517,0.2207,0.757,0.74,0.1553,-0.611,0.2583,0.753,0.697,0.0,0.0,0.7236,0.0,0.7856,1.1875,1.0,0.0,0.0,0.0,0.1754,2.0,1.0,2.0,-0.8994,0.8193,4.0,0.0,0.5,-0.5,0.0,0.0,0.0,0.1033
0.7344,0.7344,0.7354,-0.738,0.7417,-0.2336,0.7363,-0.5083,0.508,-0.4966,-0.7607,-0.1207,0.857,-1.228,0.0,-1.0,0.4531,0.5723,-0.3215,0.0,0.1742,-0.7505,1.475,1.443,0.546,-0.4526,0.664,-0.1375,0.736,0.2207,0.4785,-0.3367,0.5146,0.755,0.7026,0.0,0.0,0.7295,0.0,0.7793,1.085,1.0,0.0,0.0,0.0,-0.1273,2.0,0.5,1.5,-0.786,0.6216,0.0,1.0,0.5,-0.5,0.0,0.0,0.0,-0.07465
0.7417,0.741,0.7427,-0.9663,0.975,-0.2336,0.7363,-0.5254,0.755,-0.385,-0.6826,0.5776,0.857,-1.228,0.0,0.0,0.335,0.4492,-0.2568,0.0,0.1768,0.08307,1.452,1.477,0.8,-0.4324,0.652,0.744,0.8154,-0.1375,0.74,0.1552,0.1842,0.762,0.709,0.0,0.0,0.736,0.0,0.812,1.074,1.0,0.0,0.0,0.0,0.8105,2.0,0.5,1.5,-0.9775,0.8774,1.0,0.0,0.5,-1.0,0.0,0.0,0.0,0.4763
0.7476,0.747,0.7485,-0.8013,0.8086,-0.2336,0.7363,-0.5137,0.5757,-0.3992,-0.612,-0.08307,0.857,-1.228,0.0,0.0,0.3506,0.4639,-0.2688,0.0,0.1793,-0.4824,1.421,1.5,0.605,-0.4102,1.315,-0.1361,0.8325,0.744,0.2207,0.4785,-0.3955,0.7705,0.7153,0.0,0.0,0.742,0.0,0.8057,0.956,1.0,0.0,0.0,0.0,-0.2737,1.0,0.5,1.0,-0.8296,0.705,0.0,1.0,0.5,-1.0,0.0,0.0,0.0,-0.1589
0.7534,0.753,0.7544,-0.7783,0.788,-0.2336,0.7363,-0.4233,0.551,-0.3699,-0.5425,0.10345,0.857,-1.228,0.0,0.0,0.3284,0.4226,-0.2544,0.0,0.1818,0.5215,1.427,1.524,0.5317,-0.3826,0.0737,0.1637,0.8594,-0.1361,-0.1375,0.7397,1.436,0.779,0.7217,0.0,0.0,0.7476,0.0,0.813,0.941,1.0,0.0,0.0,0.0,0.3667,1.0,0.5,1.0,-0.827,0.664,1.0,0.0,0.5,-1.0,0.0,0.0,0.0,0.2134
0.7583,0.758,0.7593,-0.6377,0.644,-0.2336,0.7363,-0.448,0.4055,-0.3813,-0.4841,-0.0963,0.857,-1.228,0.0,0.0,0.3381,0.4377,-0.2651,0.0,0.1843,-0.0979,1.421,1.552,0.3784,-0.366,0.8706,-0.12244,0.8037,0.1637,0.7437,0.2207,-0.611,0.7847,0.7275,0.0,0.0,0.754,0.0,0.807,0.769,1.0,0.0,0.0,0.0,-0.1953,0.0,0.5,0.5,-0.698,0.5186,0.0,1.0,0.5,-1.0,0.0,0.0,0.0,-0.11334
0.7637,0.763,0.7646,-0.678,0.6855,-0.2336,0.7363,-0.4648,0.4543,-0.337,-0.4263,0.246,0.857,-1.228,0.0,0.0,0.2908,0.3904,-0.2412,0.0,0.1869,-0.615,1.375,1.555,0.445,-0.3538,1.421,0.2725,0.719,-0.12244,-0.1361,-0.1375,-0.3367,0.789,0.7344,0.0,0.0,0.7603,0.0,0.8193,0.791,1.0,0.0,0.0,0.0,0.3298,1.0,1.0,0.5,-0.743,0.5522,1.0,0.0,0.5,-1.0,0.0,0.0,0.0,0.1919
0.768,0.7676,0.769,-0.561,0.5605,-0.2336,0.7363,-0.4688,0.31,-0.3455,-0.3625,-0.135,0.857,-1.228,0.0,0.0,0.2993,0.4001,-0.2496,0.0,0.1895,-0.7236,1.329,1.542,0.2952,-0.335,1.512,-0.095,0.5947,0.2725,0.1636,0.7437,0.1552,0.7915,0.739,0.0,0.0,0.7666,0.0,0.815,0.9556,1.0,0.0,0.0,0.0,-0.1018,0.0,0.5,0.5,-0.6978,0.3582,0.0,1.0,0.5,-1.0,0.0,0.0,0.0,-0.05893
0.7715,0.771,0.773,-0.4187,0.4126,-0.2336,0.7363,-0.5767,0.1815,-0.365,-0.3284,-0.1884,0.857,-1.228,0.0,0.0,0.3096,0.4321,-0.2651,0.0,0.1919,-0.538,1.277,1.51,0.1492,-0.3242,1.231,-0.1766,0.5146,-0.095,-0.1224,-0.136,0.4785,0.7944,0.7437,0.0,0.0,0.7715,0.0,0.807,0.451,0.0,0.0,0.0,0.0,-0.1542,0.0,0.0,0.0,-0.585,0.1888,0.0,2.0,0.5,-1.0,0.0,0.0,0.0,-0.08936
0.7744,0.774,0.776,-0.338,0.3245,-0.2336,0.7363,-0.657,0.0885,-0.3691,-0.284,-0.2009,0.857,-1.228,0.0,0.0,0.3066,0.444,-0.2712,0.0,0.1945,-0.867,1.22,1.458,0.05557,-0.313,0.5967,-0.0681,0.4255,-0.1766,0.2725,0.1636,0.7397,0.7935,0.7485,0.0,0.0,0.776,0.0,0.8037,0.8486,1.0,0.0,0.0,0.0,-0.0885,-1.0,-0.5,0.0,-0.52,0.08954,0.0,3.0,0.5,-1.0,0.0,0.0,0.0,-0.05148
0.7646,0.7656,0.764,1.932,-1.905,-0.2336,-1.342,-0.005173,-2.123,-1.033,-0.3184,-11.766,0.7144,-1.237,-1.0,-1.0,1.1045,1.173,-0.6807,0.0,0.197,1.947,1.0625,1.288,-1.408,-0.4695,0.4287,-2.514,0.7114,-0.0681,-0.095,-0.1224,0.2206,0.7744,0.749,0.0,0.0,0.773,0.0,0.595,-0.874,0.0,0.0,0.0,0.0,-8.15,-1.0,-1.0,0.0,1.829,-1.878,0.0,4.0,0.5,-0.5,0.0,1.0,-3.82,-5.477
0.75,0.753,0.747,2.701,-2.545,-0.2336,-2.498,0.3184,-2.36,-1.324,-0.3962,0.619,0.5713,-1.247,-1.0,-1.0,1.498,1.532,-0.8633,0.0,0.1995,2.287,1.123,1.156,-2.04,-0.5483,0.11566,-2.248,1.331,-2.514,-0.1766,0.2725,-0.1373,0.746,0.747,0.0,0.0,0.7666,0.0,0.5024,-1.23,0.0,1.0,0.0,0.0,-8.15,-2.0,-1.0,-0.5,2.75,-2.195,0.0,5.0,0.5,0.0,0.0,0.0,0.0,-5.477
0.7363,0.7407,0.732,2.701,-2.545,-0.586,-2.537,0.3196,-2.36,-1.325,-0.4836,0.0893,0.4285,-1.258,-1.0,-1.0,1.498,1.532,-0.869,0.0,0.202,0.01329,1.4,1.094,-1.806,-0.599,-1.369,-0.07684,1.795,-2.248,-0.0681,-0.0949,0.7437,0.7183,0.7446,0.0,0.0,0.76,0.0,0.4988,-1.399,0.0,1.0,0.0,0.0,-0.3743,-2.0,-1.5,-1.0,2.562,-2.195,0.0,5.617,0.5,0.5,0.0,0.0,0.0,-0.2455
0.7227,0.7285,0.718,2.701,-2.518,-0.586,-2.773,0.319,-2.36,-1.374,-0.593,0.14,0.2856,-1.268,-1.0,-1.0,1.563,1.602,-0.9053,0.0,0.2046,-0.1425,1.794,1.126,-1.8,-0.6396,-1.983,-0.462,2.209,-0.07684,-2.514,-0.1766,-0.136,0.6875,0.7417,0.0,0.0,0.753,0.0,0.4802,-1.715,0.0,1.0,0.0,0.0,-1.924,-2.0,-1.5,-1.5,2.568,-2.195,0.0,5.617,0.5,1.0,0.0,0.0,0.0,-1.264
0.709,0.716,0.7026,2.701,-2.545,-0.586,-3.133,0.3787,-2.36,-1.453,-0.718,0.1708,0.1428,-1.277,-1.0,-1.0,1.673,1.708,-0.959,0.0,0.207,-0.465,2.215,1.243,-1.955,-0.67,-2.957,-0.698,2.615,-0.462,-2.248,-0.0681,0.1636,0.655,0.738,0.0,0.0,0.743,0.0,0.4526,-1.719,0.0,1.0,0.0,0.0,-2.21,-2.0,-1.5,-2.0,2.701,-2.195,0.0,5.617,0.5,1.5,0.0,0.0,0.0,-1.464
0.6978,0.7056,0.691,2.322,-2.04,-0.586,-3.133,0.4023,-2.36,-1.363,-0.83,-0.05435,0.0,-1.287,-1.0,-1.0,1.557,1.578,-0.911,0.0,0.2096,-0.1198,2.629,1.423,-1.512,-0.6987,-3.701,0.628,2.889,-0.698,-0.07684,-2.514,-0.1224,0.6245,0.735,0.0,0.0,0.735,0.0,0.4768,-1.622,0.0,1.0,0.0,0.0,2.324,-1.0,-1.5,-1.5,2.18,-2.023,1.0,0.0,0.5,1.5,0.0,0.0,0.0,1.557
0.686,0.694,0.6787,2.533,-2.236,-0.586,-3.133,0.4285,-2.36,-1.458,-0.9683,0.1892,-0.1428,-1.297,-1.0,-1.0,1.684,1.709,-0.9746,0.0,0.2122,0.0257,2.998,1.638,-1.756,-0.7236,-4.81,-0.823,3.186,0.628,-0.4617,-2.248,0.2725,0.5923,0.731,0.0,0.0,0.726,0.0,0.4443,-1.719,0.0,1.0,0.0,1.0,-2.125,-1.0,-1.5,-2.0,2.412,-2.182,0.0,1.0,0.5,1.5,0.0,0.0,0.0,-1.408
0.6753,0.6836,0.6675,2.32,-2.01,-0.586,-3.133,0.4617,-2.225,-1.444,-1.104,0.01315,-0.2856,-1.307,-1.0,-1.0,1.668,1.687,-0.9736,0.0,0.2146,0.0465,3.32,1.876,-1.583,-0.7534,-5.035,0.01575,3.428,-0.823,-0.6978,-0.07684,-0.0949,0.5786,0.7275,0.0,0.0,0.7173,0.0,0.4448,-1.719,0.0,1.0,0.0,1.0,0.0392,0.0,-1.5,-1.5,2.2,-1.972,1.0,0.0,0.5,1.5,0.0,0.0,0.0,0.02635
0.666,0.674,0.6587,2.03,-1.739,-0.586,-3.133,0.3506,-1.856,-1.408,-1.239,-0.04874,-0.4285,-1.316,-1.0,-1.0,1.611,1.646,-0.959,0.0,0.2172,-0.3384,3.57,2.133,-1.31,-0.786,-5.035,0.189,3.598,0.01575,0.628,-0.4617,-0.1765,0.574,0.7227,0.0,0.0,0.708,0.0,0.452,-1.719,0.0,1.0,0.0,1.0,0.4736,1.0,-1.0,-1.5,1.94,-1.688,2.0,0.0,0.5,1.5,0.0,0.0,0.0,0.3184
0.657,0.664,0.651,1.919,-1.653,-0.586,-3.133,0.292,-1.633,-1.415,-1.375,0.002615,-0.5713,-1.327,-1.0,-1.0,1.615,1.662,-0.9697,0.0,0.2197,-0.611,3.713,2.383,-1.235,-0.811,-5.035,-0.1412,3.707,0.189,-0.823,-0.6978,-0.0681,0.5693,0.7183,0.0,0.0,0.6978,0.0,0.4463,-1.719,0.0,1.0,0.0,1.0,-0.3352,1.0,-1.0,-1.5,1.843,-1.599,0.0,1.0,0.5,1.5,0.0,0.0,0.0,-0.2246
0.6494,0.656,0.6436,1.761,-1.517,-1.029,-3.133,0.3303,-1.336,-1.406,-1.516,-0.07184,-0.7144,-1.337,-1.0,-1.0,1.605,1.645,-0.971,0.0,0.2222,-0.06015,3.725,2.61,-1.122,-0.832,-2.88,-0.01573,3.756,-0.1412,0.01575,0.6274,-2.514,0.5664,0.713,0.0,0.0,0.6865,0.0,0.4456,-1.719,0.0,1.0,0.0,1.0,-0.03653,0.0,-1.0,-2.0,1.701,-1.455,0.0,2.0,0.5,1.5,0.0,0.0,0.0,-0.02454
0.6406,0.646,0.6357,1.898,-1.69,-1.029,-3.133,0.3933,-1.307,-1.474,-1.665,0.1169,-0.857,-1.347,-1.0,-1.0,1.703,1.736,-1.02,0.0,0.2247,-0.174,3.549,2.807,-1.31,-0.8506,-0.966,-0.6294,3.803,-0.01573,0.189,-0.8228,-2.248,0.5635,0.707,0.0,0.0,0.6753,0.0,0.421,-1.719,0.0,1.0,0.0,1.0,-1.313,0.0,-1.0,-2.0,1.874,-1.581,0.0,3.0,0.5,1.5,0.0,0.0,0.0,-0.882
0.6353,0.639,0.632,1.237,-1.088,-0.8784,-3.133,0.4124,-0.5234,-1.332,-1.795,-0.578,-1.0,-1.356,-1.0,-1.0,1.517,1.533,-0.941,0.0,0.2273,0.2673,3.139,2.96,-0.744,-0.865,-1.086,1.034,3.693,-0.6294,-0.1412,0.01575,-0.07684,0.562,0.7017,0.0,0.0,0.664,0.0,0.4604,-1.719,0.0,1.0,0.0,0.0,2.326,0.0,-0.5,-1.5,1.328,-0.903,1.0,0.0,0.5,1.5,0.0,0.0,0.0,1.578
0.6284,0.629,0.628,1.472,-1.449,-0.8784,-3.133,0.531,-0.607,-1.43,-1.937,0.3667,-1.143,-1.366,-1.0,-1.0,1.655,1.659,-1.006,0.0,0.2299,0.1638,2.365,3.066,-1.041,-0.883,-0.726,-0.844,3.578,1.034,-0.01573,0.1888,-0.4617,0.5605,0.696,0.0,0.0,0.652,0.0,0.4275,-1.719,0.0,1.0,0.0,0.0,-1.587,-1.0,-0.5,-1.5,1.374,-1.451,0.0,1.0,0.5,1.5,0.0,0.0,0.0,-1.059
0.622,0.6216,0.6235,1.29,-1.325,-0.8784,-3.133,-0.0851,-0.432,-1.41,-1.985,-0.2472,-1.143,-1.376,-1.0,-1.0,1.574,1.69,-1.001,0.0,0.2323,-0.1364,2.145,3.178,-0.6016,-0.952,-0.178,0.0634,3.377,-0.844,-0.6294,-0.1412,-0.6978,0.5596,0.689,0.0,0.0,0.6396,0.0,0.4297,-1.312,0.0,1.0,0.0,0.0,0.149,0.0,0.0,-1.0,1.109,-1.431,1.0,0.0,0.5,1.5,0.0,0.0,0.0,0.1009
0.6147,0.614,0.616,1.555,-1.597,-0.8784,-3.133,-0.2472,-0.735,-1.501,-2.006,1.191,-1.143,-1.386,-1.0,-1.0,1.682,1.837,-1.0625,0.0,0.2349,0.2705,2.078,3.227,-0.828,-0.9785,-0.8296,-0.808,3.146,0.0634,1.033,-0.01573,0.6274,0.5547,0.682,0.0,0.0,0.6265,0.0,0.3984,-1.047,0.0,1.0,0.0,0.0,-1.474,0.0,-0.5,-1.0,1.4,-1.654,0.0,1.0,0.5,1.5,0.0,0.0,0.0,-0.9966
0.6094,0.6084,0.611,1.152,-1.195,-0.8784,-3.133,-0.2947,-0.389,-1.417,-2.016,-0.4692,-1.143,-1.396,-1.0,-1.0,1.564,1.72,-1.02,0.0,0.2374,-0.7944,2.033,3.193,-0.47,-0.992,-0.2244,0.578,2.756,-0.808,-0.844,-0.6294,-0.8228,0.5522,0.676,0.0,0.0,0.614,0.0,0.4202,-0.7744,0.0,0.0,0.0,0.0,0.9883,1.0,0.0,-0.5,1.031,-1.249,1.0,0.0,0.5,1.5,0.0,0.0,0.0,0.6772
0.6035,0.6025,0.605,1.224,-1.27,-0.8784,-3.133,-0.3147,-0.5024,-1.452,-2.021,0.5977,-1.143,-1.406,-1.0,-1.0,1.609,1.772,-1.047,0.0,0.2399,-0.403,1.981,3.043,-0.579,-1.003,-0.2947,-0.3657,2.252,0.578,0.0634,1.033,0.01575,0.549,0.669,0.0,0.0,0.6006,0.0,0.4062,-0.7485,0.0,0.0,0.0,0.0,-0.576,0.0,-0.5,-0.5,1.082,-1.339,0.0,1.0,0.5,1.5,0.0,0.0,0.0,-0.391
0.6006,0.5996,0.602,0.681,-0.72,-0.8784,-3.133,-0.3137,-0.02325,-1.317,-2.002,-1.214,-1.0,-1.416,0.0,-1.0,1.432,1.582,-0.9736,0.0,0.2424,-0.0806,1.888,2.76,-0.0899,-1.007,-0.566,0.976,1.534,-0.3657,-0.8076,-0.8438,0.1888,0.551,0.6626,0.0,0.0,0.5894,0.0,0.443,-0.1974,0.0,0.0,0.0,0.0,1.861,1.0,-0.5,0.0,0.5894,-0.7773,1.0,0.0,0.5,1.5,0.0,0.0,0.0,1.2705
0.6006,0.5996,0.602,0.1448,-0.1738,-0.334,-3.133,-0.315,0.509,-1.164,-1.975,6.496,-0.857,-1.426,0.0,-1.0,1.237,1.374,-0.8896,0.0,0.245,0.10284,1.749,2.285,0.4417,-1.007,-0.4492,1.103,0.3127,0.976,0.578,0.0634,-0.1412,0.553,0.6562,0.0,0.0,0.579,0.0,0.4854,-0.05322,0.0,0.0,0.0,0.0,3.973,1.0,0.0,0.0,0.09705,-0.225,2.0,0.0,0.5,1.5,0.0,0.0,0.0,2.668
0.6016,0.6006,0.6025,0.005573,-0.026,-0.1648,-3.133,-0.394,0.6196,-1.11,-1.928,0.3372,-0.7144,-1.436,0.0,-1.0,1.164,1.311,-0.8643,0.0,0.2474,-0.5884,1.55,2.018,0.5493,-0.998,-0.3337,0.3247,-0.02193,1.103,-0.3657,-0.8076,-0.01572,0.56,0.6504,0.0,0.0,0.576,0.0,0.498,0.324,0.0,0.0,0.0,0.0,0.919,2.0,0.5,0.5,-0.02132,-0.0652,3.0,0.0,0.5,1.5,0.0,0.0,0.0,0.606
0.6035,0.603,0.6045,-0.2498,0.243,0.1638,-3.133,-0.4458,0.8613,-1.017,-1.871,0.504,-0.5713,-1.445,0.0,-1.0,1.045,1.193,-0.815,0.0,0.25,-0.4536,1.319,1.803,0.789,-0.987,0.399,0.6304,0.04422,0.3247,0.976,0.578,-0.6294,0.5684,0.645,0.0,0.0,0.5767,0.0,0.523,0.4705,0.0,0.0,0.0,0.0,1.778,2.0,1.0,0.5,-0.2441,0.2194,4.0,0.0,0.5,1.5,0.0,0.0,0.0,1.167
0.607,0.607,0.6074,-0.422,0.4302,0.4255,-3.133,-0.457,1.028,-0.9395,-1.81,0.3306,-0.4285,-1.455,0.0,-1.0,0.9526,1.097,-0.7754,0.0,0.2524,-0.3604,1.085,1.595,0.921,-0.9683,-0.3203,0.502,0.1729,0.6304,1.102,-0.3657,1.033,0.582,0.639,0.0,0.0,0.5786,0.0,0.5425,0.538,0.0,0.0,0.0,0.0,1.843,3.0,1.0,0.5,-0.3943,0.417,5.0,0.0,0.5,1.5,0.0,0.0,0.0,1.197
0.6094,0.6094,0.61,-0.278,0.2915,0.4255,-3.133,-0.4626,0.8438,-0.956,-1.749,-0.03406,-0.2856,-1.466,0.0,-1.0,0.971,1.118,-0.791,0.0,0.2551,-0.7847,0.849,1.391,0.7383,-0.9546,0.6953,-0.1962,0.2793,0.502,0.3247,0.9756,-0.8438,0.5923,0.634,0.0,0.0,0.58,0.0,0.5347,0.515,0.0,0.0,0.0,0.0,-0.5283,2.0,1.0,0.5,-0.253,0.2869,0.0,1.0,0.5,1.5,0.0,0.0,0.0,-0.34
0.612,0.612,0.6123,-0.2546,0.2703,0.4255,0.7896,-0.5293,0.7803,-0.9395,-1.687,0.0705,-0.1428,-1.476,0.0,-1.0,0.946,1.104,-0.7876,0.0,0.2576,-0.846,0.623,1.182,0.661,-0.939,0.904,0.0454,0.3787,-0.1962,0.6304,1.102,0.0634,0.6045,0.628,0.0,0.0,0.583,0.0,0.536,0.5303,0.0,0.0,0.0,0.0,0.1345,2.0,1.0,1.0,-0.262,0.2322,1.0,0.0,0.5,1.5,0.0,0.0,0.0,0.0869
0.6123,0.613,0.613,0.01746,-0.00564,0.4255,0.7896,-0.529,0.4246,-1.0,-1.621,-0.2927,0.0,-1.485,0.0,-1.0,1.018,1.181,-0.8296,0.0,0.26,-0.3687,0.4243,0.9736,0.32,-0.9263,1.935,-0.5293,0.421,0.0454,0.502,0.3245,-0.8076,0.6113,0.6216,0.0,0.0,0.5845,0.0,0.5146,0.5586,0.0,0.0,0.0,0.0,-1.334,1.0,1.0,1.0,-0.0294,-0.0657,0.0,1.0,0.5,1.5,0.0,0.0,0.0,-0.8613
0.6133,0.6133,0.614,0.03653,-0.02806,0.4255,0.7896,-0.616,0.366,-0.992,-1.576,0.02399,0.1428,-1.495,0.0,-1.0,1.0,1.179,-0.8306,0.0,0.2627,-0.759,0.2568,0.7666,0.259,-0.918,1.686,-0.01527,0.4512,-0.5293,-0.1962,0.6304,0.5776,0.614,0.615,0.0,0.0,0.587,0.0,0.5137,0.3262,0.0,0.0,0.0,0.0,-0.0322,0.0,0.5,0.5,-0.0525,-0.1324,0.0,2.0,0.5,1.5,0.0,0.0,0.0,-0.02097
0.613,0.613,0.614,0.2078,-0.207,0.4255,0.7554,-0.679,0.1165,-1.032,-1.524,-0.4258,0.2856,-1.505,0.0,-1.0,1.043,1.235,-0.8594,0.0,0.2651,-0.6924,0.163,0.5806,0.02663,-0.909,2.266,-0.3665,0.4573,-0.01527,0.0454,0.502,-0.3657,0.6143,0.6084,0.0,0.0,0.589,0.0,0.499,0.5215,0.0,0.0,0.0,0.0,-0.861,-1.0,0.5,0.5,0.1272,-0.2888,0.0,3.0,0.5,1.5,0.0,0.0,0.0,-0.561
0.613,0.6123,0.6133,0.2144,-0.2184,0.4255,0.7393,-0.7153,0.0381,-1.028,-1.478,-0.2285,0.4285,-1.515,0.0,-1.0,1.035,1.234,-0.862,0.0,0.2676,-0.589,0.2664,0.4343,-0.0444,-0.9,1.585,-0.03073,0.463,-0.3665,-0.5293,-0.196,0.9756,0.612,0.602,0.0,0.0,0.5903,0.0,0.4976,0.4922,0.0,0.0,0.0,0.0,-0.0642,-1.0,0.0,0.0,0.0963,-0.3406,0.0,4.0,0.5,1.5,0.0,0.0,0.0,-0.04208
0.6123,0.612,0.6133,0.2296,-0.247,0.4255,0.7075,-0.8154,-0.08057,-1.032,-1.424,-0.7065,0.5713,-1.515,0.0,-1.0,1.03,1.249,-0.8667,0.0,0.2703,-0.795,0.3733,0.3247,-0.1405,-0.889,0.676,-0.0615,0.4587,-0.03073,-0.01527,0.0454,1.102,0.608,0.595,0.0,0.0,0.592,0.0,0.495,0.8604,1.0,0.0,0.0,0.0,-0.142,-2.0,-0.5,0.0,0.09106,-0.3904,0.0,5.0,0.5,1.5,0.0,0.0,0.0,-0.0931
0.61,0.6094,0.6113,0.544,-0.5693,0.4255,0.3362,-0.782,-0.4783,-1.124,-1.393,-12.484,0.5713,-1.515,-1.0,-1.0,1.1455,1.366,-0.923,0.0,0.2727,-0.4517,0.4407,0.2489,-0.521,-0.884,0.39,-0.723,0.445,-0.0615,-0.3665,-0.5293,0.3245,0.6016,0.593,0.0,0.0,0.593,0.0,0.4663,0.3381,0.0,0.0,0.0,0.0,-1.31,-2.0,-1.0,-0.5,0.408,-0.6855,0.0,5.617,0.5,1.5,0.0,1.0,-1.74,-0.86
0.606,0.6055,0.6074,0.8857,-0.92,0.4255,-0.0959,-0.723,-0.9116,-1.2295,-1.368,1.451,0.5713,-1.515,-1.0,-1.0,1.283,1.501,-0.988,0.0,0.2751,0.0512,0.4495,0.2029,-0.9287,-0.8833,-0.2979,-0.841,0.4219,-0.723,-0.03072,-0.01526,0.6304,0.5923,0.5913,0.0,0.0,0.5933,0.0,0.4333,0.1317,0.0,0.0,0.0,0.0,-2.102,-2.0,-1.5,-0.5,0.726,-1.035,0.0,5.617,0.5,1.5,0.0,0.0,0.0,-1.396
0.6016,0.601,0.603,0.96,-0.993,0.4255,-0.258,-0.7637,-1.046,-1.264,-1.361,0.3276,0.4285,-1.515,-1.0,-1.0,1.322,1.551,-1.012,0.0,0.2778,-0.475,0.4011,0.176,-1.065,-0.8853,-1.008,-0.316,0.459,-0.841,-0.06146,-0.3662,0.502,0.584,0.59,0.0,0.0,0.5923,0.0,0.421,-0.3328,0.0,0.0,0.0,0.0,-0.676,-2.0,-1.5,-1.0,0.754,-1.152,0.0,5.617,0.5,1.5,0.0,0.0,0.0,-0.4556
0.5967,0.596,0.598,1.053,-1.08,0.4255,-0.4458,-0.8174,-1.154,-1.303,-1.379,0.271,0.2856,-1.515,-1.0,-1.0,1.368,1.61,-1.039,0.0,0.2803,-0.426,0.2998,0.1699,-1.22,-0.888,-1.108,-0.3652,0.487,-0.316,-0.723,-0.03072,-0.196,0.574,0.5884,0.0,0.0,0.5913,0.0,0.4067,-1.013,0.0,0.0,0.0,0.0,-0.624,-2.0,-1.5,-1.5,0.8403,-1.239,0.0,5.617,0.5,2.0,0.0,0.0,0.0,-0.4229
0.593,0.5923,0.5938,0.9194,-0.938,0.4255,-0.4458,-0.7715,-1.028,-1.281,-1.402,0.01034,0.1428,-1.515,-1.0,-1.0,1.344,1.576,-1.031,0.0,0.2827,-0.02036,0.1571,0.1865,-1.095,-0.9004,-1.463,0.1118,0.51,-0.3652,-0.841,-0.06146,0.0454,0.5664,0.5874,0.0,0.0,0.591,0.0,0.411,-1.155,0.0,1.0,0.0,0.0,0.2527,-1.0,-1.5,-1.5,0.6846,-1.133,1.0,0.0,0.5,2.0,0.0,0.0,0.0,0.1722
0.589,0.5884,0.59,0.9277,-0.9434,0.4255,-0.4458,-0.797,-1.012,-1.298,-1.442,0.12274,0.0,-1.515,-1.0,-1.0,1.364,1.602,-1.044,0.0,0.2854,-0.6616,-0.001666,0.1763,-1.084,-0.9165,-1.243,-0.1754,0.4915,0.1118,-0.316,-0.7227,-0.5293,0.5576,0.586,0.0,0.0,0.5913,0.0,0.404,-1.687,0.0,1.0,0.0,0.0,-0.3828,-1.0,-1.5,-2.0,0.673,-1.159,0.0,1.0,0.5,2.0,0.0,0.0,0.0,-0.2605
0.5864,0.586,0.5874,0.595,-0.608,0.4255,-0.4458,-0.78,-0.637,-1.218,-1.481,-0.3147,-0.1428,-1.515,-1.0,-1.0,1.263,1.49,-1.001,0.0,0.2878,-0.7544,-0.104,0.1439,-0.7114,-0.9336,-1.496,0.5757,0.4783,-0.1754,-0.3652,-0.841,-0.01526,0.5513,0.586,0.0,0.0,0.592,0.0,0.4258,-1.646,0.0,1.0,0.0,0.0,0.9756,0.0,-1.5,-2.0,0.3816,-0.8047,1.0,0.0,0.5,2.0,1.0,0.0,1.396,0.6655
0.584,0.584,0.585,0.5664,-0.581,0.4255,-0.4458,-0.751,-0.5576,-1.216,-1.518,-0.02455,-0.2856,-1.515,-1.0,-1.0,1.263,1.485,-1.004,0.0,0.2903,-0.4128,-0.12476,0.09357,-0.6353,-0.9487,-1.35,-0.03168,0.4407,0.5757,0.1118,-0.316,-0.3662,0.548,0.5854,0.0,0.0,0.5923,0.0,0.4246,-1.616,0.0,1.0,0.0,0.0,-0.06216,0.0,-1.5,-2.0,0.355,-0.7773,0.0,1.0,0.5,2.0,0.0,0.0,0.0,-0.04202
0.586,0.5854,0.587,-0.1708,0.1656,0.4255,-0.4458,-0.6284,0.2595,-1.002,-1.53,-1.883,-0.2856,-1.515,0.0,-1.0,1.012,1.192,-0.8823,0.0,0.293,0.9106,-0.0529,0.03708,0.2059,-0.9614,-1.499,1.601,0.426,-0.03168,-0.1754,-0.365,-0.03072,0.5527,0.5864,0.0,0.0,0.5938,0.0,0.4858,-0.621,0.0,0.0,0.0,0.0,3.86,1.0,-1.0,-2.0,-0.2827,0.02019,1.0,0.0,0.5,2.0,0.0,0.0,0.0,2.61
0.591,0.591,0.592,-0.723,0.731,0.4255,-0.4458,-0.593,0.9165,-0.814,-1.51,2.066,-0.2856,-1.515,0.0,-1.0,0.7944,0.9536,-0.7754,0.0,0.2954,-0.1371,0.02048,-0.02731,0.869,-0.96,-1.465,1.374,0.486,1.601,0.5757,0.1118,-0.06146,0.5635,0.5884,0.0,0.0,0.5957,0.0,0.5396,0.1027,0.0,0.0,0.0,0.0,3.365,1.0,-0.5,-1.5,-0.7354,0.651,2.0,0.0,0.5,2.0,1.0,0.0,4.234,2.217
0.589,0.589,0.5894,0.527,-0.525,0.4255,-0.4458,-0.2651,-0.333,-1.165,-1.534,-1.186,-0.4285,-1.515,-1.0,-1.0,1.243,1.37,-0.982,0.0,0.298,-0.0569,0.11334,-0.072,-0.3723,-0.9697,-0.647,-2.514,0.5044,1.374,-0.03168,-0.1754,-0.7227,0.5664,0.5884,0.0,0.0,0.5938,0.0,0.4348,-0.6157,0.0,0.0,0.0,0.0,-8.15,1.0,-0.5,-1.5,0.5596,-0.4595,0.0,1.0,0.5,2.0,0.0,1.0,-3.82,-5.477
0.5835,0.584,0.584,1.192,-1.187,0.4255,-0.888,-0.0665,-0.965,-1.358,-1.576,3.324,-0.5713,-1.515,-1.0,-1.0,1.508,1.616,-1.097,0.0,0.3005,0.349,0.2411,-0.0674,-0.983,-0.9893,0.0887,-1.515,0.593,-2.514,1.601,0.5757,-0.8403,0.563,0.5874,0.0,0.0,0.5894,0.0,0.3762,-0.8076,0.0,0.0,0.0,0.0,-4.32,0.0,-0.5,-1.5,1.265,-1.026,0.0,2.0,0.5,2.0,0.0,1.0,-3.82,-2.908
0.581,0.581,0.581,0.65,-0.64,0.1332,-0.888,-0.05624,-0.421,-1.227,-1.603,-0.559,-0.7144,-1.515,-1.0,-1.0,1.338,1.433,-1.023,0.0,0.303,-0.3225,0.3555,-0.01662,-0.4502,-1.001,0.252,0.9873,0.5483,-1.515,1.374,-0.03168,-0.3157,0.564,0.5864,0.0,0.0,0.585,0.0,0.4133,-0.557,0.0,0.0,0.0,0.0,1.797,1.0,0.0,-1.0,0.7993,-0.4373,1.0,0.0,0.0,2.0,0.0,0.0,0.0,1.241
0.5825,0.583,0.5825,-0.0979,0.1191,0.1332,-0.888,0.05597,0.3765,-1.012,-1.602,-2.717,-0.7144,-1.515,0.0,-1.0,1.085,1.14,-0.903,0.0,0.3057,0.2324,0.4236,0.0481,0.3518,-1.006,0.5815,1.608,0.4773,0.9873,-2.514,1.601,-0.365,0.569,0.5874,0.0,0.0,0.583,0.0,0.4746,-0.2197,0.0,0.0,0.0,0.0,2.97,1.0,0.5,-0.5,0.1315,0.3506,2.0,0.0,0.0,2.0,1.0,0.0,4.074,2.018
0.5864,0.587,0.5864,-0.56,0.597,0.5337,-0.888,0.0352,0.897,-0.854,-1.568,1.304,-0.5713,-1.515,0.0,-1.0,0.8965,0.943,-0.814,0.0,0.308,0.0782,0.4224,0.09924,0.8745,-0.999,0.6475,1.147,0.45,1.608,-1.514,1.373,0.11176,0.5776,0.59,0.0,0.0,0.583,0.0,0.5195,0.10394,0.0,0.0,0.0,0.0,2.713,1.0,0.5,0.0,-0.2986,0.8276,3.0,0.0,0.0,2.0,0.0,0.0,0.0,1.794
0.5913,0.592,0.591,-0.6353,0.683,0.716,-0.888,-0.003925,0.978,-0.802,-1.514,0.2313,-0.4285,-1.515,0.0,-1.0,0.8335,0.8823,-0.786,0.0,0.3105,-0.3171,0.3647,0.1324,0.9976,-0.9907,1.083,0.3499,0.492,1.147,0.9873,-2.514,-0.1753,0.582,0.593,0.0,0.0,0.5835,0.0,0.533,0.3252,0.0,0.0,0.0,0.0,0.558,2.0,1.0,0.5,-0.3743,0.907,4.0,0.0,0.0,2.0,0.0,0.0,0.0,0.3623
0.5947,0.5957,0.594,-0.49,0.5415,0.716,-0.888,-0.017,0.8003,-0.818,-1.456,-0.03546,-0.2856,-1.515,0.0,-1.0,0.8506,0.9033,-0.7983,0.0,0.3132,-0.7227,0.2556,0.143,0.824,-0.9756,0.866,-0.1512,0.5205,0.3499,1.607,-1.514,0.5757,0.581,0.595,0.0,0.0,0.584,0.0,0.527,0.359,0.0,0.0,0.0,0.0,-0.3525,2.0,0.5,0.5,-0.2505,0.7534,0.0,1.0,0.0,2.0,0.0,0.0,0.0,-0.2275
0.6035,0.6055,0.602,-1.288,1.382,0.716,-0.888,0.1186,1.669,-0.526,-1.358,1.184,-0.1428,-1.515,0.0,-1.0,0.5405,0.546,-0.6313,0.0,0.3157,1.775,0.1176,0.133,1.696,-0.9478,1.149,2.107,0.7954,-0.1512,1.147,0.987,-0.03168,0.597,0.5996,0.0,0.0,0.588,0.0,0.6113,0.6914,0.0,0.0,0.0,0.0,6.438,2.0,1.0,1.0,-0.9272,1.664,1.0,0.0,0.0,2.0,0.0,0.0,0.0,4.168
0.6133,0.6157,0.6113,-1.456,1.576,0.716,-0.888,0.1103,1.849,-0.4138,-1.25,0.2534,0.0,-1.505,0.0,0.0,0.4214,0.4202,-0.568,0.0,0.318,0.0615,0.1273,0.135,1.772,-0.898,0.1007,0.7764,1.119,2.107,0.3499,1.607,1.6,0.6216,0.604,0.0,0.0,0.593,0.0,0.643,0.759,0.0,0.0,0.0,0.0,3.283,2.0,1.0,1.0,-1.071,1.871,2.0,0.0,0.0,2.0,0.0,0.0,0.0,2.053
0.624,0.6274,0.621,-1.599,1.749,0.716,-0.888,0.1775,1.907,-0.3027,-1.126,0.2214,0.1428,-1.495,0.0,0.0,0.3137,0.292,-0.504,0.0,0.3208,-0.0727,0.3381,0.1763,1.872,-0.859,-0.8403,0.766,1.477,0.7764,-0.1512,1.146,1.373,0.646,0.6084,0.0,0.0,0.5986,0.0,0.6753,0.864,1.0,0.0,0.0,0.0,2.062,2.0,1.0,1.5,-1.214,2.033,3.0,0.0,0.0,2.0,0.0,0.0,0.0,1.272
0.635,0.6387,0.6313,-1.554,1.717,0.716,-0.888,0.1213,1.907,-0.255,-1.007,0.1024,0.2856,-1.485,0.0,0.0,0.2605,0.2456,-0.4766,0.0,0.3232,-0.844,0.637,0.262,1.872,-0.8296,2.074,0.3284,1.794,0.766,2.107,0.3499,-2.514,0.6655,0.613,0.0,0.0,0.606,0.0,0.689,0.8477,1.0,0.0,0.0,0.0,0.732,2.0,1.5,1.5,-1.167,2.008,4.0,0.0,0.0,2.0,0.0,0.0,0.0,0.4458
0.6455,0.65,0.642,-1.582,1.759,0.9155,-0.888,0.11206,1.902,-0.1825,-0.878,0.1382,0.4285,-1.476,0.0,0.0,0.1877,0.1697,-0.4346,0.0,0.3257,-0.4702,0.9697,0.398,1.872,-0.799,4.145,0.4968,2.074,0.3284,0.7764,-0.1512,-1.514,0.683,0.6167,0.0,0.0,0.6147,0.0,0.71,0.8965,1.0,0.0,0.0,0.0,1.018,3.0,1.5,2.0,-1.253,1.982,5.0,0.0,0.0,2.0,0.0,0.0,0.0,0.616
0.654,0.658,0.65,-1.112,1.286,0.9155,-0.888,0.0589,1.3545,-0.2878,-0.792,-0.1549,0.4285,-1.466,0.0,0.0,0.2878,0.287,-0.4946,0.0,0.3284,-0.152,1.288,0.569,1.427,-0.772,4.06,-0.704,2.201,0.4968,0.766,2.107,0.987,0.697,0.6196,0.0,0.0,0.6235,0.0,0.6797,0.604,0.0,0.0,0.0,0.0,-1.393,2.0,1.5,1.5,-0.8394,1.486,0.0,1.0,0.0,2.0,0.0,0.0,0.0,-0.8364
0.662,0.6665,0.658,-1.168,1.344,0.9155,-0.888,-0.0309,1.436,-0.2267,-0.726,0.2036,0.4285,-1.455,0.0,0.0,0.2188,0.2302,-0.4573,0.0,0.3308,-0.6753,1.577,0.7544,1.518,-0.7505,3.205,0.4417,2.297,-0.704,0.3284,0.776,1.607,0.7124,0.6235,0.0,0.0,0.633,0.0,0.698,0.5093,0.0,0.0,0.0,0.0,0.982,2.0,1.5,1.5,-1.001,1.424,1.0,0.0,0.0,2.0,0.0,0.0,0.0,0.597
0.669,0.673,0.666,-0.9404,1.086,0.9155,-0.888,-0.2301,1.077,-0.2668,-0.6167,-0.11096,0.5713,-1.445,0.0,0.0,0.2411,0.2922,-0.479,0.0,0.3333,-0.481,1.89,0.992,1.129,-0.7085,2.652,-0.2546,2.326,0.4417,0.4968,0.766,1.146,0.7197,0.627,0.0,0.0,0.642,0.0,0.687,1.09,1.0,0.0,0.0,0.0,-0.4868,1.0,1.0,1.5,-0.832,1.12,0.0,1.0,0.0,2.0,0.0,0.0,0.0,-0.294
0.6753,0.6777,0.6733,-0.8423,0.948,0.9155,-0.888,-0.354,0.795,-0.271,-0.48,-0.11633,0.7144,-1.436,0.0,0.0,0.234,0.3086,-0.4802,0.0,0.336,-0.634,2.205,1.279,0.8237,-0.6587,2.725,-0.014206,2.293,-0.2546,-0.704,0.3281,0.3496,0.7236,0.631,0.0,0.0,0.6514,0.0,0.6865,1.478,1.0,0.0,0.0,0.0,-0.02644,0.0,0.5,1.5,-0.768,0.953,0.0,2.0,0.0,2.0,0.0,0.0,0.0,-0.01604
0.68,0.6816,0.6787,-0.5806,0.654,0.9155,-0.888,-0.3665,0.3652,-0.3323,-0.3662,-0.3748,0.857,-1.426,0.0,0.0,0.2952,0.3762,-0.515,0.0,0.3384,-0.6855,2.453,1.561,0.42,-0.6255,3.258,-0.412,2.23,-0.014206,0.4417,0.4968,-0.1511,0.723,0.6343,0.0,0.0,0.659,0.0,0.6685,1.352,1.0,0.0,0.0,0.0,-0.863,-1.0,0.5,1.0,-0.562,0.6187,0.0,3.0,0.0,2.0,0.0,0.0,0.0,-0.523
0.6875,0.6885,0.6865,-1.029,1.089,0.9155,-0.888,-0.4111,0.758,-0.157,-0.2573,1.038,0.857,-1.416,0.0,0.0,0.1159,0.193,-0.4128,0.0,0.3408,0.1105,2.64,1.837,0.7993,-0.588,1.528,1.216,2.197,-0.412,-0.2546,-0.7036,2.107,0.726,0.639,0.0,0.0,0.669,0.0,0.72,1.332,1.0,0.0,0.0,0.0,4.09,0.0,0.5,1.0,-0.9697,1.0625,1.0,0.0,0.0,2.0,1.0,0.0,2.523,2.496
0.6953,0.6963,0.6953,-1.147,1.199,0.9155,-0.888,-0.4207,0.839,-0.07776,-0.1587,0.2452,0.857,-1.406,0.0,0.0,0.0381,0.1116,-0.366,0.0,0.3435,-0.2961,2.781,2.102,0.849,-0.55,1.007,0.547,2.26,1.216,-0.0142,0.4417,0.776,0.729,0.6445,0.0,0.0,0.6772,0.0,0.7437,1.285,1.0,0.0,0.0,0.0,1.57,0.0,0.5,1.0,-1.068,1.187,2.0,0.0,0.0,2.0,0.0,0.0,0.0,0.94
0.703,0.7036,0.703,-1.1045,1.142,0.9155,-0.888,-0.442,0.7427,-0.0543,-0.066,0.03226,0.857,-1.396,0.0,0.0,0.01365,0.08954,-0.3503,0.0,0.346,-0.5977,2.828,2.338,0.7925,-0.5244,0.4648,0.1807,2.361,0.547,-0.4119,-0.2544,0.766,0.736,0.6504,0.0,0.0,0.6846,0.0,0.7515,1.271,1.0,0.0,0.0,0.0,0.4663,1.0,0.5,1.0,-1.0205,1.137,3.0,0.0,0.0,2.0,0.0,0.0,0.0,0.2766
0.711,0.711,0.712,-1.134,1.148,0.9155,-0.888,-0.4475,0.7065,-0.00746,0.03705,0.0969,0.857,-1.386,0.0,0.0,-0.0314,0.04236,-0.3215,0.0,0.3484,-0.7505,2.822,2.553,0.758,-0.4897,0.312,0.3325,2.28,0.1807,1.216,-0.0142,0.3281,0.742,0.6567,0.0,0.0,0.6953,0.0,0.7656,1.367,1.0,0.0,0.0,0.0,0.9727,2.0,0.5,1.5,-1.123,1.0625,4.0,0.0,0.0,2.0,0.0,0.0,0.0,0.5747
0.719,0.7188,0.72,-1.127,1.13,0.9155,0.8613,-0.679,0.6973,0.02933,0.108,0.1306,0.857,-1.376,0.0,0.0,-0.08685,0.02747,-0.2988,0.0,0.351,-0.9326,2.785,2.72,0.7095,-0.4585,-0.01915,0.2617,1.956,0.3325,0.547,-0.4119,0.4966,0.7505,0.664,0.0,0.0,0.7085,0.0,0.777,1.179,1.0,0.0,0.0,0.0,0.5786,3.0,0.5,1.5,-1.137,1.021,5.0,0.0,0.0,2.0,0.0,0.0,0.0,0.3403
0.7266,0.726,0.7275,-1.046,1.047,0.9155,0.8613,-0.6997,0.629,0.0419,0.1676,0.05038,0.857,-1.366,0.0,0.0,-0.10046,0.01677,-0.2905,0.0,0.3535,-0.2205,2.793,2.85,0.564,-0.4243,0.8994,0.096,1.628,0.2617,0.1805,1.216,-0.7036,0.7593,0.6724,0.0,0.0,0.72,0.0,0.781,1.078,1.0,0.0,0.0,0.0,0.3738,3.0,1.0,1.5,-1.094,0.903,5.734,0.0,0.5,2.0,0.0,0.0,0.0,0.2188
0.7363,0.736,0.737,-1.369,1.388,0.9155,0.8613,-0.6294,1.035,0.2006,0.2319,0.742,0.857,-1.356,0.0,0.0,-0.2404,-0.1462,-0.1968,0.0,0.356,0.79,2.82,2.94,0.8916,-0.389,0.6895,1.068,1.488,0.096,0.3325,0.547,0.4414,0.774,0.6816,0.0,0.0,0.732,0.0,0.828,1.135,1.0,0.0,0.0,0.0,5.016,3.0,1.0,1.5,-1.367,1.273,5.734,0.0,1.0,2.0,1.0,0.0,2.799,2.93
0.746,0.746,0.7466,-1.385,1.418,0.9155,0.8613,-0.568,1.106,0.2585,0.2964,0.2112,0.857,-1.347,0.0,0.0,-0.2869,-0.2079,-0.1608,0.0,0.3586,0.1098,2.812,2.982,0.9507,-0.3635,1.284,0.4036,1.433,1.068,0.2617,0.1805,-0.2544,0.7856,0.691,0.0,0.0,0.7427,0.0,0.8457,1.15,1.0,0.0,0.0,0.0,1.416,3.0,1.5,1.5,-1.384,1.29,5.734,0.0,1.5,2.0,0.0,0.0,0.0,0.813
0.757,0.758,0.757,-1.526,1.579,1.099,0.8613,-0.533,1.331,0.3655,0.3645,0.3445,0.857,-1.337,0.0,0.0,-0.3782,-0.3123,-0.09595,0.0,0.361,0.0914,2.773,2.979,1.174,-0.339,1.696,0.7217,1.411,0.4036,0.096,0.3323,-0.0142,0.7983,0.701,0.0,0.0,0.754,0.0,0.8784,1.188,1.0,0.0,0.0,0.0,2.307,3.0,1.5,1.5,-1.384,1.441,5.734,0.0,2.0,2.0,0.0,0.0,0.0,1.315
0.766,0.767,0.7656,-1.239,1.296,1.099,0.8613,-0.4846,1.025,0.3162,0.443,-0.089,0.857,-1.327,0.0,0.0,-0.3306,-0.2705,-0.1224,0.0,0.3635,0.2238,2.688,2.934,0.8975,-0.3162,2.61,-0.2905,1.225,0.7217,1.068,0.2617,-0.4119,0.809,0.711,0.0,0.0,0.765,0.0,0.8647,1.41,1.0,0.0,0.0,0.0,-0.801,2.0,1.5,1.5,-1.275,1.149,0.0,1.0,2.0,2.0,0.0,0.0,0.0,-0.4512
0.774,0.775,0.7734,-1.037,1.091,1.099,0.8613,-0.5107,0.811,0.2883,0.5107,-0.06305,0.857,-1.316,0.0,0.0,-0.3083,-0.2417,-0.1367,0.0,0.3662,-0.9326,2.52,2.855,0.718,-0.298,1.826,-0.1592,1.192,-0.2905,0.4036,0.09595,1.216,0.8174,0.7207,0.0,0.0,0.773,0.0,0.8574,1.255,1.0,0.0,0.0,0.0,-0.3284,1.0,1.5,1.0,-1.091,0.942,0.0,2.0,2.0,2.0,0.0,0.0,0.0,-0.1859
0.7803,0.7812,0.7803,-0.845,0.8916,1.099,0.8613,-0.5366,0.5835,0.2563,0.5796,-0.1266,0.857,-1.307,0.0,0.0,-0.282,-0.2087,-0.1536,0.0,0.3687,-0.88,2.338,2.783,0.541,-0.283,1.587,-0.1863,1.166,-0.1592,0.7217,1.067,0.5464,0.824,0.7285,0.0,0.0,0.78,0.0,0.8486,1.289,1.0,0.0,0.0,0.0,-0.324,0.0,1.0,1.0,-0.9,0.7554,0.0,3.0,2.0,2.0,0.0,0.0,0.0,-0.184
0.788,0.7886,0.7876,-1.003,1.048,1.099,0.8613,-0.5225,0.729,0.3455,0.659,0.3713,0.857,-1.297,0.0,0.0,-0.3599,-0.2944,-0.09955,0.0,0.371,-0.4766,2.188,2.707,0.74,-0.2651,1.657,0.6006,1.216,-0.1863,-0.2905,0.4036,0.1805,0.833,0.736,0.0,0.0,0.7866,0.0,0.876,1.375,1.0,0.0,0.0,0.0,1.037,0.0,1.0,1.5,-1.037,0.9224,1.0,0.0,2.0,2.0,0.0,0.0,0.0,0.591
0.794,0.794,0.794,-0.7627,0.7905,1.099,0.8613,-0.5083,0.4126,0.2925,0.7417,-0.2678,0.857,-1.287,0.0,0.0,-0.312,-0.246,-0.1284,0.0,0.3738,-0.4893,2.031,2.617,0.4634,-0.2433,1.61,-0.3171,1.226,0.6006,-0.1592,0.721,0.3323,0.8364,0.745,0.0,0.0,0.792,0.0,0.8613,1.415,1.0,0.0,0.0,0.0,-0.646,-1.0,0.5,1.5,-0.848,0.628,0.0,1.0,2.0,2.0,0.0,0.0,0.0,-0.3643
0.7993,0.7993,0.8003,-0.716,0.7275,1.099,0.8613,-0.658,0.3357,0.3032,0.805,-0.01724,0.857,-1.277,0.0,0.0,-0.3347,-0.2418,-0.12115,0.0,0.3762,-0.9326,1.896,2.52,0.3767,-0.22,1.567,0.0797,1.246,-0.3171,-0.1863,-0.2903,0.2617,0.838,0.756,0.0,0.0,0.7974,0.0,0.8647,1.273,1.0,0.0,0.0,0.0,0.1368,0.0,0.5,1.5,-0.821,0.548,1.0,0.0,2.0,2.0,0.0,0.0,0.0,0.0776
0.803,0.8027,0.8047,-0.4824,0.483,1.099,0.8735,-0.6753,0.0731,0.246,0.851,-0.4958,0.857,-1.268,0.0,0.0,-0.2854,-0.1855,-0.1536,0.0,0.379,-0.341,1.7705,2.396,0.11725,-0.2045,1.685,-0.3582,1.167,0.0797,0.6006,-0.1592,0.09595,0.8354,0.7656,0.0,0.0,0.8027,0.0,0.848,0.9233,1.0,0.0,0.0,0.0,-0.572,0.0,0.0,1.0,-0.589,0.3196,0.0,1.0,2.0,2.0,0.0,0.0,0.0,-0.3237
0.808,0.807,0.8096,-0.5635,0.5566,1.099,0.8735,-0.6924,0.142,0.294,0.8994,0.5444,0.857,-1.258,0.0,0.0,-0.3296,-0.2297,-0.12476,0.0,0.3813,-0.7397,1.615,2.238,0.1919,-0.1892,0.6865,0.3203,1.113,-0.3582,-0.3171,-0.1862,1.067,0.8354,0.774,0.0,0.0,0.8086,0.0,0.863,0.957,1.0,0.0,0.0,0.0,0.4856,1.0,0.0,1.0,-0.6616,0.3958,1.0,0.0,2.0,2.0,0.0,0.0,0.0,0.2766
0.812,0.811,0.814,-0.4937,0.478,1.099,0.8735,-0.663,0.0585,0.2908,0.942,-0.2133,0.857,-1.247,0.0,0.0,-0.324,-0.2294,-0.126,0.0,0.3838,-0.4539,1.473,2.084,0.10223,-0.1736,0.327,-0.013275,1.002,0.3203,0.0797,0.6,0.4033,0.836,0.7812,0.0,0.0,0.814,0.0,0.862,0.8716,1.0,0.0,0.0,0.0,-0.0235,0.0,-0.5,0.5,-0.6055,0.3079,0.0,1.0,2.0,2.0,0.0,0.0,0.0,-0.01331
0.8164,0.815,0.8184,-0.4998,0.4756,1.099,0.8735,-0.6475,0.05762,0.313,0.9834,0.1373,0.857,-1.237,0.0,0.0,-0.3425,-0.252,-0.11273,0.0,0.3865,-0.7593,1.326,1.947,0.11,-0.1615,-0.4387,0.1461,0.8535,-0.013275,-0.3582,-0.317,0.721,0.838,0.789,0.0,0.0,0.8203,0.0,0.868,0.8438,1.0,0.0,0.0,0.0,0.2524,1.0,-0.5,0.5,-0.605,0.312,1.0,0.0,2.0,2.0,0.0,0.0,0.0,0.143
0.8193,0.8174,0.8213,-0.3145,0.2717,1.099,0.8965,-0.6934,-0.151,0.2659,1.018,-1.182,0.7144,-1.228,-1.0,0.0,-0.3047,-0.2028,-0.1404,0.0,0.389,-0.9326,1.217,1.814,-0.1403,-0.1422,-0.13,-0.3047,0.561,0.1461,0.3203,0.07965,-0.2903,0.836,0.796,0.0,0.0,0.826,0.0,0.854,0.6196,0.0,0.0,0.0,0.0,-0.6133,0.0,-0.5,0.0,-0.4624,0.0762,0.0,1.0,2.0,2.0,0.0,0.0,0.0,-0.3467
0.821,0.819,0.823,-0.1343,0.08496,1.099,0.8965,-0.813,-0.318,0.2163,1.024,5.254,0.5713,-1.218,-1.0,0.0,-0.271,-0.1438,-0.1692,0.0,0.3914,-0.1759,1.125,1.68,-0.3303,-0.1354,0.0273,-0.3196,0.375,-0.3047,-0.01327,-0.3582,-0.1592,0.834,0.8013,0.0,0.0,0.8306,0.0,0.8394,0.02556,0.0,0.0,0.0,0.0,-0.728,0.0,-0.5,-0.5,-0.296,-0.1117,0.0,2.0,2.0,2.0,0.0,0.0,0.0,-0.4136
0.8213,0.8193,0.8237,0.0814,-0.1301,1.099,0.6826,-0.864,-0.509,0.1512,1.016,1.173,0.4285,-1.208,-1.0,0.0,-0.2164,-0.0758,-0.2076,0.0,0.394,-0.548,1.012,1.541,-0.538,-0.1351,0.1965,-0.4282,0.228,-0.3196,0.146,0.32,-0.1862,0.83,0.805,0.0,0.0,0.833,0.0,0.82,-0.412,0.0,0.0,0.0,0.0,-0.737,-1.0,-0.5,-1.0,-0.111,-0.3435,0.0,3.0,2.0,2.0,0.0,0.0,0.0,-0.421
0.821,0.8193,0.823,0.1593,-0.206,1.099,0.5996,-0.8853,-0.539,0.1279,0.9897,0.2267,0.2856,-1.198,-1.0,0.0,-0.1969,-0.0508,-0.222,0.0,0.3965,-0.2361,0.8604,1.363,-0.546,-0.1487,-0.545,-0.1617,0.08295,-0.4282,-0.3047,-0.01327,0.6,0.8267,0.808,0.0,0.0,0.835,0.0,0.812,-0.9893,0.0,0.0,0.0,0.0,-0.3982,-1.0,-1.0,-1.5,-0.0465,-0.428,0.0,4.0,2.0,2.0,0.0,0.0,0.0,-0.2291
0.821,0.819,0.8228,0.2001,-0.245,1.099,0.551,-0.942,-0.5435,0.1145,0.9673,0.1542,0.1428,-1.188,-1.0,0.0,-0.1896,-0.03223,-0.2303,0.0,0.399,-0.3982,0.6914,1.176,-0.5347,-0.1595,-0.3381,-0.0946,-0.0307,-0.1617,-0.3193,0.146,-0.317,0.822,0.811,0.0,0.0,0.8364,0.0,0.8076,-0.909,0.0,0.0,0.0,0.0,-0.1604,-2.0,-1.0,-1.5,-0.01298,-0.4717,0.0,5.0,2.0,2.0,0.0,0.0,0.0,-0.0925
0.8193,0.818,0.8213,0.3596,-0.4006,1.099,0.363,-0.8926,-0.672,0.06006,0.941,0.4722,0.0,-1.178,-1.0,0.0,-0.1348,0.0171,-0.263,0.0,0.4016,-0.4834,0.506,0.9814,-0.6665,-0.1678,-0.5557,-0.3655,-0.084,-0.0946,-0.4282,-0.3044,0.07965,0.8154,0.813,0.0,0.0,0.837,0.0,0.791,-0.9893,0.0,0.0,0.0,0.0,-0.7026,-2.0,-1.5,-1.5,0.143,-0.6187,0.0,5.617,2.0,2.0,0.0,0.0,0.0,-0.4058
0.8154,0.8145,0.817,0.7964,-0.8267,1.099,-0.148,-0.754,-1.076,-0.0883,0.901,0.9395,-0.1428,-1.168,-1.0,0.0,0.01843,0.1544,-0.3503,0.0,0.404,0.4832,0.3035,0.7905,-1.071,-0.1813,-0.3276,-0.9946,0.02997,-0.3655,-0.1617,-0.3193,-0.358,0.804,0.8145,0.0,0.0,0.836,0.0,0.7466,-1.234,0.0,1.0,0.0,0.0,-1.945,-2.0,-1.5,-1.5,0.565,-1.027,0.0,5.617,2.0,2.0,0.0,0.0,0.0,-1.131
0.8105,0.81,0.8115,0.9517,-0.9653,1.099,-0.3828,-0.555,-1.184,-0.1543,0.839,0.2656,-0.2856,-1.158,-1.0,0.0,0.1003,0.204,-0.3901,0.0,0.4065,1.8125,0.2222,0.6187,-0.975,-0.2421,-0.933,-0.457,0.267,-0.9946,-0.0946,-0.4282,0.32,0.793,0.815,0.0,0.0,0.833,0.0,0.7256,-1.719,0.0,1.0,0.0,0.0,-4.473,-2.0,-1.5,-2.0,0.709,-1.166,0.0,5.617,2.0,2.0,0.0,0.0,0.0,-2.645
0.8066,0.8066,0.807,0.7935,-0.793,1.099,-0.3828,-0.45,-0.998,-0.1223,0.7886,-0.04758,-0.4285,-1.148,-1.0,0.0,0.07855,0.1605,-0.3733,0.0,0.4092,0.7915,0.3208,0.4863,-0.7363,-0.2703,-1.249,0.1954,0.4197,-0.457,-0.3655,-0.1617,-0.01327,0.783,0.8164,0.0,0.0,0.8296,0.0,0.734,-1.598,0.0,1.0,0.0,0.0,0.919,-1.0,-1.5,-1.5,0.5615,-0.994,1.0,0.0,2.0,2.0,0.0,0.0,0.0,0.5474
0.804,0.804,0.8047,0.5674,-0.5596,-1.073,-0.3828,-0.3887,-0.7344,-0.06445,0.742,-0.1843,-0.5713,-1.139,-1.0,0.0,0.02814,0.09485,-0.3408,0.0,0.4116,-0.283,0.4949,0.4,-0.4968,-0.282,-1.723,0.3757,0.469,0.1954,-0.994,-0.0946,0.146,0.7773,0.818,0.0,0.0,0.8257,0.0,0.75,-1.365,0.0,1.0,0.0,0.0,0.8755,0.0,-1.5,-1.5,0.348,-0.7646,2.0,0.0,2.0,2.0,0.0,0.0,0.0,0.52
0.8003,0.8003,0.801,0.795,-0.7827,-1.073,-0.3828,-0.3408,-0.922,-0.15,0.691,0.475,-0.7144,-1.129,-1.0,0.0,0.11523,0.1788,-0.3914,0.0,0.414,0.0664,0.695,0.369,-0.699,-0.2961,-1.662,-0.5806,0.57,0.3757,-0.457,-0.3655,-0.3044,0.7695,0.8193,0.0,0.0,0.8213,0.0,0.724,-1.409,0.0,1.0,0.0,0.0,-1.798,0.0,-1.5,-1.5,0.5713,-0.9746,0.0,1.0,2.0,2.0,0.0,0.0,0.0,-1.061
0.794,0.7944,0.7935,1.264,-1.239,-1.073,-0.3828,-0.196,-1.323,-0.3157,0.612,0.6885,-0.857,-1.119,-1.0,0.0,0.2935,0.3418,-0.4885,0.0,0.4167,0.574,0.908,0.396,-1.137,-0.3154,-1.616,-1.131,0.7803,-0.5806,0.1954,-0.994,-0.3193,0.7573,0.8184,0.0,0.0,0.8154,0.0,0.675,-1.719,0.0,1.0,0.0,0.0,-3.545,0.0,-1.5,-2.0,1.063,-1.37,0.0,2.0,2.0,2.0,0.0,0.0,0.0,-2.111
0.789,0.7896,0.7886,0.98,-0.9507,-1.073,-0.3828,-0.1996,-1.009,-0.255,0.542,-0.1425,-1.0,-1.109,-1.0,0.0,0.2318,0.2766,-0.4548,0.0,0.4192,-0.2952,1.108,0.4724,-0.8535,-0.334,-1.535,0.3984,0.8994,-1.131,0.3757,-0.457,-0.428,0.7485,0.8174,0.0,0.0,0.8105,0.0,0.692,-1.557,0.0,1.0,0.0,0.0,1.057,1.0,-1.0,-1.5,0.809,-1.07,1.0,0.0,2.0,2.0,0.0,0.0,0.0,0.642
0.7837,0.7847,0.7837,1.038,-1.011,-1.073,-0.3828,-0.1599,-1.008,-0.2957,0.4636,0.1414,-1.143,-1.099,-1.0,0.0,0.2764,0.3164,-0.4802,0.0,0.4216,-0.366,1.271,0.583,-0.914,-0.349,-1.664,-0.2969,0.975,0.3984,-0.5806,0.1953,-0.1617,0.7427,0.816,0.0,0.0,0.804,0.0,0.6787,-1.687,0.0,1.0,0.0,0.0,-0.532,0.0,-1.0,-2.0,0.8643,-1.13,0.0,1.0,2.0,2.0,0.0,0.0,0.0,-0.321
0.7793,0.7803,0.7793,0.9097,-0.884,-1.073,-0.3828,-0.1306,-0.8306,-0.2773,0.3953,-0.0749,-1.143,-1.089,-1.0,0.0,0.2605,0.294,-0.4717,0.0,0.4243,-0.444,1.37,0.7153,-0.782,-0.365,-1.881,0.0995,1.026,-0.2969,-1.131,0.3755,-0.0946,0.739,0.8145,0.0,0.0,0.7983,0.0,0.6826,-1.587,0.0,1.0,0.0,0.0,0.1742,0.0,-0.5,-1.5,0.733,-1.016,1.0,0.0,2.0,2.0,0.0,0.0,0.0,0.1056
0.7744,0.775,0.7744,1.005,-0.986,-1.073,-0.3828,-0.1498,-0.8755,-0.3271,0.327,0.2123,-1.143,-1.079,-1.0,0.0,0.3093,0.3499,-0.503,0.0,0.4268,-0.438,1.423,0.861,-0.851,-0.385,-1.778,-0.369,1.07,0.0995,0.3984,-0.5806,-0.3655,0.733,0.812,0.0,0.0,0.7925,0.0,0.667,-1.59,0.0,1.0,0.0,0.0,-1.012,0.0,-0.5,-1.5,0.8213,-1.118,0.0,1.0,2.0,2.0,0.0,0.0,0.0,-0.6123
0.7695,0.77,0.77,0.9556,-0.941,-1.073,-0.3828,-0.1509,-0.79,-0.3333,0.2664,0.01987,-1.143,-1.069,-1.0,0.0,0.3152,0.3564,-0.509,0.0,0.4292,-0.5327,1.412,0.996,-0.8125,-0.3984,-0.984,-0.07135,1.111,-0.369,-0.2969,-1.131,-0.994,0.725,0.8096,0.0,0.0,0.7866,0.0,0.6636,-1.537,0.0,1.0,0.0,0.0,-0.1353,0.0,-0.5,-1.5,0.773,-1.076,0.0,2.0,2.0,2.0,0.0,0.0,0.0,-0.0824
0.762,0.7627,0.7627,1.439,-1.425,-1.073,-0.3828,-0.08826,-1.214,-0.503,0.1866,0.8306,-1.143,-1.069,-1.0,-1.0,0.4976,0.5396,-0.61,0.0,0.432,-0.2986,1.392,1.128,-1.266,-0.4204,-0.6875,-1.2,1.201,-0.07135,0.0994,0.3984,-0.457,0.715,0.805,0.0,0.0,0.7783,0.0,0.6123,-1.666,0.0,1.0,0.0,0.0,-3.242,-1.0,-0.5,-1.5,1.284,-1.491,0.0,3.0,2.0,1.5,0.0,1.0,-2.635,-1.977
0.7573,0.758,0.7573,1.042,-1.03,-1.073,-0.3828,-0.07623,-0.799,-0.4138,0.11926,-0.271,-1.143,-1.06,-1.0,0.0,0.4048,0.4377,-0.5605,0.0,0.4343,0.02046,1.332,1.237,-0.9067,-0.4353,-1.171,0.5977,1.182,-1.2,-0.3687,-0.2969,0.1953,0.7114,0.801,0.0,0.0,0.7715,0.0,0.637,-1.352,0.0,1.0,0.0,0.0,1.118,0.0,-0.5,-1.0,0.926,-1.086,1.0,0.0,2.0,1.5,0.0,0.0,0.0,0.696
0.7495,0.75,0.75,1.483,-1.472,-1.073,-0.3828,0.0351,-1.184,-0.571,0.03946,0.7593,-1.143,-1.06,-1.0,-1.0,0.581,0.605,-0.6543,0.0,0.4368,0.06824,1.22,1.323,-1.347,-0.4526,-1.81,-1.126,1.199,0.5977,-0.07135,0.0994,0.3755,0.702,0.7944,0.0,0.0,0.7627,0.0,0.5894,-1.445,0.0,1.0,0.0,0.0,-1.9,-1.0,-1.0,-1.0,1.345,-1.518,0.0,1.0,2.0,1.5,0.0,0.0,0.0,-1.171
0.7437,0.744,0.7437,1.243,-1.2295,-1.073,-0.3828,-0.0683,-0.951,-0.531,-0.01613,-0.0954,-1.143,-1.06,-1.0,-1.0,0.529,0.569,-0.634,0.0,0.4395,-0.4705,1.055,1.368,-1.151,-0.4675,-1.571,0.2502,1.161,-1.126,-1.2,-0.3687,-0.5806,0.6953,0.789,0.0,0.0,0.7544,0.0,0.5996,-1.189,0.0,1.0,0.0,0.0,0.4607,0.0,-0.5,-0.5,1.107,-1.291,1.0,0.0,2.0,1.5,0.0,0.0,0.0,0.2893
0.739,0.7393,0.7393,0.929,-0.923,-1.05,-0.3828,-0.278,-0.6504,-0.4624,-0.05582,-0.2515,-1.143,-1.06,-1.0,-1.0,0.4375,0.5117,-0.5967,0.0,0.442,-0.2428,1.081,1.403,-0.7603,-0.5005,-0.66,0.4543,1.068,0.2502,0.5977,-0.07135,-1.131,0.6895,0.784,0.0,0.0,0.7476,0.0,0.6187,-0.907,0.0,0.0,0.0,0.0,0.6646,1.0,0.0,0.0,0.8315,-0.968,2.0,0.0,2.0,1.5,0.0,0.0,0.0,0.4158
0.738,0.738,0.7383,0.368,-0.3616,-0.4817,-0.3828,-0.3076,-0.0695,-0.3025,-0.0792,-1.047,-1.0,-1.05,0.0,0.0,0.27,0.338,-0.5063,0.0,0.4443,0.8696,1.142,1.412,-0.1328,-0.52,-1.215,1.091,0.929,0.4543,-1.126,-1.2,0.3982,0.689,0.7803,0.0,0.0,0.7427,0.0,0.6636,-0.5806,0.0,0.0,0.0,0.0,4.164,2.0,0.0,0.0,0.342,-0.3716,3.0,0.0,2.0,1.5,0.0,0.0,0.0,2.584
0.736,0.736,0.737,0.4639,-0.4702,-0.4817,-0.3828,-0.274,-0.12415,-0.3384,-0.1153,-1.171,-1.0,-1.04,-1.0,0.0,0.3093,0.3738,-0.5293,0.0,0.447,0.05,1.164,1.4,-0.1973,-0.532,-0.9644,-0.2715,0.7803,1.091,0.25,0.5977,-0.2966,0.688,0.7754,0.0,0.0,0.7373,0.0,0.652,-0.773,0.0,0.0,0.0,0.0,-0.5044,1.0,0.0,-0.5,0.4211,-0.4912,0.0,1.0,2.0,1.5,0.0,0.0,0.0,-0.3074
0.734,0.7334,0.7354,0.4932,-0.511,-0.4817,-0.3828,-0.3352,-0.1317,-0.3564,-0.1445,1.062,-1.0,-1.029,-1.0,0.0,0.3225,0.3994,-0.5415,0.0,0.4495,-0.6235,1.164,1.366,-0.1876,-0.546,-1.131,-0.1434,0.603,-0.2715,0.454,-1.126,0.0994,0.6914,0.771,0.0,0.0,0.7324,0.0,0.646,-0.675,0.0,0.0,0.0,0.0,-0.1711,1.0,-0.5,-0.5,0.4011,-0.5835,0.0,2.0,2.0,1.5,0.0,0.0,0.0,-0.10474
0.7334,0.733,0.735,0.2427,-0.2603,-0.4817,-0.3828,-0.4001,0.1131,-0.282,-0.1407,-16.02,-0.857,-1.02,0.0,0.0,0.241,0.3247,-0.5005,0.0,0.452,0.003084,1.142,1.294,0.095,-0.554,-0.828,0.489,0.4182,-0.1434,1.091,0.25,-0.3687,0.6943,0.7666,0.0,0.0,0.7285,0.0,0.6665,-0.1847,0.0,0.0,0.0,0.0,0.653,1.0,0.0,0.0,0.1713,-0.3296,1.0,0.0,2.0,1.5,0.0,0.0,0.0,0.4006
0.734,0.7334,0.7354,0.0452,-0.06146,-0.4817,-0.3828,-0.4167,0.3289,-0.2158,-0.1366,1.18,-0.7144,-1.01,0.0,0.0,0.1733,0.2556,-0.4646,0.0,0.4546,-0.579,1.087,1.183,0.316,-0.556,-0.75,0.428,0.3354,0.489,-0.2712,0.454,-0.07135,0.703,0.763,0.0,0.0,0.7266,0.0,0.6846,-0.175,0.0,0.0,0.0,0.0,0.6147,1.0,0.5,0.0,-0.007595,-0.1257,2.0,0.0,2.0,1.5,1.0,0.0,2.326,0.3743
0.7344,0.734,0.736,0.0737,-0.0906,-0.4817,0.3438,-0.448,0.3025,-0.2185,-0.1274,0.07806,-0.5713,-1.0,0.0,0.0,0.1732,0.2612,-0.468,0.0,0.457,-0.731,0.99,1.123,0.2927,-0.5557,0.5635,-0.0425,0.2866,0.428,-0.1434,1.091,-1.2,0.7104,0.76,0.0,0.0,0.725,0.0,0.6826,-0.0886,0.0,0.0,0.0,0.0,-0.07294,0.0,0.5,0.0,0.01631,-0.1577,0.0,1.0,2.0,1.5,0.0,0.0,0.0,-0.04407
0.733,0.7324,0.7344,0.4023,-0.4248,-0.4817,0.3438,-0.4185,-0.03296,-0.3215,-0.1343,-0.738,-0.4285,-0.99,0.0,0.0,0.2793,0.3691,-0.5293,0.0,0.4597,-0.645,0.8667,1.068,-0.04764,-0.5586,0.1262,-0.723,0.2067,-0.0425,0.489,-0.2712,0.5977,0.714,0.755,0.0,0.0,0.7227,0.0,0.6514,-0.3516,0.0,0.0,0.0,0.0,-1.144,0.0,0.0,-0.5,0.3455,-0.4658,0.0,2.0,2.0,1.5,0.0,1.0,-1.744,-0.692
0.734,0.7334,0.7354,-0.02867,0.01564,-0.4817,0.3438,-0.399,0.4038,-0.1825,-0.1168,5.973,-0.2856,-0.98,0.0,0.0,0.142,0.2186,-0.4512,0.0,0.4622,0.04617,0.733,0.992,0.4165,-0.5605,1.334,0.9326,0.07513,-0.723,0.428,-0.1434,-1.126,0.7163,0.7515,0.0,0.0,0.7207,0.0,0.691,0.04047,0.0,0.0,0.0,0.0,1.363,1.0,0.5,0.0,-0.01831,0.01433,1.0,0.0,2.0,1.5,0.0,0.0,0.0,0.8345
0.735,0.7344,0.736,0.015,-0.02501,-0.4817,0.3438,-0.372,0.353,-0.1886,-0.1009,0.03574,-0.1428,-0.97,0.0,0.0,0.1505,0.2225,-0.456,0.0,0.4646,-0.2568,0.5645,0.8965,0.3809,-0.559,1.332,-0.05652,0.00598,0.9326,-0.04248,0.4888,0.25,0.7197,0.748,0.0,0.0,0.7197,0.0,0.6885,0.04495,0.0,0.0,0.0,0.0,-0.07355,0.0,0.0,0.0,-0.03818,-0.09204,0.0,1.0,2.0,1.5,0.0,0.0,0.0,-0.0443
0.7324,0.732,0.734,0.5664,-0.5845,-0.4817,0.3804,-0.3071,-0.2676,-0.3625,-0.0827,-1.311,-0.1428,-0.9604,-1.0,0.0,0.3313,0.4036,-0.558,0.0,0.4673,0.4858,0.391,0.7886,-0.2441,-0.553,1.09,-1.202,0.00691,-0.05652,-0.7227,0.4277,0.454,0.7188,0.7437,0.0,0.0,0.7188,0.0,0.6367,0.04047,0.0,0.0,0.0,0.0,-2.027,-1.0,-0.5,0.0,0.515,-0.6064,0.0,2.0,2.0,1.5,0.0,0.0,0.0,-1.224
0.7334,0.733,0.7344,-0.00954,0.00196,-0.4817,0.3804,-0.294,0.2866,-0.1814,-0.05267,-3.846,0.0,-0.9507,0.0,0.0,0.1504,0.2074,-0.456,0.0,0.4697,0.04758,0.1927,0.669,0.2986,-0.545,0.01381,1.227,0.005947,-1.202,0.9326,-0.04248,1.09,0.721,0.7407,0.0,0.0,0.7188,0.0,0.688,0.1956,0.0,0.0,0.0,0.0,2.227,0.0,-0.5,0.0,-0.02422,-0.02512,1.0,0.0,2.0,1.5,0.0,0.0,0.0,1.371
0.7354,0.7344,0.737,-0.1577,0.1453,-0.4817,0.3804,-0.345,0.372,-0.1233,0.00612,0.3757,0.1428,-0.9404,0.0,0.0,0.08887,0.1515,-0.4248,0.0,0.4722,-0.1128,-0.011215,0.5337,0.4065,-0.532,0.3613,0.3677,0.05002,1.227,-0.0565,-0.7227,-0.2712,0.7227,0.739,0.0,0.0,0.7197,0.0,0.7036,0.6646,0.0,0.0,0.0,0.0,0.5435,1.0,0.0,0.5,-0.1545,0.1261,2.0,0.0,2.0,1.5,0.0,0.0,0.0,0.3281
0.7354,0.7344,0.737,0.147,-0.1709,-0.4817,0.3804,-0.2522,-0.008224,-0.214,0.04733,-0.7134,0.2856,-0.9307,0.0,0.0,0.1863,0.2379,-0.479,0.0,0.4749,0.3408,-0.2074,0.3892,0.01952,-0.519,0.6416,-0.6323,0.04633,0.3677,-1.202,0.932,-0.1434,0.722,0.736,0.0,0.0,0.719,0.0,0.6763,0.3774,0.0,0.0,0.0,0.0,-0.9287,0.0,0.0,0.0,0.1467,-0.1702,0.0,1.0,2.0,1.5,0.0,0.0,0.0,-0.557
0.738,0.737,0.7393,-0.2495,0.2281,-0.4817,0.3804,-0.262,0.3572,-0.07904,0.0934,3.893,0.4285,-0.921,0.0,0.0,0.05356,0.0977,-0.402,0.0,0.4773,-0.5327,-0.2269,0.2527,0.385,-0.5054,0.2101,0.909,0.11816,-0.6323,1.227,-0.0565,0.4888,0.728,0.7344,0.0,0.0,0.721,0.0,0.7153,0.4734,0.0,0.0,0.0,0.0,1.624,1.0,0.0,0.0,-0.2347,0.2145,1.0,0.0,2.0,1.5,0.0,0.0,0.0,0.9844
0.7407,0.7397,0.742,-0.349,0.3335,-0.4817,0.3804,-0.3496,0.4617,-0.02975,0.1255,0.3857,0.4285,-0.911,0.0,0.0,-0.001502,0.05563,-0.3745,0.0,0.4797,-0.0695,-0.1181,0.1227,0.4463,-0.4883,-0.1165,0.3218,0.2125,0.909,0.3677,-1.201,0.4277,0.732,0.7344,0.0,0.0,0.723,0.0,0.729,0.317,0.0,0.0,0.0,0.0,0.5864,2.0,0.0,0.0,-0.3286,0.3184,2.0,0.0,2.0,1.5,0.0,0.0,0.0,0.35
0.7437,0.7427,0.7446,-0.3008,0.2866,-0.4817,0.5767,-0.3748,0.3965,-0.02809,0.1635,0.01888,0.5713,-0.901,0.0,0.0,-0.005318,0.05637,-0.3745,0.0,0.4824,-0.2756,0.015305,0.03004,0.3862,-0.4775,0.04077,0.0,0.2383,0.3218,-0.6323,1.227,-0.04248,0.7354,0.7344,0.0,0.0,0.727,0.0,0.729,0.4148,0.0,0.0,0.0,0.0,0.0,1.0,0.0,0.0,-0.2917,0.2627,0.0,0.0,2.0,1.5,0.0,0.0,0.0,0.0
0.748,0.7476,0.749,-0.571,0.568,-0.4817,0.5767,-0.3303,0.667,0.08466,0.219,0.7227,0.7144,-0.891,0.0,0.0,-0.1073,-0.06122,-0.3108,0.0,0.4849,-0.1047,0.1667,-0.01704,0.6533,-0.4607,0.922,0.738,0.3596,0.0,0.909,0.3674,-0.7227,0.747,0.735,0.0,0.0,0.7314,0.0,0.7607,0.622,0.0,0.0,0.0,0.0,1.544,1.0,0.5,0.5,-0.537,0.5493,1.0,0.0,2.0,1.5,0.0,0.0,0.0,0.917
0.743,0.743,0.7437,0.9727,-0.9727,-0.4817,-0.4297,0.06665,-0.917,-0.4011,0.2057,-2.078,0.5713,-0.8813,-1.0,0.0,0.4045,0.4102,-0.592,0.0,0.4873,3.135,0.235,-0.04453,-0.902,-0.4692,0.2206,-2.514,0.2861,0.738,0.3218,-0.6323,0.932,0.7407,0.7324,0.0,0.0,0.7324,0.0,0.618,-0.3599,0.0,0.0,0.0,0.0,-8.15,1.0,0.0,0.0,1.064,-0.808,0.0,1.0,2.0,1.5,0.0,0.0,0.0,-5.477
0.7383,0.739,0.7383,1.0205,-1.009,-0.4817,-0.564,0.081,-0.982,-0.4346,0.1797,0.2322,0.4285,-0.871,-1.0,0.0,0.4407,0.446,-0.6133,0.0,0.49,-0.2583,0.2524,-0.0588,-0.98,-0.4775,0.10516,-0.2615,0.2605,-2.514,0.0,0.9087,-0.0565,0.732,0.73,0.0,0.0,0.7324,0.0,0.607,-0.506,0.0,0.0,0.0,0.0,-0.4053,0.0,0.0,-0.5,1.117,-0.8354,0.0,2.0,2.0,1.5,0.0,0.0,0.0,-0.2512
0.734,0.7344,0.734,0.946,-0.9204,-0.4817,-0.564,0.1615,-0.924,-0.4294,0.1559,0.0691,0.2856,-0.8613,-1.0,0.0,0.4424,0.4326,-0.6133,0.0,0.4924,0.1932,0.2343,-0.04834,-0.927,-0.4875,1.183,0.0,0.2788,-0.2615,0.7373,0.3218,-1.201,0.7256,0.7285,0.0,0.0,0.7324,0.0,0.607,-0.4985,0.0,0.0,0.0,0.0,0.0,-1.0,0.0,-0.5,1.003,-0.796,0.0,0.0,2.0,1.5,0.0,0.0,0.0,0.0
0.729,0.73,0.7285,1.005,-0.9683,-0.5864,-0.564,0.2032,-1.013,-0.4646,0.1401,0.2642,0.1428,-0.8613,-1.0,-1.0,0.483,0.468,-0.636,0.0,0.4949,0.0627,0.1846,-0.03867,-1.014,-0.4956,-0.1599,-0.2773,0.373,0.0,-2.514,0.0,1.226,0.715,0.7266,0.0,0.0,0.7305,0.0,0.595,-0.4148,0.0,0.0,0.0,0.0,-0.589,-1.0,-0.5,-0.5,1.02,-0.885,0.0,1.0,2.0,1.5,0.0,0.0,0.0,-0.3667
0.724,0.725,0.723,1.063,-1.0205,-0.5864,-0.564,0.1471,-1.068,-0.502,0.10095,0.2109,0.0,-0.8613,-1.0,-1.0,0.5176,0.5156,-0.66,0.0,0.4976,-0.6436,0.10706,-0.0374,-1.093,-0.5063,-0.7744,-0.2932,0.4775,-0.2773,-0.2615,0.7373,0.3674,0.7017,0.7246,0.0,0.0,0.728,0.0,0.583,-0.716,0.0,0.0,0.0,0.0,-0.51,-2.0,-1.0,-1.0,1.085,-0.925,0.0,2.0,2.0,1.5,0.0,0.0,0.0,-0.319
0.7217,0.7227,0.7207,0.5986,-0.5464,-0.5864,-0.564,0.1671,-0.608,-0.3784,0.0737,-0.3867,-0.1428,-0.8516,-1.0,0.0,0.3901,0.3757,-0.5903,0.0,0.5,0.342,0.01936,-0.04688,-0.6323,-0.5176,-0.3936,0.8545,0.503,-0.2932,0.0,-2.514,-0.6323,0.6914,0.723,0.0,0.0,0.727,0.0,0.618,-0.4822,0.0,0.0,0.0,0.0,1.958,-1.0,-0.5,-0.5,0.6235,-0.483,1.0,0.0,2.0,1.5,0.0,0.0,0.0,1.231
0.715,0.717,0.714,1.347,-1.281,-0.5864,-0.564,0.3037,-1.353,-0.619,0.04028,1.799,-0.1428,-0.8516,-1.0,-1.0,0.657,0.6353,-0.73,0.0,0.5024,1.459,-0.01494,-0.05667,-1.301,-0.542,-1.492,-1.685,0.679,0.8545,-0.277,-0.2615,0.9087,0.6724,0.7207,0.0,0.0,0.7236,0.0,0.547,-0.5596,0.0,0.0,0.0,0.0,-7.87,-1.0,-1.0,-0.5,1.348,-1.187,0.0,1.0,2.0,1.5,0.0,0.0,0.0,-4.88
0.712,0.714,0.7104,0.745,-0.6733,-0.5864,-0.564,0.2235,-0.7637,-0.4639,0.001463,-0.379,-0.2856,-0.8516,-1.0,-1.0,0.484,0.4653,-0.642,0.0,0.505,0.1633,0.01772,-0.05804,-0.723,-0.555,-2.246,1.091,0.724,-1.685,-0.2932,0.0,0.3218,0.67,0.719,0.0,0.0,0.7207,0.0,0.5913,-0.6025,0.0,0.0,0.0,0.0,2.24,0.0,-1.0,-0.5,0.815,-0.5493,1.0,0.0,2.0,1.5,0.0,0.0,0.0,1.429
0.708,0.71,0.7065,0.8525,-0.7812,-0.5864,-0.564,0.2156,-0.832,-0.513,-0.0525,0.2588,-0.4285,-0.8516,-1.0,-1.0,0.5356,0.522,-0.671,0.0,0.508,-0.5425,0.1151,-0.04504,-0.8247,-0.567,-2.58,-0.3523,0.782,1.091,0.8545,-0.277,0.0,0.667,0.7188,0.0,0.0,0.7173,0.0,0.5767,-0.7544,0.0,0.0,0.0,0.0,-0.614,0.0,-1.0,-1.0,0.902,-0.672,0.0,1.0,2.0,1.5,0.0,0.0,0.0,-0.3845
0.704,0.706,0.703,0.85,-0.7793,-0.5864,-0.564,0.1638,-0.812,-0.5317,-0.0981,0.11285,-0.5713,-0.8516,-1.0,-1.0,0.551,0.548,-0.6816,0.0,0.5103,-0.2219,0.2411,-0.02104,-0.8315,-0.577,-3.744,-0.1329,0.849,-0.3523,-1.685,-0.2932,0.7373,0.664,0.7173,0.0,0.0,0.715,0.0,0.571,-0.6714,0.0,0.0,0.0,0.0,-0.2214,0.0,-1.5,-1.0,0.8584,-0.715,0.0,2.0,2.0,1.5,0.0,0.0,0.0,-0.1395
0.7,0.7017,0.6987,0.9326,-0.869,-0.5864,-0.564,0.1311,-0.8423,-0.5776,-0.1666,0.1902,-0.7144,-0.8516,-1.0,-1.0,0.5967,0.6035,-0.708,0.0,0.5127,-0.5156,0.3843,0.02321,-0.9043,-0.592,-0.7007,-0.3257,0.9043,-0.1329,1.091,0.854,-2.514,0.6606,0.717,0.0,0.0,0.7104,0.0,0.5576,-0.994,0.0,0.0,0.0,0.0,-0.5103,-1.0,-1.5,-1.5,0.94,-0.7993,0.0,3.0,-1.0,1.5,0.0,0.0,0.0,-0.3223
0.6953,0.697,0.6943,1.013,-0.9614,-0.5864,-0.564,0.10583,-0.857,-0.6245,-0.2458,0.1649,-0.857,-0.8516,-1.0,-1.0,0.645,0.66,-0.736,0.0,0.515,-0.3894,0.5273,0.09753,-0.964,-0.6104,-0.5767,-0.3423,0.9663,-0.3257,-0.3523,-1.685,-0.2615,0.657,0.716,0.0,0.0,0.706,0.0,0.5435,-1.148,0.0,1.0,0.0,0.0,-0.582,-1.0,-1.5,-2.0,1.04,-0.863,0.0,4.0,-1.0,1.5,0.0,0.0,0.0,-0.3694
0.6924,0.6934,0.692,0.7017,-0.667,-0.5864,-0.564,0.0796,-0.4854,-0.555,-0.319,-0.4062,-1.0,-0.8516,-1.0,-1.0,0.568,0.5825,-0.6963,0.0,0.5176,-0.4978,0.65,0.1974,-0.6357,-0.6274,-0.729,0.494,1.012,-0.3423,-0.1328,1.091,0.0,0.6523,0.7144,0.0,0.0,0.7036,0.0,0.5635,-0.9956,0.0,0.0,0.0,0.0,0.7637,-1.0,-1.0,-1.5,0.7407,-0.58,1.0,0.0,-1.0,1.5,0.0,0.0,0.0,0.4878
0.687,0.6865,0.688,1.139,-1.155,-0.5864,-0.564,0.17,-0.826,-0.711,-0.424,1.152,-1.143,-0.8516,-1.0,-1.0,0.7466,0.7563,-0.786,0.0,0.52,0.7817,0.7627,0.344,-0.9956,-0.6577,-0.548,-1.113,1.086,0.494,-0.3254,-0.352,-0.277,0.6494,0.7114,0.0,0.0,0.698,0.0,0.5176,-1.366,0.0,1.0,0.0,0.0,-3.3,-1.0,-1.0,-2.0,1.052,-1.172,0.0,1.0,-1.0,1.5,0.0,0.0,0.0,-2.09
0.6807,0.68,0.6816,1.253,-1.273,-0.776,-0.564,-0.2076,-0.947,-0.773,-0.4739,0.329,-1.143,-0.8516,-1.0,-1.0,0.782,0.8667,-0.8223,0.0,0.523,-0.7803,0.9385,0.541,-0.989,-0.6973,-0.4355,-0.4539,1.142,-1.113,-0.3423,-0.1328,-0.293,0.641,0.708,0.0,0.0,0.692,0.0,0.499,-0.9673,0.0,0.0,0.0,0.0,-0.869,-1.0,-1.0,-2.0,1.172,-1.274,0.0,2.0,-1.0,1.5,0.0,0.0,0.0,-0.561
0.6743,0.6743,0.6753,1.286,-1.298,-0.776,-0.564,-0.1787,-0.988,-0.8115,-0.524,0.1969,-1.143,-0.8516,-1.0,-1.0,0.8286,0.9106,-0.845,0.0,0.5254,0.02646,1.074,0.719,-1.038,-0.713,-1.507,-0.2896,1.225,-0.4539,0.494,-0.3254,0.854,0.6333,0.705,0.0,0.0,0.686,0.0,0.4873,-0.9697,0.0,0.0,0.0,0.0,-0.5396,-1.0,-1.5,-2.0,1.216,-1.285,0.0,3.0,-1.0,1.5,0.0,0.0,0.0,-0.3508
0.6675,0.6675,0.668,1.43,-1.437,-0.776,-0.564,-0.2195,-1.128,-0.884,-0.584,0.3196,-1.143,-0.8516,-1.0,-1.0,0.908,1.004,-0.887,0.0,0.528,-0.3552,1.17,0.871,-1.218,-0.7256,-0.08655,-0.536,1.243,-0.2896,-1.113,-0.342,-1.685,0.6235,0.7007,0.0,0.0,0.6777,0.0,0.4658,-1.059,0.0,1.0,0.0,0.0,-0.778,-1.0,-1.5,-2.0,1.363,-1.409,0.0,4.0,-1.0,1.5,0.0,0.0,0.0,-0.5083
0.66,0.66,0.66,1.545,-1.541,-0.8486,-0.564,-0.1877,-1.241,-0.9497,-0.6475,0.2654,-1.143,-0.8516,-1.0,-1.0,0.989,1.084,-0.9253,0.0,0.5303,0.3455,1.244,1.003,-1.34,-0.745,-1.376,-0.4944,1.211,-0.536,-0.4536,0.4937,1.091,0.614,0.696,0.0,0.0,0.669,0.0,0.4463,-1.089,0.0,1.0,0.0,0.0,-0.847,-2.0,-1.5,-2.0,1.478,-1.505,0.0,5.0,-1.0,1.5,0.0,0.0,0.0,-0.5586
0.656,0.6562,0.6562,0.914,-0.8975,-0.841,-0.564,-0.0999,-0.642,-0.8,-0.6865,-0.4407,-1.143,-0.8516,-1.0,-1.0,0.8223,0.889,-0.8403,0.0,0.5327,0.6836,1.285,1.105,-0.745,-0.7593,-1.37,1.106,1.023,-0.4944,-0.2896,-1.113,-0.352,0.609,0.6914,0.0,0.0,0.661,0.0,0.4895,-0.681,0.0,0.0,0.0,0.0,2.184,-1.0,-1.5,-1.5,0.891,-0.862,1.0,0.0,-1.0,1.5,0.0,0.0,0.0,1.452
0.6553,0.6553,0.6553,0.3142,-0.3027,-0.2267,-0.564,-0.1442,-0.00537,-0.6377,-0.7227,-1.183,-1.0,-0.8516,0.0,-1.0,0.6377,0.7,-0.748,0.0,0.535,-0.589,1.287,1.161,-0.11743,-0.7705,-1.447,1.178,0.5435,1.106,-0.536,-0.4536,-0.1328,0.6064,0.689,0.0,0.0,0.654,0.0,0.536,-0.598,0.0,0.0,0.0,0.0,1.748,0.0,-1.0,-1.5,0.3,-0.3042,2.0,0.0,-1.0,1.5,1.0,0.0,3.775,1.142
0.6543,0.6543,0.655,0.3176,-0.311,-0.2267,-0.564,-0.2507,-0.018,-0.6436,-0.727,0.01674,-0.857,-0.8516,0.0,-1.0,0.635,0.7173,-0.7515,0.0,0.538,0.2605,1.299,1.204,-0.05533,-0.785,-1.199,-0.045,0.481,1.178,-0.4944,-0.2896,-0.3254,0.608,0.686,0.0,0.0,0.6514,0.0,0.534,-0.2144,0.0,0.0,0.0,0.0,-0.0702,0.0,-1.0,-1.5,0.2507,-0.3696,0.0,1.0,-1.0,1.5,0.0,0.0,0.0,-0.04492
0.6543,0.6543,0.655,0.1462,-0.1328,-0.2267,-0.26,0.01596,0.1951,-0.593,-0.7446,2.549,-0.7144,-0.8516,0.0,-1.0,0.603,0.6323,-0.7227,0.0,0.5405,3.135,1.255,1.213,0.1195,-0.7847,-0.909,0.3604,0.428,-0.045,1.106,-0.5356,-0.342,0.613,0.683,0.0,0.0,0.6494,0.0,0.5483,-0.4531,0.0,0.0,0.0,0.0,1.105,1.0,-0.5,-1.5,0.0872,-0.1962,1.0,0.0,-1.0,1.5,0.0,0.0,0.0,0.7085
0.6562,0.6567,0.6567,-0.2018,0.2216,-0.2267,-0.26,0.02602,0.589,-0.4834,-0.749,1.534,-0.5713,-0.8516,0.0,-1.0,0.4868,0.506,-0.6577,0.0,0.543,-0.3665,1.153,1.189,0.4915,-0.7812,-1.387,0.806,0.3928,0.3604,1.178,-0.4944,0.4937,0.621,0.6816,0.0,0.0,0.649,0.0,0.581,-0.08875,0.0,0.0,0.0,0.0,1.845,2.0,-0.5,-1.0,-0.2073,0.1895,2.0,0.0,-1.0,1.5,0.0,0.0,0.0,1.175
0.6567,0.6567,0.6567,0.138,-0.1234,-0.2267,-0.26,0.06775,0.2554,-0.5845,-0.7607,-0.3762,-0.4285,-0.8516,0.0,-1.0,0.5986,0.6177,-0.7144,0.0,0.5454,-0.274,1.004,1.142,0.1693,-0.7847,-0.2155,-0.6924,0.3525,0.806,-0.045,1.105,-1.112,0.6294,0.679,0.0,0.0,0.6475,0.0,0.5527,-0.2488,0.0,0.0,0.0,0.0,-0.947,1.0,-0.5,-1.0,0.1329,-0.1285,0.0,1.0,-1.0,1.5,0.0,0.0,0.0,-0.5947
0.6533,0.6533,0.6533,0.7754,-0.764,-0.2267,-0.26,0.2292,-0.3884,-0.7827,-0.789,-1.763,-0.4285,-0.8516,-1.0,-1.0,0.8325,0.8374,-0.827,0.0,0.548,0.76,0.823,1.078,-0.4766,-0.7915,0.324,-1.4,0.3506,-0.6924,0.3604,1.178,-0.4536,0.634,0.675,0.0,0.0,0.645,0.0,0.495,-0.498,0.0,0.0,0.0,0.0,-3.7,0.0,-0.5,-1.0,0.7896,-0.6987,0.0,2.0,-1.0,1.5,0.0,0.0,0.0,-2.352
0.6523,0.653,0.653,0.3047,-0.287,-0.2267,-0.26,0.2615,0.07184,-0.6567,-0.797,-1.704,-0.2856,-0.8516,0.0,-1.0,0.695,0.683,-0.754,0.0,0.5503,0.3623,0.6157,0.9937,-0.01228,-0.7944,0.6025,0.9307,0.2355,-1.4,0.8057,-0.04498,-0.2893,0.6377,0.6714,0.0,0.0,0.642,0.0,0.532,-0.189,0.0,0.0,0.0,0.0,1.986,1.0,0.0,-0.5,0.367,-0.2063,1.0,0.0,-1.0,1.5,0.0,0.0,0.0,1.293
0.6523,0.6523,0.6523,0.1971,-0.1814,-0.2267,-0.26,0.2588,0.1938,-0.6294,-0.81,0.859,-0.1428,-0.8516,0.0,-1.0,0.6646,0.6514,-0.737,0.0,0.553,-0.228,0.3665,0.912,0.0995,-0.7964,1.241,0.2103,0.2339,0.9307,-0.692,0.36,-0.5356,0.638,0.668,0.0,0.0,0.642,0.0,0.5405,-0.2576,0.0,0.0,0.0,0.0,0.4377,1.0,0.5,-0.5,0.2189,-0.153,2.0,0.0,-1.0,1.5,0.0,0.0,0.0,0.2805
0.654,0.654,0.654,-0.0931,0.1135,-0.2267,-0.26,0.1383,0.4744,-0.539,-0.791,1.139,0.0,-0.8516,0.0,-1.0,0.556,0.559,-0.684,0.0,0.5557,-0.4404,0.1361,0.813,0.4133,-0.795,1.907,0.6587,0.1963,0.2103,-1.4,0.8057,-0.4941,0.6416,0.6646,0.0,0.0,0.6416,0.0,0.5674,0.1782,0.0,0.0,0.0,0.0,1.019,1.0,1.0,0.0,-0.0454,0.1478,3.0,0.0,-1.0,1.5,0.0,0.0,0.0,0.6504
0.653,0.6533,0.6533,0.294,-0.2761,-0.2267,-0.26,0.2219,0.035,-0.657,-0.7793,-0.6743,0.1428,-0.8516,0.0,-1.0,0.692,0.688,-0.75,0.0,0.558,-0.1843,-0.01056,0.6914,-0.02202,-0.7896,1.145,-0.8145,0.157,0.6587,0.9307,-0.692,1.105,0.64,0.6606,0.0,0.0,0.64,0.0,0.5337,0.07654,0.0,0.0,0.0,0.0,-1.356,1.0,0.5,0.0,0.3477,-0.2051,0.0,1.0,-1.0,0.0,0.0,0.0,0.0,-0.857
0.652,0.6523,0.6523,0.3333,-0.32,-0.2267,-0.26,0.1868,-0.0618,-0.6763,-0.7646,-0.5645,0.2856,-0.8516,0.0,-1.0,0.71,0.714,-0.76,0.0,0.5605,-0.4448,-0.158,0.5425,-0.1232,-0.782,0.1037,-0.1201,0.1217,-0.8145,0.2103,-1.4,1.178,0.6357,0.656,0.0,0.0,0.6387,0.0,0.5283,0.12024,0.0,0.0,0.0,0.0,-0.2423,1.0,0.0,0.0,0.366,-0.269,0.0,2.0,-1.0,0.0,0.0,0.0,0.0,-0.1552
0.645,0.646,0.6445,1.487,-1.462,-0.2267,-0.5396,0.552,-1.259,-1.026,-0.783,-17.1,0.2856,-0.8516,-1.0,-1.0,1.1455,1.11,-0.959,0.0,0.563,2.365,-0.2966,0.3872,-1.252,-0.7964,0.1337,-2.496,0.265,-0.1201,0.6587,0.93,-0.04498,0.624,0.6514,0.0,0.0,0.635,0.0,0.4272,-0.3171,0.0,0.0,0.0,0.0,-8.15,0.0,0.0,0.0,1.557,-1.281,0.0,3.0,-1.0,0.0,0.0,1.0,-3.82,-5.477
0.642,0.6426,0.6416,0.735,-0.71,-0.2267,-0.5396,0.5635,-0.638,-0.8433,-0.77,-0.452,0.2856,-0.8516,-1.0,-1.0,0.931,0.879,-0.8535,0.0,0.5654,1.103,-0.3938,0.222,-0.5996,-0.798,-0.485,1.381,0.2769,-2.496,-0.814,0.2102,0.36,0.623,0.649,0.0,0.0,0.633,0.0,0.4807,0.0298,0.0,0.0,0.0,0.0,2.96,0.0,0.0,0.5,0.8623,-0.5254,1.0,0.0,-1.0,0.0,0.0,0.0,0.0,1.982
0.6396,0.64,0.6396,0.5547,-0.534,-0.2267,-0.5396,0.4072,-0.509,-0.808,-0.7734,-0.1283,0.2856,-0.8516,-1.0,-1.0,0.8774,0.8506,-0.832,0.0,0.5684,-0.882,-0.4705,0.0348,-0.4932,-0.7935,-1.457,0.2761,0.246,1.381,-0.12006,0.658,0.8057,0.619,0.6465,0.0,0.0,0.6304,0.0,0.4915,-0.1166,0.0,0.0,0.0,0.0,0.173,0.0,0.0,0.5,0.6475,-0.4004,2.0,0.0,-1.0,0.0,0.0,0.0,0.0,0.1132
0.636,0.6367,0.636,0.8105,-0.788,-0.2267,-0.5396,0.3687,-0.7617,-0.898,-0.807,0.8467,0.1428,-0.8516,-1.0,-1.0,0.9775,0.9653,-0.8823,0.0,0.571,-0.3564,-0.5073,-0.1278,-0.769,-0.799,-0.97,-0.6416,0.2795,0.2761,-2.496,-0.814,-0.692,0.613,0.6436,0.0,0.0,0.629,0.0,0.4658,-0.488,0.0,0.0,0.0,0.0,-0.8457,0.0,0.0,0.0,0.9204,-0.6157,0.0,1.0,-1.0,0.0,0.0,0.0,0.0,-0.5513
0.633,0.634,0.633,0.7573,-0.7334,-0.2267,-0.5396,0.2805,-0.712,-0.901,-0.8384,0.0588,0.0,-0.8516,-1.0,-1.0,0.9727,0.977,-0.8833,0.0,0.573,-0.6885,-0.4856,-0.2223,-0.7373,-0.8057,0.228,-0.01544,0.308,-0.6416,1.381,-0.12006,-1.399,0.6035,0.641,0.0,0.0,0.628,0.0,0.465,-0.4827,0.0,0.0,0.0,0.0,-0.0258,0.0,0.0,0.0,0.852,-0.5815,0.0,2.0,-1.0,0.0,0.0,0.0,0.0,-0.017
0.6274,0.6284,0.6274,1.167,-1.151,-0.2267,-0.5396,0.00411,-1.1,-1.039,-0.8926,0.855,-0.1428,-0.8516,-1.0,-1.0,1.112,1.179,-0.963,0.0,0.5757,0.00072,-0.3481,-0.267,-1.061,-0.8335,-0.7563,-1.02,0.4053,-0.01544,0.2761,-2.496,0.93,0.5933,0.637,0.0,0.0,0.626,0.0,0.4248,-0.7305,0.0,0.0,0.0,0.0,-3.46,0.0,-0.5,-0.5,1.254,-0.9766,0.0,3.0,-1.0,0.0,0.0,0.0,0.0,-2.281
0.621,0.6216,0.621,1.418,-1.396,-0.2267,-0.5396,0.05414,-1.296,-1.137,-0.973,0.3618,-0.2856,-0.8516,-1.0,-1.0,1.236,1.302,-1.02,0.0,0.578,0.532,-0.157,-0.2452,-1.254,-0.8604,-1.227,-0.7383,0.547,-1.02,-0.641,1.381,0.2102,0.5815,0.6343,0.0,0.0,0.624,0.0,0.396,-1.038,0.0,1.0,0.0,0.0,-1.488,-1.0,-1.0,-1.0,1.49,-1.218,0.0,4.0,-1.0,0.0,0.0,0.0,0.0,-0.9976
0.616,0.6167,0.616,1.081,-1.057,-0.2267,-0.5396,-0.00574,-0.9546,-1.073,-1.033,-0.1738,-0.4285,-0.8516,-1.0,-1.0,1.152,1.225,-0.983,0.0,0.5806,-0.4175,0.01587,-0.1748,-0.944,-0.8755,-2.238,0.477,0.603,-0.7383,-0.015434,0.2761,0.658,0.5806,0.6304,0.0,0.0,0.623,0.0,0.4143,-0.823,0.0,0.0,0.0,0.0,0.765,-1.0,-1.0,-0.5,1.12,-0.9404,1.0,0.0,-1.0,0.0,0.0,0.0,0.0,0.519
0.614,0.6143,0.614,0.6177,-0.592,-0.2267,-0.5396,-0.1304,-0.515,-0.961,-1.053,-0.431,-0.4285,-0.8516,-1.0,-1.0,1.007,1.093,-0.9194,0.0,0.5835,-0.4734,0.175,-0.08813,-0.4768,-0.8877,-1.787,0.8364,0.6357,0.477,-1.019,-0.641,-0.814,0.577,0.6274,0.0,0.0,0.6216,0.0,0.4463,-0.3872,0.0,0.0,0.0,0.0,1.772,0.0,-0.5,0.0,0.6777,-0.4885,2.0,0.0,-1.0,0.0,0.0,0.0,0.0,1.193
0.6113,0.612,0.612,0.5786,-0.5596,-0.4792,-0.5396,-0.2157,-0.449,-0.9634,-1.091,-0.03897,-0.5713,-0.8516,-1.0,-1.0,1.002,1.104,-0.921,0.0,0.586,-0.536,0.3135,0.0003111,-0.4263,-0.8975,-1.878,-0.015564,0.6475,0.8364,-0.7383,-0.015434,-0.12006,0.573,0.625,0.0,0.0,0.6187,0.0,0.4456,-0.631,0.0,0.0,0.0,0.0,-0.02158,0.0,-0.5,-0.5,0.6343,-0.4644,0.0,1.0,-1.0,0.0,0.0,0.0,0.0,-0.01433
0.61,0.6104,0.61,0.497,-0.4788,-0.4792,-0.5396,-0.131,-0.325,-0.95,-1.129,-0.2644,-0.7144,-0.8516,-1.0,-1.0,0.9937,1.078,-0.9136,0.0,0.5884,0.801,0.4607,0.1086,-0.2742,-0.915,0.4077,0.0934,0.647,-0.015564,0.477,-1.019,-2.496,0.572,0.6226,0.0,0.0,0.616,0.0,0.449,-0.666,0.0,0.0,0.0,0.0,0.2297,1.0,0.0,-0.5,0.528,-0.4172,1.0,0.0,-1.0,0.0,0.0,0.0,0.0,0.1526
0.609,0.609,0.6094,0.3203,-0.3152,-0.4792,-0.5396,-0.09814,-0.08093,-0.907,-1.174,-1.133,-0.7144,-0.8516,0.0,-1.0,0.9463,1.021,-0.8896,0.0,0.591,0.186,0.588,0.2098,-0.05066,-0.9272,-0.8535,0.3108,0.608,0.0934,0.836,-0.738,1.381,0.5713,0.621,0.0,0.0,0.6133,0.0,0.4612,-0.777,0.0,0.0,0.0,0.0,0.4954,2.0,0.0,-0.5,0.3398,-0.2795,2.0,0.0,-1.0,0.0,0.0,0.0,0.0,0.3286
0.61,0.61,0.611,-0.05118,0.05215,-0.4792,-0.5396,-0.1163,0.349,-0.798,-1.191,13.945,-0.7144,-0.8516,0.0,-1.0,0.8184,0.888,-0.827,0.0,0.5933,-0.287,0.6675,0.29,0.3774,-0.933,-1.168,0.804,0.479,0.3108,-0.015564,0.477,0.2761,0.5776,0.6196,0.0,0.0,0.6104,0.0,0.4927,-0.378,0.0,0.0,0.0,0.0,1.427,2.0,0.0,0.0,0.02774,0.12366,3.0,0.0,-1.0,0.0,0.0,0.0,0.0,0.941
0.611,0.611,0.612,-0.03543,0.02786,-0.4792,-0.5396,-0.1236,0.3801,-0.7983,-1.207,0.2161,-0.7144,-0.8516,0.0,-1.0,0.8184,0.8896,-0.827,0.0,0.596,-0.5127,0.691,0.357,0.413,-0.939,-0.533,0.0,0.4045,0.804,0.0934,0.836,-0.641,0.5864,0.619,0.0,0.0,0.609,0.0,0.4924,-0.3508,0.0,0.0,0.0,0.0,0.0,1.0,0.0,0.0,-0.0863,-0.04062,0.0,0.0,-1.0,0.0,0.0,0.0,0.0,0.0
0.613,0.6123,0.614,-0.1794,0.1688,-0.4792,-0.5396,-0.3987,0.4883,-0.748,-1.171,0.3828,-0.5713,-0.8516,0.0,-1.0,0.737,0.855,-0.7983,0.0,0.5986,-0.4165,0.681,0.3975,0.5483,-0.9316,-0.4492,0.3662,0.415,0.0,0.3108,-0.01556,-0.015434,0.595,0.6196,0.0,0.0,0.6094,0.0,0.507,0.5347,0.0,0.0,0.0,0.0,0.6313,2.0,0.5,0.5,-0.2708,0.0451,1.0,0.0,-1.0,0.0,0.0,0.0,0.0,0.4111
0.6123,0.612,0.6133,0.2686,-0.2854,-0.4792,-0.5396,-0.393,0.02644,-0.8774,-1.174,-0.697,-0.4285,-0.8516,0.0,-1.0,0.8853,1.013,-0.8726,0.0,0.601,0.885,0.622,0.4177,0.04922,-0.9263,0.646,-0.94,0.3699,0.3662,0.8037,0.0934,-1.019,0.597,0.619,0.0,0.0,0.6074,0.0,0.469,-0.2227,0.0,0.0,0.0,0.0,-2.459,1.0,0.5,0.0,0.1859,-0.3647,0.0,1.0,-1.0,0.0,0.0,0.0,0.0,-1.592
0.6123,0.6113,0.6133,0.1831,-0.1975,-0.4792,-0.5396,-0.3037,0.12256,-0.8545,-1.181,0.8877,-0.2856,-0.8516,0.0,-1.0,0.8667,0.9756,-0.8594,0.0,0.6035,0.1757,0.501,0.4258,0.1311,-0.9263,1.463,0.1694,0.2996,-0.94,0.0,0.3108,-0.738,0.6,0.6196,0.0,0.0,0.6055,0.0,0.4756,-0.262,0.0,0.0,0.0,0.0,0.357,1.0,1.0,0.0,0.0801,-0.3057,1.0,0.0,-1.0,0.0,0.0,0.0,0.0,0.2346
0.609,0.6084,0.61,0.7593,-0.7734,-0.553,-0.5396,-0.11035,-0.4736,-1.027,-1.196,-2.61,-0.2856,-0.8516,-1.0,-1.0,1.088,1.176,-0.959,0.0,0.606,1.414,0.3396,0.4219,-0.473,-0.9297,1.212,-1.275,0.1599,0.1694,0.366,0.8037,0.4768,0.598,0.619,0.0,0.0,0.6006,0.0,0.4248,-0.453,0.0,0.0,0.0,0.0,-4.406,0.0,0.5,0.0,0.6865,-0.8047,0.0,1.0,-1.0,0.0,0.0,0.0,0.0,-2.889
0.607,0.6064,0.6074,0.5337,-0.544,-0.553,-0.5396,-0.083,-0.27,-0.9766,-1.205,-0.48,-0.2856,-0.8516,-1.0,-1.0,1.029,1.107,-0.93,0.0,0.6084,-0.2402,0.1227,0.3997,-0.2703,-0.933,0.4482,0.3767,0.07086,-1.275,-0.94,0.0,0.836,0.596,0.618,0.0,0.0,0.5977,0.0,0.4395,-0.3206,0.0,0.0,0.0,0.0,0.8564,1.0,0.5,0.5,0.4395,-0.6157,1.0,0.0,-1.0,0.0,0.0,0.0,0.0,0.5737
0.6045,0.604,0.605,0.602,-0.6147,-0.553,-0.5396,-0.1111,-0.3906,-1.007,-1.2,0.997,-0.2856,-0.8516,-1.0,-1.0,1.063,1.149,-0.948,0.0,0.6113,-0.404,-0.06006,0.3472,-0.3916,-0.9316,0.4497,-0.234,-0.02234,0.3767,0.1694,0.366,-0.01556,0.591,0.6157,0.0,0.0,0.5947,0.0,0.4302,-0.07446,0.0,0.0,0.0,0.0,-0.3687,0.0,0.5,0.5,0.4788,-0.7124,0.0,1.0,-1.0,0.0,0.0,0.0,0.0,-0.2455
0.602,0.6016,0.6035,0.5195,-0.541,-0.553,-0.01714,-0.2147,-0.3872,-0.9956,-1.181,0.1287,-0.2856,-0.8516,-1.0,-1.0,1.04,1.145,-0.9424,0.0,0.614,-0.6367,-0.1926,0.295,-0.3738,-0.9287,0.3254,0.0783,-0.03238,-0.234,-1.274,-0.94,0.0933,0.5854,0.614,0.0,0.0,0.595,0.0,0.433,0.2351,0.0,0.0,0.0,0.0,0.1615,1.0,0.5,1.0,0.3855,-0.6567,1.0,0.0,-1.0,0.0,0.0,0.0,0.0,0.108
0.6006,0.6,0.602,0.4473,-0.4722,-0.553,-0.01714,-0.2264,-0.37,-0.9844,-1.169,0.07434,-0.2856,-0.8516,-1.0,-1.0,1.025,1.131,-0.9365,0.0,0.616,-0.5327,-0.3103,0.2246,-0.3481,-0.927,-0.01016,0.0782,-0.04092,0.0783,0.3767,0.1694,0.3108,0.579,0.6113,0.0,0.0,0.5938,0.0,0.436,0.1053,0.0,0.0,0.0,0.0,0.1403,1.0,0.5,1.0,0.2808,-0.629,2.0,0.0,-1.0,0.0,0.0,0.0,0.0,0.0936
0.5996,0.599,0.601,0.3281,-0.3523,-0.733,-0.01714,-0.255,-0.2708,-0.955,-1.165,-0.2842,-0.2856,-0.8516,-1.0,-1.0,0.989,1.097,-0.921,0.0,0.6187,-0.536,-0.416,0.1201,-0.2632,-0.9243,-0.8477,0.203,-0.07605,0.0782,-0.2339,-1.274,0.8037,0.5767,0.6084,0.0,0.0,0.5923,0.0,0.4438,-0.1445,0.0,0.0,0.0,0.0,0.2114,2.0,0.5,1.0,0.1793,-0.499,3.0,0.0,-1.0,0.0,0.0,0.0,0.0,0.1409
0.5996,0.5986,0.6006,0.1871,-0.2095,-0.733,-0.01714,-0.2465,-0.1439,-0.915,-1.156,-0.7515,-0.2856,-0.8516,-1.0,-1.0,0.943,1.046,-0.899,0.0,0.621,-0.4568,-0.5195,-0.007477,-0.1373,-0.923,-0.9644,0.2803,-0.0803,0.203,0.0783,0.3765,0.0,0.5747,0.6064,0.0,0.0,0.592,0.0,0.4546,-0.0178,0.0,0.0,0.0,0.0,0.4197,2.0,1.0,1.5,0.05673,-0.3472,4.0,0.0,-0.5,0.0,0.0,0.0,0.0,0.2788
0.5977,0.597,0.599,0.446,-0.472,-0.733,-0.01714,-0.3,-0.4185,-0.9937,-1.16,10.62,-0.2856,-0.8516,-1.0,-1.0,1.03,1.149,-0.945,0.0,0.6235,0.01613,-0.535,-0.1675,-0.4446,-0.9194,-1.414,-0.589,-0.07874,0.2803,0.0782,-0.2339,0.366,0.5757,0.6055,0.0,0.0,0.591,0.0,0.4314,-0.2954,0.0,0.0,0.0,0.0,-0.912,2.0,0.5,1.0,0.315,-0.5903,0.0,1.0,-0.5,0.0,0.0,0.0,0.0,-0.603
0.5967,0.596,0.598,0.3542,-0.3801,-0.733,-0.01714,-0.3752,-0.33,-0.9727,-1.167,-0.1763,-0.4285,-0.8516,-1.0,-1.0,0.999,1.131,-0.934,0.0,0.6265,-0.596,-0.525,-0.297,-0.369,-0.9204,-0.668,0.1409,-0.0921,-0.589,0.203,0.07825,-0.9395,0.575,0.6035,0.0,0.0,0.5913,0.0,0.4368,-0.3691,0.0,0.0,0.0,0.0,0.2231,2.0,1.0,1.0,0.1945,-0.537,1.0,0.0,-0.5,0.0,0.0,0.0,0.0,0.1489
0.596,0.595,0.5977,0.2637,-0.292,-0.733,0.5684,-0.387,-0.2114,-0.9497,-1.185,-0.463,-0.5713,-0.8516,-1.0,-1.0,0.9707,1.103,-0.922,0.0,0.629,-0.1377,-0.5293,-0.3862,-0.2632,-0.926,-0.909,0.1561,-0.1748,0.1409,0.28,0.0782,0.1694,0.5767,0.601,0.0,0.0,0.593,0.0,0.4426,-0.6973,0.0,0.0,0.0,0.0,0.3672,2.0,1.0,1.0,0.11926,-0.439,2.0,0.0,-0.5,0.0,0.0,0.0,0.0,0.2446
0.5977,0.597,0.599,-0.1824,0.159,-0.733,0.5684,-0.3604,0.2842,-0.8135,-1.186,-5.504,-0.5713,-0.8516,0.0,-1.0,0.815,0.931,-0.845,0.0,0.6313,0.08826,-0.556,-0.46,0.2357,-0.9287,0.2566,0.9966,-0.196,0.1561,-0.5884,0.203,-1.274,0.581,0.5996,0.0,0.0,0.595,0.0,0.4814,-0.226,0.0,0.0,0.0,0.0,2.178,2.0,1.5,1.5,-0.2673,0.0422,3.0,0.0,-0.5,0.0,0.0,0.0,0.0,1.446
0.6006,0.5996,0.602,-0.3572,0.3352,-0.4958,0.5684,-0.3406,0.5244,-0.747,-1.186,0.8037,-0.5713,-0.8516,0.0,-1.0,0.741,0.848,-0.8076,0.0,0.634,-0.06683,-0.5474,-0.52,0.4016,-0.918,0.03928,0.4749,-0.1401,0.9966,0.1407,0.28,0.3765,0.587,0.599,0.0,0.0,0.597,0.0,0.5,-0.1838,0.0,0.0,0.0,0.0,2.469,2.0,1.5,1.5,-0.4563,0.1893,4.0,0.0,-0.5,0.0,0.0,0.0,0.0,1.612
0.6045,0.604,0.6055,-0.5273,0.516,-0.2264,0.5684,-0.4182,0.7344,-0.674,-1.158,0.5024,-0.5713,-0.8516,0.0,-1.0,0.653,0.769,-0.767,0.0,0.636,0.12415,-0.521,-0.561,0.629,-0.9136,0.4167,0.5166,-0.04422,0.4749,0.1561,-0.5884,-0.2339,0.594,0.5986,0.0,0.0,0.5996,0.0,0.5205,0.4119,0.0,0.0,0.0,0.0,1.444,3.0,1.5,2.0,-0.6025,0.383,5.0,0.0,0.0,0.0,0.0,0.0,0.0,0.936
0.612,0.6123,0.6123,-1.132,1.157,0.6216,0.5684,-0.3638,1.449,-0.447,-1.108,1.066,-0.5713,-0.842,0.0,0.0,0.4136,0.5024,-0.637,0.0,0.6387,1.1875,-0.4036,-0.4995,1.299,-0.8916,0.568,1.627,0.2578,0.5166,0.996,0.1407,0.07825,0.6064,0.6025,0.0,0.0,0.604,0.0,0.586,0.772,1.0,0.0,0.0,0.0,5.555,3.0,1.5,2.0,-1.166,1.021,5.734,0.0,0.5,0.0,0.0,0.0,0.0,3.57
0.6187,0.619,0.619,-0.981,1.01,0.6216,0.5684,-0.5225,1.27,-0.4553,-1.036,0.01685,-0.4285,-0.842,0.0,-1.0,0.4082,0.527,-0.642,0.0,0.6416,-0.5674,-0.2281,-0.385,1.117,-0.867,0.8735,-0.05865,0.4636,1.627,0.4746,0.156,0.0781,0.62,0.6045,0.0,0.0,0.608,0.0,0.583,1.432,1.0,0.0,0.0,0.0,-0.1545,2.0,1.5,2.0,-1.043,0.8555,0.0,1.0,0.5,0.0,0.0,0.0,0.0,-0.09674
0.6265,0.6274,0.6265,-1.2,1.25,0.6216,0.5684,-0.4883,1.517,-0.34,-0.9565,0.3386,-0.2856,-0.8315,0.0,0.0,0.292,0.3962,-0.576,0.0,0.644,0.2004,-0.02788,-0.2491,1.371,-0.8433,1.046,0.807,0.727,-0.05865,0.5166,0.996,0.2029,0.6367,0.6074,0.0,0.0,0.6123,0.0,0.6167,1.478,1.0,0.0,0.0,0.0,1.79,2.0,1.5,2.0,-1.229,1.116,1.0,0.0,0.5,0.0,0.0,0.0,0.0,1.121
0.6333,0.6343,0.633,-0.9346,0.994,0.6216,0.5684,-0.4038,1.197,-0.3838,-0.877,-0.0716,-0.1428,-0.822,0.0,0.0,0.3445,0.436,-0.6016,0.0,0.6465,0.385,0.1808,-0.1079,1.077,-0.821,1.206,-0.3042,0.9,0.807,1.627,0.4746,0.28,0.652,0.6104,0.0,0.0,0.616,0.0,0.6035,1.428,1.0,0.0,0.0,0.0,-0.79,1.0,1.0,2.0,-0.9736,0.868,0.0,1.0,0.5,0.0,0.0,0.0,0.0,-0.4883
0.6377,0.639,0.637,-0.6006,0.6626,0.6216,0.5684,-0.321,0.7925,-0.4585,-0.8076,-0.1953,0.0,-0.822,0.0,-1.0,0.4297,0.511,-0.6445,0.0,0.649,-0.488,0.383,0.03726,0.696,-0.802,2.146,-0.524,0.9946,-0.3042,-0.05865,0.5166,-0.5884,0.661,0.6133,0.0,0.0,0.6187,0.0,0.5815,1.112,1.0,0.0,0.0,0.0,-1.093,0.0,1.0,1.5,-0.6396,0.5625,0.0,2.0,0.5,0.0,0.0,0.0,0.0,-0.6787
0.6426,0.644,0.6416,-0.6562,0.7217,0.6216,0.5684,-0.2876,0.804,-0.4133,-0.7334,0.1569,0.1428,-0.812,0.0,0.0,0.3855,0.4578,-0.619,0.0,0.6514,-0.1194,0.585,0.1897,0.7207,-0.781,2.387,0.3083,1.097,-0.524,0.807,1.626,0.1407,0.67,0.6167,0.0,0.0,0.6226,0.0,0.594,1.146,1.0,0.0,0.0,0.0,0.7036,0.0,1.0,1.5,-0.6885,0.625,1.0,0.0,0.5,0.0,0.0,0.0,0.0,0.4412
0.647,0.6484,0.646,-0.5576,0.621,0.6216,0.5684,-0.2722,0.6475,-0.4185,-0.6636,-0.0438,0.2856,-0.802,0.0,0.0,0.392,0.462,-0.623,0.0,0.654,-0.433,0.753,0.326,0.623,-0.768,2.629,-0.04382,1.179,0.3083,-0.3042,-0.05862,0.156,0.6763,0.621,0.0,0.0,0.6265,0.0,0.5923,1.096,1.0,0.0,0.0,0.0,-0.0872,0.0,0.5,1.0,-0.608,0.5127,0.0,1.0,0.5,0.0,0.0,0.0,0.0,-0.05438
0.6504,0.652,0.65,-0.4,0.4587,0.6216,0.798,-0.254,0.429,-0.4463,-0.6016,-0.1715,0.4285,-0.792,0.0,0.0,0.4226,0.4912,-0.6396,0.0,0.6567,-0.2717,0.89,0.4465,0.448,-0.756,2.043,-0.2047,1.175,-0.04382,-0.524,0.807,0.996,0.6763,0.625,0.0,0.0,0.632,0.0,0.5835,0.946,1.0,0.0,0.0,0.0,-0.3542,-1.0,0.0,0.5,-0.477,0.333,0.0,2.0,0.5,0.0,0.0,0.0,0.0,-0.221
0.652,0.653,0.652,-0.1205,0.1621,0.6216,0.798,-0.2686,0.05023,-0.52,-0.539,-0.6206,0.5713,-0.792,0.0,-1.0,0.4995,0.576,-0.683,0.0,0.659,-0.4607,1.002,0.552,0.11536,-0.7437,1.836,-0.5283,1.1455,-0.2047,0.3083,-0.304,0.4746,0.6743,0.6274,0.0,0.0,0.6357,0.0,0.5615,0.961,1.0,0.0,0.0,0.0,-0.9062,-1.0,-0.5,0.5,-0.1875,0.06946,0.0,3.0,0.5,0.0,0.0,0.0,0.0,-0.5674
0.654,0.6543,0.654,-0.1387,0.1648,0.6216,0.798,-0.2676,-0.01848,-0.505,-0.4753,-0.3127,0.7144,-0.792,0.0,-1.0,0.4834,0.5586,-0.676,0.0,0.6616,-0.601,1.08,0.647,0.0839,-0.731,1.482,0.0888,1.088,-0.5283,-0.04382,-0.524,0.516,0.67,0.6304,0.0,0.0,0.64,0.0,0.565,0.953,1.0,0.0,0.0,0.0,0.12463,0.0,-0.5,0.5,-0.2007,0.07605,1.0,0.0,0.5,0.0,0.0,0.0,0.0,0.07874
0.655,0.655,0.656,-0.04263,0.04523,0.6216,0.798,-0.3103,-0.2058,-0.528,-0.4185,-1.982,0.7144,-0.792,-1.0,-1.0,0.504,0.589,-0.69,0.0,0.664,-0.7383,1.117,0.7397,-0.0967,-0.7153,-0.02214,-0.1774,1.01,0.0888,-0.2047,0.3083,1.626,0.6655,0.633,0.0,0.0,0.6445,0.0,0.5576,0.837,1.0,0.0,0.0,0.0,-0.31,-1.0,-1.0,0.0,-0.1405,-0.075,0.0,1.0,0.5,0.0,0.0,0.0,0.0,-0.1956
0.656,0.6553,0.657,-0.01172,-0.001751,0.6216,0.798,-0.373,-0.2922,-0.5317,-0.3801,1.191,0.5713,-0.792,-1.0,-1.0,0.503,0.5996,-0.694,0.0,0.6665,-0.6777,1.096,0.8213,-0.1908,-0.7026,-0.02814,-0.04446,0.9165,-0.1774,-0.5283,-0.04382,-0.05862,0.6636,0.635,0.0,0.0,0.6484,0.0,0.5557,0.6,0.0,0.0,0.0,0.0,-0.082,-1.0,-1.0,-0.5,-0.1261,-0.1376,0.0,2.0,0.5,0.0,0.0,0.0,0.0,-0.05185
0.6567,0.656,0.658,-0.000845,-0.02206,0.6216,0.798,-0.277,-0.341,-0.53,-0.35,0.4443,0.4285,-0.792,-1.0,-1.0,0.509,0.588,-0.694,0.0,0.6694,0.9985,1.054,0.8955,-0.2766,-0.688,-0.9165,0.0,0.8193,-0.04446,0.0888,-0.2046,0.807,0.66,0.636,0.0,0.0,0.6523,0.0,0.555,0.4673,0.0,0.0,0.0,0.0,0.0,-1.0,-1.5,-1.0,-0.1382,-0.1819,0.0,0.0,0.5,0.0,0.0,0.0,0.0,0.0
0.66,0.6587,0.6616,-0.4084,0.381,0.6216,0.798,-0.2976,0.0629,-0.3909,-0.312,-1.818,0.4285,-0.782,0.0,0.0,0.361,0.4336,-0.6157,0.0,0.672,-0.1203,0.9604,0.9585,0.104,-0.6733,-0.7485,0.9644,0.755,0.0,-0.1774,-0.528,-0.304,0.66,0.6387,0.0,0.0,0.6567,0.0,0.5947,0.6,0.0,0.0,0.0,0.0,2.15,0.0,-1.0,-1.0,-0.5493,0.1855,1.0,0.0,0.5,0.0,0.0,0.0,0.0,1.361
0.663,0.6616,0.6646,-0.3823,0.3525,0.6216,0.798,-0.4602,0.0804,-0.38,-0.3015,0.2502,0.4285,-0.7725,0.0,0.0,0.3354,0.4373,-0.611,0.0,0.6743,-0.632,0.85,0.999,0.102,-0.668,-0.2274,0.0584,0.5957,0.9644,-0.04446,0.0888,-0.524,0.6616,0.6406,0.0,0.0,0.662,0.0,0.597,0.0391,0.0,0.0,0.0,0.0,0.09894,0.0,-0.5,-1.0,-0.5244,0.158,2.0,0.0,0.5,0.0,0.0,0.0,0.0,0.0616
0.666,0.6646,0.6675,-0.3386,0.3088,0.6216,0.798,-0.4727,0.0736,-0.375,-0.2896,0.1049,0.4285,-0.762,0.0,0.0,0.3293,0.433,-0.61,0.0,0.677,-0.7104,0.731,1.008,0.09424,-0.6655,-0.5,0.01459,0.3955,0.0584,0.0,-0.1772,0.3083,0.665,0.6436,0.0,0.0,0.6675,0.0,0.597,0.08154,0.0,0.0,0.0,0.0,0.04855,1.0,-0.5,-0.5,-0.5254,0.0691,3.0,0.0,0.5,0.0,0.0,0.0,0.0,0.03021
0.6714,0.6704,0.673,-0.7617,0.7446,0.6216,0.798,-0.4475,0.5957,-0.213,-0.2732,3.176,0.4285,-0.7524,0.0,0.0,0.1678,0.2556,-0.5186,0.0,0.679,0.856,0.615,0.9795,0.6157,-0.662,-0.443,1.108,0.2211,0.01459,0.9644,-0.04446,-0.04382,0.6724,0.6475,0.0,0.0,0.6743,0.0,0.6436,0.2245,0.0,0.0,0.0,0.0,3.291,2.0,0.0,-0.5,-0.884,0.542,4.0,0.0,0.5,0.0,0.0,0.0,0.0,2.049
0.678,0.6777,0.679,-1.006,1.008,0.6216,0.798,-0.4683,0.9316,-0.09314,-0.2361,0.662,0.4285,-0.7524,0.0,0.0,0.04865,0.1321,-0.4512,0.0,0.6816,0.3313,0.525,0.922,0.943,-0.6504,-0.103,0.802,0.2274,1.108,0.05838,0.0,-0.2046,0.6836,0.653,0.0,0.0,0.6807,0.0,0.6772,0.706,0.0,0.0,0.0,0.0,2.352,3.0,0.5,0.0,-1.106,0.8105,5.0,0.0,0.5,-0.5,0.0,0.0,0.0,1.4375
0.686,0.686,0.6865,-1.136,1.157,0.6216,0.798,-0.455,1.125,-0.003315,-0.1786,0.3452,0.4285,-0.7524,0.0,0.0,-0.036,0.0389,-0.401,0.0,0.6846,0.3328,0.4749,0.8633,1.126,-0.631,0.6714,0.5933,0.3196,0.802,0.01458,0.964,-0.528,0.697,0.6587,0.0,0.0,0.6875,0.0,0.7026,1.208,1.0,0.0,0.0,0.0,1.748,3.0,1.0,0.5,-1.222,0.965,5.734,0.0,0.5,-0.5,0.0,0.0,0.0,1.054
0.6934,0.6934,0.6934,-1.024,1.056,0.6216,0.798,-0.4695,1.048,0.004337,-0.1259,0.075,0.4285,-0.7524,0.0,0.0,-0.04456,0.03256,-0.3972,0.0,0.687,-0.3267,0.476,0.7886,1.034,-0.6123,0.9336,0.04196,0.4053,0.5933,1.108,0.05838,0.08875,0.711,0.6646,0.0,0.0,0.6934,0.0,0.704,1.157,1.0,0.0,0.0,0.0,0.1228,3.0,1.0,0.5,-1.124,0.858,5.734,0.0,1.0,-0.5,0.0,0.0,0.0,0.0733
0.6987,0.6987,0.6987,-0.699,0.7324,0.4502,0.798,-0.45,0.7183,-0.06793,-0.0813,-0.1678,0.4285,-0.7524,0.0,0.0,0.026,0.1043,-0.4392,0.0,0.6895,-0.4504,0.481,0.7207,0.713,-0.5996,1.461,-0.4893,0.4932,0.04196,0.802,0.01458,-0.1772,0.7188,0.6704,0.0,0.0,0.697,0.0,0.6826,0.8364,1.0,0.0,0.0,0.0,-1.075,2.0,1.0,0.5,-0.8066,0.551,0.0,1.0,1.0,-0.5,0.0,0.0,0.0,-0.641
0.705,0.7056,0.705,-0.888,0.9297,0.4502,0.798,-0.4736,0.9336,0.03049,-0.0209,0.426,0.4285,-0.7524,0.0,0.0,-0.0695,0.006577,-0.384,0.0,0.692,-0.536,0.4941,0.6704,0.9497,-0.585,1.819,0.6484,0.6235,-0.4893,0.5933,1.107,-0.04446,0.7295,0.6763,0.0,0.0,0.7007,0.0,0.7104,1.105,1.0,0.0,0.0,0.0,1.406,2.0,1.5,1.0,-0.9805,0.75,1.0,0.0,1.0,-0.5,0.0,0.0,0.0,0.8457
0.709,0.7095,0.709,-0.493,0.5303,0.4502,0.798,-0.4404,0.483,-0.07117,0.03674,-0.3281,0.4285,-0.7524,0.0,0.0,0.02998,0.1067,-0.4429,0.0,0.6943,-0.5825,0.507,0.6367,0.5347,-0.5723,2.205,-0.683,0.681,0.6484,0.04196,0.8013,0.0,0.7373,0.6816,0.0,0.0,0.703,0.0,0.6807,0.9917,1.0,0.0,0.0,0.0,-1.159,1.0,1.5,1.0,-0.5786,0.3882,0.0,1.0,1.0,-0.5,0.0,0.0,0.0,-0.69
0.713,0.714,0.7134,-0.515,0.5513,0.4502,0.798,-0.439,0.4749,-0.04013,0.09607,0.128,0.4285,-0.7524,0.0,0.0,0.0004003,0.07477,-0.426,0.0,0.697,-0.5664,0.5137,0.6133,0.5757,-0.5625,1.545,0.1975,0.7407,-0.683,-0.4893,0.5933,0.964,0.741,0.6865,0.0,0.0,0.706,0.0,0.689,1.014,1.0,0.0,0.0,0.0,0.253,1.0,1.5,1.0,-0.598,0.4104,1.0,0.0,1.0,-0.5,0.0,0.0,0.0,0.1522
0.718,0.7183,0.718,-0.5728,0.6045,0.4502,0.824,-0.4514,0.4924,0.003317,0.1636,0.1757,0.5713,-0.7524,0.0,0.0,-0.04196,0.03183,-0.402,0.0,0.6997,-0.834,0.5327,0.599,0.6475,-0.551,1.722,0.2812,0.791,0.1975,0.6484,0.04196,0.05838,0.7437,0.693,0.0,0.0,0.71,0.0,0.701,1.165,1.0,0.0,0.0,0.0,0.2595,1.0,1.5,1.5,-0.638,0.4783,2.0,0.0,1.0,-0.5,0.0,0.0,0.0,0.1558
0.7236,0.7236,0.7236,-0.79,0.82,0.4502,0.824,-0.4521,0.679,0.10156,0.2377,0.48,0.7144,-0.7427,0.0,0.0,-0.1338,-0.0663,-0.3445,0.0,0.702,-0.766,0.5693,0.6074,0.8813,-0.5337,1.968,0.672,0.8906,0.2812,-0.683,-0.489,0.01458,0.746,0.699,0.0,0.0,0.7144,0.0,0.73,1.287,1.0,0.0,0.0,0.0,0.957,2.0,1.5,2.0,-0.8066,0.73,3.0,0.0,1.0,-0.5,1.0,0.0,1.742,0.5713
0.7305,0.7305,0.731,-0.9556,0.977,0.4502,0.824,-0.5415,0.807,0.1869,0.3196,0.32,0.857,-0.733,0.0,0.0,-0.2201,-0.1415,-0.2927,0.0,0.7046,-0.0171,0.7163,0.6704,0.9277,-0.4905,1.16,0.595,1.02,0.672,0.1974,0.648,1.107,0.751,0.706,0.0,0.0,0.7197,0.0,0.756,1.357,1.0,0.0,0.0,0.0,1.278,2.0,1.5,2.0,-0.975,0.8716,4.0,0.0,1.0,-0.5,0.0,0.0,0.0,0.755
0.738,0.7383,0.739,-1.052,1.073,0.4502,0.824,-0.5776,0.894,0.255,0.3928,0.2463,0.857,-0.7227,0.0,0.0,-0.2844,-0.2035,-0.2507,0.0,0.707,-0.2295,0.889,0.75,1.0205,-0.465,0.6025,0.4795,1.149,0.595,0.281,-0.683,0.8013,0.76,0.7124,0.0,0.0,0.726,0.0,0.7773,1.31,1.0,0.0,0.0,0.0,0.9775,3.0,1.5,2.0,-1.044,0.9893,5.0,0.0,1.0,-0.5,0.0,0.0,0.0,0.572
0.7456,0.7456,0.746,-1.051,1.072,0.4502,0.872,-0.574,0.869,0.2905,0.4692,0.11584,0.857,-0.713,0.0,0.0,-0.3162,-0.2378,-0.2268,0.0,0.7095,-0.581,1.052,0.8394,1.02,-0.4412,0.2235,0.2717,1.227,0.4795,0.6714,0.1974,0.5933,0.767,0.7188,0.0,0.0,0.734,0.0,0.789,1.336,1.0,0.0,0.0,0.0,0.631,3.0,1.5,2.0,-1.031,1.001,5.734,0.0,1.0,-0.5,0.0,0.0,0.0,0.366
0.7544,0.7544,0.755,-1.213,1.235,0.4502,0.872,-0.552,1.019,0.3862,0.557,0.3088,0.857,-0.703,0.0,0.0,-0.398,-0.3298,-0.168,0.0,0.712,-0.3381,1.251,0.97,1.117,-0.4001,0.3958,0.663,1.33,0.2717,0.5947,0.281,0.04193,0.78,0.7256,0.0,0.0,0.742,0.0,0.819,1.405,1.0,0.0,0.0,0.0,1.659,3.0,1.5,2.0,-1.204,1.141,5.734,0.0,1.0,-0.5,0.0,0.0,0.0,0.958
0.7637,0.7637,0.764,-1.261,1.285,0.453,0.872,-0.6543,1.072,0.446,0.6333,0.1952,0.857,-0.693,0.0,0.0,-0.459,-0.3752,-0.1295,0.0,0.715,-0.346,1.471,1.142,1.092,-0.3577,1.206,0.4282,1.402,0.663,0.4795,0.6714,-0.489,0.7935,0.731,0.0,0.0,0.751,0.0,0.838,1.343,1.0,0.0,0.0,0.0,1.281,3.0,1.5,2.0,-1.268,1.168,5.734,0.0,1.5,-0.5,0.0,0.0,0.0,0.7314
0.7715,0.7715,0.7725,-1.125,1.147,0.453,0.872,-0.755,0.9375,0.438,0.693,0.01874,0.857,-0.683,0.0,0.0,-0.461,-0.3582,-0.1295,0.0,0.7173,-0.9004,1.67,1.313,0.929,-0.3289,0.904,0.0,1.4,0.4282,0.2717,0.5947,0.648,0.806,0.737,0.0,0.0,0.7603,0.0,0.838,1.244,1.0,0.0,0.0,0.0,0.0,2.0,1.5,2.0,-1.171,0.9995,0.0,0.0,1.5,-0.5,0.0,0.0,0.0,0.0
0.781,0.781,0.7812,-1.217,1.245,0.453,0.872,-0.8096,1.068,0.511,0.751,0.2788,0.857,-0.6733,0.0,0.0,-0.5283,-0.42,-0.08276,0.0,0.7197,-0.2668,1.869,1.489,1.015,-0.2979,1.955,0.518,1.382,0.0,0.663,0.4792,-0.683,0.8184,0.742,0.0,0.0,0.7705,0.0,0.8613,1.238,1.0,0.0,0.0,0.0,1.297,2.0,1.5,2.0,-1.236,1.119,1.0,0.0,1.5,-0.5,0.0,0.0,0.0,0.7354
0.7896,0.79,0.79,-1.237,1.2705,0.453,0.872,-0.8394,1.111,0.561,0.8154,0.183,0.857,-0.6636,0.0,0.0,-0.573,-0.462,-0.04913,0.0,0.722,-0.644,2.053,1.66,1.049,-0.2708,2.195,0.369,1.431,0.518,0.4282,0.2717,0.1974,0.8296,0.748,0.0,0.0,0.78,0.0,0.8784,1.285,1.0,0.0,0.0,0.0,0.749,2.0,1.5,2.0,-1.264,1.135,2.0,0.0,1.5,-0.5,0.0,0.0,0.0,0.421
0.7974,0.7974,0.7974,-0.9824,1.012,0.453,0.872,-0.843,0.8145,0.5063,0.884,-0.1223,0.857,-0.6533,0.0,0.0,-0.5273,-0.412,-0.07556,0.0,0.7246,-0.7817,2.2,1.812,0.765,-0.2456,2.365,-0.288,1.387,0.369,0.0,0.6626,0.281,0.838,0.7544,0.0,0.0,0.7886,0.0,0.8647,1.393,1.0,0.0,0.0,0.0,-0.475,1.0,1.5,2.0,-1.042,0.8604,0.0,1.0,1.5,-0.5,0.0,0.0,0.0,-0.2654
0.8022,0.8027,0.8027,-0.659,0.6846,0.453,0.8184,-0.8203,0.4553,0.4185,0.93,-0.2808,0.857,-0.6436,0.0,0.0,-0.45,-0.334,-0.12115,0.0,0.727,-0.3655,2.318,1.943,0.3623,-0.2174,2.055,-0.5,1.238,-0.288,0.518,0.428,0.6714,0.843,0.76,0.0,0.0,0.7964,0.0,0.8413,0.989,1.0,0.0,0.0,0.0,-1.898,0.0,1.0,1.5,-0.747,0.528,0.0,2.0,1.5,-0.5,0.0,0.0,0.0,-1.065
0.809,0.809,0.8096,-0.8706,0.8926,0.453,0.8184,-0.832,0.6387,0.516,1.002,0.4954,0.857,-0.634,0.0,0.0,-0.534,-0.422,-0.05994,0.0,0.73,-0.536,2.395,2.049,0.5625,-0.1927,1.688,0.677,1.207,-0.5,0.3687,0.0,0.5947,0.8477,0.766,0.0,0.0,0.804,0.0,0.872,1.478,1.0,0.0,0.0,0.0,1.593,1.0,1.0,2.0,-0.918,0.7627,1.0,0.0,1.5,-1.0,0.0,0.0,0.0,0.902
0.8154,0.8154,0.8164,-0.8315,0.8457,0.453,0.8184,-0.83,0.5527,0.5283,1.073,0.01802,0.857,-0.6235,0.0,0.0,-0.5444,-0.4333,-0.04794,0.0,0.7324,-0.5737,2.406,2.133,0.504,-0.1698,1.455,0.1312,1.215,0.677,-0.288,0.518,0.4792,0.8516,0.7725,0.0,0.0,0.8105,0.0,0.878,1.478,1.0,0.0,0.0,0.0,0.3926,1.0,1.0,2.0,-0.886,0.7114,2.0,0.0,1.5,-1.0,0.0,0.0,0.0,0.2197
0.82,0.8193,0.821,-0.4941,0.4941,0.453,0.8184,-0.7773,0.1451,0.4275,1.128,-0.5264,0.857,-0.614,0.0,0.0,-0.4539,-0.3464,-0.10077,0.0,0.735,-0.636,2.324,2.19,0.1576,-0.1583,1.408,-0.5757,1.194,0.1312,-0.4998,0.3687,0.2717,0.853,0.779,0.0,0.0,0.8154,0.0,0.851,1.092,1.0,0.0,0.0,0.0,-1.05,0.0,0.5,1.5,-0.568,0.3652,0.0,1.0,1.5,-1.0,0.0,0.0,0.0,-0.5864
0.823,0.8223,0.8247,-0.369,0.3567,0.453,0.8184,-0.7676,-0.0229,0.394,1.166,-0.565,0.857,-0.604,0.0,0.0,-0.424,-0.3164,-0.1152,0.0,0.7373,-0.5093,2.162,2.223,0.0193,-0.1469,0.8315,-0.1586,1.1455,-0.5757,0.6763,-0.2878,0.6626,0.8516,0.785,0.0,0.0,0.8203,0.0,0.8438,0.877,1.0,0.0,0.0,0.0,-0.2532,0.0,0.0,1.0,-0.4673,0.2108,0.0,2.0,1.5,-1.0,0.0,0.0,0.0,-0.1428
0.8257,0.824,0.827,-0.25,0.2256,0.453,0.7573,-0.8086,-0.1704,0.358,1.1875,-1.611,0.7144,-0.594,-1.0,0.0,-0.3965,-0.2788,-0.1307,0.0,0.7397,-0.5605,2.012,2.225,-0.1311,-0.1342,0.4182,-0.1722,1.022,-0.1586,0.1311,-0.4998,0.428,0.8477,0.791,0.0,0.0,0.825,0.0,0.8354,0.6343,0.0,0.0,0.0,0.0,-0.296,0.0,-0.5,0.5,-0.3665,0.0693,0.0,3.0,1.5,-1.0,0.0,0.0,0.0,-0.1674
0.829,0.8276,0.831,-0.423,0.3928,0.453,0.7573,-0.837,0.0003557,0.424,1.21,-3.244,0.7144,-0.584,0.0,0.0,-0.4563,-0.3376,-0.0875,0.0,0.742,-0.4785,1.818,2.2,0.04257,-0.123,0.4167,0.4785,0.952,-0.1722,-0.5757,0.6763,0.0,0.847,0.798,0.0,0.0,0.83,0.0,0.8574,0.638,0.0,0.0,0.0,0.0,0.8096,0.0,0.0,0.5,-0.5146,0.2502,1.0,0.0,1.5,-1.0,0.0,0.0,0.0,0.4592
0.8335,0.832,0.836,-0.5264,0.4902,0.453,0.7573,-0.8564,0.1088,0.471,1.233,1.173,0.7144,-0.574,0.0,0.0,-0.4983,-0.3787,-0.05515,0.0,0.745,-0.7485,1.579,2.143,0.1493,-0.1103,-0.11505,0.356,0.7856,0.4785,-0.1586,0.1311,0.518,0.85,0.8047,0.0,0.0,0.8364,0.0,0.8735,0.664,0.0,0.0,0.0,0.0,0.54,0.0,0.0,0.5,-0.6235,0.333,2.0,0.0,1.5,-1.0,0.0,0.0,0.0,0.304
0.838,0.836,0.84,-0.515,0.4763,0.453,0.7573,-0.903,0.1191,0.4807,1.247,0.1932,0.7144,-0.5645,0.0,0.0,-0.5107,-0.3833,-0.04434,0.0,0.7476,-0.8555,1.359,2.049,0.1514,-0.0997,-0.5,0.118,0.589,0.356,-0.1722,-0.5757,0.3687,0.851,0.811,0.0,0.0,0.843,0.0,0.879,0.504,0.0,0.0,0.0,0.0,0.1932,1.0,0.0,0.5,-0.6284,0.3027,3.0,0.0,1.5,-1.0,0.0,0.0,0.0,0.10803
0.841,0.839,0.8433,-0.3464,0.304,0.453,0.7573,-0.9077,-0.02788,0.4333,1.248,-0.5454,0.7144,-0.5547,0.0,0.0,-0.4707,-0.3394,-0.06714,0.0,0.75,-0.4646,1.171,1.908,-0.005398,-0.09296,-0.1644,-0.2485,0.343,0.118,0.4783,-0.1586,-0.2878,0.85,0.817,0.0,0.0,0.848,0.0,0.867,0.1982,0.0,0.0,0.0,0.0,-0.4702,1.0,0.0,0.0,-0.4568,0.1465,0.0,1.0,1.5,-1.0,0.0,0.0,0.0,-0.2625
0.841,0.8394,0.8433,0.124,-0.1693,0.453,0.603,-0.816,-0.49,0.275,1.23,-5.668,0.5713,-0.5444,-1.0,0.0,-0.3237,-0.1998,-0.1548,0.0,0.7524,-0.574,0.962,1.723,-0.4707,-0.09326,0.4153,-0.959,0.12445,-0.2485,0.356,-0.1722,-0.4998,0.8477,0.822,0.0,0.0,0.8516,0.0,0.8228,-0.2495,0.0,0.0,0.0,0.0,-1.926,1.0,0.0,0.0,0.006638,-0.2976,0.0,2.0,1.5,-1.0,0.0,0.0,0.0,-1.079
0.843,0.8413,0.845,-0.1777,0.1361,0.453,0.603,-0.8394,-0.1503,0.376,1.217,-0.851,0.4285,-0.5347,-1.0,0.0,-0.415,-0.293,-0.09235,0.0,0.755,-0.4778,0.7544,1.544,-0.137,-0.0935,-0.3906,0.6943,-0.05212,-0.959,0.1179,0.4783,0.6763,0.8486,0.8267,0.0,0.0,0.8545,0.0,0.854,-0.179,0.0,0.0,0.0,0.0,1.251,1.0,0.0,0.0,-0.2603,0.02213,1.0,0.0,1.5,-1.0,0.0,0.0,0.0,0.713
0.8433,0.842,0.8457,0.05008,-0.09344,0.453,0.603,-0.7827,-0.338,0.2996,1.1875,6.01,0.2856,-0.525,-1.0,0.0,-0.3425,-0.2263,-0.1332,0.0,0.758,-0.09485,0.538,1.338,-0.3315,-0.0979,-0.581,-0.4487,-0.1906,0.6943,-0.2485,0.356,0.1311,0.8486,0.83,0.0,0.0,0.8564,0.0,0.8335,-0.4949,0.0,0.0,0.0,0.0,-0.8013,0.0,-0.5,-0.5,-0.03854,-0.1963,0.0,1.0,1.5,-1.0,0.0,0.0,0.0,-0.4512
0.8447,0.8433,0.847,-0.064,0.02203,0.453,0.603,-0.7866,-0.1896,0.3367,1.17,-0.5874,0.1428,-0.5146,-1.0,0.0,-0.3757,-0.261,-0.108,0.0,0.7603,-0.5464,0.3176,1.102,-0.1781,-0.1016,-0.02814,0.2793,-0.326,-0.4487,-0.9585,0.1179,-0.5757,0.8477,0.833,0.0,0.0,0.8584,0.0,0.8457,-0.2756,0.0,0.0,0.0,0.0,0.9062,0.0,0.0,0.0,-0.1577,-0.0952,1.0,0.0,1.5,-1.0,0.0,0.0,0.0,0.514
0.845,0.8433,0.8477,0.07733,-0.12134,0.453,0.603,-0.824,-0.321,0.287,1.156,2.078,0.0,-0.505,-1.0,0.0,-0.3352,-0.2104,-0.1332,0.0,0.7627,-0.7925,0.129,0.8813,-0.3208,-0.1,0.1427,-0.2778,-0.3635,0.2793,0.694,-0.2484,-0.1586,0.8438,0.836,0.0,0.0,0.859,0.0,0.833,-0.1907,0.0,0.0,0.0,0.0,-0.26,0.0,0.0,0.0,-0.0458,-0.2595,0.0,1.0,1.5,-1.0,0.0,0.0,0.0,-0.1469
0.8447,0.8433,0.847,0.1895,-0.2334,-0.921,0.603,-0.7935,-0.4014,0.2434,1.124,0.5713,-0.1428,-0.495,-1.0,0.0,-0.2937,-0.1719,-0.1548,0.0,0.765,-0.03558,-0.03345,0.683,-0.4111,-0.10486,0.315,-0.2394,-0.34,-0.2778,-0.4485,-0.9585,-0.1722,0.839,0.8394,0.0,0.0,0.859,0.0,0.822,-0.5938,0.0,0.0,0.0,0.0,-0.3523,0.0,0.0,-0.5,0.06445,-0.365,0.0,2.0,1.5,-1.0,0.0,0.0,0.0,-0.1998
0.8447,0.843,0.8467,0.1782,-0.2227,-0.921,0.603,-0.7954,-0.3545,0.2393,1.089,-0.03677,-0.2856,-0.485,-1.0,0.0,-0.29,-0.1676,-0.1536,0.0,0.7676,-0.5747,-0.1552,0.4834,-0.36,-0.1135,-0.2544,0.01335,-0.3196,-0.2394,0.279,0.694,0.4783,0.835,0.842,0.0,0.0,0.8584,0.0,0.8223,-0.6577,0.0,0.0,0.0,0.0,0.01828,0.0,0.0,-0.5,0.02419,-0.3867,1.0,0.0,1.5,-1.0,0.0,0.0,0.0,0.010414
0.844,0.8423,0.846,0.1982,-0.2422,-0.921,0.603,-0.823,-0.3584,0.2245,1.065,0.1609,-0.4285,-0.4753,-1.0,0.0,-0.2793,-0.1508,-0.1583,0.0,0.77,-0.718,-0.2656,0.2969,-0.3682,-0.11694,-0.741,-0.05338,-0.291,0.01335,-0.2778,-0.4485,0.3557,0.8345,0.8447,0.0,0.0,0.857,0.0,0.82,-0.4548,0.0,0.0,0.0,0.0,-0.05557,0.0,-0.5,-0.5,0.03708,-0.4126,0.0,1.0,1.5,-1.0,0.0,0.0,0.0,-0.03165
0.8438,0.842,0.8457,0.2168,-0.2595,-0.921,0.603,-0.8174,-0.366,0.2097,1.043,0.1771,-0.5713,-0.4653,-1.0,0.0,-0.2654,-0.1371,-0.1632,0.0,0.773,-0.447,-0.3533,0.121,-0.3838,-0.11884,-1.005,-0.05344,-0.2886,-0.05338,-0.2393,0.279,0.1179,0.831,0.8477,0.0,0.0,0.855,0.0,0.8174,-0.4082,0.0,0.0,0.0,0.0,-0.06683,-1.0,-1.0,-0.5,0.04755,-0.4373,0.0,2.0,1.5,-1.0,0.0,0.0,0.0,-0.0381
0.8433,0.8413,0.845,0.2274,-0.2695,-0.921,0.603,-0.8296,-0.3716,0.197,1.023,0.1678,-0.5713,-0.4556,-1.0,0.0,-0.2551,-0.12366,-0.1667,0.0,0.7754,-0.698,-0.3936,-0.04428,-0.387,-0.122,-0.8687,-0.0401,-0.2708,-0.05344,0.01335,-0.2778,-0.2484,0.8296,0.8506,0.0,0.0,0.8535,0.0,0.8154,-0.347,0.0,0.0,0.0,0.0,-0.07294,-1.0,-1.0,-0.5,0.0341,-0.4724,0.0,3.0,1.5,-1.0,0.0,0.0,0.0,-0.0416
0.843,0.841,0.8447,0.2191,-0.2607,-0.921,0.603,-0.8325,-0.3413,0.1901,0.9937,0.01285,-0.7144,-0.4456,-1.0,0.0,-0.249,-0.1166,-0.1667,0.0,0.778,-0.5005,-0.3806,-0.1797,-0.3596,-0.1273,0.1007,0.0,-0.2471,-0.0401,-0.05338,-0.2393,-0.9585,0.827,0.8525,0.0,0.0,0.853,0.0,0.8154,-0.6562,0.0,0.0,0.0,0.0,0.0,-1.0,-1.0,-1.0,0.007267,-0.4844,0.0,0.0,1.5,-1.0,0.0,0.0,0.0,0.0
0.842,0.8403,0.844,0.2283,-0.2717,-0.921,0.603,-0.819,-0.3164,0.1764,0.9546,0.0226,-0.857,-0.4355,-1.0,0.0,-0.2352,-0.10455,-0.1704,0.0,0.7803,-0.59,-0.3293,-0.2793,-0.3438,-0.134,-0.6934,-0.04013,-0.2512,0.0,-0.05344,0.01334,0.694,0.825,0.8535,0.0,0.0,0.851,0.0,0.8135,-0.961,0.0,0.0,0.0,0.0,-0.04416,-2.0,-1.5,-1.5,0.01255,-0.499,0.0,1.0,1.5,-1.0,0.0,0.0,0.0,-0.0252
0.841,0.8394,0.8433,0.289,-0.3372,-0.921,0.603,-0.819,-0.3406,0.144,0.909,0.2747,-1.0,-0.4258,-1.0,0.0,-0.2058,-0.07306,-0.1848,0.0,0.7827,-0.8945,-0.2668,-0.3274,-0.3733,-0.1433,-0.2812,-0.1606,-0.2683,-0.04013,-0.0401,-0.05338,-0.4485,0.8237,0.8545,0.0,0.0,0.8486,0.0,0.806,-1.13,0.0,1.0,0.0,0.0,-0.1862,-2.0,-1.5,-2.0,0.06635,-0.5674,0.0,2.0,1.5,-1.0,0.0,0.0,0.0,-0.1063
0.8394,0.838,0.842,0.3567,-0.4084,-0.921,0.603,-0.8247,-0.3801,0.1076,0.8657,0.336,-1.143,-0.4158,-1.0,0.0,-0.1729,-0.0366,-0.2015,0.0,0.785,-0.549,-0.2051,-0.3367,-0.4104,-0.1536,-0.66,-0.188,-0.2317,-0.1606,0.0,-0.0534,0.279,0.822,0.8545,0.0,0.0,0.847,0.0,0.7974,-1.105,0.0,1.0,0.0,0.0,-0.3518,-2.0,-1.5,-2.0,0.0895,-0.6816,0.0,3.0,1.5,-1.0,0.0,0.0,0.0,-0.2015
0.8384,0.837,0.841,0.2998,-0.3503,-0.921,0.603,-0.8633,-0.3257,0.1123,0.8433,-0.0829,-1.143,-0.406,-1.0,0.0,-0.1805,-0.03754,-0.1943,0.0,0.788,-0.4775,-0.153,-0.313,-0.3386,-0.1599,-0.4626,0.0808,-0.2056,-0.188,-0.04013,-0.0401,-0.2778,0.82,0.8545,0.0,0.0,0.8457,0.0,0.801,-0.5215,0.0,0.0,0.0,0.0,0.1678,-1.0,-1.5,-1.5,0.003872,-0.659,1.0,0.0,1.5,-1.0,0.0,0.0,0.0,0.09644
0.8364,0.835,0.839,0.4583,-0.5107,-0.921,0.603,-0.8657,-0.463,0.04535,0.7993,0.858,-1.143,-0.396,-1.0,0.0,-0.1186,0.02922,-0.2292,0.0,0.7905,-0.4531,-0.10455,-0.2625,-0.4827,-0.1683,-0.2693,-0.39,-0.1447,0.0808,-0.1606,0.0,-0.2393,0.817,0.853,0.0,0.0,0.844,0.0,0.783,-1.645,0.0,1.0,0.0,0.0,-0.5503,-1.0,-1.5,-2.0,0.1483,-0.8228,0.0,1.0,1.5,-1.0,0.0,0.0,0.0,-0.316
0.833,0.8315,0.8354,0.662,-0.711,-0.921,0.603,-0.841,-0.6577,-0.03915,0.7554,0.7583,-1.143,-0.3862,-1.0,0.0,-0.0365,0.1123,-0.275,0.0,0.793,0.1066,-0.04483,-0.1958,-0.674,-0.1791,-0.3772,-0.514,-0.05573,-0.39,-0.1879,-0.04013,0.01334,0.812,0.8516,0.0,0.0,0.8413,0.0,0.76,-1.661,0.0,1.0,0.0,0.0,-1.037,-1.0,-1.5,-2.0,0.348,-1.012,0.0,2.0,1.5,-1.0,0.0,0.0,0.0,-0.599
0.8296,0.828,0.832,0.6934,-0.7397,-0.921,0.603,-0.844,-0.6733,-0.0722,0.7026,0.1742,-1.143,-0.3762,-1.0,0.0,-0.00516,0.1464,-0.2905,0.0,0.7954,-0.589,0.0476,-0.1095,-0.6636,-0.1974,-0.4685,-0.1775,-0.00803,-0.514,0.0808,-0.1606,-0.05334,0.806,0.8496,0.0,0.0,0.8374,0.0,0.7515,-1.719,0.0,1.0,0.0,1.0,-0.2773,-1.0,-1.5,-2.0,0.3704,-1.048,0.0,3.0,1.5,-1.0,0.0,0.0,0.0,-0.1615
0.827,0.8257,0.8296,0.543,-0.5864,-1.056,0.603,-0.845,-0.5146,-0.04486,0.6616,-0.1691,-1.143,-0.3665,-1.0,0.0,-0.03143,0.11847,-0.2712,0.0,0.798,-0.739,0.11566,-0.03552,-0.514,-0.206,-0.573,0.2191,-0.03543,-0.1775,-0.39,-0.1879,-0.0534,0.8013,0.847,0.0,0.0,0.8335,0.0,0.761,-1.719,0.0,1.0,0.0,0.0,0.2998,0.0,-1.5,-2.0,0.2281,-0.897,1.0,0.0,1.5,-1.0,0.0,0.0,0.0,0.1752
0.824,0.8228,0.826,0.653,-0.696,-1.056,0.603,-0.898,-0.6167,-0.09827,0.621,0.424,-1.143,-0.3564,-1.0,0.0,0.01514,0.1785,-0.3,0.0,0.8003,-0.661,0.177,0.02702,-0.622,-0.2155,-0.663,-0.3274,-0.02315,0.2191,-0.514,0.08075,-0.0401,0.7964,0.8447,0.0,0.0,0.8296,0.0,0.7466,-1.719,0.0,1.0,0.0,0.0,-0.3645,-1.0,-1.5,-2.0,0.3464,-0.989,0.0,1.0,1.5,-1.0,0.0,0.0,0.0,-0.2123
0.8213,0.82,0.823,0.611,-0.652,-1.056,0.6675,-0.9023,-0.5664,-0.1063,0.5767,0.03235,-1.143,-0.3464,-1.0,0.0,0.02254,0.1873,-0.3013,0.0,0.803,-0.6055,0.245,0.08673,-0.5723,-0.2262,-0.8296,-0.01372,0.04367,-0.3274,-0.1775,-0.39,0.0,0.7915,0.843,0.0,0.0,0.8276,0.0,0.746,-1.719,0.0,1.0,0.0,0.0,-0.01712,-1.0,-1.5,-2.0,0.3047,-0.9478,0.0,2.0,1.5,-1.0,0.0,0.0,0.0,-0.010025
0.8184,0.817,0.8203,0.6284,-0.6685,-1.073,0.6675,-0.9,-0.5723,-0.1337,0.529,0.158,-1.143,-0.3367,-1.0,0.0,0.04938,0.2155,-0.3132,0.0,0.8057,-0.6963,0.3015,0.1398,-0.5884,-0.2357,-0.9526,-0.1372,0.05557,-0.01372,0.2191,-0.514,-0.04013,0.786,0.84,0.0,0.0,0.8237,0.0,0.7397,-1.719,0.0,1.0,0.0,0.0,-0.168,-1.0,-1.5,-2.0,0.325,-0.96,0.0,3.0,1.5,-1.0,0.0,0.0,0.0,-0.0984
0.8125,0.8115,0.814,1.097,-1.132,-1.073,0.405,-0.788,-1.016,-0.3047,0.463,1.206,-1.143,-0.3267,-1.0,0.0,0.2291,0.3862,-0.4104,0.0,0.808,-0.3616,0.404,0.2272,-0.969,-0.265,-0.951,-1.114,0.2269,-0.1372,-0.3274,-0.1775,-0.1605,0.778,0.836,0.0,0.0,0.8193,0.0,0.69,-1.719,0.0,1.0,0.0,1.0,-3.254,-1.0,-1.5,-2.0,0.815,-1.363,0.0,4.0,1.5,-0.5,0.0,1.0,-2.111,-1.91
0.8096,0.8086,0.811,0.605,-0.631,-0.9497,0.405,-0.697,-0.524,-0.1788,0.416,-0.4558,-1.143,-0.317,-1.0,0.0,0.11176,0.2433,-0.3337,0.0,0.8105,0.5513,0.503,0.3193,-0.4546,-0.2822,-1.022,0.897,0.2224,-1.114,-0.01372,0.219,-0.1879,0.775,0.833,0.0,0.0,0.8154,0.0,0.729,-1.142,0.0,1.0,0.0,0.0,1.815,-1.0,-1.0,-2.0,0.4001,-0.8174,1.0,0.0,1.5,-0.5,0.0,0.0,0.0,1.086
0.8076,0.8066,0.809,0.4866,-0.5127,-0.8633,0.405,-0.6826,-0.3838,-0.1587,0.3733,-0.233,-1.143,-0.307,-1.0,0.0,0.09326,0.2207,-0.3193,0.0,0.813,-0.2693,0.5796,0.3967,-0.3108,-0.2944,-1.277,0.1656,0.2102,0.897,-0.1372,-0.3274,0.08075,0.7734,0.831,0.0,0.0,0.8125,0.0,0.736,-1.021,0.0,0.0,0.0,0.0,0.4275,0.0,-1.0,-1.5,0.2966,-0.692,2.0,0.0,1.5,-0.5,0.0,0.0,0.0,0.2517
0.806,0.805,0.808,0.3552,-0.3818,-0.7485,0.405,-0.62,-0.2252,-0.1304,0.3362,-0.5044,-1.143,-0.297,-1.0,0.0,0.0711,0.185,-0.3,0.0,0.8154,0.1879,0.623,0.458,-0.1676,-0.3013,-0.999,0.2203,0.1907,0.1656,-1.114,-0.01371,-0.39,0.772,0.829,0.0,0.0,0.81,0.0,0.7456,-0.86,0.0,0.0,0.0,0.0,0.757,1.0,-0.5,-1.0,0.1775,-0.558,3.0,0.0,1.5,-0.5,0.0,0.0,0.0,0.4446
0.8066,0.8057,0.808,0.0983,-0.1244,-0.4697,0.405,-0.58,0.06366,-0.0556,0.312,-2.734,-1.0,-0.287,0.0,0.0,0.002554,0.1041,-0.2532,0.0,0.8184,-0.284,0.633,0.504,0.10767,-0.3042,-0.518,0.535,0.1476,0.2203,0.897,-0.1372,-0.514,0.7744,0.827,0.0,0.0,0.8086,0.0,0.769,-0.4902,0.0,0.0,0.0,0.0,0.805,2.0,0.0,-0.5,-0.04443,-0.2825,4.0,0.0,1.5,-0.5,0.0,0.0,0.0,0.4714
0.805,0.8037,0.807,0.3735,-0.4065,-0.4697,0.405,-0.5557,-0.1963,-0.1503,0.2827,-1.451,-1.0,-0.2773,-1.0,0.0,0.0963,0.1997,-0.3071,0.0,0.821,-0.42,0.629,0.5376,-0.1511,-0.3118,-0.2964,-0.612,0.1157,0.535,0.1656,-1.113,-0.1774,0.774,0.8247,0.0,0.0,0.806,0.0,0.7417,-0.639,0.0,0.0,0.0,0.0,-1.189,2.0,0.0,-0.5,0.2435,-0.5293,0.0,1.0,1.5,-0.5,0.0,0.0,0.0,-0.6904
0.806,0.8047,0.808,-0.01164,-0.01953,-0.4697,0.405,-0.543,0.2235,-0.03087,0.2683,-5.53,-0.857,-0.2773,0.0,0.0,-0.01772,0.0753,-0.2352,0.0,0.823,-0.671,0.5913,0.5513,0.2686,-0.3154,-0.557,0.824,0.0698,-0.612,0.2203,0.8965,0.219,0.778,0.8223,0.0,0.0,0.8047,0.0,0.778,-0.308,0.0,0.0,0.0,0.0,1.419,2.0,0.0,-0.5,-0.09485,-0.12134,1.0,0.0,1.5,-0.5,0.0,0.0,0.0,0.832
0.8057,0.804,0.8076,0.2239,-0.2603,-0.4697,0.405,-0.5156,-0.00506,-0.1083,0.2532,-0.597,-0.7144,-0.2773,0.0,0.0,0.05902,0.1522,-0.2795,0.0,0.8257,-0.278,0.5215,0.544,0.02797,-0.3167,-0.1525,-0.5015,0.01834,0.824,0.535,0.1656,-0.3274,0.7837,0.8203,0.0,0.0,0.803,0.0,0.7554,-0.3445,0.0,0.0,0.0,0.0,-0.884,1.0,0.0,-0.5,0.127,-0.3586,0.0,1.0,1.5,-0.5,0.0,0.0,0.0,-0.5107
0.805,0.8037,0.807,0.191,-0.2285,-0.4697,0.405,-0.5825,0.02187,-0.10187,0.25,0.4111,-0.5713,-0.2773,0.0,0.0,0.04688,0.152,-0.275,0.0,0.828,-0.628,0.4294,0.52,0.06635,-0.3188,-0.11206,0.05466,-0.0446,-0.5015,-0.612,0.2202,-0.01371,0.7866,0.819,0.0,0.0,0.8013,0.0,0.758,-0.1375,0.0,0.0,0.0,0.0,0.0786,1.0,0.5,0.0,0.0904,-0.3335,1.0,0.0,1.5,-0.5,0.0,0.0,0.0,0.04584
0.804,0.803,0.806,0.277,-0.3157,-0.4697,0.405,-0.586,-0.0781,-0.1337,0.2472,-0.6577,-0.4285,-0.2773,0.0,0.0,0.07745,0.1853,-0.2927,0.0,0.8306,-0.6807,0.3396,0.479,-0.04153,-0.3174,0.07074,-0.2048,-0.1142,0.05466,0.824,0.5347,-0.1372,0.7876,0.8164,0.0,0.0,0.7993,0.0,0.7485,-0.1481,0.0,0.0,0.0,0.0,-0.3948,0.0,0.5,0.0,0.1707,-0.4202,0.0,1.0,1.5,-0.5,0.0,0.0,0.0,-0.23
0.8037,0.8022,0.8057,0.2695,-0.309,-0.4697,0.405,-0.607,-0.0757,-0.1375,0.2389,0.2145,-0.2856,-0.2773,0.0,0.0,0.0793,0.1913,-0.294,0.0,0.8335,-0.9326,0.2281,0.4275,-0.0434,-0.318,1.31,-0.0137,-0.1792,-0.2048,-0.5015,-0.612,-1.113,0.788,0.815,0.0,0.0,0.7974,0.0,0.7476,-0.2418,0.0,0.0,0.0,0.0,-0.02115,0.0,0.5,-0.5,0.1477,-0.4312,0.0,2.0,1.5,-0.5,0.0,0.0,0.0,-0.01236
0.8022,0.801,0.804,0.3547,-0.3955,-0.4697,0.405,-0.6147,-0.1781,-0.1713,0.2335,-2.707,-0.2856,-0.2773,-1.0,0.0,0.1117,0.2275,-0.3132,0.0,0.836,-0.807,0.0955,0.3687,-0.144,-0.3193,0.496,-0.2192,-0.23,-0.0137,0.05466,0.824,0.8965,0.785,0.8125,0.0,0.0,0.7954,0.0,0.738,-0.1991,0.0,0.0,0.0,0.0,-0.2878,-1.0,0.0,-0.5,0.2388,-0.5044,0.0,3.0,1.5,-0.5,0.0,0.0,0.0,-0.1683
0.8013,0.8003,0.8037,0.261,-0.3008,-0.4697,0.405,-0.6333,-0.09827,-0.1484,0.2312,-1.247,-0.1428,-0.2773,0.0,0.0,0.08765,0.2053,-0.2988,0.0,0.8384,-0.772,-0.05975,0.2942,-0.06946,-0.3184,0.3418,0.165,-0.3127,-0.2192,-0.2047,-0.5015,0.1656,0.7856,0.811,0.0,0.0,0.794,0.0,0.745,-0.1266,0.0,0.0,0.0,0.0,0.26,0.0,0.0,0.0,0.1522,-0.409,1.0,0.0,1.5,-0.5,0.0,0.0,0.0,0.1527
0.8013,0.8,0.803,0.1764,-0.2155,-0.4697,0.405,-0.66,-0.02908,-0.1257,0.2346,4.652,0.0,-0.2773,0.0,0.0,0.0631,0.1842,-0.2844,0.0,0.841,-0.9326,-0.2617,0.2067,0.003544,-0.317,0.1277,0.1646,-0.3552,0.165,-0.0137,0.05466,0.2202,0.783,0.8096,0.0,0.0,0.793,0.0,0.752,-0.007214,0.0,0.0,0.0,0.0,0.1932,0.0,0.0,0.5,0.0237,-0.3782,2.0,0.0,1.5,-0.5,0.0,0.0,0.0,0.1131
0.804,0.8027,0.8066,-0.344,0.3093,-0.4697,0.405,-0.722,0.4624,0.04828,0.2817,6.406,0.1428,-0.2773,0.0,0.0,-0.10846,0.01252,-0.1799,0.0,0.8433,0.1334,-0.3804,0.10187,0.4824,-0.2988,-0.437,1.19,-0.2382,0.1646,-0.2192,-0.2047,0.5347,0.788,0.809,0.0,0.0,0.7944,0.0,0.805,0.8896,1.0,0.0,0.0,0.0,2.004,1.0,0.0,1.0,-0.4475,0.1595,3.0,0.0,1.5,-0.5,0.0,0.0,0.0,1.17
0.807,0.8057,0.8096,-0.3264,0.2927,-0.4697,0.405,-0.8613,0.431,0.0563,0.3142,0.0834,0.2856,-0.2773,0.0,0.0,-0.1284,0.01785,-0.174,0.0,0.846,-0.9326,-0.3918,0.0089,0.4404,-0.285,0.3284,0.0671,-0.1365,1.19,0.165,-0.013695,-0.612,0.7925,0.809,0.0,0.0,0.7964,0.0,0.808,0.6904,0.0,0.0,0.0,0.0,0.1036,2.0,0.5,1.0,-0.437,0.1368,4.0,0.0,1.5,-0.5,0.0,0.0,0.0,0.0593
0.81,0.8086,0.812,-0.3047,0.2722,-0.4697,0.405,-0.9204,0.397,0.0627,0.3452,0.0746,0.4285,-0.2773,0.0,0.0,-0.1396,0.01712,-0.1692,0.0,0.8486,-0.9326,-0.3042,-0.0811,0.3906,-0.271,-0.404,0.0536,-0.04987,0.0671,0.1646,-0.2191,0.8237,0.7983,0.809,0.0,0.0,0.7983,0.0,0.81,0.658,0.0,0.0,0.0,0.0,0.08887,3.0,0.5,1.0,-0.426,0.10614,5.0,0.0,1.5,-0.5,0.0,0.0,0.0,0.0508
0.8125,0.811,0.8145,-0.2568,0.2231,-0.4697,0.405,-0.969,0.338,0.05902,0.3718,0.01656,0.5713,-0.2773,0.0,0.0,-0.1459,0.03104,-0.1704,0.0,0.851,-0.9326,-0.1858,-0.1562,0.32,-0.2593,0.2325,-0.01339,0.01746,0.0536,1.189,0.165,-0.501,0.804,0.8086,0.0,0.0,0.8003,0.0,0.8096,0.5806,0.0,0.0,0.0,0.0,-0.01738,2.0,0.5,0.5,-0.408,0.02856,0.0,1.0,1.5,-0.5,0.0,0.0,0.0,-0.009926
0.8145,0.813,0.8164,-0.1199,0.0841,-0.4697,0.405,-0.969,0.1995,0.0233,0.3838,-0.1921,0.5713,-0.2773,0.0,0.0,-0.11633,0.0711,-0.1908,0.0,0.8535,-0.84,-0.0842,-0.2095,0.181,-0.2544,0.3088,-0.2275,0.0505,-0.01339,0.067,0.1646,0.05463,0.8096,0.8086,0.0,0.0,0.8022,0.0,0.799,0.2323,0.0,0.0,0.0,0.0,-0.314,1.0,0.0,0.0,-0.2993,-0.1307,0.0,2.0,1.5,-0.5,0.0,0.0,0.0,-0.1793
0.8135,0.812,0.8154,0.2864,-0.3274,-0.4697,0.405,-0.969,-0.2426,-0.10706,0.3923,-1.398,0.5713,-0.2773,-1.0,0.0,0.01181,0.2003,-0.2676,0.0,0.856,-0.3174,-0.003376,-0.2386,-0.2615,-0.2502,0.6387,-0.86,0.03937,-0.2275,0.0536,1.189,-0.2047,0.811,0.8076,0.0,0.0,0.8027,0.0,0.76,0.08386,0.0,0.0,0.0,0.0,-1.591,0.0,0.0,0.0,0.08417,-0.5356,0.0,3.0,1.5,-0.5,0.0,0.0,0.0,-0.9126
0.813,0.8115,0.815,0.2112,-0.2532,-0.4697,0.6577,-0.969,-0.168,-0.08704,0.3872,-0.4995,0.4285,-0.2773,-1.0,0.0,-0.01386,0.1864,-0.2556,0.0,0.8584,-0.887,0.0452,-0.2186,-0.1921,-0.251,0.685,0.1364,-0.09125,-0.86,-0.01338,0.067,-0.013695,0.8125,0.8066,0.0,0.0,0.805,0.0,0.766,-0.2715,0.0,0.0,0.0,0.0,0.203,0.0,0.5,0.0,-0.00468,-0.482,1.0,0.0,1.5,-0.5,0.0,0.0,0.0,0.11816
0.813,0.811,0.815,0.1553,-0.1982,-0.4697,0.6577,-0.969,-0.1279,-0.0704,0.3955,-0.687,0.2856,-0.2773,-1.0,0.0,-0.03445,0.174,-0.246,0.0,0.8613,-0.8335,0.073,-0.1855,-0.1443,-0.25,0.9727,0.1088,-0.1296,0.1364,-0.2275,0.05356,-0.2191,0.8096,0.806,0.0,0.0,0.8066,0.0,0.7705,0.1083,0.0,0.0,0.0,0.0,0.1188,0.0,1.0,0.5,-0.0533,-0.4233,2.0,0.0,1.5,-0.5,0.0,0.0,0.0,0.069
0.8115,0.81,0.8135,0.367,-0.409,-0.4697,0.6577,-0.969,-0.3557,-0.1404,0.3945,14.88,0.1428,-0.2773,-1.0,0.0,0.04483,0.2343,-0.288,0.0,0.864,0.737,0.07605,-0.1554,-0.3728,-0.2505,0.877,-0.4753,-0.1514,0.1088,-0.86,-0.01338,0.1649,0.804,0.805,0.0,0.0,0.807,0.0,0.749,-0.2236,0.0,0.0,0.0,0.0,-0.881,0.0,0.5,0.0,0.1575,-0.6187,0.0,1.0,1.5,-0.5,0.0,0.0,0.0,-0.5103
0.8076,0.8066,0.8096,0.724,-0.7656,-0.4697,0.5503,-0.969,-0.7354,-0.2622,0.3833,1.873,0.0,-0.2773,-1.0,0.0,0.1699,0.3582,-0.3613,0.0,0.866,-0.2411,0.05655,-0.1361,-0.755,-0.2542,0.7104,-0.835,-0.08795,-0.4753,0.1364,-0.2275,0.1646,0.7954,0.8037,0.0,0.0,0.806,0.0,0.712,-0.522,0.0,0.0,0.0,0.0,-1.284,0.0,0.0,0.0,0.5337,-0.9272,0.0,2.0,0.0,-0.5,0.0,0.0,0.0,-0.75
0.804,0.8027,0.806,0.734,-0.7705,-0.5625,0.4788,-0.944,-0.7715,-0.2803,0.3694,0.2065,-0.1428,-0.2773,-1.0,0.0,0.1907,0.375,-0.3733,0.0,0.8687,-0.6875,0.01059,-0.1265,-0.799,-0.2583,-0.689,-0.1388,-0.00793,-0.835,0.1088,-0.86,1.189,0.786,0.8027,0.0,0.0,0.804,0.0,0.7056,-0.5713,0.0,0.0,0.0,0.0,-0.1837,0.0,-0.5,0.0,0.5366,-0.9385,0.0,3.0,0.0,-0.5,0.0,0.0,0.0,-0.1088
0.802,0.8003,0.803,0.566,-0.599,-0.5625,0.4788,-0.948,-0.636,-0.2418,0.364,-0.08276,-0.1428,-0.2773,-1.0,0.0,0.1516,0.334,-0.3516,0.0,0.871,-0.8584,-0.0639,-0.1284,-0.662,-0.2617,-1.005,0.2505,0.02594,-0.1388,-0.475,0.1364,0.067,0.7783,0.8022,0.0,0.0,0.8037,0.0,0.717,-0.3464,0.0,0.0,0.0,0.0,0.3723,0.0,-0.5,0.5,0.3833,-0.7646,1.0,0.0,0.0,-0.5,0.0,0.0,0.0,0.2211
0.8013,0.8003,0.803,0.1777,-0.2042,-0.5625,0.4788,-0.895,-0.262,-0.1247,0.3696,-0.645,-0.2856,-0.2773,-1.0,0.0,0.04105,0.2056,-0.2832,0.0,0.8735,-0.0197,-0.1655,-0.1383,-0.2861,-0.2617,-1.286,0.79,0.02208,0.2505,-0.835,0.10876,0.05356,0.778,0.802,0.0,0.0,0.8027,0.0,0.751,-0.06238,0.0,0.0,0.0,0.0,1.163,0.0,-0.5,0.5,0.05066,-0.339,2.0,0.0,0.0,-0.5,0.0,0.0,0.0,0.6875
0.801,0.8,0.8027,0.2058,-0.2308,-0.5625,0.4788,-0.8457,-0.2935,-0.1332,0.3716,0.3782,-0.4285,-0.2773,-1.0,0.0,0.0537,0.2097,-0.2893,0.0,0.8765,-0.4233,-0.3142,-0.1536,-0.3254,-0.2607,-1.414,-0.06836,0.02393,0.79,-0.1388,-0.475,-0.01338,0.7764,0.8022,0.0,0.0,0.8027,0.0,0.748,-0.161,0.0,0.0,0.0,0.0,-0.08215,0.0,-0.5,0.0,0.01747,-0.4302,0.0,1.0,0.0,-0.5,0.0,0.0,0.0,-0.0479
0.8003,0.799,0.802,0.2893,-0.3193,-0.5625,0.4788,-0.921,-0.3435,-0.1622,0.3455,0.4504,-0.5713,-0.2773,-1.0,0.0,0.0753,0.2472,-0.3071,0.0,0.879,-0.716,-0.4219,-0.1805,-0.3914,-0.2668,-1.308,-0.2053,0.03217,-0.06836,0.2505,-0.8345,-0.2274,0.7734,0.802,0.0,0.0,0.8022,0.0,0.739,-0.906,0.0,0.0,0.0,0.0,-0.2418,0.0,-0.5,-0.5,0.10486,-0.508,0.0,2.0,0.0,-0.5,0.0,0.0,0.0,-0.1412
0.801,0.8,0.8027,0.02147,-0.0493,-0.5625,0.4788,-0.8745,-0.02953,-0.0755,0.3289,-1.365,-0.5713,-0.2773,0.0,0.0,-0.004715,0.1527,-0.2568,0.0,0.8813,-0.4111,-0.4685,-0.2125,-0.07513,-0.2742,-0.4941,0.577,0.02963,-0.2053,0.7896,-0.1388,-0.86,0.775,0.8027,0.0,0.0,0.8027,0.0,0.764,-0.5845,0.0,0.0,0.0,0.0,0.6606,1.0,0.0,-0.5,-0.1187,-0.2104,1.0,0.0,0.0,-0.5,0.0,0.0,0.0,0.3872
0.804,0.803,0.806,-0.4119,0.3933,-0.5625,0.4788,-0.7734,0.4778,0.07935,0.3298,6.645,-0.5713,-0.2773,0.0,0.0,-0.1421,-0.013535,-0.1655,0.0,0.884,0.3992,-0.457,-0.2522,0.43,-0.2747,-0.6304,1.034,0.07886,0.577,-0.06836,0.2502,0.1362,0.7837,0.805,0.0,0.0,0.8047,0.0,0.8105,-0.1214,0.0,0.0,0.0,0.0,2.305,1.0,0.0,-0.5,-0.4749,0.2822,2.0,0.0,0.0,-0.5,0.0,0.0,0.0,1.338
0.8086,0.8076,0.81,-0.5225,0.5117,-0.3755,0.4788,-0.6733,0.656,0.1384,0.3389,0.4722,-0.5713,-0.2773,0.0,0.0,-0.1876,-0.0815,-0.1307,0.0,0.886,0.1549,-0.4458,-0.3032,0.5938,-0.2695,-0.6377,0.388,0.1447,1.034,-0.2053,0.7896,0.10876,0.795,0.8076,0.0,0.0,0.8076,0.0,0.8276,0.02841,0.0,0.0,0.0,0.0,0.8276,1.0,0.0,0.0,-0.574,0.4043,3.0,0.0,0.0,-0.5,0.0,0.0,0.0,0.4724
0.815,0.8145,0.816,-0.8237,0.832,0.08185,0.4788,-0.627,1.04,0.2722,0.3694,0.6895,-0.5713,-0.2773,0.0,0.0,-0.3044,-0.2152,-0.05154,0.0,0.8887,-0.4321,-0.44,-0.3596,0.923,-0.2505,0.03029,0.877,0.307,0.388,0.577,-0.06836,-0.475,0.809,0.8105,0.0,0.0,0.812,0.0,0.8677,0.388,0.0,0.0,0.0,0.0,2.424,2.0,0.5,0.5,-0.8643,0.7134,4.0,0.0,0.0,-0.5,1.0,0.0,3.28,1.375
0.8223,0.8228,0.823,-0.967,0.991,0.3823,0.4788,-0.654,1.222,0.3606,0.4287,0.316,-0.4285,-0.2773,0.0,0.0,-0.385,-0.2961,0.001285,0.0,0.8916,-0.337,-0.3772,-0.4114,1.1045,-0.231,1.239,0.576,0.512,0.877,1.034,-0.2053,-0.8345,0.8223,0.8135,0.0,0.0,0.8164,0.0,0.8945,0.92,1.0,0.0,0.0,0.0,1.143,3.0,1.0,1.0,-0.9834,0.8877,5.0,0.0,0.0,-0.5,0.0,0.0,0.0,0.6387
0.8306,0.831,0.8306,-1.069,1.111,0.653,0.4788,-0.644,1.361,0.4404,0.4949,0.2573,-0.2856,-0.2773,0.0,0.0,-0.4531,-0.371,0.04932,0.0,0.894,-0.744,-0.2335,-0.3796,1.242,-0.2086,1.842,0.519,0.7495,0.576,0.388,0.5767,-0.1388,0.838,0.817,0.0,0.0,0.8203,0.0,0.9185,0.9907,1.0,0.0,0.0,0.0,0.9683,3.0,1.5,1.0,-1.067,1.02,5.734,0.0,0.5,-0.5,1.0,0.0,2.266,0.536
0.8384,0.8394,0.8384,-1.01,1.064,0.7334,0.4788,-0.6416,1.3125,0.4626,0.5615,0.10693,-0.1428,-0.2773,0.0,0.0,-0.472,-0.3916,0.0637,0.0,0.8965,-0.798,-0.03412,-0.279,1.185,-0.1841,2.1,0.1543,0.9604,0.519,0.877,1.034,0.2502,0.855,0.8213,0.0,0.0,0.824,0.0,0.926,0.9995,1.0,0.0,0.0,0.0,0.3296,3.0,1.5,1.0,-1.034,0.948,5.734,0.0,1.0,-0.5,0.0,0.0,0.0,0.1808
0.8447,0.8457,0.844,-0.7563,0.804,0.7334,0.4788,-0.7573,1.011,0.4075,0.631,-0.08923,0.0,-0.2773,0.0,0.0,-0.4348,-0.3298,0.0325,0.0,0.899,-0.777,0.1841,-0.1464,0.8965,-0.1621,1.764,-0.3335,1.098,0.1543,0.576,0.3877,0.7896,0.8687,0.824,0.0,0.0,0.8276,0.0,0.9097,1.061,1.0,0.0,0.0,0.0,-0.5527,2.0,1.0,1.0,-0.8193,0.6665,0.0,1.0,1.0,-0.5,0.0,0.0,0.0,-0.3027
0.851,0.8516,0.851,-0.779,0.8237,0.7334,0.4788,-0.804,0.972,0.4456,0.721,0.10596,0.1428,-0.2773,0.0,0.0,-0.472,-0.3604,0.05652,0.0,0.9014,-0.797,0.4116,0.003906,0.905,-0.1398,2.232,0.258,1.241,-0.3335,0.519,0.877,-0.06836,0.879,0.8276,0.0,0.0,0.831,0.0,0.922,1.478,1.0,0.0,0.0,0.0,0.3064,2.0,1.5,1.5,-0.833,0.694,1.0,0.0,1.0,-0.5,0.0,0.0,0.0,0.1687
0.8574,0.8584,0.857,-0.773,0.8228,0.7334,0.4788,-0.7075,0.8965,0.475,0.8184,0.0663,0.2856,-0.2773,0.0,0.0,-0.4885,-0.397,0.07574,0.0,0.904,0.3892,0.6694,0.1838,0.8423,-0.1092,2.889,0.2056,1.383,0.258,0.1543,0.576,-0.2053,0.888,0.8315,0.0,0.0,0.8354,0.0,0.931,1.478,1.0,0.0,1.0,0.0,0.4705,2.0,1.5,2.0,-0.8325,0.6875,2.0,0.0,1.0,-0.5,0.0,0.0,0.0,0.2578
0.865,0.866,0.8647,-0.9897,1.043,0.7334,0.4788,-0.6763,1.067,0.5874,0.9243,0.3284,0.4285,-0.2773,0.0,0.0,-0.58,-0.501,0.1442,0.0,0.9067,-0.3306,0.963,0.4,1.007,-0.07196,2.738,0.7295,1.551,0.2056,-0.3335,0.5186,0.5767,0.8975,0.8364,0.0,0.0,0.8423,0.0,0.966,1.478,1.0,0.0,1.0,0.0,1.827,2.0,1.5,2.0,-1.038,0.904,3.0,0.0,1.0,-0.5,0.0,0.0,0.0,0.998
0.8716,0.8726,0.8716,-0.8164,0.8633,0.7334,0.4788,-0.706,0.826,0.558,1.011,-0.0807,0.5713,-0.2773,0.0,0.0,-0.5586,-0.4722,0.1298,0.0,0.909,-0.4983,1.253,0.624,0.764,-0.0407,2.1,-0.1517,1.665,0.7295,0.258,0.1543,1.033,0.9033,0.841,0.0,0.0,0.8486,0.0,0.9585,1.478,1.0,0.0,0.0,0.0,-0.3108,1.0,1.5,1.5,-0.8696,0.732,0.0,1.0,1.0,-0.5,0.0,0.0,0.0,-0.1677
0.879,0.8794,0.879,-0.881,0.9224,0.7334,0.4788,-0.7217,0.8335,0.612,1.105,0.1514,0.7144,-0.2773,0.0,0.0,-0.605,-0.5186,0.1646,0.0,0.9116,-0.6396,1.516,0.8423,0.811,-0.01487,2.033,0.3677,1.786,-0.1517,0.2054,-0.3335,0.3877,0.9087,0.846,0.0,0.0,0.8555,0.0,0.9756,1.478,1.0,0.0,0.0,0.0,0.7305,2.0,1.5,2.0,-0.919,0.802,1.0,0.0,1.0,-0.5,0.0,0.0,0.0,0.395
0.886,0.886,0.886,-0.882,0.9126,0.7334,0.4788,-0.722,0.7554,0.643,1.208,0.05273,0.857,-0.2773,0.0,0.0,-0.631,-0.546,0.1862,0.0,0.914,-0.727,1.732,1.054,0.7896,0.01074,1.413,0.2268,1.863,0.3677,0.7295,0.2578,0.8765,0.9146,0.8516,0.0,0.0,0.8633,0.0,0.9863,1.478,1.0,0.0,1.0,0.0,0.3845,2.0,1.5,2.0,-0.932,0.7793,2.0,0.0,1.0,-0.5,0.0,0.0,0.0,0.2068
0.894,0.894,0.895,-1.039,1.065,0.7334,0.4788,-0.674,0.8647,0.735,1.3125,0.2805,0.857,-0.2773,0.0,0.0,-0.701,-0.631,0.2438,0.0,0.9165,0.1854,1.908,1.265,0.926,0.04205,1.051,0.6025,1.884,0.2268,-0.1517,0.2054,0.576,0.9243,0.8574,0.0,0.0,0.873,0.0,1.016,1.478,1.0,0.0,1.0,0.0,1.581,2.0,1.5,2.0,-1.097,0.912,3.0,0.0,1.0,-0.5,0.0,0.0,0.0,0.8467
0.902,0.902,0.903,-0.976,0.9927,0.7334,0.915,-0.7417,0.7593,0.747,1.398,0.02487,0.857,-0.2773,0.0,0.0,-0.7173,-0.635,0.2546,0.0,0.9194,-0.4685,2.064,1.484,0.7812,0.0805,0.754,0.1119,1.834,0.6025,0.3677,0.7295,0.5186,0.9336,0.862,0.0,0.0,0.8833,0.0,1.0205,1.478,1.0,0.0,1.0,0.0,0.3132,2.0,1.5,2.0,-1.047,0.829,4.0,0.0,1.0,-0.5,0.0,0.0,0.0,0.1661
0.9116,0.911,0.9126,-1.221,1.24,0.7334,0.915,-0.74,1.005,0.8765,1.491,0.451,0.857,-0.2773,0.0,0.0,-0.8203,-0.7456,0.3362,0.0,0.922,0.2422,2.186,1.701,1.019,0.1158,0.83,0.8438,1.825,0.1119,0.2268,-0.1517,0.1543,0.9453,0.8677,0.0,0.0,0.8945,0.0,1.062,1.478,1.0,0.0,1.0,0.0,1.771,3.0,1.5,2.0,-1.277,1.074,5.0,0.0,1.0,-0.5,0.0,0.0,0.0,0.9375
0.92,0.9194,0.921,-1.028,1.044,0.7334,0.915,-0.7666,0.787,0.8447,1.563,-0.07,0.857,-0.2773,0.0,0.0,-0.7974,-0.716,0.3218,0.0,0.9243,-0.5293,2.309,1.914,0.753,0.1531,1.56,-0.1467,1.807,0.8438,0.6025,0.3674,-0.3333,0.9536,0.873,0.0,0.0,0.905,0.0,1.055,1.478,1.0,0.0,0.0,0.0,-0.3586,2.0,1.5,2.0,-1.117,0.857,0.0,1.0,1.0,-0.5,0.0,0.0,0.0,-0.1871
0.927,0.9263,0.9277,-0.811,0.8237,0.7334,0.915,-0.7603,0.5513,0.797,1.618,-0.1438,0.857,-0.2773,0.0,0.0,-0.759,-0.676,0.2979,0.0,0.927,-0.3762,2.387,2.098,0.5063,0.1775,1.621,-0.2452,1.6875,-0.1467,0.1118,0.2267,0.2578,0.9614,0.878,0.0,0.0,0.914,0.0,1.042,1.297,1.0,0.0,0.0,0.0,-0.5815,1.0,1.0,1.5,-0.9272,0.624,0.0,2.0,1.0,-0.5,0.0,0.0,0.0,-0.3044
0.935,0.935,0.936,-1.077,1.102,0.7334,0.915,-0.6865,0.8574,0.93,1.681,0.647,0.857,-0.2773,0.0,0.0,-0.857,-0.7954,0.3818,0.0,0.929,0.3271,2.428,2.246,0.8076,0.2021,1.683,0.862,1.544,-0.2452,0.8433,0.6025,0.2054,0.9717,0.8843,0.0,0.0,0.926,0.0,1.084,1.355,1.0,0.0,0.0,0.0,2.145,1.0,1.0,1.5,-1.145,0.934,1.0,0.0,1.0,-0.5,0.0,0.0,0.0,1.127
0.9424,0.9424,0.943,-0.8604,0.8843,0.7334,0.915,-0.678,0.6294,0.8833,1.733,-0.1139,0.857,-0.2773,0.0,0.0,-0.82,-0.757,0.3591,0.0,0.9316,-0.797,2.443,2.352,0.5674,0.2269,1.211,-0.2306,1.355,0.862,-0.1467,0.1118,0.7295,0.9795,0.891,0.0,0.0,0.9355,0.0,1.072,1.166,1.0,0.0,0.0,0.0,-0.624,0.0,0.5,1.0,-0.9473,0.712,0.0,1.0,1.0,-0.5,0.0,0.0,0.0,-0.3232
0.948,0.948,0.9487,-0.676,0.694,0.7334,0.915,-0.647,0.4116,0.841,1.79,-0.1779,0.857,-0.2773,0.0,0.0,-0.7837,-0.724,0.3386,0.0,0.9346,-0.515,2.402,2.408,0.38,0.2439,1.659,-0.2072,1.207,-0.2306,-0.2452,0.8433,-0.1517,0.984,0.898,0.0,0.0,0.944,0.0,1.0625,1.243,1.0,0.0,0.0,0.0,-0.317,-1.0,0.5,1.0,-0.7754,0.5225,0.0,2.0,1.0,-0.5,0.0,0.0,0.0,-0.1648
0.9526,0.952,0.9536,-0.473,0.4817,0.7334,0.8477,-0.6245,0.1722,0.7837,1.833,-0.3555,0.857,-0.2673,0.0,0.0,-0.736,-0.6777,0.3098,0.0,0.937,-0.643,2.291,2.41,0.1797,0.2551,1.485,-0.2935,1.0205,-0.2072,0.862,-0.1467,0.3674,0.9863,0.904,0.0,0.0,0.951,0.0,1.048,0.994,1.0,0.0,0.0,0.0,-0.3284,-1.0,0.0,0.5,-0.577,0.321,0.0,3.0,1.0,-0.5,0.0,0.0,0.0,-0.1714
0.9556,0.955,0.957,-0.3176,0.3123,0.7334,0.7275,-0.6763,-0.02016,0.7373,1.867,-0.5913,0.857,-0.2673,0.0,0.0,-0.703,-0.633,0.287,0.0,0.9395,-0.3245,2.164,2.395,-0.03114,0.275,1.396,-0.2335,0.88,-0.2935,-0.2306,-0.2451,0.2267,0.9844,0.91,0.0,0.0,0.9565,0.0,1.036,0.8,1.0,0.0,0.0,0.0,-0.5586,-1.0,-0.5,0.0,-0.451,0.1322,0.0,4.0,1.0,-0.5,0.0,0.0,0.0,-0.293
0.9595,0.9585,0.9614,-0.4082,0.3994,0.7334,0.7275,-0.673,0.0688,0.7783,1.892,1.17,0.857,-0.2573,0.0,0.0,-0.736,-0.6685,0.317,0.0,0.942,-0.2808,2.04,2.354,0.0378,0.2913,0.803,0.3083,0.786,-0.2335,-0.2072,0.8613,0.602,0.984,0.9175,0.0,0.0,0.962,0.0,1.051,0.6924,0.0,0.0,0.0,0.0,0.5317,-1.0,-0.5,0.0,-0.526,0.2294,1.0,0.0,1.0,-0.5,0.0,0.0,0.0,0.2798
0.963,0.9614,0.9644,-0.296,0.2761,0.7334,0.7275,-0.686,-0.06635,0.745,1.916,-0.6626,0.857,-0.2476,0.0,0.0,-0.7104,-0.6387,0.3025,0.0,0.9443,-0.708,1.894,2.285,-0.08936,0.3027,0.76,-0.1472,0.711,0.3083,-0.2935,-0.2306,0.1118,0.9844,0.925,0.0,0.0,0.966,0.0,1.043,0.6924,0.0,0.0,0.0,0.0,-0.1992,-1.0,-1.0,0.0,-0.4275,0.0997,0.0,1.0,1.0,-0.5,0.0,0.0,0.0,-0.1044
0.966,0.9644,0.968,-0.3113,0.2834,-0.2954,0.7275,-0.6987,-0.05997,0.7563,1.936,0.2864,0.857,-0.2377,0.0,0.0,-0.721,-0.647,0.3147,0.0,0.947,-0.8086,1.71,2.195,-0.0814,0.3135,-0.199,0.12305,0.634,-0.1472,-0.2334,-0.207,0.8433,0.981,0.932,0.0,0.0,0.97,0.0,1.05,0.6196,0.0,0.0,0.0,0.0,0.0863,0.0,-1.0,0.0,-0.4436,0.105,1.0,0.0,1.0,-0.5,0.0,0.0,0.0,0.04532
0.9697,0.968,0.972,-0.4258,0.3916,-0.2954,0.7275,-0.7036,0.05606,0.8066,1.959,2.45,0.857,-0.2377,0.0,0.0,-0.7617,-0.6895,0.3494,0.0,0.9497,-0.714,1.487,2.078,0.04507,0.323,-0.0461,0.356,0.5015,0.12305,0.3083,-0.2935,-0.1467,0.9805,0.9395,0.0,0.0,0.975,0.0,1.066,0.6626,0.0,0.0,0.0,0.0,0.5747,1.0,-0.5,0.0,-0.56,0.2023,2.0,0.0,1.0,-0.5,0.0,0.0,0.0,0.301
0.969,0.968,0.9717,0.2018,-0.2408,-0.2954,0.5586,-0.6553,-0.5747,0.587,1.941,-3.898,0.7144,-0.2377,-1.0,0.0,-0.578,-0.5024,0.2222,0.0,0.952,0.1748,1.242,1.931,-0.614,0.3289,0.2878,-1.294,0.3418,0.356,-0.1472,-0.2334,-0.2451,0.975,0.945,0.0,0.0,0.978,0.0,1.002,-0.2294,0.0,0.0,0.0,0.0,-2.111,1.0,-0.5,-0.5,0.09015,-0.357,0.0,1.0,1.0,-0.5,0.0,0.0,0.0,-1.1
0.9707,0.969,0.973,-0.0782,0.04068,-0.2954,0.5586,-0.6753,-0.2832,0.679,1.935,-0.5522,0.5713,-0.2377,-1.0,0.0,-0.6562,-0.5825,0.2822,0.0,0.9546,-0.606,1.014,1.768,-0.3442,0.3347,-0.855,0.6235,0.1688,-1.294,0.123,0.3083,0.8613,0.974,0.951,0.0,0.0,0.9814,0.0,1.032,-0.03003,0.0,0.0,0.0,0.0,0.765,1.0,-0.5,-0.5,-0.1837,-0.0906,1.0,0.0,1.0,-0.5,0.0,0.0,0.0,0.4075
0.971,0.9697,0.9736,0.05643,-0.0958,-0.2954,0.5586,-0.763,-0.3816,0.63,1.905,0.784,0.4285,-0.2377,-1.0,0.0,-0.6235,-0.531,0.257,0.0,0.957,-0.7856,0.79,1.599,-0.4602,0.3328,-0.695,-0.2593,0.07697,0.6235,0.356,-0.1472,-0.2305,0.9727,0.957,0.0,0.0,0.9834,0.0,1.02,-0.4792,0.0,0.0,0.0,0.0,-0.2568,1.0,-0.5,-1.0,-0.0515,-0.2192,0.0,1.0,1.0,-0.5,0.0,0.0,0.0,-0.1354
0.9717,0.9697,0.974,0.10864,-0.1473,-0.2954,0.5586,-0.7847,-0.4033,0.6074,1.877,0.2327,0.2856,-0.2377,-1.0,0.0,-0.607,-0.509,0.2474,0.0,0.9595,-0.7847,0.5923,1.413,-0.481,0.3271,-0.5674,-0.0992,-0.05585,-0.2593,-1.293,0.123,-0.207,0.969,0.9614,0.0,0.0,0.9854,0.0,1.015,-0.4614,0.0,0.0,0.0,0.0,-0.11487,0.0,-0.5,-1.0,-0.010956,-0.2793,0.0,2.0,1.0,-0.5,0.0,0.0,0.0,-0.0608
0.9727,0.971,0.975,-0.04077,0.00431,-0.2954,0.5586,-0.7847,-0.2285,0.6562,1.861,-0.5225,0.1428,-0.2377,-1.0,0.0,-0.6475,-0.552,0.281,0.0,0.962,-0.29,0.3967,1.209,-0.3125,0.327,-0.3218,0.3477,-0.1644,-0.0992,0.6235,0.356,-0.2932,0.9683,0.966,0.0,0.0,0.9873,0.0,1.031,-0.2094,0.0,0.0,0.0,0.0,0.3845,0.0,0.0,-0.5,-0.1787,-0.1593,1.0,0.0,1.0,-0.5,0.0,0.0,0.0,0.2039
0.9727,0.9707,0.975,0.1659,-0.2079,-0.2954,0.5586,-0.832,-0.389,0.579,1.816,1.694,0.0,-0.2377,-1.0,0.0,-0.5874,-0.479,0.239,0.0,0.965,-0.2651,0.2028,0.9766,-0.4614,0.3145,-0.07306,-0.4321,-0.2324,0.3477,-0.2593,-1.293,-0.2334,0.965,0.969,0.0,0.0,0.988,0.0,1.01,-0.8013,0.0,0.0,0.0,0.0,-0.8633,0.0,0.0,-1.0,0.02692,-0.3564,0.0,1.0,1.0,-0.5,0.0,0.0,0.0,-0.4548
0.9756,0.9736,0.978,-0.285,0.249,-0.2954,0.5586,-0.759,0.12024,0.738,1.799,-1.896,0.0,-0.2377,0.0,0.0,-0.711,-0.625,0.3386,0.0,0.9673,0.1428,0.0411,0.736,0.07086,0.3066,-0.5073,1.032,-0.2454,-0.4321,-0.0992,0.6235,0.3083,0.9644,0.9727,0.0,0.0,0.9897,0.0,1.061,-0.2192,0.0,0.0,0.0,0.0,1.199,0.0,0.0,-0.5,-0.3545,0.1411,1.0,0.0,1.0,-0.5,0.0,0.0,0.0,0.6367
0.9775,0.9756,0.98,-0.1654,0.1265,-0.2954,0.5586,-0.7915,0.03607,0.7,1.782,-0.2493,0.0,-0.2377,0.0,0.0,-0.6836,-0.5894,0.3206,0.0,0.9697,-0.925,-0.1011,0.513,-0.002449,0.3032,-0.3008,-0.1835,-0.2632,1.032,0.3477,-0.2593,-0.1472,0.9688,0.9756,0.0,0.0,0.9907,0.0,1.052,-0.21,0.0,0.0,0.0,0.0,-0.1771,0.0,0.0,-0.5,-0.2474,0.01406,0.0,1.0,1.0,-0.5,0.0,0.0,0.0,-0.0924
0.9795,0.9775,0.982,-0.1256,0.08673,-0.8794,0.5586,-0.778,0.02094,0.688,1.7705,0.0332,0.0,-0.2377,0.0,0.0,-0.6724,-0.58,0.318,0.0,0.972,-0.4956,-0.241,0.3105,-0.00787,0.302,-0.4282,-0.02452,-0.2703,-0.1835,-0.4321,-0.0992,0.123,0.9707,0.9785,0.0,0.0,0.99,0.0,1.05,-0.102,0.0,0.0,0.0,0.0,-0.02927,0.0,-0.5,-0.5,-0.2216,-0.03766,0.0,2.0,1.0,-0.5,0.0,0.0,0.0,-0.01532
0.984,0.982,0.986,-0.463,0.434,-0.8794,0.5586,-0.786,0.3965,0.8174,1.783,3.17,0.0,-0.2377,0.0,0.0,-0.7773,-0.691,0.4011,0.0,0.9746,-0.2808,-0.3323,0.1472,0.3694,0.309,-0.858,0.8467,-0.1987,-0.02452,1.032,0.3477,0.356,0.9775,0.9824,0.0,0.0,0.9917,0.0,1.092,0.2957,0.0,0.0,0.0,0.0,1.573,0.0,-0.5,0.0,-0.5137,0.3325,1.0,0.0,1.0,-0.5,0.0,0.0,0.0,0.8237
0.9927,0.992,0.994,-1.113,1.121,-0.08057,0.5586,-0.6714,1.158,1.091,1.825,1.777,0.0,-0.2377,0.0,0.0,-0.9785,-0.9277,0.5713,0.0,0.977,1.38,-0.3228,0.0239,1.03,0.346,0.7944,1.718,0.1886,0.8467,-0.1833,-0.4321,-1.293,0.992,0.9883,0.0,0.0,0.996,0.0,1.178,0.6436,0.0,0.0,0.0,0.0,6.156,1.0,0.0,0.0,-1.06,1.083,2.0,0.0,1.0,-0.5,0.0,0.0,0.0,3.178
1.001,1.001,1.002,-0.98,1.002,-0.08057,0.5586,-0.671,1.053,1.078,1.869,0.05194,0.0,-0.2377,0.0,0.0,-0.969,-0.918,0.5703,0.0,0.98,-0.74,-0.2045,-0.045,0.898,0.3716,0.4812,-0.01176,0.4302,1.718,-0.02452,1.032,0.6235,1.006,0.9937,0.0,0.0,0.999,0.0,1.177,0.699,0.0,0.0,0.0,0.0,-0.02805,0.0,-0.5,0.0,-0.948,0.9497,0.0,1.0,1.0,-0.5,0.0,0.0,0.0,-0.01408
1.009,1.009,1.009,-0.8457,0.8765,-0.08057,0.5586,-0.657,0.936,1.061,1.911,0.0333,0.0,-0.2377,0.0,0.0,-0.9546,-0.9053,0.5654,0.0,0.9824,-0.613,-0.0286,-0.0467,0.762,0.3943,1.155,-0.04706,0.6177,-0.01176,0.8467,-0.1833,-0.259,1.0205,0.9985,0.0,0.0,1.003,0.0,1.175,0.6543,0.0,0.0,0.0,0.0,-0.1207,0.0,-0.5,-0.5,-0.8438,0.8027,0.0,2.0,1.0,-0.5,0.0,0.0,0.0,-0.0606
1.016,1.016,1.016,-0.7607,0.798,-0.08057,0.5586,-0.6665,0.873,1.058,1.945,0.0774,0.0,-0.2377,0.0,0.0,-0.953,-0.902,0.5693,0.0,0.985,-0.835,0.1521,-0.011406,0.6997,0.4106,1.66,0.0353,0.775,-0.04706,1.718,-0.02452,-0.0991,1.031,1.003,0.0,0.0,1.007,0.0,1.176,0.588,0.0,0.0,0.0,0.0,0.06006,1.0,0.0,-0.5,-0.8315,0.6514,1.0,0.0,1.0,-0.5,0.0,0.0,0.0,0.03017
1.02,1.02,1.0205,-0.4568,0.4846,-0.08057,0.5586,-0.732,0.5093,0.964,1.999,-0.2605,0.1428,-0.2377,0.0,0.0,-0.887,-0.819,0.5176,0.0,0.9873,-0.574,0.3489,0.05374,0.3508,0.4307,1.643,-0.506,0.8433,0.0353,-0.01176,0.846,0.3477,1.041,1.007,0.0,0.0,1.01,0.0,1.149,0.9595,1.0,0.0,0.0,0.0,-0.9155,0.0,-0.5,-0.5,-0.5483,0.3389,0.0,1.0,1.0,-0.5,0.0,0.0,0.0,-0.4597
1.022,1.022,1.023,-0.2483,0.2722,-0.08057,0.5586,-0.7314,0.2654,0.8984,2.031,-0.286,0.2856,-0.2377,0.0,0.0,-0.8364,-0.7646,0.4827,0.0,0.9897,-0.714,0.5347,0.1417,0.11444,0.4446,2.46,-0.344,0.862,-0.506,-0.04706,1.718,-0.432,1.048,1.01,0.0,0.0,1.013,0.0,1.132,0.6396,0.0,0.0,0.0,0.0,-0.7515,-1.0,-0.5,-1.0,-0.3474,0.1348,0.0,2.0,1.0,-0.5,0.0,0.0,0.0,-0.3804
1.023,1.023,1.024,0.05307,-0.0339,-0.08057,0.48,-0.6753,-0.0898,0.79,2.053,-0.881,0.4285,-0.2377,0.0,0.0,-0.7456,-0.678,0.4226,0.0,0.992,-0.3174,0.6875,0.2288,-0.2128,0.4521,1.522,-0.5967,0.8584,-0.344,0.0353,-0.01176,1.032,1.05,1.013,0.0,0.0,1.015,0.0,1.102,0.4683,0.0,0.0,0.0,0.0,-1.0,-1.0,-1.0,-1.0,-0.03738,-0.1385,0.0,3.0,1.0,-0.5,0.0,0.0,0.0,-0.5093
1.022,1.022,1.023,0.2925,-0.279,-0.08057,0.2136,-0.621,-0.3875,0.696,2.064,-12.73,0.4285,-0.2377,-1.0,0.0,-0.665,-0.602,0.371,0.0,0.995,-0.324,0.8022,0.3074,-0.4902,0.4578,1.852,-0.5186,0.841,-0.5967,-0.506,-0.04703,-0.1833,1.04,1.014,0.0,0.0,1.016,0.0,1.075,0.2856,0.0,0.0,0.0,0.0,-0.9126,-1.0,-1.0,-1.0,0.1987,-0.3687,0.0,4.0,1.0,-0.5,0.0,0.0,0.0,-0.4695
1.021,1.021,1.022,0.2942,-0.2856,-0.08057,0.195,-0.635,-0.4353,0.6807,2.07,0.3354,0.4285,-0.2377,-1.0,0.0,-0.654,-0.5874,0.3674,0.0,0.9976,-0.4707,0.879,0.374,-0.519,0.4604,1.945,-0.03647,0.8276,-0.5186,-0.344,0.0353,-0.0245,1.03,1.014,0.0,0.0,1.017,0.0,1.073,0.1725,0.0,0.0,0.0,0.0,-0.05377,-2.0,-1.0,-1.5,0.1824,-0.3948,0.0,5.0,1.0,0.0,0.0,0.0,0.0,-0.0279
1.021,1.0205,1.022,0.2335,-0.2346,-0.08057,0.195,-0.671,-0.436,0.687,2.084,0.1455,0.4285,-0.2278,-1.0,0.0,-0.662,-0.59,0.377,0.0,1.0,-0.6685,0.918,0.4448,-0.5264,0.472,0.9727,0.09735,0.824,-0.03647,-0.5967,-0.506,0.846,1.021,1.015,0.0,0.0,1.018,0.0,1.078,0.3845,0.0,0.0,0.0,0.0,0.1361,-1.0,-1.0,-1.0,0.0826,-0.391,1.0,0.0,1.0,0.0,0.0,0.0,0.0,0.0707
1.0205,1.02,1.021,0.261,-0.2686,-0.08057,0.195,-0.7666,-0.4875,0.6636,2.074,0.3196,0.2856,-0.2178,-1.0,0.0,-0.652,-0.56,0.3687,0.0,1.003,-0.847,0.891,0.5024,-0.5767,0.4739,-1.185,-0.085,0.74,0.09735,-0.518,-0.344,1.717,1.013,1.016,0.0,0.0,1.02,0.0,1.073,-0.003403,0.0,0.0,0.0,0.0,-0.1074,-1.0,-1.5,-1.5,0.10626,-0.427,0.0,1.0,1.0,0.0,0.0,0.0,0.0,-0.0557
1.0205,1.02,1.021,0.1956,-0.2056,-0.08057,0.195,-0.775,-0.4495,0.6743,2.074,0.03073,0.1428,-0.2178,-1.0,0.0,-0.661,-0.5684,0.3806,0.0,1.005,-0.9326,0.797,0.55,-0.5273,0.4758,-1.423,0.12164,0.7,-0.085,-0.03647,-0.5967,-0.01175,1.006,1.016,0.0,0.0,1.021,0.0,1.079,0.1339,0.0,0.0,0.0,0.0,0.11725,0.0,-1.0,-1.0,0.05145,-0.3574,1.0,0.0,1.0,0.0,0.0,0.0,0.0,0.06085
1.02,1.019,1.021,0.1676,-0.1824,-0.08057,0.195,-0.818,-0.4492,0.672,2.07,0.1421,0.0,-0.2079,-1.0,0.0,-0.663,-0.5625,0.3855,0.0,1.008,-0.9326,0.628,0.586,-0.5273,0.481,-1.6,0.04855,0.633,0.12164,0.0973,-0.518,-0.04703,1.002,1.016,0.0,0.0,1.023,0.0,1.082,0.165,0.0,0.0,0.0,0.0,0.04077,1.0,-0.5,-0.5,-0.01367,-0.377,2.0,0.0,1.0,0.0,0.0,0.0,0.0,0.02112
1.019,1.018,1.02,0.3936,-0.41,-0.08057,0.195,-0.843,-0.674,0.5806,2.041,0.88,-0.1428,-0.198,-1.0,0.0,-0.5894,-0.479,0.335,0.0,1.01,-0.7285,0.3823,0.6035,-0.7812,0.4832,-1.869,-0.5093,0.5635,0.04855,-0.085,-0.03647,0.0353,0.9976,1.016,0.0,0.0,1.024,0.0,1.057,-0.4553,0.0,0.0,0.0,0.0,-0.5005,1.0,-1.0,-1.0,0.1337,-0.6724,0.0,1.0,1.0,0.0,0.0,0.0,0.0,-0.259
1.017,1.015,1.019,0.426,-0.452,-0.08057,0.195,-0.969,-0.6523,0.55,1.968,0.1015,-0.2856,-0.1881,-1.0,0.0,-0.581,-0.4329,0.3218,0.0,1.013,-0.7104,0.1674,0.5884,-0.7637,0.4656,-1.518,-0.1346,0.5317,-0.5093,0.12164,0.0973,-0.506,0.9956,1.016,0.0,0.0,1.025,0.0,1.05,-1.719,0.0,1.0,0.0,1.0,-0.1587,0.0,-1.0,-1.5,0.1749,-0.7026,0.0,2.0,1.0,0.0,0.0,0.0,0.0,-0.0828
1.012,1.011,1.014,0.7954,-0.8213,-0.08057,0.195,-0.9673,-0.958,0.402,1.877,0.766,-0.4285,-0.1782,-1.0,0.0,-0.449,-0.3047,0.2366,0.0,1.016,-0.0971,-0.01842,0.5293,-1.065,0.441,-1.327,-0.8706,0.5347,-0.1346,0.04855,-0.085,-0.344,0.9893,1.015,0.0,0.0,1.025,0.0,1.006,-1.719,0.0,1.0,0.0,1.0,-1.161,0.0,-1.0,-1.5,0.562,-1.023,0.0,3.0,1.0,0.0,0.0,0.0,0.0,-0.6074
1.01,1.009,1.012,0.4658,-0.4902,-0.08057,0.195,-0.9497,-0.579,0.487,1.8,-0.35,-0.5713,-0.1683,-1.0,0.0,-0.5205,-0.3845,0.2942,0.0,1.018,-0.2595,-0.09406,0.4392,-0.665,0.415,-0.8853,0.597,0.5645,-0.8706,-0.5093,0.1216,-0.596,0.9854,1.015,0.0,0.0,1.024,0.0,1.035,-1.503,0.0,1.0,0.0,0.0,0.6714,0.0,-0.5,-1.0,0.284,-0.6626,1.0,0.0,1.0,0.0,0.0,0.0,0.0,0.3564
1.01,1.009,1.012,0.1383,-0.166,-0.08057,0.195,-0.913,-0.1837,0.583,1.734,-0.7915,-0.7144,-0.1584,-1.0,0.0,-0.598,-0.4744,0.3591,0.0,1.0205,-0.5347,-0.0457,0.3296,-0.2659,0.3977,-0.4011,0.6655,0.5454,0.597,-0.1345,0.04855,-0.518,0.985,1.016,0.0,0.0,1.025,0.0,1.068,-1.067,0.0,1.0,0.0,0.0,0.6167,0.0,0.0,-1.0,-0.01272,-0.33,2.0,0.0,1.0,0.0,0.0,0.0,0.0,0.3242
1.009,1.007,1.011,0.276,-0.3127,-0.08057,0.195,-0.931,-0.2717,0.523,1.675,1.552,-0.857,-0.1486,-1.0,0.0,-0.549,-0.4187,0.328,0.0,1.022,-0.7773,0.10016,0.2069,-0.3413,0.3813,-0.371,-0.317,0.539,0.6655,-0.8706,-0.5093,-0.03647,0.9824,1.016,0.0,0.0,1.025,0.0,1.052,-1.012,0.0,0.0,0.0,0.0,-0.267,0.0,0.0,-1.0,0.11786,-0.4734,0.0,1.0,1.0,0.0,0.0,0.0,0.0,-0.1389
1.012,1.01,1.014,-0.2646,0.2334,-0.08057,0.195,-0.8735,0.333,0.705,1.647,-4.09,-0.857,-0.1387,0.0,0.0,-0.695,-0.586,0.4468,0.0,1.025,0.001206,0.251,0.0894,0.2874,0.372,-0.5405,1.213,0.543,-0.317,0.597,-0.1345,0.0973,0.9854,1.017,0.0,0.0,1.026,0.0,1.112,-0.279,0.0,0.0,0.0,0.0,2.26,1.0,0.0,-0.5,-0.3582,0.10095,1.0,0.0,1.0,0.0,0.0,0.0,0.0,1.181
1.013,1.011,1.015,0.04816,-0.08405,-0.7593,0.195,-0.8306,0.0357,0.5923,1.619,-0.5845,-0.857,-0.1287,0.0,0.0,-0.5986,-0.4907,0.3843,0.0,1.027,0.0327,0.3655,0.04767,-0.01233,0.3706,-0.3486,-0.6245,0.4475,1.213,0.665,-0.87,-0.08496,0.988,1.019,0.0,0.0,1.023,0.0,1.08,-0.2878,0.0,0.0,0.0,0.0,-1.213,1.0,0.0,-0.5,-0.0584,-0.2065,0.0,1.0,1.0,0.0,0.0,0.0,0.0,-0.621
1.011,1.009,1.014,0.354,-0.3933,-0.7593,0.195,-0.8276,-0.2747,0.4746,1.589,-2.113,-0.857,-0.11884,-1.0,0.0,-0.4988,-0.3848,0.318,0.0,1.03,-0.6274,0.4597,0.0582,-0.3088,0.3645,-0.479,-0.6675,0.3547,-0.6245,-0.3167,0.597,0.1216,0.988,1.019,0.0,0.0,1.019,0.0,1.047,-0.3394,0.0,0.0,0.0,0.0,-0.93,0.0,-0.5,-0.5,0.2622,-0.476,0.0,2.0,1.0,0.0,0.0,1.0,-2.812,-0.4817
1.01,1.009,1.013,0.257,-0.2961,-0.7593,0.195,-0.8574,-0.1793,0.491,1.5625,-0.5127,-0.857,-0.1089,-1.0,0.0,-0.5156,-0.3967,0.335,0.0,1.033,-0.7617,0.5254,0.09686,-0.2158,0.3623,-0.6167,0.1718,0.225,-0.6675,1.213,0.665,0.04852,0.992,1.02,0.0,0.0,1.016,0.0,1.055,-0.2585,0.0,0.0,0.0,0.0,0.2107,0.0,-0.5,0.0,0.1754,-0.3752,1.0,0.0,1.0,0.0,0.0,0.0,0.0,0.11035
1.013,1.011,1.015,-0.1945,0.1655,-0.7593,0.195,-0.8047,0.2969,0.64,1.554,-7.996,-0.7144,-0.099,0.0,0.0,-0.6357,-0.5356,0.4346,0.0,1.035,0.1335,0.537,0.1375,0.2598,0.3655,-0.0506,1.016,0.0555,0.1718,-0.624,-0.3167,-0.5093,0.9985,1.021,0.0,0.0,1.013,0.0,1.105,0.04977,0.0,0.0,0.0,0.0,1.173,1.0,0.0,0.0,-0.2037,0.13,2.0,0.0,1.0,0.0,0.0,0.0,0.0,0.6123
1.015,1.013,1.017,-0.1246,0.09686,-0.7593,0.195,-0.8003,0.2343,0.6147,1.547,-0.02379,-0.5713,-0.0891,0.0,0.0,-0.6143,-0.5137,0.4263,0.0,1.038,-0.8203,0.5063,0.1709,0.1968,0.3699,0.2385,-0.0842,-0.05252,1.016,-0.667,1.212,-0.1345,1.002,1.023,0.0,0.0,1.012,0.0,1.102,0.04977,0.0,0.0,0.0,0.0,-0.1122,0.0,0.0,0.0,-0.1411,0.0589,0.0,1.0,1.0,0.0,0.0,0.0,0.0,-0.0576
1.015,1.014,1.018,0.0393,-0.0676,-0.7593,0.195,-0.759,0.07367,0.554,1.531,-0.3613,-0.4285,-0.0792,0.0,0.0,-0.56,-0.4634,0.395,0.0,1.04,-0.6055,0.436,0.1927,0.03174,0.3723,1.433,-0.3132,-0.1366,-0.0842,0.1718,-0.624,-0.87,1.005,1.025,0.0,0.0,1.01,0.0,1.085,-0.0919,0.0,0.0,0.0,0.0,-0.354,0.0,0.0,-0.5,0.02641,-0.0889,0.0,2.0,1.0,0.0,0.0,0.0,0.0,-0.1819
1.016,1.014,1.018,0.0657,-0.09344,-0.7593,0.195,-0.7334,0.05356,0.538,1.515,0.02626,-0.2856,-0.06934,0.0,0.0,-0.544,-0.4514,0.3914,0.0,1.043,-0.7026,0.3054,0.2019,0.0,0.3752,0.911,-0.03635,-0.156,-0.3132,1.016,-0.667,0.597,1.002,1.025,0.0,0.0,1.01,0.0,1.083,-0.11847,0.0,0.0,0.0,0.0,-0.05118,0.0,-0.5,-1.0,0.026,-0.1418,0.0,3.0,1.0,0.0,0.0,0.0,0.0,-0.02644
1.02,1.019,1.021,-0.3992,0.386,-0.7593,0.195,-0.684,0.5376,0.703,1.533,3.29,-0.1428,-0.05942,0.0,0.0,-0.6763,-0.602,0.5005,0.0,1.046,-0.1077,0.092,0.193,0.48,0.387,0.2235,1.103,-0.03564,-0.03635,-0.08417,0.1718,0.665,1.008,1.027,0.0,0.0,1.012,0.0,1.139,0.3472,0.0,0.0,0.0,0.0,1.96,0.0,-0.5,-0.5,-0.3667,0.3801,1.0,0.0,1.0,0.0,0.0,0.0,0.0,1.014
1.022,1.021,1.024,-0.2876,0.2783,-0.7593,0.445,-0.6323,0.4119,0.6714,1.553,-0.068,0.0,-0.0495,0.0,0.0,-0.646,-0.5796,0.4875,0.0,1.048,-0.169,-0.1199,0.1727,0.3662,0.397,0.79,-0.1309,0.04196,1.103,-0.3132,1.015,-0.3167,1.016,1.029,0.0,0.0,1.014,0.0,1.132,0.3472,0.0,0.0,0.0,0.0,-0.1592,-1.0,-0.5,-0.5,-0.302,0.2301,0.0,1.0,0.0,0.0,0.0,0.0,0.0,-0.0808
1.025,1.024,1.027,-0.2289,0.2112,-0.7593,0.445,-0.6973,0.2996,0.653,1.589,-0.09064,0.1428,-0.0396,0.0,0.0,-0.636,-0.557,0.4827,0.0,1.051,-0.8906,-0.2423,0.1323,0.278,0.4104,-0.4941,-0.0477,0.1014,-0.1309,-0.03632,-0.08417,1.212,1.022,1.03,0.0,0.0,1.016,0.0,1.129,0.6665,0.0,0.0,0.0,0.0,-0.04114,-1.0,-1.0,-0.5,-0.271,0.1372,0.0,2.0,0.0,0.0,0.0,0.0,0.0,-0.02094
1.031,1.03,1.032,-0.6143,0.608,-0.7593,0.445,-0.686,0.688,0.8,1.633,1.17,0.2856,-0.02971,0.0,0.0,-0.755,-0.6855,0.5825,0.0,1.053,0.04828,-0.1699,0.0906,0.656,0.4329,0.3298,0.9907,0.2842,-0.0477,1.103,-0.3132,-0.624,1.029,1.03,0.0,0.0,1.019,0.0,1.18,0.7495,0.0,0.0,0.0,0.0,1.812,0.0,-0.5,-0.5,-0.62,0.544,1.0,0.0,0.0,0.0,0.0,0.0,0.0,0.9224
1.037,1.036,1.038,-0.658,0.66,-0.7544,0.445,-0.708,0.7383,0.8335,1.668,0.2122,0.4285,-0.0198,0.0,0.0,-0.783,-0.7124,0.6113,0.0,1.056,-0.4932,-0.01251,0.05576,0.715,0.4495,1.401,0.2817,0.4688,0.9907,-0.1309,-0.03632,-0.667,1.038,1.031,0.0,0.0,1.022,0.0,1.194,0.6787,0.0,0.0,0.0,0.0,0.3882,1.0,0.0,-0.5,-0.667,0.5894,2.0,0.0,0.0,0.0,0.0,0.0,0.0,0.1945
1.042,1.041,1.043,-0.504,0.507,-0.7544,0.445,-0.6846,0.5547,0.7925,1.707,-0.0931,0.5713,-0.0099,0.0,0.0,-0.7485,-0.6797,0.5933,0.0,1.058,-0.585,0.1487,0.02615,0.564,0.4626,1.557,-0.1753,0.5903,0.2817,-0.0477,1.103,0.1716,1.047,1.031,0.0,0.0,1.026,0.0,1.185,0.7383,0.0,0.0,0.0,0.0,-0.2124,0.0,-0.5,-0.5,-0.5757,0.3796,0.0,1.0,0.0,0.0,0.0,0.0,0.0,-0.1059
1.047,1.046,1.048,-0.5215,0.5254,-0.7544,0.445,-0.78,0.5894,0.8115,1.725,0.1998,0.5713,0.0,0.0,0.0,-0.772,-0.6865,0.6123,0.0,1.061,-0.8706,0.3286,0.03024,0.548,0.485,0.6357,0.1875,0.689,-0.1753,0.99,-0.1309,1.015,1.058,1.031,0.0,0.0,1.03,0.0,1.194,0.5034,0.0,0.0,0.0,0.0,0.4343,1.0,-0.5,-0.5,-0.6147,0.3728,1.0,0.0,0.0,0.0,0.0,0.0,0.0,0.2172
1.052,1.052,1.054,-0.6064,0.613,-0.7544,0.445,-0.8438,0.671,0.856,1.762,0.2695,0.5713,0.0099,0.0,0.0,-0.8135,-0.7183,0.6133,1.0,-0.2903,-0.671,0.5005,0.09906,0.637,0.4678,0.962,0.3506,0.7905,0.1875,0.2817,-0.04767,-0.08417,1.064,1.033,0.0,0.0,1.036,0.0,1.212,0.9326,1.0,0.0,0.0,0.0,0.4885,2.0,0.0,0.0,-0.7114,0.4412,2.0,0.0,0.0,0.0,0.0,0.0,0.0,0.2435
1.06,1.059,1.061,-0.794,0.806,-0.7544,0.5596,-0.8213,0.8394,0.9443,1.828,0.3782,0.7144,0.0198,0.0,0.0,-0.8804,-0.794,0.6133,1.0,-0.2903,-0.10626,0.6943,0.2461,0.7983,0.4346,1.629,0.6157,0.844,0.3506,-0.1753,0.99,-0.313,1.074,1.035,0.0,0.0,1.044,0.0,1.244,1.465,1.0,0.0,0.0,0.0,1.159,2.0,0.5,0.5,-0.866,0.6553,3.0,0.0,0.0,0.0,0.0,0.0,0.0,0.5747
1.067,1.066,1.068,-0.9106,0.928,-0.5586,0.5596,-0.8066,0.936,1.011,1.898,0.254,0.857,0.02971,0.0,0.0,-0.9297,-0.85,0.6133,1.0,-0.2903,-0.5312,0.8823,0.4238,0.923,0.4094,2.068,0.4944,0.9766,0.6157,0.1875,0.2817,-0.03632,1.088,1.039,0.0,0.0,1.052,0.0,1.2705,1.478,1.0,0.0,0.0,0.0,0.5547,2.0,1.0,0.5,-1.003,0.747,4.0,0.0,0.0,0.0,0.0,0.0,0.0,0.272
1.073,1.073,1.074,-0.7104,0.727,-0.5586,0.5596,-0.844,0.712,0.9575,1.942,-0.0907,0.857,0.0396,0.0,0.0,-0.8926,-0.8027,0.59,0.0,-0.2878,-0.4202,1.045,0.596,0.7153,0.4285,1.17,-0.228,1.075,0.4944,0.3503,-0.1752,1.103,1.095,1.043,0.0,0.0,1.058,0.0,1.258,1.202,1.0,0.0,0.0,0.0,-0.2644,2.0,0.5,0.0,-0.8086,0.5547,0.0,1.0,0.0,0.0,0.0,0.0,0.0,-0.1287
1.078,1.078,1.079,-0.505,0.518,-0.5586,0.5596,-0.8306,0.4685,0.8955,1.981,-0.18,0.857,0.0495,0.0,0.0,-0.8433,-0.7524,0.5605,0.0,-0.2854,-0.756,1.186,0.7554,0.478,0.448,1.633,-0.2861,1.074,-0.228,0.615,0.1874,-0.1309,1.1,1.047,0.0,0.0,1.063,0.0,1.243,1.057,1.0,0.0,0.0,0.0,-0.3704,1.0,0.5,0.0,-0.616,0.347,0.0,2.0,-0.5,0.0,0.0,0.0,0.0,-0.1809
1.082,1.081,1.083,-0.2898,0.2942,-0.5586,0.5596,-0.821,0.1942,0.8223,2.02,-0.3726,0.857,0.05942,0.0,0.0,-0.784,-0.692,0.5244,0.0,-0.2827,-0.6113,1.289,0.8975,0.2157,0.4658,1.971,-0.3564,1.104,-0.2861,0.4941,0.3503,-0.04767,1.104,1.051,0.0,0.0,1.067,0.0,1.224,1.019,1.0,0.0,0.0,0.0,-0.607,0.0,0.5,0.0,-0.3953,0.1465,0.0,3.0,-0.5,0.0,0.0,0.0,0.0,-0.2979
1.085,1.084,1.087,-0.2878,0.281,-0.5586,0.5596,-0.8306,0.1348,0.8213,2.06,-0.06775,0.857,0.06934,0.0,0.0,-0.7847,-0.69,0.5327,0.0,-0.2803,-0.83,1.359,1.031,0.1588,0.486,0.9634,0.081,1.08,-0.3564,-0.228,0.615,0.99,1.106,1.054,0.0,0.0,1.072,0.0,1.228,1.058,1.0,0.0,0.0,0.0,0.1649,0.0,0.5,0.5,-0.4395,0.0833,1.0,0.0,-0.5,0.0,0.0,0.0,0.0,0.0814
1.089,1.088,1.091,-0.4087,0.3975,-0.5586,0.776,-0.908,0.2424,0.8667,2.084,0.6157,0.857,0.0792,0.0,0.0,-0.8276,-0.721,0.5703,0.0,-0.2778,-0.679,1.404,1.144,0.258,0.5034,0.727,0.3696,0.9834,0.081,-0.2861,0.4941,0.2817,1.109,1.058,0.0,0.0,1.079,0.0,1.247,0.9004,1.0,0.0,0.0,0.0,0.3792,0.0,0.5,0.5,-0.5376,0.2147,2.0,0.0,-0.5,0.0,0.0,0.0,0.0,0.187
1.091,1.089,1.093,-0.02097,-0.001093,-0.5586,0.776,-0.8823,-0.1908,0.7246,2.092,-1.186,0.7144,0.0891,-1.0,0.0,-0.712,-0.602,0.4917,0.0,-0.2751,-0.0748,1.405,1.228,-0.1776,0.5156,1.087,-0.7695,0.8193,0.3696,-0.3564,-0.2279,-0.1752,1.106,1.061,0.0,0.0,1.084,0.0,1.206,0.4917,0.0,0.0,0.0,0.0,-0.893,0.0,0.5,0.5,-0.1333,-0.1353,0.0,1.0,-0.5,0.0,0.0,0.0,0.0,-0.4375
1.093,1.092,1.096,-0.2524,0.2239,-0.5586,0.776,-0.8667,0.00978,0.8003,2.113,-2.766,0.7144,0.099,0.0,0.0,-0.771,-0.669,0.548,0.0,-0.2727,-0.6147,1.36,1.285,0.0488,0.525,0.904,0.5586,0.77,-0.7695,0.081,-0.2861,0.1874,1.103,1.064,0.0,0.0,1.088,0.0,1.235,0.6724,0.0,0.0,0.0,0.0,0.8384,1.0,0.5,1.0,-0.3677,0.0685,1.0,0.0,-0.5,0.0,0.0,0.0,0.0,0.416
1.094,1.093,1.097,0.01599,-0.05197,-0.5586,0.776,-0.904,-0.2712,0.699,2.102,-2.324,0.5713,0.1089,-1.0,0.0,-0.693,-0.578,0.494,0.0,-0.2703,-0.4978,1.304,1.319,-0.255,0.5347,0.559,-0.5303,0.669,0.5586,0.3696,-0.3564,0.3503,1.099,1.067,0.0,0.0,1.092,0.0,1.207,0.10345,0.0,0.0,0.0,0.0,-0.9277,1.0,0.0,0.5,-0.10077,-0.1881,0.0,1.0,-0.5,0.0,0.0,0.0,0.0,-0.4563
1.099,1.098,1.102,-0.511,0.485,-0.5586,0.776,-0.8516,0.2869,0.888,2.111,-3.781,0.5713,0.11884,0.0,0.0,-0.8394,-0.7446,0.6133,1.0,-0.2903,0.2184,1.225,1.328,0.2983,0.5386,-0.2439,1.256,0.5664,-0.5303,-0.769,0.08093,0.615,1.102,1.073,0.0,0.0,1.098,0.0,1.272,0.415,0.0,0.0,0.0,0.0,3.03,1.0,0.0,0.5,-0.5425,0.4011,1.0,0.0,-0.5,0.0,0.0,0.0,0.0,1.503
1.104,1.102,1.106,-0.4988,0.4712,-0.5586,0.776,-0.8633,0.2788,0.8916,2.127,0.1208,0.5713,0.1287,0.0,0.0,-0.843,-0.746,0.6133,1.0,-0.2903,-0.718,1.124,1.318,0.2727,0.5444,-0.8145,0.1139,0.4053,1.256,0.558,0.3696,0.4941,1.106,1.079,0.0,0.0,1.1045,0.0,1.278,0.525,0.0,0.0,0.0,0.0,0.3438,1.0,0.0,1.0,-0.534,0.3835,2.0,0.0,-0.5,0.0,0.0,0.0,0.0,0.1671
1.109,1.107,1.111,-0.554,0.5293,-0.5586,0.776,-0.825,0.3464,0.9214,2.146,0.331,0.5713,0.1387,0.0,0.0,-0.863,-0.775,0.6133,1.0,-0.2903,-0.3555,1.039,1.304,0.317,0.5347,-0.491,0.2727,0.3958,0.1139,-0.5303,-0.769,-0.2279,1.112,1.084,0.0,0.0,1.109,0.0,1.293,0.5483,0.0,0.0,0.0,0.0,0.5874,2.0,0.5,1.0,-0.592,0.435,3.0,0.0,-0.5,0.0,0.0,0.0,0.0,0.285
1.111,1.109,1.113,-0.141,0.113,-0.5586,0.776,-0.6665,-0.0749,0.776,2.139,-0.8584,0.5713,0.1486,0.0,0.0,-0.7334,-0.667,0.532,0.0,-0.2878,0.9243,0.9194,1.263,-0.10504,0.542,-0.02664,-0.792,0.2615,0.2727,1.256,0.558,-0.286,1.113,1.088,0.0,0.0,1.113,0.0,1.25,0.11646,0.0,0.0,0.0,0.0,-1.975,1.0,0.5,0.5,-0.1943,0.0337,0.0,1.0,-0.5,0.0,0.0,0.0,0.0,-0.9536
1.118,1.118,1.12,-0.8296,0.831,-0.527,0.776,-0.4646,0.6973,1.04,2.156,14.88,0.5713,0.1584,0.0,0.0,-0.9214,-0.9067,0.6133,1.0,-0.2903,0.3486,0.918,1.249,0.5317,0.4897,0.4602,1.709,0.277,-0.792,0.1139,-0.53,-0.3564,1.125,1.093,0.0,0.0,1.12,0.0,1.341,0.398,0.0,0.0,0.0,0.0,7.266,2.0,1.0,0.5,-0.791,0.7983,1.0,0.0,-0.5,0.0,1.0,0.0,4.055,3.809
1.124,1.124,1.126,-0.599,0.6045,-0.527,0.776,-0.4685,0.503,0.972,2.154,-0.1198,0.5713,0.1683,0.0,0.0,-0.87,-0.8506,0.5815,0.0,-0.2878,-0.6826,0.9243,1.232,0.3228,0.501,0.6475,-0.3123,0.3257,1.709,0.2727,1.255,0.08093,1.134,1.099,0.0,0.0,1.125,0.0,1.323,0.17,0.0,0.0,0.0,0.0,-0.8325,1.0,0.5,0.0,-0.573,0.5757,0.0,1.0,-0.5,0.0,0.0,0.0,0.0,-0.3962
1.131,1.13,1.132,-0.677,0.6904,-0.527,0.776,-0.4993,0.6235,1.016,2.164,0.3574,0.5713,0.1782,0.0,0.0,-0.9062,-0.884,0.6133,1.0,-0.2903,-0.687,0.9243,1.203,0.444,0.5083,0.4077,0.3586,0.419,-0.3123,-0.792,0.11383,0.3696,1.1455,1.105,0.0,0.0,1.13,0.0,1.343,0.3372,0.0,0.0,0.0,0.0,0.9766,1.0,0.5,0.5,-0.647,0.66,1.0,0.0,-0.5,0.0,0.0,0.0,0.0,0.467
1.137,1.137,1.138,-0.6274,0.6465,-0.527,0.776,-0.517,0.5913,1.013,2.184,0.0947,0.5713,0.1881,0.0,0.0,-0.906,-0.8794,0.6133,1.0,-0.2903,-0.9326,0.9165,1.151,0.4395,0.5093,1.651,0.078,0.4634,0.3586,1.708,0.2727,-0.769,1.153,1.111,0.0,0.0,1.136,0.0,1.347,0.4592,0.0,0.0,0.0,0.0,0.10986,1.0,1.0,1.0,-0.618,0.597,2.0,0.0,-0.5,0.0,0.0,0.0,0.0,0.05225
1.145,1.145,1.145,-0.8267,0.8574,-0.527,0.776,-0.507,0.8115,1.1045,2.225,0.4856,0.5713,0.198,0.0,0.0,-0.9746,-0.955,0.6133,1.0,-0.2903,-0.3555,0.9185,1.105,0.69,0.457,1.282,0.6562,0.5864,0.078,-0.312,-0.792,0.558,1.162,1.117,0.0,0.0,1.142,0.0,1.382,0.7295,0.0,0.0,0.0,0.0,1.168,2.0,1.0,1.5,-0.7817,0.8315,3.0,0.0,-0.5,0.0,0.0,0.0,0.0,0.554
1.153,1.154,1.153,-0.994,1.041,-0.515,0.776,-0.4734,1.004,1.194,2.28,0.3708,0.5713,0.2079,0.0,0.0,-1.038,-1.029,0.6133,1.0,-0.2903,-0.323,0.956,1.066,0.906,0.4128,2.338,0.638,0.7935,0.6562,0.3586,1.708,-0.53,1.174,1.125,0.0,0.0,1.148,0.0,1.417,0.8247,1.0,0.0,0.0,0.0,1.049,2.0,1.5,1.5,-0.933,1.02,4.0,0.0,-0.5,0.0,1.0,0.0,2.443,0.4924
1.162,1.163,1.162,-0.9146,0.9707,-0.4695,0.776,-0.4678,0.9287,1.19,2.328,0.0691,0.5713,0.2178,0.0,0.0,-1.035,-1.027,0.6133,1.0,-0.2903,-0.632,0.995,1.044,0.8833,0.4175,1.244,0.0871,0.988,0.638,0.07794,-0.312,1.255,1.189,1.132,0.0,0.0,1.154,0.0,1.422,0.7817,1.0,0.0,0.0,0.0,0.121,3.0,1.5,1.5,-0.8984,0.907,5.0,0.0,0.0,0.0,0.0,0.0,0.0,0.0562
1.169,1.169,1.169,-0.6562,0.7017,-0.4695,0.776,-0.5146,0.61,1.109,2.385,-0.1924,0.7144,0.2278,0.0,0.0,-0.979,-0.958,0.5757,0.0,-0.2878,-0.7886,1.024,1.035,0.6294,0.4314,1.467,-0.3696,1.106,0.0871,0.6562,0.3584,0.11383,1.195,1.139,0.0,0.0,1.158,0.0,1.401,0.935,1.0,0.0,0.0,0.0,-0.4763,2.0,1.0,1.5,-0.66,0.6357,0.0,1.0,0.0,0.0,0.0,0.0,0.0,-0.2211
1.177,1.178,1.177,-0.9165,0.971,-0.4695,0.776,-0.4868,0.874,1.228,2.447,0.543,0.7144,0.2377,0.0,0.0,-1.063,-1.055,0.6133,1.0,-0.2903,-0.1293,1.05,1.038,0.9365,0.4065,1.414,0.8096,1.292,-0.3696,0.638,0.07794,0.2727,1.207,1.1455,0.0,0.0,1.165,0.0,1.446,0.978,1.0,0.0,0.0,0.0,1.286,2.0,1.0,1.5,-0.894,0.914,1.0,0.0,0.0,0.0,0.0,0.0,0.0,0.6006
1.182,1.182,1.182,-0.369,0.4072,-0.4695,0.691,-0.3965,0.2295,1.033,2.5,-0.572,0.857,0.2476,0.0,0.0,-0.91,-0.907,0.507,0.0,-0.2878,0.0859,1.077,1.06,0.3096,0.4287,2.846,-1.036,1.309,0.8096,0.0871,0.6562,-0.7915,1.211,1.151,0.0,0.0,1.17,0.0,1.388,0.756,0.0,0.0,0.0,0.0,-2.342,1.0,1.0,1.5,-0.3809,0.3552,0.0,1.0,0.0,0.0,0.0,0.0,0.0,-1.079
1.187,1.187,1.187,-0.4492,0.48,-0.4695,0.691,-0.4739,0.2898,1.065,2.53,0.335,0.857,0.2573,0.0,0.0,-0.942,-0.9263,0.537,0.0,-0.2854,-0.5244,1.09,1.089,0.3682,0.4468,0.956,0.2966,1.297,-1.036,-0.3696,0.638,1.708,1.217,1.157,0.0,0.0,1.176,0.0,1.404,0.5938,0.0,0.0,0.0,0.0,0.4182,1.0,1.0,1.5,-0.4438,0.4407,1.0,0.0,0.0,0.0,0.0,0.0,0.0,0.196
1.19,1.19,1.191,-0.3655,0.388,-0.4695,0.691,-0.4893,0.1772,1.036,2.553,-0.162,0.857,0.2673,0.0,0.0,-0.9214,-0.9014,0.5303,0.0,-0.2827,-0.9326,1.114,1.132,0.24,0.4668,1.536,-0.0656,1.26,0.2966,0.8096,0.0871,-0.312,1.218,1.162,0.0,0.0,1.182,0.0,1.4,0.545,0.0,0.0,0.0,0.0,-0.10443,0.0,1.0,1.0,-0.3726,0.3416,0.0,1.0,0.0,0.0,0.0,0.0,0.0,-0.0487
1.194,1.193,1.195,-0.3093,0.323,-0.4695,0.691,-0.531,0.097,1.015,2.57,-0.1582,0.857,0.2773,0.0,0.0,-0.9087,-0.8804,0.5283,0.0,-0.2803,-0.862,1.129,1.17,0.1678,0.4795,1.25,-0.02188,1.228,-0.0656,-1.036,-0.3696,0.3584,1.217,1.167,0.0,0.0,1.187,0.0,1.398,0.4778,0.0,0.0,0.0,0.0,-0.0262,0.0,0.5,0.5,-0.3555,0.2385,0.0,2.0,0.0,0.0,0.0,0.0,0.0,-0.01223
1.199,1.197,1.201,-0.4788,0.4712,-0.4695,0.691,-0.6333,0.2158,1.076,2.617,0.758,0.857,0.287,0.0,0.0,-0.9644,-0.92,0.5757,0.0,-0.2778,-0.2235,1.136,1.22,0.278,0.505,1.287,0.4707,1.109,-0.02188,0.2966,0.809,0.07794,1.217,1.172,0.0,0.0,1.193,0.0,1.425,0.912,1.0,0.0,0.0,0.0,0.8213,0.0,0.5,1.0,-0.565,0.3298,1.0,0.0,0.0,0.0,0.0,0.0,0.0,0.3835
1.206,1.205,1.208,-0.7485,0.7427,-0.4695,0.691,-0.776,0.5146,1.188,2.645,1.133,0.857,0.297,0.0,0.0,-1.061,-0.9956,0.6133,1.0,-0.2903,0.9873,1.236,1.271,0.538,0.4885,0.5996,0.771,1.096,0.4707,-0.06555,-1.036,0.6562,1.223,1.178,0.0,0.0,1.201,0.0,1.468,0.7407,0.0,0.0,0.0,0.0,2.258,1.0,0.5,1.0,-0.7944,0.6245,2.0,0.0,0.0,0.0,0.0,0.0,0.0,1.046
1.213,1.212,1.215,-0.7676,0.7627,-0.4695,0.691,-0.746,0.5347,1.212,2.684,0.1779,0.857,0.307,0.0,0.0,-1.075,-1.018,0.6133,1.0,-0.2903,-0.33,1.334,1.32,0.552,0.4856,-0.0551,0.2466,0.9644,0.771,-0.02188,0.2964,0.638,1.227,1.184,0.0,0.0,1.21,0.0,1.481,0.961,1.0,0.0,0.0,0.0,0.3933,1.0,0.5,1.5,-0.8184,0.637,3.0,0.0,0.0,0.0,0.0,0.0,0.0,0.1799
1.221,1.22,1.223,-0.824,0.8228,-0.4634,0.691,-0.7534,0.6025,1.252,2.725,0.2576,0.857,0.317,0.0,0.0,-1.105,-1.048,0.6133,1.0,-0.2903,-0.722,1.445,1.378,0.5825,0.4792,-0.01315,0.3418,0.998,0.2466,0.4707,-0.06555,0.0871,1.237,1.189,0.0,0.0,1.218,0.0,1.501,0.961,1.0,0.0,0.0,0.0,0.622,2.0,0.5,1.5,-0.86,0.7095,4.0,0.0,0.0,0.0,0.0,0.0,0.0,0.2834
1.228,1.227,1.2295,-0.6226,0.617,-0.4634,0.691,-0.71,0.3843,1.191,2.76,-0.1908,0.857,0.317,0.0,0.0,-1.058,-1.005,0.5874,0.0,-0.2878,-0.547,1.515,1.428,0.3735,0.4963,0.694,-0.255,0.9604,0.3418,0.771,-0.02188,-0.3696,1.244,1.194,0.0,0.0,1.225,0.0,1.486,0.8027,1.0,0.0,0.0,0.0,-0.3972,2.0,0.5,1.0,-0.6904,0.4849,0.0,1.0,0.0,0.0,0.0,0.0,0.0,-0.18
1.23,1.229,1.232,-0.2252,0.2129,-0.4634,0.691,-0.6714,-0.02785,1.049,2.76,-0.762,0.857,0.3267,0.0,0.0,-0.947,-0.894,0.5107,0.0,-0.2854,-0.1434,1.548,1.468,-0.05624,0.51,-0.2019,-0.7466,0.854,-0.255,0.2466,0.4705,0.809,1.249,1.198,0.0,0.0,1.2295,0.0,1.443,0.274,0.0,0.0,0.0,0.0,-1.772,1.0,0.0,0.5,-0.3098,0.0931,0.0,2.0,0.0,0.0,0.0,0.0,0.0,-0.806
1.233,1.232,1.235,-0.2415,0.2288,-0.4634,0.691,-0.684,0.00888,1.054,2.748,0.6045,0.857,0.3267,0.0,0.0,-0.9517,-0.8965,0.523,0.0,-0.2827,-0.436,1.544,1.467,-0.02625,0.5156,1.233,0.1188,0.56,-0.7466,0.3416,0.771,-1.036,1.253,1.203,0.0,0.0,1.236,0.0,1.449,0.1084,0.0,0.0,0.0,0.0,0.2365,1.0,0.5,0.5,-0.3235,0.1104,1.0,0.0,0.0,-1.0,0.0,0.0,0.0,0.10895
1.236,1.234,1.238,-0.1995,0.1863,-0.4634,0.691,-0.6763,-0.014694,1.036,2.734,-0.06555,0.857,0.3267,0.0,0.0,-0.938,-0.8833,0.522,0.0,-0.2803,-0.552,1.483,1.478,-0.04858,0.519,0.986,-0.01078,0.493,0.1188,-0.255,0.2466,0.2964,1.256,1.208,0.0,0.0,1.239,0.0,1.449,0.0724,0.0,0.0,0.0,0.0,-0.0177,0.0,0.0,0.0,-0.303,0.0478,0.0,1.0,0.0,-1.0,0.0,0.0,0.0,-0.00814
1.238,1.236,1.24,-0.1154,0.0991,-0.4634,0.691,-0.6733,-0.1,1.001,2.725,-0.7886,0.857,0.3367,0.0,0.0,-0.9106,-0.855,0.51,0.0,-0.2778,-0.797,1.372,1.46,-0.1231,0.523,1.191,-0.1186,0.3477,-0.01078,-0.746,0.3416,-0.06555,1.254,1.213,0.0,0.0,1.243,0.0,1.442,0.1875,0.0,0.0,0.0,0.0,-0.1827,-1.0,0.0,0.0,-0.259,-0.0764,0.0,2.0,0.0,-1.0,0.0,0.0,0.0,-0.08405
1.236,1.235,1.238,0.4338,-0.4492,-0.4634,0.5576,-0.593,-0.6313,0.7915,2.67,-17.1,0.7144,0.3367,-1.0,0.0,-0.7397,-0.6875,0.392,0.0,-0.2751,0.416,1.21,1.405,-0.657,0.516,1.329,-1.166,0.2656,-0.1186,0.1188,-0.2546,-0.02188,1.244,1.216,0.0,0.0,1.245,0.0,1.376,-0.613,0.0,0.0,0.0,0.0,-2.863,-1.0,0.0,-0.5,0.2598,-0.6157,0.0,3.0,0.0,-1.0,0.0,0.0,0.0,-1.32
1.233,1.232,1.235,0.436,-0.4526,-0.4634,0.5234,-0.6665,-0.6553,0.767,2.639,0.1941,0.5713,0.3367,-1.0,0.0,-0.7266,-0.659,0.3855,0.0,-0.2727,-0.6797,1.023,1.3125,-0.6646,0.5107,0.634,-0.0661,0.195,-1.166,-0.01078,-0.746,0.4705,1.232,1.22,0.0,0.0,1.246,0.0,1.372,-0.246,0.0,0.0,0.0,0.0,-0.1619,-1.0,-0.5,-0.5,0.2502,-0.6313,0.0,4.0,0.0,-0.5,0.0,0.0,0.0,-0.0761
1.231,1.23,1.232,0.5264,-0.536,-0.4634,0.3933,-0.6157,-0.751,0.712,2.594,0.3374,0.4285,0.3367,-1.0,0.0,-0.6772,-0.616,0.3604,0.0,-0.2703,-0.006046,0.805,1.194,-0.7495,0.503,-0.554,-0.2537,0.2375,-0.0661,-0.1185,0.1187,0.771,1.221,1.223,0.0,0.0,1.245,0.0,1.358,-0.508,0.0,0.0,0.0,0.0,-0.6177,-2.0,-1.0,-1.0,0.3416,-0.707,0.0,5.0,0.0,0.0,0.0,0.0,0.0,-0.2908
1.2295,1.2295,1.231,0.3108,-0.3147,-0.4634,0.3933,-0.579,-0.544,0.764,2.559,-0.2142,0.2856,0.3464,-1.0,0.0,-0.7163,-0.665,0.4006,0.0,-0.2676,-0.4153,0.576,1.066,-0.5356,0.4988,-1.164,0.4097,0.2688,-0.2537,-1.166,-0.01077,0.2465,1.215,1.227,0.0,0.0,1.244,0.0,1.38,-0.2737,0.0,0.0,0.0,0.0,0.9043,-1.0,-1.0,-0.5,0.1581,-0.467,1.0,0.0,0.0,0.0,0.0,0.0,0.0,0.4275
1.232,1.232,1.234,-0.2291,0.2339,-0.4634,0.3933,-0.5117,0.00893,0.9463,2.553,-1.271,0.2856,0.3564,0.0,0.0,-0.854,-0.8257,0.521,0.0,-0.2651,0.0576,0.3074,0.9243,0.03195,0.501,-1.888,1.21,0.278,0.4097,-0.0661,-0.1185,0.3416,1.215,1.23,0.0,0.0,1.245,0.0,1.447,0.1937,0.0,0.0,0.0,0.0,1.767,0.0,-1.0,0.0,-0.312,0.1155,2.0,0.0,0.0,0.0,0.0,0.0,0.0,0.829
1.234,1.233,1.235,0.02481,-0.02477,-0.4634,0.3933,-0.5474,-0.2335,0.8486,2.523,-2.0,0.1428,0.3665,-1.0,0.0,-0.781,-0.74,0.4705,0.0,-0.2627,-0.866,0.05594,0.7666,-0.2183,0.503,-1.655,-0.4958,0.2664,1.21,-0.2537,-1.166,-0.2546,1.213,1.233,0.0,0.0,1.245,0.0,1.419,-0.1571,0.0,0.0,0.0,0.0,-0.507,0.0,-1.0,-0.5,-0.08704,-0.1549,0.0,1.0,0.0,0.0,0.0,0.0,0.0,-0.2332
1.235,1.234,1.237,-0.03775,0.03098,-0.4634,0.3933,-0.6934,-0.1307,0.86,2.479,-0.8096,0.0,0.3762,-1.0,0.0,-0.803,-0.736,0.4868,0.0,-0.26,-0.5757,-0.166,0.5986,-0.1003,0.4944,-0.7666,0.1631,0.2607,-0.4958,0.4097,-0.06604,-0.746,1.211,1.236,0.0,0.0,1.245,0.0,1.428,-0.4026,0.0,0.0,0.0,0.0,0.2554,1.0,-0.5,-0.5,-0.1471,-0.10126,1.0,0.0,0.0,0.0,0.0,0.0,0.0,0.11847
1.237,1.236,1.239,-0.0641,0.0539,-0.4634,0.3933,-0.7134,-0.05432,0.861,2.43,-5.24,0.0,0.3862,0.0,0.0,-0.805,-0.7344,0.4968,0.0,-0.2576,-0.519,-0.3323,0.4338,-0.02846,0.489,-0.9644,0.0976,0.232,0.1631,1.21,-0.2537,0.1187,1.217,1.24,0.0,0.0,1.247,0.0,1.434,-0.4727,0.0,0.0,0.0,0.0,0.1175,2.0,-0.5,-0.5,-0.1832,-0.0911,2.0,0.0,0.0,0.0,0.0,0.0,0.0,0.05435
1.239,1.238,1.241,-0.1409,0.1259,-0.4634,0.3933,-0.7065,0.0854,0.882,2.379,2.662,0.0,0.3862,0.0,0.0,-0.8213,-0.753,0.5186,0.0,-0.2551,-0.5806,-0.3394,0.266,0.11566,0.481,-0.9854,0.2164,0.2247,0.0976,-0.4958,0.4097,-0.01077,1.224,1.243,0.0,0.0,1.248,0.0,1.445,-0.5356,0.0,0.0,0.0,0.0,0.256,2.0,0.0,-0.5,-0.2551,-0.01987,3.0,0.0,0.0,0.0,0.0,0.0,0.0,0.11835
1.239,1.237,1.241,0.1951,-0.2177,-0.4634,0.3933,-0.631,-0.2123,0.7515,2.316,-1.485,-0.1428,0.3862,-1.0,0.0,-0.711,-0.6494,0.4478,0.0,-0.2524,-0.0416,-0.2642,0.108,-0.1805,0.471,-0.825,-0.701,0.2157,0.2164,0.1631,1.209,-0.1185,1.228,1.244,0.0,0.0,1.248,0.0,1.405,-0.678,0.0,0.0,0.0,0.0,-1.15,1.0,0.0,-0.5,0.05887,-0.361,0.0,1.0,0.0,0.0,0.0,0.0,0.0,-0.5293
1.24,1.239,1.243,-0.04895,0.02853,-0.4634,0.3933,-0.655,0.05753,0.826,2.287,-2.902,-0.1428,0.3862,0.0,0.0,-0.7725,-0.711,0.5024,0.0,-0.25,-0.2578,-0.1893,-0.05527,0.1118,0.465,0.7075,0.5454,0.1946,-0.701,0.09753,-0.4958,-1.166,1.233,1.247,0.0,0.0,1.25,0.0,1.437,-0.1726,0.0,0.0,0.0,0.0,0.6777,2.0,0.5,0.0,-0.1478,-0.09326,1.0,0.0,0.0,0.0,0.0,0.0,0.0,0.3154
1.241,1.239,1.243,0.1069,-0.1313,-0.4634,0.3933,-0.6675,-0.0789,0.7607,2.25,-0.7236,-0.1428,0.3862,0.0,0.0,-0.7217,-0.654,0.4705,0.0,-0.2474,-0.7783,-0.1332,-0.1757,-0.01862,0.4602,0.9487,-0.3137,0.1958,0.5454,0.2164,0.163,-0.06604,1.23,1.248,0.0,0.0,1.25,0.0,1.418,-0.341,0.0,0.0,0.0,0.0,-0.63,1.0,0.5,-0.5,0.01538,-0.233,0.0,1.0,0.0,0.0,0.0,0.0,0.0,-0.2908
1.24,1.238,1.243,0.1962,-0.2238,-0.4634,0.3933,-0.672,-0.1503,0.7163,2.207,-2.018,-0.2856,0.3862,-1.0,0.0,-0.686,-0.6147,0.451,0.0,-0.245,-0.644,-0.0979,-0.2361,-0.09235,0.4556,1.41,-0.1957,0.1812,-0.3137,-0.7007,0.09753,-0.2534,1.2295,1.249,0.0,0.0,1.248,0.0,1.407,-0.4045,0.0,0.0,0.0,0.0,-0.3164,0.0,0.5,-0.5,0.10425,-0.3188,0.0,2.0,0.0,0.0,0.0,0.0,0.0,-0.1467
1.243,1.241,1.245,-0.1453,0.12494,-0.4634,0.3933,-0.6157,0.2227,0.829,2.188,-11.5,-0.2856,0.3862,0.0,0.0,-0.7715,-0.7173,0.5283,0.0,-0.2424,-0.01674,-0.10956,-0.2494,0.273,0.4578,0.98,0.7744,0.1409,-0.1957,0.5454,0.2164,0.4097,1.231,1.25,0.0,0.0,1.247,0.0,1.45,-0.0745,0.0,0.0,0.0,0.0,1.714,0.0,0.5,0.0,-0.2393,0.001065,1.0,0.0,0.0,0.0,0.0,0.0,0.0,0.798
1.245,1.243,1.247,-0.1287,0.10455,-0.573,0.3933,-0.722,0.1843,0.82,2.197,0.01868,-0.1428,0.3862,0.0,0.0,-0.774,-0.699,0.531,0.0,-0.2399,-0.727,-0.1447,-0.2384,0.2394,0.467,-0.4924,0.02153,0.04614,0.7744,-0.3135,-0.7007,1.209,1.233,1.251,0.0,0.0,1.245,0.0,1.451,0.4321,0.0,0.0,0.0,0.0,0.0442,1.0,0.5,0.5,-0.2245,-0.02008,2.0,0.0,0.0,0.0,0.0,0.0,0.0,0.02031
1.246,1.244,1.248,0.02338,-0.0528,-0.573,0.3933,-0.7104,-0.000221,0.759,2.203,-0.533,0.0,0.3862,0.0,0.0,-0.724,-0.648,0.501,0.0,-0.2374,-0.636,-0.1903,-0.2343,0.04874,0.4773,0.2101,-0.2905,-0.03378,0.02153,-0.1957,0.5454,-0.4956,1.232,1.251,0.0,0.0,1.244,0.0,1.435,0.3188,0.0,0.0,0.0,0.0,-0.351,0.0,0.5,0.5,-0.078,-0.1716,0.0,1.0,0.0,0.0,0.0,0.0,0.0,-0.1613
1.25,1.248,1.253,-0.3552,0.3281,-0.573,0.3933,-0.7207,0.3599,0.892,2.234,3.58,0.1428,0.3862,0.0,0.0,-0.8306,-0.7603,0.592,0.0,-0.2349,-0.1748,-0.2056,-0.2422,0.3965,0.496,0.0273,0.898,0.0492,-0.2905,0.7744,-0.3135,0.163,1.239,1.252,0.0,0.0,1.245,0.0,1.485,0.681,0.0,0.0,0.0,0.0,1.346,1.0,0.5,1.0,-0.4075,0.2335,1.0,0.0,0.0,0.0,0.0,0.0,0.0,0.621
1.252,1.25,1.255,-0.1614,0.1273,-0.573,0.3933,-0.7275,0.1353,0.8223,2.248,-0.3757,0.2856,0.3862,0.0,0.0,-0.776,-0.7007,0.5566,0.0,-0.2323,-0.6,-0.1743,-0.2482,0.1622,0.51,0.0363,-0.341,0.07544,0.898,0.02153,-0.1956,0.09753,1.242,1.254,0.0,0.0,1.246,0.0,1.466,0.4194,0.0,0.0,0.0,0.0,-0.3997,1.0,0.0,0.5,-0.267,-0.01061,0.0,1.0,0.0,0.0,0.0,0.0,0.0,-0.1818
1.256,1.254,1.259,-0.2852,0.255,-0.573,0.3933,-0.822,0.285,0.8667,2.24,0.7983,0.2856,0.3862,0.0,0.0,-0.82,-0.729,0.593,0.0,-0.2299,-0.7915,-0.1381,-0.2551,0.3174,0.5137,-0.1809,0.3538,0.141,-0.341,-0.2905,0.774,0.2164,1.249,1.256,0.0,0.0,1.247,0.0,1.485,0.1592,0.0,0.0,0.0,0.0,0.2493,1.0,0.0,0.5,-0.392,0.1062,1.0,0.0,0.0,0.0,0.0,0.0,0.0,0.11395
1.259,1.257,1.262,-0.2527,0.2244,-0.573,0.3933,-0.816,0.2517,0.8564,2.246,0.05225,0.4285,0.3862,0.0,0.0,-0.811,-0.721,0.595,0.0,-0.2273,-0.7056,-0.081,-0.2563,0.2886,0.522,0.8945,0.02132,0.2057,0.3538,0.8975,0.02153,-0.7007,1.256,1.258,0.0,0.0,1.249,0.0,1.486,0.4243,0.0,0.0,0.0,0.0,0.03177,1.0,0.5,1.0,-0.37,0.0666,2.0,0.0,0.0,0.0,0.0,0.0,0.0,0.01444
1.261,1.259,1.264,-0.154,0.1259,-0.573,0.3933,-0.7964,0.1503,0.821,2.244,-0.1606,0.5713,0.3862,0.0,0.0,-0.7812,-0.693,0.5806,0.0,-0.2247,-0.4023,0.01197,-0.2303,0.1743,0.5317,0.348,-0.1384,0.1876,0.02132,-0.3408,-0.2905,0.5454,1.259,1.26,0.0,0.0,1.252,0.0,1.479,0.288,0.0,0.0,0.0,0.0,-0.3127,1.0,0.0,0.5,-0.2764,-0.02951,0.0,1.0,0.0,0.0,0.0,0.0,0.0,-0.1421
1.262,1.26,1.265,0.0814,-0.1118,-0.573,0.3933,-0.7495,-0.0947,0.7314,2.23,-0.8696,0.5713,0.3862,0.0,0.0,-0.705,-0.6206,0.5327,0.0,-0.2222,-0.1046,0.106,-0.1906,-0.08234,0.5376,0.89,-0.4697,0.1093,-0.1384,0.3535,0.8975,-0.3135,1.259,1.261,0.0,0.0,1.255,0.0,1.451,0.01417,0.0,0.0,0.0,0.0,-1.126,0.0,0.0,0.0,-0.0423,-0.2505,0.0,2.0,0.0,0.0,0.0,0.0,0.0,-0.5127
1.265,1.264,1.268,-0.2793,0.2588,-0.573,0.8633,-0.6963,0.2874,0.8574,2.232,14.88,0.5713,0.3862,0.0,0.0,-0.8013,-0.7334,0.6133,1.0,-0.2903,0.205,0.2039,-0.1333,0.2861,0.5415,1.245,0.85,0.02908,-0.4697,0.0213,-0.3408,-0.1956,1.265,1.262,0.0,0.0,1.26,0.0,1.499,0.2397,0.0,0.0,0.0,0.0,2.8,1.0,0.5,0.0,-0.376,0.12146,1.0,0.0,0.0,0.0,0.0,0.0,0.0,1.286
1.267,1.265,1.27,-0.05872,0.03308,-0.573,0.8633,-0.6445,0.0369,0.7773,2.242,-0.5396,0.7144,0.3862,0.0,0.0,-0.733,-0.6704,0.571,0.0,-0.2878,0.5903,0.2866,-0.0678,0.0421,0.5503,0.4124,-0.4138,-0.0616,0.85,-0.1384,0.3535,0.774,1.264,1.262,0.0,0.0,1.263,0.0,1.476,0.3706,0.0,0.0,0.0,0.0,-0.7295,0.0,0.0,0.0,-0.1742,-0.1074,0.0,1.0,0.0,0.0,0.0,0.0,0.0,-0.3303
1.264,1.262,1.266,0.573,-0.5986,-0.949,0.3137,-0.521,-0.6104,0.5454,2.207,-4.527,0.5713,0.3862,-1.0,0.0,-0.5312,-0.4783,0.4326,0.0,-0.2854,0.784,0.3237,-0.01342,-0.6206,0.5503,0.4482,-1.356,-0.003675,-0.4138,-0.4697,0.0213,0.02153,1.258,1.259,0.0,0.0,1.261,0.0,1.397,-0.359,0.0,0.0,0.0,0.0,-2.049,-1.0,-0.5,-0.5,0.4717,-0.675,0.0,2.0,0.0,0.0,0.0,0.0,0.0,-0.934
1.261,1.26,1.263,0.4956,-0.516,-0.949,0.3137,-0.4658,-0.56,0.55,2.182,0.0315,0.4285,0.3862,-1.0,0.0,-0.5303,-0.4875,0.4412,0.0,-0.2827,0.0027,0.3167,0.03357,-0.582,0.551,0.7256,0.08746,0.01842,-1.356,0.85,-0.1384,-0.2905,1.251,1.258,0.0,0.0,1.261,0.0,1.402,-0.223,0.0,0.0,0.0,0.0,0.1215,0.0,0.0,0.0,0.3916,-0.601,1.0,0.0,0.0,0.0,0.0,0.0,0.0,0.0567
1.258,1.257,1.26,0.528,-0.5454,-0.949,0.3137,-0.4292,-0.622,0.5176,2.16,0.2964,0.4285,0.3862,-1.0,0.0,-0.4998,-0.4622,0.427,0.0,-0.2803,-0.2734,0.2463,0.0655,-0.628,0.5464,-0.593,-0.1418,0.0644,0.08746,-0.4136,-0.4695,0.8975,1.242,1.257,0.0,0.0,1.26,0.0,1.395,-0.2041,0.0,0.0,0.0,0.0,-0.3577,0.0,-0.5,0.0,0.3875,-0.6675,0.0,1.0,0.0,0.0,0.0,0.0,0.0,-0.1666
1.255,1.254,1.257,0.4788,-0.493,-0.949,0.3137,-0.485,-0.5747,0.5137,2.12,0.0406,0.2856,0.3862,-1.0,0.0,-0.5015,-0.4534,0.4304,0.0,-0.2778,-0.5684,0.1302,0.0846,-0.593,0.542,-0.3323,0.03284,0.106,-0.1418,-1.356,0.8496,-0.3408,1.235,1.256,0.0,0.0,1.259,0.0,1.396,-0.5156,0.0,0.0,0.0,0.0,0.04663,0.0,0.0,0.0,0.341,-0.6157,1.0,0.0,0.0,0.0,0.0,0.0,0.0,0.02177
1.253,1.252,1.254,0.4744,-0.4841,-0.949,0.3137,-0.48,-0.567,0.4963,2.076,0.12445,0.1428,0.3862,-1.0,0.0,-0.4863,-0.438,0.4248,0.0,-0.2751,-0.671,-0.00711,0.0868,-0.5884,0.535,-0.9927,-0.0547,0.1505,0.03284,0.08746,-0.4136,0.3535,1.2295,1.254,0.0,0.0,1.257,0.0,1.393,-0.5444,0.0,0.0,0.0,0.0,-0.0897,0.0,-0.5,-0.5,0.3225,-0.6226,0.0,1.0,0.0,0.0,0.0,0.0,0.0,-0.04187
1.252,1.251,1.253,0.299,-0.305,-0.949,0.3137,-0.4766,-0.3955,0.5396,2.049,-0.2737,0.0,0.3862,-1.0,0.0,-0.5225,-0.4773,0.4575,0.0,-0.2727,-0.4993,-0.155,0.07117,-0.4158,0.5317,-1.246,0.3284,0.1398,-0.0547,-0.1418,-1.356,0.0213,1.222,1.254,0.0,0.0,1.257,0.0,1.411,-0.2915,0.0,0.0,0.0,0.0,0.4507,1.0,-0.5,0.0,0.1272,-0.479,1.0,0.0,0.0,0.0,0.0,0.0,0.0,0.2104
1.254,1.253,1.255,-0.078,0.0737,-0.815,0.3137,-0.5103,0.02246,0.661,2.018,-1.492,0.0,0.3862,0.0,0.0,-0.627,-0.5825,0.5405,0.0,-0.2703,-0.411,-0.2559,0.03937,-0.01008,0.53,-1.232,0.827,0.1447,0.3284,0.0328,0.0874,-0.1384,1.22,1.256,0.0,0.0,1.258,0.0,1.457,-0.3247,0.0,0.0,0.0,0.0,2.635,1.0,0.0,0.0,-0.2004,-0.0759,2.0,0.0,0.0,0.0,1.0,0.0,2.24,1.224
1.253,1.252,1.254,0.2496,-0.2559,-0.815,0.3137,-0.4434,-0.2883,0.541,1.979,-2.336,-0.1428,0.3862,-1.0,0.0,-0.5205,-0.4817,0.4707,0.0,-0.2676,-0.03357,-0.3125,-0.01225,-0.3208,0.525,-0.6216,-0.687,0.1418,0.827,-0.05466,-0.1418,-0.4695,1.222,1.257,0.0,0.0,1.258,0.0,1.418,-0.4478,0.0,0.0,0.0,0.0,-2.242,1.0,0.0,0.0,0.1238,-0.3838,0.0,1.0,0.0,0.0,0.0,0.0,0.0,-1.027
1.251,1.25,1.252,0.4001,-0.4087,-0.815,0.3137,-0.4155,-0.4106,0.4749,1.923,0.9175,-0.2856,0.3862,-1.0,0.0,-0.4622,-0.4246,0.4348,0.0,-0.2651,-0.569,-0.3506,-0.08795,-0.4668,0.519,-1.883,-0.3584,0.1511,-0.687,0.3284,0.0328,0.8496,1.222,1.258,0.0,0.0,1.258,0.0,1.397,-0.7246,0.0,0.0,0.0,0.0,-0.6885,0.0,-0.5,-0.5,0.2834,-0.515,0.0,2.0,0.0,0.0,0.0,0.0,0.0,-0.319
1.252,1.251,1.254,0.00597,-0.01278,-0.815,0.3137,-0.3965,0.02257,0.5986,1.886,-1.465,-0.2856,0.3862,0.0,0.0,-0.5645,-0.5376,0.5186,0.0,-0.2627,-0.3926,-0.3403,-0.1769,-0.03793,0.5137,-1.544,0.8413,0.1505,-0.3584,0.827,-0.05466,-0.4136,1.227,1.259,0.0,0.0,1.258,0.0,1.443,-0.3765,0.0,0.0,0.0,0.0,3.967,1.0,0.0,-0.5,-0.0497,-0.08325,1.0,0.0,0.0,0.0,0.0,0.0,0.0,1.85
1.257,1.256,1.258,-0.3965,0.4,-0.4734,0.3137,-0.374,0.4858,0.7437,1.875,3.832,-0.2856,0.3862,0.0,0.0,-0.681,-0.667,0.6133,1.0,-0.2903,0.1328,-0.311,-0.2627,0.4316,0.5107,0.2864,0.9697,0.2134,0.8413,-0.687,0.3281,-1.356,1.236,1.261,0.0,0.0,1.26,0.0,1.498,-0.01337,0.0,0.0,0.0,0.0,1.915,1.0,0.5,0.0,-0.406,0.3484,2.0,0.0,0.0,0.0,0.0,0.0,0.0,0.881
1.262,1.262,1.263,-0.522,0.5356,-0.2522,0.3137,-0.4324,0.651,0.801,1.886,0.4438,-0.2856,0.3862,0.0,0.0,-0.733,-0.711,0.6133,1.0,-0.2903,-0.728,-0.3,-0.345,0.604,0.4749,0.4197,0.424,0.319,0.9697,-0.3584,0.827,0.0874,1.248,1.263,0.0,0.0,1.263,0.0,1.522,0.2634,0.0,0.0,0.0,0.0,1.001,1.0,0.5,0.5,-0.551,0.4534,3.0,0.0,0.0,0.0,0.0,0.0,0.0,0.453
1.268,1.268,1.269,-0.553,0.573,-0.1315,0.3137,-0.4697,0.742,0.8276,1.881,0.2737,-0.2856,0.3862,0.0,0.0,-0.7573,-0.7295,0.6133,1.0,-0.2903,-0.1665,-0.3047,-0.3928,0.658,0.4636,0.9155,0.2317,0.4255,0.424,0.8413,-0.687,-0.1418,1.26,1.266,0.0,0.0,1.265,0.0,1.535,0.09546,0.0,0.0,0.0,0.0,0.9243,2.0,1.0,0.5,-0.5933,0.4766,4.0,0.0,0.0,0.0,0.0,0.0,0.0,0.4153
1.272,1.272,1.273,-0.4436,0.4639,-0.1315,0.3137,-0.578,0.657,0.801,1.886,0.0348,-0.2856,0.3862,0.0,0.0,-0.7456,-0.697,0.604,0.0,-0.2878,-0.6875,-0.3215,-0.414,0.5767,0.4707,1.225,-0.0944,0.5176,0.2317,0.9697,-0.3584,0.0328,1.267,1.268,0.0,0.0,1.267,0.0,1.529,0.2201,0.0,0.0,0.0,0.0,-0.1947,2.0,0.5,0.5,-0.556,0.2964,0.0,1.0,0.0,0.0,0.0,0.0,0.0,-0.08716
1.277,1.276,1.278,-0.387,0.4038,-0.1315,0.3137,-0.6978,0.572,0.7896,1.925,0.02112,-0.1428,0.3862,0.0,0.0,-0.7476,-0.676,0.604,0.0,-0.2854,-0.645,-0.3164,-0.4229,0.528,0.481,1.635,0.0,0.5884,-0.0944,0.424,0.841,-0.05466,1.276,1.27,0.0,0.0,1.269,0.0,1.529,0.924,1.0,0.0,0.0,0.0,0.0,1.0,0.5,0.5,-0.507,0.233,0.0,0.0,0.0,0.0,0.0,0.0,0.0,0.0
1.281,1.281,1.282,-0.3674,0.3818,-0.1315,0.3137,-0.779,0.5234,0.7905,1.963,0.0661,0.0,0.3862,0.0,0.0,-0.7554,-0.6685,0.6113,0.0,-0.2827,-0.9326,-0.2822,-0.409,0.522,0.4897,1.528,0.07355,0.6606,0.0,0.2316,0.969,0.3281,1.289,1.272,0.0,0.0,1.27,0.0,1.534,0.9214,1.0,0.0,0.0,0.0,0.0784,1.0,0.5,0.5,-0.4912,0.2083,1.0,0.0,0.0,0.0,0.0,0.0,0.0,0.03516
1.287,1.287,1.288,-0.529,0.546,-0.1315,0.3137,-0.8125,0.662,0.859,2.016,0.3813,0.1428,0.3862,0.0,0.0,-0.8125,-0.7236,0.6133,1.0,-0.2903,-0.6665,-0.1644,-0.3499,0.6763,0.46,0.698,0.4932,0.79,0.07355,-0.09436,0.424,0.8267,1.301,1.275,0.0,0.0,1.272,0.0,1.5625,1.118,1.0,0.0,0.0,0.0,0.866,1.0,0.5,1.0,-0.6196,0.3955,2.0,0.0,0.0,0.0,0.0,0.0,0.0,0.388
1.292,1.292,1.293,-0.4595,0.4734,-0.1315,0.3137,-0.8457,0.551,0.845,2.068,-0.014015,0.2856,0.3862,0.0,0.0,-0.8047,-0.7085,0.6123,0.0,-0.2878,-0.9326,-0.02324,-0.274,0.612,0.4722,1.923,-0.01041,0.8975,0.4932,0.0,0.2316,-0.687,1.307,1.278,0.0,0.0,1.276,0.0,1.562,1.1045,1.0,0.0,0.0,0.0,-0.01191,0.0,0.5,0.5,-0.556,0.322,0.0,1.0,0.0,0.0,0.0,0.0,0.0,-0.005287
1.295,1.295,1.297,-0.2256,0.2329,-0.1315,0.3137,-0.8154,0.2556,0.766,2.111,-0.3435,0.4285,0.3862,0.0,0.0,-0.7393,-0.6445,0.571,0.0,-0.2854,-0.4495,0.1318,-0.1809,0.3433,0.486,2.775,-0.406,0.9434,-0.01041,0.07355,-0.09436,-0.3582,1.308,1.281,0.0,0.0,1.277,0.0,1.537,0.8833,1.0,0.0,0.0,0.0,-0.548,0.0,0.5,0.5,-0.3303,0.091,0.0,2.0,0.0,0.0,0.0,0.0,0.0,-0.2433
1.305,1.305,1.305,-0.9424,0.976,-0.1315,0.3137,-0.669,1.002,1.048,2.19,2.352,0.5713,0.3862,0.0,0.0,-0.946,-0.8936,0.6133,1.0,-0.2903,0.4521,0.369,-0.02533,1.073,0.3792,1.974,1.803,1.23,-0.406,0.493,0.0,0.841,1.317,1.285,0.0,0.0,1.283,0.0,1.642,1.141,1.0,0.0,0.0,0.0,6.113,1.0,0.5,0.5,-0.962,0.8716,1.0,0.0,0.0,0.0,1.0,0.0,3.014,2.734
1.313,1.313,1.313,-0.889,0.9297,-0.1315,0.686,-0.6987,0.9463,1.056,2.252,0.0879,0.5713,0.3862,0.0,0.0,-0.9546,-0.897,0.6133,1.0,-0.2903,-0.4668,0.6187,0.1517,1.022,0.3892,1.118,0.1322,1.409,1.803,-0.01041,0.0735,0.969,1.329,1.29,0.0,0.0,1.292,0.0,1.649,1.041,1.0,0.0,0.0,0.0,0.2598,1.0,0.5,0.5,-0.9434,0.791,2.0,0.0,-0.5,0.0,0.0,0.0,0.0,0.11273
1.321,1.321,1.321,-0.7456,0.782,-0.1315,0.686,-0.711,0.752,1.024,2.326,-0.05777,0.7144,0.3862,0.0,0.0,-0.932,-0.8706,0.603,0.0,-0.2878,-0.2874,0.906,0.37,0.8076,0.4224,0.896,-0.1015,1.516,0.1322,-0.4058,0.493,0.4238,1.339,1.295,0.0,0.0,1.3,0.0,1.644,1.371,1.0,0.0,0.0,0.0,-0.2194,0.0,0.0,0.5,-0.821,0.6323,0.0,1.0,-0.5,0.0,0.0,0.0,0.0,-0.09503
1.329,1.328,1.329,-0.7373,0.763,-0.1315,0.686,-0.7314,0.6787,1.039,2.416,0.0504,0.857,0.3862,0.0,0.0,-0.9453,-0.881,0.6133,1.0,-0.2903,-0.8228,1.177,0.597,0.7627,0.4421,0.869,0.1729,1.577,-0.1015,1.802,-0.01041,0.2316,1.351,1.299,0.0,0.0,1.308,0.0,1.653,1.478,1.0,0.0,0.0,0.0,0.3489,1.0,0.0,1.0,-0.841,0.583,1.0,0.0,-0.5,0.0,0.0,0.0,0.0,0.1514
1.335,1.334,1.336,-0.5825,0.596,-0.1315,0.686,-0.773,0.4685,0.9966,2.48,-0.1477,0.857,0.3862,0.0,0.0,-0.916,-0.842,0.5957,0.0,-0.2878,-0.821,1.497,0.877,0.456,0.4878,1.299,-0.1724,1.567,0.1729,0.1322,-0.4058,-0.09436,1.357,1.303,0.0,0.0,1.316,0.0,1.643,1.404,1.0,0.0,0.0,0.0,-0.3235,1.0,0.0,0.5,-0.7305,0.3796,0.0,1.0,-0.5,0.0,0.0,0.0,0.0,-0.1399
1.341,1.34,1.342,-0.5576,0.567,-0.1315,0.686,-0.8213,0.426,0.9995,2.521,0.0633,0.857,0.3862,0.0,0.0,-0.923,-0.8394,0.6064,0.0,-0.2854,-0.4531,1.75,1.129,0.4014,0.51,1.582,0.1017,1.51,-0.1724,-0.1015,1.802,0.0,1.366,1.306,0.0,0.0,1.324,0.0,1.648,1.265,1.0,0.0,0.0,0.0,0.2625,1.0,0.5,0.5,-0.7217,0.3345,1.0,0.0,-0.5,0.0,0.0,0.0,0.0,0.1139
1.346,1.345,1.348,-0.4502,0.4575,-0.1315,0.686,-0.8096,0.306,0.97,2.55,-0.1007,0.857,0.3862,0.0,0.0,-0.899,-0.8164,0.5967,0.0,-0.2827,-0.5884,1.932,1.342,0.2866,0.5244,1.775,-0.0914,1.432,0.1017,0.1729,0.1322,0.0735,1.376,1.31,0.0,0.0,1.332,0.0,1.644,1.086,1.0,0.0,0.0,0.0,-0.1373,0.0,0.0,0.0,-0.628,0.2186,0.0,1.0,-0.5,0.0,0.0,0.0,0.0,-0.05948
1.351,1.35,1.353,-0.446,0.4507,-0.1315,0.686,-0.8403,0.296,0.976,2.576,0.1169,0.857,0.3862,0.0,0.0,-0.9067,-0.819,0.6094,0.0,-0.2803,-0.522,2.09,1.541,0.24,0.547,1.346,0.122,1.419,-0.0914,-0.1724,-0.10144,0.493,1.377,1.313,0.0,0.0,1.339,0.0,1.65,1.058,1.0,0.0,0.0,0.0,0.179,1.0,0.0,0.0,-0.622,0.2145,1.0,0.0,-0.5,0.0,0.0,0.0,0.0,0.0776
1.355,1.3545,1.356,-0.3423,0.3416,-0.1315,0.686,-0.8477,0.1708,0.944,2.6,-0.1908,0.857,0.3862,0.0,0.0,-0.8823,-0.791,0.5977,0.0,-0.2778,-0.8213,2.188,1.708,0.10504,0.5557,1.582,-0.1116,1.268,0.122,0.1016,0.1727,-0.01041,1.376,1.317,0.0,0.0,1.346,0.0,1.644,1.038,1.0,0.0,0.0,0.0,-0.2444,0.0,0.0,0.0,-0.5176,0.11426,0.0,1.0,-0.5,0.0,0.0,0.0,0.0,-0.10583
1.357,1.356,1.359,-0.1195,0.11176,-0.1315,0.915,-0.797,-0.08496,0.8623,2.615,-0.8384,0.857,0.3862,0.0,0.0,-0.814,-0.728,0.556,0.0,-0.2751,-0.1836,2.223,1.835,-0.1512,0.5557,2.373,-0.4065,0.953,-0.1116,-0.0913,-0.1722,-0.4058,1.374,1.32,0.0,0.0,1.354,0.0,1.619,0.7,0.0,0.0,0.0,0.0,-1.009,0.0,0.0,0.0,-0.2893,-0.0926,0.0,2.0,-0.5,0.0,0.0,0.0,0.0,-0.4375
1.361,1.36,1.363,-0.3403,0.3293,-0.1315,0.915,-0.7705,0.1194,0.941,2.64,7.58,0.857,0.3862,0.0,0.0,-0.873,-0.7964,0.6133,1.0,-0.2903,-0.7954,2.178,1.915,0.07983,0.5557,0.001822,0.563,0.752,-0.4065,0.12195,0.1016,1.802,1.374,1.324,0.0,0.0,1.36,0.0,1.652,0.8496,1.0,0.0,0.0,0.0,0.974,0.0,0.0,0.0,-0.4895,0.1302,1.0,0.0,-0.5,0.0,0.0,0.0,0.0,0.4253
1.365,1.364,1.368,-0.3306,0.316,-0.1315,0.915,-0.7554,0.1018,0.9404,2.658,0.0606,0.857,0.3862,0.0,0.0,-0.871,-0.797,0.6133,1.0,-0.2903,-0.4285,2.092,1.958,0.0673,0.5557,-0.163,0.0811,0.6665,0.563,-0.1116,-0.0913,0.1322,1.376,1.33,0.0,0.0,1.365,0.0,1.657,0.731,0.0,0.0,0.0,0.0,0.1592,1.0,0.0,0.0,-0.4753,0.1223,2.0,0.0,-0.5,0.0,0.0,0.0,0.0,0.06885
1.37,1.368,1.372,-0.3923,0.3738,-0.1315,0.915,-0.712,0.1552,0.966,2.68,0.4128,0.857,0.3862,0.0,0.0,-0.887,-0.8223,0.6133,1.0,-0.2903,-0.4597,1.939,1.973,0.1349,0.5557,0.009315,0.243,0.628,0.0811,-0.4065,0.12195,-0.10144,1.378,1.336,0.0,0.0,1.37,0.0,1.671,0.814,1.0,0.0,0.0,0.0,0.621,1.0,0.5,0.5,-0.5396,0.1729,3.0,0.0,-0.5,0.0,0.0,0.0,0.0,0.2683
1.375,1.372,1.378,-0.4639,0.4265,-0.409,0.915,-0.667,0.1948,0.994,2.717,0.3042,0.857,0.3862,0.0,0.0,-0.905,-0.85,0.6133,1.0,-0.2903,0.0763,1.718,1.968,0.2133,0.5557,-0.172,0.2622,0.616,0.243,0.5625,-0.1116,0.1727,1.382,1.343,0.0,0.0,1.375,0.0,1.687,1.1875,1.0,0.0,0.0,0.0,0.6255,2.0,0.5,1.0,-0.675,0.151,4.0,0.0,-0.5,0.0,0.0,0.0,0.0,0.269
1.379,1.376,1.382,-0.2595,0.2173,-0.409,0.915,-0.8457,0.00993,0.922,2.7,-0.511,0.857,0.3862,0.0,0.0,-0.8647,-0.773,0.5786,0.0,-0.2878,-0.635,1.491,1.928,0.01192,0.5557,0.1696,-0.3413,0.5273,0.2622,0.0811,-0.4065,-0.1722,1.384,1.349,0.0,0.0,1.38,0.0,1.666,0.2083,0.0,0.0,0.0,0.0,-0.9707,2.0,0.5,0.5,-0.4717,-0.04404,0.0,1.0,-0.5,0.0,0.0,0.0,0.0,-0.4158
1.391,1.391,1.392,-1.245,1.271,-0.10693,0.915,-0.4028,1.145,1.321,2.742,10.09,0.857,0.3862,0.0,0.0,-1.125,-1.136,0.6133,1.0,-0.2903,3.021,1.344,1.914,1.018,0.3901,0.08124,2.514,0.8335,-0.3413,0.2429,0.5625,0.1016,1.399,1.357,0.0,0.0,1.39,0.0,1.816,1.068,1.0,0.0,0.0,0.0,7.266,2.0,0.5,0.5,-1.298,1.106,1.0,0.0,-0.5,0.0,1.0,0.0,4.234,4.414
1.407,1.41,1.406,-1.631,1.772,0.651,0.915,-0.21,1.723,1.481,2.824,0.646,0.857,0.3862,0.0,0.0,-1.156,-1.328,0.6133,1.0,-0.2903,1.465,1.438,1.965,1.428,0.3086,0.6357,1.453,1.375,2.514,0.2622,0.08105,-0.0913,1.426,1.369,0.0,0.0,1.401,0.0,1.907,1.356,1.0,0.0,0.0,0.0,7.266,2.0,1.0,1.0,-1.384,1.639,2.0,0.0,-0.5,0.0,0.0,0.0,0.0,3.328
1.424,1.428,1.42,-1.554,1.691,0.7495,0.915,-0.1794,1.656,1.481,2.906,0.1031,0.857,0.3862,0.0,0.0,-1.156,-1.333,0.6133,1.0,-0.2903,-0.4595,1.617,2.04,1.337,0.3267,1.113,0.1892,1.8,1.453,-0.3413,0.2429,0.12195,1.45,1.379,0.0,0.0,1.413,0.0,1.919,1.359,1.0,0.0,0.0,0.0,0.72,2.0,1.0,1.0,-1.384,1.538,3.0,0.0,-0.5,0.0,0.0,0.0,0.0,0.2908
1.4375,1.442,1.433,-1.33,1.489,0.7495,0.915,-0.1582,1.437,1.481,2.992,0.00699,0.857,0.3862,0.0,0.0,-1.156,-1.314,0.603,0.0,-0.2878,-0.6484,1.896,2.107,1.131,0.357,1.948,-0.1037,2.06,0.1892,2.514,0.262,-0.1115,1.475,1.39,0.0,0.0,1.425,0.0,1.912,1.394,1.0,0.0,0.0,0.0,-0.334,1.0,1.0,1.0,-1.377,1.325,0.0,1.0,-0.5,0.0,0.0,0.0,0.0,-0.1344
1.447,1.452,1.442,-0.8267,0.9937,0.7495,0.7476,-0.0979,0.8853,1.362,3.05,-0.2468,0.857,0.3862,0.0,0.0,-1.126,-1.195,0.5186,0.0,-0.2854,-0.367,2.158,2.154,0.5933,0.3816,3.217,-0.822,2.049,-0.1037,1.453,-0.3413,-0.4062,1.491,1.399,0.0,0.0,1.436,0.0,1.859,0.937,1.0,0.0,0.0,0.0,-1.987,1.0,1.0,0.5,-0.8716,0.87,0.0,2.0,-0.5,-1.0,0.0,0.0,0.0,-0.8013
1.454,1.46,1.449,-0.609,0.7773,0.7495,0.61,-0.05698,0.6304,1.297,3.105,-0.1361,0.857,0.3862,0.0,0.0,-1.075,-1.149,0.4915,0.0,-0.2827,-0.2585,2.36,2.2,0.372,0.4,2.992,-0.268,2.125,-0.822,0.1892,2.514,0.5625,1.506,1.408,0.0,0.0,1.442,0.0,1.842,0.8535,1.0,0.0,0.0,0.0,-0.768,0.0,0.5,0.5,-0.661,0.6626,0.0,3.0,-0.5,-1.0,0.0,0.0,0.0,-0.314
1.461,1.467,1.456,-0.5366,0.704,0.7495,0.61,-0.0334,0.526,1.281,3.156,-0.01062,0.857,0.3862,0.0,0.0,-1.0625,-1.14,0.4934,0.0,-0.2803,-0.2979,2.521,2.227,0.3047,0.4158,3.348,0.01924,2.182,-0.268,-0.1037,1.453,0.08105,1.522,1.416,0.0,0.0,1.448,0.0,1.843,0.837,1.0,0.0,0.0,0.0,0.05698,0.0,0.5,0.5,-0.5986,0.584,1.0,0.0,-0.5,-1.0,0.0,0.0,0.0,0.02339
1.466,1.471,1.461,-0.2605,0.4211,0.7495,0.61,0.02069,0.1907,1.183,3.201,-0.4307,0.857,0.3862,0.0,0.0,-0.985,-1.067,0.4458,0.0,-0.2778,-0.4192,2.648,2.262,-0.01619,0.4343,3.453,-0.4712,2.172,0.01924,-0.822,0.1891,0.2428,1.522,1.423,0.0,0.0,1.454,0.0,1.8125,0.6807,0.0,0.0,0.0,0.0,-2.127,-1.0,0.0,0.5,-0.333,0.3115,0.0,1.0,-0.5,-1.0,0.0,0.0,0.0,-0.873
1.458,1.465,1.452,1.113,-0.932,0.7495,-0.4932,0.4175,-1.241,0.6787,3.18,-4.992,0.7144,0.3862,-1.0,0.0,-0.558,-0.6865,0.1589,0.0,-0.2751,3.111,2.676,2.26,-1.414,0.4348,3.42,-2.514,2.19,-0.4712,-0.268,-0.1037,0.262,1.497,1.425,0.0,0.0,1.454,0.0,1.632,-0.07477,0.0,0.0,0.0,0.0,-8.15,-1.0,-0.5,0.5,1.074,-0.899,0.0,2.0,-0.5,-1.0,0.0,0.0,0.0,-4.973
1.452,1.46,1.445,0.98,-0.7793,0.7495,-0.4932,0.567,-1.175,0.686,3.146,0.07794,0.5713,0.3862,-1.0,0.0,-0.5503,-0.707,0.1716,0.0,-0.2727,1.202,2.549,2.227,-1.244,0.411,3.805,0.1323,2.188,-2.514,0.01924,-0.8213,-0.341,1.472,1.428,0.0,0.0,1.454,0.0,1.64,-0.1667,0.0,0.0,0.0,0.0,0.6953,0.0,0.0,0.5,0.944,-0.7534,1.0,0.0,-0.5,-1.0,0.0,0.0,0.0,0.3022
1.446,1.454,1.439,1.007,-0.7915,0.7495,-0.4932,0.6494,-1.253,0.641,3.11,0.2239,0.4285,0.3862,-1.0,0.0,-0.5063,-0.676,0.1532,0.0,-0.2703,0.415,2.344,2.172,-1.326,0.4092,0.0183,-0.193,2.205,0.1323,-0.4712,-0.268,2.514,1.446,1.43,0.0,0.0,1.453,0.0,1.628,-0.2267,0.0,0.0,0.0,0.0,-0.459,0.0,-0.5,0.0,0.9604,-0.774,0.0,1.0,-0.5,-1.0,0.0,0.0,0.0,-0.199
1.432,1.443,1.421,2.14,-1.838,0.7495,-0.4932,1.004,-2.309,0.2345,3.002,1.162,0.2856,0.3862,-1.0,0.0,-0.12476,-0.3354,-0.0794,0.0,-0.2676,2.295,2.043,2.076,-2.086,0.3987,-2.686,-2.447,2.52,-0.193,-2.514,0.01924,1.453,1.412,1.429,0.0,0.0,1.448,0.0,1.481,-0.696,0.0,0.0,0.0,0.0,-5.8,-1.0,-1.0,-0.5,2.11,-1.717,0.0,2.0,-0.5,-1.0,0.0,0.0,0.0,-2.523
1.422,1.436,1.409,1.549,-1.193,0.7495,-0.4932,1.08,-1.798,0.3706,2.91,-0.113,0.1428,0.3862,-1.0,0.0,-0.2383,-0.4714,0.0078,0.0,-0.2651,1.533,1.637,1.957,-1.921,0.3833,-4.027,0.9565,2.676,-2.447,0.1323,-0.4712,0.1891,1.384,1.429,0.0,0.0,1.444,0.0,1.536,-0.556,0.0,0.0,0.0,0.0,2.541,0.0,-1.0,-0.5,1.559,-1.073,1.0,0.0,-0.5,-1.0,0.0,0.0,0.0,1.152
1.414,1.429,1.4,1.334,-0.945,0.7495,-0.4932,1.131,-1.622,0.3975,2.834,0.0284,0.0,0.3862,-1.0,0.0,-0.2573,-0.5015,0.03107,0.0,-0.2627,0.1052,1.074,1.818,-1.757,0.372,-4.797,0.251,2.79,0.9565,-0.193,-2.514,-0.1037,1.357,1.429,0.0,0.0,1.441,0.0,1.55,-0.4575,0.0,0.0,0.0,0.0,0.695,1.0,-0.5,0.0,1.219,-0.977,2.0,0.0,-0.5,-1.0,0.0,0.0,0.0,0.31
1.407,1.42,1.396,1.102,-0.7715,0.7495,-0.4932,0.6274,-1.375,0.4226,2.697,-0.03662,-0.1428,0.3862,-1.0,0.0,-0.324,-0.4766,0.05334,0.0,-0.26,-0.0685,0.5786,1.65,-1.522,0.3447,-4.38,0.2396,2.852,0.251,-2.445,0.1323,-0.8213,1.335,1.429,0.0,0.0,1.44,0.0,1.563,-1.009,0.0,0.0,0.0,0.0,0.4702,1.0,0.0,0.0,0.9604,-0.8506,3.0,0.0,-0.5,-1.0,0.0,0.0,0.0,0.2091
1.404,1.415,1.395,0.7056,-0.4207,0.7495,-0.4932,0.398,-0.896,0.514,2.533,-0.2742,-0.2856,0.3862,-1.0,0.0,-0.4226,-0.538,0.11536,0.0,-0.2576,0.2893,0.5234,1.466,-1.012,0.3008,-4.68,0.664,2.89,0.2396,0.9565,-0.193,-0.268,1.332,1.429,0.0,0.0,1.438,0.0,1.603,-1.287,0.0,1.0,0.0,0.0,0.839,2.0,0.5,0.0,0.6333,-0.455,4.0,0.0,-0.5,-1.0,0.0,0.0,0.0,0.3713
1.406,1.415,1.396,0.10376,0.159,0.7495,-0.4932,0.404,-0.1611,0.6987,2.396,-0.889,-0.4285,0.3862,-1.0,0.0,-0.5757,-0.703,0.2336,0.0,-0.2551,0.1592,0.7686,1.296,-0.2744,0.27,-5.035,1.252,2.879,0.664,0.251,-2.445,0.01923,1.336,1.429,0.0,0.0,1.439,0.0,1.677,-0.9624,0.0,0.0,0.0,0.0,1.66,3.0,0.5,0.0,0.1356,0.191,5.0,0.0,0.0,-1.0,0.0,0.0,0.0,0.727
1.41,1.418,1.402,-0.1857,0.4219,0.7495,-0.4932,0.4473,0.2805,0.793,2.28,-10.375,-0.4285,0.3862,0.0,0.0,-0.6475,-0.788,0.2986,0.0,-0.2524,0.1816,1.119,1.155,0.1711,0.2454,-4.957,0.6733,2.867,1.252,0.2395,0.956,-0.471,1.345,1.431,0.0,0.0,1.441,0.0,1.717,-0.765,0.0,0.0,0.0,0.0,1.849,3.0,1.0,0.5,-0.1362,0.4507,5.734,0.0,0.5,-1.0,0.0,0.0,0.0,0.793
1.409,1.417,1.402,0.3093,-0.09973,0.7495,-0.4932,0.529,-0.12115,0.6084,2.16,-0.9707,-0.5713,0.3862,-1.0,0.0,-0.49,-0.6353,0.1968,0.0,-0.25,-0.03467,1.455,1.057,-0.2461,0.2261,-0.75,-1.044,2.88,0.6733,0.664,0.251,-2.514,1.36,1.431,0.0,0.0,1.44,0.0,1.653,-0.7905,0.0,0.0,0.0,0.0,-3.02,2.0,1.0,0.5,0.3838,-0.005413,0.0,1.0,0.5,-1.0,0.0,0.0,0.0,-1.281
1.408,1.415,1.403,0.3489,-0.1688,0.7495,-0.4932,0.566,-0.0731,0.574,2.047,-8.59,-0.5713,0.3862,0.0,0.0,-0.4583,-0.6084,0.1842,0.0,-0.2474,0.1594,1.75,1.009,-0.2089,0.2054,-0.8867,-0.1315,2.889,-1.044,1.252,0.2395,0.1323,1.37,1.432,0.0,0.0,1.44,0.0,1.6455,-0.7695,0.0,0.0,0.0,0.0,-0.2191,1.0,0.5,0.5,0.441,-0.0521,0.0,2.0,0.5,-1.0,0.0,0.0,0.0,-0.09454
1.408,1.412,1.404,0.3157,-0.183,0.7495,-0.4932,0.5317,0.04092,0.561,1.933,3.123,-0.5713,0.3862,0.0,0.0,-0.4504,-0.5933,0.1842,0.0,-0.245,-0.618,1.992,1.101,-0.0981,0.183,-0.5825,0.0,2.85,-0.1315,0.6733,0.6636,-0.193,1.379,1.432,0.0,0.0,1.435,0.0,1.645,-0.775,0.0,0.0,0.0,0.0,0.0,0.0,0.5,0.0,0.406,-0.07074,0.0,0.0,0.5,-1.0,0.0,0.0,0.0,0.0
1.41,1.413,1.407,-0.0327,0.1284,0.7495,-0.4932,0.4988,0.4731,0.6646,1.85,3.18,-0.5713,0.3862,0.0,0.0,-0.539,-0.6816,0.254,0.0,-0.2424,-0.4124,2.188,1.329,0.4238,0.1497,3.06,0.73,2.621,0.0,-1.043,1.251,-2.445,1.391,1.433,0.0,0.0,1.428,0.0,1.688,-0.525,0.0,0.0,0.0,0.0,1.313,0.0,1.0,0.5,-0.02313,0.1257,1.0,0.0,0.5,-1.0,0.0,0.0,0.0,0.5684
1.415,1.417,1.412,-0.367,0.4626,0.6865,-0.4932,0.1758,0.8174,0.7827,1.868,0.785,-0.4285,0.3862,0.0,0.0,-0.6636,-0.7534,0.3335,0.0,-0.2399,-0.2932,2.248,1.538,0.8506,0.1455,2.229,0.8213,2.336,0.73,-0.1315,0.6733,0.956,1.403,1.435,0.0,0.0,1.422,0.0,1.738,0.2957,0.0,0.0,0.0,0.0,1.546,0.0,1.0,1.0,-0.3022,0.494,2.0,0.0,0.5,-1.0,0.0,0.0,0.0,0.6606
1.419,1.422,1.417,-0.3196,0.418,0.6865,-0.4932,0.04718,0.765,0.7705,1.883,0.0816,-0.2856,0.3862,0.0,0.0,-0.6655,-0.7305,0.3354,0.0,-0.2374,-0.307,2.207,1.67,0.7686,0.1636,2.371,0.01976,2.025,0.8213,0.0,-1.043,0.251,1.409,1.437,0.0,0.0,1.417,0.0,1.739,0.274,0.0,0.0,0.0,0.0,0.04745,1.0,1.0,1.0,-0.2688,0.438,3.0,0.0,0.5,-1.0,0.0,0.0,0.0,0.02
1.423,1.426,1.42,-0.1731,0.274,0.6865,-0.4932,0.006016,0.5947,0.7197,1.896,-0.0693,-0.1428,0.3862,0.0,0.0,-0.628,-0.6826,0.314,0.0,-0.2349,-0.1829,2.033,1.734,0.5845,0.1783,2.498,-0.2173,1.811,0.01976,0.73,-0.1315,0.2395,1.41,1.439,0.0,0.0,1.412,0.0,1.726,0.2654,0.0,0.0,0.0,0.0,-0.644,1.0,0.5,1.0,-0.2458,0.1708,0.0,1.0,0.5,-1.0,0.0,0.0,0.0,-0.2715
1.42,1.421,1.419,0.5303,-0.469,0.6865,-0.4932,-0.03976,-0.2612,0.4578,1.9375,-1.18,-0.1428,0.3862,-1.0,0.0,-0.414,-0.4448,0.1648,0.0,-0.2323,0.822,1.769,1.737,-0.2542,0.1947,1.941,-1.526,1.582,-0.2173,0.8213,0.0,0.6636,1.408,1.439,0.0,0.0,1.406,0.0,1.632,0.5366,0.0,0.0,0.0,0.0,-5.258,1.0,0.0,1.0,0.4656,-0.509,0.0,2.0,0.5,-1.0,0.0,0.0,0.0,-2.225
1.42,1.42,1.42,0.185,-0.1438,0.6865,-0.4932,-0.1837,-0.010086,0.552,1.97,-1.742,0.0,0.3862,0.0,0.0,-0.5063,-0.516,0.2297,0.0,-0.2299,0.05206,1.442,1.677,-0.02583,0.2151,0.1906,0.6816,1.293,-1.526,0.01976,0.7295,1.251,1.411,1.439,0.0,0.0,1.4,0.0,1.672,0.4924,0.0,0.0,0.0,0.0,1.88,1.0,0.0,1.0,0.1738,-0.1521,1.0,0.0,0.5,-1.0,0.0,0.0,0.0,0.816
1.423,1.423,1.423,-0.2181,0.2551,0.6865,-0.4932,-0.1366,0.3342,0.6826,2.018,3.738,0.1428,0.3862,0.0,0.0,-0.6104,-0.6367,0.3179,0.0,-0.2273,0.869,1.054,1.545,0.3035,0.2383,-0.8193,0.915,1.107,0.6816,-0.2173,0.821,0.673,1.418,1.441,0.0,0.0,1.397,0.0,1.727,0.6147,0.0,0.0,0.0,0.0,2.879,1.0,0.0,1.0,-0.1677,0.2825,2.0,0.0,0.5,-1.0,0.0,0.0,0.0,1.235
1.428,1.428,1.429,-0.4045,0.4324,0.6865,-0.1328,-0.1605,0.4695,0.748,2.072,0.473,0.2856,0.3862,0.0,0.0,-0.666,-0.6914,0.3674,0.0,-0.2247,-0.2338,0.7324,1.375,0.4456,0.2598,0.7837,0.5054,1.226,0.915,-1.526,0.01976,-1.043,1.425,1.442,0.0,0.0,1.402,0.0,1.758,0.6606,0.0,0.0,0.0,0.0,1.187,1.0,0.5,1.0,-0.3462,0.454,3.0,0.0,0.5,-1.0,0.0,0.0,0.0,0.502
1.434,1.434,1.435,-0.5234,0.552,0.6865,-0.1328,-0.1753,0.563,0.7974,2.12,0.318,0.4285,0.3862,0.0,0.0,-0.7065,-0.732,0.407,0.0,-0.2222,0.1782,0.6377,1.227,0.561,0.2764,1.242,0.4028,1.375,0.5054,0.6816,-0.2172,-0.1315,1.429,1.445,0.0,0.0,1.407,0.0,1.782,0.6235,0.0,0.0,0.0,0.0,1.113,2.0,1.0,1.0,-0.5005,0.526,4.0,0.0,0.5,-1.0,0.0,0.0,0.0,0.4668
1.441,1.442,1.441,-0.694,0.7354,0.6865,-0.1328,-0.2585,0.761,0.8735,2.148,0.4644,0.5713,0.3862,0.0,0.0,-0.7744,-0.7886,0.4634,0.0,-0.2197,-0.5913,0.7046,1.062,0.778,0.2893,1.587,0.566,1.568,0.4028,0.915,-1.526,0.0,1.437,1.445,0.0,0.0,1.413,0.0,1.817,0.5083,0.0,0.0,0.0,0.0,1.069,3.0,1.5,1.0,-0.6724,0.695,5.0,0.0,0.5,-1.0,0.0,0.0,0.0,0.4453
1.455,1.457,1.453,-1.286,1.379,1.055,0.3274,-0.2366,1.48,1.131,2.205,1.042,0.5713,0.3862,0.0,0.0,-0.97,-1.002,0.6133,1.0,-0.2903,0.689,0.914,0.9194,1.482,0.2979,0.9395,1.672,1.729,0.566,0.505,0.681,0.7295,1.455,1.446,0.0,0.0,1.428,0.0,1.923,0.6904,0.0,0.0,0.0,0.0,4.977,3.0,1.5,1.0,-1.22,1.341,5.734,0.0,0.5,-1.0,1.0,0.0,3.752,2.053
1.467,1.47,1.465,-1.146,1.251,1.064,0.3274,-0.3271,1.326,1.115,2.29,0.0369,0.7144,0.3862,0.0,0.0,-0.9663,-0.981,0.6133,1.0,-0.2903,-0.766,1.25,0.8574,1.298,0.3342,0.294,0.0188,1.901,1.672,0.4026,0.915,0.821,1.481,1.446,0.0,0.0,1.44,0.0,1.924,1.084,1.0,0.0,0.0,0.0,0.0623,3.0,1.5,1.5,-1.102,1.2,5.734,0.0,1.0,-1.0,0.0,0.0,0.0,0.025
1.477,1.4795,1.475,-0.8486,0.9536,1.064,0.3274,-0.342,0.9717,1.03,2.367,-0.1265,0.7144,0.3862,0.0,0.0,-0.904,-0.9106,0.5728,0.0,-0.2878,-0.2397,1.58,0.8687,0.978,0.358,0.727,-0.3948,1.933,0.0188,0.566,0.505,0.01974,1.502,1.446,0.0,0.0,1.452,0.0,1.897,0.9663,1.0,0.0,0.0,0.0,-0.949,2.0,1.0,1.5,-0.803,0.9263,0.0,1.0,1.0,-1.0,0.0,0.0,0.0,-0.3806
1.483,1.487,1.481,-0.61,0.7134,1.064,0.3274,-0.3,0.6714,0.9595,2.438,-0.16,0.7144,0.3862,0.0,0.0,-0.845,-0.8564,0.54,0.0,-0.2854,-0.2974,1.853,0.978,0.712,0.3792,1.453,-0.3218,1.872,-0.3948,1.672,0.4026,-0.2172,1.517,1.446,0.0,0.0,1.462,0.0,1.877,0.8384,1.0,0.0,0.0,0.0,-0.617,1.0,1.0,1.5,-0.5986,0.668,0.0,2.0,1.0,-1.0,0.0,0.0,0.0,-0.2491
1.489,1.492,1.487,-0.4236,0.521,1.064,0.3274,-0.3098,0.4417,0.9004,2.482,-0.1775,0.7144,0.3862,0.0,0.0,-0.8003,-0.8066,0.514,0.0,-0.2827,-0.6523,1.975,1.155,0.5156,0.393,4.14,-0.2568,1.809,-0.3218,0.0188,0.566,-1.525,1.525,1.447,0.0,0.0,1.471,0.0,1.86,0.6274,0.0,0.0,0.0,0.0,-0.3193,0.0,1.0,1.0,-0.4495,0.4492,0.0,3.0,1.0,-1.0,0.0,0.0,0.0,-0.1296
1.497,1.5,1.494,-0.6045,0.7056,1.064,0.3274,-0.3428,0.631,0.978,2.521,0.5156,0.7144,0.3862,0.0,0.0,-0.8633,-0.8677,0.571,0.0,-0.2803,-0.6597,2.04,1.373,0.6704,0.4185,3.705,0.564,1.892,-0.2568,-0.3948,1.672,0.681,1.536,1.448,0.0,0.0,1.478,0.0,1.8955,0.586,0.0,0.0,0.0,0.0,2.455,0.0,1.0,1.0,-0.5938,0.6597,1.0,0.0,1.0,-1.0,0.0,0.0,0.0,1.001
1.5,1.503,1.497,-0.1445,0.2472,1.064,0.3274,-0.2374,0.134,0.8174,2.537,-0.5874,0.7144,0.3862,0.0,0.0,-0.7285,-0.7437,0.4822,0.0,-0.2778,0.567,2.05,1.568,0.191,0.428,2.898,-0.8706,1.908,0.564,-0.3218,0.0188,0.9146,1.538,1.449,0.0,0.0,1.481,0.0,1.84,0.2834,0.0,0.0,0.0,0.0,-1.71,-1.0,0.5,0.5,-0.1284,0.2432,0.0,1.0,1.0,-1.0,0.0,0.0,0.0,-0.6904
1.504,1.507,1.502,-0.2776,0.3735,1.064,0.3274,-0.2861,0.2396,0.8643,2.57,0.608,0.7144,0.3862,0.0,0.0,-0.77,-0.779,0.52,0.0,-0.2751,-0.653,2.018,1.737,0.3152,0.4404,2.418,0.3745,1.851,-0.8706,-0.2568,-0.3945,0.505,1.533,1.454,0.0,0.0,1.489,0.0,1.863,0.423,0.0,0.0,0.0,0.0,0.5405,0.0,0.5,1.0,-0.3083,0.3079,1.0,0.0,1.0,-1.0,0.0,0.0,0.0,0.2216
1.507,1.508,1.507,-0.1548,0.2114,1.064,0.3274,-0.4026,0.00724,0.814,2.639,-0.5757,0.857,0.3862,0.0,0.0,-0.74,-0.7246,0.4976,0.0,-0.2727,-0.4954,2.0,1.904,0.06604,0.47,2.068,-0.2196,1.728,0.3745,0.5635,-0.3215,0.4026,1.526,1.459,0.0,0.0,1.495,0.0,1.849,0.8833,1.0,0.0,0.0,0.0,-0.2812,0.0,0.0,1.0,-0.1975,0.1425,0.0,1.0,1.0,-1.0,0.0,0.0,0.0,-0.11456
1.504,1.505,1.504,0.509,-0.4739,1.064,0.3274,-0.3079,-0.7446,0.5664,2.65,-6.594,0.7144,0.3862,-1.0,0.0,-0.53,-0.5176,0.3538,0.0,-0.2703,0.2142,1.98,2.033,-0.727,0.491,1.369,-1.428,1.557,-0.2196,-0.8706,-0.2568,0.5654,1.514,1.462,0.0,0.0,1.499,0.0,1.758,0.2374,0.0,0.0,0.0,0.0,-2.8,0.0,-0.5,0.5,0.4644,-0.4934,0.0,2.0,1.0,-1.0,0.0,1.0,-3.393,-1.145
1.496,1.497,1.496,1.127,-1.083,1.064,-0.344,-0.2656,-1.391,0.33,2.604,1.269,0.5713,0.3862,-1.0,0.0,-0.3232,-0.3047,0.2155,0.0,-0.2676,0.9165,1.925,2.066,-1.428,0.4988,-1.363,-1.403,1.581,-1.428,0.3745,0.5635,1.671,1.495,1.467,0.0,0.0,1.499,0.0,1.671,-0.347,0.0,0.0,0.0,0.0,-3.018,-1.0,-1.0,0.0,1.09,-1.047,0.0,3.0,1.0,-1.0,0.0,0.0,0.0,-1.264
1.495,1.496,1.494,0.338,-0.2825,1.064,-0.344,-0.2239,-0.6562,0.5645,2.58,-0.4885,0.4285,0.3862,-1.0,0.0,-0.5205,-0.524,0.3672,0.0,-0.2651,0.5005,1.816,2.027,-0.7046,0.5,-2.008,1.578,1.557,-1.403,-0.2195,-0.8706,0.0188,1.486,1.472,0.0,0.0,1.5,0.0,1.767,-0.0964,0.0,0.0,0.0,0.0,3.143,0.0,-1.0,0.0,0.4026,-0.1963,1.0,0.0,1.0,-1.0,0.0,0.0,0.0,1.348
1.491,1.492,1.489,0.678,-0.613,1.064,-0.344,-0.1528,-0.9956,0.429,2.527,0.8315,0.2856,0.3862,-1.0,0.0,-0.3994,-0.4077,0.2908,0.0,-0.2627,0.7393,1.642,1.957,-1.07,0.4998,-1.76,-0.7734,1.575,1.578,-1.428,0.3745,-0.3945,1.471,1.476,0.0,0.0,1.5,0.0,1.718,-0.3481,0.0,0.0,0.0,0.0,-1.768,-1.0,-1.0,-0.5,0.73,-0.514,0.0,1.0,1.0,-1.0,0.0,0.0,0.0,-0.739
1.483,1.486,1.48,1.126,-1.029,1.064,-0.344,-0.01452,-1.406,0.2542,2.434,0.6543,0.1428,0.3862,-1.0,0.0,-0.2334,-0.2566,0.1895,0.0,-0.26,0.642,1.343,1.825,-1.468,0.4795,-1.688,-1.042,1.686,-0.7734,-1.403,-0.2195,-0.3215,1.454,1.478,0.0,0.0,1.497,0.0,1.653,-0.665,0.0,0.0,0.0,0.0,-3.0,-1.0,-1.0,-1.0,1.103,-0.9775,0.0,2.0,1.0,-1.0,0.0,0.0,0.0,-1.2705
1.479,1.481,1.477,0.7217,-0.628,1.064,-0.344,-0.1189,-0.9585,0.3516,2.309,-0.2373,0.0,0.3862,-1.0,0.0,-0.329,-0.3389,0.256,0.0,-0.2576,0.01377,0.9995,1.642,-1.025,0.453,-1.827,0.697,1.543,-1.042,1.578,-1.427,-0.2568,1.438,1.4795,0.0,0.0,1.5,0.0,1.695,-0.948,0.0,0.0,0.0,0.0,1.614,0.0,-0.5,-1.0,0.76,-0.541,1.0,0.0,1.0,-1.0,0.0,0.0,0.0,0.696
1.469,1.473,1.464,1.484,-1.3545,1.064,-0.344,0.1744,-1.598,0.0752,2.14,0.9736,-0.1428,0.3862,-1.0,0.0,-0.0533,-0.10016,0.0909,0.0,-0.2551,1.964,0.7686,1.427,-1.629,0.409,-3.111,-1.707,1.735,0.697,-0.7734,-1.403,0.5635,1.415,1.478,0.0,0.0,1.497,0.0,1.591,-1.16,0.0,1.0,0.0,0.0,-4.02,0.0,-1.0,-1.5,1.533,-1.197,0.0,1.0,1.0,-1.0,0.0,0.0,0.0,-1.712
1.462,1.467,1.458,0.996,-0.8604,1.064,-0.344,0.1609,-1.08,0.1896,2.006,-0.2395,-0.2856,0.3862,-1.0,0.0,-0.1595,-0.2112,0.1672,0.0,-0.2524,0.02275,0.7065,1.223,-1.097,0.3743,-2.477,0.8115,1.866,-1.707,-1.041,1.577,-0.8706,1.404,1.477,0.0,0.0,1.494,0.0,1.639,-0.907,0.0,0.0,0.0,0.0,1.698,0.0,-0.5,-1.0,1.095,-0.6865,1.0,0.0,1.0,-1.0,0.0,0.0,0.0,0.744
1.458,1.463,1.453,0.718,-0.5703,1.064,-0.344,0.297,-0.7446,0.252,1.892,-0.2383,-0.4285,0.3862,-1.0,0.0,-0.2035,-0.2844,0.2117,0.0,-0.25,1.486,0.847,1.058,-0.7344,0.3433,-3.55,0.4663,1.955,0.8115,0.697,-0.7734,0.3745,1.404,1.477,0.0,0.0,1.491,0.0,1.667,-0.7544,0.0,0.0,0.0,0.0,1.197,1.0,-0.5,-0.5,0.8374,-0.395,2.0,0.0,1.0,-1.0,0.0,0.0,0.0,0.518
1.456,1.46,1.451,0.487,-0.3477,1.064,-0.344,0.2913,-0.4587,0.305,1.796,-0.3555,-0.5713,0.3862,-1.0,0.0,-0.2512,-0.3342,0.2502,0.0,-0.2474,-0.63,1.061,0.9277,-0.4768,0.3293,-3.684,0.4023,2.01,0.4663,-1.706,-1.041,-0.2195,1.397,1.478,0.0,0.0,1.489,0.0,1.69,-0.628,0.0,0.0,0.0,0.0,0.9346,2.0,0.0,0.0,0.614,-0.1826,3.0,0.0,1.0,-1.0,0.0,0.0,0.0,0.4011
1.445,1.451,1.44,1.537,-1.38,1.064,-0.344,0.6494,-1.382,-0.05908,1.626,3.092,-0.7144,0.3862,-1.0,0.0,0.1159,-0.01004,0.02902,0.0,-0.245,2.21,1.505,0.922,-1.3125,0.2732,-1.835,-2.287,2.305,0.4023,0.8115,0.6963,-1.427,1.382,1.477,0.0,0.0,1.48,0.0,1.552,-1.024,0.0,0.0,0.0,0.0,-5.996,1.0,0.0,-0.5,1.675,-1.121,0.0,1.0,1.0,-1.0,0.0,0.0,0.0,-2.557
1.4375,1.443,1.433,1.103,-0.9473,1.064,-0.344,0.6333,-0.928,0.03418,1.498,-0.2498,-0.857,0.3862,-1.0,0.0,0.02603,-0.1031,0.0918,0.0,-0.2424,0.858,1.939,1.029,-0.8745,0.2468,-0.1959,0.6753,2.31,-2.287,0.466,-1.706,-1.403,1.377,1.475,0.0,0.0,1.47,0.0,1.591,-0.7886,0.0,0.0,0.0,0.0,1.306,2.0,0.5,0.0,1.28,-0.679,1.0,0.0,1.0,-1.0,0.0,0.0,0.0,0.5786
1.435,1.439,1.431,0.583,-0.4512,-0.5415,-0.344,0.6865,-0.356,0.1691,1.383,-0.6294,-1.0,0.3862,-1.0,0.0,-0.09393,-0.2417,0.1807,0.0,-0.2399,-0.212,2.307,1.215,-0.3503,0.2308,-2.74,0.945,2.17,0.6753,0.4023,0.8115,1.577,1.372,1.473,0.0,0.0,1.461,0.0,1.646,-0.6826,0.0,0.0,0.0,0.0,1.675,2.0,0.5,0.0,0.836,-0.141,2.0,0.0,1.0,-1.0,0.0,0.0,0.0,0.734
1.43,1.433,1.428,0.846,-0.7544,-0.5415,-0.344,0.743,-0.558,0.05414,1.257,1.063,-1.143,0.3862,-1.0,0.0,0.0172,-0.1335,0.1141,0.0,-0.2374,-0.28,2.58,1.428,-0.606,0.2142,-1.846,-0.6978,2.086,0.945,-2.287,0.466,-0.7734,1.374,1.47,0.0,0.0,1.451,0.0,1.6045,-0.735,0.0,0.0,0.0,0.0,-0.981,1.0,0.5,0.0,1.063,-0.4626,0.0,1.0,1.0,-1.0,0.0,0.0,0.0,-0.4233
1.426,1.429,1.425,0.5996,-0.528,-0.5415,-0.344,0.6226,-0.2964,0.1049,1.181,-0.505,-1.143,0.3862,-1.0,0.0,-0.04077,-0.1726,0.1508,0.0,-0.2349,-0.4517,2.736,1.645,-0.3494,0.1996,-0.5464,0.389,1.966,-0.6978,0.6753,0.402,-1.041,1.373,1.468,0.0,0.0,1.443,0.0,1.627,-0.479,0.0,0.0,0.0,0.0,0.611,1.0,1.0,0.5,0.7847,-0.2908,1.0,0.0,1.0,-1.0,0.0,0.0,0.0,0.2666
1.422,1.424,1.421,0.716,-0.648,-0.5415,-0.344,0.5366,-0.4294,0.04413,1.134,0.9487,-1.143,0.3862,-1.0,0.0,0.008064,-0.1038,0.1179,0.0,-0.2323,-0.1846,2.768,1.841,-0.4702,0.1903,-1.64,-0.3457,1.859,0.389,0.945,-2.287,0.6963,1.367,1.467,0.0,0.0,1.436,0.0,1.606,-0.3157,0.0,0.0,0.0,0.0,-0.983,1.0,0.5,0.5,0.8315,-0.4766,0.0,1.0,1.0,-1.0,0.0,0.0,0.0,-0.4263
1.421,1.422,1.421,0.2969,-0.2556,-0.5415,-0.344,0.4292,0.02162,0.1561,1.064,-1.431,-1.0,0.3862,0.0,0.0,-0.1051,-0.2043,0.1932,0.0,-0.2299,-0.6084,2.682,2.008,-0.04517,0.1816,0.7075,0.7974,1.558,-0.3457,-0.6978,0.675,-1.706,1.364,1.467,0.0,0.0,1.428,0.0,1.653,-0.4763,0.0,0.0,0.0,0.0,1.866,1.0,1.0,0.5,0.4485,-0.078,1.0,0.0,1.0,-1.0,0.0,0.0,0.0,0.8145
1.422,1.423,1.423,0.04474,-0.01256,-0.5415,-0.344,0.321,0.3025,0.2289,1.03,2.395,-0.857,0.3862,0.0,0.0,-0.1808,-0.2646,0.2445,0.0,-0.2273,-0.212,2.459,2.145,0.2534,0.174,-0.3174,0.5347,1.352,0.7974,0.3887,0.945,0.811,1.376,1.466,0.0,0.0,1.423,0.0,1.686,-0.2299,0.0,0.0,0.0,0.0,1.044,1.0,1.0,1.0,0.1873,0.1356,2.0,0.0,1.0,-1.0,0.0,0.0,0.0,0.4497
1.422,1.423,1.422,0.1837,-0.147,-0.5415,-0.344,0.431,0.1527,0.1765,1.018,-0.2502,-0.7144,0.3862,0.0,0.0,-0.1236,-0.2245,0.2174,0.0,-0.2247,1.497,2.164,2.246,0.1559,0.1659,-0.8867,-0.28,1.013,0.5347,-0.3455,-0.6973,0.466,1.384,1.465,0.0,0.0,1.417,0.0,1.668,-0.07776,0.0,0.0,0.0,0.0,-1.245,1.0,0.5,1.0,0.2947,-0.02245,0.0,1.0,1.0,-1.0,0.0,0.0,0.0,-0.5312
1.423,1.424,1.424,0.02301,0.013054,-0.5415,-0.344,0.378,0.3333,0.2229,0.995,0.882,-0.5713,0.3862,0.0,0.0,-0.1703,-0.2642,0.2522,0.0,-0.2222,-0.3213,1.799,2.275,0.3345,0.1655,-1.477,0.3618,0.632,-0.28,0.7974,0.3887,0.402,1.388,1.463,0.0,0.0,1.412,0.0,1.689,-0.146,0.0,0.0,0.0,0.0,0.971,1.0,0.5,1.0,0.07275,0.05853,1.0,0.0,1.0,-1.0,0.0,0.0,0.0,0.4165
1.422,1.422,1.423,0.3386,-0.3167,-0.5415,-0.344,0.2448,-0.04486,0.108,1.002,-0.7817,-0.4285,0.3862,0.0,0.0,-0.0774,-0.1394,0.1855,0.0,-0.2197,0.0996,1.457,2.225,-0.02695,0.17,1.957,-0.689,0.496,0.3618,0.5347,-0.3455,-2.287,1.392,1.459,0.0,0.0,1.408,0.0,1.647,0.0929,0.0,0.0,0.0,0.0,-1.423,1.0,0.5,1.0,0.3708,-0.2656,0.0,1.0,1.0,-1.0,0.0,0.0,0.0,-0.6064
1.419,1.419,1.42,0.4802,-0.4604,-0.5415,0.04782,0.2338,-0.2131,0.04507,0.977,-2.482,-0.4285,0.3862,-1.0,0.0,-0.01991,-0.07574,0.1517,0.0,-0.2172,-0.2468,1.121,2.107,-0.208,0.1719,1.226,-0.3535,0.5,-0.689,-0.28,0.7974,0.675,1.392,1.453,0.0,0.0,1.407,0.0,1.626,-0.1769,0.0,0.0,0.0,0.0,-0.5557,0.0,0.0,0.5,0.4998,-0.4126,0.0,2.0,1.0,-1.0,0.0,0.0,0.0,-0.2396
1.415,1.415,1.416,0.693,-0.6763,-0.5415,0.04782,0.1731,-0.436,-0.0446,0.927,2.639,-0.4285,0.3862,-1.0,0.0,0.05942,0.02072,0.1005,0.0,-0.2146,0.6333,0.7993,1.93,-0.4504,0.1682,-0.0596,-0.5386,0.329,-0.3535,0.3616,0.5347,0.9443,1.391,1.445,0.0,0.0,1.401,0.0,1.594,-0.4187,0.0,0.0,0.0,0.0,-1.394,-1.0,-0.5,0.0,0.709,-0.6157,0.0,3.0,1.0,-1.0,0.0,0.0,0.0,-0.6045
1.412,1.412,1.413,0.4849,-0.471,-0.5415,0.04782,0.1947,-0.224,-0.0006685,0.874,-0.5815,-0.4285,0.3862,-1.0,0.0,0.01962,-0.02599,0.1334,0.0,-0.2122,-0.1057,0.39,1.689,-0.2319,0.1577,0.8496,0.3486,0.2401,-0.5386,-0.689,-0.28,-0.6973,1.388,1.439,0.0,0.0,1.398,0.0,1.614,-0.4353,0.0,0.0,0.0,0.0,0.7065,0.0,0.0,0.0,0.411,-0.524,1.0,0.0,1.0,-1.0,0.0,0.0,0.0,0.309
1.413,1.412,1.415,0.0629,-0.0648,-0.5415,0.04782,-0.05972,0.1302,0.1208,0.905,-3.426,-0.2856,0.3862,0.0,0.0,-0.11646,-0.12286,0.2155,0.0,-0.2096,-0.05713,0.1545,1.403,0.1416,0.1667,0.3105,0.8667,0.2532,0.3486,-0.3535,0.3616,0.3887,1.386,1.436,0.0,0.0,1.399,0.0,1.666,0.4265,0.0,0.0,0.0,0.0,2.203,0.0,0.0,0.5,0.03372,-0.10205,2.0,0.0,1.0,-1.0,0.0,0.0,0.0,0.9585
1.414,1.413,1.416,0.04153,-0.0509,-0.5415,0.04782,-0.1953,0.1121,0.1209,0.9204,0.06198,-0.1428,0.3862,0.0,0.0,-0.1287,-0.11,0.2213,0.0,-0.207,-0.6934,-0.03244,1.089,0.1377,0.1735,0.92,0.0603,0.2178,0.8667,-0.5386,-0.689,-0.3455,1.386,1.432,0.0,0.0,1.398,0.0,1.669,0.2866,0.0,0.0,0.0,0.0,0.0872,1.0,0.5,0.5,-0.02815,-0.1339,3.0,0.0,1.0,-1.0,0.0,0.0,0.0,0.0374
1.409,1.408,1.411,0.7036,-0.712,-0.5415,0.04782,-0.11224,-0.5625,-0.1067,0.8735,-3.113,-0.1428,0.3862,-1.0,0.0,0.0936,0.11194,0.0831,0.0,-0.2046,0.9165,-0.2008,0.8145,-0.55,0.1704,-0.0881,-1.436,0.2264,0.0603,0.3486,-0.3535,0.797,1.376,1.425,0.0,0.0,1.398,0.0,1.582,-0.4358,0.0,0.0,0.0,0.0,-3.064,1.0,0.0,0.0,0.631,-0.747,0.0,1.0,1.0,-1.0,0.0,0.0,0.0,-1.313
1.408,1.407,1.41,0.3354,-0.3408,-0.5415,0.04782,-0.0871,-0.2325,-0.00884,0.8647,-0.666,-0.1428,0.3862,-1.0,0.0,0.002144,0.00927,0.1498,0.0,-0.202,0.3691,-0.3337,0.5605,-0.2004,0.1683,-1.053,0.71,0.2281,-1.436,0.8667,-0.5386,0.5347,1.374,1.42,0.0,0.0,1.397,0.0,1.624,-0.02823,0.0,0.0,0.0,0.0,1.554,2.0,0.0,0.5,0.3015,-0.362,1.0,0.0,1.0,-1.0,0.0,0.0,0.0,0.682
1.403,1.402,1.404,0.77,-0.768,-0.5415,0.04782,-0.002703,-0.68,-0.1647,0.8203,4.324,-0.1428,0.3862,-1.0,0.0,0.1599,0.162,0.0561,0.0,-0.1995,-0.1986,-0.4214,0.3245,-0.6587,0.1646,-0.7803,-0.9863,0.2864,0.71,0.0603,0.3486,-0.2798,1.369,1.414,0.0,0.0,1.395,0.0,1.564,-0.406,0.0,0.0,0.0,0.0,-1.541,1.0,0.0,0.0,0.74,-0.751,0.0,1.0,1.0,-1.0,0.0,0.0,0.0,-0.6685
1.398,1.398,1.399,0.678,-0.6685,-0.5728,0.04782,0.02173,-0.621,-0.1597,0.7876,0.02782,-0.1428,0.3862,-1.0,0.0,0.1572,0.1544,0.0638,0.0,-0.197,0.133,-0.468,0.03827,-0.5845,0.1573,-1.569,0.0827,0.2744,-0.9863,-1.436,0.866,0.3616,1.366,1.408,0.0,0.0,1.391,0.0,1.569,-0.296,0.0,0.0,0.0,0.0,0.1587,1.0,0.0,0.5,0.6133,-0.697,1.0,0.0,1.0,-1.0,0.0,0.0,0.0,0.07
1.398,1.397,1.398,0.2598,-0.2434,-0.5728,0.411,0.06195,-0.1991,-0.04324,0.7554,-0.772,-0.2856,0.3862,-1.0,0.0,0.04822,0.03,0.1421,0.0,-0.1945,0.7554,-0.4626,-0.1132,-0.1578,0.1517,-0.828,0.8364,0.1691,0.0827,0.71,0.06027,-0.689,1.367,1.405,0.0,0.0,1.394,0.0,1.618,-0.2869,0.0,0.0,0.0,0.0,1.661,1.0,0.5,0.5,0.2333,-0.2625,2.0,0.0,1.0,-1.0,0.0,0.0,0.0,0.732
1.399,1.399,1.4,-0.01017,0.02542,-0.5728,0.411,0.05493,0.107,0.03857,0.726,-3.855,-0.2856,0.3862,0.0,0.0,-0.02985,-0.05215,0.1981,0.0,-0.1919,-0.3242,-0.437,-0.2218,0.1362,0.1501,-0.371,0.5903,0.1512,0.8364,-0.986,-1.436,-0.3535,1.366,1.405,0.0,0.0,1.3955,0.0,1.653,-0.272,0.0,0.0,0.0,0.0,1.153,2.0,1.0,0.5,-0.003609,0.02138,3.0,0.0,1.0,-1.0,0.0,0.0,0.0,0.501
1.398,1.397,1.4,0.2751,-0.2717,-0.631,0.411,-0.07855,-0.1682,-0.06088,0.689,-1.216,-0.4285,0.3862,-1.0,0.0,0.0525,0.06152,0.1392,0.0,-0.1895,-0.2167,-0.4026,-0.313,-0.155,0.1482,0.4946,-0.6147,0.1498,0.5903,0.0827,0.7095,-0.5386,1.361,1.401,0.0,0.0,1.395,0.0,1.616,-0.3555,0.0,0.0,0.0,0.0,-1.454,1.0,1.0,0.5,0.283,-0.2522,0.0,1.0,1.0,-1.0,0.0,0.0,0.0,-0.6255
1.4,1.399,1.401,-0.04623,0.0485,-0.631,0.411,-0.06125,0.1932,0.0375,0.6597,-7.324,-0.4285,0.3862,0.0,0.0,-0.03925,-0.03995,0.2058,0.0,-0.1869,0.1349,-0.3496,-0.365,0.2207,0.1411,0.04526,0.7026,0.1514,-0.6147,0.836,-0.986,0.3486,1.368,1.4,0.0,0.0,1.396,0.0,1.658,-0.2617,0.0,0.0,0.0,0.0,0.9956,2.0,1.0,0.5,-0.01834,0.0649,1.0,0.0,1.0,-1.0,0.0,0.0,0.0,0.4326
1.406,1.406,1.407,-0.5195,0.5464,-0.4424,0.411,-0.0845,0.722,0.2064,0.678,2.023,-0.4285,0.3862,0.0,0.0,-0.1969,-0.2041,0.3179,0.0,-0.1843,0.2244,-0.3347,-0.3994,0.7715,0.1455,-1.116,1.168,0.3152,0.7026,0.5903,0.08264,0.866,1.378,1.402,0.0,0.0,1.399,0.0,1.729,0.199,0.0,0.0,0.0,0.0,1.954,2.0,1.0,1.0,-0.433,0.59,2.0,0.0,1.0,-1.0,0.0,0.0,0.0,0.8394
1.414,1.415,1.414,-0.7354,0.792,-0.082,0.411,-0.082,0.9814,0.3042,0.7236,0.483,-0.2856,0.3862,0.0,0.0,-0.284,-0.2979,0.3855,0.0,-0.1818,-0.01796,-0.3518,-0.4358,1.043,0.1598,-1.047,0.6914,0.556,1.168,-0.6147,0.836,0.06027,1.397,1.404,0.0,0.0,1.405,0.0,1.7705,0.435,0.0,0.0,0.0,0.0,1.42,2.0,1.0,1.5,-0.6426,0.825,3.0,0.0,1.0,-1.0,0.0,0.0,0.0,0.598
1.424,1.426,1.423,-0.95,1.032,0.3047,0.411,-0.1738,1.222,0.41,0.8022,0.383,-0.1428,0.3862,0.0,0.0,-0.3848,-0.388,0.459,0.0,-0.1793,-0.4246,-0.2542,-0.4082,1.247,0.1926,1.351,0.7417,0.907,0.6914,0.7026,0.5903,-1.436,1.42,1.409,0.0,0.0,1.41,0.0,1.816,0.719,0.0,0.0,0.0,0.0,2.059,2.0,1.5,2.0,-0.8374,1.071,4.0,0.0,1.0,-1.0,1.0,0.0,2.988,0.8574
1.428,1.43,1.426,-0.2157,0.3,0.3047,0.411,-0.04242,0.4214,0.1759,0.833,-0.5137,0.0,0.3862,0.0,0.0,-0.1653,-0.1785,0.316,0.0,-0.1768,0.2382,-0.0979,-0.3237,0.437,0.2096,0.8994,-1.427,0.958,0.7417,1.168,-0.6147,0.7095,1.43,1.411,0.0,0.0,1.412,0.0,1.727,0.2532,0.0,0.0,0.0,0.0,-2.775,2.0,1.0,1.5,-0.11554,0.3818,0.0,1.0,1.0,-1.0,0.0,0.0,0.0,-1.142
1.432,1.435,1.43,-0.2734,0.3613,0.3047,0.411,-0.0817,0.489,0.2013,0.845,0.2815,0.0,0.3862,0.0,0.0,-0.192,-0.1995,0.3381,0.0,-0.1742,-0.4434,0.04782,-0.2339,0.5063,0.218,2.61,0.2272,1.033,-1.427,0.691,0.7026,-0.986,1.4375,1.413,0.0,0.0,1.414,0.0,1.74,0.141,0.0,0.0,0.0,0.0,0.2903,2.0,1.5,1.5,-0.1637,0.449,1.0,0.0,1.0,-1.0,0.0,0.0,0.0,0.1223
1.437,1.439,1.435,-0.3477,0.4448,0.3047,0.411,-0.06274,0.578,0.2356,0.8633,0.3042,0.0,0.3862,0.0,0.0,-0.2212,-0.2343,0.3662,0.0,-0.1718,-0.3955,0.1847,-0.1466,0.61,0.2256,2.928,0.2854,1.124,0.2272,0.7417,1.167,0.08264,1.451,1.414,0.0,0.0,1.417,0.0,1.758,0.1842,0.0,0.0,0.0,0.0,0.4238,2.0,1.5,1.5,-0.2974,0.462,2.0,0.0,1.0,-1.0,0.0,0.0,0.0,0.178
1.443,1.446,1.441,-0.571,0.665,0.3047,0.411,-0.1727,0.768,0.3237,0.9375,0.4438,0.1428,0.3862,0.0,0.0,-0.3096,-0.3076,0.429,0.0,-0.1692,-0.2239,0.3833,-0.01694,0.8096,0.2487,2.184,0.6367,1.286,0.2854,-1.427,0.691,0.836,1.464,1.42,0.0,0.0,1.422,0.0,1.797,0.692,0.0,0.0,0.0,0.0,1.453,2.0,1.5,2.0,-0.5093,0.6772,3.0,0.0,1.0,-1.0,0.0,0.0,0.0,0.607
1.451,1.454,1.449,-0.6616,0.7593,0.3047,0.411,-0.247,0.845,0.3738,1.002,0.2386,0.2856,0.3862,0.0,0.0,-0.3599,-0.3474,0.4675,0.0,-0.1666,-0.53,0.6343,0.1531,0.8726,0.2747,1.759,0.3877,1.455,0.6367,0.2272,0.7417,0.5903,1.473,1.425,0.0,0.0,1.429,0.0,1.821,0.648,0.0,0.0,0.0,0.0,0.6484,2.0,1.5,2.0,-0.6265,0.736,4.0,0.0,1.0,-1.0,0.0,0.0,0.0,0.268
1.455,1.457,1.454,-0.284,0.367,0.3047,0.4856,-0.2052,0.3687,0.255,1.076,-0.4014,0.4285,0.3862,0.0,0.0,-0.2512,-0.239,0.3982,0.0,-0.1642,0.3066,0.907,0.346,0.4014,0.2996,3.092,-0.6934,1.46,0.3877,0.2854,-1.427,-0.6147,1.474,1.428,0.0,0.0,1.435,0.0,1.777,0.731,0.0,0.0,0.0,0.0,-1.722,2.0,1.5,2.0,-0.2332,0.39,0.0,1.0,1.0,-1.0,0.0,0.0,0.0,-0.7075
1.461,1.462,1.46,-0.4373,0.502,0.3047,0.4856,-0.2625,0.449,0.3125,1.158,0.3252,0.5713,0.3862,0.0,0.0,-0.3076,-0.2883,0.4417,0.0,-0.1616,-0.4607,1.191,0.5557,0.4792,0.3276,2.459,0.4385,1.512,-0.6934,0.6367,0.2272,0.7026,1.473,1.433,0.0,0.0,1.44,0.0,1.805,0.7847,1.0,0.0,0.0,0.0,0.683,2.0,1.5,2.0,-0.3877,0.511,1.0,0.0,1.0,-1.0,0.0,0.0,0.0,0.284
1.468,1.469,1.468,-0.66,0.7163,0.3047,0.4856,-0.3638,0.639,0.4023,1.235,0.513,0.7144,0.3862,0.0,0.0,-0.3953,-0.3628,0.5063,0.0,-0.159,-0.3682,1.478,0.7925,0.6514,0.3577,1.087,0.648,1.664,0.4385,0.3875,0.2854,1.167,1.483,1.4375,0.0,0.0,1.446,0.0,1.845,0.7646,1.0,0.0,0.0,0.0,1.362,2.0,1.5,2.0,-0.5903,0.731,2.0,0.0,1.0,-1.0,0.0,0.0,0.0,0.562
1.475,1.476,1.475,-0.5264,0.573,0.3047,0.4856,-0.4175,0.4648,0.37,1.293,-0.1105,0.7144,0.3862,0.0,0.0,-0.3718,-0.3276,0.4927,0.0,-0.1566,-0.7656,1.711,1.019,0.4907,0.3767,0.3298,-0.1339,1.7705,0.648,-0.6934,0.636,0.691,1.492,1.442,0.0,0.0,1.452,0.0,1.836,0.6284,0.0,0.0,0.0,0.0,-0.189,1.0,1.0,1.5,-0.4849,0.567,0.0,1.0,1.0,-1.0,0.0,0.0,0.0,-0.07715
1.476,1.476,1.477,-0.01988,0.03967,0.3047,0.49,-0.3381,-0.137,0.1981,1.338,-0.995,0.7144,0.3862,-1.0,0.0,-0.212,-0.1718,0.3894,0.0,-0.154,-0.09766,1.906,1.241,-0.132,0.401,-0.6426,-1.026,1.645,-0.1339,0.4382,0.3875,0.7417,1.493,1.445,0.0,0.0,1.458,0.0,1.771,0.481,0.0,0.0,0.0,0.0,-1.868,0.0,0.5,1.5,0.02217,0.0735,0.0,2.0,1.0,-1.0,0.0,1.0,-2.045,-0.7646
1.48,1.4795,1.482,-0.3367,0.3416,0.3047,0.49,-0.337,0.1393,0.303,1.385,-13.72,0.7144,0.3862,0.0,0.0,-0.3057,-0.2722,0.4639,0.0,-0.1515,0.1321,2.01,1.444,0.146,0.4187,1.467,0.751,1.617,-1.026,0.648,-0.693,-1.427,1.495,1.448,0.0,0.0,1.465,0.0,1.817,0.4946,0.0,0.0,0.0,0.0,1.611,1.0,1.0,1.5,-0.2888,0.3572,1.0,0.0,1.0,-1.0,0.0,0.0,0.0,0.671
1.482,1.481,1.484,-0.0659,0.05936,0.3047,0.49,-0.384,-0.1511,0.2117,1.388,-1.109,0.5713,0.3862,-1.0,0.0,-0.2284,-0.1804,0.4116,0.0,-0.149,-0.4949,2.023,1.61,-0.1584,0.4292,1.352,-0.5205,1.377,0.751,-0.1339,0.4382,0.227,1.492,1.451,0.0,0.0,1.472,0.0,1.784,0.1083,0.0,0.0,0.0,0.0,-1.2,0.0,0.5,1.0,-0.0379,0.07434,0.0,1.0,1.0,-1.0,0.0,0.0,0.0,-0.4934
1.487,1.486,1.489,-0.4136,0.413,0.3047,0.49,-0.4207,0.2283,0.3325,1.393,-11.4,0.5713,0.3862,0.0,0.0,-0.3394,-0.2922,0.4966,0.0,-0.1465,-0.6113,1.975,1.734,0.2155,0.4377,1.031,0.8555,1.135,-0.5205,-1.025,0.6475,0.2852,1.498,1.454,0.0,0.0,1.48,0.0,1.838,0.1481,0.0,0.0,0.0,0.0,1.112,0.0,0.5,1.0,-0.3616,0.427,1.0,0.0,1.0,-1.0,0.0,0.0,0.0,0.4614
1.494,1.493,1.496,-0.6064,0.6157,0.3047,0.49,-0.4453,0.4836,0.413,1.3955,0.959,0.5713,0.3862,0.0,0.0,-0.4119,-0.365,0.5557,0.0,-0.1439,-0.3767,1.929,1.811,0.4802,0.4421,0.2595,0.5845,1.038,0.8555,0.751,-0.1339,0.636,1.505,1.459,0.0,0.0,1.489,0.0,1.875,0.115,0.0,0.0,0.0,0.0,0.8716,1.0,0.5,1.0,-0.5913,0.574,2.0,0.0,1.0,-1.0,0.0,0.0,0.0,0.3562
1.5,1.499,1.502,-0.5405,0.543,0.3047,0.49,-0.5605,0.4026,0.4033,1.437,-0.00579,0.5713,0.3862,0.0,0.0,-0.4136,-0.345,0.5566,0.0,-0.1414,-0.5557,1.871,1.862,0.4124,0.4573,-0.1434,0.00949,0.9775,0.5845,-0.52,-1.025,0.3875,1.508,1.465,0.0,0.0,1.496,0.0,1.875,0.6157,0.0,0.0,0.0,0.0,0.01572,2.0,0.5,1.5,-0.5386,0.493,3.0,0.0,1.0,-1.0,0.0,0.0,0.0,0.006363
1.508,1.507,1.51,-0.6797,0.6865,0.3047,0.49,-0.57,0.5483,0.4673,1.484,0.4517,0.5713,0.3862,0.0,0.0,-0.4697,-0.403,0.606,0.0,-0.1389,-0.4614,1.764,1.883,0.584,0.4712,1.073,0.484,0.788,0.00949,0.855,0.751,-0.693,1.514,1.472,0.0,0.0,1.506,0.0,1.906,0.67,0.0,0.0,0.0,0.0,0.7285,2.0,1.0,1.5,-0.661,0.6436,4.0,0.0,-0.5,-1.0,0.0,0.0,0.0,0.295
1.514,1.513,1.516,-0.4543,0.4578,0.3047,0.49,-0.54,0.3057,0.4019,1.515,-0.258,0.5713,0.3862,0.0,0.0,-0.4106,-0.3455,0.571,0.0,-0.1364,-0.1884,1.59,1.856,0.3489,0.485,0.7207,-0.3389,0.6045,0.484,0.5845,-0.52,0.4382,1.524,1.478,0.0,0.0,1.514,0.0,1.884,0.4749,0.0,0.0,0.0,0.0,-0.4854,2.0,0.5,1.0,-0.4636,0.4019,0.0,1.0,-0.5,-1.0,0.0,0.0,0.0,-0.195
1.519,1.518,1.5205,-0.4329,0.4363,0.3047,0.49,-0.583,0.295,0.4043,1.531,0.11475,0.5713,0.3862,0.0,0.0,-0.4165,-0.3435,0.5796,0.0,-0.1338,-0.7114,1.408,1.797,0.3281,0.4983,-0.0821,0.0852,0.5874,-0.3389,0.00948,0.855,0.6475,1.531,1.482,0.0,0.0,1.519,0.0,1.89,0.3481,0.0,0.0,0.0,0.0,0.148,2.0,0.5,1.0,-0.4597,0.363,1.0,0.0,-0.5,-1.0,0.0,0.0,0.0,0.05975
1.523,1.521,1.524,-0.319,0.3218,0.3047,0.49,-0.6025,0.1945,0.3723,1.533,-0.1257,0.5713,0.3862,0.0,0.0,-0.3904,-0.312,0.5664,0.0,-0.1313,-0.6973,1.222,1.712,0.2255,0.5063,0.2416,-0.1323,0.606,0.0852,0.484,0.5845,-0.1339,1.54,1.487,0.0,0.0,1.522,0.0,1.881,0.1919,0.0,0.0,0.0,0.0,-0.2627,1.0,0.5,0.5,-0.382,0.2179,0.0,1.0,-0.5,-1.0,0.0,0.0,0.0,-0.106
1.526,1.524,1.528,-0.1907,0.1844,-0.4097,0.49,-0.6567,0.04425,0.33,1.549,-0.3892,0.5713,0.3862,0.0,0.0,-0.3584,-0.267,0.546,0.0,-0.1288,-0.4006,1.051,1.652,0.0671,0.519,1.958,-0.199,0.6333,-0.1323,-0.3389,0.00948,-1.025,1.543,1.493,0.0,0.0,1.524,0.0,1.868,0.3955,0.0,0.0,0.0,0.0,-0.3594,0.0,0.5,0.5,-0.2705,0.0725,0.0,2.0,-0.5,-1.0,0.0,0.0,0.0,-0.1453
1.527,1.526,1.53,-0.0385,0.02759,-0.4097,0.6274,-0.6562,-0.11816,0.2764,1.546,-0.9746,0.4285,0.3862,-1.0,0.0,-0.3105,-0.2163,0.518,0.0,-0.1262,-0.537,0.904,1.579,-0.1026,0.527,1.048,-0.2756,0.4954,-0.199,0.08514,0.4836,0.751,1.541,1.498,0.0,0.0,1.528,0.0,1.85,0.1448,0.0,0.0,0.0,0.0,-0.631,-1.0,0.0,0.0,-0.1453,-0.1019,0.0,3.0,-0.5,-1.0,0.0,0.0,0.0,-0.2559
1.53,1.529,1.533,-0.1584,0.1478,-0.4097,0.6274,-0.6953,0.0213,0.315,1.533,-17.1,0.4285,0.3862,0.0,0.0,-0.3484,-0.2493,0.55,0.0,-0.1237,-0.81,0.795,1.467,0.03082,0.531,1.94,0.3152,0.3787,-0.2756,-0.1323,-0.3386,-0.52,1.54,1.505,0.0,0.0,1.532,0.0,1.87,0.03247,0.0,0.0,0.0,0.0,0.462,0.0,0.5,0.0,-0.2483,0.02744,1.0,0.0,-0.5,-1.0,0.0,0.0,0.0,0.1882
1.533,1.531,1.535,-0.1076,0.09753,-0.4097,0.6274,-0.66,-0.02022,0.2974,1.523,-0.1908,0.4285,0.3862,0.0,0.0,-0.3296,-0.236,0.545,0.0,-0.1212,-0.3877,0.685,1.31,-0.00909,0.534,0.8364,-0.0475,0.275,0.3152,-0.1989,0.08514,0.855,1.537,1.512,0.0,0.0,1.536,0.0,1.866,0.0696,0.0,0.0,0.0,0.0,-0.2085,-1.0,0.0,0.0,-0.252,-0.07837,0.0,1.0,-0.5,-1.0,0.0,0.0,0.0,-0.0845
1.534,1.532,1.537,-0.05243,0.02748,-0.4097,0.6274,-0.76,-0.1131,0.2737,1.541,-0.9307,0.5713,0.3862,0.0,0.0,-0.3176,-0.204,0.536,0.0,-0.1187,-0.6807,0.621,1.15,-0.0922,0.5435,-0.00267,-0.0856,0.2383,-0.0475,-0.2756,-0.1323,0.584,1.535,1.517,0.0,0.0,1.538,0.0,1.86,0.5625,0.0,0.0,0.0,0.0,-0.1162,-1.0,-0.5,0.0,-0.2278,-0.1777,0.0,2.0,-0.5,-1.0,0.0,0.0,0.0,-0.04715
1.534,1.532,1.537,0.1666,-0.1975,-0.4097,0.6274,-0.802,-0.3462,0.1936,1.526,-17.1,0.4285,0.3862,-1.0,0.0,-0.2494,-0.123,0.4897,0.0,-0.11615,-0.804,0.564,0.9907,-0.3225,0.545,-0.0476,-0.457,0.2283,-0.0856,0.315,-0.1989,0.00948,1.529,1.5205,0.0,0.0,1.539,0.0,1.831,-0.005295,0.0,0.0,0.0,0.0,-0.8945,-1.0,-1.0,-0.5,-0.02411,-0.4026,0.0,3.0,-0.5,-1.0,0.0,0.0,0.0,-0.3635
1.533,1.531,1.537,0.2452,-0.2856,-0.4097,0.6274,-0.8276,-0.4597,0.1554,1.522,0.6816,0.4285,0.3862,-1.0,0.0,-0.2169,-0.08325,0.4705,0.0,-0.11365,-0.841,0.4995,0.836,-0.4382,0.5503,-0.915,-0.1919,0.1439,-0.457,-0.0475,-0.2756,0.4836,1.524,1.525,0.0,0.0,1.54,0.0,1.819,0.185,0.0,0.0,0.0,0.0,-0.36,-1.0,-1.5,-0.5,0.01927,-0.523,0.0,4.0,-0.5,-0.5,0.0,0.0,0.0,-0.1475
1.531,1.528,1.534,0.4053,-0.442,-0.4097,0.6274,-0.8516,-0.62,0.08936,1.483,0.6533,0.2856,0.3862,-1.0,0.0,-0.1583,-0.01598,0.4329,0.0,-0.1111,-0.5894,0.399,0.689,-0.604,0.547,-0.5854,-0.3752,0.1542,-0.1919,-0.0855,0.315,-0.3386,1.518,1.528,0.0,0.0,1.54,0.0,1.795,-0.5317,0.0,0.0,0.0,0.0,-0.5576,-2.0,-1.5,-1.0,0.1553,-0.693,0.0,5.0,-0.5,0.0,0.0,0.0,0.0,-0.2289
1.53,1.527,1.533,0.3,-0.3323,-0.4097,0.6274,-0.8667,-0.4958,0.10895,1.434,-0.127,0.1428,0.3862,-1.0,0.0,-0.1779,-0.0339,0.4512,0.0,-0.1086,-0.4883,0.2413,0.562,-0.494,0.542,-0.9346,0.184,0.1825,-0.3752,-0.4568,-0.0475,0.08514,1.514,1.53,0.0,0.0,1.539,0.0,1.807,-0.8643,0.0,0.0,0.0,0.0,0.2932,-1.0,-1.5,-1.0,0.06464,-0.575,1.0,0.0,-0.5,0.0,0.0,0.0,0.0,0.12115
1.524,1.522,1.526,0.8057,-0.8247,-0.4097,0.6274,-0.735,-0.9697,-0.0707,1.3545,1.508,0.0,0.3862,-1.0,0.0,0.003162,0.1344,0.3381,0.0,-0.1061,0.4834,0.07385,0.4243,-0.9624,0.5264,-0.924,-1.13,0.3762,0.184,-0.1918,-0.0855,-0.1322,1.501,1.529,0.0,0.0,1.536,0.0,1.735,-1.266,0.0,1.0,0.0,0.0,-2.473,-1.0,-1.5,-1.5,0.563,-1.036,0.0,1.0,-0.5,0.0,0.0,0.0,0.0,-1.019
1.52,1.518,1.521,0.7285,-0.7407,-0.4097,0.629,-0.756,-0.862,-0.0716,1.263,0.004562,-0.1428,0.3862,-1.0,0.0,0.002127,0.1373,0.342,0.0,-0.1035,-0.6426,-0.06555,0.3047,-0.879,0.5117,-0.963,0.03937,0.4546,-1.13,-0.3752,-0.4568,-0.1989,1.49,1.528,0.0,0.0,1.535,0.0,1.737,-1.66,0.0,1.0,0.0,0.0,0.06052,0.0,-1.0,-1.5,0.4722,-0.9736,1.0,0.0,-0.5,0.0,0.0,0.0,0.0,0.02542
1.514,1.513,1.515,0.8228,-0.823,-0.4097,0.629,-0.67,-0.9243,-0.1248,1.175,0.235,-0.2856,0.3862,-1.0,0.0,0.06128,0.1842,0.311,0.0,-0.101,0.7583,-0.11084,0.2037,-0.9536,0.4956,-0.8447,-0.3147,0.6387,0.03937,0.184,-0.1918,-0.2754,1.477,1.528,0.0,0.0,1.532,0.0,1.718,-1.652,0.0,1.0,0.0,0.0,-0.75,0.0,-1.0,-1.5,0.5664,-1.049,0.0,1.0,-0.5,0.0,0.0,0.0,0.0,-0.3147
1.512,1.511,1.513,0.4163,-0.4116,-0.4097,0.629,-0.6343,-0.49,-0.01704,1.103,-0.4458,-0.4285,0.3862,-1.0,0.0,-0.03906,0.07,0.3865,0.0,-0.0985,-0.097,-0.0486,0.11743,-0.534,0.4834,-1.659,0.771,0.663,-0.3147,-1.13,-0.3752,0.315,1.471,1.528,0.0,0.0,1.531,0.0,1.765,-1.098,0.0,1.0,0.0,0.0,1.162,1.0,-1.0,-1.5,0.2188,-0.6045,1.0,0.0,-0.5,0.0,0.0,0.0,0.0,0.4902
1.508,1.508,1.51,0.515,-0.5103,-0.4097,0.629,-0.5845,-0.5513,-0.0651,1.027,0.322,-0.5713,0.3862,-1.0,0.0,0.01126,0.11426,0.3594,0.0,-0.09595,-0.1832,0.0863,0.05612,-0.601,0.4697,-1.838,-0.2732,0.745,0.771,0.03937,0.184,-0.04745,1.465,1.528,0.0,0.0,1.528,0.0,1.748,-1.135,0.0,1.0,0.0,0.0,-0.572,0.0,-1.0,-1.5,0.3147,-0.6987,0.0,1.0,-0.5,0.0,0.0,0.0,0.0,-0.238
1.506,1.505,1.507,0.476,-0.473,-0.4097,0.629,-0.5977,-0.4822,-0.0708,0.957,-0.0304,-0.7144,0.3862,-1.0,0.0,0.015526,0.1214,0.3604,0.0,-0.09344,-0.513,0.2576,0.02408,-0.535,0.4565,-1.99,0.0098,0.787,-0.2732,-0.3147,-1.129,-0.0855,1.46,1.527,0.0,0.0,1.524,0.0,1.748,-1.071,0.0,1.0,0.0,0.0,0.01534,1.0,-0.5,-1.0,0.265,-0.676,1.0,0.0,-0.5,0.0,0.0,0.0,0.0,0.00642
1.502,1.502,1.504,0.5293,-0.5273,-0.4097,0.629,-0.605,-0.5117,-0.1056,0.89,0.2306,-0.7144,0.3862,-1.0,0.0,0.04843,0.158,0.342,0.0,-0.0909,-0.6426,0.4214,0.04895,-0.5747,0.4458,-1.544,-0.1863,0.829,0.0098,0.771,0.03934,-0.4568,1.454,1.526,0.0,0.0,1.5205,0.0,1.736,-1.042,0.0,1.0,0.0,0.0,-0.15,0.0,-0.5,-1.0,0.308,-0.7373,0.0,1.0,-0.5,0.0,0.0,0.0,0.0,-0.06274
1.502,1.5,1.503,0.2642,-0.2659,-1.016,0.629,-0.6113,-0.2087,-0.0364,0.8276,-0.695,-0.857,0.3862,-1.0,0.0,-0.01855,0.08746,0.3923,0.0,-0.0884,-0.5835,0.569,0.11725,-0.2837,0.4358,-1.474,0.511,0.751,-0.1863,-0.2732,-0.3147,-0.1918,1.457,1.526,0.0,0.0,1.516,0.0,1.769,-0.915,0.0,0.0,0.0,0.0,0.743,1.0,0.0,-1.0,0.08704,-0.4485,1.0,0.0,-0.5,0.0,0.0,0.0,0.0,0.3118
1.504,1.503,1.506,-0.10254,0.0997,-0.729,0.629,-0.5933,0.2128,0.07684,0.7866,-4.793,-0.857,0.3862,0.0,0.0,-0.12354,-0.0283,0.4724,0.0,-0.0859,0.03918,0.729,0.2334,0.1953,0.4172,-1.011,0.8096,0.6836,0.511,0.0098,0.771,-0.3752,1.465,1.526,0.0,0.0,1.514,0.0,1.818,-0.4446,0.0,0.0,0.0,0.0,1.064,1.0,0.5,-0.5,-0.217,-0.0433,2.0,0.0,-0.5,0.0,0.0,0.0,0.0,0.4429
1.507,1.506,1.509,-0.1978,0.1912,-0.5884,0.629,-0.6157,0.3596,0.1096,0.7563,0.634,-0.857,0.3862,0.0,0.0,-0.1559,-0.05862,0.4995,0.0,-0.0833,-0.805,0.8125,0.3367,0.3345,0.4158,-1.234,0.2693,0.608,0.8096,-0.1863,-0.2732,0.184,1.476,1.526,0.0,0.0,1.513,0.0,1.835,-0.2878,0.0,0.0,0.0,0.0,0.3599,2.0,0.5,0.0,-0.3145,0.0383,3.0,0.0,-0.5,0.0,0.0,0.0,0.0,0.1477
1.511,1.51,1.513,-0.3164,0.3147,-0.4038,0.629,-0.649,0.52,0.1548,0.7476,0.513,-0.7144,0.3862,0.0,0.0,-0.2004,-0.09985,0.535,0.0,-0.0808,-0.604,0.8286,0.417,0.4993,0.4177,0.5938,0.3545,0.573,0.2693,0.511,0.009796,-1.129,1.484,1.526,0.0,0.0,1.512,0.0,1.857,0.05212,0.0,0.0,0.0,0.0,0.5156,2.0,1.0,0.5,-0.4194,0.1675,4.0,0.0,-0.5,0.0,0.0,0.0,0.0,0.2107
1.514,1.513,1.516,-0.17,0.1702,-0.4038,0.629,-0.6333,0.3904,0.11194,0.7397,-0.08057,-0.5713,0.3862,0.0,0.0,-0.1597,-0.0592,0.512,0.0,-0.0783,-0.729,0.7725,0.4766,0.3862,0.4177,0.8394,-0.2285,0.5415,0.3545,0.809,-0.1862,0.03934,1.493,1.528,0.0,0.0,1.511,0.0,1.843,0.03476,0.0,0.0,0.0,0.0,-0.288,2.0,0.5,0.5,-0.2915,0.0143,0.0,1.0,-0.5,0.0,0.0,0.0,0.0,-0.11707
1.518,1.517,1.519,-0.2078,0.2122,-0.4038,0.629,-0.668,0.4373,0.1288,0.7476,0.2444,-0.4285,0.3862,0.0,0.0,-0.1783,-0.0726,0.5283,0.0,-0.07574,-0.898,0.6543,0.508,0.4412,0.423,1.582,0.1625,0.551,-0.2285,0.2693,0.511,-0.3145,1.503,1.529,0.0,0.0,1.511,0.0,1.854,0.2751,0.0,0.0,0.0,0.0,0.2233,2.0,1.0,1.0,-0.33,0.05252,1.0,0.0,-0.5,0.0,0.0,0.0,0.0,0.09106
1.521,1.5205,1.522,-0.302,0.3142,-0.4038,0.629,-0.676,0.551,0.1675,0.759,0.3684,-0.2856,0.3862,0.0,0.0,-0.2145,-0.1097,0.5596,0.0,-0.07324,-0.5176,0.4705,0.5107,0.5435,0.4329,0.751,0.305,0.5625,0.1625,0.3542,0.809,0.771,1.515,1.531,0.0,0.0,1.512,0.0,1.872,0.3184,0.0,0.0,0.0,0.0,0.599,2.0,1.0,1.0,-0.464,0.10376,2.0,0.0,-0.5,0.0,0.0,0.0,0.0,0.2438
1.5205,1.52,1.521,0.2788,-0.2773,-0.4038,0.5996,-0.679,-0.0927,-0.02638,0.768,-0.917,-0.1428,0.3862,0.0,0.0,-0.0342,0.0838,0.4358,0.0,-0.0707,0.2437,0.2837,0.488,-0.1134,0.4446,1.438,-1.214,0.5024,0.305,-0.2285,0.2693,-0.2732,1.518,1.53,0.0,0.0,1.509,0.0,1.794,0.2656,0.0,0.0,0.0,0.0,-2.594,1.0,1.0,1.0,0.1444,-0.412,0.0,1.0,-0.5,0.0,0.0,0.0,0.0,-1.05
1.523,1.522,1.524,-0.1603,0.173,-0.4038,0.5996,-0.5747,0.3235,0.11505,0.8047,14.88,0.0,0.3862,0.0,0.0,-0.1572,-0.06793,0.534,0.0,-0.0682,0.7544,0.1187,0.4338,0.2893,0.4604,1.542,0.9873,0.5005,-1.214,0.1625,0.3542,0.009796,1.521,1.53,0.0,0.0,1.509,0.0,1.856,0.539,0.0,0.0,0.0,0.0,2.85,1.0,1.0,1.0,-0.236,0.06775,1.0,0.0,-0.5,0.0,0.0,0.0,0.0,1.177
1.533,1.533,1.533,-0.905,0.9487,0.06525,0.5996,-0.5015,1.098,0.3896,0.899,2.08,0.1428,0.3862,0.0,0.0,-0.3965,-0.338,0.6133,1.0,-0.2903,0.179,0.2076,0.389,0.943,0.4053,2.096,1.857,0.877,0.9873,0.305,-0.2284,-0.1862,1.534,1.532,0.0,0.0,1.514,0.0,1.975,1.024,1.0,0.0,0.0,0.0,7.266,2.0,1.5,1.5,-0.891,0.8833,2.0,0.0,-0.5,0.0,1.0,0.0,4.234,2.967
1.538,1.539,1.538,-0.4114,0.4575,0.06525,0.5996,-0.4292,0.5537,0.2407,0.948,-0.349,0.2856,0.3862,0.0,0.0,-0.2585,-0.2041,0.5215,0.0,-0.2878,0.4053,0.4421,0.3645,0.3806,0.4285,1.907,-0.896,1.008,1.857,-1.214,0.1625,0.511,1.539,1.533,0.0,0.0,1.517,0.0,1.915,0.5317,0.0,0.0,0.0,0.0,-2.305,1.0,1.0,1.0,-0.397,0.431,0.0,1.0,-0.5,0.0,0.0,0.0,0.0,-0.9087
1.542,1.542,1.542,-0.1699,0.208,0.06525,0.5415,-0.4392,0.2578,0.1665,0.9937,-0.342,0.4285,0.3862,0.0,0.0,-0.1923,-0.1313,0.4778,0.0,-0.2854,-0.4707,0.7266,0.3818,0.0813,0.4465,1.031,-0.4314,1.065,-0.896,0.9873,0.305,0.809,1.544,1.533,0.0,0.0,1.5205,0.0,1.887,0.4707,0.0,0.0,0.0,0.0,-0.932,0.0,0.5,1.0,-0.1449,0.2115,0.0,2.0,-0.5,0.0,0.0,0.0,0.0,-0.373
1.544,1.544,1.545,-0.09204,0.12,0.06525,0.4832,-0.4646,0.1272,0.1422,1.037,-0.2412,0.5713,0.3862,0.0,0.0,-0.1724,-0.10516,0.4663,0.0,-0.2827,-0.902,0.9995,0.4397,-0.04062,0.4607,0.785,-0.11334,1.108,-0.4314,1.856,-1.214,0.2693,1.546,1.533,0.0,0.0,1.522,0.0,1.88,0.4294,0.0,0.0,0.0,0.0,-0.2021,0.0,0.0,0.5,-0.071,0.1252,0.0,3.0,-0.5,0.0,0.0,0.0,0.0,-0.0815
1.551,1.551,1.551,-0.555,0.5874,0.06525,0.4832,-0.4033,0.566,0.3088,1.116,2.129,0.7144,0.3862,0.0,0.0,-0.317,-0.2715,0.58,0.0,-0.2803,0.05032,1.253,0.5522,0.4363,0.4763,0.345,1.136,1.198,-0.11334,-0.8955,0.987,0.3542,1.554,1.534,0.0,0.0,1.529,0.0,1.952,0.6914,0.0,0.0,0.0,0.0,2.762,0.0,0.0,1.0,-0.4758,0.6206,1.0,0.0,-0.5,0.0,1.0,0.0,2.434,1.115
1.56,1.561,1.56,-0.8096,0.8535,0.06525,0.4832,-0.359,0.819,0.421,1.203,0.5503,0.857,0.3862,0.0,0.0,-0.411,-0.3804,0.6133,1.0,-0.2903,0.0931,1.501,0.7173,0.706,0.4536,0.9424,0.771,1.371,1.136,-0.4312,1.856,-0.2284,1.572,1.538,0.0,0.0,1.538,0.0,2.002,0.7354,0.0,0.0,0.0,0.0,1.711,0.0,0.5,1.0,-0.7217,0.8755,2.0,0.0,-0.5,0.0,0.0,0.0,0.0,0.678
1.569,1.57,1.569,-0.877,0.934,0.06525,0.4832,-0.3818,0.8984,0.4744,1.278,0.2363,0.857,0.3862,0.0,0.0,-0.4587,-0.4272,0.6133,1.0,-0.2903,-0.1743,1.695,0.91,0.803,0.4336,1.087,0.3943,1.499,0.771,-0.11334,-0.8955,0.1624,1.589,1.542,0.0,0.0,1.549,0.0,2.03,0.678,0.0,0.0,0.0,0.0,0.834,1.0,0.5,1.0,-0.7856,0.9546,3.0,0.0,-0.5,0.0,0.0,0.0,0.0,0.3262
1.577,1.578,1.576,-0.616,0.678,0.06525,0.4832,-0.3335,0.618,0.4087,1.336,-0.1604,0.857,0.3862,0.0,0.0,-0.398,-0.3716,0.576,0.0,-0.2878,-0.401,1.832,1.1,0.5522,0.448,1.045,-0.3643,1.585,0.3943,1.136,-0.4312,0.305,1.592,1.545,0.0,0.0,1.557,0.0,2.004,0.5117,0.0,0.0,0.0,0.0,-0.6045,1.0,0.0,0.5,-0.543,0.6997,0.0,1.0,-0.5,0.0,0.0,0.0,0.0,-0.235
1.583,1.585,1.583,-0.503,0.5664,0.06525,0.4832,-0.3464,0.4973,0.387,1.38,-0.03766,0.857,0.3862,0.0,0.0,-0.3804,-0.3503,0.568,0.0,-0.2854,-0.7695,1.911,1.275,0.4475,0.4612,3.291,-0.08246,1.578,-0.3643,0.7705,-0.1133,-1.213,1.6,1.548,0.0,0.0,1.564,0.0,1.998,0.4219,0.0,0.0,0.0,0.0,-0.1616,1.0,0.0,0.0,-0.4458,0.5796,0.0,2.0,-0.5,0.0,0.0,0.0,0.0,-0.06323
1.591,1.592,1.59,-0.582,0.6484,0.06525,0.4832,-0.3503,0.568,0.432,1.44,0.2688,0.857,0.3862,0.0,0.0,-0.4194,-0.3914,0.602,0.0,-0.2827,-0.8105,1.927,1.437,0.5415,0.4763,2.271,0.3396,1.5625,-0.08246,0.394,1.135,0.987,1.611,1.551,0.0,0.0,1.573,0.0,2.021,0.557,0.0,0.0,0.0,0.0,0.702,1.0,0.0,0.5,-0.513,0.668,1.0,0.0,-0.5,0.0,0.0,0.0,0.0,0.275
1.594,1.596,1.594,-0.2067,0.2695,0.06525,0.4832,-0.2622,0.1522,0.3142,1.477,-0.5244,0.857,0.3862,0.0,0.0,-0.309,-0.29,0.5312,0.0,-0.2803,-0.1447,1.871,1.569,0.1458,0.4873,-0.2394,-0.6934,1.382,0.3396,-0.3643,0.7705,1.856,1.62,1.555,0.0,0.0,1.581,0.0,1.975,0.312,0.0,0.0,0.0,0.0,-1.112,0.0,-0.5,0.0,-0.1381,0.3179,0.0,1.0,-0.5,0.0,0.0,0.0,0.0,-0.433
1.597,1.598,1.596,-0.09,0.1484,0.06525,0.4832,-0.2402,0.01099,0.2776,1.499,-0.4365,0.857,0.3862,0.0,0.0,-0.2747,-0.2576,0.512,0.0,-0.2778,-0.3525,1.745,1.665,0.01706,0.4956,1.219,-0.1847,1.217,-0.6934,-0.08246,0.394,-0.8955,1.621,1.558,0.0,0.0,1.588,0.0,1.962,0.2014,0.0,0.0,0.0,0.0,-0.3308,-1.0,-0.5,-0.5,-0.0791,0.143,0.0,2.0,-0.5,0.0,0.0,0.0,0.0,-0.1304
1.602,1.602,1.602,-0.3384,0.3713,0.06525,0.4832,-0.3184,0.194,0.3633,1.573,1.734,0.857,0.3862,0.0,0.0,-0.3572,-0.3308,0.573,0.0,-0.2751,-0.4497,1.577,1.725,0.2269,0.513,2.027,0.602,1.178,-0.1847,0.3394,-0.3643,-0.4312,1.621,1.5625,0.0,0.0,1.594,0.0,2.002,0.683,0.0,0.0,0.0,0.0,0.9014,0.0,0.0,0.0,-0.3188,0.356,1.0,0.0,-0.5,0.0,0.0,0.0,0.0,0.3562
1.605,1.605,1.607,-0.3035,0.3164,0.06525,0.4832,-0.447,0.11865,0.3572,1.622,-0.12427,0.857,0.3862,0.0,0.0,-0.3633,-0.3127,0.574,0.0,-0.2727,-0.7705,1.392,1.771,0.1252,0.5356,2.492,0.00916,1.141,0.602,-0.6934,-0.08246,-0.1133,1.619,1.566,0.0,0.0,1.6,0.0,2.002,0.512,0.0,0.0,0.0,0.0,0.01297,1.0,0.5,0.0,-0.3706,0.2095,2.0,0.0,-0.5,0.0,0.0,0.0,0.0,0.005074
1.607,1.606,1.609,-0.0637,0.06323,0.06525,0.4832,-0.6685,-0.10767,0.2786,1.605,-0.919,0.857,0.3862,0.0,0.0,-0.3137,-0.2173,0.5273,0.0,-0.2703,-0.703,1.295,1.765,-0.0944,0.5347,1.001,-0.4583,1.089,0.00916,-0.1846,0.3394,1.135,1.616,1.571,0.0,0.0,1.604,0.0,1.971,-0.1407,0.0,0.0,0.0,0.0,-0.585,0.0,0.0,-0.5,-0.1632,-0.06033,0.0,1.0,-0.5,0.0,0.0,0.0,0.0,-0.2289
1.61,1.608,1.612,-0.08673,0.0792,0.06525,0.4832,-0.749,-0.0967,0.2864,1.618,1.762,0.857,0.3862,0.0,0.0,-0.328,-0.2169,0.5366,0.0,-0.2676,-0.506,1.202,1.714,-0.0822,0.5415,-0.1914,0.09235,0.9966,-0.4583,0.602,-0.6934,0.7705,1.614,1.577,0.0,0.0,1.607,0.0,1.977,0.2517,0.0,0.0,0.0,0.0,0.1443,1.0,0.0,0.0,-0.1991,-0.0601,1.0,0.0,-0.5,0.0,0.0,0.0,0.0,0.05685
1.611,1.609,1.614,0.01184,-0.03128,0.06525,0.4832,-0.775,-0.2297,0.251,1.638,-7.777,0.7144,0.3862,-1.0,0.0,-0.2986,-0.1808,0.518,0.0,-0.2651,-0.8267,1.11,1.629,-0.2201,0.5522,-0.894,-0.1844,0.8965,0.09235,0.00916,-0.1846,0.394,1.609,1.583,0.0,0.0,1.611,0.0,1.965,0.3687,0.0,0.0,0.0,0.0,-0.1813,1.0,-0.5,0.0,-0.0978,-0.16,0.0,1.0,-0.5,0.0,0.0,0.0,0.0,-0.07135
1.61,1.607,1.613,0.27,-0.303,0.06525,0.4832,-0.7275,-0.5317,0.1567,1.644,3.035,0.5713,0.3862,-1.0,0.0,-0.2092,-0.0942,0.461,0.0,-0.2627,-0.519,0.9985,1.513,-0.532,0.5557,-0.4475,-0.5645,0.825,-0.1844,-0.4583,0.6016,-0.3643,1.605,1.586,0.0,0.0,1.613,0.0,1.928,0.1562,0.0,0.0,0.0,0.0,-0.8237,0.0,-0.5,0.0,0.1207,-0.4548,0.0,2.0,-0.5,0.0,0.0,0.0,0.0,-0.3252
1.606,1.6045,1.609,0.513,-0.54,0.06525,0.4832,-0.766,-0.7725,0.0647,1.602,0.7754,0.4285,0.3862,-1.0,0.0,-0.1277,0.000378,0.4048,0.0,-0.26,-0.2188,0.848,1.352,-0.7983,0.5557,-0.497,-0.5605,0.535,-0.5645,0.09235,0.00916,-0.08246,1.599,1.59,0.0,0.0,1.616,0.0,1.891,-0.5166,0.0,0.0,0.0,0.0,-0.9297,-1.0,-0.5,-0.5,0.3337,-0.706,0.0,3.0,-0.5,0.0,0.0,0.0,0.0,-0.3706
1.6045,1.603,1.607,0.3955,-0.4185,0.06525,0.4832,-0.85,-0.6313,0.08716,1.543,-0.09265,0.2856,0.3862,-1.0,0.0,-0.1561,-0.01392,0.4236,0.0,-0.2576,-0.766,0.6885,1.145,-0.6787,0.5537,-1.312,0.1886,0.4153,-0.5605,-0.1844,-0.4583,0.3394,1.59,1.593,0.0,0.0,1.618,0.0,1.903,-0.84,0.0,0.0,0.0,0.0,0.2283,0.0,-0.5,-0.5,0.211,-0.5986,1.0,0.0,-0.5,0.0,0.0,0.0,0.0,0.09186
1.602,1.6,1.6045,0.4392,-0.4626,-0.2183,0.4832,-0.9004,-0.634,0.05807,1.468,0.149,0.1428,0.3862,-1.0,0.0,-0.1335,0.01979,0.4084,0.0,-0.2551,-0.8154,0.5156,0.9893,-0.6807,0.5386,-0.4595,-0.1504,0.4763,0.1886,-0.5645,0.09235,-0.6934,1.58,1.597,0.0,0.0,1.615,0.0,1.893,-1.152,0.0,1.0,0.0,0.0,-0.2095,-1.0,-0.5,-1.0,0.2404,-0.6553,0.0,1.0,-0.5,0.0,0.0,0.0,0.0,-0.08405
1.603,1.601,1.6045,0.12415,-0.1449,-0.2183,0.4832,-0.9087,-0.2852,0.1493,1.419,-0.594,0.0,0.3862,-1.0,0.0,-0.2186,-0.0695,0.4731,0.0,-0.2524,-0.5083,0.337,0.833,-0.33,0.5293,-0.3562,0.65,0.4536,-0.1504,-0.56,-0.1844,-0.1846,1.577,1.6,0.0,0.0,1.616,0.0,1.935,-0.618,0.0,0.0,0.0,0.0,0.9014,0.0,0.0,-0.5,-0.02502,-0.3079,1.0,0.0,-0.5,0.0,1.0,0.0,1.729,0.3623
1.6045,1.603,1.607,-0.10187,0.08386,-0.2183,0.4832,-0.88,-0.01604,0.2212,1.387,-1.593,0.0,0.3862,0.0,0.0,-0.2812,-0.1422,0.5254,0.0,-0.25,-0.33,0.1671,0.673,-0.05182,0.5234,-1.393,0.522,0.3672,0.65,0.1885,-0.564,0.6016,1.576,1.604,0.0,0.0,1.619,0.0,1.969,-0.3176,0.0,0.0,0.0,0.0,0.9385,1.0,0.0,0.0,-0.228,-0.07166,2.0,0.0,-0.5,0.0,0.0,0.0,0.0,0.3733
1.606,1.6045,1.609,-0.04764,0.025,-0.2183,0.551,-0.862,-0.0231,0.2017,1.342,0.0649,0.0,0.3862,0.0,0.0,-0.262,-0.125,0.518,0.0,-0.2474,-0.503,0.03894,0.502,-0.05182,0.516,-1.484,-0.0739,0.2396,0.522,-0.1504,-0.56,0.009155,1.576,1.606,0.0,0.0,1.622,0.0,1.964,-0.5176,0.0,0.0,0.0,0.0,-0.1427,1.0,-0.5,-0.5,-0.2084,-0.164,0.0,1.0,-0.5,0.0,0.0,0.0,0.0,-0.05627
1.608,1.606,1.611,-0.07477,0.05045,-0.2183,0.551,-0.9155,0.02797,0.2094,1.321,0.7515,0.0,0.3862,0.0,0.0,-0.274,-0.1273,0.5283,0.0,-0.245,-0.728,-0.05496,0.3293,0.00838,0.5137,-0.825,0.10175,0.2349,-0.0739,0.65,0.1885,-0.458,1.58,1.608,0.0,0.0,1.623,0.0,1.97,-0.152,0.0,0.0,0.0,0.0,0.1565,1.0,0.0,0.0,-0.2374,-0.1427,1.0,0.0,-0.5,0.0,0.0,0.0,0.0,0.06177
1.613,1.611,1.616,-0.4172,0.4045,-0.2183,0.551,-0.88,0.4106,0.3325,1.331,3.076,0.0,0.3862,0.0,0.0,-0.3804,-0.2483,0.6133,1.0,-0.2903,0.2053,-0.1428,0.1824,0.3838,0.521,-0.9736,0.8496,0.2778,0.10175,0.522,-0.1503,0.09235,1.593,1.613,0.0,0.0,1.624,0.0,2.025,0.317,0.0,0.0,0.0,0.0,1.683,2.0,0.0,0.5,-0.5493,0.2181,2.0,0.0,-0.5,0.0,0.0,0.0,0.0,0.663
1.619,1.617,1.621,-0.4248,0.415,-0.8066,0.551,-0.912,0.4636,0.347,1.327,0.2532,0.0,0.3862,0.0,0.0,-0.396,-0.2588,0.6133,1.0,-0.2903,-0.7886,-0.1772,0.06082,0.4211,0.5127,-0.5493,0.1458,0.2998,0.8496,-0.0739,0.65,-0.1843,1.6045,1.617,0.0,0.0,1.624,0.0,2.035,0.1377,0.0,0.0,0.0,0.0,0.2491,2.0,0.5,0.5,-0.5513,0.2344,3.0,0.0,-0.5,0.0,0.0,0.0,0.0,0.0968
1.625,1.623,1.627,-0.4731,0.4692,-0.718,0.551,-0.924,0.5576,0.377,1.329,0.3213,0.0,0.3862,0.0,0.0,-0.423,-0.2854,0.6133,1.0,-0.2903,-0.8643,-0.177,-0.04926,0.516,0.4932,0.5425,0.2452,0.3945,0.1458,0.10175,0.522,-0.564,1.619,1.621,0.0,0.0,1.626,0.0,2.053,0.237,0.0,0.0,0.0,0.0,0.3635,2.0,1.0,0.5,-0.6104,0.273,4.0,0.0,-0.5,0.0,0.0,0.0,0.0,0.141
1.633,1.632,1.635,-0.6934,0.705,-0.3687,0.551,-0.9146,0.823,0.473,1.364,0.576,0.0,0.3862,0.0,0.0,-0.5054,-0.375,0.6133,1.0,-0.2903,-0.762,-0.1721,-0.1431,0.797,0.435,1.752,0.6694,0.6074,0.2452,0.8496,-0.0739,-0.56,1.635,1.628,0.0,0.0,1.629,0.0,2.098,0.7363,0.0,0.0,0.0,0.0,0.91,3.0,1.5,1.0,-0.7935,0.532,5.0,0.0,0.0,0.0,1.0,0.0,1.596,0.3513
1.64,1.64,1.642,-0.59,0.6064,-0.3687,0.551,-0.9473,0.736,0.457,1.396,0.04065,0.0,0.3862,0.0,0.0,-0.4944,-0.3572,0.609,0.0,-0.2878,-0.9062,-0.1415,-0.2014,0.7095,0.4485,1.963,-0.04474,0.758,0.6694,0.1456,0.10175,0.1885,1.6455,1.633,0.0,0.0,1.631,0.0,2.094,0.6816,0.0,0.0,0.0,0.0,-0.0719,2.0,1.0,0.5,-0.707,0.423,0.0,1.0,0.0,0.0,0.0,0.0,0.0,-0.02744
1.647,1.647,1.648,-0.6436,0.671,-0.3687,0.551,-0.927,0.8066,0.4956,1.44,0.2341,0.1428,0.3862,0.0,0.0,-0.5254,-0.3945,0.6133,1.0,-0.2903,-0.5615,-0.0683,-0.2189,0.7837,0.4377,2.676,0.3044,0.9526,-0.04474,0.2452,0.8496,-0.1503,1.66,1.636,0.0,0.0,1.636,0.0,2.113,0.882,1.0,0.0,0.0,0.0,0.5312,2.0,1.5,1.0,-0.775,0.4673,1.0,0.0,0.0,0.0,0.0,0.0,0.0,0.203
1.654,1.654,1.655,-0.523,0.5513,-0.3687,0.551,-0.9473,0.658,0.4707,1.5,-0.0336,0.2856,0.3862,0.0,0.0,-0.5063,-0.3699,0.6035,0.0,-0.2878,-0.764,0.0647,-0.1857,0.6445,0.4563,2.191,-0.098,1.086,0.3044,0.6694,0.1456,0.65,1.673,1.641,0.0,0.0,1.641,0.0,2.107,1.209,1.0,0.0,0.0,0.0,-0.1602,1.0,1.0,1.0,-0.6865,0.3223,0.0,1.0,0.0,0.0,0.0,0.0,0.0,-0.06088
1.659,1.659,1.661,-0.3909,0.4114,-0.3687,0.551,-0.969,0.4658,0.436,1.57,-0.13,0.4285,0.3862,0.0,0.0,-0.4792,-0.335,0.587,0.0,-0.2854,-0.654,0.3015,-0.06216,0.4407,0.4822,1.78,-0.1606,1.184,-0.098,-0.04474,0.2452,0.5215,1.679,1.645,0.0,0.0,1.644,0.0,2.096,1.478,1.0,0.0,0.0,0.0,-0.373,0.0,0.5,1.0,-0.5615,0.1849,0.0,2.0,0.0,0.0,0.0,0.0,0.0,-0.142
1.665,1.665,1.667,-0.444,0.4612,-0.3687,0.551,-0.969,0.4731,0.4646,1.642,0.1569,0.5713,0.3862,0.0,0.0,-0.504,-0.361,0.612,0.0,-0.2827,-0.789,0.573,0.1022,0.4653,0.502,2.217,0.2416,1.299,-0.1606,0.3044,0.6694,-0.0739,1.686,1.65,0.0,0.0,1.647,0.0,2.111,1.478,1.0,0.0,0.0,0.0,0.465,0.0,1.0,1.0,-0.605,0.2415,1.0,0.0,0.0,0.0,0.0,0.0,0.0,0.1775
1.666,1.666,1.668,0.0464,-0.0396,-0.3687,0.551,-0.854,-0.1024,0.2996,1.69,-0.93,0.7144,0.3862,0.0,0.0,-0.349,-0.2196,0.5103,0.0,-0.2803,0.2947,0.8335,0.268,-0.1029,0.5186,2.422,-0.9893,1.301,0.2416,-0.09796,-0.0447,0.10175,1.686,1.652,0.0,0.0,1.65,0.0,2.045,0.8794,1.0,0.0,0.0,0.0,-2.555,0.0,0.5,1.0,-0.1235,-0.2312,0.0,1.0,0.0,0.0,0.0,0.0,0.0,-0.971
1.667,1.665,1.669,0.121,-0.1237,-0.3687,0.551,-0.839,-0.2308,0.2678,1.717,-10.945,0.7144,0.3862,-1.0,0.0,-0.3193,-0.1907,0.4944,0.0,-0.2778,-0.2386,1.028,0.4146,-0.2144,0.5264,1.231,-0.154,1.296,-0.9893,-0.1606,0.3042,0.849,1.68,1.653,0.0,0.0,1.652,0.0,2.033,0.6025,0.0,0.0,0.0,0.0,-0.4346,-1.0,0.0,0.5,-0.0681,-0.3303,0.0,2.0,0.0,0.0,0.0,0.0,0.0,-0.168
1.669,1.667,1.671,-0.03046,0.02249,-0.3687,0.551,-0.859,-0.10944,0.313,1.736,-1.008,0.7144,0.3862,0.0,0.0,-0.3613,-0.2318,0.5293,0.0,-0.2751,-0.5005,1.176,0.556,-0.09564,0.5366,1.016,0.3452,1.291,-0.154,0.2416,-0.09796,0.1456,1.677,1.653,0.0,0.0,1.655,0.0,2.057,0.5474,0.0,0.0,0.0,0.0,0.5425,0.0,0.0,0.5,-0.1926,-0.1667,1.0,0.0,0.0,0.0,0.0,0.0,0.0,0.2103
1.671,1.669,1.674,-0.1515,0.1359,-0.3687,0.551,-0.8677,-0.01941,0.3528,1.769,14.88,0.7144,0.3862,0.0,0.0,-0.3972,-0.2683,0.5605,0.0,-0.2727,-0.844,1.272,0.699,-0.006496,0.55,0.6685,0.3071,1.243,0.3452,-0.989,-0.1605,0.2451,1.674,1.655,0.0,0.0,1.66,0.0,2.078,0.696,0.0,0.0,0.0,0.0,0.4163,1.0,0.0,1.0,-0.2913,-0.0384,2.0,0.0,0.0,0.0,0.0,0.0,0.0,0.1605
1.674,1.672,1.678,-0.1481,0.12115,-0.3687,0.6357,-0.8535,-0.05585,0.3516,1.799,-0.2747,0.7144,0.3862,0.0,0.0,-0.3948,-0.2686,0.565,0.0,-0.2703,-0.5786,1.311,0.8345,-0.03069,0.5557,-0.3728,0.04492,1.086,0.3071,-0.154,0.2415,0.669,1.671,1.657,0.0,0.0,1.666,0.0,2.08,0.679,0.0,0.0,0.0,0.0,0.05597,1.0,0.0,1.0,-0.324,-0.09216,3.0,0.0,0.0,0.0,0.0,0.0,0.0,0.02147
1.678,1.675,1.682,-0.2673,0.2367,-0.3687,0.6357,-0.9478,0.0662,0.3953,1.813,2.402,0.7144,0.3862,0.0,0.0,-0.4414,-0.3003,0.5986,0.0,-0.2676,-0.8115,1.322,0.959,0.08093,0.5557,-0.3337,0.3323,0.9385,0.04492,0.3452,-0.989,-0.0447,1.672,1.659,0.0,0.0,1.673,0.0,2.102,0.506,0.0,0.0,0.0,0.0,0.4207,2.0,0.5,1.0,-0.4238,0.03534,4.0,0.0,0.0,0.0,0.0,0.0,0.0,0.1611
1.6875,1.686,1.69,-0.8022,0.7935,-0.1686,0.6357,-0.863,0.6543,0.6006,1.862,3.7,0.7144,0.3862,0.0,0.0,-0.6084,-0.495,0.6133,1.0,-0.2903,0.1963,1.326,1.076,0.663,0.4624,-0.816,1.366,0.897,0.3323,0.3071,-0.1539,0.3042,1.68,1.664,0.0,0.0,1.683,0.0,2.195,0.878,1.0,0.0,0.0,0.0,3.256,3.0,0.5,1.0,-0.875,0.6416,5.0,0.0,0.0,0.0,1.0,0.0,2.854,1.24
1.695,1.693,1.697,-0.678,0.6753,-0.1686,0.6357,-0.8623,0.545,0.5796,1.902,-0.0133,0.7144,0.3862,0.0,0.0,-0.591,-0.4766,0.6064,0.0,-0.2878,-0.8955,1.298,1.177,0.5586,0.477,-0.446,-0.0698,0.8867,1.366,0.04492,0.345,-0.09796,1.693,1.669,0.0,0.0,1.691,0.0,2.19,0.774,1.0,0.0,0.0,0.0,-0.1186,2.0,0.5,0.5,-0.793,0.4875,0.0,1.0,0.0,0.0,0.0,0.0,0.0,-0.0442
1.7,1.698,1.702,-0.3137,0.3088,-0.1686,0.6357,-0.837,0.1896,0.465,1.901,-0.4473,0.7144,0.3862,0.0,0.0,-0.4915,-0.3752,0.539,0.0,-0.2854,-0.3545,1.223,1.244,0.2004,0.484,0.0333,-0.656,0.811,-0.0698,0.3323,0.307,-0.1605,1.703,1.672,0.0,0.0,1.697,0.0,2.145,0.188,0.0,0.0,0.0,0.0,-1.122,1.0,0.5,0.0,-0.4204,0.158,0.0,2.0,0.0,-1.0,0.0,0.0,0.0,-0.4185
1.707,1.705,1.709,-0.5464,0.5522,-0.1686,0.6357,-0.802,0.4622,0.5596,1.923,1.124,0.7144,0.3862,0.0,0.0,-0.5684,-0.464,0.6055,0.0,-0.2827,-0.484,1.123,1.275,0.475,0.4934,-0.2468,0.654,0.764,-0.656,1.366,0.04492,0.2415,1.716,1.677,0.0,0.0,1.704,0.0,2.19,0.4294,0.0,0.0,0.0,0.0,1.306,1.0,0.5,0.5,-0.625,0.414,1.0,0.0,0.0,-1.0,0.0,0.0,0.0,0.4922
1.713,1.712,1.715,-0.511,0.521,-0.1686,0.6357,-0.82,0.4578,0.562,1.937,0.1349,0.7144,0.3862,0.0,0.0,-0.5723,-0.4648,0.6133,1.0,-0.2903,-0.767,1.004,1.271,0.4778,0.501,1.61,0.0787,0.6855,0.654,-0.0698,0.332,-0.989,1.727,1.682,0.0,0.0,1.712,0.0,2.195,0.3616,0.0,0.0,0.0,0.0,0.10834,1.0,1.0,0.5,-0.595,0.3792,2.0,0.0,0.0,-1.0,0.0,0.0,0.0,0.0404
1.72,1.72,1.722,-0.5527,0.5693,-0.1686,0.6357,-0.82,0.528,0.592,1.958,0.2773,0.7144,0.3862,0.0,0.0,-0.5967,-0.4912,0.6133,1.0,-0.2903,-0.723,0.8994,1.259,0.5464,0.4868,2.24,0.2532,0.743,0.0787,-0.6553,1.366,-0.1539,1.738,1.687,0.0,0.0,1.718,0.0,2.213,0.4888,0.0,0.0,0.0,0.0,0.5137,1.0,1.5,1.0,-0.6333,0.4287,3.0,0.0,0.0,-1.0,0.0,0.0,0.0,0.1913
1.728,1.727,1.729,-0.5796,0.601,-0.1686,0.6357,-0.8438,0.571,0.6167,1.991,0.2162,0.7144,0.3862,0.0,0.0,-0.62,-0.511,0.6133,1.0,-0.2903,-0.9326,0.9033,1.258,0.538,0.4885,2.113,0.2261,0.815,0.2532,0.654,-0.0698,0.345,1.75,1.692,0.0,0.0,1.725,0.0,2.227,0.635,0.0,0.0,0.0,0.0,0.853,2.0,1.5,1.5,-0.6616,0.4563,4.0,0.0,0.0,-1.0,0.0,0.0,0.0,0.3164
1.743,1.744,1.742,-1.348,1.423,0.2932,0.6357,-0.6733,1.469,0.937,2.076,1.578,0.7144,0.3862,0.0,0.0,-0.8613,-0.8022,0.6133,1.0,-0.2903,0.0953,1.107,1.317,1.327,0.3284,2.03,2.07,1.354,0.2261,0.0787,-0.6553,0.307,1.767,1.702,0.0,0.0,1.734,0.0,2.373,1.001,1.0,0.0,0.0,0.0,7.266,3.0,1.5,1.5,-1.349,1.306,5.0,0.0,0.0,-1.0,1.0,0.0,3.717,3.14
1.76,1.763,1.758,-1.457,1.549,0.625,0.6357,-0.762,1.595,1.028,2.213,0.2303,0.7144,0.3862,0.0,0.0,-0.94,-0.869,0.6133,1.0,-0.2903,-0.5225,1.496,1.463,1.391,0.316,2.688,0.636,1.922,2.07,0.2532,0.654,0.0449,1.787,1.714,0.0,0.0,1.745,0.0,2.418,1.478,1.0,0.0,0.0,0.0,2.207,3.0,1.5,2.0,-1.384,1.448,5.734,0.0,0.5,-1.0,0.0,0.0,0.0,0.788
1.777,1.781,1.775,-1.509,1.621,0.9014,0.6357,-0.7407,1.642,1.103,2.37,0.1731,0.857,0.3862,0.0,0.0,-0.9937,-0.931,0.6133,1.0,-0.2903,0.0106,2.059,1.732,1.339,0.3262,2.973,0.5303,2.45,0.636,0.226,0.0786,0.332,1.816,1.726,0.0,0.0,1.757,0.0,2.457,1.478,1.0,0.0,1.0,0.0,1.992,3.0,1.5,2.0,-1.384,1.52,5.734,0.0,1.0,-1.0,0.0,0.0,0.0,0.704
1.794,1.798,1.791,-1.403,1.522,0.978,0.6357,-0.7715,1.499,1.113,2.52,0.05417,0.857,0.3862,0.0,0.0,-1.004,-0.9365,0.6133,1.0,-0.2903,-0.8965,2.574,2.016,1.233,0.347,1.56,0.1478,2.883,0.5303,2.07,0.2532,1.365,1.842,1.738,0.0,0.0,1.769,0.0,2.467,1.478,1.0,0.0,1.0,0.0,0.3477,3.0,1.5,2.0,-1.384,1.408,5.734,0.0,1.5,-1.0,0.0,0.0,0.0,0.1218
1.811,1.814,1.808,-1.361,1.488,1.123,0.6357,-0.768,1.427,1.1455,2.672,0.09344,0.857,0.3862,0.0,0.0,-1.028,-0.963,0.6133,1.0,-0.2903,-0.548,3.05,2.31,1.198,0.354,2.357,0.2786,3.258,0.1478,0.636,0.226,-0.0698,1.869,1.75,0.0,0.0,1.781,0.0,2.488,1.478,1.0,0.0,1.0,0.0,0.7856,3.0,1.5,2.0,-1.353,1.382,5.734,0.0,2.0,-1.0,0.0,0.0,0.0,0.2747
1.828,1.833,1.824,-1.464,1.599,1.446,0.6357,-0.7734,1.508,1.235,2.842,0.2008,0.857,0.3862,0.0,0.0,-1.095,-1.033,0.6133,1.0,-0.2903,-0.7744,3.5,2.635,1.318,0.33,4.22,0.6196,3.637,0.2786,0.53,2.068,-0.6553,1.898,1.763,0.0,0.0,1.796,0.0,2.533,1.478,1.0,0.0,1.0,0.0,1.926,3.0,1.5,2.0,-1.384,1.503,5.734,0.0,2.0,-1.0,0.0,0.0,0.0,0.67
1.844,1.848,1.84,-1.199,1.332,1.446,0.6357,-0.7505,1.165,1.177,2.992,-0.0885,0.857,0.3862,0.0,0.0,-1.05,-0.989,0.588,0.0,-0.2878,-0.7495,3.875,2.945,1.04,0.36,4.08,-0.2502,3.887,0.6196,0.1477,0.6357,0.654,1.925,1.774,0.0,0.0,1.809,0.0,2.516,1.478,1.0,0.0,0.0,0.0,-0.681,2.0,1.5,2.0,-1.242,1.181,0.0,1.0,2.0,-1.0,0.0,0.0,0.0,-0.2346
1.85,1.8545,1.847,-0.4448,0.573,1.446,0.358,-0.677,0.3245,0.9185,3.057,-0.577,0.857,0.3862,0.0,0.0,-0.847,-0.7866,0.4412,0.0,-0.2854,0.7974,4.19,3.236,0.1821,0.3882,4.754,-1.435,3.787,-0.2502,0.2783,0.53,0.0786,1.929,1.784,0.0,0.0,1.82,0.0,2.406,0.7124,0.0,0.0,0.0,0.0,-4.652,1.0,1.5,1.5,-0.4622,0.5093,0.0,2.0,2.0,-1.0,0.0,0.0,0.0,-1.608
1.855,1.859,1.852,-0.3035,0.4285,1.446,0.2642,-0.6216,0.1323,0.876,3.12,-0.3364,0.857,0.3862,0.0,0.0,-0.809,-0.7563,0.4229,0.0,-0.2827,-0.54,4.38,3.459,0.0337,0.4004,4.848,-0.1826,3.592,-1.435,0.6196,0.1477,0.2532,1.927,1.793,0.0,0.0,1.833,0.0,2.393,0.667,0.0,0.0,0.0,0.0,-0.477,0.0,1.0,1.5,-0.352,0.3416,0.0,3.0,2.0,-1.0,0.0,1.0,-2.814,-0.169
1.859,1.863,1.856,-0.1737,0.2834,1.446,0.1614,-0.567,-0.0817,0.831,3.197,-0.8057,0.857,0.3862,0.0,0.0,-0.769,-0.7236,0.4028,0.0,-0.2803,0.1484,4.44,3.629,-0.135,0.4153,4.914,-0.1998,3.371,-0.1826,-0.25,0.2783,0.226,1.919,1.8,0.0,0.0,1.843,0.0,2.379,0.84,1.0,0.0,0.0,0.0,-0.4578,-1.0,0.5,1.5,-0.2457,0.1812,0.0,4.0,2.0,-0.5,0.0,0.0,0.0,-0.1627
1.862,1.865,1.859,-0.08984,0.1908,1.446,0.1013,-0.4749,-0.2277,0.8003,3.254,-4.65,0.7144,0.3862,-1.0,0.0,-0.7363,-0.7065,0.3914,0.0,-0.2778,0.5796,4.375,3.752,-0.26,0.4297,1.711,-0.11694,3.133,-0.1998,-1.434,0.619,2.068,1.91,1.807,0.0,0.0,1.853,0.0,2.37,0.674,0.0,0.0,0.0,0.0,-0.2717,-2.0,0.0,1.0,-0.1613,0.0956,0.0,5.0,2.0,0.0,0.0,0.0,0.0,-0.09686
1.864,1.867,1.863,-0.0168,0.0963,1.446,0.03683,-0.4565,-0.3699,0.7686,3.303,1.529,0.5713,0.3862,-1.0,0.0,-0.709,-0.6807,0.379,0.0,-0.2751,-0.624,4.145,3.816,-0.3552,0.4373,0.5728,-0.1256,2.838,-0.11694,-0.1826,-0.25,0.6357,1.899,1.8125,0.0,0.0,1.862,0.0,2.36,0.6045,0.0,0.0,0.0,0.0,-0.2537,-2.0,-0.5,0.5,-0.08936,0.005577,0.0,5.617,2.0,0.5,0.0,0.0,0.0,-0.09064
1.857,1.86,1.855,0.9146,-0.8267,1.446,-0.985,-0.2054,-1.34,0.434,3.283,4.324,0.4285,0.3862,-1.0,0.0,-0.4084,-0.4072,0.1824,0.0,-0.2727,1.4,3.701,3.8,-1.282,0.4307,-0.5225,-1.988,2.617,-0.1256,-0.1998,-1.434,0.53,1.87,1.815,0.0,0.0,1.866,0.0,2.215,-0.10974,0.0,0.0,0.0,0.0,-8.15,-2.0,-1.0,0.0,0.8755,-0.8086,0.0,5.617,2.0,1.0,0.0,0.0,0.0,-3.148
1.85,1.854,1.846,1.073,-0.9614,1.446,-1.226,-0.04858,-1.542,0.3513,3.242,0.3235,0.2856,0.3862,-1.0,0.0,-0.3225,-0.3455,0.1376,0.0,-0.2703,0.705,3.08,3.719,-1.449,0.4194,-1.38,-0.4685,2.629,-1.988,-0.11694,-0.1826,0.1477,1.84,1.817,0.0,0.0,1.865,0.0,2.182,-0.2769,0.0,0.0,0.0,0.0,-2.266,-2.0,-1.5,-0.5,0.93,-1.045,0.0,5.617,2.0,1.5,0.0,0.0,0.0,-0.839
1.846,1.85,1.842,0.621,-0.501,1.446,-1.226,-0.182,-1.095,0.4727,3.162,-0.2008,0.1428,0.3862,-1.0,0.0,-0.4395,-0.4448,0.2163,0.0,-0.2676,0.1652,2.398,3.568,-0.9927,0.4038,-2.584,0.831,2.553,-0.4685,-0.1255,-0.1997,0.2783,1.825,1.82,0.0,0.0,1.867,0.0,2.24,-0.6436,0.0,0.0,0.0,0.0,3.484,-1.0,-1.5,-0.5,0.5117,-0.582,1.0,0.0,2.0,1.5,0.0,0.0,0.0,1.3
1.84,1.845,1.835,0.84,-0.699,1.446,-1.226,-0.1298,-1.254,0.378,3.045,0.3215,0.0,0.3862,-1.0,0.0,-0.353,-0.3625,0.1641,0.0,-0.2651,-0.0779,1.721,3.34,-1.165,0.3857,-4.324,-0.5435,2.434,0.831,-1.987,-0.11694,0.619,1.808,1.823,0.0,0.0,1.869,0.0,2.201,-0.989,0.0,0.0,0.0,0.0,-1.479,-1.0,-1.5,-1.0,0.7075,-0.7886,0.0,1.0,2.0,1.5,0.0,0.0,0.0,-0.544
1.843,1.849,1.837,-0.07104,0.2264,1.446,-1.226,-0.07135,-0.2754,0.675,2.967,-0.7993,-0.1428,0.3862,-1.0,0.0,-0.5986,-0.6367,0.3506,0.0,-0.2627,0.6953,1.216,3.043,-0.175,0.3699,-4.67,1.959,2.283,-0.5435,-0.4685,-0.1255,-0.25,1.804,1.828,0.0,0.0,1.874,0.0,2.338,-0.529,0.0,0.0,0.0,0.0,6.043,0.0,-1.5,-1.0,-0.06183,0.2203,1.0,0.0,2.0,1.5,0.0,0.0,0.0,2.244
1.843,1.849,1.837,0.2314,-0.0684,1.446,-1.226,0.0802,-0.4907,0.568,2.87,1.614,-0.2856,0.3862,-1.0,0.0,-0.4963,-0.556,0.291,0.0,-0.26,0.305,0.802,2.668,-0.3867,0.3528,-2.451,-0.607,2.143,1.959,0.8306,-1.987,-1.434,1.797,1.834,0.0,0.0,1.878,0.0,2.293,-0.688,0.0,0.0,0.0,0.0,-2.787,0.0,-1.5,-1.5,0.2358,-0.05624,0.0,1.0,2.0,1.5,0.0,0.0,0.0,-1.003
1.835,1.843,1.828,1.059,-0.871,1.446,-1.226,0.3496,-1.204,0.2756,2.709,2.229,-0.4285,0.3862,-1.0,0.0,-0.2201,-0.312,0.1176,0.0,-0.2576,1.221,0.646,2.22,-1.093,0.3208,-2.393,-1.779,2.225,-0.607,-0.5435,-0.4685,-0.1825,1.779,1.837,0.0,0.0,1.877,0.0,2.166,-1.03,0.0,0.0,0.0,0.0,-8.055,0.0,-1.5,-2.0,1.065,-0.793,0.0,2.0,2.0,1.5,0.0,0.0,0.0,-2.926
1.825,1.833,1.819,1.202,-1.019,1.446,-1.226,0.4355,-1.247,0.1941,2.514,0.1854,-0.5713,0.3862,-1.0,0.0,-0.1392,-0.242,0.072,0.0,-0.2551,0.254,0.868,1.748,-1.162,0.2869,-2.584,-0.4827,2.406,-1.779,1.958,0.8306,-0.1997,1.772,1.838,0.0,0.0,1.874,0.0,2.13,-1.272,0.0,1.0,0.0,0.0,-1.422,-1.0,-1.5,-2.0,1.215,-0.922,0.0,3.0,2.0,1.5,0.0,0.0,0.0,-0.532
1.821,1.827,1.815,0.726,-0.569,1.446,-1.226,0.486,-0.704,0.314,2.352,-0.383,-0.7144,0.3862,-1.0,0.0,-0.2417,-0.3613,0.1492,0.0,-0.2524,0.325,1.257,1.369,-0.649,0.26,-2.973,0.8228,2.531,-0.4827,-0.607,-0.5435,-0.1169,1.773,1.841,0.0,0.0,1.868,0.0,2.188,-1.015,0.0,0.0,0.0,0.0,2.264,0.0,-1.0,-2.0,0.741,-0.507,1.0,0.0,2.0,1.5,0.0,0.0,0.0,0.855
1.816,1.822,1.812,0.654,-0.5083,1.446,-1.226,0.4895,-0.5806,0.3135,2.238,-0.08673,-0.857,0.3862,-1.0,0.0,-0.2411,-0.3613,0.1533,0.0,-0.25,0.969,1.668,1.159,-0.509,0.235,-3.186,0.04364,2.598,0.8228,-1.779,1.958,-0.1255,1.769,1.844,0.0,0.0,1.86,0.0,2.191,-0.7964,0.0,0.0,0.0,0.0,0.1309,0.0,-0.5,-1.5,0.672,-0.449,2.0,0.0,2.0,1.5,0.0,0.0,0.0,0.04874
1.807,1.813,1.801,1.277,-1.116,1.446,-1.226,0.701,-1.125,0.0857,2.09,1.426,-1.0,0.3862,-1.0,0.0,-0.01593,-0.161,0.01813,0.0,-0.2474,1.424,2.035,1.179,-1.091,0.2144,-0.04163,-1.422,2.762,0.04364,-0.4827,-0.6064,-1.987,1.759,1.844,0.0,0.0,1.85,0.0,2.092,-0.966,0.0,0.0,0.0,0.0,-4.656,0.0,-0.5,-1.5,1.318,-0.983,0.0,1.0,2.0,1.5,0.0,0.0,0.0,-1.733
1.801,1.807,1.796,0.8784,-0.724,1.446,-1.226,0.7334,-0.7007,0.1786,1.967,-0.318,-1.143,0.3862,-1.0,0.0,-0.0984,-0.2554,0.0787,0.0,-0.245,0.9297,2.34,1.327,-0.6826,0.1931,0.4707,0.6523,2.754,-1.422,0.8228,-1.779,-0.4683,1.74,1.843,0.0,0.0,1.839,0.0,2.135,-0.7773,0.0,0.0,0.0,0.0,2.326,1.0,0.0,-1.0,0.9736,-0.563,1.0,0.0,2.0,1.5,0.0,0.0,0.0,0.8867
1.793,1.798,1.788,1.087,-0.945,1.446,-1.226,0.7744,-0.858,0.0803,1.83,0.4377,-1.143,0.3862,-1.0,0.0,-0.004406,-0.1627,0.02226,0.0,-0.2424,0.8574,2.562,1.56,-0.861,0.1707,-1.059,-0.601,2.713,0.6523,0.04364,-0.4824,0.8306,1.723,1.841,0.0,0.0,1.826,0.0,2.094,-0.8384,0.0,0.0,0.0,0.0,-2.004,1.0,-0.5,-1.0,1.203,-0.744,0.0,1.0,2.0,1.5,0.0,0.0,0.0,-0.7554
1.786,1.791,1.782,0.866,-0.7417,-0.3965,-1.226,0.895,-0.602,0.1177,1.705,-0.235,-1.143,0.3862,-1.0,0.0,-0.02814,-0.2112,0.0488,0.0,-0.2399,0.93,2.672,1.81,-0.651,0.1553,-0.4656,0.2856,2.42,-0.601,-1.421,0.8228,-0.543,1.718,1.84,0.0,0.0,1.8125,0.0,2.113,-0.757,0.0,0.0,0.0,0.0,0.847,1.0,0.0,-0.5,0.9087,-0.6387,1.0,0.0,2.0,1.5,0.0,0.0,0.0,0.3228
1.783,1.788,1.78,0.5254,-0.409,-0.3965,-1.226,0.719,-0.278,0.2043,1.662,-0.5864,-1.143,0.3862,-1.0,0.0,-0.12305,-0.279,0.106,0.0,-0.2374,-0.1112,2.693,2.035,-0.2998,0.1433,-4.043,0.6133,2.006,0.2856,0.652,0.04364,1.958,1.721,1.84,0.0,0.0,1.801,0.0,2.154,-0.2996,0.0,0.0,0.0,0.0,1.939,1.0,0.0,0.0,0.5986,-0.2986,2.0,0.0,2.0,1.5,0.0,0.0,0.0,0.7354
1.784,1.789,1.781,0.1322,-0.01103,-0.3965,-1.226,0.691,0.10785,0.3245,1.658,-2.453,-1.0,0.3862,0.0,0.0,-0.2328,-0.391,0.184,0.0,-0.2349,0.1858,2.592,2.184,0.0823,0.1465,-3.408,0.8267,1.789,0.6133,-0.601,-1.421,-0.6064,1.723,1.84,0.0,0.0,1.795,0.0,2.21,-0.04187,0.0,0.0,0.0,0.0,2.576,2.0,0.5,0.5,0.2252,0.08997,3.0,0.0,2.0,1.5,1.0,0.0,2.559,0.967
1.79,1.795,1.786,-0.3098,0.444,0.02911,-1.226,0.6455,0.601,0.4802,1.659,2.568,-0.857,0.3862,0.0,0.0,-0.3718,-0.5312,0.2844,0.0,-0.2323,0.4102,2.408,2.275,0.598,0.1459,-0.47,1.05,1.606,0.8267,0.2856,0.652,-1.779,1.731,1.842,0.0,0.0,1.792,0.0,2.285,-0.0001748,0.0,0.0,0.0,0.0,2.658,2.0,1.0,0.5,-0.1729,0.5586,4.0,0.0,2.0,1.5,0.0,0.0,0.0,0.9844
1.795,1.801,1.79,-0.2654,0.4167,0.0469,-1.226,0.7085,0.5713,0.4775,1.679,0.0978,-0.7144,0.3862,0.0,0.0,-0.364,-0.5347,0.2876,0.0,-0.2299,0.615,2.145,2.293,0.583,0.1521,0.655,0.0341,1.445,1.05,0.613,-0.6006,-0.4824,1.75,1.844,0.0,0.0,1.789,0.0,2.287,0.1235,0.0,0.0,0.0,0.0,0.0747,3.0,1.5,1.0,-0.2384,0.4148,5.0,0.0,2.0,1.5,0.0,0.0,0.0,0.02719
1.8,1.805,1.796,-0.303,0.4321,0.1357,-1.226,0.551,0.6743,0.4966,1.644,0.3076,-0.5713,0.3862,0.0,0.0,-0.394,-0.5366,0.3042,0.0,-0.2273,-0.282,1.806,2.24,0.6616,0.1533,-0.3486,0.1704,1.309,0.0341,0.8267,0.2856,0.8223,1.765,1.842,0.0,0.0,1.787,0.0,2.299,-0.2542,0.0,0.0,0.0,0.0,0.6016,3.0,1.5,1.0,-0.2876,0.415,5.734,0.0,2.0,1.5,0.0,0.0,0.0,0.2188
1.807,1.812,1.803,-0.4597,0.5947,0.3882,-1.226,0.4292,0.8955,0.565,1.641,0.4497,-0.4285,0.3862,0.0,0.0,-0.4626,-0.587,0.3516,0.0,-0.2247,-0.5522,1.404,2.127,0.938,0.1465,-0.1434,0.4844,1.259,0.1704,1.05,0.613,0.0436,1.787,1.841,0.0,0.0,1.786,0.0,2.334,0.01683,0.0,0.0,0.0,0.0,0.737,3.0,1.5,1.5,-0.5054,0.4985,5.734,0.0,2.0,1.5,0.0,0.0,0.0,0.267
1.818,1.825,1.8125,-0.926,1.101,1.064,-1.226,0.2676,1.414,0.7646,1.739,0.7056,-0.2856,0.3862,0.0,0.0,-0.641,-0.7466,0.4792,0.0,-0.2222,-0.2935,0.9844,1.947,1.482,0.167,2.656,1.298,1.651,0.4844,0.0341,0.826,-1.421,1.815,1.84,0.0,0.0,1.793,0.0,2.426,0.8345,1.0,0.0,0.0,0.0,3.467,3.0,1.5,2.0,-0.9194,1.024,5.734,0.0,2.0,1.5,1.0,0.0,3.246,1.247
1.831,1.84,1.824,-0.9595,1.166,1.263,-0.251,0.2247,1.4375,0.819,1.867,0.1602,-0.1428,0.3862,0.0,0.0,-0.6885,-0.789,0.517,0.0,-0.2197,-0.1903,0.626,1.719,1.563,0.1886,2.396,0.3794,2.023,1.298,0.1704,1.049,0.652,1.844,1.84,0.0,0.0,1.803,0.0,2.455,1.07,1.0,0.0,0.0,0.0,0.7563,3.0,1.5,2.0,-0.988,1.05,5.734,0.0,2.0,1.5,0.0,0.0,0.0,0.266
1.842,1.852,1.834,-0.775,0.9985,1.263,-0.251,0.1768,1.23,0.789,1.966,-0.003248,0.0,0.3862,0.0,0.0,-0.6685,-0.759,0.5034,0.0,-0.2172,-0.3752,0.378,1.464,1.396,0.207,4.207,-0.1394,2.305,0.3794,0.4841,0.0341,-0.6006,1.864,1.839,0.0,0.0,1.81,0.0,2.443,0.902,1.0,0.0,0.0,0.0,-0.254,2.0,1.5,2.0,-0.8193,0.8794,0.0,1.0,2.0,1.5,0.0,0.0,0.0,-0.0888
1.844,1.853,1.835,0.1348,0.0903,1.263,-0.251,0.2917,0.2301,0.483,2.006,-0.6724,0.1428,0.3862,0.0,0.0,-0.4058,-0.4995,0.3184,0.0,-0.2146,1.414,0.3274,1.205,0.3691,0.2256,4.598,-1.832,2.316,-0.1394,1.298,0.1703,0.2856,1.867,1.834,0.0,0.0,1.8125,0.0,2.309,0.2544,0.0,0.0,0.0,0.0,-4.918,1.0,1.5,1.5,0.05945,0.00812,0.0,2.0,2.0,1.5,0.0,0.0,0.0,-1.724
1.841,1.849,1.833,0.541,-0.3435,1.263,-0.2556,0.281,-0.2961,0.3335,2.062,-1.529,0.1428,0.3862,-1.0,0.0,-0.2773,-0.3604,0.2296,0.0,-0.2122,0.7983,0.4612,0.9473,-0.1587,0.242,4.05,-0.9067,2.268,-1.832,0.3794,0.4841,0.613,1.863,1.829,0.0,0.0,1.81,0.0,2.242,0.3906,0.0,0.0,0.0,0.0,-2.47,0.0,1.0,1.5,0.4695,-0.3901,0.0,3.0,2.0,1.5,0.0,0.0,0.0,-0.894
1.838,1.845,1.831,0.5356,-0.3567,1.263,-0.291,0.234,-0.3813,0.3174,2.096,0.6597,0.1428,0.3862,-1.0,0.0,-0.2673,-0.3406,0.2229,0.0,-0.2096,0.314,0.714,0.718,-0.2825,0.2605,2.865,-0.06885,2.254,-0.9067,-0.1393,1.298,0.826,1.857,1.825,0.0,0.0,1.809,0.0,2.236,0.2458,0.0,0.0,0.0,0.0,-0.1519,-1.0,0.5,1.0,0.4465,-0.4229,0.0,4.0,2.0,1.5,0.0,0.0,0.0,-0.0558
1.84,1.847,1.835,-0.0005565,0.1631,1.263,-0.291,0.2832,0.05893,0.4888,2.182,-1.671,0.2856,0.3862,0.0,0.0,-0.4114,-0.504,0.3325,0.0,-0.207,1.76,1.024,0.6187,0.1461,0.285,1.122,1.138,2.25,-0.06885,-1.832,0.3794,1.049,1.856,1.824,0.0,0.0,1.813,0.0,2.316,0.6377,0.0,0.0,0.0,0.0,3.178,-1.0,0.5,1.5,-0.00517,0.1473,1.0,0.0,2.0,1.5,0.0,0.0,0.0,1.169
1.848,1.853,1.843,-0.468,0.608,1.263,-0.291,0.2405,0.4617,0.657,2.291,2.682,0.4285,0.3862,0.0,0.0,-0.556,-0.6504,0.4412,0.0,-0.2046,0.7637,1.38,0.706,0.522,0.3184,1.149,1.107,2.283,1.138,-0.9067,-0.1393,0.0341,1.854,1.824,0.0,0.0,1.822,0.0,2.396,0.761,0.0,0.0,0.0,0.0,4.543,0.0,0.5,1.5,-0.4082,0.626,2.0,0.0,2.0,1.5,0.0,0.0,0.0,1.639
1.848,1.853,1.845,0.1376,-0.02208,1.263,-0.291,0.391,-0.2361,0.4468,2.338,-1.184,0.4285,0.3862,-1.0,0.0,-0.366,-0.476,0.3167,0.0,-0.202,0.993,1.692,0.906,-0.2117,0.3425,1.127,-1.245,2.258,1.107,-0.06885,-1.831,0.1703,1.841,1.823,0.0,0.0,1.826,0.0,2.305,0.314,0.0,0.0,0.0,0.0,-3.81,0.0,0.0,1.0,0.1976,0.04343,0.0,1.0,2.0,1.5,0.0,0.0,0.0,-1.35
1.843,1.848,1.84,0.71,-0.6,1.263,-0.291,0.4404,-0.8525,0.2406,2.32,5.73,0.2856,0.3862,-1.0,0.0,-0.1805,-0.2874,0.194,0.0,-0.1995,0.7656,1.887,1.103,-0.831,0.3455,0.2954,-1.255,2.234,-1.245,1.137,-0.9067,0.4841,1.819,1.82,0.0,0.0,1.827,0.0,2.215,-0.117,0.0,0.0,0.0,0.0,-4.277,0.0,-0.5,0.5,0.7524,-0.5093,0.0,2.0,2.0,1.5,0.0,0.0,0.0,-1.548
1.837,1.842,1.833,0.8804,-0.753,1.263,-0.2969,0.4448,-1.025,0.1624,2.258,0.4004,0.1428,0.3862,-1.0,0.0,-0.1095,-0.212,0.15,0.0,-0.197,0.2896,1.951,1.261,-1.026,0.3408,-2.297,-0.459,2.07,-1.255,1.107,-0.0688,1.297,1.809,1.819,0.0,0.0,1.83,0.0,2.182,-0.4287,0.0,0.0,0.0,0.0,-1.079,0.0,-1.0,0.0,0.928,-0.643,0.0,3.0,2.0,1.5,0.0,0.0,0.0,-0.3987
1.829,1.835,1.824,0.992,-0.85,1.263,-0.4854,0.361,-1.141,0.09766,2.18,0.2812,0.0,0.3862,-1.0,0.0,-0.05746,-0.1404,0.1152,0.0,-0.1945,-0.4324,1.923,1.373,-1.17,0.3345,-3.58,-0.3665,2.025,-0.459,-1.245,1.137,0.3792,1.801,1.819,0.0,0.0,1.831,0.0,2.156,-0.5005,0.0,0.0,0.0,0.0,-0.4817,-1.0,-1.5,-0.5,1.038,-0.7334,0.0,4.0,2.0,1.5,0.0,0.0,0.0,-0.1793
1.825,1.832,1.82,0.649,-0.4937,1.263,-0.4854,0.3525,-0.8037,0.1831,2.113,-0.2173,-0.1428,0.3862,-1.0,0.0,-0.1365,-0.2233,0.1732,0.0,-0.1919,-0.4775,1.79,1.429,-0.8374,0.325,-4.05,0.6147,1.827,-0.3665,-1.255,1.107,-0.1393,1.797,1.818,0.0,0.0,1.835,0.0,2.2,-0.4028,0.0,0.0,0.0,0.0,1.509,-1.0,-1.0,-0.5,0.7153,-0.3816,1.0,0.0,2.0,1.5,0.0,0.0,0.0,0.565
1.825,1.832,1.819,0.2659,-0.1022,1.263,-0.4854,0.3826,-0.392,0.2944,2.057,-0.5127,-0.2856,0.3862,-1.0,0.0,-0.2339,-0.3333,0.2478,0.0,-0.1895,0.1448,1.511,1.43,-0.425,0.316,-1.308,0.782,1.612,0.6147,-0.459,-1.245,-1.831,1.792,1.82,0.0,0.0,1.84,0.0,2.254,-0.3423,0.0,0.0,0.0,0.0,2.139,0.0,-0.5,-0.5,0.3213,-0.03186,2.0,0.0,2.0,1.5,0.0,0.0,0.0,0.793
1.837,1.844,1.83,-0.8633,1.052,1.263,-0.4854,0.4255,0.8984,0.7,2.035,-4.97,-0.2856,0.3862,0.0,0.0,-0.5747,-0.706,0.5063,0.0,-0.1869,1.591,1.224,1.388,0.858,0.3162,0.1681,2.549,1.64,0.782,-0.3665,-1.254,-0.9062,1.796,1.822,0.0,0.0,1.849,0.0,2.443,-0.089,0.0,0.0,0.0,0.0,7.266,1.0,0.0,-0.5,-0.642,1.215,3.0,0.0,2.0,1.5,1.0,0.0,4.234,3.178
1.849,1.856,1.842,-0.9043,1.099,1.263,-0.4854,0.4307,1.068,0.746,2.016,0.327,-0.2856,0.3862,0.0,0.0,-0.6113,-0.746,0.542,0.0,-0.1843,0.02426,0.9526,1.332,1.003,0.3228,0.788,0.353,1.773,2.549,0.6147,-0.4587,-0.0688,1.812,1.826,0.0,0.0,1.857,0.0,2.469,-0.0933,0.0,0.0,0.0,0.0,0.9746,2.0,0.5,-0.5,-0.6753,1.267,4.0,0.0,2.0,1.5,0.0,0.0,0.0,0.3416
1.862,1.871,1.8545,-1.054,1.272,1.263,-0.4854,0.424,1.358,0.8403,2.021,0.4116,-0.2856,0.3862,0.0,0.0,-0.6875,-0.826,0.608,0.0,-0.1818,-0.176,0.7017,1.263,1.249,0.3381,-0.6123,0.645,2.045,0.353,0.782,-0.3665,1.137,1.839,1.834,0.0,0.0,1.865,0.0,2.516,0.04083,0.0,0.0,0.0,0.0,2.23,3.0,0.5,0.0,-0.8926,1.355,5.0,0.0,2.0,1.5,0.0,0.0,0.0,0.777
1.876,1.886,1.866,-0.9927,1.232,1.318,-0.4854,0.307,1.334,0.859,2.096,0.125,-0.2856,0.3862,0.0,0.0,-0.7124,-0.8306,0.6133,1.0,-0.2903,0.0369,0.4885,1.194,1.253,0.3433,-2.078,0.1776,2.291,0.645,2.547,0.6143,1.107,1.871,1.843,0.0,0.0,1.873,0.0,2.53,0.4636,0.0,0.0,0.0,0.0,0.4973,3.0,0.5,0.5,-0.8833,1.264,5.734,0.0,2.0,1.5,0.0,0.0,0.0,0.1714
1.878,1.888,1.868,0.1148,0.1289,1.318,-0.4854,0.488,0.1257,0.481,2.127,-0.7715,-0.1428,0.3862,0.0,0.0,-0.3865,-0.5166,0.3843,0.0,-0.2878,1.737,0.3142,1.109,0.04507,0.3586,0.504,-2.23,2.285,0.1776,0.353,0.7817,-1.244,1.89,1.847,0.0,0.0,1.875,0.0,2.361,0.1526,0.0,0.0,0.0,0.0,-7.42,2.0,0.5,0.5,0.2766,0.3032,0.0,1.0,2.0,1.5,0.0,0.0,0.0,-2.549
1.879,1.89,1.87,0.11334,0.1256,1.318,-0.4854,0.4976,0.07886,0.477,2.162,-0.0702,0.0,0.3862,0.0,0.0,-0.3823,-0.514,0.3877,0.0,-0.2854,0.3855,0.1719,0.955,0.03235,0.3647,2.865,0.03345,2.287,-2.23,0.6445,2.547,-1.254,1.905,1.851,0.0,0.0,1.877,0.0,2.363,0.1708,0.0,0.0,0.0,0.0,0.1444,2.0,1.0,1.0,0.2211,0.241,1.0,0.0,2.0,1.5,0.0,0.0,0.0,0.05154
1.875,1.885,1.865,0.729,-0.4905,1.318,-0.4854,0.537,-0.5547,0.258,2.12,-3.44,-0.1428,0.3862,-1.0,0.0,-0.1876,-0.3132,0.256,0.0,-0.2827,1.601,0.10425,0.8013,-0.626,0.367,4.03,-1.329,2.27,0.03345,0.1776,0.353,-0.4587,1.906,1.8545,0.0,0.0,1.871,0.0,2.266,-0.2484,0.0,0.0,0.0,0.0,-4.44,1.0,1.0,0.5,0.817,-0.349,0.0,1.0,2.0,1.5,0.0,0.0,0.0,-1.584
1.874,1.885,1.864,0.3196,-0.07623,1.318,-0.4854,0.557,-0.12103,0.3787,2.068,-0.939,-0.2856,0.3862,-1.0,0.0,-0.2922,-0.429,0.3362,0.0,-0.2803,1.411,0.1136,0.6396,-0.194,0.3591,4.87,0.829,2.178,-1.329,-2.23,0.6445,-0.3662,1.8955,1.859,0.0,0.0,1.867,0.0,2.324,-0.3003,0.0,0.0,0.0,0.0,1.987,1.0,1.5,0.5,0.404,0.02982,1.0,0.0,2.0,1.5,0.0,0.0,0.0,0.725
1.877,1.888,1.868,-0.027,0.266,1.318,-0.4854,0.4731,0.2206,0.4922,2.082,-17.1,-0.1428,0.3862,0.0,0.0,-0.3975,-0.5254,0.4124,0.0,-0.2778,-0.04767,0.1656,0.4856,0.1553,0.3645,4.246,0.776,2.113,0.829,0.03345,0.1776,0.6143,1.888,1.865,0.0,0.0,1.865,0.0,2.379,0.05884,0.0,0.0,0.0,0.0,2.447,1.0,1.5,1.0,0.05347,0.3408,2.0,0.0,2.0,1.5,0.0,0.0,0.0,0.881
1.883,1.893,1.874,-0.2507,0.4846,1.318,-0.4854,0.4624,0.4014,0.5747,2.152,0.734,0.0,0.3862,0.0,0.0,-0.468,-0.599,0.4695,0.0,-0.2751,0.0834,0.2927,0.3772,0.3274,0.387,3.35,0.574,2.172,0.776,-1.329,-2.23,0.7817,1.879,1.872,0.0,0.0,1.869,0.0,2.422,0.416,0.0,0.0,0.0,0.0,1.67,2.0,1.5,1.5,-0.1494,0.5645,3.0,0.0,2.0,1.5,0.0,0.0,0.0,0.5933
1.887,1.895,1.878,-0.0851,0.297,1.318,-0.4854,0.4832,0.149,0.5195,2.23,-0.3928,0.1428,0.3862,0.0,0.0,-0.42,-0.5513,0.4407,0.0,-0.2727,0.3025,0.4607,0.3113,0.0991,0.4048,-0.9014,-0.2886,2.148,0.574,0.829,0.03345,2.547,1.867,1.878,0.0,0.0,1.875,0.0,2.4,0.4521,0.0,0.0,0.0,0.0,-0.771,1.0,1.0,1.5,0.01344,0.387,0.0,1.0,2.0,1.5,0.0,0.0,0.0,-0.2712
1.884,1.892,1.878,0.4595,-0.2786,1.318,-0.4854,0.631,-0.51,0.3235,2.28,-2.592,0.1428,0.3862,-1.0,0.0,-0.2372,-0.3843,0.323,0.0,-0.2703,-0.1515,0.5894,0.2698,-0.5034,0.4106,-1.644,-1.177,2.082,-0.2886,0.776,-1.329,0.353,1.863,1.88,0.0,0.0,1.878,0.0,2.312,0.262,0.0,0.0,0.0,0.0,-2.83,1.0,0.5,1.5,0.574,-0.1284,0.0,2.0,2.0,1.5,0.0,1.0,-3.254,-1.001
1.879,1.885,1.872,0.8193,-0.653,1.318,-0.4854,0.7246,-0.9497,0.1826,2.285,1.365,0.1428,0.3862,-1.0,0.0,-0.1029,-0.2585,0.2395,0.0,-0.2676,0.5244,0.655,0.2683,-0.9297,0.4146,-3.201,-0.8535,2.123,-1.177,0.574,0.829,0.6445,1.854,1.88,0.0,0.0,1.876,0.0,2.252,0.001305,0.0,0.0,0.0,0.0,-2.576,0.0,0.0,1.0,0.9277,-0.4824,0.0,3.0,2.0,1.5,0.0,0.0,0.0,-0.929
1.875,1.881,1.869,0.6357,-0.4717,1.318,-0.4854,0.734,-0.825,0.2194,2.277,-0.02042,0.1428,0.3862,-1.0,0.0,-0.1351,-0.295,0.2668,0.0,-0.2651,0.3892,0.638,0.3152,-0.8076,0.417,-4.176,0.283,2.123,-0.8535,-0.2886,0.7754,0.1776,1.8545,1.88,0.0,0.0,1.872,0.0,2.271,-0.08075,0.0,0.0,0.0,0.0,0.9736,0.0,0.0,1.0,0.6313,-0.4375,1.0,0.0,2.0,1.5,0.0,0.0,0.0,0.3562
1.867,1.875,1.86,1.031,-0.8433,1.318,-0.4854,0.7925,-1.159,0.07117,2.156,0.6577,0.0,0.3862,-1.0,0.0,0.005726,-0.1554,0.1774,0.0,-0.2627,2.389,0.5137,0.345,-1.177,0.4023,-0.653,-0.922,2.21,0.283,-1.177,0.574,-2.229,1.844,1.878,0.0,0.0,1.869,0.0,2.205,-0.82,0.0,0.0,0.0,0.0,-2.787,-1.0,0.0,0.5,1.023,-0.782,0.0,1.0,2.0,1.5,0.0,0.0,0.0,-1.015
1.857,1.867,1.85,1.218,-1.002,1.318,-0.4854,0.889,-1.275,-0.01544,2.01,0.2659,-0.1428,0.3862,-1.0,0.0,0.0958,-0.0775,0.1261,0.0,-0.26,0.811,0.341,0.3347,-1.244,0.3623,-1.087,-0.5376,2.28,-0.922,-0.8535,-0.2886,0.03345,1.824,1.874,0.0,0.0,1.867,0.0,2.166,-0.994,0.0,0.0,0.0,0.0,-2.549,-1.0,-0.5,0.0,1.181,-0.9595,0.0,2.0,2.0,1.5,0.0,0.0,0.0,-0.9424
1.846,1.855,1.836,1.593,-1.351,1.318,-0.4854,1.038,-1.543,-0.1653,1.815,0.3958,-0.2856,0.3862,-1.0,0.0,0.2537,0.0629,0.0342,0.0,-0.2576,1.087,0.4204,0.359,-1.461,0.3108,0.8213,-0.9707,2.445,-0.5376,0.283,-1.176,-1.328,1.795,1.867,0.0,0.0,1.865,0.0,2.1,-1.299,0.0,1.0,0.0,0.0,-5.56,-1.0,-0.5,-0.5,1.565,-1.269,0.0,3.0,2.0,1.5,0.0,0.0,0.0,-2.074
1.827,1.84,1.816,2.21,-1.931,1.318,-0.806,1.17,-2.012,-0.3918,1.574,0.5024,-0.4285,0.3862,-1.0,0.0,0.4937,0.2944,-0.1073,0.0,-0.2551,0.5396,0.7275,0.4414,-2.018,0.2786,-1.033,-1.5205,2.852,-0.9707,-0.9214,-0.8535,0.829,1.758,1.857,0.0,0.0,1.859,0.0,1.994,-1.478,0.0,1.0,0.0,0.0,-2.42,-1.0,-1.0,-1.0,2.084,-1.908,0.0,4.0,2.0,1.5,0.0,0.0,0.0,-0.918
1.827,1.839,1.815,0.383,-0.0934,1.318,-0.806,1.111,-0.2559,0.1385,1.511,-0.8726,-0.5713,0.3862,-1.0,0.0,-0.02794,-0.2524,0.2288,0.0,-0.2524,2.887,1.101,0.5654,-0.2272,0.2551,-3.215,2.549,2.805,-1.5205,-0.537,0.2827,0.7754,1.752,1.854,0.0,0.0,1.861,0.0,2.242,-0.403,0.0,0.0,0.0,0.0,7.266,-1.0,-1.0,-0.5,0.538,0.09454,1.0,0.0,2.0,1.5,0.0,0.0,0.0,4.21
1.83,1.843,1.818,-0.002428,0.2983,1.318,-0.806,1.19,0.1952,0.266,1.472,-3.371,-0.5713,0.3862,0.0,0.0,-0.1364,-0.3835,0.3123,0.0,-0.25,1.799,1.42,0.691,0.2424,0.2449,-4.582,0.8677,2.783,2.549,-0.9707,-0.9214,0.574,1.757,1.854,0.0,0.0,1.863,0.0,2.303,-0.2588,0.0,0.0,0.0,0.0,2.383,0.0,-1.0,-0.5,0.1434,0.446,2.0,0.0,2.0,1.5,0.0,0.0,0.0,0.8735
1.834,1.847,1.822,-0.146,0.4363,1.318,-0.806,1.08,0.3535,0.3208,1.487,0.7026,-0.4285,0.3862,0.0,0.0,-0.1946,-0.4248,0.3503,0.0,-0.2474,0.5444,1.641,0.7935,0.4172,0.2482,-4.34,0.3894,2.7,0.8677,-1.52,-0.537,-0.2883,1.763,1.855,0.0,0.0,1.859,0.0,2.33,0.02527,0.0,0.0,0.0,0.0,1.004,1.0,-0.5,0.0,-0.01342,0.5586,3.0,0.0,2.0,1.5,0.0,0.0,0.0,0.3628
1.843,1.855,1.831,-0.5493,0.8447,1.712,-0.806,0.944,0.83,0.4766,1.507,1.258,-0.2856,0.3862,0.0,0.0,-0.342,-0.556,0.453,0.0,-0.245,-0.01257,1.781,0.872,0.886,0.2573,-2.377,1.043,2.621,0.3894,2.547,-0.97,-1.176,1.781,1.859,0.0,0.0,1.858,0.0,2.406,0.06042,0.0,0.0,0.0,0.0,2.656,2.0,0.0,0.0,-0.3855,0.969,4.0,0.0,2.0,1.5,0.0,0.0,0.0,0.9536
1.841,1.854,1.828,0.5864,-0.283,1.712,-0.806,1.233,-0.2854,0.1005,1.432,-1.151,-0.4285,0.3862,-1.0,0.0,0.01797,-0.2267,0.2188,0.0,-0.2424,0.7515,1.917,0.9756,-0.2279,0.245,-0.629,-2.34,2.385,1.043,0.867,-1.52,-0.853,1.787,1.858,0.0,0.0,1.849,0.0,2.232,-0.431,0.0,0.0,0.0,0.0,-8.15,2.0,0.0,-0.5,0.7827,-0.03445,0.0,1.0,2.0,1.5,0.0,1.0,-3.82,-3.066
1.825,1.841,1.812,1.908,-1.563,1.712,-1.429,1.608,-1.481,-0.3328,1.252,7.848,-0.5713,0.3862,-1.0,0.0,0.4722,0.1874,-0.05267,0.0,-0.2399,2.67,2.102,1.156,-1.402,0.2047,-1.161,-2.514,2.38,-2.34,0.3894,2.547,0.2827,1.781,1.851,0.0,0.0,1.833,0.0,2.033,-0.8286,0.0,0.0,0.0,0.0,-8.15,1.0,-0.5,-1.0,2.162,-1.15,0.0,2.0,2.0,1.5,0.0,1.0,-3.82,-4.477
1.819,1.833,1.806,0.9727,-0.6455,1.712,-1.429,1.592,-0.5625,-0.08844,1.13,-0.5947,-0.7144,0.3862,-1.0,0.0,0.2285,-0.0701,0.10376,0.0,-0.2374,0.442,2.227,1.351,-0.5005,0.1818,-0.12103,1.707,2.402,-2.514,1.043,0.867,-0.9214,1.796,1.848,0.0,0.0,1.826,0.0,2.146,-0.5522,0.0,0.0,0.0,0.0,5.516,1.0,0.0,-0.5,1.301,-0.2238,1.0,0.0,2.0,1.5,0.0,0.0,0.0,2.125
1.817,1.831,1.805,0.504,-0.1891,1.712,-1.429,1.533,-0.0802,0.04074,1.073,-1.039,-0.5713,0.3862,0.0,0.0,0.1004,-0.1958,0.1881,0.0,-0.2349,0.519,2.236,1.514,-0.03552,0.1744,0.6743,0.8955,2.346,1.707,-2.34,0.3894,-0.537,1.793,1.848,0.0,0.0,1.821,0.0,2.209,-0.3066,0.0,0.0,0.0,0.0,3.408,1.0,0.5,0.0,0.86,0.2266,2.0,0.0,2.0,1.5,0.0,0.0,0.0,1.276
1.8125,1.826,1.8,0.816,-0.4905,1.712,-1.429,1.675,-0.3892,-0.0731,1.02,-9.57,-0.5713,0.3862,-1.0,0.0,0.2212,-0.09375,0.11945,0.0,-0.2323,1.674,2.127,1.654,-0.34,0.1653,2.45,-0.7183,2.387,0.8955,-2.514,1.043,-0.97,1.78,1.847,0.0,0.0,1.818,0.0,2.158,-0.2893,0.0,0.0,0.0,0.0,-2.598,0.0,0.5,0.0,1.178,-0.0446,0.0,1.0,2.0,1.5,0.0,0.0,0.0,-0.959
1.8125,1.826,1.8,0.3228,-0.00248,1.712,-1.429,1.609,0.1154,0.06934,0.983,-1.876,-0.4285,0.3862,0.0,0.0,0.08057,-0.2318,0.2137,0.0,-0.2299,-0.2198,1.858,1.775,0.1677,0.1599,5.086,0.998,2.352,-0.7183,1.706,-2.34,-1.52,1.7705,1.849,0.0,0.0,1.815,0.0,2.227,-0.202,0.0,0.0,0.0,0.0,2.441,1.0,1.0,0.0,0.711,0.4343,1.0,0.0,2.0,-0.5,0.0,0.0,0.0,0.912
1.812,1.823,1.8,0.4482,-0.153,1.712,-1.429,1.391,-0.0403,0.01668,0.9697,-0.598,-0.2856,0.3862,0.0,0.0,0.11035,-0.1581,0.184,0.0,-0.2273,-0.2834,1.475,1.862,0.03021,0.157,-0.3352,-0.31,2.232,0.998,0.8955,-2.514,2.547,1.753,1.849,0.0,0.0,1.811,0.0,2.205,-0.1292,0.0,0.0,0.0,0.0,-1.019,1.0,0.5,0.0,0.8315,0.2883,0.0,1.0,2.0,-0.5,0.0,0.0,0.0,-0.3745
1.811,1.823,1.8,0.332,-0.04947,1.712,-1.429,1.265,0.03708,0.04312,0.9785,1.277,-0.1428,0.3862,0.0,0.0,0.0742,-0.1726,0.2047,0.0,-0.2247,-0.3804,1.112,1.871,0.0998,0.1642,-1.93,0.2164,1.994,-0.31,-0.718,1.706,0.867,1.752,1.849,0.0,0.0,1.804,0.0,2.22,-0.03674,0.0,0.0,0.0,0.0,0.5786,1.0,0.5,0.5,0.688,0.3528,1.0,0.0,2.0,-0.5,0.0,0.0,0.0,0.2137
1.807,1.817,1.796,0.732,-0.4692,1.712,-1.429,1.221,-0.4438,-0.1016,0.9883,-3.322,-0.1428,0.3862,-1.0,0.0,0.208,-0.0209,0.117,0.0,-0.2222,-0.647,0.8853,1.797,-0.3958,0.1741,-2.812,-0.9146,1.784,0.2164,0.998,0.895,0.3894,1.763,1.843,0.0,0.0,1.796,0.0,2.156,-0.03119,0.0,0.0,0.0,0.0,-1.909,0.0,0.0,0.5,1.051,-0.07623,0.0,1.0,2.0,-0.5,0.0,0.0,0.0,-0.7026
1.811,1.819,1.803,-0.1753,0.391,1.712,-1.429,1.162,0.3396,0.1785,1.103,-2.47,0.0,0.3862,0.0,0.0,-0.05988,-0.2964,0.299,0.0,-0.2197,1.029,0.721,1.649,0.4595,0.188,-5.035,1.927,1.76,-0.9146,-0.31,-0.718,1.043,1.776,1.839,0.0,0.0,1.796,0.0,2.29,0.3726,0.0,0.0,0.0,0.0,4.88,1.0,0.0,1.0,0.1237,0.6924,1.0,0.0,2.0,-0.5,0.0,0.0,0.0,1.823
1.8125,1.82,1.806,0.0965,0.0916,1.712,-1.429,0.878,0.05878,0.0855,1.086,-0.5347,0.1428,0.3862,0.0,0.0,5.7e-06,-0.1777,0.2452,0.0,-0.2172,-0.261,0.6123,1.432,0.1385,0.1978,-1.132,-0.552,1.763,1.927,0.2164,0.9976,-2.338,1.78,1.833,0.0,0.0,1.796,0.0,2.25,-0.1128,0.0,0.0,0.0,0.0,-1.453,0.0,0.0,0.5,0.3787,0.3955,0.0,1.0,2.0,-0.5,0.0,0.0,0.0,-0.526
1.816,1.823,1.811,-0.1583,0.3315,1.712,-1.429,0.682,0.358,0.1688,1.061,2.031,0.1428,0.3862,0.0,0.0,-0.09406,-0.241,0.3032,0.0,-0.2146,-0.0673,0.5215,1.131,0.4177,0.2004,3.83,0.5996,1.791,-0.552,-0.914,-0.3098,-2.514,1.792,1.828,0.0,0.0,1.797,0.0,2.291,-0.1512,0.0,0.0,0.0,0.0,1.336,1.0,0.5,0.5,0.153,0.6475,1.0,0.0,2.0,-0.5,0.0,0.0,0.0,0.4883
1.823,1.83,1.817,-0.4497,0.624,1.712,-1.429,0.595,0.728,0.2776,1.047,1.001,0.1428,0.3862,0.0,0.0,-0.1998,-0.3374,0.3777,0.0,-0.2122,-0.355,0.4016,0.7773,0.763,0.2068,1.643,0.763,1.924,0.5996,1.927,0.2163,1.706,1.804,1.828,0.0,0.0,1.802,0.0,2.346,-0.09705,0.0,0.0,0.0,0.0,2.975,1.0,0.5,0.5,-0.1412,0.914,2.0,0.0,2.0,-0.5,0.0,0.0,0.0,1.077
1.83,1.836,1.825,-0.4204,0.5713,1.712,-1.429,0.5234,0.7837,0.2786,1.002,0.2155,0.1428,0.3862,0.0,0.0,-0.2072,-0.3315,0.3835,0.0,-0.2096,-0.3335,0.1841,0.476,0.811,0.203,0.61,0.05862,2.023,0.763,-0.5513,-0.914,0.895,1.816,1.828,0.0,0.0,1.808,0.0,2.35,-0.2473,0.0,0.0,0.0,0.0,0.161,2.0,0.5,0.5,-0.2251,0.7407,3.0,0.0,2.0,-0.5,0.0,0.0,0.0,0.05753
1.83,1.836,1.825,0.2233,-0.0834,1.712,-1.429,0.4805,0.1032,0.06445,0.9893,-0.6875,0.2856,0.3862,0.0,0.0,-0.01596,-0.1188,0.2527,0.0,-0.207,1.1875,-0.005615,0.2964,0.1304,0.2069,2.207,-1.321,1.909,0.05862,0.5996,1.927,-0.718,1.82,1.828,0.0,0.0,1.8125,0.0,2.254,-0.07965,0.0,0.0,0.0,0.0,-5.664,1.0,0.5,0.5,0.3127,0.02083,0.0,1.0,2.0,-0.5,0.0,0.0,0.0,-2.021
1.834,1.836,1.832,-0.1597,0.2446,1.712,-1.429,0.2123,0.3623,0.1792,1.092,1.445,0.4285,0.3862,0.0,0.0,-0.1455,-0.206,0.3313,0.0,-0.2046,0.4712,0.12213,0.2063,0.3928,0.2339,0.74,0.8125,1.484,-1.321,0.763,-0.5513,0.9976,1.834,1.828,0.0,0.0,1.823,0.0,2.31,0.6294,0.0,0.0,0.0,0.0,2.15,2.0,0.5,1.0,-0.0649,0.325,1.0,0.0,2.0,-0.5,0.0,0.0,0.0,0.7847
1.838,1.84,1.837,-0.2393,0.31,1.712,-1.429,0.0642,0.3916,0.2084,1.151,0.2097,0.5713,0.3862,0.0,0.0,-0.1853,-0.2202,0.3552,0.0,-0.202,-0.3281,0.3313,0.2013,0.4197,0.2527,1.492,0.2448,1.537,0.8125,0.0586,0.599,-0.3098,1.838,1.827,0.0,0.0,1.826,0.0,2.328,0.432,0.0,0.0,0.0,0.0,0.4917,2.0,1.0,1.0,-0.1661,0.3606,2.0,0.0,2.0,-0.5,0.0,0.0,0.0,0.1771
1.834,1.836,1.833,0.596,-0.5283,1.712,-1.429,0.1804,-0.487,-0.0712,1.129,-1.759,0.4285,0.3862,-1.0,0.0,0.08563,0.04736,0.1815,0.0,-0.1995,0.5913,0.4856,0.226,-0.4756,0.2576,1.428,-1.765,1.534,0.2448,-1.321,0.763,0.2163,1.834,1.822,0.0,0.0,1.823,0.0,2.2,-0.1512,0.0,0.0,0.0,0.0,-4.387,1.0,0.5,0.5,0.679,-0.4023,0.0,1.0,2.0,-0.5,0.0,1.0,-3.79,-1.573
1.833,1.834,1.833,0.3008,-0.2524,1.712,-1.429,0.005955,-0.26,0.004314,1.146,-0.527,0.4285,0.3862,-1.0,0.0,-0.001976,-0.012955,0.2345,0.0,-0.197,-0.12024,0.6074,0.2683,-0.2615,0.268,2.975,0.554,1.4795,-1.765,0.8125,0.0586,-0.914,1.829,1.819,0.0,0.0,1.82,0.0,2.238,0.10486,0.0,0.0,0.0,0.0,1.346,1.0,1.0,1.0,0.388,-0.1449,1.0,0.0,2.0,-0.5,0.0,0.0,0.0,0.4973
1.84,1.841,1.839,-0.4414,0.509,-0.06085,-1.429,0.005817,0.5054,0.253,1.183,-5.652,0.4285,0.3862,0.0,0.0,-0.2305,-0.2573,0.3992,0.0,-0.1945,0.932,0.6943,0.3198,0.5073,0.2793,-0.109,1.708,1.386,0.554,0.2448,-1.321,1.926,1.831,1.82,0.0,0.0,1.819,0.0,2.36,0.2289,0.0,0.0,0.0,0.0,5.7,2.0,1.0,1.0,-0.25,0.6724,2.0,0.0,2.0,-0.5,0.0,0.0,0.0,2.086
1.851,1.854,1.848,-0.8286,0.927,0.3271,-1.429,0.0621,0.9277,0.4114,1.263,0.8906,0.4285,0.3862,0.0,0.0,-0.3647,-0.4119,0.507,0.0,-0.1919,0.6914,0.827,0.4666,0.901,0.3079,1.046,1.085,1.692,1.708,-1.765,0.8125,-0.5513,1.839,1.825,0.0,0.0,1.826,0.0,2.438,0.4595,0.0,0.0,0.0,0.0,4.76,2.0,1.5,1.5,-0.5874,1.114,3.0,0.0,2.0,-0.5,0.0,0.0,0.0,1.695
1.857,1.86,1.8545,-0.508,0.6113,0.3271,0.3164,0.11554,0.5776,0.3223,1.321,-0.2253,0.4285,0.3862,0.0,0.0,-0.2825,-0.334,0.4556,0.0,-0.1895,-0.02428,0.968,0.654,0.5596,0.3252,0.4707,-0.5083,1.436,1.085,0.554,0.2446,0.599,1.853,1.828,0.0,0.0,1.838,0.0,2.4,0.315,0.0,0.0,0.0,0.0,-1.094,1.0,1.0,1.0,-0.3071,0.78,0.0,1.0,2.0,-0.5,0.0,0.0,0.0,-0.3823
1.864,1.867,1.863,-0.4978,0.5845,0.3271,0.3164,0.0897,0.508,0.3313,1.412,0.03223,0.5713,0.3862,0.0,0.0,-0.2925,-0.3398,0.467,0.0,-0.1869,-0.3489,1.122,0.8325,0.529,0.343,-0.602,0.1157,1.447,-0.5083,1.707,-1.765,0.7627,1.861,1.832,0.0,0.0,1.847,0.0,2.408,0.535,0.0,0.0,0.0,0.0,0.2598,2.0,1.0,1.5,-0.3804,0.6636,1.0,0.0,2.0,-0.5,0.0,0.0,0.0,0.0916
1.873,1.876,1.871,-0.6455,0.7363,0.3271,0.3164,-0.071,0.6797,0.4006,1.459,0.446,0.5713,0.3862,0.0,0.0,-0.3674,-0.3892,0.5176,0.0,-0.1843,-0.765,1.282,0.9927,0.706,0.3577,-0.545,0.5034,1.602,0.1157,1.084,0.554,0.0586,1.873,1.839,0.0,0.0,1.8545,0.0,2.445,0.3357,0.0,0.0,0.0,0.0,0.923,2.0,1.0,1.5,-0.525,0.807,2.0,0.0,2.0,-0.5,0.0,0.0,0.0,0.3247
1.883,1.886,1.881,-0.6943,0.793,0.3271,0.3164,-0.0898,0.725,0.4395,1.531,0.2057,0.5713,0.3862,0.0,0.0,-0.4026,-0.4233,0.549,0.0,-0.1818,-0.4182,1.435,1.13,0.786,0.3728,2.064,0.3108,1.659,0.5034,-0.508,1.707,-1.321,1.897,1.847,0.0,0.0,1.864,0.0,2.469,0.5347,0.0,0.0,0.0,0.0,0.648,2.0,1.5,2.0,-0.5894,0.8423,3.0,0.0,2.0,-0.5,0.0,0.0,0.0,0.2262
1.889,1.892,1.886,-0.3406,0.4438,0.3271,0.3164,0.00788,0.351,0.333,1.565,-0.3452,0.5713,0.3862,0.0,0.0,-0.3015,-0.3337,0.4868,0.0,-0.1793,0.289,1.541,1.233,0.4253,0.3843,1.178,-0.6104,1.692,0.3108,0.11566,1.084,0.812,1.914,1.856,0.0,0.0,1.871,0.0,2.422,0.2673,0.0,0.0,0.0,0.0,-1.81,1.0,1.0,1.5,-0.2664,0.4878,0.0,1.0,0.5,-0.5,0.0,0.0,0.0,-0.6284
1.8955,1.899,1.893,-0.4927,0.6064,0.3271,0.3164,0.005283,0.5356,0.3984,1.589,0.577,0.5713,0.3862,0.0,0.0,-0.3586,-0.3945,0.5356,0.0,-0.1768,0.0558,1.603,1.302,0.6177,0.394,1.025,0.485,1.717,-0.6104,0.503,-0.508,0.2446,1.924,1.861,0.0,0.0,1.88,0.0,2.459,0.2198,0.0,0.0,0.0,0.0,1.258,2.0,1.0,1.5,-0.3933,0.6655,1.0,0.0,0.5,-0.5,0.0,0.0,0.0,0.4412
1.903,1.907,1.899,-0.4968,0.6157,0.3271,0.3164,-0.0424,0.56,0.4148,1.616,0.1844,0.5713,0.3862,0.0,0.0,-0.3772,-0.405,0.553,0.0,-0.1742,-0.8345,1.583,1.356,0.6504,0.4048,4.496,0.1713,1.745,0.485,0.3108,0.11566,-1.765,1.927,1.865,0.0,0.0,1.888,0.0,2.47,0.2417,0.0,0.0,0.0,0.0,0.353,2.0,1.5,1.5,-0.4592,0.6074,2.0,0.0,0.5,-0.5,0.0,0.0,0.0,0.12286
1.916,1.92,1.912,-0.949,1.077,0.3271,0.3164,-0.1387,1.024,0.5986,1.728,0.897,0.5713,0.3862,0.0,0.0,-0.5415,-0.5625,0.6133,1.0,-0.2903,0.1823,1.599,1.461,1.092,0.3752,4.21,1.236,1.773,0.1713,-0.6104,0.503,0.554,1.941,1.87,0.0,0.0,1.901,0.0,2.562,0.82,1.0,0.0,0.0,0.0,3.762,2.0,1.5,2.0,-0.8667,1.082,3.0,0.0,0.5,-0.5,0.0,0.0,0.0,1.306
1.924,1.929,1.921,-0.606,0.7305,0.3271,0.3164,-0.1667,0.644,0.501,1.795,-0.2235,0.5713,0.3862,0.0,0.0,-0.4622,-0.4722,0.5576,0.0,-0.2878,-0.1276,1.7,1.59,0.6963,0.4,2.035,-0.542,1.891,1.236,0.4849,0.3108,1.707,1.952,1.873,0.0,0.0,1.909,0.0,2.521,0.5317,0.0,0.0,0.0,0.0,-1.361,1.0,1.0,1.5,-0.5273,0.7583,0.0,1.0,0.5,-0.5,0.0,0.0,0.0,-0.463
1.931,1.935,1.927,-0.387,0.506,0.3271,0.3164,-0.1895,0.395,0.4373,1.842,-0.2166,0.5713,0.3862,0.0,0.0,-0.4097,-0.4116,0.5244,0.0,-0.2854,-0.762,1.795,1.704,0.4673,0.4133,0.4917,-0.3296,1.855,-0.542,0.1713,-0.61,1.084,1.957,1.879,0.0,0.0,1.917,0.0,2.496,0.3933,0.0,0.0,0.0,0.0,-0.701,1.0,0.5,1.0,-0.3914,0.4607,0.0,2.0,0.5,-0.5,0.0,0.0,0.0,-0.2406
1.941,1.943,1.939,-0.7866,0.876,0.3271,0.3164,-0.2996,0.7275,0.5894,1.9795,0.8584,0.7144,0.3862,0.0,0.0,-0.5483,-0.5386,0.6133,1.0,-0.2903,-0.2925,1.932,1.848,0.8003,0.4343,1.568,1.035,2.002,-0.3296,1.235,0.4849,-0.508,1.967,1.891,0.0,0.0,1.927,0.0,2.574,1.115,1.0,0.0,0.0,0.0,3.637,1.0,1.0,1.5,-0.7275,0.869,1.0,0.0,0.5,-0.5,0.0,0.0,0.0,1.255
1.949,1.95,1.949,-0.625,0.6777,0.3271,0.3164,-0.3215,0.4722,0.545,2.092,-0.1895,0.857,0.3862,0.0,0.0,-0.513,-0.497,0.5933,0.0,-0.2878,-0.5244,2.084,2.002,0.5566,0.464,1.792,-0.1987,2.129,1.035,-0.5415,0.1711,0.11566,1.9795,1.899,0.0,0.0,1.934,0.0,2.559,0.9746,1.0,0.0,0.0,0.0,-0.3958,0.0,0.5,1.0,-0.6323,0.611,0.0,1.0,0.5,-0.5,0.0,0.0,0.0,-0.1343
1.959,1.96,1.96,-0.7363,0.7817,0.3271,0.3164,-0.442,0.575,0.601,2.162,0.335,0.857,0.3862,0.0,0.0,-0.571,-0.536,0.6133,1.0,-0.2903,-0.4033,2.242,2.143,0.6235,0.4707,1.253,0.4307,2.285,-0.1987,-0.3296,1.235,0.503,1.991,1.908,0.0,0.0,1.941,0.0,2.59,0.7974,1.0,0.0,0.0,0.0,1.199,0.0,0.5,1.0,-0.766,0.6816,1.0,0.0,0.5,-0.5,0.0,0.0,0.0,0.408
1.967,1.967,1.968,-0.515,0.554,0.3271,0.3164,-0.5337,0.3538,0.5386,2.191,-0.2087,0.857,0.3862,0.0,0.0,-0.527,-0.4712,0.581,0.0,-0.2878,-0.5693,2.428,2.256,0.3599,0.493,1.048,-0.3167,2.193,0.4307,1.034,-0.5415,0.3108,2.0,1.917,0.0,0.0,1.951,0.0,2.566,0.4417,0.0,0.0,0.0,0.0,-0.7886,0.0,0.0,0.5,-0.566,0.4482,0.0,1.0,0.5,-0.5,0.0,0.0,0.0,-0.2664
1.978,1.978,1.978,-0.7837,0.828,0.3271,0.3164,-0.5493,0.6367,0.653,2.262,0.805,0.857,0.3862,0.0,0.0,-0.623,-0.5713,0.6133,1.0,-0.2903,-0.274,2.584,2.379,0.657,0.4636,2.418,0.788,2.271,-0.3167,-0.1986,-0.3296,-0.61,2.006,1.926,0.0,0.0,1.962,0.0,2.625,0.8306,1.0,0.0,0.0,0.0,1.844,1.0,0.5,1.0,-0.786,0.7544,1.0,0.0,0.5,-0.5,0.0,0.0,0.0,0.626
1.989,1.99,1.989,-0.9316,0.9844,0.3271,0.3164,-0.569,0.7983,0.7324,2.346,0.3787,0.857,0.3862,0.0,0.0,-0.69,-0.6387,0.6133,1.0,-0.2903,-0.5884,2.744,2.512,0.8193,0.4304,2.043,0.573,2.412,0.788,0.4304,1.034,0.4849,2.02,1.937,0.0,0.0,1.974,0.0,2.67,0.9116,1.0,0.0,0.0,0.0,1.465,1.0,0.5,1.0,-0.9253,0.909,2.0,0.0,0.5,-0.5,0.0,0.0,0.0,0.4912
2.0,2.0,2.0,-0.7876,0.843,0.3271,0.7754,-0.5713,0.6504,0.7056,2.412,-0.03503,0.857,0.3862,0.0,0.0,-0.6685,-0.6157,0.6045,0.0,-0.2878,-0.6606,2.86,2.61,0.686,0.449,2.256,-0.0856,2.102,0.573,-0.3167,-0.1986,0.1711,2.035,1.946,0.0,0.0,1.988,0.0,2.664,0.7876,1.0,0.0,0.0,0.0,-0.2048,1.0,0.0,0.5,-0.8037,0.754,0.0,1.0,0.5,-0.5,0.0,0.0,0.0,-0.068
2.012,2.012,2.01,-0.85,0.914,0.3271,0.7754,-0.5737,0.7305,0.7544,2.482,0.2583,0.857,0.3862,0.0,0.0,-0.708,-0.6577,0.6133,1.0,-0.2903,-0.3945,2.943,2.686,0.774,0.4397,0.4602,0.374,1.835,-0.0856,0.7876,0.4304,1.235,2.047,1.958,0.0,0.0,2.004,0.0,2.691,0.8027,1.0,0.0,0.0,0.0,0.963,1.0,0.0,0.5,-0.8784,0.8066,1.0,0.0,0.5,-0.5,0.0,0.0,0.0,0.32
2.023,2.023,2.023,-0.8843,0.9395,0.3271,0.7754,-0.668,0.7427,0.792,2.584,0.1588,0.857,0.3862,0.0,0.0,-0.7466,-0.6807,0.6133,1.0,-0.2903,-0.3481,3.037,2.775,0.7544,0.4436,1.804,0.302,1.882,0.374,0.573,-0.3167,-0.5415,2.06,1.967,0.0,0.0,2.016,0.0,2.715,1.141,1.0,0.0,0.0,0.0,0.9272,2.0,0.5,1.0,-0.9155,0.826,2.0,0.0,0.5,-0.5,0.0,0.0,0.0,0.3064
2.037,2.04,2.037,-1.095,1.157,-0.431,0.7754,-0.706,0.9688,0.903,2.695,0.4316,0.857,0.3862,0.0,0.0,-0.8374,-0.7705,0.6133,1.0,-0.2903,-0.3513,3.102,2.9,0.9775,0.3982,2.904,0.7476,2.158,0.302,-0.0856,0.7876,-0.3296,2.078,1.979,0.0,0.0,2.025,0.0,2.773,1.182,1.0,0.0,0.0,0.0,1.838,2.0,1.0,1.0,-1.087,1.069,3.0,0.0,0.5,-0.5,0.0,0.0,0.0,0.6045
2.05,2.053,2.049,-0.9775,1.049,-0.431,0.7754,-0.62,0.8354,0.893,2.8,0.00799,0.857,0.3862,0.0,0.0,-0.8223,-0.771,0.6133,1.0,-0.2903,0.09863,3.1,3.021,0.864,0.4214,1.678,0.02283,2.275,0.7476,0.374,0.573,1.034,2.098,1.989,0.0,0.0,2.04,0.0,2.775,1.163,1.0,0.0,0.0,0.0,0.0629,2.0,1.0,1.0,-1.042,0.892,4.0,0.0,-0.5,-0.5,0.0,0.0,0.0,0.02043
2.06,2.062,2.06,-0.7383,0.804,-0.431,0.7754,-0.6963,0.5923,0.83,2.854,-0.1376,0.857,0.3862,0.0,0.0,-0.78,-0.7104,0.582,0.0,-0.2878,-0.6343,3.135,3.139,0.5903,0.4463,2.557,-0.3042,2.27,0.02283,0.302,-0.0856,-0.1986,2.11,1.998,0.0,0.0,2.049,0.0,2.752,0.7896,1.0,0.0,0.0,0.0,-0.921,2.0,1.0,0.5,-0.8286,0.638,0.0,1.0,-0.5,-0.5,0.0,0.0,0.0,-0.2988
2.068,2.068,2.068,-0.484,0.537,-0.431,0.7754,-0.735,0.3,0.7524,2.912,-0.31,0.857,0.3862,0.0,0.0,-0.721,-0.6406,0.5415,0.0,-0.2854,-0.7114,3.129,3.22,0.315,0.4624,2.23,-0.3975,2.219,-0.3042,0.747,0.3738,0.4304,2.113,2.006,0.0,0.0,2.059,0.0,2.719,0.8574,1.0,0.0,0.0,0.0,-0.7646,1.0,0.5,0.5,-0.5815,0.383,0.0,2.0,-0.5,-0.5,0.0,0.0,0.0,-0.2494
2.07,2.072,2.072,-0.1233,0.162,-0.431,0.507,-0.6543,-0.12195,0.629,2.96,-0.9717,0.7144,0.3862,-1.0,0.0,-0.613,-0.54,0.4712,0.0,-0.2827,-0.0326,3.025,3.27,-0.09796,0.4778,3.154,-0.693,2.11,-0.3975,0.02283,0.302,-0.3164,2.115,2.016,0.0,0.0,2.064,0.0,2.664,0.658,0.0,0.0,0.0,0.0,-1.675,0.0,0.5,0.5,-0.2537,0.0,0.0,3.0,-0.5,-0.5,0.0,0.0,0.0,-0.55
2.074,2.072,2.074,-0.04156,0.0697,-0.431,0.4387,-0.6973,-0.2244,0.597,2.97,14.88,0.5713,0.3862,-1.0,0.0,-0.5903,-0.508,0.458,0.0,-0.2803,-0.5757,2.93,3.271,-0.2245,0.491,1.919,-0.1323,1.849,-0.693,-0.3042,0.747,0.7876,2.111,2.023,0.0,0.0,2.072,0.0,2.654,0.3132,0.0,0.0,0.0,0.0,-0.2328,-1.0,0.0,0.0,-0.176,-0.09033,0.0,4.0,-0.5,-0.5,0.0,0.0,0.0,-0.07733
2.08,2.08,2.082,-0.4226,0.4475,-0.431,0.4387,-0.683,0.1484,0.7334,3.016,-3.6,0.5713,0.3862,0.0,0.0,-0.701,-0.629,0.5503,0.0,-0.2778,-0.2473,2.814,3.217,0.1681,0.502,0.901,0.921,1.688,-0.1323,-0.3975,0.02283,0.573,2.111,2.031,0.0,0.0,2.082,0.0,2.725,0.671,0.0,0.0,0.0,0.0,1.765,-1.0,0.0,0.5,-0.505,0.3147,1.0,0.0,-0.5,-0.5,1.0,0.0,2.57,0.588
2.088,2.086,2.09,-0.5117,0.5317,-0.431,0.4387,-0.701,0.2378,0.776,3.057,0.5146,0.5713,0.3862,0.0,0.0,-0.737,-0.6636,0.584,0.0,-0.2751,-0.5625,2.72,3.12,0.248,0.5195,1.208,0.3306,1.534,0.921,-0.6924,-0.3042,-0.0856,2.11,2.043,0.0,0.0,2.092,0.0,2.752,0.6504,0.0,0.0,0.0,0.0,0.641,0.0,0.5,0.5,-0.5854,0.4011,2.0,0.0,-0.5,-0.5,0.0,0.0,0.0,0.2103
2.096,2.094,2.098,-0.578,0.5864,-0.614,0.4387,-0.6895,0.2864,0.8115,3.121,0.294,0.5713,0.3862,0.0,0.0,-0.764,-0.6953,0.6133,1.0,-0.2903,-0.331,2.633,3.049,0.2844,0.542,0.712,0.2905,1.57,0.3306,-0.1323,-0.3975,0.3738,2.11,2.055,0.0,0.0,2.098,0.0,2.773,0.881,1.0,0.0,0.0,0.0,0.8657,1.0,0.5,1.0,-0.667,0.4343,3.0,0.0,-0.5,-0.5,0.0,0.0,0.0,0.2822
2.104,2.104,2.107,-0.627,0.6323,-0.471,0.4387,-0.73,0.3442,0.8447,3.168,0.3013,0.5713,0.3862,0.0,0.0,-0.7944,-0.7197,0.6133,1.0,-0.2903,-0.489,2.508,2.967,0.3428,0.5293,0.336,0.274,1.519,0.2905,0.921,-0.6924,0.3018,2.115,2.064,0.0,0.0,2.107,0.0,2.795,0.771,1.0,0.0,0.0,0.0,0.7256,2.0,0.5,1.0,-0.727,0.4646,4.0,0.0,-0.5,-0.5,0.0,0.0,0.0,0.2356
2.115,2.115,2.117,-0.83,0.8486,-0.12366,0.4387,-0.7163,0.5938,0.9414,3.215,0.738,0.5713,0.3862,0.0,0.0,-0.8687,-0.802,0.6133,1.0,-0.2903,-0.1971,2.434,2.873,0.5366,0.4888,-0.9136,0.6665,1.44,0.274,0.3303,-0.1323,0.747,2.127,2.074,0.0,0.0,2.12,0.0,2.848,0.799,1.0,0.0,0.0,0.0,3.709,3.0,0.5,1.0,-0.893,0.7056,5.0,0.0,0.0,-0.5,0.0,0.0,0.0,1.198
2.121,2.121,2.123,-0.4011,0.4172,-0.12366,0.4387,-0.5864,0.1497,0.801,3.238,-0.544,0.5713,0.3862,0.0,0.0,-0.7466,-0.696,0.534,0.0,-0.2878,0.5845,2.309,2.793,0.094,0.5015,-0.768,-0.7715,1.366,0.6665,0.2903,0.9204,0.02283,2.137,2.082,0.0,0.0,2.125,0.0,2.785,0.4382,0.0,0.0,0.0,0.0,-2.777,2.0,0.0,1.0,-0.4702,0.3005,0.0,1.0,0.0,-0.5,0.0,0.0,0.0,-0.8877
2.133,2.13,2.133,-0.709,0.7373,-0.12366,0.4387,-0.5693,0.4993,0.928,3.277,1.591,0.5713,0.3862,0.0,0.0,-0.845,-0.805,0.6133,1.0,-0.2903,-0.1987,2.148,2.717,0.4395,0.5093,-0.1375,0.8574,1.333,-0.7715,0.2737,0.3303,-0.3042,2.156,2.092,0.0,0.0,2.135,0.0,2.854,0.562,0.0,0.0,0.0,0.0,2.402,2.0,0.5,1.0,-0.736,0.643,1.0,0.0,0.0,-0.5,0.0,0.0,0.0,0.778
2.14,2.14,2.143,-0.6157,0.65,-0.12366,0.4387,-0.5444,0.4285,0.913,3.309,0.01672,0.5713,0.3862,0.0,0.0,-0.831,-0.795,0.612,0.0,-0.2878,-0.10785,2.037,2.645,0.3716,0.522,0.9023,-0.01495,1.311,0.8574,0.666,0.2903,-0.3975,2.168,2.102,0.0,0.0,2.145,0.0,2.852,0.4832,0.0,0.0,0.0,0.0,-0.03787,1.0,0.5,0.5,-0.6895,0.5117,0.0,1.0,0.0,-0.5,0.0,0.0,0.0,-0.01209
2.148,2.15,2.15,-0.5757,0.6167,-0.12366,0.4387,-0.5425,0.4333,0.916,3.316,0.1528,0.5713,0.3862,0.0,0.0,-0.833,-0.797,0.6133,1.0,-0.2903,-0.2605,1.945,2.553,0.3735,0.523,2.586,0.0898,1.16,-0.01495,-0.771,0.2737,-0.6924,2.178,2.11,0.0,0.0,2.154,0.0,2.86,0.3,0.0,0.0,0.0,0.0,0.2489,1.0,1.0,0.5,-0.6523,0.4785,1.0,0.0,0.0,-0.5,0.0,0.0,0.0,0.07947
2.148,2.15,2.15,0.1892,-0.1492,-0.12366,0.4211,-0.4229,-0.3296,0.646,3.27,-1.383,0.4285,0.3862,-1.0,0.0,-0.6064,-0.577,0.4531,0.0,-0.2878,0.9473,1.833,2.416,-0.4006,0.524,3.328,-1.562,1.001,0.0898,0.857,0.666,-0.1323,2.174,2.117,0.0,0.0,2.158,0.0,2.732,-0.2896,0.0,0.0,0.0,0.0,-5.535,0.0,1.0,0.0,0.1305,-0.2087,0.0,1.0,0.0,-0.5,0.0,0.0,0.0,-1.765
2.15,2.15,2.15,0.101,-0.05862,-0.12366,0.4211,-0.4036,-0.2328,0.668,3.242,-0.3523,0.2856,0.3862,-1.0,0.0,-0.6226,-0.598,0.4731,0.0,-0.2854,-0.3564,1.71,2.258,-0.304,0.5234,1.762,0.1995,0.92,-1.562,-0.01495,-0.771,0.9204,2.17,2.123,0.0,0.0,2.16,0.0,2.748,-0.1351,0.0,0.0,0.0,0.0,0.3513,1.0,1.0,0.5,0.03635,-0.1316,1.0,0.0,0.0,-0.5,0.0,0.0,0.0,0.115
2.154,2.154,2.154,-0.148,0.194,-0.12366,0.4211,-0.3665,0.01997,0.752,3.246,-2.213,0.2856,0.3862,0.0,0.0,-0.6875,-0.6753,0.532,0.0,-0.2827,-0.5913,1.565,2.07,-0.0431,0.5283,1.181,0.589,0.824,0.1995,0.0897,0.857,0.3303,2.166,2.13,0.0,0.0,2.164,0.0,2.795,0.1631,0.0,0.0,0.0,0.0,0.9736,1.0,1.0,1.0,-0.2039,0.1111,2.0,0.0,0.0,-0.5,1.0,0.0,1.778,0.3176
2.156,2.156,2.156,-0.0333,0.0656,-0.12366,0.4211,-0.3535,-0.1322,0.708,3.27,-1.092,0.2856,0.3862,-1.0,0.0,-0.651,-0.638,0.511,0.0,-0.2803,0.014755,1.41,1.864,-0.1798,0.5366,0.7256,-0.2043,0.759,0.589,-1.561,-0.01495,0.2903,2.164,2.135,0.0,0.0,2.168,0.0,2.777,0.3396,0.0,0.0,0.0,0.0,-0.3894,1.0,0.5,1.0,-0.08655,-0.005352,0.0,1.0,0.0,-0.5,0.0,0.0,0.0,-0.1257
2.16,2.16,2.162,-0.2583,0.2725,-0.12366,0.4211,-0.3684,0.05707,0.784,3.316,-12.05,0.4285,0.3862,0.0,0.0,-0.7134,-0.7026,0.566,0.0,-0.2778,-0.4844,1.245,1.696,0.02756,0.548,0.2025,0.5396,0.753,-0.2043,0.1993,0.0897,0.2737,2.162,2.143,0.0,0.0,2.172,0.0,2.82,0.518,0.0,0.0,0.0,0.0,1.417,1.0,0.5,1.5,-0.3079,0.1881,1.0,0.0,0.0,-0.5,0.0,0.0,0.0,0.4592
2.168,2.166,2.17,-0.3835,0.3938,-0.12366,0.4211,-0.4092,0.1857,0.8335,3.342,0.9624,0.4285,0.3862,0.0,0.0,-0.757,-0.7407,0.6045,0.0,-0.2751,-0.551,1.049,1.558,0.1644,0.5557,-1.047,0.3765,0.8257,0.5396,0.5884,-1.561,0.666,2.162,2.15,0.0,0.0,2.174,0.0,2.85,0.3972,0.0,0.0,0.0,0.0,1.035,2.0,0.5,1.5,-0.4211,0.313,2.0,0.0,0.0,-0.5,0.0,0.0,0.0,0.3328
2.172,2.17,2.174,-0.241,0.249,-0.12366,0.4211,-0.3425,0.0441,0.787,3.348,-0.3733,0.4285,0.3862,0.0,0.0,-0.714,-0.7075,0.583,0.0,-0.2727,0.10895,0.847,1.436,0.02762,0.5557,0.5083,-0.2095,0.864,0.3765,-0.2043,0.1993,-0.771,2.16,2.156,0.0,0.0,2.176,0.0,2.834,0.2251,0.0,0.0,0.0,0.0,-0.4766,1.0,0.5,1.0,-0.291,0.1654,0.0,1.0,0.0,-0.5,0.0,0.0,0.0,-0.1521
2.176,2.174,2.178,-0.1912,0.1957,-0.12366,0.4211,-0.3704,0.002726,0.7705,3.342,-0.142,0.4285,0.3862,0.0,0.0,-0.7026,-0.6904,0.5796,0.0,-0.2703,-0.6685,0.6733,1.328,-0.00956,0.5557,-1.061,-0.03003,0.8813,-0.2095,0.539,0.5884,0.857,2.17,2.162,0.0,0.0,2.178,0.0,2.83,0.1282,0.0,0.0,0.0,0.0,-0.05228,0.0,0.0,0.5,-0.2559,0.10004,0.0,2.0,0.0,-0.5,0.0,0.0,0.0,-0.01675
2.178,2.178,2.182,-0.1188,0.12177,-0.12366,0.4211,-0.3752,-0.05545,0.744,3.326,-0.3984,0.4285,0.3862,0.0,0.0,-0.682,-0.6675,0.5703,0.0,-0.2676,-0.576,0.4954,1.214,-0.0728,0.5557,-1.081,-0.09015,0.8447,-0.03003,0.3762,-0.2043,-0.014946,2.176,2.168,0.0,0.0,2.182,0.0,2.822,0.004673,0.0,0.0,0.0,0.0,-0.1676,0.0,0.0,0.0,-0.2178,-0.00547,0.0,3.0,0.0,-0.5,0.0,0.0,0.0,-0.05374
2.178,2.176,2.18,0.2014,-0.2001,-0.12366,0.4211,-0.3313,-0.3484,0.625,3.262,-5.24,0.2856,0.3862,-1.0,0.0,-0.581,-0.5674,0.503,0.0,-0.2651,0.1089,0.37,1.072,-0.3618,0.5557,-1.327,-0.662,0.645,-0.09015,-0.2095,0.539,0.0897,2.174,2.172,0.0,0.0,2.186,0.0,2.77,-0.4766,0.0,0.0,0.0,0.0,-1.445,-1.0,-0.5,-0.5,0.0761,-0.331,0.0,4.0,0.0,-0.5,0.0,0.0,0.0,-0.4639
2.18,2.178,2.182,0.068,-0.0696,-0.12366,0.4211,-0.431,-0.2122,0.66,3.234,-0.4976,0.1428,0.3862,-1.0,0.0,-0.6187,-0.589,0.532,0.0,-0.2627,-0.4485,0.2537,0.9165,-0.2305,0.5557,1.588,0.289,0.3345,-0.662,-0.03003,0.3762,-1.561,2.176,2.176,0.0,0.0,2.19,0.0,2.793,-0.08704,0.0,0.0,0.0,0.0,0.4587,-1.0,0.0,0.0,-0.0769,-0.2323,1.0,0.0,0.0,-0.5,0.0,0.0,0.0,0.1489
2.178,2.176,2.182,0.2366,-0.2418,-0.12366,0.4211,-0.455,-0.352,0.59,3.164,1.725,0.0,0.3862,-1.0,0.0,-0.563,-0.525,0.4954,0.0,-0.26,-0.4526,0.148,0.7227,-0.3682,0.5557,1.354,-0.3633,0.2495,0.289,-0.0901,-0.2094,0.1993,2.17,2.178,0.0,0.0,2.191,0.0,2.764,-0.605,0.0,0.0,0.0,0.0,-0.874,-1.0,-0.5,-0.5,0.1004,-0.3818,0.0,1.0,0.0,-0.5,0.0,0.0,0.0,-0.2822
2.178,2.176,2.182,0.1764,-0.185,-0.12366,0.4211,-0.4963,-0.263,0.5967,3.096,-0.2693,-0.1428,0.3862,-1.0,0.0,-0.5723,-0.527,0.507,0.0,-0.2576,-0.516,0.06464,0.516,-0.2783,0.553,0.243,0.11426,0.21,-0.3633,-0.6616,-0.03001,0.5884,2.164,2.18,0.0,0.0,2.193,0.0,2.771,-0.5425,0.0,0.0,0.0,0.0,0.2551,0.0,-0.5,0.0,0.04706,-0.3225,1.0,0.0,0.0,-0.5,0.0,0.0,0.0,0.0829
2.18,2.176,2.182,0.0705,-0.0848,-0.12366,0.4211,-0.5303,-0.1228,0.6216,3.035,-0.897,-0.2856,0.3862,-1.0,0.0,-0.5957,-0.5454,0.53,0.0,-0.2551,-0.56,0.00541,0.3257,-0.137,0.5464,0.598,0.228,0.1923,0.11426,0.289,-0.0901,-0.2043,2.16,2.182,0.0,0.0,2.193,0.0,2.79,-0.4763,0.0,0.0,0.0,0.0,0.5913,1.0,0.0,0.0,-0.1202,-0.297,2.0,0.0,0.0,-0.5,0.0,0.0,0.0,0.1918
2.178,2.176,2.182,0.2279,-0.2532,-0.12366,0.4211,-0.6577,-0.3079,0.5537,3.016,14.88,-0.2856,0.3862,-1.0,0.0,-0.5503,-0.4727,0.4946,0.0,-0.2524,-0.5347,-0.06445,0.1398,-0.3171,0.549,-0.4297,-0.3484,0.219,0.228,-0.3633,-0.6616,0.539,2.152,2.184,0.0,0.0,2.191,0.0,2.762,0.0792,0.0,0.0,0.0,0.0,-0.717,1.0,-0.5,0.0,0.03946,-0.451,0.0,1.0,0.0,-0.5,0.0,0.0,0.0,-0.2316
2.176,2.172,2.18,0.3909,-0.416,-0.94,0.4211,-0.6504,-0.4878,0.481,2.977,1.166,-0.2856,0.3862,-1.0,0.0,-0.4883,-0.4075,0.456,0.0,-0.25,-0.374,-0.1523,0.015495,-0.4944,0.5474,-1.318,-0.3809,0.2605,-0.3484,0.1142,0.2888,0.3762,2.145,2.184,0.0,0.0,2.19,0.0,2.73,-0.2222,0.0,0.0,0.0,0.0,-0.9634,0.0,-1.0,-0.5,0.1805,-0.625,0.0,2.0,0.0,-0.5,0.0,0.0,0.0,-0.3132
2.172,2.168,2.174,0.548,-0.565,-0.94,0.4211,-0.6675,-0.638,0.4072,2.902,0.5854,-0.4285,0.3862,-1.0,0.0,-0.4268,-0.3384,0.417,0.0,-0.2474,-0.3982,-0.2026,-0.0932,-0.6416,0.5386,-1.1875,-0.3909,0.3994,-0.3809,0.228,-0.3633,-0.2094,2.139,2.182,0.0,0.0,2.186,0.0,2.7,-0.7417,0.0,0.0,0.0,0.0,-1.093,0.0,-1.0,-1.0,0.3328,-0.7666,0.0,3.0,0.0,-0.5,0.0,0.0,0.0,-0.3574
2.162,2.162,2.164,0.917,-0.909,-0.94,0.2037,-0.533,-0.9937,0.261,2.81,0.8896,-0.4285,0.3862,-1.0,0.0,-0.2861,-0.2136,0.331,0.0,-0.245,1.345,-0.1509,-0.1544,-1.0,0.527,-1.451,-0.8643,0.6704,-0.3909,-0.3484,0.1142,-0.03001,2.125,2.18,0.0,0.0,2.18,0.0,2.63,-0.959,0.0,0.0,0.0,0.0,-2.451,-1.0,-1.0,-1.0,0.6826,-1.104,0.0,4.0,0.0,-0.5,0.0,0.0,0.0,-0.8076
2.143,2.146,2.139,2.201,-2.096,-0.94,-1.204,-0.1592,-2.135,-0.1719,2.607,1.567,-0.5713,0.3862,-1.0,0.0,0.153,0.1844,0.0623,0.0,-0.2424,2.902,0.3682,0.02542,-2.025,0.4663,-1.757,-2.514,1.756,-0.8643,-0.3809,0.228,-0.0901,2.094,2.172,0.0,0.0,2.164,0.0,2.418,-1.719,0.0,1.0,0.0,0.0,-8.15,-2.0,-1.0,-1.5,1.965,-2.193,0.0,5.0,0.0,0.0,0.0,0.0,0.0,-4.61
2.127,2.135,2.121,1.638,-1.483,-0.94,-1.204,-0.06223,-1.593,-0.05374,2.42,-0.1517,-0.7144,0.3862,-1.0,0.0,0.04712,0.0526,0.1421,0.0,-0.2399,0.904,1.013,0.388,-1.414,0.4167,-1.431,0.8535,2.164,-2.514,-0.3909,-0.3481,-0.6616,2.066,2.168,0.0,0.0,2.152,0.0,2.48,-1.523,0.0,1.0,0.0,0.0,3.55,-1.0,-0.5,-1.5,1.448,-1.573,1.0,0.0,0.0,0.0,0.0,0.0,0.0,1.243
2.117,2.125,2.11,1.291,-1.122,-0.7236,-1.204,-0.071,-1.236,0.0091,2.252,-0.1211,-0.857,0.3862,-1.0,0.0,-0.013374,-0.01042,0.1874,0.0,-0.2374,0.2913,1.581,0.7617,-1.051,0.3857,-2.703,0.4773,2.45,0.8535,-0.8643,-0.3806,0.2888,2.041,2.166,0.0,0.0,2.146,0.0,2.516,-1.287,0.0,1.0,0.0,0.0,1.205,0.0,-0.5,-1.0,1.141,-1.195,2.0,0.0,0.0,0.0,0.0,0.0,0.0,0.416
2.113,2.121,2.105,0.622,-0.4417,-0.05853,-1.204,0.003288,-0.541,0.1923,2.129,-0.5376,-1.0,0.3862,-1.0,0.0,-0.1761,-0.1987,0.3096,0.0,-0.2349,0.657,2.023,1.096,-0.3696,0.3684,-2.658,1.276,2.518,0.4773,-2.514,-0.3909,-0.3633,2.027,2.164,0.0,0.0,2.143,0.0,2.613,-0.8184,0.0,0.0,0.0,0.0,3.814,1.0,0.0,-0.5,0.5693,-0.4614,3.0,0.0,0.0,0.0,0.0,0.0,0.0,1.307
2.111,2.12,2.105,0.355,-0.1816,0.2078,-1.204,0.01888,-0.2196,0.2615,2.025,-0.6846,-1.143,0.3862,-1.0,0.0,-0.2369,-0.2668,0.3594,0.0,-0.2323,-0.1785,2.346,1.388,-0.06635,0.3562,-3.244,0.5107,2.512,1.276,0.853,-0.864,0.1142,2.021,2.162,0.0,0.0,2.137,0.0,2.652,-0.646,0.0,0.0,0.0,0.0,1.426,2.0,0.0,0.0,0.3125,-0.211,4.0,0.0,0.0,0.0,0.0,0.0,0.0,0.478
2.115,2.123,2.11,-0.11865,0.2942,0.7603,-1.204,0.01097,0.3125,0.4155,1.981,-5.44,-1.0,0.3862,0.0,0.0,-0.373,-0.411,0.4639,0.0,-0.2299,0.428,2.56,1.623,0.4666,0.3525,-3.982,1.06,2.494,0.5107,0.4773,-2.514,0.2279,2.025,2.162,0.0,0.0,2.137,0.0,2.734,-0.2283,0.0,0.0,0.0,0.0,2.875,3.0,0.0,0.5,-0.0949,0.3003,5.0,0.0,0.0,0.0,0.0,0.0,0.0,0.9556
2.121,2.129,2.113,-0.2356,0.4084,0.94,-1.204,0.005745,0.496,0.4592,1.939,0.6143,-0.857,0.3862,0.0,0.0,-0.4111,-0.4507,0.4983,0.0,-0.2273,-0.3713,2.656,1.802,0.641,0.3518,-3.422,0.3445,2.447,1.06,1.276,0.853,-0.3481,2.037,2.16,0.0,0.0,2.135,0.0,2.762,-0.2153,0.0,0.0,0.0,0.0,0.678,3.0,0.5,0.5,-0.2057,0.412,5.734,0.0,0.5,0.0,0.0,0.0,0.0,0.2216
2.125,2.13,2.117,-0.0944,0.2644,0.94,-1.204,0.01324,0.3926,0.4138,1.902,-0.04297,-0.7144,0.3862,0.0,0.0,-0.3713,-0.4097,0.476,0.0,-0.2247,-0.3572,2.678,1.932,0.5444,0.349,-2.664,-0.2207,2.34,0.3445,0.5107,0.477,-0.3806,2.066,2.158,0.0,0.0,2.13,0.0,2.744,-0.1824,0.0,0.0,0.0,0.0,-0.444,2.0,0.5,0.5,-0.06665,0.2769,0.0,1.0,0.5,0.0,0.0,0.0,0.0,-0.1442
2.133,2.14,2.125,-0.4785,0.668,0.94,-1.204,0.0578,0.8594,0.558,1.895,1.151,-0.5713,0.3862,0.0,0.0,-0.4902,-0.5454,0.575,0.0,-0.2222,0.3435,2.615,2.004,1.015,0.3528,-1.861,0.986,2.33,-0.2207,1.06,1.275,-0.3909,2.098,2.16,0.0,0.0,2.13,0.0,2.822,0.00903,0.0,0.0,0.0,0.0,2.5,2.0,1.0,0.5,-0.3994,0.706,1.0,0.0,0.5,0.0,0.0,0.0,0.0,0.8154
2.137,2.145,2.129,-0.1389,0.3286,0.94,-1.204,0.1167,0.553,0.449,1.858,-0.2014,-0.4285,0.3862,0.0,0.0,-0.3923,-0.4517,0.512,0.0,-0.2197,-0.2307,2.48,2.03,0.697,0.3542,0.1247,-0.616,2.268,0.986,0.3445,0.5107,-0.864,2.121,2.158,0.0,0.0,2.129,0.0,2.771,-0.174,0.0,0.0,0.0,0.0,-1.932,1.0,1.0,0.0,-0.0661,0.3865,0.0,1.0,0.5,0.0,0.0,0.0,0.0,-0.6196
2.14,2.15,2.133,-0.11365,0.306,0.94,-1.204,0.1229,0.561,0.4424,1.834,0.1556,-0.2856,0.3862,0.0,0.0,-0.3862,-0.4463,0.515,0.0,-0.2172,-0.456,2.23,2.01,0.7095,0.3547,5.086,0.03038,2.215,-0.616,-0.2207,1.06,-2.514,2.137,2.156,0.0,0.0,2.127,0.0,2.773,-0.0934,0.0,0.0,0.0,0.0,0.0719,1.0,1.5,0.5,-0.06247,0.3423,1.0,0.0,0.5,0.0,0.0,0.0,0.0,0.0233
2.145,2.152,2.137,-0.0477,0.242,0.94,-1.204,0.1108,0.508,0.4211,1.822,0.0567,-0.1428,0.3862,0.0,0.0,-0.369,-0.4255,0.5083,0.0,-0.2146,-0.547,1.848,1.963,0.6646,0.357,5.047,-0.0683,2.217,0.03038,0.9854,0.3445,0.853,2.146,2.154,0.0,0.0,2.129,0.0,2.768,-0.02293,0.0,0.0,0.0,0.0,-0.1725,0.0,1.0,0.5,-0.01852,0.2593,0.0,1.0,0.5,0.0,0.0,0.0,0.0,-0.05588
2.148,2.158,2.14,-0.1365,0.3484,0.94,-1.204,0.1749,0.609,0.4573,1.837,0.3206,0.0,0.3862,0.0,0.0,-0.3943,-0.4648,0.5376,0.0,-0.2122,0.4155,1.33,1.875,0.8066,0.3574,4.88,0.2888,2.223,-0.0683,-0.616,-0.2207,0.477,2.152,2.156,0.0,0.0,2.129,0.0,2.791,0.1296,0.0,0.0,0.0,0.0,0.535,1.0,1.0,1.0,-0.1404,0.323,1.0,0.0,0.5,0.0,0.0,0.0,0.0,0.1736
2.145,2.154,2.137,0.6367,-0.426,0.94,-1.204,0.2578,-0.2267,0.1897,1.826,-1.123,0.0,0.3862,-1.0,0.0,-0.1511,-0.2207,0.3716,0.0,-0.2096,1.356,0.582,1.764,-0.015434,0.3584,3.18,-1.634,2.205,0.2888,0.03038,0.9854,1.275,2.143,2.154,0.0,0.0,2.125,0.0,2.658,-0.0539,0.0,0.0,0.0,0.0,-4.043,0.0,0.5,1.0,0.5337,-0.4998,0.0,1.0,0.5,0.0,0.0,0.0,0.0,-1.305
2.139,2.145,2.135,0.8047,-0.6743,0.94,-1.204,-0.02151,-0.578,0.0989,1.894,3.598,0.0,0.3862,-1.0,0.0,-0.09283,-0.1049,0.3186,0.0,-0.207,-0.56,0.06665,1.608,-0.419,0.3882,2.326,-0.5366,2.2,-1.634,-0.0683,-0.616,0.5107,2.133,2.15,0.0,0.0,2.121,0.0,2.617,0.5186,0.0,0.0,0.0,0.0,-1.059,0.0,0.0,1.0,0.7153,-0.72,0.0,2.0,0.5,0.0,0.0,0.0,0.0,-0.351
2.133,2.137,2.13,0.6606,-0.5664,0.94,-1.204,-0.0783,-0.569,0.1144,1.937,0.1213,0.0,0.3862,-1.0,0.0,-0.11224,-0.1148,0.334,0.0,-0.2046,0.2482,0.06647,1.432,-0.477,0.4165,0.2101,0.1569,2.146,-0.5366,0.2888,0.03036,1.06,2.115,2.148,0.0,0.0,2.115,0.0,2.629,0.3926,0.0,0.0,0.0,0.0,0.2627,0.0,0.0,1.0,0.5815,-0.612,1.0,0.0,0.5,0.0,0.0,0.0,0.0,0.08795
2.129,2.13,2.127,0.5947,-0.5244,0.94,-1.204,-0.03033,-0.609,0.1103,1.966,0.24,0.0,0.3862,-1.0,0.0,-0.1042,-0.11536,0.3364,0.0,-0.202,0.795,0.3125,1.22,-0.5347,0.4314,-0.7173,0.02348,2.113,0.1569,-1.634,-0.0683,0.3442,2.102,2.145,0.0,0.0,2.111,0.0,2.63,0.2966,0.0,0.0,0.0,0.0,0.0421,1.0,0.0,1.0,0.4675,-0.627,2.0,0.0,0.5,0.0,0.0,0.0,0.0,0.01406
2.121,2.125,2.121,0.8965,-0.8237,0.94,-1.204,-0.05185,-0.9517,-0.00965,1.93,0.904,0.0,0.3862,-1.0,0.0,0.00607,0.006718,0.2634,0.0,-0.1995,-0.552,0.5146,0.97,-0.9,0.4336,-0.599,-0.743,2.146,0.02348,-0.5366,0.2886,-0.2207,2.084,2.139,0.0,0.0,2.105,0.0,2.572,-0.281,0.0,0.0,0.0,0.0,-1.726,0.0,0.0,0.5,0.762,-0.911,0.0,1.0,0.5,0.0,0.0,0.0,0.0,-0.576
2.117,2.12,2.115,0.645,-0.5625,0.94,-1.204,-0.05896,-0.733,0.04706,1.891,-0.1442,0.0,0.3862,-1.0,0.0,-0.04797,-0.04974,0.3042,0.0,-0.197,-0.23,0.6445,0.6963,-0.699,0.4329,-2.947,0.42,2.156,-0.743,0.1569,-1.633,0.9854,2.068,2.133,0.0,0.0,2.104,0.0,2.604,-0.3118,0.0,0.0,0.0,0.0,0.991,1.0,0.0,0.5,0.4883,-0.6934,1.0,0.0,0.5,0.0,0.0,0.0,0.0,0.335
2.115,2.117,2.113,0.4355,-0.3486,0.94,-1.204,-0.07214,-0.509,0.0972,1.825,-0.2546,-0.1428,0.3862,-1.0,0.0,-0.0958,-0.0984,0.341,0.0,-0.1945,0.4565,0.6978,0.387,-0.4885,0.4263,-2.246,0.3774,2.154,0.42,0.02347,-0.536,-0.616,2.055,2.129,0.0,0.0,2.104,0.0,2.633,-0.5654,0.0,0.0,0.0,0.0,0.74,2.0,0.5,0.5,0.292,-0.4814,2.0,0.0,0.5,0.0,0.0,0.0,0.0,0.2484
2.113,2.115,2.111,0.382,-0.2947,0.94,0.1083,-0.05948,-0.4224,0.10065,1.75,-0.0979,-0.2856,0.3862,-1.0,0.0,-0.0979,-0.103,0.348,0.0,-0.1919,-0.176,0.693,0.2683,-0.4133,0.4175,-2.64,0.0704,1.728,0.3774,-0.743,0.1569,0.03036,2.053,2.125,0.0,0.0,2.111,0.0,2.639,-0.685,0.0,0.0,0.0,0.0,0.193,2.0,0.5,0.5,0.2339,-0.4365,3.0,0.0,0.5,0.0,0.0,0.0,0.0,0.06433
2.11,2.111,2.105,0.588,-0.4973,0.94,0.1083,-0.02438,-0.6,0.01909,1.667,0.777,-0.4285,0.3862,-1.0,0.0,-0.01862,-0.02495,0.2996,0.0,-0.1895,-0.11255,0.6377,0.2566,-0.6045,0.4077,-2.832,-0.492,1.467,0.0704,0.4197,0.02347,-0.0683,2.05,2.121,0.0,0.0,2.115,0.0,2.6,-0.7544,0.0,0.0,0.0,0.0,-1.145,1.0,0.5,0.5,0.3982,-0.669,0.0,1.0,0.5,0.0,0.0,0.0,0.0,-0.3813
2.104,2.105,2.104,0.612,-0.5425,0.94,0.1083,-0.1128,-0.5747,-0.0116,1.543,0.0859,-0.5713,0.3862,-1.0,0.0,0.002457,0.01452,0.2842,0.0,-0.1869,-0.6294,0.569,0.257,-0.588,0.3882,-3.809,-0.1575,1.3,-0.492,0.3774,-0.7427,0.2886,2.047,2.117,0.0,0.0,2.117,0.0,2.588,-1.306,0.0,1.0,0.0,0.0,-0.316,1.0,0.0,0.0,0.405,-0.7305,0.0,2.0,0.5,0.0,0.0,0.0,0.0,-0.10614
2.102,2.104,2.1,0.475,-0.4153,0.94,0.1083,-0.14,-0.4026,0.01215,1.447,-0.2678,-0.7144,0.3862,-1.0,0.0,-0.02243,-0.00689,0.3042,0.0,-0.1843,-0.59,0.5215,0.2559,-0.4055,0.3704,-1.067,0.2052,1.306,-0.1575,0.0703,0.4197,-1.633,2.045,2.113,0.0,0.0,2.117,0.0,2.604,-1.042,0.0,1.0,0.0,0.0,0.349,1.0,0.5,0.5,0.2913,-0.589,1.0,0.0,0.5,0.0,1.0,0.0,1.104,0.1176
2.1,2.1,2.1,0.359,-0.3152,0.94,0.1083,-0.1664,-0.2462,0.03256,1.357,-0.4539,-0.857,0.3862,-1.0,0.0,-0.044,-0.02492,0.3218,0.0,-0.1818,-0.656,0.512,0.2546,-0.2568,0.3574,-0.166,0.1809,1.329,0.2052,-0.4917,0.3774,-0.536,2.049,2.111,0.0,0.0,2.117,0.0,2.617,-0.9556,0.0,0.0,0.0,0.0,0.2477,1.0,1.0,0.5,0.1962,-0.4746,2.0,0.0,0.5,0.0,0.0,0.0,0.0,0.0831
2.096,2.096,2.096,0.5547,-0.531,0.94,0.1083,-0.1443,-0.4045,-0.0487,1.254,1.469,-1.0,0.3862,-1.0,0.0,0.03497,0.05533,0.2734,0.0,-0.1793,-0.564,0.5967,0.2805,-0.4,0.3372,-0.4595,-0.4941,1.375,0.1809,-0.1575,0.0703,0.1569,2.047,2.107,0.0,0.0,2.111,0.0,2.578,-1.06,0.0,1.0,0.0,0.0,-1.22,0.0,0.5,0.5,0.399,-0.6675,0.0,1.0,0.5,0.0,0.0,0.0,0.0,-0.4082
2.096,2.094,2.1,0.02576,-0.04282,-0.861,0.1083,-0.2115,0.1719,0.10376,1.174,-2.041,-1.0,0.3862,0.0,0.0,-0.1144,-0.09155,0.377,0.0,-0.1768,-0.2659,0.716,0.3218,0.1548,0.3286,-0.623,1.067,1.302,-0.4941,0.2052,-0.4917,0.02347,2.05,2.105,0.0,0.0,2.107,0.0,2.66,-0.695,0.0,0.0,0.0,0.0,2.309,1.0,0.5,0.5,-0.109,-0.1978,1.0,0.0,0.5,0.0,0.0,0.0,0.0,0.7793
2.092,2.09,2.096,0.4766,-0.503,-0.861,0.1083,-0.2352,-0.2842,-0.05356,1.12,-1.6,-1.0,0.3862,-1.0,0.0,0.03146,0.06903,0.2795,0.0,-0.1742,1.008,0.849,0.3694,-0.3015,0.323,0.88,-0.987,1.296,1.067,0.1809,-0.1573,-0.7427,2.045,2.102,0.0,0.0,2.104,0.0,2.582,-0.495,0.0,0.0,0.0,0.0,-2.42,1.0,0.5,0.5,0.34,-0.625,0.0,1.0,0.5,0.0,0.0,0.0,0.0,-0.802
2.09,2.086,2.092,0.4607,-0.4841,-0.861,0.1083,-0.2153,-0.2844,-0.0651,1.084,0.1454,-1.0,0.3862,-1.0,0.0,0.0443,0.079,0.2766,0.0,-0.1718,-0.3413,1.011,0.4275,-0.2947,0.3186,0.1172,-0.0316,1.073,-0.987,-0.494,0.2051,0.4197,2.043,2.1,0.0,0.0,2.096,0.0,2.58,-0.317,0.0,0.0,0.0,0.0,-0.05643,0.0,0.0,0.5,0.3176,-0.6147,0.0,2.0,0.5,0.0,0.0,0.0,0.0,-0.01903
2.09,2.088,2.094,0.1339,-0.1548,-0.861,0.1083,-0.299,0.0404,0.0277,1.063,-1.961,-0.857,0.3862,0.0,0.0,-0.0513,-0.007317,0.3418,0.0,-0.1692,-0.679,1.09,0.4783,0.02034,0.3203,-0.656,0.672,0.903,-0.0316,1.067,0.1808,0.3774,2.047,2.1,0.0,0.0,2.092,0.0,2.633,-0.10767,0.0,0.0,0.0,0.0,1.076,0.0,0.0,0.5,0.04486,-0.2515,1.0,0.0,0.5,0.0,0.0,0.0,0.0,0.3628
2.088,2.086,2.092,0.2686,-0.295,-0.861,0.1083,-0.4033,-0.1011,-0.02632,1.03,-0.855,-0.7144,0.3862,0.0,0.0,-0.00956,0.05728,0.3118,0.0,-0.1666,-0.464,1.075,0.5234,-0.1321,0.321,-0.789,-0.3047,0.6875,0.672,-0.9863,-0.494,0.0703,2.049,2.104,0.0,0.0,2.086,0.0,2.607,-0.2285,0.0,0.0,0.0,0.0,-0.901,0.0,-0.5,0.0,0.1503,-0.413,0.0,1.0,0.5,0.0,0.0,0.0,0.0,-0.3005
2.086,2.082,2.09,0.4028,-0.4329,-0.861,0.1083,-0.4075,-0.2688,-0.0834,1.013,-12.95,-0.7144,0.3862,-1.0,0.0,0.04468,0.11615,0.2795,0.0,-0.1642,-0.001747,0.988,0.5615,-0.3071,0.3242,0.0842,-0.3298,0.4402,-0.3047,-0.0316,1.067,-0.4917,2.045,2.105,0.0,0.0,2.08,0.0,2.582,-0.0734,0.0,0.0,0.0,0.0,-0.928,-1.0,-0.5,0.0,0.2732,-0.553,0.0,2.0,0.5,0.0,0.0,0.0,0.0,-0.311
2.09,2.088,2.092,-0.2166,0.208,-0.697,0.1083,-0.3855,0.3657,0.11444,1.025,-4.387,-0.5713,0.3862,0.0,0.0,-0.1398,-0.08545,0.4138,0.0,-0.1616,0.0697,0.8257,0.587,0.3286,0.3303,0.345,1.383,0.01048,-0.3298,0.672,-0.9863,-0.1573,2.055,2.11,0.0,0.0,2.076,0.0,2.688,0.2366,0.0,0.0,0.0,0.0,3.59,0.0,0.0,0.0,-0.264,0.1292,1.0,0.0,0.5,0.0,0.0,0.0,0.0,1.21
2.098,2.098,2.1,-0.5757,0.5986,-0.2019,0.1083,-0.4485,0.7773,0.2502,1.057,1.082,-0.4285,0.3862,0.0,0.0,-0.2688,-0.2114,0.5083,0.0,-0.159,-0.3936,0.6133,0.597,0.731,0.3435,0.2086,0.9497,0.384,1.383,-0.3047,-0.0316,0.2051,2.064,2.113,0.0,0.0,2.08,0.0,2.764,0.387,0.0,0.0,0.0,0.0,2.285,1.0,0.0,0.0,-0.57,0.5493,2.0,0.0,0.5,0.0,1.0,0.0,3.322,0.753
2.111,2.111,2.11,-0.9326,1.005,0.3528,0.7,-0.423,1.215,0.4053,1.123,0.6807,-0.2856,0.3862,0.0,0.0,-0.403,-0.3599,0.6133,1.0,-0.2903,0.3618,0.3977,0.5923,1.16,0.3616,0.2625,1.064,1.008,0.9497,-0.3298,0.6714,0.1808,2.09,2.117,0.0,0.0,2.088,0.0,2.848,0.599,0.0,0.0,0.0,0.0,2.938,1.0,0.0,0.0,-0.899,0.959,3.0,0.0,0.5,0.0,0.0,0.0,0.0,0.952
2.125,2.129,2.121,-1.015,1.12,0.606,0.7,-0.452,1.327,0.4714,1.222,0.2354,-0.1428,0.3862,0.0,0.0,-0.4624,-0.418,0.6133,1.0,-0.2903,-0.5796,0.2888,0.561,1.279,0.338,1.78,0.4854,1.573,1.064,1.382,-0.3047,-0.494,2.117,2.121,0.0,0.0,2.096,0.0,2.887,0.867,1.0,0.0,0.0,0.0,1.174,2.0,0.5,0.5,-0.975,1.073,4.0,0.0,0.5,0.0,0.0,0.0,0.0,0.374
2.139,2.145,2.135,-1.048,1.185,0.8105,0.7,-0.4365,1.372,0.523,1.341,0.177,0.0,0.3862,0.0,0.0,-0.505,-0.466,0.6133,1.0,-0.2903,-0.387,0.4429,0.5283,1.353,0.3232,0.523,0.3926,2.088,0.4854,0.949,-0.3298,1.067,2.145,2.125,0.0,0.0,2.105,0.0,2.918,0.9863,1.0,0.0,0.0,0.0,0.732,3.0,0.5,1.0,-1.013,1.131,5.0,0.0,0.5,0.0,0.0,0.0,0.0,0.2313
2.152,2.158,2.146,-0.87,1.026,0.8105,0.7,-0.4053,1.171,0.495,1.45,-0.005154,0.1428,0.3862,0.0,0.0,-0.4785,-0.444,0.602,0.0,-0.2878,-0.0776,0.754,0.5347,1.1875,0.345,3.068,-0.11035,2.398,0.3926,1.063,1.382,-0.9863,2.172,2.129,0.0,0.0,2.117,0.0,2.91,0.9126,1.0,0.0,0.0,0.0,-0.2059,2.0,0.5,0.5,-0.86,0.9595,0.0,1.0,0.5,0.0,0.0,0.0,0.0,-0.06464
2.166,2.174,2.16,-1.013,1.191,0.8105,0.7,-0.4119,1.323,0.582,1.574,0.273,0.2856,0.3862,0.0,0.0,-0.5522,-0.5215,0.6133,1.0,-0.2903,-0.7393,1.109,0.5957,1.396,0.3147,3.94,0.612,2.79,-0.11035,0.4854,0.949,-0.0316,2.207,2.13,0.0,0.0,2.129,0.0,2.959,0.975,1.0,0.0,0.0,0.0,0.972,2.0,1.0,0.5,-0.998,1.117,1.0,0.0,0.5,0.0,0.0,0.0,0.0,0.306
2.182,2.19,2.174,-0.9946,1.18,0.8105,0.7,-0.45,1.264,0.6113,1.726,0.0977,0.4285,0.3862,0.0,0.0,-0.58,-0.544,0.6133,1.0,-0.2903,-0.869,1.5625,0.7886,1.33,0.3276,3.605,0.2482,3.156,0.612,0.3926,1.063,0.6714,2.232,2.137,0.0,0.0,2.14,0.0,2.98,1.199,1.0,0.0,0.0,0.0,0.624,2.0,1.0,1.0,-1.024,1.059,2.0,0.0,0.5,0.0,0.0,0.0,0.0,0.1943
2.193,2.201,2.186,-0.8535,1.04,0.8105,0.7,-0.502,1.093,0.593,1.839,0.006523,0.4285,0.3862,0.0,0.0,-0.5693,-0.5225,0.6084,0.0,-0.2878,-0.6143,2.012,1.067,1.152,0.3582,5.055,-0.05087,3.434,0.2482,-0.11035,0.485,-0.3047,2.252,2.14,0.0,0.0,2.15,0.0,2.977,1.05,1.0,0.0,0.0,0.0,-0.11743,1.0,1.0,0.5,-0.9404,0.8687,0.0,1.0,0.5,0.0,0.0,0.0,0.0,-0.0364
2.205,2.21,2.2,-0.708,0.869,0.8105,0.7,-0.62,0.8555,0.563,1.982,-0.0722,0.5713,0.3862,0.0,0.0,-0.555,-0.4846,0.5957,0.0,-0.2854,-0.544,2.436,1.4,0.943,0.3875,5.086,-0.12366,3.582,-0.05087,0.612,0.3923,-0.3298,2.264,2.145,0.0,0.0,2.164,0.0,2.965,1.478,1.0,0.0,0.0,0.0,-0.2448,0.0,1.0,0.5,-0.7886,0.716,0.0,2.0,0.5,0.0,0.0,0.0,0.0,-0.076
2.219,2.227,2.213,-1.037,1.204,0.8105,0.7,-0.588,1.148,0.7124,2.162,0.4739,0.7144,0.3862,0.0,0.0,-0.6753,-0.6196,0.6133,1.0,-0.2903,0.1743,2.889,1.809,1.234,0.347,4.926,0.9985,3.818,-0.12366,0.248,-0.11035,1.382,2.28,2.15,0.0,0.0,2.178,0.0,3.049,1.478,1.0,0.0,0.0,0.0,3.012,1.0,1.0,1.0,-1.081,1.064,1.0,0.0,0.5,0.0,0.0,0.0,0.0,0.9365
2.236,2.244,2.23,-1.185,1.361,0.8105,0.7,-0.558,1.268,0.8066,2.344,0.2467,0.7144,0.3862,0.0,0.0,-0.7485,-0.7036,0.6133,1.0,-0.2903,-0.05298,3.3,2.22,1.404,0.3132,3.975,0.6523,4.105,0.9985,-0.05087,0.612,0.949,2.295,2.16,0.0,0.0,2.195,0.0,3.104,1.478,1.0,0.0,0.0,0.0,1.316,1.0,1.0,1.0,-1.207,1.234,2.0,0.0,0.5,0.0,0.0,0.0,0.0,0.4026
2.254,2.262,2.248,-1.233,1.403,0.8105,0.7,-0.562,1.25,0.8657,2.549,0.1289,0.7144,0.3862,0.0,0.0,-0.796,-0.7534,0.6133,1.0,-0.2903,-0.4893,3.812,2.72,1.318,0.3303,2.723,0.4326,4.387,0.6523,-0.1236,0.248,1.063,2.316,2.172,0.0,0.0,2.21,0.0,3.14,1.478,1.0,0.0,1.0,0.0,1.38,1.0,1.0,1.5,-1.244,1.285,3.0,0.0,0.5,0.0,0.0,0.0,0.0,0.4177
2.271,2.275,2.266,-1.128,1.263,0.8105,0.7,-0.5967,1.022,0.861,2.768,-0.03976,0.857,0.3862,0.0,0.0,-0.795,-0.7456,0.6133,1.0,-0.2903,-0.537,4.43,3.299,1.001,0.3936,2.475,0.04224,4.496,0.4326,0.9985,-0.05084,0.485,2.334,2.184,0.0,0.0,2.23,0.0,3.143,1.478,1.0,0.0,1.0,0.0,0.1868,2.0,1.0,2.0,-1.193,1.094,4.0,0.0,0.5,0.0,0.0,0.0,0.0,0.05612
2.285,2.287,2.281,-0.93,1.028,0.8105,0.7,-0.6943,0.7275,0.8145,2.93,-0.1414,0.857,0.3862,0.0,0.0,-0.767,-0.6973,0.593,0.0,-0.2878,-0.7812,4.96,3.842,0.687,0.4365,2.32,-0.204,4.605,0.04224,0.6523,-0.1236,0.3923,2.348,2.193,0.0,0.0,2.246,0.0,3.125,1.478,1.0,0.0,1.0,0.0,-0.462,2.0,0.5,1.5,-1.027,0.8403,0.0,1.0,0.5,0.0,0.0,0.0,0.0,-0.1387
2.295,2.297,2.293,-0.6914,0.766,0.8105,0.7,-0.702,0.4165,0.748,3.047,-0.262,0.857,0.3862,0.0,0.0,-0.7144,-0.639,0.5586,0.0,-0.2854,-0.2808,5.156,4.316,0.362,0.4697,3.059,-0.3318,4.438,-0.204,0.4326,0.998,-0.1103,2.36,2.205,0.0,0.0,2.262,0.0,3.096,1.451,1.0,0.0,0.0,0.0,-0.812,1.0,0.5,1.0,-0.829,0.5522,0.0,2.0,0.5,0.0,0.0,0.0,0.0,-0.2446
2.299,2.3,2.299,-0.219,0.2744,0.8105,0.4812,-0.6865,-0.11005,0.5884,3.092,-0.9434,0.857,0.3862,0.0,0.0,-0.582,-0.501,0.466,0.0,-0.2827,0.2512,5.156,4.7,-0.1907,0.4922,2.283,-0.9087,4.08,-0.3318,0.04224,0.6523,0.612,2.363,2.215,0.0,0.0,2.277,0.0,3.018,0.697,0.0,0.0,0.0,0.0,-2.578,0.0,0.0,0.5,-0.3562,0.09766,0.0,3.0,0.5,0.0,0.0,0.0,0.0,-0.7812
2.307,2.307,2.307,-0.4133,0.4597,0.8105,0.4812,-0.702,0.0731,0.6616,3.14,14.88,0.857,0.3862,0.0,0.0,-0.6445,-0.5645,0.5186,0.0,-0.2803,-0.5615,5.156,4.98,-0.00678,0.5073,1.926,0.5264,3.785,-0.9087,-0.204,0.4324,0.248,2.365,2.225,0.0,0.0,2.291,0.0,3.062,0.7114,0.0,0.0,0.0,0.0,1.055,0.0,0.0,0.5,-0.5264,0.2942,1.0,0.0,0.5,0.0,0.0,0.0,0.0,0.3245
2.314,2.314,2.314,-0.4868,0.527,0.8105,0.4812,-0.7017,0.1458,0.6978,3.184,0.5664,0.857,0.3862,0.0,0.0,-0.674,-0.596,0.5483,0.0,-0.2778,-0.3457,5.156,5.094,0.06415,0.5225,2.24,0.293,3.342,0.5264,-0.3318,0.04224,-0.05084,2.363,2.234,0.0,0.0,2.307,0.0,3.086,0.6895,0.0,0.0,0.0,0.0,2.37,0.0,0.5,0.5,-0.583,0.3738,2.0,0.0,0.5,0.0,0.0,0.0,0.0,0.722
2.322,2.322,2.324,-0.5493,0.5776,0.8105,0.4812,-0.7197,0.1974,0.7314,3.242,0.36,0.857,0.3862,0.0,0.0,-0.7026,-0.6235,0.5767,0.0,-0.2751,-0.2651,5.156,5.094,0.1454,0.5337,2.775,0.2773,2.639,0.293,-0.9087,-0.204,-0.1236,2.361,2.246,0.0,0.0,2.324,0.0,3.11,0.8174,1.0,0.0,0.0,0.0,0.6206,1.0,1.0,1.0,-0.653,0.4116,3.0,0.0,0.5,0.0,0.0,0.0,0.0,0.1884
2.332,2.332,2.334,-0.6226,0.647,0.8105,0.4812,-0.73,0.2827,0.7734,3.293,0.442,0.857,0.3862,0.0,0.0,-0.7373,-0.6587,0.61,0.0,-0.2727,-0.6694,5.156,5.094,0.2607,0.543,1.09,0.3257,2.156,0.2773,0.5264,-0.3318,0.998,2.361,2.258,0.0,0.0,2.338,0.0,3.139,0.7544,0.0,0.0,0.0,0.0,0.6504,2.0,1.0,1.0,-0.716,0.4868,4.0,0.0,0.5,0.0,0.0,0.0,0.0,0.1965
2.344,2.344,2.346,-0.754,0.781,0.8105,0.4812,-0.728,0.4387,0.842,3.352,0.5737,0.857,0.3862,0.0,0.0,-0.7915,-0.7173,0.6133,1.0,-0.2903,-0.7505,4.87,5.094,0.444,0.5083,-0.04462,0.4858,1.855,0.3257,0.293,-0.908,0.652,2.367,2.27,0.0,0.0,2.352,0.0,3.18,0.8145,1.0,0.0,0.0,0.0,0.5913,3.0,1.0,1.0,-0.818,0.6426,5.0,0.0,0.5,0.0,0.0,0.0,0.0,0.1776
2.354,2.352,2.355,-0.6035,0.623,0.8105,0.4812,-0.711,0.2812,0.8047,3.404,-0.1692,0.857,0.3862,0.0,0.0,-0.7607,-0.6875,0.5977,0.0,-0.2878,-0.6265,4.4,5.08,0.3145,0.5195,-0.762,-0.1537,1.686,0.4858,0.2773,0.526,0.4324,2.373,2.281,0.0,0.0,2.363,0.0,3.166,0.755,0.0,0.0,0.0,0.0,-0.2927,2.0,0.5,1.0,-0.673,0.49,0.0,1.0,0.5,0.0,0.0,0.0,0.0,-0.0872
2.36,2.357,2.363,-0.4392,0.4395,0.8105,0.4812,-0.721,0.0902,0.756,3.455,-0.3855,0.857,0.3862,0.0,0.0,-0.722,-0.6445,0.574,0.0,-0.2854,-0.8784,3.816,4.906,0.1506,0.5303,-0.7803,-0.2311,1.517,-0.1537,0.3254,0.293,0.0422,2.385,2.295,0.0,0.0,2.371,0.0,3.146,0.6934,0.0,0.0,0.0,0.0,-0.4165,1.0,0.0,1.0,-0.5493,0.275,0.0,2.0,0.5,0.0,0.0,0.0,0.0,-0.12445
2.367,2.365,2.371,-0.441,0.4336,-0.3093,0.4812,-0.818,0.1065,0.7656,3.475,0.2299,0.857,0.3862,0.0,0.0,-0.739,-0.6436,0.587,0.0,-0.2827,-0.9175,3.197,4.688,0.1632,0.5405,-0.3323,0.1265,1.387,-0.2311,0.4856,0.2773,-0.204,2.395,2.305,0.0,0.0,2.379,0.0,3.156,0.4539,0.0,0.0,0.0,0.0,0.1978,1.0,0.5,1.0,-0.5747,0.2432,1.0,0.0,0.5,0.0,0.0,0.0,0.0,0.05933
2.375,2.371,2.377,-0.4185,0.4097,-0.3093,0.4812,-0.88,0.1184,0.767,3.47,0.202,0.857,0.3862,0.0,0.0,-0.7456,-0.639,0.5947,0.0,-0.2803,-0.7485,2.441,4.406,0.172,0.547,0.4558,0.07715,1.173,0.1265,-0.1536,0.3254,-0.3315,2.4,2.318,0.0,0.0,2.387,0.0,3.162,0.2412,0.0,0.0,0.0,0.0,0.1669,1.0,1.0,1.0,-0.5723,0.1996,2.0,0.0,0.5,0.0,0.0,0.0,0.0,0.04996
2.383,2.379,2.385,-0.4807,0.475,-0.3093,0.4812,-0.902,0.2327,0.801,3.463,0.6797,0.857,0.3862,0.0,0.0,-0.775,-0.666,0.6133,1.0,-0.2903,-0.686,1.776,4.043,0.2969,0.539,2.545,0.2732,1.079,0.07715,-0.231,0.4856,-0.908,2.408,2.332,0.0,0.0,2.395,0.0,3.188,0.1729,0.0,0.0,0.0,0.0,0.501,1.0,1.5,1.0,-0.62,0.276,3.0,0.0,0.5,0.0,0.0,0.0,0.0,0.1498
2.383,2.38,2.385,0.1537,-0.1572,-0.3093,0.4812,-0.727,-0.381,0.581,3.408,-1.793,0.7144,0.3862,-1.0,0.0,-0.5796,-0.4905,0.481,0.0,-0.2878,0.845,1.323,3.645,-0.31,0.533,1.871,-1.29,0.9243,0.2732,0.1265,-0.1536,0.526,2.402,2.342,0.0,0.0,2.398,0.0,3.074,-0.4487,0.0,0.0,0.0,0.0,-3.686,1.0,1.0,0.5,0.02815,-0.2922,0.0,1.0,0.5,0.0,0.0,0.0,0.0,-1.097
2.38,2.38,2.385,0.1902,-0.191,-0.3093,0.4812,-0.7134,-0.3972,0.561,3.361,0.2091,0.5713,0.3862,-1.0,0.0,-0.5615,-0.4739,0.4731,0.0,-0.2854,-0.6396,0.9707,3.19,-0.3228,0.528,1.292,-0.07837,0.7344,-1.29,0.07715,-0.231,0.2927,2.393,2.352,0.0,0.0,2.4,0.0,3.066,-0.4028,0.0,0.0,0.0,0.0,-0.2002,1.0,0.5,0.5,0.04752,-0.3418,0.0,2.0,0.5,-1.0,0.0,0.0,0.0,-0.06088
2.379,2.377,2.38,0.3972,-0.3933,-0.3093,0.282,-0.692,-0.596,0.4802,3.312,0.917,0.4285,0.3862,-1.0,0.0,-0.4915,-0.4028,0.4265,0.0,-0.2827,-0.14,0.6973,2.672,-0.522,0.5225,0.664,-0.4639,0.533,-0.07837,0.2732,0.1265,0.277,2.379,2.361,0.0,0.0,2.404,0.0,3.027,-0.4487,0.0,0.0,0.0,0.0,-0.888,0.0,0.0,0.5,0.2151,-0.5713,0.0,3.0,0.5,-1.0,0.0,0.0,0.0,-0.2705
2.387,2.385,2.389,-0.4314,0.4468,-0.3093,0.282,-0.5776,0.2357,0.769,3.365,-1.754,0.4285,0.3862,0.0,0.0,-0.72,-0.6694,0.613,0.0,-0.2803,-0.198,0.5254,2.17,0.2715,0.544,-0.2244,1.87,0.5376,-0.4639,-1.29,0.07715,0.3254,2.383,2.371,0.0,0.0,2.408,0.0,3.186,0.5522,0.0,0.0,0.0,0.0,7.266,0.0,0.0,1.0,-0.4949,0.3337,1.0,0.0,0.5,-1.0,1.0,0.0,3.45,2.63
2.4,2.4,2.4,-0.95,1.0,0.2842,0.282,-0.4878,0.824,0.988,3.45,1.982,0.4285,0.3862,0.0,0.0,-0.884,-0.862,0.6133,1.0,-0.2903,0.874,0.4543,1.64,0.8486,0.4246,-1.137,1.395,0.946,1.87,-0.07837,0.273,0.4856,2.396,2.385,0.0,0.0,2.414,0.0,3.307,0.7427,0.0,0.0,0.0,0.0,5.844,0.0,0.0,1.0,-0.9404,0.927,2.0,0.0,0.5,-1.0,0.0,0.0,0.0,1.739
2.412,2.412,2.412,-0.7593,0.818,0.2842,0.282,-0.5044,0.6455,0.948,3.516,-0.06586,0.4285,0.3862,0.0,0.0,-0.855,-0.8276,0.5947,0.0,-0.2878,-0.627,0.617,1.275,0.579,0.461,-0.4895,-0.184,1.2,1.395,-0.4636,-1.289,-0.1536,2.408,2.395,0.0,0.0,2.42,0.0,3.29,0.606,0.0,0.0,0.0,0.0,-0.5527,0.0,0.0,0.5,-0.771,0.7354,0.0,1.0,0.5,-1.0,0.0,0.0,0.0,-0.1608
2.424,2.426,2.424,-0.8296,0.906,0.2842,0.282,-0.4973,0.7544,1.005,3.586,0.3,0.4285,0.3862,0.0,0.0,-0.898,-0.875,0.6133,1.0,-0.2903,-0.12085,0.8594,1.135,0.668,0.4617,0.315,0.3965,1.504,-0.184,1.869,-0.07837,-0.231,2.422,2.404,0.0,0.0,2.426,0.0,3.324,0.6333,0.0,0.0,0.0,0.0,1.339,1.0,0.5,0.5,-0.8423,0.817,1.0,0.0,0.5,-1.0,0.0,0.0,0.0,0.3906
2.44,2.441,2.436,-0.914,1.014,0.2842,0.282,-0.4749,0.888,1.069,3.658,0.3118,0.4285,0.3862,0.0,0.0,-0.9453,-0.93,0.6133,1.0,-0.2903,-0.3213,1.094,1.111,0.8203,0.4302,0.4917,0.455,1.853,0.3965,1.395,-0.4636,0.1265,2.45,2.414,0.0,0.0,2.434,0.0,3.365,0.662,0.0,0.0,0.0,0.0,0.9536,2.0,0.5,0.5,-0.934,0.9097,2.0,0.0,0.0,-1.0,0.0,0.0,0.0,0.2764
2.451,2.455,2.447,-0.756,0.871,0.2842,0.282,-0.4382,0.7627,1.041,3.705,0.005787,0.4285,0.3862,0.0,0.0,-0.9204,-0.9106,0.603,0.0,-0.2878,-0.4375,1.301,1.148,0.7188,0.4407,0.8467,-0.1011,2.076,0.455,-0.184,1.869,0.0771,2.475,2.424,0.0,0.0,2.441,0.0,3.355,0.518,0.0,0.0,0.0,0.0,-0.2046,1.0,0.0,0.0,-0.7974,0.757,0.0,1.0,0.0,-1.0,0.0,0.0,0.0,-0.05884
2.459,2.465,2.455,-0.49,0.608,0.2842,0.282,-0.44,0.4973,0.9634,3.744,-0.1886,0.4285,0.3862,0.0,0.0,-0.861,-0.8467,0.5625,0.0,-0.2854,-0.769,1.499,1.219,0.4597,0.4531,0.743,-0.3982,2.041,-0.1011,0.3965,1.395,0.273,2.502,2.432,0.0,0.0,2.453,0.0,3.318,0.4158,0.0,0.0,0.0,0.0,-0.9688,0.0,-0.5,0.0,-0.5415,0.5034,0.0,2.0,0.0,-1.0,0.0,0.0,0.0,-0.279
2.467,2.473,2.463,-0.3464,0.4692,0.2842,0.282,-0.3872,0.3464,0.9243,3.787,-0.1271,0.4285,0.3862,0.0,0.0,-0.826,-0.8193,0.545,0.0,-0.2827,-0.2261,1.681,1.296,0.3228,0.464,3.85,-0.1699,2.014,-0.3982,0.4548,-0.184,-1.289,2.514,2.438,0.0,0.0,2.46,0.0,3.303,0.4373,0.0,0.0,0.0,0.0,-0.3672,0.0,-0.5,0.0,-0.4075,0.3652,0.0,3.0,0.0,-1.0,0.0,0.0,0.0,-0.10645
2.477,2.482,2.47,-0.522,0.6567,0.2842,0.282,-0.3462,0.5366,1.004,3.844,0.595,0.4285,0.3862,0.0,0.0,-0.8833,-0.8887,0.6006,0.0,-0.2803,-0.3098,1.843,1.376,0.5425,0.4744,4.586,0.5454,2.068,-0.1699,-0.1011,0.3962,-0.07837,2.518,2.447,0.0,0.0,2.469,0.0,3.352,0.5312,0.0,0.0,0.0,0.0,1.02,0.0,0.0,0.0,-0.5537,0.571,1.0,0.0,0.0,-1.0,0.0,0.0,0.0,0.2964
2.484,2.49,2.479,-0.3796,0.516,0.2842,0.282,-0.3293,0.3835,0.964,3.887,-0.11505,0.4285,0.3862,0.0,0.0,-0.851,-0.8574,0.584,0.0,-0.2778,-0.635,1.974,1.451,0.4163,0.484,5.086,-0.1621,2.092,0.5454,-0.3982,0.4548,-0.4636,2.521,2.455,0.0,0.0,2.477,0.0,3.338,0.4531,0.0,0.0,0.0,0.0,-0.2417,-1.0,0.0,-0.5,-0.4275,0.4238,0.0,1.0,0.0,-1.0,0.0,0.0,0.0,-0.06964
2.486,2.492,2.48,0.04266,0.10004,0.2842,0.282,-0.2048,-0.05753,0.815,3.887,-0.827,0.4285,0.3862,0.0,0.0,-0.7236,-0.744,0.5,0.0,-0.2751,0.4387,2.05,1.511,-0.02252,0.4912,3.148,-0.8193,2.05,-0.1621,-0.1699,-0.1011,1.869,2.516,2.459,0.0,0.0,2.48,0.0,3.264,0.1122,0.0,0.0,0.0,0.0,-2.637,-1.0,-0.5,-1.0,-0.058,-0.01674,0.0,2.0,0.0,-1.0,0.0,0.0,0.0,-0.7617
2.484,2.488,2.48,0.3613,-0.2423,0.2842,0.282,-0.2075,-0.4531,0.689,3.914,-7.39,0.4285,0.3862,-1.0,0.0,-0.622,-0.6357,0.4292,0.0,-0.2727,0.8257,2.06,1.576,-0.4229,0.504,0.3523,-0.7,2.037,-0.8193,0.545,-0.3982,1.394,2.502,2.46,0.0,0.0,2.482,0.0,3.201,0.2983,0.0,0.0,0.0,0.0,-2.518,-1.0,-1.0,-1.0,0.2847,-0.3083,0.0,3.0,0.0,-1.0,0.0,0.0,0.0,-0.738
2.482,2.486,2.479,0.4192,-0.319,0.2842,0.2664,-0.1494,-0.5884,0.6484,3.936,0.5815,0.4285,0.3862,-1.0,0.0,-0.584,-0.606,0.4114,0.0,-0.2703,-0.0676,1.963,1.637,-0.5522,0.513,0.5054,-0.1807,2.02,-0.7,-0.1621,-0.1698,-0.184,2.486,2.463,0.0,0.0,2.482,0.0,3.186,0.2627,0.0,0.0,0.0,0.0,-0.4348,-1.0,-1.0,-1.0,0.3337,-0.39,0.0,4.0,0.0,-0.5,0.0,0.0,0.0,-0.1289
2.469,2.475,2.465,1.26,-1.149,0.2842,-0.686,0.0878,-1.483,0.3413,3.912,2.217,0.4285,0.3862,-1.0,0.0,-0.3015,-0.349,0.227,0.0,-0.2676,0.944,1.653,1.653,-1.403,0.5054,-0.614,-1.854,2.234,-0.1807,-0.8193,0.545,0.3962,2.459,2.46,0.0,0.0,2.479,0.0,3.023,-0.1375,0.0,0.0,0.0,0.0,-5.848,-2.0,-1.5,-1.0,1.12,-1.214,0.0,5.0,0.0,0.0,0.0,0.0,0.0,-1.739
2.465,2.469,2.46,0.6094,-0.4988,0.2842,-0.686,-0.1114,-0.89,0.5234,3.86,-0.3323,0.2856,0.3862,-1.0,0.0,-0.4763,-0.498,0.3447,0.0,-0.2651,-0.2893,1.301,1.648,-0.829,0.504,-2.354,1.223,2.26,-1.854,-0.7,-0.162,0.4548,2.443,2.46,0.0,0.0,2.479,0.0,3.125,-0.3005,0.0,0.0,0.0,0.0,2.643,-1.0,-1.5,-1.0,0.5,-0.5806,1.0,0.0,0.0,0.0,0.0,0.0,0.0,0.811
2.459,2.465,2.455,0.6616,-0.536,0.2842,-0.686,-0.0911,-0.904,0.4841,3.742,0.1622,0.1428,0.3862,-1.0,0.0,-0.441,-0.464,0.3267,0.0,-0.2627,1.122,0.8896,1.594,-0.839,0.487,-2.709,-0.1832,2.31,1.223,-0.1805,-0.8193,-0.101,2.422,2.46,0.0,0.0,2.477,0.0,3.11,-0.8037,0.0,0.0,0.0,0.0,-0.503,-1.0,-1.5,-1.5,0.5425,-0.625,0.0,1.0,0.0,0.0,0.0,0.0,0.0,-0.1512
2.459,2.465,2.453,0.3235,-0.1852,0.2842,-0.686,-0.04657,-0.534,0.5806,3.654,-0.3713,0.0,0.3862,-1.0,0.0,-0.5186,-0.555,0.3933,0.0,-0.26,-0.2515,0.5996,1.499,-0.456,0.4736,-2.424,0.6787,2.316,-0.1832,-1.854,-0.7,-0.3982,2.406,2.465,0.0,0.0,2.477,0.0,3.168,-0.5195,0.0,0.0,0.0,0.0,2.174,0.0,-1.0,-1.0,0.2338,-0.2683,1.0,0.0,0.0,0.0,1.0,0.0,3.95,0.656
2.46,2.467,2.455,-0.01225,0.1497,0.2842,-0.686,-0.05576,-0.1407,0.688,3.58,-0.8867,-0.1428,0.3862,-1.0,0.0,-0.608,-0.6494,0.4668,0.0,-0.2576,0.06836,0.3972,1.35,-0.04947,0.4626,-2.414,0.7407,2.174,0.6787,1.223,-0.1805,-0.1698,2.402,2.469,0.0,0.0,2.48,0.0,3.232,-0.4128,0.0,0.0,0.0,0.0,1.901,1.0,-0.5,-1.0,-0.0667,0.07886,2.0,0.0,0.0,0.0,0.0,0.0,0.0,0.5674
2.457,2.463,2.451,0.6216,-0.482,0.2842,-0.686,0.07935,-0.7075,0.4585,3.44,14.88,-0.2856,0.3862,-1.0,0.0,-0.4038,-0.4568,0.3308,0.0,-0.2551,0.6353,0.2976,1.14,-0.6475,0.45,-3.783,-1.354,2.082,0.7407,-0.1832,-1.853,0.545,2.395,2.469,0.0,0.0,2.482,0.0,3.113,-0.8364,0.0,0.0,0.0,0.0,-2.516,1.0,-1.0,-1.5,0.594,-0.474,0.0,1.0,0.0,0.0,0.0,0.0,0.0,-0.741
2.46,2.467,2.455,-0.1063,0.2468,0.2842,-0.686,0.132,0.0913,0.6953,3.354,-1.336,-0.2856,0.3862,0.0,0.0,-0.597,-0.674,0.4854,0.0,-0.2524,0.527,0.2893,0.8535,0.1389,0.4421,-4.004,1.575,1.775,-1.354,0.6787,1.222,-0.162,2.4,2.473,0.0,0.0,2.49,0.0,3.248,-0.389,0.0,0.0,0.0,0.0,3.77,1.0,-0.5,-1.0,-0.03207,0.3088,1.0,0.0,0.0,0.0,0.0,0.0,0.0,1.137
2.453,2.46,2.447,0.8564,-0.6997,0.2842,-0.686,0.3894,-0.8154,0.3555,3.213,-4.676,-0.4285,0.3862,-1.0,0.0,-0.287,-0.3914,0.281,0.0,-0.25,0.8643,0.4214,0.598,-0.783,0.4268,-2.406,-2.031,1.949,1.575,0.7407,-0.1831,-0.819,2.406,2.47,0.0,0.0,2.486,0.0,3.068,-0.657,0.0,0.0,0.0,0.0,-4.258,1.0,-0.5,-1.0,0.969,-0.521,0.0,1.0,0.0,0.0,0.0,0.0,0.0,-1.251
2.447,2.453,2.44,0.7974,-0.6406,-0.596,-0.686,0.38,-0.7246,0.3452,3.076,0.000594,-0.5713,0.3862,-1.0,0.0,-0.2788,-0.3809,0.281,0.0,-0.2474,-0.2766,0.6577,0.423,-0.7007,0.4092,-1.351,0.0,2.078,-2.031,-1.353,0.678,-0.7,2.4,2.469,0.0,0.0,2.479,0.0,3.068,-0.6323,0.0,0.0,0.0,0.0,0.0,0.0,-0.5,-1.0,0.885,-0.4941,0.0,0.0,0.0,0.0,0.0,0.0,0.0,0.0
2.443,2.45,2.44,0.4624,-0.3325,-0.596,-0.686,0.3477,-0.3457,0.4282,2.94,-0.539,-0.7144,0.3862,-1.0,0.0,-0.354,-0.4548,0.3394,0.0,-0.245,-0.6675,0.921,0.4177,-0.3484,0.3945,-1.282,0.5986,2.11,0.0,1.575,0.7407,-0.1805,2.402,2.469,0.0,0.0,2.475,0.0,3.12,-0.626,0.0,0.0,0.0,0.0,1.709,0.0,0.0,-1.0,0.6035,-0.1534,1.0,0.0,0.0,0.0,0.0,0.0,0.0,0.5195
2.443,2.447,2.441,0.1802,-0.08093,-0.596,-0.686,0.3655,-0.01018,0.5044,2.832,-1.453,-0.7144,0.3862,0.0,0.0,-0.4172,-0.5264,0.3933,0.0,-0.2424,-0.684,1.136,0.492,-0.0508,0.3877,2.547,0.5503,2.04,0.5986,-2.03,-1.353,-1.853,2.402,2.469,0.0,0.0,2.469,0.0,3.166,-0.483,0.0,0.0,0.0,0.0,1.256,1.0,0.5,-0.5,0.3354,0.0915,2.0,0.0,0.0,0.0,1.0,0.0,1.531,0.378
2.44,2.443,2.438,0.4924,-0.4143,-0.596,-0.686,0.3518,-0.2986,0.381,2.732,-2.871,-0.857,0.3862,-1.0,0.0,-0.3127,-0.4116,0.3225,0.0,-0.2399,0.01971,1.33,0.6235,-0.3342,0.3745,0.3599,-0.713,1.919,0.5503,0.0,1.574,1.222,2.39,2.467,0.0,0.0,2.46,0.0,3.104,-0.4624,0.0,0.0,0.0,0.0,-1.191,0.0,0.0,-0.5,0.641,-0.225,0.0,1.0,0.0,0.0,0.0,0.0,0.0,-0.3552
2.44,2.441,2.438,0.3445,-0.2786,-0.596,-0.686,0.2102,-0.1455,0.412,2.672,-0.7725,-0.857,0.3862,-1.0,0.0,-0.3523,-0.427,0.3477,0.0,-0.2374,-0.6216,1.461,0.782,-0.1533,0.3623,0.7017,0.2546,1.749,-0.713,0.598,-2.03,-0.1831,2.39,2.467,0.0,0.0,2.453,0.0,3.125,-0.2932,0.0,0.0,0.0,0.0,0.493,1.0,0.5,0.0,0.511,-0.0812,1.0,0.0,0.0,0.0,0.0,0.0,0.0,0.1488
2.436,2.438,2.434,0.4966,-0.4329,-0.596,-0.686,0.242,-0.293,0.3447,2.605,5.473,-0.857,0.3862,-1.0,0.0,-0.2908,-0.367,0.3108,0.0,-0.2349,0.1561,1.477,0.93,-0.3103,0.3572,-0.692,-0.3733,1.648,0.2546,0.5503,0.0,0.678,2.377,2.465,0.0,0.0,2.445,0.0,3.094,-0.3257,0.0,0.0,0.0,0.0,-0.5977,1.0,0.0,0.0,0.577,-0.317,0.0,1.0,0.0,0.0,0.0,0.0,0.0,-0.1796
2.422,2.426,2.42,1.275,-1.193,-0.596,-0.686,0.2751,-1.106,0.06696,2.549,5.164,-0.857,0.3862,-1.0,0.0,-0.03668,-0.1016,0.1418,0.0,-0.2323,1.401,1.453,1.064,-1.113,0.3508,-2.459,-1.7295,1.844,-0.3733,-0.713,0.598,0.7407,2.365,2.463,0.0,0.0,2.436,0.0,2.943,-0.2993,0.0,0.0,0.0,0.0,-5.344,0.0,-0.5,0.0,1.333,-1.043,0.0,2.0,0.0,0.0,0.0,0.0,0.0,-1.616
2.416,2.42,2.412,0.7847,-0.6914,-0.596,-0.686,0.2009,-0.653,0.1918,2.479,-0.3591,-0.857,0.3862,-1.0,0.0,-0.158,-0.2172,0.2242,0.0,-0.2299,-0.3135,1.354,1.177,-0.6772,0.3445,-0.2244,0.8687,1.647,-1.7295,0.2546,0.55,-1.353,2.361,2.46,0.0,0.0,2.424,0.0,3.016,-0.3733,0.0,0.0,0.0,0.0,1.473,0.0,0.0,0.0,0.901,-0.514,1.0,0.0,0.0,0.0,0.0,0.0,0.0,0.4587
2.412,2.414,2.408,0.555,-0.4668,-0.596,-0.686,0.04895,-0.446,0.2439,2.432,-0.279,-0.857,0.3862,-1.0,0.0,-0.2185,-0.253,0.261,0.0,-0.2273,-0.494,1.241,1.25,-0.4915,0.3435,-3.795,0.3813,1.348,0.8687,-0.3733,-0.713,1.574,2.355,2.463,0.0,0.0,2.414,0.0,3.049,-0.2642,0.0,0.0,0.0,0.0,0.903,1.0,0.0,0.5,0.6714,-0.308,2.0,0.0,0.0,0.0,1.0,0.0,1.987,0.277
2.41,2.412,2.408,0.3376,-0.2537,-0.553,-0.686,-0.005024,-0.2153,0.3003,2.373,-0.6216,-0.857,0.3862,-1.0,0.0,-0.2737,-0.3015,0.3005,0.0,-0.2247,-0.29,1.142,1.306,-0.2457,0.333,0.1382,0.4075,1.167,0.3813,-1.7295,0.2546,-2.03,2.348,2.46,0.0,0.0,2.408,0.0,3.082,-0.3203,0.0,0.0,0.0,0.0,0.7793,1.0,0.5,0.5,0.45,-0.11554,3.0,0.0,0.0,0.0,0.0,0.0,0.0,0.2378
2.41,2.412,2.41,0.126,-0.06155,-0.3313,-0.686,-0.08093,0.03784,0.3594,2.3,-2.629,-0.7144,0.3862,0.0,0.0,-0.3325,-0.3499,0.342,0.0,-0.2222,-0.8296,1.042,1.321,0.007202,0.3232,0.18,0.426,1.093,0.4075,0.8687,-0.3733,0.0,2.35,2.457,0.0,0.0,2.406,0.0,3.12,-0.3904,0.0,0.0,0.0,0.0,0.793,2.0,1.0,0.5,0.2094,0.0284,4.0,0.0,0.0,0.0,1.0,0.0,2.12,0.2402
2.414,2.414,2.412,-0.02484,0.08594,-0.1476,-0.686,-0.2014,0.1951,0.4058,2.291,1.2705,-0.5713,0.3862,0.0,0.0,-0.3835,-0.3813,0.3767,0.0,-0.2197,-0.503,0.9126,1.268,0.1785,0.3232,-0.9463,0.3525,1.057,0.426,0.3813,-1.729,0.598,2.352,2.453,0.0,0.0,2.406,0.0,3.148,-0.0355,0.0,0.0,0.0,0.0,0.6377,3.0,1.0,1.0,0.004986,0.106,5.0,0.0,0.0,0.0,0.0,0.0,0.0,0.1919
2.41,2.41,2.412,0.3752,-0.3452,-0.1476,0.1428,-0.2067,-0.1726,0.2578,2.186,-1.157,-0.7144,0.3862,-1.0,0.0,-0.254,-0.2417,0.2893,0.0,-0.2172,-0.11554,0.7793,1.215,-0.1917,0.3103,-2.033,-0.8833,0.9893,0.3525,0.4075,0.868,0.55,2.35,2.45,0.0,0.0,2.408,0.0,3.072,-0.606,0.0,0.0,0.0,0.0,-1.799,2.0,0.5,0.5,0.3328,-0.3728,0.0,1.0,0.0,0.0,0.0,0.0,0.0,-0.538
2.41,2.408,2.41,0.3008,-0.2798,-0.1476,0.1428,-0.3855,-0.12384,0.2666,2.166,-0.7876,-0.7144,0.3862,-1.0,0.0,-0.2778,-0.233,0.3005,0.0,-0.2146,-0.5576,0.6465,1.116,-0.125,0.3079,-0.731,0.11383,0.992,-0.8833,0.426,0.381,-0.7124,2.363,2.441,0.0,0.0,2.406,0.0,3.082,-0.0791,0.0,0.0,0.0,0.0,0.2067,2.0,1.0,1.0,0.2732,-0.2969,1.0,0.0,0.0,0.0,0.0,0.0,0.0,0.06274
2.414,2.414,2.414,-0.2249,0.2634,-0.1476,0.1428,-0.3564,0.4116,0.4426,2.19,-17.1,-0.5713,0.3862,0.0,0.0,-0.4292,-0.4006,0.4167,0.0,-0.2122,0.06223,0.504,1.001,0.4143,0.316,-1.318,1.193,1.055,0.11383,0.3525,0.4075,0.2546,2.379,2.44,0.0,0.0,2.408,0.0,3.184,0.216,0.0,0.0,0.0,0.0,2.572,2.0,1.0,1.5,-0.1976,0.2651,2.0,0.0,0.0,0.0,0.0,0.0,0.0,0.78
2.42,2.42,2.42,-0.2258,0.2712,-0.1476,0.1428,-0.3848,0.4285,0.4495,2.197,0.178,-0.4285,0.3862,0.0,0.0,-0.4377,-0.4043,0.4265,0.0,-0.2096,-0.66,0.3618,0.8687,0.4302,0.3225,-0.3743,0.0975,1.095,1.193,-0.883,0.4258,-0.373,2.39,2.436,0.0,0.0,2.41,0.0,3.191,0.1033,0.0,0.0,0.0,0.0,0.2191,2.0,1.5,1.5,-0.2256,0.2434,3.0,0.0,0.0,0.0,0.0,0.0,0.0,0.06506
2.416,2.418,2.416,0.3772,-0.3352,-0.1476,0.1428,-0.2467,-0.1705,0.241,2.135,-1.065,-0.5713,0.3862,-1.0,0.0,-0.2424,-0.2218,0.3005,0.0,-0.207,1.009,0.2096,0.732,-0.1718,0.3176,3.531,-1.265,0.9478,0.0975,0.11383,0.3523,-1.729,2.39,2.432,0.0,0.0,2.404,0.0,3.082,-0.3728,0.0,0.0,0.0,0.0,-2.844,1.0,1.5,1.0,0.3713,-0.3228,0.0,1.0,0.0,0.0,0.0,0.0,0.0,-0.8433
2.41,2.412,2.41,0.6885,-0.6353,-0.1476,0.1428,-0.08136,-0.489,0.1216,2.072,6.453,-0.5713,0.3862,-1.0,0.0,-0.11914,-0.1216,0.2305,0.0,-0.2046,0.9424,0.1346,0.6177,-0.4495,0.303,2.092,-0.7173,1.014,-1.265,1.192,-0.883,0.868,2.383,2.424,0.0,0.0,2.402,0.0,3.02,-0.371,0.0,0.0,0.0,0.0,-1.993,1.0,1.0,1.0,0.6836,-0.5977,0.0,2.0,0.0,0.0,0.0,1.0,-3.725,-0.604
2.41,2.412,2.41,0.2272,-0.1632,-0.1476,0.1428,0.01158,-0.0236,0.256,2.031,-1.223,-0.4285,0.3862,0.0,0.0,-0.2328,-0.261,0.3213,0.0,-0.202,0.7627,0.10333,0.488,0.02556,0.298,1.312,0.9414,0.764,-0.7173,0.0975,0.1138,0.381,2.379,2.42,0.0,0.0,2.396,0.0,3.1,-0.1996,0.0,0.0,0.0,0.0,2.053,1.0,1.0,1.0,0.2742,-0.105,1.0,0.0,0.0,0.0,0.0,0.0,0.0,0.63
2.412,2.414,2.412,0.010315,0.0577,-0.1476,0.1428,-0.02165,0.1956,0.3215,2.021,2.77,-0.2856,0.3862,0.0,0.0,-0.294,-0.32,0.3691,0.0,-0.1995,-0.4167,0.03693,0.3564,0.2439,0.3022,0.5874,0.4883,0.784,0.9414,-1.265,1.192,0.4072,2.385,2.418,0.0,0.0,2.4,0.0,3.14,-0.001683,0.0,0.0,0.0,0.0,0.853,1.0,1.0,1.5,0.00365,0.0408,2.0,0.0,0.0,0.0,1.0,0.0,3.6,0.2576
2.41,2.41,2.412,0.3037,-0.2725,-0.1476,0.1428,-0.1304,-0.1896,0.2094,2.055,-1.217,-0.2856,0.3862,-1.0,0.0,-0.2036,-0.2025,0.304,0.0,-0.197,-0.0329,-0.05942,0.2277,-0.1481,0.3162,-0.163,-0.6597,0.775,0.4883,-0.7173,0.0974,0.4258,2.385,2.414,0.0,0.0,2.4,0.0,3.084,0.2866,0.0,0.0,0.0,0.0,-1.2,0.0,0.5,1.5,0.287,-0.2776,0.0,1.0,0.0,0.0,0.0,0.0,0.0,-0.3596
2.406,2.406,2.406,0.58,-0.554,-0.1476,0.1428,-0.11066,-0.511,0.1017,2.035,4.887,-0.2856,0.3862,-1.0,0.0,-0.1034,-0.0991,0.2408,0.0,-0.1945,-0.587,-0.145,0.11566,-0.472,0.3186,-0.9946,-0.646,0.8164,-0.6597,0.9414,-1.265,0.3523,2.371,2.412,0.0,0.0,2.398,0.0,3.027,-0.09296,0.0,0.0,0.0,0.0,-1.276,0.0,0.0,1.0,0.5635,-0.5376,0.0,2.0,0.0,0.0,0.0,0.0,0.0,-0.3867
2.402,2.402,2.404,0.4714,-0.443,-0.1476,0.1428,-0.09766,-0.4333,0.1195,2.014,-0.0732,-0.2856,0.3862,-1.0,0.0,-0.1187,-0.118,0.256,0.0,-0.1919,-0.1946,-0.2532,-0.004066,-0.4028,0.32,0.5996,0.1578,0.774,-0.646,0.488,-0.717,-0.883,2.357,2.412,0.0,0.0,2.395,0.0,3.041,-0.1508,0.0,0.0,0.0,0.0,0.2769,1.0,0.5,1.0,0.4478,-0.4426,1.0,0.0,0.0,0.0,0.0,0.0,0.0,0.0847
2.4,2.4,2.4,0.4258,-0.3933,-0.1476,0.1428,-0.0896,-0.3982,0.12,1.978,0.02206,-0.2856,0.3862,-1.0,0.0,-0.1184,-0.11926,0.2603,0.0,-0.1895,-0.1763,-0.308,-0.1005,-0.3809,0.3196,0.2878,0.04294,0.7866,0.1578,-0.6597,0.941,0.1138,2.354,2.41,0.0,0.0,2.393,0.0,3.045,-0.253,0.0,0.0,0.0,0.0,0.05838,1.0,0.5,1.0,0.3833,-0.417,2.0,0.0,0.0,0.0,0.0,0.0,0.0,0.01782
2.395,2.396,2.396,0.5366,-0.4983,-0.1476,0.1428,-0.05774,-0.502,0.0699,1.917,0.544,-0.4285,0.3862,-1.0,0.0,-0.06915,-0.07263,0.2319,0.0,-0.1869,-0.3247,-0.3252,-0.169,-0.4944,0.314,-2.316,-0.2932,0.804,0.04294,-0.6455,0.488,1.192,2.354,2.408,0.0,0.0,2.389,0.0,3.02,-0.459,0.0,0.0,0.0,0.0,-0.489,0.0,0.0,0.5,0.4817,-0.527,0.0,1.0,0.0,0.0,0.0,0.0,0.0,-0.1492
2.393,2.393,2.393,0.3894,-0.352,-0.1476,0.1428,-0.0642,-0.3372,0.10266,1.852,-0.3242,-0.5713,0.3862,-1.0,0.0,-0.10016,-0.10455,0.256,0.0,-0.1843,-0.464,-0.3271,-0.2234,-0.3203,0.3027,-2.926,0.2515,0.8145,-0.2932,0.1578,-0.6597,0.0974,2.348,2.406,0.0,0.0,2.387,0.0,3.041,-0.4941,0.0,0.0,0.0,0.0,0.8774,1.0,0.0,0.5,0.3103,-0.4185,1.0,0.0,0.0,0.0,0.0,0.0,0.0,0.269
2.389,2.389,2.389,0.5024,-0.4688,-0.1476,0.2048,-0.181,-0.4612,0.05008,1.805,0.757,-0.5713,0.3862,-1.0,0.0,-0.06174,-0.04108,0.227,0.0,-0.1818,-0.8657,-0.306,-0.2703,-0.4578,0.3013,-0.5674,-0.3005,0.6367,0.2515,0.0429,-0.6455,-1.265,2.338,2.402,0.0,0.0,2.39,0.0,3.014,-0.3374,0.0,0.0,0.0,0.0,-0.3367,1.0,0.0,0.5,0.428,-0.521,0.0,1.0,0.0,0.0,0.0,0.0,0.0,-0.1028
2.383,2.385,2.383,0.713,-0.665,-0.1476,0.2048,-0.08765,-0.669,-0.0347,1.735,0.801,-0.5713,0.3862,-1.0,0.0,0.02666,0.0356,0.1771,0.0,-0.1793,0.33,-0.264,-0.298,-0.6777,0.2954,0.7866,-0.5176,0.7236,-0.3005,-0.2932,0.1577,-0.717,2.326,2.398,0.0,0.0,2.389,0.0,2.97,-0.512,0.0,0.0,0.0,0.0,-0.8926,0.0,0.0,0.0,0.5825,-0.7617,0.0,2.0,0.0,0.0,0.0,0.0,0.0,-0.274
2.379,2.379,2.379,0.518,-0.4849,-0.1476,0.2048,-0.1831,-0.4473,0.003683,1.628,-0.2961,-0.7144,0.3862,-1.0,0.0,-0.0183,0.00578,0.2063,0.0,-0.1768,-0.514,-0.1593,-0.2974,-0.4692,0.282,-1.291,0.3047,0.784,-0.5176,0.2515,0.0429,0.941,2.324,2.393,0.0,0.0,2.387,0.0,2.996,-0.863,0.0,0.0,0.0,0.0,0.4126,0.0,0.0,0.0,0.4182,-0.5635,1.0,0.0,0.0,0.0,0.0,0.0,0.0,0.1278
2.375,2.373,2.377,0.5405,-0.5273,-0.1476,0.2048,-0.1388,-0.4336,-0.02481,1.513,0.0981,-0.857,0.3862,-1.0,0.0,0.01268,0.03044,0.1924,0.0,-0.1742,-0.1808,0.006954,-0.2064,-0.4543,0.2644,-2.574,-0.1443,0.8657,0.3047,-0.3005,-0.293,0.488,2.318,2.39,0.0,0.0,2.383,0.0,2.984,-0.9385,0.0,0.0,0.0,0.0,-0.2296,0.0,-0.5,-0.5,0.3877,-0.6616,0.0,1.0,0.0,0.0,0.0,0.0,0.0,-0.0707
2.367,2.367,2.37,0.7773,-0.758,-0.1476,0.2048,-0.176,-0.663,-0.11975,1.429,0.9326,-0.857,0.3862,-1.0,0.0,0.1006,0.1316,0.1356,0.0,-0.1718,0.4512,0.2083,-0.0728,-0.673,0.2507,-1.547,-0.5933,1.011,-0.1443,-0.5176,0.2515,-0.659,2.309,2.389,0.0,0.0,2.377,0.0,2.934,-0.768,0.0,0.0,0.0,0.0,-0.979,-1.0,-0.5,-0.5,0.599,-0.9014,0.0,2.0,0.0,0.0,0.0,0.0,0.0,-0.3022
2.367,2.367,2.37,0.1282,-0.10486,-0.6724,0.2048,-0.272,-0.03073,0.07294,1.42,-1.123,-0.7144,0.3862,0.0,0.0,-0.0912,-0.05518,0.2625,0.0,-0.1692,0.679,0.3225,-0.006374,-0.0687,0.2573,-0.548,1.337,0.924,-0.5933,0.3047,-0.3003,-0.6455,2.31,2.387,0.0,0.0,2.375,0.0,3.045,-0.02634,0.0,0.0,0.0,0.0,2.793,0.0,0.0,0.0,0.011,-0.2328,1.0,0.0,0.0,0.0,0.0,0.0,0.0,0.8706
2.361,2.361,2.363,0.7256,-0.701,-0.6724,0.2048,-0.1725,-0.608,-0.1315,1.328,-7.36,-0.857,0.3862,-1.0,0.0,0.1123,0.1434,0.1356,0.0,-0.1666,1.513,0.4395,0.0743,-0.6753,0.2512,-0.831,-1.308,1.058,1.337,-0.1443,-0.5176,0.1577,2.303,2.383,0.0,0.0,2.371,0.0,2.934,-0.751,0.0,0.0,0.0,0.0,-2.854,0.0,-0.5,-0.5,0.613,-0.7783,0.0,1.0,0.0,0.0,0.0,0.0,0.0,-0.8706
2.348,2.35,2.346,1.476,-1.417,-0.6724,-0.316,0.02524,-1.285,-0.3872,1.157,1.649,-1.0,0.3862,-1.0,0.0,0.3865,0.399,-0.02438,0.0,-0.1642,1.376,0.7134,0.2607,-1.317,0.2169,-1.182,-1.688,1.575,-1.308,-0.5933,0.3044,0.0429,2.281,2.375,0.0,0.0,2.361,0.0,2.793,-1.253,0.0,1.0,0.0,0.0,-4.504,-1.0,-1.0,-1.0,1.3545,-1.445,0.0,2.0,0.0,0.0,0.0,1.0,-3.82,-1.404
2.34,2.342,2.338,0.8325,-0.7617,-0.6724,-0.316,0.0651,-0.66,-0.2263,1.048,-0.4429,-1.0,0.3862,-1.0,0.0,0.2269,0.2206,0.0823,0.0,-0.1616,0.906,0.989,0.4678,-0.678,0.1959,-1.184,1.158,1.527,-1.688,1.337,-0.1443,-0.293,2.273,2.371,0.0,0.0,2.352,0.0,2.885,-0.735,0.0,0.0,0.0,0.0,2.143,0.0,-0.5,-0.5,0.771,-0.775,1.0,0.0,0.0,0.0,0.0,0.0,0.0,0.687
2.336,2.34,2.334,0.4683,-0.3953,-0.46,-0.316,0.04266,-0.2988,-0.1332,0.988,-0.584,-1.0,0.3862,-1.0,0.0,0.1332,0.12463,0.146,0.0,-0.159,-0.4258,1.185,0.6313,-0.3179,0.1882,-2.031,0.6787,1.293,1.158,-1.308,-0.5933,0.2515,2.27,2.367,0.0,0.0,2.344,0.0,2.941,-0.393,0.0,0.0,0.0,0.0,1.097,1.0,-0.5,0.0,0.455,-0.3838,2.0,0.0,0.0,0.0,1.0,0.0,4.086,0.3452
2.33,2.332,2.328,0.756,-0.6846,-0.46,-0.316,0.04294,-0.573,-0.2429,0.8955,1.781,-1.0,0.3862,-1.0,0.0,0.2415,0.2404,0.0802,0.0,-0.1566,-0.4336,1.327,0.7856,-0.6016,0.178,-1.64,-0.693,1.353,0.6787,-1.6875,1.337,-0.3003,2.26,2.367,0.0,0.0,2.338,0.0,2.883,-0.584,0.0,0.0,0.0,0.0,-0.8926,0.0,-0.5,-0.5,0.761,-0.6304,0.0,1.0,0.0,0.0,0.0,0.0,0.0,-0.2778
2.314,2.32,2.31,1.596,-1.481,-0.46,-0.316,0.2206,-1.35,-0.5225,0.7363,2.002,-1.0,0.3762,-1.0,-1.0,0.546,0.5317,-0.09503,0.0,-0.154,0.6646,1.517,1.006,-1.359,0.1499,-0.879,-1.867,1.858,-0.693,1.158,-1.308,-0.5176,2.242,2.361,0.0,0.0,2.328,0.0,2.729,-0.8936,0.0,0.0,0.0,0.0,-5.27,0.0,-0.5,-1.0,1.618,-1.344,0.0,2.0,0.0,0.0,0.0,1.0,-3.82,-1.659
2.305,2.31,2.299,1.126,-0.996,-0.46,-0.316,0.2063,-0.9023,-0.4219,0.611,-0.2544,-1.0,0.3762,-1.0,0.0,0.4385,0.42,-0.02646,0.0,-0.1515,-0.495,1.706,1.237,-0.914,0.1302,-2.098,0.754,1.978,-1.867,0.6787,-1.6875,0.3044,2.219,2.355,0.0,0.0,2.318,0.0,2.79,-0.667,0.0,0.0,0.0,0.0,1.3955,1.0,-0.5,-0.5,1.194,-0.8447,1.0,0.0,0.0,0.0,0.0,0.0,0.0,0.4534
2.299,2.303,2.293,0.821,-0.692,-0.46,-0.316,0.2225,-0.586,-0.3606,0.4893,-0.298,-1.0,0.3762,-1.0,0.0,0.3767,0.3506,0.01787,0.0,-0.149,-0.0409,1.957,1.494,-0.549,0.1021,-2.3,0.4814,1.86,0.754,-0.693,1.157,-0.1443,2.209,2.35,0.0,0.0,2.309,0.0,2.828,-0.617,0.0,0.0,0.0,0.0,1.145,1.0,0.0,-0.5,0.9165,-0.534,2.0,0.0,0.0,0.0,0.0,0.0,0.0,0.3672
2.29,2.295,2.285,0.941,-0.8047,-0.46,-0.316,0.344,-0.68,-0.4211,0.374,0.3635,-1.0,0.3762,-1.0,0.0,0.4502,0.406,-0.01746,0.0,-0.1465,0.362,2.12,1.696,-0.671,0.08997,-1.45,-0.3806,1.867,0.4814,-1.866,0.678,-0.593,2.209,2.344,0.0,0.0,2.299,0.0,2.797,-0.627,0.0,0.0,0.0,0.0,-0.793,0.0,0.0,-0.5,1.02,-0.6562,0.0,1.0,0.0,0.0,0.0,0.0,0.0,-0.2524
2.283,2.29,2.28,0.804,-0.6753,-0.46,-0.316,0.245,-0.545,-0.4058,0.285,-0.11957,-1.0,0.3762,-1.0,0.0,0.425,0.3982,-0.004303,0.0,-0.1439,-0.66,2.229,1.868,-0.531,0.0754,-4.523,0.1427,1.901,-0.3806,0.754,-0.693,1.337,2.203,2.336,0.0,0.0,2.293,0.0,2.809,-0.513,0.0,0.0,0.0,0.0,0.2825,1.0,0.0,0.0,0.8867,-0.534,1.0,0.0,0.0,0.0,0.0,0.0,0.0,0.0905
2.285,2.291,2.281,0.04077,0.09924,-0.46,-0.316,0.3584,0.2603,-0.1785,0.2401,-1.911,-0.857,0.3762,0.0,0.0,0.2058,0.1418,0.1453,0.0,-0.1414,0.5757,2.244,1.966,0.2384,0.07623,-2.357,1.618,1.806,0.1427,0.4814,-1.866,-1.308,2.203,2.332,0.0,0.0,2.29,0.0,2.94,-0.251,0.0,0.0,0.0,0.0,4.883,2.0,0.5,0.0,0.2352,0.3035,2.0,0.0,0.0,0.0,1.0,0.0,3.223,1.561
2.287,2.293,2.281,0.1284,0.0222,-0.46,-0.316,0.6055,0.2108,-0.2053,0.198,-0.001522,-0.7144,0.3762,0.0,0.0,0.2544,0.1466,0.1315,0.0,-0.1389,2.54,2.201,1.998,0.1545,0.0787,1.124,-0.1459,1.688,1.618,-0.3806,0.754,-1.6875,2.207,2.33,0.0,0.0,2.285,0.0,2.926,-0.251,0.0,0.0,0.0,0.0,-0.753,1.0,0.5,0.0,0.289,0.1965,0.0,1.0,0.0,0.0,0.0,0.0,0.0,-0.2344
2.29,2.297,2.283,-0.05273,0.2067,-0.46,-0.316,0.5522,0.414,-0.1478,0.1882,0.8276,-0.5713,0.3762,0.0,0.0,0.1931,0.0911,0.173,0.0,-0.1364,0.0579,2.111,1.985,0.3625,0.07996,-0.846,0.4387,1.625,-0.1459,0.1427,0.4812,1.157,2.229,2.324,0.0,0.0,2.283,0.0,2.963,-0.06696,0.0,0.0,0.0,0.0,0.8804,1.0,0.5,0.5,0.069,0.3245,1.0,0.0,0.0,0.0,0.0,0.0,0.0,0.2747
2.295,2.299,2.291,-0.1682,0.2969,-0.46,-0.316,0.4304,0.586,-0.1129,0.1326,0.4993,-0.5713,0.3762,0.0,0.0,0.1482,0.06647,0.2014,0.0,-0.1338,-0.1827,1.875,1.951,0.517,0.07837,-2.027,0.2976,1.546,0.4387,1.618,-0.3804,0.678,2.246,2.32,0.0,0.0,2.281,0.0,2.988,-0.2627,0.0,0.0,0.0,0.0,0.7524,2.0,0.5,0.5,-0.08264,0.3662,2.0,0.0,0.0,0.0,0.0,0.0,0.0,0.233
2.295,2.299,2.291,0.2288,-0.11255,-0.46,-0.316,0.3557,0.1775,-0.243,0.1015,-0.496,-0.4285,0.3762,0.0,0.0,0.2695,0.2106,0.12244,0.0,-0.1313,0.2979,1.531,1.872,0.11755,0.0768,-0.485,-0.823,1.453,0.2976,-0.1459,0.1427,-0.6924,2.254,2.316,0.0,0.0,2.28,0.0,2.918,-0.1658,0.0,0.0,0.0,0.0,-2.2,1.0,0.5,0.5,0.2522,-0.0797,0.0,1.0,0.0,0.0,0.0,0.0,0.0,-0.6777
2.291,2.295,2.287,0.585,-0.4866,-0.46,-0.316,0.2737,-0.2515,-0.3687,0.10724,-1.465,-0.4285,0.3762,-1.0,0.0,0.3894,0.3545,0.04556,0.0,-0.1288,0.3418,1.253,1.745,-0.3118,0.0831,3.396,-0.813,1.432,-0.823,0.4387,1.618,-1.866,2.26,2.314,0.0,0.0,2.275,0.0,2.85,0.02592,0.0,0.0,0.0,0.0,-1.859,0.0,0.5,0.5,0.5796,-0.4575,0.0,2.0,0.0,0.0,0.0,0.0,0.0,-0.581
2.29,2.293,2.287,0.3047,-0.2115,-0.46,-0.316,0.15,0.00812,-0.2974,0.08795,-1.946,-0.2856,0.3762,0.0,0.0,0.3057,0.2886,0.0961,0.0,-0.1262,-0.2583,0.992,1.6,-0.06616,0.08624,2.217,0.542,1.347,-0.813,0.2976,-0.1459,0.754,2.268,2.309,0.0,0.0,2.271,0.0,2.895,-0.10315,0.0,0.0,0.0,0.0,1.105,1.0,0.5,0.5,0.3115,-0.191,1.0,0.0,0.0,0.0,0.0,0.0,0.0,0.3503
2.29,2.291,2.285,0.2627,-0.1754,-0.46,-0.316,0.115,0.05716,-0.2942,0.04797,0.579,-0.1428,0.3762,0.0,0.0,0.2993,0.2886,0.10236,0.0,-0.1237,-0.5664,0.669,1.456,-0.03114,0.08563,1.523,0.0662,1.272,0.542,-0.823,0.4385,0.4812,2.264,2.305,0.0,0.0,2.27,0.0,2.9,-0.253,0.0,0.0,0.0,0.0,0.1415,1.0,0.5,0.5,0.2418,-0.1884,2.0,0.0,0.0,0.0,0.0,0.0,0.0,0.04443
2.29,2.291,2.287,0.1635,-0.0741,-0.46,-0.316,0.096,0.1464,-0.27,0.04062,0.711,0.0,0.3762,0.0,0.0,0.2732,0.2642,0.12244,0.0,-0.1212,-0.5596,0.262,1.305,0.06433,0.0873,2.47,0.2131,1.265,0.0662,-0.813,0.2976,-0.3804,2.264,2.3,0.0,0.0,2.27,0.0,2.916,-0.01921,0.0,0.0,0.0,0.0,0.4968,1.0,1.0,1.0,0.0617,-0.1826,3.0,0.0,0.0,0.0,0.0,0.0,0.0,0.1558
2.293,2.295,2.291,-0.1675,0.2356,-0.46,-0.316,-0.04163,0.403,-0.1691,0.1284,1.22,0.1428,0.3762,0.0,0.0,0.1608,0.1702,0.1924,0.0,-0.1187,-0.3364,-0.02882,1.064,0.3372,0.10455,2.488,0.7397,1.117,0.2131,0.542,-0.823,0.1426,2.266,2.3,0.0,0.0,2.268,0.0,2.979,0.7886,1.0,0.0,0.0,0.0,1.693,2.0,1.0,1.5,-0.2378,0.1356,4.0,0.0,0.0,0.0,0.0,0.0,0.0,0.5293
2.299,2.303,2.299,-0.3784,0.4531,-0.3057,-0.316,-0.0363,0.584,-0.09283,0.2072,0.526,0.2856,0.3762,0.0,0.0,0.08704,0.09033,0.2471,0.0,-0.11615,0.087,-0.1129,0.7734,0.5376,0.12036,-0.3218,0.572,1.29,0.7397,0.0662,-0.8125,1.617,2.27,2.3,0.0,0.0,2.27,0.0,3.025,0.7617,1.0,0.0,0.0,0.0,1.281,3.0,1.0,1.5,-0.433,0.3535,5.0,0.0,0.0,-1.0,0.0,0.0,0.0,0.3958
2.309,2.31,2.307,-0.4915,0.5776,-0.0965,-0.092,-0.0665,0.6836,-0.04053,0.2869,0.2988,0.4285,0.3762,0.0,0.0,0.0341,0.03952,0.286,0.0,-0.11365,-0.2966,0.09863,0.5737,0.656,0.1362,0.1981,0.4014,1.44,0.572,0.2131,0.542,-0.1459,2.281,2.3,0.0,0.0,2.28,0.0,3.06,0.751,0.0,0.0,0.0,0.0,0.696,3.0,1.5,1.5,-0.5435,0.4727,5.734,0.0,0.5,-1.0,0.0,0.0,0.0,0.2128
2.314,2.316,2.312,-0.3076,0.3813,-0.0965,-0.092,-0.0872,0.436,-0.09094,0.3691,-0.1968,0.5713,0.3762,0.0,0.0,0.0807,0.09326,0.2583,0.0,-0.1111,-0.06033,0.3625,0.4482,0.4355,0.1516,-0.3667,-0.2847,1.58,0.4014,0.7397,0.0662,0.4385,2.299,2.3,0.0,0.0,2.285,0.0,3.035,0.7866,1.0,0.0,0.0,0.0,-0.649,2.0,1.0,1.5,-0.3584,0.2917,0.0,1.0,0.5,-1.0,0.0,0.0,0.0,-0.1971
2.316,2.316,2.314,0.03032,0.0235,-0.0965,-0.092,0.01385,0.02368,-0.1991,0.4233,-0.6777,0.7144,0.3762,0.0,0.0,0.1953,0.1967,0.1924,0.0,-0.1086,0.1989,0.6094,0.3755,0.02538,0.1665,-0.797,-0.6797,1.612,-0.2847,0.5713,0.2131,0.2976,2.307,2.299,0.0,0.0,2.285,0.0,2.977,0.4739,0.0,0.0,0.0,0.0,-1.71,1.0,0.5,1.0,-0.07874,-0.1033,0.0,2.0,0.5,-1.0,0.0,0.0,0.0,-0.522
2.316,2.316,2.316,0.1807,-0.1384,-0.0965,-0.092,-0.1444,-0.1393,-0.252,0.4094,-1.145,0.5713,0.3762,-1.0,0.0,0.2338,0.268,0.162,0.0,-0.1061,-0.4675,0.7886,0.3516,-0.1515,0.1709,0.8916,-0.3184,1.618,-0.6797,0.4011,0.7393,-0.823,2.312,2.299,0.0,0.0,2.287,0.0,2.95,-0.0756,0.0,0.0,0.0,0.0,-0.852,0.0,0.5,0.5,0.0763,-0.2484,0.0,3.0,0.5,-1.0,0.0,0.0,0.0,-0.263
2.316,2.316,2.316,0.1365,-0.10516,-0.0965,0.3826,-0.3247,-0.1108,-0.2451,0.4038,-1.15,0.5713,0.3762,0.0,0.0,0.2108,0.2778,0.1703,0.0,-0.1035,0.518,0.923,0.4202,-0.1306,0.1753,2.64,0.0873,1.324,-0.3184,-0.2847,0.5713,-0.8125,2.316,2.299,0.0,0.0,2.295,0.0,2.957,0.00816,0.0,0.0,0.0,0.0,0.3477,0.0,1.0,1.0,0.0217,-0.2297,1.0,0.0,0.5,-1.0,0.0,0.0,0.0,0.10785
2.32,2.32,2.32,-0.1078,0.1415,-0.0965,0.3826,-0.3777,0.1482,-0.1692,0.399,14.88,0.5713,0.3762,0.0,0.0,0.1309,0.2026,0.2242,0.0,-0.101,-0.4104,1.013,0.519,0.1283,0.1783,1.816,0.5664,1.188,0.0873,-0.679,0.4011,0.542,2.318,2.299,0.0,0.0,2.303,0.0,3.004,0.05106,0.0,0.0,0.0,0.0,1.23,0.0,1.0,1.0,-0.194,0.02892,2.0,0.0,0.5,-1.0,0.0,0.0,0.0,0.3816
2.324,2.324,2.324,-0.1659,0.1998,-0.0965,0.3826,-0.4363,0.2289,-0.1473,0.3914,0.4792,0.5713,0.3762,0.0,0.0,0.1042,0.1853,0.2429,0.0,-0.0985,-0.79,1.054,0.619,0.2043,0.1821,1.958,0.1942,1.127,0.5664,-0.3184,-0.2847,0.0662,2.318,2.299,0.0,0.0,2.309,0.0,3.02,0.01785,0.0,0.0,0.0,0.0,0.5713,1.0,1.0,1.0,-0.2815,0.0508,3.0,0.0,0.5,-1.0,0.0,0.0,0.0,0.1754
2.328,2.328,2.33,-0.2443,0.276,-0.0965,0.3826,-0.5327,0.2996,-0.1171,0.4243,0.3684,0.5713,0.3762,0.0,0.0,0.0661,0.163,0.267,0.0,-0.09595,-0.7544,1.05,0.704,0.2983,0.188,1.828,0.251,0.962,0.1942,0.0873,-0.679,0.213,2.316,2.303,0.0,0.0,2.316,0.0,3.041,0.4578,0.0,0.0,0.0,0.0,0.426,2.0,1.0,1.5,-0.3823,0.09625,4.0,0.0,0.5,-1.0,0.0,0.0,0.0,0.1304
2.332,2.332,2.334,-0.2194,0.2335,-0.0965,0.3826,-0.635,0.224,-0.1231,0.4841,-0.05685,0.7144,0.3762,0.0,0.0,0.06274,0.179,0.2686,0.0,-0.09344,-0.8696,1.05,0.772,0.2507,0.199,0.628,0.01429,0.755,0.251,0.5664,-0.318,0.7393,2.316,2.303,0.0,0.0,2.324,0.0,3.043,0.927,1.0,0.0,0.0,0.0,0.02208,3.0,1.0,2.0,-0.378,0.03357,5.0,0.0,0.5,-1.0,0.0,0.0,0.0,0.00673
2.34,2.338,2.342,-0.3635,0.3765,-0.0965,0.3826,-0.6504,0.3506,-0.0696,0.54,0.5522,0.7144,0.3762,0.0,0.0,0.00968,0.1251,0.3088,0.0,-0.0909,-0.368,1.047,0.8467,0.386,0.2125,-0.3906,0.414,0.8726,0.01429,0.1942,0.0872,0.5713,2.326,2.305,0.0,0.0,2.33,0.0,3.078,0.9,1.0,0.0,0.0,0.0,0.755,3.0,1.0,2.0,-0.494,0.196,5.734,0.0,0.5,-1.0,0.0,0.0,0.0,0.23
2.344,2.344,2.348,-0.2795,0.2856,-0.0965,0.3826,-0.6255,0.2351,-0.0893,0.5938,-0.1289,0.7144,0.3762,0.0,0.0,0.03085,0.1431,0.3005,0.0,-0.0884,-0.338,0.998,0.921,0.289,0.2235,-1.097,-0.0851,0.933,0.414,0.251,0.5664,0.4011,2.338,2.312,0.0,0.0,2.334,0.0,3.07,0.8247,1.0,0.0,0.0,0.0,-0.1677,2.0,0.5,1.5,-0.4192,0.1016,0.0,1.0,0.5,-1.0,0.0,0.0,0.0,-0.05075
2.35,2.346,2.352,-0.2115,0.2073,-0.0965,0.3826,-0.639,0.1371,-0.106,0.64,-0.1638,0.7144,0.3762,0.0,0.0,0.0458,0.1617,0.2935,0.0,-0.0859,-0.7573,0.9053,0.995,0.1909,0.2363,-0.4656,-0.071,0.994,-0.0851,0.01428,0.1942,-0.2847,2.348,2.316,0.0,0.0,2.338,0.0,3.064,0.718,0.0,0.0,0.0,0.0,-0.1573,1.0,0.5,1.0,-0.3853,-0.0084,0.0,2.0,0.5,-1.0,0.0,0.0,0.0,-0.04767
2.36,2.357,2.361,-0.6523,0.67,-0.0965,0.3826,-0.6353,0.6177,0.05505,0.6978,2.232,0.7144,0.3762,0.0,0.0,-0.107,-0.00253,0.4036,0.0,-0.0833,-0.2067,0.886,1.068,0.664,0.2524,1.034,1.131,1.273,-0.071,0.414,0.251,-0.679,2.361,2.32,0.0,0.0,2.344,0.0,3.16,0.832,1.0,0.0,0.0,0.0,3.049,1.0,1.0,1.0,-0.777,0.4731,1.0,0.0,0.5,-1.0,1.0,0.0,2.426,0.925
2.361,2.361,2.363,-0.1313,0.146,-0.0965,0.3826,-0.586,0.08875,-0.10504,0.6973,-0.649,0.7144,0.3762,0.0,0.0,0.0496,0.1555,0.3032,0.0,-0.0808,0.359,0.894,1.115,0.11584,0.2615,2.15,-1.012,1.256,1.131,-0.0851,0.01428,-0.318,2.367,2.324,0.0,0.0,2.348,0.0,3.072,0.09796,0.0,0.0,0.0,0.0,-2.963,0.0,1.0,0.5,-0.2573,-0.011665,0.0,1.0,0.5,-1.0,0.0,0.0,0.0,-0.8823
2.365,2.365,2.367,-0.1131,0.1263,-0.0965,0.5645,-0.625,0.09216,-0.10803,0.6836,0.1616,0.7144,0.3762,0.0,0.0,0.049,0.1624,0.3054,0.0,-0.0783,-0.73,0.897,1.137,0.1129,0.2642,2.275,0.02129,1.042,-1.012,-0.071,0.414,0.0872,2.37,2.332,0.0,0.0,2.355,0.0,3.072,-0.05008,0.0,0.0,0.0,0.0,0.0438,0.0,1.0,0.5,-0.2537,-0.04575,1.0,0.0,0.5,-1.0,0.0,0.0,0.0,0.01326
2.367,2.365,2.37,0.0383,-0.02612,-0.0965,0.5645,-0.6094,-0.05505,-0.156,0.6714,-0.636,0.7144,0.3762,0.0,0.0,0.0971,0.2109,0.2776,0.0,-0.07574,0.031,0.8994,1.123,-0.03452,0.2659,1.399,-0.2837,0.878,0.02129,1.13,-0.0851,0.5664,2.371,2.338,0.0,0.0,2.361,0.0,3.049,-0.05008,0.0,0.0,0.0,0.0,-0.7617,0.0,0.5,0.5,-0.1326,-0.2195,0.0,1.0,0.5,-1.0,0.0,0.0,0.0,-0.2306
2.367,2.367,2.37,0.11383,-0.10736,-0.0965,0.5645,-0.619,-0.1542,-0.1842,0.678,-1.666,0.5713,0.3762,-1.0,0.0,0.12396,0.2415,0.263,0.0,-0.07324,-0.05185,0.902,1.062,-0.10956,0.2664,1.11,-0.1497,0.679,-0.2837,-1.012,-0.071,0.1942,2.367,2.344,0.0,0.0,2.365,0.0,3.035,0.2173,0.0,0.0,0.0,0.0,-0.3848,0.0,0.0,0.5,-0.06824,-0.307,0.0,2.0,0.5,-1.0,0.0,0.0,0.0,-0.11707
2.37,2.367,2.371,0.09485,-0.09753,-0.0965,0.5645,-0.5996,-0.171,-0.1835,0.7,0.619,0.5713,0.3762,-1.0,0.0,0.125,0.2388,0.267,0.0,-0.0707,-0.2546,0.886,0.965,-0.11694,0.2722,0.6294,0.04288,0.4888,-0.1497,0.02129,1.13,0.251,2.363,2.348,0.0,0.0,2.37,0.0,3.04,0.4243,0.0,0.0,0.0,0.0,0.0836,0.0,0.0,1.0,-0.084,-0.2952,1.0,0.0,0.5,-1.0,0.0,0.0,0.0,0.0255
2.371,2.37,2.375,-0.1403,0.126,-0.0965,0.5645,-0.691,0.0372,-0.11035,0.738,-3.94,0.5713,0.3762,0.0,0.0,0.04535,0.1711,0.319,0.0,-0.0682,-0.551,0.908,0.916,0.04846,0.2915,0.5996,0.5356,0.463,0.04288,-0.2837,-1.012,0.01428,2.367,2.354,0.0,0.0,2.373,0.0,3.084,0.5825,0.0,0.0,0.0,0.0,1.504,1.0,0.0,1.0,-0.2988,-0.0679,2.0,0.0,0.5,-1.0,0.0,0.0,0.0,0.4583
2.379,2.375,2.383,-0.3958,0.3877,-0.0965,0.5645,-0.693,0.3037,-0.01796,0.781,2.06,0.5713,0.3762,0.0,0.0,-0.04343,0.0765,0.3835,0.0,-0.0657,-0.259,0.9346,0.9033,0.2969,0.3062,-0.1599,0.658,0.5923,0.5356,-0.1497,0.02129,0.4138,2.365,2.36,0.0,0.0,2.377,0.0,3.14,0.6157,0.0,0.0,0.0,0.0,2.865,1.0,0.0,1.0,-0.516,0.2157,3.0,0.0,0.5,-1.0,0.0,0.0,0.0,0.865
2.385,2.383,2.389,-0.3425,0.3362,-0.621,0.5645,-0.681,0.2524,-0.02406,0.815,0.009026,0.5713,0.3762,0.0,0.0,-0.03656,0.0816,0.3835,0.0,-0.0631,-0.6733,0.934,0.913,0.2484,0.316,0.1816,0.0,0.704,0.658,0.04288,-0.2837,-0.085,2.371,2.363,0.0,0.0,2.38,0.0,3.14,0.5547,0.0,0.0,0.0,0.0,0.0,1.0,0.0,0.5,-0.4805,0.1492,0.0,0.0,0.5,-1.0,0.0,0.0,0.0,0.0
2.39,2.389,2.393,-0.303,0.2993,-0.621,0.5645,-0.673,0.22,-0.02725,0.84,0.04593,0.5713,0.3762,0.0,0.0,-0.03284,0.08405,0.3857,0.0,-0.0606,-0.674,0.889,0.931,0.2327,0.3213,0.511,0.021,0.7964,0.0,0.5356,-0.1497,-0.071,2.377,2.367,0.0,0.0,2.383,0.0,3.143,0.4753,0.0,0.0,0.0,0.0,0.02542,2.0,0.5,0.5,-0.4448,0.11096,1.0,0.0,0.5,-1.0,0.0,0.0,0.0,0.007595
2.39,2.389,2.395,0.03041,-0.03656,-0.621,0.5645,-0.5605,-0.125,-0.1312,0.8423,-0.9863,0.4285,0.3762,-1.0,0.0,0.07733,0.1804,0.3206,0.0,-0.05807,0.2202,0.824,0.9536,-0.10913,0.3252,-1.672,-0.6577,0.7183,0.021,0.658,0.04288,1.13,2.38,2.37,0.0,0.0,2.387,0.0,3.084,0.0969,0.0,0.0,0.0,0.0,-1.256,1.0,0.0,0.0,-0.1199,-0.208,0.0,1.0,0.5,-1.0,0.0,0.0,0.0,-0.3752
2.393,2.39,2.395,0.0892,-0.09564,-0.621,0.7036,-0.548,-0.1776,-0.1521,0.825,5.957,0.2856,0.3762,-1.0,0.0,0.0989,0.2009,0.31,0.0,-0.05554,-0.3396,0.743,0.947,-0.1577,0.3247,0.3208,-0.10614,0.5386,-0.6577,0.0,0.5356,-1.011,2.385,2.373,0.0,0.0,2.39,0.0,3.074,-0.1309,0.0,0.0,0.0,0.0,-0.1536,0.0,0.0,-0.5,-0.0639,-0.2656,0.0,2.0,0.5,-1.0,0.0,0.0,0.0,-0.0464
2.396,2.395,2.398,-0.1581,0.1549,-0.621,0.7036,-0.576,0.083,-0.0712,0.833,-4.434,0.2856,0.3762,0.0,0.0,0.01787,0.11975,0.367,0.0,-0.05304,-0.5864,0.661,0.923,0.10236,0.329,0.291,0.5815,0.376,-0.10614,0.021,0.658,0.02129,2.393,2.379,0.0,0.0,2.396,0.0,3.125,0.1517,0.0,0.0,0.0,0.0,1.14,0.0,0.0,0.0,-0.2698,0.01074,1.0,0.0,0.5,-1.0,1.0,0.0,2.293,0.3447
2.4,2.398,2.402,-0.1459,0.144,-0.621,0.7036,-0.5454,0.07587,-0.07043,0.844,0.1036,0.2856,0.3762,0.0,0.0,0.0199,0.116,0.371,0.0,-0.0505,-0.4075,0.5938,0.8774,0.10345,0.333,1.023,0.0421,0.3184,0.5815,-0.6577,0.0,-0.2837,2.396,2.385,0.0,0.0,2.4,0.0,3.129,0.2017,0.0,0.0,0.0,0.0,0.06915,1.0,0.5,0.5,-0.3154,-0.06213,2.0,0.0,0.5,-1.0,0.0,0.0,0.0,0.02072
2.404,2.402,2.406,-0.1931,0.1866,-0.621,0.7036,-0.6265,0.1648,-0.05038,0.82,0.6533,0.2856,0.3762,0.0,0.0,-0.006607,0.1032,0.3877,0.0,-0.04797,-0.9326,0.5503,0.8022,0.1838,0.3335,1.54,0.1683,0.2983,0.0421,-0.10614,0.021,-0.1497,2.396,2.39,0.0,0.0,2.406,0.0,3.143,-0.2227,0.0,0.0,0.0,0.0,0.3464,1.0,1.0,0.5,-0.4019,-0.06586,3.0,0.0,0.5,-1.0,0.0,0.0,0.0,0.1037
2.402,2.4,2.404,0.3416,-0.3525,-0.621,0.6445,-0.6196,-0.3835,-0.2231,0.796,-2.006,0.1428,0.3762,-1.0,0.0,0.1625,0.2827,0.2761,0.0,-0.04544,0.0889,0.4966,0.698,-0.3582,0.3315,1.72,-1.126,0.286,0.1683,0.581,-0.6577,0.04285,2.389,2.393,0.0,0.0,2.406,0.0,3.045,-0.278,0.0,0.0,0.0,0.0,-2.393,1.0,0.5,0.5,0.1565,-0.538,0.0,1.0,0.5,-1.0,0.0,0.0,0.0,-0.7144
2.402,2.4,2.406,0.10675,-0.1153,-0.621,0.6445,-0.62,-0.151,-0.155,0.7886,-0.807,0.0,0.3762,-1.0,0.0,0.0952,0.2108,0.324,0.0,-0.04294,-0.6084,0.4138,0.587,-0.1229,0.3318,0.616,0.492,0.2413,-1.126,0.0421,-0.1061,0.535,2.385,2.396,0.0,0.0,2.406,0.0,3.086,-0.0494,0.0,0.0,0.0,0.0,0.9473,2.0,0.5,0.5,-0.0528,-0.291,1.0,0.0,0.5,-1.0,0.0,0.0,0.0,0.288
2.404,2.402,2.408,0.0,-0.012474,-0.773,0.6445,-0.6846,-0.05502,-0.1225,0.802,-2.791,0.0,0.3762,0.0,0.0,0.05768,0.1831,0.3481,0.0,-0.0404,-0.65,0.3037,0.4885,-0.02534,0.3364,-0.7666,0.2476,0.2413,0.492,0.1683,0.581,0.6577,2.387,2.398,0.0,0.0,2.408,0.0,3.107,0.1976,0.0,0.0,0.0,0.0,0.3613,2.0,0.5,1.0,-0.1455,-0.1812,2.0,0.0,0.5,-1.0,0.0,0.0,0.0,0.1091
2.41,2.406,2.414,-0.3093,0.3008,-0.6426,0.6445,-0.692,0.2546,-0.01595,0.848,5.793,0.1428,0.3762,0.0,0.0,-0.04526,0.0744,0.4216,0.0,-0.03787,0.09845,0.176,0.4165,0.2698,0.3503,-0.8433,0.7466,0.332,0.2476,-1.126,0.0421,0.0,2.395,2.4,0.0,0.0,2.412,0.0,3.172,0.5317,0.0,0.0,0.0,0.0,1.549,2.0,1.0,1.5,-0.3997,0.1682,3.0,0.0,0.5,-1.0,0.0,0.0,0.0,0.4653
2.416,2.414,2.42,-0.38,0.372,-0.505,0.6445,-0.7227,0.3206,0.01958,0.905,0.3386,0.2856,0.3762,0.0,0.0,-0.0816,0.0414,0.448,0.0,-0.03534,-0.57,0.06824,0.3823,0.3337,0.3638,-0.8057,0.2644,0.4485,0.7466,0.492,0.1683,0.021,2.402,2.404,0.0,0.0,2.416,0.0,3.195,0.5947,0.0,0.0,0.0,0.0,0.517,2.0,1.0,1.5,-0.4797,0.2235,4.0,0.0,0.5,-1.0,0.0,0.0,0.0,0.1536
2.422,2.42,2.426,-0.3425,0.338,-0.4868,0.6445,-0.746,0.29,0.02052,0.942,0.06635,0.2856,0.3762,0.0,0.0,-0.08453,0.0427,0.4514,0.0,-0.03284,-0.6914,0.108,0.3965,0.2903,0.3762,0.7373,0.03464,0.5366,0.2644,0.2474,-1.126,-0.6577,2.408,2.408,0.0,0.0,2.418,0.0,3.197,0.4497,0.0,0.0,0.0,0.0,0.06757,3.0,1.5,1.5,-0.4788,0.1527,5.0,0.0,0.5,-1.0,0.0,0.0,0.0,0.01997
2.43,2.428,2.434,-0.4866,0.4949,-0.2488,0.6445,-0.7515,0.476,0.0847,0.9697,0.6465,0.2856,0.3762,0.0,0.0,-0.145,-0.02095,0.497,0.0,-0.0303,-0.235,0.245,0.439,0.4526,0.389,1.245,0.4568,0.73,0.03464,0.7466,0.4917,-0.1061,2.416,2.416,0.0,0.0,2.424,0.0,3.236,0.386,0.0,0.0,0.0,0.0,1.246,3.0,1.5,1.5,-0.5957,0.328,5.734,0.0,0.5,-1.0,0.0,0.0,0.0,0.368
2.438,2.436,2.44,-0.3833,0.3967,-0.2488,0.6445,-0.7617,0.3938,0.066,0.993,-0.009895,0.2856,0.3762,0.0,0.0,-0.1285,-0.001322,0.488,0.0,-0.02777,-0.8257,0.416,0.4854,0.353,0.4004,0.4214,-0.0893,0.8516,0.4568,0.2644,0.2474,0.581,2.434,2.422,0.0,0.0,2.428,0.0,3.229,0.3357,0.0,0.0,0.0,0.0,-0.2666,2.0,1.5,1.5,-0.4988,0.231,0.0,1.0,0.5,-1.0,0.0,0.0,0.0,-0.0781
2.445,2.443,2.447,-0.4514,0.4749,-0.2488,0.6445,-0.7637,0.4905,0.104,1.025,0.3513,0.2856,0.3762,0.0,0.0,-0.1641,-0.0389,0.517,0.0,-0.02525,-0.644,0.5825,0.5244,0.4487,0.4102,0.5938,0.2888,0.9604,-0.0893,0.03464,0.746,0.0421,2.45,2.428,0.0,0.0,2.436,0.0,3.254,0.4272,0.0,0.0,0.0,0.0,0.6855,2.0,1.5,1.5,-0.5864,0.283,1.0,0.0,0.5,-1.0,0.0,0.0,0.0,0.2013
2.45,2.45,2.451,-0.1848,0.2092,-0.2488,0.6445,-0.6816,0.2007,0.02638,1.064,-0.3818,0.4285,0.3762,0.0,0.0,-0.08435,0.03065,0.4695,0.0,-0.02272,0.987,0.8535,0.613,0.08264,0.4377,0.5503,-0.4724,0.9077,0.2888,0.4568,0.2642,0.1683,2.459,2.432,0.0,0.0,2.441,0.0,3.21,0.5234,0.0,0.0,0.0,0.0,-2.814,1.0,1.0,1.5,-0.3188,0.03854,0.0,1.0,0.5,-1.0,0.0,0.0,0.0,-0.8223
2.455,2.455,2.457,-0.3574,0.3833,-0.2488,0.6445,-0.6973,0.3625,0.09314,1.128,0.705,0.5713,0.3762,0.0,0.0,-0.1481,-0.03452,0.517,0.0,-0.0202,-0.3496,1.072,0.695,0.2637,0.4485,3.139,0.476,0.904,-0.4724,-0.0893,0.0346,-1.126,2.467,2.436,0.0,0.0,2.447,0.0,3.254,0.7183,0.0,0.0,0.0,0.0,0.987,1.0,1.5,2.0,-0.4858,0.2056,1.0,0.0,0.5,-1.0,0.0,0.0,0.0,0.2905
2.46,2.46,2.463,-0.2869,0.3115,-0.2488,0.6445,-0.736,0.2866,0.0808,1.168,-0.03108,0.5713,0.3762,0.0,0.0,-0.14,-0.01862,0.512,0.0,-0.01767,-0.9326,1.24,0.7925,0.2083,0.455,2.627,-0.0479,0.9414,0.476,0.2888,0.4565,0.4917,2.473,2.441,0.0,0.0,2.453,0.0,3.25,0.5273,0.0,0.0,0.0,0.0,-0.02628,0.0,1.0,1.5,-0.4194,0.1345,0.0,1.0,0.5,-1.0,0.0,0.0,0.0,-0.007675
2.467,2.465,2.469,-0.2444,0.2668,-0.2488,0.6445,-0.7725,0.2365,0.07605,1.207,0.00583,0.5713,0.3762,0.0,0.0,-0.1389,-0.01031,0.512,0.0,-0.01515,-0.8467,1.368,0.8955,0.1746,0.4622,2.51,0.0,1.017,-0.0479,-0.4724,-0.08923,0.2474,2.477,2.443,0.0,0.0,2.457,0.0,3.248,0.5137,0.0,0.0,0.0,0.0,0.0,0.0,0.5,1.0,-0.3877,0.0814,0.0,0.0,0.5,-1.0,0.0,0.0,0.0,0.0
2.47,2.47,2.473,-0.2402,0.2642,-0.2488,0.6445,-0.7695,0.2301,0.08386,1.243,0.12305,0.5713,0.3762,0.0,0.0,-0.1459,-0.01842,0.5205,0.0,-0.01263,-0.7646,1.444,0.993,0.1823,0.469,1.276,0.0822,1.087,0.0,0.476,0.2888,0.746,2.479,2.45,0.0,0.0,2.46,0.0,3.256,0.486,0.0,0.0,0.0,0.0,0.10583,0.0,0.5,1.0,-0.4382,0.0195,1.0,0.0,0.5,-1.0,0.0,0.0,0.0,0.03093
2.475,2.473,2.477,-0.03146,0.03244,-0.2488,0.6445,-0.8,-0.04495,0.01755,1.31,-0.731,0.7144,0.3762,0.0,0.0,-0.08655,0.0508,0.4792,0.0,-0.0101,-0.3425,1.481,1.096,-0.079,0.482,0.922,-0.4106,1.099,0.0822,-0.0479,-0.4722,0.2642,2.479,2.451,0.0,0.0,2.463,0.0,3.219,0.9766,1.0,0.0,0.0,0.0,-0.571,0.0,0.0,1.0,-0.2368,-0.2039,0.0,1.0,0.5,-1.0,0.0,0.0,0.0,-0.1666
2.477,2.473,2.48,-0.03943,0.02457,-0.2488,0.6445,-0.813,-0.0803,0.01938,1.357,-0.4102,0.857,0.3762,0.0,0.0,-0.0895,0.05023,0.4834,0.0,-0.007576,-0.7695,1.469,1.194,-0.1127,0.4932,0.914,0.04135,1.024,-0.4106,0.0,0.476,0.0346,2.475,2.453,0.0,0.0,2.469,0.0,3.223,0.8413,1.0,0.0,0.0,0.0,0.0688,0.0,0.0,1.0,-0.2476,-0.2153,1.0,0.0,0.5,-1.0,0.0,0.0,0.0,0.02022
2.479,2.475,2.482,-0.05704,0.02522,-0.2488,0.6445,-0.7866,-0.09924,0.02492,1.399,-0.452,0.857,0.3762,0.0,0.0,-0.09235,0.04218,0.4895,0.0,-0.00505,-0.363,1.39,1.264,-0.11017,0.499,-0.00566,0.06195,0.9077,0.04135,0.0822,-0.0479,0.4565,2.477,2.457,0.0,0.0,2.473,0.0,3.229,0.776,1.0,0.0,0.0,0.0,0.1572,1.0,0.0,1.0,-0.291,-0.2443,2.0,0.0,0.5,-1.0,0.0,0.0,0.0,0.04617
2.477,2.473,2.48,0.2856,-0.3213,-0.2488,0.6445,-0.795,-0.455,-0.0886,1.386,-17.1,0.7144,0.3762,-1.0,0.0,0.01504,0.1587,0.416,0.0,-0.002525,-0.4248,1.278,1.305,-0.4705,0.5005,0.1726,-0.729,0.863,0.06195,-0.4104,0.0,-0.08923,2.469,2.459,0.0,0.0,2.475,0.0,3.164,-0.1733,0.0,0.0,0.0,0.0,-1.769,1.0,0.0,0.5,0.05377,-0.5615,0.0,1.0,0.5,-1.0,0.0,0.0,0.0,-0.519
2.477,2.473,2.482,0.1339,-0.1671,-0.2488,0.6445,-0.783,-0.303,-0.04523,1.374,-0.348,0.5713,0.3762,-1.0,0.0,-0.02554,0.113,0.4473,0.0,0.0,-0.3647,1.125,1.309,-0.3052,0.4973,-0.6123,0.3132,0.81,-0.729,0.04132,0.0822,0.2888,2.463,2.463,0.0,0.0,2.477,0.0,3.19,-0.1418,0.0,0.0,0.0,0.0,0.891,1.0,0.0,0.5,-0.0739,-0.3933,1.0,0.0,0.5,-1.0,0.0,0.0,0.0,0.2646
2.475,2.47,2.48,0.2847,-0.315,-0.2488,0.6445,-0.7764,-0.4521,-0.0994,1.344,1.014,0.4285,0.3762,-1.0,0.0,0.02715,0.168,0.414,0.0,0.002525,-0.724,0.9365,1.272,-0.4534,0.4946,0.27,-0.3325,0.786,0.3132,0.06195,-0.4104,-0.4722,2.455,2.465,0.0,0.0,2.479,0.0,3.16,-0.3574,0.0,0.0,0.0,0.0,-0.575,1.0,0.0,0.0,0.0584,-0.5493,0.0,1.0,0.5,-1.0,0.0,0.0,0.0,-0.1699
2.475,2.47,2.479,0.1637,-0.1921,-0.2488,0.8486,-0.8228,-0.3135,-0.0674,1.306,-0.308,0.2856,0.3762,-1.0,0.0,-0.0079,0.1394,0.4382,0.0,0.00505,-0.7554,0.723,1.189,-0.3206,0.4912,-0.8833,0.2438,0.4636,-0.3325,-0.729,0.04132,0.4758,2.45,2.469,0.0,0.0,2.482,0.0,3.182,-0.504,0.0,0.0,0.0,0.0,0.7007,1.0,0.0,0.0,-0.04684,-0.419,1.0,0.0,0.5,-1.0,0.0,0.0,0.0,0.2083
2.475,2.473,2.48,0.09216,-0.1185,-0.2488,0.8486,-0.8037,-0.224,-0.04752,1.278,-0.3518,0.1428,0.3762,-1.0,0.0,-0.02519,0.11725,0.454,0.0,0.007576,-0.571,0.4807,1.06,-0.2222,0.4866,-0.949,0.1595,0.2227,0.2438,0.3132,0.06195,-0.0479,2.447,2.47,0.0,0.0,2.486,0.0,3.195,-0.3447,0.0,0.0,0.0,0.0,0.52,1.0,0.5,0.5,-0.1213,-0.354,2.0,0.0,0.5,-1.0,0.0,0.0,0.0,0.1539
2.473,2.469,2.477,0.4353,-0.4563,-0.2488,0.8394,-0.7075,-0.542,-0.1632,1.211,3.344,0.0,0.3762,-1.0,0.0,0.0954,0.2279,0.3794,0.0,0.0101,0.279,0.1935,0.8896,-0.553,0.4802,-1.075,-0.747,0.1288,0.1595,-0.3325,-0.729,0.0,2.44,2.47,0.0,0.0,2.486,0.0,3.129,-0.8867,0.0,0.0,0.0,0.0,-1.777,1.0,0.5,0.0,0.2098,-0.678,0.0,1.0,0.5,-1.0,0.0,0.0,0.0,-0.5244
2.469,2.465,2.47,0.4849,-0.5034,-0.2488,0.753,-0.8403,-0.5864,-0.1912,1.158,0.2576,-0.1428,0.3762,-1.0,0.0,0.111,0.27,0.3628,0.0,0.01263,-0.5005,0.091,0.708,-0.528,0.4573,-1.543,-0.1681,0.2542,-0.747,0.2438,0.3132,0.08215,2.428,2.47,0.0,0.0,2.484,0.0,3.115,-0.7646,0.0,0.0,0.0,0.0,-0.47,0.0,0.0,0.0,0.2384,-0.744,0.0,2.0,0.5,-1.0,0.0,0.0,0.0,-0.1405
2.467,2.465,2.47,0.2607,-0.275,-0.2488,0.753,-0.7812,-0.3376,-0.13,1.104,-0.4363,-0.2856,0.3762,-1.0,0.0,0.05634,0.2002,0.4058,0.0,0.01515,0.431,0.1219,0.5396,-0.2532,0.4434,-0.9854,0.4355,0.2957,-0.1681,0.1595,-0.3323,-0.4104,2.428,2.47,0.0,0.0,2.484,0.0,3.152,-0.8013,0.0,0.0,0.0,0.0,1.907,1.0,0.5,0.0,0.04822,-0.4963,1.0,0.0,0.5,-1.0,0.0,0.0,0.0,0.572
2.473,2.469,2.475,-0.244,0.242,-0.2488,0.753,-0.6724,0.2169,0.03592,1.091,-2.592,-0.2856,0.3762,0.0,0.0,-0.0924,0.02016,0.5195,0.0,0.01767,0.1658,0.1559,0.381,0.277,0.4478,-1.234,1.144,0.3323,0.4355,-0.747,0.2437,0.04132,2.434,2.475,0.0,0.0,2.486,0.0,3.252,-0.10547,0.0,0.0,0.0,0.0,3.107,1.0,0.5,0.5,-0.3687,0.0771,2.0,0.0,0.5,-1.0,1.0,0.0,4.01,0.925
2.48,2.479,2.482,-0.4663,0.4775,-0.273,0.753,-0.6626,0.4978,0.12445,1.102,1.07,-0.2856,0.3762,0.0,0.0,-0.1738,-0.0687,0.5815,0.0,0.0202,-0.6255,0.1788,0.2352,0.5444,0.455,-1.291,0.616,0.475,1.144,-0.1681,0.1595,0.06192,2.447,2.48,0.0,0.0,2.488,0.0,3.307,0.1462,0.0,0.0,0.0,0.0,1.589,1.0,0.5,1.0,-0.555,0.3345,3.0,0.0,0.5,-1.0,0.0,0.0,0.0,0.464
2.49,2.488,2.49,-0.607,0.637,-0.01877,0.753,-0.658,0.702,0.1937,1.128,0.509,-0.2856,0.3762,0.0,0.0,-0.2367,-0.1368,0.6133,1.0,-0.2903,-0.632,0.1819,0.098,0.7275,0.4492,0.496,0.4878,0.7275,0.616,0.4355,-0.747,-0.7285,2.463,2.484,0.0,0.0,2.492,0.0,3.35,0.2844,0.0,0.0,0.0,0.0,1.488,2.0,1.0,1.0,-0.692,0.4875,4.0,0.0,0.5,-1.0,0.0,0.0,0.0,0.4302
2.502,2.502,2.5,-0.7305,0.786,0.2369,0.753,-0.6494,0.876,0.2632,1.187,0.3765,-0.2856,0.3762,0.0,0.0,-0.2983,-0.2045,0.6133,1.0,-0.2903,-0.1542,0.186,-0.02734,0.8784,0.4185,0.2878,0.4905,1.06,0.4878,1.144,-0.1681,0.3132,2.48,2.49,0.0,0.0,2.498,0.0,3.393,0.6235,0.0,0.0,0.0,0.0,1.914,3.0,1.0,1.5,-0.7964,0.6475,5.0,0.0,0.5,-1.0,0.0,0.0,0.0,0.549
2.52,2.523,2.516,-1.207,1.328,0.977,0.753,-0.525,1.469,0.4763,1.298,0.799,-0.2856,0.3762,0.0,0.0,-0.4731,-0.4153,0.6133,1.0,-0.2903,0.683,0.329,0.02055,1.395,0.3152,1.515,1.42,1.786,0.4905,0.6157,0.4355,-0.3323,2.518,2.5,0.0,0.0,2.508,0.0,3.521,0.9106,1.0,0.0,0.0,0.0,7.266,3.0,1.5,1.5,-1.204,1.228,5.734,0.0,0.5,-1.0,0.0,0.0,0.0,2.096
2.531,2.537,2.527,-0.7466,0.8887,0.977,0.753,-0.4636,0.994,0.3525,1.378,-0.1857,-0.2856,0.3762,0.0,0.0,-0.3606,-0.3066,0.538,0.0,-0.2878,0.06226,0.593,0.1615,0.897,0.3396,1.89,-0.736,2.096,1.42,0.4875,1.144,0.2437,2.549,2.508,0.0,0.0,2.514,0.0,3.453,0.585,0.0,0.0,0.0,0.0,-2.947,2.0,1.0,1.0,-0.7812,0.782,0.0,1.0,0.5,-1.0,0.0,0.0,0.0,-0.819
2.543,2.549,2.537,-0.5566,0.705,0.977,0.7334,-0.4612,0.772,0.3118,1.479,-0.07666,-0.1428,0.3762,0.0,0.0,-0.3247,-0.2686,0.5156,0.0,-0.2854,-0.2615,0.8975,0.3318,0.706,0.3562,2.223,-0.2175,2.305,-0.736,0.4905,0.6157,0.1594,2.574,2.516,0.0,0.0,2.52,0.0,3.434,0.7812,1.0,0.0,0.0,0.0,-0.4895,1.0,0.5,1.0,-0.612,0.5913,0.0,2.0,0.5,-1.0,0.0,0.0,0.0,-0.1377
2.549,2.555,2.543,-0.2467,0.3975,0.977,0.4583,-0.4182,0.422,0.2222,1.547,-0.2896,0.0,0.3762,0.0,0.0,-0.241,-0.1873,0.4617,0.0,-0.2827,-0.4395,1.217,0.515,0.3672,0.3708,4.434,-0.5356,2.396,-0.2175,1.419,0.4875,-0.7466,2.586,2.521,0.0,0.0,2.525,0.0,3.383,0.504,0.0,0.0,0.0,0.0,-1.276,0.0,0.5,0.5,-0.3115,0.297,0.0,3.0,0.5,-1.0,0.0,1.0,-2.12,-0.3604
2.553,2.56,2.547,-0.19,0.3335,0.977,0.4412,-0.4302,0.3167,0.2109,1.626,-0.0726,0.1428,0.3762,0.0,0.0,-0.2318,-0.1753,0.4583,0.0,-0.2803,-0.8613,1.524,0.698,0.2913,0.383,5.086,-0.0334,2.473,-0.5356,-0.7354,0.4902,-0.1681,2.594,2.527,0.0,0.0,2.53,0.0,3.38,0.617,0.0,0.0,0.0,0.0,-0.0876,-1.0,0.5,0.5,-0.266,0.2253,0.0,4.0,0.5,-0.5,0.0,0.0,0.0,-0.02495
2.557,2.562,2.55,-0.03455,0.174,0.977,0.3037,-0.3943,0.11346,0.1635,1.685,-0.373,0.2856,0.3762,0.0,0.0,-0.1855,-0.1327,0.4316,0.0,-0.2778,-0.3894,1.817,0.8896,0.09644,0.3962,5.086,-0.267,2.492,-0.0334,-0.2175,1.419,0.4353,2.594,2.531,0.0,0.0,2.533,0.0,3.355,0.4604,0.0,0.0,0.0,0.0,-0.5503,-2.0,0.0,0.0,-0.113,0.0754,0.0,5.0,0.5,0.0,0.0,0.0,0.0,-0.1569
2.56,2.566,2.555,-0.01767,0.1527,0.977,0.3037,-0.3696,0.0553,0.159,1.737,-0.1361,0.4285,0.3762,0.0,0.0,-0.1793,-0.1307,0.4329,0.0,-0.2751,-0.3174,2.086,1.086,0.04083,0.4092,3.213,0.01342,2.506,-0.267,-0.5356,-0.7354,1.144,2.592,2.533,0.0,0.0,2.537,0.0,3.355,0.4285,0.0,0.0,0.0,0.0,0.0369,-1.0,0.0,0.0,-0.1327,0.01564,1.0,0.0,0.5,0.0,0.0,0.0,0.0,0.01057
2.555,2.56,2.55,0.6084,-0.489,0.977,0.3037,-0.2896,-0.6543,-0.05472,1.765,-4.426,0.4285,0.3762,-1.0,0.0,0.02773,0.0754,0.2976,0.0,-0.2727,0.715,2.287,1.263,-0.65,0.4155,2.13,-1.3545,2.498,0.01342,-0.03336,-0.2174,0.6157,2.564,2.535,0.0,0.0,2.54,0.0,3.232,0.2032,0.0,0.0,0.0,0.0,-4.2,-1.0,-0.5,0.0,0.525,-0.5435,0.0,1.0,0.5,0.0,0.0,0.0,0.0,-1.202
2.55,2.555,2.547,0.587,-0.4856,0.977,0.3037,-0.2336,-0.7256,-0.07056,1.791,0.2878,0.4285,0.3762,-1.0,0.0,0.0479,0.0863,0.2922,0.0,-0.2703,0.0885,2.377,1.436,-0.728,0.4268,0.8813,-0.0549,2.424,-1.3545,-0.267,-0.5356,0.4875,2.545,2.535,0.0,0.0,2.541,0.0,3.229,0.239,0.0,0.0,0.0,0.0,-0.1315,-1.0,-1.0,0.0,0.4941,-0.5513,0.0,2.0,0.5,0.0,0.0,0.0,0.0,-0.0385
2.55,2.553,2.549,0.1831,-0.10394,0.977,0.3037,-0.241,-0.398,0.04196,1.831,-0.446,0.4285,0.3762,-1.0,0.0,-0.05948,-0.02719,0.3706,0.0,-0.2676,-0.4333,2.406,1.6455,-0.472,0.4536,-0.503,0.8037,2.36,-0.0549,0.01342,-0.03336,0.4902,2.531,2.535,0.0,0.0,2.545,0.0,3.299,0.3237,0.0,0.0,0.0,0.0,1.606,0.0,-1.0,0.0,0.1094,-0.1804,1.0,0.0,0.5,0.0,0.0,0.0,0.0,0.4707
2.557,2.557,2.555,-0.215,0.2837,0.977,0.3037,-0.3257,-0.011345,0.1703,1.862,-1.356,0.4285,0.3762,0.0,0.0,-0.1857,-0.1459,0.4597,0.0,-0.2651,-0.4841,2.35,1.834,-0.0892,0.4639,-3.918,0.9014,2.28,0.8037,-1.3545,-0.267,1.419,2.531,2.54,0.0,0.0,2.55,0.0,3.379,0.2769,0.0,0.0,0.0,0.0,1.667,1.0,-1.0,0.0,-0.2441,0.2249,2.0,0.0,0.5,0.0,0.0,0.0,0.0,0.4822
2.56,2.562,2.559,-0.1519,0.2164,0.977,0.3037,-0.332,-0.0689,0.1537,1.869,-0.4653,0.4285,0.3762,0.0,0.0,-0.1711,-0.1292,0.4536,0.0,-0.2627,-0.69,2.195,1.991,-0.1521,0.4712,-2.57,-0.0601,2.201,0.9014,-0.0549,0.01341,-0.7354,2.531,2.543,0.0,0.0,2.559,0.0,3.373,0.1054,0.0,0.0,0.0,0.0,-0.1351,0.0,-1.0,-0.5,-0.2056,0.1357,0.0,1.0,0.5,0.0,0.0,0.0,0.0,-0.0385
2.559,2.56,2.557,0.3623,-0.2905,0.977,0.3037,-0.2272,-0.5684,-0.01637,1.816,-11.71,0.2856,0.3762,-1.0,0.0,-0.003258,0.03032,0.3464,0.0,-0.26,0.2393,1.923,2.094,-0.665,0.47,-2.266,-1.069,2.111,-0.0601,0.8037,-1.3545,-0.2174,2.525,2.543,0.0,0.0,2.56,0.0,3.275,-0.351,0.0,0.0,0.0,0.0,-2.516,0.0,-1.0,-1.0,0.3037,-0.3367,0.0,2.0,0.5,0.0,0.0,0.0,0.0,-0.7173
2.559,2.56,2.557,0.2164,-0.1442,0.977,0.3037,-0.2634,-0.3936,0.0222,1.759,-0.2795,0.1428,0.3762,-1.0,0.0,-0.04294,-0.00519,0.3752,0.0,-0.2576,-0.443,1.5625,2.133,-0.4978,0.464,-1.431,0.2927,1.853,-1.069,0.9014,-0.05487,-0.5356,2.52,2.545,0.0,0.0,2.566,0.0,3.303,-0.4148,0.0,0.0,0.0,0.0,0.6377,1.0,-0.5,-1.0,0.1065,-0.2573,1.0,0.0,0.5,0.0,0.0,0.0,0.0,0.1852
2.56,2.56,2.56,-0.0606,0.1015,0.977,0.3037,-0.41,-0.04398,0.1055,1.665,-1.234,0.1428,0.3762,0.0,0.0,-0.1338,-0.0743,0.4336,0.0,-0.2551,-0.6426,1.251,2.049,-0.1102,0.4417,-1.549,0.5894,1.481,0.2927,-0.0601,0.803,-0.03336,2.531,2.547,0.0,0.0,2.574,0.0,3.355,-0.7227,0.0,0.0,0.0,0.0,0.814,1.0,0.0,-1.0,-0.1475,-0.00811,2.0,0.0,0.5,0.0,1.0,0.0,2.248,0.2352
2.562,2.56,2.562,0.06683,-0.0423,0.977,0.3037,-0.4587,-0.1236,0.0609,1.592,-1.085,0.0,0.3762,-1.0,0.0,-0.09674,-0.02531,0.4082,0.0,-0.2524,-0.521,0.982,1.863,-0.159,0.4258,-1.005,-0.255,1.144,0.5894,-1.069,0.9014,-0.267,2.541,2.549,0.0,0.0,2.58,0.0,3.332,-0.593,0.0,0.0,0.0,0.0,-0.453,0.0,0.0,-1.0,-0.01906,-0.1409,0.0,1.0,0.5,0.0,0.0,0.0,0.0,-0.1296
2.562,2.56,2.564,0.1042,-0.0904,0.977,0.3037,-0.4553,-0.1194,0.04474,1.527,-0.4045,-0.1428,0.3762,-1.0,0.0,-0.0813,-0.00946,0.4006,0.0,-0.25,-0.2207,0.7554,1.628,-0.1432,0.4148,-1.087,-0.0741,1.047,-0.255,0.2925,-0.06006,0.01341,2.543,2.55,0.0,0.0,2.584,0.0,3.324,-0.5503,0.0,0.0,0.0,0.0,-0.172,0.0,-0.5,-1.0,-0.003897,-0.2103,0.0,2.0,0.5,0.0,0.0,0.0,0.0,-0.04944
2.566,2.566,2.568,-0.1782,0.195,0.977,0.3037,-0.4812,0.2031,0.139,1.509,-17.1,-0.1428,0.3762,0.0,0.0,-0.1709,-0.1004,0.4663,0.0,-0.2474,-0.18,0.58,1.353,0.1852,0.413,1.867,0.661,1.031,-0.0741,0.5894,-1.069,-1.3545,2.543,2.555,0.0,0.0,2.586,0.0,3.385,-0.121,0.0,0.0,0.0,0.0,1.351,1.0,0.0,-0.5,-0.237,0.1068,1.0,0.0,0.5,0.0,0.0,0.0,0.0,0.3887
2.568,2.566,2.57,0.08356,-0.06964,0.977,0.3037,-0.4104,-0.03925,0.0538,1.471,-0.6924,-0.1428,0.3762,0.0,0.0,-0.08575,-0.02284,0.414,0.0,-0.245,-0.3682,0.4653,1.046,-0.0482,0.4087,2.365,-0.5205,1.033,0.661,-0.255,0.2925,-0.05487,2.541,2.559,0.0,0.0,2.586,0.0,3.336,-0.282,0.0,0.0,0.0,0.0,-1.231,0.0,0.0,-0.5,0.02243,-0.14,0.0,1.0,0.5,0.0,0.0,0.0,0.0,-0.3506
2.57,2.57,2.572,-0.0496,0.0662,0.977,0.3037,-0.4126,0.1144,0.09705,1.457,2.363,-0.1428,0.3762,0.0,0.0,-0.1261,-0.0656,0.4463,0.0,-0.2424,-0.32,0.4177,0.7354,0.1139,0.4075,0.8843,0.323,1.021,-0.5205,-0.0741,0.589,0.803,2.549,2.562,0.0,0.0,2.586,0.0,3.365,-0.08966,0.0,0.0,0.0,0.0,0.5845,0.0,0.0,0.0,-0.0876,0.01065,1.0,0.0,0.5,0.0,0.0,0.0,0.0,0.1678
2.57,2.568,2.572,0.2378,-0.224,-0.529,0.3037,-0.3735,-0.1669,0.0001345,1.42,-1.201,-0.2856,0.3762,-1.0,0.0,-0.03198,0.02762,0.386,0.0,-0.2399,-0.05392,0.4258,0.5264,-0.177,0.4067,-0.939,-0.6025,0.706,0.323,0.6606,-0.2546,0.901,2.549,2.566,0.0,0.0,2.578,0.0,3.31,-0.2776,0.0,0.0,0.0,0.0,-1.157,0.0,-0.5,-0.5,0.1433,-0.3188,0.0,1.0,0.5,0.0,0.0,0.0,0.0,-0.3306
2.564,2.564,2.568,0.533,-0.5303,-0.529,0.3037,-0.439,-0.5083,-0.10846,1.408,7.38,-0.2856,0.3762,-1.0,0.0,0.0661,0.1451,0.3184,0.0,-0.2374,-0.4336,0.4539,0.376,-0.505,0.4062,-0.9688,-0.6826,0.6406,-0.6025,-0.52,-0.07404,-0.06006,2.541,2.568,0.0,0.0,2.572,0.0,3.248,-0.0693,0.0,0.0,0.0,0.0,-1.979,0.0,-0.5,-0.5,0.458,-0.5806,0.0,2.0,0.5,0.0,0.0,0.0,0.0,-0.571
2.55,2.553,2.549,1.418,-1.366,-0.529,-0.4277,-0.24,-1.387,-0.4004,1.326,2.592,-0.2856,0.3762,-1.0,0.0,0.3762,0.4387,0.1298,0.0,-0.2349,0.0847,0.576,0.2913,-1.341,0.3872,1.125,-1.929,1.173,-0.6826,0.323,0.6606,-1.069,2.518,2.566,0.0,0.0,2.56,0.0,3.076,-0.559,0.0,0.0,0.0,0.0,-5.617,-1.0,-0.5,-0.5,1.326,-1.366,0.0,3.0,0.5,0.0,0.0,1.0,-3.82,-1.64
2.523,2.533,2.516,2.562,-2.375,-0.529,-1.698,0.04858,-2.36,-0.7593,1.123,1.01,-0.2856,0.3665,-1.0,-1.0,0.7896,0.8257,-0.10443,0.0,-0.2323,3.115,0.9263,0.4036,-2.086,0.3394,-0.004173,-2.473,2.49,-1.929,-0.602,-0.52,0.2925,2.475,2.56,0.0,0.0,2.543,0.0,2.863,-1.182,0.0,1.0,0.0,0.0,-8.15,-1.0,-1.0,-1.0,2.424,-2.195,0.0,4.0,0.5,0.0,0.0,0.0,0.0,-2.605
2.502,2.514,2.488,2.297,-2.037,-0.529,-1.698,0.0771,-2.135,-0.7383,0.89,0.01842,-0.4285,0.3564,-1.0,-1.0,0.7686,0.798,-0.08905,0.0,-0.2299,0.314,1.478,0.754,-1.968,0.2874,-2.38,0.1696,3.248,-2.473,-0.6826,0.3228,0.589,2.428,2.555,0.0,0.0,2.527,0.0,2.877,-1.437,0.0,1.0,0.0,0.0,0.5967,-1.0,-1.0,-1.0,2.148,-2.03,1.0,0.0,0.5,0.0,0.0,0.0,0.0,0.1877
2.473,2.492,2.453,2.701,-2.545,-0.529,-1.698,0.319,-2.36,-0.961,0.6025,0.4165,-0.5713,0.3464,-1.0,-1.0,1.047,1.05,-0.2343,0.0,-0.2273,1.4795,2.283,1.352,-2.086,0.2177,-2.982,-1.595,4.25,0.1696,-1.928,-0.602,-0.2546,2.375,2.547,0.0,0.0,2.508,0.0,2.744,-1.559,0.0,1.0,0.0,0.0,-6.605,-1.0,-1.0,-1.0,2.729,-2.195,0.0,1.0,0.5,0.0,0.0,0.0,0.0,-2.072
2.438,2.467,2.408,2.701,-2.545,-0.529,-1.698,0.6953,-2.36,-1.182,0.3047,0.359,-0.5713,0.3367,-1.0,-1.0,1.349,1.301,-0.3787,0.0,-0.2247,2.889,3.87,2.475,-2.086,0.0747,-4.254,-1.631,5.082,-1.595,-2.473,-0.6826,-0.07404,2.307,2.533,0.0,0.0,2.484,0.0,2.613,-1.586,0.0,1.0,0.0,0.0,-8.15,-1.0,-1.0,-1.0,2.75,-2.195,0.0,2.0,0.5,0.0,0.0,1.0,-3.82,-4.08
2.424,2.459,2.389,1.694,-1.033,0.436,-1.698,0.856,-1.412,-0.718,0.1125,-0.4824,-0.5713,0.3267,-1.0,-1.0,0.8154,0.6987,-0.0723,0.0,-0.2222,2.932,5.094,3.414,-0.6533,0.02896,-5.035,2.549,5.082,-1.631,0.1696,-1.928,0.6606,2.268,2.523,0.0,0.0,2.473,0.0,2.89,-0.8545,0.0,0.0,0.0,0.0,7.266,0.0,-1.0,-1.0,1.637,-0.975,1.0,0.0,0.5,0.0,0.0,0.0,0.0,5.766
2.398,2.441,2.354,2.701,-2.104,0.436,-1.698,1.46,-2.36,-1.087,-0.1952,0.9805,-0.7144,0.317,-1.0,-1.0,1.301,1.102,-0.3145,0.0,-0.2197,3.135,5.156,4.22,-1.745,-0.006634,-5.035,-2.514,5.082,2.549,-1.595,-2.473,-0.52,2.215,2.51,0.0,0.0,2.455,0.0,2.67,-1.196,0.0,1.0,0.0,0.0,-8.15,0.0,-1.0,-1.5,2.75,-1.969,0.0,1.0,0.5,0.0,0.0,0.0,0.0,-3.785
2.389,2.436,2.342,1.313,-0.4287,0.436,-1.698,1.577,-0.8193,-0.6724,-0.3896,-0.616,-0.7144,0.307,-1.0,-1.0,0.8296,0.5757,-0.0402,0.0,-0.2172,1.377,5.156,4.86,-0.1918,-0.02914,-5.035,2.549,5.082,-2.514,-1.631,0.1694,0.3228,2.201,2.5,0.0,0.0,2.443,0.0,2.918,-0.686,0.0,0.0,0.0,0.0,7.266,0.0,-1.0,-1.0,1.454,-0.1857,1.0,0.0,0.5,0.0,0.0,0.0,0.0,4.086
2.375,2.424,2.328,1.789,-0.8774,0.436,-1.698,1.792,-1.171,-0.8345,-0.6216,0.691,-0.7144,0.297,-1.0,-1.0,1.031,0.7505,-0.1453,0.0,-0.2146,0.902,5.156,5.094,-0.596,-0.05862,-5.035,-1.144,5.082,2.549,2.547,-1.595,-0.602,2.197,2.484,0.0,0.0,2.426,0.0,2.822,-0.772,0.0,0.0,0.0,0.0,-5.125,0.0,-1.0,-1.0,1.924,-0.6035,0.0,1.0,0.5,0.0,0.0,0.0,0.0,-1.594
2.37,2.416,2.322,1.252,-0.3657,0.436,-1.698,1.981,-0.5464,-0.7134,-0.848,-0.5054,-0.857,0.287,-1.0,-1.0,0.911,0.5854,-0.0636,0.0,-0.2122,2.707,5.156,5.094,-0.03436,-0.08374,-5.035,0.9062,5.082,-1.144,-2.514,-1.631,-0.6826,2.2,2.473,0.0,0.0,2.41,0.0,2.896,-0.748,0.0,0.0,0.0,0.0,4.566,1.0,-0.5,-1.0,1.44,-0.0754,1.0,0.0,0.5,0.0,0.0,0.0,0.0,1.447
2.344,2.396,2.293,2.701,-1.901,0.436,-1.698,2.719,-1.935,-1.193,-1.174,3.672,-1.0,0.2773,-1.0,-1.0,1.545,1.123,-0.3794,0.0,-0.2096,2.992,5.156,5.094,-1.49,-0.1292,-5.035,-2.514,5.082,0.9062,2.547,2.547,-1.928,2.188,2.455,0.0,0.0,2.389,0.0,2.61,-0.9434,0.0,0.0,0.0,0.0,-8.15,0.0,-0.5,-1.0,2.75,-1.426,0.0,1.0,0.5,0.0,0.0,0.0,0.0,-5.33
2.336,2.383,2.29,1.28,-0.381,0.436,-1.698,2.785,-0.3408,-0.8037,-1.415,-0.818,-1.143,0.2673,-1.0,-1.0,1.089,0.6133,-0.12115,0.0,-0.207,3.135,5.156,5.094,0.02252,-0.1536,-1.802,2.549,5.082,-2.514,-1.144,-2.514,-2.473,2.209,2.443,0.0,0.0,2.375,0.0,2.844,-0.66,0.0,0.0,0.0,0.0,7.266,1.0,0.0,-1.0,1.751,0.2183,1.0,0.0,0.5,0.0,0.0,0.0,0.0,4.234
2.318,2.36,2.277,2.143,-1.332,0.436,-1.698,2.785,-1.087,-1.088,-1.7,3.77,-1.143,0.2573,-1.0,-1.0,1.465,0.9287,-0.3079,0.0,-0.2046,1.366,5.156,5.094,-0.822,-0.185,-2.184,-2.062,5.082,2.549,0.906,2.547,0.1694,2.19,2.43,0.0,0.0,2.354,0.0,2.674,-0.745,0.0,0.0,0.0,0.0,-8.15,0.0,-0.5,-1.0,2.709,-0.562,0.0,1.0,0.5,0.0,0.0,0.0,0.0,-3.57
2.291,2.33,2.25,2.701,-2.434,0.436,-1.698,2.785,-1.995,-1.428,-2.045,1.168,-1.143,0.2476,-1.0,-1.0,1.962,1.326,-0.532,0.0,-0.202,3.135,5.156,5.094,-1.762,-0.2401,0.577,-2.514,5.082,-2.062,-2.514,-1.144,-1.595,2.172,2.41,0.0,0.0,2.324,0.0,2.469,-0.8394,0.0,0.0,0.0,0.0,-8.15,0.0,-0.5,-1.0,2.75,-1.574,0.0,2.0,0.5,0.0,0.0,0.0,0.0,-5.34
2.291,2.328,2.254,0.4966,0.2313,1.465,-1.698,2.785,0.623,-0.7285,-2.137,-1.385,-1.0,0.2377,0.0,-1.0,1.098,0.4224,-0.06964,0.0,-0.1995,3.135,5.156,5.094,0.8228,-0.2502,3.146,2.549,5.082,-2.514,2.547,0.906,-1.631,2.17,2.4,0.0,0.0,2.31,0.0,2.889,-0.287,0.0,0.0,0.0,0.0,7.266,0.0,0.0,-0.5,1.312,1.1455,1.0,0.0,0.5,0.0,0.0,0.0,0.0,5.766
2.262,2.312,2.209,2.701,-2.482,1.465,-1.783,2.785,-2.137,-1.539,-2.336,-3.957,-1.0,0.2278,-1.0,-1.0,2.22,1.371,-0.604,0.0,-0.197,3.135,5.156,5.094,-1.909,-0.2896,-3.023,-2.514,5.082,2.549,-2.062,-2.514,2.547,2.13,2.383,0.0,0.0,2.28,0.0,2.4,-0.4783,0.0,0.0,0.0,0.0,-8.15,0.0,-0.5,-0.5,2.75,-1.206,0.0,1.0,0.5,0.0,0.0,0.0,0.0,-5.477
2.256,2.31,2.203,1.124,-0.0812,1.465,-1.783,2.785,0.0748,-0.948,-2.393,-1.057,-0.857,0.2178,0.0,-1.0,1.459,0.5757,-0.2141,0.0,-0.1945,3.135,5.156,5.094,0.3271,-0.305,1.209,2.549,5.082,-2.514,-2.514,2.547,-2.514,2.12,2.373,0.0,0.0,2.262,0.0,2.756,-0.2141,0.0,0.0,0.0,0.0,7.266,0.0,0.0,-0.5,2.238,1.207,1.0,0.0,0.5,0.0,0.0,0.0,0.0,5.766
2.25,2.309,2.193,1.194,-0.08154,1.465,-1.783,2.785,-0.01245,-0.973,-2.398,-0.361,-0.7144,0.2079,0.0,-1.0,1.529,0.5645,-0.2295,0.0,-0.1919,3.135,4.895,5.094,0.2659,-0.3093,-4.707,-0.1731,5.082,2.549,2.547,-2.062,2.547,2.13,2.361,0.0,0.0,2.242,0.0,2.74,-0.1345,0.0,0.0,0.0,0.0,-1.418,0.0,-0.5,-0.5,2.201,1.096,0.0,1.0,0.5,0.0,0.0,0.0,0.0,-0.4553
2.229,2.293,2.162,2.701,-1.656,1.465,-1.783,2.785,-1.717,-1.455,-2.46,-17.1,-0.7144,0.198,-1.0,-1.0,2.207,1.142,-0.548,0.0,-0.1895,3.135,4.53,5.094,-1.513,-0.3064,-2.78,-2.514,4.703,-0.1731,-2.514,-2.514,-1.144,2.096,2.34,0.0,0.0,2.213,0.0,2.451,-0.2399,0.0,0.0,0.0,0.0,-8.15,0.0,-0.5,-0.5,2.75,-0.4448,0.0,2.0,0.5,0.0,0.0,0.0,0.0,-5.477
2.182,2.277,2.09,2.701,-2.545,1.465,-3.158,2.785,-2.36,-2.111,-2.812,1.583,-0.7144,0.1881,-1.0,-1.0,2.768,2.076,-0.983,0.0,-0.1869,3.135,4.39,5.094,-2.086,-0.3623,-5.035,-2.514,5.082,-2.514,2.547,2.547,0.906,2.04,2.312,0.0,0.0,2.176,0.0,2.055,-0.67,0.0,0.0,0.0,0.0,-8.15,-1.0,-1.0,-1.0,2.75,-2.195,0.0,3.0,0.5,0.0,0.0,0.0,0.0,-5.477
2.123,2.258,1.986,2.701,-2.545,1.465,-3.158,2.785,-2.36,-2.164,-3.193,0.622,-0.7144,0.1782,-1.0,-1.0,2.768,2.695,-1.329,0.0,-0.1843,3.135,4.547,5.094,-2.086,-0.437,-0.497,-2.514,5.082,-2.514,-0.173,-2.514,-2.514,1.973,2.28,0.0,0.0,2.133,0.0,1.738,-0.7153,0.0,0.0,0.0,0.0,-8.15,-1.0,-1.0,-1.0,2.75,-2.195,0.0,4.0,0.5,0.0,0.0,1.0,-3.82,-5.477
2.094,2.236,1.951,2.701,-1.529,1.991,-3.158,2.785,-2.36,-1.928,-3.51,-0.4622,-0.7144,0.1683,-1.0,-1.0,2.768,1.76,-0.87,0.0,-0.1818,3.135,4.76,5.094,-2.086,-0.4875,-5.035,2.549,5.082,-2.514,-2.514,2.547,2.547,1.906,2.256,0.0,0.0,2.11,0.0,2.156,-0.5884,0.0,0.0,0.0,0.0,7.266,-1.0,-1.0,-1.0,2.75,-0.581,1.0,0.0,0.5,0.0,0.0,0.0,0.0,5.766
2.072,2.217,1.928,2.701,-0.8125,2.467,-3.158,2.785,-1.838,-1.815,-3.758,-0.1621,-0.7144,0.1584,-1.0,-1.0,2.768,1.577,-0.799,0.0,-0.1793,3.135,4.965,5.094,-1.809,-0.522,-5.035,0.9097,5.082,2.549,-2.514,-0.173,-2.062,1.891,2.23,0.0,0.0,2.09,0.0,2.22,-0.4958,0.0,0.0,0.0,0.0,3.484,0.0,-0.5,-0.5,2.75,0.08514,2.0,0.0,0.5,0.0,0.0,0.0,0.0,1.276
2.07,2.209,1.934,1.601,1.143,2.91,-3.158,2.785,0.305,-1.297,-3.908,-1.222,-0.5713,0.1486,0.0,-1.0,2.053,0.863,-0.4604,0.0,-0.1768,3.135,5.07,5.094,0.2925,-0.548,-1.984,2.549,5.082,0.9097,-2.514,-2.514,-2.514,1.87,2.213,0.0,0.0,2.082,0.0,2.527,-0.342,0.0,0.0,0.0,0.0,7.266,1.0,0.0,-0.5,2.316,2.033,3.0,0.0,0.5,0.0,0.0,0.0,0.0,5.766
2.066,2.197,1.934,2.008,0.6724,2.91,-3.158,2.785,-0.1168,-1.421,-3.96,-0.958,-0.5713,0.1387,-1.0,-1.0,2.205,1.048,-0.544,0.0,-0.1742,2.762,5.113,5.094,-0.1477,-0.556,-5.035,-0.986,5.082,2.549,2.547,-2.514,2.547,1.844,2.195,0.0,0.0,2.078,0.0,2.451,-0.2272,0.0,0.0,0.0,0.0,-3.674,1.0,-0.5,-0.5,2.654,1.518,0.0,1.0,0.5,0.0,0.0,0.0,0.0,-1.236
2.078,2.215,1.942,0.294,1.803,2.91,-3.158,2.785,1.81,-0.932,-3.998,-17.1,-0.4285,0.1287,0.0,-1.0,1.584,0.4026,-0.2242,0.0,-0.1718,3.135,4.703,5.09,1.248,-0.478,-1.269,2.549,5.082,-0.986,0.9097,-2.514,-2.514,1.87,2.182,0.0,0.0,2.074,0.0,2.74,-0.1927,0.0,0.0,0.0,0.0,7.266,2.0,0.0,-0.5,1.037,2.045,1.0,0.0,0.5,0.0,1.0,0.0,4.234,5.766
2.088,2.225,1.954,0.539,1.803,2.91,-3.158,2.785,1.616,-0.9746,-3.969,0.03253,-0.2856,0.11884,0.0,-1.0,1.625,0.4653,-0.253,0.0,-0.1692,1.551,4.21,4.793,0.965,-0.4575,-5.035,-0.3242,5.082,2.549,2.547,2.547,2.547,1.932,2.168,0.0,0.0,2.074,0.0,2.713,-0.1069,0.0,0.0,0.0,0.0,-3.596,1.0,-0.5,-0.5,1.164,2.045,0.0,1.0,0.5,0.0,0.0,0.0,0.0,-1.157
2.09,2.22,1.957,1.417,1.191,2.91,-3.158,2.785,0.642,-1.211,-3.908,-0.474,-0.1428,0.1089,0.0,-1.0,1.916,0.7725,-0.4094,0.0,-0.1666,0.697,3.838,4.44,0.0397,-0.4514,-5.035,-1.773,5.082,-0.3242,-0.986,0.909,-0.173,2.008,2.152,0.0,0.0,2.064,0.0,2.568,-0.068,0.0,0.0,0.0,0.0,-8.15,0.0,-0.5,-0.5,1.854,1.762,0.0,2.0,0.5,0.0,0.0,1.0,-3.82,-3.248
2.1,2.22,1.9795,0.316,1.803,2.91,-3.158,2.785,1.836,-0.916,-3.96,1.873,-0.1428,0.099,0.0,-1.0,1.495,0.456,-0.2175,0.0,-0.1642,2.271,3.4,4.08,1.21,-0.4648,-2.166,2.242,5.082,-1.773,2.547,2.547,-2.514,2.062,2.14,0.0,0.0,2.062,0.0,2.744,-0.2275,0.0,0.0,0.0,0.0,7.266,0.0,0.0,-0.5,0.6924,2.045,1.0,0.0,0.5,0.0,0.0,0.0,0.0,3.42
2.111,2.22,2.0,0.3079,1.803,2.91,-3.158,2.785,1.667,-0.9126,-3.795,0.04807,0.0,0.0891,0.0,-1.0,1.412,0.537,-0.2168,0.0,-0.1616,0.3965,3.031,3.658,1.115,-0.448,5.086,0.007523,5.082,2.242,-0.324,-0.986,-2.514,2.111,2.129,0.0,0.0,2.057,0.0,2.744,0.1383,0.0,0.0,0.0,0.0,0.0321,1.0,0.5,0.0,0.547,2.045,2.0,0.0,0.5,0.0,0.0,0.0,0.0,0.010315
2.133,2.244,2.02,-0.647,1.803,2.91,-3.158,2.785,1.907,-0.5767,-3.701,0.872,0.0,0.0792,0.0,-1.0,0.988,0.1829,0.002632,0.0,-0.159,1.978,2.648,3.266,1.872,-0.4314,5.086,2.469,5.082,0.007523,-1.773,2.547,-2.514,2.148,2.127,0.0,0.0,2.068,0.0,2.943,0.0257,0.0,0.0,0.0,0.0,7.266,1.0,1.0,0.0,-0.2659,2.045,3.0,0.0,0.5,0.0,0.0,0.0,0.0,4.582
2.148,2.256,2.041,-0.2554,1.803,2.91,-3.158,2.785,1.907,-0.6567,-3.623,-0.00243,0.0,0.06934,0.0,-1.0,1.043,0.3113,-0.0509,0.0,-0.1566,1.225,2.207,2.854,1.872,-0.421,5.086,-0.578,5.082,2.469,2.24,-0.324,2.547,2.19,2.127,0.0,0.0,2.07,0.0,2.893,-0.00471,0.0,0.0,0.0,0.0,-3.059,1.0,0.5,0.0,-0.01461,2.045,0.0,1.0,0.5,0.0,0.0,0.0,0.0,-0.9434
2.174,2.287,2.062,-1.018,1.803,2.91,-3.158,2.785,1.907,-0.3484,-3.338,0.506,0.1428,0.06934,0.0,0.0,0.6665,0.01399,0.1511,0.0,-0.154,2.674,1.675,2.457,1.872,-0.3984,5.086,2.205,5.082,-0.578,0.007523,-1.772,0.909,2.22,2.133,0.0,0.0,2.084,0.0,3.076,0.403,0.0,0.0,0.0,0.0,7.266,2.0,0.5,0.5,-0.9033,2.045,1.0,0.0,0.5,0.0,0.0,0.0,0.0,3.064
2.203,2.31,2.096,-1.174,1.803,2.91,-3.158,2.785,1.907,-0.238,-2.85,0.1006,0.2856,0.06934,0.0,0.0,0.5234,-0.07166,0.2241,0.0,-0.1515,1.884,1.863,2.244,1.872,-0.3337,5.086,0.7676,5.082,2.205,2.469,2.24,2.547,2.262,2.143,0.0,0.0,2.107,0.0,3.143,0.928,1.0,0.0,0.0,0.0,4.01,2.0,0.5,1.0,-1.165,2.045,2.0,0.0,0.5,0.0,0.0,0.0,0.0,1.205
2.227,2.309,2.146,-1.127,1.803,2.91,-3.158,2.785,1.907,-0.259,-2.227,-0.1068,0.4285,0.06934,0.0,0.0,0.52,-0.02301,0.2114,0.0,-0.149,1.338,2.822,2.242,1.872,-0.251,5.086,-0.1321,5.082,0.7676,-0.578,0.007523,-0.9854,2.312,2.152,0.0,0.0,2.115,0.0,3.13,1.429,1.0,0.0,0.0,0.0,-0.4453,1.0,0.5,1.0,-1.154,2.045,0.0,1.0,0.5,0.0,0.0,0.0,0.0,-0.1321
2.262,2.336,2.188,-1.631,1.803,2.91,-3.158,2.512,1.907,0.0739,-1.706,0.423,0.5713,0.06934,0.0,0.0,0.157,-0.3228,0.4316,0.0,-0.1465,1.308,3.965,2.61,1.872,-0.1744,3.207,2.291,5.082,-0.1321,2.203,2.469,2.547,2.367,2.164,0.0,0.0,2.145,0.0,3.33,1.346,1.0,0.0,0.0,0.0,7.266,1.0,0.5,1.0,-1.384,2.045,1.0,0.0,0.5,0.0,1.0,0.0,4.234,3.39
2.299,2.371,2.227,-1.631,1.803,2.91,-3.158,2.336,1.907,0.254,-1.169,0.1677,0.7144,0.06934,0.0,0.0,-0.02283,-0.4814,0.552,0.0,-0.1439,1.5625,5.156,3.28,1.872,-0.0915,5.086,1.208,5.082,2.291,0.767,-0.578,-0.324,2.43,2.18,0.0,0.0,2.168,0.0,3.44,1.364,1.0,0.0,0.0,0.0,7.266,2.0,1.0,1.0,-1.384,2.045,2.0,0.0,0.5,0.0,0.0,0.0,0.0,2.559
2.352,2.44,2.264,-1.631,1.803,2.91,-3.158,2.168,1.907,0.763,-0.6396,0.5522,0.7144,0.06934,0.0,0.0,-0.47,-0.9277,0.6133,1.0,-0.2903,3.135,5.156,4.418,1.872,-0.1975,5.086,2.549,5.082,1.208,-0.1321,2.203,-1.772,2.504,2.2,0.0,0.0,2.201,0.0,3.744,1.364,1.0,0.0,0.0,0.0,7.266,2.0,1.5,1.0,-1.384,2.045,3.0,0.0,0.5,0.0,0.0,0.0,0.0,5.766
2.4,2.492,2.309,-1.631,1.803,2.91,-3.158,2.139,1.907,0.758,-0.0758,-0.00567,0.857,0.06934,0.0,0.0,-0.468,-0.92,0.6133,1.0,-0.2903,1.505,5.156,5.094,1.872,-0.1169,5.086,0.00623,5.082,2.549,2.291,0.767,2.24,2.582,2.219,0.0,0.0,2.244,0.0,3.744,1.478,1.0,0.0,0.0,0.0,0.05652,2.0,1.5,1.5,-1.384,2.045,4.0,0.0,-0.5,0.0,0.0,0.0,0.0,0.01502
2.451,2.547,2.357,-1.631,1.803,2.91,-3.158,1.727,1.907,0.953,0.4097,0.1893,0.857,0.06934,0.0,0.0,-0.659,-1.046,0.6133,1.0,-0.2903,2.955,5.156,5.094,1.872,-0.0909,5.086,1.239,5.082,0.00623,1.207,-0.132,0.00752,2.656,2.24,0.0,0.0,2.303,0.0,3.865,1.464,1.0,0.0,0.0,0.0,7.266,3.0,1.5,1.5,-1.384,2.045,5.0,0.0,0.0,0.0,0.0,0.0,0.0,3.207
2.482,2.58,2.387,-1.416,1.803,2.91,-0.01517,1.994,1.907,0.5464,0.806,-0.33,0.857,0.06934,0.0,0.0,-0.307,-0.72,0.3657,0.0,-0.2878,1.43,5.156,5.094,1.753,0.006226,5.086,-2.41,5.082,1.239,2.547,2.291,2.467,2.7,2.262,0.0,0.0,2.363,0.0,3.623,1.008,1.0,0.0,0.0,0.0,-8.15,2.0,1.0,1.5,-1.384,2.045,0.0,1.0,0.0,0.0,0.0,0.0,0.0,-4.35
2.518,2.607,2.428,-1.619,1.803,2.91,-0.01517,1.906,1.907,0.686,1.303,0.1388,0.857,0.06934,0.0,0.0,-0.4304,-0.8354,0.4556,0.0,-0.2854,1.252,5.156,5.094,1.821,0.0801,5.086,0.909,5.082,-2.41,0.00623,1.207,-0.578,2.754,2.281,0.0,0.0,2.414,0.0,3.709,1.339,1.0,0.0,0.0,0.0,4.207,2.0,1.5,2.0,-1.384,2.045,1.0,0.0,0.0,0.0,0.0,0.0,0.0,1.142
2.541,2.627,2.457,-1.018,1.803,2.91,-0.01517,2.004,1.303,0.5244,1.682,-0.274,0.857,0.06934,0.0,0.0,-0.2876,-0.701,0.359,0.0,-0.2827,2.076,5.156,5.094,0.993,0.1432,5.086,-0.9644,5.082,0.909,1.239,2.547,2.203,2.78,2.303,0.0,0.0,2.46,0.0,3.615,1.049,1.0,0.0,0.0,0.0,-5.723,1.0,1.0,1.5,-1.062,2.045,0.0,1.0,0.0,0.0,0.0,0.0,0.0,-1.529
2.564,2.639,2.49,-0.9497,1.803,2.791,-0.01517,1.999,0.988,0.5317,2.062,-0.10077,0.857,0.06934,0.0,0.0,-0.2942,-0.707,0.3665,0.0,-0.2803,0.1033,5.156,5.094,0.779,0.1925,5.086,0.0764,5.082,-0.9644,-2.41,0.00623,0.767,2.797,2.328,0.0,0.0,2.496,0.0,3.623,1.054,1.0,0.0,0.0,0.0,0.3804,1.0,1.0,1.5,-1.033,2.012,1.0,0.0,0.0,-0.5,0.0,0.0,0.0,0.10333
2.588,2.654,2.523,-1.092,1.803,2.791,-0.01517,1.826,0.983,0.6167,2.379,0.138,0.857,0.06934,0.0,0.0,-0.3809,-0.7666,0.422,0.0,-0.2778,0.1566,5.156,5.094,0.7856,0.2467,5.086,0.566,5.082,0.0764,0.909,1.239,-0.132,2.791,2.346,0.0,0.0,2.537,0.0,3.676,0.953,1.0,0.0,0.0,0.0,2.139,1.0,1.5,1.5,-1.103,2.045,2.0,0.0,0.0,-0.5,0.0,0.0,0.0,0.5806
2.598,2.652,2.541,-0.03903,0.992,2.791,-0.01517,2.059,-0.352,0.2583,2.625,-1.19,0.7144,0.06934,-1.0,0.0,-0.0516,-0.4592,0.2034,0.0,-0.2751,1.915,5.156,5.094,-0.5127,0.288,5.086,-2.197,5.082,0.566,-0.9644,-2.41,2.291,2.766,2.37,0.0,0.0,2.56,0.0,3.463,0.631,0.0,0.0,0.0,0.0,-8.15,1.0,1.0,1.5,-0.01862,0.9995,0.0,1.0,0.0,-0.5,0.0,0.0,0.0,-2.574
2.607,2.654,2.562,-0.2932,1.07,2.791,-0.01517,1.839,-0.257,0.337,2.809,-0.297,0.5713,0.06934,-1.0,0.0,-0.1409,-0.5127,0.255,0.0,-0.2727,0.29,5.156,5.094,-0.4053,0.319,5.086,0.536,5.082,-2.197,0.07635,0.909,1.207,2.734,2.387,0.0,0.0,2.586,0.0,3.512,0.5044,0.0,0.0,0.0,0.0,2.037,1.0,1.0,1.5,-0.1893,1.148,1.0,0.0,0.0,-0.5,0.0,0.0,0.0,0.5684
2.617,2.654,2.582,-0.2311,0.865,2.791,-0.01517,1.721,-0.4524,0.3125,2.957,1.652,0.4285,0.06934,-1.0,0.0,-0.1301,-0.4783,0.2428,0.0,-0.2703,0.2411,5.156,5.094,-0.6147,0.3508,-2.123,-0.1231,5.082,0.536,0.566,-0.9644,2.547,2.725,2.402,0.0,0.0,2.617,0.0,3.5,0.4114,0.0,0.0,0.0,0.0,-0.5327,1.0,0.5,1.0,-0.0648,1.018,0.0,1.0,0.0,-0.5,0.0,0.0,0.0,-0.1473
2.617,2.646,2.588,0.4233,0.0922,2.791,-0.01517,1.844,-1.244,0.0833,3.059,2.719,0.2856,0.06934,-1.0,0.0,0.08856,-0.268,0.10236,0.0,-0.2676,0.901,5.156,5.094,-1.364,0.363,-2.725,-1.455,5.082,-0.1231,-2.197,0.07635,0.00623,2.691,2.422,0.0,0.0,2.637,0.0,3.363,0.1976,0.0,0.0,0.0,0.0,-5.387,0.0,0.0,1.0,0.5786,0.283,0.0,2.0,0.0,-0.5,0.0,1.0,-3.82,-1.492
2.617,2.643,2.592,0.4062,0.0646,2.791,-0.01517,1.666,-1.266,0.0802,3.072,0.1636,0.1428,0.06934,-1.0,0.0,0.07556,-0.2479,0.10114,0.0,-0.2651,-0.1377,5.156,5.094,-1.432,0.3765,-5.035,-0.01331,5.082,-1.455,0.536,0.5654,1.239,2.67,2.451,0.0,0.0,2.658,0.0,3.363,-0.07166,0.0,0.0,0.0,0.0,-0.0354,-1.0,-0.5,0.5,0.5215,0.2104,0.0,3.0,0.0,-0.5,0.0,0.0,0.0,-0.010056
2.629,2.654,2.604,-0.521,0.9683,2.791,-0.01517,1.573,-0.3079,0.4014,3.12,-0.77,0.0,0.06934,-1.0,0.0,-0.221,-0.5474,0.3018,0.0,-0.2627,1.392,5.156,5.094,-0.5264,0.3936,-1.936,2.13,5.082,-0.01331,-0.1231,-2.197,-2.41,2.664,2.492,0.0,0.0,2.678,0.0,3.557,0.05075,0.0,0.0,0.0,0.0,7.266,0.0,0.0,0.5,-0.4128,1.034,1.0,0.0,0.0,-0.5,1.0,0.0,4.234,2.156
2.633,2.654,2.61,0.09625,0.311,2.791,-0.01517,1.363,-0.811,0.2021,2.979,3.008,-0.1428,0.06934,-1.0,0.0,-0.0635,-0.3386,0.1796,0.0,-0.26,0.6836,5.156,5.094,-1.076,0.3828,-4.23,-1.254,5.05,2.13,-1.454,0.536,0.9087,2.643,2.52,0.0,0.0,2.695,0.0,3.438,-0.6436,0.0,0.0,0.0,0.0,-2.912,-1.0,-0.5,0.0,0.2566,0.482,0.0,1.0,0.0,-0.5,0.0,0.0,0.0,-0.799
2.646,2.668,2.625,-0.707,1.087,2.791,-0.01517,1.255,0.1497,0.494,2.914,-1.371,-0.1428,0.06934,0.0,0.0,-0.329,-0.602,0.362,0.0,-0.2576,0.9004,5.156,5.094,-0.08844,0.3635,-2.582,1.911,4.43,-1.254,-0.013306,-0.1231,-0.964,2.656,2.55,0.0,0.0,2.715,0.0,3.615,-0.321,0.0,0.0,0.0,0.0,7.266,0.0,0.0,0.0,-0.4656,1.284,1.0,0.0,0.0,-0.5,0.0,0.0,0.0,2.08
2.658,2.672,2.645,-0.586,0.848,2.791,-0.01517,1.012,0.1559,0.4617,2.787,0.1691,-0.1428,0.06934,0.0,0.0,-0.3232,-0.5493,0.3438,0.0,-0.2551,0.3152,4.984,5.094,0.00869,0.3247,-2.754,-0.1846,3.836,1.911,2.13,-1.454,0.07635,2.664,2.574,0.0,0.0,2.729,0.0,3.596,-0.5566,0.0,0.0,0.0,0.0,-0.629,0.0,-0.5,-0.5,-0.4197,0.9727,0.0,1.0,0.0,-0.5,0.0,0.0,0.0,-0.1708
2.678,2.691,2.662,-1.128,1.411,2.791,-0.01517,0.86,0.858,0.6973,2.826,2.982,-0.1428,0.06934,0.0,0.0,-0.533,-0.745,0.4924,0.0,-0.2524,1.369,3.76,5.094,0.7617,0.3215,-4.14,1.513,3.14,-0.1846,-1.253,-0.013306,0.5654,2.686,2.602,0.0,0.0,2.75,0.0,3.74,0.07404,0.0,0.0,0.0,0.0,6.03,1.0,-0.5,0.0,-0.915,1.544,1.0,0.0,0.0,-0.5,0.0,0.0,0.0,1.643
2.686,2.7,2.674,-0.392,0.652,2.791,-0.01517,0.911,0.1798,0.464,2.77,-0.621,-0.1428,0.06934,0.0,0.0,-0.3342,-0.5415,0.35,0.0,-0.25,1.094,2.717,5.094,0.07086,0.3184,1.254,-1.413,2.805,1.513,1.91,2.129,-2.197,2.709,2.621,0.0,0.0,2.758,0.0,3.602,-0.307,0.0,0.0,0.0,0.0,-4.297,0.0,-0.5,-0.5,-0.1844,0.837,0.0,1.0,0.0,-0.5,0.0,0.0,0.0,-1.142
2.688,2.701,2.676,0.1311,0.1222,2.791,-0.03995,0.9424,-0.2983,0.2961,2.715,-1.636,-0.2856,0.06934,-1.0,0.0,-0.1852,-0.3882,0.2472,0.0,-0.2474,1.907,1.884,5.094,-0.36,0.3018,0.3765,-1.046,2.707,-1.413,-0.1844,-1.253,0.536,2.72,2.639,0.0,0.0,2.76,0.0,3.502,-0.3162,0.0,0.0,0.0,0.0,-6.7,0.0,-1.0,-0.5,0.366,0.3772,0.0,2.0,0.0,-0.5,0.0,0.0,0.0,-1.823
2.69,2.703,2.676,0.2568,9.01e-05,2.791,-0.1666,1.034,-0.3674,0.2559,2.645,0.5566,-0.4285,0.06934,-1.0,0.0,-0.1411,-0.3586,0.2234,0.0,-0.245,0.7026,1.286,5.094,-0.4033,0.2861,0.643,-0.2466,2.639,-1.046,1.513,1.91,-0.12305,2.715,2.658,0.0,0.0,2.752,0.0,3.479,-0.3635,0.0,0.0,0.0,0.0,-1.094,-1.0,-1.0,-1.0,0.466,0.2369,0.0,3.0,0.0,-0.5,0.0,0.0,0.0,-0.303
2.682,2.695,2.668,0.8213,-0.5566,2.791,-0.7993,1.187,-0.855,0.06323,2.502,2.26,-0.5713,0.06934,-1.0,0.0,0.04843,-0.1852,0.10486,0.0,-0.2424,0.685,1.238,3.914,-0.842,0.254,3.953,-1.231,2.707,-0.2466,-1.413,-0.1844,-1.454,2.707,2.672,0.0,0.0,2.74,0.0,3.361,-0.618,0.0,0.0,0.0,0.0,-8.15,-1.0,-1.0,-1.5,0.944,-0.3704,0.0,4.0,0.0,-0.5,0.0,0.0,0.0,-2.514
2.678,2.691,2.664,0.6606,-0.3887,-0.307,-0.7993,1.118,-0.7075,0.09937,2.46,-0.07556,-0.5713,0.06934,-1.0,0.0,0.00866,-0.2145,0.1287,0.0,-0.2399,1.22,1.449,2.91,-0.6875,0.2465,3.988,0.253,2.297,-1.231,-1.045,1.512,-0.013306,2.688,2.686,0.0,0.0,2.725,0.0,3.385,-0.2676,0.0,0.0,0.0,0.0,1.021,-1.0,-0.5,-1.0,0.774,-0.2247,1.0,0.0,0.0,-0.5,0.0,0.0,0.0,0.29
2.666,2.684,2.648,1.278,-0.951,-0.307,-0.7993,1.224,-1.271,-0.1091,2.346,1.1875,-0.5713,0.06934,-1.0,0.0,0.2155,-0.01354,0.0001389,0.0,-0.2374,0.743,1.763,2.18,-1.263,0.2316,-0.7397,-1.358,2.646,0.253,-0.2466,-1.412,2.129,2.656,2.693,0.0,0.0,2.713,0.0,3.26,-0.556,0.0,0.0,0.0,0.0,-5.543,-1.0,-1.0,-1.5,1.4,-0.7285,0.0,1.0,0.0,-0.5,0.0,0.0,0.0,-1.567
2.662,2.68,2.643,0.6245,-0.2834,-0.307,-0.7993,1.194,-0.6294,0.0762,2.277,-0.466,-0.5713,0.06934,-1.0,0.0,0.037,-0.1987,0.11743,0.0,-0.2349,0.698,2.047,1.702,-0.6035,0.2173,1.461,1.268,2.531,-1.358,-1.231,-1.045,-1.253,2.623,2.705,0.0,0.0,2.703,0.0,3.373,-0.329,0.0,0.0,0.0,0.0,4.92,0.0,-0.5,-1.0,0.7617,-0.09607,1.0,0.0,0.0,-0.5,0.0,0.0,0.0,1.424
2.658,2.676,2.643,0.4988,-0.1746,-0.307,-0.7993,1.096,-0.5454,0.1035,2.283,-0.03583,-0.5713,0.06934,-1.0,0.0,0.002832,-0.2164,0.1362,0.0,-0.2323,0.5483,2.195,1.457,-0.5083,0.2173,-3.047,0.1991,2.512,1.268,0.2527,-0.2465,1.91,2.604,2.71,0.0,0.0,2.695,0.0,3.39,-0.0811,0.0,0.0,0.0,0.0,0.6484,1.0,-0.5,-0.5,0.6606,0.02971,2.0,0.0,0.0,-0.5,0.0,0.0,0.0,0.1837
2.66,2.678,2.645,0.1617,0.1536,-0.2803,-0.7993,1.088,-0.2374,0.2089,2.314,-0.642,-0.5713,0.06934,-1.0,0.0,-0.094,-0.3186,0.204,0.0,-0.2299,0.1733,2.178,1.375,-0.1866,0.2213,-3.152,0.7144,2.414,0.1991,-1.357,-1.231,-0.1844,2.6,2.719,0.0,0.0,2.691,0.0,3.455,0.02573,0.0,0.0,0.0,0.0,1.969,2.0,0.0,0.0,0.2722,0.2756,3.0,0.0,0.0,-0.5,0.0,0.0,0.0,0.5557
2.656,2.674,2.639,0.7715,-0.4412,-0.2803,-0.7993,1.181,-0.794,0.005898,2.209,5.133,-0.5713,0.06934,-1.0,0.0,0.1017,-0.1271,0.07916,0.0,-0.2273,2.268,1.978,1.443,-0.783,0.2145,-5.035,-1.301,2.285,0.7144,1.268,0.2527,1.512,2.588,2.723,0.0,0.0,2.68,0.0,3.334,-0.5107,0.0,0.0,0.0,0.0,-4.367,1.0,-0.5,-0.5,0.8447,-0.3123,0.0,1.0,0.0,-0.5,0.0,0.0,0.0,-1.219
2.654,2.674,2.637,0.3499,-0.0164,-0.2803,-0.7993,1.152,-0.3767,0.1328,2.193,-0.5312,-0.5713,0.06934,-1.0,0.0,-0.01909,-0.2507,0.1594,0.0,-0.2247,0.8774,1.719,1.559,-0.3477,0.2083,-4.62,0.8555,2.299,-1.301,0.1991,-1.357,-1.412,2.592,2.725,0.0,0.0,2.68,0.0,3.412,-0.1722,0.0,0.0,0.0,0.0,2.44,2.0,0.0,0.0,0.388,0.0415,1.0,0.0,0.0,-0.5,0.0,0.0,0.0,0.696
2.66,2.676,2.645,-0.05353,0.3586,-0.2803,-0.7993,1.037,0.0961,0.264,2.127,-1.84,-0.5713,0.06934,0.0,0.0,-0.1481,-0.3667,0.2435,0.0,-0.2222,0.4155,1.46,1.663,0.10944,0.2018,-2.621,0.883,2.293,0.8555,0.7144,1.268,-1.045,2.604,2.727,0.0,0.0,2.678,0.0,3.494,-0.3594,0.0,0.0,0.0,0.0,2.504,2.0,0.5,0.0,0.0552,0.462,2.0,0.0,0.0,-0.5,1.0,0.0,4.234,0.704
2.674,2.693,2.656,-0.775,1.127,0.4434,-0.7993,1.157,0.9717,0.544,2.145,4.688,-0.5713,0.06934,0.0,0.0,-0.38,-0.6377,0.4204,0.0,-0.2197,2.666,1.315,1.691,0.9766,0.2072,-2.06,1.831,2.531,0.883,-1.301,0.1991,-0.2465,2.64,2.725,0.0,0.0,2.684,0.0,3.664,-0.01091,0.0,0.0,0.0,0.0,7.266,2.0,1.0,0.5,-0.637,1.206,3.0,0.0,0.0,-0.5,0.0,0.0,0.0,2.785
2.682,2.695,2.666,-0.1809,0.4597,0.4434,-0.7993,1.187,0.4312,0.3462,2.045,-0.4028,-0.5713,0.06934,0.0,0.0,-0.2075,-0.459,0.3005,0.0,-0.2172,0.2245,1.134,1.687,0.4292,0.1956,1.241,-1.203,2.492,1.831,0.8555,0.7144,-1.23,2.656,2.72,0.0,0.0,2.69,0.0,3.547,-0.462,0.0,0.0,0.0,0.0,-3.66,1.0,1.0,0.0,-0.05368,0.573,0.0,1.0,0.0,-0.5,0.0,0.0,0.0,-0.9844
2.686,2.697,2.672,-0.04105,0.2883,0.4434,-0.7993,1.079,0.3333,0.3022,1.995,-0.05344,-0.5713,0.06934,0.0,0.0,-0.1783,-0.4072,0.2761,0.0,-0.2146,-0.2289,0.8677,1.619,0.338,0.1891,1.139,-0.2507,2.414,-1.203,0.883,-1.301,0.2527,2.668,2.715,0.0,0.0,2.695,0.0,3.523,-0.2747,0.0,0.0,0.0,0.0,-0.8765,1.0,0.5,0.0,0.05045,0.374,0.0,2.0,0.0,-0.5,0.0,0.0,0.0,-0.2405
2.684,2.697,2.674,0.3315,-0.1019,0.4434,-0.7993,0.988,-0.04156,0.1758,1.962,-0.774,-0.4285,0.06934,0.0,0.0,-0.07306,-0.277,0.1996,0.0,-0.2122,0.4475,0.6216,1.451,-0.00956,0.1809,4.562,-0.7876,2.393,-0.2507,1.831,0.855,-1.357,2.668,2.71,0.0,0.0,2.693,0.0,3.45,-0.2278,0.0,0.0,0.0,0.0,-3.455,0.0,0.5,0.0,0.4395,0.0306,0.0,3.0,0.0,-0.5,0.0,0.0,0.0,-0.952
2.672,2.686,2.658,1.291,-1.031,0.4434,-0.9873,1.123,-0.9766,-0.1426,1.86,-13.8,-0.4285,0.06934,-1.0,0.0,0.2391,0.03104,0.00202,0.0,-0.2096,1.39,0.4092,1.266,-0.967,0.1713,2.236,-2.06,2.645,-0.7876,-1.203,0.883,1.267,2.662,2.701,0.0,0.0,2.688,0.0,3.256,-0.5034,0.0,0.0,0.0,0.0,-8.15,-1.0,0.0,0.0,1.379,-0.8457,0.0,4.0,0.0,-0.5,0.0,0.0,0.0,-2.818
2.666,2.68,2.654,0.7026,-0.444,0.4434,-0.9873,1.039,-0.4563,0.01659,1.85,-0.5195,-0.4285,0.06934,-1.0,0.0,0.0789,-0.1242,0.103,0.0,-0.207,0.9272,0.3862,1.09,-0.425,0.1655,1.512,1.091,2.592,-2.06,-0.2507,1.83,0.1991,2.656,2.695,0.0,0.0,2.68,0.0,3.354,-0.1406,0.0,0.0,0.0,0.0,6.723,-1.0,0.0,0.5,0.8667,-0.2217,1.0,0.0,0.0,-0.5,0.0,0.0,0.0,1.943
2.672,2.686,2.658,-0.11633,0.388,0.4434,-0.9873,0.995,0.3613,0.284,1.897,-2.486,-0.2856,0.06934,0.0,0.0,-0.1697,-0.3818,0.2722,0.0,-0.2046,1.78,0.3313,0.9985,0.4346,0.166,-0.1854,1.797,2.514,1.091,-0.7876,-1.203,0.7144,2.658,2.693,0.0,0.0,2.676,0.0,3.518,0.0795,0.0,0.0,0.0,0.0,5.152,0.0,0.0,0.5,0.1047,0.609,2.0,0.0,0.0,-0.5,0.0,0.0,0.0,1.463
2.668,2.682,2.656,0.5723,-0.3303,0.4434,-0.9873,1.087,-0.4229,0.0506,1.942,-1.662,-0.2856,0.06934,-1.0,0.0,0.05124,-0.163,0.1287,0.0,-0.202,0.8633,0.2673,0.8447,-0.348,0.1765,2.959,-1.4795,2.023,1.797,-2.06,-0.2507,-1.301,2.633,2.688,0.0,0.0,2.666,0.0,3.379,0.05487,0.0,0.0,0.0,0.0,-3.91,0.0,0.0,0.5,0.7876,-0.0624,0.0,1.0,0.0,-0.5,0.0,0.0,0.0,-1.078
2.672,2.684,2.66,-0.00625,0.2473,0.4434,-0.9873,1.03,0.137,0.235,1.9795,-1.852,-0.1428,0.06934,0.0,0.0,-0.12286,-0.3384,0.2472,0.0,-0.1995,0.4058,0.2233,0.623,0.2002,0.1874,1.16,1.252,1.868,-1.4795,1.091,-0.7876,0.855,2.629,2.69,0.0,0.0,2.662,0.0,3.492,0.05658,0.0,0.0,0.0,0.0,3.873,1.0,0.0,0.5,0.2917,0.5605,1.0,0.0,0.0,-0.5,0.0,0.0,0.0,1.095
2.658,2.676,2.643,1.37,-1.055,0.4434,-0.9873,1.454,-1.212,-0.2074,1.899,-5.727,-0.1428,0.06934,-1.0,0.0,0.3325,0.06744,-0.02745,0.0,-0.197,3.135,0.1715,0.4148,-1.166,0.1816,-0.6377,-2.514,2.09,1.252,1.797,-2.06,0.8823,2.602,2.684,0.0,0.0,2.654,0.0,3.227,-0.3467,0.0,0.0,0.0,0.0,-8.15,1.0,-0.5,0.0,1.6875,-0.6147,0.0,1.0,0.0,-0.5,0.0,0.0,0.0,-3.482
2.652,2.67,2.635,0.8984,-0.559,0.4434,-0.9873,1.468,-0.758,-0.08563,1.822,-0.311,-0.1428,0.06934,-1.0,0.0,0.2147,-0.06107,0.05032,0.0,-0.1945,0.9136,0.0841,0.2227,-0.736,0.1744,-5.035,0.8447,2.14,-2.514,-1.4795,1.091,1.83,2.588,2.68,0.0,0.0,2.648,0.0,3.3,-0.3328,0.0,0.0,0.0,0.0,2.438,1.0,-0.5,0.0,1.2,-0.1715,1.0,0.0,0.0,-0.5,0.0,0.0,0.0,0.7085
2.646,2.666,2.629,0.6797,-0.3484,0.4434,-0.9873,1.382,-0.5884,-0.03525,1.813,-0.1459,-0.1428,0.06934,-1.0,0.0,0.1587,-0.1045,0.08356,0.0,-0.1919,1.528,0.02225,0.1421,-0.537,0.1682,-3.531,0.356,2.158,0.8447,1.252,1.796,-1.203,2.596,2.678,0.0,0.0,2.646,0.0,3.334,-0.1316,0.0,0.0,0.0,0.0,1.056,1.0,0.0,0.5,0.97,0.00991,2.0,0.0,0.0,-0.5,0.0,0.0,0.0,0.3027
2.645,2.662,2.627,0.592,-0.2546,0.4434,-0.9873,1.375,-0.504,-0.01877,1.776,-0.0526,-0.1428,0.06934,-1.0,0.0,0.1425,-0.12067,0.09546,0.0,-0.1895,0.9126,-0.0385,0.05618,-0.4805,0.1691,-3.467,0.1268,2.174,0.356,-2.514,-1.4795,-0.2507,2.594,2.678,0.0,0.0,2.646,0.0,3.344,-0.2268,0.0,0.0,0.0,0.0,0.4104,2.0,0.5,0.5,0.844,0.0556,3.0,0.0,0.0,-0.5,0.0,0.0,0.0,0.11694
2.645,2.662,2.629,0.2186,0.10693,0.4434,-0.9873,1.281,-0.10223,0.09467,1.733,-0.99,-0.1428,0.06934,0.0,0.0,0.02768,-0.2255,0.1682,0.0,-0.1869,-0.04675,-0.07214,0.01198,-0.0869,0.1643,-2.07,0.773,2.021,0.1268,0.8447,1.252,-0.787,2.586,2.676,0.0,0.0,2.652,0.0,3.414,-0.2433,0.0,0.0,0.0,0.0,1.777,2.0,1.0,0.5,0.437,0.3508,4.0,0.0,0.0,-0.5,0.0,0.0,0.0,0.5054
2.645,2.656,2.633,0.3625,-0.1324,0.4434,-0.9873,1.061,-0.1957,0.02916,1.595,-7.793,-0.2856,0.06934,-1.0,0.0,0.069,-0.1389,0.1294,0.0,-0.1843,0.141,-0.04462,0.0618,-0.1735,0.1418,2.574,-0.408,2.016,0.773,0.356,-2.514,-2.06,2.586,2.674,0.0,0.0,2.652,0.0,3.377,-0.5854,0.0,0.0,0.0,0.0,-1.3125,2.0,1.0,0.0,0.5747,0.11566,0.0,1.0,0.0,-0.5,0.0,0.0,0.0,-0.3687
2.645,2.654,2.635,0.22,-0.02327,0.4434,-0.9873,0.987,-0.01193,0.06586,1.519,-2.36,-0.2856,0.06934,0.0,0.0,0.02808,-0.1686,0.1544,0.0,-0.1818,0.1519,0.0287,0.09985,-0.02396,0.1376,0.4663,0.265,2.012,-0.408,0.1268,0.844,1.091,2.578,2.67,0.0,0.0,2.652,0.0,3.4,-0.378,0.0,0.0,0.0,0.0,1.332,2.0,1.0,0.5,0.4553,0.2393,1.0,0.0,0.0,-0.5,0.0,0.0,0.0,0.3765
2.643,2.652,2.637,0.3103,-0.1395,0.4434,-0.9873,1.008,-0.06934,0.0294,1.448,-0.4675,-0.2856,0.06934,0.0,0.0,0.0641,-0.1342,0.133,0.0,-0.1793,-0.1094,0.1519,0.1335,-0.08154,0.1272,-3.455,-0.2242,2.006,0.265,0.773,0.356,1.796,2.592,2.666,0.0,0.0,2.65,0.0,3.379,-0.3733,0.0,0.0,0.0,0.0,-0.6064,1.0,0.5,0.5,0.523,0.1052,0.0,1.0,0.0,-0.5,0.0,0.0,0.0,-0.1707
2.646,2.654,2.639,0.02356,0.1462,0.4434,-0.9873,0.9624,0.2452,0.1228,1.436,7.684,-0.2856,0.06934,0.0,0.0,-0.02686,-0.2227,0.1934,0.0,-0.1768,-0.1057,0.2703,0.1703,0.2472,0.1232,-0.3577,0.6357,1.966,-0.2242,-0.4077,0.1268,-1.479,2.604,2.66,0.0,0.0,2.654,0.0,3.438,-0.148,0.0,0.0,0.0,0.0,1.403,1.0,1.0,1.0,0.1759,0.3032,1.0,0.0,0.0,-0.5,1.0,0.0,2.4,0.3962
2.635,2.645,2.625,1.266,-1.069,0.4434,-0.9873,1.207,-1.034,-0.2795,1.403,-3.752,-0.2856,0.06934,-1.0,0.0,0.3823,0.1681,-0.05756,0.0,-0.1742,2.168,0.3806,0.2037,-1.026,0.1206,-3.035,-2.514,2.258,0.6357,0.265,0.773,1.252,2.592,2.65,0.0,0.0,2.646,0.0,3.193,-0.2332,0.0,0.0,0.0,0.0,-8.15,0.0,0.5,1.0,1.426,-0.8076,0.0,1.0,0.0,-0.5,0.0,1.0,-3.82,-2.414
2.63,2.643,2.621,0.4639,-0.256,0.4434,-0.9873,1.204,-0.2737,-0.05048,1.385,-0.7646,-0.2856,0.06934,-1.0,0.0,0.1573,-0.072,0.08795,0.0,-0.1718,1.841,0.4536,0.2205,-0.2932,0.1233,2.799,1.589,2.232,-2.514,-0.2242,-0.4077,-2.514,2.592,2.648,0.0,0.0,2.643,0.0,3.334,-0.1609,0.0,0.0,0.0,0.0,4.715,1.0,1.0,1.0,0.647,-0.03117,1.0,0.0,0.0,-0.5,0.0,0.0,0.0,1.378
2.625,2.635,2.617,0.7,-0.5303,0.08795,-0.9873,1.101,-0.4817,-0.1438,1.271,1.58,-0.4285,0.06934,-1.0,0.0,0.2383,0.03433,0.03087,0.0,-0.1692,0.3867,0.5645,0.2372,-0.5215,0.11017,1.217,-0.6074,1.804,1.589,0.6353,0.265,0.844,2.578,2.645,0.0,0.0,2.629,0.0,3.28,-0.545,0.0,0.0,0.0,0.0,-2.727,0.0,0.5,0.5,0.8413,-0.3328,0.0,1.0,0.0,-0.5,0.0,0.0,0.0,-0.7764
2.621,2.629,2.613,0.564,-0.3975,0.08795,-0.9873,1.013,-0.3545,-0.1157,1.23,-0.2375,-0.4285,0.06934,-1.0,0.0,0.203,0.01361,0.04968,0.0,-0.1666,0.0189,0.643,0.284,-0.386,0.10236,0.3762,0.2023,1.617,-0.6074,-2.514,-0.2241,0.356,2.572,2.643,0.0,0.0,2.621,0.0,3.297,-0.2847,0.0,0.0,0.0,0.0,0.4924,1.0,0.5,1.0,0.659,-0.2607,1.0,0.0,0.0,-0.5,0.0,0.0,0.0,0.1417
2.627,2.635,2.621,-0.1809,0.3408,0.08795,-0.9873,1.009,0.454,0.1227,1.196,-3.562,-0.4285,0.06934,0.0,0.0,-0.02254,-0.227,0.2014,0.0,-0.1642,1.608,0.643,0.3372,0.4253,0.0964,0.01082,1.626,1.477,0.2023,1.589,0.6353,0.1268,2.576,2.645,0.0,0.0,2.62,0.0,3.443,-0.2205,0.0,0.0,0.0,0.0,4.44,1.0,0.5,1.0,-0.10925,0.394,2.0,0.0,0.0,-0.5,0.0,0.0,0.0,1.273
2.633,2.639,2.627,-0.2147,0.347,0.08795,-0.9873,0.6885,0.431,0.1393,1.286,0.0983,-0.2856,0.06934,0.0,0.0,-0.06647,-0.2126,0.2146,0.0,-0.1616,-0.07556,0.5693,0.3584,0.449,0.10504,-1.474,0.1373,1.499,1.626,-0.607,-2.514,0.7725,2.584,2.648,0.0,0.0,2.62,0.0,3.457,0.4185,0.0,0.0,0.0,0.0,0.2502,2.0,0.5,1.5,-0.1642,0.3748,3.0,0.0,0.0,-0.5,0.0,0.0,0.0,0.0698
2.64,2.646,2.635,-0.3354,0.4775,0.08795,-0.237,0.5796,0.547,0.1936,1.357,0.376,-0.1428,0.06934,0.0,0.0,-0.1257,-0.2551,0.2517,0.0,-0.159,-0.4507,0.4526,0.3582,0.576,0.1174,-0.434,0.385,1.527,0.1373,0.2021,1.589,-0.4077,2.588,2.65,0.0,0.0,2.629,0.0,3.492,0.345,0.0,0.0,0.0,0.0,0.7974,2.0,1.0,1.5,-0.2812,0.4998,4.0,0.0,0.0,-0.5,0.0,0.0,0.0,0.222
2.648,2.656,2.643,-0.4807,0.6396,0.08795,-0.237,0.4385,0.7056,0.2625,1.433,0.4065,0.0,0.06934,0.0,0.0,-0.2003,-0.308,0.298,0.0,-0.1566,-0.121,0.3342,0.342,0.7124,0.1372,-0.741,0.4797,1.728,0.385,1.626,-0.607,0.265,2.62,2.654,0.0,0.0,2.635,0.0,3.537,0.3694,0.0,0.0,0.0,0.0,1.54,3.0,1.0,1.5,-0.4087,0.67,5.0,0.0,0.0,-0.5,0.0,0.0,0.0,0.426
2.656,2.664,2.648,-0.2693,0.4282,0.05795,-0.237,0.3506,0.476,0.2065,1.489,-0.164,0.1428,0.06934,0.0,0.0,-0.158,-0.2458,0.266,0.0,-0.154,-0.2964,0.2023,0.3228,0.5117,0.1445,0.1112,-0.3281,1.716,0.4797,0.1373,0.2021,-0.2241,2.635,2.656,0.0,0.0,2.635,0.0,3.506,0.2573,0.0,0.0,0.0,0.0,-0.6074,2.0,1.0,1.0,-0.2327,0.4368,0.0,1.0,0.0,-0.5,0.0,0.0,0.0,-0.1667
2.662,2.67,2.654,-0.2485,0.4204,0.05795,-0.237,0.3662,0.4753,0.2137,1.518,0.1415,0.1428,0.06934,0.0,0.0,-0.1631,-0.2542,0.2737,0.0,-0.1515,0.4495,0.10846,0.2825,0.523,0.1499,-1.01,0.07764,1.84,-0.3281,0.385,1.625,0.6353,2.656,2.66,0.0,0.0,2.639,0.0,3.512,0.12396,0.0,0.0,0.0,0.0,0.161,2.0,1.0,1.0,-0.2368,0.403,1.0,0.0,0.0,-0.5,0.0,0.0,0.0,0.04443
2.672,2.684,2.662,-0.4888,0.6943,0.05795,-0.237,0.4348,0.747,0.3167,1.59,0.648,0.2856,0.06934,0.0,0.0,-0.2489,-0.3591,0.342,0.0,-0.149,1.166,0.2186,0.2202,0.808,0.1624,5.086,0.704,2.025,0.07764,0.4797,0.1373,-2.514,2.684,2.664,0.0,0.0,2.64,0.0,3.578,0.3735,0.0,0.0,0.0,0.0,1.754,2.0,1.5,1.5,-0.4568,0.6807,2.0,0.0,0.0,-0.5,0.0,0.0,0.0,0.4834
2.68,2.69,2.67,-0.2402,0.4497,0.05795,-0.12286,0.402,0.4885,0.2482,1.635,-0.1859,0.2856,0.06934,0.0,0.0,-0.1909,-0.2908,0.3025,0.0,-0.1465,-0.1565,0.332,0.1754,0.5967,0.1643,2.654,-0.4023,1.95,0.704,-0.328,0.3848,1.589,2.691,2.666,0.0,0.0,2.652,0.0,3.54,0.2128,0.0,0.0,0.0,0.0,-0.6475,1.0,1.0,1.0,-0.2158,0.447,0.0,1.0,0.0,-0.5,0.0,0.0,0.0,-0.1764
2.686,2.697,2.674,-0.1975,0.4248,0.05795,-0.12286,0.5015,0.4402,0.2477,1.689,0.05518,0.2856,0.06934,0.0,0.0,-0.1815,-0.2998,0.3057,0.0,-0.1439,1.01,0.527,0.1938,0.5303,0.1805,4.527,0.03214,1.977,-0.4023,0.0776,0.4797,-0.607,2.7,2.662,0.0,0.0,2.66,0.0,3.543,0.2786,0.0,0.0,0.0,0.0,0.0755,1.0,1.5,1.5,-0.2155,0.3794,1.0,0.0,0.0,-0.5,0.0,0.0,0.0,0.02072
2.697,2.71,2.684,-0.6084,0.879,0.05795,-0.12286,0.5547,0.912,0.4133,1.763,1.075,0.2856,0.06934,0.0,0.0,-0.3225,-0.461,0.414,0.0,-0.1414,1.338,0.7207,0.257,1.032,0.1901,4.734,1.111,2.236,0.03214,0.704,-0.328,0.2021,2.715,2.666,0.0,0.0,2.67,0.0,3.648,0.369,0.0,0.0,0.0,0.0,2.508,2.0,1.5,1.5,-0.698,0.723,2.0,0.0,0.0,-0.5,0.0,0.0,0.0,0.6875
2.715,2.729,2.703,-1.04,1.292,0.05795,-0.12286,0.3433,1.298,0.595,1.991,0.5547,0.4285,0.06934,0.0,0.0,-0.4956,-0.6055,0.5337,0.0,-0.1389,-0.3052,1.193,0.5244,1.384,0.2394,1.98,1.205,2.762,1.111,-0.402,0.0776,1.625,2.736,2.67,0.0,0.0,2.684,0.0,3.764,1.429,1.0,0.0,0.0,0.0,4.168,2.0,1.5,2.0,-1.109,1.125,3.0,0.0,0.0,-0.5,1.0,0.0,4.234,1.121
2.73,2.744,2.717,-0.82,1.087,0.05795,-0.12286,0.355,1.033,0.555,2.152,-0.0627,0.5713,0.06934,0.0,0.0,-0.4612,-0.5713,0.513,0.0,-0.1364,1.651,1.87,0.974,1.029,0.2886,2.46,-0.204,3.145,1.205,0.03214,0.7036,0.1373,2.758,2.678,0.0,0.0,2.695,0.0,3.742,1.183,1.0,0.0,0.0,0.0,-0.8794,1.0,1.0,1.5,-0.93,0.892,0.0,1.0,0.0,-0.5,0.0,0.0,0.0,-0.232
2.754,2.773,2.738,-1.421,1.742,0.05795,-0.12286,0.4016,1.682,0.8286,2.406,0.7627,0.7144,0.06934,0.0,0.0,-0.68,-0.814,0.6133,1.0,-0.2903,0.4443,2.887,1.699,1.51,0.2925,2.29,1.768,3.908,-0.204,1.111,-0.402,0.3848,2.795,2.691,0.0,0.0,2.713,0.0,3.916,1.478,1.0,0.0,0.0,0.0,7.266,2.0,1.0,2.0,-1.384,1.601,1.0,0.0,0.0,-0.5,0.0,0.0,0.0,2.205
2.775,2.795,2.758,-1.208,1.538,0.05795,-0.12286,0.4333,1.391,0.8003,2.645,-0.0344,0.857,0.06934,0.0,0.0,-0.655,-0.7935,0.603,0.0,-0.2878,0.1796,3.842,2.432,1.201,0.343,2.232,-0.1024,4.453,1.768,1.204,0.03214,0.4795,2.824,2.703,0.0,0.0,2.729,0.0,3.904,1.478,1.0,0.0,0.0,0.0,-0.3394,1.0,0.5,1.5,-1.317,1.314,0.0,1.0,0.0,-0.5,0.0,0.0,0.0,-0.0872
2.793,2.81,2.775,-0.8403,1.157,0.05795,-0.12286,0.3286,0.958,0.7026,2.795,-0.1722,0.857,0.06934,0.0,0.0,-0.5854,-0.6987,0.548,0.0,-0.2854,-0.02702,4.637,3.105,0.744,0.3804,3.912,-0.537,4.72,-0.1024,-0.204,1.111,-0.328,2.854,2.71,0.0,0.0,2.744,0.0,3.852,1.147,1.0,0.0,0.0,0.0,-1.584,0.0,0.5,1.0,-0.9478,0.9653,0.0,2.0,0.0,-0.5,0.0,0.0,0.0,-0.408
2.814,2.834,2.795,-1.221,1.576,0.05795,-0.12286,0.3547,1.379,0.89,2.994,0.5728,0.857,0.06934,0.0,0.0,-0.733,-0.862,0.6133,1.0,-0.2903,0.6274,5.156,3.709,1.202,0.3533,4.59,1.218,5.082,-0.537,1.768,1.204,0.0776,2.893,2.725,0.0,0.0,2.762,0.0,3.973,1.274,1.0,0.0,0.0,0.0,3.277,0.0,0.5,1.0,-1.279,1.406,1.0,0.0,0.0,-0.5,0.0,0.0,0.0,0.852
2.836,2.86,2.814,-1.214,1.601,0.05795,0.8945,0.3748,1.374,0.9414,3.191,0.1396,0.857,0.06934,0.0,0.0,-0.771,-0.9062,0.6133,1.0,-0.2903,0.0878,5.156,4.29,1.202,0.3533,4.098,0.376,5.082,1.218,-0.1024,-0.204,0.7036,2.926,2.736,0.0,0.0,2.79,0.0,4.01,1.276,1.0,0.0,0.0,0.0,1.308,1.0,0.5,1.0,-1.294,1.409,2.0,0.0,0.0,-0.5,0.0,0.0,0.0,0.3333
2.85,2.873,2.828,-0.5874,0.979,0.05795,0.6533,0.472,0.6685,0.745,3.314,-0.377,0.857,0.0792,0.0,0.0,-0.607,-0.7495,0.4995,0.0,-0.2878,0.0679,5.156,4.812,0.502,0.3813,5.086,-1.109,5.082,0.376,-0.537,1.768,-0.402,2.94,2.75,0.0,0.0,2.807,0.0,3.896,0.7715,1.0,0.0,0.0,0.0,-2.98,0.0,0.5,0.5,-0.6665,0.8364,0.0,1.0,0.0,-0.5,0.0,0.0,0.0,-0.7544
2.865,2.889,2.844,-0.769,1.153,0.05795,0.6533,0.4863,0.816,0.836,3.48,0.3496,0.857,0.0792,0.0,0.0,-0.678,-0.8286,0.563,0.0,-0.2854,0.0683,5.156,5.094,0.7085,0.4026,5.086,0.6284,5.016,-1.109,1.218,-0.1024,0.0321,2.959,2.764,0.0,0.0,2.828,0.0,3.959,0.968,1.0,0.0,0.0,0.0,1.359,1.0,0.5,1.0,-0.807,1.041,1.0,0.0,0.0,-0.5,0.0,0.0,0.0,0.3506
2.879,2.9,2.86,-0.647,0.9956,0.05795,0.6533,0.4429,0.615,0.812,3.643,-0.09344,0.857,0.0792,0.0,0.0,-0.663,-0.804,0.555,0.0,-0.2827,-0.2118,5.156,5.094,0.546,0.428,5.086,-0.07776,4.703,0.6284,0.376,-0.537,1.11,2.963,2.777,0.0,0.0,2.85,0.0,3.951,0.93,1.0,0.0,0.0,0.0,-0.188,1.0,0.0,0.5,-0.707,0.8687,0.0,1.0,0.0,-0.5,0.0,0.0,0.0,-0.04797
2.902,2.922,2.88,-1.216,1.573,0.05795,0.6533,0.3792,1.217,1.061,3.84,1.047,0.857,0.0792,0.0,0.0,-0.862,-1.005,0.6133,1.0,-0.2903,0.761,5.156,5.094,1.168,0.36,3.258,1.593,4.934,-0.07776,-1.109,1.218,1.204,2.98,2.795,0.0,0.0,2.873,0.0,4.113,1.04,1.0,0.0,0.0,0.0,4.438,1.0,0.0,0.5,-1.187,1.5,1.0,0.0,0.0,-0.5,0.0,0.0,0.0,1.134
2.918,2.938,2.9,-0.8374,1.165,0.05795,0.6533,0.459,0.7344,0.9507,4.03,-0.2544,0.857,0.0792,0.0,0.0,-0.771,-0.9224,0.554,0.0,-0.2878,-0.3745,5.156,5.094,0.7725,0.3809,4.62,-0.5776,4.914,1.593,0.6284,0.376,-0.204,3.0,2.809,0.0,0.0,2.893,0.0,4.05,0.9683,1.0,0.0,0.0,0.0,-1.105,0.0,0.0,0.5,-0.789,1.142,0.0,1.0,0.0,-0.5,0.0,0.0,0.0,-0.2751
2.93,2.943,2.916,-0.5405,0.789,0.05795,0.6533,0.451,0.3071,0.853,4.2,-0.4087,0.857,0.0792,0.0,0.0,-0.695,-0.8394,0.501,0.0,-0.2854,0.3623,5.156,5.094,0.3916,0.4053,1.119,-0.5244,4.766,-0.5776,-0.07776,-1.108,1.768,3.002,2.822,0.0,0.0,2.908,0.0,3.998,0.8003,1.0,0.0,0.0,0.0,-1.44,0.0,-0.5,0.0,-0.5005,0.7803,0.0,2.0,0.0,-0.5,0.0,0.0,0.0,-0.362
2.941,2.95,2.932,-0.5083,0.685,-0.1934,0.6533,0.3125,0.1938,0.846,4.324,-0.1512,0.857,0.0792,0.0,0.0,-0.702,-0.8203,0.5034,0.0,-0.2827,-0.3655,5.156,5.094,0.288,0.4292,1.582,0.02377,4.63,-0.5244,1.593,0.6284,-0.10236,3.002,2.836,0.0,0.0,2.924,0.0,4.0,0.6655,0.0,0.0,0.0,0.0,0.05164,0.0,0.0,0.0,-0.4958,0.6484,1.0,0.0,0.0,-0.5,0.0,0.0,0.0,0.01309
2.947,2.955,2.941,-0.2607,0.4001,-0.1934,0.6533,0.265,-0.09436,0.7627,4.38,-0.88,0.857,0.0792,0.0,0.0,-0.6396,-0.7446,0.4583,0.0,-0.2803,-0.3093,5.156,5.094,-0.0111,0.446,3.156,-0.4456,4.285,0.02377,-0.577,-0.0777,-0.537,3.008,2.848,0.0,0.0,2.938,0.0,3.953,0.3345,0.0,0.0,0.0,0.0,-0.7197,0.0,0.0,-0.5,-0.2334,0.399,0.0,1.0,0.0,-0.5,0.0,0.0,0.0,-0.1825
2.963,2.967,2.959,-0.798,0.9,-0.1934,0.6533,0.1299,0.4321,0.9683,4.426,14.88,0.857,0.0792,0.0,0.0,-0.8135,-0.905,0.591,0.0,-0.2778,0.517,4.9,5.094,0.48,0.4778,0.4197,1.322,4.02,-0.4456,-0.524,1.593,1.218,3.02,2.863,0.0,0.0,2.957,0.0,4.09,0.6157,0.0,0.0,0.0,0.0,3.43,0.0,0.0,0.0,-0.742,0.888,1.0,0.0,0.0,-0.5,0.0,0.0,0.0,0.876
2.975,2.977,2.97,-0.607,0.7026,-0.1934,0.6533,0.04086,0.2651,0.9185,4.426,-0.1918,0.857,0.0792,0.0,0.0,-0.783,-0.8555,0.5674,0.0,-0.2751,0.0502,4.566,5.094,0.303,0.491,-0.2319,-0.2284,3.764,1.322,0.02376,-0.577,0.376,3.03,2.88,0.0,0.0,2.973,0.0,4.062,0.2457,0.0,0.0,0.0,0.0,-0.5405,0.0,-0.5,-0.5,-0.554,0.702,0.0,1.0,0.0,-0.5,0.0,0.0,0.0,-0.135
2.982,2.986,2.98,-0.4014,0.4878,-0.1934,0.6533,0.03372,0.0682,0.8564,4.426,-0.4253,0.857,0.0792,0.0,0.0,-0.735,-0.8022,0.536,0.0,-0.2727,-0.05344,4.28,5.094,0.11395,0.4993,2.709,-0.3057,3.215,-0.2284,-0.4453,-0.524,-1.108,3.021,2.896,0.0,0.0,2.988,0.0,4.03,0.1844,0.0,0.0,0.0,0.0,-0.574,0.0,-0.5,-0.5,-0.3696,0.481,0.0,2.0,0.0,-0.5,0.0,0.0,0.0,-0.144
2.986,2.986,2.984,-0.04926,0.1061,-0.1934,0.588,0.02301,-0.3171,0.7295,4.426,-2.162,0.7144,0.0792,-1.0,0.0,-0.635,-0.693,0.4648,0.0,-0.2703,-0.4473,3.994,5.094,-0.28,0.5103,1.492,-0.703,2.408,-0.3057,1.322,0.02376,0.6284,3.014,2.912,0.0,0.0,3.002,0.0,3.959,0.134,0.0,0.0,0.0,0.0,-1.161,-1.0,-1.0,-0.5,-0.05075,0.09015,0.0,3.0,0.0,-0.5,0.0,0.0,0.0,-0.2927
2.984,2.986,2.984,0.2361,-0.1748,-0.1934,0.2866,-0.01542,-0.5796,0.6245,4.426,1.567,0.5713,0.0792,-1.0,0.0,-0.5522,-0.597,0.406,0.0,-0.2676,-0.00691,3.621,5.094,-0.5566,0.509,1.694,-0.586,1.817,-0.703,-0.2283,-0.4453,-0.0777,3.006,2.926,0.0,0.0,3.012,0.0,3.9,-0.3152,0.0,0.0,0.0,0.0,-1.662,-1.0,-1.0,-1.0,0.226,-0.178,0.0,4.0,0.0,-0.5,0.0,0.0,0.0,-0.4238
2.99,2.992,2.99,-0.1868,0.252,-0.4958,0.2866,-0.03775,-0.1124,0.7686,4.426,-0.9604,0.5713,0.0792,0.0,0.0,-0.6714,-0.7207,0.5015,0.0,-0.2651,-0.013504,3.242,4.727,-0.0824,0.5054,-2.41,0.96,1.517,-0.586,-0.3057,1.322,1.592,3.006,2.938,0.0,0.0,3.02,0.0,3.996,-0.1625,0.0,0.0,0.0,0.0,1.492,-1.0,-1.0,-1.0,-0.182,0.2322,1.0,0.0,0.0,-0.5,0.0,0.0,0.0,0.3843
2.996,2.998,2.998,-0.276,0.3242,-0.4958,0.2866,-0.131,-0.02615,0.8022,4.426,14.88,0.5713,0.0792,0.0,0.0,-0.7065,-0.7407,0.5283,0.0,-0.2627,-0.4258,2.863,4.156,0.00886,0.5137,-1.207,0.2673,1.041,0.96,-0.7026,-0.2283,-0.577,3.012,2.95,0.0,0.0,3.027,0.0,4.023,0.2119,0.0,0.0,0.0,0.0,0.467,0.0,-0.5,-0.5,-0.2766,0.2915,2.0,0.0,0.0,-0.5,0.0,0.0,0.0,0.1184
2.998,3.0,3.0,0.0559,-0.011856,-0.5864,0.2866,-0.1265,-0.349,0.685,4.426,-3.84,0.4285,0.0792,-1.0,0.0,-0.612,-0.64,0.462,0.0,-0.26,-0.11676,2.426,3.732,-0.3276,0.517,0.06174,-0.6567,0.997,0.2673,-0.586,-0.3054,-0.524,3.0,2.959,0.0,0.0,3.03,0.0,3.955,-0.1375,0.0,0.0,0.0,0.0,-1.069,0.0,-0.5,-1.0,0.06683,-0.006023,0.0,1.0,0.0,-0.5,0.0,0.0,0.0,-0.2698
3.004,3.004,3.004,-0.12274,0.164,-0.5864,0.2866,-0.1464,-0.1573,0.746,4.426,-0.7563,0.2856,0.0792,-1.0,0.0,-0.663,-0.691,0.505,0.0,-0.2576,-0.4697,1.966,3.36,-0.1394,0.5215,-0.0956,0.4307,0.925,-0.6567,0.9595,-0.7026,0.02376,2.994,2.97,0.0,0.0,3.033,0.0,4.0,-0.00566,0.0,0.0,0.0,0.0,1.179,1.0,-0.5,-0.5,-0.1603,0.1032,1.0,0.0,0.0,-0.5,0.0,0.0,0.0,0.3008
3.008,3.006,3.01,-0.169,0.1904,-0.5864,0.2866,-0.2744,-0.0521,0.7607,4.363,-2.592,0.2856,0.0792,0.0,0.0,-0.686,-0.6914,0.52,0.0,-0.2551,-0.4084,1.55,2.984,-0.0441,0.516,1.032,0.1484,0.688,0.4307,0.2673,-0.5854,-0.4453,2.992,2.98,0.0,0.0,3.04,0.0,4.016,-0.4277,0.0,0.0,0.0,0.0,0.332,2.0,0.0,-0.5,-0.2177,0.11383,2.0,0.0,0.0,-0.5,0.0,0.0,0.0,0.0841
3.01,3.01,3.014,-0.01529,0.0288,-0.5864,0.2866,-0.337,-0.17,0.704,4.3,-1.91,0.1428,0.0792,-1.0,0.0,-0.6465,-0.6367,0.4912,0.0,-0.2524,-0.4036,1.109,2.596,-0.1763,0.515,-2.123,-0.2844,0.6797,0.1484,-0.6562,0.9595,1.322,2.994,2.992,0.0,0.0,3.04,0.0,3.984,-0.3413,0.0,0.0,0.0,0.0,-0.4585,1.0,-0.5,-0.5,-0.08325,-0.05673,0.0,1.0,0.0,-0.5,0.0,0.0,0.0,-0.1159
3.018,3.016,3.02,-0.2937,0.3135,-0.587,0.2866,-0.3657,0.1443,0.8047,4.29,-6.133,0.1428,0.0792,0.0,0.0,-0.73,-0.72,0.56,0.0,-0.25,0.3606,0.701,2.246,0.1372,0.5186,-1.788,0.6846,0.721,-0.2844,0.4307,0.2673,-0.2283,3.01,3.002,0.0,0.0,3.041,0.0,4.055,0.05057,0.0,0.0,0.0,0.0,1.435,1.0,0.0,0.0,-0.313,0.2593,1.0,0.0,0.0,-0.5,0.0,0.0,0.0,0.3643
3.025,3.025,3.027,-0.4397,0.473,-0.587,0.2866,-0.3528,0.3323,0.868,4.3,0.9375,0.1428,0.0792,0.0,0.0,-0.779,-0.7754,0.6064,0.0,-0.2474,-0.1007,0.352,1.908,0.3347,0.524,-1.027,0.4531,0.688,0.6846,0.1484,-0.6562,-0.3054,3.02,3.014,0.0,0.0,3.047,0.0,4.1,0.1703,0.0,0.0,0.0,0.0,0.97,2.0,0.5,0.0,-0.456,0.4104,2.0,0.0,0.0,-0.5,0.0,0.0,0.0,0.2437
3.03,3.03,3.031,-0.12305,0.1543,-0.587,0.2866,-0.2563,0.00794,0.7603,4.305,-0.652,0.1428,0.0792,0.0,0.0,-0.6846,-0.693,0.546,0.0,-0.245,0.5713,0.007233,1.56,0.01232,0.531,0.9307,-0.59,0.6606,0.4531,-0.2842,0.4304,-0.7026,3.02,3.025,0.0,0.0,3.05,0.0,4.04,0.1184,0.0,0.0,0.0,0.0,-1.141,1.0,0.5,0.0,-0.196,0.05484,0.0,1.0,0.0,-0.5,0.0,0.0,0.0,-0.2842
3.04,3.037,3.04,-0.3708,0.4043,-0.587,0.2866,-0.3428,0.3147,0.854,4.277,2.877,0.1428,0.0792,0.0,0.0,-0.767,-0.764,0.6104,0.0,-0.2424,-0.3528,-0.115,1.209,0.3152,0.532,2.602,0.637,0.701,-0.59,0.684,0.1484,-0.5854,3.033,3.035,0.0,0.0,3.055,0.0,4.105,-0.07404,0.0,0.0,0.0,0.0,0.997,1.0,1.0,0.0,-0.4082,0.3242,1.0,0.0,0.0,-0.5,0.0,0.0,0.0,0.251
3.049,3.049,3.049,-0.4932,0.542,-0.728,0.2866,-0.3677,0.4934,0.9126,4.277,0.5986,0.1428,0.0792,0.0,0.0,-0.815,-0.811,0.6133,1.0,-0.2903,0.1464,-0.1444,0.9214,0.4966,0.497,0.73,0.4202,0.8066,0.637,0.4531,-0.2842,0.9595,3.049,3.043,0.0,0.0,3.057,0.0,4.15,0.1317,0.0,0.0,0.0,0.0,0.7515,2.0,1.0,0.5,-0.525,0.4587,2.0,0.0,0.0,-0.5,0.0,0.0,0.0,0.1871
3.088,3.107,3.068,-1.631,1.803,1.581,0.2866,0.0964,1.907,1.481,4.426,3.969,0.1428,0.0792,0.0,0.0,-1.156,-1.333,0.6133,1.0,-0.2903,1.803,3.416,2.33,1.362,0.3213,0.4363,2.549,3.248,0.4202,-0.59,0.684,0.2673,3.105,3.062,0.0,0.0,3.076,0.0,4.637,1.016,1.0,0.0,0.0,0.0,7.266,2.0,1.0,1.0,-1.384,2.045,3.0,0.0,0.0,-0.5,1.0,0.0,4.234,5.766
3.121,3.152,3.09,-1.631,1.803,1.581,0.2866,0.3362,1.907,1.481,4.426,-0.01085,0.2856,0.0792,0.0,0.0,-1.156,-1.333,0.586,0.0,-0.2878,2.043,5.156,3.56,0.888,0.389,3.625,-0.2688,4.438,2.549,0.6367,0.453,-0.6562,3.162,3.078,0.0,0.0,3.096,0.0,4.605,1.14,1.0,0.0,0.0,0.0,-3.023,1.0,1.0,1.0,-1.384,2.045,0.0,1.0,0.0,-0.5,0.0,0.0,0.0,-0.6934
3.146,3.182,3.113,-1.231,1.757,1.581,0.2866,0.4116,1.63,1.471,4.426,-0.1385,0.4285,0.0792,0.0,0.0,-1.156,-1.326,0.513,0.0,-0.2854,0.3862,5.156,4.566,0.3623,0.4236,4.164,-0.7124,5.05,-0.2688,0.4202,-0.59,0.4304,3.207,3.092,0.0,0.0,3.113,0.0,4.527,1.078,1.0,0.0,0.0,0.0,-3.223,1.0,0.5,1.0,-1.27,1.608,0.0,2.0,0.0,-0.5,0.0,0.0,0.0,-0.742
3.158,3.195,3.123,-0.3696,0.9297,1.581,-0.10046,0.6025,0.678,1.178,4.426,-0.4553,0.4285,0.0792,0.0,0.0,-0.9297,-1.119,0.3518,0.0,-0.2827,1.199,5.156,5.094,-0.463,0.432,5.086,-1.595,5.082,-0.7124,2.547,0.6367,0.1484,3.23,3.104,0.0,0.0,3.125,0.0,4.348,0.507,0.0,0.0,0.0,0.0,-8.15,0.0,0.0,0.5,-0.4028,0.854,0.0,3.0,0.0,-0.5,0.0,1.0,-3.82,-1.905
3.18,3.223,3.139,-0.943,1.567,1.581,-0.10046,0.7144,1.318,1.44,4.426,1.028,0.4285,0.0792,0.0,0.0,-1.109,-1.333,0.511,0.0,-0.2803,1.526,5.156,5.094,0.2507,0.4453,5.086,1.622,5.082,-1.595,-0.2686,0.4202,-0.2842,3.273,3.115,0.0,0.0,3.14,0.0,4.523,0.677,0.0,0.0,0.0,0.0,5.938,0.0,0.5,0.5,-0.927,1.501,1.0,0.0,0.0,-0.5,0.0,0.0,0.0,1.422
3.186,3.229,3.143,0.1465,0.515,1.581,-0.10046,1.053,0.10736,1.055,4.426,-0.7837,0.5713,0.0792,0.0,0.0,-0.7974,-1.064,0.2954,0.0,-0.2778,2.102,5.156,5.094,-0.824,0.4507,5.086,-2.137,5.082,1.622,-0.7124,2.547,0.684,3.291,3.121,0.0,0.0,3.148,0.0,4.285,0.3447,0.0,0.0,0.0,0.0,-8.15,-1.0,0.0,0.5,0.1805,0.5522,0.0,1.0,0.0,-0.5,0.0,0.0,0.0,-1.954
3.186,3.229,3.14,0.529,0.1417,1.581,-0.2734,1.244,-0.345,0.913,4.426,-2.086,0.5713,0.0792,-1.0,0.0,-0.671,-0.966,0.2197,0.0,-0.2751,1.36,5.156,5.094,-1.227,0.4585,5.086,-0.7764,5.082,-2.137,-1.595,-0.2686,0.453,3.297,3.129,0.0,0.0,3.154,0.0,4.2,0.1554,0.0,0.0,0.0,0.0,-2.422,-1.0,-0.5,0.0,0.5728,0.2197,0.0,2.0,0.0,-0.5,0.0,0.0,0.0,-0.5854
3.18,3.223,3.137,0.861,-0.2019,1.581,-0.6626,1.316,-0.7505,0.777,4.426,2.08,0.4285,0.0792,-1.0,0.0,-0.557,-0.8574,0.1469,0.0,-0.2727,-0.3489,5.156,5.094,-1.58,0.4585,5.086,-0.758,5.082,-0.7764,1.622,-0.7124,-0.5894,3.25,3.133,0.0,0.0,3.158,0.0,4.12,0.01591,0.0,0.0,0.0,0.0,-2.422,-1.0,-0.5,-0.5,0.921,-0.08105,0.0,3.0,0.0,-0.5,0.0,0.0,0.0,-0.5933
3.186,3.229,3.145,0.06116,0.58,1.581,-0.6626,1.413,-0.02812,1.048,4.426,-1.1045,0.5713,0.0792,0.0,0.0,-0.7593,-1.093,0.3108,0.0,-0.2703,0.693,5.156,5.094,-0.805,0.463,5.086,1.728,5.082,-0.758,-2.137,-1.595,0.6367,3.223,3.14,0.0,0.0,3.172,0.0,4.3,0.2615,0.0,0.0,0.0,0.0,4.56,0.0,-0.5,0.0,0.2208,0.7476,1.0,0.0,0.0,-0.5,1.0,0.0,3.3,1.131
3.184,3.225,3.145,0.543,0.07117,1.581,-0.6626,1.459,-0.5776,0.8643,4.426,-6.785,0.4285,0.0792,-1.0,0.0,-0.6133,-0.9453,0.2109,0.0,-0.2676,0.010284,5.156,5.094,-1.31,0.4675,5.086,-1.023,5.066,1.728,-0.7764,1.621,0.42,3.191,3.143,0.0,0.0,3.18,0.0,4.19,0.03604,0.0,0.0,0.0,0.0,-2.719,-1.0,-1.0,-0.5,0.7246,0.2996,0.0,1.0,0.0,-0.5,0.0,0.0,0.0,-0.6553
3.186,3.225,3.148,0.3445,0.2437,1.581,-0.6626,1.437,-0.4285,0.9194,4.426,-0.2108,0.2856,0.0792,-1.0,0.0,-0.6587,-0.9897,0.2495,0.0,-0.2651,-0.376,5.156,5.094,-1.143,0.472,-5.035,0.4026,4.94,-1.023,-0.758,-2.137,2.547,3.182,3.146,0.0,0.0,3.186,0.0,4.234,0.0313,0.0,0.0,0.0,0.0,1.012,0.0,-1.0,-0.5,0.5376,0.4697,1.0,0.0,0.0,-0.5,0.0,0.0,0.0,0.2483
3.191,3.227,3.158,0.0759,0.4504,1.581,-0.6626,1.365,-0.2389,1.002,4.426,-0.5205,0.1428,0.0792,-1.0,0.0,-0.729,-1.051,0.3042,0.0,-0.2627,-0.2642,5.156,5.094,-0.905,0.4775,-5.035,0.5654,4.703,0.4026,1.727,-0.776,-0.2686,3.16,3.152,0.0,0.0,3.197,0.0,4.293,0.1783,0.0,0.0,0.0,0.0,1.331,1.0,-0.5,0.0,0.3071,0.697,2.0,0.0,0.0,-0.5,0.0,0.0,0.0,0.3245
3.2,3.23,3.168,-0.1288,0.618,1.581,-0.6626,1.359,-0.07416,1.075,4.426,-1.316,0.1428,0.0792,0.0,0.0,-0.785,-1.109,0.3535,0.0,-0.26,-0.4097,5.156,5.094,-0.69,0.4824,-5.035,0.5034,4.523,0.5654,-1.022,-0.758,-0.7124,3.166,3.16,0.0,0.0,3.209,0.0,4.348,0.1663,0.0,0.0,0.0,0.0,1.144,2.0,0.0,0.0,0.1326,0.882,3.0,0.0,0.0,-0.5,0.0,0.0,0.0,0.2761
3.203,3.232,3.174,0.123,0.3345,1.581,-0.6626,1.365,-0.3657,0.9805,4.426,-7.664,0.0,0.0792,-1.0,0.0,-0.7124,-1.033,0.3047,0.0,-0.2576,-0.1348,1.633,5.094,-0.942,0.4863,-1.589,-0.494,4.297,0.5034,0.4023,1.727,-1.595,3.174,3.168,0.0,0.0,3.219,0.0,4.293,0.04703,0.0,0.0,0.0,0.0,-1.3125,1.0,0.0,-0.5,0.1733,0.388,0.0,1.0,0.0,-0.5,0.0,0.0,0.0,-0.3142
3.21,3.229,3.191,-0.1631,0.4714,1.581,-0.6626,0.767,-0.01023,1.059,4.426,-1.413,0.0,0.0792,0.0,0.0,-0.8257,-1.04,0.358,0.0,-0.2551,0.3438,0.844,5.094,-0.3171,0.4072,-5.035,0.543,3.984,-0.494,0.5654,-1.022,1.621,3.195,3.174,0.0,0.0,3.23,0.0,4.35,-0.5815,0.0,0.0,0.0,0.0,1.445,2.0,0.0,-0.5,-0.0149,0.6094,1.0,0.0,0.0,-0.5,0.0,0.0,0.0,0.349
3.217,3.23,3.205,-0.2096,0.4316,1.581,-0.6626,0.565,0.1231,1.065,4.426,1.537,0.0,0.0792,0.0,0.0,-0.8486,-1.025,0.369,0.0,-0.2524,-0.0435,1.223,5.094,0.00824,0.3506,-0.605,0.1121,3.766,0.543,0.5034,0.4023,-2.135,3.201,3.182,0.0,0.0,3.24,0.0,4.363,-0.5195,0.0,0.0,0.0,0.0,0.536,2.0,0.5,0.0,-0.0524,0.5757,2.0,0.0,0.0,-0.5,0.0,0.0,0.0,0.1282
3.22,3.23,3.21,0.03772,0.1388,1.581,-0.6626,0.5815,-0.05905,0.968,4.426,-0.696,0.0,0.0792,0.0,0.0,-0.773,-0.9478,0.3186,0.0,-0.25,0.0824,1.861,5.094,-0.1257,0.3267,1.646,-0.5093,3.576,0.1121,-0.4937,0.5654,-0.776,3.213,3.188,0.0,0.0,3.248,0.0,4.31,-0.4856,0.0,0.0,0.0,0.0,-1.459,1.0,0.5,0.0,0.1432,0.2458,0.0,1.0,0.0,-0.5,0.0,0.0,0.0,-0.3484
3.219,3.229,3.21,0.3416,-0.1759,1.581,-0.6626,0.507,-0.3438,0.8486,4.426,-5.426,-0.1428,0.0792,-1.0,0.0,-0.6865,-0.8413,0.2551,0.0,-0.2474,0.06067,2.42,4.414,-0.382,0.3145,3.893,-0.649,3.242,-0.5093,0.543,0.5034,-0.7573,3.213,3.193,0.0,0.0,3.254,0.0,4.24,-0.3252,0.0,0.0,0.0,0.0,-1.69,0.0,0.5,0.0,0.3833,-0.1146,0.0,2.0,0.0,-0.5,0.0,0.0,0.0,-0.407
3.21,3.217,3.205,0.8457,-0.7266,1.581,-0.6626,0.469,-0.7886,0.6445,4.426,2.277,-0.2856,0.0792,-1.0,0.0,-0.5254,-0.6616,0.1407,0.0,-0.245,0.725,2.975,3.412,-0.846,0.2925,-0.2634,-1.182,3.21,-0.649,0.1121,-0.4937,1.727,3.197,3.197,0.0,0.0,3.254,0.0,4.11,-0.8867,0.0,0.0,0.0,0.0,-2.94,0.0,0.0,-0.5,0.825,-0.694,0.0,3.0,0.0,-0.5,0.0,0.0,0.0,-0.716
3.195,3.203,3.188,1.294,-1.132,1.581,-0.6626,0.366,-1.205,0.4653,4.426,0.8213,-0.4285,0.0792,-1.0,0.0,-0.384,-0.4907,0.0408,0.0,-0.2424,1.003,3.549,2.137,-1.211,0.264,1.986,-1.054,3.518,-1.182,-0.5093,0.543,-1.022,3.166,3.2,0.0,0.0,3.25,0.0,4.0,-0.712,0.0,0.0,0.0,0.0,-4.84,-1.0,0.0,-0.5,1.242,-1.099,0.0,4.0,0.0,-0.5,0.0,0.0,0.0,-1.202
3.191,3.2,3.182,0.5234,-0.3555,-0.517,-0.6626,0.2834,-0.483,0.6934,4.426,-0.5835,-0.4285,0.0792,-1.0,0.0,-0.5815,-0.6865,0.1805,0.0,-0.2399,1.106,3.969,2.352,-0.475,0.2566,0.4768,1.499,3.105,-1.054,-0.649,0.1121,0.4023,3.152,3.201,0.0,0.0,3.234,0.0,4.152,-0.2206,0.0,0.0,0.0,0.0,4.5,-1.0,0.0,0.0,0.552,-0.295,1.0,0.0,0.0,-0.5,0.0,0.0,0.0,1.138
3.191,3.2,3.184,0.2378,-0.07916,-0.3376,-0.6626,0.2664,-0.2375,0.776,4.426,-0.589,-0.4285,0.0792,-1.0,0.0,-0.65,-0.756,0.2352,0.0,-0.2374,-0.3347,4.195,2.604,-0.2323,0.263,-1.193,0.5723,2.584,1.499,-1.181,-0.5093,0.5654,3.14,3.207,0.0,0.0,3.223,0.0,4.215,0.05316,0.0,0.0,0.0,0.0,1.92,0.0,0.0,0.5,0.2274,-0.0825,2.0,0.0,0.0,-0.5,1.0,0.0,4.086,0.4736
3.193,3.201,3.188,0.04062,0.1024,-0.1137,-0.6626,0.1058,-0.01538,0.836,4.426,-1.847,-0.4285,0.0792,0.0,0.0,-0.7124,-0.792,0.2766,0.0,-0.2349,-0.2966,4.285,2.807,-0.02312,0.2625,-2.715,0.4294,2.186,0.5723,-1.054,-0.649,0.5034,3.13,3.213,0.0,0.0,3.213,0.0,4.258,-0.2212,0.0,0.0,0.0,0.0,1.177,1.0,0.0,0.5,0.01753,0.0699,3.0,0.0,-1.0,-0.5,0.0,0.0,0.0,0.2876
3.209,3.22,3.2,-0.7964,0.995,0.965,-0.6626,0.1803,0.9033,1.164,4.426,10.24,-0.2856,0.0792,0.0,0.0,-0.9575,-1.068,0.4778,0.0,-0.2323,1.329,4.15,2.9,0.8574,0.2876,-1.6045,2.07,2.443,0.4294,1.499,-1.181,-0.4937,3.146,3.223,0.0,0.0,3.219,0.0,4.48,0.4502,0.0,0.0,0.0,0.0,7.266,2.0,0.5,1.0,-0.7114,1.015,4.0,0.0,-0.5,-0.5,0.0,0.0,0.0,2.945
3.225,3.236,3.21,-0.638,0.8633,0.965,-0.6626,0.2007,0.7695,1.134,4.426,-0.001182,-0.1428,0.0792,0.0,0.0,-0.933,-1.047,0.4673,0.0,-0.2299,0.00775,3.83,2.912,0.6953,0.3096,-2.574,-0.10443,2.309,2.07,0.5723,-1.054,0.543,3.168,3.234,0.0,0.0,3.217,0.0,4.47,0.3555,0.0,0.0,0.0,0.0,-0.4836,2.0,0.0,0.5,-0.5996,0.845,0.0,1.0,-0.5,-0.5,0.0,0.0,0.0,-0.1134
3.229,3.242,3.215,-0.03287,0.2612,0.965,-0.6626,0.27,0.158,0.924,4.426,-0.615,0.0,0.0792,0.0,0.0,-0.7666,-0.8813,0.3489,0.0,-0.2273,0.324,3.348,2.885,0.0802,0.3154,-2.576,-1.178,2.344,-0.10443,0.4294,1.499,0.11206,3.19,3.24,0.0,0.0,3.219,0.0,4.336,-0.04224,0.0,0.0,0.0,0.0,-4.207,1.0,-0.5,0.0,0.00468,0.2888,0.0,2.0,-0.5,-0.5,0.0,0.0,0.0,-0.988
3.24,3.256,3.227,-0.4922,0.7417,0.965,-0.6626,0.2472,0.6904,1.1045,4.426,2.281,0.0,0.0792,0.0,0.0,-0.9062,-1.026,0.4626,0.0,-0.2247,-0.347,2.63,2.816,0.6274,0.3188,-1.267,1.157,2.54,-1.178,2.068,0.5723,-0.509,3.232,3.248,0.0,0.0,3.227,0.0,4.46,0.0819,0.0,0.0,0.0,0.0,2.61,1.0,0.0,0.0,-0.4055,0.787,1.0,0.0,-0.5,-0.5,0.0,0.0,0.0,0.6255
3.242,3.258,3.227,0.148,0.1098,0.965,-0.52,0.3645,0.03793,0.8784,4.426,-0.7456,0.1428,0.0792,0.0,0.0,-0.7227,-0.8525,0.3352,0.0,-0.2222,0.6235,1.471,2.72,-0.01637,0.321,0.8467,-1.272,2.396,1.157,-0.1044,0.4292,-0.649,3.248,3.256,0.0,0.0,3.234,0.0,4.32,-0.08057,0.0,0.0,0.0,0.0,-3.242,0.0,0.0,0.0,0.234,0.2042,0.0,1.0,-0.5,-0.5,0.0,0.0,0.0,-0.762
3.25,3.266,3.234,-0.2029,0.4639,0.965,-0.52,0.303,0.4297,1.006,4.426,2.951,0.1428,0.0792,0.0,0.0,-0.827,-0.952,0.4175,0.0,-0.2197,-0.503,0.8896,2.582,0.3665,0.3262,4.164,0.839,2.488,-1.272,-1.178,2.068,-1.181,3.266,3.262,0.0,0.0,3.238,0.0,4.41,-0.02835,0.0,0.0,0.0,0.0,2.18,0.0,0.5,0.0,-0.06256,0.59,1.0,0.0,-0.5,-0.5,0.0,0.0,0.0,0.5234
3.26,3.275,3.244,-0.3428,0.6157,0.965,-0.52,0.2766,0.617,1.068,4.426,0.521,0.1428,0.0792,0.0,0.0,-0.877,-1.001,0.4617,0.0,-0.2172,-0.1688,0.7646,2.398,0.5776,0.328,5.086,0.444,2.574,0.839,1.156,-0.1044,-1.053,3.285,3.27,0.0,0.0,3.246,0.0,4.46,0.0278,0.0,0.0,0.0,0.0,1.172,1.0,1.0,0.0,-0.2051,0.728,2.0,0.0,-0.5,-0.5,0.0,0.0,0.0,0.2776
3.273,3.291,3.256,-0.5376,0.8257,0.965,-0.52,0.1901,0.849,1.159,4.426,0.4902,0.1428,0.0792,0.0,0.0,-0.953,-1.065,0.523,0.0,-0.2146,-0.578,0.815,2.156,0.8335,0.3374,4.977,0.612,2.795,0.444,-1.272,-1.178,1.498,3.29,3.268,0.0,0.0,3.256,0.0,4.527,0.2234,0.0,0.0,0.0,0.0,1.194,2.0,1.0,0.5,-0.3997,0.9233,3.0,0.0,-0.5,-0.5,0.0,0.0,0.0,0.2808
3.29,3.309,3.27,-0.769,1.085,0.965,-0.52,0.1326,1.107,1.276,4.426,0.4368,0.2856,0.0792,0.0,0.0,-1.044,-1.151,0.6,0.0,-0.2122,-0.125,1.015,1.849,1.113,0.358,4.426,0.7637,3.201,0.612,0.8384,1.156,0.5723,3.303,3.268,0.0,0.0,3.268,0.0,4.613,0.4656,0.0,0.0,0.0,0.0,2.068,2.0,1.0,1.0,-0.6533,1.141,4.0,0.0,-0.5,-0.5,0.0,0.0,0.0,0.4812
3.295,3.312,3.277,-0.0456,0.3367,0.965,-0.52,0.1884,0.2578,1.017,4.426,-0.619,0.4285,0.0792,0.0,0.0,-0.845,-0.95,0.4521,0.0,-0.2096,0.5977,1.302,1.474,0.2864,0.378,4.29,-1.443,3.262,0.7637,0.444,-1.272,0.4292,3.312,3.266,0.0,0.0,3.271,0.0,4.45,0.3928,0.0,0.0,0.0,0.0,-4.496,2.0,0.5,1.0,0.06665,0.4446,0.0,1.0,-0.5,-0.5,0.0,0.0,0.0,-1.033
3.297,3.309,3.287,0.09515,0.1084,0.965,-0.52,0.1631,-0.0461,0.9478,4.426,-0.751,0.5713,0.0792,0.0,0.0,-0.7944,-0.891,0.418,0.0,-0.207,0.4229,1.672,1.096,-0.06046,0.4153,-0.686,-0.342,3.271,-1.443,0.6113,0.8384,2.068,3.309,3.268,0.0,0.0,3.275,0.0,4.41,0.5386,0.0,0.0,0.0,0.0,-0.9136,1.0,0.0,1.0,0.185,0.203,0.0,2.0,-0.5,-0.5,0.0,0.0,0.0,-0.2151
3.299,3.307,3.291,0.188,-0.04208,0.965,-0.52,0.04965,-0.2386,0.897,4.426,-2.916,0.5713,0.0792,-1.0,0.0,-0.765,-0.838,0.3943,0.0,-0.2046,-0.3643,1.969,1.22,-0.2717,0.4353,-0.563,-0.2386,3.277,-0.342,0.763,0.4438,-0.1044,3.314,3.264,0.0,0.0,3.275,0.0,4.383,0.2844,0.0,0.0,0.0,0.0,-0.5317,0.0,0.0,0.5,0.2832,0.0656,0.0,3.0,-0.5,-0.5,0.0,0.0,0.0,-0.126
3.307,3.314,3.303,-0.3843,0.514,0.965,-0.52,0.0877,0.2979,1.102,4.426,-4.625,0.7144,0.0792,0.0,0.0,-0.919,-1.01,0.524,0.0,-0.202,0.53,2.26,1.546,0.2598,0.4563,2.445,1.31,3.422,-0.2386,-1.443,0.6113,-1.178,3.326,3.27,0.0,0.0,3.281,0.0,4.527,0.3975,0.0,0.0,0.0,0.0,3.605,0.0,0.5,0.5,-0.2046,0.669,1.0,0.0,-0.5,-0.5,0.0,0.0,0.0,0.8574
3.31,3.314,3.307,0.05157,0.04916,0.965,-0.52,0.2024,-0.1992,0.9395,4.426,-1.177,0.5713,0.0792,-1.0,0.0,-0.7847,-0.8877,0.434,0.0,-0.1995,0.9614,2.434,1.868,-0.238,0.4692,-0.166,-0.8887,3.432,1.31,-0.342,0.763,1.156,3.322,3.275,0.0,0.0,3.285,0.0,4.426,0.1428,0.0,0.0,0.0,0.0,-2.424,-1.0,0.0,0.0,0.1624,0.1632,0.0,1.0,-0.5,-0.5,0.0,0.0,0.0,-0.564
3.312,3.316,3.31,-0.01775,0.10596,0.965,-0.52,0.03445,-0.1035,0.957,4.426,-1.105,0.5713,0.0792,0.0,0.0,-0.8135,-0.8867,0.4517,0.0,-0.197,-0.11475,2.596,2.137,-0.1761,0.4744,3.217,0.1771,3.379,-0.8887,-0.2386,-1.442,-1.271,3.314,3.283,0.0,0.0,3.293,0.0,4.445,-0.1915,0.0,0.0,0.0,0.0,0.4358,0.0,0.5,0.0,0.10614,0.2289,1.0,0.0,-0.5,-0.5,0.0,0.0,0.0,0.1029
3.307,3.312,3.303,0.621,-0.507,0.965,-0.52,0.237,-0.7104,0.7227,4.426,-17.1,0.4285,0.0792,-1.0,0.0,-0.61,-0.7075,0.3174,0.0,-0.1945,1.792,2.64,2.271,-0.757,0.4595,1.301,-1.341,3.062,0.1771,1.31,-0.342,0.8384,3.287,3.283,0.0,0.0,3.299,0.0,4.297,-0.4172,0.0,0.0,0.0,0.0,-4.883,0.0,0.0,0.0,0.7056,-0.377,0.0,1.0,-0.5,-0.5,0.0,0.0,0.0,-1.15
3.314,3.32,3.31,-0.286,0.4104,0.965,0.1833,0.2812,0.1946,1.037,4.426,-1.524,0.4285,0.0792,0.0,0.0,-0.8525,-0.9756,0.5137,0.0,-0.1919,1.363,2.646,2.318,0.1576,0.467,-0.169,2.004,2.277,-1.341,-0.8887,-0.2385,0.4438,3.293,3.29,0.0,0.0,3.316,0.0,4.51,0.1514,0.0,0.0,0.0,0.0,6.184,1.0,0.0,0.5,-0.11304,0.5654,1.0,0.0,-0.5,-0.5,0.0,0.0,0.0,1.489
3.316,3.322,3.31,0.1711,-0.04755,0.965,0.1833,0.336,-0.2483,0.87,4.426,-1.426,0.2856,0.0792,-1.0,0.0,-0.7188,-0.843,0.4202,0.0,-0.1895,0.3774,2.57,2.291,-0.2996,0.468,-1.691,-0.9233,1.813,2.004,0.1771,1.309,0.6113,3.293,3.293,0.0,0.0,3.324,0.0,4.41,-0.2134,0.0,0.0,0.0,0.0,-2.123,0.0,-0.5,0.0,0.301,0.0965,0.0,1.0,-0.5,-0.5,0.0,0.0,0.0,-0.4949
3.32,3.326,3.316,-0.1274,0.2333,0.965,0.1833,0.2695,0.02608,0.9683,4.426,-2.117,0.2856,0.0792,0.0,0.0,-0.8013,-0.9185,0.487,0.0,-0.1869,0.1211,2.42,2.234,0.000487,0.4731,-4.066,0.6714,1.476,-0.9233,-1.341,-0.8887,0.763,3.303,3.299,0.0,0.0,3.334,0.0,4.484,0.1472,0.0,0.0,0.0,0.0,3.104,1.0,-0.5,0.5,0.0187,0.3718,1.0,0.0,-0.5,-0.5,0.0,0.0,0.0,0.735
3.324,3.328,3.32,0.003408,0.09644,0.965,0.1833,0.2448,-0.10376,0.9175,4.426,-0.865,0.2856,0.0792,0.0,0.0,-0.764,-0.874,0.4639,0.0,-0.1843,-0.3843,2.2,2.121,-0.1349,0.478,-0.3591,-0.2305,1.181,0.6714,2.004,0.177,-1.442,3.297,3.3,0.0,0.0,3.34,0.0,4.457,-0.04602,0.0,0.0,0.0,0.0,-0.667,0.0,-0.5,0.0,0.1335,0.2279,0.0,1.0,-0.5,-0.5,0.0,0.0,0.0,-0.1561
3.318,3.324,3.312,0.5684,-0.448,-0.03198,0.1833,0.391,-0.6475,0.709,4.426,-17.1,0.1428,0.0792,-1.0,0.0,-0.585,-0.7104,0.3445,0.0,-0.1818,0.0984,1.805,2.006,-0.653,0.4653,0.601,-1.189,1.282,-0.2305,-0.923,-1.341,-0.342,3.287,3.303,0.0,0.0,3.336,0.0,4.324,-0.354,0.0,0.0,0.0,0.0,-5.395,0.0,-0.5,-0.5,0.6885,-0.2837,0.0,2.0,-0.5,-0.5,0.0,1.0,-3.033,-1.268
3.309,3.316,3.3,0.915,-0.761,-0.03198,0.0837,0.4631,-0.9443,0.5703,4.426,0.755,0.0,0.0792,-1.0,0.0,-0.464,-0.5947,0.266,0.0,-0.1793,0.1038,1.29,1.893,-0.97,0.4517,1.046,-0.798,1.571,-1.189,0.6714,2.004,-0.2385,3.27,3.299,0.0,0.0,3.328,0.0,4.24,-0.606,0.0,0.0,0.0,0.0,-2.115,-1.0,-0.5,-1.0,1.003,-0.606,0.0,3.0,-0.5,-0.5,0.0,0.0,0.0,-0.5073
3.3,3.309,3.293,0.819,-0.6714,-0.03198,0.0837,0.4946,-0.8022,0.572,4.426,-0.04532,-0.1428,0.0792,-1.0,0.0,-0.4624,-0.599,0.2722,0.0,-0.1768,0.416,0.809,1.742,-0.8354,0.4287,-2.822,0.0626,1.742,-0.798,-0.2303,-0.923,1.309,3.264,3.297,0.0,0.0,3.326,0.0,4.246,-0.7725,0.0,0.0,0.0,0.0,0.1714,0.0,-0.5,-1.0,0.8394,-0.596,1.0,0.0,-0.5,-0.5,0.0,0.0,0.0,0.04166
3.3,3.309,3.293,0.1685,-0.014915,-0.03198,0.0837,0.492,-0.1387,0.7783,4.426,-0.916,-0.2856,0.0792,-1.0,0.0,-0.632,-0.78,0.403,0.0,-0.1742,0.5024,0.4304,1.57,-0.1628,0.4214,-1.063,1.349,1.735,0.0626,-1.189,0.671,-0.888,3.254,3.299,0.0,0.0,3.322,0.0,4.39,-0.234,0.0,0.0,0.0,0.0,4.92,0.0,0.0,-0.5,0.2747,0.103,2.0,0.0,-0.5,-0.5,1.0,0.0,4.22,1.195
3.31,3.318,3.3,-0.318,0.4924,-0.03198,0.0837,0.4985,0.3928,0.9575,4.426,-17.1,-0.2856,0.0792,0.0,0.0,-0.7725,-0.931,0.518,0.0,-0.1718,0.3555,0.3608,1.372,0.3787,0.4253,-1.627,1.157,1.726,1.349,-0.798,-0.2303,0.177,3.264,3.305,0.0,0.0,3.33,0.0,4.516,0.046,0.0,0.0,0.0,0.0,2.83,1.0,0.0,0.0,-0.1484,0.6416,3.0,0.0,-0.5,-0.5,0.0,0.0,0.0,0.672
3.324,3.34,3.31,-0.6914,0.9326,0.482,0.0837,0.6616,0.8447,1.126,4.426,1.119,-0.1428,0.0792,0.0,0.0,-0.886,-1.084,0.6133,1.0,-0.2903,1.536,0.3186,1.162,0.778,0.439,2.193,1.075,2.021,1.157,0.0626,-1.189,-1.341,3.277,3.316,0.0,0.0,3.338,0.0,4.633,0.2615,0.0,0.0,0.0,0.0,5.14,2.0,0.5,0.5,-0.5454,1.026,4.0,0.0,-0.5,-0.5,0.0,0.0,0.0,1.197
3.346,3.367,3.326,-1.014,1.331,1.041,0.0837,0.6304,1.31,1.296,4.426,0.674,-0.1428,0.0792,0.0,0.0,-1.014,-1.215,0.6133,1.0,-0.2903,0.06604,0.3386,0.9146,1.222,0.349,-2.285,1.072,2.621,1.075,1.349,-0.798,2.004,3.305,3.334,0.0,0.0,3.348,0.0,4.758,0.2339,0.0,0.0,0.0,0.0,3.613,3.0,0.5,0.5,-0.8784,1.389,5.0,0.0,0.0,-0.5,0.0,0.0,0.0,0.8267
3.37,3.395,3.344,-1.051,1.436,1.285,0.0837,0.5522,1.421,1.363,4.426,0.2286,0.0,0.0792,0.0,0.0,-1.069,-1.259,0.6133,1.0,-0.2903,0.1809,0.451,0.676,1.346,0.3247,0.8525,0.4688,3.236,1.072,1.157,0.0626,-0.923,3.35,3.348,0.0,0.0,3.355,0.0,4.81,0.4963,0.0,0.0,0.0,0.0,1.766,3.0,1.0,1.0,-0.933,1.472,5.734,0.0,0.5,-0.5,0.0,0.0,0.0,0.397
3.371,3.4,3.34,0.2822,0.1761,1.285,-0.1274,1.088,0.04358,0.8965,4.426,-0.8403,0.0,0.0792,0.0,0.0,-0.6724,-0.937,0.3433,0.0,-0.2878,3.135,0.58,0.4773,-0.02625,0.3315,0.0333,-2.514,3.146,0.4688,1.075,1.348,0.671,3.373,3.355,0.0,0.0,3.354,0.0,4.504,-0.0528,0.0,0.0,0.0,0.0,-8.15,2.0,0.5,0.5,0.3672,0.2795,0.0,1.0,0.5,-0.5,0.0,0.0,0.0,-5.477
3.377,3.406,3.35,-0.061,0.4912,1.285,-0.1274,0.98,0.331,1.014,4.426,2.129,0.1428,0.0792,0.0,0.0,-0.7725,-1.023,0.4197,0.0,-0.2854,0.88,0.787,0.3625,0.2847,0.3452,0.7207,0.7764,3.223,-2.514,1.072,1.157,-0.2303,3.404,3.361,0.0,0.0,3.357,0.0,4.59,0.279,0.0,0.0,0.0,0.0,2.617,2.0,1.0,1.0,-0.006313,0.535,1.0,0.0,0.5,-0.5,0.0,0.0,0.0,0.611
3.39,3.42,3.361,-0.4463,0.8784,1.285,-0.1274,0.805,0.7627,1.168,4.426,1.205,0.1428,0.0792,0.0,0.0,-0.9043,-1.131,0.5186,0.0,-0.2827,-0.3794,1.016,0.4185,0.721,0.3557,4.29,0.993,3.441,0.7764,0.4688,1.075,-1.189,3.434,3.367,0.0,0.0,3.367,0.0,4.7,0.152,0.0,0.0,0.0,0.0,2.584,2.0,1.5,1.0,-0.3694,0.9165,2.0,0.0,0.5,-0.5,0.0,0.0,0.0,0.595
3.4,3.428,3.371,-0.2087,0.637,1.285,-0.1274,0.767,0.494,1.093,4.426,-0.1932,0.2856,0.0792,0.0,0.0,-0.851,-1.067,0.481,0.0,-0.2803,-0.3152,1.236,0.525,0.4995,0.363,5.086,-0.3716,3.52,0.993,-2.514,1.072,-0.7974,3.447,3.371,0.0,0.0,3.377,0.0,4.656,0.2583,0.0,0.0,0.0,0.0,-0.6934,1.0,1.5,1.0,-0.1584,0.6646,0.0,1.0,0.5,-0.5,0.0,0.0,0.0,-0.157
3.41,3.44,3.38,-0.2998,0.7363,1.285,-0.1274,0.7227,0.597,1.138,4.426,0.3293,0.2856,0.0792,0.0,0.0,-0.889,-1.1,0.5156,0.0,-0.2778,-0.2432,1.493,0.6875,0.604,0.3767,5.086,0.3472,3.69,-0.3716,0.7764,0.4688,0.0626,3.453,3.379,0.0,0.0,3.383,0.0,4.695,0.2134,0.0,0.0,0.0,0.0,0.8955,1.0,1.5,1.0,-0.2435,0.763,1.0,0.0,0.5,-0.5,0.0,0.0,0.0,0.2041
3.424,3.455,3.393,-0.4666,0.9297,1.285,-0.1274,0.7437,0.7827,1.22,4.426,0.4287,0.2856,0.0792,0.0,0.0,-0.9478,-1.166,0.573,0.0,-0.2751,0.09247,1.769,0.8726,0.8257,0.3892,5.086,0.5684,3.918,0.3472,0.9927,-2.514,1.348,3.453,3.387,0.0,0.0,3.393,0.0,4.76,0.345,0.0,0.0,0.0,0.0,1.56,2.0,1.5,1.5,-0.4458,0.905,2.0,0.0,0.5,-0.5,0.0,0.0,0.0,0.3533
3.434,3.463,3.406,-0.2617,0.6934,1.285,-0.1274,0.7,0.4917,1.151,4.426,-0.2125,0.4285,0.0792,0.0,0.0,-0.9014,-1.108,0.5405,0.0,-0.2727,0.1862,2.143,1.143,0.526,0.4175,3.611,-0.321,4.047,0.5684,-0.3716,0.776,1.157,3.447,3.395,0.0,0.0,3.402,0.0,4.723,0.5356,0.0,0.0,0.0,0.0,-0.8135,1.0,1.0,1.5,-0.2612,0.6626,0.0,1.0,0.5,-0.5,0.0,0.0,0.0,-0.1826
3.432,3.457,3.406,0.552,-0.1722,1.285,-0.1274,0.909,-0.4688,0.845,4.426,-1.593,0.4285,0.0792,-1.0,0.0,-0.6475,-0.8765,0.3638,0.0,-0.2703,1.466,2.473,1.412,-0.4207,0.4355,1.184,-1.74,3.803,-0.321,0.3472,0.9927,1.075,3.45,3.398,0.0,0.0,3.41,0.0,4.523,0.3086,0.0,0.0,0.0,0.0,-5.258,0.0,0.5,1.5,0.622,-0.06396,0.0,2.0,0.5,-0.5,0.0,0.0,0.0,-1.187
3.432,3.45,3.416,0.1796,0.08655,1.285,-0.1274,0.8457,-0.2546,0.9443,4.426,-0.5215,0.4285,0.0792,-1.0,0.0,-0.731,-0.9536,0.4297,0.0,-0.2676,-0.03021,2.68,1.705,-0.1925,0.455,-2.076,0.67,3.807,-1.74,0.5684,-0.3716,1.072,3.45,3.4,0.0,0.0,3.414,0.0,4.598,0.3887,0.0,0.0,0.0,0.0,1.534,1.0,0.5,1.5,0.2905,0.2104,1.0,0.0,0.5,-0.5,0.0,0.0,0.0,0.3567
3.434,3.445,3.424,0.1805,0.01338,1.285,-0.1274,0.7256,-0.347,0.9224,4.426,0.8706,0.4285,0.0792,-1.0,0.0,-0.7246,-0.9243,0.4238,0.0,-0.2651,-0.2102,2.76,1.992,-0.297,0.4714,-3.79,-0.05927,3.72,0.67,-0.3208,0.3472,0.4685,3.44,3.402,0.0,0.0,3.42,0.0,4.59,0.1973,0.0,0.0,0.0,0.0,-0.1576,0.0,0.0,1.0,0.2695,0.1136,0.0,1.0,0.5,-0.5,0.0,0.0,0.0,-0.03622
3.43,3.44,3.418,0.58,-0.3867,1.285,-0.1274,0.723,-0.767,0.7666,4.426,2.129,0.2856,0.0792,-1.0,0.0,-0.6016,-0.792,0.337,0.0,-0.2627,0.5225,2.652,2.217,-0.721,0.472,3.219,-0.8735,3.71,-0.05927,-1.74,0.568,-2.514,3.426,3.4,0.0,0.0,3.42,0.0,4.492,-0.1665,0.0,0.0,0.0,0.0,-2.338,-1.0,0.0,0.5,0.6377,-0.2898,0.0,2.0,0.5,-0.5,0.0,0.0,0.0,-0.538
3.418,3.432,3.404,0.9814,-0.7515,1.285,-0.1274,0.6104,-1.132,0.6084,4.426,0.757,0.1428,0.0792,-1.0,0.0,-0.483,-0.643,0.2477,0.0,-0.26,0.3132,2.438,2.328,-1.056,0.4507,1.073,-0.9087,3.777,-0.8735,0.67,-0.3208,0.776,3.396,3.398,0.0,0.0,3.418,0.0,4.39,-0.5356,0.0,0.0,0.0,0.0,-4.27,-1.0,-0.5,0.0,0.9907,-0.676,0.0,3.0,0.5,-0.5,0.0,0.0,0.0,-0.997
3.404,3.422,3.387,1.243,-0.9683,1.285,-0.1274,0.6035,-1.319,0.4922,4.426,0.3452,0.0,0.0792,-1.0,0.0,-0.3857,-0.538,0.1832,0.0,-0.2576,0.658,2.129,2.326,-1.231,0.4204,-2.162,-0.667,3.78,-0.9087,-0.05927,-1.739,0.9927,3.357,3.398,0.0,0.0,3.418,0.0,4.316,-0.8877,0.0,0.0,0.0,0.0,-2.625,-1.0,-1.0,-0.5,1.228,-0.8994,0.0,4.0,0.5,-0.5,0.0,0.0,0.0,-0.6226
3.395,3.412,3.379,0.8384,-0.576,1.285,-0.1274,0.546,-0.874,0.591,4.426,-0.2625,-0.1428,0.0792,-1.0,0.0,-0.474,-0.6216,0.2483,0.0,-0.2551,-0.0309,1.873,2.244,-0.8154,0.3992,-2.049,0.68,3.441,-0.667,-0.8735,0.67,-0.3713,3.326,3.398,0.0,0.0,3.424,0.0,4.39,-0.8438,0.0,0.0,0.0,0.0,0.842,-1.0,-0.5,-0.5,0.7417,-0.627,1.0,0.0,0.5,-0.5,0.0,0.0,0.0,0.2019
3.39,3.402,3.379,0.611,-0.399,1.285,-0.1274,0.08344,-0.6934,0.6353,4.426,-0.11865,-0.2856,0.0792,-1.0,0.0,-0.5522,-0.616,0.2805,0.0,-0.2524,-0.3508,1.611,2.066,-0.64,0.3955,-3.672,0.3335,3.03,0.68,-0.908,-0.05923,0.3472,3.318,3.396,0.0,0.0,3.43,0.0,4.426,-0.2903,0.0,0.0,0.0,0.0,1.203,0.0,-0.5,0.0,0.5283,-0.4521,2.0,0.0,0.5,-0.5,0.0,0.0,0.0,0.2852
3.387,3.398,3.375,0.507,-0.303,1.285,-0.1274,-0.0314,-0.578,0.6494,4.426,-0.07544,-0.4285,0.0792,-1.0,0.0,-0.574,-0.6177,0.295,0.0,-0.25,-0.3018,1.409,1.814,-0.5405,0.3894,-5.035,0.1492,2.932,0.3335,-0.667,-0.8735,0.568,3.305,3.396,0.0,0.0,3.432,0.0,4.44,-0.4622,0.0,0.0,0.0,0.0,0.4048,1.0,-0.5,0.0,0.3894,-0.4023,3.0,0.0,0.5,-0.5,0.0,0.0,0.0,0.09546
3.38,3.393,3.371,0.561,-0.3704,1.285,-0.1274,-0.0828,-0.5845,0.61,4.426,0.158,-0.5713,0.0792,-1.0,0.0,-0.546,-0.5776,0.2766,0.0,-0.2474,-0.4917,1.308,1.521,-0.56,0.3745,-5.035,-0.1874,3.021,0.1492,0.6797,-0.908,-0.3208,3.29,3.396,0.0,0.0,3.428,0.0,4.42,-0.832,0.0,0.0,0.0,0.0,-0.4116,1.0,-0.5,-0.5,0.4363,-0.4731,0.0,1.0,0.5,-0.5,0.0,0.0,0.0,-0.09686
3.375,3.387,3.365,0.6865,-0.4958,1.285,-0.1274,-0.07166,-0.667,0.545,4.426,0.3364,-0.7144,0.0792,-1.0,0.0,-0.491,-0.521,0.2434,0.0,-0.245,-0.2693,1.315,1.308,-0.6636,0.3616,-1.6,-0.3428,3.154,-0.1874,0.3333,-0.6665,-1.739,3.28,3.398,0.0,0.0,3.42,0.0,4.383,-0.823,0.0,0.0,0.0,0.0,-0.8384,1.0,-0.5,-0.5,0.5537,-0.5977,0.0,2.0,0.5,-0.5,0.0,0.0,0.0,-0.1979
3.371,3.38,3.361,0.5444,-0.3708,1.285,-0.1274,-0.1003,-0.4792,0.568,4.426,-0.2301,-0.857,0.0792,-1.0,0.0,-0.5127,-0.5386,0.2632,0.0,-0.2424,-0.4373,1.502,1.177,-0.4822,0.344,-3.777,0.2058,3.053,-0.3428,0.1492,0.6797,0.67,3.281,3.396,0.0,0.0,3.41,0.0,4.406,-0.8813,0.0,0.0,0.0,0.0,0.61,1.0,-0.5,-0.5,0.4084,-0.4868,1.0,0.0,0.5,-0.5,0.0,0.0,0.0,0.1447
3.363,3.371,3.357,0.6743,-0.5444,-0.495,-0.1274,-0.12085,-0.55,0.4927,4.348,0.356,-1.0,0.0792,-1.0,0.0,-0.451,-0.469,0.2246,0.0,-0.2399,-0.1903,1.866,1.193,-0.5576,0.3196,-4.08,-0.3992,2.805,0.2058,-0.1874,0.3333,-0.05923,3.285,3.396,0.0,0.0,3.395,0.0,4.363,-1.19,0.0,1.0,0.0,0.0,-1.754,0.0,-0.5,-1.0,0.554,-0.6333,0.0,1.0,0.5,-0.5,0.0,0.0,0.0,-0.4148
3.355,3.36,3.354,0.7017,-0.6235,-0.495,-0.0655,-0.198,-0.5337,0.4463,4.125,0.1016,-1.143,0.0891,-1.0,0.0,-0.4182,-0.4192,0.2042,0.0,-0.2374,-0.6606,2.33,1.325,-0.5386,0.2944,-2.207,-0.212,2.957,-0.3992,-0.3428,0.1492,-0.873,3.281,3.393,0.0,0.0,3.39,0.0,4.34,-1.17,0.0,1.0,0.0,0.0,-0.8877,-1.0,-0.5,-1.0,0.5195,-0.7773,0.0,2.0,0.5,-0.5,0.0,0.0,0.0,-0.2113
3.348,3.35,3.346,0.772,-0.701,-0.495,-0.0655,-0.3103,-0.598,0.3916,3.984,0.3115,-1.143,0.099,-1.0,0.0,-0.381,-0.358,0.1785,0.0,-0.2349,0.2058,2.742,1.55,-0.579,0.276,-0.08954,-0.2688,3.105,-0.212,0.2057,-0.1874,-0.908,3.27,3.39,0.0,0.0,3.38,0.0,4.31,-0.8545,0.0,0.0,0.0,0.0,-0.969,-1.0,-0.5,-1.0,0.567,-0.8745,0.0,3.0,0.5,-0.5,0.0,0.0,0.0,-0.2316
3.34,3.342,3.34,0.654,-0.6074,-0.8115,-0.0655,-0.3735,-0.458,0.396,3.81,-0.1753,-1.143,0.1089,-1.0,0.0,-0.3906,-0.356,0.1892,0.0,-0.2323,-0.6436,2.998,1.808,-0.465,0.2634,1.515,0.1125,3.02,-0.2688,-0.399,-0.3428,-0.6665,3.258,3.39,0.0,0.0,3.37,0.0,4.32,-1.167,0.0,1.0,0.0,0.0,0.3396,0.0,0.0,-1.0,0.4712,-0.7656,1.0,0.0,0.5,-0.5,0.0,0.0,0.0,0.0815
3.336,3.334,3.338,0.4666,-0.4526,-0.8115,-0.0655,-0.3584,-0.247,0.4255,3.646,-0.532,-1.143,0.11884,-1.0,0.0,-0.4148,-0.3848,0.2161,0.0,-0.2299,0.0898,3.072,2.088,-0.2603,0.2489,-0.2812,0.2808,2.918,0.1125,-0.212,0.2057,0.6797,3.252,3.393,0.0,0.0,3.36,0.0,4.35,-0.9927,0.0,0.0,0.0,0.0,0.8296,0.0,0.0,-0.5,0.279,-0.631,2.0,0.0,0.5,-0.5,0.0,0.0,0.0,0.1987
3.33,3.328,3.334,0.4878,-0.4895,-0.8115,-0.0655,-0.3723,-0.2615,0.393,3.531,0.2651,-1.143,0.1287,-1.0,0.0,-0.388,-0.3535,0.2036,0.0,-0.2273,0.3718,2.973,2.352,-0.2878,0.2418,-1.2705,-0.1285,2.684,0.2808,-0.2688,-0.399,0.3333,3.248,3.395,0.0,0.0,3.348,0.0,4.336,-0.772,0.0,0.0,0.0,0.0,-0.5054,0.0,-0.5,-0.5,0.2646,-0.705,0.0,1.0,0.5,-0.5,0.0,0.0,0.0,-0.1205
3.328,3.326,3.332,0.292,-0.2927,-0.8115,-0.0655,-0.4043,-0.078,0.437,3.47,-1.231,-1.0,0.1387,0.0,0.0,-0.4287,-0.3909,0.2391,0.0,-0.2247,0.06866,2.836,2.576,-0.0889,0.2375,-1.889,0.3696,2.08,-0.1285,0.1125,-0.2119,0.1492,3.246,3.395,0.0,0.0,3.336,0.0,4.375,-0.1837,0.0,0.0,0.0,0.0,1.22,1.0,-0.5,0.0,0.06616,-0.526,1.0,0.0,0.5,-0.5,0.0,0.0,0.0,0.2915
3.326,3.322,3.33,0.3025,-0.3113,-0.8115,-0.0655,-0.481,-0.1262,0.415,3.447,-1.282,-1.0,0.1486,-1.0,0.0,-0.4167,-0.3633,0.2332,0.0,-0.2222,-0.237,2.713,2.715,-0.1321,0.2402,-1.535,-0.06122,1.409,0.3696,0.2808,-0.2688,-0.1874,3.246,3.393,0.0,0.0,3.324,0.0,4.367,0.1749,0.0,0.0,0.0,0.0,-0.1724,1.0,-0.5,0.0,0.04773,-0.575,0.0,1.0,0.5,-0.5,0.0,0.0,0.0,-0.04095
3.33,3.326,3.334,-0.05902,0.06232,-0.8115,-0.0655,-0.5195,0.2443,0.528,3.426,-17.1,-0.857,0.1584,0.0,0.0,-0.5166,-0.4626,0.3105,0.0,-0.2197,-0.4526,2.57,2.764,0.2382,0.244,-0.7275,0.8022,1.321,-0.06122,-0.1285,0.1124,-0.3428,3.258,3.389,0.0,0.0,3.322,0.0,4.457,0.2393,0.0,0.0,0.0,0.0,1.986,1.0,0.0,0.0,-0.2698,-0.182,1.0,0.0,0.5,-0.5,0.0,0.0,0.0,0.4724
3.334,3.332,3.336,-0.0795,0.0921,-0.8115,-0.0655,-0.4788,0.2812,0.5312,3.395,0.256,-0.7144,0.1683,0.0,0.0,-0.5156,-0.4697,0.3208,0.0,-0.2172,0.1289,2.299,2.693,0.2515,0.2517,-1.095,0.10443,1.01,0.8022,0.3696,0.2805,0.2057,3.273,3.383,0.0,0.0,3.318,0.0,4.47,0.1214,0.0,0.0,0.0,0.0,0.713,1.0,0.0,0.0,-0.2957,-0.1595,2.0,0.0,0.5,-0.5,0.0,0.0,0.0,0.1672
3.334,3.332,3.336,0.1588,-0.1449,-0.8115,-0.0655,-0.329,0.049,0.439,3.324,-0.4998,-0.5713,0.1782,0.0,0.0,-0.4238,-0.4,0.2734,0.0,-0.2146,0.6553,1.944,2.516,0.0375,0.247,0.1442,-0.483,0.5723,0.10443,-0.06122,-0.1284,-0.399,3.281,3.373,0.0,0.0,3.312,0.0,4.414,-0.2637,0.0,0.0,0.0,0.0,-1.405,1.0,0.0,-0.5,-0.05887,-0.38,0.0,1.0,0.5,-0.5,0.0,0.0,0.0,-0.329
3.334,3.332,3.336,0.1148,-0.097,-0.8115,-0.0655,-0.2783,0.0983,0.4424,3.275,0.4724,-0.4285,0.1881,0.0,0.0,-0.422,-0.408,0.2837,0.0,-0.2122,0.10913,1.553,2.252,0.08826,0.2471,0.8496,0.1051,0.4497,-0.483,0.8022,0.3694,-0.2119,3.29,3.373,0.0,0.0,3.31,0.0,4.426,-0.0956,0.0,0.0,0.0,0.0,0.2289,1.0,0.5,0.0,-0.11414,-0.3477,1.0,0.0,0.5,-0.5,0.0,0.0,0.0,0.05405
3.332,3.33,3.334,0.3247,-0.3066,-0.8115,-0.0655,-0.219,-0.1266,0.3557,3.217,-1.013,-0.4285,0.198,-1.0,0.0,-0.3418,-0.3333,0.2391,0.0,-0.2096,0.2484,1.095,1.989,-0.1399,0.2479,1.791,-0.4585,0.4504,0.1051,0.10443,-0.0612,-0.2686,3.291,3.367,0.0,0.0,3.31,0.0,4.375,-0.1625,0.0,0.0,0.0,0.0,-0.919,1.0,0.5,0.0,0.0945,-0.5425,0.0,1.0,0.5,-0.5,0.0,0.0,0.0,-0.2166
3.334,3.332,3.336,0.0907,-0.067,-0.8115,0.771,-0.2186,0.11017,0.4182,3.164,-17.1,-0.2856,0.2079,0.0,0.0,-0.396,-0.3914,0.2874,0.0,-0.207,-0.2705,0.605,1.777,0.10254,0.248,1.66,0.501,0.3994,-0.4585,-0.483,0.802,0.1124,3.297,3.363,0.0,0.0,3.314,0.0,4.43,-0.006325,0.0,0.0,0.0,0.0,0.4592,1.0,0.5,0.0,-0.1207,-0.3005,1.0,0.0,0.5,-0.5,0.0,0.0,0.0,0.1091
3.332,3.332,3.334,0.2354,-0.2128,-0.8115,0.771,-0.1974,-0.05453,0.357,3.13,-0.6587,-0.1428,0.2178,0.0,0.0,-0.3408,-0.3364,0.2573,0.0,-0.2046,-0.063,0.1702,1.588,-0.05637,0.2496,1.186,-0.309,0.4001,0.501,0.1051,0.10443,0.2805,3.299,3.357,0.0,0.0,3.314,0.0,4.395,0.04407,0.0,0.0,0.0,0.0,-0.4004,0.0,0.0,0.0,0.01968,-0.4395,0.0,1.0,0.5,-0.5,0.0,0.0,0.0,-0.0943
3.334,3.332,3.336,0.0968,-0.07336,-0.8115,0.771,-0.1985,0.06274,0.3875,3.107,2.266,0.0,0.2278,0.0,0.0,-0.3674,-0.3647,0.2864,0.0,-0.202,-0.8423,-0.1263,1.345,0.05576,0.2563,1.6455,0.2996,0.4077,-0.309,-0.4583,-0.4827,-0.1284,3.297,3.352,0.0,0.0,3.314,0.0,4.426,0.3083,0.0,0.0,0.0,0.0,0.538,1.0,0.5,0.5,-0.10803,-0.299,1.0,0.0,0.5,-0.5,0.0,0.0,0.0,0.1274
3.334,3.332,3.338,0.0716,-0.0588,-0.945,0.771,-0.2593,0.05124,0.383,3.11,0.07196,0.1428,0.2377,0.0,0.0,-0.3691,-0.355,0.2922,0.0,-0.1995,-0.4868,-0.2369,1.052,0.04697,0.2642,0.887,0.06073,0.4033,0.2996,0.501,0.1051,0.3694,3.295,3.344,0.0,0.0,3.314,0.0,4.434,0.5117,0.0,0.0,0.0,0.0,0.09344,1.0,0.5,1.0,-0.1292,-0.2822,2.0,0.0,0.5,-0.5,0.0,0.0,0.0,0.022
3.34,3.338,3.342,-0.17,0.1897,-0.9277,0.771,-0.2275,0.2783,0.4597,3.133,1.641,0.2856,0.2476,0.0,0.0,-0.4324,-0.4287,0.3486,0.0,-0.197,-0.12103,-0.1475,0.756,0.2844,0.2734,1.2,0.579,0.5635,0.06073,-0.309,-0.4583,-0.0612,3.303,3.34,0.0,0.0,3.318,0.0,4.496,0.6772,0.0,0.0,0.0,0.0,1.101,2.0,1.0,1.0,-0.3418,-0.02086,3.0,0.0,0.5,-0.5,0.0,0.0,0.0,0.259
3.344,3.342,3.346,-0.04623,0.0662,-0.9277,0.771,-0.1583,0.1344,0.4104,3.123,-0.2585,0.4285,0.2573,0.0,0.0,-0.3838,-0.39,0.3284,0.0,-0.1945,0.7686,0.05515,0.459,0.1267,0.2847,-0.635,-0.2075,0.647,0.579,0.2996,0.5005,0.802,3.307,3.338,0.0,0.0,3.32,0.0,4.473,0.4446,0.0,0.0,0.0,0.0,-0.827,1.0,0.5,0.5,-0.2225,-0.1396,0.0,1.0,0.5,-0.5,0.0,0.0,0.0,-0.1927
3.352,3.352,3.354,-0.3406,0.3755,-0.9277,0.771,-0.1674,0.428,0.507,3.143,1.435,0.5713,0.2673,0.0,0.0,-0.467,-0.4773,0.401,0.0,-0.1919,0.4646,0.2615,0.2242,0.4358,0.2954,-0.87,0.7397,0.9355,-0.2075,0.0607,-0.309,0.10443,3.322,3.338,0.0,0.0,3.326,0.0,4.555,0.76,0.0,0.0,0.0,0.0,2.05,2.0,0.5,1.0,-0.4846,0.182,1.0,0.0,0.5,-0.5,0.0,0.0,0.0,0.4797
3.357,3.357,3.36,-0.2332,0.276,-0.9277,0.771,-0.1355,0.3113,0.464,3.127,-0.0927,0.5713,0.2773,0.0,0.0,-0.428,-0.4417,0.3884,0.0,-0.1895,0.3445,0.478,0.1659,0.3098,0.3083,0.6714,-0.1245,1.094,0.7397,0.579,0.2996,-0.4827,3.334,3.338,0.0,0.0,3.332,0.0,4.54,0.5757,0.0,0.0,0.0,0.0,-0.448,1.0,0.5,0.5,-0.385,0.08215,0.0,1.0,0.5,-0.5,0.0,0.0,0.0,-0.10345
3.367,3.37,3.367,-0.4346,0.4995,-0.9277,0.771,-0.10406,0.522,0.536,3.156,0.6855,0.7144,0.287,0.0,0.0,-0.4863,-0.5103,0.446,0.0,-0.1869,0.2769,0.743,0.3025,0.5156,0.3245,0.7075,0.5806,1.353,-0.1245,-0.2075,0.0607,0.10504,3.354,3.34,0.0,0.0,3.34,0.0,4.605,0.778,1.0,0.0,0.0,0.0,2.096,1.0,0.5,1.0,-0.5938,0.2817,1.0,0.0,0.5,-0.5,0.0,0.0,0.0,0.4849
3.377,3.38,3.375,-0.434,0.5254,-0.9277,0.915,-0.0702,0.55,0.5435,3.156,0.1908,0.7144,0.297,0.0,0.0,-0.4893,-0.5195,0.4626,0.0,-0.1843,0.1567,1.005,0.507,0.5396,0.3364,2.402,0.1666,1.52,0.5806,0.7397,0.5786,-0.4583,3.371,3.346,0.0,0.0,3.352,0.0,4.625,0.603,0.0,0.0,0.0,0.0,0.4624,1.0,1.0,1.0,-0.603,0.2976,2.0,0.0,0.5,-0.5,0.0,0.0,0.0,0.106
3.385,3.389,3.38,-0.1907,0.2864,-0.9277,0.915,-0.0806,0.3066,0.4607,3.14,-0.2583,0.7144,0.307,0.0,0.0,-0.4202,-0.4436,0.4211,0.0,-0.1818,-0.1661,1.268,0.72,0.2808,0.3477,1.678,-0.4126,1.516,0.1666,-0.1245,-0.2075,0.5005,3.385,3.352,0.0,0.0,3.36,0.0,4.58,0.3208,0.0,0.0,0.0,0.0,-0.86,1.0,0.5,0.5,-0.3816,0.05338,0.0,1.0,0.5,-0.5,0.0,0.0,0.0,-0.1967
3.383,3.385,3.379,0.3218,-0.2397,-0.9277,0.4568,-0.1175,-0.2448,0.2737,3.096,-1.291,0.5713,0.317,-1.0,0.0,-0.26,-0.2654,0.3137,0.0,-0.1793,0.323,1.477,0.9126,-0.2969,0.3574,2.89,-1.079,1.412,-0.4126,0.5806,0.7397,-0.3088,3.38,3.354,0.0,0.0,3.363,0.0,4.453,0.0263,0.0,0.0,0.0,0.0,-4.062,0.0,0.5,0.5,0.1545,-0.4072,0.0,2.0,0.5,-0.5,0.0,0.0,0.0,-0.935
3.393,3.398,3.389,-0.4585,0.578,-0.4695,0.4568,-0.00927,0.568,0.541,3.137,-6.734,0.5713,0.3267,0.0,0.0,-0.4817,-0.5234,0.4917,0.0,-0.1768,1.899,1.678,1.103,0.509,0.3718,2.238,1.818,1.556,-1.079,0.1665,-0.12445,0.2996,3.398,3.357,0.0,0.0,3.373,0.0,4.656,0.511,0.0,0.0,0.0,0.0,7.035,1.0,0.5,0.5,-0.523,0.4617,1.0,0.0,0.5,-0.5,0.0,0.0,0.0,1.649
3.395,3.398,3.39,0.0942,0.00657,-0.4695,0.4568,0.03897,-0.04678,0.3464,3.148,-0.844,0.7144,0.3367,0.0,0.0,-0.3103,-0.349,0.3782,0.0,-0.1742,-0.03986,1.818,1.258,-0.08636,0.38,2.646,-1.125,1.48,1.818,-0.4126,0.58,0.0607,3.396,3.36,0.0,0.0,3.379,0.0,4.527,0.2588,0.0,0.0,0.0,0.0,-3.258,0.0,0.0,0.5,0.03738,-0.05838,0.0,1.0,0.5,-0.5,0.0,0.0,0.0,-0.741
3.4,3.406,3.396,-0.1925,0.297,-0.4695,0.4568,0.0582,0.2329,0.4373,3.162,4.633,0.7144,0.3464,0.0,0.0,-0.3877,-0.4355,0.446,0.0,-0.1718,0.1757,1.878,1.387,0.2177,0.3857,1.3125,0.6846,1.462,-1.125,-1.079,0.1665,0.5786,3.402,3.363,0.0,0.0,3.387,0.0,4.6,0.303,0.0,0.0,0.0,0.0,1.984,0.0,0.0,0.5,-0.214,0.2484,1.0,0.0,0.5,-0.5,0.0,0.0,0.0,0.4602
3.412,3.416,3.406,-0.4468,0.557,-0.4695,0.4568,0.0838,0.4788,0.53,3.23,0.9175,0.7144,0.3564,0.0,0.0,-0.4639,-0.522,0.514,0.0,-0.1692,0.429,1.919,1.53,0.4768,0.4011,2.152,0.6826,1.703,0.6846,1.818,-0.4124,-0.2074,3.408,3.371,0.0,0.0,3.395,0.0,4.68,0.544,0.0,0.0,0.0,0.0,3.045,1.0,0.5,1.0,-0.436,0.524,2.0,0.0,0.5,-0.5,0.0,0.0,0.0,0.698
3.422,3.428,3.418,-0.455,0.571,-0.4695,0.4568,0.102,0.4756,0.541,3.291,0.137,0.7144,0.3665,0.0,0.0,-0.472,-0.534,0.5312,0.0,-0.1666,-0.346,1.932,1.675,0.509,0.4119,0.649,0.17,1.943,0.6826,-1.125,-1.079,0.7397,3.416,3.377,0.0,0.0,3.402,0.0,4.7,0.522,0.0,0.0,0.0,0.0,0.332,2.0,0.5,1.0,-0.4412,0.5396,3.0,0.0,0.5,-0.5,0.0,0.0,0.0,0.07526
3.432,3.438,3.428,-0.402,0.5234,-0.4695,0.4568,0.2278,0.4045,0.5317,3.355,0.01111,0.7144,0.3762,0.0,0.0,-0.453,-0.5376,0.5347,0.0,-0.1642,0.9,1.922,1.794,0.4697,0.423,1.357,0.03177,2.068,0.17,0.6846,1.818,-0.12445,3.428,3.385,0.0,0.0,3.412,0.0,4.703,0.5166,0.0,0.0,0.0,0.0,0.1061,2.0,1.0,1.0,-0.4226,0.4592,4.0,0.0,0.5,-0.5,0.0,0.0,0.0,0.02397
3.44,3.447,3.436,-0.3176,0.439,-0.4695,0.4568,0.2286,0.3113,0.508,3.389,-0.05386,0.7144,0.3862,0.0,0.0,-0.4326,-0.516,0.529,0.0,-0.1616,-0.1743,1.892,1.891,0.3887,0.434,0.1621,-0.05823,2.14,0.03177,0.682,-1.125,0.58,3.45,3.393,0.0,0.0,3.42,0.0,4.695,0.38,0.0,0.0,0.0,0.0,-0.161,2.0,0.5,0.5,-0.3516,0.3667,0.0,1.0,0.5,-0.5,0.0,0.0,0.0,-0.03638
3.455,3.463,3.45,-0.6846,0.8247,-0.4695,0.4568,0.165,0.698,0.6523,3.484,1.14,0.7144,0.3862,0.0,0.0,-0.559,-0.639,0.6133,1.0,-0.2903,0.2397,1.941,2.012,0.7646,0.4417,-0.0716,0.9966,2.326,-0.05823,0.1699,0.6846,0.1665,3.465,3.404,0.0,0.0,3.436,0.0,4.81,0.648,0.0,0.0,0.0,0.0,3.1,2.0,0.5,1.0,-0.6914,0.7534,1.0,0.0,0.5,-0.5,0.0,0.0,0.0,0.7007
3.469,3.477,3.46,-0.5938,0.746,-0.4695,0.4568,0.0849,0.619,0.6396,3.547,0.03577,0.7144,0.3862,0.0,0.0,-0.5557,-0.6206,0.6133,1.0,-0.2903,-0.504,2.006,2.115,0.6895,0.457,1.548,0.005215,2.512,0.9966,0.03177,0.682,-0.4124,3.49,3.414,0.0,0.0,3.447,0.0,4.81,0.5146,0.0,0.0,0.0,0.0,0.014565,2.0,1.0,1.0,-0.619,0.662,2.0,0.0,0.5,-0.5,0.0,0.0,0.0,0.00324
3.479,3.488,3.47,-0.4084,0.575,-0.4695,0.4568,0.2084,0.4263,0.5894,3.604,-0.145,0.7144,0.3862,0.0,0.0,-0.503,-0.5874,0.59,0.0,-0.2878,1.577,2.22,2.268,0.418,0.4897,5.086,-0.2294,2.469,0.005215,-0.05823,0.1699,-1.078,3.508,3.424,0.0,0.0,3.46,0.0,4.78,0.474,0.0,0.0,0.0,0.0,-1.408,1.0,1.0,1.0,-0.4702,0.4658,0.0,1.0,0.5,-0.5,0.0,0.0,0.0,-0.3132
3.512,3.537,3.486,-1.562,1.803,0.2463,0.4568,0.5366,1.84,1.087,3.791,3.008,0.7144,0.3862,0.0,0.0,-0.8677,-1.041,0.6133,1.0,-0.2903,3.135,2.96,2.676,1.626,0.27,0.9844,2.549,3.65,-0.2294,0.996,0.03177,1.817,3.55,3.441,0.0,0.0,3.484,0.0,5.152,0.886,1.0,0.0,0.0,0.0,7.266,1.0,1.0,1.0,-1.384,1.869,1.0,0.0,0.5,-0.5,0.0,0.0,0.0,5.41
3.553,3.596,3.512,-1.631,1.803,1.075,0.4568,0.633,1.907,1.339,4.055,0.474,0.7144,0.3862,0.0,0.0,-1.044,-1.248,0.6133,1.0,-0.2903,1.825,4.043,3.3,1.872,0.1829,5.086,1.59,5.082,2.549,0.005215,-0.05823,-1.125,3.61,3.463,0.0,0.0,3.514,0.0,5.348,1.041,1.0,0.0,0.0,0.0,7.266,2.0,1.5,1.0,-1.384,2.045,2.0,0.0,0.5,-0.5,0.0,0.0,0.0,2.621
3.586,3.637,3.537,-1.44,1.803,1.075,0.4568,0.689,1.907,1.237,4.324,-0.0731,0.7144,0.3862,0.0,0.0,-0.966,-1.175,0.5615,0.0,-0.2878,0.08685,5.12,3.977,1.566,0.2307,5.086,-0.5083,5.082,1.59,-0.2292,0.996,0.6846,3.664,3.482,0.0,0.0,3.54,0.0,5.28,0.9995,1.0,0.0,0.0,0.0,-3.078,1.0,1.0,1.0,-1.384,1.928,0.0,1.0,0.5,-0.5,0.0,0.0,0.0,-0.6353
3.607,3.658,3.559,-0.7783,1.454,1.075,0.3855,0.8,1.122,1.033,4.426,-0.2898,0.857,0.3862,0.0,0.0,-0.803,-1.022,0.447,0.0,-0.2854,0.899,5.156,4.668,0.765,0.2754,5.086,-1.122,5.082,-0.5083,2.547,0.00521,0.682,3.705,3.498,0.0,0.0,3.56,0.0,5.14,0.9565,1.0,0.0,0.0,0.0,-5.883,0.0,0.5,1.0,-0.9014,1.249,0.0,2.0,0.5,-0.5,0.0,0.0,0.0,-1.226
3.627,3.676,3.58,-0.6685,1.313,1.075,0.3804,0.6416,0.965,1.0205,4.426,0.003748,0.857,0.3862,0.0,0.0,-0.808,-0.997,0.446,0.0,-0.2827,-0.1046,5.156,5.094,0.6157,0.3044,5.086,-0.00995,5.082,-1.122,1.589,-0.2292,0.1699,3.734,3.514,0.0,0.0,3.58,0.0,5.14,0.763,1.0,0.0,0.0,0.0,-0.0351,0.0,0.0,0.5,-0.84,1.063,0.0,3.0,0.5,-0.5,0.0,0.0,0.0,-0.007446
3.643,3.688,3.6,-0.478,1.08,1.075,0.2578,0.6333,0.6636,0.968,4.426,-0.1631,0.857,0.3862,0.0,0.0,-0.7686,-0.953,0.422,0.0,-0.2803,-0.0388,5.156,5.094,0.3809,0.328,5.086,-0.2388,5.082,-0.00995,-0.508,2.547,0.03177,3.764,3.53,0.0,0.0,3.6,0.0,5.11,1.041,1.0,0.0,0.0,0.0,-0.739,-1.0,-0.5,0.5,-0.663,0.8306,0.0,4.0,-0.5,-0.5,0.0,0.0,0.0,-0.1569
3.674,3.723,3.625,-1.258,1.803,1.075,0.2578,0.6772,1.501,1.312,4.426,1.322,0.857,0.3862,0.0,0.0,-1.0205,-1.231,0.6133,1.0,-0.2903,1.34,5.156,5.094,1.264,0.341,5.086,2.143,5.082,-0.2388,-1.122,1.589,-0.05823,3.816,3.549,0.0,0.0,3.625,0.0,5.363,1.191,1.0,0.0,0.0,0.0,7.266,-1.0,0.0,0.5,-1.342,1.701,1.0,0.0,-0.5,-0.5,0.0,0.0,0.0,1.865
3.703,3.752,3.654,-1.184,1.803,1.075,0.2578,0.634,1.395,1.335,4.426,0.07086,0.857,0.3862,0.0,0.0,-1.042,-1.245,0.6133,1.0,-0.2903,-0.1245,5.156,5.094,1.1875,0.3562,5.086,0.2266,5.082,2.143,-0.00994,-0.508,0.996,3.84,3.572,0.0,0.0,3.65,0.0,5.363,1.155,1.0,0.0,0.0,0.0,0.571,0.0,0.0,0.5,-1.274,1.632,2.0,0.0,-0.5,-0.5,0.0,0.0,0.0,0.1175
3.732,3.781,3.682,-1.153,1.803,1.075,0.2578,0.628,1.328,1.374,4.426,0.0946,0.857,0.3862,0.0,0.0,-1.069,-1.274,0.6133,1.0,-0.2903,-0.3628,5.156,5.094,1.235,0.3467,5.086,0.3123,5.082,0.2266,-0.2388,-1.122,0.00521,3.85,3.594,0.0,0.0,3.678,0.0,5.363,1.171,1.0,0.0,0.0,0.0,0.7827,1.0,0.0,0.5,-1.236,1.616,3.0,0.0,-0.5,-0.5,0.0,0.0,0.0,0.1604
3.758,3.805,3.713,-1.05,1.654,1.075,0.2578,0.52,1.137,1.37,4.426,-0.002607,0.857,0.3862,0.0,0.0,-1.076,-1.261,0.6133,1.0,-0.2903,-0.5117,5.156,5.094,1.09,0.3757,5.086,0.0669,5.082,0.3123,2.143,-0.00994,-0.2292,3.863,3.617,0.0,0.0,3.71,0.0,5.363,1.174,1.0,0.0,0.0,0.0,0.2065,2.0,0.5,0.5,-1.118,1.488,4.0,0.0,-0.5,-0.5,0.0,0.0,0.0,0.0421
3.79,3.832,3.746,-1.232,1.8,1.075,0.2578,0.4832,1.26,1.48,4.426,0.2505,0.857,0.3862,0.0,0.0,-1.156,-1.333,0.6133,1.0,-0.2903,-0.3772,5.156,5.094,1.305,0.3328,3.203,0.7397,5.082,0.0669,0.2266,-0.2386,2.547,3.9,3.64,0.0,0.0,3.738,0.0,5.363,1.256,1.0,0.0,0.0,0.0,2.016,3.0,0.5,1.0,-1.284,1.638,5.0,0.0,0.0,-0.5,0.0,0.0,0.0,0.4104
3.82,3.863,3.78,-1.353,1.803,1.075,0.2578,0.4412,1.351,1.481,4.426,0.2157,0.857,0.3862,0.0,0.0,-1.156,-1.333,0.6133,1.0,-0.2903,0.0004497,5.156,5.094,1.473,0.2998,-0.6245,0.6553,5.082,0.7397,0.3123,2.143,1.589,3.945,3.666,0.0,0.0,3.775,0.0,5.363,1.237,1.0,0.0,0.0,0.0,1.788,3.0,0.5,1.0,-1.359,1.781,5.734,0.0,0.5,-0.5,0.0,0.0,0.0,0.3596
3.85,3.889,3.81,-1.163,1.672,1.075,0.2578,0.463,1.063,1.481,4.426,-0.0722,0.857,0.3862,0.0,0.0,-1.156,-1.333,0.6035,0.0,-0.2878,-0.3994,5.156,5.094,1.244,0.335,1.644,-0.09796,5.082,0.6553,0.0669,0.2266,-0.508,3.992,3.691,0.0,0.0,3.809,0.0,5.363,1.202,1.0,0.0,0.0,0.0,-0.3818,2.0,0.5,0.5,-1.169,1.563,0.0,1.0,0.5,-0.5,0.0,0.0,0.0,-0.076
3.871,3.898,3.846,-0.931,1.295,1.075,0.2578,0.3289,0.651,1.458,4.426,-0.2407,0.857,0.3862,0.0,0.0,-1.156,-1.31,0.566,0.0,-0.2854,-0.4185,5.156,5.094,0.8145,0.3843,5.086,-0.3643,5.082,-0.09796,0.7397,0.312,-1.122,3.992,3.715,0.0,0.0,3.836,0.0,5.363,1.148,1.0,0.0,0.0,0.0,-0.867,1.0,0.5,0.5,-1.016,1.119,0.0,2.0,0.5,-0.5,0.0,0.0,0.0,-0.1729
3.885,3.904,3.867,-0.4824,0.7593,1.075,0.2578,-0.01456,0.1326,1.29,4.426,-0.599,0.857,0.3862,0.0,0.0,-1.067,-1.148,0.4783,0.0,-0.2827,0.2252,5.156,5.094,0.2483,0.4124,5.086,-0.8604,5.082,-0.3643,0.6553,0.0669,-0.00994,3.992,3.734,0.0,0.0,3.861,0.0,5.363,0.477,0.0,0.0,0.0,0.0,-3.492,0.0,0.5,0.0,-0.59,0.594,0.0,3.0,0.5,-0.5,0.0,0.0,0.0,-0.7
3.889,3.906,3.873,0.0793,0.1765,1.075,-0.0368,-0.1082,-0.4172,1.081,4.426,-2.293,0.7144,0.3862,-1.0,0.0,-0.921,-0.9736,0.3647,0.0,-0.2803,0.3423,5.156,5.094,-0.3462,0.4207,5.086,-1.13,5.082,-0.8604,-0.0979,0.7397,-0.2386,3.992,3.752,0.0,0.0,3.88,0.0,5.31,-0.208,0.0,0.0,0.0,0.0,-5.168,-1.0,0.5,-0.5,-0.02054,0.06335,0.0,4.0,0.5,-0.5,0.0,0.0,0.0,-1.052
3.89,3.908,3.873,0.2051,0.0522,1.075,-0.1592,-0.0895,-0.533,1.025,4.426,0.563,0.5713,0.3862,-1.0,0.0,-0.877,-0.9307,0.3413,0.0,-0.2778,0.1523,5.156,5.094,-0.4473,0.4177,2.553,-0.2382,5.082,-1.13,-0.3643,0.6553,2.14,3.988,3.766,0.0,0.0,3.9,0.0,5.277,-0.1361,0.0,0.0,0.0,0.0,-0.834,-2.0,0.0,-0.5,0.05048,-0.11084,0.0,5.0,0.5,0.0,0.0,0.0,0.0,-0.173
3.885,3.902,3.87,0.5903,-0.3455,1.075,-0.598,-0.0924,-0.955,0.869,4.426,1.251,0.4285,0.3862,-1.0,0.0,-0.7563,-0.8013,0.2573,0.0,-0.2751,0.542,5.156,5.094,-0.872,0.4211,1.627,-0.854,5.082,-0.2382,-0.86,-0.0979,0.2266,3.953,3.78,0.0,0.0,3.912,0.0,5.168,-0.06085,0.0,0.0,0.0,0.0,-3.424,-2.0,-0.5,-0.5,0.4624,-0.4497,0.0,5.617,0.5,0.5,0.0,0.0,0.0,-0.713
3.887,3.902,3.873,0.2053,0.02151,1.075,-0.598,-0.10205,-0.618,0.985,4.426,-0.2969,0.2856,0.3862,-1.0,0.0,-0.847,-0.8965,0.333,0.0,-0.2727,0.04285,5.156,5.094,-0.545,0.4302,0.0992,0.782,4.715,-0.854,-1.13,-0.3643,0.312,3.922,3.793,0.0,0.0,3.928,0.0,5.266,0.1324,0.0,0.0,0.0,0.0,2.293,-1.0,-0.5,0.0,0.1376,-0.04697,1.0,0.0,0.5,0.5,0.0,0.0,0.0,0.4844
3.885,3.898,3.873,0.3728,-0.1724,1.075,-0.598,-0.0947,-0.837,0.907,4.426,0.6196,0.1428,0.3862,-1.0,0.0,-0.7866,-0.833,0.2947,0.0,-0.2703,-0.1195,5.156,5.094,-0.7705,0.4385,-0.5254,-0.3909,3.584,0.782,-0.2382,-0.86,0.0669,3.885,3.81,0.0,0.0,3.941,0.0,5.215,0.08844,0.0,0.0,0.0,0.0,-0.9756,-1.0,-1.0,0.0,0.2175,-0.323,0.0,1.0,0.5,0.5,0.0,0.0,0.0,-0.2035
3.877,3.89,3.861,0.772,-0.5527,1.075,-0.598,-0.1783,-1.191,0.748,4.426,0.682,0.0,0.3862,-1.0,0.0,-0.6675,-0.69,0.2085,0.0,-0.2676,0.3772,4.945,5.094,-1.152,0.4302,-3.404,-0.8853,3.65,-0.3909,-0.854,-1.13,0.7393,3.844,3.82,0.0,0.0,3.941,0.0,5.105,-0.7417,0.0,0.0,0.0,0.0,-3.29,-1.0,-1.5,-0.5,0.6177,-0.6714,0.0,2.0,0.5,0.5,0.0,0.0,0.0,-0.6904
3.877,3.895,3.861,0.1962,0.0422,0.7427,-0.598,-0.1481,-0.5806,0.932,4.426,-0.4797,-0.1428,0.3862,-1.0,0.0,-0.8105,-0.8486,0.325,0.0,-0.2651,0.1041,4.234,5.094,-0.546,0.4219,-5.035,1.213,3.678,-0.8853,0.782,-0.238,0.6553,3.826,3.836,0.0,0.0,3.938,0.0,5.254,-0.427,0.0,0.0,0.0,0.0,3.297,0.0,-1.5,-0.5,0.1147,-0.0419,1.0,0.0,0.5,0.5,0.0,0.0,0.0,0.702
3.88,3.896,3.863,0.1367,0.10583,0.7427,-0.598,-0.1389,-0.4612,0.944,4.426,-0.1382,-0.2856,0.3862,-1.0,0.0,-0.819,-0.859,0.3403,0.0,-0.2627,-0.1823,3.375,5.094,-0.4316,0.4133,-5.035,0.1566,3.678,1.213,-0.3909,-0.8535,-0.0979,3.824,3.852,0.0,0.0,3.938,0.0,5.273,-0.475,0.0,0.0,0.0,0.0,0.5522,1.0,-1.0,-0.5,0.0613,0.02367,2.0,0.0,0.5,0.5,0.0,0.0,0.0,0.1153
3.87,3.89,3.85,0.9175,-0.6265,0.7427,-0.598,0.03592,-1.154,0.6577,4.426,2.34,-0.4285,0.3862,-1.0,0.0,-0.5747,-0.6313,0.1797,0.0,-0.26,0.474,2.52,4.816,-1.123,0.3933,-5.035,-1.635,3.8,0.1566,-0.8853,0.7817,-0.3643,3.805,3.86,0.0,0.0,3.936,0.0,5.07,-0.8022,0.0,0.0,0.0,0.0,-6.17,0.0,-1.0,-1.0,0.82,-0.672,0.0,1.0,0.5,0.5,0.0,0.0,0.0,-1.285
3.848,3.877,3.82,1.649,-1.259,0.7427,-0.598,0.302,-1.733,0.3887,4.426,0.7544,-0.5713,0.3862,-1.0,0.0,-0.3237,-0.4138,0.02779,0.0,-0.2576,2.08,1.81,4.215,-1.6875,0.3533,-5.035,-1.591,4.43,-1.635,1.213,-0.3909,-0.86,3.777,3.863,0.0,0.0,3.928,0.0,4.875,-1.23,0.0,1.0,0.0,0.0,-7.465,0.0,-1.0,-1.5,1.512,-1.291,0.0,2.0,0.5,0.5,0.0,0.0,0.0,-1.599
3.834,3.861,3.807,1.2295,-0.8447,0.7427,-0.598,0.3074,-1.257,0.4763,4.426,-0.1799,-0.7144,0.3862,-1.0,0.0,-0.3987,-0.495,0.0872,0.0,-0.2551,0.4712,1.608,3.592,-1.236,0.3188,-3.107,0.639,4.73,-1.591,0.1566,-0.8853,-1.13,3.75,3.87,0.0,0.0,3.922,0.0,4.95,-1.253,0.0,1.0,0.0,0.0,2.12,1.0,-0.5,-1.5,1.148,-0.848,1.0,0.0,0.5,0.5,0.0,0.0,0.0,0.466
3.814,3.842,3.787,1.531,-1.142,0.7427,-0.598,0.4062,-1.443,0.3337,4.426,0.322,-0.857,0.3862,-1.0,0.0,-0.2664,-0.3726,0.009575,0.0,-0.2524,0.4563,2.133,3.082,-1.447,0.2812,-3.242,-0.826,5.082,0.639,-1.635,1.213,-0.238,3.717,3.873,0.0,0.0,3.906,0.0,4.85,-1.32,0.0,1.0,0.0,0.0,-2.238,0.0,-0.5,-1.5,1.456,-1.115,0.0,1.0,0.5,0.5,0.0,0.0,0.0,-0.4873
3.8,3.828,3.775,1.155,-0.7866,0.7427,-0.598,0.5117,-1.008,0.4087,4.426,-0.217,-1.0,0.3862,-1.0,0.0,-0.3223,-0.4524,0.06085,0.0,-0.25,0.5283,2.94,2.775,-1.064,0.2542,-1.656,0.553,5.082,-0.826,-1.591,0.1565,-0.8535,3.7,3.877,0.0,0.0,3.89,0.0,4.918,-1.132,0.0,1.0,0.0,0.0,1.947,0.0,0.0,-1.0,1.093,-0.7764,1.0,0.0,0.5,0.5,0.0,0.0,0.0,0.4297
3.785,3.81,3.762,1.264,-0.9097,0.7427,-0.598,0.5737,-1.047,0.3315,4.426,0.1912,-1.143,0.3862,-1.0,0.0,-0.2495,-0.3865,0.02156,0.0,-0.2474,1.258,3.809,2.705,-1.084,0.2166,-4.637,-0.4202,5.082,0.553,0.639,-1.635,0.7817,3.664,3.877,0.0,0.0,3.873,0.0,4.867,-1.076,0.0,1.0,0.0,0.0,-2.203,0.0,-0.5,-1.0,1.161,-0.9336,0.0,1.0,0.5,0.5,0.0,0.0,0.0,-0.4817
3.777,3.8,3.756,0.7803,-0.4514,0.7427,-0.598,0.4941,-0.5493,0.4514,4.426,-0.4424,-1.143,0.3862,-1.0,0.0,-0.3608,-0.4902,0.10016,0.0,-0.245,-0.0466,4.58,2.912,-0.5596,0.1902,-4.414,0.846,5.082,-0.4202,-0.826,-1.59,-0.3906,3.637,3.88,0.0,0.0,3.857,0.0,4.965,-0.699,0.0,0.0,0.0,0.0,2.834,1.0,0.0,-0.5,0.7495,-0.4353,1.0,0.0,0.5,0.5,0.0,0.0,0.0,0.624
3.768,3.79,3.748,0.9126,-0.6064,0.7427,-0.598,0.4434,-0.648,0.3748,4.41,0.3916,-1.143,0.3862,-1.0,0.0,-0.2988,-0.4143,0.06134,0.0,-0.2424,-0.6436,5.156,3.268,-0.678,0.1741,-2.324,-0.412,5.082,0.846,0.553,0.639,-0.885,3.623,3.877,0.0,0.0,3.838,0.0,4.914,-0.723,0.0,0.0,0.0,0.0,-1.058,0.0,0.0,-0.5,0.861,-0.6025,0.0,1.0,0.5,0.5,0.0,0.0,0.0,-0.2296
3.764,3.785,3.746,0.5264,-0.2399,-0.7036,-0.598,0.3362,-0.2573,0.475,4.29,-0.6606,-1.143,0.3862,-1.0,0.0,-0.395,-0.4966,0.1279,0.0,-0.2399,-0.292,5.156,3.695,-0.2693,0.1598,-5.035,0.7124,5.082,-0.412,-0.4202,-0.826,1.213,3.635,3.87,0.0,0.0,3.816,0.0,5.0,-0.4128,0.0,0.0,0.0,0.0,2.273,1.0,0.0,0.0,0.5015,-0.2369,1.0,0.0,0.5,0.5,0.0,0.0,0.0,0.497
3.762,3.78,3.746,0.461,-0.2084,-0.7036,-0.598,0.3132,-0.1544,0.4744,4.13,-0.651,-1.143,0.3862,-1.0,0.0,-0.3965,-0.494,0.1337,0.0,-0.2374,-0.1365,5.156,4.12,-0.1873,0.1492,-5.035,0.06076,4.645,0.7124,0.846,0.553,0.1565,3.639,3.863,0.0,0.0,3.799,0.0,5.008,-0.592,0.0,0.0,0.0,0.0,0.1633,1.0,0.0,0.0,0.438,-0.2083,2.0,0.0,0.5,0.5,0.0,0.0,0.0,0.03528
3.756,3.771,3.742,0.5654,-0.343,-0.7036,-0.598,0.2832,-0.2333,0.4153,3.975,2.344,-1.143,0.3862,-1.0,0.0,-0.3484,-0.4368,0.105,0.0,-0.2349,-0.5474,5.156,4.477,-0.2822,0.1387,-3.146,-0.3035,3.916,0.06076,-0.412,-0.4202,-1.634,3.65,3.861,0.0,0.0,3.78,0.0,4.97,-0.574,0.0,0.0,0.0,0.0,-0.801,1.0,0.0,0.0,0.519,-0.36,0.0,1.0,0.5,0.5,0.0,0.0,0.0,-0.1729
3.754,3.768,3.742,0.4192,-0.2102,-0.7036,-0.598,0.2214,-0.0819,0.443,3.88,-1.262,-1.0,0.3862,0.0,0.0,-0.3782,-0.4565,0.1284,0.0,-0.2323,-0.183,5.156,4.73,-0.1169,0.1295,1.368,0.2491,3.342,-0.3035,0.712,0.846,-1.59,3.658,3.857,0.0,0.0,3.764,0.0,5.0,-0.3342,0.0,0.0,0.0,0.0,0.7324,1.0,0.5,0.5,0.3367,-0.278,1.0,0.0,0.5,0.5,0.0,0.0,0.0,0.1589
3.76,3.771,3.75,-0.0856,0.2651,-0.7036,-0.598,0.1964,0.4858,0.6016,3.771,14.88,-0.857,0.3862,0.0,0.0,-0.514,-0.5977,0.2311,0.0,-0.2299,0.852,5.156,4.87,0.4001,0.1311,-0.1749,1.084,3.086,0.2491,0.06076,-0.412,0.6387,3.682,3.86,0.0,0.0,3.76,0.0,5.13,-0.372,0.0,0.0,0.0,0.0,7.266,2.0,0.5,0.5,-0.07666,0.2578,2.0,0.0,0.5,0.5,0.0,0.0,0.0,1.833
3.77,3.78,3.762,-0.3289,0.4858,-0.4065,-0.598,0.1919,0.809,0.6846,3.68,0.733,-0.7144,0.3862,0.0,0.0,-0.5825,-0.67,0.2896,0.0,-0.2273,0.02744,4.73,4.945,0.714,0.1284,2.701,0.607,2.965,1.084,-0.3035,0.712,-0.8257,3.705,3.855,0.0,0.0,3.758,0.0,5.203,-0.2585,0.0,0.0,0.0,0.0,2.219,2.0,1.0,0.5,-0.3506,0.426,3.0,0.0,0.5,0.5,0.0,0.0,0.0,0.471
3.775,3.785,3.766,-0.05997,0.2234,-0.4065,-0.434,0.1392,0.541,0.5923,3.656,-0.175,-0.5713,0.3862,0.0,0.0,-0.5117,-0.5835,0.2426,0.0,-0.2247,0.08606,3.928,4.926,0.4731,0.1284,1.974,-0.4824,2.943,0.607,0.2491,0.06073,0.553,3.725,3.85,0.0,0.0,3.756,0.0,5.145,0.0326,0.0,0.0,0.0,0.0,-1.306,1.0,0.5,0.5,-0.1587,0.1007,0.0,1.0,0.5,0.5,0.0,0.0,0.0,-0.2742
3.77,3.777,3.764,0.5044,-0.3699,-0.4065,-0.434,0.0306,-0.1096,0.384,3.662,-0.945,-0.4285,0.3862,0.0,0.0,-0.344,-0.3835,0.12415,0.0,-0.2222,0.2678,3.123,4.77,-0.1766,0.1371,3.77,-1.226,2.703,-0.4824,1.083,-0.3035,-0.42,3.725,3.84,0.0,0.0,3.748,0.0,4.992,0.1344,0.0,0.0,0.0,0.0,-5.664,1.0,0.5,0.5,0.4163,-0.4373,0.0,2.0,0.5,0.5,0.0,0.0,0.0,-1.199
3.77,3.777,3.764,0.2456,-0.1115,-0.4065,-0.434,-0.01842,0.11426,0.4534,3.656,14.88,-0.2856,0.3862,0.0,0.0,-0.4084,-0.443,0.1735,0.0,-0.2197,0.091,2.314,4.473,0.04205,0.1438,1.633,0.522,2.525,-1.226,0.6064,0.249,0.8457,3.73,3.832,0.0,0.0,3.742,0.0,5.055,0.10913,0.0,0.0,0.0,0.0,1.927,1.0,0.5,0.5,0.1583,-0.198,1.0,0.0,0.5,0.5,0.0,0.0,0.0,0.4165
3.781,3.79,3.771,-0.4023,0.5596,-0.3545,-0.434,-0.03026,0.7466,0.68,3.775,3.168,-0.1428,0.3862,0.0,0.0,-0.5996,-0.645,0.3184,0.0,-0.2172,0.7783,1.594,4.08,0.7124,0.1575,3.076,1.517,2.744,0.522,-0.4824,1.083,-0.4119,3.754,3.826,0.0,0.0,3.748,0.0,5.24,0.6753,0.0,0.0,0.0,0.0,5.156,1.0,1.0,1.0,-0.4106,0.509,2.0,0.0,0.5,0.5,0.0,0.0,0.0,1.105
3.791,3.8,3.781,-0.3706,0.538,-0.3137,-0.434,-0.09265,0.686,0.6777,3.86,0.0656,0.0,0.3862,0.0,0.0,-0.6025,-0.6367,0.326,0.0,-0.2146,0.3342,0.9243,3.584,0.6826,0.1709,1.797,0.07837,2.746,1.517,-1.226,0.6064,0.712,3.777,3.818,0.0,0.0,3.748,0.0,5.246,0.598,0.0,0.0,0.0,0.0,0.2705,1.0,1.0,1.0,-0.4033,0.463,3.0,0.0,0.5,0.5,0.0,0.0,0.0,0.05655
3.791,3.799,3.785,0.2107,-0.0748,-0.3137,-0.434,-0.09894,0.005936,0.4673,3.906,-0.788,0.1428,0.3862,0.0,0.0,-0.4275,-0.448,0.207,0.0,-0.2122,0.6533,0.6523,2.98,-0.004906,0.1876,2.236,-1.214,2.453,0.07837,0.522,-0.4824,0.06073,3.775,3.807,0.0,0.0,3.742,0.0,5.094,0.3313,0.0,0.0,0.0,0.0,-4.406,1.0,0.5,1.0,0.1787,-0.1039,0.0,1.0,0.5,0.5,0.0,0.0,0.0,-0.92
3.791,3.799,3.785,0.1875,-0.06107,-0.3137,-0.434,-0.12006,-0.01283,0.4612,3.912,-0.02705,0.2856,0.3862,0.0,0.0,-0.424,-0.4404,0.2114,0.0,-0.2096,-0.2952,0.73,2.322,-0.04007,0.1991,3.363,0.04495,2.482,-1.214,1.517,-1.226,-0.3035,3.766,3.797,0.0,0.0,3.744,0.0,5.1,0.1692,0.0,0.0,0.0,0.0,0.1832,2.0,1.0,1.0,0.1425,-0.1061,1.0,0.0,0.5,0.5,0.0,0.0,0.0,0.03906
3.79,3.795,3.785,0.383,-0.2737,-0.3137,0.3455,-0.06415,-0.273,0.3772,3.918,-2.645,0.2856,0.3862,-1.0,0.0,-0.3467,-0.3682,0.1682,0.0,-0.207,-0.02261,0.9473,1.759,-0.2932,0.2062,2.963,-0.4492,2.336,0.04495,0.07837,0.5215,0.249,3.758,3.79,0.0,0.0,3.748,0.0,5.047,0.1558,0.0,0.0,0.0,0.0,-1.2705,1.0,0.5,1.0,0.3213,-0.3218,0.0,1.0,0.5,0.5,0.0,0.0,0.0,-0.2705
3.79,3.795,3.785,0.1584,-0.05563,-0.3137,0.3455,-0.0953,-0.078,0.4373,3.91,-1.212,0.4285,0.3862,0.0,0.0,-0.4014,-0.421,0.2123,0.0,-0.2046,-0.584,1.199,1.297,-0.1033,0.2129,-0.1195,0.4626,2.312,-0.4492,-1.213,1.517,1.083,3.768,3.785,0.0,0.0,3.754,0.0,5.1,0.10046,0.0,0.0,0.0,0.0,2.043,1.0,0.5,1.0,0.1345,-0.07996,1.0,0.0,0.5,0.5,0.0,0.0,0.0,0.4382
3.791,3.795,3.787,0.1368,-0.0384,-0.3137,0.3455,-0.0672,-0.0817,0.433,3.902,0.0333,0.5713,0.3862,0.0,0.0,-0.3953,-0.4197,0.2177,0.0,-0.202,0.1798,1.424,1.015,-0.106,0.2189,-2.006,0.05487,2.082,0.4626,0.04492,0.07837,0.6064,3.771,3.781,0.0,0.0,3.762,0.0,5.105,0.09924,0.0,0.0,0.0,0.0,0.199,1.0,0.5,1.0,0.10333,-0.0747,2.0,0.0,0.5,0.5,0.0,0.0,0.0,0.04236
3.793,3.797,3.791,0.1042,-0.02275,-0.3137,0.3455,-0.0706,-0.091,0.4314,3.914,-0.1626,0.7144,0.3862,0.0,0.0,-0.394,-0.4177,0.2244,0.0,-0.1995,-0.579,1.594,0.882,-0.104,0.2253,-0.762,0.06976,1.961,0.05487,-0.449,-1.213,-0.4822,3.762,3.781,0.0,0.0,3.77,0.0,5.117,0.209,0.0,0.0,0.0,0.0,0.2123,2.0,1.0,1.5,0.07135,-0.06088,3.0,0.0,0.5,0.5,0.0,0.0,0.0,0.04517
3.793,3.795,3.791,0.1796,-0.11145,-0.3137,0.3455,-0.05392,-0.2008,0.3926,3.902,-4.85,0.5713,0.3862,-1.0,0.0,-0.3591,-0.3835,0.2085,0.0,-0.197,-0.0728,1.678,0.935,-0.2117,0.2311,2.88,-0.1643,1.653,0.06976,0.4624,0.04492,-1.226,3.748,3.777,0.0,0.0,3.777,0.0,5.094,0.0972,0.0,0.0,0.0,0.0,-0.4373,1.0,1.0,1.0,0.1009,-0.1935,0.0,1.0,0.5,0.5,0.0,0.0,0.0,-0.0929
3.797,3.799,3.797,-0.067,0.1315,-0.3137,0.3455,-0.1812,0.06134,0.4678,3.863,-3.213,0.5713,0.3862,0.0,0.0,-0.4353,-0.4407,0.2622,0.0,-0.1945,-0.385,1.713,1.057,0.03418,0.2361,1.602,0.559,1.599,-0.1643,0.05487,-0.449,0.5215,3.754,3.775,0.0,0.0,3.783,0.0,5.164,-0.03992,0.0,0.0,0.0,0.0,1.615,2.0,1.0,1.0,-0.1311,0.04608,1.0,0.0,0.5,0.5,0.0,0.0,0.0,0.3442
3.803,3.803,3.8,-0.0772,0.133,-0.3137,0.3455,-0.2615,0.1031,0.464,3.787,0.4023,0.5713,0.3862,0.0,0.0,-0.4392,-0.4294,0.2688,0.0,-0.1919,-0.8447,1.622,1.163,0.0791,0.2338,-2.645,0.0693,1.386,0.559,0.06976,0.4624,1.517,3.762,3.777,0.0,0.0,3.793,0.0,5.17,-0.207,0.0,0.0,0.0,0.0,0.1436,2.0,1.0,1.0,-0.1587,0.02797,2.0,0.0,0.5,0.5,0.0,0.0,0.0,0.03029
3.812,3.816,3.81,-0.4595,0.544,-0.3137,0.3455,-0.2634,0.539,0.604,3.793,2.336,0.5713,0.3862,0.0,0.0,-0.557,-0.555,0.3633,0.0,-0.1895,0.349,1.458,1.264,0.5215,0.2404,-3.04,0.973,1.578,0.0693,-0.1643,0.05487,0.07837,3.783,3.78,0.0,0.0,3.803,0.0,5.29,0.243,0.0,0.0,0.0,0.0,3.424,2.0,1.0,1.5,-0.543,0.407,3.0,0.0,0.5,0.5,0.0,0.0,0.0,0.722
3.818,3.82,3.816,-0.08453,0.1478,-0.3137,0.3455,-0.2898,0.1099,0.4714,3.824,-0.5767,0.5713,0.3862,0.0,0.0,-0.448,-0.4336,0.291,0.0,-0.1869,-0.4165,1.315,1.367,0.0943,0.2532,0.793,-0.734,1.528,0.973,0.559,0.06976,-1.213,3.793,3.777,0.0,0.0,3.809,0.0,5.2,0.4243,0.0,0.0,0.0,0.0,-2.51,1.0,1.0,1.5,-0.1707,0.03705,0.0,1.0,0.5,0.5,0.0,0.0,0.0,-0.5205
3.832,3.836,3.828,-0.562,0.6543,-0.3137,0.3455,-0.2708,0.6167,0.647,3.89,2.611,0.5713,0.3862,0.0,0.0,-0.5933,-0.593,0.408,0.0,-0.1843,0.3684,1.217,1.478,0.5913,0.2712,0.92,1.201,1.683,-0.734,0.0692,-0.1643,0.04492,3.814,3.783,0.0,0.0,3.82,0.0,5.348,0.579,0.0,0.0,0.0,0.0,3.87,2.0,1.0,1.5,-0.6465,0.5083,1.0,0.0,0.5,0.5,0.0,0.0,0.0,0.8125
3.846,3.85,3.842,-0.567,0.6743,-0.3137,0.3455,-0.3745,0.6753,0.664,3.89,0.2313,0.5713,0.3862,0.0,0.0,-0.617,-0.598,0.4275,0.0,-0.1818,-0.3623,1.198,1.562,0.6226,0.2847,2.883,0.1979,1.871,1.201,0.973,0.559,-0.449,3.838,3.795,0.0,0.0,3.834,0.0,5.363,0.2654,0.0,0.0,0.0,0.0,0.9,2.0,1.5,1.5,-0.6523,0.5264,2.0,0.0,0.5,0.5,0.0,0.0,0.0,0.1853
3.857,3.865,3.854,-0.523,0.6445,-0.3137,0.3455,-0.4263,0.678,0.6636,3.89,0.1467,0.5713,0.3862,0.0,0.0,-0.621,-0.593,0.4363,0.0,-0.1793,-0.2542,1.272,1.65,0.593,0.2993,2.314,0.08655,2.178,0.1979,-0.734,0.0692,0.4624,3.865,3.805,0.0,0.0,3.842,0.0,5.363,0.2683,0.0,0.0,0.0,0.0,0.4336,2.0,1.5,1.5,-0.677,0.4263,3.0,0.0,0.5,0.5,0.0,0.0,0.0,0.089
3.854,3.861,3.846,0.529,-0.3994,-0.3137,0.1056,-0.2223,-0.422,0.2996,3.844,-1.378,0.4285,0.3862,-1.0,0.0,-0.2925,-0.28,0.219,0.0,-0.1768,0.5684,1.297,1.643,-0.4666,0.2947,2.85,-2.176,2.197,0.08655,1.201,0.973,0.05487,3.86,3.81,0.0,0.0,3.838,0.0,5.105,-0.0995,0.0,0.0,0.0,0.0,-8.15,1.0,1.0,1.5,0.417,-0.4907,0.0,1.0,0.5,0.5,0.0,1.0,-3.82,-3.234
3.857,3.865,3.852,-0.06433,0.2041,-0.3137,0.1056,-0.1849,0.1587,0.489,3.863,-1.932,0.4285,0.3862,0.0,0.0,-0.4536,-0.4595,0.3438,0.0,-0.1742,0.526,1.337,1.59,0.1263,0.3005,2.645,1.296,2.248,-2.176,0.1978,-0.734,0.06976,3.87,3.818,0.0,0.0,3.842,0.0,5.26,0.2211,0.0,0.0,0.0,0.0,6.434,2.0,1.0,1.5,-0.10046,0.1492,1.0,0.0,0.5,0.5,0.0,0.0,0.0,1.368
3.865,3.873,3.86,-0.2312,0.3647,-0.3137,0.1056,-0.1855,0.2961,0.5454,3.928,0.6943,0.5713,0.3862,0.0,0.0,-0.5015,-0.5103,0.3867,0.0,-0.1718,0.06854,1.421,1.556,0.2744,0.314,3.512,0.439,2.133,1.296,0.08655,1.2,-0.1642,3.871,3.828,0.0,0.0,3.854,0.0,5.316,0.4548,0.0,0.0,0.0,0.0,2.014,2.0,1.5,2.0,-0.2554,0.31,2.0,0.0,0.5,0.5,0.0,0.0,0.0,0.4192
3.873,3.879,3.867,-0.1504,0.278,-0.3137,0.1056,-0.1798,0.1906,0.517,3.965,-0.1389,0.5713,0.3862,0.0,0.0,-0.477,-0.4856,0.3777,0.0,-0.1692,-0.484,1.538,1.529,0.1627,0.3276,2.39,-0.092,2.076,0.439,-2.176,0.1978,0.559,3.88,3.836,0.0,0.0,3.861,0.0,5.305,0.3303,0.0,0.0,0.0,0.0,-0.349,1.0,1.0,1.5,-0.1754,0.2288,0.0,1.0,0.5,0.5,0.0,0.0,0.0,-0.07214
3.875,3.88,3.871,0.0324,0.0776,-0.3137,0.1056,-0.225,-0.02992,0.4485,3.98,-0.648,0.5713,0.3862,0.0,0.0,-0.4226,-0.4187,0.3428,0.0,-0.1666,-0.4846,1.625,1.515,-0.04367,0.3345,2.543,-0.354,2.094,-0.092,1.296,0.08655,0.0692,3.873,3.844,0.0,0.0,3.863,0.0,5.258,0.2037,0.0,0.0,0.0,0.0,-1.123,0.0,0.5,1.0,0.01921,0.0552,0.0,2.0,0.5,0.5,0.0,0.0,0.0,-0.2325
3.875,3.88,3.871,0.235,-0.136,-0.513,0.1056,-0.1943,-0.2683,0.3684,3.969,-2.926,0.4285,0.3862,-1.0,0.0,-0.3506,-0.3474,0.3005,0.0,-0.1642,-0.4116,1.673,1.504,-0.2751,0.339,-0.178,-0.4294,2.084,-0.354,0.439,-2.174,0.9727,3.86,3.848,0.0,0.0,3.861,0.0,5.207,0.0618,0.0,0.0,0.0,0.0,-1.047,0.0,0.0,0.5,0.2288,-0.1351,0.0,3.0,0.5,0.5,0.0,0.0,0.0,-0.218
3.873,3.877,3.871,0.277,-0.1982,-0.513,0.1056,-0.229,-0.3567,0.3372,3.959,0.7754,0.4285,0.3862,-1.0,0.0,-0.3262,-0.3147,0.2886,0.0,-0.1616,-0.522,1.668,1.507,-0.3464,0.3418,1.888,-0.12286,2.0,-0.4294,-0.092,1.295,-0.734,3.842,3.852,0.0,0.0,3.865,0.0,5.19,0.07275,0.0,0.0,0.0,0.0,-0.33,-1.0,0.0,0.5,0.2554,-0.2109,0.0,4.0,0.5,0.5,0.0,0.0,0.0,-0.0692
3.871,3.873,3.87,0.3655,-0.2886,-0.513,0.1056,-0.2273,-0.4639,0.2922,3.912,0.6304,0.2856,0.3862,-1.0,0.0,-0.2864,-0.2727,0.2673,0.0,-0.159,-0.4392,1.604,1.502,-0.4575,0.3433,-1.775,-0.2167,1.927,-0.12286,-0.354,0.439,1.2,3.848,3.857,0.0,0.0,3.867,0.0,5.164,-0.1231,0.0,0.0,0.0,0.0,-0.6016,-2.0,-0.5,0.0,0.3472,-0.2905,0.0,5.0,0.5,0.5,0.0,0.0,0.0,-0.1265
3.865,3.87,3.861,0.563,-0.4724,-0.513,0.1056,-0.159,-0.6704,0.2109,3.842,0.793,0.1428,0.3862,-1.0,0.0,-0.2076,-0.2013,0.2229,0.0,-0.1566,-0.2303,1.391,1.461,-0.658,0.339,-2.828,-0.4597,1.794,-0.2167,-0.4292,-0.092,0.1978,3.834,3.86,0.0,0.0,3.87,0.0,5.105,-0.2576,0.0,0.0,0.0,0.0,-1.561,-2.0,-1.0,-0.5,0.4998,-0.5083,0.0,5.617,0.5,0.5,0.0,0.0,0.0,-0.329
3.857,3.863,3.854,0.6577,-0.5566,-0.513,0.1056,-0.2255,-0.744,0.1592,3.703,0.288,0.0,0.3862,-1.0,0.0,-0.1665,-0.1447,0.1965,0.0,-0.154,-0.4402,1.079,1.38,-0.7476,0.3303,-3.738,-0.274,1.83,-0.4597,-0.1228,-0.354,0.08655,3.81,3.857,0.0,0.0,3.87,0.0,5.074,-0.6104,0.0,0.0,0.0,0.0,-0.9507,-2.0,-1.5,-1.0,0.559,-0.623,0.0,5.617,0.5,1.0,0.0,0.0,0.0,-0.202
3.844,3.852,3.834,1.097,-0.9443,-0.513,-0.2893,-0.111,-1.156,-0.001133,3.56,0.8623,-0.1428,0.3862,-1.0,0.0,-0.007298,0.003756,0.10114,0.0,-0.1515,0.5215,0.7573,1.249,-1.108,0.3064,2.3,-0.9956,2.184,-0.274,-0.2167,-0.4292,-2.174,3.78,3.854,0.0,0.0,3.865,0.0,4.95,-0.66,0.0,0.0,0.0,0.0,-6.453,-2.0,-1.5,-1.0,0.936,-1.045,0.0,5.617,0.5,1.5,0.0,0.0,0.0,-1.377
3.834,3.844,3.824,0.7915,-0.638,-0.513,-0.2893,-0.2167,-0.832,0.0654,3.375,-0.199,-0.2856,0.3862,-1.0,0.0,-0.0792,-0.05298,0.1476,0.0,-0.149,-0.289,0.6196,1.112,-0.798,0.2896,-1.964,0.4937,2.35,-0.9956,-0.4595,-0.1228,1.295,3.756,3.85,0.0,0.0,3.861,0.0,5.008,-0.9224,0.0,0.0,0.0,0.0,1.921,-1.0,-1.5,-1.0,0.665,-0.7246,1.0,0.0,0.5,1.5,0.0,0.0,0.0,0.417
3.826,3.836,3.818,0.674,-0.522,-0.513,-0.2893,-0.1896,-0.67,0.0785,3.184,-0.1045,-0.4285,0.3862,-1.0,0.0,-0.089,-0.0686,0.161,0.0,-0.1465,0.04013,0.7324,0.999,-0.641,0.2708,-3.924,0.1412,2.447,0.4937,-0.274,-0.2166,0.4387,3.74,3.852,0.0,0.0,3.86,0.0,5.027,-0.9478,0.0,0.0,0.0,0.0,0.4238,0.0,-1.5,-1.0,0.5586,-0.6055,2.0,0.0,0.5,1.5,0.0,0.0,0.0,0.09125
3.82,3.828,3.812,0.586,-0.4539,-0.513,-0.2893,-0.2023,-0.536,0.0831,2.996,-0.1217,-0.5713,0.3862,-1.0,0.0,-0.0944,-0.07196,0.1687,0.0,-0.1439,-0.3135,1.071,0.946,-0.508,0.251,-4.344,0.08057,2.572,0.1412,-0.9956,-0.4595,-0.092,3.727,3.852,0.0,0.0,3.855,0.0,5.035,-0.9517,0.0,0.0,0.0,0.0,0.2292,1.0,-1.0,-1.0,0.371,-0.653,3.0,0.0,0.5,1.5,0.0,0.0,0.0,0.04926
3.814,3.82,3.81,0.5415,-0.4338,-0.513,-0.2893,-0.4624,-0.5205,0.075,2.932,0.10205,-0.5713,0.3862,-1.0,0.0,-0.11017,-0.039,0.1682,0.0,-0.1414,-0.6245,1.343,0.8877,-0.4993,0.2487,-3.904,-0.005024,2.688,0.08057,0.4934,-0.274,-0.3538,3.715,3.848,0.0,0.0,3.852,0.0,5.035,-0.3564,0.0,0.0,0.0,0.0,-0.01379,1.0,-1.0,-1.0,0.2732,-0.6943,0.0,1.0,0.5,1.5,0.0,0.0,0.0,-0.002956
3.807,3.812,3.803,0.629,-0.5337,-0.513,-0.2893,-0.5576,-0.5825,0.02509,2.78,0.3103,-0.7144,0.3862,-1.0,0.0,-0.07196,0.02005,0.1418,0.0,-0.1389,-0.5527,1.678,0.9126,-0.564,0.2346,-3.133,-0.2766,2.775,-0.005024,0.1412,-0.995,-0.4292,3.705,3.842,0.0,0.0,3.842,0.0,5.0,-1.209,0.0,1.0,0.0,0.0,-1.067,1.0,-1.0,-1.5,0.3513,-0.7974,0.0,2.0,-1.0,1.5,0.0,0.0,0.0,-0.229
3.793,3.799,3.79,1.061,-0.9663,-0.513,-0.2893,-0.5425,-0.959,-0.1373,2.555,1.027,-0.857,0.3862,-1.0,0.0,0.08484,0.1849,0.0441,0.0,-0.1364,-0.503,2.148,1.113,-0.924,0.2068,-3.254,-1.03,3.158,-0.2766,0.0805,0.4934,-0.1228,3.688,3.838,0.0,0.0,3.832,0.0,4.875,-1.719,0.0,1.0,0.0,0.0,-3.402,0.0,-1.0,-2.0,0.8037,-1.174,0.0,3.0,-1.0,1.5,0.0,1.0,-2.44,-0.7334
3.785,3.79,3.781,0.717,-0.635,-0.513,-0.2893,-0.543,-0.5884,-0.06033,2.361,-0.3384,-1.0,0.3862,-1.0,0.0,0.010414,0.1054,0.0968,0.0,-0.1338,-0.505,2.613,1.431,-0.552,0.185,-3.357,0.5654,3.146,-1.03,-0.005024,0.1412,-0.2166,3.688,3.834,0.0,0.0,3.818,0.0,4.94,-1.348,0.0,1.0,0.0,0.0,1.748,0.0,-0.5,-1.5,0.4995,-0.826,1.0,0.0,-1.0,1.5,0.0,0.0,0.0,0.3833
3.78,3.783,3.78,0.4622,-0.3982,-0.513,-0.2893,-0.5513,-0.3027,-0.001032,2.213,-0.519,-1.143,0.3862,-1.0,0.0,-0.04678,0.04578,0.1381,0.0,-0.1313,-0.423,2.988,1.764,-0.2732,0.1709,-2.498,0.438,2.926,0.5654,-0.2766,0.0805,-0.4595,3.686,3.834,0.0,0.0,3.807,0.0,4.996,-1.009,0.0,0.0,0.0,0.0,1.149,0.0,0.0,-1.0,0.27,-0.5815,2.0,0.0,-1.0,1.5,0.0,0.0,0.0,0.2496
3.77,3.771,3.77,0.792,-0.7373,-0.513,-0.2893,-0.5254,-0.6035,-0.1268,2.049,1.902,-1.143,0.3862,-1.0,0.0,0.0762,0.1724,0.0628,0.0,-0.1288,-0.2786,3.25,2.078,-0.599,0.1593,-1.939,-0.7935,2.729,0.438,-1.03,-0.005024,-0.2737,3.674,3.83,0.0,0.0,3.793,0.0,4.9,-1.09,0.0,1.0,0.0,0.0,-2.06,0.0,0.0,-1.0,0.618,-0.8755,0.0,1.0,-1.0,1.5,0.0,0.0,0.0,-0.4443
3.762,3.762,3.762,0.6724,-0.631,-0.513,-0.2893,-0.5347,-0.4666,-0.1149,1.896,-0.1652,-1.143,0.3862,-1.0,0.0,0.06384,0.1609,0.0743,0.0,-0.1262,-0.556,3.393,2.373,-0.4868,0.1483,0.6235,0.1229,2.871,-0.7935,0.5654,-0.2764,-0.995,3.664,3.826,0.0,0.0,3.785,0.0,4.914,-0.9966,0.0,0.0,0.0,0.0,0.2866,1.0,0.5,-0.5,0.5073,-0.768,1.0,0.0,-1.0,1.5,0.0,0.0,0.0,0.0627
3.752,3.752,3.754,0.759,-0.7285,-0.513,-0.2893,-0.5073,-0.534,-0.1669,1.74,0.355,-1.143,0.3862,-1.0,0.0,0.1169,0.2124,0.04553,0.0,-0.1237,-0.5586,3.426,2.656,-0.569,0.1351,-0.9136,-0.3066,2.87,0.1229,0.4377,-1.03,0.4932,3.65,3.82,0.0,0.0,3.773,0.0,4.875,-1.016,0.0,0.0,0.0,0.0,-0.7236,1.0,0.0,-0.5,0.5854,-0.869,0.0,1.0,-1.0,1.5,0.0,1.0,-1.373,-0.1578
3.75,3.748,3.752,0.3716,-0.3513,-0.8945,-0.2893,-0.538,-0.1411,-0.06586,1.644,-0.8857,-1.143,0.3862,-1.0,0.0,0.01616,0.1106,0.1136,0.0,-0.1212,-0.3708,3.336,2.887,-0.1753,0.126,-1.652,0.7295,2.535,-0.3066,-0.7935,0.565,0.1412,3.646,3.818,0.0,0.0,3.762,0.0,4.96,-0.5527,0.0,0.0,0.0,0.0,1.427,1.0,0.0,0.0,0.2517,-0.4634,1.0,0.0,-1.0,1.5,0.0,0.0,0.0,0.313
3.744,3.742,3.746,0.5015,-0.489,-0.8945,-0.2893,-0.4995,-0.2654,-0.12274,1.55,5.395,-1.143,0.3862,-1.0,0.0,0.0745,0.1656,0.0815,0.0,-0.1187,-0.0832,3.14,3.053,-0.3005,0.11804,-2.041,-0.34,2.17,0.7295,0.1229,0.4377,0.0805,3.65,3.812,0.0,0.0,3.75,0.0,4.92,-0.5703,0.0,0.0,0.0,0.0,-1.091,0.0,-0.5,0.0,0.3416,-0.6343,0.0,1.0,-1.0,1.5,0.0,0.0,0.0,-0.2362
3.738,3.736,3.742,0.43,-0.4229,-0.8945,-0.2893,-0.622,-0.2211,-0.1167,1.513,-0.1805,-1.143,0.3862,-1.0,0.0,0.0577,0.1711,0.0891,0.0,-0.11615,-0.737,2.926,3.129,-0.261,0.118,-2.297,0.08167,1.816,-0.34,-0.3066,-0.7935,-0.005024,3.65,3.809,0.0,0.0,3.74,0.0,4.93,-0.1903,0.0,0.0,0.0,0.0,0.1742,1.0,0.0,0.5,0.256,-0.589,1.0,0.0,-1.0,1.5,0.0,0.0,0.0,0.03793
3.738,3.736,3.742,0.1547,-0.1444,-0.8945,-0.2893,-0.619,0.05756,-0.03925,1.478,-2.742,-1.0,0.3862,0.0,0.0,-0.0166,0.0911,0.1423,0.0,-0.11365,-0.2947,2.65,3.121,0.00909,0.1186,-1.721,0.566,1.505,0.08167,0.7295,0.1229,-0.2764,3.65,3.803,0.0,0.0,3.734,0.0,4.996,-0.1604,0.0,0.0,0.0,0.0,1.836,1.0,0.5,0.5,0.01993,-0.2896,2.0,0.0,-1.0,1.5,0.0,0.0,0.0,0.3994
3.732,3.73,3.736,0.5283,-0.523,-0.8945,-0.2893,-0.5894,-0.3176,-0.171,1.39,-2.24,-1.0,0.3862,-1.0,0.0,0.11365,0.2247,0.06323,0.0,-0.1111,0.1004,2.38,3.047,-0.3694,0.11304,1.337,-0.8335,1.228,0.566,-0.34,-0.3066,-1.03,3.65,3.797,0.0,0.0,3.725,0.0,4.9,-0.515,0.0,0.0,0.0,0.0,-3.883,1.0,0.5,0.0,0.4111,-0.6196,0.0,1.0,-1.0,1.5,0.0,0.0,0.0,-0.837
3.725,3.72,3.727,0.7407,-0.734,-0.8945,-0.2893,-0.5576,-0.525,-0.2578,1.269,1.266,-1.0,0.3862,-1.0,0.0,0.2026,0.3137,0.01245,0.0,-0.1086,-0.0733,2.197,2.934,-0.5503,0.09674,-0.2515,-0.543,1.069,-0.8335,0.08167,0.7295,0.565,3.643,3.785,0.0,0.0,3.713,0.0,4.832,-0.699,0.0,0.0,0.0,0.0,-3.86,0.0,0.0,-0.5,0.6377,-0.7983,0.0,2.0,-1.0,1.5,0.0,0.0,0.0,-0.8438
3.719,3.717,3.723,0.4607,-0.4575,-0.8945,-0.2893,-0.512,-0.244,-0.1913,1.176,-0.6084,-1.0,0.3862,-1.0,0.0,0.1405,0.2388,0.05847,0.0,-0.1061,-0.381,1.885,2.764,-0.2783,0.0898,-1.804,0.4963,0.896,-0.543,0.566,-0.34,0.4377,3.645,3.775,0.0,0.0,3.707,0.0,4.89,-0.5054,0.0,0.0,0.0,0.0,1.624,1.0,0.0,0.0,0.3892,-0.51,1.0,0.0,-1.0,1.5,0.0,0.0,0.0,0.3584
3.674,3.695,3.652,2.701,-2.545,-0.8945,-1.638,0.2964,-2.36,-1.016,0.823,14.88,-1.0,0.3762,-1.0,-1.0,1.109,1.121,-0.4622,0.0,-0.1035,2.83,3.0,3.193,-2.086,-0.0535,0.3,-2.514,3.742,0.4963,-0.833,0.08167,-0.793,3.578,3.75,0.0,0.0,3.68,0.0,4.227,-1.303,0.0,1.0,0.0,0.0,-8.15,0.0,0.0,0.0,2.75,-2.195,0.0,1.0,-1.0,1.5,0.0,1.0,-3.82,-5.477
3.637,3.668,3.607,2.701,-2.37,-0.8945,-1.638,0.301,-2.32,-0.9336,0.5522,-0.0386,-1.0,0.3665,-1.0,-1.0,1.014,1.017,-0.409,0.0,-0.101,0.4978,4.55,3.953,-1.64,-0.1309,-1.7,0.6274,5.027,-2.514,-0.543,0.566,0.12286,3.521,3.732,0.0,0.0,3.658,0.0,4.293,-1.046,0.0,1.0,0.0,0.0,7.266,0.0,0.0,0.5,2.652,-2.195,1.0,0.0,-1.0,1.5,0.0,0.0,0.0,1.809
3.611,3.648,3.578,2.006,-1.5,-0.4197,-1.638,0.347,-1.595,-0.7627,0.3108,-0.2179,-1.0,0.3564,-1.0,-1.0,0.8203,0.802,-0.2986,0.0,-0.0985,0.8623,5.156,4.652,-0.879,-0.1642,-2.31,1.287,5.082,0.6274,0.496,-0.833,-0.3066,3.477,3.715,0.0,0.0,3.64,0.0,4.434,-0.892,0.0,0.0,0.0,0.0,7.266,1.0,0.5,0.5,1.905,-1.466,2.0,0.0,-1.0,1.5,0.0,0.0,0.0,2.34
3.59,3.627,3.555,1.842,-1.314,-0.394,-1.638,0.3455,-1.415,-0.759,0.04883,0.00953,-1.0,0.3464,-1.0,-1.0,0.816,0.797,-0.2944,0.0,-0.09595,-0.332,5.156,5.094,-0.756,-0.1836,-5.035,0.0493,5.082,1.287,-2.514,-0.543,0.7295,3.426,3.697,0.0,0.0,3.621,0.0,4.438,-0.9893,0.0,0.0,0.0,0.0,0.2278,2.0,0.5,0.5,1.7,-1.336,3.0,0.0,-1.0,1.5,0.0,0.0,0.0,0.05322
3.572,3.611,3.537,1.532,-0.9937,-0.1914,-1.638,0.3245,-1.113,-0.709,-0.1532,-0.1114,-1.0,0.3367,-1.0,-1.0,0.758,0.739,-0.2603,0.0,-0.09344,-0.588,5.156,5.094,-0.4993,-0.1975,-5.035,0.3884,5.082,0.0493,0.6274,0.496,-0.34,3.387,3.68,0.0,0.0,3.604,0.0,4.48,-0.798,0.0,0.0,0.0,0.0,1.98,2.0,1.0,1.0,1.419,-1.01,4.0,0.0,-0.5,1.5,0.0,0.0,0.0,0.4624
3.549,3.59,3.51,1.99,-1.396,-0.1914,-1.638,0.4624,-1.495,-0.8696,-0.4128,0.5625,-1.0,0.3267,-1.0,-1.0,0.953,0.9214,-0.3608,0.0,-0.0909,0.5547,5.156,5.094,-0.958,-0.2146,-5.035,-1.142,5.082,0.3884,1.286,-2.514,0.08167,3.344,3.66,0.0,0.0,3.582,0.0,4.35,-0.9604,0.0,0.0,0.0,0.0,-6.035,2.0,0.5,0.5,1.873,-1.382,0.0,1.0,-0.5,1.5,0.0,0.0,0.0,-1.4
3.533,3.574,3.492,1.552,-0.953,-0.1914,-1.638,0.4434,-1.066,-0.785,-0.6255,-0.1981,-1.0,0.317,-1.0,-1.0,0.8545,0.8193,-0.306,0.0,-0.0884,-0.012436,5.156,5.094,-0.561,-0.2332,-5.035,0.637,5.082,-1.142,0.0493,0.6274,0.566,3.303,3.643,0.0,0.0,3.564,0.0,4.42,-0.787,0.0,0.0,0.0,0.0,5.57,2.0,0.5,1.0,1.45,-0.9546,1.0,0.0,-0.5,1.5,0.0,0.0,0.0,1.317
3.521,3.56,3.482,1.154,-0.592,-0.1914,-1.638,0.3975,-0.64,-0.7056,-0.851,-0.3484,-1.0,0.307,-1.0,-1.0,0.7607,0.728,-0.2532,0.0,-0.0859,-0.516,5.156,5.094,-0.2225,-0.2427,-5.035,0.603,5.082,0.637,0.3884,1.286,-0.833,3.326,3.629,0.0,0.0,3.553,0.0,4.49,-0.824,0.0,0.0,0.0,0.0,3.098,2.0,1.0,1.0,1.1045,-0.5674,2.0,0.0,-0.5,1.5,0.0,0.0,0.0,0.725
3.51,3.547,3.475,1.123,-0.606,-0.1914,-1.638,0.3276,-0.57,-0.726,-1.0625,-0.003374,-1.0,0.297,-1.0,-1.0,0.778,0.7593,-0.2646,0.0,-0.0833,-0.836,5.156,5.094,-0.2151,-0.2559,-5.035,-0.1302,5.082,0.603,-1.142,0.0493,-0.5425,3.344,3.613,0.0,0.0,3.537,0.0,4.473,-0.797,0.0,0.0,0.0,0.0,-0.55,1.0,1.0,1.0,1.101,-0.554,0.0,1.0,-0.5,1.5,0.0,0.0,0.0,-0.1274
3.502,3.535,3.47,0.892,-0.4216,-0.1914,-1.638,0.3025,-0.293,-0.686,-1.262,-0.5244,-1.0,0.287,-1.0,-1.0,0.7305,0.714,-0.2373,0.0,-0.0808,-0.7593,5.156,5.094,-0.02193,-0.264,-5.035,0.31,5.082,-0.1302,0.637,0.3884,0.496,3.35,3.602,0.0,0.0,3.521,0.0,4.508,-0.7495,0.0,0.0,0.0,0.0,0.9795,1.0,1.0,1.0,0.8896,-0.366,1.0,0.0,-0.5,1.5,0.0,0.0,0.0,0.2274
3.496,3.521,3.47,0.8184,-0.435,-0.1914,-1.638,0.262,-0.1611,-0.691,-1.479,-0.67,-1.143,0.2773,-1.0,-1.0,0.7324,0.7236,-0.2406,0.0,-0.0783,-0.489,5.156,5.094,0.02786,-0.2766,4.547,-0.0379,5.082,0.31,0.603,-1.142,-2.514,3.355,3.59,0.0,0.0,3.51,0.0,4.5,-0.8867,0.0,0.0,0.0,0.0,-0.1328,1.0,1.0,0.5,0.8174,-0.3835,0.0,1.0,-0.5,1.5,0.0,0.0,0.0,-0.03069
3.488,3.508,3.469,0.8213,-0.515,-0.1914,-1.638,0.2014,-0.1273,-0.717,-1.659,-0.6636,-1.143,0.2673,-1.0,-1.0,0.756,0.7607,-0.2573,0.0,-0.07574,-0.4788,5.156,5.094,0.0198,-0.2925,3.578,-0.1896,5.082,-0.0379,-0.1302,0.637,0.627,3.357,3.58,0.0,0.0,3.496,0.0,4.48,-0.801,0.0,0.0,0.0,0.0,-0.8677,0.0,0.5,0.5,0.837,-0.4446,0.0,2.0,-0.5,1.5,0.0,0.0,0.0,-0.2006
3.486,3.502,3.47,0.3667,-0.1122,-0.1914,-1.638,0.1895,0.3696,-0.599,-1.774,-17.1,-1.0,0.2573,0.0,-1.0,0.6255,0.623,-0.1821,0.0,-0.07324,0.1925,5.156,5.094,0.556,-0.3145,0.6055,0.853,5.082,-0.1896,0.31,0.603,1.286,3.377,3.57,0.0,0.0,3.486,0.0,4.574,-0.5312,0.0,0.0,0.0,0.0,3.293,0.0,0.5,1.0,0.4495,-0.004536,1.0,0.0,-0.5,1.5,0.0,0.0,0.0,0.7637
3.48,3.486,3.475,0.6104,-0.4814,-0.1914,-1.638,0.183,0.1439,-0.6987,-1.954,-0.3677,-0.857,0.2476,0.0,-1.0,0.7344,0.7407,-0.2445,0.0,-0.0707,-0.452,3.81,5.094,0.2578,-0.323,0.835,-0.6963,5.082,0.853,-0.03787,-0.1302,0.04926,3.385,3.559,0.0,0.0,3.473,0.0,4.496,-0.741,0.0,0.0,0.0,0.0,-4.035,0.0,0.0,0.5,0.4683,-0.599,0.0,1.0,-0.5,1.5,0.0,0.0,0.0,-0.923
3.479,3.48,3.479,0.2678,-0.2146,-0.1914,-1.638,-0.3867,0.3318,-0.6157,-1.804,0.9385,-0.7144,0.2377,0.0,-1.0,0.592,0.6973,-0.1913,0.0,-0.0682,0.3252,2.863,5.094,0.4563,-0.3054,-0.07306,0.6016,5.082,-0.6963,-0.1896,0.31,0.3884,3.39,3.549,0.0,0.0,3.46,0.0,4.562,0.7847,1.0,0.0,0.0,0.0,1.851,0.0,0.0,1.0,0.183,-0.2966,1.0,0.0,-0.5,1.5,0.0,0.0,0.0,0.4282
3.477,3.475,3.479,0.3596,-0.3376,-0.1914,-1.638,-0.454,0.1254,-0.654,-1.703,-0.3638,-0.5713,0.2278,0.0,-1.0,0.6274,0.7485,-0.2142,0.0,-0.0657,-0.4067,2.318,5.094,0.1775,-0.2776,3.29,-0.2576,4.62,0.6016,0.853,-0.03787,-1.142,3.396,3.54,0.0,0.0,3.447,0.0,4.53,0.5566,0.0,0.0,0.0,0.0,-1.101,0.0,0.0,0.5,0.2323,-0.4585,0.0,1.0,-0.5,1.5,0.0,0.0,0.0,-0.252
3.473,3.47,3.475,0.3652,-0.3538,-0.1914,-1.638,-0.6113,0.06195,-0.6655,-1.671,-0.1462,-0.4285,0.2178,0.0,-1.0,0.626,0.7773,-0.22,0.0,-0.0631,-0.9326,1.894,5.094,0.09,-0.267,2.023,-0.0647,3.828,-0.2576,-0.6963,-0.1895,0.637,3.398,3.53,0.0,0.0,3.434,0.0,4.523,0.1987,0.0,0.0,0.0,0.0,-0.1837,0.0,-0.5,0.0,0.2434,-0.4683,0.0,2.0,-0.5,1.5,0.0,0.0,0.0,-0.04227
3.473,3.473,3.475,0.1453,-0.1234,-0.1914,-1.638,-0.5483,0.2445,-0.604,-1.622,1.274,-0.2856,0.2079,0.0,-1.0,0.5645,0.699,-0.1788,0.0,-0.0606,0.06183,1.529,4.81,0.2456,-0.2542,0.6445,0.464,3.227,-0.0647,0.6016,0.8525,0.603,3.406,3.523,0.0,0.0,3.424,0.0,4.58,0.3242,0.0,0.0,0.0,0.0,2.938,0.0,-0.5,0.0,0.03738,-0.24,1.0,0.0,-0.5,1.5,1.0,0.0,0.9946,0.6763
3.477,3.477,3.479,-0.08374,0.1234,-0.1914,-1.638,-0.552,0.4631,-0.53,-1.562,0.809,-0.1428,0.198,0.0,-1.0,0.4841,0.614,-0.1299,0.0,-0.05807,-0.1873,1.234,3.78,0.4614,-0.2445,1.236,0.546,2.805,0.464,-0.2576,-0.6963,-0.1302,3.422,3.518,0.0,0.0,3.418,0.0,4.637,0.37,0.0,0.0,0.0,0.0,3.139,1.0,0.0,0.0,-0.2152,-0.03647,2.0,0.0,-0.5,1.5,0.0,0.0,0.0,0.717
3.492,3.496,3.49,-0.714,0.8,-0.0668,-1.638,-0.5293,1.1,-0.3096,-1.371,1.352,0.0,0.198,0.0,0.0,0.2573,0.367,0.01293,0.0,-0.05554,1.081,1.211,2.309,1.094,-0.2177,0.803,1.581,2.58,0.546,-0.06464,0.6016,0.31,3.443,3.514,0.0,0.0,3.416,0.0,4.82,1.219,1.0,0.0,0.0,0.0,7.266,1.0,0.0,0.5,-0.776,0.666,3.0,0.0,-0.5,1.5,0.0,0.0,0.0,2.27
3.512,3.52,3.504,-0.9272,1.075,0.34,0.6367,-0.4597,1.337,-0.2007,-1.172,0.3572,0.1428,0.198,0.0,0.0,0.1544,0.2435,0.0853,0.0,-0.05304,0.884,1.673,1.692,1.262,-0.1768,1.69,0.7803,3.02,1.581,0.4639,-0.2576,-0.03787,3.482,3.514,0.0,0.0,3.438,0.0,4.91,1.243,1.0,0.0,0.0,0.0,4.33,2.0,0.5,0.5,-0.995,0.9194,4.0,0.0,-0.5,1.5,0.0,0.0,0.0,0.954
3.523,3.533,3.516,-0.5234,0.6953,0.34,0.6367,-0.3992,0.8887,-0.301,-1.034,-0.1957,0.2856,0.198,0.0,0.0,0.2603,0.345,0.02396,0.0,-0.0505,-0.0969,2.252,1.577,0.8145,-0.1555,3.232,-0.6533,3.148,0.7803,0.546,-0.06464,-0.1895,3.508,3.512,0.0,0.0,3.455,0.0,4.832,0.8276,1.0,0.0,0.0,0.0,-2.63,2.0,0.5,0.0,-0.601,0.5596,0.0,1.0,-0.5,1.5,0.0,0.0,0.0,-0.5728
3.54,3.553,3.53,-0.705,0.911,0.34,0.6367,-0.3557,1.069,-0.2124,-0.8564,0.3406,0.4285,0.198,0.0,0.0,0.1755,0.2461,0.0829,0.0,-0.04797,-0.1935,2.852,1.695,1.029,-0.1367,1.761,0.6343,3.611,-0.6533,1.581,0.4639,0.8525,3.541,3.514,0.0,0.0,3.47,0.0,4.906,0.9897,1.0,0.0,0.0,0.0,2.049,2.0,0.5,0.5,-0.7705,0.7744,1.0,0.0,-0.5,1.5,0.0,0.0,0.0,0.4512
3.559,3.572,3.543,-0.7876,1.027,0.34,0.6367,-0.3274,1.152,-0.1511,-0.674,0.2194,0.5713,0.198,0.0,0.0,0.11755,0.1787,0.1251,0.0,-0.04544,-0.346,3.426,1.949,1.154,-0.11804,4.535,0.4492,4.086,0.6343,0.7803,0.546,-0.6963,3.582,3.514,0.0,0.0,3.488,0.0,4.96,1.014,1.0,0.0,0.0,0.0,1.48,2.0,1.0,0.5,-0.8438,0.8945,2.0,0.0,-0.5,1.5,0.0,0.0,0.0,0.3225
3.576,3.594,3.56,-0.843,1.105,0.34,0.6367,-0.338,1.191,-0.0972,-0.4675,0.1772,0.7144,0.198,0.0,0.0,0.0643,0.1237,0.1625,0.0,-0.04294,-0.5493,3.96,2.297,1.238,-0.09674,4.027,0.3953,4.594,0.4492,-0.653,1.58,0.6016,3.621,3.516,0.0,0.0,3.506,0.0,5.008,1.084,1.0,0.0,0.0,0.0,1.382,2.0,1.0,1.0,-0.8965,0.971,3.0,0.0,-0.5,1.5,0.0,0.0,0.0,0.2988
3.598,3.617,3.58,-0.95,1.23,0.34,0.865,-0.3574,1.273,-0.02347,-0.2247,0.2114,0.857,0.198,0.0,0.0,-0.00817,0.05,0.2128,0.0,-0.0404,-0.611,4.43,2.719,1.368,-0.07135,5.086,0.5283,4.918,0.3953,0.6343,0.7803,-0.2576,3.662,3.52,0.0,0.0,3.53,0.0,5.07,1.226,1.0,0.0,0.0,0.0,1.502,2.0,1.5,1.5,-1.0205,1.069,4.0,0.0,-0.5,1.5,0.0,0.0,0.0,0.3225
3.615,3.633,3.596,-0.698,0.9844,0.34,0.865,-0.3699,0.972,-0.07446,-0.042,-0.095,0.857,0.198,0.0,0.0,0.0395,0.10333,0.1836,0.0,-0.03787,-0.4446,4.7,3.154,1.1045,-0.0513,5.086,-0.3044,5.082,0.5283,0.4492,-0.653,-0.06464,3.682,3.521,0.0,0.0,3.549,0.0,5.03,0.9897,1.0,0.0,0.0,0.0,-0.8384,2.0,1.5,1.0,-0.807,0.8013,0.0,1.0,-0.5,1.5,0.0,0.0,0.0,-0.1785
3.63,3.65,3.615,-0.7134,0.985,0.34,0.865,-0.414,0.917,-0.04434,0.1862,0.08746,0.857,0.198,0.0,0.0,0.006626,0.0767,0.2065,0.0,-0.03534,-0.7646,4.87,3.639,1.049,-0.01802,5.086,0.2407,5.082,-0.3044,0.395,0.6343,0.4639,3.695,3.525,0.0,0.0,3.568,0.0,5.062,1.332,1.0,0.0,0.0,0.0,0.735,2.0,1.5,1.5,-0.832,0.7896,1.0,0.0,-0.5,1.5,0.0,0.0,0.0,0.1572
3.645,3.66,3.629,-0.4304,0.6743,0.34,0.865,-0.4705,0.5444,-0.1203,0.3564,-0.2527,0.857,0.198,0.0,0.0,0.07477,0.1604,0.162,0.0,-0.03284,-0.59,4.992,4.086,0.709,0.00201,5.086,-0.4646,5.082,0.2407,0.5283,0.449,0.546,3.71,3.53,0.0,0.0,3.586,0.0,5.004,1.028,1.0,0.0,0.0,0.0,-1.276,1.0,1.0,1.0,-0.5435,0.5073,0.0,1.0,-0.5,1.5,0.0,0.0,0.0,-0.2722
3.654,3.668,3.64,-0.3438,0.5557,0.34,0.865,-0.4846,0.3633,-0.1392,0.5327,-0.1586,0.857,0.198,0.0,0.0,0.09186,0.1814,0.1543,0.0,-0.0303,-0.6567,5.156,4.51,0.5396,0.02678,3.465,-0.0805,5.082,-0.4646,-0.3042,0.395,1.58,3.719,3.531,0.0,0.0,3.602,0.0,4.996,1.106,1.0,0.0,0.0,0.0,-0.218,0.0,0.5,1.0,-0.447,0.4058,0.0,2.0,-0.5,1.5,0.0,0.0,0.0,-0.04684
3.658,3.668,3.648,0.02306,0.1493,0.34,0.56,-0.3962,-0.12225,-0.2554,0.679,-0.97,0.7144,0.198,-1.0,0.0,0.2145,0.2957,0.0834,0.0,-0.02777,-0.4475,5.156,4.863,0.0801,0.0443,1.6455,-0.746,5.082,-0.0805,0.2406,0.5283,0.7803,3.715,3.547,0.0,0.0,3.615,0.0,4.902,0.7954,1.0,0.0,0.0,0.0,-2.424,-1.0,0.0,1.0,-0.06903,0.04034,0.0,3.0,-0.5,1.5,0.0,0.0,0.0,-0.5215
3.658,3.664,3.654,0.1268,-0.01993,0.34,0.4263,-0.4966,-0.338,-0.298,0.791,14.88,0.5713,0.198,-1.0,0.0,0.2487,0.3513,0.05893,0.0,-0.02525,-0.8228,5.156,5.094,-0.1827,0.07117,3.557,-0.2603,4.766,-0.746,-0.4644,-0.3042,-0.653,3.703,3.559,0.0,0.0,3.629,0.0,4.87,0.6104,0.0,0.0,0.0,0.0,-1.033,-1.0,0.0,0.5,0.0449,-0.10974,0.0,4.0,-0.5,1.5,0.0,0.0,0.0,-0.225
3.664,3.664,3.664,-0.0828,0.1371,0.34,0.4263,-0.5303,-0.2109,-0.2393,0.898,-0.4822,0.4285,0.198,-1.0,0.0,0.1865,0.2913,0.0997,0.0,-0.02272,-0.4915,5.156,5.094,-0.108,0.0982,1.823,0.4358,4.582,-0.2603,-0.0805,0.2406,0.6343,3.69,3.57,0.0,0.0,3.64,0.0,4.92,0.5933,0.0,0.0,0.0,0.0,1.188,-1.0,0.0,0.5,-0.1841,0.01011,1.0,0.0,-0.5,1.5,0.0,0.0,0.0,0.26
3.672,3.672,3.674,-0.3486,0.3875,0.34,0.4263,-0.621,0.05234,-0.1475,0.9634,-2.871,0.4285,0.198,0.0,0.0,0.0877,0.203,0.161,0.0,-0.0202,0.1892,5.145,5.094,0.1008,0.11945,0.5576,0.6514,4.223,0.4358,-0.7456,-0.4644,0.449,3.688,3.582,0.0,0.0,3.656,0.0,5.0,0.3955,0.0,0.0,0.0,0.0,3.033,0.0,0.0,0.5,-0.432,0.2593,2.0,0.0,-0.5,1.5,0.0,0.0,0.0,0.6587
3.68,3.68,3.682,-0.2896,0.3198,0.34,0.4263,-0.7095,0.01036,-0.1558,0.986,-0.132,0.4285,0.198,0.0,0.0,0.08795,0.2203,0.1582,0.0,-0.01767,-0.1489,5.11,5.094,0.04626,0.1273,-0.4985,-0.03021,3.92,0.6514,-0.2603,-0.0805,0.395,3.682,3.594,0.0,0.0,3.672,0.0,4.996,0.1575,0.0,0.0,0.0,0.0,-0.0987,0.0,-0.5,0.0,-0.4055,0.1608,0.0,1.0,-0.5,1.5,0.0,0.0,0.0,-0.0212
3.688,3.686,3.691,-0.3074,0.3235,0.34,0.4263,-0.706,0.0181,-0.142,1.045,0.2106,0.4285,0.198,0.0,0.0,0.0747,0.2054,0.1702,0.0,-0.01515,-0.04337,4.992,5.094,0.05746,0.1373,-2.086,0.126,3.432,-0.03021,0.4355,-0.7456,0.5283,3.682,3.61,0.0,0.0,3.688,0.0,5.01,0.512,0.0,0.0,0.0,0.0,0.3767,1.0,-0.5,0.5,-0.442,0.1431,1.0,0.0,-0.5,1.5,0.0,0.0,0.0,0.08093
3.691,3.69,3.695,-0.10254,0.1155,0.34,0.4263,-0.6187,-0.182,-0.2002,1.057,-1.504,0.2856,0.198,-1.0,0.0,0.1398,0.2583,0.1351,0.0,-0.01263,0.53,4.746,5.094,-0.1337,0.1398,-1.305,-0.367,2.691,0.126,0.6514,-0.2603,-0.3042,3.68,3.621,0.0,0.0,3.701,0.0,4.97,0.10626,0.0,0.0,0.0,0.0,-1.786,1.0,-0.5,0.0,-0.2534,-0.06714,0.0,1.0,-0.5,1.5,0.0,0.0,0.0,-0.383
3.705,3.705,3.707,-0.621,0.6577,0.34,0.4263,-0.574,0.3997,-0.015594,1.104,-9.4,0.2856,0.198,0.0,0.0,-0.03503,0.06274,0.2573,0.0,-0.0101,-0.2175,4.418,5.094,0.4429,0.1494,-2.176,1.29,2.11,-0.367,-0.0302,0.4355,0.2406,3.701,3.635,0.0,0.0,3.719,0.0,5.12,0.3916,0.0,0.0,0.0,0.0,4.246,1.0,-0.5,0.0,-0.7026,0.5103,1.0,0.0,-0.5,1.5,1.0,0.0,4.234,0.916
3.713,3.713,3.715,-0.267,0.3062,0.34,0.4263,-0.4922,0.07086,-0.1156,1.101,-0.5576,0.2856,0.198,0.0,0.0,0.06824,0.1576,0.196,0.0,-0.007576,-0.016,4.0,4.883,0.1129,0.1527,-0.623,-0.634,1.366,1.29,0.1259,0.6514,-0.4644,3.717,3.646,0.0,0.0,3.732,0.0,5.043,-0.00876,0.0,0.0,0.0,0.0,-2.23,0.0,-0.5,-0.5,-0.3677,0.1654,0.0,1.0,-0.5,1.5,0.0,0.0,0.0,-0.471
3.72,3.72,3.723,-0.287,0.328,0.34,0.4263,-0.467,0.1436,-0.0984,1.077,0.572,0.2856,0.198,0.0,0.0,0.0538,0.1373,0.21,0.0,-0.00505,-0.3418,3.549,4.57,0.1643,0.1566,-0.2769,0.1451,1.194,-0.634,-0.367,-0.0302,-0.0805,3.729,3.66,0.0,0.0,3.74,0.0,5.062,-0.1493,0.0,0.0,0.0,0.0,0.574,1.0,0.0,-0.5,-0.396,0.1766,1.0,0.0,-0.5,1.5,0.0,0.0,0.0,0.12256
3.73,3.73,3.732,-0.3926,0.4417,-0.371,0.4263,-0.4834,0.2964,-0.0497,1.091,0.791,0.2856,0.198,0.0,0.0,0.00557,0.0888,0.244,0.0,-0.002525,-0.2415,3.02,4.31,0.3186,0.1604,2.113,0.3545,1.262,0.1451,1.289,0.1259,-0.7456,3.738,3.672,0.0,0.0,3.748,0.0,5.1,0.1074,0.0,0.0,0.0,0.0,0.9473,1.0,0.5,0.0,-0.4932,0.2915,2.0,0.0,-0.5,1.5,0.0,0.0,0.0,0.2018
3.742,3.744,3.742,-0.4548,0.515,-0.371,0.4263,-0.4917,0.4128,-0.0112,1.108,0.4534,0.2856,0.198,0.0,0.0,-0.03183,0.0504,0.2712,0.0,0.0,-0.785,2.564,4.02,0.4417,0.1636,3.38,0.283,1.165,0.3545,-0.634,-0.3667,-0.2603,3.752,3.688,0.0,0.0,3.758,0.0,5.137,0.1229,0.0,0.0,0.0,0.0,0.7866,2.0,1.0,0.0,-0.5664,0.3481,3.0,0.0,-0.5,-0.5,0.0,0.0,0.0,0.1665
3.752,3.754,3.75,-0.3665,0.4338,-0.371,0.4263,-0.507,0.347,-0.0243,1.144,0.005955,0.2856,0.198,0.0,0.0,-0.02075,0.0652,0.266,0.0,0.002525,-0.7583,2.088,3.697,0.381,0.1703,2.77,-0.05432,1.183,0.283,0.145,1.289,0.4355,3.764,3.7,0.0,0.0,3.766,0.0,5.13,0.3127,0.0,0.0,0.0,0.0,-0.1813,1.0,0.5,0.0,-0.489,0.2615,0.0,1.0,-0.5,-0.5,0.0,0.0,0.0,-0.0382
3.76,3.762,3.758,-0.2964,0.3718,-0.371,0.4263,-0.4795,0.2915,-0.0339,1.181,0.011765,0.2856,0.198,0.0,0.0,-0.00917,0.0723,0.2632,0.0,0.00505,-0.3718,1.656,3.344,0.3362,0.1763,1.373,-0.02966,1.244,-0.05432,0.3542,-0.6333,0.651,3.777,3.713,0.0,0.0,3.771,0.0,5.125,0.338,0.0,0.0,0.0,0.0,-0.0769,1.0,0.0,0.0,-0.4646,0.1553,0.0,2.0,-0.5,-0.5,0.0,0.0,0.0,-0.01622
3.771,3.775,3.77,-0.5034,0.584,-0.371,0.4263,-0.504,0.498,0.04947,1.287,0.6997,0.4285,0.198,0.0,0.0,-0.0901,-0.00954,0.3206,0.0,0.007576,-0.4614,1.244,2.99,0.5615,0.1895,1.781,0.5933,1.486,-0.02966,0.2827,0.145,-0.0302,3.785,3.729,0.0,0.0,3.777,0.0,5.2,0.927,1.0,0.0,0.0,0.0,1.56,1.0,0.5,0.5,-0.643,0.3828,1.0,0.0,-0.5,-0.5,0.0,0.0,0.0,0.329
3.781,3.783,3.78,-0.3264,0.3928,-0.745,0.4263,-0.4536,0.276,0.003963,1.398,-0.2542,0.5713,0.198,0.0,0.0,-0.0428,0.0314,0.2942,0.0,0.0101,-0.351,1.049,2.678,0.339,0.2073,1.915,-0.2693,1.614,0.5933,-0.05432,0.3542,0.1259,3.797,3.742,0.0,0.0,3.781,0.0,5.164,0.9146,1.0,0.0,0.0,0.0,-0.679,0.0,0.0,0.5,-0.4795,0.1906,0.0,1.0,-0.5,-0.5,0.0,0.0,0.0,-0.142
3.791,3.793,3.791,-0.4165,0.4773,-0.745,0.4263,-0.453,0.349,0.04593,1.5,0.348,0.7144,0.198,0.0,0.0,-0.08215,-0.010864,0.325,0.0,0.01263,-0.4292,1.074,2.37,0.4307,0.2198,3.396,0.315,1.806,-0.2693,-0.02966,0.2827,-0.3667,3.81,3.756,0.0,0.0,3.787,0.0,5.203,0.89,1.0,0.0,0.0,0.0,0.733,0.0,0.5,0.5,-0.5776,0.259,1.0,0.0,-0.5,-0.5,0.0,0.0,0.0,0.1539
3.8,3.8,3.8,-0.3535,0.4082,-0.745,0.4263,-0.535,0.2795,0.03754,1.565,-0.02106,0.7144,0.198,0.0,0.0,-0.08167,0.005405,0.323,0.0,0.01515,-0.7847,1.255,2.154,0.3513,0.2339,0.1696,-0.01958,1.964,0.315,0.5933,-0.0543,1.289,3.818,3.77,0.0,0.0,3.791,0.0,5.203,0.7026,0.0,0.0,0.0,0.0,-0.04993,0.0,0.0,0.0,-0.517,0.1921,0.0,1.0,-0.5,-0.5,0.0,0.0,0.0,-0.01042
3.812,3.814,3.812,-0.5103,0.568,-0.745,0.4263,-0.586,0.4421,0.1042,1.653,0.594,0.7144,0.198,0.0,0.0,-0.1482,-0.05606,0.3706,0.0,0.01767,-0.633,1.468,1.973,0.521,0.2477,2.293,0.4846,2.2,-0.01958,-0.2693,-0.02965,-0.6333,3.83,3.783,0.0,0.0,3.799,0.0,5.26,0.861,1.0,0.0,0.0,0.0,1.486,1.0,0.5,0.5,-0.6465,0.3696,1.0,0.0,-0.5,-0.5,0.0,0.0,0.0,0.3105
3.822,3.822,3.822,-0.35,0.401,-0.745,0.4263,-0.6157,0.2651,0.0649,1.7295,-0.2054,0.7144,0.198,0.0,0.0,-0.11444,-0.01422,0.3484,0.0,0.0202,-0.479,1.724,1.866,0.336,0.2627,2.402,-0.2234,2.309,0.4846,0.3147,0.5933,0.145,3.84,3.793,0.0,0.0,3.809,0.0,5.234,0.6836,0.0,0.0,0.0,0.0,-0.7046,0.0,0.0,0.0,-0.501,0.1987,0.0,1.0,-0.5,-0.5,0.0,0.0,0.0,-0.146
3.826,3.824,3.828,-0.04828,0.06824,-0.745,0.4263,-0.6646,-0.09076,-0.0323,1.791,-0.884,0.857,0.198,0.0,0.0,-0.02728,0.0884,0.289,0.0,0.02272,-0.0784,2.033,1.84,-0.0728,0.2854,1.772,-0.6045,2.115,-0.2234,-0.01958,-0.2693,0.3542,3.844,3.799,0.0,0.0,3.816,0.0,5.156,0.537,0.0,0.0,0.0,0.0,-1.605,0.0,-0.5,0.0,-0.2396,-0.154,0.0,2.0,-0.5,-0.5,0.0,0.0,0.0,-0.334
3.834,3.832,3.836,-0.3152,0.3398,-0.745,0.798,-0.7144,0.2004,0.06223,1.819,13.266,0.857,0.198,0.0,0.0,-0.12085,-0.00214,0.3538,0.0,0.02525,0.03766,2.277,1.864,0.2181,0.292,1.06,0.6646,1.863,-0.6045,0.4846,0.3147,0.2827,3.848,3.809,0.0,0.0,3.828,0.0,5.24,0.3384,0.0,0.0,0.0,0.0,1.435,0.0,-0.5,0.0,-0.4888,0.11597,1.0,0.0,-0.5,-0.5,0.0,0.0,0.0,0.3015
3.844,3.84,3.846,-0.328,0.3406,-0.745,0.798,-0.806,0.1991,0.0751,1.889,0.1383,0.857,0.198,0.0,0.0,-0.141,-0.00612,0.3657,0.0,0.02777,-0.8545,2.484,1.969,0.2129,0.3052,1.481,0.12177,1.695,0.6646,-0.2233,-0.01956,-0.0543,3.855,3.816,0.0,0.0,3.84,0.0,5.254,0.8027,1.0,0.0,0.0,0.0,0.3057,1.0,0.0,0.5,-0.4966,0.1213,2.0,0.0,-0.5,-0.5,0.0,0.0,0.0,0.0635
3.857,3.855,3.86,-0.6113,0.634,-0.602,0.798,-0.8257,0.4995,0.1862,1.986,1.191,0.857,0.198,0.0,0.0,-0.2448,-0.1134,0.4424,0.0,0.0303,-0.5522,2.695,2.143,0.5034,0.3235,1.884,0.7773,1.884,0.12177,-0.6045,0.4844,-0.02965,3.87,3.824,0.0,0.0,3.852,0.0,5.35,0.978,1.0,0.0,0.0,0.0,2.588,1.0,0.5,0.5,-0.743,0.4324,3.0,0.0,-0.5,-0.5,1.0,0.0,1.896,0.5366
3.873,3.873,3.875,-0.739,0.7817,-0.3445,0.798,-0.8228,0.656,0.254,2.088,0.422,0.857,0.198,0.0,0.0,-0.3057,-0.1791,0.4917,0.0,0.03284,-0.1498,2.906,2.346,0.647,0.344,0.646,0.4941,2.146,0.7773,0.6646,-0.2233,0.5933,3.889,3.834,0.0,0.0,3.865,0.0,5.363,1.014,1.0,0.0,0.0,0.0,1.669,2.0,0.5,0.5,-0.861,0.581,4.0,0.0,-0.5,-0.5,0.0,0.0,0.0,0.3418
3.88,3.88,3.883,-0.2856,0.3289,-0.3445,0.793,-0.7344,0.1852,0.11664,2.129,-0.527,0.857,0.198,0.0,0.0,-0.173,-0.05417,0.4075,0.0,0.03534,0.004864,3.035,2.541,0.1699,0.3564,2.004,-0.8374,2.076,0.4941,0.1217,-0.604,-0.2693,3.893,3.838,0.0,0.0,3.875,0.0,5.305,0.4282,0.0,0.0,0.0,0.0,-2.219,2.0,0.5,0.0,-0.3972,0.1749,0.0,1.0,-0.5,-0.5,0.0,0.0,0.0,-0.4504
3.895,3.896,3.895,-0.603,0.6675,-0.3445,0.793,-0.6504,0.5303,0.2413,2.223,1.404,0.857,0.198,0.0,0.0,-0.279,-0.1835,0.4932,0.0,0.03787,0.3618,3.135,2.727,0.507,0.374,1.399,0.864,2.05,-0.8374,0.7773,0.6646,0.3147,3.91,3.848,0.0,0.0,3.889,0.0,5.363,0.6846,0.0,0.0,0.0,0.0,2.695,2.0,0.5,0.5,-0.661,0.547,1.0,0.0,-0.5,-0.5,0.0,0.0,0.0,0.555
3.91,3.912,3.908,-0.645,0.7197,-0.3445,0.793,-0.642,0.5796,0.2788,2.338,0.2261,0.857,0.198,0.0,0.0,-0.3118,-0.2202,0.522,0.0,0.0404,-0.2517,3.223,2.94,0.541,0.396,1.985,0.2854,2.352,0.864,0.4941,0.1217,-0.01956,3.938,3.855,0.0,0.0,3.9,0.0,5.363,0.761,0.0,0.0,0.0,0.0,1.157,2.0,1.0,1.0,-0.721,0.5767,2.0,0.0,-0.5,-0.5,0.0,0.0,0.0,0.2349
3.922,3.924,3.92,-0.4648,0.5435,-0.3445,0.793,-0.644,0.4011,0.2378,2.412,-0.1388,0.857,0.198,0.0,0.0,-0.2751,-0.1808,0.499,0.0,0.04294,-0.471,3.283,3.125,0.356,0.411,1.124,-0.2273,2.354,0.2854,-0.8374,0.7773,0.4844,3.953,3.865,0.0,0.0,3.912,0.0,5.363,0.5166,0.0,0.0,0.0,0.0,-0.659,1.0,0.5,0.5,-0.5566,0.3965,0.0,1.0,-0.5,-0.5,0.0,0.0,0.0,-0.1332
3.932,3.934,3.93,-0.3354,0.4055,-0.3445,0.793,-0.673,0.253,0.2081,2.498,-0.1718,0.857,0.198,0.0,0.0,-0.251,-0.1493,0.4827,0.0,0.04544,-0.7505,3.332,3.268,0.2188,0.4229,2.215,-0.1616,2.27,-0.2273,0.864,0.494,-0.2233,3.967,3.875,0.0,0.0,3.924,0.0,5.363,0.565,0.0,0.0,0.0,0.0,-0.4717,0.0,0.5,0.5,-0.4402,0.2551,0.0,2.0,-0.5,-0.5,0.0,0.0,0.0,-0.09564
3.938,3.94,3.936,-0.1294,0.1932,-0.3445,0.793,-0.6523,0.03006,0.1481,2.547,-0.521,0.857,0.198,0.0,0.0,-0.1946,-0.09296,0.4463,0.0,0.04797,-0.3142,3.316,3.361,-0.005234,0.4326,4.492,-0.362,2.152,-0.1616,0.2854,-0.837,-0.604,3.967,3.885,0.0,0.0,3.932,0.0,5.355,0.3105,0.0,0.0,0.0,0.0,-1.17,0.0,0.5,0.0,-0.2269,0.06647,0.0,3.0,-0.5,-0.5,0.0,0.0,0.0,-0.2379
3.945,3.945,3.943,-0.2524,0.315,-0.3445,0.793,-0.6245,0.1464,0.1954,2.605,1.021,0.857,0.198,0.0,0.0,-0.2352,-0.1417,0.4812,0.0,0.0505,-0.3977,3.268,3.406,0.1107,0.4438,2.96,0.35,2.12,-0.362,-0.2272,0.8633,0.6646,3.967,3.896,0.0,0.0,3.94,0.0,5.363,0.4167,0.0,0.0,0.0,0.0,1.024,0.0,0.5,0.5,-0.3484,0.1804,1.0,0.0,-0.5,-0.5,0.0,0.0,0.0,0.2096
3.95,3.95,3.947,-0.02655,0.0871,-0.3445,0.793,-0.5728,-0.0853,0.1254,2.62,-0.8286,0.857,0.198,0.0,0.0,-0.1666,-0.07825,0.439,0.0,0.05304,-0.1707,3.162,3.402,-0.1326,0.452,2.984,-0.4194,1.967,0.35,-0.1615,0.2854,0.1217,3.97,3.904,0.0,0.0,3.947,0.0,5.344,0.1047,0.0,0.0,0.0,0.0,-1.267,-1.0,0.0,0.0,-0.1261,-0.03372,0.0,1.0,-0.5,-0.5,0.0,0.0,0.0,-0.2576
3.957,3.959,3.957,-0.2886,0.3494,-0.3445,0.793,-0.567,0.1777,0.2192,2.682,9.83,0.857,0.198,0.0,0.0,-0.2515,-0.1703,0.504,0.0,0.05554,-0.2673,3.023,3.348,0.1367,0.4614,0.817,0.648,1.856,-0.4194,-0.362,-0.2272,0.7773,3.97,3.914,0.0,0.0,3.957,0.0,5.363,0.3767,0.0,0.0,0.0,0.0,1.496,0.0,0.0,0.5,-0.369,0.229,1.0,0.0,-0.5,-0.5,0.0,0.0,0.0,0.3064
3.967,3.965,3.969,-0.3455,0.3794,-0.3445,0.793,-0.6143,0.1956,0.2451,2.79,0.2096,0.857,0.198,0.0,0.0,-0.279,-0.1906,0.5244,0.0,0.05807,-0.609,2.975,3.299,0.1544,0.4788,-0.5347,0.2042,1.892,0.648,0.3499,-0.1615,0.494,3.97,3.924,0.0,0.0,3.965,0.0,5.363,0.689,0.0,0.0,0.0,0.0,0.9355,1.0,0.0,1.0,-0.433,0.2467,2.0,0.0,-0.5,-0.5,0.0,0.0,0.0,0.1896
3.979,3.977,3.98,-0.508,0.5396,-0.3445,0.793,-0.6396,0.3591,0.3147,2.885,0.72,0.857,0.198,0.0,0.0,-0.3433,-0.2544,0.5737,0.0,0.0606,-0.1733,2.848,3.256,0.337,0.4905,2.203,0.4875,1.935,0.2042,-0.4194,-0.362,-0.837,3.98,3.936,0.0,0.0,3.977,0.0,5.363,0.6543,0.0,0.0,0.0,0.0,1.262,2.0,0.5,1.0,-0.5654,0.4272,3.0,0.0,-0.5,-0.5,0.0,0.0,0.0,0.255
3.994,3.994,3.996,-0.658,0.6997,-0.3445,0.793,-0.6167,0.5215,0.3887,3.006,0.5186,0.857,0.198,0.0,0.0,-0.406,-0.326,0.6133,1.0,-0.2903,-0.491,2.715,3.207,0.515,0.4932,0.04227,0.5117,2.152,0.4875,0.648,0.3499,0.8633,3.992,3.95,0.0,0.0,3.99,0.0,5.363,0.742,0.0,0.0,0.0,0.0,1.304,2.0,0.5,1.0,-0.7236,0.567,4.0,0.0,-0.5,-0.5,0.0,0.0,0.0,0.2612
4.008,4.01,4.008,-0.66,0.7183,-0.3433,0.793,-0.6436,0.553,0.4153,3.092,0.1981,0.857,0.198,0.0,0.0,-0.4314,-0.348,0.6133,1.0,-0.2903,-0.6562,2.602,3.152,0.559,0.4841,-0.4417,0.2095,2.334,0.5117,0.2041,-0.4192,0.2852,3.992,3.959,0.0,0.0,4.004,0.0,5.363,0.6187,0.0,0.0,0.0,0.0,0.3896,3.0,0.5,1.0,-0.7485,0.5605,5.0,0.0,0.0,-0.5,0.0,0.0,0.0,0.0774
4.016,4.023,4.008,-0.4653,0.531,-0.3433,0.793,-0.6445,0.38,0.3674,3.129,-0.1418,0.857,0.198,0.0,0.0,-0.39,-0.3035,0.5874,0.0,-0.2878,-0.534,2.498,3.066,0.3997,0.491,0.67,-0.2551,2.45,0.2095,0.4873,0.648,-0.2272,3.992,3.97,0.0,0.0,4.01,0.0,5.363,0.3582,0.0,0.0,0.0,0.0,-0.5347,2.0,0.5,0.5,-0.6,0.3376,0.0,1.0,0.0,-0.5,0.0,0.0,0.0,-0.10583
4.016,4.027,4.008,-0.5386,0.602,-0.3433,0.793,-0.6904,0.4487,0.4092,3.234,0.2957,0.857,0.198,0.0,0.0,-0.4304,-0.338,0.6133,1.0,-0.2903,-0.4888,2.383,2.98,0.494,0.4976,1.562,0.312,2.535,-0.2551,0.5117,0.2041,-0.1615,3.992,3.984,0.0,0.0,4.016,0.0,5.363,0.8965,1.0,0.0,0.0,0.0,0.7354,2.0,1.0,1.0,-0.6953,0.3794,1.0,0.0,0.0,-0.5,0.0,0.0,0.0,0.1461
4.016,4.027,4.008,-0.2542,0.3108,-0.3433,0.793,-0.7344,0.1608,0.3235,3.264,-0.4172,0.857,0.198,0.0,0.0,-0.3594,-0.2537,0.562,0.0,-0.2878,-0.2922,2.299,2.926,0.1912,0.5093,3.232,-0.5005,2.201,0.312,0.2094,0.4873,-0.362,3.992,3.994,0.0,0.0,4.016,0.0,5.363,0.3489,0.0,0.0,0.0,0.0,-1.727,1.0,1.0,0.5,-0.4158,0.10474,0.0,1.0,0.0,-0.5,0.0,0.0,0.0,-0.3413
4.016,4.027,4.008,-0.3762,0.4377,-0.3433,0.793,-0.765,0.3088,0.3755,3.295,0.732,0.857,0.198,0.0,0.0,-0.4077,-0.2996,0.601,0.0,-0.2854,-0.537,2.281,2.828,0.3296,0.5195,2.625,0.383,2.092,-0.5005,-0.2551,0.511,0.3499,3.992,3.998,0.0,0.0,4.016,0.0,5.363,0.3853,0.0,0.0,0.0,0.0,1.189,1.0,1.0,0.5,-0.524,0.2373,1.0,0.0,0.0,-0.5,0.0,0.0,0.0,0.2373
4.016,4.027,4.008,0.1317,-0.05875,-0.3433,0.703,-0.5522,-0.2076,0.209,3.28,-1.193,0.7144,0.198,-1.0,0.0,-0.241,-0.1617,0.4973,0.0,-0.2827,1.671,2.23,2.691,-0.1825,0.5225,4.44,-1.012,1.803,0.383,0.312,0.2094,-0.4192,3.992,3.998,0.0,0.0,4.016,0.0,5.363,0.00433,0.0,0.0,0.0,0.0,-4.453,0.0,1.0,0.5,-0.01024,-0.2135,0.0,1.0,0.0,-0.5,0.0,0.0,0.0,-0.8823
4.016,4.027,4.008,0.04657,0.02345,-0.3433,0.703,-0.54,-0.1339,0.2322,3.281,-0.731,0.5713,0.198,-1.0,0.0,-0.2607,-0.1853,0.5176,0.0,-0.2803,-0.626,2.16,2.555,-0.1143,0.529,2.725,0.2031,1.708,-1.012,-0.5005,-0.255,0.6475,3.992,3.998,0.0,0.0,4.016,0.0,5.363,0.1423,0.0,0.0,0.0,0.0,0.6343,1.0,1.0,1.0,-0.09674,-0.1393,1.0,0.0,0.0,-0.5,0.0,0.0,0.0,0.1279
4.016,4.027,4.008,-0.03693,0.0944,-0.3433,0.703,-0.536,-0.07776,0.2563,3.318,-3.135,0.5713,0.198,0.0,0.0,-0.2822,-0.2089,0.5386,0.0,-0.2778,-0.2373,2.074,2.441,-0.05685,0.538,2.246,0.2072,1.698,0.2031,0.383,0.312,0.2041,3.992,3.998,0.0,0.0,4.016,0.0,5.363,0.372,0.0,0.0,0.0,0.0,0.743,1.0,1.0,1.5,-0.1761,-0.07043,2.0,0.0,0.0,-0.5,0.0,0.0,0.0,0.1492
4.016,4.027,4.008,-0.00995,0.058,-0.3433,0.703,-0.5327,-0.1217,0.2452,3.336,-1.146,0.4285,0.198,-1.0,0.0,-0.272,-0.1985,0.536,0.0,-0.2751,-0.382,1.967,2.309,-0.09717,0.5444,0.8706,-0.02345,1.466,0.2072,-1.012,-0.5005,0.4873,3.992,3.998,0.0,0.0,4.016,0.0,5.363,0.2491,0.0,0.0,0.0,0.0,-0.0583,1.0,0.5,1.0,-0.1672,-0.1243,0.0,1.0,0.0,-0.5,0.0,0.0,0.0,-0.01167
4.016,4.027,4.008,0.13,-0.1094,-0.3433,0.703,-0.56,-0.3071,0.1908,3.361,14.88,0.2856,0.198,-1.0,0.0,-0.2252,-0.1434,0.5054,0.0,-0.2727,-0.586,1.807,2.178,-0.2688,0.5493,-0.7563,-0.305,1.42,-0.02345,0.203,0.383,0.511,3.992,3.998,0.0,0.0,4.016,0.0,5.363,0.3032,0.0,0.0,0.0,0.0,-2.295,0.0,0.0,1.0,-0.0413,-0.2961,0.0,2.0,0.0,-0.5,0.0,0.0,0.0,-0.4597
4.016,4.027,4.008,0.549,-0.5137,-0.3433,0.5894,-0.472,-0.7314,0.04486,3.3,2.564,0.1428,0.198,-1.0,0.0,-0.0829,-0.00799,0.414,0.0,-0.2703,0.342,1.547,2.049,-0.6836,0.545,-1.685,-0.906,1.538,-0.305,0.207,-1.012,0.2094,3.992,3.998,0.0,0.0,4.016,0.0,5.355,-0.3413,0.0,0.0,0.0,0.0,-3.553,0.0,-0.5,0.5,0.38,-0.665,0.0,3.0,0.0,-0.5,0.0,0.0,0.0,-0.715
4.016,4.027,4.008,0.4653,-0.414,-0.3433,0.5894,-0.4402,-0.6514,0.05698,3.232,0.000947,0.0,0.198,-1.0,0.0,-0.0914,-0.02313,0.4263,0.0,-0.2676,-0.3562,1.291,1.904,-0.614,0.5425,-1.471,0.1245,1.596,-0.906,-0.02345,0.203,-0.255,3.992,3.998,0.0,0.0,4.016,0.0,5.363,-0.3772,0.0,0.0,0.0,0.0,0.4495,0.0,0.0,0.5,0.2756,-0.5947,1.0,0.0,0.0,-0.5,0.0,0.0,0.0,0.09186
4.016,4.027,4.008,0.55,-0.4827,-0.3433,0.5894,-0.4595,-0.718,0.01573,3.125,0.2783,-0.1428,0.198,-1.0,0.0,-0.05438,0.02008,0.4036,0.0,-0.2651,-0.4294,0.983,1.723,-0.675,0.5317,-2.963,-0.2294,1.682,0.1245,-0.305,0.207,0.312,3.992,3.998,0.0,0.0,4.016,0.0,5.34,-0.696,0.0,0.0,0.0,0.0,-1.105,-1.0,-0.5,0.0,0.332,-0.687,0.0,1.0,0.0,-0.5,0.0,0.0,0.0,-0.2256
4.016,4.027,4.008,0.378,-0.3071,-0.3433,0.5894,-0.4824,-0.516,0.0559,3.004,-0.224,-0.2856,0.198,-1.0,0.0,-0.0941,-0.01804,0.4346,0.0,-0.2627,-0.7363,0.7056,1.511,-0.4888,0.5234,-2.006,0.3118,1.624,-0.2294,-0.9053,-0.02344,-0.5,3.99,3.998,0.0,0.0,4.016,0.0,5.363,-0.812,0.0,0.0,0.0,0.0,0.951,0.0,0.0,0.0,0.1754,-0.509,1.0,0.0,0.0,-0.5,0.0,0.0,0.0,0.1947
4.016,4.027,4.008,0.5615,-0.488,-0.3433,0.5894,-0.4731,-0.6567,-0.01817,2.846,0.528,-0.4285,0.198,-1.0,0.0,-0.02357,0.0557,0.3901,0.0,-0.26,-0.654,0.481,1.285,-0.6626,0.515,-3.635,-0.4438,1.74,0.3118,0.1245,-0.305,0.383,3.973,3.998,0.0,0.0,4.016,0.0,5.324,-1.062,0.0,1.0,0.0,0.0,-0.9956,0.0,-0.5,-0.5,0.3552,-0.6797,0.0,1.0,0.0,-0.5,0.0,0.0,0.0,-0.2028
4.016,4.027,4.008,1.405,-1.265,-0.3433,0.0589,-0.304,-1.411,-0.2979,2.605,1.67,-0.5713,0.198,-1.0,0.0,0.2656,0.3328,0.2097,0.0,-0.2576,0.5986,0.4417,1.047,-1.414,0.4893,-1.033,-1.822,2.523,-0.4438,-0.2294,-0.9053,-1.012,3.934,3.998,0.0,0.0,4.016,0.0,5.094,-1.36,0.0,1.0,0.0,0.0,-8.15,0.0,-0.5,-0.5,1.193,-1.396,0.0,2.0,0.0,-0.5,0.0,1.0,-3.82,-1.771
3.992,4.008,3.979,1.757,-1.545,-0.3433,-0.41,-0.2118,-1.677,-0.4353,2.3,0.3677,-0.7144,0.198,-1.0,0.0,0.4153,0.475,0.1221,0.0,-0.2551,-0.2235,0.876,0.898,-1.685,0.4548,-2.582,-0.9126,3.586,-1.822,0.3118,0.12445,0.203,3.889,3.998,0.0,0.0,4.016,0.0,4.98,-1.632,0.0,1.0,0.0,0.0,-3.787,-1.0,-1.0,-1.0,1.511,-1.687,0.0,3.0,0.0,-0.5,0.0,1.0,-3.82,-0.802
3.973,3.988,3.955,1.46,-1.22,-0.3433,-0.41,-0.2527,-1.372,-0.388,2.045,-0.07104,-0.857,0.198,-1.0,0.0,0.3623,0.426,0.1564,0.0,-0.2524,-0.5674,1.498,0.9507,-1.398,0.4285,-4.49,0.3625,4.23,-0.9126,-0.4438,-0.2294,0.207,3.86,3.998,0.0,0.0,4.016,0.0,5.023,-1.4,0.0,1.0,0.0,0.0,1.142,0.0,-1.0,-0.5,1.219,-1.38,1.0,0.0,0.0,-0.5,0.0,0.0,0.0,0.2454
3.95,3.969,3.93,1.679,-1.398,-0.3433,-0.41,-0.1654,-1.514,-0.488,1.731,0.2668,-1.0,0.1881,-1.0,-1.0,0.4746,0.53,0.093,0.0,-0.25,0.314,2.21,1.208,-1.575,0.3992,-5.035,-0.666,4.93,0.3625,-1.822,0.3118,-0.02344,3.82,3.998,0.0,0.0,4.01,0.0,4.94,-1.668,0.0,1.0,0.0,0.0,-2.238,-1.0,-1.0,-1.0,1.384,-1.6,0.0,1.0,0.0,-0.5,0.0,0.0,0.0,-0.478
3.924,3.945,3.904,1.775,-1.475,-0.3433,-0.41,-0.2463,-1.58,-0.558,1.456,0.1952,-1.0,0.1782,-1.0,-1.0,0.542,0.617,0.04916,0.0,-0.2474,0.8496,3.16,1.755,-1.567,0.3499,-5.035,-0.4658,5.082,-0.666,-0.9126,-0.4436,-0.305,3.78,3.998,0.0,0.0,3.992,0.0,4.887,-1.6045,0.0,1.0,0.0,0.0,-2.643,-1.0,-1.0,-1.0,1.48,-1.669,0.0,2.0,0.0,-0.5,0.0,0.0,0.0,-0.5713
3.896,3.922,3.871,2.072,-1.709,-1.073,-0.41,-0.1375,-1.796,-0.682,1.126,0.304,-1.0,0.1683,-1.0,-1.0,0.687,0.752,-0.03084,0.0,-0.245,0.451,4.113,2.404,-1.792,0.3123,-4.594,-0.8574,5.082,-0.4658,0.3625,-1.821,-0.9053,3.725,3.998,0.0,0.0,3.965,0.0,4.78,-1.719,0.0,1.0,0.0,0.0,-3.486,-1.0,-1.0,-1.5,1.765,-1.895,0.0,3.0,0.0,-0.5,0.0,0.0,0.0,-0.7593
3.871,3.898,3.846,1.825,-1.457,-1.073,-0.41,-0.1729,-1.522,-0.6597,0.796,-0.03506,-1.143,0.1584,-1.0,-1.0,0.6587,0.728,-0.01417,0.0,-0.2424,-0.4504,4.97,3.072,-1.5625,0.2805,-5.035,0.1812,5.082,-0.8574,-0.6655,-0.912,0.12445,3.678,3.99,0.0,0.0,3.94,0.0,4.805,-1.719,0.0,1.0,0.0,0.0,0.5215,0.0,-1.0,-1.5,1.54,-1.635,1.0,0.0,0.0,-0.5,0.0,0.0,0.0,0.1152
3.852,3.879,3.826,1.535,-1.172,-1.073,-0.41,-0.1517,-1.194,-0.618,0.483,-0.1131,-1.143,0.1486,-1.0,-1.0,0.615,0.6777,0.014885,0.0,-0.2399,0.06238,5.156,3.74,-1.2705,0.249,-5.035,0.3147,5.082,0.1812,-0.4656,0.3625,-0.2292,3.654,3.979,0.0,0.0,3.916,0.0,4.84,-1.663,0.0,1.0,0.0,0.0,1.18,0.0,-0.5,-1.0,1.271,-1.35,2.0,0.0,0.0,-0.5,0.0,0.0,0.0,0.2598
3.84,3.865,3.816,1.078,-0.7354,-0.779,-0.41,-0.12067,-0.6987,-0.519,0.2219,-0.3606,-1.143,0.1387,-1.0,-1.0,0.5117,0.5605,0.0825,0.0,-0.2374,-0.5767,5.156,4.477,-0.7017,0.201,-5.035,0.729,5.082,0.3147,-0.857,-0.6655,0.3118,3.65,3.969,0.0,0.0,3.896,0.0,4.926,-1.318,0.0,1.0,0.0,0.0,2.25,1.0,-0.5,-0.5,0.841,-0.9204,3.0,0.0,0.0,-0.5,1.0,0.0,3.068,0.4927
3.83,3.852,3.81,0.8755,-0.574,-0.652,-0.41,-0.2173,-0.4702,-0.4883,0.02586,-0.2866,-1.143,0.1287,-1.0,-1.0,0.4702,0.5347,0.10535,0.0,-0.2349,-0.4102,5.156,5.094,-0.4668,0.1765,-5.035,0.2434,5.082,0.729,0.1812,-0.4656,-0.4436,3.645,3.96,0.0,0.0,3.875,0.0,4.953,-1.079,0.0,1.0,0.0,0.0,1.214,2.0,0.0,0.0,0.677,-0.7334,4.0,0.0,0.0,-1.0,0.0,0.0,0.0,0.2627
3.816,3.836,3.797,1.158,-0.883,-0.652,-0.41,-0.1831,-0.6987,-0.6006,-0.2172,0.848,-1.143,0.11884,-1.0,-1.0,0.5933,0.66,0.03345,0.0,-0.2323,0.002312,5.156,5.094,-0.713,0.152,-4.18,-0.7627,5.082,0.2434,0.3147,-0.857,-1.821,3.637,3.95,0.0,0.0,3.855,0.0,4.863,-1.247,0.0,1.0,0.0,0.0,-2.057,2.0,0.0,-0.5,0.983,-0.9946,0.0,1.0,0.0,-1.0,0.0,0.0,0.0,-0.443
3.805,3.82,3.79,0.957,-0.7153,-0.652,-0.41,-0.1692,-0.463,-0.572,-0.4343,-0.2998,-1.143,0.1089,-1.0,-1.0,0.564,0.626,0.0544,0.0,-0.2299,-0.1334,5.156,5.094,-0.456,0.1214,-1.976,0.2251,5.082,-0.7627,0.729,0.1812,-0.912,3.637,3.94,0.0,0.0,3.838,0.0,4.89,-1.126,0.0,1.0,0.0,0.0,0.7114,2.0,0.5,0.0,0.8047,-0.817,1.0,0.0,0.0,-1.0,0.0,0.0,0.0,0.1553
3.793,3.805,3.783,0.933,-0.759,-0.652,-0.41,-0.131,-0.397,-0.598,-0.678,-0.0652,-1.143,0.099,-1.0,-1.0,0.5957,0.6523,0.03918,0.0,-0.2273,-0.2054,5.156,5.094,-0.4229,0.0989,-3.268,-0.1631,5.082,0.2251,0.2434,0.3147,0.3625,3.645,3.926,0.0,0.0,3.816,0.0,4.867,-1.279,0.0,1.0,0.0,0.0,-0.4426,1.0,0.0,-0.5,0.799,-0.8433,0.0,1.0,0.0,-1.0,0.0,0.0,0.0,-0.0963
3.785,3.79,3.783,0.6875,-0.6104,-0.652,-0.41,-0.1505,-0.1349,-0.5605,-0.8813,-0.877,-1.143,0.0891,-1.0,-1.0,0.553,0.611,0.06635,0.0,-0.2247,-0.7246,5.156,5.094,-0.2034,0.0829,-1.644,0.2913,5.082,-0.1631,-0.7627,0.7285,-0.6655,3.654,3.914,0.0,0.0,3.797,0.0,4.902,-1.094,0.0,1.0,0.0,0.0,0.9976,1.0,0.5,0.0,0.529,-0.74,1.0,0.0,0.0,-1.0,0.0,0.0,0.0,0.2175
3.777,3.777,3.78,0.638,-0.603,-0.652,-0.41,-0.3152,-0.0998,-0.5693,-0.983,-1.806,-1.0,0.0792,0.0,-1.0,0.548,0.6367,0.0625,0.0,-0.2222,-0.6147,5.156,5.094,-0.1404,0.0664,-0.3486,-0.04068,4.75,0.2913,0.2251,0.2434,-0.4656,3.66,3.898,0.0,0.0,3.78,0.0,4.9,-0.7036,0.0,0.0,0.0,0.0,-0.1691,0.0,0.5,0.0,0.4558,-0.7627,0.0,1.0,0.0,-1.0,0.0,0.0,0.0,-0.0367
3.768,3.768,3.77,0.743,-0.7197,-0.652,-0.41,-0.3926,-0.233,-0.62,-1.05,-9.38,-1.0,0.06934,-1.0,-1.0,0.596,0.703,0.03061,0.0,-0.2197,-0.6167,5.156,5.094,-0.2686,0.05905,2.21,-0.341,4.41,-0.04068,-0.1631,-0.7627,-0.857,3.654,3.883,0.0,0.0,3.764,0.0,4.855,-0.5264,0.0,0.0,0.0,0.0,-1.242,0.0,0.5,0.0,0.5586,-0.8735,0.0,2.0,0.0,-1.0,0.0,0.0,0.0,-0.27
3.77,3.77,3.77,0.12225,-0.08777,-0.652,-0.41,-0.3042,0.3994,-0.4426,-1.072,-5.742,-0.857,0.06934,0.0,0.0,0.4146,0.492,0.1506,0.0,-0.2172,0.667,5.156,5.094,0.3555,0.05872,1.879,1.29,3.863,-0.341,0.2913,0.2251,0.181,3.66,3.871,0.0,0.0,3.752,0.0,5.008,-0.1583,0.0,0.0,0.0,0.0,5.21,0.0,0.5,0.0,0.004982,-0.2163,1.0,0.0,0.0,-1.0,0.0,0.0,0.0,1.138
3.785,3.793,3.777,-0.67,0.818,0.292,-0.41,-0.1914,1.296,-0.1619,-0.9556,2.053,-0.7144,0.06934,0.0,0.0,0.1404,0.1771,0.3396,0.0,-0.2146,0.2666,5.156,5.094,1.193,0.0857,1.483,1.989,3.646,1.29,-0.04068,-0.1631,0.3147,3.695,3.863,0.0,0.0,3.748,0.0,5.25,0.6113,0.0,0.0,0.0,0.0,7.266,1.0,0.5,0.5,-0.7114,0.7104,2.0,0.0,0.0,-1.0,1.0,0.0,4.234,2.508
3.805,3.82,3.791,-0.902,1.131,0.732,-0.41,-0.264,1.582,-0.04245,-0.77,0.3655,-0.5713,0.06934,0.0,0.0,0.0183,0.0604,0.4226,0.0,-0.2122,0.1786,4.457,5.094,1.479,0.1127,0.378,0.8438,3.594,1.989,-0.341,0.2913,0.7285,3.738,3.86,0.0,0.0,3.748,0.0,5.355,0.9395,1.0,0.0,0.0,0.0,3.049,1.0,0.5,1.0,-0.967,0.98,3.0,0.0,0.0,-1.0,0.0,0.0,0.0,0.631
3.83,3.852,3.81,-1.096,1.387,1.148,-0.41,-0.3293,1.785,0.0716,-0.4941,0.2744,-0.4285,0.06934,0.0,0.0,-0.0951,-0.04834,0.502,0.0,-0.2096,-0.192,3.584,5.094,1.684,0.151,0.7285,0.799,4.08,0.8438,1.29,-0.04068,0.2433,3.793,3.857,0.0,0.0,3.752,0.0,5.363,1.4,1.0,0.0,0.0,0.0,3.371,2.0,0.5,1.5,-1.1455,1.235,4.0,0.0,0.0,-1.0,0.0,0.0,0.0,0.688
3.854,3.877,3.83,-0.9146,1.245,1.148,-0.41,-0.3257,1.551,0.05588,-0.2307,0.00812,-0.2856,0.06934,0.0,0.0,-0.0801,-0.033,0.4954,0.0,-0.207,-0.5146,2.871,5.094,1.498,0.1798,4.24,-0.06604,4.824,0.799,1.989,-0.3408,-0.762,3.842,3.857,0.0,0.0,3.766,0.0,5.363,1.353,1.0,0.0,0.0,0.0,-0.2179,2.0,0.5,1.0,-1.008,1.062,0.0,1.0,0.0,-1.0,0.0,0.0,0.0,-0.04388
3.879,3.906,3.852,-1.083,1.457,1.148,0.2015,-0.3445,1.715,0.1604,0.0538,0.2505,-0.1428,0.06934,0.0,0.0,-0.1783,-0.1344,0.5693,0.0,-0.2046,-0.1868,2.58,4.543,1.685,0.2158,5.03,0.7324,5.082,-0.06604,0.8438,1.29,0.225,3.902,3.857,0.0,0.0,3.783,0.0,5.363,1.394,1.0,0.0,0.0,0.0,2.176,2.0,0.5,1.0,-1.186,1.251,1.0,0.0,0.0,-1.0,0.0,0.0,0.0,0.4387
3.9,3.93,3.871,-0.8506,1.251,1.148,0.2015,-0.3496,1.434,0.1231,0.2852,-0.02573,0.0,0.06934,0.0,0.0,-0.1445,-0.09735,0.5493,0.0,-0.202,-0.1575,2.92,3.916,1.436,0.2444,5.086,-0.196,5.082,0.7324,0.7983,1.988,-0.1631,3.963,3.86,0.0,0.0,3.799,0.0,5.363,1.232,1.0,0.0,0.0,0.0,-0.6094,1.0,0.5,0.5,-0.983,1.03,0.0,1.0,0.0,-1.0,0.0,0.0,0.0,-0.1214
3.92,3.953,3.889,-0.723,1.149,1.148,0.2015,-0.328,1.265,0.1171,0.51,0.02356,0.1428,0.06934,0.0,0.0,-0.1371,-0.0936,0.5493,0.0,-0.1995,-0.2394,3.578,3.412,1.278,0.275,5.086,0.0,5.082,-0.196,-0.06604,0.8438,0.2913,3.992,3.86,0.0,0.0,3.818,0.0,5.363,1.205,1.0,0.0,0.0,0.0,0.0,0.0,0.0,0.0,-0.9136,0.8745,0.0,0.0,0.0,-1.0,0.0,0.0,0.0,0.0
3.941,3.975,3.91,-0.849,1.283,1.148,0.2015,-0.3381,1.332,0.1943,0.8013,0.1965,0.2856,0.06934,0.0,0.0,-0.2086,-0.1681,0.6055,0.0,-0.197,-0.07556,4.402,3.229,1.395,0.3074,5.086,0.5527,5.082,0.0,0.732,0.7983,-0.04068,3.992,3.861,0.0,0.0,3.842,0.0,5.363,1.478,1.0,0.0,0.0,0.0,1.946,0.0,0.5,0.5,-1.02,1.021,1.0,0.0,0.0,-1.0,0.0,0.0,0.0,0.389
3.963,3.994,3.932,-0.7495,1.169,1.148,0.8315,-0.3755,1.137,0.1912,1.085,-0.004646,0.4285,0.06934,0.0,0.0,-0.209,-0.1614,0.608,0.0,-0.1945,-0.6626,5.156,3.346,1.242,0.3396,5.086,0.0232,5.082,0.5527,-0.196,-0.06604,-0.3408,3.992,3.867,0.0,0.0,3.867,0.0,5.363,1.478,1.0,0.0,0.0,0.0,0.06143,1.0,1.0,0.5,-0.9272,0.9067,2.0,0.0,0.0,-1.0,0.0,0.0,0.0,0.01216
3.977,4.008,3.947,-0.408,0.806,1.148,0.8315,-0.3345,0.659,0.0975,1.348,-0.2756,0.5713,0.06934,0.0,0.0,-0.11957,-0.07355,0.5493,0.0,-0.1919,-0.02519,5.156,3.758,0.7417,0.382,5.086,-0.5703,5.082,0.0232,0.0,0.732,1.289,3.992,3.871,0.0,0.0,3.89,0.0,5.363,1.387,1.0,0.0,0.0,0.0,-3.49,0.0,0.5,0.5,-0.582,0.5737,0.0,1.0,0.0,-1.0,0.0,0.0,0.0,-0.6904
3.992,4.02,3.965,-0.546,0.9204,1.148,0.8315,-0.307,0.6997,0.1621,1.621,0.2007,0.7144,0.06934,0.0,0.0,-0.1765,-0.1398,0.596,0.0,-0.1895,-0.3298,5.156,4.35,0.795,0.4182,5.086,0.4636,5.082,-0.5703,0.5522,-0.1959,1.988,3.992,3.875,0.0,0.0,3.914,0.0,5.363,1.405,1.0,0.0,0.0,0.0,1.778,1.0,0.5,0.5,-0.6797,0.7217,1.0,0.0,0.0,-1.0,0.0,0.0,0.0,0.3555
4.008,4.027,3.986,-0.5645,0.8877,1.148,0.8315,-0.3064,0.5923,0.1838,1.907,-0.001609,0.7144,0.06934,0.0,0.0,-0.1962,-0.1609,0.6133,1.0,-0.2903,-0.626,5.156,5.082,0.681,0.4587,3.78,0.1813,5.082,0.4636,0.0232,0.0,0.8433,3.992,3.88,0.0,0.0,3.938,0.0,5.363,1.44,1.0,0.0,0.0,0.0,0.641,2.0,0.5,1.0,-0.681,0.706,2.0,0.0,0.0,-1.0,0.0,0.0,0.0,0.1271
4.004,4.023,3.988,0.4631,-0.2089,1.148,0.09985,-0.01281,-0.6294,-0.1571,2.092,-1.751,0.7144,0.06934,-1.0,0.0,0.1516,0.1549,0.3887,0.0,-0.2878,0.757,5.156,5.094,-0.5386,0.4868,1.884,-2.188,5.082,0.1813,-0.5703,0.5522,0.7983,3.992,3.88,0.0,0.0,3.95,0.0,5.31,0.6875,0.0,0.0,0.0,0.0,-8.15,1.0,0.0,1.0,0.3699,-0.2852,0.0,1.0,0.0,-1.0,0.0,1.0,-3.82,-2.621
4.01,4.02,4.004,-0.12,0.2654,1.148,0.09985,-0.0478,-0.1895,0.01159,2.271,-0.7954,0.5713,0.06934,-1.0,0.0,-0.01365,-0.01515,0.5044,0.0,-0.2854,0.734,5.156,5.094,-0.10974,0.514,1.741,1.169,5.082,-2.188,0.4636,0.0232,-0.06604,3.992,3.889,0.0,0.0,3.969,0.0,5.363,0.681,0.0,0.0,0.0,0.0,4.21,1.0,0.5,1.0,-0.1656,0.1958,1.0,0.0,0.0,-1.0,0.0,0.0,0.0,0.8643
4.016,4.02,4.008,-0.04034,0.12427,1.148,0.09985,-0.2808,-0.326,-0.01915,2.334,2.156,0.4285,0.06934,-1.0,0.0,-0.0054,0.03827,0.4868,0.0,-0.2827,-0.641,5.156,5.094,-0.283,0.533,-0.548,-0.1746,5.082,1.169,0.1812,-0.5703,0.732,3.992,3.898,0.0,0.0,3.986,0.0,5.363,0.2778,0.0,0.0,0.0,0.0,-0.6675,1.0,0.0,0.5,-0.09656,0.04947,0.0,1.0,0.0,-1.0,0.0,0.0,0.0,-0.1343
4.016,4.027,4.008,-0.3118,0.38,1.148,0.09985,-0.3247,-0.0514,0.0747,2.385,-1.285,0.4285,0.06934,0.0,0.0,-0.0976,-0.0519,0.553,0.0,-0.2803,-0.1398,5.156,5.094,-0.01011,0.543,-0.1735,0.6577,5.082,-0.1746,-2.186,0.4634,-0.1959,3.992,3.91,0.0,0.0,4.008,0.0,5.363,0.2391,0.0,0.0,0.0,0.0,2.62,1.0,0.5,0.5,-0.351,0.3025,1.0,0.0,0.0,-1.0,0.0,0.0,0.0,0.5283
4.016,4.027,4.008,-0.149,0.2128,1.148,0.09985,-0.3308,-0.1912,0.0316,2.385,-2.262,0.2856,0.06934,-1.0,0.0,-0.0578,-0.00819,0.526,0.0,-0.2778,-0.3489,5.156,5.094,-0.1696,0.5493,-0.157,-0.2666,5.082,0.6577,1.168,0.1812,0.0,3.992,3.922,0.0,0.0,4.016,0.0,5.363,-0.0603,0.0,0.0,0.0,0.0,-1.013,0.0,0.5,0.0,-0.1864,0.15,0.0,1.0,0.0,-1.0,0.0,0.0,0.0,-0.2023
4.016,4.027,4.008,-0.3613,0.4263,1.148,0.09985,-0.3308,0.05386,0.1151,2.428,-3.39,0.2856,0.06934,0.0,0.0,-0.1355,-0.0913,0.583,0.0,-0.2751,-0.3528,5.156,5.094,0.0728,0.5557,-1.993,0.564,4.45,-0.2666,-0.1744,-2.186,0.5522,3.992,3.938,0.0,0.0,4.016,0.0,5.363,0.1174,0.0,0.0,0.0,0.0,2.727,1.0,0.5,0.5,-0.3953,0.351,1.0,0.0,0.0,-1.0,0.0,0.0,0.0,0.547
4.016,4.027,4.008,-0.5044,0.577,1.148,0.09985,-0.3582,0.2595,0.183,2.45,1.478,0.2856,0.06934,0.0,0.0,-0.2001,-0.1552,0.6133,1.0,-0.2903,-0.2306,5.156,5.094,0.277,0.5435,-2.135,0.461,3.104,0.564,0.657,1.168,0.0232,3.992,3.955,0.0,0.0,4.016,0.0,5.363,0.0473,0.0,0.0,0.0,0.0,1.589,1.0,0.5,0.5,-0.52,0.5107,2.0,0.0,0.0,-1.0,0.0,0.0,0.0,0.3157
4.016,4.027,4.008,-0.713,0.81,1.148,0.09985,-0.3694,0.539,0.282,2.516,0.9614,0.2856,0.06934,0.0,0.0,-0.29,-0.2493,0.6133,1.0,-0.2903,-0.2316,5.156,5.094,0.5728,0.4812,-0.2169,0.67,2.11,0.461,-0.2666,-0.1744,-0.5703,3.992,3.975,0.0,0.0,4.016,0.0,5.363,0.284,0.0,0.0,0.0,0.0,2.111,2.0,1.0,1.0,-0.6934,0.7656,3.0,0.0,0.0,-1.0,0.0,0.0,0.0,0.4163
4.016,4.027,4.008,-0.1721,0.2673,1.148,0.09985,-0.3152,0.00396,0.1174,2.525,-0.7544,0.2856,0.06934,0.0,0.0,-0.1362,-0.09503,0.507,0.0,-0.2878,-0.0852,4.777,5.094,0.03732,0.4856,-1.224,-1.037,1.647,0.67,0.564,0.657,0.4634,3.992,3.99,0.0,0.0,4.016,0.0,5.363,-0.03114,0.0,0.0,0.0,0.0,-3.799,1.0,0.5,1.0,-0.159,0.2578,0.0,1.0,0.0,-1.0,0.0,0.0,0.0,-0.7407
4.016,4.027,4.008,0.06305,0.02798,1.148,0.09985,-0.3145,-0.2001,0.04477,2.477,-1.736,0.1428,0.06934,-1.0,0.0,-0.0687,-0.02296,0.461,0.0,-0.2854,-0.2009,3.959,5.094,-0.1837,0.4854,-1.82,-0.4556,1.418,-1.037,0.461,-0.2666,0.1812,3.992,3.998,0.0,0.0,4.016,0.0,5.363,-0.2852,0.0,0.0,0.0,0.0,-1.539,1.0,0.0,0.5,0.08624,0.04767,0.0,2.0,0.0,-1.0,0.0,0.0,0.0,-0.3052
4.016,4.027,4.008,0.2449,-0.1504,-0.534,0.09985,-0.2568,-0.3494,-0.01312,2.412,2.07,0.0,0.06934,-1.0,0.0,-0.008995,0.02988,0.4233,0.0,-0.2827,-0.12335,3.05,5.094,-0.3425,0.4805,5.035,-0.3748,1.409,-0.4556,0.67,0.564,-2.186,3.992,3.998,0.0,0.0,4.016,0.0,5.363,-0.376,0.0,0.0,0.0,0.0,-1.932,0.0,0.0,0.0,0.245,-0.1417,0.0,3.0,0.0,-1.0,0.0,0.0,0.0,-0.3862
4.016,4.027,4.008,0.583,-0.4758,-0.534,-0.119,-0.2393,-0.6724,-0.1256,2.346,1.656,-0.1428,0.06934,-1.0,0.0,0.10065,0.1438,0.349,0.0,-0.2803,-0.07465,2.193,4.965,-0.663,0.4724,1.764,-0.745,1.565,-0.3748,-1.037,0.4607,1.168,3.992,3.998,0.0,0.0,4.016,0.0,5.36,-0.411,0.0,0.0,0.0,0.0,-2.336,-1.0,-0.5,0.0,0.572,-0.453,0.0,4.0,0.0,-0.5,0.0,0.0,0.0,-0.47
4.016,4.027,4.008,0.7256,-0.5996,-0.534,-0.3103,-0.2126,-0.784,-0.1808,2.23,0.3625,-0.2856,0.06934,-1.0,0.0,0.157,0.199,0.3125,0.0,-0.2778,-0.357,1.368,4.36,-0.782,0.4597,2.088,-0.3723,1.857,-0.745,-0.4556,0.6694,-0.1744,3.992,3.998,0.0,0.0,4.016,0.0,5.312,-0.614,0.0,0.0,0.0,0.0,-1.336,-2.0,-0.5,-0.5,0.708,-0.5728,0.0,5.0,0.0,0.0,0.0,0.0,0.0,-0.2722
4.016,4.027,4.008,0.552,-0.4219,-0.534,-0.3103,-0.2223,-0.583,-0.1388,2.121,-0.1865,-0.4285,0.06934,-1.0,0.0,0.115,0.1559,0.3403,0.0,-0.2751,-0.613,0.7876,3.707,-0.5957,0.4485,-0.2874,0.2834,2.018,-0.3723,-0.3748,-1.037,0.657,3.992,3.998,0.0,0.0,4.016,0.0,5.348,-0.5864,0.0,0.0,0.0,0.0,0.7734,-1.0,-0.5,-0.5,0.44,-0.511,1.0,0.0,0.0,0.0,0.0,0.0,0.0,0.1586
4.016,4.027,4.008,0.3403,-0.2251,-0.534,-0.3103,-0.2612,-0.4207,-0.08093,2.164,-0.2375,-0.4285,0.06934,-1.0,0.0,0.0554,0.09955,0.3782,0.0,-0.2727,1.318,0.3474,3.05,-0.459,0.4587,0.1547,0.3872,2.08,0.2834,-0.7446,-0.4556,-0.2666,3.992,3.998,0.0,0.0,4.016,0.0,5.363,0.07184,0.0,0.0,0.0,0.0,1.33,0.0,0.0,0.0,0.2086,-0.3525,2.0,0.0,0.0,0.0,1.0,0.0,1.517,0.2715
4.016,4.027,4.008,-0.117,0.237,-0.534,-0.3103,-0.2817,0.05475,0.0719,2.2,-1.563,-0.2856,0.06934,0.0,0.0,-0.09106,-0.0532,0.4792,0.0,-0.2703,0.8135,0.1224,2.393,0.00602,0.4639,-1.849,1.021,2.035,0.3872,-0.3723,-0.3748,0.5635,3.992,3.998,0.0,0.0,4.016,0.0,5.363,0.03604,0.0,0.0,0.0,0.0,4.27,1.0,0.0,0.0,-0.1785,0.1506,3.0,0.0,0.0,0.0,0.0,0.0,0.0,0.865
4.016,4.027,4.008,0.3933,-0.26,-0.534,-0.3103,-0.1251,-0.4553,-0.0878,2.186,-3.15,-0.2856,0.06934,-1.0,0.0,0.0742,0.0937,0.373,0.0,-0.2676,0.7705,0.04828,1.723,-0.5015,0.4624,-3.395,-1.056,2.027,1.021,0.2834,-0.7446,0.4607,3.988,3.998,0.0,0.0,4.016,0.0,5.363,-0.2207,0.0,0.0,0.0,0.0,-5.777,1.0,-0.5,0.0,0.3154,-0.3247,0.0,1.0,-0.5,0.0,0.0,0.0,0.0,-1.151
4.016,4.027,4.008,0.1772,-0.03494,-0.534,-0.3103,-0.0661,-0.214,-0.01872,2.156,-0.6353,-0.4285,0.06934,-1.0,0.0,0.01339,0.01729,0.4187,0.0,-0.2651,0.697,0.03397,1.132,-0.2722,0.4607,-5.035,0.4612,2.025,-1.056,0.3872,-0.3723,0.6694,3.986,3.998,0.0,0.0,4.016,0.0,5.363,-0.2769,0.0,0.0,0.0,0.0,1.643,2.0,-0.5,0.0,0.11847,-0.0957,1.0,0.0,-0.5,0.0,0.0,0.0,0.0,0.3333
4.016,4.027,4.008,-0.1486,0.307,-0.534,-0.3103,0.01171,0.1455,0.0967,2.182,-3.846,-0.2856,0.06934,0.0,0.0,-0.0878,-0.1059,0.4956,0.0,-0.2627,0.795,0.03815,0.5996,0.09503,0.462,-3.338,0.774,2.004,0.4612,1.021,0.2834,-1.037,3.992,3.998,0.0,0.0,4.016,0.0,5.363,0.0,0.0,0.0,0.0,0.0,2.936,2.0,0.0,0.5,-0.1844,0.2457,2.0,0.0,-0.5,0.0,0.0,0.0,0.0,0.591
4.016,4.027,4.008,-0.4807,0.662,-0.3147,-0.3103,0.02081,0.551,0.2281,2.217,1.848,-0.2856,0.06934,0.0,0.0,-0.207,-0.2351,0.5845,0.0,-0.26,0.06445,0.03897,0.2288,0.503,0.4666,-1.905,0.8804,2.146,0.774,-1.056,0.3872,-0.4553,3.992,3.998,0.0,0.0,4.016,0.0,5.363,0.076,0.0,0.0,0.0,0.0,3.492,2.0,0.5,0.5,-0.4863,0.608,3.0,0.0,-0.5,0.0,0.0,0.0,0.0,0.694
4.016,4.027,4.008,-0.8154,1.049,0.2118,-0.3103,0.04486,1.006,0.3806,2.281,0.8926,-0.2856,0.06934,0.0,0.0,-0.3396,-0.3816,0.6133,1.0,-0.2903,0.1853,0.06464,-0.02324,0.9307,0.4077,-0.3127,1.01,2.508,0.8804,0.4612,1.021,-0.3748,3.992,3.998,0.0,0.0,4.016,0.0,5.363,0.1968,0.0,0.0,0.0,0.0,5.105,2.0,1.0,0.5,-0.809,0.982,4.0,0.0,-0.5,0.0,1.0,0.0,3.469,1.0
4.016,4.027,4.008,-0.6904,0.9473,0.2118,-0.3103,0.05215,0.968,0.3726,2.3,0.1062,-0.2856,0.06934,0.0,0.0,-0.332,-0.3748,0.6113,0.0,-0.2878,-0.0511,0.1209,-0.10645,0.876,0.4165,2.898,-0.02257,2.92,1.01,0.774,-1.056,-0.7446,3.992,3.998,0.0,0.0,4.016,0.0,5.363,0.04376,0.0,0.0,0.0,0.0,-0.0904,2.0,1.0,0.0,-0.757,0.811,0.0,1.0,-0.5,0.0,0.0,0.0,0.0,-0.01743
4.016,4.027,4.008,-0.572,0.861,0.2118,-0.3103,0.05185,0.893,0.365,2.385,0.0669,-0.2856,0.06934,0.0,0.0,-0.3254,-0.368,0.609,0.0,-0.2854,-0.02017,0.2463,-0.05838,0.8105,0.4275,5.086,-0.02258,3.209,-0.02257,0.8804,0.461,-0.3723,3.992,3.998,0.0,0.0,4.016,0.0,5.363,0.3657,0.0,0.0,0.0,0.0,-0.0947,1.0,1.0,0.0,-0.6836,0.684,0.0,2.0,-0.5,0.0,0.0,0.0,0.0,-0.01826
4.016,4.027,4.008,-0.507,0.822,0.2118,-0.3103,0.0315,0.8467,0.372,2.496,0.0929,-0.1428,0.06934,0.0,0.0,-0.3335,-0.3726,0.6133,1.0,-0.2903,-0.4468,0.4202,0.0339,0.8105,0.4321,5.086,0.07227,3.504,-0.02258,1.01,0.7734,0.2832,3.992,3.998,0.0,0.0,4.016,0.0,5.363,0.5522,0.0,0.0,0.0,0.0,0.1498,1.0,1.0,0.5,-0.651,0.6147,1.0,0.0,-0.5,0.0,0.0,0.0,0.0,0.02888
4.016,4.027,4.008,-0.7627,1.117,0.2118,-0.3103,-0.001868,1.14,0.4968,2.674,0.4763,0.0,0.06934,0.0,0.0,-0.4438,-0.4841,0.6133,1.0,-0.2903,-0.4604,0.7812,0.2369,1.119,0.3699,5.086,0.83,3.984,0.07227,-0.02257,0.88,0.3872,3.992,3.998,0.0,0.0,4.016,0.0,5.363,0.86,1.0,0.0,0.0,0.0,2.828,1.0,1.0,1.0,-0.9043,0.8926,2.0,0.0,-0.5,0.0,0.0,0.0,0.0,0.5444
4.016,4.027,4.008,-0.9375,1.331,0.2118,-0.3103,-0.0006456,1.318,0.604,2.94,0.2998,0.1428,0.06934,0.0,0.0,-0.5337,-0.5806,0.6133,1.0,-0.2903,0.04303,1.377,0.604,1.312,0.3315,3.393,0.7075,4.65,0.83,-0.02258,1.01,1.0205,3.992,3.998,0.0,0.0,4.016,0.0,5.363,1.278,1.0,0.0,0.0,0.0,2.848,1.0,1.0,1.5,-1.069,1.1045,3.0,0.0,-0.5,0.0,0.0,0.0,0.0,0.541
4.016,4.027,4.008,-0.2391,0.63,0.2118,-0.3103,0.1508,0.4956,0.3862,3.15,-0.4866,0.2856,0.06934,0.0,0.0,-0.335,-0.397,0.477,0.0,-0.2878,0.9844,2.127,1.115,0.4514,0.369,5.086,-1.328,4.82,0.7075,0.07227,-0.02257,-1.055,3.992,3.998,0.0,0.0,4.016,0.0,5.363,0.8516,1.0,0.0,0.0,0.0,-8.15,1.0,1.0,1.5,-0.3572,0.472,0.0,1.0,-0.5,0.0,0.0,0.0,0.0,-1.633
4.016,4.027,4.008,-0.683,1.079,0.2118,-0.3103,0.1877,0.911,0.565,3.406,0.889,0.4285,0.06934,0.0,0.0,-0.4844,-0.564,0.595,0.0,-0.2854,0.2076,2.838,1.664,0.8877,0.3987,5.086,1.179,5.082,-1.328,0.83,-0.02257,0.461,3.992,3.998,0.0,0.0,4.016,0.0,5.363,0.9717,1.0,0.0,0.0,0.0,5.914,2.0,1.0,1.5,-0.737,0.957,1.0,0.0,-0.5,0.0,0.0,0.0,0.0,1.136
4.016,4.027,4.008,-0.704,1.06,0.2118,-0.3103,0.0385,0.8613,0.5947,3.646,0.0895,0.5713,0.06934,0.0,0.0,-0.5225,-0.576,0.6133,1.0,-0.2903,-0.248,3.588,2.248,0.854,0.4233,5.086,0.2338,5.082,1.179,0.7075,0.07227,0.7734,3.992,3.998,0.0,0.0,4.016,0.0,5.363,0.9565,1.0,0.0,0.0,0.0,1.302,2.0,1.0,1.5,-0.7764,0.9155,2.0,0.0,-0.5,0.0,0.0,0.0,0.0,0.245
4.016,4.027,4.008,-0.7925,1.155,0.2118,-0.3103,0.002316,0.9385,0.6587,3.855,0.2301,0.5713,0.06934,0.0,0.0,-0.5786,-0.6294,0.6133,1.0,-0.2903,-0.0398,4.562,2.996,0.818,0.4307,4.773,0.4482,5.082,0.2338,-1.328,0.83,0.88,3.992,3.998,0.0,0.0,4.016,0.0,5.363,0.891,1.0,0.0,0.0,0.0,4.355,2.0,1.0,1.5,-0.8926,0.9736,3.0,0.0,-0.5,0.0,1.0,0.0,1.865,0.817
4.016,4.027,4.008,-0.311,0.6143,0.2118,-0.3103,0.0416,0.3186,0.501,4.07,-0.5024,0.7144,0.06934,0.0,0.0,-0.4434,-0.492,0.518,0.0,-0.2878,0.7036,5.156,3.734,0.1873,0.4653,2.504,-0.929,5.082,0.4482,1.179,0.7075,1.01,3.992,3.998,0.0,0.0,4.016,0.0,5.363,0.9126,1.0,0.0,0.0,0.0,-4.867,1.0,0.5,1.5,-0.3877,0.496,0.0,1.0,-0.5,0.0,0.0,0.0,0.0,-0.9062
4.016,4.027,4.008,-0.34,0.5786,0.2118,-0.3103,0.05945,0.2465,0.514,4.266,-0.0393,0.857,0.06934,0.0,0.0,-0.453,-0.5054,0.5312,0.0,-0.2854,0.812,5.156,4.395,0.1367,0.4893,2.955,0.1285,5.082,-0.929,0.2338,-1.328,-0.02257,3.992,3.998,0.0,0.0,4.016,0.0,5.363,0.8696,1.0,0.0,0.0,0.0,0.7295,2.0,1.0,1.5,-0.4167,0.4578,1.0,0.0,-0.5,0.0,0.0,0.0,0.0,0.138
4.016,4.027,4.008,-0.983,1.21,0.2118,0.541,0.01369,0.891,0.767,4.426,2.098,0.857,0.06934,0.0,0.0,-0.6655,-0.724,0.6133,1.0,-0.2903,0.4333,5.156,5.0,0.8,0.4343,3.457,1.645,5.082,0.1285,0.4482,1.178,-0.02257,3.992,3.998,0.0,0.0,4.016,0.0,5.363,0.992,1.0,0.0,0.0,0.0,7.266,2.0,1.5,1.5,-0.975,1.132,2.0,0.0,-0.5,0.0,0.0,0.0,0.0,1.67
4.016,4.027,4.008,-0.898,1.118,0.2118,0.541,-0.03616,0.785,0.77,4.426,0.0277,0.857,0.06934,0.0,0.0,-0.673,-0.722,0.6133,1.0,-0.2903,-0.5635,5.156,5.094,0.7266,0.4495,4.207,0.0731,5.082,1.645,-0.9287,0.2338,0.07227,3.992,3.998,0.0,0.0,4.016,0.0,5.363,0.8926,1.0,0.0,0.0,0.0,0.2087,2.0,1.5,1.5,-0.9395,0.9927,3.0,0.0,-0.5,0.0,0.0,0.0,0.0,0.0383
4.016,4.027,4.008,-1.175,1.448,0.2118,0.541,-0.04657,1.14,0.922,4.426,0.5747,0.857,0.06934,0.0,0.0,-0.7935,-0.8496,0.6133,1.0,-0.2903,0.3667,5.156,5.094,1.105,0.3726,2.445,0.9883,5.082,0.0731,0.1284,0.448,0.83,3.992,3.998,0.0,0.0,4.016,0.0,5.363,0.899,1.0,0.0,0.0,0.0,3.074,2.0,1.5,1.5,-1.177,1.345,4.0,0.0,-0.5,0.0,0.0,0.0,0.0,0.5635
4.016,4.027,4.008,-0.855,1.133,0.2118,0.541,-0.0684,0.7974,0.8433,4.426,-0.1562,0.857,0.06934,0.0,0.0,-0.734,-0.7817,0.5703,0.0,-0.2878,-0.5312,5.156,5.094,0.809,0.3896,1.125,-0.4185,5.082,0.9883,1.645,-0.9287,0.7075,3.992,3.998,0.0,0.0,4.016,0.0,5.363,0.748,0.0,0.0,0.0,0.0,-1.147,2.0,1.0,1.5,-0.859,1.052,0.0,1.0,-0.5,0.0,0.0,0.0,0.0,-0.2069
4.016,4.027,4.008,-0.873,1.156,0.2118,0.541,-0.0783,0.8125,0.885,4.426,0.1611,0.857,0.06934,0.0,0.0,-0.767,-0.8154,0.6016,0.0,-0.2854,-0.10864,5.156,5.094,0.8696,0.4084,5.086,0.3066,5.082,-0.4185,0.0731,0.1284,-1.328,3.992,3.998,0.0,0.0,4.016,0.0,5.363,0.802,1.0,0.0,0.0,0.0,0.721,2.0,1.5,2.0,-0.8677,1.083,1.0,0.0,-0.5,0.0,0.0,0.0,0.0,0.131
4.016,4.027,4.008,-0.735,1.002,0.2118,0.541,-0.0996,0.6387,0.862,4.426,-0.06247,0.857,0.06934,0.0,0.0,-0.751,-0.7944,0.5938,0.0,-0.2827,-0.7744,5.156,5.094,0.7637,0.4219,3.637,-0.0805,5.082,0.3066,0.9883,1.644,1.178,3.992,3.998,0.0,0.0,4.016,0.0,5.363,0.763,1.0,0.0,0.0,0.0,-0.1876,1.0,1.0,1.5,-0.769,0.8975,0.0,1.0,-0.5,0.0,0.0,0.0,0.0,-0.0339
4.016,4.027,4.008,-0.5957,0.851,0.2118,0.541,-0.143,0.4841,0.8345,4.426,-0.0819,0.857,0.06934,0.0,0.0,-0.7334,-0.767,0.582,0.0,-0.2803,-0.836,5.156,5.094,0.6353,0.437,3.656,-0.1103,4.99,-0.0805,-0.4185,0.0731,0.2336,3.992,3.998,0.0,0.0,4.016,0.0,5.363,0.5947,0.0,0.0,0.0,0.0,-0.299,0.0,0.5,1.0,-0.6636,0.72,0.0,2.0,-0.5,0.0,0.0,0.0,0.0,-0.05414
4.016,4.027,4.008,-0.1963,0.453,0.2118,0.541,-0.0736,0.0754,0.708,4.426,-0.605,0.857,0.06934,0.0,0.0,-0.6255,-0.665,0.5083,0.0,-0.2778,0.0797,5.156,5.094,0.2301,0.4465,2.826,-0.722,4.586,-0.1103,0.3064,0.9883,0.448,3.992,3.998,0.0,0.0,4.016,0.0,5.363,0.2146,0.0,0.0,0.0,0.0,-3.998,-1.0,0.0,0.5,-0.32,0.2922,0.0,3.0,-0.5,0.0,0.0,1.0,-1.926,-0.7246
4.016,4.027,4.008,0.463,-0.2384,0.06018,0.0315,0.02013,-0.661,0.4734,4.426,-4.098,0.7144,0.06934,-1.0,0.0,-0.422,-0.465,0.3662,0.0,-0.2751,1.462,5.156,5.094,-0.5254,0.4604,5.086,-1.406,4.35,-0.722,-0.08044,-0.4185,-0.9287,3.992,3.998,0.0,0.0,4.016,0.0,5.363,0.1819,0.0,0.0,0.0,0.0,-8.15,-1.0,0.0,0.5,0.3276,-0.3604,0.0,4.0,-0.5,0.0,0.0,0.0,0.0,-1.739
4.016,4.027,4.008,0.5645,-0.3416,0.06018,-0.10657,-0.01364,-0.7847,0.425,4.426,0.3909,0.5713,0.06934,-1.0,0.0,-0.3835,-0.4175,0.3398,0.0,-0.2727,-0.2698,5.016,5.094,-0.6733,0.4648,5.086,-0.2688,4.11,-1.406,-0.1102,0.3064,0.1284,3.992,3.998,0.0,0.0,4.016,0.0,5.363,-0.1877,0.0,0.0,0.0,0.0,-1.275,-2.0,-0.5,0.0,0.4258,-0.4592,0.0,5.0,-0.5,0.0,0.0,0.0,0.0,-0.2397
4.016,4.027,4.008,0.546,-0.3115,0.06018,-0.1111,0.003626,-0.775,0.4172,4.426,0.1268,0.4285,0.06934,-1.0,0.0,-0.3752,-0.4116,0.3389,0.0,-0.2703,-0.0492,4.223,5.094,-0.674,0.4639,0.4004,-0.00885,3.84,-0.2688,-0.722,-0.08044,1.644,3.992,3.998,0.0,0.0,4.016,0.0,5.363,-0.2603,0.0,0.0,0.0,0.0,-0.04016,-2.0,-1.0,-0.5,0.3804,-0.46,0.0,5.617,-0.5,0.5,0.0,0.0,0.0,-0.007584
4.016,4.027,4.008,0.4368,-0.203,0.06018,-0.1111,-0.07556,-0.6626,0.4402,4.426,-0.04355,0.2856,0.06934,-1.0,0.0,-0.402,-0.4253,0.3572,0.0,-0.2676,-0.3682,3.582,5.094,-0.554,0.4573,-0.4312,0.1859,3.54,-0.00885,-1.406,-0.1102,0.0731,3.992,3.998,0.0,0.0,4.016,0.0,5.363,-0.345,0.0,0.0,0.0,0.0,0.645,-1.0,-1.0,-0.5,0.2391,-0.3948,1.0,0.0,-0.5,0.5,0.0,0.0,0.0,0.12177
4.016,4.027,4.008,0.4712,-0.256,0.06018,-0.1111,-0.1746,-0.7305,0.414,4.426,0.279,0.1428,0.06934,-1.0,0.0,-0.3884,-0.3918,0.3442,0.0,-0.2651,-0.4966,2.984,5.094,-0.607,0.4548,-4.418,-0.1323,3.467,0.1859,-0.2686,-0.722,0.988,3.992,3.998,0.0,0.0,4.016,0.0,5.363,-0.0954,0.0,0.0,0.0,0.0,-0.6304,-1.0,-1.5,-0.5,0.2805,-0.4377,0.0,1.0,-0.5,0.5,0.0,0.0,0.0,-0.11865
4.016,4.027,4.008,0.356,-0.1589,0.06018,-0.1111,-0.2783,-0.6436,0.4397,4.426,-0.012146,0.0,0.06934,-1.0,0.0,-0.4197,-0.4055,0.3633,0.0,-0.2627,-0.292,2.371,4.773,-0.523,0.4568,-3.861,0.1946,3.48,-0.1323,-0.00885,-1.406,-0.4182,3.992,3.998,0.0,0.0,4.016,0.0,5.363,-0.07355,0.0,0.0,0.0,0.0,0.8833,0.0,-1.0,-0.5,0.1055,-0.4143,1.0,0.0,-0.5,0.5,0.0,0.0,0.0,0.1666
4.016,4.027,4.008,0.7505,-0.5347,0.06018,-0.1111,-0.2837,-0.9863,0.2964,4.426,0.8545,-0.1428,0.06934,-1.0,0.0,-0.2952,-0.271,0.2773,0.0,-0.26,0.471,1.779,4.12,-0.845,0.4363,-5.035,-0.8726,3.377,0.1946,0.1858,-0.2686,0.3064,3.992,3.998,0.0,0.0,4.016,0.0,5.363,-1.023,0.0,0.0,0.0,0.0,-5.86,0.0,-1.5,-1.0,0.508,-0.751,0.0,1.0,-0.5,0.5,0.0,0.0,0.0,-1.102
4.016,4.027,4.008,1.604,-1.283,0.06018,-0.1603,-0.07556,-1.716,0.00901,4.426,1.062,-0.2856,0.06934,-1.0,0.0,-0.0137,-0.00989,0.1004,0.0,-0.2576,0.6733,1.326,3.41,-1.559,0.4036,-5.035,-1.82,4.21,-0.8726,-0.1323,-0.00885,-0.08044,3.992,3.998,0.0,0.0,4.016,0.0,5.363,-1.375,0.0,1.0,0.0,0.0,-8.15,0.0,-1.5,-1.5,1.301,-1.5,0.0,2.0,-0.5,0.5,0.0,0.0,0.0,-1.959
4.016,4.027,4.008,1.834,-1.453,0.06018,-0.513,-0.04575,-1.844,-0.09814,4.426,0.2303,-0.4285,0.06934,-1.0,0.0,0.0913,0.09674,0.03564,0.0,-0.2551,0.8047,1.548,2.727,-1.647,0.353,-5.035,-0.6875,5.082,-1.82,0.1945,0.1858,-0.1102,3.992,3.998,0.0,0.0,4.016,0.0,5.363,-1.719,0.0,1.0,0.0,1.0,-4.848,-1.0,-1.5,-2.0,1.501,-1.683,0.0,3.0,-0.5,0.5,0.0,0.0,0.0,-0.9546
4.016,4.027,4.008,2.084,-1.621,0.06018,-0.8945,0.03732,-1.985,-0.2113,4.277,0.2333,-0.5713,0.06934,-1.0,0.0,0.2095,0.2073,-0.03345,0.0,-0.2524,0.07654,2.291,2.37,-1.82,0.316,-5.035,-0.742,5.082,-0.6875,-0.8726,-0.1323,-0.722,3.992,3.998,0.0,0.0,4.016,0.0,5.363,-1.719,0.0,1.0,0.0,1.0,-3.27,-1.0,-1.5,-2.0,1.721,-1.864,0.0,4.0,-0.5,0.5,0.0,0.0,0.0,-0.6514
4.016,4.027,4.008,2.049,-1.5625,0.06018,-1.0205,0.0128,-1.878,-0.2496,3.852,0.07983,-0.7144,0.06934,-1.0,0.0,0.2455,0.2505,-0.05603,0.0,-0.25,-0.3193,3.168,2.303,-1.812,0.2893,-4.11,-0.2457,5.082,-0.742,-1.82,0.1945,-1.406,3.992,3.998,0.0,0.0,4.016,0.0,5.363,-1.719,0.0,1.0,0.0,1.0,-0.7305,-2.0,-1.5,-2.0,1.688,-1.808,0.0,5.0,-0.5,0.5,0.0,0.0,0.0,-0.1473
4.016,4.027,4.008,2.225,-1.677,0.06018,-1.348,0.1576,-1.933,-0.3445,3.398,0.1768,-0.857,0.06934,-1.0,0.0,0.3545,0.3394,-0.11426,0.0,-0.2474,0.693,4.254,2.6,-1.896,0.244,-4.65,-0.6357,5.082,-0.2457,-0.687,-0.872,-0.2686,3.992,3.998,0.0,0.0,4.016,0.0,5.305,-1.719,0.0,1.0,0.0,1.0,-4.074,-2.0,-1.5,-2.0,1.854,-1.919,0.0,5.617,-0.5,0.5,0.0,0.0,0.0,-0.825
4.016,4.027,4.008,1.801,-1.257,0.06018,-1.348,0.214,-1.461,-0.2688,2.98,-0.1415,-1.0,0.06934,-1.0,0.0,0.2827,0.2517,-0.0656,0.0,-0.245,-0.010506,5.156,3.219,-1.442,0.1991,-5.035,0.537,5.082,-0.6357,-0.7417,-1.819,-0.00885,3.992,3.998,0.0,0.0,4.016,0.0,5.363,-1.719,0.0,1.0,0.0,0.0,3.99,-1.0,-1.0,-2.0,1.445,-1.515,1.0,0.0,-0.5,0.5,0.0,0.0,0.0,0.8164
4.016,4.027,4.008,2.135,-1.563,0.06018,-1.348,0.344,-1.679,-0.4097,2.559,0.3208,-1.143,0.06934,-1.0,0.0,0.438,0.393,-0.153,0.0,-0.2424,1.046,5.156,4.145,-1.589,0.136,-5.035,-0.955,5.082,0.537,-0.2456,-0.687,0.1858,3.992,3.998,0.0,0.0,4.016,0.0,5.25,-1.719,0.0,1.0,0.0,0.0,-7.676,-1.0,-1.5,-2.0,1.717,-1.864,0.0,1.0,-0.5,0.5,0.0,1.0,-2.572,-1.557
4.016,4.027,4.008,2.098,-1.53,-1.073,-1.348,0.2463,-1.612,-0.4487,2.215,0.0962,-1.143,0.06934,-1.0,0.0,0.47,0.446,-0.1769,0.0,-0.2399,0.5415,5.156,5.094,-1.464,0.0838,-5.035,-0.2656,5.082,-0.955,-0.6357,-0.7417,-0.1323,3.97,3.998,0.0,0.0,4.016,0.0,5.215,-1.719,0.0,1.0,0.0,0.0,-1.765,-1.0,-1.5,-2.0,1.684,-1.828,0.0,2.0,-0.5,0.5,0.0,0.0,0.0,-0.3638
4.016,4.027,4.008,2.701,-2.066,-1.073,-1.348,0.4446,-2.107,-0.6704,1.808,0.5063,-1.143,0.05942,-1.0,-1.0,0.726,0.6816,-0.316,0.0,-0.2374,0.3594,5.156,5.094,-1.853,0.01431,-5.035,-1.553,5.082,-0.2656,0.537,-0.2456,0.1945,3.926,3.998,0.0,0.0,4.016,0.0,5.02,-1.719,0.0,1.0,0.0,0.0,-8.15,-1.0,-1.5,-2.0,2.322,-2.195,0.0,3.0,-0.5,0.5,0.0,0.0,0.0,-3.436
4.016,4.027,4.008,2.457,-1.746,-1.073,-1.348,0.5024,-1.799,-0.644,1.409,-0.02742,-1.143,0.0495,-1.0,-1.0,0.7026,0.6455,-0.2998,0.0,-0.2349,0.855,5.156,5.094,-1.574,-0.02602,-5.035,0.1843,5.082,-1.553,-0.955,-0.6357,-0.872,3.893,3.998,0.0,0.0,4.016,0.0,5.04,-1.719,0.0,1.0,0.0,0.0,1.194,0.0,-1.5,-1.5,2.041,-2.02,1.0,0.0,-0.5,0.5,0.0,0.0,0.0,0.2537
4.016,4.027,4.008,1.157,-0.4565,-0.0505,-1.348,0.639,-0.506,-0.303,1.128,-0.699,-1.143,0.0495,-1.0,0.0,0.3552,0.2479,-0.0864,0.0,-0.2323,2.363,5.156,5.094,-0.3262,-0.0506,-5.035,2.438,5.082,0.1843,-0.2656,0.537,-1.819,3.889,3.998,0.0,0.0,4.016,0.0,5.34,-1.098,0.0,1.0,0.0,0.0,7.266,0.0,-1.0,-1.5,0.941,-0.6133,2.0,0.0,-0.5,0.5,0.0,0.0,0.0,3.031
4.016,4.027,4.008,0.6064,0.01527,0.474,-1.348,0.662,0.11084,-0.1573,0.9087,-1.588,-1.0,0.0495,0.0,0.0,0.2123,0.0906,0.005226,0.0,-0.2299,0.35,5.156,5.094,0.2512,-0.0684,-5.035,1.007,5.082,2.438,-1.552,-0.955,-0.687,3.904,3.998,0.0,0.0,4.016,0.0,5.363,-0.8193,0.0,0.0,0.0,0.0,5.348,1.0,-0.5,-1.0,0.4995,-0.065,3.0,0.0,-0.5,0.5,0.0,0.0,0.0,1.089
4.016,4.027,4.008,0.577,-0.0973,0.474,-1.348,0.639,0.1929,-0.1764,0.672,0.541,-0.857,0.0495,0.0,0.0,0.2289,0.1128,-0.00607,0.0,-0.2273,-0.538,5.156,5.094,0.284,-0.0861,-3.377,-0.122,5.082,1.007,0.1842,-0.2656,-0.7417,3.91,3.998,0.0,0.0,4.016,0.0,5.363,-0.8857,0.0,0.0,0.0,0.0,-0.512,1.0,-0.5,-1.5,0.4966,-0.1511,0.0,1.0,-0.5,0.5,0.0,0.0,0.0,-0.10254
4.016,4.027,4.008,-0.06415,0.4626,0.474,-1.348,0.6016,0.918,0.01743,0.5522,2.727,-0.7144,0.0495,0.0,0.0,0.03894,-0.0832,0.1173,0.0,-0.2247,0.3455,5.156,5.094,1.024,-0.1018,-2.504,1.335,5.082,-0.122,2.438,-1.552,-0.2456,3.945,3.998,0.0,0.0,4.016,0.0,5.363,-0.451,0.0,0.0,0.0,0.0,7.266,2.0,0.0,-1.0,-0.1007,0.4067,1.0,0.0,-0.5,0.5,1.0,0.0,3.01,1.492
4.016,4.027,4.008,-0.04254,0.4321,0.474,-1.348,0.511,0.927,0.01955,0.5503,0.1519,-0.5713,0.0495,0.0,0.0,0.0289,-0.0767,0.12036,0.0,-0.2222,0.2208,5.156,5.094,1.069,-0.10706,0.1022,0.0322,5.082,1.335,1.007,0.1842,-0.6353,3.984,3.998,0.0,0.0,4.016,0.0,5.363,-0.0913,0.0,0.0,0.0,0.0,0.1382,2.0,0.5,-0.5,-0.1112,0.3433,2.0,0.0,-0.5,0.5,0.0,0.0,0.0,0.02711
4.016,4.027,4.008,0.0765,0.3145,0.474,-1.348,0.428,0.8066,-0.01052,0.581,0.01657,-0.4285,0.0495,0.0,0.0,0.04984,-0.03833,0.10297,0.0,-0.2197,-0.2455,5.156,5.094,1.008,-0.11285,-0.7666,-0.1838,5.082,0.0322,-0.12195,2.438,0.5366,3.992,3.998,0.0,0.0,4.016,0.0,5.363,0.02612,0.0,0.0,0.0,0.0,-0.5835,1.0,0.0,-0.5,-0.029,0.1947,0.0,1.0,-0.5,0.5,0.0,0.0,0.0,-0.11444
4.016,4.027,4.008,0.4465,-0.0503,0.474,-1.348,0.4407,0.394,-0.1276,0.6123,-0.3477,-0.2856,0.0495,0.0,0.0,0.1633,0.0807,0.03087,0.0,-0.2172,-0.01009,5.156,5.094,0.6133,-0.11115,2.826,-0.765,5.082,-0.1838,1.335,1.006,-0.9546,3.992,3.998,0.0,0.0,4.016,0.0,5.363,0.01822,0.0,0.0,0.0,0.0,-2.355,0.0,0.0,-0.5,0.3445,-0.1376,0.0,2.0,-0.5,0.5,0.0,0.0,0.0,-0.4634
4.016,4.027,4.008,0.3196,0.08875,0.474,-1.348,0.431,0.4897,-0.0881,0.6714,0.349,-0.1428,0.0495,0.0,0.0,0.12427,0.0407,0.05695,0.0,-0.2146,-0.3232,5.156,5.094,0.738,-0.1084,4.285,0.2803,5.082,-0.765,0.0322,-0.12195,-0.2656,3.992,3.998,0.0,0.0,4.016,0.0,5.363,0.135,0.0,0.0,0.0,0.0,0.821,1.0,0.5,0.0,0.2012,-0.02608,1.0,0.0,-0.5,0.5,0.0,0.0,0.0,0.1636
4.016,4.027,4.008,-0.04553,0.4639,0.474,-1.348,0.3325,0.819,0.03647,0.8125,0.7397,0.0,0.0495,0.0,0.0,-0.003014,-0.0766,0.1368,0.0,-0.2122,-0.592,5.156,5.094,1.139,-0.10364,5.086,0.8555,4.76,0.2803,-0.1838,1.335,-1.552,3.992,3.998,0.0,0.0,4.016,0.0,5.363,0.4546,0.0,0.0,0.0,0.0,2.22,1.0,1.0,0.5,-0.1302,0.3572,2.0,0.0,-0.5,0.5,1.0,0.0,2.62,0.4407
4.016,4.027,4.008,0.5605,-0.1276,0.474,-1.348,0.4355,0.1533,-0.1553,0.853,-0.6387,0.1428,0.0495,0.0,0.0,0.19,0.11017,0.01826,0.0,-0.2096,0.2954,4.562,5.094,0.482,-0.09906,5.086,-1.251,4.137,0.8555,-0.765,0.0322,0.1842,3.992,3.998,0.0,0.0,4.016,0.0,5.363,0.0467,0.0,0.0,0.0,0.0,-5.68,0.0,0.5,0.0,0.4512,-0.214,0.0,1.0,-0.5,0.5,0.0,0.0,0.0,-1.11
4.016,4.027,4.008,1.015,-0.605,0.474,-1.348,0.4011,-0.4001,-0.3145,0.89,-2.117,0.1428,0.0495,-1.0,0.0,0.3455,0.2832,-0.0804,0.0,-0.207,0.981,3.143,5.094,-0.1179,-0.08484,4.633,-1.0625,4.016,-1.251,0.2803,-0.1838,2.438,3.992,3.998,0.0,0.0,4.016,0.0,5.344,0.02013,0.0,0.0,0.0,0.0,-3.834,0.0,0.0,0.0,0.934,-0.625,0.0,2.0,-0.5,0.5,0.0,0.0,0.0,-0.7656
4.016,4.027,4.008,1.56,-1.134,0.474,-1.348,0.487,-1.02,-0.5034,0.8716,2.527,0.1428,0.0396,-1.0,-1.0,0.5493,0.4846,-0.1981,0.0,-0.2046,0.916,1.794,5.094,-0.759,-0.0819,1.491,-1.291,4.15,-1.0625,0.855,-0.765,1.006,3.992,3.998,0.0,0.0,4.016,0.0,5.176,-0.1799,0.0,0.0,0.0,0.0,-7.082,0.0,-0.5,0.0,1.431,-1.165,0.0,3.0,-0.5,0.5,0.0,0.0,0.0,-1.44
4.016,4.027,4.008,1.139,-0.7944,0.474,-1.348,0.3687,-0.8047,-0.4219,0.9697,-0.11743,0.1428,0.0396,-1.0,0.0,0.453,0.4043,-0.146,0.0,-0.202,-0.132,1.178,5.094,-0.6772,-0.0434,1.18,0.5845,4.21,-1.291,-1.251,0.28,-0.12195,3.992,3.998,0.0,0.0,4.016,0.0,5.25,0.2291,0.0,0.0,0.0,0.0,2.234,0.0,0.0,0.5,1.094,-0.765,1.0,0.0,-0.5,0.5,0.0,0.0,0.0,0.4646
4.016,4.027,4.008,1.093,-0.8184,0.474,-1.348,0.3235,-0.9263,-0.4448,1.046,0.336,0.1428,0.0396,-1.0,0.0,0.473,0.434,-0.159,0.0,-0.1995,0.2224,1.186,4.734,-0.837,-0.0253,-3.559,-0.1447,4.285,0.5845,-1.0625,0.855,1.335,3.992,3.998,0.0,0.0,4.016,0.0,5.23,0.1671,0.0,0.0,0.0,0.0,-0.5356,-1.0,-0.5,0.0,0.9688,-0.8794,0.0,1.0,-0.5,0.5,0.0,0.0,0.0,-0.1102
4.016,4.027,4.008,1.741,-1.421,0.474,-0.629,0.2225,-1.566,-0.6606,0.912,1.009,0.1428,0.02971,-1.0,-1.0,0.6953,0.6914,-0.2937,0.0,-0.197,0.3718,1.43,3.697,-1.567,-0.02083,-4.617,-1.499,4.637,-0.1447,-1.291,-1.251,0.03217,3.951,3.998,0.0,0.0,4.016,0.0,5.043,-0.6226,0.0,0.0,0.0,0.0,-4.02,-1.0,-1.0,-0.5,1.585,-1.467,0.0,2.0,-0.5,0.5,0.0,0.0,0.0,-0.8296
4.016,4.027,3.984,2.6,-2.098,0.474,-0.629,0.4736,-2.28,-0.923,0.625,0.682,0.0,0.0198,-1.0,-1.0,1.016,0.9863,-0.4585,0.0,-0.1945,2.332,1.413,2.693,-2.086,-0.0878,-5.035,-1.88,5.082,-1.499,0.5845,-1.0625,-0.1837,3.875,3.998,0.0,0.0,4.008,0.0,4.81,-1.146,0.0,1.0,0.0,0.0,-8.15,-1.0,-1.0,-1.0,2.406,-2.117,0.0,3.0,-0.5,0.5,0.0,1.0,-3.82,-3.49
3.99,4.027,3.945,2.273,-1.656,0.474,-0.629,0.569,-1.961,-0.872,0.3633,-0.01837,-0.1428,0.0099,-1.0,-1.0,0.9653,0.914,-0.427,0.0,-0.1919,0.7754,1.559,1.9375,-1.749,-0.1283,-4.89,0.3687,5.082,-1.88,-0.1447,-1.291,-0.765,3.818,3.998,0.0,0.0,3.996,0.0,4.855,-1.036,0.0,0.0,0.0,0.0,2.12,0.0,-0.5,-0.5,1.991,-1.798,1.0,0.0,-0.5,0.5,0.0,0.0,0.0,0.4631
3.963,4.01,3.916,2.17,-1.54,0.474,-0.629,0.4712,-1.82,-0.8896,0.01765,0.0595,-0.2856,0.0,-1.0,-1.0,0.977,0.9453,-0.4385,0.0,-0.1895,-0.1669,1.992,1.505,-1.606,-0.1694,-5.035,-0.1323,5.082,0.3687,-1.499,0.5845,0.28,3.771,3.998,0.0,0.0,3.984,0.0,4.836,-1.465,0.0,1.0,0.0,0.0,-0.4739,-1.0,-1.0,-1.0,1.8955,-1.681,0.0,1.0,-0.5,0.5,0.0,0.0,0.0,-0.1029
3.943,3.992,3.895,1.67,-1.02,0.474,-0.629,0.55,-1.29,-0.7876,-0.2937,-0.1981,-0.4285,-0.0099,-1.0,-1.0,0.867,0.8125,-0.3745,0.0,-0.1869,1.606,2.725,1.668,-1.053,-0.2106,-5.035,0.75,5.082,-0.1323,-1.879,-0.1447,0.855,3.75,3.998,0.0,0.0,3.982,0.0,4.926,-1.248,0.0,1.0,0.0,0.0,3.23,0.0,-1.0,-1.0,1.446,-1.1455,1.0,0.0,-0.5,0.5,0.0,0.0,0.0,0.703
3.938,3.986,3.89,0.716,-0.0819,0.474,-0.629,0.619,-0.292,-0.534,-0.5044,-0.7886,-0.5713,-0.0198,-1.0,-1.0,0.5938,0.507,-0.2142,0.0,-0.1843,1.476,3.45,2.01,-0.0731,-0.2307,-5.035,1.858,5.082,0.75,0.3687,-1.498,-1.251,3.74,3.998,0.0,0.0,3.986,0.0,5.15,-0.7603,0.0,0.0,0.0,0.0,7.266,1.0,-0.5,-0.5,0.606,-0.1572,2.0,0.0,-0.5,0.5,0.0,0.0,0.0,1.628
3.928,3.977,3.88,1.086,-0.4604,0.474,-0.629,0.7173,-0.594,-0.659,-0.7134,2.016,-0.7144,-0.02971,-1.0,-1.0,0.7383,0.6426,-0.292,0.0,-0.1818,-0.1624,4.17,2.416,-0.39,-0.2512,-5.035,-0.8745,5.082,1.858,-0.1323,-1.879,-1.0625,3.723,3.986,0.0,0.0,3.977,0.0,5.04,-0.768,0.0,0.0,0.0,0.0,-4.297,1.0,-0.5,-0.5,0.9917,-0.4897,0.0,1.0,-0.5,0.5,0.0,0.0,0.0,-0.896
3.908,3.957,3.863,1.59,-0.9634,-0.05768,-0.629,0.895,-1.007,-0.829,-0.999,1.088,-0.857,-0.0396,-1.0,-1.0,0.945,0.8296,-0.3984,0.0,-0.1793,1.138,4.9,2.861,-0.8555,-0.274,-3.578,-1.215,5.082,-0.8745,0.7495,0.3687,-1.291,3.709,3.973,0.0,0.0,3.957,0.0,4.89,-0.969,0.0,0.0,0.0,0.0,-5.77,0.0,-0.5,-1.0,1.487,-0.963,0.0,2.0,-0.5,0.5,0.0,0.0,0.0,-1.221
3.9,3.938,3.863,0.9155,-0.4216,-0.05768,-0.629,0.886,-0.3064,-0.678,-1.282,-0.7183,-1.0,-0.0495,-1.0,-1.0,0.7744,0.649,-0.3032,0.0,-0.1768,0.4287,5.156,3.318,-0.2275,-0.2935,-5.035,1.108,5.082,-1.215,1.858,-0.1323,0.584,3.73,3.965,0.0,0.0,3.945,0.0,5.023,-0.9316,0.0,0.0,0.0,0.0,4.94,1.0,-0.5,-1.0,0.898,-0.3806,1.0,0.0,-0.5,0.5,0.0,0.0,0.0,1.067
3.895,3.922,3.867,0.673,-0.295,-0.05768,-0.629,0.7764,-0.041,-0.637,-1.475,-1.379,-1.0,-0.05942,0.0,-1.0,0.7197,0.6113,-0.2769,0.0,-0.1742,-0.3855,5.156,3.787,0.03302,-0.3147,-5.035,0.303,5.082,1.108,-0.8745,0.7495,-0.1447,3.75,3.957,0.0,0.0,3.926,0.0,5.062,-0.7124,0.0,0.0,0.0,0.0,1.12,1.0,0.0,-0.5,0.6807,-0.2451,2.0,0.0,-0.5,0.5,0.0,0.0,0.0,0.2374
3.89,3.914,3.87,0.511,-0.2002,-0.05768,-0.629,0.706,0.1375,-0.6084,-1.596,2.783,-0.857,-0.06934,0.0,-1.0,0.6816,0.5845,-0.2576,0.0,-0.1718,0.386,5.156,4.22,0.2126,-0.3281,-1.922,0.2175,5.082,0.303,-1.215,1.858,-1.498,3.771,3.953,0.0,0.0,3.91,0.0,5.086,-0.5083,0.0,0.0,0.0,0.0,0.9146,1.0,0.5,0.0,0.5015,-0.1821,3.0,0.0,-0.5,0.5,0.0,0.0,0.0,0.1929
3.879,3.9,3.857,1.0625,-0.7583,-0.05768,-0.629,0.7983,-0.4165,-0.7856,-1.705,-2.262,-0.857,-0.0792,-1.0,-1.0,0.8867,0.786,-0.3684,0.0,-0.1692,1.0205,5.156,4.63,-0.3174,-0.344,3.88,-1.256,5.082,0.2175,1.108,-0.874,-1.879,3.773,3.943,0.0,0.0,3.889,0.0,4.93,-0.496,0.0,0.0,0.0,0.0,-5.945,1.0,0.5,0.0,1.062,-0.688,0.0,1.0,-0.5,0.5,0.0,0.0,0.0,-1.25
3.857,3.879,3.836,1.635,-1.334,-0.05768,-0.629,0.9062,-0.955,-0.976,-1.918,2.104,-0.857,-0.0891,-1.0,-1.0,1.117,1.012,-0.488,0.0,-0.1666,0.8574,5.156,5.03,-0.8735,-0.365,3.111,-1.384,5.082,-1.256,0.303,-1.214,0.3684,3.738,3.934,0.0,0.0,3.865,0.0,4.76,-0.815,0.0,0.0,0.0,0.0,-6.473,1.0,0.0,-0.5,1.672,-1.177,0.0,2.0,-0.5,0.5,0.0,0.0,0.0,-1.39
3.846,3.863,3.83,0.948,-0.698,-0.05768,-0.629,0.8823,-0.3032,-0.8184,-2.064,-0.7085,-0.857,-0.099,-1.0,-1.0,0.9316,0.818,-0.389,0.0,-0.1642,0.4392,5.156,5.094,-0.2502,-0.3777,3.291,1.175,5.082,-1.384,0.2175,1.107,-0.1322,3.725,3.928,0.0,0.0,3.844,0.0,4.902,-0.5605,0.0,0.0,0.0,0.0,4.01,1.0,0.5,0.0,1.026,-0.5503,1.0,0.0,-0.5,0.5,0.0,0.0,0.0,0.882
3.83,3.848,3.814,1.209,-0.956,-0.05768,-0.629,0.8833,-0.5835,-0.914,-2.158,1.778,-0.857,-0.1089,-1.0,-1.0,1.043,0.9365,-0.4492,0.0,-0.1616,-0.006046,5.156,5.094,-0.5415,-0.3865,1.26,-0.702,4.35,1.175,-1.256,0.303,0.7495,3.719,3.924,0.0,0.0,3.818,0.0,4.816,-0.4424,0.0,0.0,0.0,0.0,-2.139,0.0,0.0,0.0,1.21,-0.8726,0.0,1.0,-0.5,0.5,0.0,0.0,0.0,-0.4612
3.805,3.826,3.785,1.86,-1.561,-0.05768,-0.629,0.861,-1.271,-1.12,-2.229,1.755,-0.857,-0.11884,-1.0,-1.0,1.287,1.203,-0.5786,0.0,-0.159,1.514,4.848,5.094,-1.242,-0.3916,-4.527,-1.523,4.047,-0.702,-1.384,0.2174,1.857,3.684,3.916,0.0,0.0,3.791,0.0,4.637,-0.3809,0.0,0.0,0.0,0.0,-8.15,-1.0,-0.5,0.0,1.867,-1.419,0.0,2.0,-0.5,0.5,0.0,0.0,0.0,-1.831
3.79,3.81,3.768,1.361,-1.037,-0.05768,-0.629,0.8213,-0.8667,-1.016,-2.283,-0.241,-0.857,-0.1287,-1.0,-1.0,1.157,1.071,-0.5137,0.0,-0.1566,0.3953,4.19,5.094,-0.854,-0.3958,-3.102,0.7866,3.748,-1.523,1.174,-1.256,-0.874,3.654,3.902,0.0,0.0,3.771,0.0,4.727,-0.3071,0.0,0.0,0.0,0.0,2.914,0.0,0.0,0.0,1.42,-0.8784,1.0,0.0,-0.5,0.5,0.0,0.0,0.0,0.6523
3.781,3.803,3.758,0.804,-0.478,-0.05768,-0.587,0.7993,-0.386,-0.8804,-2.28,-0.5586,-0.857,-0.1387,-1.0,-1.0,0.9956,0.902,-0.4285,0.0,-0.154,-0.361,3.615,5.094,-0.367,-0.397,-0.1945,1.015,3.58,0.7866,-0.702,-1.383,-1.214,3.63,3.889,0.0,0.0,3.76,0.0,4.844,-0.1191,0.0,0.0,0.0,0.0,3.473,1.0,0.5,0.5,0.906,-0.316,2.0,0.0,-0.5,0.5,0.0,0.0,0.0,0.7676
3.781,3.803,3.76,0.299,0.01274,0.0523,-0.587,0.6377,0.09546,-0.746,-2.283,-1.807,-0.7144,-0.1387,0.0,-1.0,0.8276,0.754,-0.3416,0.0,-0.1515,0.301,3.152,5.094,0.0993,-0.3928,-3.578,1.019,3.148,1.015,-1.522,1.174,1.107,3.635,3.879,0.0,0.0,3.752,0.0,4.965,-0.0777,0.0,0.0,0.0,0.0,3.123,1.0,0.5,0.5,0.3896,0.12366,3.0,0.0,-0.5,0.5,0.0,0.0,0.0,0.678
3.787,3.807,3.77,-0.0938,0.3704,0.501,-0.587,0.4866,0.5425,-0.632,-2.344,2.473,-0.5713,-0.1387,0.0,-1.0,0.6875,0.633,-0.2668,0.0,-0.149,0.2299,2.672,5.047,0.5464,-0.3975,-4.625,0.861,2.805,1.019,0.7866,-0.7017,0.303,3.664,3.867,0.0,0.0,3.746,0.0,5.07,-0.2396,0.0,0.0,0.0,0.0,2.418,2.0,0.5,0.5,0.0317,0.489,4.0,0.0,-0.5,0.5,0.0,0.0,0.0,0.5166
3.799,3.818,3.78,-0.3174,0.608,0.8228,-0.587,0.3867,0.819,-0.55,-2.32,0.603,-0.4285,-0.1387,0.0,-1.0,0.59,0.5474,-0.2124,0.0,-0.1465,-0.1289,2.137,4.203,0.8066,-0.3894,-5.035,0.6167,3.004,0.861,1.015,-1.522,0.2174,3.686,3.857,0.0,0.0,3.75,0.0,5.145,0.02026,0.0,0.0,0.0,0.0,3.438,3.0,0.5,1.0,-0.2184,0.68,5.0,0.0,0.0,0.5,0.0,0.0,0.0,0.724
3.805,3.826,3.785,-0.11066,0.4019,0.8228,-0.1329,0.292,0.583,-0.602,-2.246,-0.1337,-0.2856,-0.1387,0.0,-1.0,0.6377,0.616,-0.2424,0.0,-0.1439,-0.1545,1.615,3.531,0.5996,-0.3826,-1.273,-0.337,3.08,0.6167,1.018,0.7866,-1.256,3.713,3.848,0.0,0.0,3.76,0.0,5.1,0.1943,0.0,0.0,0.0,0.0,-1.003,2.0,0.5,1.0,-0.06287,0.4346,0.0,1.0,0.0,0.5,0.0,0.0,0.0,-0.209
3.812,3.832,3.793,-0.1005,0.389,0.8228,-0.1329,0.195,0.5874,-0.5967,-2.227,0.15,-0.1428,-0.1387,0.0,-1.0,0.6235,0.62,-0.2368,0.0,-0.1414,-0.598,1.116,2.906,0.6094,-0.3787,3.281,0.06384,3.174,-0.337,0.861,1.015,-1.383,3.756,3.838,0.0,0.0,3.77,0.0,5.11,0.01704,0.0,0.0,0.0,0.0,0.2047,2.0,1.0,1.0,-0.0652,0.409,1.0,0.0,0.0,0.5,0.0,0.0,0.0,0.0429
3.8,3.822,3.777,1.067,-0.7466,0.8228,-0.1329,0.4998,-0.567,-0.9434,-2.354,-1.659,-0.2856,-0.1387,-1.0,-1.0,1.043,1.01,-0.4526,0.0,-0.1389,1.66,0.711,2.38,-0.555,-0.3875,0.7314,-2.438,3.2,0.06384,0.6167,1.018,1.174,3.764,3.824,0.0,0.0,3.768,0.0,4.81,-0.4795,0.0,0.0,0.0,0.0,-8.15,1.0,0.5,0.5,1.144,-0.5913,0.0,1.0,0.0,0.5,0.0,1.0,-3.82,-2.068
3.793,3.812,3.773,0.774,-0.4814,0.8228,-0.1329,0.3904,-0.2817,-0.8843,-2.469,-0.5493,-0.4285,-0.1387,-1.0,-1.0,0.9634,0.9463,-0.4136,0.0,-0.1364,-0.5693,0.3296,1.993,-0.279,-0.398,2.594,0.4604,3.227,-2.438,-0.337,0.8604,-0.7017,3.766,3.807,0.0,0.0,3.768,0.0,4.863,-0.4355,0.0,0.0,0.0,0.0,1.426,1.0,1.0,0.5,0.8364,-0.364,1.0,0.0,0.0,0.5,0.0,0.0,0.0,0.3113
3.79,3.809,3.771,0.4614,-0.1918,0.8228,-0.1329,0.2122,-0.003546,-0.809,-2.484,-1.688,-0.2856,-0.1387,0.0,-1.0,0.861,0.8706,-0.3645,0.0,-0.1338,-0.3745,-0.005024,1.608,0.008026,-0.4,5.086,0.5737,3.027,0.4604,0.06384,0.6167,-1.522,3.764,3.795,0.0,0.0,3.76,0.0,4.93,-0.1296,0.0,0.0,0.0,0.0,1.15,1.0,1.5,1.0,0.5093,-0.1144,2.0,0.0,0.0,0.5,0.0,0.0,0.0,0.2491
3.791,3.807,3.775,0.2007,0.04263,0.8228,-0.1329,0.07227,0.1846,-0.7407,-2.396,1.992,-0.1428,-0.1387,0.0,-1.0,0.771,0.8013,-0.3193,0.0,-0.1313,-0.5713,-0.1849,1.212,0.2072,-0.39,5.086,0.523,2.994,0.5737,-2.438,-0.337,0.786,3.756,3.787,0.0,0.0,3.758,0.0,4.992,0.2267,0.0,0.0,0.0,0.0,1.956,2.0,1.5,1.5,0.243,0.0937,3.0,0.0,0.0,0.5,0.0,0.0,0.0,0.4197
3.793,3.809,3.777,0.1641,0.0792,0.8228,-0.1329,0.0491,0.2019,-0.73,-2.367,0.2063,0.0,-0.1387,0.0,-1.0,0.757,0.7905,-0.3105,0.0,-0.1288,0.4111,-0.2181,0.8438,0.2117,-0.3818,3.406,0.0997,3.01,0.523,0.4602,0.06384,1.015,3.744,3.785,0.0,0.0,3.762,0.0,5.004,0.04755,0.0,0.0,0.0,0.0,0.3604,2.0,1.5,1.5,0.1774,0.09576,4.0,0.0,0.0,0.5,0.0,0.0,0.0,0.07666
3.795,3.81,3.781,0.1251,0.10175,0.8228,-0.1329,-0.0369,0.1886,-0.72,-2.293,0.0969,0.1428,-0.1387,0.0,-1.0,0.7383,0.787,-0.3025,0.0,-0.1262,-0.5874,-0.1192,0.508,0.2086,-0.3728,0.8154,0.09454,3.01,0.0997,0.573,-2.438,1.018,3.736,3.78,0.0,0.0,3.762,0.0,5.016,0.2301,0.0,0.0,0.0,0.0,0.2715,3.0,1.5,2.0,0.07556,0.04688,5.0,0.0,0.0,0.5,0.0,0.0,0.0,0.05765
3.79,3.799,3.781,0.5566,-0.3972,0.8228,-0.1329,-0.1115,-0.3843,-0.8623,-2.191,-1.926,0.1428,-0.1387,-1.0,-1.0,0.893,0.967,-0.3901,0.0,-0.1237,0.1882,0.1735,0.2903,-0.387,-0.3538,-1.627,-1.004,2.943,0.09454,0.523,0.4602,0.8604,3.717,3.773,0.0,0.0,3.758,0.0,4.895,0.3577,0.0,0.0,0.0,0.0,-3.857,2.0,1.0,2.0,0.527,-0.397,0.0,1.0,0.0,0.5,0.0,0.0,0.0,-0.818
3.785,3.791,3.781,0.4548,-0.3389,0.8228,-0.1329,-0.2045,-0.3835,-0.849,-2.121,0.1395,0.1428,-0.1387,-1.0,-1.0,0.8696,0.96,-0.3806,0.0,-0.1212,-0.2761,0.4531,0.1901,-0.388,-0.3435,-3.924,0.11115,2.818,-1.004,0.0997,0.573,0.6167,3.725,3.77,0.0,0.0,3.752,0.0,4.906,0.2358,0.0,0.0,0.0,0.0,0.3337,2.0,1.0,2.0,0.4058,-0.3674,1.0,0.0,0.0,0.5,0.0,0.0,0.0,0.07196
3.783,3.79,3.78,0.3572,-0.2559,0.8228,-0.1329,-0.261,-0.3342,-0.8315,-2.098,-0.0581,0.1428,-0.1387,-1.0,-1.0,0.844,0.9434,-0.3677,0.0,-0.1187,-0.4822,0.6714,0.2246,-0.3438,-0.3384,-3.47,0.1512,2.818,0.11115,0.09454,0.5225,-0.337,3.73,3.773,0.0,0.0,3.752,0.0,4.926,0.05023,0.0,0.0,0.0,0.0,0.4258,2.0,1.5,2.0,0.2764,-0.3264,2.0,0.0,0.0,0.5,0.0,0.0,0.0,0.0916
3.783,3.79,3.78,0.2108,-0.1058,0.8228,-0.02956,-0.2416,-0.1874,-0.793,-2.113,-0.5923,0.0,-0.1387,-1.0,-1.0,0.802,0.894,-0.3416,0.0,-0.11615,0.6177,0.8438,0.3445,-0.2124,-0.3357,-4.098,0.3018,2.678,0.1512,-1.003,0.0997,0.06384,3.734,3.775,0.0,0.0,3.758,0.0,4.96,-0.1375,0.0,0.0,0.0,0.0,1.289,2.0,1.5,2.0,0.1083,-0.2115,3.0,0.0,0.0,0.5,0.0,0.0,0.0,0.2769
3.785,3.79,3.781,0.10645,-0.00637,0.8228,-0.02956,-0.2532,-0.0526,-0.764,-2.166,-1.902,0.0,-0.1387,0.0,-1.0,0.768,0.861,-0.3215,0.0,-0.11365,0.1937,0.9023,0.4407,-0.08307,-0.339,2.988,0.2302,2.69,0.3018,0.11115,0.0945,-2.438,3.734,3.78,0.0,0.0,3.762,0.0,4.99,-0.3384,0.0,0.0,0.0,0.0,0.887,2.0,1.5,2.0,-0.00784,-0.1329,4.0,0.0,0.0,0.5,0.0,0.0,0.0,0.1895
3.799,3.807,3.793,-0.602,0.738,0.8228,-0.02956,-0.132,0.7715,-0.532,-2.164,14.6,0.0,-0.1387,0.0,-1.0,0.5244,0.5767,-0.1725,0.0,-0.1111,1.772,0.9443,0.509,0.7554,-0.3406,2.092,1.71,2.94,0.2302,0.1512,-1.003,0.4602,3.752,3.785,0.0,0.0,3.773,0.0,5.195,-0.01049,0.0,0.0,0.0,0.0,7.07,3.0,1.5,2.0,-0.6187,0.6626,5.0,0.0,0.0,0.5,0.0,0.0,0.0,1.504
3.812,3.82,3.805,-0.4883,0.6436,0.8228,-0.02956,-0.11206,0.7153,-0.5444,-2.146,0.0734,0.0,-0.1387,0.0,-1.0,0.539,0.589,-0.1777,0.0,-0.1086,0.0324,1.011,0.574,0.6953,-0.335,1.23,-0.05817,2.604,1.71,0.3018,0.11115,0.573,3.768,3.787,0.0,0.0,3.793,0.0,5.188,0.0756,0.0,0.0,0.0,0.0,-0.2148,2.0,1.5,2.0,-0.5225,0.558,0.0,1.0,0.0,0.5,0.0,0.0,0.0,-0.04446
3.81,3.82,3.803,0.274,-0.11743,0.8228,-0.02956,0.0851,-0.03793,-0.7676,-2.21,-0.852,0.0,-0.1387,0.0,-1.0,0.8027,0.8325,-0.3171,0.0,-0.1061,1.057,1.045,0.6006,-0.06665,-0.3376,0.3164,-1.558,2.184,-0.05817,0.2302,0.1512,0.5225,3.777,3.785,0.0,0.0,3.8,0.0,4.992,-0.3586,0.0,0.0,0.0,0.0,-4.594,1.0,1.0,1.5,0.146,-0.246,0.0,2.0,0.0,0.5,0.0,0.0,0.0,-0.951
3.805,3.812,3.799,0.625,-0.501,0.8228,-0.02956,-0.02242,-0.4678,-0.882,-2.176,-5.965,0.0,-0.1486,-1.0,-1.0,0.924,0.983,-0.389,0.0,-0.1035,0.528,1.024,0.6147,-0.4822,-0.3347,0.02429,-0.8223,2.092,-1.558,1.71,0.3018,0.0996,3.775,3.785,0.0,0.0,3.803,0.0,4.89,0.07605,0.0,0.0,0.0,0.0,-2.57,0.0,0.5,1.5,0.51,-0.588,0.0,3.0,0.0,0.5,0.0,0.0,0.0,-0.5464
3.803,3.809,3.797,0.3396,-0.2177,0.8228,-0.02956,0.03677,-0.2297,-0.8076,-2.135,-0.597,0.0,-0.1584,-1.0,-1.0,0.8438,0.8857,-0.3416,0.0,-0.101,0.2876,0.8926,0.6357,-0.2417,-0.3303,-0.53,0.551,2.092,-0.8223,-0.05817,0.2301,0.0945,3.78,3.785,0.0,0.0,3.803,0.0,4.957,0.1007,0.0,0.0,0.0,0.0,1.689,0.0,0.5,1.5,0.2428,-0.3071,1.0,0.0,0.0,0.5,0.0,0.0,0.0,0.364
3.793,3.803,3.787,0.7417,-0.604,0.8228,-0.02956,0.1362,-0.646,-0.9316,-2.172,4.125,-0.1428,-0.1683,-1.0,-1.0,0.9956,1.029,-0.4192,0.0,-0.0985,0.4026,0.6406,0.6187,-0.6714,-0.3308,2.361,-0.896,2.182,0.551,-1.558,1.71,-1.003,3.77,3.78,0.0,0.0,3.797,0.0,4.848,-0.311,0.0,0.0,0.0,0.0,-1.976,-1.0,0.5,1.0,0.633,-0.6753,0.0,1.0,0.0,0.5,0.0,0.0,0.0,-0.422
3.781,3.793,3.77,1.039,-0.8594,-0.11176,-0.02956,0.2546,-0.926,-1.027,-2.271,0.721,-0.2856,-0.1782,-1.0,-1.0,1.121,1.141,-0.4802,0.0,-0.09595,0.494,0.3638,0.591,-0.9697,-0.3386,1.932,-0.7114,2.285,-0.896,-0.822,-0.05814,0.1111,3.75,3.773,0.0,0.0,3.783,0.0,4.766,-0.6357,0.0,0.0,0.0,0.0,-2.025,-1.0,0.0,0.5,0.9253,-0.9126,0.0,2.0,0.0,-1.0,0.0,0.0,0.0,-0.4392
3.783,3.795,3.771,0.13,0.06073,-0.11176,-0.02956,0.2551,-0.01682,-0.7744,-2.281,-1.087,-0.2856,-0.1881,0.0,-1.0,0.825,0.824,-0.3198,0.0,-0.09344,0.9644,0.06433,0.5625,-0.04666,-0.344,1.139,1.897,2.176,-0.7114,0.5503,-1.557,0.1512,3.73,3.775,0.0,0.0,3.781,0.0,4.99,-0.1609,0.0,0.0,0.0,0.0,6.645,0.0,0.0,0.5,0.1582,0.0908,1.0,0.0,0.0,-1.0,0.0,0.0,0.0,1.458
3.795,3.812,3.78,-0.402,0.653,0.263,-0.02956,0.5146,0.595,-0.593,-2.227,6.973,-0.2856,-0.198,0.0,-1.0,0.6475,0.5845,-0.2042,0.0,-0.0909,2.861,-0.263,0.5493,0.554,-0.3362,0.4048,1.326,2.271,1.897,-0.896,-0.822,0.3018,3.727,3.783,0.0,0.0,3.781,0.0,5.15,0.08685,0.0,0.0,0.0,0.0,7.266,1.0,0.0,0.5,-0.356,0.661,2.0,0.0,0.0,-1.0,0.0,0.0,0.0,1.657
3.809,3.826,3.791,-0.481,0.751,0.4485,-0.0292,0.46,0.684,-0.544,-2.096,0.28,-0.1428,-0.2079,0.0,-1.0,0.59,0.533,-0.1725,0.0,-0.0884,-0.3276,-0.2067,0.5454,0.623,-0.3167,0.1891,0.356,2.4,1.326,-0.7114,0.5503,0.2301,3.746,3.791,0.0,0.0,3.795,0.0,5.19,0.39,0.0,0.0,0.0,0.0,1.879,1.0,0.0,1.0,-0.4277,0.7607,3.0,0.0,0.0,-1.0,0.0,0.0,0.0,0.3909
3.807,3.826,3.787,0.4038,-0.12445,0.4485,-0.0292,0.663,-0.2456,-0.8003,-2.068,-1.133,-0.1428,-0.2178,-1.0,-1.0,0.891,0.817,-0.3345,0.0,-0.0859,0.998,-0.03308,0.4863,-0.3157,-0.3093,-4.434,-1.809,2.307,0.356,1.897,-0.8955,1.709,3.752,3.793,0.0,0.0,3.799,0.0,4.965,-0.04166,0.0,0.0,0.0,0.0,-8.15,1.0,-0.5,0.5,0.4917,-0.0081,0.0,1.0,0.0,-1.0,0.0,0.0,0.0,-1.82
3.807,3.826,3.787,0.313,-0.03036,0.4485,-0.0292,0.718,-0.1749,-0.775,-2.037,-0.4512,-0.1428,-0.2278,-1.0,-1.0,0.867,0.781,-0.3184,0.0,-0.0833,0.2196,0.1069,0.3704,-0.2368,-0.3074,-4.816,0.1849,2.283,-1.809,1.325,-0.711,-0.05814,3.756,3.8,0.0,0.0,3.8,0.0,4.99,-0.0356,0.0,0.0,0.0,0.0,0.586,2.0,0.0,0.5,0.3984,0.07605,1.0,0.0,0.0,-1.0,0.0,0.0,0.0,0.12494
3.795,3.816,3.773,1.016,-0.706,0.4485,-0.0292,0.7886,-0.874,-0.9834,-2.104,12.97,-0.1428,-0.2377,-1.0,-1.0,1.115,1.032,-0.4504,0.0,-0.0808,0.4001,0.1888,0.2534,-0.957,-0.3096,-0.491,-1.515,2.475,0.1849,0.356,1.896,-1.557,3.752,3.803,0.0,0.0,3.795,0.0,4.8,-0.3435,0.0,0.0,0.0,0.0,-3.598,1.0,0.0,0.0,1.121,-0.524,0.0,1.0,0.0,-1.0,0.0,0.0,0.0,-0.765
3.783,3.807,3.76,1.021,-0.683,0.4485,-0.0292,0.796,-0.8804,-1.0,-2.188,0.1521,-0.2856,-0.2476,-1.0,-1.0,1.136,1.053,-0.4614,0.0,-0.0783,0.2524,0.2048,0.1195,-0.992,-0.3145,1.5205,-0.1278,2.662,-1.515,-1.808,1.325,-0.822,3.754,3.803,0.0,0.0,3.787,0.0,4.785,-0.4038,0.0,0.0,0.0,0.0,-0.3672,0.0,0.0,-0.5,1.029,-0.606,0.0,2.0,0.0,-1.0,0.0,0.0,0.0,-0.08014
3.777,3.797,3.76,0.632,-0.346,0.4485,-0.0292,0.589,-0.472,-0.9116,-2.334,-0.4424,-0.4285,-0.2573,-1.0,-1.0,1.013,0.961,-0.4053,0.0,-0.07574,-0.1342,0.1703,-0.02968,-0.6006,-0.3296,-0.3623,0.661,2.703,-0.1278,0.1849,0.356,0.5503,3.742,3.8,0.0,0.0,3.783,0.0,4.863,-0.6187,0.0,0.0,0.0,0.0,2.25,0.0,0.0,-0.5,0.7173,-0.2146,1.0,0.0,0.0,-1.0,0.0,0.0,0.0,0.4917
3.756,3.78,3.732,1.698,-1.351,0.4485,-0.0292,0.8584,-1.416,-1.221,-2.594,3.045,-0.5713,-0.2673,-1.0,-1.0,1.413,1.337,-0.6016,0.0,-0.07324,1.853,0.3745,0.01387,-1.523,-0.362,2.1,-2.285,3.328,0.661,-1.515,-1.808,-0.8955,3.691,3.791,0.0,0.0,3.773,0.0,4.59,-0.8823,0.0,0.0,0.0,0.0,-8.15,0.0,0.0,-0.5,1.736,-1.188,0.0,1.0,0.0,-1.0,0.0,0.0,0.0,-2.336
3.734,3.764,3.705,1.769,-1.349,0.4485,-0.1323,0.877,-1.46,-1.265,-2.783,0.1802,-0.7144,-0.2773,-1.0,-1.0,1.472,1.396,-0.6304,0.0,-0.0707,1.23,0.807,0.249,-1.555,-0.3875,3.568,-0.353,3.955,-2.285,-0.1278,0.1849,-0.711,3.633,3.777,0.0,0.0,3.762,0.0,4.55,-0.74,0.0,0.0,0.0,0.0,-1.155,-1.0,0.0,-0.5,1.745,-1.248,0.0,2.0,0.0,-1.0,0.0,0.0,0.0,-0.2598
3.71,3.746,3.678,1.766,-1.283,0.4485,-0.2413,0.8633,-1.459,-1.291,-2.934,0.1417,-0.7144,-0.287,-1.0,-1.0,1.503,1.433,-0.648,0.0,-0.0682,0.367,1.285,0.5396,-1.565,-0.4043,-2.477,-0.212,4.53,-0.353,0.6606,-1.515,1.896,3.594,3.766,0.0,0.0,3.75,0.0,4.523,-0.66,0.0,0.0,0.0,0.0,-0.632,-1.0,-0.5,-0.5,1.697,-1.231,0.0,3.0,0.0,-1.0,0.0,0.0,0.0,-0.1428
3.705,3.742,3.668,0.8643,-0.3525,0.4485,-0.2413,0.946,-0.578,-1.064,-3.03,-0.5757,-0.7144,-0.297,-1.0,-1.0,1.228,1.122,-0.506,0.0,-0.0657,2.18,1.75,0.8423,-0.6875,-0.4185,-5.035,1.739,4.633,-0.212,-2.285,-0.1278,1.325,3.568,3.758,0.0,0.0,3.742,0.0,4.723,-0.443,0.0,0.0,0.0,0.0,6.15,0.0,-0.5,-0.5,0.8716,-0.2886,1.0,0.0,0.0,-1.0,0.0,0.0,0.0,1.3955
3.688,3.729,3.646,1.493,-0.9204,0.4485,-0.2413,1.101,-1.169,-1.248,-3.146,1.542,-0.7144,-0.307,-1.0,-1.0,1.47,1.352,-0.6226,0.0,-0.0631,0.9272,2.227,1.171,-1.259,-0.4353,-5.035,-1.391,4.957,1.739,-0.353,0.6606,0.3557,3.547,3.752,0.0,0.0,3.729,0.0,4.56,-0.504,0.0,0.0,0.0,0.0,-5.395,-1.0,-1.0,-0.5,1.478,-0.8335,0.0,1.0,0.0,-1.0,0.0,0.0,0.0,-1.189
3.67,3.715,3.627,1.598,-0.9795,0.4485,-0.2413,1.115,-1.285,-1.297,-3.244,0.264,-0.7144,-0.317,-1.0,-1.0,1.533,1.417,-0.655,0.0,-0.0606,0.4985,2.686,1.495,-1.372,-0.4485,-5.035,-0.3916,4.973,-1.391,-0.2119,-2.285,-1.808,3.521,3.744,0.0,0.0,3.707,0.0,4.51,-0.4597,0.0,0.0,0.0,0.0,-1.292,-1.0,-1.0,-0.5,1.476,-0.999,0.0,2.0,0.0,-1.0,0.0,0.0,0.0,-0.2917
3.635,3.69,3.58,2.701,-2.041,0.4485,-1.028,1.351,-2.3,-1.629,-3.562,1.095,-0.857,-0.3267,-1.0,-1.0,2.002,1.873,-0.8667,0.0,-0.05807,1.755,3.35,1.954,-2.086,-0.486,-5.035,-2.514,5.082,-0.3916,1.739,-0.3528,0.1848,3.463,3.73,0.0,0.0,3.676,0.0,4.215,-1.105,0.0,1.0,0.0,0.0,-8.15,-1.0,-1.5,-1.0,2.629,-2.047,0.0,3.0,0.0,-1.0,0.0,0.0,0.0,-2.525
3.602,3.656,3.549,2.701,-2.002,0.4485,-1.211,1.16,-2.195,-1.669,-3.973,0.0904,-1.0,-0.3367,-1.0,-1.0,2.041,1.952,-0.8945,0.0,-0.05554,1.142,4.33,2.646,-2.086,-0.543,-4.688,-0.3564,5.082,-2.514,-1.391,-0.2119,-1.514,3.426,3.713,0.0,0.0,3.648,0.0,4.176,-1.45,0.0,1.0,0.0,0.0,-1.406,-1.0,-1.5,-1.5,2.59,-1.999,0.0,4.0,0.0,-0.5,0.0,0.0,0.0,-0.334
3.568,3.621,3.514,2.701,-2.033,0.4485,-1.473,1.231,-2.13,-1.728,-4.227,0.1085,-1.143,-0.3464,-1.0,-1.0,2.133,2.035,-0.934,0.0,-0.05304,0.3577,5.156,3.592,-2.086,-0.613,-5.035,-0.51,5.082,-0.3564,-0.3916,1.738,-0.1278,3.387,3.693,0.0,0.0,3.625,0.0,4.12,-1.576,0.0,1.0,0.0,0.0,-2.123,-2.0,-1.5,-2.0,2.543,-2.115,0.0,5.0,0.0,0.0,0.0,0.0,0.0,-0.5073
3.545,3.596,3.494,2.01,-1.271,0.4485,-1.473,1.14,-1.375,-1.577,-4.227,-0.2683,-1.143,-0.3564,-1.0,-1.0,1.911,1.816,-0.842,0.0,-0.0505,1.09,5.156,4.637,-1.233,-0.6743,-5.035,1.203,5.082,-0.51,-2.514,-1.39,0.6606,3.361,3.678,0.0,0.0,3.602,0.0,4.25,-1.154,0.0,1.0,0.0,0.0,6.375,-1.0,-1.5,-1.5,1.859,-1.291,1.0,0.0,0.0,0.0,0.0,0.0,0.0,1.537
3.531,3.578,3.486,1.34,-0.6895,0.4485,-1.473,1.09,-0.694,-1.442,-4.227,-0.45,-1.143,-0.3665,-1.0,-1.0,1.722,1.624,-0.759,0.0,-0.04797,0.138,5.156,5.094,-0.5835,-0.7017,-4.152,1.058,5.082,1.203,-0.3564,-0.3914,-2.285,3.33,3.666,0.0,0.0,3.586,0.0,4.367,-0.97,0.0,0.0,0.0,0.0,4.137,0.0,-1.0,-1.5,1.236,-0.7104,2.0,0.0,0.0,0.0,1.0,0.0,4.234,0.9775
3.52,3.56,3.477,1.279,-0.6714,0.4485,-1.473,1.072,-0.605,-1.45,-4.227,-0.02567,-1.143,-0.3762,-1.0,-1.0,1.731,1.637,-0.766,0.0,-0.04544,0.5513,5.156,5.094,-0.5103,-0.722,-3.691,-0.0925,5.082,1.058,-0.51,-2.514,-0.3528,3.31,3.654,0.0,0.0,3.574,0.0,4.355,-0.8047,0.0,0.0,0.0,0.0,-0.4458,0.0,-1.0,-1.5,1.198,-0.672,0.0,1.0,0.0,0.0,0.0,0.0,0.0,-0.1035
3.525,3.568,3.482,0.04932,0.5566,0.4485,-1.473,1.147,0.7075,-1.115,-4.227,-2.797,-1.0,-0.3862,0.0,-1.0,1.307,1.169,-0.556,0.0,-0.04294,1.261,5.156,5.094,0.7505,-0.722,-3.559,2.549,5.082,-0.0925,1.203,-0.3562,-0.2119,3.324,3.648,0.0,0.0,3.562,0.0,4.65,-0.3062,0.0,0.0,0.0,0.0,7.266,1.0,-0.5,-1.0,0.1301,0.637,1.0,0.0,0.0,0.0,1.0,0.0,4.234,3.623
3.525,3.56,3.488,0.4646,0.0569,0.4485,-1.473,1.227,0.334,-1.236,-4.227,-0.355,-0.857,-0.396,0.0,-1.0,1.466,1.323,-0.6343,0.0,-0.0404,0.3264,5.156,5.094,0.337,-0.732,-5.035,-0.94,5.082,2.549,1.058,-0.51,1.738,3.354,3.639,0.0,0.0,3.543,0.0,4.54,-0.538,0.0,0.0,0.0,0.0,-4.387,1.0,-1.0,-1.5,0.4893,0.10895,0.0,1.0,0.0,0.0,0.0,0.0,0.0,-0.9775
3.523,3.557,3.49,0.513,-0.02791,-0.045,-1.473,1.082,0.275,-1.254,-4.227,-0.001078,-0.7144,-0.406,0.0,-1.0,1.476,1.361,-0.6475,0.0,-0.03787,0.3455,5.156,5.094,0.317,-0.7417,-4.555,-0.1592,5.082,-0.94,-0.0925,1.203,-1.39,3.385,3.629,0.0,0.0,3.521,0.0,4.52,-0.2314,0.0,0.0,0.0,0.0,-0.665,0.0,-1.0,-1.5,0.5425,0.0329,0.0,2.0,0.0,0.0,0.0,0.0,0.0,-0.1505
3.523,3.559,3.492,0.3103,0.1677,-0.045,-1.473,1.008,0.4785,-1.196,-4.227,0.7153,-0.5713,-0.4158,0.0,-1.0,1.3955,1.29,-0.613,0.0,-0.03534,0.624,5.156,5.094,0.5254,-0.7417,-3.531,0.4255,5.082,-0.1592,2.547,1.058,-0.3914,3.426,3.617,0.0,0.0,3.51,0.0,4.566,-0.1013,0.0,0.0,0.0,0.0,1.269,0.0,-0.5,-1.0,0.3645,0.2399,1.0,0.0,0.0,0.0,0.0,0.0,0.0,0.2878
3.533,3.568,3.498,-0.08136,0.5845,-0.045,-1.473,0.954,0.901,-1.07,-4.227,0.9233,-0.4285,-0.4258,0.0,-1.0,1.234,1.129,-0.5347,0.0,-0.03284,0.2563,5.156,5.094,0.9736,-0.7383,3.924,0.9453,4.855,0.4255,-0.9395,-0.09247,-2.514,3.465,3.605,0.0,0.0,3.5,0.0,4.676,0.08,0.0,0.0,0.0,0.0,2.742,1.0,0.0,-0.5,-0.05972,0.5903,2.0,0.0,0.0,0.0,0.0,0.0,0.0,0.6177
3.535,3.566,3.504,0.23,0.2235,-0.045,-1.473,0.869,0.606,-1.154,-4.227,-0.1757,-0.2856,-0.4355,0.0,-1.0,1.331,1.247,-0.5894,0.0,-0.0303,0.9185,5.156,5.094,0.6577,-0.74,5.086,-0.6553,4.605,0.9453,-0.159,2.547,-0.3562,3.488,3.598,0.0,0.0,3.492,0.0,4.598,-0.312,0.0,0.0,0.0,0.0,-2.336,0.0,0.0,-1.0,0.2184,0.2178,0.0,1.0,0.0,0.0,0.0,0.0,0.0,-0.518
3.535,3.564,3.506,0.373,0.06647,-0.045,-1.473,0.7935,0.449,-1.191,-4.227,-0.09546,-0.1428,-0.4456,0.0,-1.0,1.37,1.304,-0.6147,0.0,-0.02777,0.4045,5.156,5.094,0.516,-0.742,5.086,-0.305,4.336,-0.6553,0.4253,-0.9395,-0.51,3.506,3.59,0.0,0.0,3.486,0.0,4.562,-0.1197,0.0,0.0,0.0,0.0,-0.8,0.0,0.0,-1.0,0.3557,0.06555,0.0,2.0,0.0,0.0,0.0,0.0,0.0,-0.1793
3.541,3.572,3.51,-0.00599,0.4636,-0.045,-1.473,0.7285,0.8423,-1.073,-4.227,0.907,0.0,-0.4556,0.0,-1.0,1.218,1.153,-0.542,0.0,-0.02525,0.1746,4.8,5.094,0.9326,-0.7383,5.086,0.8877,3.934,-0.305,0.9453,-0.159,1.203,3.508,3.584,0.0,0.0,3.48,0.0,4.664,0.10925,0.0,0.0,0.0,0.0,2.379,1.0,0.0,-0.5,-0.09894,0.351,1.0,0.0,0.0,0.0,0.0,0.0,0.0,0.536
3.555,3.584,3.523,-0.3906,0.822,-0.045,-1.473,0.4844,1.14,-0.945,-4.227,0.4836,0.1428,-0.4653,0.0,-1.0,1.043,1.013,-0.4626,0.0,-0.02272,-0.4436,3.22,5.094,1.288,-0.7188,4.523,0.9478,4.223,0.8877,-0.655,0.4253,1.058,3.531,3.584,0.0,0.0,3.486,0.0,4.777,0.876,1.0,0.0,0.0,0.0,2.486,1.0,0.0,0.0,-0.4185,0.75,2.0,0.0,0.0,0.0,0.0,0.0,0.0,0.5522
3.568,3.598,3.54,-0.49,0.916,-0.045,-1.473,0.4846,1.132,-0.8896,-4.227,0.1367,0.2856,-0.4753,0.0,-1.0,0.978,0.944,-0.4292,0.0,-0.0202,1.091,1.797,5.094,1.239,-0.6777,5.086,0.3945,4.6,0.9478,-0.305,0.945,-0.09247,3.559,3.584,0.0,0.0,3.496,0.0,4.82,1.022,1.0,0.0,0.0,0.0,2.86,1.0,0.5,0.5,-0.515,0.84,3.0,0.0,0.0,0.0,0.0,0.0,0.0,0.6255
3.572,3.596,3.549,0.0865,0.262,-0.045,-1.473,0.6055,0.3381,-1.052,-4.227,-0.555,0.4285,-0.485,0.0,-1.0,1.181,1.138,-0.5327,0.0,-0.01767,0.9897,1.336,5.094,0.4536,-0.649,-0.2754,-1.212,4.7,0.3945,0.887,-0.655,2.547,3.568,3.578,0.0,0.0,3.5,0.0,4.676,0.797,1.0,0.0,0.0,0.0,-4.09,1.0,0.0,0.5,0.0708,0.2407,0.0,1.0,0.0,0.0,0.0,0.0,0.0,-0.889
3.584,3.605,3.564,-0.4514,0.7666,-0.045,-1.473,0.6113,0.785,-0.8804,-4.035,1.226,0.5713,-0.495,0.0,-1.0,0.9785,0.9204,-0.427,0.0,-0.01515,1.5625,1.957,4.473,0.871,-0.6143,2.502,1.263,4.887,-1.212,0.9473,-0.3047,-0.9395,3.582,3.572,0.0,0.0,3.504,0.0,4.824,0.8145,1.0,0.0,0.0,0.0,3.295,2.0,0.5,0.5,-0.4082,0.7676,1.0,0.0,0.0,0.0,0.0,0.0,0.0,0.7305
3.592,3.61,3.576,-0.1931,0.4614,-0.045,-1.473,0.552,0.4182,-0.943,-3.838,-0.3042,0.7144,-0.505,0.0,-1.0,1.047,1.005,-0.468,0.0,-0.01263,-0.594,2.707,3.832,0.5093,-0.5933,3.666,-0.4783,5.082,1.263,0.3945,0.887,-0.159,3.598,3.562,0.0,0.0,3.512,0.0,4.766,0.56,0.0,0.0,0.0,0.0,-1.249,1.0,0.5,0.0,-0.12305,0.5117,0.0,1.0,0.0,0.0,0.0,0.0,0.0,-0.2712
3.6,3.611,3.588,-0.148,0.3464,-0.045,-1.473,0.523,0.2554,-0.9507,-3.637,-0.1918,0.857,-0.5146,0.0,-1.0,1.053,1.017,-0.4744,0.0,-0.0101,0.0771,3.488,3.236,0.3108,-0.5654,3.086,-0.07697,5.082,-0.4783,-1.212,0.9473,0.4253,3.615,3.559,0.0,0.0,3.52,0.0,4.758,0.563,0.0,0.0,0.0,0.0,-0.2218,0.0,0.0,0.0,-0.1744,0.2954,0.0,2.0,0.0,0.0,0.0,0.0,0.0,-0.04855
3.607,3.617,3.598,-0.2196,0.4038,-0.045,-1.473,0.2854,0.3296,-0.9155,-3.555,0.3623,0.857,-0.525,0.0,-1.0,0.9907,0.995,-0.4546,0.0,-0.007576,-0.05276,4.094,2.85,0.3777,-0.557,0.8813,0.2363,5.023,-0.07697,1.263,0.3945,0.945,3.627,3.555,0.0,0.0,3.537,0.0,4.785,0.169,0.0,0.0,0.0,0.0,0.5312,0.0,0.0,0.0,-0.2717,0.3193,1.0,0.0,0.0,0.0,0.0,0.0,0.0,0.11646
3.605,3.615,3.598,0.3145,-0.1499,-0.045,-1.473,0.3337,-0.264,-1.063,-3.48,-1.32,0.7144,-0.5347,-1.0,-1.0,1.172,1.18,-0.55,0.0,-0.00505,-0.1666,4.53,2.822,-0.2208,-0.549,3.047,-1.12,4.457,0.2363,-0.4783,-1.211,-0.655,3.615,3.55,0.0,0.0,3.553,0.0,4.652,0.1122,0.0,0.0,0.0,0.0,-2.836,0.0,0.0,0.0,0.29,-0.1626,0.0,1.0,0.0,0.0,0.0,0.0,0.0,-0.619
3.598,3.607,3.588,0.7725,-0.6133,-0.045,0.1171,0.392,-0.7725,-1.197,-3.45,3.895,0.5713,-0.5444,-1.0,-1.0,1.342,1.351,-0.6357,0.0,-0.002525,0.5337,4.805,3.088,-0.7754,-0.5386,4.05,-1.032,3.527,-1.12,-0.07697,1.263,-0.3047,3.59,3.547,0.0,0.0,3.566,0.0,4.53,-0.10596,0.0,0.0,0.0,0.0,-2.385,-1.0,0.0,0.0,0.757,-0.581,0.0,2.0,0.0,0.0,0.0,0.0,0.0,-0.5303
3.578,3.594,3.562,1.522,-1.281,-0.045,-0.7227,0.5063,-1.494,-1.406,-3.52,1.347,0.4285,-0.5547,-1.0,-1.0,1.622,1.629,-0.7695,0.0,0.0,0.3103,4.844,3.34,-1.501,-0.548,1.464,-1.634,3.232,-1.032,0.2362,-0.4783,0.887,3.559,3.535,0.0,0.0,3.57,0.0,4.344,-0.5146,0.0,0.0,0.0,0.0,-5.203,-1.0,-0.5,-0.5,1.463,-1.238,0.0,3.0,0.0,0.0,0.0,1.0,-3.82,-1.178
3.547,3.576,3.518,2.47,-2.04,-0.045,-1.766,0.721,-2.29,-1.659,-3.73,0.7754,0.2856,-0.5645,-1.0,-1.0,1.988,1.9795,-0.931,0.0,0.002525,0.66,4.613,3.44,-2.086,-0.5767,-2.047,-2.03,4.008,-1.634,-1.12,-0.0769,0.9473,3.494,3.525,0.0,0.0,3.562,0.0,4.117,-1.012,0.0,0.0,0.0,0.0,-6.82,-1.0,-1.0,-1.0,2.344,-1.996,0.0,4.0,0.0,0.0,0.0,1.0,-3.82,-1.588
3.508,3.55,3.465,2.701,-2.545,-0.045,-2.627,0.844,-2.36,-1.859,-3.984,0.4368,0.1428,-0.574,-1.0,-1.0,2.291,2.28,-1.061,0.0,0.00505,1.26,4.17,3.396,-2.086,-0.618,-4.816,-1.677,5.082,-2.03,-1.032,0.2362,0.3945,3.418,3.512,0.0,0.0,3.549,0.0,3.936,-1.105,0.0,1.0,0.0,0.0,-6.15,-2.0,-1.5,-1.0,2.75,-2.195,0.0,5.0,0.0,0.0,0.0,0.0,0.0,-1.481
3.479,3.531,3.428,2.48,-1.722,-0.2551,-2.627,0.85,-2.246,-1.724,-4.17,-0.10535,0.0,-0.584,-1.0,-1.0,2.092,2.066,-0.9795,0.0,0.007576,1.189,3.633,3.318,-2.086,-0.65,-3.426,1.081,5.082,-1.677,-1.634,-1.12,-1.211,3.354,3.502,0.0,0.0,3.53,0.0,4.047,-0.8506,0.0,0.0,0.0,0.0,3.451,-1.0,-1.0,-0.5,2.287,-1.751,1.0,0.0,0.0,0.0,0.0,0.0,0.0,0.8555
3.441,3.504,3.38,2.701,-2.207,-0.2551,-2.627,1.014,-2.36,-1.906,-4.227,0.3965,-0.1428,-0.594,-1.0,-1.0,2.379,2.34,-1.098,0.0,0.0101,-0.2461,3.219,3.232,-2.086,-0.6885,-5.035,-1.558,5.082,1.081,-2.03,-1.032,1.262,3.271,3.484,0.0,0.0,3.51,0.0,3.88,-1.185,0.0,1.0,0.0,0.0,-4.6,-1.0,-1.5,-1.0,2.75,-2.195,0.0,1.0,0.0,0.0,0.0,0.0,0.0,-1.12
3.41,3.479,3.344,2.701,-1.801,-0.2551,-2.627,1.028,-2.36,-1.867,-4.227,-0.00945,-0.2856,-0.604,-1.0,-1.0,2.32,2.275,-1.078,0.0,0.01263,0.486,3.621,3.285,-2.086,-0.7573,-5.035,0.2695,5.082,-1.558,-1.677,-1.634,-0.478,3.205,3.47,0.0,0.0,3.49,0.0,3.908,-1.355,0.0,1.0,0.0,0.0,1.657,0.0,-1.0,-1.0,2.51,-1.918,1.0,0.0,0.0,0.0,0.0,0.0,0.0,0.4143
3.39,3.455,3.326,2.062,-1.108,-0.2551,-2.627,0.886,-1.645,-1.729,-4.227,-0.2113,-0.4285,-0.614,-1.0,-1.0,2.104,2.07,-0.996,0.0,0.01515,-0.1881,4.914,3.617,-1.335,-0.822,-5.035,1.097,5.082,0.2695,1.08,-2.03,-0.0769,3.158,3.459,0.0,0.0,3.473,0.0,4.023,-1.215,0.0,1.0,0.0,0.0,3.527,1.0,-0.5,-1.0,1.817,-1.228,2.0,0.0,0.0,0.0,0.0,0.0,0.0,0.878
3.375,3.44,3.31,1.6455,-0.709,-0.2551,-2.627,0.8457,-1.193,-1.65,-4.227,-0.1804,-0.5713,-0.6235,-1.0,-1.0,1.986,1.953,-0.9517,0.0,0.01767,1.074,5.156,4.105,-0.855,-0.8574,-5.035,0.59,5.082,1.097,-1.558,-1.677,0.2362,3.135,3.457,0.0,0.0,3.453,0.0,4.086,-0.9746,0.0,0.0,0.0,0.0,1.996,2.0,-0.5,-0.5,1.391,-0.87,3.0,0.0,0.0,0.0,0.0,0.0,0.0,0.4878
3.363,3.418,3.309,1.283,-0.479,-0.1702,-2.627,0.6445,-0.776,-1.59,-4.227,-0.2817,-0.7144,-0.634,-1.0,-1.0,1.884,1.882,-0.918,0.0,0.0202,-0.141,5.156,4.66,-0.493,-0.8833,-5.035,0.4368,5.082,0.59,0.2695,1.08,-1.12,3.137,3.457,0.0,0.0,3.438,0.0,4.133,-1.186,0.0,1.0,0.0,0.0,1.371,2.0,0.0,-0.5,1.106,-0.583,4.0,0.0,0.0,0.0,0.0,0.0,0.0,0.3318
3.365,3.42,3.314,0.3882,0.375,0.781,-2.627,0.711,0.2377,-1.356,-4.227,-1.539,-0.7144,-0.6436,0.0,-1.0,1.575,1.539,-0.7773,0.0,0.02272,0.9233,5.156,5.094,0.4531,-0.8955,-5.035,1.824,5.082,0.4368,1.097,-1.558,-1.032,3.172,3.46,0.0,0.0,3.432,0.0,4.33,-0.7407,0.0,0.0,0.0,0.0,7.266,3.0,0.5,0.0,0.3667,0.3706,5.0,0.0,0.0,0.0,0.0,0.0,0.0,3.914
3.367,3.412,3.322,0.4446,0.2233,0.781,-2.627,0.6943,0.2815,-1.377,-4.227,0.279,-0.7144,-0.6533,0.0,-1.0,1.6,1.568,-0.7935,0.0,0.02525,-0.1087,5.156,5.094,0.4668,-0.9136,-5.035,-0.2021,5.082,1.824,0.59,0.2695,-1.634,3.197,3.463,0.0,0.0,3.42,0.0,4.305,-0.7544,0.0,0.0,0.0,0.0,-0.4949,2.0,0.5,0.0,0.4626,0.266,0.0,1.0,0.0,0.0,0.0,0.0,0.0,-0.11536
3.36,3.396,3.322,0.9155,-0.3616,0.781,-2.627,0.816,-0.10065,-1.518,-4.227,-0.9136,-0.7144,-0.6636,0.0,-1.0,1.8,1.76,-0.8853,0.0,0.02777,0.843,5.156,5.094,-0.01519,-0.9287,-0.999,-1.157,5.082,-0.2021,0.4365,1.096,-2.027,3.223,3.459,0.0,0.0,3.4,0.0,4.176,-0.922,0.0,0.0,0.0,0.0,-3.105,1.0,0.5,-0.5,0.9624,-0.2505,0.0,2.0,0.0,0.0,0.0,0.0,0.0,-0.7266
3.361,3.39,3.332,0.2905,0.1587,0.781,-2.627,0.7866,0.596,-1.362,-4.227,14.88,-0.5713,-0.6733,0.0,-1.0,1.59,1.54,-0.7925,0.0,0.0303,0.7246,5.156,5.094,0.6406,-0.941,3.61,1.19,5.082,-1.157,1.824,0.59,-1.676,3.26,3.459,0.0,0.0,3.385,0.0,4.305,-0.581,0.0,0.0,0.0,0.0,3.408,1.0,1.0,0.0,0.4226,0.314,1.0,0.0,0.0,0.0,0.0,0.0,0.0,0.813
3.361,3.385,3.338,0.366,-0.003025,0.781,-2.627,0.731,0.5537,-1.389,-4.227,0.0778,-0.4285,-0.683,0.0,-1.0,1.619,1.582,-0.812,0.0,0.03284,-0.1627,5.156,5.094,0.5586,-0.9473,1.745,-0.2467,5.082,1.19,-0.2021,0.4365,1.08,3.283,3.451,0.0,0.0,3.371,0.0,4.277,-0.478,0.0,0.0,0.0,0.0,-0.9604,0.0,0.5,0.0,0.4592,0.11597,0.0,1.0,0.0,0.0,0.0,0.0,0.0,-0.2246
3.365,3.39,3.344,-0.015114,0.3784,0.781,-2.627,0.64,0.975,-1.272,-4.227,0.834,-0.2856,-0.693,0.0,-1.0,1.46,1.43,-0.7437,0.0,0.03534,0.622,5.156,5.094,1.015,-0.9517,5.086,0.8643,5.082,-0.2467,-1.156,1.823,-1.557,3.31,3.447,0.0,0.0,3.357,0.0,4.375,-0.0851,0.0,0.0,0.0,0.0,1.816,0.0,1.0,0.5,0.03616,0.4224,1.0,0.0,0.0,0.0,0.0,0.0,0.0,0.4268
3.367,3.393,3.344,0.2416,0.126,0.781,-2.627,0.5796,0.653,-1.332,-4.227,-0.1815,-0.1428,-0.703,0.0,-1.0,1.53,1.517,-0.7837,0.0,0.03787,0.2493,5.156,5.094,0.728,-0.946,5.086,-0.4993,5.082,0.8643,1.19,-0.2021,0.2693,3.328,3.443,0.0,0.0,3.342,0.0,4.316,0.2013,0.0,0.0,0.0,0.0,-1.537,0.0,0.5,0.5,0.2178,0.1081,0.0,1.0,0.0,0.0,0.0,0.0,0.0,-0.356
3.367,3.387,3.348,0.3755,-0.0565,0.781,-2.627,0.423,0.3696,-1.369,-4.227,-0.2612,0.0,-0.713,0.0,-1.0,1.565,1.584,-0.8105,0.0,0.0404,-0.4224,5.156,5.094,0.4707,-0.9316,5.086,-0.3337,5.082,-0.4993,-0.2466,-1.156,1.096,3.324,3.438,0.0,0.0,3.328,0.0,4.28,0.5044,0.0,0.0,0.0,0.0,-0.8525,0.0,0.0,0.5,0.331,-0.0865,0.0,2.0,0.0,0.0,0.0,0.0,0.0,-0.1991
3.37,3.389,3.352,0.1655,0.1335,0.781,-2.627,0.2744,0.4954,-1.308,-4.227,0.4272,0.1428,-0.7227,0.0,-1.0,1.473,1.513,-0.7754,0.0,0.04294,-0.3928,4.562,5.094,0.6143,-0.9194,4.24,0.4402,4.61,-0.3337,0.864,1.19,0.59,3.326,3.43,0.0,0.0,3.312,0.0,4.33,0.4153,0.0,0.0,0.0,0.0,1.167,0.0,0.0,0.5,0.08716,0.05038,1.0,0.0,0.0,0.0,0.0,0.0,0.0,0.274
3.37,3.383,3.357,0.1976,0.02702,0.781,-2.627,0.1356,0.29,-1.319,-4.227,-0.2258,0.2856,-0.733,0.0,-1.0,1.475,1.542,-0.7856,0.0,0.04544,-0.4275,2.994,5.094,0.444,-0.9023,3.693,-0.1256,3.936,0.4402,-0.499,-0.2466,0.4365,3.338,3.424,0.0,0.0,3.303,0.0,4.312,0.8374,1.0,0.0,0.0,0.0,-0.252,0.0,-0.5,0.5,0.1454,-0.02519,0.0,1.0,0.0,0.0,0.0,0.0,0.0,-0.05872
3.37,3.377,3.363,0.2559,-0.1091,0.781,-2.627,0.06854,0.06494,-1.34,-4.227,-0.4663,0.4285,-0.7427,0.0,-1.0,1.496,1.577,-0.802,0.0,0.04797,-0.4612,1.901,5.094,0.1383,-0.8687,-0.7036,-0.2025,3.516,-0.1256,-0.3337,0.864,1.823,3.338,3.418,0.0,0.0,3.295,0.0,4.293,0.73,0.0,0.0,0.0,0.0,-0.526,-1.0,-1.0,0.0,0.1931,-0.1681,0.0,2.0,0.0,0.0,0.0,0.0,0.0,-0.12274
3.367,3.371,3.363,0.375,-0.2751,0.781,-2.627,0.0965,-0.1702,-1.376,-4.227,-1.289,0.4285,-0.7524,-1.0,-1.0,1.546,1.626,-0.827,0.0,0.0505,0.5474,1.587,5.094,-0.11176,-0.8535,-0.2334,-0.324,3.436,-0.2025,0.4402,-0.499,-0.202,3.336,3.41,0.0,0.0,3.291,0.0,4.254,0.438,0.0,0.0,0.0,0.0,-1.194,-1.0,-1.0,-0.5,0.3142,-0.3228,0.0,3.0,0.0,0.0,0.0,0.0,0.0,-0.2798
3.357,3.36,3.354,0.874,-0.796,0.781,-2.627,0.09283,-0.75,-1.519,-4.227,11.695,0.4285,-0.762,-1.0,-1.0,1.736,1.83,-0.918,0.0,0.05304,-0.4592,1.657,4.383,-0.698,-0.8486,2.81,-1.154,3.424,-0.324,-0.1256,-0.3337,-1.156,3.312,3.396,0.0,0.0,3.293,0.0,4.13,-0.031,0.0,0.0,0.0,0.0,-3.738,-1.0,-1.0,-1.0,0.832,-0.784,0.0,4.0,0.0,0.0,0.0,1.0,-3.77,-0.881
3.346,3.35,3.342,0.9443,-0.8535,0.781,0.1506,0.153,-0.8755,-1.549,-4.227,0.3604,0.4285,-0.7725,-1.0,-1.0,1.783,1.869,-0.94,0.0,0.05554,0.2076,1.84,3.537,-0.8164,-0.8516,-0.4941,-0.2815,3.154,-1.154,-0.2025,0.44,1.19,3.293,3.38,0.0,0.0,3.299,0.0,4.098,-0.2078,0.0,0.0,0.0,0.0,-0.878,-2.0,-1.5,-1.5,0.8125,-0.9346,0.0,5.0,0.0,0.0,0.0,0.0,0.0,-0.2109
3.348,3.352,3.344,0.097,-0.003256,0.781,0.1506,0.08044,-0.0226,-1.326,-4.227,-1.087,0.4285,-0.782,0.0,-1.0,1.479,1.557,-0.8047,0.0,0.05807,-0.1647,2.01,2.674,0.02869,-0.8535,-0.3276,1.76,3.078,-0.2815,-0.324,-0.1256,-0.2466,3.293,3.371,0.0,0.0,3.307,0.0,4.285,-0.2268,0.0,0.0,0.0,0.0,5.05,-1.0,-1.0,-1.5,0.0962,-0.007065,1.0,0.0,0.0,0.0,1.0,0.0,4.234,1.219
3.342,3.348,3.338,0.5547,-0.4563,0.781,0.1506,0.1465,-0.47,-1.449,-4.227,-5.16,0.2856,-0.792,-1.0,-1.0,1.647,1.725,-0.883,0.0,0.0606,0.2627,2.12,1.841,-0.4258,-0.8584,-2.654,-0.9893,2.496,1.76,-1.154,-0.2024,0.864,3.28,3.357,0.0,0.0,3.316,0.0,4.176,-0.4053,0.0,0.0,0.0,0.0,-2.848,-1.0,-1.5,-1.5,0.515,-0.4666,0.0,1.0,0.0,0.0,0.0,0.0,0.0,-0.668
3.348,3.354,3.344,-0.1873,0.2908,0.781,0.1506,0.086,0.26,-1.241,-4.227,-2.113,0.2856,-0.792,0.0,-1.0,1.37,1.439,-0.7563,0.0,0.0631,0.05667,2.18,1.379,0.3223,-0.853,-1.756,1.626,1.932,-0.9893,-0.2815,-0.324,-0.499,3.283,3.35,0.0,0.0,3.33,0.0,4.35,0.2305,0.0,0.0,0.0,0.0,5.92,0.0,-1.0,-1.0,-0.162,0.2932,1.0,0.0,0.0,0.0,0.0,0.0,0.0,1.412
3.348,3.352,3.344,0.2603,-0.1604,0.781,0.1506,0.127,-0.1827,-1.358,-4.227,-1.151,0.1428,-0.792,-1.0,-1.0,1.525,1.598,-0.83,0.0,0.0657,0.005787,2.115,1.261,-0.1205,-0.855,-0.747,-0.925,1.548,1.626,1.759,-1.153,-0.3335,3.28,3.338,0.0,0.0,3.338,0.0,4.25,-0.2483,0.0,0.0,0.0,0.0,-4.363,0.0,-1.0,-1.5,0.2964,-0.1114,0.0,1.0,0.0,0.0,0.0,0.0,0.0,-1.013
3.355,3.361,3.352,-0.3242,0.4478,0.781,0.1506,0.1279,0.4424,-1.183,-4.227,-10.0,0.1428,-0.792,0.0,-1.0,1.3,1.356,-0.7236,0.0,0.0682,0.2427,1.954,1.283,0.502,-0.849,-2.014,1.359,1.447,-0.925,-0.9893,-0.2815,0.44,3.293,3.33,0.0,0.0,3.348,0.0,4.4,0.0957,0.0,0.0,0.0,0.0,4.926,1.0,-1.0,-1.0,-0.2404,0.5034,1.0,0.0,0.0,0.0,0.0,0.0,0.0,1.162
3.357,3.363,3.354,0.08014,0.03723,0.781,0.1506,0.2129,0.05975,-1.286,-4.227,-0.61,0.1428,-0.792,0.0,-1.0,1.438,1.488,-0.788,0.0,0.0707,1.268,1.648,1.348,0.0898,-0.8467,-1.49,-0.805,1.278,1.359,1.626,1.759,-0.1256,3.31,3.324,0.0,0.0,3.354,0.0,4.31,-0.2546,0.0,0.0,0.0,0.0,-2.48,0.0,-1.0,-1.5,0.1594,0.11914,0.0,1.0,0.0,0.0,0.0,0.0,0.0,-0.572
3.357,3.363,3.354,0.259,-0.1511,-0.5005,0.1506,0.1508,-0.11395,-1.333,-4.227,-0.947,0.1428,-0.792,0.0,-1.0,1.494,1.56,-0.8184,0.0,0.07324,-0.05713,1.234,1.402,-0.09296,-0.8477,-0.945,-0.3833,1.257,-0.805,-0.925,-0.989,-0.2024,3.326,3.318,0.0,0.0,3.352,0.0,4.266,-0.2303,0.0,0.0,0.0,0.0,-0.961,0.0,-1.0,-1.5,0.335,-0.0588,0.0,2.0,0.0,0.0,0.0,0.0,0.0,-0.2246
3.36,3.365,3.355,0.1122,-0.00119,-0.5005,0.1506,0.1528,0.0378,-1.288,-4.227,14.88,0.1428,-0.792,0.0,-1.0,1.437,1.498,-0.793,0.0,0.07574,-0.271,0.81,1.431,0.0575,-0.846,-0.1195,0.3252,1.257,-0.3833,1.359,1.626,-0.324,3.326,3.316,0.0,0.0,3.352,0.0,4.3,-0.091,0.0,0.0,0.0,0.0,1.001,0.0,-0.5,-1.0,0.189,0.0806,1.0,0.0,0.0,0.0,0.0,0.0,0.0,0.2354
3.363,3.37,3.36,-0.09045,0.2101,-0.5005,0.1506,0.1741,0.2712,-1.222,-4.227,1.817,0.1428,-0.792,0.0,-1.0,1.354,1.405,-0.754,0.0,0.0783,0.04123,0.3154,1.409,0.292,-0.845,3.129,0.4934,1.214,0.3252,-0.8047,-0.9243,-1.153,3.344,3.322,0.0,0.0,3.357,0.0,4.355,-0.0797,0.0,0.0,0.0,0.0,1.045,1.0,0.0,-1.0,0.012535,0.3047,2.0,0.0,0.0,0.0,0.0,0.0,0.0,0.2445
3.37,3.377,3.363,-0.1406,0.2776,-0.5005,0.1506,0.2603,0.3496,-1.193,-4.227,0.3655,0.1428,-0.792,0.0,-1.0,1.325,1.358,-0.738,0.0,0.0808,0.6123,-0.2195,1.326,0.37,-0.842,4.445,0.2012,1.293,0.4934,-0.3833,1.358,-0.2815,3.346,3.332,0.0,0.0,3.361,0.0,4.375,-0.01124,0.0,0.0,0.0,0.0,0.616,1.0,0.5,-0.5,-0.04358,0.3618,3.0,0.0,0.0,0.0,0.0,0.0,0.0,0.143
3.37,3.377,3.363,0.2607,-0.1236,-0.5005,0.1506,0.3237,-0.05975,-1.299,-4.227,-0.823,0.1428,-0.792,0.0,-1.0,1.465,1.495,-0.8037,0.0,0.0833,-0.468,-0.3247,1.175,-0.0427,-0.841,0.4827,-0.8237,1.292,0.2012,0.3252,-0.8047,1.759,3.35,3.338,0.0,0.0,3.361,0.0,4.285,-0.143,0.0,0.0,0.0,0.0,-2.63,1.0,0.0,-0.5,0.3616,-0.004272,0.0,1.0,0.0,0.0,0.0,0.0,0.0,-0.6084
3.371,3.379,3.365,0.0913,0.0437,-0.5005,0.1506,0.2515,0.10016,-1.248,-4.227,3.312,0.2856,-0.792,0.0,-1.0,1.394,1.433,-0.7744,0.0,0.0859,-0.1214,-0.2969,0.9355,0.1351,-0.8403,3.182,0.3735,1.243,-0.8237,0.4934,-0.3833,-0.989,3.344,3.348,0.0,0.0,3.36,0.0,4.324,-0.005806,0.0,0.0,0.0,0.0,0.926,2.0,0.5,0.0,0.162,0.11725,1.0,0.0,0.0,0.0,0.0,0.0,0.0,0.217
3.37,3.375,3.365,0.3047,-0.1969,-0.5005,0.1506,0.2527,-0.184,-1.308,-4.227,-1.305,0.2856,-0.792,-1.0,-1.0,1.471,1.515,-0.8125,0.0,0.0884,0.3113,-0.1802,0.6646,-0.1562,-0.8306,-0.8027,-0.4805,1.234,0.3735,0.2012,0.325,1.625,3.34,3.355,0.0,0.0,3.357,0.0,4.27,0.141,0.0,0.0,0.0,0.0,-0.957,1.0,0.0,0.0,0.387,-0.0943,0.0,1.0,0.0,0.0,0.0,0.0,0.0,-0.223
3.371,3.373,3.371,0.0357,0.02304,-0.5005,0.1506,0.1837,0.001955,-1.236,-4.227,-2.818,0.4285,-0.792,0.0,-1.0,1.372,1.424,-0.7705,0.0,0.0909,-0.1886,0.05002,0.4456,0.01956,-0.817,1.551,0.534,1.257,-0.4805,-0.8237,0.4932,-0.9243,3.346,3.361,0.0,0.0,3.36,0.0,4.33,0.299,0.0,0.0,0.0,0.0,1.318,1.0,0.5,0.5,0.095,0.0799,1.0,0.0,0.0,0.0,0.0,0.0,0.0,0.3096
3.375,3.375,3.375,0.01994,0.03128,-0.5005,0.1506,0.03583,0.01417,-1.227,-4.227,0.2573,0.4285,-0.792,0.0,-1.0,1.347,1.424,-0.7656,0.0,0.09344,-0.674,0.2231,0.232,0.02434,-0.813,-1.928,0.06003,1.269,0.534,0.3735,0.201,1.358,3.35,3.367,0.0,0.0,3.361,0.0,4.336,-0.01907,0.0,0.0,0.0,0.0,0.10803,1.0,0.5,0.5,0.0352,0.03897,2.0,0.0,0.0,0.0,0.0,0.0,0.0,0.02516
3.375,3.373,3.377,0.1328,-0.11456,-0.5005,0.1506,-0.01636,-0.1548,-1.256,-4.227,-1.29,0.4285,-0.802,-1.0,-1.0,1.38,1.47,-0.786,0.0,0.09595,-0.7515,0.3464,0.09393,-0.1293,-0.808,0.1592,-0.256,1.269,0.06003,-0.4805,-0.823,-0.8047,3.346,3.371,0.0,0.0,3.361,0.0,4.31,0.1807,0.0,0.0,0.0,0.0,-0.461,1.0,0.5,0.5,0.08655,-0.1649,0.0,1.0,0.0,0.0,0.0,1.0,-1.238,-0.1072
3.375,3.373,3.377,0.1938,-0.1818,-0.5005,0.1506,-0.11633,-0.2041,-1.27,-4.227,1.506,0.2856,-0.812,-1.0,-1.0,1.388,1.497,-0.797,0.0,0.0985,-0.4104,0.432,0.129,-0.1938,-0.808,1.215,-0.1368,1.27,-0.256,0.5337,0.3735,-0.383,3.338,3.371,0.0,0.0,3.361,0.0,4.293,-0.297,0.0,0.0,0.0,0.0,-0.2007,0.0,0.5,0.0,0.10504,-0.2737,0.0,2.0,0.0,0.0,0.0,0.0,0.0,-0.04688
3.371,3.37,3.373,0.4583,-0.449,-0.5005,0.1506,-0.2034,-0.4905,-1.342,-4.227,3.676,0.2856,-0.822,-1.0,-1.0,1.474,1.605,-0.844,0.0,0.101,-0.5044,0.4841,0.2073,-0.5054,-0.8047,0.4062,-0.598,1.288,-0.1368,0.06,-0.4802,0.325,3.332,3.37,0.0,0.0,3.36,0.0,4.227,-0.1951,0.0,0.0,0.0,0.0,-1.511,0.0,0.0,0.0,0.3142,-0.5806,0.0,3.0,0.0,0.0,0.0,0.0,0.0,-0.3538
3.375,3.373,3.379,-0.1437,0.1537,-0.5005,0.1506,-0.2434,0.151,-1.168,-4.227,-1.731,0.2856,-0.8315,0.0,-1.0,1.249,1.373,-0.7417,0.0,0.1035,-0.5757,0.517,0.2686,0.1255,-0.805,-1.119,1.308,1.098,-0.598,-0.256,0.5337,0.4932,3.336,3.375,0.0,0.0,3.367,0.0,4.367,-0.2137,0.0,0.0,0.0,0.0,3.287,0.0,0.0,0.0,-0.2239,0.04498,1.0,0.0,0.0,0.0,1.0,0.0,2.53,0.7773
3.38,3.379,3.383,-0.1656,0.178,-0.5005,0.613,-0.3645,0.185,-1.147,-4.227,0.2834,0.2856,-0.842,0.0,-1.0,1.212,1.356,-0.732,0.0,0.1061,-0.1693,0.541,0.3184,0.1681,-0.8027,-1.631,0.1193,0.694,1.308,-0.1368,0.06,0.201,3.348,3.375,0.0,0.0,3.377,0.0,4.383,0.1234,0.0,0.0,0.0,0.0,0.254,0.0,0.0,0.5,-0.2593,0.05273,2.0,0.0,0.0,0.0,1.0,0.0,1.182,0.05875
3.389,3.387,3.39,-0.361,0.3862,-0.394,0.613,-0.4285,0.3926,-1.071,-4.227,0.901,0.2856,-0.8516,0.0,-1.0,1.112,1.263,-0.689,0.0,0.1086,-0.65,0.5693,0.3755,0.384,-0.795,0.6655,0.5356,0.8857,0.1193,-0.598,-0.256,-0.823,3.357,3.379,0.0,0.0,3.383,0.0,4.44,0.45,0.0,0.0,0.0,0.0,0.979,1.0,0.5,1.0,-0.4373,0.265,3.0,0.0,0.0,0.0,0.0,0.0,0.0,0.2262
3.398,3.396,3.398,-0.4006,0.4412,-0.2766,0.613,-0.4531,0.4502,-1.036,-4.227,0.2676,0.2856,-0.8613,0.0,-1.0,1.067,1.219,-0.671,0.0,0.1111,-0.509,0.6094,0.4277,0.4473,-0.787,0.04227,0.2253,0.8657,0.5356,1.308,-0.1368,0.3735,3.37,3.38,0.0,0.0,3.393,0.0,4.47,0.4248,0.0,0.0,0.0,0.0,0.4355,2.0,0.5,1.0,-0.4954,0.2966,4.0,0.0,0.0,0.0,0.0,0.0,0.0,0.0997
3.406,3.406,3.406,-0.3708,0.4211,-0.2405,0.613,-0.5137,0.4453,-1.021,-4.184,0.1334,0.2856,-0.871,0.0,-1.0,1.045,1.206,-0.665,0.0,0.11365,-0.6465,0.6367,0.4949,0.445,-0.7812,1.717,0.06946,1.079,0.2253,0.11926,-0.5977,-0.4802,3.385,3.385,0.0,0.0,3.396,0.0,4.477,0.3008,0.0,0.0,0.0,0.0,0.1324,3.0,1.0,1.0,-0.4795,0.264,5.0,0.0,0.0,0.0,0.0,0.0,0.0,0.0302
3.408,3.408,3.41,0.0267,0.01535,-0.2405,0.613,-0.5615,0.0467,-1.121,-4.145,-0.637,0.2856,-0.8813,0.0,-1.0,1.162,1.341,-0.7295,0.0,0.11615,-0.1555,0.636,0.533,0.0406,-0.779,0.772,-0.79,1.009,0.06946,0.5356,1.308,0.5337,3.395,3.389,0.0,0.0,3.4,0.0,4.383,-0.1006,0.0,0.0,0.0,0.0,-1.589,2.0,0.5,0.5,-0.10565,-0.1371,0.0,1.0,0.0,0.0,0.0,0.0,0.0,-0.3618
3.408,3.408,3.41,0.1813,-0.1427,-0.2405,0.613,-0.5317,-0.1321,-1.157,-4.08,-1.068,0.1428,-0.891,-1.0,-1.0,1.209,1.386,-0.7554,0.0,0.1187,0.1294,0.599,0.578,-0.1378,-0.775,0.748,-0.319,0.9805,-0.79,0.2252,0.11926,0.06,3.404,3.389,0.0,0.0,3.4,0.0,4.348,0.09906,0.0,0.0,0.0,0.0,-0.8594,1.0,0.0,0.5,0.0377,-0.2954,0.0,2.0,0.0,0.0,0.0,0.0,0.0,-0.1984
3.408,3.408,3.41,0.1556,-0.1193,-0.2405,0.613,-0.5586,-0.1157,-1.145,-4.027,-0.917,0.0,-0.901,-1.0,-1.0,1.19,1.371,-0.751,0.0,0.1212,-0.413,0.505,0.615,-0.132,-0.7715,1.488,0.05438,0.967,-0.319,0.06946,0.5356,-0.256,3.404,3.389,0.0,0.0,3.4,0.0,4.355,-0.01686,0.0,0.0,0.0,0.0,0.1791,1.0,0.5,0.5,-0.007374,-0.2952,1.0,0.0,0.0,0.0,0.0,0.0,0.0,0.04153
3.4,3.4,3.398,0.8076,-0.7607,-0.2405,0.4946,-0.469,-0.789,-1.324,-4.02,14.88,0.0,-0.911,-1.0,-1.0,1.427,1.606,-0.8643,0.0,0.1237,0.3757,0.3862,0.602,-0.7896,-0.7764,1.983,-1.418,1.114,0.05438,-0.79,0.2252,-0.1368,3.387,3.387,0.0,0.0,3.398,0.0,4.195,-0.3643,0.0,0.0,0.0,0.0,-3.209,0.0,0.5,0.5,0.644,-0.886,0.0,1.0,0.0,0.0,0.0,1.0,-3.023,-0.744
3.385,3.389,3.383,1.133,-1.053,-0.2405,0.0829,-0.4326,-1.107,-1.42,-4.074,0.66,-0.1428,-0.921,-1.0,-1.0,1.557,1.738,-0.927,0.0,0.1262,-0.4119,0.297,0.5366,-1.098,-0.789,3.385,-0.8013,1.552,-1.418,-0.319,0.06946,-0.5977,3.357,3.385,0.0,0.0,3.393,0.0,4.105,-0.7974,0.0,0.0,0.0,0.0,-2.127,-1.0,0.5,0.0,0.973,-1.149,0.0,2.0,0.0,0.0,0.0,1.0,-3.02,-0.5054
3.371,3.377,3.365,1.208,-1.096,-0.2405,-0.08234,-0.4233,-1.181,-1.455,-4.156,0.2244,-0.2856,-0.9307,-1.0,-1.0,1.604,1.787,-0.9517,0.0,0.1288,-0.6353,0.254,0.4429,-1.153,-0.8057,-0.4355,-0.3215,2.0,-0.8013,0.05438,-0.7896,1.308,3.32,3.383,0.0,0.0,3.385,0.0,4.07,-0.8936,0.0,0.0,0.0,0.0,-0.8574,-1.0,0.0,-0.5,1.032,-1.203,0.0,3.0,0.0,0.0,0.0,0.0,0.0,-0.2064
3.36,3.367,3.352,1.008,-0.873,-0.2405,-0.08234,-0.4246,-0.9976,-1.416,-4.207,-0.04544,-0.2856,-0.9404,-1.0,-1.0,1.552,1.731,-0.932,0.0,0.1313,-0.365,0.3677,0.3743,-0.9375,-0.8223,-1.489,0.2551,2.254,-0.3215,-1.418,-0.319,0.11926,3.287,3.385,0.0,0.0,3.375,0.0,4.098,-0.732,0.0,0.0,0.0,0.0,0.8306,0.0,0.0,0.0,0.842,-0.9863,1.0,0.0,0.0,0.0,0.0,0.0,0.0,0.2009
3.334,3.348,3.318,2.053,-1.813,-0.2405,-0.08234,-0.1317,-1.942,-1.695,-4.227,1.316,-0.2856,-0.9507,-1.0,-1.0,1.963,2.115,-1.105,0.0,0.1338,2.252,0.7393,0.4111,-1.856,-0.848,-3.66,-2.254,3.254,0.2551,-0.8013,0.05435,0.5356,3.238,3.375,0.0,0.0,3.361,0.0,3.855,-1.108,0.0,1.0,0.0,0.0,-7.633,-1.0,-0.5,0.0,1.862,-1.872,0.0,1.0,0.0,0.0,0.0,0.0,0.0,-1.839
3.31,3.328,3.293,1.93,-1.632,-0.2405,-0.08234,-0.134,-1.848,-1.691,-4.227,0.0866,-0.2856,-0.9604,-1.0,-1.0,1.958,2.11,-1.108,0.0,0.1364,-0.3303,1.25,0.5786,-1.752,-0.869,-5.035,-0.03522,3.98,-2.254,-0.3215,-1.418,0.2252,3.193,3.367,0.0,0.0,3.346,0.0,3.852,-1.022,0.0,0.0,0.0,0.0,-0.08923,-1.0,-1.0,0.0,1.651,-1.795,0.0,2.0,0.0,0.0,0.0,0.0,0.0,-0.02234
3.291,3.31,3.271,1.681,-1.373,-0.2405,-0.08234,-0.2522,-1.603,-1.657,-4.227,-0.01266,-0.4285,-0.97,-1.0,-1.0,1.899,2.07,-1.093,0.0,0.1389,-0.7437,1.9,0.9297,-1.498,-0.8965,-5.035,0.2114,4.5,-0.03522,0.2551,-0.8013,0.06946,3.148,3.357,0.0,0.0,3.334,0.0,3.873,-1.49,0.0,1.0,0.0,0.0,0.586,0.0,-1.0,0.0,1.42,-1.538,1.0,0.0,0.0,0.0,0.0,0.0,0.0,0.1469
3.273,3.295,3.254,1.436,-1.114,-0.2405,-0.08234,-0.2605,-1.333,-1.617,-4.227,-0.05536,-0.5713,-0.98,-1.0,-1.0,1.842,2.01,-1.073,0.0,0.1414,-0.2998,2.688,1.431,-1.186,-0.929,-5.035,0.2634,4.83,0.2114,-2.254,-0.3215,-0.7896,3.123,3.35,0.0,0.0,3.32,0.0,3.9,-1.429,0.0,1.0,0.0,0.0,1.202,1.0,-0.5,0.0,1.169,-1.304,2.0,0.0,0.0,0.0,0.0,0.0,0.0,0.3003
3.268,3.29,3.248,0.7583,-0.4265,-0.2405,-0.08234,-0.1757,-0.6055,-1.451,-4.227,-0.512,-0.7144,-0.99,-1.0,-1.0,1.621,1.758,-0.9775,0.0,0.1439,0.766,3.375,1.908,-0.4832,-0.9473,-5.035,1.276,4.875,0.2634,-0.03522,0.2551,-0.319,3.115,3.342,0.0,0.0,3.31,0.0,4.035,-1.143,0.0,1.0,0.0,0.0,3.387,1.0,0.0,0.0,0.5835,-0.569,3.0,0.0,0.0,0.0,0.0,0.0,0.0,0.842
3.254,3.275,3.232,1.341,-0.992,-0.2405,-0.08234,0.0328,-1.07,-1.611,-4.227,1.183,-0.857,-1.0,-1.0,-1.0,1.859,1.974,-1.079,0.0,0.1465,1.444,3.982,2.38,-1.005,-0.967,-5.035,-1.335,5.082,1.276,0.2113,-2.252,0.05435,3.1,3.334,0.0,0.0,3.297,0.0,3.89,-1.397,0.0,1.0,0.0,0.0,-3.375,1.0,-0.5,-0.5,1.19,-1.062,0.0,1.0,0.0,0.0,0.0,0.0,0.0,-0.822
3.24,3.26,3.223,1.171,-0.858,-0.2405,-0.08234,0.06976,-0.833,-1.588,-4.227,-0.1301,-1.0,-1.01,-1.0,-1.0,1.83,1.935,-1.07,0.0,0.149,-0.11255,4.516,2.855,-0.8184,-0.9883,-5.035,0.1225,5.082,-1.335,0.2632,-0.03522,-1.418,3.082,3.326,0.0,0.0,3.285,0.0,3.904,-1.381,0.0,1.0,0.0,0.0,0.3447,2.0,0.0,-0.5,1.011,-0.952,1.0,0.0,0.0,0.0,0.0,0.0,0.0,0.0858
3.236,3.254,3.22,0.55,-0.2766,-0.2405,-0.08234,0.0644,-0.1621,-1.437,-4.227,-0.882,-1.143,-1.02,-1.0,-1.0,1.623,1.715,-0.984,0.0,0.1515,0.2773,4.918,3.293,-0.1744,-1.004,-3.674,1.158,5.082,0.1225,1.275,0.2113,-0.8013,3.098,3.32,0.0,0.0,3.28,0.0,4.023,-0.895,0.0,0.0,0.0,0.0,3.568,2.0,0.5,0.0,0.4878,-0.3118,2.0,0.0,0.0,0.0,0.0,0.0,0.0,0.8867
3.242,3.258,3.229,-0.05804,0.3113,-0.06775,-0.08234,0.1431,0.539,-1.265,-4.227,-16.23,-1.0,-1.029,0.0,-1.0,1.404,1.466,-0.8843,0.0,0.154,1.557,5.11,3.656,0.5005,-1.011,-3.018,1.308,5.082,1.158,-1.335,0.2632,-0.3213,3.127,3.316,0.0,0.0,3.271,0.0,4.164,-0.4878,0.0,0.0,0.0,0.0,7.004,2.0,1.0,0.5,-0.011055,0.3472,3.0,0.0,0.0,0.0,0.0,0.0,0.0,1.707
3.252,3.266,3.24,-0.398,0.627,0.3665,-0.08234,0.1583,0.9897,-1.15,-4.227,0.898,-0.857,-1.04,0.0,-1.0,1.263,1.311,-0.8193,0.0,0.1566,0.07666,5.066,3.947,0.942,-1.015,-3.459,0.833,5.047,1.308,0.1225,1.275,0.2551,3.162,3.314,0.0,0.0,3.268,0.0,4.254,-0.3113,0.0,0.0,0.0,0.0,3.027,2.0,1.0,0.5,-0.354,0.6333,4.0,0.0,0.0,0.0,0.0,0.0,0.0,0.722
3.264,3.28,3.252,-0.522,0.7603,0.599,-0.08234,0.01242,1.179,-1.087,-4.227,0.3303,-0.7144,-1.05,0.0,-1.0,1.171,1.24,-0.784,0.0,0.159,-0.5825,4.785,4.125,1.133,-1.01,2.906,0.4465,4.836,0.833,1.158,-1.334,-2.252,3.197,3.314,0.0,0.0,3.264,0.0,4.3,0.08435,0.0,0.0,0.0,0.0,1.241,3.0,1.5,1.0,-0.4946,0.739,5.0,0.0,0.0,0.0,0.0,0.0,0.0,0.292
3.264,3.277,3.248,0.4036,-0.1509,0.599,-0.08234,0.1991,0.215,-1.331,-4.227,-0.674,-0.5713,-1.06,0.0,-1.0,1.496,1.553,-0.934,0.0,0.1616,0.084,4.35,4.207,0.1682,-1.009,4.105,-1.888,4.42,0.4465,1.308,0.1225,-0.0352,3.203,3.31,0.0,0.0,3.252,0.0,4.094,-0.156,0.0,0.0,0.0,0.0,-6.43,2.0,1.5,1.0,0.455,-0.07416,0.0,1.0,0.0,0.0,0.0,1.0,-3.492,-1.501
3.262,3.277,3.246,0.4114,-0.1503,0.599,-0.08234,0.2498,0.1913,-1.329,-4.227,0.0643,-0.4285,-1.069,0.0,-1.0,1.497,1.545,-0.9365,0.0,0.1642,-0.0825,3.812,4.2,0.1512,-1.008,4.164,-0.0339,3.89,-1.888,0.8325,1.158,0.2113,3.223,3.307,0.0,0.0,3.24,0.0,4.09,-0.09955,0.0,0.0,0.0,0.0,-0.06885,1.0,1.0,1.0,0.4473,-0.09015,0.0,2.0,0.0,0.0,0.0,0.0,0.0,-0.0166
3.256,3.273,3.24,0.585,-0.3188,0.599,-0.08234,0.3206,0.00624,-1.374,-4.227,-0.5195,-0.2856,-1.079,0.0,-1.0,1.5625,1.601,-0.9683,0.0,0.1666,0.2637,3.162,4.117,-0.04852,-1.008,4.027,-0.407,3.518,-0.0339,0.4465,1.308,0.2632,3.234,3.3,0.0,0.0,3.229,0.0,4.043,-0.2289,0.0,0.0,0.0,0.0,-1.072,0.0,0.5,0.5,0.5117,-0.3638,0.0,3.0,0.0,0.0,0.0,0.0,0.0,-0.2588
3.248,3.262,3.236,0.808,-0.5864,0.599,-0.2832,0.1362,-0.3328,-1.444,-4.227,-2.92,-0.2856,-1.089,-1.0,-1.0,1.64,1.718,-1.014,0.0,0.1692,-0.2063,2.5,3.938,-0.3508,-1.007,1.105,-0.6035,3.186,-0.407,-1.888,0.8325,1.275,3.23,3.293,0.0,0.0,3.217,0.0,3.979,0.1324,0.0,0.0,0.0,0.0,-3.316,-1.0,0.0,0.5,0.7734,-0.5723,0.0,4.0,0.0,0.0,0.0,0.0,0.0,-0.8057
3.242,3.254,3.23,0.727,-0.5186,0.599,-0.2832,0.166,-0.352,-1.43,-4.227,0.241,-0.2856,-1.099,-1.0,-1.0,1.623,1.695,-1.01,0.0,0.1718,0.001308,1.775,3.645,-0.3528,-1.002,4.484,0.05176,2.73,-0.6035,-0.0339,0.4463,-1.334,3.215,3.285,0.0,0.0,3.205,0.0,3.984,0.1512,0.0,0.0,0.0,0.0,0.1207,-1.0,0.5,1.0,0.696,-0.5063,1.0,0.0,0.0,0.0,0.0,0.0,0.0,0.02962
3.229,3.242,3.217,1.16,-0.9355,0.599,-0.2832,0.3428,-0.852,-1.552,-4.227,2.455,-0.2856,-1.109,-1.0,-1.0,1.804,1.8545,-1.088,0.0,0.1742,-0.02087,1.095,3.27,-0.8438,-1.003,4.41,-1.022,2.705,0.05176,-0.407,-1.887,0.12244,3.18,3.277,0.0,0.0,3.195,0.0,3.875,-0.12445,0.0,0.0,0.0,0.0,-2.889,-1.0,0.0,0.5,1.139,-0.88,0.0,1.0,0.0,0.0,0.0,0.0,0.0,-0.7085
3.21,3.229,3.195,1.549,-1.279,0.599,-0.2832,0.4849,-1.277,-1.664,-4.227,0.777,-0.2856,-1.119,-1.0,-1.0,1.974,2.008,-1.159,0.0,0.1768,1.201,0.605,2.846,-1.298,-1.003,1.368,-0.97,2.945,-1.022,-0.603,-0.03387,1.158,3.133,3.268,0.0,0.0,3.186,0.0,3.773,-0.3606,0.0,0.0,0.0,0.0,-2.754,-1.0,-0.5,0.0,1.47,-1.256,0.0,2.0,0.0,0.0,0.0,0.0,0.0,-0.687
3.197,3.215,3.18,1.324,-1.034,0.599,-0.2832,0.4114,-1.087,-1.623,-4.227,-0.0367,-0.2856,-1.129,-1.0,-1.0,1.909,1.954,-1.142,0.0,0.1793,0.1398,0.1616,2.404,-1.116,-1.015,-2.67,0.2495,3.105,-0.97,0.05173,-0.407,1.308,3.105,3.256,0.0,0.0,3.176,0.0,3.799,-0.5986,0.0,0.0,0.0,0.0,0.8223,0.0,-0.5,0.0,1.191,-1.087,1.0,0.0,0.0,0.0,0.0,0.0,0.0,0.2084
3.182,3.2,3.164,1.337,-1.04,0.599,-0.2832,0.3203,-1.161,-1.642,-4.227,0.2268,-0.2856,-1.139,-1.0,-1.0,1.928,1.991,-1.158,0.0,0.1818,0.2258,-0.0825,1.947,-1.144,-1.027,-5.035,-0.2307,3.238,0.2495,-1.022,-0.603,0.8325,3.078,3.242,0.0,0.0,3.166,0.0,3.775,-0.3865,0.0,0.0,0.0,0.0,-0.852,0.0,-1.0,0.0,1.207,-1.088,0.0,1.0,0.0,0.0,0.0,0.0,0.0,-0.2151
3.166,3.186,3.146,1.485,-1.158,0.599,-0.2832,0.3206,-1.342,-1.693,-4.227,0.3325,-0.2856,-1.148,-1.0,-1.0,2.0,2.068,-1.195,0.0,0.1843,-0.3162,0.03555,1.535,-1.307,-1.04,-5.035,-0.499,3.443,-0.2307,-0.97,0.05173,0.4463,3.049,3.227,0.0,0.0,3.162,0.0,3.725,-0.5156,0.0,0.0,0.0,0.0,-1.783,-1.0,-1.5,-0.5,1.298,-1.257,0.0,2.0,0.0,0.0,0.0,0.0,0.0,-0.452
3.145,3.17,3.121,1.829,-1.439,0.599,-0.2832,0.3975,-1.6455,-1.793,-4.227,0.4146,-0.2856,-1.158,-1.0,-1.0,2.154,2.217,-1.261,0.0,0.1869,0.871,0.4058,1.183,-1.616,-1.059,-4.418,-0.9043,3.844,-0.499,0.2495,-1.022,-1.887,3.018,3.209,0.0,0.0,3.154,0.0,3.63,-1.001,0.0,0.0,0.0,0.0,-3.385,-1.0,-1.5,-1.0,1.57,-1.591,0.0,3.0,0.0,0.0,0.0,0.0,0.0,-0.865
3.127,3.15,3.105,1.57,-1.197,0.599,-0.2832,0.2223,-1.376,-1.754,-4.227,-0.05057,-0.4285,-1.168,-1.0,-1.0,2.08,2.172,-1.243,0.0,0.1895,-0.0509,1.06,1.07,-1.304,-1.092,-5.035,0.2372,4.152,-0.9043,-0.2307,-0.9697,-0.03387,2.986,3.191,0.0,0.0,3.148,0.0,3.654,-1.404,0.0,1.0,0.0,0.0,0.9883,0.0,-1.0,-1.0,1.302,-1.378,1.0,0.0,0.0,0.0,0.0,0.0,0.0,0.2563
3.111,3.133,3.09,1.563,-1.213,0.599,-0.2832,0.1993,-1.3,-1.773,-4.227,0.07654,-0.5713,-1.178,-1.0,-1.0,2.105,2.205,-1.262,0.0,0.1919,-0.1021,1.879,1.3,-1.21,-1.128,-5.035,-0.2605,4.492,0.2372,-0.4988,0.2495,-0.4067,2.965,3.176,0.0,0.0,3.139,0.0,3.629,-1.719,0.0,1.0,0.0,0.0,-1.013,-1.0,-1.0,-1.5,1.295,-1.394,0.0,1.0,0.0,0.0,0.0,0.0,0.0,-0.2617
3.09,3.11,3.07,1.875,-1.542,0.599,-0.2832,0.3557,-1.493,-1.875,-4.227,0.3225,-0.7144,-1.188,-1.0,-1.0,2.271,2.352,-1.329,0.0,0.1945,0.917,2.756,1.714,-1.4375,-1.161,-4.86,-0.931,4.945,-0.2605,-0.9043,-0.2307,-0.603,2.943,3.158,0.0,0.0,3.123,0.0,3.535,-1.719,0.0,1.0,0.0,1.0,-3.62,-1.0,-1.0,-2.0,1.535,-1.776,0.0,2.0,0.0,0.0,0.0,0.0,0.0,-0.9395
3.08,3.1,3.064,0.9346,-0.6357,0.599,-0.2832,0.2698,-0.5674,-1.66,-4.227,-0.5938,-0.857,-1.198,-1.0,-1.0,1.949,2.023,-1.209,0.0,0.197,0.8193,3.516,2.168,-0.5146,-1.183,-5.035,1.706,5.07,-0.931,0.2372,-0.4988,0.05173,2.934,3.145,0.0,0.0,3.117,0.0,3.703,-1.179,0.0,1.0,0.0,0.0,4.676,0.0,-1.0,-1.5,0.758,-0.7666,1.0,0.0,0.0,0.0,0.0,0.0,0.0,1.232
3.086,3.104,3.07,-0.06964,0.3533,0.599,-0.2832,0.3237,0.523,-1.386,-4.227,-2.5,-0.857,-1.208,0.0,-1.0,1.578,1.616,-1.054,0.0,0.1995,0.6475,4.043,2.55,0.538,-1.1875,-4.094,2.139,5.074,1.706,-0.2605,-0.9043,-1.022,2.947,3.139,0.0,0.0,3.12,0.0,3.918,-0.4915,0.0,0.0,0.0,0.0,7.15,1.0,-0.5,-1.0,-0.09155,0.3132,2.0,0.0,0.0,0.0,1.0,0.0,4.234,1.833
3.092,3.107,3.078,-0.12396,0.3809,0.6777,-0.2832,0.3044,0.646,-1.353,-4.227,0.3545,-0.857,-1.218,0.0,-1.0,1.532,1.571,-1.041,0.0,0.202,0.1512,4.414,2.887,0.668,-1.193,-1.493,0.1741,5.027,2.139,-0.9307,0.237,-0.9697,2.967,3.135,0.0,0.0,3.115,0.0,3.938,-0.3633,0.0,0.0,0.0,0.0,0.4011,1.0,0.0,-0.5,-0.1538,0.328,3.0,0.0,0.0,0.0,0.0,0.0,0.0,0.0993
3.094,3.107,3.082,0.1428,0.0938,0.6777,-0.2832,0.315,0.408,-1.41,-4.227,-0.2,-0.7144,-1.228,0.0,-1.0,1.61,1.652,-1.081,0.0,0.2046,-0.3918,4.67,3.195,0.4722,-1.205,-1.714,-0.538,4.78,0.1741,1.705,-0.2605,0.2494,2.99,3.13,0.0,0.0,3.107,0.0,3.88,-0.3474,0.0,0.0,0.0,0.0,-2.076,1.0,-0.5,-0.5,0.1318,0.0823,0.0,1.0,0.0,0.0,0.0,0.0,0.0,-0.512
3.094,3.105,3.082,0.322,-0.0952,0.6777,-0.2832,0.4844,0.2642,-1.448,-4.227,-0.1586,-0.5713,-1.237,0.0,-1.0,1.677,1.69,-1.11,0.0,0.207,1.765,4.695,3.416,0.2556,-1.201,-0.9224,-0.3853,4.266,-0.538,2.139,-0.9307,-0.2306,3.008,3.125,0.0,0.0,3.094,0.0,3.84,-0.4387,0.0,0.0,0.0,0.0,-1.969,1.0,-0.5,-1.0,0.2708,-0.1367,0.0,2.0,0.0,-0.5,0.0,0.0,0.0,-0.4905
3.09,3.102,3.078,0.483,-0.272,0.6777,-0.2832,0.4397,0.0963,-1.485,-4.227,-0.3425,-0.4285,-1.247,0.0,-1.0,1.722,1.748,-1.139,0.0,0.2096,0.1548,4.55,3.566,0.082,-1.203,0.502,-0.3877,3.436,-0.3853,0.1741,1.705,-0.4988,3.023,3.125,0.0,0.0,3.078,0.0,3.799,-0.3027,0.0,0.0,0.0,0.0,-0.9385,0.0,-0.5,-1.0,0.3987,-0.3367,0.0,3.0,0.0,-0.5,0.0,0.0,0.0,-0.2352
3.09,3.102,3.078,0.299,-0.0879,0.6777,-0.2832,0.3796,0.2542,-1.427,-4.227,0.9624,-0.2856,-1.258,0.0,-1.0,1.638,1.67,-1.112,0.0,0.2122,0.667,4.22,3.654,0.262,-1.203,2.957,0.3667,3.12,-0.3877,-0.538,2.139,-0.904,3.05,3.125,0.0,0.0,3.07,0.0,3.836,0.02731,0.0,0.0,0.0,0.0,1.156,0.0,0.0,-0.5,0.2323,-0.1481,1.0,0.0,0.0,-0.5,0.0,0.0,0.0,0.2917
3.082,3.096,3.072,0.738,-0.53,0.6777,-0.2832,0.4104,-0.2128,-1.538,-4.227,-1.244,-0.2856,-1.268,-1.0,-1.0,1.791,1.828,-1.185,0.0,0.2146,0.05087,3.766,3.684,-0.2142,-1.204,2.885,-0.9814,2.77,0.3667,-0.3853,0.174,0.237,3.055,3.121,0.0,0.0,3.059,0.0,3.734,-0.2744,0.0,0.0,0.0,0.0,-2.41,-1.0,-0.5,-1.0,0.6865,-0.539,0.0,1.0,0.0,-0.5,0.0,0.0,0.0,-0.6045
3.086,3.1,3.072,0.08246,0.1649,0.6777,-0.2832,0.573,0.4475,-1.347,-4.227,-7.27,-0.1428,-1.277,0.0,-1.0,1.549,1.538,-1.081,0.0,0.2172,2.803,3.19,3.646,0.4546,-1.201,3.734,1.428,2.486,-0.9814,-0.3877,-0.5376,-0.2603,3.05,3.121,0.0,0.0,3.053,0.0,3.879,0.08295,0.0,0.0,0.0,0.0,5.254,0.0,0.0,-0.5,0.0988,0.1783,1.0,0.0,0.0,-0.5,0.0,0.0,0.0,1.339
3.082,3.098,3.068,0.5156,-0.2556,0.6777,0.1993,0.735,-0.03015,-1.45,-4.227,-0.788,0.0,-1.287,0.0,-1.0,1.701,1.669,-1.148,0.0,0.2197,1.06,2.44,3.531,-0.03745,-1.194,5.086,-0.9106,2.28,1.428,0.3665,-0.385,-0.9307,3.037,3.117,0.0,0.0,3.047,0.0,3.783,-0.01073,0.0,0.0,0.0,0.0,-3.338,0.0,0.0,-0.5,0.503,-0.24,0.0,1.0,0.0,-0.5,0.0,0.0,0.0,-0.8315
3.09,3.105,3.074,-0.178,0.444,0.6777,0.1993,0.6807,0.62,-1.241,-4.227,8.54,0.1428,-1.297,0.0,-1.0,1.423,1.383,-1.035,0.0,0.2222,0.1802,1.548,3.309,0.6123,-1.18,3.139,1.547,2.203,-0.9106,-0.9814,-0.3877,1.705,3.043,3.117,0.0,0.0,3.047,0.0,3.943,0.4436,0.0,0.0,0.0,0.0,6.71,1.0,0.0,0.0,-0.0872,0.5186,1.0,0.0,0.0,-0.5,0.0,0.0,0.0,1.697
3.102,3.12,3.084,-0.4797,0.781,0.6777,0.1993,0.742,0.9097,-1.119,-4.227,0.575,0.2856,-1.307,0.0,-1.0,1.276,1.213,-0.9717,0.0,0.2247,0.10406,0.915,2.994,0.8296,-1.148,-1.595,0.8433,2.525,1.547,1.428,0.3665,2.139,3.06,3.121,0.0,0.0,3.05,0.0,4.03,0.528,0.0,0.0,0.0,0.0,4.59,1.0,0.0,0.0,-0.3594,0.8633,2.0,0.0,0.0,-0.5,1.0,0.0,3.053,1.132
3.086,3.11,3.064,1.44,-1.069,0.6777,-0.7876,1.449,-1.073,-1.623,-4.227,-1.9795,0.2856,-1.316,-1.0,-1.0,2.002,1.855,-1.2705,0.0,0.2273,2.541,0.547,2.62,-1.029,-1.165,-1.76,-2.514,2.686,0.8433,-0.91,-0.981,0.174,3.045,3.111,0.0,0.0,3.047,0.0,3.611,-0.1521,0.0,0.0,0.0,0.0,-8.15,1.0,-0.5,0.0,1.596,-0.7993,0.0,1.0,0.0,-0.5,0.0,1.0,-3.82,-5.477
3.06,3.088,3.035,2.207,-1.771,0.6777,-1.695,1.574,-1.882,-1.829,-4.227,1.068,0.2856,-1.327,-1.0,-1.0,2.31,2.162,-1.396,0.0,0.2299,0.8706,0.4426,2.223,-1.748,-1.184,-1.156,-1.768,3.242,-2.514,1.547,1.428,-0.5376,3.008,3.098,0.0,0.0,3.035,0.0,3.434,-0.2578,0.0,0.0,0.0,0.0,-8.15,0.0,-0.5,0.0,2.305,-1.505,0.0,2.0,0.0,-0.5,0.0,0.0,0.0,-3.355
3.04,3.07,3.008,2.121,-1.597,0.6777,-1.744,1.493,-1.839,-1.827,-4.227,0.116,0.2856,-1.337,-1.0,-1.0,2.303,2.168,-1.402,0.0,0.2323,0.4849,0.4688,1.824,-1.657,-1.205,-1.252,-0.09424,3.71,-1.768,0.8433,-0.91,-0.385,2.98,3.08,0.0,0.0,3.023,0.0,3.426,-0.518,0.0,0.0,0.0,0.0,-0.52,0.0,-0.5,-0.5,2.074,-1.495,0.0,3.0,0.0,-0.5,0.0,0.0,0.0,-0.1394
3.03,3.062,2.998,1.033,-0.514,0.6777,-1.744,1.358,-0.8037,-1.571,-4.227,-0.5156,0.1428,-1.347,-1.0,-1.0,1.922,1.786,-1.262,0.0,0.2349,0.6836,0.569,1.389,-0.637,-1.219,-1.271,2.031,3.766,-0.09424,-2.514,1.546,-0.3875,2.957,3.064,0.0,0.0,3.021,0.0,3.621,-0.5513,0.0,0.0,0.0,0.0,7.266,0.0,0.0,-0.5,1.139,-0.329,1.0,0.0,0.0,-0.5,1.0,0.0,4.234,2.475
3.021,3.053,2.99,1.061,-0.5566,0.6777,-1.744,1.312,-0.7925,-1.584,-4.227,0.12494,0.0,-1.356,-1.0,-1.0,1.937,1.811,-1.277,0.0,0.2374,-0.418,0.721,0.9424,-0.673,-1.2295,-2.625,-0.2069,3.791,2.031,-1.768,0.8433,0.3665,2.94,3.055,0.0,0.0,3.02,0.0,3.6,-0.606,0.0,0.0,0.0,0.0,-0.8506,-1.0,-0.5,-1.0,1.156,-0.3823,0.0,1.0,0.0,-0.5,0.0,0.0,0.0,-0.2208
3.014,3.045,2.984,0.8667,-0.3674,0.6777,-1.744,1.306,-0.572,-1.536,-4.227,-0.2141,-0.1428,-1.366,-1.0,-1.0,1.869,1.74,-1.257,0.0,0.2399,-0.0957,0.9194,0.6484,-0.469,-1.239,-0.6934,0.2869,3.805,-0.2069,-0.0942,-2.514,-0.981,2.912,3.045,0.0,0.0,3.02,0.0,3.627,-0.4915,0.0,0.0,0.0,0.0,1.37,0.0,0.0,-0.5,0.9688,-0.2002,1.0,0.0,0.0,-0.5,0.0,0.0,0.0,0.357
3.004,3.033,2.975,1.231,-0.7446,0.6777,-1.744,1.198,-0.91,-1.637,-4.227,0.955,-0.2856,-1.376,-1.0,-1.0,2.0,1.9,-1.321,0.0,0.2424,0.1407,1.215,0.6025,-0.8022,-1.255,-4.523,-0.9053,3.908,0.2869,2.031,-1.767,1.428,2.867,3.033,0.0,0.0,3.016,0.0,3.537,-0.551,0.0,0.0,0.0,0.0,-3.463,0.0,-0.5,-0.5,1.351,-0.531,0.0,1.0,0.0,-0.5,0.0,0.0,0.0,-0.898
3.002,3.033,2.973,0.4512,0.03906,0.6777,-1.744,1.194,-0.12164,-1.431,-4.227,-0.945,-0.4285,-1.386,-1.0,-1.0,1.716,1.597,-1.21,0.0,0.245,0.844,1.469,0.6978,-0.02863,-1.26,-3.016,1.579,3.74,-0.9053,-0.2068,-0.0942,-0.91,2.875,3.027,0.0,0.0,3.021,0.0,3.691,-0.2676,0.0,0.0,0.0,0.0,5.19,1.0,0.0,0.0,0.6675,0.2986,1.0,0.0,0.0,-0.5,0.0,0.0,0.0,1.366
3.0,3.027,2.973,0.5806,-0.11816,0.6777,-1.744,1.117,-0.2249,-1.462,-4.227,14.88,-0.5713,-1.396,-1.0,-1.0,1.751,1.65,-1.234,0.0,0.2474,-0.3386,1.704,0.8374,-0.1532,-1.265,-5.035,-0.3306,3.756,1.579,0.2869,2.031,1.546,2.895,3.021,0.0,0.0,3.021,0.0,3.658,-0.361,0.0,0.0,0.0,0.0,-1.138,0.0,-0.5,-0.5,0.769,0.12134,0.0,1.0,0.0,-0.5,0.0,0.0,0.0,-0.292
2.998,3.027,2.97,0.4604,-0.00226,0.6777,-1.744,1.093,-0.0993,-1.424,-4.227,-1.112,-0.4285,-1.406,0.0,-1.0,1.698,1.598,-1.218,0.0,0.25,-0.0753,1.896,0.9556,-0.03305,-1.267,-5.035,0.2236,3.629,-0.3306,-0.9053,-0.2068,0.8433,2.918,3.018,0.0,0.0,3.014,0.0,3.68,-0.2017,0.0,0.0,0.0,0.0,0.6826,1.0,-0.5,0.0,0.5938,0.1672,1.0,0.0,0.0,-0.5,0.0,0.0,0.0,0.1761
2.992,3.018,2.969,0.774,-0.3647,-0.1715,-1.744,0.973,-0.382,-1.512,-4.227,-17.1,-0.5713,-1.416,-1.0,-1.0,1.806,1.735,-1.273,0.0,0.2524,1.198,2.064,1.074,-0.3735,-1.271,-0.569,-0.7646,3.484,0.2236,1.579,0.2869,-2.514,2.918,3.014,0.0,0.0,3.002,0.0,3.604,-0.523,0.0,0.0,0.0,0.0,-2.32,0.0,-0.5,-0.5,0.9062,-0.1715,0.0,1.0,0.0,-0.5,0.0,0.0,0.0,-0.596
2.982,3.006,2.957,1.179,-0.77,-0.1715,-1.744,0.9897,-0.761,-1.624,-4.227,1.701,-0.7144,-1.426,-1.0,-1.0,1.962,1.9,-1.342,0.0,0.2551,-0.05164,2.232,1.229,-0.762,-1.283,3.766,-0.9697,3.512,-0.7646,-0.3306,-0.905,-1.767,2.908,3.008,0.0,0.0,2.99,0.0,3.506,-0.525,0.0,0.0,0.0,0.0,-2.725,0.0,-0.5,-0.5,1.26,-0.6006,0.0,2.0,0.0,-0.5,0.0,1.0,-3.82,-0.709
2.979,2.998,2.959,0.611,-0.2803,-0.1715,-1.744,0.87,-0.1636,-1.49,-4.227,-0.8716,-0.857,-1.436,-1.0,-1.0,1.768,1.715,-1.271,0.0,0.2576,0.27,2.344,1.413,-0.185,-1.299,4.176,1.005,3.441,-0.9697,0.2236,1.579,-0.0942,2.906,3.004,0.0,0.0,2.984,0.0,3.604,-0.63,0.0,0.0,0.0,0.0,2.793,0.0,0.0,-0.5,0.764,-0.07697,1.0,0.0,0.0,-0.5,0.0,0.0,0.0,0.739
2.98,2.988,2.97,0.11743,0.0511,-0.1715,-1.744,0.7437,0.3823,-1.371,-4.227,-12.23,-0.857,-1.445,0.0,-1.0,1.598,1.557,-1.21,0.0,0.26,0.1081,2.242,1.674,0.4023,-1.323,-0.2124,0.872,3.383,1.005,-0.7646,-0.3306,2.031,2.922,3.004,0.0,0.0,2.98,0.0,3.691,-0.6333,0.0,0.0,0.0,0.0,2.465,1.0,0.0,-0.5,0.2008,0.1403,2.0,0.0,0.0,-0.5,0.0,0.0,0.0,0.6416
2.982,2.988,2.977,0.0751,0.05908,-0.1715,-1.744,0.2109,0.391,-1.353,-4.227,0.162,-0.7144,-1.455,0.0,-1.0,1.524,1.581,-1.203,0.0,0.2627,-0.3787,2.092,1.882,0.4578,-1.325,0.4783,0.08417,3.27,0.872,-0.9697,0.2235,-0.2068,2.922,3.006,0.0,0.0,2.977,0.0,3.7,0.05237,0.0,0.0,0.0,0.0,0.281,1.0,0.5,0.0,0.08997,0.07056,3.0,0.0,0.0,-0.5,0.0,0.0,0.0,0.0721
2.982,2.988,2.979,0.12256,-0.01785,-0.1715,-1.744,0.1372,0.2451,-1.358,-4.227,-0.1733,-0.5713,-1.466,0.0,-1.0,1.525,1.596,-1.211,0.0,0.2651,0.1976,1.811,1.976,0.289,-1.309,0.0273,-0.10803,3.254,0.08417,1.004,-0.7646,0.2869,2.926,3.006,0.0,0.0,2.975,0.0,3.688,0.4832,0.0,0.0,0.0,0.0,-0.338,1.0,0.0,0.0,0.1492,0.01009,0.0,1.0,0.0,-0.5,0.0,0.0,0.0,-0.08655
3.002,3.012,2.992,-1.039,1.229,0.07764,-1.744,0.225,1.463,-0.985,-4.227,3.852,-0.4285,-1.466,0.0,-1.0,1.067,1.089,-1.004,0.0,0.2676,0.339,1.506,1.954,1.451,-1.272,2.416,2.549,3.506,-0.10803,0.872,-0.9697,-0.905,2.953,3.014,0.0,0.0,2.979,0.0,3.979,0.892,1.0,0.0,0.0,0.0,7.266,2.0,0.5,0.5,-0.9385,1.246,1.0,0.0,0.0,-0.5,1.0,0.0,4.234,2.541
3.018,3.031,3.006,-0.86,1.094,0.07764,-1.744,0.1282,1.293,-0.9897,-4.227,0.02463,-0.2856,-1.466,0.0,-1.0,1.064,1.1045,-1.01,0.0,0.2703,0.09406,1.332,1.888,1.219,-1.245,-0.3262,-0.0803,3.834,2.549,0.0841,1.004,1.579,2.986,3.023,0.0,0.0,2.984,0.0,3.969,0.633,0.0,0.0,0.0,0.0,-0.3499,1.0,0.0,0.0,-0.799,1.083,0.0,1.0,0.0,-0.5,0.0,0.0,0.0,-0.08563
3.025,3.041,3.012,-0.2225,0.4734,0.07764,-1.744,0.2478,0.591,-1.142,-4.227,-0.4038,-0.1428,-1.476,0.0,-1.0,1.26,1.291,-1.101,0.0,0.2727,0.3936,1.326,1.7705,0.5107,-1.2295,1.187,-1.195,3.67,-0.0803,-0.10803,0.8716,-0.3303,3.018,3.027,0.0,0.0,2.982,0.0,3.842,0.3516,0.0,0.0,0.0,0.0,-4.14,0.0,0.0,0.0,-0.1583,0.5156,0.0,2.0,0.0,-0.5,0.0,0.0,0.0,-1.015
3.037,3.053,3.021,-0.4465,0.725,0.07764,-1.744,0.2808,0.8213,-1.046,-4.227,0.501,0.0,-1.485,0.0,-1.0,1.1455,1.162,-1.052,0.0,0.2751,0.2018,1.525,1.512,0.73,-1.214,1.093,0.6626,3.379,-1.195,2.547,0.0841,0.2235,3.045,3.027,0.0,0.0,2.979,0.0,3.91,0.4116,0.0,0.0,0.0,0.0,2.09,0.0,0.0,0.0,-0.395,0.736,1.0,0.0,0.0,-0.5,0.0,0.0,0.0,0.523
3.049,3.064,3.033,-0.4912,0.774,0.07764,-1.744,0.2883,0.8145,-1.001,-4.227,0.1354,0.1428,-1.495,0.0,-1.0,1.092,1.104,-1.031,0.0,0.2778,0.1477,1.911,1.373,0.744,-1.195,3.568,0.2725,3.666,0.6626,-0.0803,-0.108,-0.764,3.068,3.027,0.0,0.0,2.988,0.0,3.94,0.6826,0.0,0.0,0.0,0.0,0.544,1.0,0.5,0.5,-0.504,0.7114,2.0,0.0,0.0,-0.5,0.0,0.0,0.0,0.1346
3.055,3.07,3.04,-0.1542,0.4314,0.07764,-1.744,0.2399,0.4426,-1.072,-4.125,-0.296,0.2856,-1.505,0.0,-1.0,1.174,1.2,-1.077,0.0,0.2803,-0.2283,2.3,1.365,0.3777,-1.186,5.086,-0.606,3.502,0.2725,-1.194,2.547,-0.969,3.084,3.027,0.0,0.0,3.004,0.0,3.875,0.2734,0.0,0.0,0.0,0.0,-1.23,0.0,0.5,0.0,-0.1696,0.3918,0.0,1.0,0.0,-0.5,0.0,1.0,-2.602,-0.303
3.066,3.082,3.049,-0.4343,0.725,0.07764,0.332,0.2307,0.7188,-0.9614,-3.94,0.686,0.4285,-1.515,0.0,-1.0,1.04,1.059,-1.02,0.0,0.2827,-0.4683,2.717,1.505,0.6597,-1.171,5.086,0.7637,3.352,-0.606,0.662,-0.0803,1.004,3.11,3.031,0.0,0.0,3.021,0.0,3.953,0.4937,0.0,0.0,0.0,0.0,1.811,1.0,0.5,0.5,-0.4126,0.704,1.0,0.0,0.0,-0.5,0.0,0.0,0.0,0.4504
3.076,3.092,3.059,-0.366,0.658,0.07764,0.332,0.1995,0.6245,-0.951,-3.764,0.01897,0.4285,-1.524,0.0,-1.0,1.024,1.048,-1.02,0.0,0.2854,-0.4836,3.133,1.7295,0.572,-1.157,4.0,0.005753,3.49,0.7637,0.2725,-1.194,0.8716,3.107,3.035,0.0,0.0,3.031,0.0,3.955,0.46,0.0,0.0,0.0,0.0,0.01458,2.0,0.5,0.5,-0.3882,0.5947,2.0,0.0,0.0,-0.5,0.0,0.0,0.0,0.003582
3.088,3.104,3.072,-0.5547,0.832,0.07764,0.332,0.10474,0.7656,-0.8657,-3.533,0.3523,0.5713,-1.534,0.0,-1.0,0.916,0.95,-0.976,0.0,0.2878,0.1978,3.545,2.014,0.749,-1.142,4.445,0.57,3.658,0.005753,-0.606,0.662,0.0841,3.111,3.04,0.0,0.0,3.045,0.0,4.016,0.77,1.0,0.0,0.0,0.0,1.57,2.0,0.5,1.0,-0.578,0.7524,3.0,0.0,0.0,-0.5,0.0,0.0,0.0,0.3857
3.104,3.117,3.092,-0.773,1.011,0.07764,0.332,0.03983,0.8936,-0.7676,-3.23,0.302,0.7144,-1.545,0.0,-1.0,0.7983,0.837,-0.9263,0.0,0.2903,0.1345,4.004,2.4,0.885,-1.112,5.086,0.656,3.938,0.57,0.7637,0.2725,-0.108,3.133,3.047,0.0,0.0,3.06,0.0,4.086,1.168,1.0,0.0,0.0,0.0,1.867,2.0,1.0,1.5,-0.7803,0.932,4.0,0.0,0.0,-0.5,0.0,0.0,0.0,0.4543
3.121,3.133,3.11,-0.907,1.127,0.07764,0.332,-0.02849,0.974,-0.6855,-2.941,0.2306,0.857,-1.555,0.0,-1.0,0.7007,0.745,-0.8853,0.0,0.293,-0.8047,4.387,2.824,0.9917,-1.088,-0.6636,0.5303,4.082,0.656,0.005753,-0.606,2.547,3.154,3.053,0.0,0.0,3.08,0.0,4.14,1.128,1.0,0.0,0.0,0.0,0.845,3.0,1.0,1.5,-0.914,1.038,5.0,0.0,0.0,-0.5,1.0,0.0,2.451,0.2035
3.13,3.143,3.121,-0.4248,0.6255,0.07764,0.332,0.04532,0.4055,-0.7993,-2.738,-0.4294,0.857,-1.564,0.0,-1.0,0.835,0.875,-0.9536,0.0,0.2954,0.564,4.52,3.254,0.4128,-1.066,-0.04462,-0.878,4.18,0.5303,0.57,0.7637,-0.08026,3.164,3.059,0.0,0.0,3.092,0.0,4.047,0.6934,0.0,0.0,0.0,0.0,-2.291,2.0,1.0,1.0,-0.4111,0.5967,0.0,1.0,0.0,-0.5,0.0,0.0,0.0,-0.5464
3.139,3.148,3.13,-0.283,0.4443,0.07764,0.332,0.02567,0.1854,-0.8223,-2.553,-0.3206,0.857,-1.564,0.0,-1.0,0.8594,0.905,-0.9707,0.0,0.298,-0.7466,4.477,3.672,0.1759,-1.047,3.266,-0.2213,4.15,-0.878,0.656,0.005753,-1.194,3.178,3.06,0.0,0.0,3.104,0.0,4.02,0.607,0.0,0.0,0.0,0.0,-0.6626,1.0,1.0,0.5,-0.2542,0.443,0.0,2.0,0.0,-0.5,0.0,0.0,0.0,-0.1604
3.156,3.164,3.15,-0.866,1.014,0.07764,0.332,0.126,0.745,-0.615,-2.303,2.186,0.857,-1.564,0.0,-1.0,0.6367,0.6475,-0.8584,0.0,0.3005,1.75,4.508,4.13,0.694,-1.016,2.021,1.47,4.363,-0.2213,0.5303,0.57,0.662,3.2,3.062,0.0,0.0,3.12,0.0,4.176,0.8447,1.0,0.0,0.0,0.0,7.266,1.0,1.0,1.0,-0.8613,0.9404,1.0,0.0,0.0,-0.5,0.0,0.0,0.0,2.809
3.172,3.18,3.166,-0.843,0.993,0.07764,0.332,-0.1254,0.767,-0.5815,-2.172,0.1708,0.857,-1.564,0.0,-1.0,0.578,0.633,-0.8433,0.0,0.303,-0.4673,4.617,4.52,0.6987,-1.001,1.982,0.1946,4.367,1.47,-0.8774,0.656,0.2725,3.223,3.076,0.0,0.0,3.139,0.0,4.2,0.4497,0.0,0.0,0.0,0.0,0.6245,1.0,1.0,1.0,-0.837,0.924,2.0,0.0,0.0,-0.5,0.0,0.0,0.0,0.1482
3.188,3.197,3.18,-0.769,0.938,0.07764,0.568,-0.1309,0.7295,-0.563,-2.033,0.0964,0.857,-1.564,0.0,-1.0,0.5576,0.612,-0.8364,0.0,0.3057,0.007656,4.72,4.805,0.683,-0.991,4.203,0.0886,3.96,0.1946,-0.2213,0.5303,-0.606,3.24,3.094,0.0,0.0,3.162,0.0,4.207,0.4963,0.0,0.0,0.0,0.0,0.278,1.0,1.5,1.5,-0.833,0.798,3.0,0.0,0.0,-0.5,0.0,0.0,0.0,0.06573
3.191,3.2,3.186,-0.0313,0.1788,0.07764,0.4614,-0.03464,-0.0867,-0.767,-1.91,-0.917,0.857,-1.564,0.0,-1.0,0.791,0.8433,-0.9526,0.0,0.308,0.09015,4.742,4.97,-0.12366,-0.9805,3.068,-1.482,3.45,0.0886,1.469,-0.8774,0.7637,3.236,3.107,0.0,0.0,3.178,0.0,4.043,0.3794,0.0,0.0,0.0,0.0,-4.414,1.0,1.0,1.5,-0.0869,0.10535,0.0,1.0,0.0,-0.5,0.0,0.0,0.0,-1.043
3.19,3.197,3.184,0.3813,-0.2443,0.07764,0.00964,-0.01817,-0.5327,-0.884,-1.866,-17.05,0.7144,-1.564,-1.0,-1.0,0.9263,0.9844,-1.0205,0.0,0.3105,0.3298,4.652,4.926,-0.5728,-0.9766,3.283,-0.8794,3.059,-1.482,0.1946,-0.2212,0.005753,3.219,3.113,0.0,0.0,3.186,0.0,3.95,-0.03104,0.0,0.0,0.0,0.0,-2.275,1.0,0.5,1.0,0.3376,-0.2727,0.0,2.0,0.0,-0.5,0.0,0.0,0.0,-0.551
3.191,3.197,3.186,0.11993,0.00772,0.07764,0.00964,-0.0725,-0.2917,-0.804,-1.81,-0.4897,0.5713,-1.564,-1.0,-1.0,0.83,0.892,-0.979,0.0,0.3132,-0.3079,4.477,4.734,-0.32,-0.975,1.798,0.547,2.604,-0.8794,0.0886,1.469,0.57,3.215,3.123,0.0,0.0,3.195,0.0,4.008,0.0345,0.0,0.0,0.0,0.0,1.2,1.0,0.5,1.0,0.0935,-0.02228,1.0,0.0,0.0,-0.5,0.0,0.0,0.0,0.2947
3.201,3.205,3.195,-0.399,0.514,0.07764,0.00964,-0.05725,0.2076,-0.635,-1.671,-2.957,0.5713,-1.564,0.0,-1.0,0.642,0.6885,-0.887,0.0,0.3157,0.716,4.195,4.5,0.2069,-0.967,0.0662,1.204,2.06,0.547,-1.482,0.1945,0.6553,3.227,3.135,0.0,0.0,3.21,0.0,4.137,0.4478,0.0,0.0,0.0,0.0,3.418,1.0,0.5,1.5,-0.3652,0.5093,2.0,0.0,0.0,-0.5,0.0,0.0,0.0,0.832
3.21,3.217,3.207,-0.4841,0.597,-0.1009,0.00964,-0.04132,0.298,-0.5845,-1.55,0.4507,0.5713,-1.564,0.0,-1.0,0.589,0.628,-0.862,0.0,0.318,0.0828,3.857,4.332,0.299,-0.9556,-1.207,0.33,2.182,1.204,-0.8794,0.0886,0.53,3.227,3.148,0.0,0.0,3.217,0.0,4.17,0.373,0.0,0.0,0.0,0.0,1.109,1.0,0.5,1.5,-0.4287,0.6094,3.0,0.0,0.0,-0.5,0.0,0.0,0.0,0.2646
3.229,3.234,3.223,-0.8755,1.011,0.2415,0.00964,-0.0214,0.732,-0.4238,-1.372,1.294,0.5713,-1.564,0.0,0.0,0.4202,0.4438,-0.7754,0.0,0.3208,-0.0696,3.463,4.207,0.7544,-0.942,1.228,1.102,2.535,0.33,0.547,-1.482,-0.8774,3.234,3.162,0.0,0.0,3.227,0.0,4.293,0.5635,0.0,0.0,0.0,0.0,3.309,2.0,1.0,1.5,-0.781,1.035,4.0,0.0,0.0,-1.0,0.0,0.0,0.0,0.785
3.25,3.262,3.24,-1.209,1.403,0.8223,0.00964,0.01152,1.157,-0.26,-1.173,0.694,0.5713,-1.564,0.0,0.0,0.2556,0.2617,-0.687,0.0,0.3232,-0.2534,3.121,4.125,1.14,-0.915,2.426,1.114,2.943,1.102,1.204,-0.879,-0.2212,3.254,3.178,0.0,0.0,3.246,0.0,4.414,0.6484,0.0,0.0,0.0,0.0,4.48,3.0,1.5,1.5,-1.1,1.418,5.0,0.0,0.0,-1.0,1.0,0.0,3.527,1.044
3.271,3.285,3.258,-0.9907,1.221,0.8223,0.00964,0.0364,0.977,-0.2783,-1.017,-0.01271,0.5713,-1.564,0.0,0.0,0.2764,0.279,-0.6987,0.0,0.3257,0.2847,2.94,4.06,0.9434,-0.8955,-0.4612,-0.1448,3.258,1.114,0.3298,0.547,1.469,3.287,3.193,0.0,0.0,3.262,0.0,4.4,0.5107,0.0,0.0,0.0,0.0,-0.5327,2.0,1.0,1.0,-0.9316,1.197,0.0,1.0,0.0,-1.0,0.0,0.0,0.0,-0.12195
3.28,3.293,3.264,-0.2217,0.4653,0.8223,0.00964,0.1886,0.1968,-0.489,-0.9517,-0.6406,0.5713,-1.564,0.0,-1.0,0.5073,0.497,-0.818,0.0,0.3284,-0.2576,2.762,3.959,0.1696,-0.89,-0.434,-1.473,3.191,-0.1448,1.102,1.203,0.1945,3.312,3.207,0.0,0.0,3.271,0.0,4.23,0.03815,0.0,0.0,0.0,0.0,-4.766,1.0,0.5,0.5,-0.1818,0.4807,0.0,2.0,0.0,-1.0,0.0,1.0,-3.82,-1.093
3.28,3.293,3.266,0.215,0.02008,0.8223,-0.06366,0.2299,-0.2727,-0.6104,-0.8833,-1.508,0.4285,-1.564,-1.0,-1.0,0.641,0.6323,-0.8877,0.0,0.3308,0.1214,2.55,3.777,-0.2683,-0.8896,-0.5854,-0.887,2.883,-1.473,1.114,0.3298,0.0886,3.324,3.22,0.0,0.0,3.281,0.0,4.133,0.0333,0.0,0.0,0.0,0.0,-4.516,0.0,0.0,0.5,0.2693,0.08514,0.0,3.0,0.0,-1.0,0.0,1.0,-2.809,-1.062
3.28,3.293,3.266,0.2957,-0.06976,0.8223,-0.1556,0.266,-0.3906,-0.63,-0.8115,0.965,0.2856,-1.564,-1.0,-1.0,0.6655,0.6514,-0.9014,0.0,0.3333,-0.4175,2.35,3.547,-0.3818,-0.885,3.252,-0.179,2.71,-0.887,-0.1448,1.101,-1.482,3.322,3.232,0.0,0.0,3.285,0.0,4.113,0.04178,0.0,0.0,0.0,0.0,-0.4895,-1.0,0.0,0.5,0.2834,-0.071,0.0,4.0,0.0,-0.5,0.0,0.0,0.0,-0.1169
3.277,3.291,3.268,0.3071,-0.10364,0.8223,-0.1844,0.0738,-0.397,-0.633,-0.818,0.1678,0.1428,-1.564,-1.0,-1.0,0.652,0.6733,-0.906,0.0,0.336,-0.4014,2.309,3.28,-0.455,-0.8774,5.086,-0.0561,2.518,-0.179,-1.473,1.114,-0.879,3.316,3.242,0.0,0.0,3.291,0.0,4.105,-0.2778,0.0,0.0,0.0,0.0,-0.1292,-2.0,0.0,0.0,0.2974,-0.10114,0.0,5.0,0.0,0.0,0.0,0.0,0.0,-0.03091
3.283,3.297,3.271,-0.0999,0.3103,0.8223,-0.1844,0.0817,0.04913,-0.4998,-0.797,-1.593,0.1428,-1.564,0.0,-1.0,0.5093,0.5195,-0.834,0.0,0.3384,-0.4468,2.236,2.953,-0.007458,-0.878,4.723,0.927,2.43,-0.0561,-0.887,-0.1448,0.547,3.309,3.252,0.0,0.0,3.297,0.0,4.207,-0.1123,0.0,0.0,0.0,0.0,1.873,-1.0,0.0,0.0,-0.04642,0.35,1.0,0.0,0.0,0.0,1.0,0.0,2.387,0.4487
3.29,3.3,3.277,-0.039,0.2487,0.8223,-0.1844,0.08386,0.02031,-0.5044,-0.779,-0.04956,0.1428,-1.564,0.0,-1.0,0.514,0.5244,-0.839,0.0,0.3408,0.00845,2.12,2.654,-0.0384,-0.8774,2.06,-0.06082,2.408,0.927,-0.179,-1.473,1.203,3.29,3.264,0.0,0.0,3.3,0.0,4.2,-0.1447,0.0,0.0,0.0,0.0,-0.128,-1.0,-0.5,-0.5,-0.0637,0.2081,0.0,1.0,0.0,0.0,0.0,0.0,0.0,-0.03021
3.293,3.303,3.283,-0.05896,0.244,0.8223,-0.1844,-0.0337,0.007027,-0.489,-0.6865,0.03543,0.1428,-1.564,0.0,-1.0,0.4875,0.518,-0.8325,0.0,0.3435,-0.4695,2.012,2.39,-0.03653,-0.871,1.343,0.08307,2.42,-0.06082,-0.0561,-0.8867,0.3298,3.271,3.27,0.0,0.0,3.303,0.0,4.207,0.2474,0.0,0.0,0.0,0.0,0.1381,0.0,-0.5,0.0,-0.112,0.1711,1.0,0.0,0.0,0.0,0.0,0.0,0.0,0.03262
3.299,3.307,3.293,-0.1438,0.2888,0.8223,-0.1844,-0.08105,0.0212,-0.456,-0.5474,0.27,0.2856,-1.564,0.0,-1.0,0.4487,0.4858,-0.8154,0.0,0.346,-0.1989,1.888,2.174,-0.00396,-0.8594,-1.523,0.2156,2.352,0.08307,0.9263,-0.179,1.101,3.273,3.275,0.0,0.0,3.31,0.0,4.23,0.568,0.0,0.0,0.0,0.0,0.4014,1.0,-0.5,0.5,-0.1897,0.2172,2.0,0.0,0.0,0.0,0.0,0.0,0.0,0.09467
3.3,3.307,3.297,0.0588,0.0601,0.8223,-0.1844,-0.01927,-0.238,-0.5117,-0.4502,-1.942,0.2856,-1.564,-1.0,-1.0,0.5127,0.5425,-0.8477,0.0,0.3484,0.3245,1.69,1.999,-0.2595,-0.8496,-4.72,-0.4077,2.197,0.2156,-0.06082,-0.0561,1.113,3.277,3.283,0.0,0.0,3.316,0.0,4.188,0.321,0.0,0.0,0.0,0.0,-0.8496,1.0,-1.0,0.0,-0.02748,-0.03976,0.0,1.0,0.0,0.0,0.0,0.0,0.0,-0.1997
3.312,3.318,3.307,-0.516,0.643,0.8223,-0.1844,-0.0596,0.3672,-0.313,-0.344,-5.258,0.2856,-1.555,0.0,0.0,0.3027,0.3257,-0.7397,0.0,0.351,0.2412,1.483,1.938,0.338,-0.839,-4.867,1.375,2.346,-0.4077,0.083,0.9263,-0.1447,3.299,3.293,0.0,0.0,3.32,0.0,4.336,0.3647,0.0,0.0,0.0,0.0,2.656,1.0,-0.5,0.0,-0.517,0.5913,1.0,0.0,0.0,0.0,0.0,0.0,0.0,0.629
3.32,3.328,3.316,-0.325,0.4482,0.8223,-0.1844,-0.07513,0.1821,-0.35,-0.2634,-0.2778,0.2856,-1.545,0.0,0.0,0.3394,0.3677,-0.7627,0.0,0.3535,-0.3665,1.263,1.897,0.1576,-0.832,-0.9043,-0.282,2.428,1.375,0.2156,-0.06082,-1.472,3.316,3.3,0.0,0.0,3.324,0.0,4.305,0.2018,0.0,0.0,0.0,0.0,-0.6343,1.0,-0.5,-0.5,-0.3784,0.3545,0.0,1.0,0.0,0.0,0.0,0.0,0.0,-0.1469
3.328,3.334,3.322,-0.2219,0.3477,0.8223,-0.1844,-0.03873,0.1237,-0.362,-0.2388,-0.0726,0.2856,-1.534,0.0,0.0,0.3547,0.3772,-0.7715,0.0,0.356,0.458,1.033,1.839,0.08417,-0.829,1.697,-0.1144,2.484,-0.282,-0.4075,0.083,-0.8867,3.324,3.309,0.0,0.0,3.328,0.0,4.293,-0.1223,0.0,0.0,0.0,0.0,-0.308,0.0,-0.5,-1.0,-0.336,0.1959,0.0,2.0,0.0,0.0,0.0,0.0,0.0,-0.0716
3.34,3.346,3.336,-0.5674,0.685,0.8223,-0.1844,-0.1225,0.57,-0.2286,-0.2261,2.191,0.2856,-1.524,0.0,0.0,0.2124,0.241,-0.7007,0.0,0.3586,-0.2861,0.909,1.743,0.5576,-0.8354,2.576,0.8896,2.527,-0.1144,1.375,0.2155,-0.179,3.342,3.318,0.0,0.0,3.34,0.0,4.39,-0.1931,0.0,0.0,0.0,0.0,2.52,0.0,0.0,-1.0,-0.6177,0.5757,1.0,0.0,0.0,0.0,0.0,0.0,0.0,0.5864
3.35,3.355,3.346,-0.4036,0.508,0.8223,-0.1844,-0.1821,0.4683,-0.2566,-0.2177,-0.01973,0.2856,-1.515,0.0,0.0,0.2351,0.2766,-0.7188,0.0,0.361,-0.456,0.8525,1.592,0.4727,-0.8394,3.42,-0.2205,2.184,0.8896,-0.2817,-0.4075,-0.0561,3.357,3.328,0.0,0.0,3.352,0.0,4.367,-0.2167,0.0,0.0,0.0,0.0,-0.706,0.0,0.0,-1.0,-0.525,0.334,0.0,1.0,0.0,0.0,0.0,0.0,0.0,-0.162
3.365,3.371,3.36,-0.684,0.819,0.8223,-0.1844,-0.2275,0.8057,-0.1317,-0.09546,0.7773,0.2856,-1.505,0.0,0.0,0.10754,0.1489,-0.6523,0.0,0.3635,0.3757,0.827,1.401,0.831,-0.831,1.593,0.8257,2.098,-0.2205,-0.1144,1.375,0.9263,3.379,3.338,0.0,0.0,3.367,0.0,4.46,0.585,0.0,0.0,0.0,0.0,2.045,0.0,0.0,-0.5,-0.804,0.6245,1.0,0.0,0.0,0.0,0.0,0.0,0.0,0.4707
3.377,3.383,3.371,-0.5557,0.6914,0.8223,-0.1844,-0.2942,0.654,-0.1439,0.05664,-0.038,0.4285,-1.495,0.0,0.0,0.1136,0.1681,-0.66,0.0,0.3662,-0.2527,1.039,1.316,0.566,-0.796,2.385,-0.0958,2.197,0.8257,0.889,-0.2817,-0.0608,3.402,3.346,0.0,0.0,3.377,0.0,4.45,0.9927,1.0,0.0,0.0,0.0,-0.4604,0.0,0.0,-0.5,-0.6895,0.4924,0.0,1.0,0.0,0.0,0.0,0.0,0.0,-0.1046
3.395,3.402,3.387,-0.8555,1.016,0.8223,-0.1844,-0.2834,0.966,-0.007706,0.2622,0.588,0.5713,-1.485,0.0,0.0,-0.01651,0.02692,-0.586,0.0,0.3687,-0.1926,1.44,1.353,0.8447,-0.768,2.777,0.9067,2.549,-0.0958,-0.2205,-0.1143,0.083,3.422,3.355,0.0,0.0,3.39,0.0,4.55,1.245,1.0,0.0,0.0,0.0,3.342,1.0,0.0,0.0,-0.9375,0.8486,1.0,0.0,0.0,0.0,0.0,0.0,0.0,0.7603
3.408,3.416,3.398,-0.589,0.7573,0.8223,-0.1844,-0.1346,0.6484,-0.06073,0.455,-0.1791,0.7144,-1.476,0.0,0.0,0.04733,0.0667,-0.6167,0.0,0.371,1.088,1.959,1.513,0.5073,-0.742,3.043,-0.3677,2.793,0.9067,0.8257,0.889,0.2155,3.441,3.365,0.0,0.0,3.396,0.0,4.508,1.069,1.0,0.0,0.0,0.0,-1.316,0.0,-0.5,0.0,-0.7197,0.5586,0.0,1.0,0.0,0.0,0.0,0.0,0.0,-0.2952
3.412,3.422,3.404,-0.09937,0.2588,-0.7007,-0.1844,-0.0813,0.11053,-0.199,0.5596,-0.63,0.7144,-1.466,0.0,0.0,0.1868,0.2056,-0.6943,0.0,0.3738,-0.3528,2.336,1.739,-0.0198,-0.7324,4.836,-0.9463,2.781,-0.3677,-0.0958,-0.2203,-0.4075,3.451,3.373,0.0,0.0,3.396,0.0,4.4,0.4395,0.0,0.0,0.0,0.0,-2.957,0.0,-0.5,-0.5,-0.2112,0.1188,0.0,2.0,0.0,0.0,0.0,0.0,0.0,-0.6665
3.426,3.436,3.418,-0.56,0.7285,-0.7007,-0.1844,-0.06995,0.5747,-0.02586,0.7217,2.4,0.7144,-1.455,0.0,0.0,0.01984,0.0249,-0.601,0.0,0.3762,0.4773,2.66,2.02,0.4465,-0.7163,1.651,1.154,3.002,-0.9463,0.9062,0.8257,1.375,3.463,3.38,0.0,0.0,3.402,0.0,4.527,0.707,0.0,0.0,0.0,0.0,4.043,0.0,-0.5,0.0,-0.5923,0.639,1.0,0.0,0.0,0.0,0.0,0.0,0.0,0.9263
3.438,3.445,3.43,-0.4607,0.62,-0.7007,-0.1844,-0.07294,0.4429,-0.03247,0.877,-0.06696,0.7144,-1.445,0.0,0.0,0.02585,0.03192,-0.606,0.0,0.379,-0.571,2.953,2.299,0.3247,-0.701,2.91,-0.06323,3.172,1.154,-0.3677,-0.09576,-0.2817,3.479,3.389,0.0,0.0,3.41,0.0,4.52,0.667,0.0,0.0,0.0,0.0,-0.241,0.0,-0.5,-0.5,-0.5034,0.5273,0.0,1.0,0.0,0.0,0.0,0.0,0.0,-0.05417
3.44,3.447,3.434,0.03418,0.1078,-0.7007,-0.1844,0.0061,-0.10815,-0.1787,0.97,-0.94,0.7144,-1.436,0.0,0.0,0.1746,0.1759,-0.688,0.0,0.3813,0.288,3.19,2.518,-0.2095,-0.6934,3.764,-0.9917,3.004,-0.06323,-0.946,0.9062,-0.1143,3.473,3.393,0.0,0.0,3.42,0.0,4.406,0.2744,0.0,0.0,0.0,0.0,-2.834,-1.0,-0.5,-1.0,0.000264,0.063,0.0,2.0,0.0,0.0,0.0,0.0,0.0,-0.6377
3.443,3.447,3.441,-0.03812,0.135,-0.7007,-0.1844,-0.03952,-0.1065,-0.153,1.092,0.4062,0.857,-1.426,0.0,0.0,0.1451,0.1532,-0.6753,0.0,0.3838,-0.1914,3.354,2.69,-0.169,-0.687,1.61,0.1555,2.752,-0.9917,1.154,-0.3677,0.889,3.47,3.402,0.0,0.0,3.43,0.0,4.42,0.4348,0.0,0.0,0.0,0.0,0.628,0.0,-0.5,-0.5,-0.1083,0.04523,1.0,0.0,0.0,0.0,0.0,0.0,0.0,0.1437
3.451,3.455,3.45,-0.2585,0.3442,-0.7007,0.5483,-0.1553,0.11383,-0.0695,1.172,14.88,0.857,-1.416,0.0,0.0,0.05392,0.0777,-0.631,0.0,0.3865,-0.445,3.467,2.83,0.06094,-0.681,2.312,0.5454,2.465,0.1555,-0.06323,-0.946,-0.2203,3.465,3.414,0.0,0.0,3.443,0.0,4.484,0.2617,0.0,0.0,0.0,0.0,1.821,1.0,0.0,-0.5,-0.2961,0.2727,2.0,0.0,0.0,0.0,0.0,0.0,0.0,0.4158
3.463,3.465,3.46,-0.488,0.573,-0.7007,0.5483,-0.135,0.3455,0.02722,1.297,1.253,0.857,-1.406,0.0,0.0,-0.0362,-0.02255,-0.579,0.0,0.389,0.1726,3.553,2.938,0.3008,-0.67,0.324,0.631,2.469,0.5454,-0.991,1.154,0.825,3.47,3.426,0.0,0.0,3.455,0.0,4.56,0.5034,0.0,0.0,0.0,0.0,2.559,1.0,0.0,0.0,-0.4849,0.528,3.0,0.0,0.0,0.0,0.0,0.0,0.0,0.5786
3.467,3.467,3.467,-0.0987,0.1487,-0.7007,0.5483,-0.1644,-0.0965,-0.0872,1.392,-0.9097,0.857,-1.396,0.0,0.0,0.0701,0.0968,-0.6436,0.0,0.3914,-0.4497,3.553,2.994,-0.12494,-0.662,0.845,-0.7764,2.262,0.631,0.1555,-0.0632,-0.09576,3.477,3.434,0.0,0.0,3.463,0.0,4.47,0.2751,0.0,0.0,0.0,0.0,-2.426,1.0,0.0,0.0,-0.1081,0.12036,0.0,1.0,0.0,0.0,0.0,0.0,0.0,-0.543
3.465,3.467,3.465,0.2913,-0.2402,-0.7007,0.4067,-0.10144,-0.4917,-0.2036,1.41,-17.1,0.7144,-1.386,-1.0,0.0,0.1895,0.2124,-0.71,0.0,0.394,0.4844,3.324,2.986,-0.507,-0.6646,-1.645,-0.813,2.004,-0.7764,0.5454,-0.991,0.9062,3.463,3.438,0.0,0.0,3.469,0.0,4.375,-0.167,0.0,0.0,0.0,0.0,-3.266,1.0,-0.5,-0.5,0.2888,-0.2307,0.0,2.0,0.0,0.0,0.0,1.0,-2.34,-0.7407
3.465,3.465,3.465,0.263,-0.2145,-0.7007,0.4067,-0.09235,-0.4785,-0.1931,1.44,0.10425,0.5713,-1.376,-1.0,0.0,0.1799,0.2004,-0.707,0.0,0.3965,-0.3425,2.846,2.951,-0.4922,-0.6636,-1.022,0.03772,1.768,-0.813,0.631,0.1555,-0.3674,3.45,3.44,0.0,0.0,3.475,0.0,4.38,-0.0987,0.0,0.0,0.0,0.0,0.10236,1.0,0.0,0.0,0.2224,-0.2487,1.0,0.0,0.0,0.0,0.0,0.0,0.0,0.02353
3.459,3.46,3.457,0.534,-0.4702,-0.7007,0.4067,-0.1432,-0.727,-0.278,1.395,0.894,0.4285,-1.366,-1.0,0.0,0.26,0.296,-0.7554,0.0,0.399,-0.3752,2.139,2.871,-0.7554,-0.6685,1.347,-0.603,1.414,0.03772,-0.7764,0.5454,-0.946,3.441,3.438,0.0,0.0,3.479,0.0,4.31,-0.4888,0.0,0.0,0.0,0.0,-1.914,0.0,0.0,-0.5,0.4968,-0.4802,0.0,1.0,0.0,0.0,0.0,0.0,0.0,-0.4397
3.453,3.457,3.451,0.5435,-0.4639,-0.723,0.4067,-0.1799,-0.721,-0.2856,1.348,0.1318,0.2856,-1.356,-1.0,0.0,0.2644,0.3076,-0.7617,0.0,0.4016,-0.667,1.545,2.756,-0.749,-0.676,-2.086,-0.0762,1.468,-0.603,-0.813,0.6304,1.154,3.43,3.436,0.0,0.0,3.477,0.0,4.3,-0.484,0.0,0.0,0.0,0.0,-0.2183,-1.0,-0.5,-0.5,0.4543,-0.5293,0.0,2.0,0.0,0.0,0.0,0.0,0.0,-0.05066
3.451,3.453,3.45,0.3293,-0.2524,-0.723,0.4067,-0.2013,-0.4666,-0.2231,1.274,-0.3179,0.1428,-1.347,-1.0,0.0,0.2,0.2427,-0.7295,0.0,0.404,-0.1337,1.05,2.592,-0.4907,-0.6875,-2.459,0.403,1.391,-0.0762,0.03772,-0.776,-0.0632,3.418,3.438,0.0,0.0,3.479,0.0,4.344,-0.659,0.0,0.0,0.0,0.0,1.482,0.0,0.0,-0.5,0.256,-0.3171,1.0,0.0,0.0,0.0,0.0,0.0,0.0,0.3445
3.453,3.457,3.453,0.00961,0.05905,-0.723,0.4067,-0.2942,-0.1086,-0.1196,1.249,-0.974,0.1428,-1.337,0.0,0.0,0.0899,0.1428,-0.6743,0.0,0.4065,0.305,0.727,2.377,-0.11646,-0.6953,-0.0686,0.687,1.217,0.403,-0.603,-0.813,-0.991,3.406,3.445,0.0,0.0,3.482,0.0,4.42,-0.3396,0.0,0.0,0.0,0.0,2.023,1.0,0.5,0.0,-0.05435,-0.02026,2.0,0.0,0.0,0.0,0.0,0.0,0.0,0.467
3.459,3.46,3.457,-0.07574,0.1411,-0.723,0.4067,-0.3506,-0.01247,-0.08374,1.281,14.88,0.1428,-1.327,0.0,0.0,0.0501,0.1111,-0.656,0.0,0.4092,-0.3755,0.4248,2.07,-0.00992,-0.6943,-0.4565,0.23,1.2,0.687,-0.0761,0.0377,0.1554,3.404,3.453,0.0,0.0,3.484,0.0,4.45,0.01144,0.0,0.0,0.0,0.0,0.7637,1.0,0.5,0.5,-0.181,0.010185,3.0,0.0,0.0,0.0,0.0,0.0,0.0,0.1743
3.46,3.46,3.46,0.05066,0.0,-0.723,0.4067,-0.41,-0.1009,-0.117,1.25,-0.802,0.1428,-1.316,0.0,0.0,0.07697,0.1511,-0.676,0.0,0.4116,-0.2345,0.2742,1.637,-0.10535,-0.6987,-1.917,-0.2451,1.15,0.23,0.4028,-0.603,0.5454,3.408,3.459,0.0,0.0,3.486,0.0,4.418,-0.4668,0.0,0.0,0.0,0.0,-0.607,1.0,0.0,0.0,-0.0467,-0.1124,0.0,1.0,0.0,0.0,0.0,0.0,0.0,-0.1381
3.459,3.459,3.459,0.3071,-0.2654,-0.723,0.4067,-0.3877,-0.3247,-0.195,1.201,-17.1,0.0,-1.307,-1.0,0.0,0.1553,0.2307,-0.7207,0.0,0.414,-0.543,0.3247,1.11,-0.324,-0.7075,-3.854,-0.556,1.201,-0.2451,0.687,-0.0761,0.6304,3.406,3.463,0.0,0.0,3.484,0.0,4.355,-0.606,0.0,0.0,0.0,0.0,-1.516,1.0,-0.5,0.0,0.1737,-0.3972,0.0,2.0,0.0,0.0,0.0,0.0,0.0,-0.346
3.46,3.46,3.46,0.001611,0.0442,-0.723,0.4067,-0.3967,-0.007706,-0.0914,1.235,-1.516,0.0,-1.297,0.0,0.0,0.05338,0.12335,-0.667,0.0,0.4167,0.3813,0.4229,0.7207,0.00922,-0.7095,-2.125,0.6694,1.199,-0.556,0.23,0.4028,-0.776,3.418,3.467,0.0,0.0,3.482,0.0,4.43,-0.04776,0.0,0.0,0.0,0.0,1.482,1.0,0.0,0.5,-0.0873,-0.06287,1.0,0.0,0.0,0.0,0.0,0.0,0.0,0.3418
3.457,3.459,3.457,0.4492,-0.4,-0.723,0.4067,-0.3374,-0.4487,-0.2303,1.21,-4.36,-0.1428,-1.287,-1.0,0.0,0.1948,0.2634,-0.7446,0.0,0.4192,0.11145,0.538,0.4573,-0.4397,-0.7124,0.0857,-0.956,1.155,0.6694,-0.245,0.6865,-0.8125,3.42,3.47,0.0,0.0,3.477,0.0,4.32,-0.4033,0.0,0.0,0.0,0.0,-2.656,0.0,0.0,0.0,0.3518,-0.4814,0.0,1.0,0.0,0.0,0.0,0.0,0.0,-0.6055
3.445,3.45,3.443,0.9683,-0.886,-0.723,0.1383,-0.1471,-0.9224,-0.3955,1.104,1.701,-0.2856,-1.277,-1.0,0.0,0.3794,0.4243,-0.8374,0.0,0.4216,1.363,0.7065,0.362,-0.935,-0.7227,-0.139,-1.156,1.496,-0.956,-0.556,0.2299,0.0377,3.406,3.47,0.0,0.0,3.467,0.0,4.19,-0.867,0.0,0.0,0.0,0.0,-2.93,-1.0,-0.5,-0.5,0.8506,-0.9497,0.0,2.0,0.0,0.0,0.0,0.0,0.0,-0.6787
3.436,3.438,3.434,0.867,-0.796,-0.723,0.1383,-0.2268,-0.791,-0.3848,0.9604,-0.03574,-0.4285,-1.268,-1.0,0.0,0.3613,0.4202,-0.8335,0.0,0.4243,-0.618,0.9595,0.4165,-0.8,-0.742,1.09,0.0498,1.801,-1.156,0.6694,-0.245,-0.6025,3.385,3.47,0.0,0.0,3.459,0.0,4.195,-1.109,0.0,1.0,0.0,0.0,0.1324,0.0,0.0,-0.5,0.7217,-0.8975,1.0,0.0,0.0,0.0,0.0,0.0,0.0,0.03128
3.428,3.43,3.426,0.713,-0.6416,-0.723,0.1383,-0.2566,-0.621,-0.3528,0.8667,-0.1329,-0.5713,-1.258,-1.0,0.0,0.3257,0.3877,-0.818,0.0,0.4268,-0.4207,1.181,0.599,-0.6304,-0.7554,1.031,0.1991,1.856,0.0498,-0.9556,-0.556,-0.0761,3.365,3.469,0.0,0.0,3.45,0.0,4.22,-0.864,0.0,0.0,0.0,0.0,0.4697,1.0,0.5,0.0,0.544,-0.7803,2.0,0.0,0.0,0.0,0.0,0.0,0.0,0.1108
3.416,3.42,3.412,0.9893,-0.9014,-0.723,0.1383,-0.2878,-0.8867,-0.449,0.785,0.719,-0.5713,-1.247,-1.0,0.0,0.4226,0.4976,-0.8726,0.0,0.4292,0.04883,1.4,0.837,-0.892,-0.7676,-0.2708,-0.6943,2.049,0.1991,-1.155,0.6694,0.4028,3.34,3.465,0.0,0.0,3.438,0.0,4.14,-0.8296,0.0,0.0,0.0,0.0,-1.88,0.0,0.0,0.0,0.83,-1.008,0.0,1.0,0.0,0.0,0.0,0.0,0.0,-0.4421
3.404,3.41,3.4,0.915,-0.815,-0.723,0.1383,-0.3203,-0.8105,-0.445,0.6934,0.0353,-0.5713,-1.237,-1.0,0.0,0.4155,0.496,-0.8716,0.0,0.432,-0.664,1.586,1.088,-0.818,-0.7793,-2.666,0.01115,2.305,-0.6943,0.0498,-0.9556,0.6865,3.32,3.46,0.0,0.0,3.43,0.0,4.145,-0.842,0.0,0.0,0.0,0.0,0.02855,1.0,0.0,0.0,0.724,-0.9624,1.0,0.0,0.0,0.0,0.0,0.0,0.0,0.00679
3.39,3.396,3.385,1.17,-1.041,-0.723,0.1383,-0.283,-1.06,-0.538,0.601,0.5356,-0.5713,-1.237,-1.0,-1.0,0.5176,0.598,-0.924,0.0,0.4343,-0.1318,1.75,1.331,-1.074,-0.79,-3.99,-0.669,2.67,0.01115,0.199,-1.155,0.2299,3.287,3.455,0.0,0.0,3.418,0.0,4.07,-0.852,0.0,0.0,0.0,0.0,-1.392,1.0,-0.5,0.0,0.981,-1.166,0.0,1.0,0.0,0.0,0.0,0.0,0.0,-0.331
3.379,3.389,3.373,0.9194,-0.7715,-0.723,0.1383,-0.2654,-0.8257,-0.4832,0.528,-0.1287,-0.5713,-1.237,-1.0,-1.0,0.4604,0.5337,-0.895,0.0,0.4368,-0.3284,1.908,1.556,-0.8403,-0.8003,-4.227,0.372,2.758,-0.669,-0.6943,0.04977,-0.245,3.268,3.45,0.0,0.0,3.406,0.0,4.11,-0.681,0.0,0.0,0.0,0.0,0.827,1.0,0.0,0.5,0.7363,-0.91,1.0,0.0,0.0,0.0,0.0,0.0,0.0,0.199
3.36,3.371,3.348,1.695,-1.485,-0.7295,0.1383,-0.1026,-1.528,-0.7256,0.3628,1.228,-0.5713,-1.237,-1.0,-1.0,0.739,0.8003,-1.029,0.0,0.4395,0.7295,2.203,1.809,-1.528,-0.823,-3.424,-1.731,3.11,0.372,0.01115,0.199,-0.556,3.244,3.438,0.0,0.0,3.387,0.0,3.922,-1.168,0.0,1.0,0.0,0.0,-5.652,0.0,0.0,0.0,1.49,-1.588,0.0,1.0,0.0,0.0,0.0,0.0,0.0,-1.352
3.336,3.354,3.32,1.844,-1.584,-0.7295,0.04922,-0.01984,-1.621,-0.799,0.1334,0.2144,-0.7144,-1.237,-1.0,-1.0,0.828,0.8804,-1.071,0.0,0.442,1.188,2.863,2.236,-1.501,-0.873,-5.035,-0.5537,3.643,-1.731,-0.669,-0.6943,0.6694,3.213,3.426,0.0,0.0,3.367,0.0,3.861,-1.53,0.0,1.0,0.0,0.0,-3.004,0.0,-0.5,-0.5,1.625,-1.69,0.0,2.0,0.0,0.0,0.0,0.0,0.0,-0.7397
3.314,3.334,3.299,1.746,-1.462,-0.7295,0.007324,0.02762,-1.4795,-0.806,-0.1127,0.0402,-0.857,-1.237,-1.0,-1.0,0.8413,0.885,-1.077,0.0,0.4443,0.2269,3.541,2.713,-1.354,-0.9053,-5.035,-0.08154,4.15,-0.5537,0.372,0.01115,-0.9556,3.18,3.41,0.0,0.0,3.35,0.0,3.854,-1.647,0.0,1.0,0.0,0.0,-0.2269,-1.0,-0.5,-1.0,1.514,-1.59,0.0,3.0,0.0,0.0,0.0,0.0,0.0,-0.0564
3.29,3.31,3.268,2.213,-1.879,-0.7295,-0.6187,0.1407,-1.842,-0.971,-0.4087,0.4343,-1.0,-1.237,-1.0,-1.0,1.043,1.079,-1.168,0.0,0.447,0.0933,4.277,3.238,-1.709,-0.942,-3.012,-1.219,4.855,-0.08154,-1.73,-0.6685,-1.155,3.143,3.395,0.0,0.0,3.33,0.0,3.727,-1.719,0.0,1.0,0.0,0.0,-4.023,-1.0,-0.5,-1.0,1.964,-1.989,0.0,4.0,0.0,0.0,0.0,0.0,0.0,-1.001
3.262,3.285,3.238,2.248,-1.874,-0.7295,-0.83,0.1786,-1.828,-1.023,-0.695,0.1345,-1.0,-1.237,-1.0,-1.0,1.109,1.143,-1.198,0.0,0.4495,-0.1058,5.02,3.785,-1.707,-0.9746,-4.29,-0.4106,5.082,-1.219,-0.5537,0.3718,0.04977,3.1,3.379,0.0,0.0,3.309,0.0,3.684,-1.707,0.0,1.0,0.0,0.0,-1.089,-2.0,-1.0,-1.0,1.964,-2.02,0.0,5.0,0.0,0.0,0.0,0.0,0.0,-0.2766
3.244,3.266,3.225,1.509,-1.167,-0.7295,-0.83,0.1506,-1.093,-0.8657,-0.9673,-0.3284,-1.143,-1.237,-1.0,-1.0,0.9204,0.9463,-1.113,0.0,0.452,0.723,5.156,4.36,-0.961,-1.01,-5.035,1.169,5.082,-0.4106,-0.08154,-1.73,0.199,3.076,3.363,0.0,0.0,3.293,0.0,3.803,-1.542,0.0,1.0,0.0,0.0,5.4,-1.0,-1.0,-1.0,1.292,-1.297,1.0,0.0,0.0,0.0,0.0,0.0,0.0,1.381
3.227,3.246,3.207,1.626,-1.3125,-0.7295,-0.83,0.1051,-1.16,-0.9346,-1.209,0.2195,-1.143,-1.237,-1.0,-1.0,0.9966,1.036,-1.151,0.0,0.4546,-0.6626,5.156,4.914,-1.048,-1.037,-5.035,-0.5234,5.082,1.169,-1.219,-0.5537,-0.694,3.043,3.348,0.0,0.0,3.273,0.0,3.748,-1.493,0.0,1.0,0.0,0.0,-1.24,-1.0,-1.0,-1.0,1.379,-1.467,0.0,1.0,0.0,0.0,0.0,0.0,0.0,-0.311
3.217,3.234,3.2,1.001,-0.715,-0.7295,-0.83,-0.0054,-0.548,-0.787,-1.344,-0.4995,-1.143,-1.237,-1.0,-1.0,0.8164,0.8647,-1.073,0.0,0.457,0.688,5.156,5.094,-0.426,-1.057,-5.035,1.067,5.082,-0.5234,-0.4106,-0.0815,0.01115,3.037,3.336,0.0,0.0,3.256,0.0,3.857,-0.942,0.0,0.0,0.0,0.0,3.297,0.0,-1.0,-0.5,0.8584,-0.8027,1.0,0.0,0.0,0.0,0.0,0.0,0.0,0.8345
3.213,3.23,3.197,0.4524,-0.1824,-0.308,-0.83,0.013084,0.03955,-0.639,-1.435,-1.346,-1.0,-1.237,0.0,-1.0,0.6533,0.6865,-0.9946,0.0,0.4597,-0.0884,5.156,5.094,0.1565,-1.068,-5.035,1.061,5.082,1.067,1.169,-1.219,-0.6685,3.047,3.326,0.0,0.0,3.24,0.0,3.967,-0.63,0.0,0.0,0.0,0.0,3.188,1.0,-0.5,-0.5,0.395,-0.2205,2.0,0.0,0.0,0.0,0.0,0.0,0.0,0.7925
3.205,3.219,3.191,0.863,-0.6255,-0.308,-0.83,0.0885,-0.325,-0.771,-1.569,-2.441,-1.0,-1.237,-1.0,-1.0,0.8066,0.8364,-1.068,0.0,0.4622,0.1062,5.156,5.094,-0.2441,-1.08,-5.035,-0.973,5.082,1.061,-0.523,-0.4106,0.3718,3.049,3.312,0.0,0.0,3.223,0.0,3.863,-0.847,0.0,0.0,0.0,0.0,-2.992,1.0,-1.0,-1.0,0.8105,-0.626,0.0,1.0,0.0,0.0,0.0,0.0,0.0,-0.731
3.188,3.201,3.174,1.558,-1.32,-0.308,-0.83,0.227,-0.967,-0.989,-1.744,3.5,-1.0,-1.237,-1.0,-1.0,1.072,1.094,-1.188,0.0,0.4646,1.203,5.156,5.094,-0.9043,-1.1,-2.309,-1.612,5.07,-0.973,1.067,1.168,-1.73,3.045,3.293,0.0,0.0,3.201,0.0,3.695,-0.9644,0.0,0.0,0.0,0.0,-6.184,0.0,-1.0,-1.0,1.553,-1.215,0.0,2.0,0.0,0.0,0.0,0.0,0.0,-1.535
3.168,3.182,3.156,1.587,-1.37,-0.308,-0.83,0.2388,-0.9766,-1.03,-1.935,0.1553,-1.0,-1.237,-1.0,-1.0,1.123,1.1455,-1.214,0.0,0.4673,-0.619,5.156,5.094,-0.935,-1.121,-1.42,-0.347,4.69,-1.612,1.061,-0.523,-0.5537,3.043,3.277,0.0,0.0,3.178,0.0,3.658,-1.008,0.0,0.0,0.0,0.0,-1.275,0.0,-1.0,-1.5,1.573,-1.272,0.0,3.0,0.0,0.0,0.0,0.0,0.0,-0.3254
3.146,3.16,3.133,1.907,-1.678,-0.308,-0.83,0.3293,-1.259,-1.149,-2.129,0.5024,-1.0,-1.237,-1.0,-1.0,1.276,1.293,-1.281,0.0,0.4697,0.5947,5.156,5.094,-1.257,-1.141,-1.703,-0.9326,4.637,-0.347,-0.973,1.067,-0.0815,3.021,3.26,0.0,0.0,3.152,0.0,3.564,-1.031,0.0,0.0,0.0,0.0,-2.805,-1.0,-1.0,-1.5,1.901,-1.546,0.0,4.0,0.0,0.0,0.0,0.0,0.0,-0.7197
3.121,3.135,3.11,2.002,-1.785,-0.308,-1.042,0.3782,-1.322,-1.215,-2.361,0.2039,-1.0,-1.237,-1.0,-1.0,1.362,1.375,-1.32,0.0,0.4722,0.09045,5.156,5.094,-1.348,-1.167,0.724,-0.544,4.848,-0.9326,-1.612,1.061,-1.218,3.0,3.24,0.0,0.0,3.13,0.0,3.51,-1.188,0.0,1.0,0.0,0.0,-2.203,-2.0,-1.0,-2.0,1.931,-1.72,0.0,5.0,0.0,0.0,0.0,0.0,0.0,-0.5747
3.105,3.117,3.094,1.484,-1.269,-0.308,-1.042,0.306,-0.855,-1.109,-2.48,-0.2815,-1.0,-1.237,-1.0,-1.0,1.226,1.242,-1.267,0.0,0.4749,0.866,5.156,5.094,-0.865,-1.1875,1.233,0.759,4.74,-0.544,-0.347,-0.973,-0.4106,2.977,3.225,0.0,0.0,3.111,0.0,3.584,-0.7812,0.0,0.0,0.0,0.0,2.834,-1.0,-0.5,-1.5,1.453,-1.197,1.0,0.0,-1.0,0.0,0.0,0.0,0.0,0.7456
3.092,3.104,3.08,1.262,-1.057,-0.308,-1.042,0.2109,-0.6655,-1.075,-2.566,-0.1377,-1.0,-1.237,-1.0,-1.0,1.175,1.206,-1.251,0.0,0.4773,0.3271,5.156,5.094,-0.6685,-1.202,-1.925,0.2192,4.4,0.759,-0.932,-1.611,1.168,2.943,3.21,0.0,0.0,3.092,0.0,3.605,-0.6416,0.0,0.0,0.0,0.0,0.6445,0.0,-0.5,-1.0,1.258,-0.9736,2.0,0.0,-1.0,0.0,0.0,0.0,0.0,0.1676
3.076,3.088,3.064,1.377,-1.172,-0.308,-1.042,0.2083,-0.788,-1.129,-2.662,0.3865,-1.0,-1.237,-1.0,-1.0,1.24,1.277,-1.283,0.0,0.4797,-0.4163,4.965,5.094,-0.788,-1.218,-1.066,-0.455,4.195,0.2192,-0.544,-0.3467,-0.523,2.916,3.193,0.0,0.0,3.072,0.0,3.56,-0.6973,0.0,0.0,0.0,0.0,-1.506,0.0,-0.5,-1.0,1.326,-1.132,0.0,1.0,-1.0,0.0,0.0,0.0,0.0,-0.39
3.066,3.078,3.055,0.9287,-0.7227,-0.308,-1.042,0.1531,-0.3977,-1.023,-2.668,-0.493,-1.0,-1.237,-1.0,-1.0,1.106,1.145,-1.23,0.0,0.4824,0.416,4.62,5.094,-0.3875,-1.225,-4.215,0.752,3.75,-0.455,0.7583,-0.932,1.067,2.91,3.176,0.0,0.0,3.057,0.0,3.635,-0.314,0.0,0.0,0.0,0.0,2.287,1.0,-0.5,-0.5,0.9214,-0.669,1.0,0.0,-1.0,0.0,0.0,0.0,0.0,0.5967
3.05,3.064,3.037,1.444,-1.211,-0.308,-1.042,0.2751,-0.934,-1.179,-2.705,2.225,-1.0,-1.237,-1.0,-1.0,1.309,1.337,-1.317,0.0,0.4849,0.7944,4.344,5.094,-0.8843,-1.239,-5.035,-1.22,3.559,0.752,0.2192,-0.544,1.06,2.896,3.156,0.0,0.0,3.04,0.0,3.51,-0.4548,0.0,0.0,0.0,0.0,-7.703,1.0,-1.0,-0.5,1.399,-1.159,0.0,1.0,-1.0,0.0,0.0,0.0,0.0,-1.985
3.04,3.05,3.027,1.083,-0.8647,-0.308,-1.042,0.1422,-0.602,-1.103,-2.777,-0.302,-1.0,-1.237,-1.0,-1.0,1.202,1.249,-1.28,0.0,0.4873,-0.5977,4.184,5.094,-0.5503,-1.252,-5.035,0.5303,2.986,-1.22,-0.455,0.7583,-0.9727,2.896,3.139,0.0,0.0,3.021,0.0,3.562,-0.6064,0.0,0.0,0.0,0.0,1.837,1.0,-0.5,-0.5,1.066,-0.809,1.0,0.0,-1.0,0.0,0.0,0.0,0.0,0.4832
3.031,3.043,3.02,0.876,-0.66,-0.308,-1.042,0.11676,-0.4143,-1.059,-2.809,-0.28,-1.0,-1.237,-1.0,-1.0,1.1455,1.193,-1.261,0.0,0.49,-0.52,4.027,5.094,-0.3748,-1.258,-2.63,0.281,2.8,0.5303,0.752,0.2192,-1.611,2.904,3.121,0.0,0.0,3.01,0.0,3.59,-0.4492,0.0,0.0,0.0,0.0,0.7236,1.0,0.0,0.0,0.831,-0.652,2.0,0.0,-1.0,0.0,0.0,0.0,0.0,0.1887
3.018,3.03,3.008,1.221,-1.022,-0.308,-1.042,0.1313,-0.729,-1.17,-2.928,1.298,-1.0,-1.237,-1.0,-1.0,1.285,1.34,-1.324,0.0,0.4924,0.615,3.871,4.883,-0.7354,-1.269,-2.01,-0.894,2.807,0.281,-1.22,-0.4548,-0.3467,2.896,3.102,0.0,0.0,3.0,0.0,3.5,-0.8706,0.0,0.0,0.0,0.0,-1.864,1.0,0.0,-0.5,1.154,-1.011,0.0,1.0,-1.0,0.0,0.0,0.0,0.0,-0.4836
3.006,3.012,3.002,1.038,-0.9204,-0.308,-1.042,0.0897,-0.521,-1.148,-3.094,-0.2289,-1.143,-1.237,-1.0,-1.0,1.254,1.314,-1.316,0.0,0.4949,-0.3005,3.691,4.543,-0.566,-1.287,-0.0686,0.11115,2.744,-0.894,0.5303,0.752,-0.932,2.889,3.084,0.0,0.0,2.988,0.0,3.512,-1.175,0.0,1.0,0.0,0.0,0.2864,1.0,0.5,-0.5,0.972,-0.922,1.0,0.0,-1.0,0.0,0.0,0.0,0.0,0.07544
3.0,3.0,3.0,0.6406,-0.5996,-0.308,-1.042,0.01688,-0.1198,-1.06,-3.186,-0.941,-1.143,-1.237,-1.0,-1.0,1.138,1.204,-1.272,0.0,0.4976,-0.3943,3.467,4.277,-0.1664,-1.303,1.144,0.6226,2.75,0.11115,0.281,-1.22,-0.5435,2.89,3.072,0.0,0.0,2.984,0.0,3.572,-0.825,0.0,0.0,0.0,0.0,1.871,2.0,1.0,0.0,0.579,-0.627,2.0,0.0,-1.0,0.0,0.0,0.0,0.0,0.492
2.996,2.994,2.998,0.4722,-0.455,-0.308,-1.042,-0.1262,0.03546,-1.02,-3.195,-17.1,-1.0,-1.237,0.0,-1.0,1.077,1.167,-1.255,0.0,0.5,-0.4478,3.21,4.047,0.01045,-1.311,-0.536,0.25,2.756,0.6226,-0.894,0.53,0.7583,2.887,3.059,0.0,0.0,2.98,0.0,3.598,-0.4001,0.0,0.0,0.0,0.0,0.667,2.0,1.0,0.5,0.4277,-0.4773,3.0,0.0,-1.0,0.0,1.0,0.0,1.704,0.1736
2.986,2.984,2.988,0.811,-0.8047,-0.308,-1.042,-0.038,-0.32,-1.124,-3.229,-2.447,-1.0,-1.237,-1.0,-1.0,1.212,1.294,-1.313,0.0,0.5024,-0.08594,2.957,3.875,-0.3386,-1.318,-1.035,-0.82,2.693,0.25,0.11115,0.281,0.2191,2.887,3.043,0.0,0.0,2.973,0.0,3.516,-0.511,0.0,0.0,0.0,0.0,-2.285,1.0,0.5,0.5,0.7446,-0.824,0.0,1.0,-1.0,0.0,0.0,1.0,-2.383,-0.5923
2.984,2.982,2.986,0.3364,-0.324,-0.308,-1.042,-0.1293,0.11615,-0.9966,-3.186,-2.191,-0.857,-1.237,0.0,-1.0,1.05,1.138,-1.248,0.0,0.505,-0.2208,2.645,3.697,0.11115,-1.319,-0.127,0.9297,2.62,-0.82,0.6226,-0.8936,-0.4548,2.893,3.033,0.0,0.0,2.967,0.0,3.605,-0.01146,0.0,0.0,0.0,0.0,3.6,2.0,1.0,1.0,0.317,-0.3293,1.0,0.0,-1.0,0.0,0.0,0.0,0.0,0.946
2.984,2.982,2.986,0.1965,-0.183,-0.308,-1.042,-0.201,0.2081,-0.9565,-3.115,0.579,-0.7144,-1.237,0.0,-1.0,0.9956,1.094,-1.228,0.0,0.508,-0.649,2.348,3.477,0.21,-1.313,-1.847,0.279,2.3,0.9297,0.25,0.1111,0.752,2.896,3.021,0.0,0.0,2.96,0.0,3.635,0.2207,0.0,0.0,0.0,0.0,0.841,2.0,1.0,1.5,0.161,-0.2168,2.0,0.0,-1.0,0.0,0.0,0.0,0.0,0.2175
2.992,2.992,2.99,-0.3564,0.4153,-0.1014,-1.042,-0.274,0.793,-0.779,-3.03,2.127,-0.5713,-1.237,0.0,-1.0,0.7827,0.8804,-1.133,0.0,0.5103,-0.10156,2.03,3.172,0.7837,-1.303,1.187,1.315,1.611,0.279,-0.82,0.622,-1.22,2.92,3.016,0.0,0.0,2.955,0.0,3.766,0.3467,0.0,0.0,0.0,0.0,4.938,2.0,1.5,1.5,-0.3225,0.414,3.0,0.0,-1.0,0.0,1.0,0.0,2.791,1.271
3.0,3.004,2.998,-0.3752,0.4624,0.0001897,-1.042,-0.3179,0.8247,-0.7505,-2.94,0.1812,-0.4285,-1.237,0.0,-1.0,0.747,0.8506,-1.119,0.0,0.5127,-0.1534,1.692,2.795,0.825,-1.295,0.535,0.195,1.35,1.315,0.9297,0.25,0.53,2.945,3.008,0.0,0.0,2.951,0.0,3.785,0.343,0.0,0.0,0.0,0.0,0.6304,2.0,1.5,1.5,-0.3672,0.4314,4.0,0.0,-0.5,0.0,0.0,0.0,0.0,0.1588
3.012,3.018,3.008,-0.6074,0.734,0.3716,-1.042,-0.3447,1.074,-0.6523,-2.805,0.4346,-0.2856,-1.237,0.0,-1.0,0.6353,0.7363,-1.066,0.0,0.515,-0.2546,1.39,2.377,1.034,-1.273,0.4033,0.7124,1.822,0.195,0.2788,-0.82,0.281,2.973,3.008,0.0,0.0,2.957,0.0,3.86,0.628,0.0,0.0,0.0,0.0,3.395,3.0,1.5,2.0,-0.605,0.678,5.0,0.0,0.0,0.0,1.0,0.0,2.76,0.8525
3.027,3.037,3.02,-0.8555,1.026,0.799,-1.042,-0.4011,1.378,-0.538,-2.666,0.4226,-0.1428,-1.237,0.0,-1.0,0.507,0.6094,-1.005,0.0,0.5176,-0.05438,1.165,1.972,1.31,-1.253,3.275,0.8203,2.521,0.7124,1.315,0.9297,-0.8936,3.004,3.01,0.0,0.0,2.967,0.0,3.945,0.646,0.0,0.0,0.0,0.0,3.617,3.0,1.5,2.0,-0.879,0.9243,5.734,0.0,0.5,0.0,0.0,0.0,0.0,0.898
3.045,3.055,3.035,-0.9165,1.107,1.015,-1.042,-0.5024,1.415,-0.4797,-2.451,0.17,0.0,-1.237,0.0,-1.0,0.4355,0.5522,-0.9736,0.0,0.52,-0.386,1.283,1.625,1.334,-1.227,4.105,0.413,3.168,0.8203,0.1948,0.2788,0.1111,3.047,3.012,0.0,0.0,2.98,0.0,3.988,1.175,1.0,0.0,0.0,0.0,1.282,3.0,1.5,2.0,-0.951,0.988,5.734,0.0,1.0,0.0,0.0,0.0,0.0,0.314
3.057,3.068,3.045,-0.494,0.702,1.015,0.5967,-0.4373,0.9263,-0.579,-2.29,-0.2074,0.1428,-1.237,0.0,-1.0,0.5474,0.6597,-1.027,0.0,0.523,-0.001039,1.66,1.445,0.849,-1.207,3.775,-0.701,3.393,0.413,0.7124,1.315,0.622,3.076,3.018,0.0,0.0,2.994,0.0,3.912,0.803,1.0,0.0,0.0,0.0,-2.12,2.0,1.5,2.0,-0.541,0.602,0.0,1.0,1.0,0.0,0.0,0.0,0.0,-0.515
3.064,3.076,3.053,-0.3142,0.5327,1.015,0.5967,-0.3977,0.699,-0.6113,-2.148,-0.0959,0.2856,-1.237,0.0,-1.0,0.586,0.6934,-1.045,0.0,0.5254,-0.1901,2.13,1.426,0.63,-1.192,4.008,-0.2365,3.574,-0.701,0.8203,0.1948,0.25,3.1,3.021,0.0,0.0,3.004,0.0,3.887,0.6655,0.0,0.0,0.0,0.0,-0.6714,1.0,1.0,1.5,-0.41,0.3933,0.0,2.0,1.0,0.0,0.0,0.0,0.0,-0.1652
3.07,3.08,3.06,-0.0866,0.2786,1.015,0.5244,-0.452,0.3655,-0.668,-1.9795,-0.3066,0.4285,-1.237,0.0,-1.0,0.643,0.765,-1.077,0.0,0.528,-0.2361,2.613,1.525,0.3403,-1.18,5.086,-0.4226,3.66,-0.2365,0.413,0.712,-0.8193,3.107,3.023,0.0,0.0,3.012,0.0,3.844,0.8374,1.0,0.0,0.0,0.0,-1.171,0.0,1.0,1.5,-0.1682,0.1725,0.0,3.0,1.0,0.0,0.0,0.0,0.0,-0.289
3.078,3.088,3.068,-0.324,0.5083,1.015,0.5244,-0.4304,0.5312,-0.58,-1.79,0.5215,0.5713,-1.237,0.0,-1.0,0.5493,0.6606,-1.031,0.0,0.5303,0.04678,3.086,1.74,0.538,-1.164,5.086,0.6123,3.766,-0.4226,-0.7007,0.82,0.929,3.117,3.025,0.0,0.0,3.023,0.0,3.906,0.9165,1.0,0.0,0.0,0.0,1.764,0.0,1.0,1.5,-0.387,0.4043,1.0,0.0,1.0,0.0,0.0,0.0,0.0,0.439
3.088,3.096,3.078,-0.364,0.5347,1.015,0.5244,-0.462,0.508,-0.551,-1.623,0.10315,0.7144,-1.237,0.0,-1.0,0.5146,0.6294,-1.016,0.0,0.5327,-0.7476,3.51,2.035,0.516,-1.1455,5.086,0.202,3.93,0.6123,-0.2365,0.413,0.2788,3.125,3.027,0.0,0.0,3.033,0.0,3.928,0.8574,1.0,0.0,0.0,0.0,0.6206,0.0,1.0,1.5,-0.4204,0.434,2.0,0.0,1.0,0.0,0.0,0.0,0.0,0.1528
3.098,3.105,3.09,-0.4526,0.609,1.015,0.5244,-0.5073,0.5415,-0.503,-1.448,0.2025,0.7144,-1.237,0.0,-1.0,0.46,0.5796,-0.9917,0.0,0.535,-0.782,3.836,2.377,0.574,-1.13,2.832,0.322,3.943,0.202,-0.4226,-0.7007,1.315,3.127,3.027,0.0,0.0,3.049,0.0,3.96,0.871,1.0,0.0,0.0,0.0,0.9463,1.0,1.0,1.5,-0.5215,0.488,3.0,0.0,1.0,0.0,0.0,0.0,0.0,0.2323
3.105,3.11,3.102,-0.3162,0.4297,1.015,0.5244,-0.5073,0.289,-0.5312,-1.248,-0.2786,0.857,-1.237,0.0,-1.0,0.49,0.612,-1.008,0.0,0.538,-0.06903,4.086,2.768,0.326,-1.107,2.826,-0.2117,3.936,0.322,0.6123,-0.2363,0.1948,3.121,3.03,0.0,0.0,3.06,0.0,3.938,1.126,1.0,0.0,0.0,0.0,-0.852,1.0,0.5,1.5,-0.409,0.2937,0.0,1.0,1.0,0.0,0.0,0.0,0.0,-0.2081
3.143,3.16,3.127,-1.631,1.803,1.019,0.5244,-0.1752,1.907,0.1313,-0.879,5.63,0.857,-1.228,0.0,0.0,-0.1366,-0.12225,-0.654,0.0,0.5405,1.824,4.727,3.459,1.872,-1.037,1.396,2.549,5.082,-0.2117,0.202,-0.4226,0.712,3.17,3.047,0.0,0.0,3.088,0.0,4.434,1.467,1.0,0.0,0.0,0.0,7.266,2.0,0.5,1.5,-1.384,2.045,1.0,0.0,1.0,0.0,1.0,0.0,4.234,5.766
3.17,3.19,3.15,-1.403,1.714,1.019,0.5244,-0.05707,1.522,-0.02722,-0.573,-0.2137,0.857,-1.218,0.0,0.0,0.02228,0.02507,-0.7383,0.0,0.543,0.2333,5.156,4.188,1.347,-0.9976,0.706,-1.033,5.082,2.549,0.322,0.612,0.82,3.209,3.06,0.0,0.0,3.115,0.0,4.312,1.09,1.0,0.0,0.0,0.0,-5.055,1.0,0.0,1.0,-1.312,1.694,0.0,1.0,1.0,0.0,0.0,0.0,0.0,-1.149
3.2,3.22,3.178,-1.517,1.803,1.019,0.5244,-0.11597,1.669,0.0783,-0.2954,0.2411,0.857,-1.208,0.0,0.0,-0.0822,-0.07544,-0.681,0.0,0.5454,-0.543,5.156,4.887,1.48,-0.963,0.5474,0.71,5.082,-1.033,-0.2117,0.2019,0.413,3.26,3.078,0.0,0.0,3.143,0.0,4.395,1.045,1.0,0.0,0.0,0.0,2.902,1.0,0.0,1.0,-1.384,1.848,1.0,0.0,1.0,0.0,0.0,0.0,0.0,0.671
3.22,3.242,3.2,-1.053,1.404,1.019,0.5244,-0.095,1.135,-0.02481,-0.0567,-0.1853,0.857,-1.198,0.0,0.0,0.0166,0.02623,-0.736,0.0,0.548,-0.2632,5.156,5.094,0.965,-0.936,3.398,-0.675,5.082,0.71,2.547,0.322,-0.7007,3.297,3.096,0.0,0.0,3.168,0.0,4.316,0.8193,1.0,0.0,0.0,0.0,-2.367,0.0,0.0,0.5,-0.9775,1.395,0.0,1.0,1.0,0.0,0.0,0.0,0.0,-0.541
3.238,3.26,3.217,-0.8267,1.169,1.019,0.5244,-0.1454,0.869,-0.06015,0.1376,-0.0902,0.857,-1.188,0.0,0.0,0.0458,0.06714,-0.755,0.0,0.5503,-0.807,5.156,5.094,0.681,-0.909,5.016,-0.2329,5.082,-0.675,-1.033,-0.2117,-0.2363,3.33,3.111,0.0,0.0,3.19,0.0,4.29,0.672,0.0,0.0,0.0,0.0,-0.852,0.0,0.0,0.0,-0.79,1.134,0.0,2.0,1.0,0.0,0.0,0.0,0.0,-0.197
3.25,3.271,3.229,-0.4316,0.7715,1.019,0.416,-0.1304,0.4417,-0.1595,0.2617,-0.3333,0.857,-1.178,0.0,0.0,0.1434,0.1687,-0.8076,0.0,0.553,-0.5854,5.156,5.094,0.2432,-0.892,5.086,-0.6636,5.082,-0.2329,0.71,2.547,-0.4224,3.354,3.125,0.0,0.0,3.213,0.0,4.215,0.38,0.0,0.0,0.0,0.0,-1.818,-1.0,0.0,-0.5,-0.4036,0.758,0.0,3.0,1.0,0.0,0.0,1.0,-1.61,-0.4219
3.264,3.285,3.242,-0.532,0.881,1.019,0.416,-0.1106,0.556,-0.09894,0.384,0.3682,0.857,-1.168,0.0,0.0,0.08624,0.10376,-0.775,0.0,0.5557,-0.06238,5.156,5.094,0.3809,-0.8813,5.086,0.4124,5.082,-0.6636,-0.675,-1.033,0.612,3.385,3.14,0.0,0.0,3.234,0.0,4.26,0.3826,0.0,0.0,0.0,0.0,1.122,0.0,0.0,-0.5,-0.518,0.844,1.0,0.0,1.0,0.0,0.0,0.0,0.0,0.2634
3.28,3.3,3.258,-0.681,1.02,1.019,0.416,-0.1526,0.6855,-0.02168,0.5605,0.355,0.857,-1.158,0.0,0.0,0.00846,0.02858,-0.733,0.0,0.558,-0.3584,5.156,5.094,0.5366,-0.8643,5.086,0.53,5.082,0.4124,-0.2329,0.7095,0.2019,3.373,3.156,0.0,0.0,3.258,0.0,4.32,0.643,0.0,0.0,0.0,0.0,1.649,0.0,0.0,0.0,-0.6396,1.001,2.0,0.0,1.0,0.0,0.0,0.0,0.0,0.3843
3.295,3.316,3.275,-0.7393,1.065,1.019,0.416,-0.1608,0.7036,0.02815,0.7637,0.1676,0.857,-1.148,0.0,0.0,-0.03934,-0.02101,-0.705,0.0,0.5605,-0.2489,5.156,5.094,0.603,-0.847,5.086,0.3464,5.082,0.53,-0.663,-0.675,0.322,3.379,3.174,0.0,0.0,3.277,0.0,4.36,0.7534,0.0,0.0,0.0,0.0,0.8374,1.0,0.0,0.5,-0.6934,1.047,3.0,0.0,1.0,0.0,0.0,0.0,0.0,0.1935
3.312,3.33,3.295,-0.744,1.038,1.019,0.416,-0.1686,0.632,0.05875,1.003,0.0467,0.857,-1.139,0.0,0.0,-0.0687,-0.05093,-0.688,0.0,0.563,-0.347,5.156,5.094,0.5723,-0.825,5.086,0.21,5.082,0.3464,0.4124,-0.2328,-0.2115,3.377,3.191,0.0,0.0,3.297,0.0,4.383,0.899,1.0,0.0,0.0,0.0,0.685,2.0,0.5,1.0,-0.703,1.014,4.0,0.0,1.0,0.0,0.0,0.0,0.0,0.1573
3.328,3.344,3.312,-0.721,0.9795,1.019,0.416,-0.1979,0.5415,0.0779,1.216,0.01019,0.857,-1.129,0.0,0.0,-0.0892,-0.0672,-0.677,0.0,0.5654,-0.342,5.156,5.094,0.4885,-0.8003,-2.594,0.1394,5.06,0.21,0.53,-0.663,2.547,3.385,3.209,0.0,0.0,3.314,0.0,4.4,0.8477,1.0,0.0,0.0,0.0,0.512,3.0,0.5,1.0,-0.67,0.969,5.0,0.0,1.0,0.0,0.0,0.0,0.0,0.1172
3.34,3.352,3.326,-0.4387,0.6533,1.019,0.416,-0.1631,0.1664,0.004196,1.402,-0.4836,0.857,-1.119,0.0,0.0,-0.01698,0.003345,-0.716,0.0,0.5684,-0.761,5.156,5.094,0.1367,-0.7812,0.234,-0.4817,5.016,0.1394,0.3464,0.4124,-1.032,3.39,3.229,0.0,0.0,3.326,0.0,4.344,0.673,0.0,0.0,0.0,0.0,-1.288,2.0,0.5,0.5,-0.375,0.678,0.0,1.0,1.0,0.0,0.0,0.0,0.0,-0.2942
3.35,3.36,3.342,-0.492,0.6523,1.019,0.416,-0.1697,0.1434,0.03546,1.58,0.0538,0.857,-1.109,0.0,0.0,-0.04703,-0.02751,-0.6987,0.0,0.571,-0.93,5.156,5.094,0.1351,-0.763,-1.652,0.2158,5.01,-0.4817,0.2098,0.53,0.7095,3.404,3.246,0.0,0.0,3.34,0.0,4.367,0.6606,0.0,0.0,0.0,0.0,0.566,2.0,0.5,0.5,-0.4001,0.7036,1.0,0.0,1.0,0.0,0.0,0.0,0.0,0.1302
3.36,3.36,3.36,-0.3965,0.4397,1.019,0.416,-0.1947,-0.0807,0.006065,1.764,-0.8076,0.857,-1.099,0.0,0.0,-0.02159,0.004494,-0.7144,0.0,0.573,-0.5005,5.156,5.094,-0.0949,-0.74,0.1757,-0.1935,4.805,0.2158,0.1394,0.3464,-0.6743,3.412,3.264,0.0,0.0,3.354,0.0,4.344,0.662,0.0,0.0,0.0,0.0,-0.3096,1.0,0.5,0.5,-0.476,0.312,0.0,1.0,1.0,0.0,0.0,0.0,0.0,-0.071
3.365,3.363,3.37,-0.2054,0.2137,1.019,0.416,-0.6265,-0.2144,-0.0473,1.706,-4.117,0.7144,-1.089,-1.0,0.0,-0.00955,0.1001,-0.7427,0.0,0.5757,-0.1666,4.754,5.094,-0.244,-0.7437,0.8945,-0.3506,4.438,-0.1935,-0.4814,0.2098,-0.2328,3.41,3.28,0.0,0.0,3.367,0.0,4.305,-0.5366,0.0,0.0,0.0,0.0,-0.748,0.0,0.5,0.0,-0.3184,0.0646,0.0,2.0,1.0,0.0,0.0,0.0,0.0,-0.1721
3.371,3.37,3.375,-0.2761,0.2815,1.019,0.416,-0.694,-0.1041,-0.01242,1.712,-1.075,0.7144,-1.079,0.0,0.0,-0.04877,0.071,-0.7236,0.0,0.578,-0.4624,4.305,5.094,-0.1193,-0.7456,2.764,0.2386,3.844,-0.3506,0.2157,0.1394,-0.663,3.408,3.297,0.0,0.0,3.383,0.0,4.332,-0.0609,0.0,0.0,0.0,0.0,0.4841,0.0,1.0,0.5,-0.408,0.1062,1.0,0.0,1.0,0.0,0.0,0.0,0.0,0.11206
3.375,3.373,3.379,-0.0854,0.0846,1.019,0.416,-0.708,-0.2435,-0.06494,1.666,-13.766,0.5713,-1.069,-1.0,0.0,2.855e-05,0.126,-0.7515,0.0,0.5806,-0.552,3.861,5.094,-0.2498,-0.752,1.932,-0.3457,3.28,0.2386,-0.1935,-0.4814,0.412,3.4,3.312,0.0,0.0,3.396,0.0,4.293,-0.526,0.0,0.0,0.0,0.0,-0.873,0.0,0.5,0.0,-0.2451,-0.10626,0.0,1.0,1.0,0.0,0.0,0.0,0.0,-0.2012
3.38,3.377,3.385,-0.1675,0.1659,1.019,0.416,-0.7485,-0.1284,-0.02933,1.667,-0.8403,0.4285,-1.06,-1.0,0.0,-0.0376,0.0934,-0.732,0.0,0.5835,-0.657,3.414,5.094,-0.123,-0.754,0.5605,0.2391,2.633,-0.3457,-0.3503,0.2157,0.5293,3.393,3.328,0.0,0.0,3.408,0.0,4.316,-0.11365,0.0,0.0,0.0,0.0,0.514,0.0,0.5,0.5,-0.3213,-0.02478,1.0,0.0,1.0,0.0,0.0,0.0,0.0,0.11926
3.383,3.38,3.387,0.01901,-0.02036,1.019,0.416,-0.703,-0.2983,-0.08203,1.665,14.195,0.2856,-1.05,-1.0,0.0,0.0169,0.1431,-0.7603,0.0,0.586,-0.3816,3.012,4.805,-0.2996,-0.7524,-0.3953,-0.3518,1.905,0.2391,0.2386,-0.1935,0.3462,3.387,3.338,0.0,0.0,3.42,0.0,4.277,-0.171,0.0,0.0,0.0,0.0,-0.69,0.0,0.0,0.5,-0.164,-0.2284,0.0,1.0,1.0,0.0,0.0,0.0,0.0,-0.1594
3.383,3.379,3.389,0.136,-0.1473,1.019,0.416,-0.7305,-0.43,-0.1189,1.681,0.929,0.1428,-1.04,-1.0,0.0,0.0501,0.1837,-0.78,0.0,0.5884,-0.5537,2.598,4.035,-0.439,-0.749,-1.17,-0.245,0.6035,-0.3518,-0.3457,-0.3503,0.2098,3.377,3.35,0.0,0.0,3.43,0.0,4.25,0.04364,0.0,0.0,0.0,0.0,-0.537,0.0,-0.5,0.5,-0.059,-0.3594,0.0,2.0,1.0,0.0,0.0,0.0,0.0,-0.12476
3.38,3.379,3.385,0.2795,-0.285,-0.5635,0.416,-0.7144,-0.5684,-0.165,1.664,0.6255,0.0,-1.029,-1.0,0.0,0.09656,0.2303,-0.8047,0.0,0.591,0.0497,2.092,3.492,-0.5923,-0.748,-1.875,-0.3115,0.5806,-0.245,0.239,0.2385,0.1394,3.365,3.357,0.0,0.0,3.422,0.0,4.215,-0.3345,0.0,0.0,0.0,0.0,-0.7617,-1.0,-1.0,0.0,0.06052,-0.512,0.0,3.0,1.0,0.0,0.0,0.0,0.0,-0.1777
3.379,3.377,3.38,0.359,-0.354,-0.5635,0.416,-0.744,-0.624,-0.1934,1.609,0.2776,-0.1428,-1.02,-1.0,0.0,0.1219,0.2632,-0.82,0.0,0.5933,-0.717,1.537,3.004,-0.655,-0.7534,-0.9673,-0.1924,0.7476,-0.3115,-0.3518,-0.3457,-0.4814,3.355,3.363,0.0,0.0,3.418,0.0,4.195,-0.767,0.0,0.0,0.0,0.0,-0.4285,-1.0,-1.0,-0.5,0.1214,-0.595,0.0,4.0,1.0,0.0,0.0,0.0,0.0,-0.10046
3.377,3.375,3.38,0.2295,-0.22,-0.5635,0.416,-0.7534,-0.461,-0.1556,1.552,-0.2086,-0.2856,-1.01,-1.0,0.0,0.0839,0.2244,-0.8,0.0,0.596,-0.2693,0.9424,2.568,-0.497,-0.76,-1.925,0.2537,0.734,-0.1924,-0.245,0.239,0.2157,3.346,3.367,0.0,0.0,3.414,0.0,4.223,-0.8413,0.0,0.0,0.0,0.0,0.7256,-1.0,-1.0,-0.5,0.0008383,-0.4612,1.0,0.0,1.0,0.0,0.0,0.0,0.0,0.1708
3.373,3.371,3.377,0.391,-0.3801,-0.5635,0.416,-0.7627,-0.581,-0.2104,1.466,0.524,-0.4285,-1.0,-1.0,0.0,0.1371,0.283,-0.8296,0.0,0.5986,-0.5073,0.4146,2.156,-0.626,-0.7686,-1.734,-0.3733,0.8804,0.2537,-0.3115,-0.3516,-0.1934,3.336,3.373,0.0,0.0,3.41,0.0,4.18,-1.145,0.0,1.0,0.0,0.0,-0.6714,-1.0,-1.0,-1.0,0.1628,-0.6084,0.0,1.0,1.0,0.0,0.0,0.0,0.0,-0.1573
3.361,3.361,3.361,1.02,-0.979,-0.5635,0.319,-0.651,-1.14,-0.4133,1.309,1.458,-0.5713,-0.99,-1.0,0.0,0.353,0.4924,-0.9385,0.0,0.601,0.05496,0.328,1.794,-1.145,-0.7935,-1.157,-1.387,1.501,-0.3733,-0.1923,-0.2449,-0.3503,3.309,3.377,0.0,0.0,3.4,0.0,4.027,-1.562,0.0,1.0,0.0,0.0,-3.828,-1.0,-1.0,-1.5,0.782,-1.168,0.0,2.0,1.0,0.0,0.0,1.0,-3.275,-0.9023
3.344,3.348,3.34,1.409,-1.321,-0.5635,-0.1749,-0.591,-1.471,-0.55,1.132,0.497,-0.7144,-0.99,-1.0,-1.0,0.5024,0.6406,-1.013,0.0,0.6035,-0.1527,0.76,1.496,-1.451,-0.8184,-2.492,-0.9614,2.312,-1.387,0.2537,-0.3115,0.2385,3.277,3.379,0.0,0.0,3.393,0.0,3.924,-1.625,0.0,1.0,0.0,0.0,-2.693,-1.0,-1.5,-1.5,1.164,-1.489,0.0,3.0,1.0,0.0,0.0,0.0,0.0,-0.65
3.32,3.33,3.312,1.844,-1.686,-0.5635,-0.7363,-0.437,-1.816,-0.702,0.8936,0.4229,-0.857,-0.99,-1.0,-1.0,0.6826,0.804,-1.095,0.0,0.606,0.2888,1.676,1.401,-1.697,-0.8647,-2.53,-1.092,3.338,-0.9614,-0.3733,-0.1923,-0.3457,3.236,3.377,0.0,0.0,3.377,0.0,3.807,-1.719,0.0,1.0,0.0,0.0,-4.5,-1.0,-1.5,-2.0,1.586,-1.834,0.0,4.0,1.0,0.0,0.0,1.0,-3.322,-1.104
3.303,3.312,3.291,1.507,-1.319,-0.5635,-0.7363,-0.4392,-1.471,-0.6396,0.689,-0.0798,-1.0,-0.99,-1.0,-1.0,0.6133,0.7305,-1.063,0.0,0.6084,-0.3257,2.475,1.56,-1.348,-0.891,-4.375,0.4275,3.914,-1.092,-1.387,0.2534,0.239,3.203,3.375,0.0,0.0,3.361,0.0,3.852,-1.62,0.0,1.0,0.0,0.0,1.261,-1.0,-1.5,-1.5,1.261,-1.48,1.0,0.0,1.0,0.0,0.0,0.0,0.0,0.315
3.281,3.295,3.27,1.716,-1.502,-0.5635,-0.7363,-0.4521,-1.629,-0.731,0.4727,0.271,-1.0,-0.99,-1.0,-1.0,0.713,0.84,-1.113,0.0,0.6113,-0.685,3.277,1.956,-1.492,-0.9204,-4.543,-0.6743,4.5,0.4275,-0.9614,-0.3733,-0.3516,3.166,3.371,0.0,0.0,3.344,0.0,3.781,-1.651,0.0,1.0,0.0,0.0,-2.107,-1.0,-1.5,-1.5,1.468,-1.649,0.0,1.0,1.0,0.0,0.0,0.0,0.0,-0.523
3.264,3.277,3.25,1.509,-1.274,-0.5635,-0.7363,-0.418,-1.388,-0.7036,0.2537,-0.03217,-1.143,-0.99,-1.0,-1.0,0.6855,0.8037,-1.101,0.0,0.614,0.05444,4.13,2.55,-1.207,-0.956,-5.035,0.1705,4.844,-0.6743,-1.092,-1.386,-0.2449,3.127,3.37,0.0,0.0,3.324,0.0,3.799,-1.696,0.0,1.0,0.0,0.0,0.72,0.0,-1.0,-1.5,1.256,-1.443,1.0,0.0,1.0,0.0,0.0,0.0,0.0,0.1807
3.25,3.266,3.236,1.175,-0.932,-1.073,-0.7363,-0.3918,-1.024,-0.633,0.07367,-0.1702,-1.143,-0.99,-1.0,-1.0,0.6104,0.7183,-1.065,0.0,0.616,0.1208,4.895,3.172,-0.8413,-0.9795,-5.035,0.4807,4.934,0.1705,0.4272,-0.961,-0.3115,3.098,3.355,0.0,0.0,3.307,0.0,3.848,-1.416,0.0,1.0,0.0,0.0,1.327,1.0,-0.5,-1.0,0.9517,-1.094,2.0,0.0,1.0,0.0,0.0,0.0,0.0,0.332
3.244,3.258,3.23,0.721,-0.4897,-0.6597,-0.7363,-0.3713,-0.52,-0.517,-0.083,-0.465,-1.143,-0.99,-1.0,-1.0,0.487,0.5825,-1.006,0.0,0.6187,-0.1624,5.156,3.738,-0.3547,-0.997,-5.035,0.8027,4.9,0.4807,-0.6743,-1.092,-0.1923,3.088,3.348,0.0,0.0,3.295,0.0,3.932,-1.173,0.0,1.0,0.0,0.0,2.922,2.0,0.0,-1.0,0.5547,-0.6255,3.0,0.0,1.0,0.0,0.0,0.0,0.0,0.7256
3.236,3.248,3.225,0.784,-0.5703,-0.6597,-0.7363,-0.3484,-0.5234,-0.5503,-0.236,0.1519,-1.143,-0.99,-1.0,-1.0,0.5244,0.618,-1.024,0.0,0.621,-0.1415,5.156,4.215,-0.3967,-1.01,-5.035,-0.2524,4.793,0.8027,0.1705,0.4272,0.2534,3.086,3.338,0.0,0.0,3.28,0.0,3.904,-1.154,0.0,1.0,0.0,0.0,-0.552,1.0,-0.5,-1.0,0.6226,-0.696,0.0,1.0,1.0,0.0,0.0,0.0,0.0,-0.1351
3.225,3.236,3.215,1.029,-0.8267,-0.6597,-0.7363,-0.2866,-0.709,-0.6406,-0.4065,0.642,-1.143,-0.99,-1.0,-1.0,0.628,0.717,-1.074,0.0,0.6235,-0.00946,5.156,4.594,-0.6123,-1.026,-5.035,-0.657,4.754,-0.2524,0.4807,-0.6743,-0.373,3.09,3.328,0.0,0.0,3.264,0.0,3.834,-1.214,0.0,1.0,0.0,0.0,-1.621,1.0,-0.5,-1.0,0.876,-0.9243,0.0,2.0,1.0,-0.5,0.0,0.0,0.0,-0.3987
3.21,3.223,3.201,1.202,-1.022,-0.6597,-0.7363,-0.3154,-0.8384,-0.716,-0.586,0.3816,-1.143,-0.99,-1.0,-1.0,0.7085,0.8086,-1.116,0.0,0.6265,-0.455,5.156,4.957,-0.7456,-1.048,-3.88,-0.5596,4.793,-0.657,0.8027,0.1704,-1.386,3.082,3.316,0.0,0.0,3.246,0.0,3.775,-1.245,0.0,1.0,0.0,0.0,-2.104,0.0,-0.5,-1.0,1.068,-1.085,0.0,3.0,1.0,-0.5,0.0,0.0,0.0,-0.523
3.195,3.205,3.188,1.344,-1.178,-0.6597,-0.7363,-0.292,-0.9355,-0.785,-0.783,0.2908,-1.143,-0.99,-1.0,-1.0,0.7886,0.8896,-1.154,0.0,0.629,-0.7896,5.156,5.094,-0.87,-1.068,-1.945,-0.5176,4.777,-0.5596,-0.2524,0.4805,-0.961,3.078,3.307,0.0,0.0,3.227,0.0,3.723,-1.286,0.0,1.0,0.0,0.0,-1.596,-1.0,-0.5,-1.0,1.223,-1.216,0.0,4.0,1.0,-0.5,0.0,0.0,0.0,-0.4006
3.186,3.191,3.18,0.9688,-0.8496,-0.6597,-0.7363,-0.3174,-0.534,-0.709,-0.972,-0.394,-1.143,-0.99,-1.0,-1.0,0.7007,0.8003,-1.114,0.0,0.6313,-0.297,5.156,5.094,-0.4792,-1.09,0.4124,0.54,4.64,-0.5176,-0.6567,0.8022,-1.092,3.076,3.297,0.0,0.0,3.21,0.0,3.777,-1.1875,0.0,1.0,0.0,0.0,1.368,-1.0,0.0,-1.0,0.901,-0.859,1.0,0.0,1.0,-0.5,0.0,0.0,0.0,0.3464
3.174,3.176,3.174,0.945,-0.8867,-0.6597,-0.7363,-0.3218,-0.479,-0.731,-1.151,-0.000909,-1.143,-0.99,-1.0,-1.0,0.725,0.827,-1.127,0.0,0.634,-0.548,5.156,5.094,-0.4758,-1.104,-0.7485,-0.1705,4.36,0.54,-0.5596,-0.2524,0.4272,3.068,3.283,0.0,0.0,3.193,0.0,3.76,-1.156,0.0,1.0,0.0,0.0,-0.3699,-1.0,-0.5,-1.0,0.8394,-0.9385,0.0,1.0,1.0,-0.5,0.0,0.0,0.0,-0.09283
3.166,3.166,3.168,0.732,-0.7095,-0.6597,-0.7363,-0.442,-0.2688,-0.692,-1.25,-0.4907,-1.143,-0.99,-1.0,-1.0,0.6704,0.792,-1.107,0.0,0.636,-0.544,5.156,5.094,-0.265,-1.116,0.769,0.2712,4.023,-0.1705,-0.5176,-0.6567,-0.674,3.055,3.271,0.0,0.0,3.176,0.0,3.787,-0.805,0.0,0.0,0.0,0.0,0.7505,0.0,0.0,-0.5,0.619,-0.7856,1.0,0.0,1.0,-0.5,0.0,0.0,0.0,0.189
3.164,3.162,3.166,0.3135,-0.292,-0.6597,-0.7363,-0.4255,0.1458,-0.5786,-1.273,-2.816,-1.0,-0.99,0.0,-1.0,0.548,0.658,-1.047,0.0,0.6387,-0.4,4.867,5.094,0.1476,-1.119,0.357,0.816,3.592,0.2712,0.54,-0.559,0.1704,3.053,3.262,0.0,0.0,3.164,0.0,3.871,-0.2766,0.0,0.0,0.0,0.0,2.453,1.0,0.0,0.0,0.213,-0.3872,2.0,0.0,1.0,-0.5,1.0,0.0,2.29,0.6147
3.168,3.17,3.17,-0.1384,0.1835,-0.3162,-0.7363,-0.4858,0.593,-0.435,-1.201,2.021,-0.857,-0.98,0.0,0.0,0.3904,0.501,-0.9697,0.0,0.6416,0.2568,4.32,5.094,0.5933,-1.111,-0.684,1.025,3.19,0.816,-0.1705,-0.5176,0.4805,3.064,3.252,0.0,0.0,3.156,0.0,3.979,0.3752,0.0,0.0,0.0,0.0,3.969,2.0,0.0,0.5,-0.1898,0.10645,3.0,0.0,1.0,-0.5,0.0,0.0,0.0,0.981
3.178,3.18,3.176,-0.383,0.4622,0.03406,-0.7363,-0.4941,0.86,-0.3403,-1.118,0.557,-0.7144,-0.97,0.0,0.0,0.2917,0.397,-0.9185,0.0,0.644,-0.5273,3.635,5.094,0.795,-1.091,-2.422,0.672,2.88,1.025,0.2712,0.54,0.8022,3.09,3.246,0.0,0.0,3.152,0.0,4.05,0.435,0.0,0.0,0.0,0.0,4.156,2.0,0.0,0.5,-0.4348,0.3657,4.0,0.0,1.0,-0.5,1.0,0.0,2.996,1.01
3.188,3.191,3.184,-0.432,0.547,0.1808,-0.7363,-0.4023,0.8975,-0.301,-0.9897,0.185,-0.5713,-0.9604,0.0,0.0,0.26,0.3455,-0.897,0.0,0.6465,0.6523,2.932,5.043,0.8296,-1.074,-1.463,0.2815,2.494,0.672,0.816,-0.1705,-0.2524,3.123,3.24,0.0,0.0,3.148,0.0,4.08,0.766,1.0,0.0,0.0,0.0,1.155,3.0,0.5,1.0,-0.492,0.4377,5.0,0.0,1.0,-0.5,0.0,0.0,0.0,0.2776
3.193,3.2,3.19,-0.257,0.3784,0.1808,-0.7363,-0.4456,0.6807,-0.3384,-0.8765,-0.09174,-0.4285,-0.9507,0.0,0.0,0.2942,0.3904,-0.9165,0.0,0.649,-0.5654,2.379,4.434,0.6064,-1.06,0.685,-0.2522,2.146,0.2815,1.025,0.2712,-0.6567,3.148,3.234,0.0,0.0,3.145,0.0,4.05,0.622,0.0,0.0,0.0,0.0,-0.7007,2.0,0.5,0.5,-0.3428,0.255,0.0,1.0,1.0,-0.5,0.0,0.0,0.0,-0.1676
3.209,3.217,3.201,-0.6763,0.8345,0.1808,-0.7363,-0.4666,1.134,-0.1774,-0.7393,0.7666,-0.2856,-0.9404,0.0,0.0,0.1309,0.2197,-0.8296,0.0,0.6514,-0.009346,1.966,3.777,1.055,-1.042,2.666,1.126,2.549,-0.2522,0.672,0.816,-0.559,3.188,3.23,0.0,0.0,3.148,0.0,4.17,0.75,0.0,0.0,0.0,0.0,3.854,2.0,1.0,0.5,-0.7354,0.707,1.0,0.0,1.0,-0.5,0.0,0.0,0.0,0.9253
3.22,3.229,3.21,-0.5337,0.708,0.1808,-0.7363,-0.5,0.996,-0.1959,-0.6445,0.02248,-0.1428,-0.9307,0.0,0.0,0.1462,0.2426,-0.838,0.0,0.654,-0.595,1.727,3.094,0.909,-1.028,4.973,-0.1105,2.941,1.126,0.2815,1.024,-0.5176,3.22,3.229,0.0,0.0,3.156,0.0,4.16,0.551,0.0,0.0,0.0,0.0,-0.397,1.0,1.0,0.0,-0.617,0.565,0.0,1.0,1.0,-0.5,0.0,0.0,0.0,-0.0936
3.232,3.244,3.223,-0.554,0.759,0.1808,0.2025,-0.4578,1.026,-0.16,-0.522,0.1729,0.0,-0.921,0.0,0.0,0.1146,0.2006,-0.8184,0.0,0.6567,0.3506,1.69,2.564,0.946,-1.015,4.7,0.2546,3.285,-0.1105,-0.2522,0.672,0.5396,3.25,3.227,0.0,0.0,3.17,0.0,4.188,0.7104,0.0,0.0,0.0,0.0,0.992,1.0,1.0,0.5,-0.671,0.5776,1.0,0.0,1.0,-0.5,0.0,0.0,0.0,0.2343
3.24,3.254,3.23,-0.2993,0.5137,0.1808,0.2025,-0.424,0.718,-0.2191,-0.3826,-0.1538,0.1428,-0.911,0.0,0.0,0.176,0.2598,-0.8496,0.0,0.659,0.1833,1.882,2.111,0.665,-1.002,5.086,-0.3967,3.486,0.2546,1.126,0.2815,-0.1704,3.266,3.223,0.0,0.0,3.18,0.0,4.145,0.8174,1.0,0.0,0.0,0.0,-1.228,0.0,1.0,0.5,-0.4448,0.3213,0.0,1.0,1.0,-0.5,0.0,0.0,0.0,-0.2886
3.248,3.26,3.238,-0.2085,0.4097,0.1808,0.2025,-0.46,0.5454,-0.2335,-0.2185,-0.0836,0.2856,-0.901,0.0,0.0,0.187,0.2786,-0.8574,0.0,0.6616,-0.8457,2.285,1.818,0.5034,-0.984,5.086,-0.09985,3.541,-0.3967,-0.1105,-0.2522,0.2712,3.273,3.219,0.0,0.0,3.191,0.0,4.133,1.036,1.0,0.0,0.0,0.0,-0.2468,0.0,0.5,0.5,-0.3748,0.2018,0.0,2.0,1.0,-0.5,0.0,0.0,0.0,-0.05844
3.254,3.264,3.246,-0.1886,0.3647,0.1808,0.2025,-0.474,0.42,-0.2288,-0.02768,-0.0654,0.4285,-0.891,0.0,0.0,0.181,0.2747,-0.855,0.0,0.664,-0.7715,2.762,1.773,0.4033,-0.966,5.086,0.02779,3.572,-0.09985,0.2546,1.125,0.816,3.28,3.217,0.0,0.0,3.203,0.0,4.137,1.326,1.0,0.0,0.0,0.0,0.06006,0.0,0.5,1.0,-0.37,0.142,1.0,0.0,1.0,-0.5,0.0,0.0,0.0,0.014244
3.266,3.275,3.258,-0.4783,0.645,0.1808,0.2025,-0.4775,0.6484,-0.11896,0.1663,0.611,0.5713,-0.8813,0.0,0.0,0.0728,0.1597,-0.796,0.0,0.6665,-0.2261,3.207,1.915,0.6567,-0.947,3.21,0.7554,3.76,0.02779,-0.3967,-0.1105,1.024,3.295,3.217,0.0,0.0,3.215,0.0,4.22,1.358,1.0,0.0,0.0,0.0,2.127,1.0,0.5,1.0,-0.6064,0.4583,2.0,0.0,1.0,-0.5,0.0,0.0,0.0,0.5044
3.27,3.275,3.264,0.00784,0.124,0.1808,0.2025,-0.3936,0.03595,-0.2666,0.3223,-0.737,0.7144,-0.871,0.0,0.0,0.2261,0.3076,-0.874,0.0,0.6694,-0.3484,3.52,2.152,0.08765,-0.934,2.043,-0.9873,3.807,0.7554,-0.09985,0.2544,0.6714,3.29,3.215,0.0,0.0,3.22,0.0,4.11,0.907,1.0,0.0,0.0,0.0,-1.436,0.0,0.0,1.0,-0.0968,0.0001923,0.0,1.0,1.0,-0.5,0.0,0.0,0.0,-0.336
3.273,3.275,3.27,-0.03293,0.1154,0.1808,0.2025,-0.3792,-0.03137,-0.2554,0.4683,-0.3457,0.857,-0.8613,0.0,0.0,0.2161,0.294,-0.8677,0.0,0.672,-0.4023,3.682,2.459,0.03084,-0.9185,1.446,0.0837,3.83,-0.9873,0.02779,-0.3967,0.2815,3.285,3.213,0.0,0.0,3.227,0.0,4.117,0.8765,1.0,0.0,0.0,0.0,0.262,1.0,0.0,1.0,-0.1484,-0.02332,1.0,0.0,0.0,-0.5,0.0,0.0,0.0,0.06235
3.275,3.275,3.277,0.0063,0.02652,0.1808,0.2025,-0.4421,-0.1552,-0.2705,0.57,-1.478,0.7144,-0.8516,-1.0,0.0,0.2257,0.3164,-0.875,0.0,0.6743,-0.4531,3.676,2.78,-0.0806,-0.9077,2.22,-0.09467,3.738,0.0837,0.7554,-0.09985,-0.2522,3.277,3.213,0.0,0.0,3.236,0.0,4.105,0.6704,0.0,0.0,0.0,0.0,-0.3184,1.0,0.0,0.5,-0.1356,-0.1378,0.0,1.0,0.0,-0.5,0.0,0.0,0.0,-0.0756
3.273,3.273,3.277,0.2233,-0.2108,0.1808,0.2025,-0.4531,-0.413,-0.3408,0.602,7.215,0.5713,-0.842,-1.0,0.0,0.296,0.3938,-0.912,0.0,0.677,-0.02925,3.566,3.078,-0.3665,-0.8984,-0.6333,-0.474,3.473,-0.09467,-0.9873,0.02777,1.125,3.27,3.213,0.0,0.0,3.246,0.0,4.055,0.1593,0.0,0.0,0.0,0.0,-1.51,0.0,-0.5,0.0,0.06665,-0.3743,0.0,2.0,0.0,-0.5,0.0,0.0,0.0,-0.3594
3.275,3.273,3.28,0.04883,-0.0409,0.1808,0.716,-0.469,-0.2461,-0.288,0.615,-0.4717,0.4285,-0.8315,-1.0,0.0,0.241,0.338,-0.883,0.0,0.679,-0.3389,3.441,3.316,-0.2279,-0.891,-0.618,0.3767,3.004,-0.474,0.0837,0.7554,-0.1104,3.268,3.217,0.0,0.0,3.258,0.0,4.094,0.05527,0.0,0.0,0.0,0.0,1.239,0.0,0.0,0.0,-0.0891,-0.1976,1.0,0.0,0.0,-0.5,0.0,0.0,0.0,0.2974
3.28,3.277,3.283,-0.06223,0.0627,0.1808,0.716,-0.5996,-0.1307,-0.2517,0.624,-0.823,0.2856,-0.822,-1.0,0.0,0.1927,0.3115,-0.862,0.0,0.6816,-0.7554,3.264,3.457,-0.12354,-0.887,-1.462,0.2683,2.604,0.3767,-0.09467,-0.987,0.2544,3.266,3.225,0.0,0.0,3.27,0.0,4.125,0.05096,0.0,0.0,0.0,0.0,0.658,1.0,0.0,0.0,-0.1886,-0.09,2.0,0.0,0.0,-0.5,0.0,0.0,0.0,0.1569
3.28,3.277,3.283,0.116,-0.1219,0.1808,0.716,-0.5645,-0.3196,-0.3071,0.6294,13.44,0.1428,-0.812,-1.0,0.0,0.2517,0.3677,-0.89,0.0,0.6846,-0.2693,3.03,3.494,-0.3171,-0.8843,-0.5347,-0.3616,1.982,0.2683,-0.474,0.0836,-0.3967,3.254,3.229,0.0,0.0,3.28,0.0,4.086,0.000946,0.0,0.0,0.0,0.0,-1.107,0.0,0.0,0.0,-0.05896,-0.3137,0.0,1.0,0.0,-0.5,0.0,0.0,0.0,-0.263
3.283,3.281,3.29,-0.10016,0.0926,0.1808,0.716,-0.6274,-0.067,-0.2375,0.602,-1.212,0.1428,-0.802,0.0,0.0,0.1761,0.2988,-0.8516,0.0,0.687,-0.4358,2.744,3.398,-0.06964,-0.8853,-0.4058,0.498,1.262,-0.3616,0.3767,-0.09467,-0.0998,3.256,3.236,0.0,0.0,3.291,0.0,4.137,-0.2703,0.0,0.0,0.0,0.0,1.545,1.0,0.5,0.0,-0.2397,-0.0774,1.0,0.0,0.0,-0.5,0.0,0.0,0.0,0.369
3.29,3.285,3.293,-0.1222,0.11475,0.1808,0.716,-0.619,-0.01284,-0.2255,0.583,1.378,0.1428,-0.792,0.0,0.0,0.1648,0.2852,-0.8433,0.0,0.6895,-0.4749,2.396,3.193,-0.01329,-0.886,-0.4612,0.10547,0.673,0.498,0.268,-0.474,0.02777,3.26,3.244,0.0,0.0,3.3,0.0,4.15,-0.1688,0.0,0.0,0.0,0.0,0.2683,2.0,0.5,0.5,-0.2683,-0.0642,2.0,0.0,0.0,-0.5,0.0,0.0,0.0,0.06354
3.29,3.285,3.293,0.1282,-0.145,0.1808,0.716,-0.687,-0.2372,-0.305,0.5254,-2.264,0.0,-0.782,-1.0,0.0,0.2384,0.377,-0.884,0.0,0.692,-0.6846,1.989,2.914,-0.2389,-0.89,-2.459,-0.515,0.3965,0.10547,-0.3616,0.3767,0.755,3.258,3.25,0.0,0.0,3.305,0.0,4.094,-0.5107,0.0,0.0,0.0,0.0,-1.498,1.0,0.0,0.0,-0.0246,-0.3118,0.0,1.0,0.0,-0.5,0.0,0.0,0.0,-0.354
3.29,3.285,3.293,0.1416,-0.1606,0.1808,0.716,-0.7495,-0.2345,-0.3123,0.4868,0.1191,-0.1428,-0.7725,-1.0,0.0,0.2405,0.391,-0.8857,0.0,0.6943,-0.511,1.515,2.629,-0.2311,-0.894,-0.0641,-0.02795,0.3206,-0.515,0.498,0.268,-0.987,3.262,3.254,0.0,0.0,3.307,0.0,4.09,-0.3616,0.0,0.0,0.0,0.0,-0.0688,0.0,0.0,0.0,-0.01491,-0.3303,0.0,2.0,0.0,-0.5,0.0,0.0,0.0,-0.0164
3.29,3.285,3.295,0.06134,-0.07886,-0.8306,0.716,-0.73,-0.138,-0.2893,0.4607,-0.744,-0.2856,-0.762,-1.0,0.0,0.2188,0.364,-0.8716,0.0,0.697,-0.664,1.05,2.334,-0.1395,-0.894,-0.3293,0.1846,0.2864,-0.02795,0.10547,-0.3616,0.0836,3.264,3.258,0.0,0.0,3.307,0.0,4.11,-0.224,0.0,0.0,0.0,0.0,0.722,1.0,0.0,0.5,-0.0823,-0.2407,1.0,0.0,0.0,-0.5,0.0,0.0,0.0,0.1724
3.309,3.31,3.307,-0.965,1.034,0.000904,0.716,-0.5,1.0205,0.0747,0.5454,-17.1,-0.2856,-0.7524,0.0,0.0,-0.1133,-0.0351,-0.674,0.0,0.6997,2.01,0.6963,2.07,0.9697,-0.875,-0.0881,2.537,1.037,0.1846,-0.515,0.498,-0.09467,3.287,3.271,0.0,0.0,3.318,0.0,4.387,0.5796,0.0,0.0,0.0,0.0,7.266,1.0,0.5,0.5,-0.9907,0.92,2.0,0.0,0.0,-0.5,0.0,0.0,0.0,3.336
3.334,3.342,3.326,-1.359,1.518,0.6865,0.716,-0.4526,1.583,0.2683,0.661,0.6855,-0.2856,-0.7427,0.0,0.0,-0.2854,-0.2283,-0.567,0.0,0.702,0.2954,0.628,1.88,1.478,-0.851,1.879,1.315,2.205,2.537,-0.02794,0.1054,-0.4739,3.328,3.287,0.0,0.0,3.33,0.0,4.535,0.698,0.0,0.0,0.0,0.0,6.11,1.0,1.0,0.5,-1.384,1.373,3.0,0.0,0.0,-0.5,0.0,0.0,0.0,1.394
3.36,3.371,3.346,-1.25,1.468,0.777,0.716,-0.4158,1.5205,0.29,0.841,0.10297,-0.2856,-0.733,0.0,0.0,-0.3015,-0.2524,-0.5527,0.0,0.7046,0.4238,0.818,1.756,1.426,-0.8286,2.064,0.1727,3.041,1.315,0.1844,-0.515,0.3765,3.367,3.307,0.0,0.0,3.344,0.0,4.555,1.172,1.0,0.0,0.0,0.0,0.657,2.0,1.0,1.0,-1.308,1.298,4.0,0.0,0.0,-0.5,0.0,0.0,0.0,0.1467
3.375,3.389,3.361,-0.717,0.9585,0.777,0.716,-0.3455,0.9526,0.1486,0.9746,-0.2378,-0.2856,-0.7227,0.0,0.0,-0.1676,-0.12286,-0.626,0.0,0.707,-0.731,1.167,1.685,0.8726,-0.812,2.484,-0.882,3.385,0.1727,2.535,-0.02794,0.268,3.395,3.32,0.0,0.0,3.352,0.0,4.45,0.7397,0.0,0.0,0.0,0.0,-2.812,2.0,0.5,0.5,-0.779,0.8247,0.0,1.0,0.0,-0.5,0.0,0.0,0.0,-0.626
3.393,3.41,3.377,-0.8657,1.138,0.777,0.716,-0.324,1.124,0.2369,1.14,0.3193,-0.1428,-0.713,0.0,0.0,-0.2457,-0.2106,-0.576,0.0,0.7095,-0.0823,1.583,1.666,1.07,-0.795,4.27,0.609,3.818,-0.882,1.315,0.1844,-0.3613,3.434,3.338,0.0,0.0,3.365,0.0,4.52,0.8784,1.0,0.0,0.0,0.0,1.489,2.0,1.0,1.0,-0.926,0.994,1.0,0.0,0.0,-0.5,0.0,0.0,0.0,0.3364
3.404,3.422,3.389,-0.4324,0.702,0.777,0.716,-0.2886,0.6177,0.11615,1.291,-0.3054,0.0,-0.703,0.0,0.0,-0.1327,-0.0964,-0.638,0.0,0.712,0.0492,2.055,1.743,0.5737,-0.7754,4.02,-0.7495,3.98,0.609,0.1726,2.535,0.4978,3.467,3.352,0.0,0.0,3.375,0.0,4.434,0.7583,0.0,0.0,0.0,0.0,-2.395,1.0,0.5,1.0,-0.4985,0.586,0.0,1.0,0.0,-0.5,0.0,0.0,0.0,-0.5356
3.416,3.432,3.4,-0.3853,0.648,0.777,0.716,-0.3064,0.528,0.1176,1.425,0.00841,0.1428,-0.693,0.0,0.0,-0.1356,-0.0961,-0.635,0.0,0.715,-0.58,2.52,1.89,0.498,-0.7593,4.473,0.04248,4.113,-0.7495,-0.882,1.315,0.1054,3.496,3.363,0.0,0.0,3.385,0.0,4.438,0.706,0.0,0.0,0.0,0.0,0.0959,1.0,0.5,1.0,-0.4631,0.523,1.0,0.0,0.0,-0.5,0.0,0.0,0.0,0.02171
3.42,3.438,3.404,0.00724,0.2595,0.777,0.716,-0.2024,0.08215,0.0,1.511,-0.617,0.2856,-0.683,0.0,0.0,-0.01654,0.01136,-0.696,0.0,0.7173,0.1464,2.912,2.068,0.0669,-0.7485,5.086,-0.7427,4.156,0.04248,0.609,0.1726,-0.515,3.494,3.373,0.0,0.0,3.389,0.0,4.35,0.396,0.0,0.0,0.0,0.0,-1.935,0.0,0.5,0.5,-0.0762,0.1587,0.0,1.0,0.0,-0.5,0.0,0.0,0.0,-0.438
3.42,3.436,3.406,0.2114,0.02875,0.777,0.621,-0.223,-0.1996,-0.0693,1.592,-1.424,0.2856,-0.6733,-1.0,0.0,0.0476,0.0839,-0.7305,0.0,0.7197,-0.745,3.244,2.25,-0.2053,-0.738,5.086,-0.4297,4.086,-0.7427,-0.7495,-0.8813,-0.02794,3.473,3.377,0.0,0.0,3.395,0.0,4.305,0.3704,0.0,0.0,0.0,0.0,-1.05,0.0,0.5,0.5,0.1252,-0.05923,0.0,2.0,0.0,-0.5,0.0,0.0,0.0,-0.2407
3.414,3.43,3.4,0.686,-0.4412,0.777,0.08997,-0.11694,-0.721,-0.2266,1.604,6.914,0.1428,-0.6636,-1.0,0.0,0.2108,0.2383,-0.8135,0.0,0.722,0.1488,3.457,2.42,-0.7363,-0.7324,5.086,-1.033,4.023,-0.4297,0.04245,0.609,0.1844,3.44,3.38,0.0,0.0,3.398,0.0,4.188,-0.02318,0.0,0.0,0.0,0.0,-3.156,-1.0,0.0,0.0,0.6187,-0.4717,0.0,3.0,0.0,-0.5,0.0,1.0,-2.363,-0.7285
3.404,3.42,3.39,0.921,-0.67,0.777,-0.2156,-0.0852,-1.0,-0.3167,1.58,0.647,0.0,-0.6533,-1.0,0.0,0.3044,0.3323,-0.8604,0.0,0.7246,-0.561,3.508,2.537,-1.005,-0.735,0.7344,-0.5947,4.0,-1.033,-0.7427,-0.7495,2.535,3.41,3.383,0.0,0.0,3.398,0.0,4.12,-0.1857,0.0,0.0,0.0,0.0,-1.879,-1.0,-0.5,-0.5,0.8423,-0.695,0.0,4.0,0.0,-0.5,0.0,0.0,0.0,-0.4414
3.396,3.412,3.38,0.8306,-0.583,0.777,-0.2156,-0.06854,-0.983,-0.3096,1.59,0.1217,0.0,-0.6436,-1.0,0.0,0.2986,0.3228,-0.8555,0.0,0.727,-0.3154,3.42,2.639,-1.004,-0.73,-3.594,0.06116,3.893,-0.5947,-0.4297,0.04245,1.314,3.373,3.38,0.0,0.0,3.4,0.0,4.13,-0.0534,0.0,0.0,0.0,0.0,0.12494,-1.0,-0.5,0.0,0.7617,-0.6045,1.0,0.0,0.0,-0.5,0.0,0.0,0.0,0.02965
3.393,3.406,3.379,0.5703,-0.3398,0.777,-0.2156,-0.1007,-0.799,-0.2462,1.624,-0.0895,0.0,-0.634,-1.0,0.0,0.2319,0.2576,-0.821,0.0,0.73,-0.724,3.162,2.717,-0.82,-0.7256,-5.035,0.4443,3.799,0.06116,-1.033,-0.742,0.1726,3.35,3.38,0.0,0.0,3.404,0.0,4.176,0.04855,0.0,0.0,0.0,0.0,1.021,0.0,-0.5,0.5,0.539,-0.3403,2.0,0.0,0.0,-0.5,0.0,0.0,0.0,0.2422
3.377,3.396,3.36,1.304,-1.008,0.777,-0.2156,0.1984,-1.526,-0.4814,1.563,1.311,0.0,-0.634,-1.0,-1.0,0.5005,0.4875,-0.9453,0.0,0.7324,1.559,2.63,2.719,-1.502,-0.7373,-3.475,-1.583,3.99,0.4443,-0.5947,-0.4297,-0.8813,3.31,3.377,0.0,0.0,3.4,0.0,4.0,-0.3223,0.0,0.0,0.0,0.0,-7.613,0.0,-0.5,0.0,1.15,-1.084,0.0,1.0,0.0,-0.5,0.0,1.0,-2.771,-1.791
3.363,3.38,3.344,1.282,-0.986,0.777,-0.2156,-0.03867,-1.483,-0.5083,1.366,0.10913,-0.1428,-0.634,-1.0,-1.0,0.5073,0.5405,-0.9575,0.0,0.735,-0.1222,2.023,2.648,-1.48,-0.7544,-5.035,-0.1586,4.156,-1.583,0.06116,-1.033,0.609,3.277,3.375,0.0,0.0,3.396,0.0,3.982,-1.033,0.0,0.0,0.0,0.0,-0.5054,0.0,-1.0,-0.5,1.066,-1.131,0.0,2.0,0.0,-0.5,0.0,0.0,0.0,-0.1222
3.348,3.367,3.328,1.34,-1.035,0.777,-0.2156,-0.0678,-1.459,-0.557,1.087,0.1236,-0.2856,-0.634,-1.0,-1.0,0.557,0.5996,-0.982,0.0,0.7373,0.3918,1.535,2.504,-1.442,-0.7876,-5.035,-0.318,4.44,-0.1586,0.4443,-0.594,-0.749,3.244,3.371,0.0,0.0,3.39,0.0,3.95,-1.618,0.0,1.0,0.0,0.0,-0.927,0.0,-1.0,-1.0,1.126,-1.175,0.0,3.0,0.0,-0.5,0.0,0.0,0.0,-0.2246
3.336,3.354,3.318,1.081,-0.8003,0.777,-0.2156,-0.1416,-1.135,-0.514,0.82,-0.1214,-0.4285,-0.634,-1.0,-1.0,0.5044,0.557,-0.957,0.0,0.7397,-0.1223,1.445,2.342,-1.107,-0.82,-5.035,0.3254,4.64,-0.318,-1.582,0.06116,0.04245,3.227,3.367,0.0,0.0,3.387,0.0,3.984,-1.558,0.0,1.0,0.0,0.0,0.6973,0.0,-1.0,-1.0,0.862,-0.966,1.0,0.0,0.0,-0.5,0.0,0.0,0.0,0.1698
3.328,3.344,3.312,0.792,-0.534,0.777,-0.2156,-0.2251,-0.7944,-0.4536,0.618,-0.2233,-0.5713,-0.634,-1.0,-1.0,0.433,0.4966,-0.923,0.0,0.742,-0.6177,1.726,2.18,-0.7734,-0.841,-5.035,0.4487,4.707,0.3254,-0.1586,0.4443,-0.742,3.219,3.363,0.0,0.0,3.385,0.0,4.03,-1.247,0.0,1.0,0.0,0.0,0.8545,0.0,-0.5,-0.5,0.592,-0.701,2.0,0.0,0.0,-0.5,0.0,0.0,0.0,0.207
3.316,3.33,3.305,1.025,-0.802,0.777,-0.2156,-0.2272,-0.9365,-0.55,0.3562,0.372,-0.7144,-0.634,-1.0,-1.0,0.535,0.606,-0.973,0.0,0.745,-0.2097,2.273,2.053,-0.9565,-0.863,-5.035,-0.654,4.88,0.4487,-0.3179,-1.582,-0.4294,3.203,3.361,0.0,0.0,3.38,0.0,3.96,-1.621,0.0,1.0,0.0,0.0,-1.285,0.0,-0.5,-1.0,0.8193,-0.9575,0.0,1.0,0.0,-0.5,0.0,0.0,0.0,-0.309
3.305,3.316,3.295,1.044,-0.8535,0.777,-0.2156,-0.2983,-0.8945,-0.586,0.1202,0.08685,-0.857,-0.634,-1.0,-1.0,0.5674,0.6543,-0.991,0.0,0.7476,-0.713,3.008,2.04,-0.897,-0.8916,-3.352,-0.2336,5.082,-0.654,0.3254,-0.1586,-1.033,3.182,3.357,0.0,0.0,3.375,0.0,3.936,-1.561,0.0,1.0,0.0,0.0,-0.589,0.0,-0.5,-1.0,0.863,-0.98,0.0,2.0,0.0,-0.5,0.0,0.0,0.0,-0.1432
3.297,3.305,3.29,0.845,-0.694,0.777,-0.2156,-0.2893,-0.6357,-0.5557,-0.103,-0.2213,-1.0,-0.634,-1.0,-1.0,0.5356,0.6187,-0.9736,0.0,0.75,-0.3398,3.71,2.223,-0.6636,-0.913,-2.348,0.2289,5.082,-0.2336,0.4485,-0.3179,-0.594,3.178,3.354,0.0,0.0,3.361,0.0,3.959,-1.472,0.0,1.0,0.0,0.0,0.587,1.0,0.0,-1.0,0.666,-0.834,1.0,0.0,0.0,-0.5,0.0,0.0,0.0,0.1433
3.283,3.29,3.277,1.09,-0.97,0.777,-0.2156,-0.297,-0.8247,-0.6562,-0.32,0.5415,-1.143,-0.634,-1.0,-1.0,0.644,0.7363,-1.026,0.0,0.7524,-0.05548,4.375,2.592,-0.852,-0.937,-2.902,-0.6953,5.082,0.2289,-0.654,0.3254,0.06113,3.168,3.352,0.0,0.0,3.34,0.0,3.885,-1.459,0.0,1.0,0.0,0.0,-2.062,0.0,-0.5,-1.0,0.924,-1.077,0.0,1.0,0.0,-0.5,0.0,0.0,0.0,-0.5015
3.271,3.277,3.27,0.949,-0.8613,-1.014,-0.2156,-0.2986,-0.652,-0.645,-0.5103,-0.1246,-1.143,-0.634,-1.0,-1.0,0.632,0.723,-1.02,0.0,0.755,-0.623,4.9,3.031,-0.703,-0.9546,-4.69,0.0923,4.785,-0.6953,-0.2336,0.4485,0.444,3.164,3.346,0.0,0.0,3.318,0.0,3.895,-1.353,0.0,1.0,0.0,0.0,0.1663,0.0,-0.5,-0.5,0.7544,-1.01,1.0,0.0,0.0,-0.5,0.0,0.0,0.0,0.0409
3.268,3.27,3.266,0.5356,-0.4692,-0.9854,-0.2156,-0.3643,-0.2283,-0.5444,-0.6187,-0.7227,-1.143,-0.634,-1.0,-1.0,0.517,0.6133,-0.9644,0.0,0.758,-0.05145,5.156,3.477,-0.2634,-0.969,-1.078,0.737,4.492,0.0923,0.2288,-0.654,-1.582,3.164,3.344,0.0,0.0,3.305,0.0,3.973,-0.8047,0.0,0.0,0.0,0.0,2.178,1.0,0.0,0.0,0.3848,-0.6025,2.0,0.0,0.0,-0.5,0.0,0.0,0.0,0.535
3.262,3.264,3.262,0.5024,-0.4475,-0.9854,-0.2156,-0.3757,-0.1862,-0.55,-0.701,-0.2659,-1.143,-0.634,-1.0,-1.0,0.5215,0.62,-0.965,0.0,0.7603,-0.4338,5.156,3.873,-0.217,-0.9775,-0.723,-0.011375,3.879,0.737,-0.6953,-0.2335,-0.1586,3.158,3.342,0.0,0.0,3.287,0.0,3.97,-0.647,0.0,0.0,0.0,0.0,-0.02394,1.0,0.0,0.0,0.3564,-0.5776,0.0,1.0,0.0,-0.5,0.0,0.0,0.0,-0.00581
3.254,3.254,3.254,0.824,-0.7793,-0.9854,-0.2156,-0.3042,-0.4937,-0.663,-0.8184,4.895,-1.143,-0.634,-1.0,-1.0,0.6514,0.745,-1.025,0.0,0.7627,0.2852,5.156,4.207,-0.543,-0.987,0.0902,-0.785,3.465,-0.011375,0.0922,0.2288,-0.3179,3.15,3.336,0.0,0.0,3.27,0.0,3.887,-0.874,0.0,0.0,0.0,0.0,-1.712,0.0,0.0,-0.5,0.68,-0.883,0.0,2.0,0.0,-0.5,0.0,0.0,0.0,-0.4155
3.246,3.244,3.25,0.6216,-0.62,-0.9854,-0.2156,-0.2751,-0.2812,-0.628,-0.943,-0.4724,-1.143,-0.634,-1.0,-1.0,0.615,0.701,-1.005,0.0,0.765,-0.2861,5.156,4.473,-0.3486,-0.9976,-0.912,0.2651,2.8,-0.785,0.737,-0.695,0.3252,3.148,3.332,0.0,0.0,3.252,0.0,3.914,-0.962,0.0,0.0,0.0,0.0,0.4854,1.0,0.0,-0.5,0.439,-0.781,1.0,0.0,0.0,-0.5,0.0,0.0,0.0,0.1194
3.234,3.232,3.236,0.953,-0.946,-0.9854,-0.2156,-0.3523,-0.624,-0.7437,-1.025,2.404,-1.143,-0.634,-1.0,-1.0,0.7363,0.8457,-1.066,0.0,0.7676,1.17,4.81,4.67,-0.6704,-1.009,-2.26,-0.815,2.377,0.2651,-0.011375,0.0922,0.4485,3.137,3.326,0.0,0.0,3.234,0.0,3.828,-0.758,0.0,0.0,0.0,0.0,-2.926,0.0,-0.5,-0.5,0.781,-1.069,0.0,1.0,0.0,-0.5,0.0,0.0,0.0,-0.717
3.229,3.227,3.23,0.595,-0.586,-0.9854,-0.2156,-0.409,-0.2925,-0.658,-1.072,-0.5713,-1.143,-0.634,-1.0,-1.0,0.6367,0.7495,-1.02,0.0,0.77,-0.693,4.29,4.777,-0.319,-1.018,-1.019,0.6284,1.822,-0.815,-0.7847,0.737,-0.6533,3.139,3.322,0.0,0.0,3.223,0.0,3.893,-0.4321,0.0,0.0,0.0,0.0,1.715,0.0,0.0,0.0,0.462,-0.6953,1.0,0.0,0.0,-0.5,0.0,0.0,0.0,0.4255
3.225,3.223,3.229,0.4133,-0.4067,-0.9277,-0.2156,-0.4976,-0.1344,-0.6147,-1.082,-0.835,-1.143,-0.634,-1.0,-1.0,0.581,0.707,-0.996,0.0,0.773,-0.666,3.783,4.78,-0.1473,-1.021,-0.5645,0.3108,1.511,0.6284,0.2651,-0.011375,-0.2335,3.14,3.318,0.0,0.0,3.213,0.0,3.926,-0.2056,0.0,0.0,0.0,0.0,0.7046,1.0,0.5,0.5,0.2925,-0.5166,2.0,0.0,0.0,-0.5,1.0,0.0,1.389,0.1731
3.215,3.215,3.219,0.783,-0.775,-0.9277,0.1653,-0.475,-0.5107,-0.7363,-1.1455,14.88,-1.143,-0.634,-1.0,-1.0,0.717,0.848,-1.062,0.0,0.7754,-0.09155,3.33,4.707,-0.54,-1.025,-1.182,-0.8647,1.443,0.3108,-0.815,-0.7847,0.2288,3.129,3.307,0.0,0.0,3.205,0.0,3.834,-0.595,0.0,0.0,0.0,0.0,-2.146,1.0,0.0,0.0,0.66,-0.859,0.0,1.0,0.0,-0.5,0.0,0.0,0.0,-0.5244
3.207,3.205,3.21,0.7344,-0.732,-0.9277,0.1653,-0.464,-0.4602,-0.74,-1.235,0.003063,-1.143,-0.634,-1.0,-1.0,0.7227,0.8525,-1.064,0.0,0.778,-0.474,2.854,4.523,-0.514,-1.032,0.3418,-0.02907,1.288,-0.8647,0.6284,0.2651,-0.695,3.115,3.291,0.0,0.0,3.195,0.0,3.83,-0.796,0.0,0.0,0.0,0.0,-0.04642,0.0,0.0,-0.5,0.584,-0.849,0.0,2.0,0.0,-0.5,0.0,0.0,0.0,-0.01151
3.193,3.193,3.193,1.222,-1.192,-0.9277,0.1653,-0.4067,-0.936,-0.8984,-1.342,1.655,-1.143,-0.634,-1.0,-1.0,0.908,1.04,-1.149,0.0,0.7803,0.1428,2.404,4.22,-0.991,-1.044,-0.02664,-1.1455,1.169,-0.02907,0.3108,-0.8145,0.0922,3.1,3.273,0.0,0.0,3.18,0.0,3.71,-0.9043,0.0,0.0,0.0,0.0,-2.967,0.0,-0.5,-0.5,1.076,-1.267,0.0,3.0,0.0,-0.5,0.0,0.0,0.0,-0.7363
3.182,3.184,3.182,0.948,-0.898,-0.9277,0.1653,-0.3223,-0.685,-0.843,-1.419,-0.1924,-1.143,-0.634,-1.0,-1.0,0.8516,0.963,-1.12,0.0,0.7827,0.3777,2.111,3.867,-0.7163,-1.058,-2.393,0.403,1.327,-1.1455,-0.8647,0.628,0.737,3.086,3.258,0.0,0.0,3.172,0.0,3.752,-0.686,0.0,0.0,0.0,0.0,1.218,0.0,-0.5,0.0,0.82,-0.974,1.0,0.0,0.0,-0.5,0.0,0.0,0.0,0.308
3.168,3.17,3.166,1.124,-1.058,-0.9277,0.1653,-0.283,-0.853,-0.9136,-1.532,0.4663,-1.143,-0.634,-1.0,-1.0,0.9375,1.048,-1.159,0.0,0.785,-0.02179,1.913,3.477,-0.8896,-1.07,-2.9,-0.524,1.597,0.403,-0.02905,0.3108,-0.011375,3.074,3.24,0.0,0.0,3.164,0.0,3.697,-0.8936,0.0,0.0,0.0,0.0,-1.209,-1.0,-0.5,-0.5,0.9683,-1.15,0.0,1.0,0.0,-0.5,0.0,0.0,0.0,-0.3037
3.156,3.16,3.154,1.024,-0.9473,-0.9277,0.1754,-0.341,-0.777,-0.9077,-1.607,0.0298,-1.143,-0.634,-1.0,-1.0,0.9253,1.045,-1.156,0.0,0.788,-0.654,1.85,3.146,-0.8066,-1.081,-1.501,0.03564,1.814,-0.524,-1.1455,-0.8647,-0.7847,3.057,3.225,0.0,0.0,3.156,0.0,3.701,-0.7197,0.0,0.0,0.0,0.0,0.0743,0.0,0.0,0.0,0.8677,-1.049,1.0,0.0,0.0,-0.5,0.0,0.0,0.0,0.01883
3.152,3.156,3.148,0.4937,-0.4036,-0.8667,0.1754,-0.262,-0.2585,-0.7686,-1.644,-0.716,-1.143,-0.634,-1.0,-1.0,0.7725,0.8667,-1.081,0.0,0.7905,0.59,1.823,2.871,-0.2864,-1.087,-2.643,1.021,1.763,0.03564,0.403,-0.02905,0.2651,3.045,3.21,0.0,0.0,3.15,0.0,3.805,-0.3818,0.0,0.0,0.0,0.0,2.957,1.0,0.0,0.0,0.379,-0.5005,2.0,0.0,0.0,-0.5,0.0,0.0,0.0,0.749
3.148,3.15,3.146,0.471,-0.397,-0.8667,0.1754,-0.2954,-0.217,-0.7715,-1.714,-0.1744,-1.143,-0.634,-1.0,-1.0,0.773,0.8735,-1.084,0.0,0.793,-0.3992,1.842,2.605,-0.2445,-1.096,-0.779,-0.02919,1.581,1.021,-0.524,-1.1455,-0.8145,3.043,3.2,0.0,0.0,3.143,0.0,3.8,-0.6597,0.0,0.0,0.0,0.0,-0.06207,1.0,0.0,-0.5,0.3665,-0.4846,0.0,1.0,0.0,-0.5,0.0,0.0,0.0,-0.01546
3.146,3.146,3.145,0.361,-0.3032,-0.8667,0.1754,-0.2954,-0.0845,-0.747,-1.773,-1.283,-1.0,-0.634,0.0,-1.0,0.745,0.8438,-1.071,0.0,0.7954,-0.3552,1.841,2.357,-0.1177,-1.103,-2.455,0.1693,1.503,-0.02919,0.03564,0.403,0.628,3.041,3.19,0.0,0.0,3.139,0.0,3.818,-0.591,0.0,0.0,0.0,0.0,0.3254,1.0,0.0,0.0,0.238,-0.4192,1.0,0.0,0.0,-0.5,0.0,0.0,0.0,0.0811
3.143,3.145,3.143,0.3499,-0.302,-0.8667,0.1754,-0.373,-0.0734,-0.7485,-1.796,0.539,-0.857,-0.634,0.0,-1.0,0.7397,0.853,-1.073,0.0,0.798,-0.574,1.802,2.168,-0.1035,-1.106,-3.441,-0.0233,1.45,0.1693,1.0205,-0.524,0.3108,3.05,3.182,0.0,0.0,3.135,0.0,3.816,-0.3672,0.0,0.0,0.0,0.0,-0.05746,1.0,-0.5,0.0,0.2197,-0.427,0.0,1.0,-0.5,-0.5,0.0,0.0,0.0,-0.01428
3.139,3.139,3.139,0.5674,-0.5303,-0.8667,0.1754,-0.364,-0.2837,-0.8203,-1.855,-5.387,-0.857,-0.634,-1.0,-1.0,0.8223,0.9395,-1.112,0.0,0.8003,-0.3213,1.769,2.014,-0.3198,-1.113,-1.442,-0.5303,1.383,-0.0233,-0.02917,0.03564,-0.8643,3.053,3.174,0.0,0.0,3.129,0.0,3.76,-0.633,0.0,0.0,0.0,0.0,-2.656,0.0,-0.5,-0.5,0.4128,-0.665,0.0,2.0,-0.5,-0.5,0.0,0.0,0.0,-0.66
3.129,3.129,3.13,0.724,-0.694,-0.8667,0.1754,-0.4944,-0.4595,-0.8784,-1.897,1.288,-0.857,-0.634,-1.0,-1.0,0.8774,1.023,-1.145,0.0,0.803,-0.385,1.755,1.92,-0.4854,-1.12,-1.541,-0.435,1.467,-0.5303,0.1693,1.0205,-0.02905,3.055,3.164,0.0,0.0,3.123,0.0,3.715,-0.5195,0.0,0.0,0.0,0.0,-0.95,-1.0,-0.5,-0.5,0.5522,-0.835,0.0,3.0,-0.5,-0.5,0.0,0.0,0.0,-0.2383
3.121,3.121,3.123,0.7603,-0.7305,-0.8667,0.1754,-0.442,-0.4895,-0.9023,-1.971,0.2384,-0.857,-0.634,-1.0,-1.0,0.91,1.049,-1.159,0.0,0.8057,0.01819,1.752,1.866,-0.5244,-1.129,1.133,-0.1954,1.551,-0.435,-0.02328,-0.02917,-1.145,3.055,3.154,0.0,0.0,3.117,0.0,3.695,-0.8726,0.0,0.0,0.0,0.0,-0.4746,-1.0,-0.5,-1.0,0.58,-0.8774,0.0,4.0,-0.5,-0.5,0.0,0.0,0.0,-0.11993
3.113,3.111,3.115,0.802,-0.7876,-0.8667,0.1754,-0.445,-0.518,-0.931,-2.068,0.2264,-0.857,-0.634,-1.0,-1.0,0.9434,1.085,-1.176,0.0,0.808,-0.57,1.734,1.851,-0.565,-1.141,0.0827,-0.2317,1.489,-0.1954,-0.5303,0.1693,0.4028,3.041,3.148,0.0,0.0,3.107,0.0,3.67,-1.102,0.0,1.0,0.0,0.0,-0.544,-2.0,-1.0,-1.5,0.5923,-0.964,0.0,5.0,-0.5,0.0,0.0,0.0,0.0,-0.1378
3.1,3.1,3.1,1.118,-1.091,-0.8667,0.0824,-0.4446,-0.8276,-1.036,-2.16,0.986,-0.857,-0.634,-1.0,-1.0,1.069,1.219,-1.234,0.0,0.8105,-0.3384,1.707,1.852,-0.872,-1.152,1.225,-0.805,1.5625,-0.2317,-0.4348,-0.02328,-0.524,3.023,3.139,0.0,0.0,3.094,0.0,3.588,-1.079,0.0,1.0,0.0,0.0,-1.872,-2.0,-1.0,-1.5,0.923,-1.227,0.0,5.617,-0.5,0.5,0.0,1.0,-2.389,-0.4763
3.084,3.086,3.084,1.254,-1.21,-0.8667,-0.1599,-0.4553,-0.959,-1.097,-2.273,0.3452,-0.857,-0.634,-1.0,-1.0,1.142,1.299,-1.269,0.0,0.813,-0.6904,1.687,1.872,-1.014,-1.166,0.8735,-0.4714,1.867,-0.805,-0.1953,-0.53,0.0356,2.998,3.13,0.0,0.0,3.084,0.0,3.541,-1.173,0.0,1.0,0.0,0.0,-1.195,-2.0,-1.5,-1.5,1.005,-1.394,0.0,5.617,-0.5,1.0,0.0,0.0,0.0,-0.3083
3.068,3.07,3.066,1.3545,-1.289,-0.8667,-0.3728,-0.5127,-1.088,-1.149,-2.355,0.3108,-0.857,-0.634,-1.0,-1.0,1.201,1.373,-1.298,0.0,0.8154,-0.57,1.71,1.915,-1.135,-1.178,-2.09,-0.4143,2.13,-0.4714,-0.2317,-0.4348,1.0205,2.969,3.121,0.0,0.0,3.07,0.0,3.5,-0.9976,0.0,0.0,0.0,0.0,-0.979,-2.0,-1.5,-1.5,1.09,-1.482,0.0,5.617,-0.5,1.5,0.0,0.0,0.0,-0.2546
3.049,3.053,3.045,1.612,-1.521,-0.8667,-0.7637,-0.5522,-1.343,-1.246,-2.484,0.4302,-0.857,-0.634,-1.0,-1.0,1.319,1.508,-1.352,0.0,0.8184,-0.1823,1.811,1.991,-1.407,-1.191,-2.76,-0.7607,2.643,-0.4143,-0.805,-0.1953,-0.02917,2.938,3.107,0.0,0.0,3.057,0.0,3.424,-1.402,0.0,1.0,0.0,0.0,-1.7295,-2.0,-1.5,-2.0,1.331,-1.712,0.0,5.617,-0.5,2.0,0.0,0.0,0.0,-0.453
3.03,3.035,3.023,1.7,-1.572,-0.8667,-0.9873,-0.5107,-1.445,-1.299,-2.604,0.2341,-0.857,-0.634,-1.0,-1.0,1.391,1.575,-1.382,0.0,0.821,0.3997,2.037,2.117,-1.48,-1.212,-4.12,-0.435,3.033,-0.7607,-0.4714,-0.2316,0.1693,2.908,3.096,0.0,0.0,3.041,0.0,3.38,-1.382,0.0,1.0,0.0,0.0,-1.326,-2.0,-1.5,-2.0,1.419,-1.758,0.0,5.617,-0.5,2.0,0.0,0.0,0.0,-0.3518
3.021,3.03,3.014,0.8374,-0.6807,-0.5723,-0.9873,-0.4214,-0.632,-1.086,-2.656,-0.528,-0.857,-0.634,-1.0,-1.0,1.131,1.281,-1.27,0.0,0.823,0.3347,2.27,2.225,-0.654,-1.225,-5.035,1.621,2.865,-0.435,-0.4143,-0.8047,-0.02328,2.893,3.086,0.0,0.0,3.03,0.0,3.537,-0.6343,0.0,0.0,0.0,0.0,5.547,-1.0,-1.5,-2.0,0.628,-0.854,1.0,0.0,-0.5,2.0,0.0,0.0,0.0,1.482
3.008,3.018,3.002,1.133,-0.982,-0.5723,-0.9873,-0.4412,-0.8906,-1.184,-2.785,0.692,-0.857,-0.6436,-1.0,-1.0,1.251,1.413,-1.325,0.0,0.8257,0.25,2.512,2.336,-0.916,-1.241,-4.45,-0.774,2.95,1.621,-0.7607,-0.4714,-0.53,2.875,3.076,0.0,0.0,3.018,0.0,3.46,-1.245,0.0,1.0,0.0,0.0,-2.299,-1.0,-1.5,-2.0,0.9473,-1.106,0.0,1.0,-0.5,2.0,0.0,0.0,0.0,-0.598
2.994,3.002,2.984,1.374,-1.21,-0.5723,-0.9873,-0.348,-1.085,-1.269,-2.936,0.418,-0.857,-0.6533,-1.0,-1.0,1.366,1.519,-1.373,0.0,0.828,-0.2935,2.793,2.465,-1.121,-1.261,-4.07,-0.6914,3.113,-0.774,-0.435,-0.414,-0.4348,2.855,3.064,0.0,0.0,3.002,0.0,3.393,-1.344,0.0,1.0,0.0,0.0,-1.713,-1.0,-1.5,-2.0,1.195,-1.308,0.0,2.0,-0.5,2.0,0.0,1.0,-2.822,-0.4512
2.98,2.988,2.973,1.245,-1.088,-0.5723,-0.9873,-0.3333,-0.9253,-1.258,-3.096,-0.03775,-1.0,-0.6636,-1.0,-1.0,1.3545,1.503,-1.371,0.0,0.8306,-0.1009,3.088,2.629,-0.983,-1.279,-4.367,0.03748,3.338,-0.6914,1.621,-0.7607,-0.1953,2.844,3.055,0.0,0.0,2.992,0.0,3.395,-1.408,0.0,1.0,0.0,0.0,0.097,0.0,-1.5,-2.0,1.08,-1.182,1.0,0.0,-0.5,2.0,0.0,0.0,0.0,0.02585
2.967,2.975,2.96,1.182,-1.04,-0.5723,-0.9873,-0.3,-0.8213,-1.265,-3.262,0.002665,-1.143,-0.6636,-1.0,-1.0,1.366,1.509,-1.377,0.0,0.8335,-0.1663,3.37,2.84,-0.8916,-1.3,-4.51,-0.0874,3.482,0.03748,-0.774,-0.4348,-0.2316,2.832,3.043,0.0,0.0,2.98,0.0,3.387,-1.416,0.0,1.0,0.0,0.0,-0.2134,0.0,-1.5,-2.0,1.004,-1.152,0.0,1.0,-0.5,2.0,0.0,0.0,0.0,-0.05685
2.957,2.963,2.951,0.9243,-0.8022,-0.5723,-0.9873,-0.2964,-0.54,-1.217,-3.393,-0.294,-1.143,-0.6636,-1.0,-1.0,1.305,1.442,-1.353,0.0,0.836,-0.10657,3.736,3.137,-0.527,-1.331,-3.186,0.344,3.574,-0.0874,-0.6914,1.621,-0.8047,2.832,3.031,0.0,0.0,2.973,0.0,3.42,-1.18,0.0,1.0,0.0,0.0,1.104,0.0,-1.0,-2.0,0.7666,-0.9126,1.0,0.0,-0.5,2.0,0.0,0.0,0.0,0.2944
2.951,2.955,2.947,0.657,-0.553,-0.5723,-0.9873,-0.2537,-0.2478,-1.157,-3.486,-0.6113,-1.143,-0.6636,-1.0,-1.0,1.234,1.359,-1.323,0.0,0.8384,0.2744,3.986,3.4,-0.2421,-1.344,-2.426,0.4226,3.582,0.344,0.03748,-0.774,-0.4712,2.84,3.021,0.0,0.0,2.965,0.0,3.46,-0.917,0.0,0.0,0.0,0.0,1.1455,1.0,-0.5,-1.5,0.537,-0.6436,2.0,0.0,-0.5,2.0,0.0,0.0,0.0,0.3037
2.945,2.947,2.943,0.6313,-0.561,-0.5723,-0.9873,-0.296,-0.2,-1.164,-3.574,-0.2522,-1.143,-0.6636,-1.0,-1.0,1.238,1.372,-1.329,0.0,0.841,-0.4219,4.14,3.621,-0.1954,-1.355,-1.597,-0.0741,3.4,0.4226,-0.0874,-0.6914,-0.414,2.832,3.012,0.0,0.0,2.953,0.0,3.453,-0.89,0.0,0.0,0.0,0.0,-0.167,1.0,-0.5,-1.5,0.5205,-0.6436,0.0,1.0,-0.5,2.0,0.0,0.0,0.0,-0.04398
2.943,2.943,2.943,0.355,-0.3123,-0.5723,-0.9873,-0.2499,0.101,-1.095,-3.629,-3.748,-1.0,-0.6636,0.0,-1.0,1.157,1.276,-1.294,0.0,0.8433,0.1305,4.188,3.791,0.0993,-1.364,0.1547,0.4944,3.13,-0.0741,0.3438,0.03748,-0.7603,2.836,3.004,0.0,0.0,2.943,0.0,3.502,-0.6436,0.0,0.0,0.0,0.0,1.224,1.0,0.0,-1.0,0.2568,-0.4016,1.0,0.0,-0.5,2.0,0.0,0.0,0.0,0.3228
2.922,2.926,2.918,1.781,-1.689,-0.5723,-0.9873,0.1595,-1.259,-1.489,-3.77,-6.754,-1.0,-0.6636,-1.0,-1.0,1.702,1.78,-1.508,0.0,0.846,3.002,4.26,3.975,-1.226,-1.388,1.402,-2.514,3.246,0.4944,0.4226,-0.08734,-0.4348,2.82,2.99,0.0,0.0,2.924,0.0,3.201,-1.041,0.0,1.0,0.0,0.0,-8.15,1.0,0.0,-1.0,1.711,-1.64,0.0,1.0,-0.5,2.0,0.0,0.0,0.0,-4.195
2.895,2.906,2.883,2.447,-2.244,-0.5723,-1.139,0.4172,-1.841,-1.682,-3.953,0.702,-1.0,-0.6636,-1.0,-1.0,1.994,2.043,-1.6,0.0,0.8486,1.605,4.402,4.184,-1.776,-1.417,-2.91,-1.582,3.662,-2.514,-0.07404,0.3438,1.62,2.79,2.97,0.0,0.0,2.9,0.0,3.053,-1.17,0.0,1.0,0.0,0.0,-6.363,0.0,-0.5,-1.0,2.35,-2.17,0.0,2.0,-0.5,2.0,0.0,0.0,0.0,-1.753
2.871,2.887,2.857,2.053,-1.793,-0.5723,-1.139,0.4622,-1.495,-1.62,-4.098,-0.07666,-1.0,-0.6636,-1.0,-1.0,1.91,1.945,-1.585,0.0,0.851,0.2017,4.516,4.375,-1.434,-1.4375,-2.195,0.451,3.844,-1.582,0.4944,0.4226,-0.7734,2.762,2.955,0.0,0.0,2.879,0.0,3.094,-0.9937,0.0,0.0,0.0,0.0,1.345,0.0,0.0,-0.5,1.936,-1.772,1.0,0.0,-0.5,2.0,0.0,0.0,0.0,0.3804
2.855,2.873,2.84,1.498,-1.212,-0.5723,-1.139,0.465,-1.006,-1.508,-4.18,-0.2458,-1.0,-0.6636,-1.0,-1.0,1.756,1.779,-1.527,0.0,0.8535,0.3005,4.555,4.516,-0.934,-1.453,-1.414,0.8623,3.78,0.451,-2.514,-0.07404,-0.6914,2.74,2.941,0.0,0.0,2.861,0.0,3.172,-0.6606,0.0,0.0,0.0,0.0,2.97,1.0,0.5,0.0,1.424,-1.1875,2.0,0.0,-0.5,2.0,0.0,0.0,0.0,0.8345
2.842,2.86,2.826,1.402,-1.104,-0.5723,-1.139,0.4326,-0.946,-1.505,-4.227,0.0688,-1.0,-0.6733,-1.0,-1.0,1.748,1.777,-1.529,0.0,0.856,0.09174,4.586,4.617,-0.845,-1.468,-2.035,-0.02596,3.652,0.8623,-1.581,0.4941,0.03748,2.713,2.93,0.0,0.0,2.844,0.0,3.17,-0.593,0.0,0.0,0.0,0.0,-0.1166,0.0,0.0,0.0,1.243,-1.179,0.0,1.0,-1.0,2.0,0.0,0.0,0.0,-0.03226
2.842,2.86,2.826,0.3125,-0.01241,-0.2603,-1.139,0.5024,0.1692,-1.221,-4.227,-1.329,-0.857,-0.683,0.0,-1.0,1.381,1.372,-1.381,0.0,0.8584,2.646,4.49,4.656,0.262,-1.477,-2.373,2.22,3.291,-0.02596,0.451,-2.514,-0.08734,2.707,2.922,0.0,0.0,2.834,0.0,3.377,-0.465,0.0,0.0,0.0,0.0,7.266,1.0,0.5,0.0,0.2888,-0.02452,1.0,0.0,-1.0,2.0,0.0,0.0,0.0,5.49
2.842,2.857,2.824,0.3442,-0.04642,-0.2603,-1.139,0.562,0.1635,-1.226,-4.227,0.12103,-0.7144,-0.693,0.0,-1.0,1.393,1.372,-1.386,0.0,0.8613,0.907,4.273,4.625,0.2489,-1.4795,-3.21,-0.0751,3.068,2.22,0.862,-1.581,0.3438,2.695,2.916,0.0,0.0,2.828,0.0,3.37,-0.3306,0.0,0.0,0.0,0.0,-0.36,1.0,0.0,0.0,0.287,-0.0926,0.0,1.0,-1.0,2.0,0.0,0.0,0.0,-0.0962
2.846,2.863,2.828,-0.02054,0.3325,-0.2603,-1.139,0.5693,0.5557,-1.11,-4.227,1.687,-0.5713,-0.703,0.0,-1.0,1.25,1.218,-1.328,0.0,0.864,0.9746,3.902,4.484,0.587,-1.469,-4.344,0.84,2.959,-0.0751,-0.02594,0.4507,0.4226,2.717,2.91,0.0,0.0,2.824,0.0,3.451,0.004402,0.0,0.0,0.0,0.0,5.426,1.0,0.0,0.5,-0.02193,0.3186,1.0,0.0,-1.0,2.0,0.0,0.0,0.0,1.45
2.846,2.865,2.828,0.2903,0.03146,-0.2603,-1.139,0.6636,0.2456,-1.187,-4.207,-0.3638,-0.4285,-0.713,0.0,-1.0,1.353,1.311,-1.371,0.0,0.866,0.6553,3.45,4.27,0.2559,-1.466,-4.18,-0.618,2.867,0.84,2.219,0.862,-0.07404,2.748,2.9,0.0,0.0,2.822,0.0,3.389,-0.1388,0.0,0.0,0.0,0.0,-2.172,0.0,0.0,0.0,0.2944,0.04782,0.0,1.0,-1.0,2.0,0.0,0.0,0.0,-0.5728
2.842,2.861,2.826,0.563,-0.244,-0.2603,-1.139,0.6895,-0.03647,-1.259,-4.195,-0.715,-0.2856,-0.7227,0.0,-1.0,1.447,1.406,-1.413,0.0,0.8687,-0.172,2.967,3.996,-0.037,-1.467,-5.035,-0.6055,2.844,-0.618,-0.0751,-0.02594,0.4941,2.771,2.89,0.0,0.0,2.818,0.0,3.33,-0.2401,0.0,0.0,0.0,0.0,-2.277,0.0,-0.5,0.0,0.5674,-0.2063,0.0,2.0,-1.0,2.0,0.0,0.0,0.0,-0.6064
2.836,2.854,2.818,0.8945,-0.5757,-0.2603,-1.139,0.7583,-0.3633,-1.354,-4.227,-4.414,-0.2856,-0.733,-1.0,-1.0,1.576,1.53,-1.467,0.0,0.871,0.1543,2.613,3.727,-0.374,-1.473,1.436,-0.782,2.88,-0.6055,0.8394,2.219,-2.514,2.777,2.879,0.0,0.0,2.814,0.0,3.254,-0.447,0.0,0.0,0.0,0.0,-3.557,-1.0,-0.5,-0.5,0.9004,-0.5107,0.0,3.0,-1.0,2.0,0.0,0.0,0.0,-0.957
2.83,2.846,2.814,0.711,-0.4128,-0.2603,-1.139,0.7188,-0.1716,-1.313,-4.227,-0.704,-0.2856,-0.7427,-1.0,-1.0,1.519,1.478,-1.449,0.0,0.8735,0.019,2.225,3.412,-0.2095,-1.479,5.086,0.262,2.69,-0.782,-0.6177,-0.0751,-1.581,2.79,2.867,0.0,0.0,2.807,0.0,3.28,-0.4836,0.0,0.0,0.0,0.0,0.986,0.0,0.0,-0.5,0.747,-0.329,1.0,0.0,-1.0,2.0,0.0,0.0,0.0,0.2688
2.82,2.838,2.805,1.001,-0.7017,-0.2603,-1.139,0.885,-0.4377,-1.398,-4.227,5.305,-0.2856,-0.7524,-1.0,-1.0,1.6455,1.581,-1.499,0.0,0.8765,1.111,1.789,3.078,-0.521,-1.483,4.793,-0.719,2.66,0.262,-0.6055,0.8394,0.4507,2.773,2.855,0.0,0.0,2.799,0.0,3.209,-0.5806,0.0,0.0,0.0,0.0,-2.357,-1.0,-0.5,-0.5,1.033,-0.5996,0.0,1.0,-1.0,2.0,0.0,0.0,0.0,-0.64
2.812,2.828,2.799,0.87,-0.6123,-0.2603,-1.139,0.904,-0.2896,-1.379,-4.227,-0.3606,-0.4285,-0.762,-1.0,-1.0,1.622,1.553,-1.492,0.0,0.879,0.4756,1.245,2.748,-0.4104,-1.493,3.129,0.0966,2.676,-0.719,-0.782,-0.6177,0.862,2.76,2.846,0.0,0.0,2.793,0.0,3.219,-0.672,0.0,0.0,0.0,0.0,0.378,0.0,-0.5,-0.5,0.77,-0.6646,1.0,0.0,-1.0,2.0,0.0,0.0,0.0,0.1039
2.812,2.824,2.8,0.3555,-0.128,-0.2603,-1.139,0.5825,0.1532,-1.245,-4.227,-2.64,-0.2856,-0.7725,0.0,-1.0,1.419,1.396,-1.425,0.0,0.8813,0.0783,0.7173,2.396,0.06335,-1.492,3.31,0.9966,2.637,0.0966,0.262,-0.6055,-0.02594,2.748,2.838,0.0,0.0,2.791,0.0,3.312,0.134,0.0,0.0,0.0,0.0,4.062,1.0,0.0,0.0,0.2708,-0.2034,2.0,0.0,-1.0,2.0,0.0,0.0,0.0,1.114
2.812,2.822,2.805,0.1918,-0.018,-0.2603,-1.139,0.4214,0.1884,-1.2,-4.176,0.2864,-0.1428,-0.782,0.0,-1.0,1.348,1.352,-1.404,0.0,0.884,-0.2255,0.3184,2.016,0.1206,-1.48,-1.451,0.291,2.611,0.9966,-0.7188,-0.7817,2.219,2.744,2.83,0.0,0.0,2.791,0.0,3.34,0.6465,0.0,0.0,0.0,0.0,1.13,2.0,0.0,0.5,0.1346,-0.07587,3.0,0.0,-1.0,2.0,0.0,0.0,0.0,0.305
2.816,2.824,2.81,-0.0795,0.2253,-0.2603,-1.139,0.3882,0.3694,-1.116,-4.008,0.7974,0.0,-0.792,0.0,-1.0,1.24,1.243,-1.363,0.0,0.886,0.014114,0.0628,1.701,0.3416,-1.47,-1.354,0.598,2.594,0.291,0.0966,0.262,-0.0751,2.75,2.826,0.0,0.0,2.79,0.0,3.396,0.6743,0.0,0.0,0.0,0.0,1.564,2.0,0.5,0.5,-0.11914,0.1655,4.0,0.0,-0.5,2.0,0.0,0.0,0.0,0.4202
2.82,2.826,2.814,-0.02602,0.1538,-0.2603,-1.139,0.3555,0.2499,-1.12,-3.877,-0.1276,0.1428,-0.802,0.0,-1.0,1.242,1.251,-1.369,0.0,0.8887,-0.1688,0.0004609,1.36,0.2316,-1.46,-3.283,-0.07477,2.504,0.598,0.9966,-0.7188,0.8394,2.762,2.824,0.0,0.0,2.787,0.0,3.389,0.5,0.0,0.0,0.0,0.0,-0.2385,2.0,0.0,0.0,-0.05832,0.10614,0.0,1.0,-0.5,2.0,0.0,0.0,0.0,-0.0634
2.82,2.824,2.816,0.2144,-0.1189,-0.2603,-1.139,0.3523,-0.0738,-1.183,-3.766,-0.8296,0.2856,-0.812,0.0,-1.0,1.319,1.335,-1.405,0.0,0.8916,-0.2507,0.1333,1.008,-0.092,-1.45,-1.926,-0.524,2.379,-0.07477,0.291,0.09656,-0.6177,2.768,2.82,0.0,0.0,2.783,0.0,3.338,0.3315,0.0,0.0,0.0,0.0,-1.8125,1.0,0.0,0.0,0.09735,-0.2401,0.0,2.0,-0.5,2.0,0.0,0.0,0.0,-0.4827
2.818,2.822,2.818,0.2583,-0.1855,-0.2603,-1.139,0.0616,-0.1189,-1.191,-3.75,-1.054,0.1428,-0.822,-1.0,-1.0,1.306,1.375,-1.414,0.0,0.894,-0.6387,0.2605,0.605,-0.1697,-1.447,-0.59,-0.1259,2.117,-0.524,0.5977,0.9966,-0.6055,2.78,2.818,0.0,0.0,2.78,0.0,3.326,-0.3005,0.0,0.0,0.0,0.0,-0.314,0.0,0.0,-0.5,0.1517,-0.292,0.0,3.0,-0.5,2.0,0.0,0.0,0.0,-0.08435
2.818,2.82,2.816,0.266,-0.1993,-0.2603,-1.139,-0.000612,-0.122,-1.189,-3.734,1.048,0.0,-0.8315,-1.0,-1.0,1.298,1.378,-1.416,0.0,0.8965,0.2112,0.331,0.2698,-0.1765,-1.449,1.267,-0.03784,2.076,-0.1259,-0.07477,0.2908,-0.7817,2.79,2.818,0.0,0.0,2.783,0.0,3.322,-0.2883,0.0,0.0,0.0,0.0,-0.09314,-1.0,0.0,-0.5,0.1196,-0.3486,0.0,4.0,-0.5,2.0,0.0,0.0,0.0,-0.02507
2.812,2.814,2.812,0.587,-0.542,-0.2603,0.1927,-0.05923,-0.4197,-1.281,-3.79,14.88,-0.1428,-0.842,-1.0,-1.0,1.409,1.509,-1.468,0.0,0.899,0.1117,0.3398,0.0776,-0.4507,-1.462,0.827,-0.751,1.66,-0.03784,-0.524,0.5977,0.262,2.783,2.812,0.0,0.0,2.79,0.0,3.25,-0.844,0.0,0.0,0.0,0.0,-2.096,-2.0,-0.5,-1.0,0.4363,-0.671,0.0,5.0,-0.5,2.0,0.0,0.0,0.0,-0.5645
2.809,2.81,2.81,0.4238,-0.387,-0.2603,0.1927,-0.1214,-0.2494,-1.24,-3.807,-0.4702,-0.2856,-0.8516,-1.0,-1.0,1.351,1.458,-1.45,0.0,0.9014,0.0962,0.3381,-0.01013,-0.2585,-1.472,2.455,0.2686,1.285,-0.751,-0.1259,-0.07477,-0.7188,2.777,2.809,0.0,0.0,2.795,0.0,3.275,-0.557,0.0,0.0,0.0,0.0,0.809,-1.0,0.0,-0.5,0.2695,-0.532,1.0,0.0,-0.5,2.0,0.0,0.0,0.0,0.2207
2.812,2.814,2.812,-0.09973,0.1544,-0.2603,0.1927,-0.06085,0.2942,-1.084,-3.752,-4.297,-0.2856,-0.8613,0.0,-1.0,1.161,1.244,-1.371,0.0,0.904,0.4534,0.3362,-0.0393,0.2827,-1.469,2.398,1.158,1.14,0.2686,-0.03784,-0.524,0.09656,2.775,2.809,0.0,0.0,2.803,0.0,3.385,0.0715,0.0,0.0,0.0,0.0,4.41,0.0,0.0,0.0,-0.209,0.01741,2.0,0.0,-0.5,2.0,1.0,0.0,3.635,1.198
2.822,2.824,2.82,-0.4106,0.4883,-0.254,0.1927,-0.0846,0.6147,-0.9727,-3.633,1.003,-0.1428,-0.871,0.0,-1.0,1.024,1.103,-1.314,0.0,0.9067,-0.0772,0.3564,-0.02486,0.5996,-1.458,0.4946,0.805,1.079,1.158,-0.751,-0.1259,0.996,2.783,2.809,0.0,0.0,2.812,0.0,3.463,0.6074,0.0,0.0,0.0,0.0,2.506,1.0,0.0,0.5,-0.4824,0.368,3.0,0.0,-0.5,2.0,0.0,0.0,0.0,0.668
2.832,2.836,2.83,-0.583,0.689,0.04153,0.1927,-0.12396,0.808,-0.891,-3.498,0.4333,0.0,-0.8813,0.0,-1.0,0.926,1.004,-1.274,0.0,0.909,-0.2788,0.415,0.02153,0.7974,-1.446,0.1846,0.567,1.383,0.805,0.2686,-0.03784,0.2908,2.799,2.812,0.0,0.0,2.816,0.0,3.52,0.6763,0.0,0.0,0.0,0.0,1.737,2.0,0.0,0.5,-0.6646,0.5444,4.0,0.0,-0.5,2.0,0.0,0.0,0.0,0.4565
2.852,2.857,2.844,-1.065,1.221,0.7603,0.1927,-0.183,1.334,-0.699,-3.275,0.768,0.1428,-0.891,0.0,-1.0,0.7017,0.776,-1.177,0.0,0.9116,0.7383,0.608,0.1703,1.323,-1.423,-0.7905,1.379,2.098,0.567,1.158,-0.751,0.5977,2.83,2.818,0.0,0.0,2.826,0.0,3.656,1.224,1.0,0.0,0.0,0.0,6.04,3.0,0.0,1.0,-1.074,1.118,5.0,0.0,0.0,2.0,0.0,0.0,0.0,1.573
2.865,2.873,2.857,-0.7583,0.918,0.7603,0.1927,-0.2211,0.9673,-0.753,-3.072,-0.1346,0.2856,-0.901,0.0,-1.0,0.759,0.844,-1.207,0.0,0.914,-0.2241,0.9062,0.4534,0.932,-1.398,0.0333,-0.4236,2.453,1.379,0.805,0.2683,-0.07477,2.857,2.822,0.0,0.0,2.832,0.0,3.611,1.014,1.0,0.0,0.0,0.0,-1.515,2.0,0.0,0.5,-0.816,0.7856,0.0,1.0,0.0,2.0,0.0,0.0,0.0,-0.3855
2.885,2.895,2.875,-1.06,1.264,0.7603,0.1927,-0.2178,1.319,-0.6113,-2.87,0.4995,0.2856,-0.911,0.0,-1.0,0.6025,0.6763,-1.136,0.0,0.9165,0.44,1.315,0.8203,1.257,-1.374,1.848,0.991,3.082,-0.4236,0.5664,1.158,-0.524,2.9,2.828,0.0,0.0,2.842,0.0,3.713,1.021,1.0,0.0,0.0,0.0,3.984,2.0,0.5,0.5,-1.084,1.145,1.0,0.0,0.0,2.0,0.0,0.0,0.0,1.021
2.904,2.916,2.89,-1.092,1.334,0.7603,0.1927,-0.2197,1.378,-0.549,-2.664,0.1876,0.2856,-0.921,0.0,-1.0,0.5347,0.604,-1.1045,0.0,0.9194,-0.1812,1.873,1.25,1.288,-1.348,3.076,0.4197,3.678,0.991,1.379,0.805,-0.1259,2.943,2.834,0.0,0.0,2.857,0.0,3.756,1.043,1.0,0.0,0.0,0.0,1.775,2.0,1.0,0.5,-1.141,1.185,2.0,0.0,0.0,2.0,0.0,0.0,0.0,0.4475
2.924,2.94,2.91,-1.141,1.414,0.7603,0.4456,-0.263,1.463,-0.4792,-2.463,0.2058,0.2856,-0.9307,0.0,-1.0,0.4568,0.5293,-1.07,0.0,0.922,-0.5435,2.477,1.695,1.36,-1.325,4.23,0.4636,4.188,0.4197,-0.4233,0.5664,-0.03784,2.982,2.846,0.0,0.0,2.875,0.0,3.803,1.029,1.0,0.0,0.0,0.0,1.797,2.0,1.5,0.5,-1.183,1.269,3.0,0.0,0.0,2.0,0.0,0.0,0.0,0.45
2.943,2.96,2.928,-1.036,1.329,0.7603,0.4456,-0.302,1.355,-0.4622,-2.258,0.06824,0.2856,-0.9404,0.0,-1.0,0.435,0.5137,-1.063,0.0,0.9243,-0.662,2.986,2.066,1.336,-1.313,5.086,0.099,4.598,0.4636,0.991,1.379,-0.751,3.014,2.863,0.0,0.0,2.893,0.0,3.812,1.075,1.0,0.0,0.0,0.0,0.1295,2.0,1.5,1.0,-1.116,1.15,4.0,0.0,0.0,2.0,0.0,0.0,0.0,0.03217
2.96,2.979,2.945,-0.8657,1.165,0.7603,0.4456,-0.314,1.136,-0.4731,-2.037,-0.02098,0.2856,-0.9507,0.0,-1.0,0.4458,0.5273,-1.07,0.0,0.927,-0.4807,3.54,2.443,1.131,-1.291,5.086,-0.093,4.75,0.099,0.4194,-0.4233,0.2683,3.041,2.879,0.0,0.0,2.912,0.0,3.803,1.266,1.0,0.0,0.0,0.0,-0.257,2.0,1.5,1.0,-0.9624,0.982,0.0,1.0,0.0,2.0,0.0,0.0,0.0,-0.0638
2.975,2.992,2.957,-0.5923,0.8906,0.7603,0.4456,-0.2737,0.783,-0.525,-1.827,-0.1663,0.4285,-0.9604,0.0,-1.0,0.504,0.582,-1.099,0.0,0.929,-0.5376,4.04,2.766,0.8267,-1.274,5.086,-0.3784,4.723,-0.093,0.4634,0.9907,1.157,3.05,2.89,0.0,0.0,2.93,0.0,3.764,1.137,1.0,0.0,0.0,0.0,-0.824,1.0,1.0,1.0,-0.689,0.7285,0.0,2.0,0.0,2.0,0.0,0.0,0.0,-0.2048
2.992,3.008,2.975,-0.9,1.191,0.7603,0.4456,-0.311,1.053,-0.392,-1.575,0.4722,0.5713,-0.9604,0.0,0.0,0.3613,0.4363,-1.03,0.0,0.9316,-0.1864,4.527,3.1,1.123,-1.251,5.086,0.92,4.945,-0.3784,0.099,0.4194,0.805,3.074,2.906,0.0,0.0,2.947,0.0,3.857,1.259,1.0,0.0,0.0,0.0,3.014,1.0,1.0,1.5,-0.9644,1.041,1.0,0.0,0.0,2.0,0.0,0.0,0.0,0.7534
3.01,3.025,2.996,-0.9624,1.222,0.7603,0.4456,-0.335,1.013,-0.336,-1.276,0.1052,0.7144,-0.9604,0.0,0.0,0.3015,0.377,-1.002,0.0,0.9346,-0.1943,5.156,3.623,0.961,-1.198,5.086,0.3809,5.082,0.92,-0.093,0.4634,0.5664,3.09,2.918,0.0,0.0,2.965,0.0,3.896,1.478,1.0,0.0,0.0,0.0,3.89,1.0,1.0,2.0,-1.003,1.093,2.0,0.0,0.0,2.0,0.0,0.0,0.0,0.958
3.03,3.041,3.018,-1.011,1.222,0.7603,0.4456,-0.3928,0.9487,-0.2856,-0.974,0.0812,0.857,-0.9604,0.0,0.0,0.2454,0.3281,-0.976,0.0,0.937,-0.608,5.156,4.156,0.939,-1.17,2.723,0.3384,5.082,0.3809,-0.3784,0.09894,1.379,3.107,2.93,0.0,0.0,2.982,0.0,3.934,1.478,1.0,0.0,0.0,0.0,0.971,1.0,1.0,2.0,-1.064,1.074,3.0,0.0,0.0,2.0,0.0,0.0,0.0,0.2377
3.047,3.055,3.04,-0.9863,1.153,0.7603,0.4456,-0.505,0.838,-0.2595,-0.7163,0.02847,0.857,-0.9507,0.0,0.0,0.209,0.3105,-0.9624,0.0,0.9395,-0.5107,5.156,4.7,0.838,-1.141,4.477,0.1768,5.082,0.3384,0.92,-0.09296,-0.4233,3.121,2.941,0.0,0.0,3.002,0.0,3.951,1.478,1.0,0.0,0.0,0.0,0.514,2.0,1.5,2.0,-1.052,0.9946,4.0,0.0,0.0,2.0,0.0,0.0,0.0,0.1251
3.06,3.066,3.055,-0.6846,0.811,0.7603,0.4456,-0.544,0.4436,-0.3284,-0.513,-0.3108,0.857,-0.9404,0.0,0.0,0.2751,0.389,-0.999,0.0,0.942,-0.434,5.156,5.094,0.4697,-1.121,2.852,-0.4775,5.082,0.1768,0.3809,-0.3784,0.9907,3.129,2.953,0.0,0.0,3.02,0.0,3.9,1.225,1.0,0.0,0.0,0.0,-1.274,2.0,1.0,1.5,-0.754,0.672,0.0,1.0,0.0,2.0,0.0,0.0,0.0,-0.309
3.074,3.078,3.072,-0.757,0.8555,0.7603,0.4456,-0.554,0.4678,-0.2798,-0.3264,0.1904,0.857,-0.9307,0.0,0.0,0.225,0.3372,-0.973,0.0,0.9443,-0.3784,5.156,5.094,0.5186,-1.103,2.26,0.3381,5.082,-0.4775,0.3384,0.9194,0.4194,3.14,2.967,0.0,0.0,3.04,0.0,3.936,1.2,1.0,0.0,0.0,0.0,0.891,2.0,1.0,1.5,-0.8594,0.6743,1.0,0.0,0.0,2.0,0.0,0.0,0.0,0.2179
3.084,3.086,3.082,-0.458,0.531,0.7603,0.4456,-0.6426,0.1361,-0.3545,-0.2256,-0.481,0.857,-0.921,0.0,0.0,0.293,0.4268,-1.012,0.0,0.947,-0.4697,5.156,5.094,0.1501,-1.085,1.53,-0.5073,5.082,0.3381,0.1768,0.3806,0.4634,3.152,2.98,0.0,0.0,3.059,0.0,3.88,0.69,0.0,0.0,0.0,0.0,-1.627,1.0,0.5,1.0,-0.564,0.3696,0.0,1.0,0.0,2.0,0.0,0.0,0.0,-0.3955
3.094,3.094,3.096,-0.5254,0.5674,0.7603,0.915,-0.696,0.1653,-0.3171,-0.094,0.27,0.857,-0.911,0.0,0.0,0.25,0.3909,-0.992,0.0,0.9497,-0.8667,5.156,5.094,0.1925,-1.071,1.478,0.2644,4.535,-0.5073,-0.4775,0.3381,0.09894,3.158,2.994,0.0,0.0,3.08,0.0,3.908,0.9727,1.0,0.0,0.0,0.0,0.554,1.0,0.5,1.5,-0.649,0.3818,1.0,0.0,0.0,2.0,0.0,0.0,0.0,0.1359
3.111,3.11,3.111,-0.875,0.9185,0.7603,0.915,-0.739,0.546,-0.1771,0.03195,1.633,0.857,-0.901,0.0,0.0,0.10626,0.2454,-0.9175,0.0,0.952,0.1088,5.156,5.094,0.557,-1.053,1.963,0.9785,3.879,0.2644,0.3381,0.1768,-0.09296,3.168,3.012,0.0,0.0,3.104,0.0,4.01,0.9795,1.0,0.0,0.0,0.0,3.13,1.0,1.0,1.5,-0.9473,0.7617,2.0,0.0,0.0,2.0,0.0,0.0,0.0,0.7646
3.127,3.127,3.127,-0.8823,0.931,0.7603,0.915,-0.7393,0.577,-0.1417,0.1489,0.1951,0.857,-0.891,0.0,0.0,0.07153,0.2085,-0.8975,0.0,0.9546,-0.1844,5.156,5.094,0.579,-1.036,3.463,0.259,3.416,0.9785,-0.5073,-0.4773,-0.3782,3.178,3.03,0.0,0.0,3.125,0.0,4.04,0.9507,1.0,0.0,0.0,0.0,0.8657,2.0,1.5,1.5,-0.9673,0.76,3.0,0.0,0.0,2.0,0.0,0.0,0.0,0.208
3.143,3.145,3.143,-0.9116,0.971,0.7603,0.915,-0.7417,0.644,-0.0967,0.2625,0.2484,0.857,-0.8813,0.0,0.0,0.02762,0.1619,-0.873,0.0,0.957,-0.4011,5.156,5.094,0.6367,-1.0205,1.803,0.3196,3.084,0.259,0.2644,0.338,0.9194,3.19,3.047,0.0,0.0,3.145,0.0,4.074,0.9243,1.0,0.0,0.0,0.0,1.31,2.0,1.5,1.5,-0.989,0.8057,4.0,0.0,0.0,2.0,0.0,0.0,0.0,0.3132
3.164,3.166,3.162,-1.11,1.198,0.7603,0.915,-0.6914,0.904,0.01227,0.404,0.5186,0.857,-0.871,0.0,0.0,-0.0719,0.04578,-0.8145,0.0,0.9595,0.0379,5.156,5.094,0.916,-1.006,1.356,0.753,2.957,0.3196,0.9785,-0.507,0.3806,3.213,3.064,0.0,0.0,3.166,0.0,4.156,1.054,1.0,0.0,0.0,0.0,3.139,3.0,1.5,1.5,-1.155,1.054,5.0,0.0,0.0,2.0,0.0,0.0,0.0,0.7466
3.176,3.18,3.174,-0.676,0.7637,-0.07556,0.8525,-0.617,0.4446,-0.09875,0.52,-0.3513,0.857,-0.8613,0.0,0.0,0.04074,0.1521,-0.871,0.0,0.962,-0.3416,5.156,5.094,0.4224,-0.985,1.118,-0.721,2.879,0.753,0.259,0.2644,0.3381,3.227,3.078,0.0,0.0,3.18,0.0,4.074,0.723,0.0,0.0,0.0,0.0,-6.133,2.0,1.0,1.5,-0.7305,0.6416,0.0,1.0,0.0,2.0,0.0,0.0,0.0,-1.441
3.191,3.193,3.19,-0.7803,0.8594,-0.07556,0.8525,-0.6206,0.537,-0.03625,0.677,0.3242,0.857,-0.8516,0.0,0.0,-0.01953,0.0882,-0.838,0.0,0.965,-0.3494,4.81,5.094,0.555,-0.9727,1.015,0.4292,2.662,-0.721,0.3196,0.978,0.1766,3.248,3.096,0.0,0.0,3.197,0.0,4.12,0.9785,1.0,0.0,0.0,0.0,1.393,2.0,1.0,2.0,-0.848,0.7144,1.0,0.0,0.0,2.0,0.0,0.0,0.0,0.331
3.207,3.209,3.205,-0.773,0.8506,-0.07556,0.8525,-0.657,0.54,-0.008804,0.797,0.1477,0.857,-0.842,0.0,0.0,-0.04895,0.06384,-0.8223,0.0,0.9673,-0.479,4.26,5.094,0.5757,-0.96,2.703,0.1992,2.65,0.4292,0.7524,0.2588,-0.4773,3.271,3.113,0.0,0.0,3.21,0.0,4.145,0.8525,1.0,0.0,0.0,0.0,0.592,2.0,1.5,2.0,-0.8506,0.696,2.0,0.0,0.0,2.0,0.0,0.0,0.0,0.1398
3.217,3.219,3.215,-0.4402,0.5107,-0.07556,0.8525,-0.6504,0.1957,-0.0968,0.867,-0.4336,0.857,-0.8315,0.0,0.0,0.0359,0.1533,-0.866,0.0,0.9697,-0.2976,4.062,5.094,0.1514,-0.9365,2.43,-0.5625,2.533,0.1992,-0.721,0.3193,0.338,3.277,3.129,0.0,0.0,3.223,0.0,4.082,0.4849,0.0,0.0,0.0,0.0,-2.031,1.0,1.0,1.5,-0.5244,0.3743,0.0,1.0,0.0,2.0,0.0,0.0,0.0,-0.4783
3.229,3.23,3.227,-0.635,0.713,-0.07556,0.8525,-0.636,0.4214,-0.011024,0.948,0.94,0.857,-0.822,0.0,0.0,-0.04495,0.0641,-0.8193,0.0,0.972,-0.324,3.879,5.094,0.3938,-0.928,4.13,0.6016,2.568,-0.5625,0.4292,0.7524,-0.507,3.287,3.146,0.0,0.0,3.232,0.0,4.15,0.5527,0.0,0.0,0.0,0.0,1.35,1.0,1.5,1.5,-0.689,0.5947,1.0,0.0,0.0,0.0,0.0,0.0,0.0,0.3208
3.242,3.244,3.24,-0.684,0.766,-0.07556,0.8525,-0.6665,0.4958,0.02977,1.031,0.295,0.857,-0.812,0.0,0.0,-0.0861,0.02577,-0.7954,0.0,0.9746,-0.8164,3.736,5.094,0.4941,-0.9204,4.105,0.3032,2.62,0.6016,0.1992,-0.721,0.2642,3.297,3.168,0.0,0.0,3.246,0.0,4.18,0.584,0.0,0.0,0.0,0.0,0.496,2.0,1.5,1.5,-0.7456,0.635,2.0,0.0,0.0,0.0,0.0,0.0,0.0,0.1167
3.256,3.258,3.254,-0.6494,0.7266,-0.07556,0.8525,-0.674,0.4531,0.041,1.142,0.0664,0.857,-0.802,0.0,0.0,-0.09735,0.01524,-0.7866,0.0,0.977,-0.5376,3.582,4.824,0.4897,-0.9106,2.22,0.1097,2.594,0.3032,-0.5625,0.429,0.978,3.3,3.188,0.0,0.0,3.258,0.0,4.19,0.831,1.0,0.0,0.0,0.0,0.1768,2.0,1.5,2.0,-0.7236,0.585,3.0,0.0,0.0,0.0,0.0,0.0,0.0,0.04135
3.27,3.271,3.268,-0.7017,0.776,-0.07556,0.8525,-0.721,0.51,0.08234,1.252,0.252,0.857,-0.792,0.0,0.0,-0.1401,-0.0215,-0.7627,0.0,0.98,-0.8794,3.418,4.453,0.5796,-0.901,1.982,0.3066,2.432,0.1097,0.601,0.1992,0.2588,3.314,3.205,0.0,0.0,3.273,0.0,4.227,0.8276,1.0,0.0,0.0,0.0,0.4866,2.0,1.5,2.0,-0.7817,0.6245,4.0,0.0,0.0,0.0,0.0,0.0,0.0,0.1137
3.285,3.285,3.283,-0.765,0.826,-0.07556,0.8525,-0.7456,0.5493,0.1277,1.402,0.213,0.857,-0.782,0.0,0.0,-0.1842,-0.064,-0.736,0.0,0.9824,-0.715,3.295,4.074,0.6484,-0.8853,1.595,0.3323,2.498,0.3066,0.3032,-0.5625,0.3193,3.328,3.223,0.0,0.0,3.287,0.0,4.26,1.158,1.0,0.0,0.0,0.0,0.6875,3.0,1.5,2.0,-0.8315,0.6846,5.0,0.0,0.0,0.0,0.0,0.0,0.0,0.1598
3.297,3.297,3.297,-0.608,0.648,-0.07556,0.8525,-0.736,0.35,0.0949,1.53,-0.1859,0.857,-0.7725,0.0,0.0,-0.1531,-0.0326,-0.7505,0.0,0.985,-0.7783,3.15,3.855,0.4817,-0.873,0.04376,-0.1787,2.52,0.3323,0.1097,0.601,0.7524,3.336,3.24,0.0,0.0,3.299,0.0,4.242,1.011,1.0,0.0,0.0,0.0,-0.4119,2.0,1.0,2.0,-0.715,0.4739,0.0,1.0,0.0,0.0,0.0,0.0,0.0,-0.0952
3.307,3.305,3.309,-0.4868,0.515,-0.07556,0.8525,-0.7725,0.2196,0.07196,1.608,-0.1648,0.857,-0.762,0.0,0.0,-0.135,-0.00628,-0.76,0.0,0.9873,-0.3816,3.043,3.693,0.331,-0.858,2.227,-0.1195,2.518,-0.1787,0.3066,0.303,-0.721,3.35,3.252,0.0,0.0,3.309,0.0,4.23,0.7314,0.0,0.0,0.0,0.0,-0.3914,1.0,1.0,1.5,-0.604,0.3396,0.0,2.0,0.0,0.0,0.0,0.0,0.0,-0.0907
3.314,3.312,3.318,-0.3523,0.3677,-0.07556,0.8525,-0.8145,0.0753,0.03915,1.662,-0.3298,0.857,-0.7524,0.0,0.0,-0.10815,0.03052,-0.7744,0.0,0.9897,-0.731,2.93,3.572,0.1823,-0.848,1.456,-0.1797,2.473,-0.1195,0.3323,0.1097,0.429,3.355,3.266,0.0,0.0,3.316,0.0,4.207,0.552,0.0,0.0,0.0,0.0,-0.492,0.0,0.5,1.0,-0.4797,0.1913,0.0,3.0,0.0,0.0,0.0,0.0,0.0,-0.11426
3.328,3.326,3.33,-0.643,0.665,-0.07556,0.8525,-0.8213,0.3958,0.1542,1.739,1.989,0.857,-0.7427,0.0,0.0,-0.2152,-0.0827,-0.711,0.0,0.992,-0.3345,2.842,3.473,0.4863,-0.834,1.136,0.7974,2.414,-0.1797,-0.1787,0.3064,0.1991,3.367,3.277,0.0,0.0,3.33,0.0,4.297,0.6885,0.0,0.0,0.0,0.0,2.719,0.0,0.5,1.0,-0.7515,0.4866,1.0,0.0,0.0,0.0,0.0,0.0,0.0,0.6333
3.338,3.336,3.34,-0.524,0.5454,-0.07556,0.8525,-0.882,0.3047,0.1338,1.775,-0.05295,0.857,-0.733,0.0,0.0,-0.202,-0.05692,-0.7188,0.0,0.995,-0.696,2.729,3.37,0.386,-0.825,3.047,-0.097,2.332,0.7974,-0.1195,0.332,-0.5625,3.375,3.29,0.0,0.0,3.342,0.0,4.285,0.413,0.0,0.0,0.0,0.0,-0.2612,-1.0,0.5,0.5,-0.673,0.3323,0.0,1.0,0.0,0.0,0.0,0.0,0.0,-0.06006
3.354,3.354,3.355,-0.8223,0.8535,-0.07556,0.8525,-0.922,0.634,0.259,1.885,1.003,0.857,-0.7227,0.0,0.0,-0.319,-0.1746,-0.649,0.0,0.9976,-0.291,2.826,3.348,0.6353,-0.7964,1.938,0.864,2.213,-0.097,-0.1796,-0.1787,0.601,3.39,3.303,0.0,0.0,3.357,0.0,4.383,1.102,1.0,0.0,0.0,0.0,2.83,0.0,0.5,1.0,-0.9326,0.6587,1.0,0.0,0.0,0.0,0.0,0.0,0.0,0.652
3.37,3.37,3.371,-0.7974,0.839,-0.07556,0.8525,-0.9233,0.6304,0.2793,1.982,0.1383,0.857,-0.713,0.0,0.0,-0.3372,-0.1936,-0.635,0.0,1.0,-0.3801,2.94,3.332,0.623,-0.78,1.702,0.1755,2.082,0.864,0.797,-0.1195,0.303,3.402,3.314,0.0,0.0,3.373,0.0,4.402,1.051,1.0,0.0,0.0,0.0,0.4412,1.0,0.5,1.0,-0.916,0.637,2.0,0.0,0.0,0.0,0.0,0.0,0.0,0.10016
3.39,3.39,3.389,-1.065,1.135,-0.07556,0.8525,-0.915,0.958,0.4097,2.115,0.6245,0.857,-0.703,0.0,0.0,-0.451,-0.317,-0.562,0.0,1.003,-0.311,3.104,3.363,0.933,-0.759,1.957,0.8857,2.436,0.1755,-0.097,-0.1796,0.1096,3.428,3.33,0.0,0.0,3.39,0.0,4.504,1.1875,1.0,0.0,0.0,0.0,2.742,2.0,0.5,1.0,-1.162,0.9365,3.0,0.0,0.0,0.0,0.0,0.0,0.0,0.621
3.404,3.406,3.404,-0.746,0.811,-0.07556,0.8525,-0.888,0.6,0.3286,2.252,-0.2228,0.857,-0.693,0.0,0.0,-0.3777,-0.2438,-0.6016,0.0,1.005,-0.6284,3.418,3.447,0.554,-0.735,1.893,-0.4705,2.537,0.8857,0.8633,0.797,0.3064,3.447,3.346,0.0,0.0,3.402,0.0,4.45,1.23,1.0,0.0,0.0,0.0,-1.634,1.0,0.0,1.0,-0.868,0.61,0.0,1.0,0.0,0.0,0.0,0.0,0.0,-0.3645
3.42,3.422,3.42,-0.7505,0.818,-0.07556,0.8525,-0.893,0.606,0.3557,2.37,0.1519,0.857,-0.683,0.0,0.0,-0.4019,-0.2688,-0.583,0.0,1.008,-0.384,3.695,3.547,0.556,-0.717,1.534,0.2213,2.678,-0.4705,0.1755,-0.097,0.332,3.473,3.36,0.0,0.0,3.416,0.0,4.473,1.169,1.0,0.0,0.0,0.0,0.5737,2.0,0.0,1.0,-0.878,0.611,1.0,0.0,0.0,0.0,0.0,0.0,0.0,0.1289
3.434,3.436,3.432,-0.624,0.693,-0.4138,0.8525,-0.8726,0.473,0.3357,2.469,-0.05954,0.857,-0.6733,0.0,0.0,-0.3826,-0.252,-0.59,0.0,1.01,-0.616,3.9,3.639,0.427,-0.702,2.557,-0.084,2.842,0.2213,0.8857,0.8633,-0.1787,3.488,3.371,0.0,0.0,3.426,0.0,4.465,1.048,1.0,0.0,0.0,0.0,-0.3306,1.0,0.0,0.5,-0.762,0.4834,0.0,1.0,0.0,0.0,0.0,0.0,0.0,-0.07404
3.445,3.447,3.445,-0.5864,0.652,-0.4138,0.915,-0.8843,0.4275,0.343,2.568,0.0586,0.857,-0.6636,0.0,0.0,-0.3901,-0.2576,-0.5825,0.0,1.013,-0.688,4.027,3.742,0.397,-0.6895,3.438,0.08936,2.826,-0.084,-0.4705,0.1755,-0.11945,3.506,3.383,0.0,0.0,3.44,0.0,4.473,1.044,1.0,0.0,0.0,0.0,0.2793,1.0,0.5,0.5,-0.7373,0.432,1.0,0.0,0.0,0.0,0.0,0.0,0.0,0.0626
3.457,3.459,3.457,-0.5327,0.5986,-0.4138,0.915,-0.86,0.3706,0.3447,2.66,0.02788,0.857,-0.6533,0.0,0.0,-0.3894,-0.2615,-0.5786,0.0,1.016,-0.6177,4.07,3.82,0.3518,-0.678,4.543,0.04724,2.84,0.08936,0.2213,0.8857,-0.1796,3.514,3.395,0.0,0.0,3.451,0.0,4.48,0.985,1.0,0.0,0.0,0.0,0.1613,1.0,1.0,0.5,-0.702,0.3623,2.0,0.0,0.0,0.0,0.0,0.0,0.0,0.03613
3.47,3.473,3.469,-0.612,0.684,-0.4138,0.915,-0.841,0.464,0.3938,2.752,0.3542,0.857,-0.6436,0.0,0.0,-0.4307,-0.3093,-0.55,0.0,1.018,-0.4543,4.094,3.885,0.443,-0.664,3.031,0.3513,2.902,0.04724,-0.084,-0.4702,0.797,3.525,3.408,0.0,0.0,3.463,0.0,4.52,0.9927,1.0,0.0,0.0,0.0,1.612,2.0,1.0,0.5,-0.77,0.4539,3.0,0.0,0.0,0.0,0.0,0.0,0.0,0.3608
3.48,3.482,3.479,-0.424,0.492,-0.4138,0.915,-0.7983,0.2559,0.3477,2.842,-0.2512,0.857,-0.634,0.0,0.0,-0.3865,-0.2703,-0.5713,0.0,1.0205,-0.3796,4.066,3.97,0.2418,-0.652,3.855,-0.2607,2.686,0.3513,0.08936,0.2212,-0.0969,3.523,3.422,0.0,0.0,3.477,0.0,4.49,0.927,1.0,0.0,0.0,0.0,-0.8896,1.0,1.0,0.5,-0.586,0.2722,0.0,1.0,0.0,0.0,0.0,0.0,0.0,-0.198
3.488,3.49,3.488,-0.326,0.3862,-0.4138,0.915,-0.721,0.1288,0.3276,2.938,-0.2329,0.857,-0.6235,0.0,0.0,-0.362,-0.2588,-0.5796,0.0,1.022,0.4197,4.01,4.027,0.11707,-0.6387,1.968,-0.0995,2.531,-0.2607,0.04724,-0.084,0.8633,3.527,3.434,0.0,0.0,3.488,0.0,4.477,0.938,1.0,0.0,0.0,0.0,-0.3364,1.0,0.5,0.5,-0.4954,0.166,0.0,2.0,0.0,0.0,0.0,0.0,0.0,-0.0752
3.484,3.486,3.482,0.4817,-0.4263,-0.4138,0.1676,-0.4702,-0.732,0.06024,2.959,-3.729,0.7144,-0.614,-1.0,0.0,-0.0971,-0.02353,-0.7197,0.0,1.025,1.186,3.795,4.0,-0.7075,-0.639,1.713,-1.694,2.367,-0.0995,0.3513,0.08936,0.1755,3.51,3.443,0.0,0.0,3.492,0.0,4.28,0.1053,0.0,0.0,0.0,0.0,-8.15,0.0,0.0,0.5,0.3096,-0.5864,0.0,3.0,0.0,0.0,0.0,0.0,0.0,-2.215
3.486,3.486,3.486,0.04953,-0.0003984,-0.4138,0.1676,-0.4753,-0.3235,0.1941,2.982,-0.5835,0.5713,-0.604,-1.0,0.0,-0.2207,-0.1548,-0.647,0.0,1.027,-0.1628,3.494,3.918,-0.3018,-0.6353,-1.083,0.907,2.164,-1.694,-0.2607,0.0472,0.8853,3.502,3.451,0.0,0.0,3.498,0.0,4.383,0.1427,0.0,0.0,0.0,0.0,3.336,0.0,0.0,0.5,-0.04922,-0.11444,1.0,0.0,0.0,0.0,0.0,0.0,0.0,0.7686
3.486,3.486,3.486,0.1605,-0.1225,-0.4138,0.1676,-0.415,-0.4595,0.1543,3.0,0.8594,0.4285,-0.594,-1.0,0.0,-0.179,-0.1217,-0.666,0.0,1.03,-0.09314,3.041,3.781,-0.4353,-0.6313,-0.02664,-0.234,2.006,0.907,-0.0995,0.3513,-0.4702,3.49,3.457,0.0,0.0,3.502,0.0,4.355,0.08813,0.0,0.0,0.0,0.0,-0.801,-1.0,0.0,0.5,0.02731,-0.2654,0.0,1.0,0.0,0.0,0.0,0.0,0.0,-0.1818
3.492,3.492,3.494,-0.1753,0.2123,-0.4138,0.1676,-0.4517,-0.10626,0.2673,3.008,-0.982,0.4285,-0.584,0.0,0.0,-0.2844,-0.2274,-0.6035,0.0,1.033,-0.4153,2.65,3.615,-0.083,-0.6284,-0.879,0.769,1.918,-0.234,-1.694,-0.2605,0.2212,3.488,3.465,0.0,0.0,3.508,0.0,4.44,0.06097,0.0,0.0,0.0,0.0,3.281,0.0,0.0,0.5,-0.2556,0.1009,1.0,0.0,0.0,0.0,0.0,0.0,0.0,0.7476
3.498,3.496,3.498,-0.1497,0.1848,-0.4138,0.1676,-0.4482,-0.11237,0.2654,3.01,-0.6113,0.4285,-0.574,0.0,0.0,-0.2825,-0.226,-0.602,0.0,1.035,-0.3445,2.201,3.406,-0.0814,-0.6274,-0.71,0.01582,1.759,0.769,0.9067,-0.0995,-0.0839,3.48,3.473,0.0,0.0,3.516,0.0,4.44,0.007935,0.0,0.0,0.0,0.0,0.0503,1.0,0.5,0.5,-0.2764,0.02487,2.0,0.0,0.0,0.0,0.0,0.0,0.0,0.011314
3.5,3.5,3.502,-0.0436,0.07556,-0.4138,0.1676,-0.4285,-0.1747,0.2344,2.957,-17.1,0.2856,-0.5645,-1.0,0.0,-0.253,-0.1981,-0.6167,0.0,1.038,-0.07117,1.754,3.162,-0.161,-0.6284,-1.007,-0.174,1.509,0.01582,-0.234,-1.693,0.0893,3.475,3.48,0.0,0.0,3.521,0.0,4.42,-0.4116,0.0,0.0,0.0,0.0,-0.966,1.0,0.0,0.0,-0.1919,-0.09955,0.0,1.0,0.0,0.0,0.0,0.0,0.0,-0.2172
3.51,3.508,3.51,-0.327,0.3682,-0.4138,0.1676,-0.4014,0.1536,0.3396,2.965,-5.906,0.2856,-0.5547,0.0,0.0,-0.3438,-0.3005,-0.558,0.0,1.04,0.3486,1.379,2.863,0.1759,-0.6274,-1.258,0.708,1.177,-0.174,0.7686,0.9067,0.0472,3.479,3.488,0.0,0.0,3.531,0.0,4.504,0.0706,0.0,0.0,0.0,0.0,2.129,1.0,0.0,0.5,-0.4358,0.2139,1.0,0.0,0.0,0.0,0.0,0.0,0.0,0.4802
3.508,3.508,3.508,0.277,-0.2327,-0.4138,0.1676,-0.302,-0.4287,0.1415,2.9,-2.234,0.1428,-0.5444,-1.0,0.0,-0.1572,-0.12,-0.6616,0.0,1.043,0.05634,1.022,2.52,-0.4102,-0.6313,-2.191,-1.243,1.042,0.708,0.01581,-0.2339,0.3513,3.486,3.494,0.0,0.0,3.533,0.0,4.36,-0.459,0.0,0.0,0.0,0.0,-6.34,1.0,-0.5,0.0,0.1887,-0.3176,0.0,1.0,0.0,0.0,0.0,0.0,0.0,-1.413
3.504,3.506,3.504,0.3813,-0.3293,-0.4138,0.1676,-0.2852,-0.5093,0.1041,2.844,0.4248,0.0,-0.5444,-1.0,0.0,-0.12134,-0.08484,-0.6816,0.0,1.046,-0.4924,0.675,2.09,-0.4963,-0.6367,-1.829,-0.2454,0.909,-1.243,-0.1738,0.7686,-0.2605,3.48,3.498,0.0,0.0,3.535,0.0,4.332,-0.5034,0.0,0.0,0.0,0.0,-0.917,0.0,-0.5,0.0,0.2913,-0.4084,0.0,2.0,0.0,0.0,0.0,0.0,0.0,-0.2087
3.51,3.512,3.51,-0.182,0.2472,-0.4138,0.1676,-0.2078,0.0985,0.2947,2.84,-1.548,0.0,-0.5444,0.0,0.0,-0.2869,-0.2769,-0.5796,0.0,1.048,0.5327,0.342,1.716,0.1138,-0.638,-1.925,1.259,0.8965,-0.2454,0.708,0.01581,-0.0995,3.492,3.506,0.0,0.0,3.537,0.0,4.473,-0.1271,0.0,0.0,0.0,0.0,3.912,0.0,0.0,0.0,-0.1808,0.224,1.0,0.0,0.0,0.0,0.0,0.0,0.0,0.894
3.514,3.516,3.512,0.012184,0.05103,-0.4138,0.1676,-0.162,-0.06714,0.2375,2.816,-0.7075,0.0,-0.5444,0.0,0.0,-0.2318,-0.2266,-0.6094,0.0,1.051,-0.2222,0.0258,1.325,-0.05624,-0.639,2.914,-0.362,0.881,1.259,-1.243,-0.1738,-1.693,3.492,3.512,0.0,0.0,3.54,0.0,4.43,-0.2389,0.0,0.0,0.0,0.0,-1.154,0.0,0.0,-0.5,0.00264,0.03113,0.0,1.0,0.0,-1.0,0.0,0.0,0.0,-0.2583
3.512,3.514,3.512,0.2313,-0.177,-0.761,0.1676,-0.12006,-0.2537,0.1647,2.752,-4.12,-0.1428,-0.5444,-1.0,0.0,-0.1621,-0.1602,-0.648,0.0,1.053,-0.1268,-0.1687,0.955,-0.2418,-0.6465,0.778,-0.4644,0.8647,-0.362,-0.2454,0.708,0.9067,3.486,3.516,0.0,0.0,3.535,0.0,4.375,-0.456,0.0,0.0,0.0,0.0,-2.16,-1.0,-0.5,-1.0,0.223,-0.1786,0.0,2.0,0.0,-1.0,0.0,0.0,0.0,-0.4863
3.51,3.51,3.51,0.3726,-0.322,-0.761,0.1676,-0.1134,-0.3708,0.1132,2.684,1.071,-0.2856,-0.5444,-1.0,0.0,-0.1143,-0.1103,-0.675,0.0,1.056,-0.4001,-0.1398,0.6504,-0.356,-0.6543,1.434,-0.3298,0.943,-0.4644,1.259,-1.243,-0.2339,3.479,3.518,0.0,0.0,3.531,0.0,4.34,-0.4705,0.0,0.0,0.0,0.0,-1.296,-1.0,-0.5,-1.0,0.3696,-0.3066,0.0,3.0,0.0,-1.0,0.0,0.0,0.0,-0.2942
3.51,3.51,3.51,0.179,-0.1376,-0.761,0.1676,-0.2026,-0.1564,0.1704,2.635,-0.777,-0.4285,-0.5444,-1.0,0.0,-0.1747,-0.1578,-0.6436,0.0,1.058,-0.4211,0.007675,0.4019,-0.1411,-0.6597,-0.7534,0.385,0.934,-0.3298,-0.3618,-0.2452,0.7686,3.467,3.521,0.0,0.0,3.53,0.0,4.383,-0.3367,0.0,0.0,0.0,0.0,1.071,0.0,-0.5,-0.5,0.1224,-0.1957,1.0,0.0,0.0,-1.0,0.0,0.0,0.0,0.2445
3.506,3.504,3.506,0.4546,-0.43,-0.761,0.1676,-0.2947,-0.4766,0.0724,2.646,8.65,-0.4285,-0.5444,-1.0,0.0,-0.0927,-0.05246,-0.6953,0.0,1.061,0.3918,0.0795,0.1953,-0.4712,-0.6553,-0.936,-0.6323,1.028,0.385,-0.4644,1.258,0.01581,3.463,3.523,0.0,0.0,3.525,0.0,4.31,-0.04944,0.0,0.0,0.0,0.0,-1.783,-1.0,-1.0,-0.5,0.3748,-0.4917,0.0,1.0,0.0,-1.0,0.0,0.0,0.0,-0.4045
3.504,3.502,3.506,0.256,-0.2297,-0.761,0.1676,-0.34,-0.282,0.1305,2.633,-0.4473,-0.4285,-0.5444,-1.0,0.0,-0.1505,-0.1056,-0.664,0.0,1.063,-0.5317,0.1294,0.03177,-0.289,-0.655,-0.762,0.3867,1.021,-0.6323,-0.3298,-0.3618,-0.1738,3.465,3.525,0.0,0.0,3.521,0.0,4.35,-0.202,0.0,0.0,0.0,0.0,1.01,0.0,-0.5,-0.5,0.1962,-0.2854,1.0,0.0,0.0,-1.0,0.0,0.0,0.0,0.2316
3.508,3.508,3.51,-0.11957,0.1516,-0.761,0.1676,-0.342,0.09863,0.2585,2.674,-2.357,-0.2856,-0.5444,0.0,0.0,-0.2666,-0.2295,-0.595,0.0,1.065,-0.02039,0.1373,-0.08746,0.1,-0.652,-2.934,0.8433,0.9937,0.3867,0.385,-0.4644,0.708,3.463,3.531,0.0,0.0,3.52,0.0,4.45,0.1112,0.0,0.0,0.0,0.0,2.588,1.0,-0.5,0.0,-0.1547,0.0936,2.0,0.0,0.0,-1.0,0.0,0.0,0.0,0.5894
