ATR%,14ma%,200ma%,14ma-200ma,14ma%_change,14ma%_count,200ma%_count,14ma_crossover,200ma_crossover,200DAY_ATR%,200DAY_ATR-%,percent_from_high,new_high,days_since_high,percent_range,VWAP_std14,VWAP_std200,VWAP%,VWAP%_from_high,percent_change_Close,pct_change_std,percent_change_Close_lag_1,percent_change_Close_lag_2,percent_change_Close_lag_3,percent_change_Close_7,percent_change_Close_30,percent_change_Close>std,percent_change_Close<std,pct_change_std_rolling,days_since_abnormal_pct_change,VWAP_Divergence,RSI,RSI_Divergence,EFI,direction_flipper_count5,direction_flipper_count_10,direction_flipper_count_14,KC_UPPER%,KC_LOWER%,B%,positive_streak,negative_streak,is_gap_up,is_gap_down,move_from_gap%,VPT,RF_Predictions,LSTM_Predictions,Prediction_Error,Adjusted_LSTM_Predictions
0.02486,-0.04056,-1.28,-0.1274,-11.96,-1.0,-1.073,0.0,0.0,2.11,1.831,0.887,1.0,-0.171,0.1276,-0.51,-0.535,-0.2747,0.7866,-0.8202,-0.5703,-0.82,-0.82,-0.82,-0.9517,-0.9775,0.0,-1.0,-0.9683,0.0,-0.3188,-1.014,-0.03665,-0.02545,-2.0,-1.5,-1.5,-0.03726,-0.0643,-0.369,0.0,0.0,0.0,0.0,0.0,-0.8613,-0.5888319999999999,,,
0.02486,-0.04056,-1.28,-0.1274,-11.96,-1.0,-1.073,0.0,0.0,2.11,1.831,0.8394,0.0,-0.1705,1.222,-0.51,-0.535,-0.2747,0.7866,-0.8202,-0.5703,-0.82,-0.82,-0.82,-0.9517,-0.9775,0.0,-1.0,-0.9683,0.0,-0.3196,-1.014,-0.03665,-0.02545,-2.0,-1.5,-1.5,-0.03726,-0.0643,-0.369,0.0,1.0,0.0,0.0,0.0,-0.8613,-0.3681400000000001,,,
0.02486,-0.04056,-1.28,-0.1274,-11.96,-1.0,-1.073,0.0,0.0,2.11,1.831,0.8154,0.0,-0.1702,0.54,-0.51,-0.535,-0.2747,0.7866,-0.4209,-0.5703,-0.82,-0.82,-0.82,-0.9517,-0.9775,0.0,-1.0,-0.9683,0.0,-0.3196,-1.014,-0.03665,-0.01523,-2.0,-1.5,-1.5,-0.03726,-0.0643,-0.369,0.0,2.0,0.0,0.0,0.0,-0.529,-0.334608,,,
0.02486,-0.04056,-1.28,-0.1274,-11.96,-1.0,-1.073,0.0,0.0,2.11,1.831,0.7915,0.0,-0.1697,-0.1604,-0.51,-0.535,-0.2747,0.7866,-0.4264,-0.5703,-0.4207,-0.82,-0.82,-0.9517,-0.9775,0.0,-1.0,-0.9683,0.0,-0.3198,-1.014,-0.03665,-0.02173,-2.0,-1.5,-1.5,-0.03726,-0.0643,-0.369,0.0,3.0,0.0,0.0,0.0,-0.764,-0.539832,,,
0.02486,-0.04056,-1.28,-0.1274,-11.96,-1.0,-1.073,0.0,0.0,2.11,1.831,0.76,0.0,-0.1692,-0.3247,-0.51,-0.535,-0.2747,0.7866,-0.5759,-0.5703,-0.4263,-0.4207,-0.82,-0.9517,-0.9775,0.0,-1.0,-0.9683,0.0,-0.32,-1.014,-0.03665,-0.0187,-2.0,-1.5,-1.5,-0.03726,-0.0643,-0.369,0.0,4.0,0.0,0.0,0.0,-0.6675,-0.3996399999999998,,,
0.02486,-0.04056,-1.28,-0.1274,-11.96,-1.0,-1.073,0.0,0.0,2.11,1.831,0.728,0.0,-0.1688,0.2559,-0.51,-0.535,-0.2747,0.7866,-0.5869,-0.5703,-0.576,-0.4263,-0.4207,-0.9517,-0.9775,0.0,-1.0,-0.9683,0.0,-0.3206,-1.014,-0.03665,-0.00814,-2.0,-1.5,-1.5,-0.03726,-0.0643,-0.369,0.0,5.0,0.0,0.0,0.0,-0.2957,-0.1810079999999999,,,
0.02486,-0.04056,-1.28,-0.1274,-11.96,-1.0,-1.073,0.0,0.0,2.11,1.831,0.744,0.0,-0.1683,-0.1301,-0.51,-0.535,-0.2747,0.7866,0.2989,-0.5703,-0.5864,-0.576,-0.4263,-0.9517,-0.9775,0.0,-1.0,-0.9683,0.0,-0.3203,-1.014,-0.03665,0.0008106,-1.0,-1.5,-1.5,-0.03726,-0.0643,-0.369,1.0,0.0,0.0,0.0,0.0,0.02998,-0.216768,,,
0.02486,-0.04056,-1.28,-0.1274,-11.96,-1.0,-1.073,0.0,0.0,2.11,1.831,0.712,0.0,-0.1678,-0.2986,-0.51,-0.535,-0.2747,0.7866,-0.5922000000000001,-0.5703,0.2988,-0.5864,-0.576,-0.952,-0.9775,0.0,-1.0,-0.9683,0.0,-0.3208,-1.014,-0.03665,-0.004784,-1.0,-1.5,-1.5,-0.03726,-0.0643,-0.369,0.0,1.0,0.0,0.0,0.0,-0.1753,-0.154632,,,
0.02486,-0.04056,-1.28,-0.1274,-11.96,-1.0,-1.073,0.0,0.0,2.11,1.831,0.6963,0.0,-0.1674,-0.0982,-0.51,-0.535,-0.2747,0.7866,-0.3017,-0.5703,-0.592,0.2988,-0.5864,-0.9526,-0.9775,0.0,-1.0,-0.9683,0.0,-0.321,-1.014,-0.03665,-0.001074,-1.0,-1.5,-1.5,-0.03726,-0.0643,-0.369,0.0,2.0,0.0,0.0,0.0,-0.04007,-0.082816,,,
0.02486,-0.04056,-1.28,-0.1274,-11.96,-1.0,-1.073,0.0,0.0,2.11,1.831,0.712,0.0,-0.167,-0.4883,-0.51,-0.535,-0.2747,0.7866,0.3048,-0.5703,-0.3018,-0.592,0.2988,-0.9526,-0.9775,0.0,-1.0,-0.9683,0.0,-0.3208,-1.014,-0.03665,0.0004785,0.0,-1.5,-1.5,-0.03726,-0.0643,-0.369,1.0,0.0,0.0,0.0,0.0,0.01804,0.3170280000000002,,,
0.02486,-0.04056,-1.28,-0.1274,-11.96,-1.0,-1.073,0.0,0.0,2.11,1.831,0.76,0.0,-0.1665,0.966,-0.51,-0.535,-0.2747,0.7866,0.9054,-0.5703,0.3044,-0.3018,-0.592,-0.9526,-0.9775,0.0,-1.0,-0.9683,0.0,-0.3198,-1.014,-0.03665,0.008255,1.0,-1.0,-1.5,-0.03726,-0.0643,-0.369,2.0,0.0,0.0,0.0,0.0,0.308,0.310212,,,
0.02486,-0.04056,-1.28,-0.1274,-11.96,-1.0,-1.073,0.0,0.0,2.11,1.831,0.8,0.0,-0.166,0.9165,-0.51,-0.535,-0.2747,0.7866,0.7341,-0.5703,0.905,0.3044,-0.3018,-0.9526,-0.9775,0.0,-1.0,-0.9683,0.0,-0.3193,-1.014,-0.03665,0.02306,1.0,-0.5,-1.5,-0.03726,-0.0643,-0.369,3.0,0.0,0.0,0.0,0.0,0.837,0.358172,,,
0.02486,-0.04056,-1.28,-0.1274,-11.96,-1.0,-1.073,0.0,0.0,2.11,1.831,0.776,0.0,-0.1656,-0.5156,-0.51,-0.535,-0.2747,0.7866,-0.4301,-0.5703,0.7334,0.905,0.3044,-0.9526,-0.9775,0.0,-1.0,-0.9683,0.0,-0.3196,-1.014,-0.03665,-0.002363,1.0,-0.5,-1.5,-0.03726,-0.0643,-0.369,0.0,1.0,0.0,0.0,0.0,-0.08386,0.0711159999999999,,,
0.02486,-0.04056,-1.28,-0.1274,-11.96,-1.0,-1.073,1.0,0.0,2.11,1.831,0.776,0.0,-0.1652,-0.1504,-0.51,-0.535,-0.2747,0.7866,0.0001,-0.5703,-0.4302,0.7334,0.905,-0.9526,-0.9775,0.0,-1.0,-0.9683,0.0,-0.3196,-1.014,-0.03665,0.0,1.0,-0.5,-1.5,-0.03726,-0.0643,-0.369,0.0,0.0,0.0,0.0,0.0,0.0,-0.687068,,,
0.02486,-0.502,-1.28,-0.1274,-11.96,-1.0,-1.073,0.0,0.0,2.11,1.831,0.712,0.0,-0.1647,-0.4883,-0.51,-0.535,-0.7456,0.7764,-1.1629,-0.5703,0.0,-0.4302,0.7334,-0.9526,-0.9775,0.0,-1.0,-0.9683,0.0,-0.3208,-1.014,0.1256,-0.00355,0.0,-0.5,-1.5,0.4558,-0.5425,-0.369,0.0,1.0,0.0,0.0,0.0,-0.1277,0.7268520000000003,,,
-0.138,-0.01959,-1.28,-0.1274,-1.092,-0.857,-1.073,1.0,0.0,2.11,1.831,0.76,0.0,-0.1643,-0.1405,-0.51,-0.535,-0.2448,0.767,0.9054,-0.5703,-1.162,0.0,-0.4302,-0.9526,-0.9775,0.0,-1.0,-0.9683,0.0,-0.3198,-0.5127,-0.232,0.00556,0.0,0.0,-1.0,0.0797,-0.1056,-0.369,1.0,0.0,0.0,0.0,0.0,0.2076,-0.4390465599999998,,,
-0.1608,-0.05038,-1.28,-0.1274,-0.3997,-0.7144,-1.073,1.0,0.0,2.11,1.831,0.752,0.0,-0.1638,0.2352,-0.51,-0.535,-0.2417,0.759,-0.1466,-0.5703,0.905,-1.162,0.0,-0.952,-0.9775,0.0,-1.0,-0.9683,0.0,-0.32,-0.4424,-0.2822,-0.002186,-1.0,-0.5,-1.0,0.1247,-0.1831,-0.369,0.0,1.0,0.0,0.0,0.0,-0.0794,-0.2623664,,,
-0.1486,-0.2935,-1.28,-0.1274,-8.26,-0.7144,-1.073,0.0,0.0,2.11,1.831,0.72,0.0,-0.1633,-0.3032,-0.51,-0.535,-0.4265,0.7476,-0.5893,-0.5703,-0.1466,0.905,-1.162,-0.9526,-0.9775,0.0,-1.0,-0.9683,0.0,-0.3206,-0.478,-0.2568,-0.00403,-1.0,-0.5,-1.0,0.357,-0.422,-0.369,0.0,2.0,0.0,0.0,0.0,-0.1469,0.4120479999999999,,,
-0.1821,0.0687,-1.28,-0.1274,-1.691,-0.5713,-1.073,1.0,0.0,2.11,1.831,0.76,0.0,-0.163,-0.1405,-0.51,-0.535,-0.05518,0.7456,0.7511,-0.5703,-0.5894,-0.1466,0.905,-0.9526,-0.9775,0.0,-1.0,-0.9683,0.0,-0.3198,-0.0945,-0.5303,0.003431,0.0,0.0,-0.5,0.03918,-0.0774,-0.369,1.0,0.0,0.0,0.0,0.0,0.1274,-0.360904,,,
-0.1622,-0.1537,-1.28,-0.1274,-1.451,-0.5713,-1.073,0.0,0.0,2.11,1.831,0.736,0.0,-0.1625,0.249,-0.51,-0.535,-0.2817,0.747,-0.4401,-0.5703,0.7505,-0.5894,-0.1466,-0.9526,-0.9775,0.0,0.0,-0.9683,0.0,-0.32,-0.05188,-0.561,-0.002253,0.0,-0.5,-0.5,0.2279,-0.256,-0.369,0.0,1.0,0.0,0.0,0.0,-0.0818,-0.159684,,,
-0.1986,-0.0813,-1.28,-0.1274,-0.935,-0.5713,-1.073,0.0,0.0,2.11,1.831,0.744,0.0,-0.162,-0.5024,-0.51,-0.535,-0.2079,0.747,0.1488999999999999,-0.5703,-0.44,0.7505,-0.5894,-0.9526,-0.9775,0.0,0.0,-0.9683,0.0,-0.32,-0.0945,-0.5303,0.000711,0.0,-0.5,-0.5,0.1327,-0.2043,-0.2483,1.0,0.0,0.0,0.0,0.0,0.02617,0.226848,,,
-0.2263,0.03223,-1.28,-0.1274,-14.766,-0.4285,-1.073,1.0,0.0,2.11,1.831,0.76,0.0,-0.1616,-0.5093,-0.51,-0.535,-0.09204,0.75,0.2961999999999999,-0.5703,0.1487,-0.44,0.7505,-0.9526,-0.9775,1.0,-1.0,-0.9683,0.0,-0.3198,0.1771,-0.724,0.0007377,1.0,-0.5,0.0,0.00982,-0.0773,0.02206,2.0,0.0,0.0,0.0,0.0,0.02702,-0.4465639999999998,,,
-0.2305,-0.277,-1.28,-0.1274,-2.78,-0.4285,-1.073,0.0,0.0,2.11,1.831,0.728,0.0,-0.1611,-0.4954,-0.51,-0.535,-0.386,0.751,-0.5869,-0.5703,0.296,0.1487,-0.44,-0.9526,-0.9775,0.0,0.0,-0.9683,0.0,-0.3203,0.0794,-0.655,-0.002485,1.0,-0.5,0.0,0.2678,-0.312,-0.419,0.0,1.0,0.0,0.0,0.0,-0.0902,0.4010279999999999,,,
-0.1608,-0.0865,-1.28,-0.1274,-0.907,-0.4285,-1.073,0.0,0.0,2.11,1.831,0.752,0.0,-0.1606,0.6055,-0.51,-0.535,-0.1721,0.751,0.4486,-0.5703,-0.5864,0.296,0.1487,-0.9526,-0.9775,1.0,-1.0,-0.9683,0.0,-0.3198,0.1186,-0.6826,0.004517,1.0,0.0,0.0,0.04935,-0.133,0.02257,1.0,0.0,0.0,0.0,0.0,0.167,0.8879840000000001,,,
-0.2185,0.519,-1.28,-0.1274,-14.766,-0.2856,-1.073,1.0,0.0,2.11,1.831,0.823,0.0,-0.1602,0.8877,-0.51,-0.535,0.4106,0.757,1.3261,-0.5703,0.4482,-0.5864,0.296,-0.952,-0.9775,1.0,-1.0,-0.9683,0.0,-0.3186,0.2275,-0.76,0.01581,2.0,0.5,0.0,-0.4265,0.4182,1.022,2.0,0.0,0.0,0.0,0.0,0.5767,-0.3432120000000001,,,
-0.292,0.3704,-1.28,-0.1274,-0.1317,-0.1428,-1.073,1.0,0.0,2.11,1.831,0.8076,0.0,-0.1598,-0.17,-0.51,-0.535,0.371,0.7456,-0.2829,-0.5703,1.326,0.4482,-0.5864,-0.952,-0.9775,0.0,0.0,-0.9683,0.0,-0.3188,-0.05188,-0.5605,-0.001216,1.0,0.0,-0.5,-0.2715,0.2406,0.667,0.0,1.0,0.0,0.0,0.0,-0.0426,0.3259359999999998,,,
-0.1759,0.482,-1.28,-0.1274,0.398,0.0,-1.073,1.0,0.0,2.11,1.831,0.823,0.0,-0.1593,1.243,-0.51,-0.535,0.3826,0.76,0.2857,-0.5703,-0.283,1.326,0.4482,-0.952,-0.9775,0.0,0.0,-0.9683,0.0,-0.3186,0.1663,-0.716,0.00798,1.0,0.5,0.0,-0.3318,0.3306,0.7427,1.0,0.0,0.0,0.0,0.0,0.282,0.3568119999999999,,,
-0.1356,0.1848,-1.28,-0.1274,-0.4304,0.0,-1.073,1.0,0.0,2.11,1.831,0.7915,0.0,-0.1588,0.02075,-0.51,-0.535,0.0749,0.7627,-0.5659,-0.5703,0.2854,-0.283,1.326,-0.952,-0.9775,0.0,0.0,-0.9683,0.0,-0.3193,-0.014,-0.5874,-0.00559,1.0,0.5,0.0,-0.0944,0.02306,0.299,0.0,1.0,0.0,0.0,0.0,-0.1957,-0.293596,,,
-0.1805,0.000381,-1.28,-0.1274,-0.6074,0.1428,-1.073,1.0,0.0,2.11,1.831,0.776,0.0,-0.1584,-0.516,-0.51,-0.535,-0.0825,0.7646,-0.2879,-0.5703,-0.566,0.2854,-0.283,-0.952,-0.9775,0.0,0.0,-0.9683,0.0,-0.3196,0.2678,-0.7886,-0.001522,0.0,0.0,0.0,0.007565,-0.1448,0.05865,0.0,2.0,0.0,0.0,0.0,-0.05426,-1.3985704,,,
0.10364,-0.9424,-1.28,-0.1274,-12.195,0.0,-1.073,0.0,0.0,2.11,1.831,0.6646,0.0,-0.158,2.266,-0.51,-0.535,-0.918,0.7466,-2.0349,-0.5703,-0.288,-0.566,0.2854,-0.952,-0.9775,0.0,0.0,-0.9683,0.0,-0.3213,-0.56,-0.1986,-0.0678,-1.0,0.0,-0.5,0.9756,-0.935,-1.282,0.0,3.0,0.0,0.0,0.0,-2.44,-1.1120028000000004,,,
0.322,-1.5625,-1.28,-0.1274,0.903,-0.1428,-1.073,0.0,0.0,2.11,1.831,0.585,0.0,-0.1575,1.624,-0.51,-0.535,-1.241,0.7,-1.5529,-0.5703,-2.035,-0.288,-0.566,-0.9526,-0.9775,0.0,0.0,-0.9683,0.0,-0.3223,-0.797,-0.0305,-0.0779,-1.0,-0.5,-0.5,1.638,-1.503,-1.282,0.0,4.0,0.0,0.0,0.0,-2.992,0.1031879999999998,,,
0.3188,-1.347,-1.28,-0.1274,-0.02222,-0.1428,-1.073,0.0,0.0,2.11,1.831,0.601,0.0,-0.1571,-0.02872,-0.5093,-0.535,-1.026,0.6924,0.3265,-0.5684,-1.552,-2.035,-0.288,-0.953,-0.978,0.0,0.0,-0.9683,0.0,-0.322,-0.612,-0.1622,0.003815,-1.0,-0.5,0.0,1.33,-1.231,-1.16,1.0,0.0,0.0,0.0,0.0,0.154,0.0795399999999999,,,
0.2864,-1.251,-1.28,-0.1274,0.0523,-0.2856,-1.073,0.0,0.0,2.11,1.831,0.601,0.0,-0.1566,-0.4348,-0.507,-0.535,-0.992,0.6885,0.0001,-0.5664,0.3262,-1.552,-2.035,-0.953,-0.978,0.0,0.0,-0.9688,0.0,-0.322,-0.844,0.003357,0.0,-1.0,-0.5,-0.5,1.194,-1.137,-1.0,0.0,0.0,0.0,0.0,0.0,0.0,-0.4637400000000001,,,
0.2922,-1.443,-1.28,-0.1274,0.309,-0.2856,-1.073,0.0,0.0,2.11,1.831,0.569,0.0,-0.1561,-0.0035,-0.505,-0.535,-1.232,0.682,-0.6459,-0.5645,0.0,0.3262,-1.552,-0.9536,-0.978,0.0,0.0,-0.9688,0.0,-0.3225,-0.868,0.02036,-0.005203,-1.0,-1.0,-0.5,1.404,-1.291,-1.036,0.0,1.0,0.0,0.0,0.0,-0.208,0.182504,,,
0.2922,-1.337,-1.28,-0.1274,0.04987,-0.2856,-1.073,0.0,0.0,2.11,1.831,0.569,0.0,-0.1558,-0.418,-0.502,-0.5337,-1.0625,0.6626,0.0001,-0.5625,-0.646,0.0,0.3262,-0.954,-0.978,0.0,0.0,-0.9688,0.0,-0.3223,-0.919,0.0566,0.0,-1.0,-1.5,-1.0,1.271,-1.182,-0.919,0.0,0.0,0.0,0.0,0.0,0.0,-0.020588,,,
0.3254,-1.219,-1.28,-0.1274,0.03302,-0.4285,-1.073,0.0,0.0,2.11,1.831,0.569,0.0,-0.1553,-0.003496,-0.4998,-0.5317,-0.979,0.6533,0.0001,-0.561,0.0,-0.646,0.0,-0.9546,-0.978,0.0,0.0,-0.9688,0.0,-0.322,-1.026,0.133,0.0,-1.0,-1.5,-1.5,1.133,-1.103,-0.8228,0.0,0.0,0.0,0.0,0.0,0.0,-0.0251599999999999,,,
0.3384,-0.9785,-1.28,-0.1274,-0.0922,-0.4285,-1.073,0.0,0.0,2.11,1.831,0.585,0.0,-0.1548,-0.4265,-0.498,-0.531,-0.7983,0.65,0.3298999999999999,-0.5605,0.0,0.0,-0.646,-0.955,-0.9785,0.0,0.0,-0.969,0.0,-0.3218,-0.819,-0.0146,0.002127,-1.0,-1.5,-1.0,0.8896,-0.865,-0.6777,1.0,0.0,0.0,0.0,0.0,0.0868,-0.4587280000000002,,,
0.2788,-1.154,-1.28,-0.1274,0.3428,-0.4285,-1.073,0.0,0.0,2.11,1.831,0.553,0.0,-0.1544,-0.4092,-0.4966,-0.5293,-1.036,0.6426,-0.6529,-0.559,0.3296,0.0,0.0,-0.955,-0.9785,0.0,0.0,-0.969,0.0,-0.3223,-1.082,0.1732,-0.004345,-1.0,-1.5,-1.5,1.059,-1.121,-0.7593,0.0,1.0,0.0,0.0,0.0,-0.1755,-0.027724,,,
0.1478,-0.4807,-1.28,-0.1274,-0.5376,-0.5713,-1.073,0.0,0.0,2.11,1.831,0.609,0.0,-0.1539,0.3691,-0.4958,-0.528,-0.4155,0.633,1.1661,-0.559,-0.6523,0.3296,0.0,-0.955,-0.9785,1.0,-1.0,-0.969,0.0,-0.3213,-1.202,0.2588,0.00834,0.0,-1.0,-1.5,0.5254,-0.4814,-0.4602,1.0,0.0,0.0,0.0,0.0,0.3438,0.3347680000000001,,,
0.1302,-0.2026,-1.28,-0.1274,-0.6104,-0.7144,-1.073,0.0,0.0,2.11,1.831,0.6245,0.0,-0.1534,-0.04678,-0.495,-0.527,-0.2242,0.629,0.3216,-0.559,1.166,-0.6523,0.3296,-0.955,-0.9785,0.0,0.0,-0.969,0.0,-0.321,-1.038,0.1418,0.004803,1.0,-0.5,-1.0,0.3567,-0.3066,-0.3591,2.0,0.0,0.0,0.0,0.0,0.191,-0.5019046399999999,,,
0.05627,0.4404,-1.28,-0.1274,-5.53,-0.7144,-1.073,1.0,0.0,2.11,1.831,0.68,0.0,-0.1531,0.6855,-0.495,-0.5254,0.4727,0.6123,1.1141,-0.5596,0.3213,1.166,-0.6523,-0.9546,-0.9785,1.0,-1.0,-0.969,0.0,-0.32,-0.769,-0.04953,0.02179,2.0,0.0,-1.0,-0.0815,0.1913,-0.0811,3.0,0.0,0.0,0.0,0.0,0.8584,0.7203880000000001,,,
0.00956,0.954,-1.28,-0.1274,1.186,-0.7144,-1.073,1.0,0.0,2.11,1.831,0.728,0.0,-0.1526,-0.1197,-0.4968,-0.5244,0.9395,0.612,0.9231,-0.5596,1.113,0.3213,1.166,-0.954,-0.9785,1.0,-1.0,-0.969,0.0,-0.319,-0.3843,-0.3237,0.015076,2.0,0.0,-0.5,-0.385,0.5615,0.1577,4.0,0.0,0.0,0.0,0.0,0.5737,0.355838,,,
0.001897,1.35,-1.28,-0.1274,0.5415,-0.7144,-1.073,1.0,0.0,2.11,1.831,0.7676,0.0,-0.1521,-0.5127,-0.5005,-0.524,1.267,0.6177,0.7471,-0.559,0.9224,1.113,0.3213,-0.954,-0.9785,0.0,0.0,-0.969,0.0,-0.3186,-0.129,-0.506,0.0118,3.0,0.5,0.0,-0.6807,0.719,0.333,5.0,0.0,1.0,0.0,4.785,0.4365,0.8630239999999999,,,
-0.1398,1.842,-1.28,-0.1274,0.501,-0.5713,-1.073,1.0,0.0,2.11,1.831,0.8315,0.0,-0.1516,0.8784,-0.5044,-0.524,1.895,0.616,1.1681,-0.558,0.747,0.9224,1.113,-0.9536,-0.9785,1.0,-1.0,-0.969,0.0,-0.3174,0.706,-1.102,0.01193,3.0,1.0,0.5,-1.048,1.062,0.583,5.92,0.0,0.0,0.0,0.0,0.4314,0.2933680000000001,,,
-0.2822,2.004,-1.28,-0.1274,0.223,-0.4285,-1.073,1.0,0.0,2.11,1.831,0.871,0.0,-0.1512,0.1394,-0.506,-0.525,2.002,0.6353,0.7047,-0.557,1.168,0.747,0.9224,-0.9526,-0.9785,0.0,0.0,-0.969,0.0,-0.3167,1.41,-1.45,0.005466,3.0,1.5,1.0,-1.175,1.2295,0.72,5.92,0.0,0.0,0.0,0.0,0.1906,-0.5269399999999999,,,
-0.206,1.238,-1.28,-0.1274,-0.2588,-0.2856,-1.073,1.0,0.0,2.11,1.831,0.8076,0.0,-0.1508,0.1888,-0.508,-0.526,1.28,0.653,-1.1029,-0.557,0.704,1.168,0.747,-0.952,-0.9785,0.0,0.0,-0.969,0.0,-0.3179,0.88,-1.226,-0.01788,2.0,1.5,0.5,-0.579,0.731,0.4424,0.0,1.0,0.0,0.0,0.0,-0.6104,-0.2455296,,,
-0.2185,1.226,-1.28,-0.1274,0.1231,-0.1428,-1.073,1.0,0.0,2.11,1.831,0.823,0.0,-0.1503,-0.535,-0.5093,-0.5273,1.365,0.6587,0.2857,-0.557,-1.103,0.704,1.168,-0.952,-0.9785,0.0,0.0,-0.969,0.0,-0.3176,0.92,-1.254,0.001668,2.0,1.5,1.0,-0.6313,0.7495,0.5117,1.0,0.0,0.0,0.0,0.0,0.05893,0.1890439999999999,,,
-0.2367,1.247,-1.28,-0.1274,0.151,0.0,-1.073,1.0,0.0,2.11,1.831,0.847,0.0,-0.1499,-0.1935,-0.51,-0.53,1.463,0.671,0.4246999999999999,-0.556,0.2854,-1.103,0.704,-0.9517,-0.9785,0.0,0.0,-0.969,0.0,-0.3171,1.195,-1.45,0.00416,2.0,1.5,1.5,-0.6973,0.8555,0.58,2.0,0.0,0.0,0.0,0.0,0.1458,-0.17496,,,
-0.119,0.8457,-1.28,-0.1274,-0.1898,0.1428,-1.073,1.0,0.0,2.11,1.831,0.823,0.0,-0.1494,0.5317,-0.5073,-0.5317,0.921,0.703,-0.4191,-0.555,0.4246,0.2854,-1.103,-0.9517,-0.9785,0.0,0.0,-0.969,0.0,-0.3176,1.027,-1.33,-0.00654,1.0,1.5,1.5,-0.4338,0.6265,0.4563,0.0,1.0,0.0,0.0,0.0,-0.2261,0.4722280000000001,,,
-0.1603,0.804,-1.28,-0.1274,0.0856,0.2856,-1.073,1.0,0.0,2.11,1.831,0.8394,0.0,-0.1489,-0.5415,-0.503,-0.5327,0.8516,0.725,0.2833,-0.554,-0.419,0.4246,0.2854,-0.951,-0.978,0.0,0.0,-0.969,0.0,-0.3174,1.061,-1.354,0.002256,1.0,1.5,2.0,-0.4841,0.673,0.461,1.0,0.0,0.0,0.0,0.0,0.07904,-0.0406959999999999,,,
-0.1885,0.631,-1.28,-0.1274,-0.0757,0.4285,-1.073,1.0,0.0,2.11,1.831,0.8394,0.0,-0.1486,-0.5415,-0.4993,-0.5317,0.7593,0.735,0.0001,-0.5537,0.283,-0.419,0.4246,-0.951,-0.978,0.0,0.0,-0.9688,0.0,-0.3174,1.027,-1.33,0.0,1.0,1.0,1.5,-0.4495,0.5737,0.405,0.0,0.0,0.0,0.0,0.0,0.0,0.254852,0.0192037671804428,-0.0191037671804428,0.001948242627260902
-0.1576,0.7026,-1.28,-0.1274,0.241,0.5713,-1.073,1.0,0.0,2.11,1.831,0.871,0.0,-0.1481,0.1394,-0.4954,-0.53,0.868,0.7534,0.5611,-0.553,0.0,0.283,-0.419,-0.951,-0.978,0.0,0.0,-0.9688,0.0,-0.317,1.308,-1.45,0.00837,1.0,1.0,2.0,-0.6265,0.707,0.464,1.0,0.0,0.0,0.0,0.0,0.2905,-0.077148,0.0017677224241197,0.5593322775758803,0.00017933732207201048
-0.1991,0.5293,-1.28,-0.1274,-0.103,0.7144,-1.073,1.0,0.0,2.11,1.831,0.871,0.0,-0.1476,-0.3804,-0.4917,-0.5273,0.6875,0.7725,0.0001,-0.5527,0.561,0.0,0.283,-0.951,-0.978,0.0,0.0,-0.9683,0.0,-0.317,1.21,-1.45,0.0,0.0,0.5,1.5,-0.5693,0.6147,0.408,0.0,0.0,0.0,0.0,0.0,0.0,-0.5369856,-0.0192745402455329,0.0193745402455329,-0.001955422630068417
-0.1332,-0.0168,-1.28,-0.1274,-0.8223,0.857,-1.073,1.0,0.0,2.11,1.831,0.823,0.0,-0.1472,0.1761,-0.4883,-0.5244,0.1128,0.7896,-0.8269,-0.554,0.0,0.561,0.0,-0.951,-0.978,0.0,0.0,-0.9683,0.0,-0.3179,0.8267,-1.1875,-0.005802,0.0,0.0,1.0,-0.1868,0.2034,0.1902,0.0,1.0,0.0,0.0,0.0,-0.1979,0.2339303999999999,0.0035427692346274,-0.8304427692346275,0.0003594177109415691
-0.2448,0.0223,-1.28,-0.1274,0.781,0.857,-1.073,1.0,0.0,2.11,1.831,0.8394,0.0,-0.1467,-0.1888,-0.4858,-0.5215,0.0882,0.808,0.2833,-0.5557,-0.8267,0.0,0.561,-0.951,-0.978,0.0,0.0,-0.9683,0.0,-0.3176,0.7104,-1.1045,0.003443,0.0,0.0,1.0,-0.2976,0.256,0.2166,1.0,0.0,0.0,0.0,0.0,0.1206,0.2670024,-0.0036055804230272,0.2869055804230273,-0.00036578997288161326
-0.2986,0.0806,-1.28,-0.1274,0.7354,0.857,-1.073,1.0,0.0,2.11,1.831,0.8555,0.0,-0.1462,-0.5474,-0.4844,-0.519,0.1176,0.8193,0.2806,-0.5576,0.283,-0.8267,0.0,-0.951,-0.978,0.0,0.0,-0.968,0.0,-0.3174,0.601,-1.026,0.0004551,1.0,0.5,1.0,-0.3918,0.307,0.2476,2.0,0.0,0.0,0.0,0.0,0.01581,-0.2218376,-0.0020913933403789,0.282691393340379,-0.00021217408114826934
-0.1512,-0.6113,-1.28,-0.1274,-4.43,0.7144,-1.073,0.0,0.0,2.11,1.831,0.776,0.0,-0.1459,0.5806,-0.4841,-0.5166,-0.597,0.8193,-1.3909,-0.56,0.2805,0.283,-0.8267,-0.951,-0.978,0.0,0.0,-0.968,0.0,-0.3188,-0.05496,-0.5586,-0.01976,0.0,0.0,0.5,0.2292,-0.3071,-0.1547,0.0,1.0,0.0,0.0,0.0,-0.6797,0.169848,-0.0463638864457607,-1.3445361135542393,-0.004703665644890003
-0.28,-0.45,-1.28,-0.1274,-0.192,0.5713,-1.073,0.0,0.0,2.11,1.831,0.7915,0.0,-0.1454,-0.5225,-0.4856,-0.515,-0.4612,0.8193,0.2909,-0.5645,-1.39,0.2805,0.283,-0.951,-0.978,0.0,0.0,-0.968,0.0,-0.3184,-0.3162,-0.3718,0.00209,1.0,0.0,0.5,0.07623,-0.1942,-0.1398,1.0,0.0,0.0,0.0,0.0,0.0752,0.2642119999999999,-3.989454125985503e-05,0.2909398945412598,-4.0473436876814015e-06
-0.332,-0.1454,-1.28,-0.1274,-0.7495,0.4285,-1.073,0.0,0.0,2.11,1.831,0.823,0.0,-0.1449,-0.1796,-0.4878,-0.514,-0.1742,0.8193,0.5761,-0.568,0.2905,-1.39,0.2805,-0.951,-0.978,1.0,-1.0,-0.9673,0.0,-0.3179,-0.3662,-0.336,0.004684,2.0,0.5,0.5,-0.1815,0.01294,0.008026,2.0,0.0,0.0,0.0,0.0,0.167,-0.0587039999999999,-0.0019966824911534,0.5780966824911534,-0.00020256556465296865
-0.4172,-0.1552,-1.28,-0.1274,0.2969,0.2856,-1.073,0.0,0.0,2.11,1.831,0.823,0.0,-0.1444,-0.844,-0.4902,-0.514,-0.1729,0.8193,0.0001,-0.5703,0.576,0.2905,-1.39,-0.9517,-0.978,0.0,0.0,-0.9673,0.0,-0.3179,0.01417,-0.6074,0.0,1.0,0.0,0.5,-0.1764,-0.0233,-0.0478,0.0,0.0,0.0,0.0,0.0,0.0,-0.5020576000000002,-0.0459578074514865,0.0460578074514865,-0.004662468498556864
-0.338,-0.4114,-1.28,-0.1274,3.844,0.1428,-1.073,0.0,0.0,2.11,1.831,0.7915,0.0,-0.144,-0.5225,-0.494,-0.5146,-0.4055,0.818,-0.5659,-0.5703,0.0,0.576,0.2905,-0.9517,-0.978,0.0,0.0,-0.9673,0.0,-0.3186,-0.3015,-0.3823,-0.00867,0.0,0.0,0.0,0.0752,-0.2715,-0.503,0.0,1.0,0.0,1.0,-1.77,-0.3035,0.227804,-0.0015833755023777,-0.5643166244976222,-0.00016063513058179826
-0.2346,-0.249,-1.28,-0.1274,-0.392,0.0,-1.073,0.0,0.0,2.11,1.831,0.8076,0.0,-0.1436,1.266,-0.4988,-0.516,-0.2273,0.813,0.2880999999999999,-0.5703,-0.566,0.0,0.576,-0.9517,-0.9775,1.0,-1.0,-0.9673,0.0,-0.318,-0.3596,-0.3408,0.005123,1.0,0.0,0.0,-0.0521,-0.1537,-0.4072,1.0,0.0,0.0,0.0,0.0,0.1826,0.352084,-0.00079834315693,0.28889834315693,-8.099276328954131e-05
-0.301,0.01732,-1.28,-0.1274,-1.563,0.0,-1.073,1.0,0.0,2.11,1.831,0.8394,0.0,-0.1431,0.1637,-0.5024,-0.5176,0.02919,0.815,0.5714,-0.5703,0.288,-0.566,0.0,-0.9517,-0.9775,1.0,-1.0,-0.9673,0.0,-0.3176,0.00902,-0.6035,0.004585,1.0,0.5,0.5,-0.2556,0.0883,0.05505,2.0,0.0,0.0,0.0,0.0,0.162,0.174264,-0.0164313204586505,0.5878313204586506,-0.0016669749554310584
-0.2788,0.08136,-1.28,-0.1274,0.827,0.0,-1.073,1.0,0.0,2.11,1.831,0.847,0.0,-0.1427,-0.1935,-0.5054,-0.52,0.0955,0.815,0.1404,-0.5703,0.571,0.288,-0.566,-0.9517,-0.9775,0.0,0.0,-0.9673,0.0,-0.3176,-0.0415,-0.5674,0.0007477,1.0,1.0,0.5,-0.2773,0.12463,0.1782,3.0,0.0,0.0,0.0,0.0,0.02596,-0.14684,-0.0009374063811264,0.1413374063811265,-9.510087544889311e-05
-0.2448,0.01236,-1.28,-0.1274,-0.3198,0.0,-1.073,1.0,0.0,2.11,1.831,0.8394,0.0,-0.1422,-0.189,-0.5093,-0.5225,0.01237,0.817,-0.1395,-0.5703,0.1403,0.571,0.288,-0.9517,-0.9775,0.0,0.0,-0.9673,0.0,-0.3176,-0.0945,-0.53,-0.001567,1.0,0.5,0.5,-0.215,0.01348,0.0788,0.0,1.0,0.0,0.0,0.0,-0.05414,-0.5618920000000001,0.003732259850949,-0.143232259850949,0.00037864173572352175
-0.15,-0.3533,-1.28,-0.1274,-4.04,-0.1428,-1.073,0.0,0.0,2.11,1.831,0.7915,0.0,-0.1417,0.9263,-0.51,-0.525,-0.3472,0.811,-0.8419,-0.5703,-0.1396,0.1403,0.571,-0.9517,-0.977,0.0,0.0,-0.9673,0.0,-0.3186,-0.5884,-0.1776,-0.0062,1.0,0.0,0.0,0.1888,-0.317,-0.769,0.0,2.0,0.0,0.0,0.0,-0.2152,-0.2979719999999998,0.0484596565365791,-0.8903596565365791,0.0049162837520304115
-0.1085,-0.563,-1.28,-0.1274,0.958,-0.2856,-1.073,0.0,0.0,2.11,1.831,0.76,0.0,-0.1414,-0.1404,-0.51,-0.5283,-0.513,0.7983,-0.5759,-0.5703,-0.8413,-0.1396,0.1403,-0.9517,-0.977,0.0,0.0,-0.9673,0.0,-0.319,-0.7285,-0.0779,-0.00652,0.0,0.0,0.0,0.3987,-0.565,-1.123,0.0,3.0,0.0,0.0,0.0,-0.2324,-0.1523335999999999,0.0078118578530848,-0.5837118578530848,0.0007925212967058952
-0.154,-0.6543,-1.28,-0.1274,0.3357,-0.4285,-1.073,0.0,0.0,2.11,1.831,0.744,0.0,-0.1409,-0.5024,-0.51,-0.5317,-0.605,0.7925,-0.2934,-0.5703,-0.576,-0.8413,-0.1396,-0.9517,-0.977,0.0,0.0,-0.9673,0.0,-0.3193,-0.5884,-0.1779,-0.003054,-1.0,-0.5,0.0,0.4866,-0.6543,-1.138,0.0,4.0,0.0,0.0,0.0,-0.11084,-0.3467131999999999,-0.0416957475244998,-0.2517042524755001,-0.004230077981025891
-0.1266,-0.8574,-1.28,-0.1274,0.512,-0.5713,-1.073,0.0,0.0,2.11,1.831,0.712,0.0,-0.1404,-0.1091,-0.51,-0.534,-0.752,0.777,-0.5922000000000001,-0.5703,-0.2932,-0.576,-0.8413,-0.952,-0.977,0.0,0.0,-0.9673,0.0,-0.3198,-0.8506,0.00886,-0.01162,-2.0,-1.0,-0.5,0.709,-0.851,-1.248,0.0,5.0,0.0,0.0,0.0,-0.4258,-0.384496,-0.000485531927552,-0.591714468072448,-4.925773101000213e-05
-0.0522,-1.166,-1.28,-0.1274,0.5586,-0.7144,-1.073,0.0,0.0,2.11,1.831,0.6646,0.0,-0.14,-0.4663,-0.51,-0.535,-1.024,0.7593,-0.9052,-0.5703,-0.592,-0.2932,-0.576,-0.952,-0.977,0.0,0.0,-0.9673,0.0,-0.3208,-1.138,0.2135,-0.0221,-2.0,-1.0,-1.0,1.008,-1.224,-1.282,0.0,5.0,0.0,0.0,0.0,-0.825,-0.2862296,-0.0120013859122991,-0.8931986140877008,-0.0012175533790245861
-0.154,-0.4402,-1.28,-0.1274,-0.582,-0.7144,-1.073,0.0,0.0,2.11,1.831,0.744,0.0,-0.1395,0.6143,-0.5083,-0.535,-0.255,0.752,1.5531,-0.5703,-0.905,-0.592,-0.2932,-0.9526,-0.977,1.0,-1.0,-0.968,0.0,-0.3193,-0.2683,-0.4062,0.02603,-1.0,-0.5,-0.5,0.3416,-0.4,-0.6035,1.0,0.0,0.0,0.0,0.0,1.0,0.1202079999999999,-0.0190327279269695,1.5721327279269697,-0.001930890512885608
-0.138,-0.2786,-1.28,-0.1274,-0.3474,-0.7144,-1.073,0.0,0.0,2.11,1.831,0.76,0.0,-0.139,-0.1404,-0.507,-0.535,-0.10406,0.751,0.2961999999999999,-0.5703,1.552,-0.905,-0.592,-0.9526,-0.977,0.0,0.0,-0.968,0.0,-0.319,-0.2683,-0.4062,0.003239,0.0,-0.5,-0.5,0.183,-0.2659,-0.4294,2.0,0.0,0.0,0.0,0.0,0.1187,0.359794,-0.020568473264575,0.3167684732645749,-0.002086693512538056
-0.1434,-0.04077,-1.28,-0.1274,-1.154,-0.5713,-1.073,1.0,0.0,2.11,1.831,0.7837,0.0,-0.1387,0.02649,-0.506,-0.535,0.128,0.749,0.4402999999999999,-0.5703,0.296,1.552,-0.905,-0.9526,-0.977,1.0,-1.0,-0.968,0.0,-0.3186,-0.3162,-0.3718,0.002682,1.0,-0.5,-0.5,0.0185,-0.0495,-0.1813,3.0,0.0,0.0,0.0,0.0,0.09735,0.020332,0.0197970494627952,0.4205029505372047,0.0020084317464903164
-0.1143,-0.01531,-1.28,-0.1274,0.8037,-0.4285,-1.073,1.0,0.0,2.11,1.831,0.7837,0.0,-0.1382,-0.519,-0.5054,-0.5347,0.1403,0.7476,0.0001,-0.5703,0.44,0.296,1.552,-0.9526,-0.977,0.0,0.0,-0.968,0.0,-0.3186,-0.3162,-0.3718,0.0,1.0,-1.0,-0.5,-0.003527,-0.08844,-0.1631,0.0,0.0,0.0,0.0,0.0,0.0,0.159064,0.0205483864992856,-0.0204483864992857,0.002084655688812488
-0.1853,0.1217,-1.28,-0.1274,2.352,-0.2856,-1.073,1.0,0.0,2.11,1.831,0.8,0.0,-0.1377,-0.526,-0.505,-0.5337,0.289,0.747,0.2897,-0.5703,0.0,0.44,0.296,-0.9526,-0.977,0.0,0.0,-0.968,0.0,-0.3184,-0.04825,-0.563,0.001794,2.0,-0.5,0.0,-0.1119,0.0233,0.01226,1.0,0.0,0.0,0.0,0.0,0.0643,-0.2036462399999999,-0.0056133088655769,0.295313308865577,-0.0005694761610646797
-0.312,0.2585,-1.28,-0.1274,0.854,-0.1428,-1.073,1.0,0.0,2.11,1.831,0.8154,0.0,-0.1372,-0.1748,-0.5054,-0.533,0.4043,0.75,0.287,-0.5703,0.2893,0.0,0.44,-0.952,-0.977,0.0,0.0,-0.968,0.0,-0.318,-0.04825,-0.563,0.0054,2.0,0.0,0.0,-0.2224,0.1067,0.2039,2.0,0.0,0.0,0.0,0.0,0.1918,-0.170152,-0.0142105929553508,0.3012105929553508,-0.0014416797857486592
-0.338,0.0763,-1.28,-0.1274,-0.4397,-0.1428,-1.073,1.0,0.0,2.11,1.831,0.7915,0.0,-0.1368,-0.3416,-0.506,-0.533,0.198,0.749,-0.4264,-0.5703,0.2866,0.2893,0.0,-0.952,-0.977,0.0,0.0,-0.968,0.0,-0.3186,-0.378,-0.328,-0.005394,1.0,0.0,-0.5,-0.01304,-0.08124,-0.05157,0.0,1.0,0.0,0.0,0.0,-0.1897,-0.6909040000000001,-0.0295911207795143,-0.3968088792204857,-0.0030020507096017762
-0.2432,-0.2854,-1.28,-0.1274,-2.32,-0.2856,-1.073,0.0,0.0,2.11,1.831,0.744,0.0,-0.1364,0.6143,-0.507,-0.533,-0.2024,0.746,-0.8642,-0.5703,-0.4263,0.2866,0.2893,-0.952,-0.977,0.0,0.0,-0.968,0.0,-0.3193,-0.6484,-0.135,-0.00849,0.0,0.0,-1.0,0.3855,-0.4153,-0.5137,0.0,2.0,0.0,0.0,0.0,-0.3027,0.233852,0.0062871607951819,-0.870487160795182,0.0006378391567926983
-0.2556,-0.09155,-1.28,-0.1274,-0.8813,-0.4285,-1.073,0.0,0.0,2.11,1.831,0.76,0.0,-0.1359,-0.1404,-0.509,-0.533,-0.007195,0.74,0.2961999999999999,-0.5703,-0.8643,-0.4263,0.2866,-0.952,-0.977,0.0,0.0,-0.968,0.0,-0.319,-0.5127,-0.232,0.007637,1.0,0.5,-0.5,0.2091,-0.2944,-0.3228,1.0,0.0,0.0,0.0,0.0,0.2798,-0.0425519999999999,-0.01609468460083,0.31229468460083,-0.0016328228892292583
-0.3735,-0.07104,-1.28,-0.1274,-2.002,-0.2856,-1.073,1.0,0.0,2.11,1.831,0.76,0.0,-0.1355,-0.5093,-0.51,-0.5337,0.009056,0.739,0.0001,-0.5703,0.296,-0.8643,-0.4263,-0.952,-0.977,0.0,0.0,-0.968,0.0,-0.319,-0.2834,-0.3955,0.0,0.0,0.5,-0.5,0.1669,-0.3123,-0.294,0.0,0.0,0.0,0.0,0.0,0.0,0.0731656,-0.0171923357993364,0.0172923357993364,-0.001744180772018633
-0.4028,-0.07104,-1.28,-0.1274,0.1333,-0.1428,-1.073,1.0,0.0,2.11,1.831,0.76,0.0,-0.135,-0.5093,-0.51,-0.5337,0.010826,0.7383,0.0001,-0.5703,0.0,0.296,-0.8643,-0.952,-0.977,0.0,0.0,-0.968,0.0,-0.319,-0.0945,-0.5303,0.0,-1.0,0.0,-0.5,0.1405,-0.3154,-0.277,0.0,0.0,0.0,0.0,0.0,0.0,-0.7690503999999998,-0.0250953845679759,0.0251953845679759,-0.0025459534842011515
-0.296,-0.6157,-1.28,-0.1274,-14.766,-0.1428,-1.073,0.0,0.0,2.11,1.831,0.6963,0.0,-0.1345,0.2847,-0.51,-0.534,-0.535,0.7354,-1.1739,-0.5703,0.0,0.0,0.296,-0.952,-0.977,0.0,0.0,-0.968,0.0,-0.3203,-0.3662,-0.337,-0.01837,-1.0,-0.5,-0.5,0.652,-0.782,-0.846,0.0,1.0,0.0,0.0,0.0,-0.667,0.683908,-0.0076697473414242,-1.1662302526585755,-0.0007781040339887654
-0.3086,-0.1377,-1.28,-0.1274,-0.8223,-0.1428,-1.073,0.0,0.0,2.11,1.831,0.752,0.0,-0.1342,0.2352,-0.51,-0.5347,-0.05258,0.7373,1.0661,-0.5703,-1.173,0.0,0.0,-0.9526,-0.977,1.0,-1.0,-0.9683,0.0,-0.3193,0.1186,-0.6826,0.01923,0.0,-0.5,0.0,0.1726,-0.2673,-0.2566,1.0,0.0,0.0,0.0,0.0,0.7246,0.2044199999999999,-0.0024662320502102,1.0685662320502105,-0.0002502018673622439
-0.344,-0.1273,-1.28,-0.1274,-0.0643,-0.1428,-1.073,0.0,0.0,2.11,1.831,0.76,0.0,-0.1337,-0.5093,-0.51,-0.535,-0.08203,0.7485,0.1473999999999999,-0.5703,1.065,-1.173,0.0,-0.9526,-0.9775,0.0,0.0,-0.9683,0.0,-0.319,0.4724,-0.935,0.003902,0.0,0.0,0.5,0.0374,-0.2668,-0.1274,2.0,0.0,0.0,0.0,0.0,0.1423,0.0177759999999999,-0.0048698191531002,0.1522698191531002,-0.0004940483381189706
-0.3953,-0.4033,-1.28,-0.1274,6.547,-0.1428,-1.073,0.0,0.0,2.11,1.831,0.728,0.0,-0.1332,-0.3076,-0.51,-0.535,-0.3926,0.7515,-0.5869,-0.5703,0.1473,1.065,-1.173,-0.9526,-0.9775,0.0,0.0,-0.9683,0.0,-0.3196,-0.2031,-0.4531,-0.00586,0.0,-0.5,0.0,0.288,-0.4968,-0.471,0.0,1.0,0.0,0.0,0.0,-0.2128,0.1570879999999999,-0.0116843618452548,-0.5752156381547451,-0.0011853909498782708
-0.4363,-0.2502,-1.28,-0.1274,-0.375,-0.1428,-1.073,0.0,0.0,2.11,1.831,0.744,0.0,-0.1328,-0.5024,-0.51,-0.535,-0.2439,0.751,0.2989,-0.5703,-0.5864,0.1473,1.065,-0.9526,-0.9775,1.0,-1.0,-0.9683,0.0,-0.3193,-0.2031,-0.453,0.001735,1.0,-0.5,0.0,0.1345,-0.3513,-0.2358,1.0,0.0,0.0,0.0,0.0,0.06415,-0.0183775999999999,-0.0292819812893867,0.3281819812893867,-0.0029706881791785973
-0.4067,0.3071,-1.28,-0.1274,-3.395,-0.1428,-1.073,1.0,0.0,2.11,1.831,0.8076,0.0,-0.1323,0.9067,-0.51,-0.535,0.3145,0.752,1.1851,-0.5703,0.2988,-0.5864,0.1473,-0.9526,-0.9775,1.0,-1.0,-0.9683,0.0,-0.3184,0.05038,-0.6333,0.02197,2.0,0.0,0.0,-0.2808,0.2043,0.5454,2.0,0.0,0.0,0.0,0.0,0.805,1.5568440000000008,0.0162850134074687,1.1688149865925312,0.0016521319493113262
-0.31,1.149,-1.28,-0.1274,2.45,-0.1428,-1.073,1.0,0.0,2.11,1.831,0.887,1.0,-0.171,1.467,-0.51,-0.535,0.8726,0.7676,1.8561,-0.5703,1.185,0.2988,-0.5864,-0.952,-0.9775,1.0,-1.0,-0.9683,0.0,-0.3167,0.505,-0.957,0.1632,2.0,0.5,0.5,-0.8613,0.96,1.113,3.0,0.0,0.0,0.0,0.0,5.766,0.1185584,0.0655996054410934,1.7905003945589066,0.0066551498177915055
-0.299,0.942,-1.28,-0.1274,-0.04675,-0.1428,-1.073,1.0,0.0,2.11,1.831,0.8716,0.0,-0.1705,-0.5625,-0.51,-0.535,0.643,0.7773,-0.2699,-0.57,1.855,1.185,0.2988,-0.9517,-0.9775,0.0,0.0,-0.968,0.0,-0.317,0.3552,-0.85,-0.008484,1.0,0.0,0.0,-0.6665,0.7544,0.893,0.0,1.0,0.0,0.0,0.0,-0.2832,1.0581144,0.0187618397176265,-0.2886618397176266,0.0019034086156252683
-0.2273,1.6045,-1.28,-0.1274,0.825,-0.1428,-1.073,1.0,0.0,2.11,1.831,0.887,1.0,-0.171,1.367,-0.5073,-0.535,1.258,0.7275,1.4971,-0.567,-0.2698,1.855,1.185,-0.951,-0.977,1.0,-1.0,-0.968,0.0,-0.3154,0.587,-1.015,0.05502,2.0,0.5,0.0,-1.085,1.286,1.113,1.0,0.0,0.0,0.0,0.0,1.854,0.4898160000000001,-0.0273258052766323,1.5244258052766324,-0.002772232039887623
-0.1633,1.343,-1.28,-0.1274,-0.0325,-0.1428,-1.073,1.0,0.0,2.11,1.831,0.872,0.0,-0.1705,0.236,-0.503,-0.5347,0.8647,0.7544,-0.2599,-0.5645,1.496,-0.2698,1.855,-0.9507,-0.977,0.0,0.0,-0.968,0.0,-0.316,0.63,-1.046,-0.01779,1.0,0.5,0.0,-0.896,1.031,0.8896,0.0,1.0,0.0,0.0,0.0,-0.5723,0.2664559999999999,-0.0131884571164846,-0.2467115428835153,-0.0013379830165981652
-0.2102,1.127,-1.28,-0.1274,-0.02821,0.0,-1.073,1.0,0.0,2.11,1.831,0.8643,0.0,-0.1702,-0.2542,-0.4993,-0.5317,0.7017,0.7646,-0.131,-0.563,-0.26,1.496,-0.2698,-0.95,-0.977,0.0,0.0,-0.9673,0.0,-0.3162,0.8677,-1.216,-0.004795,0.0,0.5,0.0,-0.756,0.8677,0.7085,0.0,2.0,0.0,0.0,0.0,-0.1556,1.052824,-0.0725550651550293,-0.0584449348449707,-0.007360788611448937
-0.1387,1.628,-1.28,-0.1274,0.5767,0.1428,-1.073,1.0,0.0,2.11,1.831,0.887,1.0,-0.171,1.295,-0.4954,-0.529,1.15,0.739,1.3161,-0.559,-0.1311,-0.26,1.496,-0.9497,-0.977,1.0,-1.0,-0.9673,0.0,-0.315,1.008,-1.315,0.0629,0.0,0.5,0.0,-1.087,1.333,0.9116,1.0,0.0,0.0,0.0,0.0,2.049,0.8662560000000002,-0.0058523905463516,1.3219523905463515,-0.0005937312521364365
-0.0795,1.877,-1.28,-0.1274,0.2888,0.1428,-1.073,1.0,0.0,2.11,1.831,0.887,1.0,-0.171,0.6084,-0.4922,-0.5264,1.49,0.7046,0.8851,-0.555,1.315,-0.1311,-0.26,-0.949,-0.977,0.0,0.0,-0.967,0.0,-0.314,1.106,-1.385,0.02711,1.0,0.5,0.5,-1.242,1.569,0.9287,2.0,0.0,0.0,0.0,0.0,0.848,0.985076,-0.0036607501097023,0.8887607501097023,-0.00037138699633555933
0.0061,2.156,-1.28,-0.1274,0.6113,0.1428,-1.073,1.0,0.0,2.11,1.831,0.887,1.0,-0.171,1.066,-0.4863,-0.5215,2.002,0.6426,2.2151,-0.5474,0.885,1.315,-0.1311,-0.9487,-0.9766,1.0,-1.0,-0.967,0.0,-0.312,1.293,-1.45,0.2241,1.0,1.0,1.0,-1.454,2.111,1.106,3.0,0.0,0.0,0.0,0.0,6.824,-0.7575240000000002,0.0111343618482351,2.203965638151765,0.0011295928645797572
0.1254,1.9,-1.28,-0.1274,-0.1881,0.2856,-1.073,1.0,0.0,2.11,1.831,0.8335,0.0,-0.1705,0.8374,-0.4802,-0.5166,1.283,0.6763,-0.9203,-0.5435,2.213,0.885,1.315,-0.948,-0.9766,0.0,0.0,-0.9663,0.0,-0.3135,1.293,-1.45,-0.0995,1.0,0.5,1.0,-1.272,1.706,0.751,0.0,1.0,0.0,0.0,0.0,-2.832,0.2312823999999999,0.0079890247434377,-0.9282890247434378,0.0008104950663668966
0.1143,1.508,-1.28,-0.1274,-0.0783,0.4285,-1.073,1.0,0.0,2.11,1.831,0.8203,0.0,-0.1702,-0.3467,-0.4753,-0.512,0.97,0.695,-0.2368,-0.541,-0.92,2.213,0.885,-0.9478,-0.976,0.0,0.0,-0.9663,0.0,-0.314,1.151,-1.416,-0.01614,1.0,0.0,0.5,-1.034,1.469,0.6055,0.0,2.0,0.0,0.0,0.0,-0.4734,1.4999504,0.0411545224487781,-0.2779545224487781,0.004175170120835971
0.2397,2.156,-1.28,-0.1274,0.747,0.5713,-1.073,1.0,0.0,2.11,1.831,0.887,1.0,-0.171,2.383,-0.4705,-0.5073,1.918,0.663,2.3871,-0.5356,-0.2368,-0.92,2.213,-0.947,-0.976,1.0,-1.0,-0.966,0.0,-0.3113,1.314,-1.45,0.151,1.0,0.0,0.5,-1.454,2.111,0.8516,1.0,0.0,0.0,0.0,0.0,4.46,0.9906999999999996,-0.0108338184654712,2.3979338184654715,-0.0010991024184011486
0.262,2.156,-1.28,-0.1274,0.2612,0.7144,-1.073,1.0,0.0,2.11,1.831,0.887,1.0,-0.171,0.361,-0.4668,-0.5034,2.002,0.614,1.3331,-0.5293,2.387,-0.2368,-0.92,-0.946,-0.9756,0.0,0.0,-0.9653,0.0,-0.3098,1.517,-1.45,0.05438,1.0,0.5,1.0,-1.454,2.111,0.8794,2.0,0.0,0.0,0.0,0.0,1.494,0.3987879999999999,-0.0073528983630239,1.340452898363024,-0.0007459593677718061
0.3093,2.156,-1.28,-0.1274,0.0972,0.857,-1.073,1.0,0.0,2.11,1.831,0.887,1.0,-0.171,0.3296,-0.465,-0.5,2.002,0.5947,0.6396999999999999,-0.524,1.332,2.387,-0.2368,-0.9453,-0.975,0.0,0.0,-0.965,0.0,-0.309,1.536,-1.45,0.02063,1.0,0.5,1.0,-1.454,2.111,0.8125,3.0,0.0,0.0,0.0,0.0,0.5444,-0.6327256000000002,0.0459752641618251,0.5937247358381748,0.004664239500407378
0.3674,1.737,-1.28,-0.1274,-0.2174,0.857,-1.073,1.0,0.0,2.11,1.831,0.8325,0.0,-0.1705,0.3774,-0.4648,-0.4976,1.988,0.6084,-0.9409,-0.5215,0.639,1.332,2.387,-0.9443,-0.975,0.0,0.0,-0.9644,0.0,-0.3105,1.217,-1.45,-0.02559,1.0,0.5,0.5,-1.354,1.938,0.582,0.0,1.0,0.0,0.0,0.0,-0.6616,-0.1326088,0.0062001072801649,-0.9471001072801648,0.0006290074850058344
0.3818,1.086,-1.28,-0.1274,-0.249,0.857,-1.073,1.0,0.0,2.11,1.831,0.7896,0.0,-0.1702,0.1394,-0.463,-0.4944,1.226,0.6416,-0.7539,-0.5225,-0.9404,0.639,1.332,-0.9443,-0.9746,0.0,0.0,-0.964,0.0,-0.3115,0.907,-1.241,-0.03375,1.0,0.5,0.0,-0.887,1.521,0.4226,0.0,2.0,0.0,1.0,-5.844,-0.9,0.2946919999999999,0.0121811442077159,-0.766081144207716,0.0012357900494884637
0.4119,1.372,-1.28,-0.1274,0.3948,0.857,-1.073,1.0,0.0,2.11,1.831,0.8506,0.0,-0.1697,0.495,-0.462,-0.4922,1.64,0.657,1.1031,-0.522,-0.7534,-0.9404,0.639,-0.944,-0.9746,0.0,0.0,-0.9634,0.0,-0.3103,1.054,-1.345,0.0319,1.0,0.5,0.5,-1.174,1.777,0.5093,1.0,0.0,0.0,0.0,0.0,0.8706,-0.0297599999999999,0.0247908402234315,1.0783091597765684,0.002515057136189972
0.3135,1.238,-1.28,-0.1274,0.0354,0.857,-1.073,1.0,0.0,2.11,1.831,0.863,0.0,-0.1692,-0.1819,-0.462,-0.49,1.553,0.6763,0.2133999999999999,-0.5225,1.103,-0.7534,-0.9404,-0.9434,-0.974,0.0,0.0,-0.963,0.0,-0.31,0.973,-1.287,0.00822,1.0,0.5,0.5,-1.108,1.697,0.4795,2.0,0.0,0.0,0.0,0.0,0.2168,0.1048417599999999,-0.0044748750515282,0.2178748750515282,-0.0004539808385061114
0.2854,0.785,-1.28,-0.1274,-0.2336,0.857,-1.073,1.0,0.0,2.11,1.831,0.8384,0.0,-0.1688,-0.707,-0.4614,-0.488,1.088,0.7,-0.4235,-0.5254,0.2131,1.103,-0.7534,-0.9434,-0.9736,0.0,0.0,-0.9624,0.0,-0.3108,0.9175,-1.248,-0.01233,0.0,0.0,0.5,-0.797,1.41,0.3762,0.0,1.0,0.0,0.0,0.0,-0.323,-0.19014,-0.0223709307610988,-0.4011290692389011,-0.002269554744688896
0.3767,0.3562,-1.28,-0.1274,-0.3958,0.857,-1.073,1.0,0.0,2.11,1.831,0.814,0.0,-0.1683,0.3938,-0.4622,-0.487,0.7036,0.717,-0.4291,-0.53,-0.4236,0.2131,1.103,-0.9434,-0.9736,0.0,0.0,-0.962,0.0,-0.3115,0.837,-1.19,-0.00908,0.0,0.0,0.5,-0.5557,1.095,0.2773,0.0,2.0,0.0,0.0,0.0,-0.2411,-0.3304999999999999,-0.0402756370604038,-0.3888243629395962,-0.004086006262410768
0.3599,-0.007782,-1.28,-0.1274,-0.7554,0.857,-1.073,1.0,0.0,2.11,1.831,0.7896,0.0,-0.1678,0.4165,-0.4639,-0.4868,0.332,0.733,-0.4352,-0.534,-0.4292,-0.4236,0.2131,-0.9434,-0.973,0.0,0.0,-0.9614,0.0,-0.312,0.617,-1.034,-0.007442,0.0,0.0,0.0,-0.3184,0.8174,0.173,0.0,3.0,0.0,0.0,0.0,-0.2004,-0.5908439999999999,0.0297324191778898,-0.4649324191778898,0.0030163855825614525
0.4531,-0.6245,-1.28,-0.1274,-8.83,0.7144,-1.073,0.0,0.0,2.11,1.831,0.729,0.0,-0.1674,0.763,-0.4675,-0.4866,-0.2856,0.7407,-1.1029,-0.5376,-0.435,-0.4292,-0.4236,-0.944,-0.973,0.0,0.0,-0.9614,0.0,-0.3135,0.2803,-0.794,-0.01188,-1.0,-0.5,-0.5,0.1437,0.26,-0.05423,0.0,4.0,0.0,0.0,0.0,-0.3242,0.072724,0.0249013435095548,-1.1278013435095549,0.0025262678122232175
0.3154,-0.632,-1.28,-0.1274,0.148,0.5713,-1.073,0.0,0.0,2.11,1.831,0.729,0.0,-0.167,-0.09827,-0.4697,-0.487,-0.38,0.751,0.0001,-0.542,-1.103,-0.435,-0.4292,-0.944,-0.9727,0.0,0.0,-0.961,0.0,-0.3135,-0.05014,-0.558,0.0,-2.0,-1.0,-1.0,0.11255,0.1947,-0.09875,0.0,0.0,0.0,0.0,0.0,0.0,0.2531920000000001,-0.0049420525319874,0.0050420525319874,-0.0005013764913160396
0.3018,-0.569,-1.28,-0.1274,0.01102,0.4285,-1.073,0.0,0.0,2.11,1.831,0.741,0.0,-0.1665,0.749,-0.4707,-0.4878,-0.4521,0.772,0.2286,-0.5454,0.0,-1.103,-0.435,-0.9443,-0.9727,0.0,0.0,-0.961,0.0,-0.3132,0.189,-0.729,0.003525,-1.0,-1.0,-0.5,0.03412,0.2722,-0.09265,1.0,0.0,0.0,0.0,0.0,0.0997,0.024784,-0.0042841634713113,0.2328841634713113,-0.000434632945636985
0.3154,-0.72,-1.28,-0.1274,0.4658,0.2856,-1.073,0.0,0.0,2.11,1.831,0.729,0.0,-0.166,-0.3853,-0.4712,-0.4885,-0.747,0.794,-0.2267,-0.55,0.2284,0.0,-1.103,-0.945,-0.972,0.0,0.0,-0.9604,0.0,-0.3135,0.189,-0.729,-0.002388,-1.0,-1.0,-0.5,0.04333,0.04657,-0.1941,0.0,1.0,0.0,0.0,0.0,-0.0671,0.4282360000000001,0.0009768861345946,-0.2276768861345947,9.910613847347459e-05
0.08496,-0.4912,-1.28,-0.1274,-0.2499,0.1428,-1.073,0.0,0.0,2.11,1.831,0.7534,0.0,-0.1656,-0.11444,-0.4722,-0.49,-0.591,0.801,0.4571,-0.555,-0.2267,0.2284,0.0,-0.945,-0.972,0.0,0.0,-0.9604,0.0,-0.313,-0.2089,-0.4448,0.010635,0.0,-0.5,-0.5,-0.1724,0.1711,-0.1461,1.0,0.0,0.0,0.0,0.0,0.3005,0.9176720000000004,-0.0145197473466396,0.4716197473466396,-0.0014730438279105082
0.0,0.1181,-1.28,-0.1274,-1.455,0.1428,-1.073,1.0,0.0,2.11,1.831,0.8203,0.0,-0.1652,0.11584,-0.4746,-0.4924,0.01767,0.7974,1.2391,-0.559,0.4568,-0.2267,0.2284,-0.945,-0.9717,1.0,-1.0,-0.9604,0.0,-0.3115,-0.2394,-0.4224,0.03198,1.0,-0.5,-0.5,-0.5903,0.6562,0.1863,2.0,0.0,0.0,0.0,0.0,0.891,0.3591480000000001,-0.0321773774921894,1.2712773774921895,-0.0032644292067648055
-0.0916,0.3105,-1.28,-0.1274,1.165,0.1428,-1.073,1.0,0.0,2.11,1.831,0.8384,0.0,-0.1647,-0.707,-0.4785,-0.496,0.2118,0.7935,0.3253,-0.5625,1.238,0.4568,-0.2267,-0.945,-0.971,0.0,0.0,-0.96,0.0,-0.3113,-0.336,-0.353,0.00425,2.0,-0.5,-0.5,-0.679,0.675,0.277,3.0,0.0,0.0,0.0,0.0,0.1141,0.131032,-0.0345884822309017,0.3598884822309017,-0.003509038349679948
-0.1562,0.3066,-1.28,-0.1274,0.1226,0.1428,-1.073,1.0,0.0,2.11,1.831,0.8384,0.0,-0.1643,-0.4373,-0.484,-0.4993,0.221,0.792,0.0001,-0.563,0.3252,1.238,0.4568,-0.9443,-0.971,0.0,0.0,-0.96,0.0,-0.3113,-0.06,-0.5503,0.0,1.0,-0.5,-0.5,-0.645,0.556,0.2385,0.0,0.0,0.0,0.0,0.0,0.0,0.3082737600000001,-0.0164546873420476,0.0165546873420476,-0.0016693455506310894
-0.2286,0.474,-1.28,-0.1274,0.594,0.1428,-1.073,1.0,0.0,2.11,1.831,0.863,0.0,-0.1638,-0.1819,-0.4878,-0.502,0.3665,0.8,0.4295,-0.5645,0.0,0.3252,1.238,-0.944,-0.9707,0.0,0.0,-0.9595,0.0,-0.3108,0.3403,-0.8354,0.01116,2.0,0.0,0.0,-0.773,0.618,0.3804,1.0,0.0,0.0,0.0,0.0,0.2966,-0.0297752,0.0087999291718006,0.4207000708281994,0.0008927621840176537
-0.2255,0.3171,-1.28,-0.1274,-0.1686,0.1428,-1.073,1.0,0.0,2.11,1.831,0.8447,0.0,-0.1633,0.3665,-0.4922,-0.505,0.2079,0.8,-0.3178,-0.5674,0.4292,0.0,0.3252,-0.944,-0.9707,0.0,0.0,-0.9595,0.0,-0.3113,-0.1355,-0.496,-0.005905,1.0,0.0,-0.5,-0.5728,0.4172,0.2175,0.0,1.0,0.0,0.0,0.0,-0.1548,0.031028,0.0008083168067969,-0.3186083168067969,8.200460068777109e-05
-0.191,0.07996,-1.28,-0.1274,-0.503,0.1428,-1.073,1.0,0.0,2.11,1.831,0.814,0.0,-0.163,-0.4263,-0.497,-0.5083,0.01511,0.7915,-0.5346,-0.568,-0.3176,0.4292,0.0,-0.9434,-0.97,0.0,0.0,-0.9595,0.0,-0.312,-0.405,-0.3042,-0.01171,0.0,0.0,-1.0,-0.3037,0.1458,-0.082,0.0,2.0,0.0,0.0,0.0,-0.31,-0.2570371999999999,0.0214095637202262,-0.5560095637202263,0.002172023034797145
-0.1543,-0.0544,-1.28,-0.1274,-0.757,0.1428,-1.073,1.0,0.0,2.11,1.831,0.796,0.0,-0.1625,-0.418,-0.501,-0.5117,-0.1004,0.7866,-0.3263,-0.568,-0.5347,-0.3176,0.4292,-0.9434,-0.97,0.0,0.0,-0.9595,0.0,-0.3125,-0.371,-0.3284,-0.002249,-1.0,0.0,-1.0,-0.1497,-0.02774,-0.2296,0.0,3.0,0.0,0.0,0.0,-0.06052,-0.1918639999999999,-0.0031620771624147,-0.3231379228375852,-0.0003207960948817577
-0.1936,-0.0929,-1.28,-0.1274,-1.394,0.0,-1.073,0.0,0.0,2.11,1.831,0.7896,0.0,-0.162,-0.1378,-0.505,-0.5156,-0.12,0.7827,-0.1098,-0.5693,-0.3262,-0.5347,-0.3176,-0.9434,-0.9697,0.0,0.0,-0.9595,0.0,-0.3127,-0.2617,-0.4067,-0.0006,-1.0,-0.5,-1.0,-0.1068,-0.10834,-0.2512,0.0,4.0,0.0,0.0,0.0,-0.01631,0.4070159999999999,0.0055872607044875,-0.1153872607044875,0.0005668335473879314
-0.2656,0.207,-1.28,-0.1274,-14.766,0.0,-1.073,1.0,0.0,2.11,1.831,0.826,0.0,-0.1616,-0.432,-0.508,-0.52,0.1787,0.785,0.6617,-0.5693,-0.10986,-0.3262,-0.5347,-0.9434,-0.9697,1.0,-1.0,-0.9595,0.0,-0.3118,0.147,-0.6978,0.008194,-1.0,0.0,-0.5,-0.375,0.1254,0.1287,1.0,0.0,0.0,0.0,0.0,0.2236,0.8584800000000001,-0.0033744280226528,0.6650744280226528,-0.00034233931574900056
-0.318,0.7397,-1.28,-0.1274,2.107,0.1428,-1.073,1.0,0.0,2.11,1.831,0.887,1.0,-0.171,0.3193,-0.51,-0.5234,0.743,0.7817,1.2971,-0.568,0.6616,-0.10986,-0.3262,-0.9434,-0.969,1.0,-1.0,-0.9595,0.0,-0.3103,0.992,-1.301,0.02193,0.0,0.0,0.0,-0.7637,0.6646,0.739,2.0,0.0,0.0,0.0,0.0,0.5864,-0.2544179999999999,-0.012423250824213,1.309523250824213,-0.0012603520235099945
-0.28,0.4312,-1.28,-0.1274,-0.268,0.2856,-1.073,1.0,0.0,2.11,1.831,0.863,0.0,-0.1705,0.0755,-0.51,-0.527,0.3955,0.7964,-0.4154,-0.5674,1.296,0.6616,-0.10986,-0.9434,-0.969,0.0,0.0,-0.9595,0.0,-0.3108,0.775,-1.1455,-0.00855,0.0,-0.5,0.0,-0.519,0.429,0.4832,0.0,1.0,0.0,0.0,0.0,-0.2198,0.3173743999999999,-0.0150241674855351,-0.4003758325144648,-0.0015242177880721319
-0.362,0.443,-1.28,-0.1274,0.1587,0.4285,-1.073,1.0,0.0,2.11,1.831,0.875,0.0,-0.1702,-0.3271,-0.51,-0.53,0.4302,0.804,0.2105,-0.567,-0.4153,1.296,0.6616,-0.9434,-0.969,0.0,0.0,-0.9595,0.0,-0.3105,0.775,-1.1455,0.002,1.0,-0.5,0.0,-0.5464,0.454,0.5625,1.0,0.0,0.0,0.0,0.0,0.05206,0.4515560000000001,-0.0212959107011556,0.2317959107011556,-0.0021604928150027844
-0.3655,0.634,-1.28,-0.1274,0.522,0.5713,-1.073,1.0,0.0,2.11,1.831,0.887,1.0,-0.171,-0.2161,-0.51,-0.5317,0.643,0.7925,0.6271,-0.565,0.2103,-0.4153,1.296,-0.943,-0.9688,1.0,-1.0,-0.9595,0.0,-0.3098,0.992,-1.3,0.01244,2.0,0.0,0.5,-0.7163,0.649,0.758,2.0,0.0,0.0,0.0,0.0,0.3218,-0.3838759999999999,-0.0108616761863231,0.6379616761863232,-0.001101928613842493
-0.3115,0.1385,-1.28,-0.1274,-0.607,0.7144,-1.073,1.0,0.0,2.11,1.831,0.8394,0.0,-0.1705,0.0755,-0.5093,-0.5327,0.1148,0.805,-0.8202,-0.5645,0.627,0.2103,-0.4153,-0.943,-0.9688,0.0,0.0,-0.9595,0.0,-0.311,0.545,-0.9814,-0.01159,1.0,-0.5,0.0,-0.3406,0.2229,0.3315,0.0,1.0,0.0,0.0,0.0,-0.294,0.5846664000000001,-0.0165506638586521,-0.8036493361413479,-0.0016790824704295824
-0.386,0.4902,-1.28,-0.1274,1.843,0.7144,-1.073,1.0,0.0,2.11,1.831,0.887,1.0,-0.171,-0.2161,-0.5063,-0.5327,0.443,0.8145,0.8421,-0.563,-0.82,0.627,0.2103,-0.9424,-0.9688,1.0,-1.0,-0.959,0.0,-0.3098,0.4739,-0.93,0.01334,1.0,0.0,0.0,-0.5986,0.5435,0.612,1.0,0.0,0.0,0.0,0.0,0.3474,-0.1752008,0.0009647491970099,0.84113525080299,9.787483323295916e-05
-0.382,0.3887,-1.28,-0.1274,-0.0567,0.7144,-1.073,1.0,0.0,2.11,1.831,0.881,0.0,-0.1705,-0.6006,-0.504,-0.5327,0.3333,0.8193,-0.10244,-0.5635,0.8413,-0.82,0.627,-0.9424,-0.9688,0.0,0.0,-0.959,0.0,-0.31,0.354,-0.8447,-0.002756,1.0,0.0,-0.5,-0.4922,0.4404,0.5073,0.0,1.0,0.0,0.0,0.0,-0.06995,0.0628223999999999,-0.0652167648077011,-0.0372232351922988,-0.006616310227912388
-0.3782,0.2913,-1.28,-0.1274,-0.0878,0.7144,-1.073,1.0,0.0,2.11,1.831,0.875,0.0,-0.1702,-0.4688,-0.5015,-0.5327,0.2313,0.8193,-0.10274,-0.5645,-0.1025,0.8413,-0.82,-0.942,-0.9683,0.0,0.0,-0.959,0.0,-0.3103,0.313,-0.8154,-0.00203,0.0,0.0,-0.5,-0.4153,0.3252,0.4185,0.0,2.0,0.0,0.0,0.0,-0.05167,-0.125748,-0.014325731433928,-0.0884142685660719,-0.0014533607069915765
-0.4119,0.1655,-1.28,-0.1274,-0.2273,0.7144,-1.073,1.0,0.0,2.11,1.831,0.8633,0.0,-0.1697,-0.7246,-0.5,-0.5317,0.1146,0.8193,-0.2062,-0.5654,-0.1028,-0.1025,0.8413,-0.942,-0.9683,0.0,0.0,-0.9585,0.0,-0.3105,0.11584,-0.675,-0.0008006,-1.0,0.0,-1.0,-0.2961,0.1885,0.2874,0.0,3.0,0.0,0.0,0.0,-0.02045,-0.185604,0.0058867312036454,-0.2120867312036455,0.0005972151483823812
-0.4858,0.418,-1.28,-0.1274,1.226,0.7144,-1.073,1.0,0.0,2.11,1.831,0.887,1.0,-0.171,-0.3506,-0.4983,-0.531,0.3672,0.8193,0.6231,-0.5674,-0.2063,-0.1028,-0.1025,-0.942,-0.9683,1.0,-1.0,-0.9585,0.0,-0.3098,0.407,-0.8823,0.007664,0.0,0.0,-0.5,-0.4978,0.4065,0.564,1.0,0.0,0.0,0.0,0.0,0.197,-0.1238079999999999,-0.0097558908164501,0.6328558908164501,-0.0009897455107072898
-0.5303,0.2477,-1.28,-0.1274,-0.2311,0.7144,-1.073,1.0,0.0,2.11,1.831,0.875,0.0,-0.1705,-0.7314,-0.497,-0.5293,0.1697,0.8193,-0.2036,-0.569,0.6226,-0.2063,-0.1028,-0.942,-0.9683,0.0,0.0,-0.9585,0.0,-0.31,0.5366,-0.975,-0.002697,-1.0,-0.5,-0.5,-0.3726,0.2632,0.4277,0.0,1.0,0.0,0.0,0.0,-0.068,0.6237463999999998,-0.0209897588938474,-0.1826102411061525,-0.002129433388182705
-0.527,0.547,-1.28,-0.1274,1.1045,0.7144,-1.073,1.0,0.0,2.11,1.831,0.887,1.0,-0.171,-0.1162,-0.4966,-0.528,0.503,0.8076,0.8204,-0.568,-0.2036,0.6226,-0.2063,-0.942,-0.9683,1.0,-1.0,-0.958,0.0,-0.309,0.846,-1.195,0.013466,0.0,0.0,0.0,-0.6094,0.581,0.772,1.0,0.0,0.0,0.0,0.0,0.3416,-0.3136032,0.0116119813174009,0.8087880186825991,0.0011780478682618563
-0.557,0.5747,-1.28,-0.1274,0.1804,0.857,-1.073,1.0,0.0,2.11,1.831,0.887,1.0,-0.171,-0.5,-0.496,-0.526,0.519,0.806,0.2999,-0.566,0.82,-0.2036,0.6226,-0.9414,-0.9683,0.0,0.0,-0.958,0.0,-0.3088,0.945,-1.266,0.01167,1.0,0.0,0.5,-0.6733,0.612,0.7827,2.0,0.0,0.0,0.0,0.0,0.2888,-0.6136376000000001,0.0015179417096078,0.2983820582903921,0.00015399680263604486
-0.4788,-0.03824,-1.28,-0.1274,-0.865,0.857,-1.073,1.0,0.0,2.11,1.831,0.8237,0.0,-0.1705,0.2993,-0.4963,-0.5244,-0.09393,0.8135,-1.0889,-0.5664,0.2998,0.82,-0.2036,-0.9414,-0.9683,0.0,0.0,-0.958,0.0,-0.3103,0.3755,-0.86,-0.0279,1.0,-0.5,0.0,-0.181,0.0879,0.1793,0.0,1.0,0.0,0.0,0.0,-0.6836,0.1030159999999999,0.0230239070951938,-1.1119239070951938,0.002335799889025576
-0.537,-0.09924,-1.28,-0.1274,-1.38,0.7144,-1.073,0.0,0.0,2.11,1.831,0.818,0.0,-0.1702,-0.2128,-0.4973,-0.523,-0.1716,0.817,-0.10244,-0.5664,-1.089,0.2998,0.82,-0.9414,-0.9683,0.0,0.0,-0.958,0.0,-0.3105,0.008995,-0.5986,-0.00428,0.0,-0.5,-0.5,-0.1334,0.004814,0.1037,0.0,2.0,0.0,0.0,0.0,-0.1086,-0.3655935999999999,0.0087244678288698,-0.1111644678288698,0.0008851065504314552
-0.5156,-0.4043,-1.28,-0.1274,18.3,0.5713,-1.073,0.0,0.0,2.11,1.831,0.783,0.0,-0.1697,0.07117,-0.4983,-0.5225,-0.4583,0.8154,-0.6169,-0.5664,-0.1025,-1.089,0.2998,-0.9414,-0.968,0.0,0.0,-0.958,0.0,-0.3115,-0.06107,-0.549,-0.02135,0.0,-1.0,-0.5,0.1528,-0.2487,-0.2281,0.0,3.0,0.0,0.0,0.0,-0.5435,-0.6222360000000002,-0.0267270449548959,-0.590172955045104,-0.0027114871677300758
-0.4756,-0.775,-1.28,-0.1274,1.361,0.4285,-1.073,0.0,0.0,2.11,1.831,0.7373,0.0,-0.1692,-0.2993,-0.5,-0.522,-0.84,0.814,-0.8389,-0.567,-0.6167,-0.1025,-1.089,-0.942,-0.968,0.0,0.0,-0.958,0.0,-0.3127,-0.37,-0.3289,-0.01051,-1.0,-1.0,-1.0,0.5034,-0.588,-0.677,0.0,4.0,0.0,0.0,0.0,-0.273,-0.22956,0.0029678079299628,-0.8418678079299629,0.0003010872744054557
-0.3418,-1.006,-1.28,-0.1274,0.489,0.2856,-1.073,0.0,0.0,2.11,1.831,0.7026,0.0,-0.1688,1.239,-0.5024,-0.523,-1.0205,0.7993,-0.6459,-0.567,-0.8384,-0.6167,-0.1025,-0.942,-0.968,0.0,0.0,-0.958,0.0,-0.3135,-0.7373,-0.0671,-0.02374,-2.0,-1.0,-1.5,0.7256,-0.838,-1.005,0.0,5.0,0.0,0.0,0.0,-0.633,-0.2807759999999999,-0.001207620371133,-0.6446923796288669,-0.000122514372439694
-0.2786,-1.389,-1.28,-0.1274,0.575,0.1428,-1.073,0.0,0.0,2.11,1.831,0.651,0.0,-0.1683,0.4639,-0.5044,-0.525,-1.332,0.782,-0.9892,-0.565,-0.646,-0.8384,-0.6167,-0.943,-0.968,0.0,0.0,-0.958,0.0,-0.315,-0.759,-0.05246,-0.0417,-2.0,-1.0,-1.5,1.099,-1.208,-1.282,0.0,5.0,0.0,0.0,0.0,-1.134,-0.1606079999999999,0.0441523529589176,-1.0333523529589177,0.00447930321796626
-0.2133,-1.4795,-1.28,-0.1274,0.2076,0.0,-1.073,0.0,0.0,2.11,1.831,0.628,0.0,-0.1678,0.4883,-0.5054,-0.527,-1.379,0.763,-0.4535,-0.5615,-0.989,-0.646,-0.8384,-0.9434,-0.968,0.0,0.0,-0.958,0.0,-0.3154,-1.182,0.2489,-0.01631,-2.0,-1.5,-2.0,1.219,-1.29,-1.274,0.0,5.0,0.0,0.0,0.0,-0.458,0.17546,-0.007154167164117,-0.4463458328358829,-0.0007257978760478598
-0.05682,-1.224,-1.28,-0.1274,-0.06192,-0.1428,-1.073,0.0,0.0,2.11,1.831,0.645,0.0,-0.1674,1.614,-0.503,-0.5283,-1.009,0.7373,0.3453,-0.559,-0.4534,-0.989,-0.646,-0.944,-0.968,0.0,0.0,-0.958,0.0,-0.3152,-1.026,0.1383,0.01761,-1.0,-1.0,-1.5,0.977,-1.012,-0.9946,1.0,0.0,0.0,0.0,0.0,0.5015,0.0863544,-0.0384665168821811,0.3837665168821811,-0.003902469094107625
-0.06235,-1.075,-1.28,-0.1274,-0.005276,-0.2856,-1.073,0.0,0.0,2.11,1.831,0.651,0.0,-0.167,-0.3914,-0.4998,-0.5293,-0.8623,0.726,0.11393,-0.5566,0.345,-0.4534,-0.989,-0.9443,-0.968,0.0,0.0,-0.9585,0.0,-0.315,-0.964,0.09406,0.003786,0.0,-1.0,-1.0,0.8423,-0.88,-0.8584,2.0,0.0,0.0,0.0,0.0,0.1066,-0.0553479999999999,-0.0141405556350946,0.1280705556350946,-0.001434574425037912
0.01782,-1.277,-1.28,-0.1274,0.3503,-0.4285,-1.073,0.0,0.0,2.11,1.831,0.616,0.0,-0.1665,-0.0816,-0.4966,-0.529,-1.109,0.7183,-0.6806,-0.554,0.1138,0.345,-0.4534,-0.945,-0.9683,0.0,0.0,-0.9585,0.0,-0.316,-1.034,0.144,-0.01726,0.0,-1.5,-1.0,1.068,-1.107,-0.935,0.0,1.0,0.0,0.0,0.0,-0.4844,-0.4020319999999998,0.0162140410393476,-0.6968140410393476,0.0016449317269991127
0.05402,-1.441,-1.28,-0.1274,0.2798,-0.5713,-1.073,0.0,0.0,2.11,1.831,0.5815,0.0,-0.166,-0.2046,-0.4927,-0.528,-1.331,0.7075,-0.6952,-0.5513,-0.68,0.1138,0.345,-0.9453,-0.9683,0.0,0.0,-0.959,0.0,-0.3167,-1.387,0.3953,-0.01765,0.0,-1.5,-1.5,1.308,-1.299,-0.976,0.0,2.0,0.0,0.0,0.0,-0.5063,0.8689180000000001,-0.0127479825168848,-0.6824520174831152,-0.001293296399482751
0.08624,-0.797,-1.28,-0.1274,-0.3728,-0.7144,-1.073,0.0,0.0,2.11,1.831,0.639,0.0,-0.1656,0.4758,-0.4893,-0.526,-0.7285,0.6987,1.1851,-0.5503,-0.695,-0.68,0.1138,-0.9453,-0.9683,1.0,-1.0,-0.959,0.0,-0.3154,-0.943,0.0788,0.02588,1.0,-1.0,-1.0,0.7114,-0.6562,-0.6357,1.0,0.0,0.0,0.0,0.0,0.759,0.117936,0.0832343772053718,1.1018656227946282,0.00844421618952784
0.06384,-0.7505,-1.28,-0.1274,0.06396,-0.857,-1.073,0.0,0.0,2.11,1.831,0.628,0.0,-0.1652,-0.3792,-0.4863,-0.524,-0.765,0.691,-0.2284,-0.55,1.185,-0.695,-0.68,-0.946,-0.9683,0.0,0.0,-0.959,0.0,-0.3157,-1.296,0.3306,-0.003994,0.0,-1.0,-1.5,0.7495,-0.704,-0.635,0.0,1.0,0.0,0.0,0.0,-0.1129,0.1523856,0.0151091888546943,-0.2435091888546944,0.0015328432964980376
0.148,-0.8877,-1.28,-0.1274,0.3523,-1.0,-1.073,0.0,0.0,2.11,1.831,0.5933,0.0,-0.1647,0.2311,-0.4834,-0.5215,-0.923,0.6724,-0.6903,-0.5483,-0.2284,1.185,-0.695,-0.946,-0.9683,0.0,0.0,-0.9595,0.0,-0.3164,-1.473,0.4744,-0.010864,-1.0,-1.0,-2.0,0.9604,-0.978,-0.726,0.0,2.0,0.0,0.0,0.0,-0.3093,-1.0988128000000004,-0.0677751749753952,-0.6225248250246048,-0.006875863663438075
0.2291,-1.356,-1.28,-0.1274,0.754,-1.143,-1.073,0.0,0.0,2.11,1.831,0.5244,0.0,-0.1643,-0.0099,-0.4812,-0.5186,-1.406,0.6533,-1.4109,-0.546,-0.69,-0.2284,1.185,-0.946,-0.9683,0.0,0.0,-0.9595,0.0,-0.318,-1.473,0.4805,-0.0401,-1.0,-1.0,-2.0,1.58,-1.465,-0.9204,0.0,3.0,0.0,1.0,-7.8,-1.167,-0.9710839999999996,-0.0033261035569012,-1.4075738964430988,-0.00033743674724604785
0.5684,-1.745,-1.28,-0.1274,0.4595,-1.143,-1.073,0.0,0.0,2.11,1.831,0.4607,0.0,-0.1638,2.906,-0.4778,-0.5137,-1.689,0.6167,-1.3539,-0.542,-1.41,-0.69,-0.2284,-0.947,-0.9688,0.0,0.0,-0.96,0.0,-0.3196,-1.473,0.54,-0.057,-1.0,-1.0,-2.0,2.111,-1.928,-1.025,0.0,4.0,0.0,0.0,0.0,-1.735,-0.5312239999999999,-0.008585000410676,-1.345314999589324,-0.0008709574323607102
0.6445,-1.915,-1.28,-0.1274,0.2426,-1.143,-1.073,0.0,0.0,2.11,1.831,0.4204,0.0,-0.1633,0.0821,-0.4746,-0.5093,-1.866,0.592,-0.8993,-0.5386,-1.353,-1.41,-0.69,-0.9473,-0.9688,0.0,0.0,-0.9604,0.0,-0.3206,-1.473,0.545,-0.01917,-2.0,-1.0,-2.0,2.355,-2.066,-1.027,0.0,5.0,0.0,0.0,0.0,-0.6094,0.383208,-0.007776410318911,-0.8915235896810889,-0.0007889251066219509
0.6787,-1.606,-1.28,-0.1274,-0.04672,-1.143,-1.073,0.0,0.0,2.11,1.831,0.4321,0.0,-0.163,0.73,-0.4727,-0.505,-1.599,0.574,0.2645,-0.5366,-0.899,-1.353,-1.41,-0.9478,-0.969,0.0,0.0,-0.961,0.0,-0.3203,-1.45,0.4385,0.00834,-1.0,-1.0,-1.5,2.008,-1.863,-0.882,1.0,0.0,0.0,0.0,0.0,0.2727,-0.4769479999999999,0.0216802358627319,0.242819764137268,0.0021994830118467878
0.504,-1.155,-1.28,-0.1274,-0.1826,-1.143,-1.073,0.0,0.0,2.11,1.831,0.4607,0.0,-0.1625,0.04474,-0.4712,-0.501,-1.147,0.5566,0.6554,-0.5376,0.2642,-0.899,-1.353,-0.948,-0.969,0.0,0.0,-0.961,0.0,-0.3196,-1.182,0.2472,0.01602,0.0,-1.0,-1.0,1.522,-1.412,-0.727,2.0,0.0,0.0,0.0,0.0,0.5195,0.1780732,-0.0011917203664779,0.656591720366478,-0.0001209013000382404
0.4346,-1.081,-1.28,-0.1274,0.05923,-1.143,-1.073,0.0,0.0,2.11,1.831,0.455,0.0,-0.162,-0.2742,-0.47,-0.4978,-1.066,0.542,-0.1283,-0.5405,0.6553,0.2642,-0.899,-0.9487,-0.9697,0.0,0.0,-0.9614,0.0,-0.3198,-1.066,0.1654,-0.001715,0.0,-1.0,-1.0,1.437,-1.355,-0.7085,0.0,1.0,0.0,0.0,0.0,-0.0545,-0.896856,0.0198518373072147,-0.1481518373072147,0.0020139900316408733
0.6025,-1.686,-1.28,-0.1274,0.78,-1.143,-1.073,0.0,0.0,2.11,1.831,0.3801,0.0,-0.1616,1.148,-0.4678,-0.495,-1.605,0.5176,-1.6769,-0.5405,-0.1284,0.6553,0.2642,-0.949,-0.9697,0.0,0.0,-0.962,0.0,-0.3215,-1.194,0.2554,-0.07294,0.0,-1.0,-1.0,2.166,-1.947,-0.908,0.0,2.0,0.0,0.0,0.0,-2.326,0.2274559999999999,-0.0109964329749345,-1.6659035670250657,-0.0011155998335265602
0.4297,-1.45,-1.28,-0.1274,-0.02313,-1.143,-1.073,0.0,0.0,2.11,1.831,0.386,0.0,-0.1611,0.11584,-0.4648,-0.493,-1.347,0.4968,0.1362999999999999,-0.542,-1.676,-0.1284,0.6553,-0.9497,-0.97,0.0,0.0,-0.9624,0.0,-0.3213,-1.272,0.3118,0.003262,1.0,-1.0,-1.0,1.925,-1.689,-0.8286,1.0,0.0,0.0,0.0,0.0,0.10986,-1.13166,-0.0219492390751838,0.1582492390751838,-0.0022267736741655147
0.782,-2.186,-1.28,-0.1274,0.7075,-1.143,-1.073,0.0,0.0,2.11,1.831,0.2937,0.0,-0.1606,2.408,-0.4617,-0.4907,-2.05,0.4685,-2.1679,-0.5405,0.1361,-1.676,-0.1284,-0.95,-0.9707,0.0,0.0,-0.963,0.0,-0.3235,-1.47,0.4512,-0.06464,0.0,-1.0,-1.5,2.836,-2.066,-1.063,0.0,1.0,0.0,0.0,0.0,-2.168,1.5952160000000004,0.0055938432924449,-2.173493843292445,0.000567501357944881
0.729,-1.037,-1.28,-0.1274,-0.4502,-1.143,-1.073,0.0,0.0,2.11,1.831,0.386,0.0,-0.1602,1.479,-0.458,-0.4888,-0.726,0.435,2.3261000000000003,-0.542,-2.168,0.1361,-1.676,-0.95,-0.9707,1.0,-1.0,-0.9634,0.0,-0.3213,-0.8994,0.04526,0.1803,0.0,-0.5,-1.0,1.683,-1.132,-0.665,1.0,0.0,0.0,0.0,0.0,6.484,-0.6951920000000001,0.0018262895755469,2.3242737104244533,0.00018527902194243582
0.875,-1.481,-1.28,-0.1274,0.63,-1.143,-1.073,0.0,0.0,2.11,1.831,0.3284,0.0,-0.1598,0.5317,-0.4558,-0.487,-1.199,0.4197,-1.3549,-0.542,2.324,-2.168,0.1361,-0.95,-0.971,0.0,0.0,-0.964,0.0,-0.3225,-0.948,0.0795,-0.0416,0.0,-0.5,-1.0,2.197,-1.626,-0.8154,0.0,1.0,0.0,0.0,0.0,-1.395,-0.1000759999999999,0.0409579090774059,-1.395857909077406,0.0041552234849703325
0.8687,-1.376,-1.28,-0.1274,0.05307,-1.143,-1.073,0.0,0.0,2.11,1.831,0.317,0.0,-0.1593,0.548,-0.4548,-0.4854,-1.151,0.4028,-0.2829,-0.541,-1.3545,2.324,-2.168,-0.9507,-0.971,0.0,0.0,-0.964,0.0,-0.3228,-1.265,0.3052,-0.00818,0.0,-0.5,-1.5,2.164,-1.575,-0.782,0.0,2.0,0.0,0.0,0.0,-0.2864,-1.406868,-0.0026648272760212,-0.2802351727239787,-0.0002703495644708366
1.217,-2.0,-1.28,-0.1274,0.648,-1.143,-1.073,0.0,0.0,2.11,1.831,0.2362,0.0,-0.1588,2.2,-0.4556,-0.4841,-1.882,0.3857,-1.9989,-0.5386,-0.283,-1.3545,2.324,-0.951,-0.9717,0.0,0.0,-0.9644,0.0,-0.3247,-1.368,0.3784,-0.0517,-1.0,-0.5,-1.5,2.836,-2.066,-0.961,0.0,3.0,0.0,0.0,0.0,-1.826,0.6885480000000002,0.0086534228175878,-2.007553422817588,0.000877898958393223
1.254,-1.492,-1.28,-0.1274,-0.1494,-1.143,-1.073,0.0,0.0,2.11,1.831,0.2593,0.0,-0.1584,1.759,-0.4568,-0.4824,-1.428,0.367,0.6095,-0.538,-1.998,-0.283,-1.3545,-0.9517,-0.972,0.0,0.0,-0.965,0.0,-0.3242,-1.2,0.2585,0.0181,0.0,-0.5,-1.0,2.46,-1.824,-0.8003,1.0,0.0,0.0,0.0,0.0,0.6816,0.341888,-0.0098718516528606,0.6193718516528607,-0.0010015098610279833
1.139,-1.164,-1.28,-0.1274,-0.11475,-1.143,-1.073,0.0,0.0,2.11,1.831,0.2708,0.0,-0.158,-0.1301,-0.459,-0.4814,-1.172,0.3555,0.2989,-0.5386,0.609,-1.998,-0.283,-0.952,-0.9727,0.0,0.0,-0.9653,0.0,-0.324,-1.014,0.1259,0.002687,0.0,-0.5,-0.5,2.068,-1.557,-0.704,2.0,0.0,0.0,0.0,0.0,0.0994,-0.8392400000000002,-0.012996669858694,0.3118966698586941,-0.0013185259950938822
1.085,-1.652,-1.28,-0.1274,0.6147,-1.143,-1.073,0.0,0.0,2.11,1.831,0.2131,0.0,-0.1575,1.875,-0.4597,-0.4807,-1.58,0.3308,-1.4799,-0.538,0.2988,0.609,-1.998,-0.952,-0.973,0.0,0.0,-0.9653,0.0,-0.3252,-1.002,0.1165,-0.0762,0.0,-0.5,-0.5,2.646,-2.064,-0.832,0.0,1.0,0.0,0.0,0.0,-2.791,-0.0123679999999999,-0.0031433389522135,-1.4767566610477865,-0.00031889508350573296
1.127,-1.622,-1.28,-0.1274,0.1126,-1.143,-1.073,0.0,0.0,2.11,1.831,0.2017,0.0,-0.1571,1.118,-0.4604,-0.4807,-1.606,0.3206,-0.3104,-0.5376,-1.48,0.2988,0.609,-0.9526,-0.9736,0.0,0.0,-0.966,0.0,-0.3254,-0.9375,0.0703,-0.00643,0.0,-0.5,-0.5,2.59,-1.986,-0.796,0.0,2.0,0.0,0.0,0.0,-0.2472,-0.40332,-0.027900855988264,-0.2824991440117359,-0.0028305715468557435
1.09,-0.789,-1.28,-0.1274,-0.4443,-1.143,-1.073,0.0,0.0,2.11,1.831,0.2593,0.0,-0.1566,0.6313,-0.4622,-0.4812,-0.776,0.3076,1.5681,-0.541,-0.3103,-1.48,0.2988,-0.953,-0.9736,1.0,-1.0,-0.9663,0.0,-0.324,-0.7095,-0.09155,0.06223,1.0,-0.5,-0.5,1.719,-1.032,-0.558,1.0,0.0,0.0,0.0,0.0,2.414,-0.1980639999999999,-0.0031583909876644,1.5712583909876645,-0.0003204221285285632
1.156,-0.884,-1.28,-0.1274,0.2764,-1.143,-1.073,0.0,0.0,2.11,1.831,0.2362,0.0,-0.1561,0.476,-0.4646,-0.483,-0.9473,0.2986,-0.5976,-0.5454,1.567,-0.3103,-1.48,-0.953,-0.974,0.0,0.0,-0.967,0.0,-0.3245,-0.902,0.04535,-0.006912,0.0,-0.5,-1.0,1.898,-1.146,-0.62,0.0,1.0,0.0,0.0,0.0,-0.2556,-0.225048,0.0071885022334754,-0.6047885022334755,0.0007292812053918085
1.174,-0.633,-1.28,-0.1274,-0.2006,-1.143,-1.073,0.0,0.0,2.11,1.831,0.242,0.0,-0.1558,0.2773,-0.4683,-0.485,-0.7676,0.289,0.1523999999999999,-0.55,-0.5977,1.567,-0.3103,-0.953,-0.9746,0.0,0.0,-0.967,0.0,-0.3242,-0.8604,0.01585,0.004734,0.0,-0.5,-0.5,1.607,-1.036,-0.5728,1.0,0.0,0.0,0.0,0.0,0.1785,-0.6924359999999998,-0.0276327021420002,0.1800327021420001,-0.002803367053641144
1.159,-0.9844,-1.28,-0.1274,0.814,-1.143,-1.073,0.0,0.0,2.11,1.831,0.2017,0.0,-0.1553,0.3296,-0.472,-0.4878,-1.105,0.2756,-1.0619,-0.552,0.1522,-0.5977,1.567,-0.953,-0.975,0.0,0.0,-0.9673,0.0,-0.3252,-0.775,-0.04547,-0.02377,0.0,-0.5,-0.5,2.033,-1.345,-0.7246,0.0,1.0,0.0,0.0,0.0,-0.8916,0.0745919999999999,0.0118154659867286,-1.0737154659867287,0.00119869160462115
1.157,0.12115,-1.28,-0.1274,-1.175,-1.0,-1.073,1.0,0.0,2.11,1.831,0.2822,0.0,-0.1548,2.441,-0.476,-0.4897,-0.03323,0.269,2.1951,-0.5537,-1.061,0.1522,-0.5977,-0.953,-0.975,1.0,-1.0,-0.9673,0.0,-0.3232,-0.4438,-0.281,0.04752,1.0,0.0,-0.5,0.9307,-0.2834,-0.28,1.0,0.0,0.0,0.0,0.0,1.844,1.0171999999999997,0.0039560603909194,2.1911439396090806,0.0004013465387904108
0.9297,0.938,-1.28,-0.1274,4.445,-0.857,-1.073,1.0,0.0,2.11,1.831,0.3513,0.0,-0.1544,1.2,-0.4802,-0.4922,0.8506,0.2668,1.7611,-0.555,2.193,-1.061,0.1522,-0.953,-0.975,1.0,-1.0,-0.968,0.0,-0.3215,0.10675,-0.6733,0.01384,1.0,0.5,0.0,0.1438,0.4338,0.121,2.0,0.0,0.0,0.0,0.0,0.5024,0.080908,-0.0158737786114215,1.7769737786114217,-0.0016104117413987856
0.797,1.105,-1.28,-0.1274,0.3086,-0.7144,-1.073,1.0,0.0,2.11,1.831,0.3628,0.0,-0.1539,0.1394,-0.4827,-0.4946,1.182,0.253,0.2781,-0.556,1.76,2.193,-1.061,-0.9526,-0.9756,0.0,0.0,-0.968,0.0,-0.3213,-0.187,-0.4634,0.004738,2.0,0.5,0.0,-0.000728,0.4592,0.221,3.0,0.0,0.0,0.0,0.0,0.1631,-1.6472679999999995,0.0244034118950366,0.2536965881049633,0.00247575211976819
1.064,-0.003345,-1.28,-0.1274,-0.8647,-0.5713,-1.073,1.0,0.0,2.11,1.831,0.2708,0.0,-0.1534,1.358,-0.4854,-0.4973,0.0905,0.2479,-2.2049,-0.5596,0.278,1.76,2.193,-0.9526,-0.9756,0.0,0.0,-0.968,0.0,-0.3235,-0.3118,-0.3752,-0.04797,1.0,0.0,0.0,1.081,-0.4006,-0.2844,0.0,1.0,0.0,0.0,0.0,-1.637,0.5846880000000001,0.0259551592171192,-2.230855159217119,0.002633178537783614
1.031,0.7134,-1.28,-0.1274,9.95,-0.4285,-1.073,1.0,0.0,2.11,1.831,0.3284,0.0,-0.1531,1.599,-0.4883,-0.501,0.859,0.2446,1.4801,-0.563,-2.205,0.278,1.76,-0.952,-0.976,1.0,-1.0,-0.968,0.0,-0.322,-0.05426,-0.5586,0.01497,2.0,0.5,0.5,0.3833,0.2281,0.1777,1.0,0.0,0.0,0.0,0.0,0.5483,-0.0001879999999999,0.0702684670686721,1.4098315329313278,0.007128810800981044
0.859,1.161,-1.28,-0.1274,0.735,-0.2856,-1.073,1.0,0.0,2.11,1.831,0.3745,0.0,-0.1526,0.1276,-0.492,-0.5044,1.405,0.2471,1.1321,-0.563,1.48,-2.205,0.278,-0.9517,-0.976,1.0,-1.0,-0.968,0.0,-0.321,0.417,-0.8945,0.00994,2.0,1.0,1.0,-0.03766,0.697,0.5376,2.0,0.0,1.0,0.0,9.375,0.3481,-1.5154028,0.0695032104849815,1.0625967895150183,0.0070511747057748686
1.109,-0.1483,-1.28,-0.1274,-0.9927,-0.2856,-1.073,0.0,0.0,2.11,1.831,0.2708,0.0,-0.1521,1.917,-0.4956,-0.509,0.010574,0.2542,-2.4299,-0.5645,1.132,1.48,-2.205,-0.9517,-0.976,0.0,0.0,-0.9683,0.0,-0.3235,-0.05704,-0.557,-0.08234,1.0,0.5,0.5,1.1875,-0.259,-0.2256,0.0,1.0,0.0,0.0,0.0,-2.785,-1.2909000000000004,0.0275123678147792,-2.4574123678147792,0.0027911590080211433
1.552,-0.955,-1.28,-0.1274,13.01,-0.2856,-1.073,0.0,0.0,2.11,1.831,0.2017,0.0,-0.1516,2.906,-0.4998,-0.5127,-0.7983,0.2495,-1.7769,-0.5635,-2.428,1.132,1.48,-0.9517,-0.9766,0.0,0.0,-0.9683,0.0,-0.325,-0.3015,-0.3835,-0.05563,0.0,0.5,0.0,1.963,-0.962,-0.7295,0.0,2.0,0.0,0.0,0.0,-2.04,-0.503196,-0.0082007460296154,-1.7686992539703843,-0.0008319744162753863
1.567,-1.283,-1.28,-0.1274,0.535,-0.2856,-1.073,0.0,0.0,2.11,1.831,0.1729,0.0,-0.1512,1.177,-0.502,-0.515,-1.002,0.2362,-0.7839,-0.564,-1.776,-2.428,1.132,-0.952,-0.977,0.0,0.0,-0.9683,0.0,-0.3257,-0.2202,-0.4417,-0.0512,0.0,0.0,0.0,2.229,-1.149,-0.885,0.0,3.0,0.0,0.0,0.0,-1.986,0.19656,0.0014975513331592,-0.7853975513331592,0.0001519281772351123
1.566,-1.6,-1.28,-0.1274,0.4143,-0.2856,-1.073,0.0,0.0,2.11,1.831,0.144,0.0,-0.1508,-0.2107,-0.504,-0.518,-1.286,0.2292,-0.8036,-0.562,-0.7837,-1.776,-2.428,-0.953,-0.977,0.0,0.0,-0.9688,0.0,-0.3262,-0.2698,-0.4067,-0.02449,-1.0,0.0,0.0,2.424,-1.398,-0.9756,0.0,4.0,0.0,0.0,0.0,-0.974,0.618776,-0.0034976578317582,-0.8001023421682417,-0.0003548411110890766
1.311,-1.095,-1.28,-0.1274,-0.2219,-0.2856,-1.073,0.0,0.0,2.11,1.831,0.1786,0.0,-0.1503,0.361,-0.505,-0.5205,-0.761,0.2224,0.9894,-0.562,-0.803,-0.7837,-1.776,-0.953,-0.9775,1.0,-1.0,-0.9688,0.0,-0.3254,-0.3481,-0.3503,0.01021,-1.0,0.0,0.0,1.822,-0.769,-0.658,1.0,0.0,0.0,0.0,0.0,0.4165,-0.7482268000000001,0.009276183322072,0.980123816677928,0.0009410786746442219
1.384,-1.457,-1.28,-0.1274,0.5156,-0.2856,-1.073,0.0,0.0,2.11,1.831,0.144,0.0,-0.1499,0.411,-0.506,-0.523,-1.139,0.2169,-0.9594,-0.5605,0.989,-0.803,-0.7837,-0.9536,-0.9775,0.0,0.0,-0.9688,0.0,-0.3262,-0.3796,-0.3284,-0.01971,-1.0,-0.5,0.0,2.201,-1.029,-0.8286,0.0,1.0,0.0,0.0,0.0,-0.78,-0.073128,0.0196675322949886,-0.9790675322949888,0.0019952920919156718
1.382,-1.514,-1.28,-0.1274,0.1771,-0.2856,-1.073,0.0,0.0,2.11,1.831,0.1324,0.0,-0.1494,0.00945,-0.507,-0.525,-1.231,0.2123,-0.3297,-0.5586,-0.959,0.989,-0.803,-0.9546,-0.9775,0.0,0.0,-0.9688,0.0,-0.3264,-0.4302,-0.2922,-0.004852,-1.0,-1.0,-0.5,2.174,-1.068,-0.817,0.0,2.0,0.0,0.0,0.0,-0.198,0.1064199999999999,0.0126998908817768,-0.3423998908817768,0.0012884174518964927
1.302,-1.317,-1.28,-0.1274,-0.01336,-0.2856,-1.073,0.0,0.0,2.11,1.831,0.144,0.0,-0.1489,-0.003496,-0.507,-0.527,-1.055,0.21,0.3334,-0.5576,-0.3296,-0.959,0.989,-0.9546,-0.978,0.0,0.0,-0.969,0.0,-0.3262,-0.2788,-0.4004,0.003605,0.0,-0.5,0.0,1.782,-0.8784,-0.68,1.0,0.0,0.0,0.0,0.0,0.1486,0.77475656,-0.0108186639845371,0.3442186639845371,-0.001097564980174971
1.054,-0.7803,-1.28,-0.1274,-0.3308,-0.4285,-1.073,0.0,0.0,2.11,1.831,0.1786,0.0,-0.1486,0.763,-0.507,-0.5283,-0.5415,0.2048,0.9894,-0.557,0.333,-0.3296,-0.959,-0.9546,-0.978,1.0,-1.0,-0.969,0.0,-0.3252,-0.4502,-0.2776,0.01268,1.0,-0.5,0.0,1.1875,-0.3906,-0.4514,2.0,0.0,0.0,0.0,0.0,0.517,0.1036,0.0117891766130924,0.9776108233869076,0.0011960245196747028
0.9966,-0.837,-1.28,-0.1274,0.2197,-0.5713,-1.073,0.0,0.0,2.11,1.831,0.1613,0.0,-0.1481,0.3857,-0.507,-0.5293,-0.697,0.1993,-0.4796,-0.5566,0.989,0.333,-0.3296,-0.955,-0.978,0.0,0.0,-0.969,0.0,-0.3257,-0.8047,-0.02478,-0.006947,0.0,-1.0,-0.5,1.344,-0.517,-0.537,0.0,1.0,0.0,0.0,0.0,-0.275,0.9337359999999998,-0.0339547805488109,-0.445645219451189,-0.0034447486393113726
0.8984,-0.01595,-1.28,-0.1274,-1.027,-0.5713,-1.073,1.0,0.0,2.11,1.831,0.2131,0.0,-0.1476,0.3142,-0.506,-0.53,0.0834,0.1917,1.4611,-0.557,-0.4795,0.989,0.333,-0.9546,-0.9785,1.0,-1.0,-0.969,0.0,-0.3245,-0.6177,-0.1576,0.0109,1.0,-0.5,-0.5,0.599,0.09937,-0.2122,1.0,0.0,0.0,0.0,0.0,0.438,-0.0437588,-0.0318742953240871,1.4929742953240872,-0.0032336811981104985
0.845,-0.388,-1.28,-0.1274,-5.95,-0.7144,-1.073,0.0,0.0,2.11,1.831,0.1786,0.0,-0.1472,-0.0408,-0.5044,-0.5303,-0.2722,0.1841,-0.9315,-0.5566,1.461,-0.4795,0.989,-0.9546,-0.9785,0.0,0.0,-0.969,0.0,-0.3252,-0.4495,-0.278,-0.01775,1.0,-0.5,-0.5,0.9536,-0.3098,-0.4,0.0,1.0,0.0,0.0,0.0,-0.682,-0.0656199999999999,-0.0376589186489582,-0.8938410813510418,-0.003820537393474022
0.7285,-0.319,-1.28,-0.1274,-0.1069,-0.857,-1.073,0.0,0.0,2.11,1.831,0.1729,0.0,-0.1467,0.3691,-0.5034,-0.5303,-0.281,0.179,-0.1598,-0.556,-0.931,1.461,-0.4795,-0.9546,-0.9785,0.0,0.0,-0.969,0.0,-0.3252,-0.754,-0.0609,-0.00522,0.0,-0.5,-1.0,0.9175,-0.3848,-0.4106,0.0,2.0,0.0,0.0,0.0,-0.2065,0.2834,0.008718442171812,-0.168518442171812,0.0008844952411072504
1.006,-1.224,-1.28,-0.1274,4.2,-1.0,-1.073,0.0,0.0,2.11,1.831,0.0864,0.0,-0.1462,1.812,-0.501,-0.5293,-1.1455,0.1559,-2.4099,-0.554,-0.1598,-0.931,1.461,-0.9546,-0.9785,0.0,0.0,-0.969,0.0,-0.3271,-1.227,0.2756,-0.2212,-1.0,-0.5,-1.5,1.952,-1.454,-0.8354,0.0,3.0,0.0,0.0,0.0,-6.73,0.905868,-0.0112561751157045,-2.3986438248842954,-0.001141950950262628
0.822,-0.314,-1.28,-0.1274,-0.718,-1.0,-1.073,0.0,0.0,2.11,1.831,0.144,0.0,-0.1459,2.068,-0.4993,-0.5273,-0.1794,0.1425,1.7381,-0.554,-2.41,-0.1598,-0.931,-0.9546,-0.979,1.0,-1.0,-0.9697,0.0,-0.3257,-0.6377,-0.144,0.04272,0.0,-0.5,-1.0,1.038,-0.5693,-0.4795,1.0,0.0,0.0,0.0,0.0,1.837,0.6635759999999999,0.0196112357079982,1.7184887642920017,0.0019895807432248947
0.556,0.1857,-1.28,-0.1274,-2.162,-0.857,-1.073,1.0,0.0,2.11,1.831,0.1786,0.0,-0.1454,-0.0408,-0.4985,-0.5264,0.319,0.1407,0.9894,-0.5566,1.737,-2.41,-0.1598,-0.9546,-0.979,1.0,-1.0,-0.9697,0.0,-0.3247,-0.2006,-0.4558,0.03137,0.0,0.0,-0.5,0.5693,-0.08203,-0.2524,2.0,0.0,1.0,0.0,9.375,1.279,-2.01126,0.0036785057745873,0.9857214942254126,0.00037318832744311125
0.8667,-1.007,-1.28,-0.1274,-4.637,-0.857,-1.073,0.0,0.0,2.11,1.831,0.0864,0.0,-0.1449,2.467,-0.4976,-0.5254,-0.8657,0.1343,-2.4299,-0.5586,0.989,1.737,-2.41,-0.955,-0.979,0.0,0.0,-0.97,0.0,-0.327,-0.445,-0.2822,-0.06168,0.0,0.0,-0.5,1.802,-1.102,-0.766,0.0,1.0,0.0,1.0,-7.91,-2.441,-1.2627199999999998,-0.00031992275035,-2.42958007724965,-3.2456503653990146e-05
1.541,-2.307,-1.28,-0.1274,1.8125,-0.857,-1.073,0.0,0.0,2.11,1.831,-0.0288,0.0,-0.1444,2.906,-0.4941,-0.5225,-2.062,0.1014,-2.4299,-0.5547,-2.428,0.989,1.737,-0.955,-0.979,0.0,0.0,-0.97,0.0,-0.3293,-0.698,-0.1027,-0.2725,0.0,-0.5,-0.5,2.836,-2.066,-1.229,0.0,2.0,0.0,1.0,-7.91,-6.73,0.955968,0.0044352184049785,-2.4343352184049785,0.0004499576294900686
1.58,-1.822,-1.28,-0.1274,-0.1537,-0.857,-1.073,0.0,0.0,2.11,1.831,0.00576,0.0,-0.144,2.537,-0.4915,-0.5205,-1.453,0.09247,1.1701,-0.5547,-2.428,-2.428,0.989,-0.955,-0.9795,1.0,-1.0,-0.97,0.0,-0.3286,-0.698,-0.10236,0.02408,1.0,-0.5,-0.5,2.738,-1.697,-0.9526,1.0,0.0,0.0,0.0,0.0,1.162,-0.297516,-0.0086095072329044,1.1787095072329044,-0.0008734436755689019
1.638,-1.773,-1.28,-0.1274,0.10364,-0.857,-1.073,0.0,0.0,2.11,1.831,0.0,0.0,-0.1436,1.132,-0.4895,-0.5186,-1.4795,0.08826,-0.188,-0.558,1.17,-2.428,-2.428,-0.955,-0.9795,0.0,0.0,-0.97,0.0,-0.3286,-0.622,-0.1567,-0.001158,0.0,-0.5,-0.5,2.625,-1.582,-0.981,0.0,1.0,0.0,0.0,0.0,-0.05392,-1.0171120000000002,-0.0384999178349971,-0.1495000821650028,-0.0039058576563337664
2.03,-2.307,-1.28,-0.1274,0.6494,-0.857,-1.073,0.0,0.0,2.11,1.831,-0.0691,0.0,-0.1431,0.8013,-0.4878,-0.5176,-2.123,0.07697,-2.2709,-0.5557,-0.1881,1.17,-2.428,-0.955,-0.9795,0.0,0.0,-0.97,0.0,-0.3303,-0.7676,-0.05356,-0.04993,-1.0,-1.0,-0.5,2.836,-2.066,-1.211,0.0,2.0,0.0,1.0,-7.91,-2.34,-0.1985139999999998,0.0151750091463327,-2.2860750091463324,0.0015395208351655166
2.158,-2.307,-1.28,-0.1274,0.1211,-0.857,-1.073,0.0,0.0,2.11,1.831,-0.0806,0.0,-0.1427,1.347,-0.4868,-0.5166,-2.123,0.0681,-0.4074,-0.5522,-2.27,-0.1881,1.17,-0.955,-0.98,0.0,0.0,-0.97,0.0,-0.3306,-0.8447,0.001221,-0.00641,-1.0,-1.0,-1.0,2.836,-2.066,-1.086,0.0,3.0,0.0,0.0,0.0,-0.323,0.7117200000000001,0.0079737827181816,-0.4153737827181816,0.0008089487466760413
1.96,-1.923,-1.28,-0.1274,-0.1417,-0.857,-1.073,0.0,0.0,2.11,1.831,-0.05185,0.0,-0.1422,0.2607,-0.4863,-0.5156,-1.844,0.05826,1.0321,-0.551,-0.4075,-2.27,-0.1881,-0.955,-0.98,0.0,0.0,-0.97,0.0,-0.3298,-0.8706,0.02016,0.0171,0.0,-0.5,-1.0,2.836,-1.543,-0.837,1.0,0.0,0.0,0.0,0.0,0.874,0.4182040000000001,-0.009775505401194,1.041875505401194,-0.000991735431213773
1.877,-1.556,-1.28,-0.1274,-0.08,-0.857,-1.073,0.0,0.0,2.11,1.831,-0.0403,0.0,-0.1417,0.2421,-0.4863,-0.5146,-1.555,0.04956,0.4001,-0.5493,1.031,-0.4075,-2.27,-0.955,-0.98,0.0,0.0,-0.97,0.0,-0.3293,-0.78,-0.04462,0.00737,0.0,0.0,-0.5,2.402,-1.229,-0.711,2.0,0.0,0.0,0.0,0.0,0.3645,-0.27216,-0.0132491253316402,0.4133491253316402,-0.0013441378716208998
1.9,-1.469,-1.28,-0.1274,0.0703,-1.0,-1.073,0.0,0.0,2.11,1.831,-0.05185,0.0,-0.1414,0.763,-0.4873,-0.514,-1.675,0.04562,-0.3947,-0.5483,0.3997,1.031,-0.4075,-0.955,-0.98,0.0,0.0,-0.97,0.0,-0.3296,-1.056,0.1522,-0.002296,0.0,-0.5,-1.0,2.39,-1.277,-0.6987,0.0,1.0,0.0,0.0,0.0,-0.1122,0.04678,-0.0063226600177586,-0.3883773399822414,-0.0006414405907201509
1.777,-1.063,-1.249,-0.1287,-0.1785,-1.0,-1.073,0.0,0.0,2.025,1.766,-0.0403,0.0,-0.1409,-0.2542,-0.4885,-0.5137,-1.408,0.03894,0.4001,-0.548,-0.3948,0.3997,1.031,-0.955,-0.98,0.0,0.0,-0.97,0.0,-0.3293,-0.9204,0.05573,0.001552,1.0,-0.5,-0.5,2.057,-0.9165,-0.5947,1.0,0.0,0.0,0.0,0.0,0.0768,-0.0867788,-3.949779784306884e-05,0.4001394977978431,-4.007093645624279e-06
1.657,-0.4941,-1.19,-0.1299,-0.486,-1.0,-1.073,0.0,0.0,1.884,1.638,-0.01727,0.0,-0.1404,0.2062,-0.4905,-0.513,-0.892,0.02736,0.7901,-0.548,0.3997,-0.3948,0.3997,-0.955,-0.98,0.0,0.0,-0.97,0.0,-0.3289,-0.791,-0.0365,0.003603,2.0,0.0,0.0,1.469,-0.5576,-0.4553,2.0,0.0,0.0,0.0,0.0,0.176,1.8306236,0.002121431287378,0.787978568712622,0.00021522146285359684
1.39,1.157,-0.936,-0.1298,-4.14,-0.857,-1.073,1.0,0.0,1.357,1.14,0.0864,0.0,-0.14,2.906,-0.4907,-0.5127,0.987,0.00979,2.7441000000000004,-0.5483,0.7896,0.3997,-0.3948,-0.955,-0.98,1.0,-1.0,-0.97,0.0,-0.3262,-0.0945,-0.532,0.0797,2.0,0.5,0.5,0.0687,0.939,0.02803,3.0,0.0,0.0,0.0,0.0,3.8,0.621848,-0.0108521804213523,2.754952180421353,-0.0011009652583757904
2.459,-1.441,-1.367,-0.1311,-2.11,-0.857,-1.073,0.0,0.0,2.37,2.008,-0.09216,0.0,-0.1395,1.906,-0.4878,-0.511,-1.231,-0.02937,-2.4299,-0.548,2.744,0.7896,0.3997,-0.955,-0.98,0.0,0.0,-0.97,0.0,-0.33,-0.7964,-0.03348,-0.644,1.0,0.0,0.0,2.836,-1.307,-0.7246,0.0,1.0,0.0,1.0,-7.91,-6.73,-0.7895599999999999,0.0058639640919864,-2.4357639640919864,0.0005949054006637749
2.402,-1.238,-1.378,-0.1328,-0.02614,-1.0,-1.073,0.0,0.0,2.393,2.041,-0.0979,0.0,-0.139,0.8687,-0.4854,-0.51,-1.03,-0.04865,-0.2089,-0.548,-2.428,2.744,0.7896,-0.955,-0.98,0.0,0.0,-0.97,0.0,-0.3303,-0.9497,0.076,-0.003109,1.0,0.0,-0.5,2.744,-1.365,-0.689,0.0,2.0,0.0,0.0,0.0,-0.1608,-0.561308,-0.0161856785416603,-0.1927143214583397,-0.0016420543214103664
2.186,-1.3955,-1.432,-0.134,0.278,-1.0,-1.073,0.0,0.0,2.52,2.205,-0.121,0.0,-0.1387,-0.1604,-0.4834,-0.508,-1.162,-0.0648,-0.8419,-0.5493,-0.209,-2.428,2.744,-0.955,-0.98,0.0,0.0,-0.97,0.0,-0.3306,-0.8057,-0.02692,-0.0337,0.0,0.0,-0.5,2.805,-1.743,-0.7446,0.0,3.0,0.0,0.0,0.0,-1.755,-0.3206679999999999,-0.009642120450735,-0.8322578795492649,-0.0009782033859709021
1.73,-1.384,-1.442,-0.1345,0.1245,-1.0,-1.073,0.0,0.0,2.512,2.275,-0.1267,0.0,-0.1382,-0.1528,-0.4805,-0.507,-1.075,-0.07635,-0.2161,-0.551,-0.8413,-0.209,-2.428,-0.955,-0.98,0.0,0.0,-0.97,0.0,-0.3308,-0.5005,-0.2449,-0.001448,-1.0,0.0,-0.5,2.656,-1.684,-0.7207,0.0,4.0,0.0,0.0,0.0,-0.07745,-0.0095816,-0.0548207648098468,-0.1612792351901531,-0.005561624959208929
1.492,-0.96,-1.397,-0.1351,-0.2145,-1.0,-1.073,0.0,0.0,2.371,2.168,-0.10944,0.0,-0.1377,0.897,-0.4785,-0.5063,-0.6987,-0.0813,0.6531,-0.553,-0.2161,-0.8413,-0.209,-0.955,-0.98,0.0,0.0,-0.97,0.0,-0.3303,-0.5884,-0.1819,0.006138,-1.0,0.0,-0.5,2.182,-1.161,-0.601,1.0,0.0,0.0,0.0,0.0,0.3303,0.0338639999999999,-0.0547139085829257,0.7078139085829258,-0.005550784281214875
1.367,-0.648,-1.366,-0.1356,-0.2461,-1.0,-1.073,0.0,0.0,2.281,2.096,-0.0979,0.0,-0.1372,-0.1888,-0.478,-0.506,-0.4634,-0.0835,0.4266,-0.5537,0.6523,-0.2161,-0.8413,-0.955,-0.98,0.0,0.0,-0.97,0.0,-0.33,-0.51,-0.238,0.00474,0.0,0.0,0.0,1.737,-0.9326,-0.499,2.0,0.0,0.0,0.0,0.0,0.2502,-0.322884,0.00979595631361,0.4168040436863899,0.0009938101980530526
1.257,-0.799,-1.392,-0.1356,0.4182,-1.0,-1.073,0.0,0.0,2.338,2.174,-0.10944,0.0,-0.1368,0.361,-0.4783,-0.506,-0.6323,-0.08527,-0.4209,-0.5566,0.4263,0.6523,-0.2161,-0.955,-0.98,0.0,0.0,-0.97,0.0,-0.3303,-0.287,-0.397,-0.001572,0.0,0.0,0.0,1.815,-0.994,-0.531,0.0,1.0,0.0,0.0,0.0,-0.08185,-0.5689839999999999,0.0630870759487152,-0.4839870759487152,0.006400251025627094
1.248,-1.138,-1.445,-0.1359,0.637,-1.0,-1.073,0.0,0.0,2.482,2.322,-0.1324,0.0,-0.1364,0.4053,-0.4792,-0.507,-0.96,-0.0896,-0.8529,-0.562,-0.4207,0.4263,0.6523,-0.955,-0.98,0.0,0.0,-0.97,0.0,-0.3308,-0.336,-0.3623,-0.0184,0.0,-0.5,0.0,2.082,-1.259,-0.6914,0.0,2.0,0.0,0.0,0.0,-0.971,-0.8299748000000001,-0.0007195067009888,-0.8521804932990111,-7.299472089485736e-05
1.462,-1.608,-1.526,-0.1364,0.6094,-1.0,-1.073,0.0,0.0,2.691,2.549,-0.167,0.0,-0.1359,1.625,-0.481,-0.508,-1.492,-0.0939,-1.3139,-0.5635,-0.8525,-0.4207,0.4263,-0.955,-0.98,0.0,0.0,-0.97,0.0,-0.3315,-0.6245,-0.1567,-0.014755,0.0,-1.0,-0.5,2.613,-1.661,-0.909,0.0,3.0,0.0,0.0,0.0,-0.8,0.1972668,-0.0073489365167915,-1.3065510634832085,-0.0007455574342532371
1.416,-1.464,-1.523,-0.137,0.03226,-1.0,-1.073,0.0,0.0,2.691,2.541,-0.167,0.0,-0.1355,-0.0982,-0.4832,-0.5083,-1.43,-0.0978,0.0001,-0.5625,-1.313,-0.8525,-0.4207,-0.955,-0.98,0.0,0.0,-0.97,0.0,-0.3315,-0.6924,-0.1085,0.0,-1.0,-1.5,-1.0,2.402,-1.481,-0.8154,0.0,0.0,0.0,0.0,0.0,0.0,0.6133851999999999,0.0377502590417861,-0.0376502590417861,0.003829803973579164
1.353,-1.042,-1.478,-0.1375,-0.1926,-1.0,-1.073,0.0,0.0,2.58,2.408,-0.1498,0.0,-0.135,1.002,-0.4866,-0.5093,-1.079,-0.10065,0.6856,-0.563,0.0,-1.313,-0.8525,-0.955,-0.98,1.0,-1.0,-0.97,0.0,-0.331,-0.551,-0.2094,0.00456,-1.0,-1.0,-0.5,1.93,-0.983,-0.633,1.0,0.0,0.0,0.0,0.0,0.2578,0.298748,-0.0177056454122066,0.7033056454122066,-0.0017962565787798697
1.353,-0.91,-1.475,-0.1381,-0.01341,-1.0,-1.073,0.0,0.0,2.572,2.398,-0.1498,0.0,-0.1345,-0.12244,-0.4915,-0.5107,-1.057,-0.10205,0.0001,-0.5635,0.685,0.0,-1.313,-0.955,-0.98,0.0,0.0,-0.97,0.0,-0.331,-0.617,-0.1619,0.0,-1.0,-1.0,-1.0,1.761,-0.8955,-0.586,0.0,0.0,0.0,0.0,0.0,0.0,-0.1738899999999999,-0.0075443019159138,0.0076443019159138,-0.0007653774620053716
1.373,-0.8447,-1.485,-0.1387,0.0491,-1.0,-1.073,0.0,0.0,2.605,2.43,-0.1555,0.0,-0.1342,0.4517,-0.4976,-0.512,-1.127,-0.10394,-0.2235,-0.5625,0.0,0.685,0.0,-0.955,-0.98,0.0,0.0,-0.97,0.0,-0.331,-0.781,-0.04507,-0.000648,-1.0,-1.0,-1.5,1.558,-1.078,-0.585,0.0,1.0,0.0,0.0,0.0,-0.03586,0.0770919999999999,0.0114770047366619,-0.2349770047366619,0.001164354350432425
1.049,-0.739,-1.511,-0.1403,-0.0149,-1.143,-1.073,0.0,0.0,2.652,2.531,-0.167,0.0,-0.1337,-0.0982,-0.504,-0.5137,-1.081,-0.11896,-0.4503,-0.562,-0.2235,0.0,0.685,-0.955,-0.98,0.0,0.0,-0.97,0.0,-0.3313,-1.473,0.6025,-0.002665,-1.0,-1.0,-2.0,1.319,-1.518,-0.623,0.0,2.0,0.0,0.0,0.0,-0.1486,-0.9960520000000004,-0.0251819603145122,-0.4251180396854878,-0.002554736685866954
0.513,-1.348,-1.562,-0.1407,1.123,-1.143,-1.073,0.0,0.0,2.691,2.582,-0.2074,0.0,-0.1332,1.775,-0.5054,-0.5146,-1.561,-0.1339,-1.5999,-0.5605,-0.4502,-0.2235,0.0,-0.955,-0.98,0.0,0.0,-0.97,0.0,-0.3323,-1.302,0.3262,-0.01357,-1.0,-1.5,-2.0,2.008,-2.066,-0.824,0.0,3.0,0.0,0.0,0.0,-0.767,-0.4584228,-0.0097162630409002,-1.5901837369591,-0.0009857252306849165
0.4019,-1.109,-1.562,-0.1412,-0.06744,-1.143,-1.073,0.0,0.0,2.691,2.582,-0.2017,0.0,-0.1328,-0.0469,-0.505,-0.516,-1.299,-0.1432,0.2405999999999999,-0.56,-1.599,-0.4502,-0.2235,-0.955,-0.98,0.0,0.0,-0.97,0.0,-0.332,-1.182,0.2402,0.002375,-1.0,-1.5,-1.5,1.687,-1.808,-0.7153,1.0,0.0,0.0,0.0,0.0,0.1414,-0.4137079999999999,0.0592390336096286,0.1813609663903713,0.006009863033205058
0.5293,0.921,-1.313,-0.1409,-1.977,-1.0,-1.073,1.0,0.0,2.08,2.027,-0.09216,0.0,-0.1323,2.906,-0.504,-0.518,0.853,-0.1498,2.7441000000000004,-0.5605,0.2404,-1.599,-0.4502,-0.955,-0.98,1.0,-1.0,-0.97,0.0,-0.3293,0.1186,-0.6865,0.06143,0.0,-1.0,-1.0,-0.05212,0.3928,0.05157,2.0,0.0,0.0,0.0,0.0,3.629,0.3135919999999998,0.0060136928223073,2.738086307177693,0.0006100955397753293
0.599,0.9717,-1.296,-0.1404,0.1874,-0.857,-1.073,1.0,0.0,2.043,1.979,-0.0864,0.0,-0.1318,0.8413,-0.5034,-0.521,0.776,-0.1405,0.2090999999999999,-0.5615,2.744,0.2404,-1.599,-0.955,-0.98,0.0,0.0,-0.97,0.0,-0.3293,0.2039,-0.747,0.00457,1.0,-0.5,-0.5,-0.1261,0.421,0.11456,3.0,0.0,0.0,0.0,0.0,0.2363,1.2627799999999998,-0.0004340526065789,0.2095340526065789,-4.403509908576282e-05
0.516,1.537,-1.207,-0.1399,0.7065,-0.7144,-1.073,1.0,0.0,1.829,1.7705,-0.05185,0.0,-0.1315,0.763,-0.5034,-0.5244,1.384,-0.139,1.2461,-0.5625,0.209,2.744,0.2404,-0.955,-0.98,1.0,-1.0,-0.97,0.0,-0.3284,0.308,-0.8213,0.00804,2.0,0.0,-0.5,-0.5273,0.9043,0.3943,4.0,0.0,0.0,0.0,0.0,0.4136,-1.4384211999999998,0.0271326079964637,1.2189673920035362,0.0027526319701118005
0.9575,-0.0272,-1.42,-0.14,-0.8994,-0.5713,-1.073,1.0,0.0,2.389,2.275,-0.1382,0.0,-0.131,2.906,-0.5044,-0.5283,-0.2732,-0.1353,-2.4299,-0.5703,1.246,0.209,2.744,-0.955,-0.98,0.0,0.0,-0.97,0.0,-0.3303,-0.3215,-0.3728,-0.1771,2.0,0.0,-1.0,0.9644,-0.2927,-0.1978,0.0,1.0,0.0,0.0,0.0,-6.73,-0.4290744,-0.0122303552925586,-2.4176696447074413,-0.0012407825664422177
1.134,-0.696,-1.518,-0.1403,-13.07,-0.5713,-1.073,0.0,0.0,2.682,2.547,-0.1786,0.0,-0.1305,1.084,-0.5054,-0.5303,-0.982,-0.137,-1.5439,-0.5703,-2.428,1.246,0.209,-0.955,-0.98,0.0,0.0,-0.97,0.0,-0.3313,-0.4568,-0.2766,-0.009514,1.0,-0.5,-1.0,1.645,-0.8794,-0.6167,0.0,2.0,0.0,0.0,0.0,-0.5195,0.2975559999999999,-0.022154401987791,-1.521745598012209,-0.0022475876700923875
1.187,-0.4324,-1.485,-0.1403,-0.3247,-0.5713,-1.073,0.0,0.0,2.59,2.443,-0.167,0.0,-0.13,1.624,-0.506,-0.5312,-0.6406,-0.1443,0.4637,-0.5703,-1.543,-2.428,1.246,-0.955,-0.98,1.0,-1.0,-0.97,0.0,-0.3308,-0.2808,-0.402,0.01183,1.0,0.0,-0.5,1.288,-0.6143,-0.4456,1.0,0.0,0.0,0.0,0.0,0.6787,0.5408028000000001,-0.0237378925085067,0.4874378925085068,-0.0024082344694070393
1.147,-0.2294,-1.452,-0.1399,-0.4844,-0.5713,-1.073,0.0,0.0,2.494,2.352,-0.1555,0.0,-0.1296,1.584,-0.507,-0.532,-0.4275,-0.1443,0.4569,-0.5703,0.4634,-1.543,-2.428,-0.955,-0.98,1.0,-1.0,-0.97,0.0,-0.3306,-0.02864,-0.582,0.006245,1.0,0.5,0.0,1.035,-0.3123,-0.29,2.0,0.0,0.0,0.0,0.0,0.353,-0.3379000000000001,-0.0033450690098106,0.4602450690098106,-0.00033936081263677133
1.232,-0.4475,-1.478,-0.1396,1.708,-0.5713,-1.073,0.0,0.0,2.572,2.418,-0.167,0.0,-0.1292,0.476,-0.508,-0.5327,-0.6396,-0.1444,-0.4503,-0.5703,0.4568,0.4634,-1.543,-0.955,-0.98,0.0,0.0,-0.97,0.0,-0.3308,-0.0945,-0.535,-0.001306,0.0,0.5,0.0,1.167,-0.4578,-0.4,0.0,1.0,0.0,0.0,0.0,-0.07275,0.223088,-0.0611086376011371,-0.3891913623988629,-0.006199536348764906
1.083,-0.1203,-1.43,-0.1395,-0.8213,-0.5713,-1.073,0.0,0.0,2.428,2.293,-0.1498,0.0,-0.1287,-0.12244,-0.51,-0.533,-0.3235,-0.1442,0.6856,-0.5703,-0.4502,0.4568,0.4634,-0.955,-0.98,1.0,-1.0,-0.97,0.0,-0.3303,-0.0945,-0.5347,0.003244,1.0,1.0,0.0,0.8438,-0.0665,-0.1753,1.0,0.0,0.0,0.0,0.0,0.1835,0.222824,-0.0153870861977338,0.7009870861977339,-0.0015610362778347136
1.131,-0.01901,-1.412,-0.1393,-2.645,-0.4285,-1.073,1.0,0.0,2.383,2.238,-0.144,0.0,-0.1283,0.7075,-0.51,-0.5337,-0.2133,-0.1444,0.2236999999999999,-0.5703,0.685,-0.4502,0.4568,-0.955,-0.98,0.0,0.0,-0.97,0.0,-0.3303,-0.063,-0.557,0.001183,2.0,1.0,0.5,0.7163,0.06097,-0.07764,2.0,0.0,0.0,0.0,0.0,0.0655,0.433836,-0.0098679102957248,0.2335679102957248,-0.0010011100061500797
1.138,0.1675,-1.38,-0.1389,3.33,-0.2856,-1.073,1.0,0.0,2.297,2.15,-0.1324,0.0,-0.1278,0.4053,-0.51,-0.5347,-0.02875,-0.1428,0.4443999999999999,-0.5703,0.2235,0.685,-0.4502,-0.955,-0.98,1.0,-1.0,-0.97,0.0,-0.3298,0.0297,-0.6235,0.006336,2.0,1.0,1.0,0.5103,0.263,0.08417,3.0,0.0,0.0,0.0,0.0,0.3484,0.1226799999999999,-0.006531027611345,0.450931027611345,-0.0006625797049444799
1.438,-0.4856,-1.465,-0.1388,-2.672,-0.2856,-1.073,0.0,0.0,2.553,2.365,-0.167,0.0,-0.1273,1.337,-0.51,-0.535,-0.615,-0.1458,-1.3139,-0.5703,0.444,0.2235,0.685,-0.955,-0.98,0.0,0.0,-0.97,0.0,-0.3306,-0.0945,-0.535,-0.0285,1.0,0.5,1.0,1.065,-0.2969,-0.3328,0.0,1.0,0.0,1.0,-7.895,-1.545,0.151908,-0.0173884741961956,-1.2965115258038045,-0.0017640792212142088
1.306,-0.3367,-1.434,-0.1383,-0.26,-0.2856,-1.073,0.0,0.0,2.453,2.285,-0.1555,0.0,-0.127,0.4517,-0.51,-0.535,-0.4336,-0.144,0.4569,-0.5703,-1.313,0.444,0.2235,-0.955,-0.98,1.0,-1.0,-0.97,0.0,-0.3303,0.189,-0.7373,0.002293,2.0,0.5,1.5,0.828,-0.03802,-0.1942,1.0,0.0,0.0,0.0,0.0,0.1296,0.7930079999999999,-0.0131101682782173,0.4700101682782173,-0.0013300405305995628
1.292,0.003298,-1.372,-0.1377,-1.289,-0.1428,-1.073,1.0,0.0,2.29,2.117,-0.1324,0.0,-0.1265,0.6807,-0.51,-0.535,-0.06494,-0.1409,0.9011,-0.5703,0.4568,-1.313,0.444,-0.955,-0.98,1.0,-1.0,-0.97,0.0,-0.3298,0.2678,-0.7935,0.006386,2.0,1.0,1.5,0.2615,0.1769,0.078,2.0,0.0,0.0,0.0,0.0,0.356,0.815852,-0.0146407447755336,0.9157407447755336,-0.001485319145901258
0.924,0.6577,-1.282,-0.1376,8.4,-0.1428,-1.073,1.0,0.0,2.035,1.917,-0.0979,0.0,-0.126,1.397,-0.51,-0.535,0.5186,-0.1382,1.3141,-0.5703,0.9004,0.4568,-1.313,-0.955,-0.98,1.0,-1.0,-0.97,0.0,-0.3289,-0.1313,-0.508,0.02586,2.0,1.5,1.5,-0.1954,0.7393,0.4614,3.0,0.0,0.0,0.0,0.0,1.401,0.5229879999999999,-0.0003585744998417,1.3144585744998418,-3.637776479355596e-05
0.807,0.873,-1.251,-0.1375,0.445,-0.1428,-1.073,1.0,0.0,1.953,1.85,-0.0864,0.0,-0.1256,-0.2028,-0.51,-0.535,0.8086,-0.1422,0.4211,-0.5703,1.313,0.9004,0.4568,-0.955,-0.98,0.0,0.0,-0.97,0.0,-0.3286,-0.0945,-0.534,0.003498,2.0,1.5,1.5,-0.3494,0.8,0.528,4.0,0.0,0.0,0.0,0.0,0.1821,0.1487059999999999,-0.0048470911569893,0.4259470911569893,-0.0004917425587143665
0.7354,1.122,-1.22,-0.1376,0.4119,-0.1428,-1.073,1.0,0.0,1.875,1.782,-0.0749,0.0,-0.1251,0.2993,-0.51,-0.535,1.053,-0.1437,0.4155999999999999,-0.5693,0.4207,1.313,0.9004,-0.955,-0.98,0.0,0.0,-0.97,0.0,-0.3284,-0.2498,-0.4233,0.000854,3.0,1.5,1.5,-0.581,0.7466,0.5728,5.0,0.0,0.0,0.0,0.0,0.04388,-0.8386040000000001,-0.0086466409265995,0.4242466409265994,-0.000877210928331585
0.9053,0.2345,-1.335,-0.1373,-0.655,-0.1428,-1.073,1.0,0.0,2.164,2.05,-0.121,0.0,-0.12463,2.906,-0.51,-0.535,0.2915,-0.1486,-1.6409,-0.5693,0.4153,0.4207,1.313,-0.955,-0.98,0.0,0.0,-0.97,0.0,-0.3293,0.03857,-0.6294,-0.03818,2.0,1.5,1.5,0.1627,0.00904,0.04556,0.0,1.0,0.0,0.0,0.0,-1.9375,0.223896,-0.0451060347259044,-1.5957939652740956,-0.0045760552486395645
0.896,-0.04297,-1.362,-0.1368,-0.8057,0.0,-1.073,1.0,0.0,2.232,2.123,-0.1324,0.0,-0.1242,0.4053,-0.51,-0.535,0.05588,-0.1473,-0.4323,-0.5703,-1.64,0.4153,0.4207,-0.955,-0.98,0.0,0.0,-0.97,0.0,-0.3296,0.3008,-0.817,-0.004654,1.0,1.0,1.5,0.3425,-0.1733,-0.12384,0.0,2.0,0.0,0.0,0.0,-0.2488,0.3644040000000001,-0.0195221826434135,-0.4127778173565865,-0.00198054621500541
0.7754,0.10974,-1.33,-0.1365,4.39,0.1428,-1.073,1.0,0.0,2.14,2.049,-0.121,0.0,-0.1238,0.3828,-0.51,-0.535,0.129,-0.1399,0.4382999999999999,-0.5703,-0.4321,-1.64,0.4153,-0.955,-0.98,1.0,-1.0,-0.97,0.0,-0.3293,0.3008,-0.8164,0.001515,1.0,1.0,1.5,0.1515,0.02132,-0.0256,1.0,0.0,0.0,0.0,0.0,0.08215,-0.4485559999999999,0.0009114961721934,0.4373885038278065,9.247225716529326e-05
0.7524,-0.3333,-1.387,-0.1362,-2.344,0.1428,-1.073,0.0,0.0,2.283,2.2,-0.144,0.0,-0.1233,0.4282,-0.51,-0.535,-0.3286,-0.1381,-0.8646,-0.5703,0.438,-0.4321,-1.64,-0.955,-0.98,0.0,0.0,-0.97,0.0,-0.3298,-6.2e-06,-0.602,-0.002857,0.0,0.5,1.0,0.536,-0.3223,-0.301,0.0,1.0,0.0,0.0,0.0,-0.1528,1.0113199999999998,-0.0276729576289653,-0.8369270423710347,-0.0028074510156549316
0.7007,0.2301,-1.295,-0.1356,-2.256,0.2856,-1.073,1.0,0.0,2.049,1.967,-0.10944,0.0,-0.12286,0.897,-0.51,-0.535,0.269,-0.1361,1.3331,-0.5703,-0.8643,0.438,-0.4321,-0.955,-0.98,1.0,-1.0,-0.97,0.0,-0.3289,0.34,-0.8447,0.04034,0.0,1.0,1.5,0.00741,0.281,0.1942,1.0,0.0,0.0,0.0,0.0,2.217,0.6693279999999998,0.0067020854912698,1.32639791450873,0.0006799337089931109
0.6406,0.5684,-1.232,-0.135,1.294,0.4285,-1.073,1.0,0.0,1.897,1.82,-0.0864,0.0,-0.12244,-0.2028,-0.51,-0.535,0.5913,-0.131,0.8531,-0.5703,1.332,-0.8643,0.438,-0.955,-0.98,1.0,-1.0,-0.97,0.0,-0.3284,0.3743,-0.8687,0.01994,1.0,1.0,1.5,-0.2722,0.625,0.6216,2.0,0.0,0.0,0.0,0.0,1.053,-0.6398440000000001,0.0281931683421134,0.8249068316578865,0.0028602269463871618
0.7163,0.0016165,-1.304,-0.1346,-0.799,0.4285,-1.073,1.0,0.0,2.07,1.986,-0.1152,0.0,-0.12195,0.10223,-0.51,-0.535,0.03317,-0.129,-1.0379,-0.5703,0.8525,1.332,-0.8643,-0.955,-0.98,0.0,0.0,-0.97,0.0,-0.3289,0.1031,-0.676,-0.02237,1.0,0.5,1.0,0.2312,0.1844,0.1478,0.0,1.0,0.0,0.0,0.0,-1.149,0.141204,-0.0032782205380499,-1.03462177946195,-0.00033257896400115173
0.7163,-0.02109,-1.3,-0.1344,-0.1592,0.4285,-1.073,1.0,0.0,2.06,1.977,-0.1152,0.0,-0.1215,0.9116,-0.51,-0.535,0.01752,-0.1282,0.0001,-0.5703,-1.038,0.8525,1.332,-0.955,-0.98,0.0,0.0,-0.97,0.0,-0.3289,0.02853,-0.6226,0.0,0.0,0.0,0.5,0.174,0.10693,0.1125,0.0,0.0,0.0,0.0,0.0,0.0,1.1977680000000002,0.015883570536971,-0.015783570536971,0.001611405142671528
0.536,0.6875,-1.177,-0.1335,12.71,0.5713,-1.073,1.0,0.0,1.764,1.7,-0.0691,0.0,-0.12103,0.8013,-0.51,-0.535,0.69,-0.1197,1.7181,-0.5703,0.0,-1.038,0.8525,-0.955,-0.98,1.0,-1.0,-0.97,0.0,-0.3276,0.577,-1.014,0.01965,1.0,0.0,1.0,-0.4187,0.8296,0.755,1.0,0.0,0.0,0.0,0.0,1.044,-0.157708,-0.0192455984652042,1.7373455984652042,-0.001952486455638922
0.5366,0.2825,-1.218,-0.1328,-0.4297,0.7144,-1.073,1.0,0.0,1.855,1.794,-0.0864,0.0,-0.1206,-0.2026,-0.51,-0.535,0.295,-0.1151,-0.6112,-0.5703,1.717,0.0,-1.038,-0.955,-0.98,0.0,0.0,-0.97,0.0,-0.3281,0.3713,-0.8667,-0.01289,0.0,-0.5,0.5,-0.1211,0.506,0.423,0.0,1.0,0.0,0.0,0.0,-0.65,1.6929040000000004,-0.0407499782741069,-0.570450021725893,-0.0041341286835857236
0.5034,1.178,-1.065,-0.132,2.762,0.7144,-1.073,1.0,0.0,1.53,1.464,-0.0288,0.0,-0.1202,1.694,-0.51,-0.535,1.215,-0.10944,2.0761000000000003,-0.5703,-0.611,1.717,0.0,-0.955,-0.98,1.0,-1.0,-0.97,0.0,-0.3267,0.5366,-0.984,0.0348,0.0,0.0,0.5,-0.818,1.278,1.054,1.0,0.0,0.0,0.0,0.0,1.788,1.4607559999999995,0.0349890924990177,2.0411109075009826,0.0035496806879216276
0.3958,2.156,-0.883,-0.1309,1.011,0.7144,-1.073,1.0,0.0,1.185,1.126,0.0403,0.0,-0.1197,1.494,-0.51,-0.535,2.002,-0.1013,2.3401,-0.568,2.076,-0.611,1.717,-0.955,-0.98,1.0,-1.0,-0.97,0.0,-0.325,0.673,-1.08,0.0361,1.0,0.5,0.5,-1.444,2.078,1.113,2.0,0.0,0.0,0.0,0.0,1.742,0.315928,0.0026359646581113,2.3374640353418887,0.0002674214211530152
0.4226,2.156,-0.8203,-0.1298,0.2212,0.7144,-1.073,1.0,0.0,1.082,1.016,0.06335,0.0,-0.11926,0.5396,-0.509,-0.535,2.002,-0.09906,0.7271,-0.5635,2.34,2.076,-0.611,-0.955,-0.98,1.0,-1.0,-0.97,0.0,-0.3245,0.713,-1.108,0.002726,2.0,0.5,0.5,-1.454,2.111,1.113,3.0,0.0,0.0,0.0,0.0,0.12256,0.01304,-0.0063956067897379,0.7334956067897379,-0.0006488411184059837
0.5176,2.02,-0.847,-0.1288,-0.03067,0.7144,-1.073,1.0,0.0,1.134,1.054,0.05185,0.0,-0.11884,1.012,-0.5073,-0.535,2.002,-0.0931,-0.3554,-0.561,0.7266,2.34,2.076,-0.955,-0.98,0.0,0.0,-0.97,0.0,-0.3247,0.5884,-1.0205,-0.0035,1.0,0.5,0.0,-1.262,1.786,0.845,0.0,1.0,0.0,0.0,0.0,-0.1539,-0.3704879999999999,0.007330838125199,-0.3627308381251991,0.0007437213331562983
0.3562,1.326,-0.919,-0.1277,-0.2189,0.7144,-1.073,1.0,0.0,1.244,1.193,0.02304,0.0,-0.11835,0.1473,-0.507,-0.535,1.674,-0.08624,-0.8983,-0.5605,-0.3552,0.7266,2.34,-0.955,-0.98,0.0,0.0,-0.97,0.0,-0.3254,0.7163,-1.112,-0.007217,1.0,0.0,0.0,-0.7495,1.322,0.564,0.0,2.0,0.0,0.0,0.0,-0.321,0.1082799999999999,-0.0119943590834736,-0.8863056409165263,-0.0012168404997585716
0.3193,1.122,-0.9155,-0.1265,-0.02199,0.7144,-1.073,1.0,0.0,1.235,1.19,0.02304,0.0,-0.1179,-0.3171,-0.506,-0.534,1.5,-0.07715,0.0001,-0.5605,-0.898,-0.3552,0.7266,-0.955,-0.98,0.0,0.0,-0.97,0.0,-0.3254,0.8086,-1.178,0.0,0.0,-0.5,0.0,-0.6646,1.189,0.4973,0.0,0.0,0.0,0.0,0.0,0.0,-0.3130999999999999,0.0038020121864974,-0.0037020121864974,0.00038571818443223105
0.3118,0.8477,-0.927,-0.1254,-0.11017,0.7144,-1.073,1.0,0.0,1.255,1.212,0.01729,0.0,-0.11743,-0.0782,-0.505,-0.533,1.35,-0.0744,-0.1848,-0.56,0.0,-0.898,-0.3552,-0.955,-0.98,0.0,0.0,-0.97,0.0,-0.3254,0.7207,-1.115,-0.0008225,-1.0,-0.5,-0.5,-0.528,0.988,0.4023,0.0,1.0,0.0,0.0,0.0,-0.03763,-0.056512,0.0004364359774626,-0.1852364359774627,4.427689459955793e-05
0.3118,0.646,-0.924,-0.12415,-0.0986,0.857,-1.073,1.0,0.0,1.249,1.206,0.01729,0.0,-0.117,0.1555,-0.5044,-0.532,1.297,-0.0716,0.0001,-0.5596,-0.1848,0.0,-0.898,-0.955,-0.98,0.0,0.0,-0.97,0.0,-0.3254,0.92,-1.257,0.0,-2.0,-0.5,-0.5,-0.5054,0.842,0.3542,0.0,0.0,0.0,0.0,0.0,0.0,0.5918000000000001,-0.0204490758478641,0.0205490758478641,-0.0020745805174868606
0.247,1.014,-0.8306,-0.1229,0.673,0.857,-1.073,1.0,0.0,1.084,1.047,0.05185,0.0,-0.1166,0.56,-0.5034,-0.531,1.561,-0.05438,1.1151,-0.5586,0.0,-0.1848,0.0,-0.955,-0.98,1.0,-1.0,-0.97,0.0,-0.3247,0.92,-1.257,0.01223,-1.0,-0.5,-0.5,-0.8325,1.2,0.5103,1.0,0.0,0.0,0.0,0.0,0.563,-0.150024,-0.0056395162828266,1.1207395162828266,-0.000572134931448455
0.3047,0.6704,-0.8574,-0.12195,-0.2013,0.857,-1.073,1.0,0.0,1.134,1.088,0.0403,0.0,-0.1161,0.12366,-0.501,-0.529,1.072,-0.03796,-0.3593,-0.5576,1.115,0.0,-0.1848,-0.955,-0.98,0.0,0.0,-0.97,0.0,-0.325,0.73,-1.121,-0.00686,-1.0,-0.5,-1.0,-0.6206,0.9233,0.3857,0.0,1.0,0.0,0.0,0.0,-0.305,-0.99600224,-0.0137370638549327,-0.3455629361450672,-0.0013936397543311476
0.5684,-0.458,-1.0205,-0.12115,-1.471,0.7144,-1.073,0.0,0.0,1.447,1.368,-0.02304,0.0,-0.11566,1.677,-0.4988,-0.527,-0.1714,-0.02548,-1.9989,-0.5586,-0.3591,1.115,0.0,-0.955,-0.98,0.0,0.0,-0.97,0.0,-0.3264,0.449,-0.9214,-0.01784,-1.0,-1.0,-1.0,0.3806,0.1334,-0.03583,0.0,2.0,0.0,1.0,-7.91,-0.8022,-0.49404,0.0030388045124709,-2.001938804512471,0.0003082899532930122
0.5293,-0.8174,-1.0625,-0.12054,1.153,0.5713,-1.073,0.0,0.0,1.525,1.455,-0.0403,0.0,-0.11523,-0.2542,-0.4968,-0.5254,-0.6387,-0.013504,-0.5814,-0.56,-1.998,-0.3591,1.115,-0.955,-0.98,0.0,0.0,-0.97,0.0,-0.327,0.3271,-0.8345,-0.000932,-1.0,-1.5,-1.0,0.5728,-0.158,-0.1796,0.0,3.0,0.0,0.0,0.0,-0.0447,-0.0969719999999999,0.0347708873450756,-0.6161708873450756,0.0035275435427248782
0.671,-1.105,-1.104,-0.12024,0.552,0.4285,-1.073,0.0,0.0,1.621,1.53,-0.0576,0.0,-0.11475,2.293,-0.4954,-0.524,-0.984,-0.008934,-0.5922000000000001,-0.561,-0.5815,-1.998,-0.3591,-0.955,-0.98,0.0,0.0,-0.97,0.0,-0.3271,-0.0244,-0.584,-0.00576,-1.0,-1.5,-1.5,0.8,-0.3813,-0.3264,0.0,4.0,0.0,0.0,0.0,-0.2815,0.0591144,-0.0185135304927825,-0.5736864695072175,-0.0018782173803828487
0.737,-1.051,-1.085,-0.1199,0.076,0.2856,-1.073,0.0,0.0,1.588,1.485,-0.05185,0.0,-0.1143,0.763,-0.494,-0.5225,-1.067,0.00277,0.2012999999999999,-0.563,-0.592,-0.5815,-1.998,-0.955,-0.98,0.0,0.0,-0.97,0.0,-0.3271,0.12286,-0.689,0.000981,-1.0,-1.5,-1.0,0.5806,-0.3462,-0.337,1.0,0.0,0.0,0.0,0.0,0.0489,0.1211559999999999,-0.0269686132669448,0.2282686132669448,-0.0027359945301921877
0.576,-1.026,-1.081,-0.1198,0.1062,0.1428,-1.073,0.0,0.0,1.568,1.491,-0.05185,0.0,-0.1139,-0.2418,-0.493,-0.5215,-1.137,0.00748,0.0001,-0.564,0.201,-0.592,-0.5815,-0.955,-0.98,0.0,0.0,-0.97,0.0,-0.3271,-0.2683,-0.4097,0.0,-1.0,-1.5,-1.5,0.428,-0.441,-0.3718,0.0,0.0,0.0,0.0,0.0,0.0,0.28822,-0.0137677825987339,0.0138677825987339,-0.0013967562035969122
0.469,-1.013,-1.093,-0.1203,0.1186,0.0,-1.073,0.0,0.0,1.583,1.524,-0.0576,0.0,-0.1134,0.27,-0.4932,-0.521,-1.121,0.0002309,-0.1999,-0.5645,0.0,0.201,-0.592,-0.955,-0.98,0.0,0.0,-0.97,0.0,-0.3271,-1.042,0.1422,-0.002098,-1.0,-1.5,-2.0,0.451,-0.5264,-0.4377,0.0,1.0,0.0,0.0,0.0,-0.1038,0.21586976,-0.0109146945178508,-0.1889853054821491,-0.0011073073800261252
0.351,-0.6206,-1.044,-0.12085,-0.3167,-0.1428,-1.073,0.0,0.0,1.476,1.433,-0.0403,0.0,-0.113,-0.2542,-0.4944,-0.521,-0.8213,-0.001563,0.6036,-0.566,-0.1998,0.0,0.201,-0.955,-0.98,1.0,-1.0,-0.97,0.0,-0.3267,-1.124,0.201,0.000598,0.0,-1.0,-2.0,0.182,-0.226,-0.3435,1.0,0.0,0.0,0.0,0.0,0.02977,1.80198,-0.014744859188795,0.6183448591887951,-0.0014958816639802466
0.3267,0.526,-0.8574,-0.12085,-2.137,-0.1428,-1.073,1.0,0.0,1.136,1.087,0.02881,0.0,-0.1125,2.45,-0.4963,-0.522,0.3403,-0.005875,2.3701000000000003,-0.568,0.603,-0.1998,0.0,-0.955,-0.98,1.0,-1.0,-0.97,0.0,-0.325,-0.2756,-0.4038,0.04504,1.0,-0.5,-1.5,-0.6553,0.773,0.2457,2.0,0.0,0.0,0.0,0.0,2.201,0.9171240000000004,0.0109618622809648,2.3591381377190355,0.0011120925998149187
0.4307,1.379,-0.7017,-0.1203,1.636,-0.1428,-1.073,1.0,0.0,0.8965,0.8228,0.0864,0.0,-0.11206,0.938,-0.4968,-0.5215,0.734,0.02512,1.8381,-0.567,2.37,0.603,-0.1998,-0.955,-0.98,1.0,-1.0,-0.97,0.0,-0.3237,0.3567,-0.8545,0.11127,1.0,-0.5,-1.0,-1.156,1.461,0.7036,3.0,0.0,1.0,0.0,9.375,5.062,0.2769759999999999,0.0046870592050254,1.8334129407949744,0.00047550714679699244
0.4778,1.471,-0.669,-0.1197,0.2,-0.1428,-1.073,1.0,0.0,0.851,0.768,0.0979,0.0,-0.11163,0.4822,-0.4973,-0.5215,0.833,0.0299,0.3478,-0.567,1.837,2.37,0.603,-0.955,-0.98,0.0,0.0,-0.97,0.0,-0.3232,0.4192,-0.899,0.005066,2.0,0.0,-0.5,-1.1455,1.457,0.7227,4.0,0.0,0.0,0.0,0.0,0.218,1.298176,0.01715949177742,0.3306405082225799,0.0017408487110252364
0.583,2.156,-0.4688,-0.1186,0.8184,-0.1428,-1.073,1.0,0.0,0.585,0.476,0.1729,0.0,-0.11115,2.793,-0.4983,-0.5215,1.798,0.04037,2.2361000000000004,-0.563,0.3474,1.837,2.37,-0.955,-0.98,1.0,-1.0,-0.97,0.0,-0.3215,0.7812,-1.156,0.04593,3.0,0.5,0.0,-1.454,2.111,1.072,5.0,0.0,0.0,0.0,0.0,1.955,0.4452999999999998,0.0037249284796416,2.2323750715203587,0.00037789796029846345
0.5454,2.156,-0.3914,-0.1173,0.222,-0.1428,-1.073,1.0,0.0,0.485,0.3794,0.2017,0.0,-0.1107,-0.06445,-0.4993,-0.521,1.959,0.05634,0.8038,-0.5586,2.234,0.3474,1.837,-0.955,-0.98,1.0,-1.0,-0.97,0.0,-0.3208,0.8716,-1.221,0.02003,3.0,1.0,0.5,-1.454,2.111,1.005,5.92,0.0,0.0,0.0,0.0,0.797,-0.2018739999999999,-0.006258322391659,0.810058322391659,-0.0006349134700502197
0.5347,2.156,-0.4214,-0.1164,-0.00567,-0.1428,-1.073,1.0,0.0,0.521,0.4185,0.1901,0.0,-0.1103,-0.05273,-0.4995,-0.5205,1.689,0.06226,-0.3136,-0.5557,0.803,2.234,0.3474,-0.955,-0.98,0.0,0.0,-0.97,0.0,-0.321,0.673,-1.079,-0.002884,2.0,1.0,0.0,-1.454,1.942,0.788,0.0,1.0,0.0,0.0,0.0,-0.11194,0.423032,-0.0066340533085167,-0.3069659466914832,-0.0006730317716169811
0.4927,2.156,-0.4058,-0.11536,0.08514,-0.1428,-1.073,1.0,0.0,0.4985,0.402,0.1958,0.0,-0.1098,-0.4546,-0.4988,-0.5205,1.622,0.0715,0.1583999999999999,-0.553,-0.3135,0.803,2.234,-0.955,-0.98,0.0,0.0,-0.97,0.0,-0.321,0.7812,-1.156,0.00218,2.0,1.0,0.5,-1.444,1.733,0.703,1.0,0.0,0.0,0.0,0.0,0.0854,0.3952719999999999,0.0324383787810802,0.1259616212189197,0.0032909080654183794
0.3062,2.156,-0.3591,-0.1137,0.1189,0.0,-1.073,1.0,0.0,0.427,0.3591,0.2131,0.0,-0.1094,-0.466,-0.497,-0.52,1.646,0.08545,0.4728,-0.5503,0.1582,-0.3135,0.803,-0.9546,-0.98,0.0,0.0,-0.97,0.0,-0.3206,1.416,-1.45,0.009476,2.0,1.5,1.0,-1.454,1.733,0.6753,2.0,0.0,0.0,0.0,0.0,0.3694,-0.2364175999999999,0.0060165938921272,0.4667834061078727,0.0006103898563974109
0.39,1.949,-0.343,-0.11194,0.0252,0.1428,-1.073,1.0,0.0,0.4146,0.3323,0.2189,0.0,-0.1089,0.6953,-0.4946,-0.5195,1.506,0.0994,0.1553999999999999,-0.548,0.4724,0.1582,-0.3135,-0.954,-0.98,0.0,0.0,-0.97,0.0,-0.3203,1.574,-1.45,0.004196,2.0,1.5,1.5,-1.373,1.603,0.606,3.0,0.0,0.0,0.0,0.0,0.1613,1.49420576,-0.0310109574347734,0.1864109574347734,-0.003146094650018864
0.3416,2.156,-0.1134,-0.1095,0.5684,0.2856,-1.065,1.0,1.0,0.1573,0.07513,0.3052,0.0,-0.10846,2.375,-0.491,-0.5186,2.002,0.1249,2.3181000000000003,-0.5435,0.1552,0.4724,0.1582,-0.9536,-0.98,1.0,-1.0,-0.97,0.0,-0.3184,1.574,-1.45,0.0772,2.0,1.5,2.0,-1.454,2.111,0.817,4.0,0.0,0.0,0.0,0.0,2.953,1.2000480000000002,0.027772881090641,2.2903271189093592,0.0028175883572333243
0.2932,2.156,0.02359,-0.1068,0.2245,0.4285,-1.057,1.0,1.0,0.018,-0.06055,0.3572,0.0,-0.10803,-0.551,-0.4858,-0.5166,2.002,0.1521,1.2971,-0.538,2.316,0.1552,0.4724,-0.953,-0.98,0.0,0.0,-0.97,0.0,-0.3171,1.574,-1.45,0.049,3.0,1.5,2.0,-1.454,2.111,0.8354,5.0,0.0,1.0,0.0,9.375,1.747,0.20278,0.0042287926189601,1.2928712073810398,0.00042901551371101176
0.28,2.156,0.09906,-0.10394,0.09247,0.5713,-1.049,1.0,1.0,-0.05325,-0.1318,0.386,0.0,-0.10754,-0.2247,-0.4807,-0.514,2.002,0.1732,0.6925,-0.5327,1.296,2.316,0.1552,-0.9526,-0.98,0.0,0.0,-0.97,0.0,-0.3164,1.574,-1.45,0.01797,3.0,1.5,2.0,-1.454,2.111,0.777,5.92,0.0,0.0,0.0,0.0,0.6157,-0.6148120000000002,-0.0043570105917751,0.6968570105917752,-0.00044202336357046854
0.366,1.903,-0.008415,-0.1012,-0.2239,0.7144,-1.041,1.0,1.0,0.0545,-0.0349,0.3457,0.0,-0.1071,-0.1936,-0.4766,-0.511,1.817,0.1925,-0.9486,-0.53,0.692,1.296,2.316,-0.952,-0.98,0.0,0.0,-0.97,0.0,-0.3174,1.574,-1.45,-0.02173,2.0,1.5,2.0,-1.454,2.092,0.561,0.0,1.0,0.0,0.0,0.0,-0.729,-0.45895024,-0.0038970545865595,-0.9447029454134404,-0.00039536033711291656
0.5005,1.012,-0.11554,-0.0989,-0.3467,0.857,-1.032,1.0,1.0,0.1722,0.0643,0.3052,0.0,-0.1067,0.2018,-0.4746,-0.509,1.209,0.1979,-0.9774,-0.53,-0.948,0.692,1.296,-0.952,-0.98,0.0,0.0,-0.97,0.0,-0.3184,1.323,-1.45,-0.01573,1.0,1.0,2.0,-0.972,1.512,0.385,0.0,2.0,0.0,0.0,0.0,-0.544,-0.5266879999999999,0.0050119752995669,-0.982411975299567,0.0005084702305357679
0.5195,0.1896,-0.2378,-0.09735,-0.6704,0.857,-1.032,1.0,0.0,0.3044,0.1974,0.2593,0.0,-0.1062,1.007,-0.4739,-0.5063,0.3674,0.2155,-1.1519,-0.531,-0.977,-0.948,0.692,-0.9517,-0.98,0.0,0.0,-0.97,0.0,-0.3196,0.8936,-1.235,-0.029,0.0,0.5,1.5,-0.4192,0.924,0.2087,0.0,3.0,0.0,0.0,0.0,-1.034,-0.1233679999999999,-0.0486408360302448,-1.103259163969755,-0.004934664604569832
0.501,0.778,-0.07,-0.09576,2.453,0.857,-1.024,1.0,1.0,0.126,0.01654,0.3225,0.0,-0.1058,2.906,-0.4702,-0.5024,0.7036,0.2507,1.6451,-0.5327,-1.152,-0.977,-0.948,-0.9517,-0.98,1.0,-1.0,-0.97,0.0,-0.3179,0.9067,-1.244,0.0654,0.0,1.0,1.5,-0.8926,1.517,0.3596,1.0,0.0,0.0,0.0,0.0,2.422,0.1986811999999999,-0.0397580526769161,1.684858052676916,-0.004033496775618915
0.617,1.033,0.03592,-0.09406,0.451,0.857,-1.017,1.0,1.0,0.03226,-0.09937,0.3628,0.0,-0.1053,1.179,-0.4668,-0.4988,0.846,0.278,0.9951,-0.534,1.644,-1.152,-0.977,-0.951,-0.98,0.0,0.0,-0.9697,0.0,-0.3171,0.969,-1.289,0.0578,0.0,1.0,1.5,-1.177,1.696,0.4385,2.0,0.0,1.0,0.0,9.375,2.033,-0.4941600000000001,-0.0144710950553417,1.0095710950553416,-0.001468108001156838
0.534,0.4556,-0.0565,-0.093,-0.4204,0.857,-1.008,1.0,1.0,0.1152,-0.0001532,0.3284,0.0,-0.10486,0.5317,-0.4644,-0.4956,0.2737,0.2898,-0.8269,-0.5376,0.9946,1.644,-1.152,-0.951,-0.98,0.0,0.0,-0.9697,0.0,-0.3179,0.58,-1.012,-0.01372,0.0,0.5,1.0,-0.7183,1.244,0.2893,0.0,1.0,0.0,0.0,0.0,-0.468,0.0543,0.021225044503808,-0.848125044503808,0.0021533033638285854
0.5205,0.7344,0.03348,-0.09204,0.6885,0.857,-1.0,1.0,1.0,0.02682,-0.089,0.3628,0.0,-0.10443,0.4858,-0.463,-0.4934,0.547,0.3013,0.8491,-0.542,-0.8267,0.9946,1.644,-0.9517,-0.98,0.0,0.0,-0.969,0.0,-0.3171,0.597,-1.023,0.02248,1.0,0.5,1.0,-0.9067,1.477,0.3838,1.0,0.0,0.0,0.0,0.0,0.787,1.06804,0.019222617149353,0.8298773828506469,0.0019501549766769476
0.565,1.225,0.1842,-0.0905,0.775,0.857,-0.9917,1.0,1.0,-0.10626,-0.2335,0.4204,0.0,-0.10394,1.411,-0.4626,-0.492,1.076,0.314,1.3791,-0.546,0.8486,-0.8267,0.9946,-0.951,-0.98,1.0,-1.0,-0.9688,0.0,-0.3157,0.811,-1.175,0.0563,2.0,0.5,1.5,-1.225,1.899,0.587,2.0,0.0,0.0,0.0,0.0,1.922,1.3169479999999996,-0.0128056798130273,1.3919056798130274,-0.0012991498516083833
0.5884,1.779,0.3643,-0.0887,0.5874,0.857,-0.984,1.0,1.0,-0.2537,-0.3896,0.4895,0.0,-0.1035,0.01932,-0.4634,-0.4912,1.651,0.3328,1.5861,-0.547,1.378,0.8486,-0.8267,-0.9507,-0.9795,1.0,-1.0,-0.9683,0.0,-0.314,0.9414,-1.268,0.06757,2.0,0.5,1.5,-1.454,2.111,0.805,3.0,0.0,0.0,0.0,0.0,2.21,-1.6904520000000005,0.0063901129178702,1.5797098870821298,0.0006482837592555217
1.148,0.3235,0.0725,-0.0876,-0.7026,0.857,-0.9756,1.0,1.0,0.04065,-0.1785,0.3801,0.0,-0.1031,2.906,-0.4648,-0.4902,0.1976,0.3467,-2.3929,-0.55,1.585,1.378,0.8486,-0.95,-0.9795,0.0,0.0,-0.968,0.0,-0.3167,0.418,-0.895,-0.1249,1.0,0.0,1.0,-0.3403,1.375,0.2898,0.0,1.0,0.0,0.0,0.0,-3.893,0.441104,-0.0354123227298259,-2.3574876772701736,-0.0035926178454625565
1.078,0.498,0.1467,-0.08636,0.594,0.857,-0.9673,1.0,1.0,-0.0323,-0.2421,0.409,0.0,-0.1026,0.09314,-0.4673,-0.4897,0.4155,0.3564,0.6808,-0.5527,-2.39,1.585,1.378,-0.95,-0.979,0.0,0.0,-0.968,0.0,-0.316,0.4702,-0.932,0.00647,2.0,0.5,1.0,-0.5815,1.456,0.3984,1.0,0.0,0.0,0.0,0.0,0.218,-0.5056800000000001,0.0325221978127956,0.6482778021872043,0.0032994115954304484
0.885,0.2837,0.1151,-0.0858,-0.2617,0.857,-0.9595,1.0,1.0,-0.01941,-0.1969,0.3975,0.0,-0.1022,-0.5713,-0.4702,-0.49,0.1929,0.364,-0.2665,-0.554,0.68,-2.39,1.585,-0.95,-0.979,0.0,0.0,-0.9673,0.0,-0.3164,0.2106,-0.747,-0.0006046,1.0,0.5,0.5,-0.4238,1.195,0.299,0.0,1.0,0.0,0.0,0.0,-0.01994,-0.425336,-0.0073904325254261,-0.2591095674745738,-0.0007497672485112149
0.7837,0.3738,0.1454,-0.08545,0.3967,0.857,-0.951,1.0,1.0,-0.05457,-0.2164,0.409,0.0,-0.1017,-0.5767,-0.473,-0.4907,0.2986,0.3662,0.2689,-0.555,-0.2664,0.68,-2.39,-0.9497,-0.9785,0.0,0.0,-0.9673,0.0,-0.316,0.0883,-0.6597,0.0009103,1.0,1.0,0.5,-0.4648,1.184,0.32,1.0,0.0,0.0,0.0,0.0,0.03027,-0.1619119999999999,0.0142661854624748,0.2546338145375251,0.0014473197047873353
0.814,0.1677,0.0994,-0.08545,-0.3503,0.857,-0.943,1.0,1.0,-0.01087,-0.1764,0.3916,0.0,-0.10126,-0.3987,-0.4763,-0.4927,0.0957,0.3667,-0.3999,-0.5576,0.2686,-0.2664,0.68,-0.9497,-0.9785,0.0,0.0,-0.967,0.0,-0.3164,-0.0738,-0.544,-0.003593,0.0,0.5,0.0,-0.2512,0.911,0.1871,0.0,1.0,0.0,0.0,0.0,-0.1185,0.9732057599999996,-0.0543359704315662,-0.3455640295684338,-0.005512442053357799
0.829,0.932,0.297,-0.08466,3.414,0.857,-0.935,1.0,1.0,-0.1804,-0.3538,0.4666,0.0,-0.1008,0.6826,-0.4795,-0.4949,0.8364,0.3762,1.7551,-0.559,-0.3997,0.2686,-0.2664,-0.9497,-0.978,1.0,-1.0,-0.967,0.0,-0.3147,0.3167,-0.822,0.0619,1.0,0.5,0.5,-0.8057,1.523,0.599,1.0,0.0,1.0,0.0,6.836,2.066,0.1172519999999999,0.0010272799991071,1.7540727200008928,0.00010421864968406922
0.882,0.547,0.2361,-0.08374,-0.2727,0.857,-0.927,1.0,1.0,-0.1254,-0.3057,0.4436,0.0,-0.10034,0.3872,-0.4846,-0.4978,0.4995,0.3826,-0.5116,-0.561,1.754,-0.3997,0.2686,-0.9497,-0.9775,0.0,0.0,-0.9663,0.0,-0.3152,0.3884,-0.8735,-0.0086,0.0,0.5,0.5,-0.52,1.18,0.4187,0.0,1.0,0.0,0.0,0.0,-0.2722,-0.96474624,0.0051833163015544,-0.5167833163015545,0.0005258529576191081
1.037,-0.3396,0.05396,-0.08295,-1.374,0.7144,-0.9185,0.0,1.0,0.04895,-0.1515,0.3745,0.0,-0.0999,0.8145,-0.49,-0.501,-0.3843,0.3916,-1.5609,-0.5645,-0.5117,1.754,-0.3997,-0.9497,-0.9775,0.0,0.0,-0.9663,0.0,-0.317,0.2937,-0.806,-0.01666,0.0,0.0,0.5,0.2054,0.4766,-0.1254,0.0,2.0,0.0,1.0,-7.91,-0.536,0.5426319999999998,-0.0071517587639391,-1.5537482412360608,-0.0007255535412855187
0.8105,-0.01587,0.1465,-0.08234,-1.206,0.7144,-0.9106,1.0,1.0,-0.0535,-0.2197,0.409,0.0,-0.0995,0.763,-0.4927,-0.504,-0.1622,0.4065,0.8204,-0.5654,-1.56,-0.5117,1.754,-0.9497,-0.977,1.0,-1.0,-0.9663,0.0,-0.3162,0.2102,-0.7466,0.008064,0.0,0.0,0.5,-0.10516,0.763,0.1272,1.0,0.0,0.0,0.0,0.0,0.2727,-0.0377958399999999,0.0069291326217353,0.8134708673782647,0.0007029678821224664
0.6743,-0.2961,0.0875,-0.0821,-4.44,0.5713,-0.9023,0.0,1.0,-0.01115,-0.1536,0.386,0.0,-0.099,0.11584,-0.4941,-0.5063,-0.4763,0.4116,-0.5329,-0.5654,0.82,-1.56,-0.5117,-0.9497,-0.9766,0.0,0.0,-0.9663,0.0,-0.3167,-0.0109,-0.589,-0.003601,0.0,-0.5,0.0,0.145,0.4854,-0.0835,0.0,1.0,0.0,0.0,0.0,-0.1188,0.322412,-0.0196438431739807,-0.5132561568260193,-0.0019928888053669293
0.574,-0.2208,0.1214,-0.08154,-0.2407,0.4285,-0.8945,0.0,1.0,-0.04993,-0.1771,0.3975,0.0,-0.0986,-0.5713,-0.4958,-0.509,-0.4011,0.4165,0.2711,-0.5654,-0.5327,0.82,-1.56,-0.9497,-0.9766,0.0,0.0,-0.9663,0.0,-0.3164,0.1664,-0.7153,0.0007677,0.0,0.0,0.5,0.0337,0.536,0.01104,1.0,0.0,0.0,0.0,0.0,0.02574,-0.1192759999999999,0.0091287437826395,0.2619712562173605,0.0009261207763856632
0.5293,-0.3088,0.1089,-0.08124,0.8076,0.2856,-0.886,0.0,1.0,-0.04224,-0.1617,0.3916,0.0,-0.0981,-0.229,-0.4976,-0.511,-0.5366,0.423,-0.1343,-0.5654,0.271,-0.5327,0.82,-0.9497,-0.9766,0.0,0.0,-0.9663,0.0,-0.3164,0.0199,-0.611,-0.000864,0.0,-0.5,0.0,0.059,0.3823,-0.05795,0.0,1.0,0.0,0.0,0.0,-0.02873,-0.022864,-0.0020364844240248,-0.1322635155759751,-0.00020660351312103844
0.5215,1.752,0.6284,-0.08014,-9.54,0.2856,-0.878,1.0,1.0,-0.4543,-0.5854,0.5874,0.0,-0.09766,2.906,-0.4973,-0.5137,1.312,0.4487,2.7441000000000004,-0.561,-0.1343,0.271,-0.5327,-0.9497,-0.976,1.0,-1.0,-0.966,0.0,-0.3118,0.4353,-0.9053,0.256,1.0,0.0,0.0,-1.4,2.098,1.113,1.0,0.0,0.0,0.0,0.0,7.785,-0.7510400000000002,-0.0094314590096473,2.753531459009648,-0.0009568315584752407
0.619,1.132,0.4932,-0.0798,-0.228,0.2856,-0.87,1.0,1.0,-0.3499,-0.4937,0.5356,0.0,-0.0972,1.208,-0.496,-0.516,0.63,0.4592,-1.0624,-0.5615,2.744,-0.1343,0.271,-0.949,-0.976,0.0,0.0,-0.9653,0.0,-0.3132,0.0554,-0.635,-0.0413,0.0,-0.5,-0.5,-0.8965,1.464,0.7715,0.0,1.0,0.0,0.0,0.0,-1.206,-0.2437199999999999,-0.0133485710248351,-1.049051428975165,-0.0013542267430782212
0.3252,0.999,0.4966,-0.0786,0.01653,0.2856,-0.862,1.0,1.0,-0.376,-0.4722,0.5356,0.0,-0.09674,-0.01935,-0.4934,-0.5166,0.4265,0.4775,0.0001,-0.561,-1.062,2.744,-0.1343,-0.9487,-0.9756,0.0,0.0,-0.9653,0.0,-0.3132,0.5107,-0.9595,0.0,0.0,-0.5,-0.5,-0.8105,1.304,0.673,0.0,0.0,0.0,0.0,0.0,0.0,-0.3418656,0.0163904018700122,-0.0162904018700122,0.001662823721046501
0.3833,0.5405,0.4094,-0.0778,-0.3203,0.2856,-0.8535,1.0,1.0,-0.3054,-0.409,0.501,0.0,-0.0963,0.3235,-0.4915,-0.5166,0.00987,0.4824,-0.7323000000000001,-0.5605,0.0,-1.062,2.744,-0.9487,-0.9756,0.0,0.0,-0.9653,0.0,-0.314,0.2603,-0.7812,-0.01756,-1.0,-1.0,-1.0,-0.3972,0.9365,0.3774,0.0,1.0,0.0,0.0,0.0,-0.531,-0.4129919999999999,-0.0047774356789886,-0.7275225643210114,-0.00048467593630699846
0.5513,-0.01345,0.291,-0.07733,-0.8184,0.2856,-0.8457,1.0,1.0,-0.1976,-0.3257,0.455,0.0,-0.0959,0.04996,-0.4905,-0.517,-0.467,0.4814,-0.9994,-0.5625,-0.732,0.0,-1.062,-0.948,-0.975,0.0,0.0,-0.965,0.0,-0.3152,0.1145,-0.6777,-0.01255,-1.0,-1.0,-1.0,0.1124,0.5073,0.01988,0.0,2.0,0.0,0.0,0.0,-0.388,-0.387144,0.0067169121466577,-1.0061169121466578,0.0006814378889685812
0.684,-0.4023,0.2031,-0.07715,-5.992,0.1428,-0.8374,0.0,1.0,-0.1131,-0.2605,0.4204,0.0,-0.0954,0.0821,-0.491,-0.518,-0.7935,0.4775,-0.7739,-0.563,-0.999,-0.732,0.0,-0.948,-0.975,0.0,0.0,-0.965,0.0,-0.316,-0.05426,-0.5576,-0.01515,-2.0,-1.0,-1.5,0.479,0.1863,-0.2651,0.0,3.0,0.0,0.0,0.0,-0.4836,0.101886,-0.0066010025329887,-0.7672989974670112,-0.0006696787352495513
0.692,-0.307,0.2388,-0.0767,-0.1843,0.0,-0.829,0.0,1.0,-0.1428,-0.2922,0.4321,0.0,-0.095,0.0712,-0.4924,-0.519,-0.6606,0.4766,0.2645,-0.563,-0.7734,-0.999,-0.732,-0.948,-0.975,0.0,0.0,-0.965,0.0,-0.3157,0.0477,-0.6304,0.004967,-1.0,-1.0,-1.0,0.2937,0.2191,-0.1805,1.0,0.0,0.0,0.0,0.0,0.1624,-0.4502639999999999,0.097441479563713,0.1670585204362869,0.009885541850493337
0.8037,-0.87,0.0907,-0.07715,2.8,-0.1428,-0.8213,0.0,1.0,-0.003717,-0.1674,0.3745,0.0,-0.0945,2.19,-0.4949,-0.52,-1.178,0.467,-1.3109,-0.563,0.2642,-0.7734,-0.999,-0.9487,-0.975,0.0,0.0,-0.9653,0.0,-0.3171,-0.429,-0.2908,-0.05014,-1.0,-1.0,-1.5,0.8984,-0.2937,-0.5786,0.0,1.0,0.0,0.0,0.0,-1.627,-1.2512079999999997,-0.0052735400386154,-1.3056264599613845,-0.0005350062518077626
1.1875,-1.772,-0.1494,-0.078,1.355,-0.2856,-0.813,0.0,1.0,0.2625,0.04388,0.2822,0.0,-0.09406,2.906,-0.4978,-0.5215,-1.894,0.439,-2.1879,-0.56,-1.311,0.2642,-0.7734,-0.9497,-0.975,0.0,0.0,-0.9653,0.0,-0.3193,-0.619,-0.1559,-0.1147,-1.0,-1.5,-1.5,1.882,-1.192,-1.118,0.0,2.0,0.0,0.0,0.0,-3.879,0.6265623999999996,-0.0440361462533474,-2.143863853746653,-0.004467513923957531
1.06,-1.227,-0.02042,-0.0781,-0.2115,-0.2856,-0.8047,0.0,1.0,0.12177,-0.0802,0.3284,0.0,-0.0936,0.8877,-0.5005,-0.523,-1.296,0.4292,1.1741,-0.559,-2.186,-1.311,0.2642,-0.95,-0.975,1.0,-1.0,-0.9653,0.0,-0.318,-0.2498,-0.419,0.03018,0.0,-1.0,-1.0,1.25,-0.532,-0.745,1.0,0.0,0.0,0.0,0.0,1.096,-0.2154759999999998,-0.0154833700507879,1.1895833700507878,-0.0015708043772432484
1.1875,-1.649,-0.1383,-0.0788,0.5273,-0.4285,-0.797,0.0,1.0,0.251,0.03195,0.2822,0.0,-0.09314,0.4128,-0.5015,-0.5244,-1.717,0.4207,-1.1319,-0.5566,1.173,-2.186,-1.311,-0.9507,-0.975,0.0,0.0,-0.9653,0.0,-0.3193,-0.514,-0.231,-0.02197,0.0,-1.5,-1.5,1.719,-0.919,-0.931,0.0,1.0,0.0,0.0,0.0,-0.7695,0.108216,0.006583830807358,-1.138483830807358,0.000667936645401085
1.172,-1.574,-0.1334,-0.0793,0.0822,-0.4285,-0.7886,0.0,1.0,0.2446,0.0279,0.2822,0.0,-0.0927,0.044,-0.502,-0.526,-1.688,0.418,0.0001,-0.5547,-1.132,1.173,-2.186,-0.951,-0.975,0.0,0.0,-0.9653,0.0,-0.3193,-0.4502,-0.2766,0.0,-1.0,-1.5,-1.5,1.592,-0.8125,-0.8403,0.0,0.0,0.0,0.0,0.0,0.0,-0.1411,0.000154256413225,-5.425641322508454e-05,1.5649477362929986e-05
1.241,-1.673,-0.1748,-0.08,0.2042,-0.4285,-0.7803,0.0,1.0,0.2937,0.0672,0.265,0.0,-0.0923,-0.12494,-0.5015,-0.5273,-1.799,0.4097,-0.4401,-0.5522,0.0,-1.132,1.173,-0.9517,-0.975,0.0,0.0,-0.966,0.0,-0.3198,-0.545,-0.2091,-0.007996,-1.0,-1.5,-2.0,1.704,-0.8784,-0.847,0.0,1.0,0.0,0.0,0.0,-0.2905,0.1980731999999998,-0.0086398161947727,-0.4314601838052272,-0.0008765185520212671
1.198,-1.519,-0.1542,-0.0806,0.02972,-0.4285,-0.7725,0.0,1.0,0.2683,0.0481,0.2708,0.0,-0.0918,-0.5024,-0.4998,-0.5283,-1.65,0.4014,0.1488999999999999,-0.551,-0.44,0.0,-1.132,-0.952,-0.975,0.0,0.0,-0.966,0.0,-0.3196,-0.506,-0.2369,0.003025,0.0,-1.0,-1.5,1.284,-0.9604,-0.741,1.0,0.0,0.0,0.0,0.0,0.1114,-0.0261759999999999,0.0014662356115877,0.1474337643884122,0.00014875116393893133
0.7446,-1.405,-0.18,-0.0827,0.04892,-0.5713,-0.764,0.0,1.0,0.2595,0.11395,0.2593,0.0,-0.0914,-0.1197,-0.4954,-0.528,-1.502,0.374,-0.296,-0.5493,0.1487,-0.44,0.0,-0.952,-0.975,0.0,0.0,-0.966,0.0,-0.3198,-1.473,0.589,-0.00417,-1.0,-1.0,-2.0,1.27,-1.046,-0.726,0.0,1.0,0.0,0.0,0.0,-0.1528,2.105724,0.0163698475807905,-0.3123698475807905,0.0016607384665202147
0.616,0.1307,0.1512,-0.08356,-1.106,-0.5713,-0.756,1.0,1.0,-0.07324,-0.208,0.3801,0.0,-0.0909,2.516,-0.4905,-0.526,0.14,0.3516,2.7441000000000004,-0.5493,-0.296,0.1487,-0.44,-0.952,-0.975,1.0,-1.0,-0.966,0.0,-0.317,-0.7393,-0.06903,0.0902,0.0,-0.5,-1.5,0.0697,0.4702,-0.1544,1.0,0.0,0.0,0.0,0.0,3.338,0.94584,0.0229925028979778,2.7211074971020226,0.002332613899781058
0.6353,0.767,0.2805,-0.08417,3.34,-0.5713,-0.748,1.0,1.0,-0.1824,-0.3237,0.4263,0.0,-0.09045,0.4075,-0.4875,-0.524,0.6904,0.35,1.0891,-0.5493,2.744,-0.296,0.1487,-0.9517,-0.975,1.0,-1.0,-0.966,0.0,-0.316,-0.5117,-0.2311,0.05685,1.0,-0.5,-1.0,-0.3137,0.872,0.05945,2.0,0.0,1.0,0.0,9.375,1.915,-0.2964022400000001,-0.0165780503302812,1.1056780503302812,-0.0016818608571355206
0.6553,0.518,0.2079,-0.0847,-0.1799,-0.5713,-0.7397,1.0,1.0,-0.11945,-0.2622,0.3975,0.0,-0.09,0.10443,-0.4863,-0.5215,0.4338,0.3438,-0.6579,-0.5493,1.088,2.744,-0.296,-0.9517,-0.9756,0.0,0.0,-0.966,0.0,-0.3167,-0.4937,-0.2443,-0.011116,1.0,-0.5,-1.0,-0.00785,0.523,-0.0794,0.0,1.0,0.0,0.0,0.0,-0.362,0.4629096,-0.003279757220298,-0.654620242779702,-0.0003327348620513714
0.5337,0.948,0.3066,-0.0847,0.9,-0.5713,-0.732,1.0,1.0,-0.2117,-0.3372,0.4321,0.0,-0.08954,-0.0935,-0.4863,-0.52,0.8403,0.3435,0.8061,-0.5493,-0.6577,1.088,2.744,-0.951,-0.975,0.0,0.0,-0.966,0.0,-0.3157,-0.185,-0.464,0.0127,1.0,0.0,-0.5,-0.2893,0.7974,0.07495,1.0,0.0,0.0,0.0,0.0,0.4224,0.8695999999999997,-0.006660143379122,0.8127601433791221,-0.0006756786370587397
0.4404,1.441,0.4365,-0.08417,0.645,-0.4285,-0.7236,1.0,1.0,-0.3215,-0.435,0.478,0.0,-0.0891,0.02936,-0.4878,-0.5186,1.3,0.3496,1.0491,-0.549,0.806,-0.6577,1.088,-0.9507,-0.975,0.0,0.0,-0.966,0.0,-0.3147,0.1273,-0.6865,0.03482,2.0,0.0,0.0,-0.591,1.168,0.2644,2.0,0.0,0.0,0.0,0.0,1.129,0.2032079999999999,0.003372564446181,1.0457274355538189,0.00034215025393173284
0.4148,1.398,0.441,-0.08374,0.10345,-0.2856,-0.7153,1.0,1.0,-0.327,-0.4365,0.478,0.0,-0.0887,-0.2898,-0.4912,-0.5176,1.224,0.3555,0.0001,-0.5513,1.048,0.806,-0.6577,-0.9497,-0.975,0.0,0.0,-0.966,0.0,-0.3147,0.0866,-0.6577,0.0,1.0,0.0,-0.5,-0.5654,1.002,0.3252,0.0,0.0,0.0,0.0,0.0,0.0,-0.222,0.0857230573892593,-0.0856230573892593,0.008696695443952821
0.344,1.054,0.3823,-0.08307,-0.1155,-0.1428,-0.7075,1.0,1.0,-0.2876,-0.384,0.455,0.0,-0.0882,0.698,-0.495,-0.5176,0.914,0.3591,-0.5079,-0.553,0.0,1.048,0.806,-0.949,-0.975,0.0,0.0,-0.966,0.0,-0.3152,0.2437,-0.77,-0.01513,0.0,0.0,-0.5,-0.3635,0.6333,0.2489,0.0,1.0,0.0,0.0,0.0,-0.475,-0.151084,-0.0174119547009468,-0.4904880452990532,-0.0017664613434215891
0.2181,0.6523,0.3237,-0.082,-0.245,0.0,-0.699,1.0,1.0,-0.251,-0.3257,0.4321,0.0,-0.08777,0.73,-0.498,-0.5186,0.4724,0.3738,-0.5155,-0.5557,-0.5073,0.0,1.048,-0.949,-0.975,0.0,0.0,-0.9663,0.0,-0.316,0.63,-1.046,-0.01273,0.0,0.0,-0.5,-0.1306,0.3396,0.1748,0.0,2.0,0.0,0.0,0.0,-0.4062,0.210376,0.0111281834542751,-0.5266281834542751,0.0011289660599342007
0.1602,1.056,0.4531,-0.0809,0.7207,0.1428,-0.691,1.0,1.0,-0.3567,-0.425,0.478,0.0,-0.0873,0.6675,-0.5005,-0.52,0.8906,0.3826,1.0491,-0.556,-0.5156,-0.5073,0.0,-0.949,-0.975,1.0,-1.0,-0.9663,0.0,-0.3147,0.63,-1.045,0.01236,0.0,0.0,-0.5,-0.502,0.7124,0.456,1.0,0.0,0.0,0.0,0.0,0.401,-0.2144564,-0.0156984515488147,1.0647984515488147,-0.0015926246242215438
0.116,0.8228,0.4417,-0.07947,-0.0853,0.2856,-0.683,1.0,1.0,-0.3516,-0.4124,0.4724,0.0,-0.08685,0.3547,-0.5024,-0.522,0.705,0.3926,-0.1269,-0.5557,1.048,-0.5156,-0.5073,-0.9487,-0.975,0.0,0.0,-0.9663,0.0,-0.315,0.9155,-1.249,-0.001152,-1.0,0.0,-0.5,-0.3813,0.599,0.4114,0.0,1.0,0.0,0.0,0.0,-0.0362,0.0638559999999999,0.0231576301157474,-0.1500576301157474,0.002349366231839497
0.1357,0.5996,0.4314,-0.07806,-0.1304,0.4285,-0.675,1.0,1.0,-0.342,-0.406,0.4666,0.0,-0.0864,0.03958,-0.504,-0.5244,0.5767,0.398,-0.1273,-0.555,-0.127,1.048,-0.5156,-0.9487,-0.975,0.0,0.0,-0.9663,0.0,-0.315,0.8716,-1.218,-0.001856,-1.0,-0.5,-0.5,-0.2903,0.4756,0.3545,0.0,2.0,0.0,0.0,0.0,-0.0585,1.3887400000000003,-0.0379394255578517,-0.0893605744421482,-0.003848995118045067
0.2479,1.384,0.6875,-0.076,1.364,0.5713,-0.6665,1.0,1.0,-0.517,-0.605,0.5586,0.0,-0.08594,1.775,-0.503,-0.527,1.346,0.4194,2.0471000000000004,-0.5522,-0.1273,-0.127,1.048,-0.9487,-0.975,1.0,-1.0,-0.966,0.0,-0.3127,1.21,-1.45,0.0665,0.0,-0.5,0.0,-0.909,1.288,0.753,1.0,0.0,1.0,0.0,9.016,2.107,0.313912,0.0135271493345499,2.0335728506654505,0.0013723437027362664
0.3777,1.253,0.723,-0.0739,0.03812,0.7144,-0.6587,1.0,1.0,-0.5303,-0.64,0.5703,0.0,-0.0855,1.153,-0.4998,-0.5283,1.263,0.437,0.2405999999999999,-0.5493,2.047,-0.1273,-0.127,-0.948,-0.9746,0.0,0.0,-0.966,0.0,-0.3125,1.22,-1.45,0.004284,1.0,0.0,0.0,-0.889,1.258,0.6885,2.0,0.0,0.0,0.0,0.0,0.1274,-0.465104,0.0120746605098247,0.2285253394901752,0.0012249871649611362
0.4724,0.646,0.6333,-0.0719,-0.3528,0.857,-0.6504,1.0,1.0,-0.462,-0.585,0.5356,0.0,-0.0851,-0.01935,-0.4956,-0.528,0.7646,0.4475,-0.7162000000000001,-0.5493,0.2405,2.047,-0.1273,-0.948,-0.9746,0.0,0.0,-0.9653,0.0,-0.3135,1.064,-1.355,-0.005444,0.0,-0.5,0.0,-0.5986,0.7676,0.4644,0.0,1.0,0.0,0.0,0.0,-0.1608,1.6174652000000005,-0.0092279240489006,-0.7069720759510995,-0.0009361827199979429
0.3525,1.436,0.889,-0.0702,1.293,0.857,-0.642,1.0,1.0,-0.638,-0.747,0.628,0.0,-0.0846,1.935,-0.4905,-0.5254,1.4375,0.4746,1.9531,-0.546,-0.716,0.2405,2.047,-0.9473,-0.9746,1.0,-1.0,-0.9653,0.0,-0.3113,1.005,-1.312,0.0742,1.0,-0.5,0.0,-1.186,1.454,0.7505,1.0,0.0,0.0,0.0,0.0,2.242,2.503,-0.0009118955931626,1.954011895593163,-9.251277884789363e-05
0.3135,2.156,1.2705,-0.0679,0.9624,0.857,-0.6343,1.0,1.0,-0.8564,-0.966,0.766,0.0,-0.08417,1.947,-0.48,-0.519,2.002,0.541,2.7441000000000004,-0.5396,1.952,-0.716,0.2405,-0.947,-0.9746,1.0,-1.0,-0.965,0.0,-0.308,1.175,-1.432,0.2744,2.0,0.0,0.0,-1.454,2.111,1.048,2.0,0.0,0.0,0.0,0.0,7.785,-0.5534640000000002,0.0288027431815862,2.715297256818414,0.002922068962883596
0.3176,2.072,1.208,-0.0655,-0.08044,0.857,-0.626,1.0,1.0,-0.823,-0.9326,0.743,0.0,-0.0837,-0.707,-0.4705,-0.5117,1.468,0.576,-0.4235,-0.536,2.744,1.952,-0.716,-0.946,-0.974,0.0,0.0,-0.9644,0.0,-0.3086,1.21,-1.45,-0.03253,1.0,0.0,0.0,-1.454,1.98,0.8115,0.0,1.0,0.0,0.0,0.0,-0.8525,-0.48296,0.0006345022120513,-0.4241345022120513,6.437092498541608e-05
0.3682,1.489,1.115,-0.0636,-0.1561,0.857,-0.6177,1.0,1.0,-0.769,-0.8843,0.7085,0.0,-0.08325,-0.4207,-0.463,-0.505,0.916,0.596,-0.6439,-0.536,-0.4236,2.744,1.952,-0.9453,-0.974,0.0,0.0,-0.964,0.0,-0.3096,0.9487,-1.2705,-0.03726,0.0,0.0,-0.5,-1.152,1.551,0.615,0.0,2.0,0.0,0.0,0.0,-0.9893,0.121996,0.0123401852324604,-0.6562401852324605,0.001251924930784361
0.3176,1.359,1.133,-0.06198,0.0452,0.857,-0.61,1.0,1.0,-0.7827,-0.89,0.7144,0.0,-0.0828,-0.6978,-0.457,-0.4988,0.7905,0.614,0.10966,-0.537,-0.6436,-0.4236,2.744,-0.945,-0.974,0.0,0.0,-0.9634,0.0,-0.3096,0.864,-1.21,0.003511,1.0,0.0,-0.5,-1.054,1.452,0.572,1.0,0.0,0.0,0.0,0.0,0.0952,0.2325464,0.0086469929665327,0.1010130070334673,0.0008772466431576352
0.309,1.6,1.262,-0.06006,0.3118,0.857,-0.6016,1.0,1.0,-0.852,-0.9604,0.7603,0.0,-0.08234,0.0887,-0.4514,-0.493,0.942,0.642,0.8736,-0.5386,0.1095,-0.6436,-0.4236,-0.9443,-0.9736,0.0,0.0,-0.963,0.0,-0.3086,0.96,-1.278,0.08795,1.0,0.5,0.0,-1.224,1.654,0.6714,2.0,0.0,0.0,0.0,0.0,2.375,-1.823832,0.0125045832246541,0.8610954167753458,0.0012686032821316974
0.709,-0.0609,0.837,-0.05896,-0.9224,0.857,-0.5933,1.0,1.0,-0.577,-0.743,0.605,0.0,-0.0819,2.906,-0.4482,-0.4883,-0.6504,0.6543,-2.4299,-0.5405,0.873,0.1095,-0.6436,-0.944,-0.9736,0.0,0.0,-0.963,0.0,-0.3123,0.3613,-0.852,-0.1656,0.0,0.5,0.0,0.2019,0.5024,0.074,0.0,1.0,0.0,0.0,0.0,-4.355,-1.3188680000000002,-0.0125359930098056,-2.4173640069901943,-0.0012717898382782215
0.8833,-0.923,0.6206,-0.05817,-14.766,0.7144,-0.5854,0.0,1.0,-0.4202,-0.61,0.5244,0.0,-0.0815,0.6084,-0.447,-0.485,-1.44,0.657,-1.6339,-0.542,-2.428,0.873,0.1095,-0.9443,-0.9736,0.0,0.0,-0.9624,0.0,-0.3142,0.165,-0.713,-0.0558,0.0,0.0,0.0,0.9604,-0.1622,-0.2534,0.0,2.0,0.0,1.0,-7.91,-1.612,-0.335388,0.0145203433930873,-1.6484203433930873,0.0014731042974572553
0.8975,-1.166,0.5635,-0.05783,0.4417,0.5713,-0.577,0.0,1.0,-0.379,-0.57,0.501,0.0,-0.081,0.00942,-0.4482,-0.4834,-1.617,0.653,-0.4921,-0.544,-1.634,-2.428,0.873,-0.9453,-0.9736,0.0,0.0,-0.9624,0.0,-0.3147,-0.02763,-0.5757,-0.014656,0.0,-0.5,-0.5,1.15,-0.3018,-0.3748,0.0,3.0,0.0,0.0,0.0,-0.446,0.444756,-0.0048801791854202,-0.4872198208145797,-0.00049509937442846
1.077,-1.716,0.4106,-0.05786,0.676,0.4285,-0.5693,0.0,1.0,-0.2507,-0.4673,0.4436,0.0,-0.08057,1.367,-0.4514,-0.4832,-2.123,0.648,-1.2489,-0.544,-0.492,-1.634,-2.428,-0.946,-0.9736,0.0,0.0,-0.9624,0.0,-0.3162,-0.1727,-0.473,-0.02614,-1.0,-0.5,-0.5,1.714,-0.718,-0.6143,0.0,4.0,0.0,0.0,0.0,-0.808,0.3532679999999999,-0.0133968237787485,-1.2355031762212516,-0.0013591220363388349
1.111,-1.488,0.4802,-0.05768,-0.01549,0.2856,-0.561,0.0,1.0,-0.3008,-0.5244,0.4666,0.0,-0.0801,1.004,-0.4575,-0.484,-1.825,0.6387,0.5201,-0.544,-1.249,-0.492,-1.634,-0.947,-0.9736,0.0,0.0,-0.9624,0.0,-0.3157,-0.0945,-0.5283,0.02023,-1.0,-0.5,0.0,1.305,-0.4695,-0.516,1.0,0.0,0.0,0.0,0.0,0.651,0.663344,0.0536928176879882,0.4664071823120117,0.005447193522738529
0.923,-0.843,0.6606,-0.05777,-0.357,0.1428,-0.5527,0.0,1.0,-0.4443,-0.6416,0.53,0.0,-0.07965,1.525,-0.4644,-0.4854,-1.206,0.6367,1.4071,-0.5444,0.52,-1.249,-0.492,-0.9473,-0.973,1.0,-1.0,-0.9624,0.0,-0.3142,-0.1738,-0.4712,0.04156,0.0,-0.5,0.0,0.6963,0.239,-0.2703,2.0,0.0,0.0,0.0,0.0,1.315,-0.3451519999999999,-0.0234225429594516,1.4305225429594517,-0.002376241921893636
0.9624,-1.296,0.521,-0.05826,0.769,0.0,-0.545,0.0,1.0,-0.3428,-0.5435,0.478,0.0,-0.0792,0.6675,-0.4727,-0.488,-1.678,0.6343,-1.1029,-0.545,1.407,0.52,-1.249,-0.9478,-0.973,0.0,0.0,-0.9624,0.0,-0.3154,-0.336,-0.356,-0.02193,0.0,-0.5,-0.5,1.184,-0.1857,-0.4927,0.0,1.0,0.0,0.0,0.0,-0.6646,-0.2366999999999999,0.0084379874169826,-1.1113379874169826,0.0008560428076215388
0.97,-1.365,0.493,-0.05862,0.1945,-0.1428,-0.5366,0.0,1.0,-0.3215,-0.5225,0.4666,0.0,-0.07874,0.2003,-0.484,-0.491,-1.743,0.629,-0.2539,-0.5454,-1.103,1.407,0.52,-0.948,-0.973,0.0,0.0,-0.9624,0.0,-0.3157,-0.2808,-0.3955,-0.005665,0.0,-0.5,-0.5,1.15,-0.3296,-0.5557,0.0,2.0,0.0,0.0,0.0,-0.178,0.4305240000000001,-0.0228554029017686,-0.2310445970982313,-0.0023187049591913136
0.737,-1.097,0.544,-0.0595,-0.08984,-0.2856,-0.5283,0.0,1.0,-0.3774,-0.5415,0.484,0.0,-0.0783,-0.2935,-0.497,-0.4946,-1.568,0.628,0.3838999999999999,-0.5454,-0.254,-1.103,1.407,-0.948,-0.9727,0.0,0.0,-0.9624,0.0,-0.3152,-0.5225,-0.2229,0.00462,1.0,-0.5,-0.5,0.7944,-0.2505,-0.4844,1.0,0.0,0.0,0.0,0.0,0.1462,0.329872,0.0026892307214438,0.381210769278556,0.00027282531999201176
0.569,-1.288,0.4346,-0.06158,0.3345,-0.4285,-0.5205,0.0,1.0,-0.3098,-0.4443,0.4436,0.0,-0.0779,0.0605,-0.5034,-0.499,-1.755,0.6045,-0.8849,-0.545,0.3838,-0.254,-1.103,-0.9487,-0.9727,0.0,0.0,-0.9624,0.0,-0.3162,-1.201,0.261,-0.01796,0.0,-1.0,-1.0,1.16,-0.566,-0.6426,0.0,1.0,0.0,0.0,0.0,-0.5615,0.4585079999999999,-0.0283165648579597,-0.8565834351420403,-0.0028727456543035995
0.5596,-0.8623,0.502,-0.06335,-0.2437,-0.5713,-0.512,0.0,1.0,-0.361,-0.4956,0.4666,0.0,-0.0774,0.03958,-0.5044,-0.5044,-1.332,0.5825,0.5201,-0.545,-0.885,0.3838,-0.254,-0.9487,-0.9727,0.0,0.0,-0.9624,0.0,-0.3157,-1.043,0.1484,0.00535,0.0,-0.5,-0.5,0.8555,-0.286,-0.546,1.0,0.0,0.0,0.0,0.0,0.1721,0.5006239999999998,-0.006223936099559,0.5263239360995591,-0.0006314249441045975
0.551,-0.4673,0.569,-0.06476,-0.407,-0.7144,-0.504,0.0,1.0,-0.4104,-0.545,0.4895,0.0,-0.07697,-0.297,-0.501,-0.51,-0.9385,0.565,0.5118,-0.5444,0.52,-0.885,0.3838,-0.948,-0.9727,0.0,0.0,-0.9624,0.0,-0.3152,-0.8594,0.01764,0.00822,1.0,0.0,0.0,0.6167,-0.00787,-0.4307,2.0,0.0,1.0,0.0,4.098,0.26,-0.2943959999999997,-0.0183701682835817,0.5301701682835818,-0.001863673131617547
0.7417,-0.698,0.4592,-0.0664,0.7725,-0.857,-0.4958,0.0,1.0,-0.3147,-0.4778,0.4492,0.0,-0.07654,1.031,-0.4966,-0.5146,-1.227,0.5527,-0.8812,-0.5435,0.5117,0.52,-0.885,-0.9487,-0.9727,0.0,0.0,-0.9624,0.0,-0.3162,-0.9717,0.09735,-0.01018,1.0,0.0,-0.5,0.969,-0.3647,-0.561,0.0,1.0,0.0,0.0,0.0,-0.3171,-0.1116719999999999,0.0004683170118369,-0.8816683170118369,4.751125948148779e-05
0.6914,-0.24,0.5254,-0.0683,-0.6606,-1.0,-0.4878,0.0,1.0,-0.3677,-0.5244,0.4724,0.0,-0.07605,0.1946,-0.4875,-0.518,-0.4734,0.4998,0.5181,-0.543,-0.881,0.5117,0.52,-0.9487,-0.9727,0.0,0.0,-0.963,0.0,-0.3157,-1.082,0.1768,0.00869,1.0,0.5,-0.5,0.5527,-0.2532,-0.4507,1.0,0.0,0.0,0.0,0.0,0.2786,0.0129799999999999,-0.014254966750741,0.532354966750741,-0.0014461815545370553
0.4568,-0.1967,0.512,-0.06915,-0.1582,-1.143,-0.4797,0.0,1.0,-0.377,-0.4949,0.4666,0.0,-0.0756,0.522,-0.479,-0.5176,-0.2102,0.4685,-0.1273,-0.5425,0.5176,-0.881,0.5117,-0.9487,-0.9727,0.0,0.0,-0.963,0.0,-0.3157,-0.7153,-0.0852,-0.00802,1.0,0.0,-0.5,0.4956,-0.367,-0.4404,0.0,1.0,0.0,0.0,0.0,-0.253,-0.7415942400000002,0.0199198462069034,-0.1472198462069034,0.0020208896069253295
0.534,-0.849,0.3228,-0.0699,6.176,-1.143,-0.4714,0.0,1.0,-0.2249,-0.3508,0.3975,0.0,-0.07513,0.78,-0.4724,-0.513,-0.751,0.4495,-1.5349,-0.5454,-0.1273,0.5176,-0.881,-0.9487,-0.9727,0.0,0.0,-0.9634,0.0,-0.3174,-0.6777,-0.113,-0.134,0.0,-0.5,-0.5,1.187,-0.954,-0.6753,0.0,2.0,0.0,0.0,0.0,-4.246,0.2881399999999998,0.0374396704137325,-1.5723396704137325,0.0037982944265704532
0.4382,-0.3052,0.4543,-0.0702,-0.6235,-1.143,-0.4634,0.0,1.0,-0.3352,-0.4487,0.4436,0.0,-0.0747,0.0605,-0.4678,-0.509,-0.1892,0.4436,1.0751,-0.549,-1.534,-0.1273,0.5176,-0.9487,-0.9727,0.0,0.0,-0.9634,0.0,-0.3164,-0.3472,-0.3484,0.0504,0.0,0.0,0.0,0.635,-0.4177,-0.449,1.0,0.0,0.0,0.0,0.0,1.677,-0.68668,-0.0025036674924194,1.0776036674924194,-0.00025399973283296264
0.4617,-0.831,0.3113,-0.0705,2.643,-1.143,-0.4553,0.0,1.0,-0.2213,-0.3352,0.3916,0.0,-0.0743,0.4495,-0.4648,-0.5044,-0.6987,0.4385,-1.1699,-0.5513,1.074,-1.534,-0.1273,-0.949,-0.9727,0.0,0.0,-0.964,0.0,-0.3176,-0.3247,-0.365,-0.04495,0.0,0.0,0.0,1.138,-0.851,-0.656,0.0,1.0,0.0,0.0,0.0,-1.446,-0.038872,-0.0449507646262645,-1.1249492353737354,-0.004560302931710542
0.3428,-0.8926,0.2803,-0.07104,0.2216,-1.143,-0.4473,0.0,1.0,-0.2054,-0.2993,0.3801,0.0,-0.0738,-0.5625,-0.4636,-0.5015,-0.7954,0.4358,-0.2699,-0.555,-1.17,1.074,-1.534,-0.9497,-0.9727,0.0,0.0,-0.9644,0.0,-0.3179,-0.4873,-0.249,-0.004585,-1.0,-0.5,-0.5,1.112,-0.9473,-0.6997,0.0,2.0,0.0,0.0,0.0,-0.1532,-0.2882079999999999,-0.0041538453660905,-0.2657461546339095,-0.00042141203510888837
0.2377,-1.018,0.2167,-0.07214,0.2983,-1.143,-0.439,0.0,1.0,-0.1605,-0.2355,0.3572,0.0,-0.07336,0.1454,-0.4636,-0.4993,-0.985,0.4297,-0.5443,-0.5645,-0.2698,-1.17,1.074,-0.9497,-0.9727,0.0,0.0,-0.9644,0.0,-0.3184,-0.9526,0.08276,-0.003534,-1.0,-0.5,-1.0,1.232,-1.135,-0.997,0.0,3.0,0.0,0.0,0.0,-0.1191,0.4197223999999999,0.0172383207827806,-0.5615383207827807,0.0017488459975505857
0.1306,-0.6294,0.298,-0.07275,-0.3098,-1.143,-0.431,0.0,1.0,-0.2372,-0.2969,0.386,0.0,-0.07294,-0.2247,-0.465,-0.498,-0.6133,0.4243,0.6925,-0.5674,-0.544,-0.2698,-1.17,-0.95,-0.9727,1.0,-1.0,-0.965,0.0,-0.3176,-0.5776,-0.1846,0.01171,0.0,-0.5,-0.5,0.86,-0.7056,-0.762,1.0,0.0,0.0,0.0,0.0,0.4014,-0.3567623999999998,-0.0081440806388854,0.7006440806388855,-0.0008262256520525513
0.2573,-0.807,0.2351,-0.0734,0.4792,-1.143,-0.4229,0.0,1.0,-0.1746,-0.2532,0.3628,0.0,-0.07245,1.525,-0.468,-0.4976,-0.7896,0.4172,-0.5419,-0.5674,0.692,-0.544,-0.2698,-0.95,-0.973,0.0,0.0,-0.965,0.0,-0.3184,-0.623,-0.1522,-0.0155,-1.0,-1.0,-0.5,1.038,-0.868,-0.897,0.0,1.0,0.0,0.0,0.0,-0.52,-0.11352,-0.0762351378798484,-0.4656648621201515,-0.007734135907661441
0.2297,-0.7144,0.2366,-0.07416,-0.002918,-1.143,-0.4146,0.0,1.0,-0.178,-0.2522,0.3628,0.0,-0.072,-0.5537,-0.4734,-0.4976,-0.766,0.4148,0.0001,-0.567,-0.542,0.692,-0.544,-0.95,-0.973,0.0,0.0,-0.965,0.0,-0.3184,-0.7373,-0.0707,0.0,-1.0,-1.0,-1.0,0.913,-0.836,-0.812,0.0,0.0,0.0,0.0,0.0,0.0,2.086984,0.0193668119609355,-0.0192668119609355,0.0019647836938403683
0.2366,0.551,0.558,-0.074,-2.002,-1.0,-0.4065,1.0,1.0,-0.428,-0.511,0.478,0.0,-0.07153,1.624,-0.479,-0.4983,0.5176,0.414,2.7441000000000004,-0.5664,0.0,-0.542,0.692,-0.95,-0.973,1.0,-1.0,-0.965,0.0,-0.3154,0.06076,-0.639,0.05237,0.0,-1.0,-0.5,-0.1364,0.4521,0.253,1.0,0.0,0.0,0.0,0.0,1.786,-0.7704760000000002,-0.0322225727140903,2.7763225727140908,-0.0032690143101473087
0.3843,0.001868,0.412,-0.0743,-0.7944,-0.857,-0.3984,1.0,1.0,-0.3074,-0.4111,0.4263,0.0,-0.0711,1.069,-0.4854,-0.4995,-0.0614,0.4146,-1.1429,-0.567,2.744,0.0,-0.542,-0.95,-0.973,0.0,0.0,-0.965,0.0,-0.3167,-0.2654,-0.4067,-0.03506,0.0,-1.0,-1.0,0.4019,-0.0221,-0.2104,0.0,1.0,0.0,0.0,0.0,-1.102,0.98478,0.002774957101792,-1.145674957101792,0.0002815223525536872
0.3403,1.072,0.6826,-0.07416,13.88,-0.7144,-0.3901,1.0,1.0,-0.5063,-0.609,0.5244,0.0,-0.0707,1.227,-0.4927,-0.5015,1.004,0.4163,2.2381,-0.567,-1.142,2.744,0.0,-0.9497,-0.9736,1.0,-1.0,-0.965,0.0,-0.3145,0.03336,-0.619,0.05978,0.0,-0.5,-1.0,-0.4075,0.914,0.7173,1.0,0.0,0.0,0.0,0.0,1.947,0.6488144000000002,-0.0198165066540241,2.2579165066540243,-0.0020104056992571212
0.258,1.482,0.808,-0.0734,0.513,-0.5713,-0.382,1.0,1.0,-0.595,-0.687,0.5703,0.0,-0.0702,0.553,-0.503,-0.5044,1.443,0.4219,0.9845,-0.5645,2.236,-1.142,2.744,-0.949,-0.9736,1.0,-1.0,-0.965,0.0,-0.3132,0.3486,-0.8438,0.02266,1.0,-0.5,-0.5,-0.6855,1.231,0.945,2.0,0.0,0.0,0.0,0.0,0.69,0.742764,-0.0746762603521347,1.0591762603521349,-0.007575986122693007
0.2255,1.984,0.964,-0.0725,0.4763,-0.4285,-0.374,1.0,1.0,-0.6934,-0.783,0.628,0.0,-0.06976,0.4885,-0.509,-0.5083,1.934,0.4333,1.1931,-0.5596,0.984,2.236,-1.142,-0.948,-0.9736,1.0,-1.0,-0.965,0.0,-0.312,0.4438,-0.911,0.04324,2.0,0.0,-0.5,-0.9756,1.614,1.071,3.0,0.0,0.0,0.0,0.0,1.277,0.0325279999999999,-0.0039497721008956,1.1970497721008957,-0.00040070858507217246
0.2039,1.725,0.926,-0.07166,-0.000803,-0.2856,-0.366,1.0,1.0,-0.6724,-0.758,0.616,0.0,-0.06934,-0.0816,-0.51,-0.513,1.639,0.4473,-0.23,-0.556,1.193,0.984,2.236,-0.9478,-0.9736,0.0,0.0,-0.965,0.0,-0.3123,0.4192,-0.8936,-0.01061,1.0,0.0,-0.5,-0.8203,1.328,0.831,0.0,1.0,0.0,0.0,0.0,-0.3022,0.123944,-0.0115894433110952,-0.2184105566889047,-0.0011757613635252776
0.1234,1.42,0.887,-0.07043,-0.04684,-0.1428,-0.3577,1.0,1.0,-0.6553,-0.7266,0.605,0.0,-0.06885,-0.3665,-0.5093,-0.518,1.283,0.4668,-0.2317,-0.5537,-0.23,1.193,0.984,-0.9473,-0.9736,0.0,0.0,-0.9644,0.0,-0.3125,0.688,-1.085,-0.005924,1.0,0.0,-0.5,-0.66,1.087,0.653,0.0,2.0,0.0,0.0,0.0,-0.1699,-0.3344319999999999,0.0176062062382698,-0.2493062062382698,0.0017861683687082235
0.1254,1.055,0.817,-0.0697,-0.1266,0.0,-0.3496,1.0,1.0,-0.6113,-0.6816,0.5815,0.0,-0.0684,-0.3535,-0.5063,-0.523,0.9307,0.476,-0.4667,-0.5527,-0.2317,-0.23,1.193,-0.947,-0.9736,0.0,0.0,-0.9644,0.0,-0.3132,0.449,-0.915,-0.003197,0.0,-0.5,-1.0,-0.4202,0.778,0.47,0.0,3.0,0.0,0.0,0.0,-0.09235,0.1173577599999999,0.0073382980190217,-0.4740382980190217,0.0007444781473273754
0.089,1.013,0.8433,-0.0685,0.09393,0.1428,-0.3416,1.0,1.0,-0.6304,-0.696,0.5933,0.0,-0.06793,0.2311,-0.5024,-0.527,0.8657,0.4927,0.237,-0.5513,-0.4668,-0.2317,-0.23,-0.9463,-0.9736,0.0,0.0,-0.9644,0.0,-0.313,0.7603,-1.137,0.00434,0.0,0.0,-0.5,-0.4475,0.8,0.4763,1.0,0.0,0.0,0.0,0.0,0.1273,-0.43316,-0.0179500617086887,0.2549500617086887,-0.0018210528722950614
0.1383,0.615,0.7725,-0.0674,-0.255,0.2856,-0.3333,1.0,1.0,-0.5815,-0.6533,0.5703,0.0,-0.0675,-0.347,-0.4985,-0.5303,0.514,0.503,-0.4704,-0.5503,0.2368,-0.4668,-0.2317,-0.9463,-0.9736,0.0,0.0,-0.9644,0.0,-0.3135,0.694,-1.09,-0.005367,-1.0,0.0,-0.5,-0.1965,0.5425,0.3218,0.0,1.0,0.0,0.0,0.0,-0.1562,-0.3844735999999999,-0.0207931362092494,-0.4496068637907505,-0.002109485807480393
0.3057,-0.1116,0.6074,-0.06647,-0.9814,0.2856,-0.3252,0.0,1.0,-0.457,-0.5527,0.5127,0.0,-0.0671,0.9346,-0.4954,-0.53,-0.12195,0.5063,-1.1929,-0.5503,-0.4702,0.2368,-0.4668,-0.9463,-0.9736,0.0,0.0,-0.9644,0.0,-0.315,0.5103,-0.9595,-0.0347,-1.0,-0.5,-0.5,0.3665,0.0403,0.03177,0.0,2.0,0.0,1.0,-5.84,-1.025,-1.380748,0.0420661084353923,-1.2349661084353925,0.0042676514897698825
0.5864,-0.991,0.3809,-0.0662,18.77,0.2856,-0.3171,0.0,1.0,-0.2668,-0.4028,0.4321,0.0,-0.0666,0.73,-0.4937,-0.5283,-0.9478,0.505,-1.7349,-0.5503,-1.193,-0.4702,0.2368,-0.947,-0.9736,0.0,0.0,-0.9644,0.0,-0.317,0.0695,-0.646,-0.06085,-1.0,-0.5,-1.0,1.18,-0.632,-0.3494,0.0,3.0,0.0,1.0,-7.91,-1.866,0.1109999999999999,0.0234252251684665,-1.758325225168467,0.002376514034854023
0.4382,-0.9277,0.4094,-0.0658,0.05862,0.2856,-0.3088,0.0,1.0,-0.301,-0.4133,0.4436,0.0,-0.06616,-0.2664,-0.4924,-0.527,-0.913,0.5137,0.2623,-0.551,-1.734,-1.193,-0.4702,-0.9473,-0.9736,0.0,0.0,-0.9644,0.0,-0.3164,0.1981,-0.7373,0.006134,0.0,-0.5,-0.5,1.006,-0.4263,-0.3079,1.0,0.0,0.0,0.0,0.0,0.199,-0.1990839999999999,-0.0160020440816879,0.2783020440816879,-0.0016234244099252587
0.46,-0.0941,0.659,-0.06476,-0.919,0.2856,-0.3008,0.0,1.0,-0.4807,-0.6025,0.5356,0.0,-0.06573,0.9014,-0.492,-0.5254,0.0213,0.5156,2.0801000000000003,-0.551,0.262,-1.734,-1.193,-0.9478,-0.9736,1.0,-1.0,-0.964,0.0,-0.3142,0.449,-0.9155,0.0277,0.0,-0.5,0.0,0.0868,0.4321,0.1201,2.0,0.0,0.0,0.0,0.0,0.891,0.117088,0.0217075180262327,2.058392481973768,0.0022022508163820507
0.3472,-0.02611,0.685,-0.0645,-5.55,0.2856,-0.2927,1.0,1.0,-0.5073,-0.6113,0.5474,0.0,-0.06525,0.5806,-0.4924,-0.524,0.07654,0.5215,0.2442,-0.5513,2.08,0.262,-1.734,-0.9478,-0.9736,0.0,0.0,-0.964,0.0,-0.314,0.1613,-0.71,0.003645,1.0,-0.5,0.0,-0.02844,0.4556,0.1436,3.0,0.0,0.0,0.0,0.0,0.1101,-0.5449199999999998,0.0036500128917396,0.2405499871082604,0.0003702976941410177
0.4746,-0.6655,0.5225,-0.06415,-12.24,0.1428,-0.2847,0.0,1.0,-0.383,-0.5044,0.4895,0.0,-0.0648,1.602,-0.4934,-0.523,-0.582,0.5283,-1.2119,-0.5527,0.244,2.08,0.262,-0.9478,-0.9736,0.0,0.0,-0.964,0.0,-0.3154,0.1376,-0.694,-0.02634,1.0,-0.5,0.0,0.4617,-0.1261,-0.1733,0.0,1.0,0.0,0.0,0.0,-0.7896,-0.175168,0.0058399527333676,-1.2177399527333677,0.0005924694227663113
0.4695,-0.8623,0.457,-0.0646,0.4934,0.0,-0.2764,0.0,1.0,-0.335,-0.4536,0.4666,0.0,-0.06433,1.004,-0.4958,-0.522,-0.7686,0.523,-0.5039,-0.5547,-1.211,0.244,2.08,-0.948,-0.9736,0.0,0.0,-0.964,0.0,-0.316,-0.336,-0.356,-0.01755,1.0,-0.5,-0.5,0.63,-0.3464,-0.3367,0.0,2.0,0.0,0.0,0.0,-0.547,-0.3581519999999999,-0.0023675081320106,-0.5015324918679893,-0.00024018622074669036
0.468,-1.124,0.3606,-0.06555,0.491,-0.1428,-0.2683,0.0,1.0,-0.2605,-0.3767,0.4321,0.0,-0.0639,-0.2583,-0.4998,-0.5225,-0.9873,0.5093,-0.7675,-0.5557,-0.5034,-1.211,0.244,-0.9487,-0.9736,0.0,0.0,-0.964,0.0,-0.317,-0.6875,-0.1057,-0.0331,0.0,-0.5,-1.0,0.897,-0.6665,-0.5576,0.0,3.0,0.0,0.0,0.0,-1.048,-0.23542,0.0042916624806821,-0.7717916624806821,0.0004353937281220644
0.4456,-1.1,0.3267,-0.067,0.1086,-0.2856,-0.2603,0.0,1.0,-0.235,-0.3467,0.4204,0.0,-0.0635,0.2482,-0.504,-0.523,-0.958,0.4941,-0.2621,-0.5576,-0.767,-0.5034,-1.211,-0.9487,-0.9736,0.0,0.0,-0.9634,0.0,-0.3171,-1.072,0.1692,-0.005882,-1.0,-1.0,-1.5,0.9478,-0.7124,-0.672,0.0,4.0,0.0,0.0,0.0,-0.1908,-1.1755719999999996,-0.0273838471621274,-0.2347161528378725,-0.0027781204509699712
0.636,-1.646,0.1359,-0.0688,0.7065,-0.4285,-0.252,0.0,1.0,-0.0579,-0.1956,0.3513,0.0,-0.063,0.501,-0.5063,-0.5244,-1.446,0.4695,-1.5859,-0.557,-0.2622,-0.767,-0.5034,-0.9487,-0.9736,0.0,0.0,-0.9634,0.0,-0.3188,-1.205,0.2632,-0.03723,-2.0,-1.0,-1.5,1.663,-1.282,-1.076,0.0,5.0,0.0,1.0,-7.258,-1.218,-0.302868,-0.0105838188901543,-1.5753161811098455,-0.0010737396953034882
0.6943,-1.645,0.0888,-0.0706,0.1324,-0.5713,-0.2439,0.0,1.0,-0.01074,-0.1565,0.334,0.0,-0.06256,0.1699,-0.5044,-0.5254,-1.429,0.4487,-0.4171,-0.5537,-1.585,-0.2622,-0.767,-0.949,-0.9736,0.0,0.0,-0.964,0.0,-0.319,-1.217,0.2715,-0.01095,-2.0,-1.0,-1.5,1.72,-1.342,-1.027,0.0,5.0,0.0,0.0,0.0,-0.377,0.4250839999999998,0.0137033835053443,-0.4308033835053444,0.0013902228470049646
0.686,-1.179,0.1667,-0.0721,-0.1855,-0.7144,-0.2357,0.0,1.0,-0.0813,-0.2279,0.3628,0.0,-0.0621,0.1394,-0.5015,-0.527,-1.037,0.441,0.7047,-0.5522,-0.417,-1.585,-0.2622,-0.9497,-0.974,0.0,0.0,-0.964,0.0,-0.3186,-0.992,0.1112,0.0126,-1.0,-0.5,-1.0,1.3,-0.8687,-0.823,1.0,0.0,0.0,0.0,0.0,0.4395,0.478958,0.000955164025072,0.703744835974928,9.690240733425009e-05
0.6704,-1.247,0.10126,-0.07385,0.2,-0.857,-0.2277,0.0,1.0,-0.024,-0.1661,0.3398,0.0,-0.06165,-0.1888,-0.497,-0.527,-1.134,0.4258,-0.5512,-0.55,0.704,-0.417,-1.585,-0.95,-0.974,0.0,0.0,-0.964,0.0,-0.319,-1.112,0.1964,-0.01438,-1.0,-1.0,-1.5,1.455,-1.014,-0.842,0.0,1.0,0.0,0.0,0.0,-0.4905,-0.0466199999999999,-0.011887913569808,-0.539312086430192,-0.001206041489061587
0.698,-1.077,0.0987,-0.0755,-0.02237,-1.0,-0.2195,0.0,1.0,-0.01945,-0.1661,0.3398,0.0,-0.06122,0.1637,-0.4932,-0.527,-1.035,0.4163,0.0001,-0.549,-0.5513,0.704,-0.417,-0.9507,-0.974,0.0,0.0,-0.9644,0.0,-0.319,-1.061,0.1597,0.0,-1.0,-1.5,-1.5,1.282,-0.977,-0.7617,0.0,0.0,0.0,0.0,0.0,0.0,1.10589376,0.009546797722578,-0.009446797722578,0.0009685327937065156
0.511,-0.4646,0.2217,-0.0765,-0.524,-1.0,-0.2114,0.0,1.0,-0.1428,-0.2625,0.386,0.0,-0.06076,0.11584,-0.4895,-0.5254,-0.3972,0.4045,1.1221,-0.5503,0.0,-0.5513,0.704,-0.9507,-0.974,1.0,-1.0,-0.9644,0.0,-0.3179,-0.6377,-0.1415,0.03278,0.0,-1.5,-1.0,0.6743,-0.4448,-0.5093,1.0,0.0,0.0,0.0,0.0,1.138,-0.1959519999999999,-0.0236415416002273,1.1457415416002277,-0.002398459567174502
0.3374,-0.5493,0.187,-0.07697,0.369,-1.0,-0.2032,0.0,1.0,-0.127,-0.2173,0.3745,0.0,-0.0603,-0.5596,-0.4866,-0.524,-0.4827,0.4004,-0.2709,-0.552,1.122,0.0,-0.5513,-0.9507,-0.974,0.0,0.0,-0.965,0.0,-0.318,-0.3806,-0.3252,-0.00385,0.0,-1.5,-1.0,0.747,-0.515,-0.5254,0.0,1.0,0.0,0.0,0.0,-0.1292,-0.096512,-0.0163467153906822,-0.2545532846093178,-0.0016583916812042175
0.3542,-0.616,0.1521,-0.0776,0.2866,-1.0,-0.1951,0.0,1.0,-0.0949,-0.1871,0.3628,0.0,-0.05984,-0.2072,-0.4849,-0.5215,-0.552,0.395,-0.2733,-0.553,-0.271,1.122,0.0,-0.9507,-0.974,0.0,0.0,-0.965,0.0,-0.3186,-0.4949,-0.2438,-0.00692,-1.0,-1.5,-1.5,0.7188,-0.6846,-0.5444,0.0,2.0,0.0,0.0,0.0,-0.2341,0.01064,-0.0194870084524154,-0.2538129915475845,-0.001976977755877677
0.1454,-0.3582,0.1799,-0.0788,-0.3823,-1.0,-0.187,0.0,1.0,-0.1361,-0.1951,0.3745,0.0,-0.05942,-0.844,-0.4841,-0.5195,-0.3728,0.3906,0.2757,-0.555,-0.2732,-0.271,1.122,-0.9507,-0.974,0.0,0.0,-0.9653,0.0,-0.318,-1.076,0.1711,0.000545,0.0,-1.0,-1.5,0.55,-0.508,-0.4468,1.0,0.0,0.0,0.0,0.0,0.01859,0.6976039999999999,-0.020238671451807,0.295938671451807,-0.002053234767483237
0.11395,0.2727,0.3018,-0.0798,-2.303,-1.0,-0.1788,1.0,1.0,-0.2415,-0.2986,0.4204,0.0,-0.05896,1.079,-0.4844,-0.518,0.2161,0.3845,1.0941,-0.558,0.2756,-0.2732,-0.271,-0.9507,-0.974,1.0,-1.0,-0.9653,0.0,-0.3171,-0.798,-0.02702,0.01231,1.0,-0.5,-1.5,0.05905,-0.03128,-0.1407,2.0,0.0,0.0,0.0,0.0,0.4163,0.4601599999999999,-0.0141632296144962,1.1082632296144963,-0.0014368747243898446
-0.02525,0.3923,0.3137,-0.0803,0.4944,-0.857,-0.1708,1.0,1.0,-0.2622,-0.2969,0.4263,0.0,-0.0585,0.0766,-0.4868,-0.5166,0.3315,0.3801,0.1323,-0.561,1.093,0.2756,-0.2732,-0.95,-0.974,0.0,0.0,-0.9653,0.0,-0.317,-0.4998,-0.2396,0.00233,1.0,0.0,-1.0,-0.00775,-0.00484,-0.05185,3.0,0.0,0.0,0.0,0.0,0.07623,0.0161736,-0.0576155371963977,0.1899155371963977,-0.005845157593499311
-0.0718,0.365,0.2937,-0.08075,0.0717,-0.7144,-0.1626,1.0,1.0,-0.2498,-0.2764,0.4204,0.0,-0.05804,0.4143,-0.4905,-0.516,0.2878,0.3782,-0.1315,-0.5625,0.1321,1.093,0.2756,-0.95,-0.974,0.0,0.0,-0.9653,0.0,-0.3171,-0.405,-0.3074,-0.00491,1.0,0.0,-1.0,0.02213,-0.10596,-0.05673,0.0,1.0,0.0,0.0,0.0,-0.1599,-0.4458428000000001,-0.0174579732120037,-0.1140420267879963,-0.001771129970365548
-0.05893,0.2515,0.2593,-0.081,-0.1384,-0.5713,-0.1544,1.0,1.0,-0.2202,-0.248,0.409,0.0,-0.05762,0.09314,-0.4944,-0.515,0.2229,0.3726,-0.2643,-0.5625,-0.1316,0.1321,1.093,-0.95,-0.974,0.0,0.0,-0.9653,0.0,-0.3174,-0.2617,-0.4097,-0.004387,1.0,-0.5,-1.0,0.1329,-0.2208,-0.1353,0.0,2.0,0.0,0.0,0.0,-0.1434,-1.0406599999999997,-0.0167860127985477,-0.2475139872014523,-0.0017029588709647973
0.05038,-0.3582,0.09955,-0.08154,-1.824,-0.5713,-0.1464,0.0,1.0,-0.07214,-0.1134,0.3513,0.0,-0.05716,0.8506,-0.4985,-0.515,-0.3738,0.3672,-1.3329,-0.5625,-0.2642,-0.1316,0.1321,-0.95,-0.974,0.0,0.0,-0.966,0.0,-0.3188,-0.5293,-0.2194,-0.0666,0.0,-0.5,-1.0,0.674,-0.8086,-0.5312,0.0,3.0,0.0,0.0,0.0,-2.195,0.30360976,-0.0107630304992198,-1.32213696950078,-0.0010919209038549541
-0.01903,0.01396,0.1906,-0.08136,-1.303,-0.4285,-0.1382,1.0,1.0,-0.1586,-0.191,0.386,0.0,-0.0567,0.7974,-0.502,-0.5156,0.0195,0.3674,0.8346,-0.565,-1.332,-0.2642,-0.1316,-0.95,-0.974,1.0,-1.0,-0.966,0.0,-0.3179,0.147,-0.7017,0.014275,0.0,0.0,-0.5,0.2961,-0.3716,-0.2311,1.0,0.0,0.0,0.0,0.0,0.4912,0.1914999999999999,-0.0238047298043966,0.8584047298043966,-0.0024150151842386672
0.00816,-0.02905,0.1859,-0.0812,-0.349,-0.2856,-0.1301,1.0,1.0,-0.1523,-0.1892,0.386,0.0,-0.05624,0.4565,-0.5044,-0.517,-0.01884,0.3708,0.0001,-0.5693,0.834,-1.332,-0.2642,-0.95,-0.9746,0.0,0.0,-0.966,0.0,-0.3179,0.289,-0.803,0.0,-1.0,-0.5,-0.5,0.242,-0.3862,-0.1764,0.0,0.0,0.0,0.0,0.0,0.0,0.3073200000000001,-0.0054386374540627,0.0055386374540627,-0.0005517555603888727
0.02812,0.1367,0.229,-0.08105,3.523,-0.1428,-0.12195,1.0,1.0,-0.1877,-0.2289,0.4033,0.0,-0.05582,0.7715,-0.5073,-0.5195,0.1628,0.372,0.4065999999999999,-0.5703,0.0,0.834,-1.332,-0.95,-0.9746,1.0,-1.0,-0.966,0.0,-0.3176,0.2161,-0.7505,0.00806,0.0,0.0,-0.5,0.05365,-0.204,0.0908,1.0,0.0,0.0,0.0,0.0,0.27,0.2987000000000001,-0.0317465923726558,0.4383465923726558,-0.003220725597718776
0.0735,0.3904,0.3032,-0.0805,1.377,0.0,-0.11383,1.0,1.0,-0.246,-0.2964,0.4321,0.0,-0.05536,0.73,-0.51,-0.523,0.4258,0.3777,0.6691,-0.5703,0.4065,0.0,0.834,-0.95,-0.9746,1.0,-1.0,-0.9663,0.0,-0.317,0.601,-1.025,0.00907,1.0,0.5,0.0,-0.178,0.10626,0.5435,2.0,0.0,0.0,0.0,0.0,0.3005,-0.1419588,-0.0013355598784983,0.6704355598784983,-0.00013549397168278847
-0.005444,0.313,0.2979,-0.0801,-0.04193,0.1428,-0.1057,1.0,1.0,-0.2478,-0.2854,0.4321,0.0,-0.0549,-0.844,-0.51,-0.5264,0.3794,0.3816,0.0001,-0.5703,0.669,0.4065,0.0,-0.95,-0.9746,0.0,0.0,-0.9663,0.0,-0.317,0.601,-1.025,0.0,1.0,0.0,0.0,-0.2073,0.02419,0.5435,0.0,0.0,0.0,0.0,0.0,0.0,-0.1063747999999999,-0.0436637885868549,0.0437637885868549,-0.004429737842231917
0.00782,0.153,0.2598,-0.0801,-0.3003,0.2856,-0.09753,1.0,1.0,-0.2152,-0.254,0.4204,0.0,-0.05444,0.0821,-0.51,-0.5303,0.1852,0.3872,-0.2621,-0.5703,0.0,0.669,0.4065,-0.95,-0.975,0.0,0.0,-0.9663,0.0,-0.3171,0.2019,-0.74,-0.005913,0.0,-0.5,-0.5,-0.08246,-0.10693,0.3801,0.0,1.0,0.0,0.0,0.0,-0.1918,-0.5621560000000002,-0.0092376582324504,-0.2528623417675495,-0.0009371702632833362
0.0961,-0.189,0.1759,-0.08014,-1.426,0.2856,-0.0894,0.0,1.0,-0.1366,-0.1874,0.3916,0.0,-0.05402,0.4495,-0.51,-0.533,-0.1603,0.389,-0.6605,-0.5703,-0.2622,0.0,0.669,-0.9497,-0.975,0.0,0.0,-0.966,0.0,-0.3179,0.04425,-0.6284,-0.01124,0.0,-1.0,-0.5,0.2147,-0.374,-0.05457,0.0,2.0,0.0,0.0,0.0,-0.3677,0.195476,0.0247562676668167,-0.6852562676668167,0.0025115497135110017
0.08185,-0.09064,0.2009,-0.08,-0.8423,0.2856,-0.0813,0.0,1.0,-0.1594,-0.2086,0.4033,0.0,-0.05356,-0.2377,-0.51,-0.535,-0.0704,0.3926,0.2701,-0.5703,-0.6606,-0.2622,0.0,-0.9497,-0.975,0.0,0.0,-0.966,0.0,-0.3176,0.2292,-0.7603,0.005623,0.0,-0.5,0.0,0.08954,-0.2432,0.0776,1.0,0.0,0.0,0.0,0.0,0.1877,-0.0640015999999999,-0.0048414994962513,0.2749414994962513,-0.0004911752787788939
0.143,-0.1747,0.1783,-0.0801,9.734,0.2856,-0.0732,0.0,1.0,-0.1349,-0.1935,0.3975,0.0,-0.0531,-0.2334,-0.51,-0.535,-0.1373,0.3926,-0.1337,-0.5703,0.2698,-0.6606,-0.2622,-0.9497,-0.975,0.0,0.0,-0.966,0.0,-0.3176,0.09454,-0.664,-0.00433,-1.0,-0.5,-0.5,0.0916,-0.345,-0.03882,0.0,1.0,0.0,0.0,0.0,-0.1434,0.307066,-0.0403075404465198,-0.0933924595534801,-0.0040892428949006925
0.007805,0.0867,0.2327,-0.0803,-2.86,0.2856,-0.06506,1.0,1.0,-0.1925,-0.2305,0.4204,0.0,-0.05264,-0.2502,-0.51,-0.535,0.1153,0.3933,0.5377,-0.5703,-0.1338,0.2698,-0.6606,-0.9497,-0.975,1.0,-1.0,-0.966,0.0,-0.3171,-0.0945,-0.529,0.01913,0.0,0.0,-0.5,-0.1106,-0.09064,0.3005,1.0,0.0,0.0,0.0,0.0,0.636,0.06247616,0.0213983915746212,0.5163016084253788,0.002170889608730212
-0.012115,0.03073,0.2102,-0.0806,-0.2224,0.2856,-0.05692,1.0,1.0,-0.1749,-0.209,0.4148,0.0,-0.05222,-0.246,-0.51,-0.535,0.07184,0.3914,-0.1321,-0.5703,0.537,-0.1338,0.2698,-0.9497,-0.975,0.0,0.0,-0.966,0.0,-0.3174,-0.198,-0.455,-0.0005865,0.0,-0.5,-1.0,-0.04678,-0.1577,0.1696,0.0,1.0,0.0,0.0,0.0,-0.01918,0.6545280000000001,0.0249603912234306,-0.1570603912234306,0.002532258265665722
-0.00545,0.4592,0.3105,-0.0806,4.22,0.2856,-0.04877,1.0,1.0,-0.2583,-0.2961,0.455,0.0,-0.05176,1.022,-0.51,-0.535,0.5503,0.3892,0.9291,-0.5703,-0.1321,0.537,-0.1338,-0.9497,-0.975,1.0,-1.0,-0.966,0.0,-0.3164,0.1772,-0.7227,0.01264,1.0,0.0,-0.5,-0.3687,0.2465,0.804,1.0,0.0,0.0,0.0,0.0,0.4153,0.8955816,0.0268369298428297,0.9022630701571704,0.0027226351066085702
-0.03014,1.142,0.4863,-0.08014,1.482,0.2856,-0.04065,1.0,1.0,-0.3967,-0.4348,0.5244,0.0,-0.0513,0.2993,-0.51,-0.535,1.128,0.4058,1.5481,-0.5703,0.9287,-0.1321,0.537,-0.949,-0.975,1.0,-1.0,-0.9653,0.0,-0.3147,0.655,-1.0625,0.08044,1.0,0.0,0.0,-0.8926,0.814,1.113,2.0,0.0,0.0,0.0,0.0,2.566,0.614488,-0.0125069469213485,1.5606069469213486,-0.0012688430816780404
0.000565,1.408,0.584,-0.079,0.366,0.4285,-0.03253,1.0,1.0,-0.465,-0.5103,0.5645,0.0,-0.05084,1.463,-0.509,-0.535,1.243,0.4333,0.8613999999999999,-0.5674,1.547,0.9287,-0.1321,-0.9487,-0.975,1.0,-1.0,-0.9653,0.0,-0.3137,1.368,-1.45,0.04233,2.0,0.0,0.5,-1.112,1.05,1.113,3.0,0.0,0.0,0.0,0.0,1.288,-0.4213159999999999,-0.0082414429634809,0.8696414429634809,-0.000836103163547241
0.1588,0.4885,0.3765,-0.07855,-0.5264,0.4285,-0.02438,1.0,1.0,-0.2979,-0.364,0.4895,0.0,-0.0504,1.602,-0.5044,-0.5347,0.2261,0.4512,-1.5579,-0.567,0.861,1.547,0.9287,-0.9487,-0.975,0.0,0.0,-0.9653,0.0,-0.3157,0.5366,-0.9785,-0.1024,1.0,0.0,0.0,-0.3196,0.3967,0.4805,0.0,1.0,0.0,0.0,0.0,-3.037,-1.2824079999999998,-0.0178531296551227,-1.5400468703448773,-0.0018112190122544366
0.3772,-0.4822,0.1422,-0.07855,-1.687,0.2856,-0.01627,0.0,1.0,-0.0843,-0.1799,0.4033,0.0,-0.04996,0.6035,-0.5034,-0.533,-0.596,0.4407,-1.8889,-0.567,-1.557,0.861,1.547,-0.9487,-0.975,0.0,0.0,-0.9653,0.0,-0.3176,-0.00983,-0.5894,-0.2344,1.0,0.0,0.0,0.587,-0.3635,-0.335,0.0,2.0,0.0,1.0,-7.91,-6.73,0.1642339999999999,0.0008888724842108,-1.889788872484211,9.017705993136517e-05
0.3342,-0.3635,0.1653,-0.07874,-0.1827,0.1428,-0.00813,0.0,1.0,-0.10815,-0.1974,0.4148,0.0,-0.0495,0.4211,-0.5024,-0.5317,-0.467,0.4402,0.2677,-0.567,-1.888,-1.557,0.861,-0.9487,-0.975,0.0,0.0,-0.9653,0.0,-0.3174,-0.0373,-0.57,0.01473,1.0,0.5,0.0,0.4226,-0.2366,-0.2198,1.0,0.0,0.0,0.0,0.0,0.4878,-0.12627424,-0.0208289697766304,0.2885289697766304,-0.0021131211610442287
0.3923,-0.766,0.05167,-0.07935,1.657,0.0,0.0,0.0,1.0,-0.00053,-0.09607,0.3745,0.0,-0.04904,0.8145,-0.5024,-0.5312,-0.855,0.4353,-0.9289,-0.5664,0.2676,-1.888,-1.557,-0.9487,-0.975,0.0,0.0,-0.9653,0.0,-0.3184,-0.3733,-0.3306,-0.0455,0.0,0.0,-0.5,0.8438,-0.561,-0.5684,0.0,1.0,0.0,0.0,0.0,-1.494,0.6360559999999998,-0.0159447882324457,-0.9129552117675545,-0.001617615743057683
0.4226,-0.3647,0.1354,-0.0797,-0.493,-0.1428,0.00813,0.0,1.0,-0.0746,-0.1774,0.409,0.0,-0.0486,0.09314,-0.503,-0.531,-0.464,0.434,0.8204,-0.5664,-0.9287,0.2676,-1.888,-0.9487,-0.975,1.0,-1.0,-0.9653,0.0,-0.3176,-0.198,-0.455,0.01394,0.0,0.5,0.0,0.4768,-0.1318,-0.249,1.0,0.0,0.0,0.0,0.0,0.4714,-0.059388,-0.0053494093008339,0.825749409300834,-0.0005427032692400217
0.476,-0.3557,0.1276,-0.0801,0.0995,-0.2856,0.01627,0.0,1.0,-0.0633,-0.1746,0.409,0.0,-0.04816,0.763,-0.5034,-0.5312,-0.4475,0.4326,0.0001,-0.5674,0.82,-0.9287,0.2676,-0.949,-0.975,0.0,0.0,-0.9653,0.0,-0.3176,-0.1475,-0.4912,0.0,0.0,0.0,0.0,0.4248,-0.1478,-0.285,0.0,0.0,0.0,0.0,0.0,0.0,-0.390548,-0.015051994472742,0.015151994472742,-0.001527040865552468
0.502,-0.7266,0.02968,-0.0804,1.578,-0.2856,0.02438,0.0,1.0,0.02895,-0.08374,0.3745,0.0,-0.0477,0.1276,-0.504,-0.5317,-0.8145,0.4314,-0.7999,-0.5674,0.0,0.82,-0.9287,-0.9497,-0.975,0.0,0.0,-0.9653,0.0,-0.3184,-0.1731,-0.4734,-0.01987,0.0,0.0,0.0,0.7734,-0.4395,-0.611,0.0,1.0,0.0,0.0,0.0,-0.6553,-0.8204920000000002,-0.0085699222981929,-0.7913300777018071,-0.0008694277417951982
0.682,-1.305,-0.1273,-0.0812,1.09,-0.2856,0.03253,0.0,1.0,0.199,0.0618,0.317,0.0,-0.04724,0.9067,-0.505,-0.532,-1.373,0.4246,-1.3669,-0.5654,-0.7993,0.0,0.82,-0.95,-0.975,0.0,0.0,-0.9653,0.0,-0.3198,-0.453,-0.2742,-0.06433,-1.0,-0.5,-0.5,1.394,-0.9224,-1.035,0.0,2.0,0.0,0.0,0.0,-2.176,-0.15022,-0.0128479767590761,-1.354052023240924,-0.0013034409218198129
0.7896,-1.365,-0.1631,-0.082,0.1869,-0.2856,0.04065,0.0,1.0,0.245,0.09155,0.3052,0.0,-0.0468,0.926,-0.505,-0.5327,-1.173,0.3926,-0.2855,-0.5635,-1.366,-0.7993,0.0,-0.9507,-0.975,0.0,0.0,-0.9653,0.0,-0.32,-0.4724,-0.2603,-0.0441,-1.0,-1.0,-0.5,1.409,-0.958,-0.9956,0.0,3.0,0.0,0.0,0.0,-1.558,0.9237880000000004,-0.0081291757524013,-0.2773708242475987,-0.0008247135354490767
0.797,-0.6743,-0.01901,-0.0826,-0.4417,-0.4285,0.04877,0.0,1.0,0.0993,-0.0599,0.3628,0.0,-0.04636,1.179,-0.505,-0.533,-0.4836,0.389,1.4401,-0.563,-0.2854,-1.366,-0.7993,-0.9507,-0.975,1.0,-1.0,-0.9653,0.0,-0.3186,-0.3164,-0.371,0.0561,-1.0,-1.0,-0.5,0.765,-0.1805,-0.509,1.0,0.0,0.0,0.0,0.0,2.0,0.299406,0.0202215947210788,1.419878405278921,0.002051502314968773
0.885,-0.816,-0.07117,-0.0833,0.3884,-0.5713,0.05692,0.0,1.0,0.158,-0.01396,0.3457,0.0,-0.0459,0.509,-0.5044,-0.533,-0.6655,0.3877,-0.4135,-0.5625,1.44,-0.2854,-1.366,-0.9507,-0.975,0.0,0.0,-0.966,0.0,-0.319,-0.3552,-0.3435,-0.00719,-1.0,-1.0,-0.5,0.88,-0.3472,-0.595,0.0,1.0,0.0,0.0,0.0,-0.2454,0.3057503999999998,0.0104524372145533,-0.4239524372145534,0.0010604108844279063
1.019,-0.5483,-0.0334,-0.08417,-0.2556,-0.7144,0.06506,0.0,1.0,0.1311,-0.0637,0.3628,0.0,-0.04544,2.906,-0.504,-0.533,-0.4275,0.3838,0.4191,-0.562,-0.4133,1.44,-0.2854,-0.951,-0.975,0.0,0.0,-0.966,0.0,-0.3186,-0.4568,-0.271,0.01337,0.0,-0.5,-0.5,0.5947,-0.1897,-0.4397,1.0,0.0,0.0,0.0,0.0,0.462,0.063604,-0.019944317638874,0.439044317638874,-0.0020233722597541868
1.116,-0.789,-0.1298,-0.0857,0.684,-0.857,0.0732,0.0,1.0,0.2363,0.02853,0.3284,0.0,-0.045,1.243,-0.502,-0.5327,-0.721,0.3748,-0.8269,-0.561,0.4187,-0.4133,1.44,-0.951,-0.975,0.0,0.0,-0.966,0.0,-0.3196,-0.9155,0.05618,-0.0136,0.0,-1.0,-1.0,0.915,-0.521,-0.6523,0.0,1.0,0.0,0.0,0.0,-0.464,1.055212,-0.0061432444490492,-0.8207567555509507,-0.0006232386902456498
0.9683,0.2042,0.0571,-0.08704,-1.366,-0.857,0.0813,1.0,1.0,0.04053,-0.1488,0.4033,0.0,-0.04456,0.4353,-0.4998,-0.5317,0.2476,0.365,1.8401,-0.561,-0.8267,0.4187,-0.4133,-0.951,-0.975,1.0,-1.0,-0.966,0.0,-0.3176,-0.7285,-0.07666,0.0496,1.0,-0.5,-1.0,0.11743,0.2793,-0.11755,1.0,0.0,0.0,0.0,0.0,1.736,-0.0521639999999999,0.0223785601556301,1.81772143984437,0.002270328754887333
0.9253,0.2152,0.03445,-0.08795,0.1744,-0.857,0.0894,1.0,1.0,0.05832,-0.12335,0.3975,0.0,-0.0441,1.118,-0.4985,-0.5303,0.3333,0.352,-0.1337,-0.561,1.839,-0.8267,0.4187,-0.9507,-0.975,0.0,0.0,-0.966,0.0,-0.3179,-0.5083,-0.2336,-0.005043,0.0,-1.0,-1.0,0.0943,0.1049,-0.1587,0.0,1.0,0.0,0.0,0.0,-0.167,-0.0406799999999999,-0.0248356461524963,-0.1088643538475036,-0.002519602745399761
0.8174,0.2201,0.02663,-0.08826,0.1509,-0.7144,0.09753,1.0,1.0,0.05707,-0.1068,0.3975,0.0,-0.04364,0.4421,-0.4968,-0.529,0.4453,0.3428,0.0001,-0.5615,-0.1338,1.839,-0.8267,-0.9507,-0.975,0.0,0.0,-0.966,0.0,-0.3179,-0.126,-0.507,0.0,0.0,-1.0,-1.0,0.0909,0.07947,-0.1505,0.0,0.0,0.0,0.0,0.0,0.0,-0.1340012,-0.0273433290421962,0.0274433290421962,-0.00277400984456214
0.74,1.225,0.2544,-0.0881,3.693,-0.5713,0.1057,1.0,1.0,-0.1521,-0.3098,0.4895,0.0,-0.0432,1.285,-0.496,-0.5273,1.515,0.3433,2.1501,-0.5605,0.0,-0.1338,1.839,-0.95,-0.975,1.0,-1.0,-0.966,0.0,-0.3157,0.246,-0.771,0.0829,0.0,-0.5,-1.0,-0.6543,0.953,0.4578,1.0,0.0,0.0,0.0,0.0,2.758,-0.4847159999999998,0.0106533654034137,2.1394466345965863,0.0010807952631218336
0.752,0.8765,0.1853,-0.08777,-0.1512,-0.4285,0.11383,1.0,1.0,-0.0923,-0.25,0.4666,0.0,-0.04276,0.361,-0.4963,-0.526,1.244,0.3435,-0.5039,-0.56,2.148,0.0,-0.1338,-0.9497,-0.975,0.0,0.0,-0.966,0.0,-0.3162,0.34,-0.839,-0.00771,0.0,-0.5,-1.0,-0.3892,0.653,0.2927,0.0,1.0,0.0,0.0,0.0,-0.2402,-0.0033599999999999,-0.0200727470219135,-0.4838272529780865,-0.0020364015574060135
0.6733,1.01,0.2214,-0.0875,0.282,-0.2856,0.12195,1.0,1.0,-0.1295,-0.2756,0.484,0.0,-0.0423,-0.6113,-0.497,-0.525,1.458,0.3425,0.3838999999999999,-0.561,-0.5034,2.148,0.0,-0.9497,-0.975,0.0,0.0,-0.966,0.0,-0.316,0.2725,-0.79,0.0011015,0.0,0.0,-1.0,-0.4607,0.7603,0.4495,1.0,0.0,0.0,0.0,0.0,0.03488,-0.5803320000000002,-0.0084724267944693,0.3923724267944693,-0.0008595367191361632
0.6934,0.6396,0.1399,-0.08746,-0.2291,-0.1428,0.1301,1.0,1.0,-0.05695,-0.204,0.455,0.0,-0.04184,0.374,-0.499,-0.5244,1.098,0.3442,-0.6322,-0.565,0.3838,-0.5034,2.148,-0.949,-0.975,0.0,0.0,-0.966,0.0,-0.3164,0.11755,-0.6797,-0.01219,0.0,-0.5,-1.0,-0.1527,0.4316,0.3555,0.0,1.0,0.0,0.0,0.0,-0.3816,-0.8946667999999997,0.0047720144502818,-0.6369720144502818,0.000484125946882555
0.8174,-0.03894,-0.01347,-0.0875,-0.8726,0.0,0.1382,1.0,1.0,0.0956,-0.06714,0.3975,0.0,-0.0414,0.4421,-0.502,-0.525,0.4402,0.3433,-1.2899,-0.5664,-0.632,0.3838,-0.5034,-0.949,-0.975,0.0,0.0,-0.966,0.0,-0.3179,0.0066,-0.601,-0.007442,0.0,-0.5,-1.0,0.415,-0.1423,-0.0898,0.0,2.0,0.0,0.0,0.0,-0.2375,-0.6274759999999998,-0.0160896331071853,-1.273810366892815,-0.0016323104098205329
0.9297,-0.5933,-0.1375,-0.0875,-13.85,0.0,0.1464,0.0,1.0,0.2294,0.0523,0.3513,0.0,-0.04095,1.2,-0.506,-0.5254,-0.124,0.3455,-1.0749,-0.566,-1.289,-0.632,0.3838,-0.949,-0.975,0.0,0.0,-0.966,0.0,-0.319,0.06076,-0.6406,-0.02757,-1.0,-1.0,-1.0,0.8984,-0.54,-0.4805,0.0,3.0,0.0,0.0,0.0,-0.9165,-0.14014,-0.0267770364880561,-1.0481229635119438,-0.0027165588619966056
0.867,-0.752,-0.1735,-0.0875,0.464,0.0,0.1544,0.0,1.0,0.2625,0.0966,0.3398,0.0,-0.0405,-0.1888,-0.507,-0.527,-0.599,0.3757,-0.2779,-0.5654,-1.074,-1.289,-0.632,-0.9497,-0.975,0.0,0.0,-0.966,0.0,-0.3193,0.06076,-0.6406,-0.00961,-1.0,-1.0,-1.0,0.906,-0.6587,-0.5425,0.0,4.0,0.0,0.0,0.0,-0.3308,0.0720239999999999,-0.0347563363611698,-0.2431436636388302,-0.0035260673299147825
0.737,-0.7954,-0.1946,-0.08795,0.2024,0.0,0.1626,0.0,1.0,0.2744,0.1307,0.334,0.0,-0.04004,-0.5386,-0.508,-0.5283,-0.681,0.3772,-0.1403,-0.5654,-0.278,-1.074,-1.289,-0.95,-0.975,0.0,0.0,-0.966,0.0,-0.3193,-0.2394,-0.4263,-0.003534,-2.0,-1.5,-1.5,0.8896,-0.667,-0.5645,0.0,5.0,0.0,0.0,0.0,-0.1227,1.6179880000000006,-0.0032160957343876,-0.1370839042656123,-0.00032627633652354055
0.7183,0.2507,0.0459,-0.08765,-1.432,0.1428,0.1708,1.0,1.0,0.03096,-0.1174,0.4321,0.0,-0.0396,1.719,-0.5083,-0.53,0.3894,0.3809,2.3951,-0.565,-0.1403,-0.278,-1.074,-0.95,-0.975,1.0,-1.0,-0.966,0.0,-0.3171,0.2717,-0.79,0.0525,-1.0,-1.0,-1.0,-0.02805,0.4558,0.263,1.0,0.0,0.0,0.0,0.0,1.83,0.314816,-0.023355022072792,2.4184550220727923,-0.0023693918560505835
0.4568,0.5557,0.1246,-0.0873,1.115,0.2856,0.1788,1.0,1.0,-0.0622,-0.1703,0.4666,0.0,-0.03915,0.361,-0.508,-0.5312,0.666,0.3904,0.7867,-0.564,2.395,-0.1403,-0.278,-0.95,-0.975,1.0,-1.0,-0.966,0.0,-0.3162,0.3308,-0.832,0.011635,0.0,-0.5,-1.0,-0.3035,0.7266,0.503,2.0,0.0,0.0,0.0,0.0,0.3774,-1.3400760000000005,0.0185047909617424,0.7681952090382576,0.0018773307456536
0.7275,-0.643,-0.1439,-0.0873,-1.877,0.2856,0.187,0.0,1.0,0.22,0.0759,0.3628,0.0,-0.0387,2.564,-0.5063,-0.533,-0.5264,0.3926,-2.3029,-0.564,0.786,2.395,-0.1403,-0.95,-0.975,0.0,0.0,-0.966,0.0,-0.3186,0.0309,-0.619,-0.04617,0.0,-1.0,-1.0,0.759,-0.2632,-0.332,0.0,1.0,0.0,0.0,0.0,-1.462,1.0606760000000002,0.0340128019452095,-2.336912801945209,0.0034506349717530653
0.578,-0.00711,-0.006268,-0.0874,-1.076,0.2856,0.1951,1.0,1.0,0.06946,-0.05457,0.4204,0.0,-0.03827,1.079,-0.5054,-0.5347,0.1234,0.3926,1.3791,-0.565,-2.303,0.786,2.395,-0.95,-0.975,1.0,-1.0,-0.966,0.0,-0.3174,-0.02995,-0.575,0.03323,1.0,-0.5,-1.0,0.2228,0.3938,0.09955,1.0,0.0,0.0,0.0,0.0,1.134,-0.3641680000000001,-0.0283191725611686,1.4074191725611689,-0.0028730102085706396
0.5796,-0.3877,-0.0999,-0.08777,-5.348,0.1428,0.2032,0.0,1.0,0.1626,0.04126,0.386,0.0,-0.0378,0.4565,-0.5044,-0.5347,-0.2927,0.395,-0.7929,-0.5664,1.378,-2.303,0.786,-0.95,-0.975,0.0,0.0,-0.966,0.0,-0.318,-0.1355,-0.5,-0.02588,1.0,-1.0,-1.0,0.6104,0.096,-0.2334,0.0,1.0,0.0,0.0,0.0,-0.846,-0.914468,-0.0130567885935306,-0.7798432114064694,-0.0013246251047532066
0.628,-0.8633,-0.2219,-0.0884,1.793,0.0,0.2032,0.0,0.0,0.2957,0.1704,0.3398,0.0,-0.03735,-0.5415,-0.504,-0.5347,-0.7812,0.3923,-1.0839,-0.566,-0.7925,1.378,-2.303,-0.95,-0.9756,0.0,0.0,-0.966,0.0,-0.3193,-0.2852,-0.3936,-0.0193,0.0,-1.0,-1.0,1.009,-0.405,-0.63,0.0,2.0,0.0,1.0,-6.56,-0.6475,0.09998,-0.0109604001045227,-1.0729395998954774,-0.0011119442604580463
0.4873,-0.7476,-0.2281,-0.0896,-0.02498,-0.1428,0.2032,0.0,0.0,0.291,0.1891,0.3398,0.0,-0.0369,-0.1888,-0.505,-0.5347,-0.6587,0.381,0.0001,-0.566,-1.084,-0.7925,1.378,-0.95,-0.9756,0.0,0.0,-0.966,0.0,-0.3193,-0.6714,-0.11816,0.0,-1.0,-1.0,-1.5,0.925,-0.3745,-0.624,0.0,0.0,0.0,0.0,0.0,0.0,0.298528,0.0128592979162931,-0.0127592979162931,0.0013045894652734403
0.4412,-0.525,-0.2054,-0.0906,-0.2235,-0.2856,0.2114,0.0,1.0,0.2625,0.1672,0.3513,0.0,-0.03647,0.1514,-0.506,-0.5347,-0.4487,0.3738,0.2806,-0.5654,0.0,-1.084,-0.7925,-0.95,-0.9756,0.0,0.0,-0.966,0.0,-0.319,-0.5474,-0.2064,0.004154,0.0,-0.5,-1.0,0.7485,-0.2103,-0.514,1.0,0.0,0.0,0.0,0.0,0.1442,-0.2538924800000001,-0.0168617200106382,0.2974617200106382,-0.0017106394482390315
0.431,-0.5425,-0.2396,-0.0918,0.1758,-0.4285,0.2114,0.0,0.0,0.2993,0.2068,0.3398,0.0,-0.036,-0.844,-0.5073,-0.5347,-0.5605,0.372,-0.2779,-0.566,0.2805,0.0,-1.084,-0.9507,-0.9756,0.0,0.0,-0.966,0.0,-0.3193,-0.6665,-0.1215,-0.001595,-1.0,-0.5,-1.5,0.811,-0.3115,-0.6265,0.0,1.0,0.0,0.0,0.0,-0.05487,0.37624,0.0418871380388736,-0.3197871380388737,0.004249494752488116
0.4045,-0.263,-0.202,-0.09265,-0.514,-0.5713,0.2195,0.0,1.0,0.2559,0.1665,0.3572,0.0,-0.03555,0.4934,-0.5083,-0.5347,-0.2786,0.3647,0.4211,-0.5654,-0.278,0.2805,0.0,-0.9507,-0.9756,0.0,0.0,-0.966,0.0,-0.3188,-0.4917,-0.246,0.013435,0.0,0.0,-1.0,0.5444,-0.1444,-0.4482,1.0,0.0,0.0,0.0,0.0,0.4666,0.1305531999999999,0.0028297989629209,0.418270201037079,0.0002870861177569259
0.3682,-0.1675,-0.1932,-0.0931,-0.428,-0.7144,0.2277,0.0,1.0,0.2435,0.1597,0.3628,0.0,-0.0351,0.1394,-0.51,-0.5347,-0.1838,0.362,0.1384999999999999,-0.5654,0.4207,-0.278,0.2805,-0.951,-0.9756,0.0,0.0,-0.966,0.0,-0.3188,-0.2498,-0.4187,0.004147,1.0,0.0,-0.5,0.4167,-0.1154,-0.3804,2.0,0.0,0.0,0.0,0.0,0.1421,-0.2831379999999999,0.059319894760847,0.0791801052391528,0.006018066483091365
0.3296,-0.3015,-0.2277,-0.0933,1.795,-0.7144,0.2277,0.0,0.0,0.2778,0.2015,0.3513,0.0,-0.03467,0.501,-0.51,-0.535,-0.3074,0.3613,-0.2755,-0.565,0.1384,0.4207,-0.278,-0.951,-0.9756,0.0,0.0,-0.966,0.0,-0.319,-0.0945,-0.53,-0.002867,1.0,-0.5,-0.5,0.516,-0.214,-0.455,0.0,1.0,0.0,0.0,0.0,-0.09784,-0.5874959999999999,-0.0063916672952473,-0.2691083327047527,-0.0006484414524954189
0.5054,-0.748,-0.333,-0.0937,2.299,-0.7144,0.2277,0.0,0.0,0.4119,0.3105,0.311,0.0,-0.0342,1.276,-0.51,-0.535,-0.6616,0.3516,-0.9735,-0.566,-0.2756,0.1384,0.4207,-0.951,-0.9756,0.0,0.0,-0.9663,0.0,-0.32,-0.2255,-0.4365,-0.0817,0.0,-0.5,-0.5,0.9517,-0.5586,-0.75,0.0,2.0,0.0,0.0,0.0,-2.812,0.0784457599999999,0.0007481589564122,-0.9742481589564124,7.590152271444431e-05
0.5635,-0.9175,-0.3806,-0.0942,0.4053,-0.7144,0.2277,0.0,0.0,0.4734,0.3643,0.2937,0.0,-0.03375,-0.1504,-0.5083,-0.535,-0.7817,0.3442,-0.4301,-0.566,-0.973,-0.2756,0.1384,-0.951,-0.9756,0.0,0.0,-0.9663,0.0,-0.3203,-0.2734,-0.4026,-0.02168,0.0,-1.0,-0.5,0.9766,-0.7896,-0.832,0.0,3.0,0.0,0.0,0.0,-0.7695,0.6247120000000002,-0.0070413504727184,-0.4230586495272815,-0.0007143525025862855
0.3384,-0.555,-0.329,-0.09515,-0.3296,-0.857,0.2277,0.0,0.0,0.394,0.3198,0.317,0.0,-0.0333,0.1888,-0.507,-0.535,-0.4492,0.3386,0.5816,-0.568,-0.4302,-0.973,-0.2756,-0.951,-0.9756,1.0,-1.0,-0.9663,0.0,-0.3198,-0.698,-0.09906,0.00909,0.0,-0.5,-0.5,0.647,-0.4807,-0.6006,1.0,0.0,0.0,0.0,0.0,0.3271,-0.52919,-0.0269414447247982,0.6085414447247982,-0.0027332382526642847
0.4124,-0.7505,-0.4048,-0.09656,0.573,-1.0,0.2277,0.0,0.0,0.4907,0.4075,0.288,0.0,-0.03287,0.956,-0.5054,-0.5347,-0.6973,0.3308,-0.7139,-0.569,0.581,-0.4302,-0.973,-0.9517,-0.9756,0.0,0.0,-0.967,0.0,-0.3206,-1.044,0.147,-0.0277,-1.0,-0.5,-1.0,0.8154,-0.8477,-0.8354,0.0,1.0,0.0,0.0,0.0,-0.9785,-0.85666,0.0204973835498094,-0.7343973835498094,0.0020794813852838155
0.3767,-1.267,-0.536,-0.09753,0.9575,-1.0,0.2277,0.0,0.0,0.6567,0.5845,0.2362,0.0,-0.0324,1.433,-0.504,-0.5337,-1.188,0.32,-1.3139,-0.5664,-0.714,0.581,-0.4302,-0.9517,-0.9756,0.0,0.0,-0.967,0.0,-0.3218,-0.8657,0.01962,-0.04822,-1.0,-0.5,-1.0,1.321,-1.379,-1.146,0.0,2.0,0.0,0.0,0.0,-1.743,-1.0792800000000002,-0.0648263022303581,-1.249073697769642,-0.0065766973837041685
0.551,-1.64,-0.653,-0.09924,0.4702,-1.143,0.2277,0.0,0.0,0.8335,0.738,0.1901,0.0,-0.03195,2.732,-0.501,-0.5317,-1.514,0.2993,-1.2189,-0.5625,-1.313,-0.714,0.581,-0.952,-0.976,0.0,0.0,-0.967,0.0,-0.3228,-1.473,0.503,-0.05902,-1.0,-1.0,-1.5,1.777,-1.808,-1.249,0.0,3.0,0.0,0.0,0.0,-2.225,-0.6060555599999999,-0.0074137416668236,-1.2114862583331765,-0.0007521319857239066
0.54,-1.618,-0.684,-0.10077,0.1181,-1.143,0.2277,0.0,0.0,0.879,0.786,0.1786,0.0,-0.0315,0.361,-0.4985,-0.529,-1.505,0.286,-0.3166,-0.559,-1.218,-1.313,-0.714,-0.9526,-0.976,0.0,0.0,-0.9673,0.0,-0.323,-1.473,0.4658,-0.00703,-1.0,-1.0,-1.5,1.72,-1.84,-1.118,0.0,4.0,0.0,0.0,0.0,-0.2754,-1.4505279999999998,-0.0044049439020454,-0.3121950560979545,-0.00044688624893336884
0.8745,-2.307,-0.884,-0.1025,0.695,-1.143,0.2277,0.0,0.0,1.225,1.088,0.0979,0.0,-0.03105,2.643,-0.4946,-0.5254,-2.123,0.258,-2.2379,-0.553,-0.3164,-1.218,-1.313,-0.9536,-0.976,0.0,0.0,-0.9673,0.0,-0.325,-1.473,0.5186,-0.1404,-2.0,-1.5,-1.5,2.768,-2.066,-1.282,0.0,5.0,0.0,0.0,0.0,-5.555,0.677548,-0.0105344410985708,-2.227365558901429,-0.0010687302657733828
0.924,-1.969,-0.8296,-0.104,-0.0748,-1.143,0.2277,0.0,0.0,1.137,0.9893,0.121,0.0,-0.03061,1.292,-0.4915,-0.522,-1.822,0.2505,0.6880999999999999,-0.551,-2.238,-0.3164,-1.218,-0.954,-0.9766,0.0,0.0,-0.968,0.0,-0.3245,-1.346,0.361,0.00972,-1.0,-1.5,-1.0,2.223,-2.053,-1.019,1.0,0.0,0.0,0.0,0.0,0.4136,0.654764,-0.0200567226856946,0.7081567226856946,-0.002034775871435033
0.8384,-1.51,-0.7744,-0.10547,-0.1263,-1.143,0.2277,0.0,0.0,1.041,0.905,0.144,0.0,-0.03015,-0.2107,-0.489,-0.52,-1.474,0.2454,0.6734,-0.5513,0.6875,-2.238,-0.3164,-0.9546,-0.9766,0.0,0.0,-0.968,0.0,-0.324,-1.245,0.2896,0.005463,0.0,-1.0,-1.0,1.749,-1.523,-0.8374,2.0,0.0,0.0,0.0,0.0,0.2275,-0.177948,-0.0137178841978311,0.6871178841978312,-0.001391693957697056
0.9976,-1.485,-0.8037,-0.10693,0.1147,-1.143,0.2277,0.0,0.0,1.101,0.94,0.1324,0.0,-0.02971,0.8467,-0.4875,-0.518,-1.57,0.2411,-0.3297,-0.55,0.673,0.6875,-2.238,-0.9546,-0.977,0.0,0.0,-0.9683,0.0,-0.3242,-1.245,0.2893,-0.003704,0.0,-1.0,-1.0,1.751,-1.531,-0.804,0.0,1.0,0.0,0.0,0.0,-0.1511,-0.1936718399999999,-0.0149804688990116,-0.3147195311009884,-0.001519784519942177
1.15,-1.717,-0.8887,-0.10864,0.3096,-1.143,0.2277,0.0,0.0,1.255,1.074,0.0979,0.0,-0.02925,1.778,-0.486,-0.5166,-1.876,0.2294,-0.9994,-0.549,-0.3296,0.673,0.6875,-0.955,-0.977,0.0,0.0,-0.9688,0.0,-0.325,-1.472,0.451,-0.0122,0.0,-1.0,-1.5,2.117,-1.799,-0.878,0.0,2.0,0.0,0.0,0.0,-0.503,0.910832,0.0033580590970814,-1.0027580590970817,0.0003406786708213147
1.098,-1.0625,-0.8047,-0.1102,-0.2937,-1.143,0.2277,0.0,0.0,1.11,0.9336,0.1324,0.0,-0.02881,0.4282,-0.485,-0.5156,-1.294,0.2174,1.0321,-0.5493,-0.999,-0.3296,0.673,-0.955,-0.9775,0.0,0.0,-0.9688,0.0,-0.3242,-1.238,0.2844,0.01643,1.0,-1.0,-1.5,1.5205,-1.117,-0.66,1.0,0.0,0.0,0.0,0.0,0.699,0.3870919999999999,0.0379703901708126,0.9941296098291874,0.003852136510998867
1.004,-0.722,-0.778,-0.1117,-0.2378,-1.143,0.2277,0.0,0.0,1.06,0.8965,0.144,0.0,-0.02835,-0.0035,-0.4854,-0.5146,-1.093,0.2131,0.3334,-0.549,1.031,-0.999,-0.3296,-0.955,-0.9775,0.0,0.0,-0.9688,0.0,-0.3237,-1.124,0.203,0.002659,1.0,-0.5,-1.0,1.222,-0.8955,-0.559,2.0,0.0,0.0,0.0,0.0,0.10956,1.143328,0.0085894111543893,0.3248105888456106,0.0008714049070066705
0.844,0.1578,-0.6387,-0.1125,-1.334,-1.0,0.2277,1.0,0.0,0.837,0.693,0.2017,0.0,-0.02791,-0.06445,-0.4849,-0.5137,-0.06946,0.1918,1.6481,-0.55,0.333,1.031,-0.999,-0.955,-0.9775,1.0,-1.0,-0.969,0.0,-0.3225,-0.617,-0.1581,0.0222,1.0,0.0,-0.5,0.508,-0.05826,-0.2612,3.0,0.0,1.0,0.0,6.25,0.906,1.935708,-0.0159110873937606,1.6640110873937606,-0.0016141967570908245
0.9634,1.547,-0.3887,-0.11255,6.34,-0.857,0.2277,1.0,0.0,0.515,0.3413,0.3052,0.0,-0.02745,2.906,-0.485,-0.512,1.411,0.1838,2.7441000000000004,-0.551,1.648,0.333,1.031,-0.9546,-0.9775,1.0,-1.0,-0.969,0.0,-0.32,-0.04825,-0.563,0.08716,2.0,0.5,0.0,-0.484,1.137,0.2563,4.0,0.0,0.0,0.0,0.0,3.383,0.5955320000000001,0.0249039120972156,2.7191960879027848,0.002526528398176255
0.9116,1.702,-0.364,-0.11273,0.2355,-0.7144,0.2277,1.0,0.0,0.4812,0.315,0.317,0.0,-0.02701,-0.17,-0.4866,-0.5117,1.568,0.1836,0.2880999999999999,-0.5513,2.744,1.648,0.333,-0.954,-0.9775,0.0,0.0,-0.969,0.0,-0.3196,-0.0945,-0.53,0.004135,3.0,1.0,0.0,-0.533,1.131,0.3247,5.0,0.0,0.0,0.0,0.0,0.1475,-1.5273560000000002,0.0184936113655567,0.2696063886344432,0.0018761965637173219
1.216,0.5933,-0.5767,-0.11316,-0.531,-0.5713,0.2277,1.0,0.0,0.7793,0.572,0.2303,0.0,-0.02655,2.6,-0.489,-0.5117,0.512,0.177,-2.1429,-0.5527,0.288,2.744,1.648,-0.954,-0.9775,0.0,0.0,-0.969,0.0,-0.3218,-0.3076,-0.379,-0.07697,2.0,1.0,0.0,0.482,0.2217,-0.0725,0.0,1.0,0.0,0.0,0.0,-2.719,0.1273240000000001,0.0003274302580393,-2.143227430258039,3.321814830252967e-05
1.11,0.6714,-0.565,-0.1133,0.257,-0.4285,0.2277,1.0,0.0,0.7544,0.564,0.2362,0.0,-0.02611,0.2847,-0.4917,-0.5117,0.6753,0.1709,0.1532,-0.555,-2.14,0.288,2.744,-0.9536,-0.978,0.0,0.0,-0.969,0.0,-0.3215,-0.0945,-0.531,0.0009303,2.0,1.0,0.5,0.3623,0.2288,-0.001073,1.0,0.0,0.0,0.0,0.0,0.03522,-0.4696239999999999,-0.0140571258962154,0.1672571258962154,-0.0014261103891985674
0.976,0.3364,-0.6235,-0.1132,-0.3423,-0.2856,0.2277,1.0,0.0,0.825,0.659,0.2131,0.0,-0.02565,0.3142,-0.4944,-0.5127,0.3816,0.1698,-0.6093000000000001,-0.5576,0.153,-2.14,0.288,-0.953,-0.978,0.0,0.0,-0.9697,0.0,-0.3223,0.002106,-0.6,-0.003355,1.0,0.5,0.5,0.6353,-0.007507,-0.0905,0.0,1.0,0.0,0.0,0.0,-0.1265,0.6249719999999997,-0.0099661517888307,-0.5993338482111693,-0.0010110767102262253
0.903,0.734,-0.5425,-0.1129,1.15,-0.1428,0.2277,1.0,0.0,0.7075,0.55,0.2477,0.0,-0.0252,-0.2986,-0.4973,-0.5137,0.835,0.1707,0.9317,-0.5586,-0.609,0.153,-2.14,-0.953,-0.978,1.0,-1.0,-0.9697,0.0,-0.3213,0.183,-0.7285,0.00519,1.0,1.0,1.0,0.1757,0.3203,0.1512,1.0,0.0,0.0,0.0,0.0,0.1996,-0.8445560000000003,0.0047997231595218,0.9269002768404782,0.00048693702493721517
0.907,0.01236,-0.657,-0.1123,-0.8125,0.0,0.2277,1.0,0.0,0.8687,0.7153,0.2017,0.0,-0.02475,1.118,-0.4995,-0.516,-0.0851,0.193,-1.2069,-0.5596,0.931,-0.609,0.153,-0.953,-0.9785,0.0,0.0,-0.9697,0.0,-0.3225,0.35,-0.8486,-0.02448,0.0,1.0,1.0,0.731,-0.165,-0.1134,0.0,1.0,0.0,0.0,0.0,-0.914,-0.057582,-0.0123256854712963,-1.1945743145287038,-0.001250453914575949
0.7812,-0.0649,-0.66,-0.11194,-0.7476,0.1428,0.2277,1.0,0.0,0.8623,0.7295,0.2017,0.0,-0.0243,-0.4585,-0.502,-0.519,-0.158,0.1985,0.0001,-0.5615,-1.206,0.931,-0.609,-0.953,-0.9785,0.0,0.0,-0.9697,0.0,-0.3225,0.2678,-0.7896,0.0,0.0,0.5,0.5,0.6675,-0.1642,-0.07196,0.0,0.0,0.0,0.0,0.0,0.0,0.0194519999999999,-0.0705943033099174,0.0706943033099174,-0.007161867234582626
0.7812,-0.11957,-0.6626,-0.11163,-3.416,0.1428,0.2277,0.0,0.0,0.866,0.734,0.2017,0.0,-0.02385,-0.06445,-0.5044,-0.522,-0.1871,0.2007,0.0001,-0.5625,0.0,-1.206,0.931,-0.9536,-0.9785,0.0,0.0,-0.9697,0.0,-0.3225,0.1772,-0.725,0.0,-1.0,0.0,0.0,0.6226,-0.1495,-0.0366,0.0,0.0,0.0,0.0,0.0,0.0,0.1659939999999999,-0.0087164733558893,0.0088164733558893,-0.0008842955026356373
0.696,-0.04324,-0.6377,-0.1112,-1.999,0.2856,0.2277,1.0,0.0,0.823,0.703,0.2131,0.0,-0.0234,-0.0759,-0.5073,-0.5254,-0.09174,0.205,0.3136,-0.563,0.0,0.0,-1.206,-0.9536,-0.9785,0.0,0.0,-0.9697,0.0,-0.3223,0.286,-0.8027,0.003302,0.0,0.0,0.5,0.4358,-0.0261,0.0619,1.0,0.0,0.0,0.0,0.0,0.1282,-0.5047619999999998,0.0135942697525024,0.3000057302474975,0.001379153140602593
0.7007,-0.5737,-0.7236,-0.1108,-14.76,0.2856,0.2277,0.0,0.0,0.9507,0.8345,0.1786,0.0,-0.02295,0.763,-0.509,-0.5283,-0.6123,0.2104,-0.9315,-0.563,0.3135,0.0,0.0,-0.9536,-0.9785,0.0,0.0,-0.97,0.0,-0.323,0.286,-0.8027,-0.009796,-1.0,-0.5,0.5,0.8193,-0.407,-0.1998,0.0,1.0,0.0,0.0,0.0,-0.3765,-0.726594,-0.0066626938059926,-0.9248373061940074,-0.0006759373805802751
0.772,-1.038,-0.8086,-0.1108,1.142,0.2856,0.2277,0.0,0.0,1.09,0.9663,0.144,0.0,-0.0225,0.825,-0.509,-0.5312,-1.101,0.2139,-0.9594,-0.5625,-0.931,0.3135,0.0,-0.954,-0.979,0.0,0.0,-0.97,0.0,-0.3237,-0.04016,-0.571,-0.01136,-1.0,-1.0,0.0,1.225,-0.737,-0.448,0.0,2.0,0.0,0.0,0.0,-0.4497,0.033012,-0.0150362886488437,-0.9443637113511564,-0.0015254474929955416
0.7393,-1.038,-0.809,-0.1108,0.1333,0.2856,0.2277,0.0,0.0,1.089,0.9697,0.144,0.0,-0.02205,-0.418,-0.5093,-0.5327,-1.017,0.2069,0.0001,-0.5635,-0.959,-0.931,0.3135,-0.954,-0.979,0.0,0.0,-0.9697,0.0,-0.3237,-0.0945,-0.5317,0.0,-1.0,-1.0,-0.5,1.062,-0.7383,-0.482,0.0,0.0,0.0,0.0,0.0,0.0,0.41726976,-0.0171851515769958,0.0172851515769958,-0.0017434519250129304
0.7637,-1.129,-0.837,-0.11127,0.2347,0.1428,0.2277,0.0,0.0,1.137,1.016,0.1324,0.0,-0.0216,1.266,-0.5093,-0.534,-1.127,0.2037,-0.3297,-0.564,0.0,-0.959,-0.931,-0.9546,-0.979,0.0,0.0,-0.9697,0.0,-0.324,-0.467,-0.2659,-0.00496,-1.0,-1.5,-1.0,0.999,-0.9473,-0.583,0.0,1.0,0.0,0.0,0.0,-0.2024,0.329864,-0.0204593800008296,-0.3092406199991703,-0.0020756258847763396
0.3289,-0.9756,-0.837,-0.1124,-0.02324,0.0,0.2277,0.0,0.0,1.102,1.051,0.1324,0.0,-0.02115,-0.828,-0.5093,-0.535,-1.01,0.1942,0.0001,-0.5635,-0.3296,0.0,-0.959,-0.9546,-0.9795,0.0,0.0,-0.9697,0.0,-0.324,-1.349,0.363,0.0,-2.0,-1.5,-1.5,0.9033,-0.8794,-0.574,0.0,0.0,0.0,0.0,0.0,0.0,0.6791319999999998,-0.0112504474818706,0.0113504474818706,-0.0011413698757118018
0.383,-0.953,-0.864,-0.1137,0.10645,-0.1428,0.2277,0.0,0.0,1.151,1.093,0.121,0.0,-0.0207,0.4458,-0.5093,-0.535,-1.03,0.1836,-0.3332,-0.5635,0.0,-0.3296,0.0,-0.955,-0.9795,0.0,0.0,-0.97,0.0,-0.3242,-1.473,0.4822,-0.001966,-2.0,-1.5,-2.0,0.8657,-1.066,-0.656,0.0,1.0,0.0,0.0,0.0,-0.0811,0.8508919999999998,0.013504683971405,-0.346704683971405,0.001370064567725696
0.10803,-0.2708,-0.752,-0.1141,-0.703,-0.2856,0.2277,0.0,0.0,0.9473,0.9287,0.167,0.0,-0.02025,0.3774,-0.509,-0.535,-0.212,0.168,1.3471,-0.565,-0.333,0.0,-0.3296,-0.955,-0.9795,1.0,-1.0,-0.9697,0.0,-0.3232,-0.626,-0.1523,0.02147,-1.0,-1.5,-1.5,0.2964,-0.3506,-0.3335,1.0,0.0,0.0,0.0,0.0,0.894,0.43654,-0.0261763669550418,1.3732763669550418,-0.0026556202983221227
0.089,0.2316,-0.6685,-0.1143,-2.7,-0.2856,0.2277,1.0,0.0,0.8193,0.8,0.2017,0.0,-0.0198,0.7236,-0.5083,-0.535,0.268,0.1669,0.9691,-0.5654,1.346,-0.333,0.0,-0.955,-0.9795,1.0,-1.0,-0.9697,0.0,-0.3223,-0.3552,-0.345,0.0172,0.0,-1.0,-1.5,-0.09125,0.0832,-0.07086,2.0,0.0,0.0,0.0,0.0,0.6875,-0.2740919999999999,0.0016324166208505,0.9674675833791494,0.0001656104042663576
0.04224,0.09766,-0.6963,-0.1145,-0.3237,-0.2856,0.2277,1.0,0.0,0.8564,0.8457,0.1901,0.0,-0.01935,-0.4507,-0.508,-0.535,0.1277,0.1658,-0.3136,-0.566,0.9688,1.346,-0.333,-0.955,-0.9795,0.0,0.0,-0.9697,0.0,-0.3228,-0.2756,-0.402,-0.001146,0.0,-1.0,-1.5,0.02081,-0.1,-0.193,0.0,1.0,0.0,0.0,0.0,-0.0445,1.12222,0.0090085733681917,-0.3226085733681917,0.0009139293598910266
0.02486,0.881,-0.557,-0.1145,4.81,-0.2856,0.2277,1.0,0.0,0.6567,0.6426,0.2477,0.0,-0.0189,1.028,-0.508,-0.535,0.8643,0.1686,1.5841,-0.5654,-0.3135,0.9688,1.346,-0.9546,-0.9795,1.0,-1.0,-0.9697,0.0,-0.3213,-0.0945,-0.531,0.02457,1.0,-1.0,-1.5,-0.563,0.535,0.2915,1.0,0.0,0.0,0.0,0.0,0.963,0.0729664,-0.0414603613317012,1.6255603613317011,-0.004206197801144003
0.02484,0.8335,-0.556,-0.11414,0.08075,-0.2856,0.2195,1.0,0.0,0.656,0.6416,0.2477,0.0,-0.01845,1.028,-0.5073,-0.535,0.8184,0.1718,0.0001,-0.567,1.583,-0.3135,0.9688,-0.954,-0.9795,0.0,0.0,-0.9697,0.0,-0.3213,0.3008,-0.8125,0.0,1.0,-1.0,-1.5,-0.503,0.4697,0.3557,0.0,0.0,0.0,0.0,0.0,0.0,-0.5698402400000001,0.0155715588480234,-0.0154715588480234,0.0015797512246199469
0.2283,0.3535,-0.6387,-0.114,-0.4272,-0.2856,0.2114,1.0,0.0,0.787,0.743,0.2131,0.0,-0.018,1.485,-0.5073,-0.535,0.298,0.1759,-0.9052,-0.57,0.0,1.583,-0.3135,-0.954,-0.9795,0.0,0.0,-0.9697,0.0,-0.322,-0.00757,-0.5933,-0.01749,0.0,-1.0,-1.5,-0.0434,0.09094,0.11444,0.0,1.0,0.0,0.0,0.0,-0.653,-0.6442279999999998,-0.0014465120621025,-0.9037534879378974,-0.00014675018884342561
0.4438,-0.09247,-0.72,-0.1141,-0.9624,-0.2856,0.2032,0.0,0.0,0.9253,0.85,0.1786,0.0,-0.01755,1.969,-0.5073,-0.535,-0.1606,0.1757,-0.9315,-0.5703,-0.905,0.0,1.583,-0.9536,-0.9795,0.0,0.0,-0.9697,0.0,-0.323,-0.2498,-0.4207,-0.0473,-1.0,-1.0,-1.5,0.3867,-0.283,-0.2551,0.0,2.0,0.0,0.0,0.0,-1.817,-0.954064,-0.0085758510977029,-0.922924148902297,-0.0008700292248180516
0.563,-0.642,-0.8296,-0.1145,18.77,-0.4285,0.1951,0.0,0.0,1.108,1.02,0.1324,0.0,-0.0171,0.4282,-0.508,-0.535,-0.721,0.1714,-1.2789,-0.5703,-0.931,-0.905,0.0,-0.954,-0.9795,0.0,0.0,-0.97,0.0,-0.324,-0.5854,-0.1816,-0.02501,-1.0,-1.0,-2.0,0.9297,-0.7993,-0.726,0.0,3.0,0.0,0.0,0.0,-0.9897,0.2840029599999999,-0.00397603912279,-1.2749239608772098,-0.0004033734024106154
0.4426,-0.2329,-0.7583,-0.11456,-0.6465,-0.4285,0.187,0.0,0.0,0.984,0.911,0.1613,0.0,-0.01665,-0.02243,-0.509,-0.535,-0.3093,0.1694,0.8331,-0.5703,-1.279,-0.931,-0.905,-0.954,-0.9795,1.0,-1.0,-0.97,0.0,-0.3232,-0.2014,-0.4553,0.012985,-1.0,-0.5,-1.5,0.5063,-0.3813,-0.3645,1.0,0.0,0.0,0.0,0.0,0.535,-0.8888919999999996,0.0018524336628615,0.8312475663371384,0.00018793136743686605
0.6484,-0.8354,-0.8687,-0.1147,4.38,-0.4285,0.187,0.0,0.0,1.181,1.08,0.11523,0.0,-0.0162,1.518,-0.51,-0.535,-0.8306,0.1619,-1.2989,-0.5703,0.8325,-1.279,-0.931,-0.954,-0.9795,0.0,0.0,-0.97,0.0,-0.3245,-0.267,-0.409,-0.04037,-1.0,-0.5,-1.5,1.104,-0.844,-0.8286,0.0,1.0,0.0,0.0,0.0,-1.622,0.190808,-0.0116227716207504,-1.2872772283792495,-0.0011791425560254104
0.6465,-0.588,-0.825,-0.1147,-0.2169,-0.4285,0.1788,0.0,0.0,1.107,1.005,0.1324,0.0,-0.01575,0.00945,-0.51,-0.535,-0.574,0.16,0.5081,-0.5703,-1.298,0.8325,-1.279,-0.9546,-0.9795,1.0,-1.0,-0.97,0.0,-0.324,-0.1604,-0.4849,0.01215,0.0,-0.5,-1.0,0.817,-0.5317,-0.578,1.0,0.0,0.0,0.0,0.0,0.509,0.256496,-0.0097162909805774,0.5178162909805775,-0.0009857280651949167
0.71,-1.177,-0.9346,-0.11487,1.375,-0.4285,0.1708,0.0,0.0,1.3,1.192,0.0864,0.0,-0.015305,0.501,-0.51,-0.535,-1.127,0.1544,-1.3329,-0.569,0.5073,-1.298,0.8325,-0.955,-0.9795,0.0,0.0,-0.97,0.0,-0.325,-0.336,-0.36,-0.02873,0.0,-1.0,-1.0,1.423,-0.9897,-0.9653,0.0,1.0,0.0,0.0,0.0,-1.185,1.7485651999999998,-0.0258212573826313,-1.307078742617369,-0.00261959405410567
0.8413,1.206,-0.4854,-0.1139,-2.191,-0.2856,0.1626,1.0,0.0,0.627,0.4768,0.2708,0.0,-0.014854,1.358,-0.51,-0.535,1.186,0.1677,2.7441000000000004,-0.567,-1.332,0.5073,-1.298,-0.955,-0.9795,1.0,-1.0,-0.97,0.0,-0.3206,0.407,-0.8887,0.2224,1.0,-0.5,-0.5,-0.545,1.436,0.8345,1.0,0.0,1.0,0.0,9.375,7.785,1.3683000000000003,-0.0140322521328926,2.758132252132893,-0.0014235869194256557
0.853,1.907,-0.317,-0.1124,0.715,-0.1428,0.1544,1.0,0.0,0.421,0.2625,0.3398,0.0,-0.014404,1.927,-0.51,-0.535,1.779,0.19,1.7771,-0.5625,2.744,-1.332,0.5073,-0.9546,-0.9795,1.0,-1.0,-0.97,0.0,-0.3188,0.63,-1.047,0.0979,1.0,-0.5,0.0,-1.066,1.979,1.113,2.0,0.0,0.0,0.0,0.0,3.588,0.3882239999999999,-0.0285428762435913,1.8056428762435912,-0.002895705185336187
1.046,1.581,-0.3438,-0.11127,-0.04172,0.0,0.1464,1.0,0.0,0.4678,0.279,0.3284,0.0,-0.013954,2.31,-0.51,-0.535,1.437,0.203,-0.2804,-0.5596,1.776,2.744,-1.332,-0.954,-0.9795,0.0,0.0,-0.97,0.0,-0.3193,0.469,-0.932,-0.01022,1.0,-0.5,-0.5,-0.8433,1.6875,0.845,0.0,1.0,0.0,0.0,0.0,-0.355,-0.7891320000000001,-0.0010516052134335,-0.2793483947865665,-0.00010668646857724001
1.202,0.887,-0.4536,-0.11066,-0.3125,0.0,0.1382,1.0,0.0,0.615,0.405,0.2822,0.0,-0.013504,0.966,-0.5093,-0.535,0.769,0.2079,-1.1319,-0.5586,-0.2805,1.776,2.744,-0.9536,-0.9795,0.0,0.0,-0.9697,0.0,-0.3203,0.1821,-0.7275,-0.02188,0.0,-0.5,-1.0,-0.2332,1.176,0.4712,0.0,2.0,0.0,0.0,0.0,-0.766,0.028136,-0.004100592341274,-1.127799407658726,-0.00041600945904122247
1.198,0.6553,-0.4805,-0.11005,-0.12274,0.0,0.1301,1.0,0.0,0.649,0.441,0.2708,0.0,-0.013054,-0.844,-0.508,-0.535,0.615,0.2081,-0.2934,-0.558,-1.132,-0.2805,1.776,-0.953,-0.9795,0.0,0.0,-0.9697,0.0,-0.3206,0.1821,-0.728,-9.95e-06,0.0,-0.5,-1.0,-0.103,0.9214,0.349,0.0,3.0,0.0,0.0,0.0,-0.000362,1.14834,-0.0360824726521968,-0.2573175273478031,-0.003660605268615042
1.154,1.678,-0.2693,-0.1093,1.617,0.0,0.12195,1.0,0.0,0.3904,0.1813,0.3572,0.0,-0.0126,2.582,-0.5063,-0.535,1.655,0.2139,2.2201000000000004,-0.556,-0.2932,-1.132,-0.2805,-0.9526,-0.979,1.0,-1.0,-0.9697,0.0,-0.3186,0.2646,-0.7856,0.0545,0.0,0.0,-1.0,-0.7705,1.7705,0.7505,1.0,0.0,0.0,0.0,0.0,1.997,0.5002799999999998,-0.0378356240689754,2.257935624068976,-0.0038384643464781263
1.096,1.909,-0.199,-0.1084,0.2737,0.0,0.12195,1.0,1.0,0.3079,0.10583,0.386,0.0,-0.01215,0.797,-0.503,-0.534,1.724,0.2347,0.6925,-0.5537,2.22,-0.2932,-1.132,-0.9517,-0.979,0.0,0.0,-0.969,0.0,-0.3179,0.34,-0.8394,0.0445,0.0,0.0,-0.5,-0.91,1.871,0.768,2.0,0.0,0.0,0.0,0.0,1.524,-0.7539679999999999,-0.0128980316221714,0.7053980316221714,-0.001308519040975688
1.123,1.253,-0.2964,-0.1075,-0.2189,0.0,0.11383,1.0,0.0,0.419,0.2158,0.3457,0.0,-0.0117,0.509,-0.5,-0.5317,1.076,0.2446,-0.9486,-0.553,0.692,2.22,-0.2932,-0.951,-0.979,0.0,0.0,-0.969,0.0,-0.3188,0.3186,-0.8247,-0.0405,0.0,0.0,-0.5,-0.4016,1.383,0.486,0.0,1.0,0.0,0.0,0.0,-1.358,-0.8467799999999999,0.0097948806360363,-0.9583948806360364,0.0009937010694178957
1.224,0.6123,-0.3938,-0.10657,-0.3796,0.1428,0.1057,1.0,0.0,0.5425,0.3264,0.3052,0.0,-0.01125,1.288,-0.497,-0.53,0.4338,0.255,-0.9774,-0.553,-0.948,0.692,2.22,-0.9517,-0.979,0.0,0.0,-0.9688,0.0,-0.3198,0.2974,-0.81,-0.02003,0.0,-0.5,-0.5,0.07355,0.905,0.2354,0.0,2.0,0.0,0.0,0.0,-0.6924,0.2213319999999999,-0.0078508183360099,-0.96954918166399,-0.0007964738791809968
1.275,0.1792,-0.448,-0.10547,-0.534,0.2856,0.09753,1.0,0.0,0.614,0.3916,0.2822,0.0,-0.0108,0.2284,-0.4946,-0.528,0.06494,0.2612,-0.5759,-0.553,-0.977,-0.948,0.692,-0.9517,-0.979,0.0,0.0,-0.9688,0.0,-0.3203,0.3845,-0.872,-0.006107,0.0,-0.5,-0.5,0.3486,0.622,0.0915,0.0,3.0,0.0,0.0,0.0,-0.2178,0.033316,0.0073317228816449,-0.5832317228816449,0.0007438110926397606
1.392,-0.0658,-0.474,-0.1047,-0.8716,0.4285,0.0894,1.0,0.0,0.6562,0.4165,0.2708,0.0,-0.01035,0.9863,-0.493,-0.5264,-0.1527,0.2673,-0.2934,-0.5537,-0.576,-0.977,-0.948,-0.9517,-0.979,0.0,0.0,-0.9688,0.0,-0.3206,0.2646,-0.7866,-0.005356,-1.0,-1.0,-1.0,0.4465,0.4355,0.00995,0.0,4.0,0.0,0.0,0.0,-0.1945,0.7257400000000002,-0.008337739855051,-0.2850622601449489,-0.0008458725857271065
1.18,0.1953,-0.389,-0.10333,18.1,0.5713,0.0813,1.0,0.0,0.5327,0.3237,0.3052,0.0,-0.0099,0.2018,-0.4915,-0.5244,0.08344,0.2825,0.8888,-0.553,-0.2932,-0.576,-0.977,-0.9517,-0.979,0.0,0.0,-0.9688,0.0,-0.3198,0.54,-0.983,0.004913,-1.0,-1.0,-0.5,0.1183,0.7935,0.1765,1.0,0.0,0.0,0.0,0.0,0.18,-0.3189319999999999,0.0117674432694911,0.8770325567305088,0.001193819648826233
1.287,-0.3557,-0.4717,-0.10236,-1.995,0.5713,0.0732,0.0,0.0,0.645,0.4219,0.2708,0.0,-0.00945,0.2421,-0.4907,-0.522,-0.4849,0.2947,-0.8642,-0.553,0.888,-0.2932,-0.576,-0.9517,-0.979,0.0,0.0,-0.9688,0.0,-0.3206,0.3552,-0.8516,-0.010704,-1.0,-1.0,-1.0,0.5015,0.3916,-0.01285,0.0,1.0,0.0,0.0,0.0,-0.3816,0.572648,0.0042126583866775,-0.8684126583866775,0.0004273786786673594
1.18,-0.12146,-0.3862,-0.1009,-0.779,0.5713,0.06506,0.0,0.0,0.53,0.3206,0.3052,0.0,-0.009,0.2018,-0.491,-0.52,-0.2378,0.3088,0.8888,-0.553,-0.8643,0.888,-0.2932,-0.952,-0.9785,0.0,0.0,-0.9688,0.0,-0.3198,0.63,-1.047,0.006878,0.0,-0.5,-0.5,-0.04092,0.529,0.1448,1.0,0.0,0.0,0.0,0.0,0.252,-0.3349,-0.0447776764631271,0.9335776764631272,-0.004542742953268291
0.7827,-0.02124,-0.3572,-0.1005,-2.533,0.5713,0.05692,1.0,0.0,0.463,0.3174,0.317,0.0,-0.00855,0.1888,-0.4912,-0.518,-0.2185,0.3188,0.2880999999999999,-0.553,0.888,-0.8643,0.888,-0.952,-0.9785,0.0,0.0,-0.9688,0.0,-0.3196,0.1125,-0.6777,0.005505,1.0,0.0,-0.5,-0.1912,0.5254,0.1724,2.0,0.0,0.0,0.0,0.0,0.1963,-0.6083299999999999,-0.0105563262477517,0.2986563262477517,-0.001070950537459535
0.7417,-0.4583,-0.4546,-0.1009,-7.637,0.4285,0.04877,0.0,0.0,0.579,0.4443,0.2764,0.0,-0.0081,0.2352,-0.491,-0.5166,-0.704,0.3193,-0.9994,-0.555,0.288,0.888,-0.8643,-0.952,-0.9785,0.0,0.0,-0.9683,0.0,-0.3206,-0.3972,-0.3145,-0.005047,1.0,-0.5,-1.0,0.2947,0.1123,-0.079,0.0,1.0,0.0,0.0,0.0,-0.1783,-0.4511451999999998,0.0026506599970161,-1.0020506599970165,0.00026891227893145845
0.59,-0.677,-0.5073,-0.10126,0.753,0.2856,0.04065,0.0,0.0,0.6353,0.527,0.2534,0.0,-0.007652,0.0743,-0.4912,-0.516,-0.9585,0.3176,-0.5893,-0.5566,-0.999,0.288,0.888,-0.952,-0.9785,0.0,0.0,-0.9683,0.0,-0.321,-0.4434,-0.2817,-0.006645,0.0,-1.0,-1.0,0.5107,-0.1654,-0.2424,0.0,2.0,0.0,0.0,0.0,-0.2424,0.34035152,0.0090750688686966,-0.5983750688686967,0.0009206753992169265
0.4294,-0.5864,-0.49,-0.10126,-0.02846,0.1428,0.03253,0.0,0.0,0.6,0.517,0.2593,0.0,-0.007202,-0.4954,-0.4927,-0.516,-0.8696,0.316,0.1502,-0.56,-0.5894,-0.999,0.288,-0.952,-0.978,0.0,0.0,-0.9683,0.0,-0.3208,-0.212,-0.4468,0.0028,1.0,-0.5,-0.5,0.4197,-0.08795,-0.2698,1.0,0.0,0.0,0.0,0.0,0.104,0.1345692799999999,0.0145490355789661,0.1356509644210338,0.0014760151502640575
0.4805,-0.3135,-0.4307,-0.1011,-0.4438,0.0,0.02438,0.0,0.0,0.5283,0.4348,0.2822,0.0,-0.006752,0.2284,-0.495,-0.517,-0.583,0.315,0.5978,-0.5635,0.1501,-0.5894,-0.999,-0.952,-0.978,0.0,0.0,-0.968,0.0,-0.3203,-0.0373,-0.5713,0.002785,1.0,0.0,0.0,0.0836,0.08154,-0.1724,2.0,0.0,0.0,0.0,0.0,0.10297,-0.1428336,0.0049990597181022,0.5928009402818978,0.0005071599310445819
0.2157,0.212,-0.3296,-0.1012,-2.285,0.0,0.01627,1.0,0.0,0.3845,0.3303,0.3225,0.0,-0.0063,-0.1749,-0.4985,-0.519,-0.1027,0.315,1.0271,-0.5703,0.5977,0.1501,-0.5894,-0.952,-0.978,1.0,-1.0,-0.968,0.0,-0.3193,-0.2864,-0.393,0.01291,1.0,0.5,0.0,-0.293,0.4924,0.1608,3.0,0.0,1.0,0.0,7.145,0.4688,0.5222679999999998,0.0126795805990695,1.0144204194009303,0.0012863569520908933
0.1882,0.729,-0.2294,-0.1013,2.016,0.0,0.00813,1.0,0.0,0.2686,0.2151,0.3628,0.0,-0.00585,1.179,-0.5015,-0.5215,0.6133,0.2961,0.9951,-0.5703,1.026,0.5977,0.1501,-0.952,-0.978,1.0,-1.0,-0.968,0.0,-0.3184,-0.2188,-0.441,0.007812,2.0,1.0,0.0,-0.6255,0.8257,0.5933,4.0,0.0,0.0,0.0,0.0,0.275,0.6286679999999999,0.0124599337577819,0.982640066242218,0.001264073546177937
0.1818,1.236,-0.11597,-0.1009,0.802,0.0,0.00813,1.0,1.0,0.1471,0.09106,0.409,0.0,-0.0054,1.098,-0.5044,-0.5234,1.151,0.2976,1.1031,-0.569,0.9946,1.026,0.5977,-0.9517,-0.978,1.0,-1.0,-0.968,0.0,-0.3174,0.2422,-0.7695,0.02533,3.0,1.0,0.5,-0.95,1.163,0.9556,5.0,0.0,0.0,0.0,0.0,0.8643,1.7324337600000002,-0.0160424262285232,1.1191424262285232,-0.0016275212217177369
0.0692,2.156,0.1377,-0.09955,0.995,0.0,0.00813,1.0,1.0,-0.105,-0.1504,0.5127,0.0,-0.00495,1.402,-0.507,-0.525,2.002,0.3113,2.3981000000000003,-0.5625,1.103,0.9946,1.026,-0.951,-0.9775,1.0,-1.0,-0.9673,0.0,-0.315,0.86,-1.209,0.03128,3.0,1.5,1.0,-1.454,1.983,1.113,5.92,0.0,0.0,0.0,0.0,1.031,-0.0062959999999999,-0.0223613083362579,2.4204613083362583,-0.0022685785394435136
0.0692,2.072,0.1359,-0.0981,0.0314,0.0,0.00813,1.0,1.0,-0.10333,-0.1487,0.5127,0.0,-0.0045,-0.0003128,-0.5083,-0.526,1.935,0.3318,0.0001,-0.5576,2.398,1.103,0.9946,-0.95,-0.9775,0.0,0.0,-0.9673,0.0,-0.315,1.0205,-1.323,0.0,2.0,1.0,1.0,-1.43,1.782,1.019,0.0,0.0,0.0,0.0,0.0,0.0,1.528112,-0.0327815748751163,0.0328815748751163,-0.0033257256745691252
0.11884,2.156,0.4978,-0.0956,0.8193,0.0,0.00813,1.0,1.0,-0.3933,-0.456,0.6626,0.0,-0.00405,2.906,-0.5015,-0.524,2.002,0.3984,2.7441000000000004,-0.5474,0.0,2.398,1.103,-0.949,-0.977,1.0,-1.0,-0.967,0.0,-0.3113,1.3545,-1.45,0.1852,2.0,1.0,1.5,-1.454,2.111,1.113,1.0,0.0,0.0,0.0,0.0,5.684,-0.1941639999999999,-0.0075187929905951,2.7516187929905955,-0.0007627895543717006
0.1539,2.156,0.4648,-0.09344,-0.01202,0.0,0.00813,1.0,1.0,-0.366,-0.4336,0.651,0.0,-0.003601,0.1787,-0.4905,-0.52,2.002,0.4465,-0.2252,-0.5405,2.744,0.0,2.398,-0.948,-0.977,0.0,0.0,-0.9663,0.0,-0.3115,1.236,-1.45,-0.01224,1.0,1.0,1.0,-1.454,2.111,0.9683,0.0,1.0,0.0,0.0,0.0,-0.341,-0.9452000000000004,-0.0435097999870777,-0.1816902000129223,-0.004414115534828415
0.4377,1.77,0.2634,-0.09155,-0.2876,0.1428,0.00813,1.0,1.0,-0.1838,-0.2925,0.5703,0.0,-0.00315,1.753,-0.4817,-0.515,0.909,0.4673,-1.5879,-0.5376,-0.2252,2.744,0.0,-0.9478,-0.9766,0.0,0.0,-0.9663,0.0,-0.3135,0.9717,-1.288,-0.05725,0.0,1.0,1.0,-1.091,1.686,0.5825,0.0,2.0,0.0,1.0,-7.91,-1.606,0.04586,-0.0106774903833866,-1.5772225096166137,-0.0010832427680266465
0.4856,1.533,0.2593,-0.0899,-0.003233,0.2856,0.00813,1.0,1.0,-0.1766,-0.293,0.5703,0.0,-0.0027,0.553,-0.4749,-0.5117,0.807,0.4763,0.0001,-0.535,-1.587,-0.2252,2.744,-0.947,-0.976,0.0,0.0,-0.9663,0.0,-0.3135,0.9053,-1.241,0.0,-1.0,0.5,0.5,-0.967,1.524,0.5107,0.0,0.0,0.0,0.0,0.0,0.0,-0.0105936,0.0728073194622993,-0.0727073194622993,0.007386380079503918
0.4778,1.371,0.269,-0.0883,0.02626,0.2856,0.00813,1.0,1.0,-0.1853,-0.3008,0.576,0.0,-0.00225,-0.05127,-0.4683,-0.508,0.66,0.4949,0.1194,-0.5337,0.0,-1.587,-0.2252,-0.9463,-0.976,0.0,0.0,-0.966,0.0,-0.3135,0.8936,-1.232,0.002838,0.0,0.5,0.5,-0.9243,1.396,0.4644,1.0,0.0,0.0,0.0,0.0,0.08386,0.034356,-0.0060029351152479,0.1254029351152479,-0.0006090041589401121
0.4463,1.175,0.2788,-0.0864,-0.011086,0.4285,0.00813,1.0,1.0,-0.1959,-0.3064,0.5815,0.0,-0.001801,-0.0557,-0.463,-0.505,0.6035,0.5054,0.119,-0.5327,0.11926,0.0,-1.587,-0.9463,-0.9756,0.0,0.0,-0.9653,0.0,-0.3132,1.145,-1.411,0.003567,0.0,0.5,1.0,-0.8716,1.295,0.4238,2.0,0.0,0.0,0.0,0.0,0.1049,0.1977959999999999,-0.0083647463470697,0.1273647463470697,-0.0008486124230969947
0.612,1.811,0.4973,-0.0838,0.674,0.5713,0.00813,1.0,1.0,-0.3535,-0.4963,0.674,0.0,-0.00135,2.906,-0.4575,-0.501,1.222,0.5356,1.8956,-0.5303,0.11884,0.11926,0.0,-0.946,-0.9756,1.0,-1.0,-0.9653,0.0,-0.311,1.417,-1.45,0.1016,1.0,0.5,1.5,-1.352,1.937,0.6196,3.0,0.0,0.0,0.0,0.0,2.979,-0.154208,-0.0083245318382978,1.9039245318382976,-0.0008445326183645378
0.6514,2.127,0.66,-0.08075,0.3118,0.7144,0.00813,1.0,1.0,-0.4658,-0.6187,0.743,0.0,-0.0009003,0.9116,-0.4512,-0.4963,1.498,0.5737,1.3421,-0.5264,1.895,0.11884,0.11926,-0.946,-0.975,0.0,0.0,-0.965,0.0,-0.3096,1.4795,-1.45,0.06866,2.0,0.5,1.5,-1.454,2.111,0.703,4.0,0.0,0.0,0.0,0.0,1.9,-0.5460639999999999,-0.0137283578515052,1.3558283578515054,-0.0013927565210138948
0.8467,1.312,0.544,-0.07806,-0.261,0.857,0.00813,1.0,1.0,-0.3687,-0.551,0.697,0.0,-0.0004501,1.525,-0.447,-0.492,0.88,0.589,-0.8589,-0.5254,1.342,1.895,0.11884,-0.9453,-0.9746,0.0,0.0,-0.9644,0.0,-0.3105,1.21,-1.45,-0.0444,2.0,0.0,1.0,-1.111,1.766,0.503,0.0,1.0,0.0,0.0,0.0,-1.18,-0.6747840000000003,-0.0020378441549837,-0.8568621558450162,-0.00020674145927456362
0.985,0.5923,0.4282,-0.076,-0.4185,0.857,0.00813,1.0,1.0,-0.2717,-0.4736,0.651,0.0,0.0,0.749,-0.4446,-0.4883,0.3086,0.6,-0.8822,-0.5254,-0.8584,1.342,1.895,-0.9453,-0.9746,0.0,0.0,-0.964,0.0,-0.3118,0.929,-1.257,-0.01203,1.0,0.0,0.5,-0.6313,1.293,0.3276,0.0,2.0,0.0,0.0,0.0,-0.3284,0.5669959999999999,0.0059312242083251,-0.8881312242083251,0.0006017290110801225
0.864,0.6963,0.5083,-0.074,0.2986,0.857,0.00813,1.0,1.0,-0.3416,-0.5254,0.6855,0.0,0.0004501,-0.1301,-0.4463,-0.485,0.5786,0.607,0.6808,-0.526,-0.882,-0.8584,1.342,-0.945,-0.974,0.0,0.0,-0.9634,0.0,-0.311,0.92,-1.25,0.005135,1.0,0.0,0.5,-0.801,1.425,0.3738,1.0,0.0,0.0,0.0,0.0,0.144,0.272848,-0.0056341704912483,0.6864341704912483,-0.0005715925952010179
0.8247,0.598,0.533,-0.07214,-0.001882,0.857,0.00813,1.0,1.0,-0.3628,-0.541,0.697,0.0,0.0009003,0.4165,-0.4504,-0.4824,0.5103,0.6245,0.2223,-0.5273,0.68,-0.882,-0.8584,-0.945,-0.974,0.0,0.0,-0.963,0.0,-0.3105,0.859,-1.206,0.006203,1.0,0.5,0.5,-0.862,1.29,0.3608,2.0,0.0,0.0,0.0,0.0,0.1705,0.099628,0.0049319039098918,0.2173680960901081,0.0005003469027989103
0.726,0.6714,0.5854,-0.07086,0.2489,0.857,0.00813,1.0,1.0,-0.408,-0.5713,0.72,0.0,0.00135,0.394,-0.4573,-0.4805,0.651,0.633,0.4412999999999999,-0.531,0.222,0.68,-0.882,-0.9443,-0.9736,0.0,0.0,-0.963,0.0,-0.31,0.688,-1.084,0.007183,1.0,1.0,0.5,-0.8965,1.359,0.3884,3.0,0.0,0.0,0.0,0.0,0.196,0.8293880000000002,-0.0095821544528007,0.4508821544528007,-0.0009721197716329393
0.6763,1.135,0.7476,-0.06915,0.7905,0.857,0.00813,1.0,1.0,-0.5225,-0.681,0.789,0.0,0.001801,0.3296,-0.4656,-0.4795,1.168,0.6465,1.3061,-0.5337,0.441,0.222,0.68,-0.944,-0.9736,0.0,0.0,-0.962,0.0,-0.3086,0.837,-1.189,0.0345,2.0,1.5,1.0,-1.327,1.623,0.5576,4.0,0.0,0.0,0.0,0.0,0.9287,-0.0052839999999999,0.0280664581805467,1.2780335418194533,0.0028473720655842554
0.573,0.4329,0.576,-0.0689,-0.4834,0.857,0.00813,1.0,1.0,-0.4136,-0.552,0.72,0.0,0.00225,0.1205,-0.47,-0.479,0.4136,0.6567,-1.2539,-0.539,1.305,0.441,0.222,-0.944,-0.973,0.0,0.0,-0.962,0.0,-0.31,0.1273,-0.684,-0.01537,2.0,1.0,0.5,-0.6562,1.05,0.3066,0.0,1.0,0.0,0.0,0.0,-0.3977,-0.75646,0.0192295219749212,-1.2731295219749212,0.0019508554785826085
0.703,-0.1755,0.4204,-0.069,-1.131,0.7144,0.00813,0.0,1.0,-0.2883,-0.444,0.6567,0.0,0.0027,0.7417,-0.4727,-0.48,-0.1892,0.657,-1.1959,-0.546,-1.254,1.305,0.441,-0.944,-0.973,0.0,0.0,-0.9614,0.0,-0.3118,-0.0742,-0.541,-0.03894,1.0,0.5,0.5,-0.1118,0.464,0.03433,0.0,2.0,0.0,0.0,0.0,-1.048,1.8361828000000004,0.0058480347506701,-1.2017480347506702,0.000593289352026807
0.519,0.929,0.7354,-0.0676,-12.4,0.7144,0.00813,1.0,1.0,-0.527,-0.6597,0.789,0.0,0.00315,1.118,-0.475,-0.483,0.928,0.6704,2.6001000000000003,-0.55,-1.196,-1.254,1.305,-0.944,-0.9727,1.0,-1.0,-0.961,0.0,-0.3086,0.6177,-1.033,0.04086,1.0,0.5,1.0,-0.9106,1.51,0.588,1.0,0.0,0.0,0.0,0.0,1.143,0.3483159999999999,0.0268481262028217,2.5732518737971786,0.002723770989250846
0.4426,0.873,0.758,-0.0663,0.07404,0.7144,0.00813,1.0,1.0,-0.548,-0.669,0.801,0.0,0.003601,-0.4636,-0.4785,-0.487,0.9346,0.68,0.2092,-0.5537,2.598,-1.196,-1.254,-0.9434,-0.972,0.0,0.0,-0.9604,0.0,-0.3083,0.642,-1.051,0.005127,1.0,0.5,1.5,-0.864,1.462,0.6313,2.0,0.0,0.0,0.0,0.0,0.1327,-0.494392,-0.0400992333889007,0.2492992333889007,-0.0040681099221147
0.4485,0.5176,0.6987,-0.065,-0.2644,0.7144,0.00813,1.0,1.0,-0.5083,-0.6294,0.778,0.0,0.00405,-0.4534,-0.4817,-0.492,0.5625,0.697,-0.4154,-0.555,0.209,2.598,-1.196,-0.9434,-0.972,0.0,0.0,-0.9604,0.0,-0.3088,0.534,-0.9736,-0.01855,0.0,0.5,1.0,-0.575,1.199,0.4617,0.0,1.0,0.0,0.0,0.0,-0.4768,0.257056,0.0317147672176361,-0.4471147672176361,0.0032174969018568668
0.4622,0.286,0.6685,-0.06384,-0.28,0.7144,0.00813,1.0,1.0,-0.4866,-0.609,0.766,0.0,0.0045,-0.1819,-0.4858,-0.4978,0.336,0.7095,-0.2103,-0.5576,-0.4153,0.209,2.598,-0.943,-0.9717,0.0,0.0,-0.96,0.0,-0.309,0.4756,-0.932,-0.003588,0.0,0.5,0.5,-0.478,0.941,0.3665,0.0,2.0,0.0,0.0,0.0,-0.09344,0.2544760000000001,-0.0294723697006702,-0.1808276302993297,-0.002990003286215343
0.1833,0.42,0.7197,-0.06323,0.523,0.7144,0.00813,1.0,1.0,-0.5435,-0.6216,0.789,0.0,0.00495,-0.4585,-0.4883,-0.501,0.417,0.723,0.4236999999999999,-0.5566,-0.2103,-0.4153,0.209,-0.943,-0.971,0.0,0.0,-0.96,0.0,-0.3086,0.3008,-0.807,0.01139,1.0,0.5,0.5,-0.6074,0.975,0.4487,1.0,0.0,0.0,0.0,0.0,0.2986,0.3937228,0.0116733685135841,0.4120266314864158,0.001184275664675361
0.1694,0.681,0.8,-0.06274,0.6904,0.7144,0.00813,1.0,1.0,-0.5967,-0.6743,0.8237,0.0,0.0054,1.072,-0.488,-0.5024,0.619,0.735,0.6271,-0.555,0.4233,-0.2103,-0.4153,-0.943,-0.971,0.0,0.0,-0.96,0.0,-0.3079,0.1981,-0.7334,0.02666,1.0,0.5,0.5,-0.772,1.11,0.567,2.0,0.0,0.0,0.0,0.0,0.6895,-0.185428,-0.0260509736835956,0.6531509736835956,-0.0026428990174240715
0.2253,0.304,0.7163,-0.06216,-0.395,0.7144,0.00813,1.0,1.0,-0.538,-0.6226,0.789,0.0,0.00585,1.644,-0.4873,-0.5034,0.174,0.749,-0.6149,-0.5566,0.627,0.4233,-0.2103,-0.9424,-0.9707,0.0,0.0,-0.9595,0.0,-0.3086,0.2465,-0.7686,-0.02574,0.0,0.0,0.5,-0.45,0.7583,0.3313,0.0,1.0,0.0,0.0,0.0,-0.6533,0.1996079999999999,-0.0041794874705374,-0.6107205125294626,-0.0004240134539069148
0.1461,0.2607,0.7295,-0.06122,0.01356,0.7144,0.00813,1.0,1.0,-0.5527,-0.625,0.795,0.0,0.0063,-0.33,-0.487,-0.5054,0.1798,0.7544,0.1046,-0.559,-0.6147,0.627,0.4233,-0.9424,-0.97,0.0,0.0,-0.9595,0.0,-0.3086,0.4775,-0.933,0.001039,1.0,0.0,1.0,-0.452,0.7,0.3323,1.0,0.0,0.0,0.0,0.0,0.02686,-0.3727135999999999,0.0050787678919732,0.0995212321080267,0.0005152464101513873
0.1752,-0.05167,0.659,-0.0607,-0.843,0.7144,0.00813,1.0,1.0,-0.5034,-0.579,0.766,0.0,0.006752,-0.1819,-0.488,-0.508,-0.0998,0.757,-0.5209,-0.562,0.1045,-0.6147,0.627,-0.9424,-0.97,0.0,0.0,-0.959,0.0,-0.3093,0.2292,-0.7563,-0.0103,1.0,0.0,0.5,-0.1691,0.443,0.1113,0.0,1.0,0.0,0.0,0.0,-0.2656,0.7526640000000002,-0.0335069559514522,-0.4873930440485478,-0.0033993163570975628
0.0974,0.3833,0.796,-0.0599,15.805,0.7144,0.00813,1.0,1.0,-0.6,-0.6655,0.8237,0.0,0.007202,-0.2161,-0.4883,-0.5103,0.3315,0.7656,1.0601,-0.565,-0.5205,0.1045,-0.6147,-0.9424,-0.9697,1.0,-1.0,-0.959,0.0,-0.3079,0.3743,-0.8594,0.03525,1.0,0.5,0.5,-0.5063,0.8433,0.53,1.0,0.0,0.0,0.0,0.0,0.9233,0.0678736,-0.0188202783465385,1.0789202783465386,-0.001909337276749685
-0.0002851,0.2676,0.7812,-0.05927,-0.1327,0.7144,0.00813,1.0,1.0,-0.5986,-0.648,0.818,0.0,0.007652,-0.844,-0.4893,-0.512,0.241,0.77,-0.10244,-0.565,1.059,-0.5205,0.1045,-0.9424,-0.969,0.0,0.0,-0.9585,0.0,-0.308,0.2788,-0.791,-0.001615,0.0,0.0,0.0,-0.4521,0.665,0.4272,0.0,1.0,0.0,0.0,0.0,-0.04095,0.1037272,-0.0164903998374938,-0.0859496001625061,-0.0016729686213182305
-0.00544,0.2964,0.7915,-0.05914,0.2217,0.7144,0.00813,1.0,1.0,-0.6055,-0.6543,0.8237,0.0,0.0081,0.2993,-0.4902,-0.513,0.2316,0.777,0.10294,-0.5645,-0.1025,1.059,-0.5205,-0.942,-0.969,0.0,0.0,-0.9585,0.0,-0.3079,0.0537,-0.6304,0.006756,1.0,0.0,0.0,-0.4875,0.578,0.4224,1.0,0.0,0.0,0.0,0.0,0.172,-0.7815440000000001,0.0198231972754001,0.0831168027245998,0.002011084469919414
0.0634,-0.1984,0.6636,-0.05893,-1.267,0.5713,0.00813,0.0,1.0,-0.5156,-0.5728,0.772,0.0,0.00855,0.6104,-0.4915,-0.514,-0.2357,0.778,-0.9229,-0.565,0.1028,-0.1025,1.059,-0.9424,-0.9688,0.0,0.0,-0.9585,0.0,-0.309,0.1356,-0.6895,-0.03683,0.0,0.0,0.0,-0.07306,0.1285,-0.03464,0.0,1.0,0.0,0.0,0.0,-0.9346,1.239744,0.0063849524594843,-0.9292849524594844,0.0006477602252577832
-0.015594,0.3435,0.8374,-0.0578,-4.812,0.7144,0.00813,1.0,1.0,-0.6353,-0.6836,0.8467,0.0,0.009,0.2798,-0.4937,-0.515,0.3284,0.7886,1.3721,-0.5664,-0.9224,0.1028,-0.1025,-0.942,-0.9688,1.0,-1.0,-0.9585,0.0,-0.3074,0.73,-1.113,0.02267,1.0,0.5,0.5,-0.628,0.588,0.5664,1.0,0.0,0.0,0.0,0.0,0.5923,-0.3583832,0.0079861329868435,1.3641138670131563,0.0008102016945814784
-0.07794,0.02391,0.749,-0.05783,-0.6704,0.7144,0.00813,1.0,1.0,-0.584,-0.62,0.812,0.0,0.00945,0.569,-0.4958,-0.516,-0.01668,0.7935,-0.6073000000000001,-0.568,1.372,-0.9224,0.1028,-0.942,-0.9688,0.0,0.0,-0.9585,0.0,-0.3083,0.02971,-0.6133,-0.03802,0.0,0.0,0.0,-0.3054,0.2952,0.2153,0.0,1.0,0.0,0.0,0.0,-0.9526,2.2920000000000003,0.0218884423375129,-0.629188442337513,0.002220605780396761
0.1533,2.156,1.4795,-0.05597,18.77,0.7144,0.00813,1.0,1.0,-0.973,-1.06,0.887,1.0,-0.171,2.906,-0.4888,-0.5127,1.813,0.6733,2.7441000000000004,-0.5537,-0.607,1.372,-0.9224,-0.941,-0.9683,1.0,-1.0,-0.958,0.0,-0.301,0.9033,-1.233,1.26,1.0,0.0,0.0,-1.454,2.111,1.113,1.0,0.0,1.0,0.0,9.375,7.785,0.0587119999999999,-0.0181641746312379,2.7622641746312384,-0.0018427748562598839
0.2339,2.156,1.441,-0.05402,-0.005062,0.7144,0.00813,1.0,1.0,-0.9487,-1.048,0.877,0.0,-0.1705,0.3079,-0.48,-0.5083,1.367,0.7075,-0.1757,-0.546,2.744,-0.607,1.372,-0.9404,-0.968,0.0,0.0,-0.9575,0.0,-0.3015,0.956,-1.271,-0.01965,0.0,0.0,0.0,-1.454,2.111,1.113,0.0,1.0,0.0,0.0,0.0,-0.4272,-0.6981720000000001,-0.0160028524696826,-0.1596971475303173,-0.0016235064217480352
0.4187,1.321,1.24,-0.0525,-0.2756,0.7144,0.00813,1.0,1.0,-0.8325,-0.9585,0.805,0.0,-0.1702,1.063,-0.4734,-0.5044,0.616,0.7173,-1.2369,-0.5425,-0.1757,2.744,-0.607,-0.9395,-0.968,0.0,0.0,-0.957,0.0,-0.3035,0.663,-1.063,-0.0707,0.0,-0.5,0.0,-0.9556,1.52,0.6724,0.0,2.0,0.0,0.0,0.0,-1.545,-0.3288096,0.0168052446097135,-1.2537052446097137,0.001704909958684232
0.4558,1.163,1.231,-0.05112,0.012535,0.7144,0.00813,1.0,1.0,-0.824,-0.956,0.805,0.0,-0.1697,0.1394,-0.4683,-0.501,0.513,0.728,0.0001,-0.5405,-1.236,-0.1757,2.744,-0.939,-0.9673,0.0,0.0,-0.957,0.0,-0.3035,0.6187,-1.031,0.0,-1.0,-0.5,-0.5,-0.8613,1.357,0.583,0.0,0.0,0.0,0.0,0.0,0.0,0.430928,-0.0180820636451244,0.0181820636451244,-0.0018344446092927334
0.3481,1.296,1.303,-0.04977,0.2473,0.7144,0.00813,1.0,1.0,-0.8706,-0.986,0.836,0.0,-0.1692,-0.1112,-0.4639,-0.4988,0.678,0.74,0.5514,-0.5405,0.0,-1.236,-0.1757,-0.938,-0.967,0.0,0.0,-0.9565,0.0,-0.3027,0.6187,-1.031,0.03038,0.0,-0.5,-0.5,-0.955,1.438,0.633,1.0,0.0,0.0,0.0,0.0,0.691,0.6901120000000001,0.0089096389710903,0.5424903610289097,0.0009038923599667824
0.1935,1.513,1.413,-0.04788,0.3018,0.7144,0.00813,1.0,1.0,-0.938,-1.03,0.882,0.0,-0.1688,-0.3608,-0.4597,-0.4963,0.93,0.757,0.8130999999999999,-0.537,0.5513,0.0,-1.236,-0.9375,-0.967,0.0,0.0,-0.956,0.0,-0.3015,0.851,-1.196,0.05423,0.0,0.0,0.0,-1.098,1.641,0.699,2.0,0.0,0.0,0.0,0.0,1.212,-0.054612,0.0020583677105605,0.8110416322894394,0.00020882359583985176
0.1493,1.306,1.402,-0.04605,-0.005253,0.7144,0.00813,1.0,1.0,-0.936,-1.0205,0.882,0.0,-0.1683,-0.844,-0.4573,-0.4946,0.872,0.7627,0.0001,-0.534,0.813,0.5513,0.0,-0.9365,-0.9663,0.0,0.0,-0.956,0.0,-0.3015,0.842,-1.189,0.0,0.0,-0.5,-0.5,-0.9854,1.471,0.6016,0.0,0.0,0.0,0.0,0.0,0.0,0.1223239999999999,-0.0005542733124457,0.0006542733124457,-5.623161769840381e-05
0.151,0.915,1.337,-0.04413,-0.1677,0.7144,0.00813,1.0,1.0,-0.904,-0.988,0.8613,0.0,-0.1678,-0.5747,-0.4563,-0.4932,0.628,0.7695,-0.3524,-0.5327,0.0,0.813,0.5513,-0.9365,-0.9663,0.0,0.0,-0.9556,0.0,-0.302,0.8657,-1.207,-0.00703,0.0,-0.5,-0.5,-0.7583,1.179,0.4607,0.0,1.0,0.0,0.0,0.0,-0.1533,-0.03992,0.0364695973694324,-0.3888695973694324,0.0036998794833614495
0.1818,0.7935,1.34,-0.04257,0.00312,0.7144,0.00813,1.0,1.0,-0.9023,-0.9917,0.8667,0.0,-0.1674,0.3164,-0.4563,-0.4922,0.579,0.78,0.0892,-0.5327,-0.3523,0.0,0.813,-0.9365,-0.966,0.0,0.0,-0.955,0.0,-0.302,0.775,-1.143,0.003489,1.0,-0.5,-0.5,-0.6943,1.105,0.4216,1.0,0.0,0.0,0.0,0.0,0.0769,0.085544,0.0007522241794504,0.0884477758205495,7.631394392002995e-05
0.2352,0.626,1.329,-0.041,-0.0716,0.7144,0.00813,1.0,1.0,-0.8926,-0.99,0.8667,0.0,-0.167,-0.3535,-0.458,-0.4915,0.5356,0.7847,0.0001,-0.532,0.08905,-0.3523,0.0,-0.9365,-0.9653,0.0,0.0,-0.955,0.0,-0.302,0.8003,-1.16,0.0,0.0,-0.5,-0.5,-0.608,1.002,0.3704,0.0,0.0,0.0,0.0,0.0,0.0,-0.2509280000000001,-0.0082323793321847,0.0083323793321847,-0.0008351836485019316
0.2019,0.298,1.265,-0.03958,-0.362,0.7144,0.00813,1.0,1.0,-0.8623,-0.9536,0.846,0.0,-0.1665,-0.5693,-0.4607,-0.4907,0.2047,0.802,-0.3554,-0.5327,0.0,0.08905,-0.3523,-0.9365,-0.9653,0.0,0.0,-0.9546,0.0,-0.3025,0.6895,-1.081,-0.00917,-1.0,-1.0,-1.0,-0.41,0.75,0.2576,0.0,1.0,0.0,0.0,0.0,-0.2017,-0.510616,0.020949525758624,-0.376349525758624,0.0021253516937769115
0.1882,-0.2056,1.147,-0.03812,-1.285,0.7144,0.00813,0.0,1.0,-0.801,-0.8877,0.805,0.0,-0.166,-0.3228,-0.4656,-0.49,-0.2507,0.8135,-0.7187,-0.534,-0.3552,0.0,0.08905,-0.9365,-0.9653,0.0,0.0,-0.9546,0.0,-0.3037,0.714,-1.1,-0.0512,-1.0,-1.0,-1.0,-0.085,0.3713,0.0786,0.0,2.0,0.0,0.0,0.0,-1.139,-0.21046,-0.0123943090438842,-0.7063056909561157,-0.001257415849080489
0.1522,-0.3884,1.111,-0.03723,1.707,0.5713,0.00813,0.0,1.0,-0.7837,-0.864,0.795,0.0,-0.1656,-0.3174,-0.473,-0.49,-0.3628,0.8164,-0.1837,-0.5366,-0.7183,-0.3552,0.0,-0.9365,-0.965,0.0,0.0,-0.954,0.0,-0.304,0.4983,-0.946,-0.008095,-1.0,-1.0,-1.5,0.0001966,0.2446,0.00868,0.0,3.0,0.0,0.0,0.0,-0.1841,0.4152120000000001,0.0309578627347946,-0.2146578627347946,0.0031407081361745554
0.1222,-0.254,1.18,-0.03592,-0.3345,0.4285,0.00813,0.0,1.0,-0.8237,-0.901,0.8257,0.0,-0.1652,0.352,-0.4844,-0.4905,-0.2134,0.8193,0.5548,-0.5396,-0.1837,-0.7183,-0.3552,-0.937,-0.965,0.0,0.0,-0.954,0.0,-0.3032,0.7354,-1.114,0.0659,-1.0,-0.5,-1.0,-0.4148,0.205,0.0923,1.0,0.0,0.0,0.0,0.0,1.508,0.8616559999999999,-0.0198295842856168,0.5746295842856168,-0.0020117324389063323
-0.3123,0.3547,1.354,-0.0362,-3.635,0.4285,0.00813,1.0,1.0,-0.949,-0.958,0.887,1.0,-0.171,0.5107,-0.4875,-0.4917,0.3503,0.8193,1.2721,-0.541,0.554,-0.1837,-0.7183,-0.937,-0.9644,0.0,0.0,-0.9536,0.0,-0.3015,-0.0324,-0.566,0.1088,0.0,-0.5,-1.0,-0.798,0.7153,0.346,2.0,0.0,0.0,0.0,0.0,2.447,-0.122188,-0.0224268548190593,1.2945268548190594,-0.0022752282999129467
-0.2908,0.0976,1.262,-0.03662,-0.4968,0.4285,0.00813,1.0,1.0,-0.9004,-0.911,0.8564,0.0,-0.1705,0.3164,-0.4895,-0.494,0.1342,0.8193,-0.5243,-0.5435,1.271,0.554,-0.1837,-0.937,-0.9644,0.0,0.0,-0.953,0.0,-0.3022,-0.1532,-0.4797,-0.0398,0.0,-1.0,-1.0,-0.553,0.3823,0.1788,0.0,1.0,0.0,0.0,0.0,-0.8604,0.105588,0.0006423551240004,-0.5249423551240004,6.51676112638742e-05
-0.307,0.1409,1.276,-0.03644,0.392,0.4285,0.00813,1.0,1.0,-0.909,-0.9175,0.8667,0.0,-0.1702,0.863,-0.4917,-0.497,0.1978,0.8193,0.1777999999999999,-0.547,-0.524,1.271,0.554,-0.937,-0.964,0.0,0.0,-0.953,0.0,-0.302,0.3962,-0.872,0.004105,1.0,-0.5,-0.5,-0.5596,0.405,0.1914,1.0,0.0,0.0,0.0,0.0,0.0902,-0.2465759999999999,-0.0081103630363941,0.1859103630363941,-0.0008228049653797048
-0.2957,-0.2283,1.159,-0.03653,-1.642,0.2856,0.00813,0.0,1.0,-0.8457,-0.8545,0.826,0.0,-0.1697,-0.1112,-0.4944,-0.502,-0.1685,0.8193,-0.7069,-0.554,0.1776,-0.524,1.271,-0.937,-0.964,0.0,0.0,-0.9526,0.0,-0.3032,0.0918,-0.6553,-0.01345,1.0,-0.5,-0.5,-0.219,0.067,-0.0675,0.0,1.0,0.0,0.0,0.0,-0.2942,0.2275708,0.0080651082098484,-0.7149651082098484,0.0008182138150425241
-0.2922,-0.0657,1.2,-0.0367,-1.049,0.2856,0.00813,1.0,1.0,-0.8677,-0.8774,0.846,0.0,-0.1692,0.10065,-0.497,-0.508,-0.0073,0.8193,0.3614,-0.56,-0.7065,0.1776,-0.524,-0.9365,-0.9634,0.0,0.0,-0.9526,0.0,-0.3027,0.03336,-0.6133,0.012886,1.0,-0.5,-0.5,-0.3586,0.1636,0.01656,1.0,0.0,0.0,0.0,0.0,0.288,0.163082,0.0365043468773365,0.3248956531226635,0.003703404857937124
-0.3174,0.0312,1.216,-0.0371,6.76,0.2856,0.00813,1.0,1.0,-0.8784,-0.8843,0.8564,0.0,-0.1688,-0.3535,-0.499,-0.5156,0.0837,0.8193,0.1788,-0.5703,0.3613,-0.7065,0.1776,-0.9365,-0.9634,0.0,0.0,-0.952,0.0,-0.3025,-0.2014,-0.4456,0.00916,1.0,0.0,-0.5,-0.3848,0.2081,0.10724,2.0,0.0,0.0,0.0,0.0,0.2025,-0.5427560000000001,-0.0131359593942761,0.1919359593942761,-0.0013326570667842735
-0.0331,-0.448,1.049,-0.038,-4.418,0.1428,0.00813,0.0,1.0,-0.7637,-0.8125,0.7954,0.0,-0.1683,1.987,-0.502,-0.5195,-0.3933,0.8193,-1.0659,-0.5703,0.1786,0.3613,-0.7065,-0.9365,-0.9634,0.0,0.0,-0.952,0.0,-0.3042,-0.541,-0.2037,-0.0809,1.0,0.0,-0.5,0.1176,-0.239,-0.749,0.0,1.0,0.0,0.0,0.0,-1.777,-0.118356,0.0051439772360026,-1.0710439772360028,0.00052186196753344
0.02255,-0.578,0.989,-0.0388,0.512,0.0,0.00813,0.0,1.0,-0.724,-0.7812,0.7754,0.0,-0.1678,-0.0782,-0.5054,-0.522,-0.552,0.8184,-0.3676,-0.5703,-1.065,0.1786,0.3613,-0.937,-0.963,0.0,0.0,-0.952,0.0,-0.3047,-0.541,-0.204,-0.004963,0.0,0.0,-0.5,0.2751,-0.3723,-0.9287,0.0,2.0,0.0,0.0,0.0,-0.1129,0.041148,-0.0063686552457511,-0.3612313447542489,-0.0006461068555724364
-0.03342,-0.5293,0.982,-0.0396,0.02824,-0.1428,0.00813,0.0,1.0,-0.7246,-0.773,0.7754,0.0,-0.1674,-0.312,-0.5083,-0.5244,-0.5396,0.817,0.0001,-0.5703,-0.3674,-1.065,0.1786,-0.937,-0.963,0.0,0.0,-0.9526,0.0,-0.3047,-0.5776,-0.178,0.0,0.0,0.0,-1.0,0.2556,-0.351,-0.8804,0.0,0.0,0.0,0.0,0.0,0.0,0.97936,0.0030732932500541,-0.0029732932500541,0.0003117888724419818
0.0213,0.1774,1.184,-0.03983,-1.552,-0.1428,0.00813,1.0,1.0,-0.834,-0.894,0.8564,0.0,-0.167,1.21,-0.51,-0.5273,0.163,0.8164,1.4871,-0.5703,0.0,-0.3674,-1.065,-0.937,-0.963,1.0,-1.0,-0.952,0.0,-0.3025,-0.0945,-0.522,0.04132,0.0,0.0,-0.5,-0.2869,0.3237,0.1755,1.0,0.0,0.0,0.0,0.0,0.9507,1.2356840000000002,0.0254565514624118,1.4616434485375882,0.0025825942501864862
0.09644,0.8984,1.408,-0.03928,3.113,-0.1428,0.00813,1.0,1.0,-0.9434,-1.02,0.887,1.0,-0.171,1.093,-0.51,-0.53,0.8945,0.765,1.6001,-0.5674,1.487,0.0,-0.3674,-0.9365,-0.9624,1.0,-1.0,-0.952,0.0,-0.3,0.3743,-0.855,0.0691,0.0,0.0,0.0,-0.803,0.94,1.066,2.0,0.0,0.0,0.0,0.0,1.52,-0.1138024,0.0188082344830036,1.5812917655169965,0.0019081154139706205
0.2152,0.5156,1.308,-0.03864,-0.2842,0.0,0.00813,1.0,1.0,-0.884,-0.9775,0.8525,0.0,-0.1705,0.7036,-0.51,-0.5312,0.51,0.774,-0.5922000000000001,-0.5664,1.599,1.487,0.0,-0.9365,-0.9624,0.0,0.0,-0.952,0.0,-0.301,0.4004,-0.8745,-0.0253,0.0,0.0,0.0,-0.465,0.6343,0.6084,0.0,1.0,0.0,0.0,0.0,-0.53,0.3340463999999999,-0.0117208324372768,-0.5804791675627232,-0.0011890909302701943
0.2128,0.596,1.35,-0.0378,0.2773,0.1428,0.00813,1.0,1.0,-0.9053,-0.9995,0.872,0.0,-0.1702,-0.1748,-0.51,-0.5327,0.6284,0.78,0.3450999999999999,-0.565,-0.5923,1.599,1.487,-0.9365,-0.962,0.0,0.0,-0.952,0.0,-0.3005,0.5176,-0.9575,0.005836,1.0,0.0,0.5,-0.546,0.694,0.717,1.0,0.0,0.0,0.0,0.0,0.1245,-0.4212975999999998,0.0224957726895809,0.322604227310419,0.002282220091256208
0.2039,0.241,1.25,-0.03745,-0.427,0.2856,0.00813,1.0,1.0,-0.8545,-0.946,0.838,0.0,-0.1697,-0.3728,-0.51,-0.534,0.2328,0.7905,-0.5969,-0.5645,0.3447,-0.5923,1.599,-0.936,-0.962,0.0,0.0,-0.952,0.0,-0.3015,0.2399,-0.76,-0.004723,1.0,0.0,0.0,-0.2761,0.3508,0.3398,0.0,1.0,0.0,0.0,0.0,-0.0997,-0.9765839999999996,-0.0262597911059856,-0.5706402088940143,-0.0026640837672594715
0.2864,-0.4106,1.036,-0.0382,-2.027,0.1428,0.00813,0.0,1.0,-0.7305,-0.831,0.7593,0.0,-0.1692,0.5806,-0.51,-0.535,-0.4333,0.788,-1.3909,-0.5645,-0.5967,0.3447,-0.5923,-0.936,-0.9614,0.0,0.0,-0.952,0.0,-0.3037,-0.3816,-0.3174,-0.04166,0.0,-0.5,-0.5,0.3772,-0.2236,-0.4016,0.0,2.0,0.0,0.0,0.0,-0.896,-0.64428624,-0.0061390730552375,-1.3847609269447625,-0.0006228154979020495
0.39,-0.996,0.835,-0.0393,2.031,0.0,0.00813,0.0,1.0,-0.6016,-0.7153,0.685,0.0,-0.1688,0.6616,-0.51,-0.535,-0.9785,0.776,-1.3629,-0.562,-1.39,-0.5967,0.3447,-0.936,-0.9614,0.0,0.0,-0.952,0.0,-0.306,-0.5293,-0.2129,-0.0852,-1.0,-1.0,-0.5,1.006,-0.73,-0.967,0.0,3.0,0.0,0.0,0.0,-1.916,0.107523684,0.0347764454782009,-1.397676445478201,0.0035281074212483447
0.3555,-0.881,0.84,-0.0405,-0.000748,-0.1428,0.00813,0.0,1.0,-0.6074,-0.716,0.69,0.0,-0.1683,0.6562,-0.51,-0.535,-0.8276,0.763,0.095,-0.5605,-1.362,-1.39,-0.5967,-0.9365,-0.9614,0.0,0.0,-0.952,0.0,-0.306,-0.5522,-0.1965,0.00595,0.0,-0.5,-0.5,0.862,-0.649,-0.8335,1.0,0.0,0.0,0.0,0.0,0.1398,-0.7079719999999999,-0.0060140253044664,0.1010140253044664,-0.0006101292704443733
0.4365,-0.9976,0.7812,-0.0415,0.289,-0.1428,0.00813,0.0,1.0,-0.5635,-0.684,0.6704,0.0,-0.1678,0.6787,-0.51,-0.535,-0.9116,0.7524,-0.3783,-0.5586,0.09485,-1.362,-1.39,-0.937,-0.962,0.0,0.0,-0.9526,0.0,-0.3064,-0.4897,-0.2413,-0.01959,-1.0,-0.5,-0.5,0.965,-0.7485,-0.906,0.0,1.0,0.0,0.0,0.0,-0.459,-0.9652027999999996,0.007067912723869,-0.3853679127238691,0.0007170472712471091
0.723,-1.714,0.5327,-0.0433,0.9688,-0.2856,0.00813,0.0,1.0,-0.3706,-0.532,0.577,0.0,-0.1674,2.326,-0.5083,-0.535,-1.603,0.735,-1.8189,-0.553,-0.3784,0.09485,-1.362,-0.938,-0.962,0.0,0.0,-0.9526,0.0,-0.309,-0.8423,0.009155,-0.1024,-1.0,-0.5,-1.0,1.807,-1.411,-1.282,0.0,2.0,0.0,0.0,0.0,-2.426,0.14044,-0.0168422758579254,-1.8020577241420743,-0.0017086668182435677
0.7744,-1.417,0.5796,-0.04504,-0.06104,-0.4285,0.00813,0.0,1.0,-0.4001,-0.5713,0.5967,0.0,-0.167,0.7695,-0.5034,-0.535,-1.233,0.712,0.4063,-0.5493,-1.818,-0.3784,0.09485,-0.939,-0.962,0.0,0.0,-0.9526,0.0,-0.3086,-0.7964,-0.02344,0.02184,0.0,-0.5,-1.0,1.447,-1.125,-1.014,1.0,0.0,0.0,0.0,0.0,0.549,-0.1941919999999999,-0.0020658788271248,0.4083658788271248,-0.0002095856066126025
0.6606,-1.374,0.562,-0.04636,0.0987,-0.4285,0.00813,0.0,1.0,-0.3965,-0.549,0.592,0.0,-0.1665,0.776,-0.4978,-0.5312,-1.139,0.6953,-0.1002,-0.547,0.406,-1.818,-0.3784,-0.9395,-0.962,0.0,0.0,-0.953,0.0,-0.3086,-0.6567,-0.1231,-0.004417,0.0,-1.0,-1.0,1.369,-1.067,-0.917,0.0,1.0,0.0,0.0,0.0,-0.1096,-0.26429024,-0.046915765851736,-0.0532842341482639,-0.0047596543982281235
0.866,-1.977,0.3528,-0.04813,0.632,-0.4285,0.00813,0.0,1.0,-0.2224,-0.403,0.513,0.0,-0.166,1.149,-0.4934,-0.5283,-1.811,0.689,-1.6089,-0.5415,-0.1002,0.406,-1.818,-0.9404,-0.9624,0.0,0.0,-0.9536,0.0,-0.3108,-0.8076,-0.01627,-0.0302,-1.0,-1.0,-1.0,2.096,-1.609,-1.106,0.0,2.0,0.0,0.0,0.0,-0.7515,1.2076319999999996,-0.0243285112082958,-1.5845714887917042,-0.0024681533653494138
0.8784,-1.255,0.5264,-0.0494,-0.2734,-0.4285,0.00813,0.0,1.0,-0.3535,-0.5405,0.582,0.0,-0.1656,1.297,-0.488,-0.525,-1.014,0.671,1.4821,-0.54,-1.608,-0.1002,0.406,-0.941,-0.9624,1.0,-1.0,-0.9536,0.0,-0.309,-0.523,-0.2185,0.1107,0.0,-1.0,-0.5,1.273,-0.802,-0.724,1.0,0.0,0.0,0.0,0.0,2.9,-0.1271999999999999,0.0046828356571495,1.4774171643428504,0.00047507866336804917
0.7563,-1.121,0.5205,-0.0513,0.01109,-0.5713,0.00813,0.0,1.0,-0.3591,-0.526,0.582,0.0,-0.1652,0.02531,-0.4834,-0.5215,-0.9375,0.662,0.0001,-0.538,1.482,-1.608,-0.1002,-0.941,-0.963,0.0,0.0,-0.9536,0.0,-0.309,-0.8535,0.01729,0.0,0.0,-1.0,-1.0,1.097,-0.807,-0.664,0.0,0.0,0.0,0.0,0.0,0.0,-1.3360784,0.009991567581892,-0.009891567581892,0.0010136551694932224
1.039,-1.98,0.2098,-0.05478,1.017,-0.7144,0.00813,0.0,1.0,-0.09045,-0.2957,0.4639,0.0,-0.1647,2.906,-0.4785,-0.518,-1.89,0.643,-2.4299,-0.5337,0.0,1.482,-1.608,-0.942,-0.963,0.0,0.0,-0.954,0.0,-0.3123,-1.473,0.4849,-0.03406,-1.0,-1.0,-1.5,2.246,-1.759,-1.001,0.0,1.0,0.0,0.0,0.0,-0.853,0.348384,0.0211022906005382,-2.451002290600538,0.0021408498496422413
1.198,-1.564,0.2559,-0.05786,-0.10095,-0.857,0.00813,0.0,1.0,-0.11664,-0.3489,0.4834,0.0,-0.1643,2.906,-0.4731,-0.5137,-1.482,0.6177,0.4382999999999999,-0.531,-2.428,0.0,1.482,-0.942,-0.9634,0.0,0.0,-0.9546,0.0,-0.3118,-1.358,0.3762,0.00953,0.0,-0.5,-1.0,1.871,-1.371,-0.83,1.0,0.0,0.0,0.0,0.0,0.2583,1.0247240000000002,0.0280342102050781,0.4102657897949218,0.002844100474137616
1.151,-0.7715,0.4028,-0.06067,-0.438,-1.0,0.00813,0.0,1.0,-0.2389,-0.4673,0.5425,0.0,-0.1638,0.8413,-0.4697,-0.51,-0.824,0.6084,1.2971,-0.53,0.438,-2.428,0.0,-0.9424,-0.9634,0.0,0.0,-0.9546,0.0,-0.31,-1.157,0.2338,0.01868,1.0,-0.5,-1.0,1.192,-0.6323,-0.5703,2.0,0.0,0.0,0.0,0.0,0.4995,-0.702184,-0.0114307403564453,1.3085307403564452,-0.0011596607798004305
1.448,-1.028,0.2708,-0.06354,0.532,-1.143,0.00813,0.0,1.0,-0.10895,-0.3823,0.4934,0.0,-0.1633,2.53,-0.4688,-0.5063,-1.236,0.601,-1.0379,-0.528,1.296,0.438,-2.428,-0.9424,-0.9634,0.0,0.0,-0.955,0.0,-0.3115,-1.182,0.25,-0.01936,0.0,-0.5,-1.0,1.552,-1.045,-0.6826,0.0,1.0,0.0,0.0,0.0,-0.4976,1.55028,0.0040687914006412,-1.0419687914006412,0.00041278321975464597
1.355,-0.01384,0.4924,-0.0652,-1.012,-1.0,0.00813,1.0,1.0,-0.2903,-0.554,0.582,0.0,-0.163,1.807,-0.4692,-0.5034,-0.2532,0.589,1.9321,-0.5273,-1.038,1.296,0.438,-0.9424,-0.964,1.0,-1.0,-0.955,0.0,-0.309,-0.6455,-0.1311,0.05493,1.0,0.0,-0.5,0.648,-0.1091,-0.3557,1.0,0.0,0.0,0.0,0.0,1.459,0.1780815999999999,-0.0106135196983814,1.942713519698381,-0.0010767528739214348
1.297,0.154,0.511,-0.06616,2.793,-0.857,0.00813,1.0,1.0,-0.309,-0.5635,0.592,0.0,-0.1625,0.2703,-0.47,-0.5005,-0.03375,0.576,0.2024999999999999,-0.5293,1.932,-1.038,1.296,-0.9424,-0.964,0.0,0.0,-0.9556,0.0,-0.3088,-0.4146,-0.296,0.00792,2.0,0.0,0.0,0.543,0.007454,-0.292,2.0,0.0,0.0,0.0,0.0,0.1984,0.4092120000000001,-0.0318802781403064,0.2343802781403064,-0.003234288161186024
1.226,0.598,0.6055,-0.06683,2.148,-0.7144,0.00813,1.0,1.0,-0.382,-0.6274,0.6313,0.0,-0.162,0.726,-0.471,-0.4978,0.4854,0.564,0.8048,-0.5347,0.2024,1.932,-1.038,-0.9424,-0.964,0.0,0.0,-0.9556,0.0,-0.3076,-0.2864,-0.387,0.01219,2.0,0.5,0.0,0.2206,0.3672,-0.10864,3.0,0.0,0.0,0.0,0.0,0.3035,0.32385776,0.0063740559853613,0.7984259440146386,0.0006466547663562145
1.188,0.7207,0.623,-0.0673,0.3262,-0.5713,0.00813,1.0,1.0,-0.3975,-0.6367,0.641,0.0,-0.1616,0.469,-0.473,-0.496,0.674,0.555,0.1963,-0.5396,0.804,0.2024,1.932,-0.9414,-0.964,0.0,0.0,-0.956,0.0,-0.3074,-0.1918,-0.454,0.003199,2.0,1.0,0.5,0.07404,0.3381,-0.02039,4.0,0.0,0.0,0.0,0.0,0.0777,-1.1076439999999996,-0.0308855548501014,0.2271855548501014,-0.0031333724242841397
1.328,-0.257,0.3655,-0.0678,-1.169,-0.5713,0.00813,0.0,1.0,-0.1953,-0.4517,0.5425,0.0,-0.1611,0.8413,-0.4753,-0.4954,-0.2566,0.5493,-1.9499,-0.546,0.1962,0.804,0.2024,-0.9414,-0.9644,0.0,0.0,-0.9565,0.0,-0.3103,-0.2072,-0.4446,-0.06396,2.0,0.5,0.5,1.014,-0.426,-0.4185,0.0,1.0,0.0,0.0,0.0,-1.543,-0.424636,0.0049879192374646,-1.9548879192374649,0.0005060297174223062
1.469,-0.875,0.1854,-0.0689,3.89,-0.5713,0.00813,0.0,1.0,-0.03497,-0.3093,0.4736,0.0,-0.1606,0.941,-0.477,-0.4958,-0.866,0.5405,-1.4539,-0.552,-1.949,0.1962,0.804,-0.9414,-0.9644,0.0,0.0,-0.957,0.0,-0.3123,-0.4692,-0.2583,-0.0529,1.0,0.5,0.0,1.681,-0.9287,-0.773,0.0,2.0,0.0,0.0,0.0,-1.359,-0.0062739999999999,-0.0198469422757625,-1.4340530577242374,-0.0020134934254881663
1.491,-0.6978,0.2069,-0.0699,-0.1053,-0.5713,0.00813,0.0,1.0,-0.05167,-0.3303,0.4834,0.0,-0.1602,1.47,-0.4788,-0.497,-0.698,0.5337,0.2176,-0.555,-1.453,-1.949,0.1962,-0.942,-0.965,0.0,0.0,-0.957,0.0,-0.3118,-0.422,-0.2917,0.00487,1.0,1.0,0.5,1.397,-0.7964,-0.695,1.0,0.0,0.0,0.0,0.0,0.1312,0.8739120000000002,0.0236510280519723,0.1939489719480276,0.002399421977804531
1.308,-0.1103,0.3528,-0.0699,-0.885,-0.5713,0.00813,0.0,1.0,-0.187,-0.4397,0.5425,0.0,-0.1598,-0.2026,-0.4822,-0.499,-0.0927,0.533,1.2971,-0.5576,0.2175,-1.453,-1.949,-0.942,-0.965,1.0,-1.0,-0.9575,0.0,-0.3103,-0.00266,-0.5903,0.010666,1.0,1.0,1.0,0.7476,-0.1698,-0.2654,2.0,0.0,0.0,0.0,0.0,0.2852,-0.4907799999999999,-0.0298772081732749,1.326977208173275,-0.0030310745803042915
1.22,-0.27,0.298,-0.0705,6.03,-0.5713,0.00813,0.0,1.0,-0.1498,-0.3867,0.523,0.0,-0.1593,-0.189,-0.485,-0.501,-0.2108,0.525,-0.4154,-0.56,1.296,0.2175,-1.453,-0.942,-0.9653,0.0,0.0,-0.9575,0.0,-0.3108,-0.292,-0.384,-0.013176,0.0,0.5,0.5,0.9126,-0.2852,-0.3728,0.0,1.0,0.0,0.0,0.0,-0.3386,-0.6757319999999999,-0.0188635345548391,-0.3965364654451608,-0.001913725665137914
1.401,-0.797,0.1433,-0.0716,3.115,-0.5713,0.00813,0.0,1.0,-0.003231,-0.2656,0.4639,0.0,-0.1588,0.956,-0.4888,-0.504,-0.7476,0.518,-1.2629,-0.5615,-0.4153,1.296,0.2175,-0.9424,-0.9653,0.0,0.0,-0.958,0.0,-0.3125,-0.4568,-0.2673,-0.03217,0.0,0.5,0.5,1.361,-0.855,-0.8,0.0,2.0,0.0,0.0,0.0,-0.8374,-0.8618760000000001,-0.0436202324926853,-1.2192797675073146,-0.0044253190301029805
1.484,-1.37,-0.00992,-0.07214,0.9893,-0.5713,0.00813,0.0,1.0,0.1456,-0.1259,0.4048,0.0,-0.1584,2.773,-0.4917,-0.506,-1.266,0.509,-1.3139,-0.5586,-1.262,-0.4153,1.296,-0.9434,-0.9653,0.0,0.0,-0.958,0.0,-0.3142,-0.292,-0.3855,-0.03598,0.0,0.0,0.5,1.916,-1.3,-1.092,0.0,3.0,0.0,0.0,0.0,-0.9756,1.7293959999999995,-0.0135837383568286,-1.3003162616431714,-0.001378084719298405
1.113,-0.1691,0.2854,-0.072,-0.8623,-0.5713,0.00813,0.0,1.0,-0.148,-0.3672,0.523,0.0,-0.158,1.397,-0.4937,-0.5083,-0.08527,0.5127,2.7421,-0.559,-1.313,-1.262,-0.4153,-0.9434,-0.966,1.0,-1.0,-0.958,0.0,-0.3108,0.0199,-0.607,0.03836,0.0,0.0,0.5,0.693,0.046,-0.1885,1.0,0.0,0.0,0.0,0.0,1.084,-0.4571720000000001,0.0168770011514425,2.7252229988485577,0.0017121897362438992
1.144,-0.5356,0.1815,-0.07263,4.6,-0.5713,0.00813,0.0,1.0,-0.05753,-0.279,0.4834,0.0,-0.1575,0.3828,-0.496,-0.5107,-0.4756,0.511,-0.8419,-0.559,2.74,-1.313,-1.262,-0.9434,-0.9663,0.0,0.0,-0.958,0.0,-0.312,-0.2708,-0.4,-0.01979,-1.0,-0.5,0.0,1.024,-0.2954,-0.4512,0.0,1.0,0.0,0.0,0.0,-0.515,-0.0705079999999999,-0.0027746264822781,-0.8391253735177219,-0.00028148881085198184
0.9023,-0.1472,0.277,-0.0726,-0.7803,-0.5713,0.00813,0.0,1.0,-0.158,-0.3428,0.523,0.0,-0.1571,0.34,-0.499,-0.5137,-0.0811,0.5127,0.8644,-0.5596,-0.8413,2.74,-1.313,-0.9434,-0.9663,1.0,-1.0,-0.958,0.0,-0.3108,-0.005177,-0.589,0.01564,0.0,-0.5,0.5,0.558,0.0553,-0.1515,1.0,0.0,0.0,0.0,0.0,0.4182,-0.2743159999999999,0.0093399584293365,0.8550600415706634,0.0009475487271794021
0.884,-0.4858,0.1737,-0.0735,5.625,-0.7144,0.00813,0.0,1.0,-0.07153,-0.2505,0.4834,0.0,-0.1566,0.9263,-0.502,-0.5166,-0.4497,0.509,-0.8419,-0.5596,0.8643,-0.8413,2.74,-0.9434,-0.967,0.0,0.0,-0.9585,0.0,-0.312,-0.414,-0.2976,-0.0226,0.0,-0.5,0.0,0.936,-0.2465,-0.4207,0.0,1.0,0.0,0.0,0.0,-0.5884,-0.0583919999999999,-0.0055459220893681,-0.8363540779106319,-0.000562639700869652
0.9443,-0.503,0.1453,-0.0746,0.1785,-0.857,0.00813,0.0,1.0,-0.04156,-0.2296,0.4736,0.0,-0.1561,0.941,-0.504,-0.5195,-0.4426,0.498,-0.216,-0.56,-0.8413,0.8643,-0.8413,-0.944,-0.967,0.0,0.0,-0.9585,0.0,-0.3123,-0.478,-0.252,-0.003311,0.0,-0.5,-0.5,0.951,-0.323,-0.4595,0.0,2.0,0.0,0.0,0.0,-0.08856,0.1873919999999999,-0.031883355230093,-0.184116644769907,-0.0032346003352211406
1.006,-0.484,0.1166,-0.07605,0.0853,-1.0,0.00813,0.0,1.0,-0.01102,-0.2083,0.4639,0.0,-0.1558,1.507,-0.5044,-0.522,-0.4565,0.4893,-0.2174,-0.56,-0.2161,-0.8413,0.8643,-0.944,-0.9673,0.0,0.0,-0.9585,0.0,-0.3125,-0.663,-0.1202,-0.006702,-1.0,-1.0,-1.0,0.995,-0.3608,-0.537,0.0,3.0,0.0,0.0,0.0,-0.1804,0.961404,-0.0132644334807991,-0.2041355665192008,-0.0013456908996520983
0.924,0.2336,0.261,-0.07715,-1.771,-1.0,0.00813,1.0,1.0,-0.1431,-0.3308,0.523,0.0,-0.1553,0.8687,-0.505,-0.5234,0.2279,0.4834,1.3141,-0.56,-0.2175,-0.2161,-0.8413,-0.9434,-0.9673,1.0,-1.0,-0.9585,0.0,-0.3108,-0.467,-0.2593,0.043,0.0,-1.0,-1.0,0.3586,0.1813,-0.08594,1.0,0.0,0.0,0.0,0.0,1.166,0.0935879999999999,0.0059373932890594,1.3081626067109406,0.0006023548708890153
0.7393,0.3462,0.281,-0.0774,0.5156,-0.857,0.00813,1.0,1.0,-0.1743,-0.3328,0.5327,0.0,-0.1548,-0.1958,-0.505,-0.5244,0.3762,0.4792,0.2105,-0.56,1.313,-0.2175,-0.2161,-0.9434,-0.9673,0.0,0.0,-0.9585,0.0,-0.3105,-0.1301,-0.4995,0.003412,0.0,-0.5,-0.5,0.211,0.1969,-0.003296,2.0,0.0,0.0,0.0,0.0,0.08887,-1.1446280000000006,0.0116357095539569,0.198864290446043,0.0011804551231246008
1.027,-0.3816,0.1041,-0.07764,-1.686,-0.857,0.00813,0.0,1.0,0.002026,-0.1984,0.4639,0.0,-0.1544,2.906,-0.505,-0.526,-0.3381,0.4778,-1.4629,-0.5596,0.2103,1.313,-0.2175,-0.9434,-0.968,0.0,0.0,-0.9585,0.0,-0.3125,-0.1301,-0.5005,-0.03516,0.0,-0.5,-0.5,0.9077,-0.3608,-0.5347,0.0,1.0,0.0,0.0,0.0,-0.9097,1.2329600000000005,-0.0055454005487263,-1.4573545994512738,-0.0005625867900162421
0.924,0.2183,0.2483,-0.07745,-2.002,-0.7144,0.00813,1.0,1.0,-0.1323,-0.3198,0.523,0.0,-0.1539,1.397,-0.5054,-0.528,0.2764,0.479,1.3141,-0.5605,-1.463,0.2103,1.313,-0.9434,-0.968,1.0,-1.0,-0.9585,0.0,-0.3108,0.03723,-0.619,0.03069,1.0,0.0,-0.5,0.3208,0.2225,-0.04553,1.0,0.0,0.0,0.0,0.0,0.832,2.164896,0.0789046883583068,1.2351953116416932,0.008004964646048461
1.026,1.779,0.637,-0.0766,5.7,-0.5713,0.00813,1.0,1.0,-0.4204,-0.634,0.68,0.0,-0.1534,2.906,-0.507,-0.53,1.564,0.511,2.7441000000000004,-0.557,1.313,-1.463,0.2103,-0.9424,-0.968,1.0,-1.0,-0.9585,0.0,-0.3066,0.306,-0.809,0.2422,2.0,0.0,-0.5,-0.789,1.591,1.021,2.0,0.0,1.0,0.0,9.375,6.305,-0.150428,-0.0079485140740871,2.752048514074088,-0.0008063852158283998
1.213,1.456,0.5825,-0.07574,-0.05203,-0.4285,0.00813,1.0,1.0,-0.367,-0.6094,0.6606,0.0,-0.1531,1.659,-0.5073,-0.5312,1.233,0.5225,-0.3808,-0.5557,2.744,1.313,-1.463,-0.942,-0.9673,0.0,0.0,-0.9585,0.0,-0.3071,0.306,-0.809,-0.01335,1.0,0.0,-0.5,-0.565,1.281,0.8325,0.0,1.0,0.0,0.0,0.0,-0.3145,0.3283,0.0017760707996785,-0.3825760707996786,0.00018018427366120707
1.256,1.484,0.6265,-0.0742,0.1528,-0.2856,0.00813,1.0,1.0,-0.3945,-0.645,0.68,0.0,-0.1526,1.624,-0.5054,-0.532,1.293,0.535,0.3853999999999999,-0.554,-0.3806,2.744,1.313,-0.9414,-0.9673,0.0,0.0,-0.9585,0.0,-0.3066,0.57,-0.997,0.01105,1.0,0.0,0.0,-0.6562,1.281,0.8936,1.0,0.0,0.0,0.0,0.0,0.2634,-0.5915960000000002,0.0032008956186473,0.3821991043813526,0.00032473426859768535
1.282,0.7007,0.4734,-0.0727,-0.4014,-0.1428,0.00813,1.0,1.0,-0.282,-0.533,0.621,0.0,-0.1521,1.234,-0.502,-0.532,0.504,0.5527,-1.1429,-0.5527,0.3853,-0.3806,2.744,-0.941,-0.9673,0.0,0.0,-0.958,0.0,-0.3083,0.57,-0.998,-0.03047,1.0,0.0,0.0,-0.1661,0.6685,0.467,0.0,1.0,0.0,0.0,0.0,-0.718,0.3788679999999999,0.0542780570685863,-1.1971780570685864,0.005506566681021461
1.113,0.905,0.5405,-0.07196,0.412,0.0,0.00813,1.0,1.0,-0.3447,-0.5703,0.651,0.0,-0.1516,0.215,-0.498,-0.531,0.6997,0.562,0.5924,-0.5513,-1.142,0.3853,-0.3806,-0.9404,-0.9673,0.0,0.0,-0.958,0.0,-0.3074,0.354,-0.8438,0.02327,1.0,0.5,0.0,-0.359,0.834,0.561,1.0,0.0,0.0,0.0,0.0,0.5684,0.1287839999999999,-0.0341634042561054,0.6265634042561055,-0.00346591373654408
1.058,0.868,0.558,-0.0708,0.0936,0.1428,0.00813,1.0,1.0,-0.362,-0.5786,0.6606,0.0,-0.1512,-0.278,-0.4944,-0.5293,0.727,0.569,0.1939,-0.55,0.592,-1.142,0.3853,-0.94,-0.9673,0.0,0.0,-0.958,0.0,-0.3071,0.5576,-0.989,0.002981,1.0,1.0,0.5,-0.3994,0.8076,0.537,2.0,0.0,0.0,0.0,0.0,0.0715,-0.6548240000000001,-0.0239827781915664,0.2178827781915664,-0.0024330783826902983
1.084,0.3948,0.4534,-0.0703,-0.3994,0.2856,0.00813,1.0,1.0,-0.2827,-0.5015,0.621,0.0,-0.1508,-0.2542,-0.4912,-0.5273,0.2832,0.574,-0.7704,-0.549,0.1938,0.592,-1.142,-0.9395,-0.9673,0.0,0.0,-0.9575,0.0,-0.3083,0.2678,-0.782,-0.0124,1.0,0.5,0.0,-0.02814,0.4321,0.287,0.0,1.0,0.0,0.0,0.0,-0.2957,0.3748095999999999,-0.0128933731466531,-0.7575066268533468,-0.0013080464336743432
0.973,0.476,0.4958,-0.0693,0.3157,0.4285,0.00813,1.0,1.0,-0.3235,-0.525,0.641,0.0,-0.1503,-0.2664,-0.488,-0.5254,0.3923,0.5825,0.3949,-0.548,-0.7705,0.1938,0.592,-0.94,-0.967,0.0,0.0,-0.9575,0.0,-0.3079,0.505,-0.9517,0.00886,1.0,0.5,0.5,-0.144,0.565,0.3506,1.0,0.0,0.0,0.0,0.0,0.2164,0.4521320000000001,0.0070649008266627,0.3878350991733372,0.0007167417110686761
0.9653,0.625,0.562,-0.068,0.4187,0.5713,0.00813,1.0,1.0,-0.3723,-0.574,0.6704,0.0,-0.1499,1.16,-0.4856,-0.5234,0.6206,0.5884,0.5851,-0.548,0.3948,-0.7705,0.1938,-0.94,-0.967,0.0,0.0,-0.9575,0.0,-0.307,0.63,-1.04,0.007034,2.0,1.0,1.0,-0.311,0.767,0.4465,2.0,0.0,0.0,0.0,0.0,0.1697,0.534312,0.0465933270752429,0.538506672924757,0.00472694264104303
0.882,0.7417,0.627,-0.0664,0.3105,0.7144,0.00813,1.0,1.0,-0.4248,-0.6143,0.7,0.0,-0.1494,0.645,-0.4834,-0.521,0.7627,0.603,0.5748,-0.549,0.585,0.3948,-0.7705,-0.9395,-0.967,0.0,0.0,-0.957,0.0,-0.3062,0.747,-1.123,0.00679,2.0,1.0,1.5,-0.502,0.892,0.5493,3.0,0.0,0.0,0.0,0.0,0.1609,1.0561079999999996,-0.0059890621341764,0.5807890621341765,-0.0006075967302394452
0.806,1.32,0.8115,-0.06476,0.885,0.7144,0.00813,1.0,1.0,-0.553,-0.7344,0.779,0.0,-0.1489,1.012,-0.482,-0.518,1.376,0.617,1.5051,-0.545,0.574,0.585,0.3948,-0.939,-0.967,1.0,-1.0,-0.9565,0.0,-0.304,0.7886,-1.152,0.01111,2.0,1.0,1.5,-0.921,1.434,0.8066,4.0,0.0,0.0,0.0,0.0,0.2585,0.2055239999999999,-0.0065389391966164,1.5116389391966163,-0.0006633823436939566
0.886,1.312,0.849,-0.06305,0.126,0.7144,0.00813,1.0,1.0,-0.5703,-0.7656,0.7983,0.0,-0.1486,0.9863,-0.4797,-0.514,1.261,0.646,0.3595,-0.542,1.505,0.574,0.585,-0.9385,-0.9663,0.0,0.0,-0.9565,0.0,-0.3035,0.8086,-1.166,0.0197,3.0,1.5,1.5,-0.982,1.39,0.762,5.0,0.0,0.0,0.0,0.0,0.4382,-1.073052,-0.0020999615080654,0.3615999615080654,-0.00021304333088284014
0.9194,0.1997,0.5986,-0.06152,-0.7197,0.857,0.00813,1.0,1.0,-0.4019,-0.597,0.7,0.0,-0.1481,1.118,-0.4785,-0.5103,0.1505,0.6646,-1.7769,-0.542,0.3591,1.505,0.574,-0.9385,-0.9663,0.0,0.0,-0.956,0.0,-0.3062,0.673,-1.07,-0.07043,2.0,1.0,1.5,-0.1266,0.606,0.2705,0.0,1.0,0.0,0.0,0.0,-1.549,0.2140319999999999,0.0279002208262681,-1.804800220826268,0.002830507108994984
0.844,0.078,0.5903,-0.06042,-0.3293,0.857,0.00813,1.0,1.0,-0.4019,-0.5845,0.7,0.0,-0.1476,0.172,-0.4788,-0.5063,0.02795,0.6772,0.0001,-0.5435,-1.776,0.3591,1.505,-0.9385,-0.9663,0.0,0.0,-0.956,0.0,-0.3062,0.5366,-0.973,0.0,1.0,1.0,1.0,-0.2344,0.396,0.2323,0.0,0.0,0.0,0.0,0.0,0.0,0.2589604,-0.0048845303244888,0.0049845303244888,-0.0004955408021197527
0.568,-0.10785,0.534,-0.0607,-1.113,0.7144,0.00813,0.0,1.0,-0.384,-0.5205,0.68,0.0,-0.1472,0.6675,-0.4778,-0.504,-0.1985,0.682,-0.3761,-0.5464,0.0,-1.776,0.3591,-0.938,-0.9663,0.0,0.0,-0.9556,0.0,-0.3066,-0.0945,-0.523,-0.002373,0.0,0.5,0.5,-0.0463,0.2021,0.1035,0.0,1.0,0.0,0.0,0.0,-0.05524,0.276452,0.0157876349985599,-0.3918876349985599,0.0016016723801543864
0.4148,-0.1211,0.526,-0.06085,0.666,0.5713,0.00813,0.0,1.0,-0.3904,-0.502,0.68,0.0,-0.1467,-0.2896,-0.4778,-0.5024,-0.2262,0.685,0.0001,-0.55,-0.3762,0.0,-1.776,-0.938,-0.966,0.0,0.0,-0.9556,0.0,-0.3066,-5.2e-06,-0.591,0.0,-1.0,0.0,0.5,-0.04437,0.1587,0.0664,0.0,0.0,0.0,0.0,0.0,0.0,0.4083128,0.0039620730094611,-0.0038620730094611,0.0004019565253432747
0.2527,0.395,0.662,-0.06067,-13.73,0.5713,0.00813,1.0,1.0,-0.4993,-0.5874,0.7393,0.0,-0.1462,0.3704,-0.4783,-0.5015,0.2659,0.691,1.1431,-0.5513,0.0,-0.3762,0.0,-0.938,-0.966,1.0,-1.0,-0.955,0.0,-0.3052,0.1664,-0.7085,0.0421,-1.0,0.5,0.5,-0.4648,0.5854,0.3552,1.0,0.0,0.0,0.0,0.0,0.9917,0.5646880000000002,-0.0173187050968408,1.1604187050968409,-0.0017570010717994915
0.1027,0.655,0.749,-0.05975,0.716,0.5713,0.00813,1.0,1.0,-0.5693,-0.635,0.779,0.0,-0.1459,-0.3435,-0.4783,-0.502,0.546,0.699,0.7355,-0.552,1.142,0.0,-0.3762,-0.938,-0.966,0.0,0.0,-0.9546,0.0,-0.304,0.63,-1.039,0.0169,0.0,0.5,1.0,-0.6763,0.8154,0.526,2.0,0.0,0.0,0.0,0.0,0.3845,-0.3061679999999999,-0.0340761989355087,0.7695761989355088,-0.0034570666639195235
0.1222,0.3962,0.6924,-0.0592,-0.242,0.5713,0.00813,1.0,1.0,-0.5303,-0.5977,0.7593,0.0,-0.1454,0.12366,-0.478,-0.5024,0.2261,0.7144,-0.3593,-0.558,0.735,1.142,0.0,-0.938,-0.9653,0.0,0.0,-0.9546,0.0,-0.3047,0.4143,-0.8853,-0.01435,0.0,0.0,0.5,-0.451,0.6,0.4192,0.0,1.0,0.0,0.0,0.0,-0.319,-0.4304399999999999,-0.0073060006834566,-0.3519939993165433,-0.000741201548246391
0.2588,-0.1793,0.5425,-0.05914,-1.154,0.4285,0.00813,0.0,1.0,-0.4148,-0.5015,0.7,0.0,-0.1449,0.645,-0.479,-0.504,-0.3457,0.718,-1.0909,-0.563,-0.3591,0.735,1.142,-0.938,-0.9653,0.0,0.0,-0.954,0.0,-0.3064,0.0727,-0.642,-0.00793,0.0,-0.5,0.0,0.06213,0.1137,-0.06854,0.0,2.0,0.0,0.0,0.0,-0.1782,0.1254559999999999,0.0041841301135718,-1.095084130113572,0.0004244844549859107
0.323,-0.1464,0.5596,-0.0587,-0.2255,0.2856,0.00813,0.0,1.0,-0.422,-0.5195,0.71,0.0,-0.1444,0.634,-0.4807,-0.505,-0.2915,0.7217,0.1881999999999999,-0.563,-1.09,-0.3591,0.735,-0.938,-0.965,0.0,0.0,-0.954,0.0,-0.306,0.3047,-0.8076,0.002792,1.0,-0.5,0.5,-0.01039,0.1667,0.00785,1.0,0.0,0.0,0.0,0.0,0.065,0.5714680000000001,-0.0296075642108917,0.2178075642108917,-0.0030037189132228097
0.3594,0.2294,0.6714,-0.05804,-6.04,0.2856,0.00813,1.0,1.0,-0.497,-0.6025,0.7593,0.0,-0.144,0.5806,-0.4832,-0.506,0.0687,0.7314,0.9351,-0.563,0.1881,-1.09,-0.3591,-0.938,-0.965,1.0,-1.0,-0.954,0.0,-0.3047,0.407,-0.8804,0.00757,1.0,-0.5,0.5,-0.3376,0.5356,0.4014,2.0,0.0,0.0,0.0,0.0,0.1752,-0.5328039999999998,-0.0188572201877832,0.9539572201877832,-0.001913085065877004
0.3418,-0.2494,0.5454,-0.05798,-1.513,0.1428,0.00813,0.0,1.0,-0.4104,-0.5103,0.71,0.0,-0.1436,0.1637,-0.487,-0.507,-0.4006,0.734,-0.9086,-0.563,0.935,0.1881,-1.09,-0.9375,-0.965,0.0,0.0,-0.954,0.0,-0.306,0.0665,-0.6377,-0.01889,0.0,-0.5,0.0,0.0954,0.1327,-0.05157,0.0,1.0,0.0,0.0,0.0,-0.425,-0.1575279999999999,0.0111378096044063,-0.9197378096044064,0.0011299426431142508
0.2778,-0.3398,0.5146,-0.05826,0.7085,0.0,0.00813,0.0,1.0,-0.3928,-0.4817,0.7,0.0,-0.1431,-0.301,-0.4915,-0.508,-0.498,0.7354,-0.1869,-0.5645,-0.908,0.9346,0.1881,-0.938,-0.9644,0.0,0.0,-0.954,0.0,-0.3064,-0.0945,-0.523,-0.001453,0.0,-0.5,-0.5,0.11664,-0.02744,-0.1798,0.0,2.0,0.0,0.0,0.0,-0.03363,-1.2607759999999997,0.0083376476541161,-0.1952376476541161,0.0008458632318440918
0.5835,-1.307,0.2244,-0.06003,4.13,-0.1428,0.00813,0.0,1.0,-0.1393,-0.2708,0.582,0.0,-0.1427,2.906,-0.4976,-0.51,-1.402,0.716,-2.2579,-0.562,-0.187,-0.908,0.9346,-0.9385,-0.9644,0.0,0.0,-0.954,0.0,-0.3096,-0.8706,0.0296,-0.09784,0.0,-0.5,-1.0,1.2,-0.9194,-1.153,0.0,3.0,0.0,0.0,0.0,-2.277,-1.774928,0.0536481253802776,-2.311548125380277,0.0054426594405361
0.852,-2.21,-0.0634,-0.0628,0.9214,-0.2856,0.00813,0.0,1.0,0.1475,-0.0193,0.4639,0.0,-0.1422,2.607,-0.499,-0.5127,-2.01,0.6577,-2.4299,-0.5527,-2.256,-0.187,-0.908,-0.9395,-0.9644,0.0,0.0,-0.954,0.0,-0.313,-1.214,0.2732,-0.1583,-1.0,-0.5,-1.5,2.275,-1.946,-1.282,0.0,4.0,0.0,0.0,0.0,-3.967,1.0121439999999997,-0.0203010290861129,-2.409598970913887,-0.002059561015877543
0.724,-1.372,0.12036,-0.0643,-0.287,-0.4285,0.00813,0.0,1.0,-0.03702,-0.1885,0.5425,0.0,-0.1417,1.103,-0.4958,-0.5156,-1.094,0.6377,1.7531,-0.551,-2.428,-2.256,-0.187,-0.94,-0.9644,1.0,-1.0,-0.9546,0.0,-0.3108,-0.6377,-0.1371,0.04407,-1.0,-0.5,-1.0,1.402,-0.884,-0.955,1.0,0.0,0.0,0.0,0.0,1.194,-1.3127799999999998,0.0062514510937035,1.7468485489062964,0.0006342163695565651
1.002,-2.066,-0.0948,-0.06635,0.707,-0.5713,0.00813,0.0,1.0,0.1912,0.0009665,0.4539,0.0,-0.1414,2.08,-0.49,-0.517,-1.747,0.615,-1.8689,-0.5444,1.752,-2.428,-2.256,-0.941,-0.9644,0.0,0.0,-0.9546,0.0,-0.3132,-0.839,0.005264,-0.0643,-1.0,-1.0,-1.0,2.258,-1.559,-1.208,0.0,1.0,0.0,0.0,0.0,-1.651,-0.8649360000000001,0.0126818809658288,-1.881581880965829,0.0012865903267478911
1.297,-2.307,-0.2612,-0.0687,0.3967,-0.5713,0.0,0.0,0.0,0.3928,0.1603,0.385,0.0,-0.1409,2.906,-0.482,-0.517,-2.123,0.588,-1.5439,-0.536,-1.868,1.752,-2.428,-0.942,-0.9644,0.0,0.0,-0.955,0.0,-0.3152,-0.9307,0.06976,-0.06323,-1.0,-1.0,-1.0,2.836,-2.025,-1.237,0.0,2.0,0.0,0.0,0.0,-1.726,0.395488,-0.0125201493501663,-1.5313798506498335,-0.001270182482138613
1.3545,-1.838,-0.12335,-0.07074,-0.1766,-0.5713,0.0,0.0,1.0,0.2487,0.002037,0.444,0.0,-0.1404,2.104,-0.4749,-0.5156,-1.497,0.576,1.3911,-0.5317,-1.543,-1.868,1.752,-0.943,-0.9644,0.0,0.0,-0.955,0.0,-0.3135,-0.7153,-0.0829,0.02948,0.0,-0.5,-0.5,2.064,-1.166,-0.886,1.0,0.0,0.0,0.0,0.0,0.845,0.3208520000000001,0.0057890438474714,1.3853109561525283,0.0005873046620879823
1.312,-1.561,-0.1027,-0.0731,-0.03534,-0.7144,0.0,0.0,1.0,0.224,-0.01631,0.4539,0.0,-0.14,0.4165,-0.4673,-0.512,-1.215,0.556,0.2223,-0.5303,1.39,-1.543,-1.868,-0.944,-0.965,0.0,0.0,-0.9556,0.0,-0.3132,-0.8926,0.04346,0.004494,1.0,-0.5,-0.5,1.79,-0.953,-0.77,2.0,0.0,0.0,0.0,0.0,0.1235,-0.136756,0.0531545393168926,0.1691454606831073,0.005392584608870369
1.292,-1.256,-0.0826,-0.07574,-0.08636,-0.857,0.0,0.0,1.0,0.202,-0.03574,0.4639,0.0,-0.1395,-0.1454,-0.461,-0.508,-0.98,0.542,0.2206999999999999,-0.531,0.222,1.39,-1.543,-0.9443,-0.965,0.0,0.0,-0.956,0.0,-0.313,-1.01,0.1273,0.001918,1.0,-0.5,-0.5,1.563,-0.7417,-0.6763,3.0,0.0,0.0,0.0,0.0,0.05234,2.1014919999999995,0.0003772597410716,0.2203227402589283,3.827340241104476e-05
1.233,0.0614,0.1935,-0.07733,-1.065,-0.857,0.00813,1.0,1.0,-0.06076,-0.297,0.582,0.0,-0.139,2.314,-0.455,-0.503,0.447,0.52,2.6291,-0.531,0.2206,0.222,1.39,-0.944,-0.965,1.0,-1.0,-0.956,0.0,-0.3098,-0.5493,-0.1997,0.03586,2.0,0.0,0.0,0.4458,0.4744,-0.2312,4.0,0.0,0.0,0.0,0.0,0.972,0.6145599999999998,-0.030147448182106,2.6592474481821062,-0.003058490716932541
1.198,0.3345,0.2344,-0.07837,2.178,-0.7144,0.01627,1.0,1.0,-0.0985,-0.3303,0.6016,0.0,-0.1387,0.763,-0.4524,-0.4993,0.612,0.524,0.4049,-0.5317,2.627,0.2206,0.222,-0.9434,-0.965,0.0,0.0,-0.956,0.0,-0.309,-0.3596,-0.335,0.01173,3.0,0.5,0.5,0.2998,0.6333,-0.1423,5.0,0.0,0.0,0.0,0.0,0.2937,-0.546588,-0.0130289364606142,0.4179289364606142,-0.0013217994762138683
1.114,1.531,0.5073,-0.0786,3.209,-0.5713,0.01627,1.0,1.0,-0.3206,-0.5454,0.7197,0.0,-0.1382,2.025,-0.4526,-0.4966,1.724,0.532,2.3981000000000003,-0.5312,0.4048,2.627,0.2206,-0.943,-0.965,1.0,-1.0,-0.956,0.0,-0.306,-0.0711,-0.5396,0.09,3.0,1.0,0.5,-0.5254,1.551,0.2798,5.92,0.0,0.0,0.0,0.0,2.227,0.2309,0.0046466798521578,2.3934533201478425,0.00047141061845551246
1.916,-0.306,0.03503,-0.0807,-1.084,-0.7144,0.02438,0.0,1.0,0.1372,-0.2058,0.523,0.0,-0.1377,2.906,-0.4558,-0.4949,-0.2961,0.5337,-2.4299,-0.531,2.398,0.4048,2.627,-0.9424,-0.965,0.0,0.0,-0.9565,0.0,-0.3115,-0.5776,-0.1804,-0.1578,2.0,1.0,0.0,1.359,0.07434,-0.4058,0.0,1.0,0.0,0.0,0.0,-3.63,0.072352,0.0403685681521892,-2.470268568152189,0.004095434220618812
1.916,-0.1691,0.03044,-0.08234,-0.518,-0.7144,0.02438,0.0,1.0,0.1415,-0.2013,0.523,0.0,-0.1372,0.34,-0.4612,-0.4932,-0.1951,0.5234,0.0001,-0.532,-2.428,2.398,0.4048,-0.942,-0.9653,0.0,0.0,-0.9565,0.0,-0.3115,-0.4954,-0.239,0.0,1.0,0.5,0.0,1.297,0.11914,-0.3723,0.0,0.0,0.0,0.0,0.0,0.0,-0.6791319999999998,0.0114365890622138,-0.0113365890622138,0.0011602541372279307
2.123,-0.517,-0.08984,-0.0843,4.375,-0.7144,0.02438,0.0,1.0,0.276,-0.09686,0.4736,0.0,-0.1368,0.941,-0.4702,-0.4922,-0.6367,0.517,-1.0519,-0.534,0.0,-2.428,2.398,-0.942,-0.9653,0.0,0.0,-0.957,0.0,-0.3127,-0.5615,-0.1923,-0.031,0.0,0.5,0.0,1.651,-0.353,-0.5146,0.0,1.0,0.0,0.0,0.0,-0.807,1.3293679999999997,-0.0072394390590488,-1.0446605609409512,-0.0007344488005801377
1.825,0.429,0.1145,-0.08466,-2.186,-0.5713,0.03253,1.0,1.0,0.05655,-0.274,0.562,0.0,-0.1364,2.361,-0.481,-0.492,0.3557,0.51,1.9581,-0.5376,-1.052,0.0,-2.428,-0.9414,-0.9653,1.0,-1.0,-0.957,0.0,-0.3103,-0.1364,-0.4949,0.03998,0.0,1.0,0.5,0.7095,0.477,-0.1357,1.0,0.0,0.0,0.0,0.0,1.076,0.29560976,0.001343488227576,1.956756511772424,0.00013629831113826316
1.747,-0.0297,0.01643,-0.0844,-0.827,-0.4285,0.04065,1.0,1.0,0.1412,-0.1736,0.523,0.0,-0.1359,0.3398,-0.4873,-0.4927,-0.07513,0.5117,-0.8202,-0.539,1.957,-1.052,0.0,-0.942,-0.9653,0.0,0.0,-0.9575,0.0,-0.3115,0.04135,-0.622,-0.01978,-1.0,0.5,0.5,1.02,0.102,-0.267,0.0,1.0,0.0,0.0,0.0,-0.502,0.0683479999999999,0.0179383419454097,-0.8381383419454098,0.0018198638898320365
1.705,-0.014885,0.01123,-0.0848,0.44,-0.2856,0.04877,1.0,1.0,0.1428,-0.165,0.523,0.0,-0.1355,0.8687,-0.494,-0.4946,-0.078,0.512,0.0001,-0.5415,-0.82,1.957,-1.052,-0.942,-0.966,0.0,0.0,-0.9575,0.0,-0.3115,-0.1439,-0.49,0.0,-1.0,0.0,0.0,0.8906,0.03635,-0.2334,0.0,0.0,0.0,0.0,0.0,0.0,0.252648,-0.0288569070398807,0.0289569070398807,-0.002927563943977396
1.578,0.1245,0.05234,-0.0843,2.375,-0.1428,0.05692,1.0,1.0,0.0939,-0.1947,0.5425,0.0,-0.135,0.8413,-0.5,-0.498,0.0713,0.5176,0.4211,-0.547,0.0,-0.82,1.957,-0.9424,-0.966,0.0,0.0,-0.958,0.0,-0.311,0.147,-0.6973,0.00307,0.0,0.0,0.5,0.631,0.183,-0.0932,1.0,0.0,0.0,0.0,0.0,0.07996,-0.0939999999999999,-0.0169958118349313,0.4380958118349313,-0.0017242432065850007
1.473,-0.1836,0.000807,-0.08344,-1.466,-0.1428,0.06506,0.0,1.0,0.1343,-0.1355,0.523,0.0,-0.1345,0.8687,-0.505,-0.5034,-0.286,0.5327,-0.4154,-0.5503,0.4207,0.0,-0.82,-0.9424,-0.966,0.0,0.0,-0.958,0.0,-0.3115,0.306,-0.811,-0.01242,0.0,-0.5,0.5,0.753,-0.01947,-0.1499,0.0,1.0,0.0,0.0,0.0,-0.319,0.259104,-0.0586227811872959,-0.3567772188127041,-0.005947343568817672
1.308,-0.05225,0.04095,-0.08295,-1.239,0.0,0.0732,1.0,1.0,0.0828,-0.1613,0.5425,0.0,-0.1342,0.3193,-0.5093,-0.5107,-0.1698,0.541,0.4211,-0.5547,-0.4153,0.4207,0.0,-0.9424,-0.9663,0.0,0.0,-0.9585,0.0,-0.311,0.2074,-0.74,0.01242,0.0,-0.5,0.5,0.561,0.1913,0.02466,1.0,0.0,0.0,0.0,0.0,0.3235,-0.2234159999999999,-0.0141388094052672,0.4352388094052672,-0.0014343972681626614
1.308,-0.1175,0.0344,-0.0825,-2.264,0.0,0.0813,0.0,1.0,0.08905,-0.1549,0.5425,0.0,-0.1337,0.3193,-0.51,-0.519,-0.2188,0.546,0.0001,-0.555,0.4207,-0.4153,0.4207,-0.9424,-0.9663,0.0,0.0,-0.9585,0.0,-0.311,0.181,-0.7217,0.0,0.0,-1.0,0.0,0.542,0.1892,0.04007,0.0,0.0,0.0,0.0,0.0,0.0,0.0125799999999999,0.0169425383210182,-0.0168425383210182,0.0017188385518766695
1.514,-0.551,-0.0638,-0.0825,12.93,0.0,0.0894,0.0,1.0,0.2009,-0.0736,0.503,0.0,-0.1332,1.433,-0.51,-0.524,-0.5957,0.5435,-0.8305,-0.5557,0.0,0.4207,-0.4153,-0.9424,-0.9663,0.0,0.0,-0.9585,0.0,-0.312,0.02298,-0.6094,-0.02258,0.0,-1.0,-0.5,0.804,-0.2396,-0.2361,0.0,1.0,0.0,0.0,0.0,-0.58,0.174784,-0.0056592454202473,-0.8248407545797527,-0.0005741364734459668
1.346,-0.306,-0.02495,-0.0833,-0.424,-0.1428,0.09753,0.0,1.0,0.149,-0.0993,0.523,0.0,-0.1328,0.8687,-0.51,-0.529,-0.377,0.5415,0.4266,-0.5557,-0.8306,0.0,0.4207,-0.9424,-0.9663,0.0,0.0,-0.9585,0.0,-0.3115,-0.2983,-0.3796,0.00672,0.0,-0.5,-0.5,0.5874,-0.02213,-0.0968,1.0,0.0,0.0,0.0,0.0,0.1774,-0.0603239999999999,-0.0259481780230999,0.4525481780230999,-0.0026324702882172773
1.238,-0.3433,-0.05463,-0.0843,0.3108,-0.2856,0.1057,0.0,1.0,0.1697,-0.0602,0.513,0.0,-0.1323,-0.7144,-0.51,-0.5327,-0.4124,0.535,-0.2103,-0.5566,0.4263,-0.8306,0.0,-0.9424,-0.967,0.0,0.0,-0.9585,0.0,-0.3118,-0.405,-0.3037,-0.001764,0.0,-0.5,-1.0,0.5405,-0.2148,-0.185,0.0,1.0,0.0,0.0,0.0,-0.04593,0.0987904,0.0038419994525611,-0.2141419994525611,0.0003897749351499893
1.008,-0.096,-0.03836,-0.0861,-0.8755,-0.4285,0.11383,0.0,1.0,0.1351,-0.05783,0.523,0.0,-0.1318,-0.189,-0.5093,-0.535,-0.124,0.5166,0.2118999999999999,-0.56,-0.2103,0.4263,-0.8306,-0.9424,-0.967,0.0,0.0,-0.958,0.0,-0.3115,-0.9307,0.0715,0.002787,0.0,-0.5,-1.0,0.2284,-0.3171,-0.1718,1.0,0.0,0.0,0.0,0.0,0.073,-0.155556,-0.0197497997432947,0.2316497997432947,-0.002003638212138851
0.4866,-0.287,-0.09045,-0.08655,14.03,-0.4285,0.12195,0.0,1.0,0.1455,0.03897,0.503,0.0,-0.1315,-0.1748,-0.509,-0.535,-0.2262,0.507,-0.4209,-0.561,0.2117,-0.2103,0.4263,-0.943,-0.9673,0.0,0.0,-0.958,0.0,-0.312,-0.2224,-0.434,-0.00823,0.0,-0.5,-1.0,0.408,-0.4568,-0.3635,0.0,1.0,0.0,0.0,0.0,-0.2144,0.1508976,-0.0009677712223492,-0.4199322287776507,-9.81814209212687e-05
0.3745,-0.0813,-0.05188,-0.0869,-0.935,-0.4285,0.1301,0.0,1.0,0.09784,0.008316,0.523,0.0,-0.131,-0.718,-0.508,-0.535,-0.0218,0.507,0.4266,-0.5625,-0.4207,0.2117,-0.2103,-0.943,-0.9673,0.0,0.0,-0.958,0.0,-0.3115,-0.0945,-0.525,0.002037,1.0,0.0,-0.5,0.174,-0.2808,-0.2349,1.0,0.0,0.0,0.0,0.0,0.05374,1.363948,-0.0113168265670537,0.4379168265670538,-0.0011481041045793546
0.516,0.642,0.12225,-0.08624,-14.766,-0.2856,0.1382,1.0,1.0,-0.05536,-0.1731,0.6016,0.0,-0.1305,2.906,-0.508,-0.535,0.6953,0.516,1.6841,-0.563,0.4263,-0.4207,0.2117,-0.9424,-0.9673,1.0,-1.0,-0.958,0.0,-0.3093,0.63,-1.041,0.02655,1.0,0.0,0.0,-0.4934,0.3894,0.408,2.0,0.0,0.0,0.0,0.0,0.6914,0.6115932000000001,0.0455291308462619,1.638570869153738,0.004618978800532479
0.2847,1.177,0.2496,-0.0858,0.9233,-0.2856,0.1464,1.0,1.0,-0.1846,-0.268,0.6606,0.0,-0.13,0.2062,-0.5083,-0.535,1.205,0.525,1.1991,-0.5605,1.683,0.4263,-0.4207,-0.942,-0.9673,1.0,-1.0,-0.9575,0.0,-0.3076,0.5093,-0.954,0.02057,2.0,0.5,0.0,-0.869,0.8174,0.803,3.0,0.0,0.0,0.0,0.0,0.509,0.5604200000000001,0.0118064545094966,1.1872935454905034,0.0011977773806611837
0.3533,1.44,0.3313,-0.08484,0.3572,-0.2856,0.1544,1.0,1.0,-0.2462,-0.343,0.7,0.0,-0.1296,1.591,-0.508,-0.535,1.354,0.5474,0.7706,-0.557,1.199,1.683,0.4263,-0.9414,-0.9673,0.0,0.0,-0.9575,0.0,-0.3066,0.992,-1.299,0.02759,2.0,0.5,0.5,-1.027,1.055,0.931,4.0,0.0,0.0,0.0,0.0,0.6577,0.2522639999999999,-0.0149185322225093,0.7855185322225093,-0.001513500978165252
0.2712,1.668,0.4133,-0.08344,0.293,-0.2856,0.1626,1.0,1.0,-0.3174,-0.4028,0.7393,0.0,-0.1292,0.1394,-0.507,-0.535,1.654,0.556,0.7525,-0.556,0.7705,1.199,1.683,-0.941,-0.9673,0.0,0.0,-0.9575,0.0,-0.3054,1.101,-1.376,0.00893,3.0,1.0,1.0,-1.176,1.24,1.113,5.0,0.0,0.0,0.0,0.0,0.2078,0.4896719999999998,0.0074519789777696,0.7450480210222303,0.0007560112016317466
0.2134,1.692,0.4497,-0.0821,0.1487,-0.2856,0.1708,1.0,1.0,-0.3499,-0.4268,0.7593,0.0,-0.1287,0.12366,-0.5054,-0.5347,1.743,0.566,0.3678,-0.5503,0.7524,0.7705,1.199,-0.94,-0.9673,0.0,0.0,-0.9575,0.0,-0.305,1.101,-1.375,0.004932,3.0,1.5,1.0,-1.189,1.246,0.991,5.92,0.0,0.0,0.0,0.0,0.11224,-0.0134639999999999,-0.0225744470953941,0.3903744470953941,-0.0022902016934928673
0.1569,1.687,0.4849,-0.0805,0.1294,-0.1428,0.1788,1.0,1.0,-0.3806,-0.4492,0.779,0.0,-0.1283,0.1082,-0.502,-0.5327,1.759,0.582,0.3636,-0.5454,0.3674,0.7524,0.7705,-0.939,-0.967,0.0,0.0,-0.957,0.0,-0.3044,1.318,-1.45,0.004448,3.0,1.5,1.5,-1.199,1.249,0.885,5.92,0.0,0.0,0.0,0.0,0.10004,0.1813679999999999,-0.0088141849264502,0.3724141849264502,-0.0008942084455053691
0.10156,1.68,0.5195,-0.0789,0.1294,-0.1428,0.187,1.0,1.0,-0.4106,-0.471,0.7983,0.0,-0.1278,-0.3535,-0.4968,-0.5293,1.683,0.6064,0.3595,-0.542,0.3633,0.3674,0.7524,-0.938,-0.967,0.0,0.0,-0.9565,0.0,-0.304,1.318,-1.45,0.008095,3.0,1.5,1.5,-1.19,1.27,0.817,5.92,0.0,0.0,0.0,0.0,0.18,0.0094508,-0.0044492171145975,0.3639492171145975,-0.0004513778134857462
0.118,1.658,0.553,-0.07715,0.1203,0.0,0.1951,1.0,1.0,-0.4338,-0.4976,0.8184,0.0,-0.1273,0.52,-0.4893,-0.525,1.568,0.635,0.3555999999999999,-0.537,0.3591,0.3633,0.3674,-0.9375,-0.9663,0.0,0.0,-0.9565,0.0,-0.3035,1.3545,-1.45,0.012405,3.0,1.5,2.0,-1.214,1.249,0.755,5.92,0.0,0.0,0.0,0.0,0.2727,-0.3405371999999999,-0.0225692801177501,0.3781692801177501,-0.002289677498109453
0.2134,0.8965,0.41,-0.0755,-0.3345,0.1428,0.2032,1.0,1.0,-0.3193,-0.3955,0.7593,0.0,-0.127,1.494,-0.476,-0.5166,0.416,0.694,-1.0549,-0.536,0.3552,0.3591,0.3633,-0.937,-0.966,0.0,0.0,-0.956,0.0,-0.3052,1.189,-1.438,-0.1313,2.0,1.5,2.0,-0.6577,0.746,0.4487,0.0,1.0,0.0,0.0,0.0,-2.857,-0.1812119999999999,-0.0184848066419363,-1.0364151933580636,-0.001875303315131389
0.2605,0.64,0.3782,-0.07416,-0.1471,0.2856,0.2114,1.0,1.0,-0.2908,-0.3738,0.749,0.0,-0.1265,1.05,-0.4653,-0.51,0.1525,0.7124,-0.1817,-0.5356,-1.054,0.3552,0.3591,-0.937,-0.966,0.0,0.0,-0.9556,0.0,-0.3054,1.068,-1.353,-0.01712,1.0,1.5,1.5,-0.514,0.594,0.3591,0.0,2.0,0.0,0.0,0.0,-0.385,0.259708,-0.0048397784121334,-0.1768602215878665,-0.000491000672962645
0.5176,0.731,0.4348,-0.07245,0.2678,0.4285,0.2195,1.0,1.0,-0.314,-0.4402,0.779,0.0,-0.126,2.818,-0.457,-0.5044,0.3145,0.724,0.5484,-0.5347,-0.1816,-1.054,0.3552,-0.937,-0.9653,0.0,0.0,-0.9556,0.0,-0.3047,1.21,-1.45,0.03053,1.0,1.5,2.0,-0.6436,0.7603,0.418,1.0,0.0,0.0,0.0,0.0,0.6904,0.07914,0.0031443457119166,0.5452556542880833,0.0003189972203495386
0.7603,0.3828,0.3806,-0.07104,-0.3247,0.5713,0.2277,1.0,1.0,-0.253,-0.417,0.7593,0.0,-0.1256,2.408,-0.4514,-0.499,0.02545,0.736,-0.3593,-0.5347,0.548,-0.1816,-1.054,-0.937,-0.9653,0.0,0.0,-0.955,0.0,-0.3052,1.039,-1.332,-0.0314,0.0,1.0,1.5,-0.431,0.5386,0.298,0.0,1.0,0.0,0.0,0.0,-0.698,2.040892,0.0019367071799933,-0.3612367071799934,0.00019648100547833228
0.8047,2.156,0.941,-0.06757,4.707,0.7144,0.2357,1.0,1.0,-0.6333,-0.817,0.887,1.0,-0.171,0.743,-0.4424,-0.4905,1.654,0.6885,2.7441000000000004,-0.526,-0.3591,0.548,-0.1816,-0.936,-0.965,1.0,-1.0,-0.9546,0.0,-0.2983,1.5205,-1.45,0.857,0.0,1.0,2.0,-1.454,2.111,1.006,1.0,0.0,1.0,0.0,9.375,7.785,-0.0873988,0.0007675397791899,2.7433324602208105,7.786772782056315e-05
1.075,1.521,0.795,-0.06464,-0.2363,0.857,0.2439,1.0,1.0,-0.521,-0.746,0.832,0.0,-0.1705,1.624,-0.436,-0.483,0.946,0.7085,-0.9499,-0.522,2.744,-0.3591,0.548,-0.9355,-0.965,0.0,0.0,-0.954,0.0,-0.3,1.198,-1.442,-0.0952,0.0,0.5,1.5,-1.261,1.744,0.69,0.0,1.0,0.0,0.0,0.0,-1.865,-0.8875599999999996,-0.0379132814705371,-0.9119867185294628,-0.0038463427725506367
0.991,0.7944,0.6504,-0.06287,-0.3513,0.857,0.252,1.0,1.0,-0.432,-0.64,0.7764,0.0,-0.1702,0.869,-0.432,-0.4763,0.3,0.723,-0.9789,-0.5225,-0.9497,2.744,-0.3591,-0.935,-0.9644,0.0,0.0,-0.9536,0.0,-0.3018,0.811,-1.167,-0.132,0.0,0.0,1.0,-0.7466,1.221,0.4485,0.0,2.0,0.0,0.0,0.0,-2.664,0.1224784,0.0066708992235362,-0.9855708992235362,0.0006767698289266182
0.991,0.638,0.637,-0.0615,-0.0569,0.857,0.2603,1.0,1.0,-0.423,-0.631,0.7764,0.0,-0.1697,0.02267,-0.4307,-0.471,0.2448,0.729,0.0001,-0.5234,-0.9785,-0.9497,2.744,-0.9346,-0.9644,0.0,0.0,-0.953,0.0,-0.3018,0.696,-1.085,0.0,-1.0,-0.5,0.5,-0.681,1.077,0.3977,0.0,0.0,0.0,0.0,0.0,0.0,0.1195839999999999,-0.0093341814354062,0.0094341814354062,-0.000946962644994241
0.8306,0.669,0.668,-0.0603,0.1785,0.857,0.2683,1.0,1.0,-0.4568,-0.639,0.795,0.0,-0.1692,-0.4092,-0.431,-0.467,0.3337,0.7373,0.3368,-0.5254,0.0,-0.9785,-0.9497,-0.934,-0.964,0.0,0.0,-0.9526,0.0,-0.3013,0.653,-1.054,0.013336,0.0,-0.5,0.5,-0.7354,1.088,0.4126,1.0,0.0,0.0,0.0,0.0,0.2778,-0.03204,-0.0175285413861274,0.3543285413861274,-0.0017782891867663682
0.8306,0.5547,0.655,-0.05945,-0.02937,0.857,0.2764,1.0,1.0,-0.448,-0.63,0.795,0.0,-0.1688,0.0094,-0.4336,-0.465,0.3054,0.7407,0.0001,-0.5283,0.3364,0.0,-0.9785,-0.9336,-0.964,0.0,0.0,-0.952,0.0,-0.3013,0.5576,-0.986,0.0,-1.0,-1.0,0.0,-0.6597,0.9688,0.3716,0.0,0.0,0.0,0.0,0.0,0.0,-0.1973080000000001,0.0051487009041011,-0.0050487009041011,0.0005223411886914585
0.856,0.298,0.5986,-0.05887,-0.2976,0.857,0.2847,1.0,1.0,-0.4067,-0.592,0.7764,0.0,-0.1683,0.02267,-0.4392,-0.4648,0.1101,0.7437,-0.3332,-0.534,0.0,0.3364,0.0,-0.933,-0.9634,0.0,0.0,-0.952,0.0,-0.3018,0.4126,-0.8823,-0.01935,-1.0,-1.0,-0.5,-0.4475,0.749,0.275,0.0,1.0,0.0,0.0,0.0,-0.399,-0.099924,-0.0013104570098221,-0.3318895429901778,-0.00013294725892783944
0.8896,0.2245,0.5864,-0.05844,-0.07416,0.857,0.2927,1.0,1.0,-0.3955,-0.5854,0.7764,0.0,-0.1678,0.4458,-0.4473,-0.4658,0.09155,0.746,0.0001,-0.541,-0.333,0.0,0.3364,-0.9336,-0.963,0.0,0.0,-0.9517,0.0,-0.3018,0.3552,-0.8413,0.0,-1.0,-1.0,-1.0,-0.4004,0.661,0.2522,0.0,0.0,0.0,0.0,0.0,0.0,-0.7304840000000001,-0.0021903016604483,0.0022903016604483,-0.00022220843552985206
1.006,-0.3027,0.446,-0.05856,-1.709,0.7144,0.3008,0.0,1.0,-0.2837,-0.4895,0.721,0.0,-0.1674,-0.3728,-0.4568,-0.468,-0.4136,0.747,-1.0099,-0.546,0.0,-0.333,0.0,-0.934,-0.963,0.0,0.0,-0.951,0.0,-0.3035,0.04572,-0.621,-0.01758,-1.0,-1.5,-1.5,0.0973,0.2274,-0.05624,0.0,1.0,0.0,0.0,0.0,-0.3662,-0.4283639999999998,0.0041937711648643,-1.0140937711648643,0.00042546254990464026
1.1,-0.6265,0.35,-0.05917,1.695,0.5713,0.3088,0.0,1.0,-0.2014,-0.4202,0.6846,0.0,-0.167,0.9863,-0.4673,-0.4714,-0.7427,0.747,-0.6952,-0.5493,-1.01,0.0,-0.333,-0.9346,-0.9624,0.0,0.0,-0.951,0.0,-0.3047,-0.1625,-0.4731,-0.02455,-2.0,-1.5,-2.0,0.381,-0.0952,-0.307,0.0,2.0,0.0,0.0,0.0,-0.528,1.122372,-0.0106326006352901,-0.6845673993647099,-0.0010786886552868467
0.924,0.1272,0.5537,-0.05853,-1.344,0.5713,0.3171,1.0,1.0,-0.3696,-0.5645,0.7764,0.0,-0.1665,0.869,-0.4734,-0.4749,-0.01529,0.758,1.7771,-0.552,-0.695,-1.01,0.0,-0.9346,-0.9624,1.0,-1.0,-0.9507,0.0,-0.302,0.353,-0.84,0.09125,-1.0,-1.5,-1.5,-0.2473,0.6953,0.2024,1.0,0.0,0.0,0.0,0.0,2.006,0.677784,0.0296260267496109,1.747473973250389,0.0030055919574334703
0.879,0.498,0.67,-0.0574,2.033,0.5713,0.3252,1.0,1.0,-0.4543,-0.6445,0.832,0.0,-0.166,0.804,-0.4788,-0.4788,0.3074,0.7764,1.0101,-0.552,1.776,-0.695,-1.01,-0.934,-0.962,0.0,0.0,-0.9507,0.0,-0.3003,0.531,-0.966,0.06152,0.0,-1.0,-1.0,-0.5557,1.047,0.4873,2.0,0.0,1.0,0.0,8.89,1.281,-0.5288920000000001,-0.0007609114400111,1.0108609114400111,-7.719527575348993e-05
0.8096,0.00692,0.552,-0.05685,-0.7725,0.5713,0.3333,1.0,1.0,-0.3772,-0.5537,0.7856,0.0,-0.1656,0.858,-0.4858,-0.484,-0.1731,0.7847,-0.8159,-0.5527,1.01,1.776,-0.695,-0.934,-0.962,0.0,0.0,-0.95,0.0,-0.3018,0.2822,-0.789,-0.2292,0.0,-1.0,-1.5,-0.1267,0.6665,0.1621,0.0,1.0,0.0,0.0,0.0,-4.63,-0.4015007999999999,-0.0207402594387531,-0.7951597405612468,-0.00210412140281412
0.7114,-0.3098,0.4766,-0.05643,-3.701,0.4285,0.3416,0.0,1.0,-0.33,-0.4885,0.7583,0.0,-0.1652,0.4639,-0.4954,-0.4897,-0.4927,0.794,-0.5023,-0.5537,-0.8154,1.01,1.776,-0.9346,-0.9614,0.0,0.0,-0.95,0.0,-0.3027,0.2487,-0.7656,-0.03156,0.0,-1.0,-1.5,-0.07434,0.2054,-0.04538,0.0,2.0,0.0,0.0,0.0,-0.654,0.408212,-0.0128650665283203,-0.4894349334716796,-0.0013051746971056075
0.352,0.1537,0.57,-0.05765,-2.035,0.4285,0.3496,1.0,1.0,-0.427,-0.5293,0.804,0.0,-0.1647,0.4194,-0.4983,-0.4966,0.00728,0.7827,0.8507,-0.5537,-0.502,-0.8154,1.01,-0.934,-0.961,0.0,0.0,-0.95,0.0,-0.3013,-0.4502,-0.2664,0.0447,1.0,-1.0,-1.5,-0.3896,0.5073,0.2267,1.0,0.0,0.0,0.0,0.0,0.941,-0.126636,-0.0097193494439125,0.8604193494439125,-0.0009860383495566966
0.1819,0.4766,0.641,-0.0581,1.602,0.4285,0.3577,1.0,1.0,-0.4907,-0.567,0.841,0.0,-0.1643,-0.02243,-0.5005,-0.504,0.3545,0.78,0.6631,-0.553,0.85,-0.502,-0.8154,-0.934,-0.961,0.0,0.0,-0.95,0.0,-0.3003,-0.0535,-0.549,0.0722,1.0,-0.5,-1.0,-0.608,0.6914,0.418,2.0,0.0,0.0,0.0,0.0,1.48,-0.4389272,-0.0164443664252758,0.6795443664252758,-0.0016682984826356122
0.11035,0.206,0.565,-0.05832,-0.3848,0.4285,0.366,1.0,1.0,-0.4429,-0.506,0.8135,0.0,-0.1638,-0.418,-0.5015,-0.5083,0.0959,0.7817,-0.4869,-0.555,0.6626,0.85,-0.502,-0.9336,-0.9604,0.0,0.0,-0.9497,0.0,-0.3013,0.0794,-0.644,-0.03308,0.0,-0.5,-1.0,-0.325,0.4497,0.1991,0.0,1.0,0.0,0.0,0.0,-0.664,-0.10376,0.0027788574807345,-0.4896788574807346,0.00028191805015024976
0.0773,0.1823,0.5522,-0.05853,0.04465,0.4285,0.374,1.0,1.0,-0.4365,-0.4937,0.8135,0.0,-0.1633,-0.418,-0.5024,-0.513,0.08875,0.7827,0.0001,-0.558,-0.4868,0.6626,0.85,-0.933,-0.96,0.0,0.0,-0.9497,0.0,-0.3013,0.0794,-0.644,0.0,0.0,-0.5,-1.0,-0.2961,0.3828,0.1665,0.0,0.0,0.0,0.0,0.0,0.0,0.141688,-0.0068156686611473,0.0069156686611473,-0.0006914568425124613
0.0686,0.2462,0.56,-0.05887,0.393,0.4285,0.382,1.0,1.0,-0.4426,-0.4985,0.8228,0.0,-0.163,-0.422,-0.5034,-0.519,0.1671,0.7827,0.1649999999999999,-0.5605,0.0,-0.4868,0.6626,-0.933,-0.96,0.0,0.0,-0.949,0.0,-0.301,0.03857,-0.6147,0.00223,1.0,0.0,-1.0,-0.3115,0.4128,0.2067,1.0,0.0,0.0,0.0,0.0,0.04547,0.161924,0.0007399726309813,0.1642600273690186,7.507101128326263e-05
0.02731,0.3042,0.57,-0.05902,0.3223,0.4285,0.3901,1.0,1.0,-0.453,-0.502,0.832,0.0,-0.1625,-0.4263,-0.5044,-0.5264,0.236,0.784,0.1641999999999999,-0.565,0.1648,0.0,-0.4868,-0.933,-0.9595,0.0,0.0,-0.949,0.0,-0.3008,0.0794,-0.644,0.005924,1.0,0.5,-0.5,-0.3406,0.4224,0.2793,2.0,0.0,0.0,0.0,0.0,0.12024,1.3298439999999996,0.0081188194453716,0.1560811805546283,0.0008236628770742548
0.118,1.172,0.8066,-0.05817,2.54,0.4285,0.3984,1.0,1.0,-0.6055,-0.6743,0.887,1.0,-0.171,2.232,-0.505,-0.5283,1.06,0.748,1.9581,-0.562,0.164,0.1648,0.0,-0.9326,-0.9595,1.0,-1.0,-0.949,0.0,-0.2976,0.5576,-0.984,0.2405,1.0,0.5,0.0,-0.924,1.209,1.113,3.0,0.0,0.0,0.0,0.0,4.855,0.7669719999999998,-0.0032892529852688,1.9613892529852688,-0.00033369821751807403
0.09955,1.506,0.9175,-0.05685,0.4182,0.4285,0.4065,1.0,1.0,-0.6753,-0.7437,0.887,1.0,-0.171,0.632,-0.504,-0.5283,1.375,0.716,0.9231,-0.5547,1.957,0.164,0.1648,-0.9316,-0.959,1.0,-1.0,-0.9487,0.0,-0.296,0.696,-1.082,0.08765,2.0,0.5,0.5,-1.152,1.43,1.113,4.0,0.0,0.0,0.0,0.0,1.668,0.617248,-0.0074242469854652,0.9305242469854652,-0.0007531977614854127
0.05292,1.758,1.025,-0.05466,0.3027,0.5713,0.4146,1.0,1.0,-0.743,-0.806,0.887,1.0,-0.171,-0.5156,-0.5015,-0.5273,1.669,0.687,0.8971,-0.546,0.9224,1.957,0.164,-0.931,-0.9585,0.0,0.0,-0.9487,0.0,-0.2944,1.091,-1.363,0.08795,3.0,1.0,1.0,-1.331,1.63,1.113,5.0,0.0,0.0,0.0,0.0,1.627,-0.5738544,-0.0109513066709041,0.9080513066709042,-0.0011110217219353984
0.1932,0.783,0.8057,-0.0529,-0.4329,0.7144,0.4229,1.0,1.0,-0.5986,-0.68,0.8027,0.0,-0.1705,1.433,-0.4993,-0.5254,0.7896,0.697,-1.4539,-0.544,0.8965,0.9224,1.957,-0.9307,-0.9585,0.0,0.0,-0.948,0.0,-0.297,0.811,-1.164,-0.0815,2.0,1.0,1.0,-0.635,0.918,0.5615,0.0,1.0,0.0,0.0,0.0,-1.466,0.130016,-0.0078365243971347,-1.4460634756028652,-0.0007950237438629386
0.2415,0.521,0.7524,-0.052,-0.1907,0.7144,0.431,1.0,1.0,-0.5605,-0.6484,0.7856,0.0,-0.1702,1.072,-0.4966,-0.5234,0.538,0.7065,-0.3046,-0.5425,-1.453,0.8965,0.9224,-0.93,-0.958,0.0,0.0,-0.948,0.0,-0.2979,0.5166,-0.9546,-0.0234,1.0,0.5,0.5,-0.4675,0.6787,0.412,0.0,2.0,0.0,0.0,0.0,-0.4412,0.015136,0.0264903102070093,-0.3310903102070093,0.002687470175498664
0.2194,0.38,0.72,-0.05164,-0.1172,0.7144,0.431,1.0,1.0,-0.541,-0.625,0.7773,0.0,-0.1697,0.6953,-0.4934,-0.522,0.4185,0.7114,-0.1537,-0.542,-0.3044,-1.453,0.8965,-0.9297,-0.958,0.0,0.0,-0.9478,0.0,-0.298,0.3108,-0.8076,-0.007538,0.0,0.0,0.0,-0.377,0.5176,0.3237,0.0,3.0,0.0,0.0,0.0,-0.1434,0.049544,0.0002851351746357,-0.1539851351746358,2.892726705843886e-05
0.1896,0.7896,0.8496,-0.0504,1.082,0.7144,0.439,1.0,1.0,-0.627,-0.7085,0.8364,0.0,-0.1692,1.007,-0.4875,-0.5186,0.693,0.739,1.0821,-0.54,-0.1537,-0.3044,-1.453,-0.929,-0.9575,0.0,0.0,-0.9478,0.0,-0.2961,0.725,-1.103,0.0698,0.0,0.5,0.5,-0.7036,0.9087,0.5527,1.0,0.0,0.0,0.0,0.0,1.335,0.3466560000000001,-0.0068710376508533,1.0889710376508537,-0.0006970740854710959
0.207,0.9927,0.937,-0.04858,0.3828,0.857,0.4473,1.0,1.0,-0.6787,-0.7646,0.8784,0.0,-0.1688,0.956,-0.481,-0.515,0.904,0.7563,0.7477,-0.537,1.081,-0.1537,-0.3044,-0.9287,-0.9575,0.0,0.0,-0.9473,0.0,-0.295,0.975,-1.28,0.04688,0.0,1.0,1.0,-0.898,1.099,0.655,2.0,0.0,0.0,0.0,0.0,0.867,-0.7369415999999999,-0.0001533948234282,0.7478533948234283,-1.556206816068511e-05
0.3882,0.352,0.781,-0.0477,-0.504,0.857,0.4553,1.0,1.0,-0.5674,-0.6797,0.8193,0.0,-0.1683,1.787,-0.4758,-0.512,0.2705,0.768,-1.0219,-0.5386,0.747,1.081,-0.1537,-0.9287,-0.957,0.0,0.0,-0.947,0.0,-0.2969,0.541,-0.971,-0.066,0.0,0.5,0.5,-0.3794,0.614,0.3293,0.0,1.0,0.0,0.0,0.0,-1.192,0.803712,0.0118093248456716,-1.0337093248456717,0.0011980685793222673
0.4138,0.966,0.968,-0.04636,1.647,0.857,0.4634,1.0,1.0,-0.6807,-0.801,0.887,1.0,-0.171,1.288,-0.4712,-0.509,0.8555,0.7695,1.5091,-0.5396,-1.021,0.747,1.081,-0.9287,-0.9565,1.0,-1.0,-0.9463,0.0,-0.2942,0.671,-1.0625,0.0648,1.0,0.5,0.5,-0.835,1.175,0.675,1.0,0.0,0.0,0.0,0.0,1.21,-0.2414599999999999,-0.0024065137840807,1.5115065137840806,-0.00024414338567964517
0.4614,0.669,0.9126,-0.04495,-0.1694,0.857,0.4714,1.0,1.0,-0.6436,-0.771,0.87,0.0,-0.1705,-0.1504,-0.4673,-0.506,0.5786,0.783,-0.2879,-0.539,1.508,-1.021,0.747,-0.928,-0.9565,0.0,0.0,-0.9463,0.0,-0.2947,0.713,-1.093,-0.01237,1.0,0.0,0.5,-0.61,0.9707,0.5195,0.0,1.0,0.0,0.0,0.0,-0.2205,-0.9267200000000002,0.0274000093340873,-0.3153000093340873,0.0027797601205236337
0.7354,-0.2986,0.6587,-0.0444,-1.244,0.7144,0.4797,0.0,1.0,-0.4583,-0.625,0.7695,0.0,-0.1702,1.459,-0.4656,-0.503,-0.329,0.7866,-1.7449,-0.5396,-0.288,1.508,-1.021,-0.928,-0.9565,0.0,0.0,-0.946,0.0,-0.298,0.2766,-0.783,-0.0693,0.0,-0.5,0.5,0.262,0.2683,-0.00688,0.0,2.0,0.0,0.0,0.0,-1.247,0.2203879999999999,-0.0036308136768639,-1.7412691863231362,-0.0003683499133499199
0.8047,-0.2289,0.686,-0.0438,-0.2092,0.5713,0.4878,0.0,1.0,-0.4714,-0.65,0.7866,0.0,-0.1697,0.6675,-0.466,-0.5005,-0.2007,0.7886,0.3077,-0.5415,-1.744,-0.288,1.508,-0.928,-0.9565,0.0,0.0,-0.946,0.0,-0.2976,0.2983,-0.7983,0.007347,0.0,-0.5,0.5,0.1544,0.389,0.04517,1.0,0.0,0.0,0.0,0.0,0.1398,0.320668,0.0144560057669878,0.2932439942330122,0.001466577176787334
0.8496,-0.02893,0.753,-0.04294,-1.314,0.5713,0.4958,1.0,1.0,-0.512,-0.699,0.82,0.0,-0.1692,0.632,-0.4685,-0.4983,0.0342,0.7954,0.6095,-0.545,0.3074,-1.744,-0.288,-0.928,-0.956,0.0,0.0,-0.9453,0.0,-0.2964,0.3604,-0.8423,0.02989,1.0,0.0,0.5,-0.1276,0.541,0.1896,2.0,0.0,0.0,0.0,0.0,0.563,0.093376,0.0019698762334883,0.6075301237665117,0.0001998460412714483
0.6274,0.211,0.8184,-0.04276,5.027,0.5713,0.504,1.0,1.0,-0.572,-0.724,0.8535,0.0,-0.1688,-0.5093,-0.4705,-0.4966,0.2144,0.8076,0.5978,-0.547,0.609,0.3074,-1.744,-0.928,-0.956,0.0,0.0,-0.9453,0.0,-0.2954,0.1842,-0.716,0.0185,1.0,0.5,0.5,-0.3352,0.7134,0.3416,3.0,0.0,0.0,0.0,0.0,0.3418,-0.1399599999999999,-0.0192262046039104,0.6170262046039104,-0.0019505189277614625
0.766,-0.4893,0.607,-0.0438,-2.426,0.4285,0.512,0.0,1.0,-0.4202,-0.5903,0.7695,0.0,-0.1683,0.879,-0.4736,-0.496,-0.5005,0.8066,-1.4669,-0.5483,0.5977,0.609,0.3074,-0.9287,-0.956,0.0,0.0,-0.9453,0.0,-0.298,-0.2537,-0.4048,-0.0586,1.0,0.5,0.0,0.353,0.08545,-0.1956,0.0,1.0,0.0,0.0,0.0,-1.063,-0.2560639999999999,-0.0123923756182193,-1.4545076243817807,-0.0012572197009882108
0.758,-0.565,0.5557,-0.0454,0.331,0.2856,0.5205,0.0,1.0,-0.384,-0.5522,0.753,0.0,-0.1678,-0.4663,-0.4773,-0.4968,-0.578,0.799,-0.3075,-0.5513,-1.467,0.5977,0.609,-0.929,-0.9556,0.0,0.0,-0.945,0.0,-0.2986,-0.4846,-0.2401,-0.00699,1.0,0.0,-0.5,0.4153,-0.1051,-0.3533,0.0,2.0,0.0,0.0,0.0,-0.1329,-0.18848,0.0203712228685617,-0.3278712228685617,0.0020666822498443187
0.789,-0.5444,0.5435,-0.04623,0.08826,0.1428,0.5283,0.0,1.0,-0.373,-0.546,0.753,0.0,-0.1674,1.875,-0.4827,-0.499,-0.4712,0.786,0.0001,-0.5547,-0.3074,-1.467,0.5977,-0.9297,-0.9556,0.0,0.0,-0.945,0.0,-0.2988,-0.2224,-0.4272,0.0,0.0,-0.5,-0.5,0.3853,-0.1062,-0.4202,0.0,0.0,0.0,0.0,0.0,0.0,1.4152039999999997,0.011659488081932,-0.011559488081932,0.0011828674801053593
0.724,0.4219,0.8057,-0.0459,-2.096,0.1428,0.5366,1.0,1.0,-0.556,-0.7236,0.87,0.0,-0.167,2.043,-0.488,-0.5015,0.4788,0.7944,2.1741,-0.558,0.0,-0.3074,-1.467,-0.929,-0.9556,1.0,-1.0,-0.9443,0.0,-0.295,0.2316,-0.7495,0.1785,0.0,0.0,0.0,-0.3699,0.851,0.4612,1.0,0.0,0.0,0.0,0.0,3.43,0.4300560000000001,0.0126359574496746,2.161464042550325,0.0012819313371379547
0.682,0.622,0.87,-0.04517,0.559,0.1428,0.545,1.0,1.0,-0.5996,-0.762,0.887,1.0,-0.171,0.548,-0.4946,-0.5044,0.579,0.7993,0.5816,-0.5605,2.172,0.0,-0.3074,-0.9287,-0.955,0.0,0.0,-0.9443,0.0,-0.294,0.3506,-0.834,0.0899,0.0,0.0,0.5,-0.5493,0.978,0.7305,2.0,0.0,0.0,0.0,0.0,1.617,0.019724,-0.0291092842817306,0.6107092842817307,-0.002953167883876399
0.605,0.7026,0.895,-0.0448,0.2554,0.1428,0.545,1.0,1.0,-0.6216,-0.772,0.887,1.0,-0.171,0.1761,-0.4976,-0.5073,0.597,0.7974,0.2857,-0.5586,0.581,2.172,0.0,-0.928,-0.9546,0.0,0.0,-0.944,0.0,-0.2935,0.2399,-0.755,0.03253,1.0,0.5,0.5,-0.6006,0.977,0.747,3.0,0.0,0.0,0.0,0.0,0.575,-0.3038704,-0.0324647314846515,0.3181647314846516,-0.0032935815752541723
0.7188,-0.0761,0.67,-0.04556,-0.928,0.1428,0.545,1.0,1.0,-0.4673,-0.6313,0.7964,0.0,-0.1705,0.623,-0.4998,-0.51,-0.1833,0.797,-1.5569,-0.5586,0.2854,0.581,2.172,-0.928,-0.9546,0.0,0.0,-0.944,0.0,-0.2966,-0.198,-0.4436,-0.0677,1.0,0.5,0.0,0.1372,0.2954,-0.0656,0.0,1.0,0.0,0.0,0.0,-1.185,0.3965479999999999,-0.0553953014314174,-1.5015046985685825,-0.005619912311192983
0.5786,0.0432,0.698,-0.04565,18.77,0.1428,0.545,1.0,1.0,-0.4973,-0.639,0.813,0.0,-0.1702,0.2352,-0.502,-0.512,-0.05316,0.7983,0.2976999999999999,-0.559,-1.556,0.2854,0.581,-0.928,-0.9546,0.0,0.0,-0.944,0.0,-0.2961,0.04306,-0.615,0.00952,2.0,0.5,0.5,-0.0244,0.3318,0.09595,1.0,0.0,0.0,0.0,0.0,0.1752,0.4721131999999998,-0.0011874441988766,0.2988874441988766,-0.00012046747828212952
0.4336,0.4739,0.804,-0.04602,3.828,0.1428,0.545,1.0,1.0,-0.5786,-0.6987,0.8623,0.0,-0.1697,0.1953,-0.503,-0.515,0.3667,0.7993,0.8844,-0.558,0.2974,-1.556,0.2854,-0.9277,-0.954,1.0,-1.0,-0.944,0.0,-0.2944,-0.06555,-0.537,0.0262,2.0,0.5,0.5,-0.314,0.6797,0.4763,2.0,0.0,0.0,0.0,0.0,0.4778,0.3668943999999998,-0.0134137319400906,0.8978137319400906,-0.0013608373873095982
0.4724,0.592,0.832,-0.04608,0.3608,0.1428,0.545,1.0,1.0,-0.5933,-0.72,0.879,0.0,-0.1692,0.54,-0.5024,-0.5186,0.4844,0.802,0.287,-0.5576,0.884,0.2974,-1.556,-0.927,-0.954,0.0,0.0,-0.944,0.0,-0.294,0.05038,-0.6196,0.01372,2.0,0.5,1.0,-0.4414,0.6543,0.5425,3.0,0.0,0.0,0.0,0.0,0.2434,-0.2948400000000001,0.0170682128518819,0.269931787148118,0.0017315883668420908
0.3904,0.367,0.782,-0.0454,-0.2236,0.2856,0.545,1.0,1.0,-0.568,-0.681,0.8623,0.0,-0.1688,-0.1652,-0.5024,-0.5225,0.307,0.8057,-0.2841,-0.558,0.2866,0.884,0.2974,-0.927,-0.9536,0.0,0.0,-0.9434,0.0,-0.2944,0.407,-0.8745,-0.01051,1.0,0.5,1.0,-0.2708,0.477,0.355,0.0,1.0,0.0,0.0,0.0,-0.1849,0.1380304,0.0118615068495273,-0.2959615068495274,0.001203362499173113
0.3328,0.2983,0.7715,-0.0449,-0.03018,0.4285,0.545,1.0,1.0,-0.5654,-0.669,0.8623,0.0,-0.1683,-0.1652,-0.5024,-0.525,0.2805,0.809,0.0001,-0.5576,-0.2842,0.2866,0.884,-0.927,-0.9536,0.0,0.0,-0.9434,0.0,-0.2944,0.354,-0.8364,0.0,1.0,0.5,0.5,-0.2559,0.3984,0.3142,0.0,0.0,0.0,0.0,0.0,0.0,-0.0296679999999999,-0.0027808626182377,0.0028808626182377,-0.00028212147348487715
0.2932,0.7812,0.9126,-0.0441,1.491,0.4285,0.545,1.0,1.0,-0.657,-0.757,0.887,1.0,-0.171,0.8413,-0.501,-0.5264,0.726,0.783,1.1471,-0.5547,0.0,-0.2842,0.2866,-0.927,-0.953,1.0,-1.0,-0.9434,0.0,-0.2925,0.457,-0.909,0.126,1.0,1.0,0.5,-0.6235,0.827,0.7466,1.0,0.0,0.0,0.0,0.0,2.236,-0.046492,-0.0292747542262077,1.1763747542262075,-0.002969954985924225
0.4768,0.1836,0.7485,-0.0442,-0.607,0.4285,0.545,1.0,1.0,-0.539,-0.6655,0.8228,0.0,-0.1705,1.276,-0.499,-0.527,0.12,0.788,-1.1069,-0.5547,1.146,0.0,-0.2842,-0.9263,-0.953,0.0,0.0,-0.9434,0.0,-0.2947,0.05856,-0.626,-0.0761,0.0,0.5,0.0,-0.12354,0.2854,0.201,0.0,1.0,0.0,0.0,0.0,-1.304,-0.1254232,-0.0034361132420599,-1.10346388675794,-0.0003485973469358837
0.4197,0.828,0.947,-0.04266,2.732,0.5713,0.545,1.0,1.0,-0.6675,-0.7886,0.887,1.0,-0.171,1.33,-0.4966,-0.5264,0.786,0.777,1.5781,-0.552,-1.107,1.146,0.0,-0.926,-0.9526,1.0,-1.0,-0.943,0.0,-0.2917,0.6904,-1.075,0.1459,0.0,0.5,0.5,-0.63,0.9263,0.7734,1.0,0.0,0.0,0.0,0.0,2.59,0.107916,0.0042757331393659,1.573824266860634,0.0004337776794851066
0.5293,0.485,0.8794,-0.0412,-0.2698,0.7144,0.545,1.0,1.0,-0.6177,-0.7554,0.8633,0.0,-0.1705,0.4934,-0.4946,-0.525,0.48,0.7876,-0.4101,-0.55,1.577,-1.107,1.146,-0.926,-0.9526,0.0,0.0,-0.943,0.0,-0.2925,0.65,-1.047,-0.0367,0.0,0.0,0.5,-0.37,0.7017,0.5317,0.0,1.0,0.0,0.0,0.0,-0.621,0.1654519999999999,-0.0147593934088945,-0.3953406065911055,-0.0014973561760843444
0.3374,0.5493,0.925,-0.03952,0.2551,0.857,0.545,1.0,1.0,-0.661,-0.768,0.887,1.0,-0.171,-0.5596,-0.493,-0.522,0.5034,0.8076,0.4155999999999999,-0.549,-0.41,1.577,-1.107,-0.9253,-0.952,0.0,0.0,-0.9424,0.0,-0.2917,0.706,-1.087,0.006798,1.0,0.5,1.0,-0.5464,0.717,0.6104,1.0,0.0,0.0,0.0,0.0,0.11646,-0.216308,-0.0069087077863514,0.4225087077863514,-0.0007008957608258583
0.2238,0.285,0.857,-0.03915,-0.3147,0.857,0.545,1.0,1.0,-0.6284,-0.716,0.8633,0.0,-0.1705,0.1454,-0.4912,-0.5195,0.2147,0.8174,-0.4101,-0.5493,0.4153,-0.41,1.577,-0.9253,-0.952,0.0,0.0,-0.9424,0.0,-0.2927,0.2734,-0.778,-0.02786,0.0,0.0,0.5,-0.3267,0.4739,0.3967,0.0,1.0,0.0,0.0,0.0,-0.4712,-0.133264,-0.0172096900641918,-0.3928903099358082,-0.0017459413806657999
0.1329,0.3137,0.8647,-0.039,0.217,0.857,0.545,1.0,1.0,-0.6406,-0.7134,0.871,0.0,-0.1702,-0.5537,-0.4885,-0.5176,0.2433,0.8193,0.1384999999999999,-0.549,-0.41,0.4153,-0.41,-0.925,-0.952,0.0,0.0,-0.942,0.0,-0.2925,0.1859,-0.716,0.005714,1.0,0.0,0.5,-0.341,0.4707,0.396,1.0,0.0,0.0,0.0,0.0,0.0979,0.3219560000000001,0.0145694185048341,0.1239305814951658,0.0014780830197956554
0.10425,0.4111,0.891,-0.03888,0.3972,0.857,0.545,1.0,1.0,-0.659,-0.728,0.887,1.0,-0.171,-0.04425,-0.4856,-0.515,0.313,0.8193,0.2757,-0.548,0.1384,-0.41,0.4153,-0.925,-0.9517,0.0,0.0,-0.942,0.0,-0.292,0.1859,-0.7153,0.03568,1.0,0.0,0.5,-0.4624,0.4614,0.442,2.0,0.0,0.0,0.0,0.0,0.609,0.8289959999999997,-0.0095775742083787,0.2852775742083788,-0.0009716551009596089
0.07477,0.696,0.992,-0.03745,0.7505,0.857,0.545,1.0,1.0,-0.722,-0.7876,0.887,1.0,-0.171,0.9307,-0.4822,-0.512,0.584,0.799,0.8204,-0.548,0.2756,0.1384,-0.41,-0.9243,-0.9517,0.0,0.0,-0.9414,0.0,-0.2905,0.859,-1.194,0.1067,2.0,0.5,1.0,-0.693,0.7515,0.672,3.0,0.0,0.0,0.0,0.0,1.805,-0.145252,-0.0112134013324975,0.8316134013324976,-0.0011376115044137967
0.10333,0.3267,0.9067,-0.0364,-0.374,0.857,0.545,1.0,1.0,-0.669,-0.7373,0.856,0.0,-0.1705,0.11584,-0.4797,-0.5103,0.24,0.807,-0.5329,-0.5513,0.82,0.2756,0.1384,-0.924,-0.9517,0.0,0.0,-0.9414,0.0,-0.2915,0.6055,-1.015,-0.04117,1.0,0.5,0.5,-0.4246,0.4434,0.4377,0.0,1.0,0.0,0.0,0.0,-0.679,0.3407919999999999,-0.0028221984393894,-0.5300778015606106,-0.00028631503655215853
0.04803,0.513,0.9697,-0.0356,0.621,0.857,0.545,1.0,1.0,-0.711,-0.772,0.887,1.0,-0.171,-0.2418,-0.4783,-0.51,0.4636,0.812,0.5421,-0.555,-0.5327,0.82,0.2756,-0.924,-0.951,0.0,0.0,-0.941,0.0,-0.2905,0.5537,-0.977,0.02457,2.0,0.5,0.5,-0.5684,0.6157,0.6636,1.0,0.0,0.0,0.0,0.0,0.412,-0.0685444,-0.0083578377962112,0.5504578377962113,-0.0008479115432566663
0.01486,0.2507,0.902,-0.0352,-0.338,0.857,0.545,1.0,1.0,-0.673,-0.727,0.864,0.0,-0.1705,-0.229,-0.478,-0.5093,0.2101,0.8184,-0.3999,-0.555,0.542,-0.5327,0.82,-0.924,-0.951,0.0,0.0,-0.9404,0.0,-0.2915,0.3552,-0.836,-0.02824,1.0,0.5,0.0,-0.3425,0.3945,0.4124,0.0,1.0,0.0,0.0,0.0,-0.4658,-0.0302959999999999,-0.0141864009201526,-0.3857135990798473,-0.0014392254780198441
-0.00545,0.2445,0.9097,-0.03452,0.1131,0.857,0.545,1.0,1.0,-0.679,-0.7305,0.8716,0.0,-0.1702,-0.2334,-0.4788,-0.5083,0.234,0.8193,0.1351,-0.5547,-0.3997,0.542,-0.5327,-0.9233,-0.951,0.0,0.0,-0.9404,0.0,-0.2913,0.4775,-0.923,0.00636,1.0,0.5,0.5,-0.3447,0.4082,0.4192,1.0,0.0,0.0,0.0,0.0,0.1062,0.2379847999999999,-0.0334038734436035,0.1685038734436035,-0.003388858526921392
0.1602,1.035,1.157,-0.0328,2.725,0.857,0.545,1.0,1.0,-0.8086,-0.891,0.887,1.0,-0.171,2.9,-0.4785,-0.5063,0.959,0.7583,1.8821,-0.5483,0.1349,-0.3997,0.542,-0.923,-0.9507,1.0,-1.0,-0.9404,0.0,-0.2874,0.7935,-1.146,0.3474,1.0,1.0,1.0,-0.9556,1.11,1.006,2.0,0.0,0.0,0.0,0.0,5.777,0.037164,0.033551774919033,1.8485482250809668,0.0034038632890786833
0.10236,0.9897,1.162,-0.03165,0.09015,0.857,0.545,1.0,1.0,-0.816,-0.889,0.887,1.0,-0.171,0.02432,-0.4778,-0.504,0.9062,0.764,0.1271,-0.547,1.881,0.1349,-0.3997,-0.9224,-0.95,0.0,0.0,-0.94,0.0,-0.287,0.653,-1.046,0.007812,2.0,1.0,1.0,-0.943,0.9966,0.905,3.0,0.0,0.0,0.0,0.0,0.12274,0.662132,-0.0208743661642074,0.1479743661642074,-0.0021177266728987587
0.05487,1.623,1.387,-0.02895,0.7656,0.857,0.545,1.0,1.0,-0.936,-1.005,0.887,1.0,-0.171,1.02,-0.4736,-0.5,1.4,0.7134,1.6441,-0.539,0.1268,1.881,0.1349,-0.9214,-0.9497,1.0,-1.0,-0.939,0.0,-0.284,1.26,-1.45,0.374,2.0,1.5,1.5,-1.415,1.5,1.113,4.0,0.0,0.0,0.0,0.0,5.848,0.2748039999999999,-0.0086973719298839,1.652797371929884,-0.0008823576426295501
-0.0653,1.579,1.408,-0.02693,0.1053,0.857,0.545,1.0,1.0,-0.956,-1.006,0.887,1.0,-0.171,-0.347,-0.4678,-0.4956,1.301,0.723,0.2405999999999999,-0.5317,1.643,0.1268,1.881,-0.9204,-0.9497,0.0,0.0,-0.9385,0.0,-0.2834,1.137,-1.39,0.03622,3.0,1.5,1.5,-1.364,1.426,0.9917,5.0,0.0,0.0,0.0,0.0,0.539,-0.144228,-0.0073123411275446,0.2479123411275446,-0.0007418447930499723
-0.1076,1.333,1.375,-0.02477,-0.02472,0.857,0.545,1.0,1.0,-0.943,-0.9854,0.88,0.0,-0.1705,-0.3435,-0.4614,-0.4912,1.035,0.744,-0.1192,-0.527,0.2404,1.643,0.1268,-0.9194,-0.949,0.0,0.0,-0.938,0.0,-0.284,1.255,-1.45,-0.01909,2.0,1.0,1.5,-1.195,1.219,0.7944,0.0,1.0,0.0,0.0,0.0,-0.282,0.128908,-0.0986387878656387,-0.0205612121343612,-0.010007010052532394
-0.05298,1.346,1.413,-0.02261,0.1427,0.857,0.545,1.0,1.0,-0.958,-1.01,0.887,1.0,-0.171,0.2421,-0.456,-0.4875,1.143,0.7393,0.3595,-0.523,-0.11926,0.2404,1.643,-0.9185,-0.9487,0.0,0.0,-0.9375,0.0,-0.283,1.255,-1.45,0.02934,2.0,1.0,1.5,-1.206,1.222,0.7573,1.0,0.0,0.0,0.0,0.0,0.4348,0.826544,0.024362277239561,0.3351377227604389,0.002471578965172936
-0.06274,1.73,1.578,-0.01952,0.4219,0.857,0.545,1.0,1.0,-1.037,-1.09,0.887,1.0,-0.171,0.476,-0.4507,-0.4844,1.594,0.6943,1.1851,-0.517,0.3591,-0.11926,0.2404,-0.917,-0.948,0.0,0.0,-0.937,0.0,-0.2805,1.544,-1.45,0.11096,2.0,1.5,2.0,-1.451,1.575,0.8794,2.0,0.0,0.0,0.0,0.0,1.627,-0.039668,-0.0185361839830875,1.2036361839830876,-0.001880515601094116
0.0467,1.325,1.506,-0.01672,-0.1057,0.857,0.545,1.0,1.0,-0.9946,-1.064,0.867,0.0,-0.1705,0.4946,-0.4468,-0.4814,1.281,0.707,-0.3427,-0.512,1.185,0.3591,-0.11926,-0.916,-0.9478,0.0,0.0,-0.9365,0.0,-0.2812,1.365,-1.45,-0.02765,1.0,1.0,1.5,-1.173,1.294,0.6763,0.0,1.0,0.0,0.0,0.0,-0.3909,-0.75244,-0.0119369123131036,-0.3307630876868963,-0.0012110124637393013
0.2479,0.5024,1.292,-0.01485,-0.4917,0.857,0.545,1.0,1.0,-0.873,-0.972,0.794,0.0,-0.1702,1.474,-0.4426,-0.4783,0.418,0.7275,-1.2704,-0.514,-0.3425,1.185,0.3591,-0.916,-0.9473,0.0,0.0,-0.936,0.0,-0.2844,0.821,-1.164,-0.1481,0.0,1.0,1.0,-0.536,0.699,0.3408,0.0,2.0,0.0,0.0,0.0,-2.115,1.0919160000000003,-0.0456985644996166,-1.2247014355003834,-0.0046361680250662125
0.1665,1.168,1.528,-0.01243,1.352,0.857,0.545,1.0,1.0,-0.995,-1.085,0.887,1.0,-0.171,0.763,-0.438,-0.4746,1.06,0.748,1.6841,-0.5107,-1.27,-0.3425,1.185,-0.9155,-0.947,0.0,0.0,-0.9355,0.0,-0.2808,0.9404,-1.248,0.1868,1.0,1.0,1.0,-1.028,1.313,0.621,1.0,0.0,0.0,0.0,0.0,2.777,0.8951600000000002,0.0215282253921031,1.6625717746078967,0.0021840613877515624
0.1617,1.405,1.653,-0.009125,0.3362,0.857,0.545,1.0,1.0,-1.053,-1.144,0.887,1.0,-0.171,0.1489,-0.434,-0.4712,1.364,0.717,0.9141,-0.5063,1.683,-1.27,-0.3425,-0.9146,-0.9463,0.0,0.0,-0.9346,0.0,-0.2786,1.189,-1.425,0.0748,1.0,1.0,1.5,-1.22,1.543,0.707,2.0,0.0,1.0,0.0,8.27,1.058,0.5290479999999999,0.0078812949359416,0.9062187050640584,0.0007995657626933832
0.2347,1.51,1.741,-0.00573,0.2081,0.857,0.545,1.0,1.0,-1.085,-1.188,0.887,1.0,-0.171,0.941,-0.4312,-0.4673,1.536,0.6997,0.6666,-0.501,0.9136,1.683,-1.27,-0.914,-0.946,0.0,0.0,-0.934,0.0,-0.277,1.21,-1.438,0.08716,1.0,1.0,1.5,-1.307,1.652,0.7246,3.0,0.0,0.0,0.0,0.0,1.197,-0.5215359999999999,0.0920543447136879,0.5745456552863121,0.009339011284120386
0.3313,0.8237,1.58,-0.002636,-0.3274,0.857,0.545,1.0,1.0,-1.006,-1.123,0.8364,0.0,-0.1705,-0.1223,-0.43,-0.4636,0.91,0.7163,-0.8699,-0.5015,0.666,0.9136,1.683,-0.913,-0.9453,0.0,0.0,-0.9336,0.0,-0.2793,1.026,-1.309,-0.0946,1.0,0.5,1.5,-0.7983,1.212,0.4795,0.0,1.0,0.0,0.0,0.0,-1.273,-0.3506319999999999,0.0048792450688779,-0.8747792450688779,0.0004950046073106628
0.3691,0.6694,1.58,0.0004332,-0.0489,0.857,0.545,1.0,1.0,-1.003,-1.126,0.843,0.0,-0.1702,0.1539,-0.432,-0.4612,0.881,0.725,0.1119,-0.5024,-0.87,0.666,0.9136,-0.913,-0.945,0.0,0.0,-0.933,0.0,-0.279,1.026,-1.309,0.00467,2.0,0.5,1.5,-0.8115,1.065,0.4475,1.0,0.0,0.0,0.0,0.0,0.06464,0.139644,0.068215474486351,0.0436845255136489,0.006920532517624133
0.1052,0.678,1.618,0.002783,0.1459,0.857,0.545,1.0,1.0,-1.042,-1.122,0.862,0.0,-0.1697,-0.6924,-0.4324,-0.4583,0.8105,0.7505,0.3346,-0.504,0.11176,-0.87,0.666,-0.9126,-0.9443,0.0,0.0,-0.932,0.0,-0.2783,0.8887,-1.21,0.03802,2.0,1.0,1.5,-0.83,1.1,0.462,2.0,0.0,0.0,0.0,0.0,0.5244,0.3054799999999999,-0.0296367816627025,0.3642367816627025,-0.0030066830548176795
0.0773,0.5747,1.621,0.005123,-0.012115,0.857,0.545,1.0,1.0,-1.045,-1.121,0.868,0.0,-0.1692,-0.418,-0.4358,-0.4563,0.808,0.757,0.1104,-0.505,0.3342,0.11176,-0.87,-0.9116,-0.944,0.0,0.0,-0.9316,0.0,-0.278,0.8887,-1.21,0.0015745,2.0,1.0,1.5,-0.84,0.9634,0.431,3.0,0.0,0.0,0.0,0.0,0.02148,0.0567719999999999,-0.0026109148748219,0.1130109148748219,-0.00026488009396707853
-0.03864,0.4197,1.587,0.006348,-0.11926,0.857,0.545,1.0,1.0,-1.039,-1.096,0.862,0.0,-0.1688,-0.415,-0.4365,-0.4548,0.605,0.7725,-0.1098,-0.509,0.1102,0.3342,0.11176,-0.9116,-0.943,0.0,0.0,-0.931,0.0,-0.2783,0.63,-1.025,-0.003025,1.0,0.5,1.0,-0.712,0.815,0.3665,0.0,1.0,0.0,0.0,0.0,-0.04114,0.1022239999999999,-0.0173605419695377,-0.0924394580304622,-0.0017612454670795175
-0.0608,0.3298,1.571,0.00742,-0.0581,0.857,0.545,1.0,1.0,-1.033,-1.087,0.862,0.0,-0.1683,-0.6924,-0.437,-0.454,0.4866,0.785,0.0001,-0.513,-0.10986,0.1102,0.3342,-0.9116,-0.943,0.0,0.0,-0.9307,0.0,-0.2783,0.5884,-0.996,0.0,1.0,0.5,0.5,-0.638,0.722,0.3284,0.0,0.0,0.0,0.0,0.0,0.0,0.0022,-0.0129417087882757,0.0130417087882757,-0.001312950135981308
-0.03864,0.237,1.557,0.00858,-0.1078,0.857,0.545,1.0,1.0,-1.024,-1.081,0.862,0.0,-0.1678,-0.1378,-0.437,-0.4546,0.3564,0.8,0.0001,-0.521,0.0,-0.10986,0.1102,-0.9116,-0.942,0.0,0.0,-0.9297,0.0,-0.2786,0.63,-1.025,0.0,0.0,0.5,0.5,-0.5825,0.626,0.3025,0.0,0.0,0.0,0.0,0.0,0.0,-0.5364439999999999,-0.0268131718039512,0.0269131718039512,-0.002720224828268477
-0.00544,-0.148,1.438,0.00911,-1.158,0.7144,0.545,0.0,1.0,-0.9663,-1.026,0.8237,0.0,-0.1674,0.1687,-0.4392,-0.4565,-0.04138,0.8076,-0.6615,-0.532,0.0,0.0,-0.10986,-0.9116,-0.942,0.0,0.0,-0.929,0.0,-0.2803,0.3281,-0.8105,-0.03275,-1.0,0.0,0.0,-0.2812,0.2654,0.0889,0.0,1.0,0.0,0.0,0.0,-0.4468,0.3664,0.0002719672047533,-0.6617719672047533,2.7591362493551927e-05
-0.0608,0.1414,1.528,0.0093,-4.508,0.7144,0.545,1.0,1.0,-1.014,-1.066,0.862,0.0,-0.167,0.1394,-0.4424,-0.459,0.2244,0.8145,0.6761,-0.5376,-0.6616,0.0,0.0,-0.9116,-0.9414,0.0,0.0,-0.9287,0.0,-0.2786,0.2251,-0.7363,0.05078,-1.0,0.0,0.0,-0.489,0.512,0.2803,1.0,0.0,0.0,0.0,0.0,0.7075,1.3606679999999998,0.0366932526230812,0.6394067473769188,0.0037225695469763217
-0.07794,1.097,1.857,0.01114,4.72,0.7144,0.545,1.0,1.0,-1.159,-1.214,0.887,1.0,-0.171,1.087,-0.446,-0.4622,1.18,0.736,2.2051000000000003,-0.538,0.6753,-0.6616,0.0,-0.911,-0.941,1.0,-1.0,-0.928,0.0,-0.2732,0.7495,-1.108,0.2401,0.0,0.0,0.5,-1.184,1.319,0.9873,2.0,0.0,0.0,0.0,0.0,3.277,-0.8192407999999997,0.0267322957515716,2.1783677042484286,0.0027120198666435
-0.1011,0.518,1.702,0.01326,-0.3916,0.7144,0.545,1.0,1.0,-1.096,-1.144,0.839,0.0,-0.1705,0.0843,-0.448,-0.4631,0.5596,0.756,-0.8249,-0.538,2.205,0.6753,-0.6616,-0.9106,-0.94,0.0,0.0,-0.9277,0.0,-0.2754,0.86,-1.1875,-0.08026,0.0,0.0,0.5,-0.781,0.8335,0.5854,0.0,1.0,0.0,0.0,0.0,-1.024,-1.2551279999999996,-0.0130426343530416,-0.8118573656469583,-0.0013231891419851695
0.03915,-0.2654,1.446,0.0133,-1.264,0.5713,0.545,0.0,1.0,-0.967,-1.034,0.755,0.0,-0.1702,0.9863,-0.4497,-0.464,-0.2734,0.7656,-1.4819,-0.541,-0.825,2.205,0.6753,-0.9106,-0.94,0.0,0.0,-0.9277,0.0,-0.2793,0.11755,-0.66,-0.1534,0.0,-0.5,0.0,-0.0771,0.1771,-0.02571,0.0,2.0,0.0,0.0,0.0,-2.01,-0.307784,-0.0117107965052127,-1.4701892034947872,-0.001188072774276745
0.01717,-0.465,1.364,0.01241,1.293,0.4285,0.545,0.0,1.0,-0.9277,-0.9907,0.731,0.0,-0.1697,-0.11444,-0.453,-0.4658,-0.4924,0.766,-0.4442,-0.545,-1.482,-0.825,2.205,-0.9106,-0.9395,0.0,0.0,-0.9272,0.0,-0.2805,-0.2059,-0.4297,-0.02002,0.0,-1.0,-0.5,0.11206,-0.04092,-0.2507,0.0,3.0,0.0,0.0,0.0,-0.2751,-0.5998292,0.0341532379388809,-0.4783532379388809,0.003464882352837283
0.06433,-0.829,1.214,0.010475,1.147,0.2856,0.545,0.0,1.0,-0.8467,-0.9146,0.683,0.0,-0.1692,1.084,-0.4573,-0.4692,-0.8735,0.761,-0.9009,-0.547,-0.444,-1.482,-0.825,-0.911,-0.939,0.0,0.0,-0.9272,0.0,-0.2827,-0.5835,-0.1611,-0.0632,-1.0,-1.5,-1.0,0.4883,-0.4253,-0.677,0.0,4.0,0.0,0.0,0.0,-0.881,-0.3608719999999998,0.0171417407691478,-0.918041740769148,0.001739047852336011
0.04175,-0.994,1.134,0.00886,0.3691,0.1428,0.545,0.0,1.0,-0.805,-0.868,0.659,0.0,-0.1688,-0.36,-0.4631,-0.4736,-1.033,0.755,-0.4635,-0.545,-0.9004,-0.444,-1.482,-0.9116,-0.939,0.0,0.0,-0.9272,0.0,-0.284,-0.4949,-0.2249,-0.0353,-2.0,-1.5,-1.0,0.6685,-0.57,-0.8223,0.0,5.0,0.0,0.0,0.0,-0.5063,-0.056552,-0.0193190872669219,-0.444180912733078,-0.00195994197281883
0.0664,-1.143,1.055,0.006893,0.3066,0.0,0.545,0.0,1.0,-0.759,-0.824,0.635,0.0,-0.1683,0.2532,-0.471,-0.4795,-1.177,0.746,-0.4704,-0.542,-0.4634,-0.9004,-0.444,-0.9126,-0.9385,0.0,0.0,-0.9277,0.0,-0.2852,-0.617,-0.138,-0.03156,-2.0,-1.5,-1.5,0.8276,-0.716,-0.9375,0.0,5.0,0.0,0.0,0.0,-0.4592,-0.2219679999999999,-0.0074353036470711,-0.4629646963529288,-0.000754319471577678
0.1648,-1.267,0.977,0.004448,0.2585,-0.1428,0.545,0.0,1.0,-0.706,-0.786,0.611,0.0,-0.1678,0.276,-0.4773,-0.4856,-1.308,0.7363,-0.4772,-0.541,-0.4702,-0.4634,-0.9004,-0.914,-0.9385,0.0,0.0,-0.9277,0.0,-0.2864,-0.801,-0.007412,-0.0292,-2.0,-1.5,-2.0,0.9897,-0.8384,-1.093,0.0,5.0,0.0,0.0,0.0,-0.4312,1.40774,0.0046252296306192,-0.4818252296306193,0.0004692344706417517
0.2583,0.2627,1.438,0.003918,-1.245,-0.1428,0.545,1.0,1.0,-0.9453,-1.049,0.779,0.0,-0.1674,2.883,-0.4846,-0.4917,0.2279,0.7334,2.7441000000000004,-0.5415,-0.4773,-0.4702,-0.4634,-0.914,-0.938,1.0,-1.0,-0.9272,0.0,-0.2786,-0.0742,-0.5225,0.3718,-1.0,-1.0,-2.0,-0.2489,0.733,0.1167,1.0,0.0,0.0,0.0,0.0,5.574,-0.5409200000000001,-0.0026072678156197,2.74670726781562,-0.0002645100959278862
0.4084,-0.2028,1.273,0.002827,-1.3125,-0.2856,0.545,0.0,1.0,-0.8506,-0.9756,0.725,0.0,-0.167,0.7417,-0.4905,-0.4978,-0.2488,0.7324,-0.9859,-0.541,2.744,-0.4773,-0.4702,-0.9146,-0.9375,0.0,0.0,-0.9272,0.0,-0.2812,-0.2268,-0.4148,-0.0595,-1.0,-1.5,-2.0,0.2556,0.334,-0.27,0.0,1.0,0.0,0.0,0.0,-0.806,-0.66424,0.0008045766153372,-0.9867045766153372,8.162515428189477e-05
0.5684,-0.6357,1.11,0.001067,3.945,-0.4285,0.545,0.0,1.0,-0.75,-0.898,0.671,0.0,-0.1665,0.5137,-0.495,-0.5034,-0.6885,0.727,-1.0179,-0.5405,-0.9854,2.744,-0.4773,-0.9146,-0.9375,0.0,0.0,-0.9277,0.0,-0.2837,-0.375,-0.3103,-0.0737,-1.0,-1.5,-2.0,0.7485,-0.04254,-0.614,0.0,2.0,0.0,0.0,0.0,-1.031,-0.1764639999999999,-0.0269913654774427,-0.9909086345225572,-0.002738302766172135
0.632,-0.6777,1.065,-0.000825,0.2144,-0.5713,0.545,0.0,1.0,-0.7197,-0.8774,0.659,0.0,-0.166,0.527,-0.4973,-0.509,-0.7515,0.7217,-0.2334,-0.5386,-1.017,-0.9854,2.744,-0.9146,-0.9375,0.0,0.0,-0.9277,0.0,-0.2844,-0.405,-0.289,-0.013115,-1.0,-1.5,-2.0,0.797,-0.1345,-0.6494,0.0,3.0,0.0,0.0,0.0,-0.1895,0.194508,0.0270249582827091,-0.2604249582827092,0.0027417107920336406
0.608,-0.6323,1.055,-0.002249,0.05142,-0.5713,0.545,0.0,1.0,-0.7153,-0.869,0.659,0.0,-0.1656,-0.06445,-0.4978,-0.5146,-0.73,0.719,0.0001,-0.537,-0.2334,-1.017,-0.9854,-0.9146,-0.9375,0.0,0.0,-0.928,0.0,-0.2844,-0.3118,-0.3555,0.0,-1.0,-1.5,-2.0,0.7275,-0.136,-0.6035,0.0,0.0,0.0,0.0,0.0,0.0,0.329204,0.0064630252309143,-0.0063630252309143,0.0006556807910456889
0.545,-0.304,1.127,-0.003809,-0.5034,-0.7144,0.545,0.0,1.0,-0.7607,-0.9053,0.689,0.0,-0.1652,-0.0858,-0.4966,-0.5186,-0.4143,0.7144,0.5881,-0.537,0.0,-0.2334,-1.017,-0.9146,-0.9375,0.0,0.0,-0.928,0.0,-0.283,-0.332,-0.3406,0.02502,-1.0,-1.5,-2.0,0.3674,0.042,-0.3743,1.0,0.0,0.0,0.0,0.0,0.364,-0.052868,0.0135298371315002,0.5745701628684997,0.0013726163825986493
0.428,-0.33,1.064,-0.00714,0.2588,-0.857,0.545,0.0,1.0,-0.7354,-0.86,0.671,0.0,-0.1647,-0.0731,-0.4924,-0.5215,-0.4377,0.6987,-0.3463,-0.537,0.588,0.0,-0.2334,-0.914,-0.9375,0.0,0.0,-0.928,0.0,-0.284,-0.862,0.03714,-0.008286,-1.0,-1.5,-2.0,0.4763,-0.1265,-0.46,0.0,1.0,0.0,0.0,0.0,-0.1184,0.0376032,0.0165032856166362,-0.3628032856166363,0.0016742758973320878
0.3884,-0.2712,1.036,-0.009926,-0.1191,-1.0,0.545,0.0,1.0,-0.7227,-0.84,0.665,0.0,-0.1643,-0.0688,-0.487,-0.5215,-0.3477,0.6826,-0.11666,-0.537,-0.3462,0.588,0.0,-0.9146,-0.9375,0.0,0.0,-0.9287,0.0,-0.2842,-0.758,-0.03693,-0.005142,-1.0,-1.5,-2.0,0.4304,-0.2378,-0.4644,0.0,2.0,0.0,0.0,0.0,-0.0743,0.1314936,0.011761549860239,-0.128421549860239,0.0011932217561827245
0.2238,-0.2112,1.025,-0.01159,-0.2048,-1.0,0.545,0.0,1.0,-0.7295,-0.82,0.665,0.0,-0.1638,-0.3633,-0.4832,-0.5195,-0.2524,0.6724,0.0001,-0.537,-0.1167,-0.3462,0.588,-0.915,-0.9375,0.0,0.0,-0.9287,0.0,-0.2842,-0.497,-0.2231,0.0,-1.0,-1.5,-2.0,0.386,-0.2404,-0.4307,0.0,0.0,0.0,0.0,0.0,0.0,-0.3136000000000001,0.03195146843791,-0.03185146843791,0.003241510492676272
0.1967,-0.3257,0.9663,-0.01311,1.075,-1.0,0.545,0.0,1.0,-0.6973,-0.782,0.647,0.0,-0.1633,-0.6514,-0.4812,-0.5166,-0.3772,0.6675,-0.3515,-0.5366,0.0,-0.1167,-0.3462,-0.915,-0.9375,0.0,0.0,-0.929,0.0,-0.2852,-0.4749,-0.2394,-0.012856,-1.0,-1.5,-2.0,0.4836,-0.4,-0.51,0.0,1.0,0.0,0.0,0.0,-0.1863,-0.344082,0.0199976079165935,-0.3714976079165936,0.002028778615168526
0.08405,-0.3547,0.9404,-0.0141,0.2603,-1.0,0.545,0.0,1.0,-0.691,-0.757,0.641,0.0,-0.163,-0.35,-0.48,-0.513,-0.3928,0.663,-0.11837,-0.536,-0.3513,0.0,-0.1167,-0.9155,-0.9375,0.0,0.0,-0.929,0.0,-0.2854,-0.303,-0.3623,-0.011246,-2.0,-1.5,-2.0,0.4844,-0.4363,-0.513,0.0,2.0,0.0,0.0,0.0,-0.1648,0.2550616,-0.0003031123778782,-0.1180668876221217,-3.075107346823745e-05
0.1807,0.02875,1.046,-0.01427,-1.365,-0.857,0.545,1.0,1.0,-0.745,-0.8286,0.683,0.0,-0.1625,1.375,-0.4795,-0.5103,0.03497,0.6597,0.8326,-0.537,-0.1184,-0.3513,0.0,-0.915,-0.9375,0.0,0.0,-0.929,0.0,-0.2834,0.0199,-0.592,0.1008,-1.0,-1.5,-2.0,0.134,-0.0393,-0.212,1.0,0.0,0.0,0.0,0.0,1.483,1.858284,-0.001098979730159,0.833698979730159,-0.00011149266374005678
0.1776,1.152,1.3955,-0.012566,11.04,-0.7144,0.545,1.0,1.0,-0.9307,-1.02,0.815,0.0,-0.162,0.9116,-0.4822,-0.51,1.009,0.6865,2.5491,-0.543,0.832,-0.1184,-0.3513,-0.9146,-0.9375,1.0,-1.0,-0.9297,0.0,-0.2776,0.599,-1.003,0.5776,0.0,-1.0,-1.5,-0.7207,1.035,0.8164,2.0,0.0,1.0,0.0,9.375,7.785,0.3026537599999999,-0.0073561114259064,2.5564561114259066,-0.0007462853364222764
0.2964,1.264,1.462,-0.01024,0.2302,-0.5713,0.545,1.0,1.0,-0.9536,-1.063,0.845,0.0,-0.1616,1.406,-0.4836,-0.5107,0.942,0.721,0.5367,-0.5425,2.549,0.832,-0.1184,-0.9136,-0.9375,0.0,0.0,-0.929,0.0,-0.2766,0.798,-1.144,0.11414,1.0,-0.5,-1.0,-0.9526,1.007,1.03,3.0,0.0,1.0,0.0,7.445,1.516,0.03125776,-0.0381704233586788,0.5748704233586788,-0.003872430090888999
0.21,0.958,1.364,-0.010475,-0.1096,-0.5713,0.545,1.0,1.0,-0.9126,-1.007,0.815,0.0,-0.1611,1.316,-0.4841,-0.512,0.5815,0.7305,-0.5279,-0.5396,0.5366,2.549,0.832,-0.9126,-0.9375,0.0,0.0,-0.929,0.0,-0.278,0.0866,-0.6367,-0.0751,1.0,-0.5,-1.5,-0.675,0.6704,0.7207,0.0,1.0,0.0,0.0,0.0,-0.9805,-0.09028,0.0195413753390312,-0.5474413753390313,0.0019824933344108424
0.1952,1.203,1.446,-0.00958,0.3853,-0.4285,0.545,1.0,1.0,-0.954,-1.047,0.851,0.0,-0.1606,0.8687,-0.4834,-0.514,0.834,0.738,0.6441,-0.534,-0.5273,0.5366,2.549,-0.9116,-0.937,0.0,0.0,-0.929,0.0,-0.2764,0.567,-0.979,0.0687,2.0,-0.5,-1.0,-0.8594,0.8223,0.8193,1.0,0.0,0.0,0.0,0.0,0.913,-0.58289224,0.0444275625050067,0.5996724374949932,0.004507223519440544
0.3132,0.461,1.235,-0.00887,-0.4841,-0.2856,0.545,1.0,1.0,-0.8384,-0.9473,0.779,0.0,-0.1602,0.6807,-0.4812,-0.515,0.1343,0.7437,-1.2629,-0.533,0.6436,-0.5273,0.5366,-0.911,-0.937,0.0,0.0,-0.9287,0.0,-0.2798,0.449,-0.896,-0.08966,1.0,-0.5,-1.0,-0.225,0.2783,0.324,0.0,1.0,0.0,0.0,0.0,-1.167,0.5006120000000001,-0.0105155333876609,-1.252384466612339,-0.0010668120583699882
0.2406,0.7876,1.349,-0.00748,0.7764,-0.1428,0.545,1.0,1.0,-0.9023,-1.001,0.827,0.0,-0.1598,0.09314,-0.478,-0.5156,0.5034,0.75,0.8765999999999999,-0.531,-1.262,0.6436,-0.5273,-0.91,-0.937,0.0,0.0,-0.9287,0.0,-0.2776,0.6855,-1.064,0.0447,1.0,0.0,-0.5,-0.485,0.6323,0.539,1.0,0.0,0.0,0.0,0.0,0.606,0.186096,-0.0259328037500381,0.902532803750038,-0.0026309105518457256
0.3594,1.076,1.46,-0.0055,0.488,0.0,0.545,1.0,1.0,-0.9478,-1.067,0.875,0.0,-0.1593,1.624,-0.4724,-0.514,0.77,0.767,0.8531,-0.5273,0.876,-1.262,0.6436,-0.909,-0.937,0.0,0.0,-0.928,0.0,-0.2756,0.8154,-1.155,0.1346,1.0,0.5,0.0,-0.7295,0.909,0.7007,2.0,0.0,1.0,0.0,6.207,1.776,-0.6265280000000001,-0.009850975126028,0.862950975126028,-0.0009993919151529756
0.49,0.4458,1.282,-0.00463,-0.4485,0.1428,0.545,1.0,1.0,-0.8486,-0.987,0.815,0.0,-0.1588,0.1021,-0.467,-0.5117,0.191,0.773,-1.0379,-0.529,0.8525,0.876,-1.262,-0.909,-0.937,0.0,0.0,-0.9277,0.0,-0.2783,0.407,-0.865,-0.086,1.0,0.5,-0.5,-0.2008,0.4453,0.324,0.0,1.0,0.0,0.0,0.0,-1.1045,-0.454128,3.492418909445405e-05,-1.0379349241890945,3.5430961684241175e-06
0.4697,0.6494,1.361,-0.003143,0.5464,0.2856,0.545,1.0,1.0,-0.89,-1.026,0.851,0.0,-0.1584,0.0755,-0.4624,-0.5093,0.4766,0.7764,0.6441,-0.527,-1.038,0.8525,0.876,-0.909,-0.937,0.0,0.0,-0.9277,0.0,-0.2769,0.599,-1.002,0.03293,1.0,1.0,0.0,-0.3845,0.6826,0.4854,1.0,0.0,0.0,0.0,0.0,0.437,-0.457908,0.0265180729329586,0.6175819270670414,0.0026902867336059955
0.526,0.129,1.217,-0.002113,-0.6274,0.4285,0.545,1.0,1.0,-0.811,-0.954,0.803,0.0,-0.158,-0.1603,-0.4597,-0.5063,0.003975,0.7817,-0.8419,-0.526,0.6436,-1.038,0.8525,-0.909,-0.9365,0.0,0.0,-0.9272,0.0,-0.279,0.4004,-0.861,-0.074,1.0,0.5,0.0,0.05292,0.3284,0.1958,0.0,1.0,0.0,0.0,0.0,-0.963,-0.7291399999999999,0.0147591456770896,-0.8566591456770897,0.00149733104342897
0.6904,-0.455,1.043,-0.0018015,-2.834,0.4285,0.545,0.0,1.0,-0.702,-0.869,0.743,0.0,-0.1575,0.721,-0.4592,-0.504,-0.555,0.7856,-1.0809,-0.5273,-0.8413,0.6436,-1.038,-0.9097,-0.937,0.0,0.0,-0.9272,0.0,-0.2817,0.16,-0.6904,-0.04642,0.0,0.0,0.0,0.563,-0.10065,-0.1519,0.0,2.0,0.0,0.0,0.0,-0.6206,0.5679480000000001,0.010236132889986,-1.091136132889986,0.0010384665803950983
0.721,-0.02069,1.186,-0.0006046,-1.108,0.5713,0.545,1.0,1.0,-0.779,-0.953,0.803,0.0,-0.1571,0.6543,-0.4614,-0.5015,-0.05945,0.789,1.1181,-0.529,-1.08,-0.8413,0.6436,-0.9097,-0.937,0.0,0.0,-0.9272,0.0,-0.279,0.3845,-0.8496,0.05203,0.0,0.0,0.5,0.1403,0.4211,0.1487,1.0,0.0,0.0,0.0,0.0,0.72,0.0281119999999999,-0.0073140901513397,1.12541409015134,-0.0007420222333762213
0.7646,-0.12274,1.169,0.00068,-1.665,0.5713,0.545,0.0,1.0,-0.766,-0.9473,0.803,0.0,-0.1566,0.11127,-0.4658,-0.4983,-0.1547,0.8,0.0001,-0.531,1.118,-1.08,-0.8413,-0.9097,-0.937,0.0,0.0,-0.927,0.0,-0.279,0.407,-0.8657,0.0,0.0,0.0,0.5,0.12415,0.3564,0.1153,0.0,0.0,0.0,0.0,0.0,0.0,0.060584,0.0140297822654247,-0.0139297822654247,0.0014233363487412983
0.7036,0.0459,1.23,0.001816,-4.22,0.5713,0.545,1.0,1.0,-0.8047,-0.9766,0.833,0.0,-0.1561,0.89,-0.4734,-0.4946,-0.0386,0.8164,0.5406,-0.5312,0.0,1.118,-1.08,-0.9097,-0.937,0.0,0.0,-0.9263,0.0,-0.2778,0.378,-0.844,0.03047,0.0,0.0,0.5,-0.1609,0.4492,0.2532,1.0,0.0,0.0,0.0,0.0,0.4075,0.4842280000000001,-0.0006621577194891,0.5412621577194892,-6.717660566059757e-05
0.579,0.0832,1.2295,0.001298,0.4463,0.5713,0.545,1.0,1.0,-0.8135,-0.9653,0.839,0.0,-0.1558,0.0843,-0.4778,-0.4917,-0.0754,0.8193,0.10636,-0.5327,0.54,0.0,1.118,-0.9097,-0.9365,0.0,0.0,-0.9263,0.0,-0.2776,-0.00201,-0.5728,0.004833,1.0,0.5,0.5,-0.1868,0.4277,0.2496,2.0,0.0,0.0,0.0,0.0,0.06354,-0.370972,-0.0042807278223335,0.1106407278223335,-0.00043428439539015264
0.5366,-0.2048,1.12,1.156e-05,-1.738,0.4285,0.545,0.0,1.0,-0.758,-0.901,0.803,0.0,-0.1553,0.9263,-0.4795,-0.491,-0.294,0.8164,-0.6352,-0.536,0.10626,0.54,0.0,-0.91,-0.9365,0.0,0.0,-0.926,0.0,-0.2793,-0.2546,-0.3933,-0.04114,1.0,0.0,0.0,0.112,0.1349,-0.007202,0.0,1.0,0.0,0.0,0.0,-0.539,-0.0439439999999999,0.0568091161549091,-0.6920091161549091,0.005763345320220543
0.694,-0.98,0.857,-0.002031,6.836,0.2856,0.545,0.0,1.0,-0.591,-0.755,0.707,0.0,-0.1548,1.911,-0.4827,-0.4924,-1.058,0.8086,-1.7289,-0.538,-0.6353,0.10626,0.54,-0.9106,-0.9365,0.0,0.0,-0.926,0.0,-0.2837,-0.4636,-0.2462,-0.1799,0.0,-0.5,0.0,0.916,-0.557,-0.676,0.0,2.0,0.0,0.0,0.0,-2.406,0.45124,-0.0237904600799083,-1.7051095399200915,-0.0024135675054959417
0.625,-0.8945,0.8447,-0.004517,0.03165,0.1428,0.545,0.0,1.0,-0.589,-0.741,0.707,0.0,-0.1544,0.1888,-0.487,-0.4958,-0.968,0.798,0.0001,-0.542,-1.729,-0.6353,0.10626,-0.9106,-0.936,0.0,0.0,-0.926,0.0,-0.284,-0.616,-0.1373,0.0,0.0,-0.5,-0.5,0.7896,-0.5684,-0.7466,0.0,0.0,0.0,0.0,0.0,0.0,0.7084,-0.000178842281457,0.000278842281457,-1.8143739872349638e-05
0.533,-0.4067,0.9717,-0.005424,-0.5073,0.0,0.545,0.0,1.0,-0.6733,-0.8135,0.761,0.0,-0.1539,0.7007,-0.4917,-0.5015,-0.46,0.793,1.0281,-0.549,0.0,-1.729,-0.6353,-0.911,-0.936,0.0,0.0,-0.9253,0.0,-0.2815,-0.1617,-0.4604,0.07794,0.0,-0.5,0.0,0.322,-0.0805,-0.442,1.0,0.0,0.0,0.0,0.0,1.102,1.3006639999999998,-0.0041259420104324,1.0322259420104325,-0.00041858120996786635
0.554,0.3726,1.188,-0.005928,-2.424,0.0,0.545,1.0,1.0,-0.7935,-0.941,0.851,0.0,-0.1534,1.662,-0.4966,-0.509,0.304,0.7954,1.6601,-0.5527,1.027,0.0,-1.729,-0.9106,-0.936,1.0,-1.0,-0.9253,0.0,-0.2773,-0.0109,-0.5664,0.2096,0.0,0.0,0.0,-0.2957,0.62,0.338,2.0,0.0,0.0,0.0,0.0,2.87,0.131872,0.000470015744213,1.659629984255787,4.768359768973251e-05
0.4219,0.5845,1.232,-0.006798,0.632,0.0,0.545,1.0,1.0,-0.8276,-0.954,0.875,0.0,-0.1531,0.3193,-0.499,-0.5156,0.554,0.7905,0.4211,-0.5513,1.659,1.027,0.0,-0.9106,-0.9355,0.0,0.0,-0.925,0.0,-0.2764,-0.0945,-0.5063,0.04666,1.0,0.5,0.0,-0.4385,0.6934,0.5166,3.0,0.0,0.0,0.0,0.0,0.6074,-0.0390399999999999,0.0082517005503177,0.4128482994496822,0.0008371438066533829
0.4568,0.5938,1.2295,-0.006817,0.1487,0.0,0.545,1.0,1.0,-0.8237,-0.9556,0.881,0.0,-0.1526,1.095,-0.501,-0.5186,0.549,0.797,0.1039,-0.55,0.4207,1.659,1.027,-0.91,-0.9355,0.0,0.0,-0.925,0.0,-0.2761,0.1682,-0.694,0.013885,2.0,0.5,0.5,-0.4434,0.639,0.531,4.0,0.0,0.0,0.0,0.0,0.1785,-0.5591039999999999,-0.0595508702099323,0.1634508702099323,-0.0060414991883272935
0.5293,0.1339,1.076,-0.00791,-0.5947,0.0,0.545,1.0,1.0,-0.734,-0.875,0.827,0.0,-0.1521,0.2272,-0.503,-0.5215,0.04675,0.801,-0.9315,-0.55,0.1038,0.4207,1.659,-0.91,-0.935,0.0,0.0,-0.925,0.0,-0.2788,-0.187,-0.4412,-0.1641,2.0,0.5,0.0,-0.007446,0.2046,0.02722,0.0,1.0,0.0,0.0,0.0,-2.102,-0.1143747999999999,-0.0213454738259315,-0.9101545261740684,-0.0021655210467825883
0.5083,0.1186,1.061,-0.00841,0.0574,0.0,0.545,1.0,1.0,-0.7266,-0.8643,0.827,0.0,-0.1516,-0.4429,-0.5044,-0.5244,0.04248,0.8013,0.0001,-0.5503,-0.931,0.1038,0.4207,-0.9097,-0.935,0.0,0.0,-0.925,0.0,-0.2788,0.00659,-0.579,0.0,1.0,0.0,0.0,-0.0414,0.1257,0.04034,0.0,0.0,0.0,0.0,0.0,0.0,-0.5241559999999998,0.0022508758120238,-0.0021508758120238,0.00022835374770223337
0.544,-0.3262,0.9233,-0.008736,-2.244,0.0,0.545,0.0,1.0,-0.6436,-0.784,0.779,0.0,-0.1512,0.4053,-0.5054,-0.5273,-0.3796,0.802,-0.8529,-0.5503,0.0,-0.931,0.1038,-0.909,-0.935,0.0,0.0,-0.925,0.0,-0.281,0.06076,-0.619,-0.06244,0.0,-0.5,0.0,0.3142,-0.2615,-0.407,0.0,1.0,0.0,0.0,0.0,-0.8237,-0.4181079999999998,0.0180791430175304,-0.8709791430175304,0.0018341483085136455
0.4927,-0.4094,0.878,-0.01001,0.497,-0.1428,0.545,0.0,1.0,-0.62,-0.7515,0.767,0.0,-0.1508,-0.1378,-0.5063,-0.531,-0.4822,0.802,-0.219,-0.55,-0.8525,0.0,-0.931,-0.909,-0.935,0.0,0.0,-0.9253,0.0,-0.2817,-0.266,-0.386,-0.01189,-1.0,-0.5,-0.5,0.399,-0.3237,-0.4854,0.0,2.0,0.0,0.0,0.0,-0.1611,1.2271239999999997,-0.003337622154504,-0.2156623778454959,-0.0003386053212370351
0.4707,0.5913,1.164,-0.00978,-3.127,0.0,0.545,1.0,1.0,-0.787,-0.9204,0.887,1.0,-0.171,1.217,-0.5063,-0.532,0.5386,0.8037,2.2051000000000003,-0.5493,-0.219,-0.8525,0.0,-0.9087,-0.9346,1.0,-1.0,-0.9253,0.0,-0.2764,0.2225,-0.7324,0.1212,-1.0,0.0,0.0,-0.3953,0.6514,0.5986,1.0,0.0,0.0,0.0,0.0,1.654,-0.8080447999999997,-0.0075269532389938,2.212626953238994,-0.0007636174202602006
0.613,-0.1265,0.9375,-0.01096,-1.007,-0.1428,0.545,0.0,1.0,-0.6465,-0.799,0.803,0.0,-0.1705,1.47,-0.5073,-0.533,-0.1917,0.804,-1.4439,-0.5493,2.205,-0.219,-0.8525,-0.909,-0.9346,0.0,0.0,-0.9253,0.0,-0.2803,-0.198,-0.4338,-0.0967,-1.0,0.0,-0.5,0.3198,0.0727,-0.154,0.0,1.0,0.0,0.0,0.0,-1.234,-1.1781959999999998,-0.0171062611043453,-1.4267937388956546,-0.001735448402565575
0.8887,-0.891,0.6846,-0.01335,18.22,-0.2856,0.545,0.0,1.0,-0.4636,-0.656,0.707,0.0,-0.1702,1.911,-0.51,-0.5347,-0.918,0.7915,-1.7289,-0.547,-1.444,2.205,-0.219,-0.91,-0.934,0.0,0.0,-0.9253,0.0,-0.2847,-0.493,-0.2252,-0.2703,-1.0,-0.5,-1.0,1.123,-0.608,-0.9023,0.0,2.0,0.0,0.0,0.0,-3.613,1.161868,0.0391392298042774,-1.7680392298042775,0.003970716536311152
0.7915,-0.1418,0.88,-0.0143,-0.8555,-0.2856,0.545,0.0,1.0,-0.597,-0.7773,0.791,0.0,-0.1697,1.214,-0.51,-0.5347,-0.1393,0.786,1.6001,-0.547,-1.729,-1.444,2.205,-0.91,-0.934,1.0,-1.0,-0.9253,0.0,-0.281,-0.1284,-0.4836,0.281,0.0,-0.5,-0.5,0.3833,0.10645,-0.187,1.0,0.0,0.0,0.0,0.0,3.97,0.529428,-0.0105620389804244,1.6106620389804245,-0.0010715301002716916
0.615,0.0995,0.954,-0.01358,-4.125,-0.1428,0.545,1.0,1.0,-0.6562,-0.809,0.827,0.0,-0.1692,0.0932,-0.51,-0.535,0.1248,0.792,0.6531,-0.548,1.599,-1.729,-1.444,-0.91,-0.934,0.0,0.0,-0.9253,0.0,-0.2793,0.274,-0.77,0.06494,1.0,-0.5,0.0,0.1486,0.4053,0.08673,2.0,0.0,0.0,0.0,0.0,0.8745,-0.1419399999999999,-0.0125449448823928,0.6656449448823929,-0.00127269801528351
0.6235,-0.1714,0.88,-0.01315,-1.468,-0.1428,0.545,0.0,1.0,-0.6104,-0.763,0.803,0.0,-0.1688,-0.1603,-0.51,-0.535,-0.1373,0.798,-0.4264,-0.548,0.6523,1.599,-1.729,-0.91,-0.934,0.0,0.0,-0.9253,0.0,-0.2805,0.1906,-0.711,-0.02943,0.0,-1.0,0.0,0.317,0.1815,-0.1212,0.0,1.0,0.0,0.0,0.0,-0.3882,0.3936,0.003753341268748,-0.430153341268748,0.00038078046800522404
0.551,-0.002716,0.9243,-0.01311,-1.868,0.0,0.545,1.0,1.0,-0.6436,-0.7856,0.827,0.0,-0.1683,-0.1748,-0.51,-0.535,0.03078,0.8027,0.4322,-0.5474,-0.4263,0.6523,1.599,-0.9097,-0.934,0.0,0.0,-0.9253,0.0,-0.2795,0.10986,-0.653,0.009766,1.0,-0.5,0.0,0.08673,0.2874,0.07544,1.0,0.0,0.0,0.0,0.0,0.1306,0.2502579999999999,-0.0059161861427128,0.4381161861427128,-0.0006002033833122923
0.3958,0.2069,0.9683,-0.01392,2.982,0.0,0.545,1.0,1.0,-0.682,-0.8,0.851,0.0,-0.1678,0.07556,-0.51,-0.535,0.2341,0.803,0.4266,-0.5474,0.4321,-0.4263,0.6523,-0.91,-0.934,0.0,0.0,-0.9253,0.0,-0.2783,-0.0945,-0.507,0.03256,2.0,0.0,0.0,-0.0644,0.4365,0.2703,2.0,0.0,0.0,0.0,0.0,0.4297,0.6039464,-0.0230834707617759,0.4496834707617759,-0.002341842686419485
0.336,0.756,1.113,-0.0143,2.168,0.0,0.545,1.0,1.0,-0.77,-0.8804,0.887,1.0,-0.171,0.6675,-0.51,-0.535,0.804,0.775,1.1571,-0.544,0.4263,0.4321,-0.4263,-0.9097,-0.934,0.0,0.0,-0.925,0.0,-0.2754,0.04013,-0.6016,0.1378,2.0,0.5,0.0,-0.4265,0.901,0.724,3.0,0.0,0.0,0.0,0.0,1.794,0.4311336,-0.0101605700328946,1.1672605700328946,-0.0010308006480892217
0.2281,0.7803,1.111,-0.01464,0.1649,0.0,0.545,1.0,1.0,-0.7773,-0.87,0.887,1.0,-0.171,-0.2291,-0.51,-0.535,0.85,0.77,0.10166,-0.5405,1.157,0.4263,0.4321,-0.908,-0.9336,0.0,0.0,-0.925,0.0,-0.2751,0.04013,-0.6016,0.00791,2.0,1.0,0.0,-0.4365,0.82,0.659,4.0,0.0,0.0,0.0,0.0,0.0994,0.237904,-0.0398112349212169,0.1414712349212169,-0.004038892170927901
0.184,1.006,1.183,-0.01378,0.413,0.0,0.545,1.0,1.0,-0.8203,-0.907,0.887,1.0,-0.171,0.0016365,-0.51,-0.535,1.133,0.74,0.6075,-0.539,0.1015,1.157,0.4263,-0.907,-0.9336,0.0,0.0,-0.9243,0.0,-0.2737,0.3403,-0.815,0.0421,3.0,1.0,0.5,-0.5713,1.01,0.798,5.0,0.0,0.0,0.0,0.0,0.5273,0.3313479999999999,0.0063532530330121,0.6011467469669879,0.0006445442846908845
0.2407,1.11,1.225,-0.012634,0.2356,0.0,0.545,1.0,1.0,-0.838,-0.9346,0.887,1.0,-0.171,0.4795,-0.509,-0.535,1.202,0.7334,0.3973,-0.5376,0.607,0.1015,1.157,-0.9067,-0.9336,0.0,0.0,-0.924,0.0,-0.2727,0.4011,-0.858,0.04803,3.0,1.5,1.0,-0.6606,1.05,0.84,5.92,0.0,0.0,0.0,0.0,0.5903,0.4794235999999999,-0.0239857733249664,0.4212857733249664,-0.002433382242162733
0.2018,1.307,1.309,-0.01036,0.3098,0.1428,0.545,1.0,1.0,-0.885,-0.9766,0.887,1.0,-0.171,0.2018,-0.504,-0.5347,1.441,0.7095,0.6871,-0.5317,0.3972,0.607,0.1015,-0.9053,-0.933,0.0,0.0,-0.9233,0.0,-0.2708,0.6943,-1.066,0.05713,3.0,1.5,1.5,-0.8057,1.236,0.912,5.92,0.0,0.0,0.0,0.0,0.6934,0.453172,-0.0366584807634353,0.7237584807634354,-0.003719041904792643
0.2251,1.511,1.405,-0.00739,0.2903,0.2856,0.545,1.0,1.0,-0.9316,-1.028,0.887,1.0,-0.171,0.5215,-0.497,-0.5303,1.698,0.684,0.7686999999999999,-0.5225,0.6865,0.3972,0.607,-0.9043,-0.933,0.0,0.0,-0.923,0.0,-0.2686,0.837,-1.167,0.06665,3.0,1.5,2.0,-1.043,1.346,0.9453,5.92,0.0,0.0,0.0,0.0,0.792,0.4652479999999999,-0.0100737269967794,0.7787737269967794,-0.0010219903296110487
0.1152,1.619,1.457,-0.00559,0.2063,0.2856,0.545,1.0,1.0,-0.966,-1.046,0.887,1.0,-0.171,0.1473,-0.4893,-0.526,1.811,0.6733,0.4690999999999999,-0.5127,0.768,0.6865,0.3972,-0.903,-0.9326,0.0,0.0,-0.9224,0.0,-0.2673,0.6577,-1.039,0.0456,3.0,1.5,2.0,-1.137,1.343,0.886,5.92,0.0,0.0,0.0,0.0,0.5293,0.4739240000000002,-0.0385527722537517,0.5076527722537517,-0.003911219793392045
0.1222,1.696,1.523,-0.00227,0.182,0.4285,0.545,1.0,1.0,-0.9966,-1.079,0.887,1.0,-0.171,1.494,-0.474,-0.5156,1.707,0.683,0.5548,-0.5024,0.4688,0.768,0.6865,-0.9014,-0.932,0.0,0.0,-0.922,0.0,-0.2659,1.174,-1.406,0.1373,3.0,1.5,2.0,-1.26,1.363,0.8516,5.92,0.0,0.0,0.0,0.0,1.571,0.2718079999999999,0.000363435188774,0.5544365648112259,3.6870886861053546e-05
-0.014404,1.687,1.588,0.002693,0.1273,0.5713,0.545,1.0,1.0,-1.037,-1.098,0.887,1.0,-0.171,0.10065,-0.4556,-0.503,1.607,0.693,0.5455,-0.493,0.554,0.4688,0.768,-0.9004,-0.9316,0.0,0.0,-0.9214,0.0,-0.2644,1.574,-1.45,0.0747,3.0,1.5,2.0,-1.361,1.383,0.813,5.92,0.0,0.0,0.0,0.0,0.8403,0.1325,0.0007358487346209,0.544764151265379,7.465263760666861e-05
-0.1399,1.442,1.566,0.006584,-0.01409,0.7144,0.545,1.0,1.0,-1.037,-1.077,0.887,1.0,-0.171,-0.7974,-0.435,-0.488,1.218,0.732,0.0001,-0.4854,0.545,0.554,0.4688,-0.899,-0.931,0.0,0.0,-0.9204,0.0,-0.2644,1.574,-1.45,0.0,2.0,1.5,2.0,-1.253,1.206,0.688,0.0,0.0,0.0,0.0,0.0,0.0,-0.69784,0.0176798719912767,-0.0175798719912767,0.0017936418377848262
-0.0836,0.8335,1.419,0.009384,-0.2937,0.7144,0.545,1.0,1.0,-0.9634,-1.011,0.8403,0.0,-0.1705,0.1354,-0.417,-0.4746,0.582,0.7544,-0.8039000000000001,-0.4841,0.0,0.545,0.554,-0.8984,-0.9307,0.0,0.0,-0.92,0.0,-0.267,1.325,-1.45,-0.1084,1.0,1.5,2.0,-0.8076,0.787,0.452,0.0,1.0,0.0,0.0,0.0,-1.198,-0.14934,-0.0044643250294029,-0.7994356749705971,-0.0004529105275285868
-0.00544,0.602,1.387,0.012436,-0.1368,0.857,0.545,1.0,1.0,-0.941,-1.0,0.835,0.0,-0.1702,0.6016,-0.403,-0.463,0.4126,0.7676,-0.0915,-0.485,-0.8037,0.0,0.545,-0.898,-0.93,0.0,0.0,-0.9194,0.0,-0.2673,1.476,-1.45,-0.0066,0.0,1.0,2.0,-0.704,0.6465,0.382,0.0,2.0,0.0,0.0,0.0,-0.0748,0.7843680000000003,-0.0055485432967543,-0.0859514567032456,-0.0005629056251498573
0.0394,0.865,1.508,0.01595,0.5444,0.857,0.545,1.0,1.0,-0.996,-1.064,0.887,1.0,-0.171,0.999,-0.3933,-0.4536,0.8203,0.7734,0.9191,-0.4807,-0.0916,-0.8037,0.0,-0.897,-0.9297,0.0,0.0,-0.919,0.0,-0.2646,1.521,-1.45,0.04294,0.0,1.0,2.0,-0.945,0.9478,0.501,1.0,0.0,0.0,0.0,0.0,0.4885,0.3788,0.0738878101110458,0.8452121898889542,0.007495997006248817
0.0566,0.847,1.545,0.01944,0.11304,0.857,0.545,1.0,1.0,-1.012,-1.083,0.887,1.0,-0.171,0.3079,-0.3862,-0.4453,0.8687,0.768,0.3575,-0.4792,0.919,-0.0916,-0.8037,-0.8965,-0.929,0.0,0.0,-0.918,0.0,-0.2637,1.521,-1.45,0.0187,0.0,1.0,2.0,-1.011,0.945,0.505,2.0,0.0,0.0,0.0,0.0,0.2069,0.005112,-0.0180569551885128,0.3755569551885128,-0.0018318973296357881
0.04373,0.56,1.482,0.02182,-0.197,0.857,0.545,1.0,1.0,-0.9834,-1.053,0.8716,0.0,-0.1705,0.0969,-0.3813,-0.438,0.5693,0.7856,-0.265,-0.486,0.3572,0.919,-0.0916,-0.8965,-0.9287,0.0,0.0,-0.917,0.0,-0.2644,1.271,-1.45,-0.01034,0.0,0.5,1.5,-0.8037,0.7437,0.414,0.0,1.0,0.0,0.0,0.0,-0.11304,-1.329964,0.0023734900169074,-0.2673734900169074,0.0002407930893385562
0.325,-0.378,1.201,0.02275,-1.43,0.7144,0.545,0.0,1.0,-0.8193,-0.929,0.774,0.0,-0.1702,2.064,-0.3804,-0.4324,-0.364,0.795,-1.6919,-0.493,-0.265,0.3572,0.919,-0.897,-0.928,0.0,0.0,-0.9165,0.0,-0.2698,0.4983,-0.9253,-0.1328,0.0,0.0,1.0,0.01129,0.026,0.00857,0.0,2.0,0.0,0.0,0.0,-1.464,-0.105336,0.0089235678315162,-1.7008235678315162,0.0009053054576874496
0.2935,-0.05887,1.308,0.02385,-1.016,0.7144,0.545,1.0,1.0,-0.8774,-0.984,0.8203,0.0,-0.1697,0.1354,-0.3838,-0.428,-0.03134,0.8027,0.8468,-0.498,-1.692,-0.265,0.3572,-0.8975,-0.928,0.0,0.0,-0.916,0.0,-0.2673,0.5503,-0.9614,0.0674,1.0,0.0,1.0,-0.2852,0.3774,0.1608,1.0,0.0,0.0,0.0,0.0,0.7847,-0.6683959999999998,0.0147137455642223,0.8320862544357777,0.0014927251536397724
0.4124,-0.59,1.14,0.02386,-14.766,0.5713,0.545,0.0,1.0,-0.7783,-0.902,0.7637,0.0,-0.1692,1.132,-0.39,-0.425,-0.584,0.8105,-1.0079,-0.5073,0.846,-1.692,-0.265,-0.8975,-0.9277,0.0,0.0,-0.9155,0.0,-0.2705,0.1716,-0.6924,-0.1505,0.0,-0.5,0.5,0.1812,-0.06165,-0.1307,0.0,1.0,0.0,0.0,0.0,-1.707,-0.1583199999999999,-0.0102207139134407,-0.9976792860865592,-0.0010369023088075485
0.4053,-0.6885,1.097,0.02322,0.3408,0.4285,0.545,0.0,1.0,-0.7554,-0.8765,0.7534,0.0,-0.1688,-0.05038,-0.4004,-0.4238,-0.668,0.81,-0.1892,-0.5166,-1.008,0.846,-1.692,-0.898,-0.9272,0.0,0.0,-0.915,0.0,-0.2712,-0.02438,-0.5527,-0.02797,-1.0,-1.0,0.0,0.2284,-0.1696,-0.24,0.0,2.0,0.0,0.0,0.0,-0.3274,0.6458479999999999,-0.0085903163999319,-0.1806096836000681,-0.0008714967451308083
0.3008,-0.2568,1.217,0.02269,-0.626,0.2856,0.545,0.0,1.0,-0.829,-0.9355,0.8047,0.0,-0.1683,-0.08496,-0.4146,-0.4248,-0.235,0.811,0.9521,-0.5264,-0.1892,-1.008,0.846,-0.8984,-0.9272,0.0,0.0,-0.9146,0.0,-0.2686,0.0199,-0.5835,0.0862,0.0,-0.5,0.0,-0.1324,0.2484,-0.002045,1.0,0.0,0.0,0.0,0.0,1.015,0.16833776,0.0543339364230632,0.8977660635769367,0.0055122357010295026
0.31,-0.2568,1.2,0.02177,0.1333,0.1428,0.545,0.0,1.0,-0.82,-0.9272,0.8047,0.0,-0.1678,0.2634,-0.434,-0.4275,-0.2499,0.813,0.0001,-0.532,0.9517,-0.1892,-1.008,-0.899,-0.927,0.0,0.0,-0.914,0.0,-0.2686,-0.0945,-0.5015,0.0,0.0,-0.5,-0.5,-0.133,0.1888,-0.0455,0.0,0.0,0.0,0.0,0.0,0.0,0.4040760000000001,0.020034834742546,-0.019934834742546,0.002032555316297883
0.1445,0.05273,1.277,0.02086,-1.751,0.1428,0.545,1.0,1.0,-0.8735,-0.9556,0.841,0.0,-0.1674,-0.10803,-0.4526,-0.4326,0.1028,0.808,0.6471,-0.5396,0.0,0.9517,-0.1892,-0.8994,-0.9263,0.0,0.0,-0.914,0.0,-0.2666,-0.0706,-0.5176,0.0192,0.0,0.0,-0.5,-0.3552,0.4238,0.1836,1.0,0.0,0.0,0.0,0.0,0.2195,0.0968624,0.0245424695312976,0.6225575304687023,0.0024898596650255456
0.1313,0.02734,1.246,0.01942,-0.0691,0.1428,0.545,1.0,1.0,-0.8584,-0.9375,0.8354,0.0,-0.167,-0.10474,-0.4685,-0.4404,0.0973,0.8037,-0.0905,-0.5454,0.647,0.0,0.9517,-0.899,-0.926,0.0,0.0,-0.9136,0.0,-0.267,-0.2461,-0.3926,-0.005215,0.0,-0.5,-1.0,-0.2698,0.3433,0.1071,0.0,1.0,0.0,0.0,0.0,-0.05847,0.1593823999999999,-0.0017049056477844,-0.0887950943522155,-0.00017296449322996016
0.189,0.1713,1.27,0.01822,1.549,0.1428,0.545,1.0,1.0,-0.8657,-0.955,0.851,0.0,-0.1665,0.11206,-0.479,-0.4497,0.2646,0.8,0.2728,-0.551,-0.0906,0.647,0.0,-0.8984,-0.9253,0.0,0.0,-0.913,0.0,-0.266,-0.1677,-0.4482,0.01645,1.0,-0.5,-0.5,-0.365,0.381,0.2303,1.0,0.0,0.0,0.0,0.0,0.1849,-0.2730879999999999,0.0142074599862098,0.2585925400137901,0.0014413619426935423
0.2474,-0.0973,1.172,0.01726,-1.003,0.0,0.545,0.0,1.0,-0.809,-0.9062,0.8203,0.0,-0.166,0.481,-0.4866,-0.4604,0.02328,0.797,-0.5404,-0.5547,0.2725,-0.0906,0.647,-0.8984,-0.925,0.0,0.0,-0.913,0.0,-0.2678,-0.0945,-0.5015,-0.02432,0.0,-0.5,-0.5,-0.0842,0.1383,-0.1613,0.0,1.0,0.0,0.0,0.0,-0.2712,-0.2804771999999999,0.0117189772427082,-0.5521189772427082,0.0011889027188059307
0.2559,-0.3086,1.088,0.016,14.25,-0.1428,0.545,0.0,1.0,-0.7627,-0.8594,0.7944,0.0,-0.1656,0.3892,-0.4934,-0.473,-0.193,0.796,-0.4582,-0.555,-0.5405,0.2725,-0.0906,-0.898,-0.9243,0.0,0.0,-0.913,0.0,-0.2693,-0.1912,-0.4329,-0.02567,0.0,-0.5,-0.5,0.0972,-0.0976,-0.4978,0.0,2.0,0.0,0.0,0.0,-0.291,-0.663428,0.0055749504826962,-0.4637749504826963,0.0005655846622801558
0.2961,-0.8506,0.8857,0.012924,2.682,-0.2856,0.545,0.0,1.0,-0.6406,-0.74,0.7227,0.0,-0.1652,0.702,-0.501,-0.4883,-0.7686,0.79,-1.3019,-0.5503,-0.458,-0.5405,0.2725,-0.8984,-0.9243,0.0,0.0,-0.913,0.0,-0.2732,-0.742,-0.0415,-0.11633,-1.0,-1.0,-1.0,0.6924,-0.6064,-1.176,0.0,3.0,0.0,0.0,0.0,-1.339,-0.8881200000000001,0.0351635739207267,-1.3370635739207268,0.0035673820139294093
0.3882,-1.261,0.711,0.0086,0.7026,-0.4285,0.545,0.0,1.0,-0.5215,-0.6323,0.661,0.0,-0.1647,0.776,-0.503,-0.502,-1.183,0.775,-1.1629,-0.54,-1.301,-0.458,-0.5405,-0.8994,-0.9243,0.0,0.0,-0.9136,0.0,-0.2766,-1.032,0.1642,-0.1282,-1.0,-1.0,-1.5,1.194,-1.02,-1.282,0.0,4.0,0.0,0.0,0.0,-1.538,0.0581012,0.0069482014514505,-1.1698482014514506,0.0007049024352002066
0.3154,-1.051,0.723,0.00469,-0.05676,-0.5713,0.545,0.0,1.0,-0.535,-0.635,0.6714,0.0,-0.1643,-0.493,-0.4973,-0.512,-0.982,0.7617,0.2012999999999999,-0.535,-1.162,-1.301,-0.458,-0.9004,-0.924,0.0,0.0,-0.914,0.0,-0.2761,-0.9336,0.09424,0.01991,-1.0,-0.5,-1.0,0.931,-0.9243,-1.097,1.0,0.0,0.0,0.0,0.0,0.2478,0.1218736,0.0007700040587224,0.2005299959412775,7.81177316029248e-05
0.1605,-1.032,0.6953,0.002125,0.1127,-0.5713,0.545,0.0,1.0,-0.5293,-0.603,0.666,0.0,-0.1638,0.2654,-0.49,-0.517,-0.939,0.751,-0.0999,-0.531,0.201,-1.162,-1.301,-0.9014,-0.924,0.0,0.0,-0.9146,0.0,-0.2766,-0.6445,-0.1124,-0.01184,-1.0,-1.0,-1.0,0.8594,-0.9297,-0.9897,0.0,1.0,0.0,0.0,0.0,-0.1465,0.5602959999999999,-0.0258886255323886,-0.0740113744676113,-0.002626428624627361
0.1458,-0.5073,0.811,-0.0004508,-0.4563,-0.7144,0.5527,0.0,1.0,-0.606,-0.6797,0.7173,0.0,-0.1633,0.708,-0.483,-0.5176,-0.3994,0.7417,1.0031,-0.53,-0.0999,0.201,-1.162,-0.9023,-0.924,0.0,0.0,-0.9146,0.0,-0.274,-0.612,-0.1344,0.1078,0.0,-0.5,-1.0,0.3706,-0.4326,-0.586,1.0,0.0,0.0,0.0,0.0,1.337,0.6103759999999998,0.0075060236267745,0.9955939763732252,0.0007614940888161907
0.03717,-0.04828,0.9253,-0.001428,-1.018,-0.5713,0.5527,1.0,1.0,-0.685,-0.7437,0.769,0.0,-0.163,0.4133,-0.4783,-0.5166,0.10095,0.7373,0.9721,-0.53,1.002,-0.0999,0.201,-0.903,-0.9233,0.0,0.0,-0.9146,0.0,-0.2712,-0.0683,-0.521,0.11017,1.0,-0.5,-0.5,-0.00533,0.03632,-0.2218,2.0,0.0,0.0,0.0,0.0,1.325,0.2149248,-0.010294534265995,0.982394534265995,-0.0010443914621728414
0.1456,-0.01532,0.921,-0.002172,1.2,-0.4285,0.5527,1.0,1.0,-0.6743,-0.75,0.774,0.0,-0.1625,1.3545,-0.4756,-0.515,0.131,0.7393,0.09446,-0.532,0.9717,1.002,-0.0999,-0.903,-0.9233,0.0,0.0,-0.915,0.0,-0.271,0.01153,-0.578,0.01099,2.0,0.0,0.0,-0.07336,0.01602,-0.1571,3.0,0.0,0.0,0.0,0.0,0.1282,0.2759240000000001,0.0030736294575035,0.0913863705424964,0.0003118229810456932
0.154,0.09045,0.93,-0.00354,1.846,-0.2856,0.5527,1.0,1.0,-0.6787,-0.7563,0.784,0.0,-0.162,0.1637,-0.475,-0.513,0.2052,0.741,0.1881999999999999,-0.536,0.0943,0.9717,1.002,-0.9023,-0.9233,0.0,0.0,-0.915,0.0,-0.2705,-0.212,-0.4182,0.02681,2.0,0.0,0.0,-0.1243,0.0875,-0.04266,4.0,0.0,0.0,0.0,0.0,0.312,-1.0725376000000002,-0.0035825674422085,0.1917825674422085,-0.00036345528147497153
0.3215,-0.672,0.6826,-0.006138,-4.61,-0.2856,0.5527,0.0,1.0,-0.5073,-0.6074,0.692,0.0,-0.1616,0.2421,-0.4758,-0.5107,-0.5757,0.7354,-1.6839,-0.537,0.1881,0.0943,0.9717,-0.9023,-0.9233,0.0,0.0,-0.9155,0.0,-0.2756,-0.6143,-0.1333,-0.10077,2.0,0.0,0.0,0.6533,-0.5996,-0.6978,0.0,1.0,0.0,1.0,-7.43,-1.166,-0.5632400000000001,-0.0081627033650875,-1.6757372966349124,-0.0008281149474539083
0.512,-1.059,0.528,-0.01005,0.8325,-0.4285,0.5527,0.0,1.0,-0.3838,-0.511,0.6353,0.0,-0.1611,1.578,-0.476,-0.5083,-1.019,0.7275,-1.0859,-0.5317,-1.683,0.1881,0.0943,-0.9023,-0.924,0.0,0.0,-0.916,0.0,-0.2786,-1.0,0.1407,-0.07874,1.0,0.0,-0.5,1.127,-0.9727,-0.9897,0.0,2.0,0.0,0.0,0.0,-0.9614,-0.4425719999999998,-0.0081993788480758,-1.0777006211519242,-0.0008318357142525164
0.6343,-1.244,0.4272,-0.01433,0.3362,-0.5713,0.5527,0.0,1.0,-0.2988,-0.4438,0.599,0.0,-0.1606,0.9863,-0.474,-0.505,-1.169,0.707,-0.7152000000000001,-0.5264,-1.085,-1.683,0.1881,-0.903,-0.924,0.0,0.0,-0.9165,0.0,-0.2808,-1.075,0.1931,-0.11194,0.0,0.0,-0.5,1.377,-1.176,-1.0625,0.0,3.0,0.0,0.0,0.0,-1.416,0.290632,-0.0133434254676103,-0.7018565745323897,-0.001353704720819142
0.597,-0.599,0.5557,-0.01816,-0.4592,-0.7144,0.5527,0.0,1.0,-0.3972,-0.539,0.656,0.0,-0.1602,0.782,-0.472,-0.502,-0.5566,0.6963,1.1491,-0.524,-0.715,-1.085,-1.683,-0.9033,-0.9243,0.0,0.0,-0.9165,0.0,-0.2776,-0.845,0.03075,0.08716,0.0,0.5,-0.5,0.808,-0.54,-0.648,1.0,0.0,0.0,0.0,0.0,1.127,-0.036688,-0.0118748862296342,1.1609748862296343,-0.00120471985153037
0.608,-0.6274,0.5044,-0.02173,0.1912,-0.7144,0.5527,0.0,1.0,-0.3591,-0.5015,0.64,0.0,-0.1598,0.5454,-0.4707,-0.499,-0.6416,0.69,-0.3026,-0.5215,1.149,-0.715,-1.085,-0.9043,-0.9243,0.0,0.0,-0.917,0.0,-0.2786,-0.8057,0.00191,-0.01918,-1.0,0.0,-0.5,0.875,-0.6245,-0.6836,0.0,1.0,0.0,0.0,0.0,-0.2394,0.101656,0.0078886821866035,-0.3104886821866036,0.0008003152071384517
0.543,-0.4373,0.517,-0.02481,-0.2386,-0.7144,0.5527,0.0,1.0,-0.3735,-0.5054,0.651,0.0,-0.1593,-0.10187,-0.4714,-0.497,-0.4907,0.6836,0.2037999999999999,-0.521,-0.3025,1.149,-0.715,-0.905,-0.925,0.0,0.0,-0.917,0.0,-0.278,-0.6797,-0.08765,0.00903,0.0,0.5,0.0,0.6694,-0.5396,-0.574,1.0,0.0,0.0,0.0,0.0,0.11383,-0.1647928,-0.0003547951928339,0.2041547951928339,-3.599435007367744e-05
0.5093,-0.2996,0.53,-0.02661,-0.2798,-0.7144,0.5527,0.0,1.0,-0.3855,-0.5127,0.661,0.0,-0.1588,0.523,-0.4734,-0.496,-0.355,0.679,0.2024999999999999,-0.5215,0.2036,-0.3025,1.149,-0.906,-0.9253,0.0,0.0,-0.9175,0.0,-0.2776,-0.378,-0.3027,0.01017,1.0,0.5,0.5,0.4895,-0.459,-0.4749,2.0,0.0,0.0,0.0,0.0,0.1274,-0.5887320000000001,0.0511867962777614,0.1513132037222385,0.005192954982437721
0.6133,-0.842,0.3657,-0.02837,2.79,-0.7144,0.5527,0.0,1.0,-0.253,-0.3928,0.599,0.0,-0.1584,1.118,-0.4749,-0.4956,-0.911,0.6772,-1.2069,-0.522,0.2024,0.2036,-0.3025,-0.9062,-0.9253,0.0,0.0,-0.918,0.0,-0.2808,-0.378,-0.3042,-0.05432,1.0,0.0,0.5,1.026,-0.8965,-0.7734,0.0,1.0,0.0,0.0,0.0,-0.6763,-0.7596960000000003,0.0411741659045219,-1.248074165904522,0.004177162970336134
0.822,-1.389,0.1909,-0.03122,0.901,-0.7144,0.5527,0.0,1.0,-0.09155,-0.2607,0.532,0.0,-0.158,0.948,-0.4753,-0.4956,-1.502,0.674,-1.3579,-0.519,-1.206,0.2024,0.2036,-0.9067,-0.926,0.0,0.0,-0.919,0.0,-0.2844,-0.664,-0.10144,-0.06384,0.0,-0.5,0.0,1.623,-1.358,-1.038,0.0,2.0,0.0,0.0,0.0,-0.825,1.3216000000000003,-0.0036557153798639,-1.354244284620136,-0.00037087621763283153
0.771,-0.526,0.3943,-0.03275,-0.572,-0.7144,0.5527,0.0,1.0,-0.2625,-0.4287,0.6196,0.0,-0.1575,1.347,-0.4749,-0.4958,-0.6094,0.665,1.8551,-0.525,-1.358,-1.206,0.2024,-0.9067,-0.9263,1.0,-1.0,-0.9194,0.0,-0.2798,-0.2588,-0.3887,0.1912,1.0,-0.5,0.5,0.7495,-0.3945,-0.5093,1.0,0.0,0.0,0.0,0.0,2.582,1.0189320000000004,0.0123902484774589,1.842709751522541,0.0012570039002932402
0.7007,0.2236,0.57,-0.034,-1.668,-0.5713,0.5527,1.0,1.0,-0.399,-0.558,0.697,0.0,-0.1571,1.227,-0.4744,-0.4968,0.1312,0.6636,1.5481,-0.5303,1.855,-1.358,-1.206,-0.9062,-0.927,0.0,0.0,-0.9194,0.0,-0.276,-0.1647,-0.454,0.1289,1.0,0.0,0.5,0.1091,0.3005,0.02278,2.0,0.0,0.0,0.0,0.0,1.6455,0.8618783999999998,0.0032892036251723,1.5448107963748277,0.00033369320988372897
0.6875,0.865,0.7183,-0.03506,2.38,-0.5713,0.5527,1.0,1.0,-0.502,-0.662,0.7637,0.0,-0.1566,1.369,-0.4744,-0.4988,0.797,0.6597,1.2791,-0.532,1.547,1.855,-1.358,-0.906,-0.927,0.0,0.0,-0.9194,0.0,-0.2722,-0.11163,-0.4905,0.1011,1.0,0.5,0.5,-0.3125,0.8364,0.516,3.0,0.0,0.0,0.0,0.0,1.231,-0.2851564,-0.0107622072100639,1.2898622072100638,-0.001091837380293508
0.611,1.009,0.7407,-0.036,0.2954,-0.5713,0.5527,1.0,1.0,-0.523,-0.6714,0.7793,0.0,-0.1561,0.639,-0.477,-0.502,0.899,0.6636,0.2840999999999999,-0.53,1.279,1.547,1.855,-0.905,-0.927,0.0,0.0,-0.9194,0.0,-0.2715,-0.07764,-0.514,0.0449,2.0,1.0,0.5,-0.3567,0.8833,0.5723,4.0,0.0,0.0,0.0,0.0,0.5254,0.0282279999999999,0.0034896559081971,0.2806103440918028,0.00035402930742392405
0.554,1.148,0.7627,-0.0369,0.2703,-0.5713,0.5527,1.0,1.0,-0.542,-0.681,0.7944,0.0,-0.1558,-0.312,-0.481,-0.5034,1.152,0.6533,0.2815999999999999,-0.5264,0.2837,1.279,1.547,-0.9043,-0.927,0.0,0.0,-0.919,0.0,-0.2708,-0.06107,-0.526,0.0102,3.0,1.0,0.5,-0.4695,0.8433,0.586,5.0,0.0,0.0,0.0,0.0,0.1184,1.0193623999999997,-0.0024129045195877,0.2840129045195877,-0.0002447917326012308
0.4568,2.148,1.042,-0.03467,1.003,-0.4285,0.5527,1.0,1.0,-0.7207,-0.849,0.887,1.0,-0.171,1.266,-0.4885,-0.5063,2.002,0.6504,2.2321000000000004,-0.513,0.2812,0.2837,1.279,-0.902,-0.9263,1.0,-1.0,-0.9185,0.0,-0.2642,0.609,-1.001,0.3374,3.0,1.5,1.0,-1.151,1.635,1.038,5.92,0.0,0.0,0.0,0.0,3.883,0.7496519999999997,0.0434795431792736,2.188620456820727,0.004411045949461392
0.4253,2.156,1.171,-0.03073,0.2832,-0.2856,0.5527,1.0,1.0,-0.7944,-0.9204,0.887,1.0,-0.171,1.504,-0.4912,-0.509,2.002,0.637,1.0431,-0.498,2.23,0.2812,0.2837,-0.8994,-0.9263,0.0,0.0,-0.918,0.0,-0.2612,0.9683,-1.256,0.2122,3.0,1.5,1.5,-1.365,1.877,1.031,5.92,0.0,0.0,0.0,0.0,2.281,-0.6799736,0.0092875864356756,1.0338124135643243,0.0009422355326605312
0.4204,1.869,1.065,-0.02675,-0.1156,-0.1428,0.5527,1.0,1.0,-0.737,-0.86,0.853,0.0,-0.1705,0.04648,-0.478,-0.5073,1.485,0.674,-0.5893,-0.4888,1.043,2.23,0.2812,-0.897,-0.926,0.0,0.0,-0.9175,0.0,-0.2632,0.9683,-1.257,-0.08185,2.0,1.0,1.5,-1.008,1.473,0.7383,0.0,1.0,0.0,0.0,0.0,-0.8525,0.238194,0.0027145142666995,-0.5920145142666996,0.00027539036257832265
0.416,1.831,1.095,-0.02335,0.1124,0.0,0.5527,1.0,1.0,-0.754,-0.877,0.8726,0.0,-0.1702,0.6724,-0.461,-0.5024,1.407,0.699,0.3431,-0.48,-0.589,1.043,2.23,-0.8955,-0.926,0.0,0.0,-0.917,0.0,-0.2622,0.9087,-1.214,0.04883,2.0,1.5,1.5,-1.008,1.469,0.705,1.0,0.0,0.0,0.0,0.0,0.518,0.290528,-0.0518549866974353,0.3949549866974354,-0.005260743611955257
0.37,1.557,1.064,-0.01978,-0.01994,0.1428,0.5527,1.0,1.0,-0.7397,-0.855,0.8677,0.0,-0.1697,-0.3914,-0.4453,-0.496,1.21,0.7144,-0.08474,-0.473,0.3428,-0.589,1.043,-0.8945,-0.9253,0.0,0.0,-0.9165,0.0,-0.2625,0.9585,-1.249,-0.006847,1.0,1.5,1.5,-0.8584,1.3,0.6045,0.0,1.0,0.0,0.0,0.0,-0.07184,-0.0249,-0.0093850065022706,-0.0753549934977293,-0.0009521189021425495
0.3787,1.342,1.046,-0.0163,-0.006817,0.2856,0.5527,1.0,1.0,-0.729,-0.8447,0.8677,0.0,-0.1692,-0.1776,-0.4324,-0.4897,1.116,0.724,0.0001,-0.4666,-0.0848,0.3428,-0.589,-0.893,-0.9253,0.0,0.0,-0.916,0.0,-0.2625,0.9404,-1.236,0.0,0.0,1.0,1.0,-0.7593,1.174,0.539,0.0,0.0,0.0,0.0,0.0,0.0,-0.006952,-0.0049682450480759,0.0050682450480759,-0.0005040337499611455
0.3716,2.127,1.316,-0.01124,0.7236,0.4285,0.5527,1.0,1.0,-0.8755,-0.9946,0.887,1.0,-0.171,-0.2418,-0.4146,-0.4783,1.77,0.6772,2.0411,-0.4536,0.0,-0.0848,0.3428,-0.891,-0.925,0.0,0.0,-0.9155,0.0,-0.256,1.109,-1.3545,0.4888,0.0,1.0,1.0,-1.341,1.843,0.7695,1.0,0.0,1.0,0.0,8.695,5.145,0.177574,0.0190031565725803,2.02209684342742,0.0019278904674973492
0.357,1.913,1.332,-0.00501,0.02948,0.5713,0.5527,1.0,1.0,-0.8843,-1.002,0.887,1.0,-0.171,0.549,-0.3984,-0.4663,1.694,0.6846,0.24,-0.4443,2.041,0.0,-0.0848,-0.89,-0.9243,0.0,0.0,-0.914,0.0,-0.2554,1.422,-1.45,0.02718,1.0,1.0,1.5,-1.3125,1.717,0.69,2.0,0.0,0.0,0.0,0.0,0.2688,0.264436,-0.0207022335380315,0.2607022335380315,-0.0021002636346986398
0.2744,1.691,1.359,0.002535,0.01458,0.7144,0.5527,1.0,1.0,-0.905,-1.009,0.887,1.0,-0.171,-0.4565,-0.3845,-0.4543,1.68,0.686,0.3175,-0.4382,0.2397,2.041,0.0,-0.889,-0.924,0.0,0.0,-0.913,0.0,-0.2544,1.574,-1.45,0.02402,1.0,1.0,2.0,-1.33,1.614,0.643,3.0,0.0,0.0,0.0,0.0,0.2358,0.3643631999999999,0.0204705297946929,0.297029470205307,0.0020767570432352785
0.2103,1.444,1.362,0.00892,-0.01524,0.857,0.5527,1.0,1.0,-0.9116,-1.006,0.887,1.0,-0.171,0.03091,-0.3716,-0.4414,1.473,0.706,0.1573,-0.4321,0.3174,0.2397,2.041,-0.888,-0.9233,0.0,0.0,-0.912,0.0,-0.254,1.574,-1.45,0.01053,2.0,1.0,2.0,-1.293,1.459,0.5796,4.0,0.0,0.0,0.0,0.0,0.10236,0.1996788,-0.0039097187109291,0.1612097187109291,-0.0003966451260140711
0.10864,1.667,1.495,0.01509,0.289,0.857,0.5527,1.0,1.0,-0.9844,-1.063,0.887,1.0,-0.171,0.08685,-0.3606,-0.4287,1.773,0.677,1.0171,-0.425,0.1571,0.3174,0.2397,-0.8867,-0.9224,0.0,0.0,-0.9106,0.0,-0.2502,1.574,-1.45,0.07874,3.0,1.0,2.0,-1.454,1.676,0.64,5.0,0.0,0.0,0.0,0.0,0.762,0.1027024,0.0012333723716437,1.015866627628356,0.00012512694031040244
0.063,1.396,1.474,0.02026,-0.032,0.857,0.5527,1.0,1.0,-0.9775,-1.05,0.887,1.0,-0.171,0.2773,-0.3506,-0.4153,1.429,0.7104,0.0001,-0.421,1.017,0.1571,0.3174,-0.8853,-0.9214,0.0,0.0,-0.9097,0.0,-0.2505,1.574,-1.45,0.0,2.0,0.5,1.5,-1.372,1.494,0.5596,0.0,0.0,0.0,0.0,0.0,0.0,0.5138000000000001,0.0130773000419139,-0.0129773000419139,0.0013267060130308234
0.00955,1.364,1.522,0.02565,0.1102,0.857,0.5527,1.0,1.0,-1.005,-1.069,0.887,1.0,-0.171,-0.1197,-0.3394,-0.3997,1.248,0.7285,0.4548999999999999,-0.4175,0.0,1.017,0.1571,-0.884,-0.921,0.0,0.0,-0.908,0.0,-0.2491,1.574,-1.45,0.11694,2.0,1.0,1.5,-1.382,1.519,0.5513,1.0,0.0,0.0,0.0,0.0,1.097,0.051792,-0.0021286108531057,0.4570286108531057,-0.00021594983744096282
0.1797,0.6704,1.36,0.02992,-0.3796,0.857,0.5527,1.0,1.0,-0.913,-1.002,0.835,0.0,-0.1705,0.879,-0.3386,-0.3875,0.6694,0.7397,-0.8969,-0.4243,0.4546,0.0,1.017,-0.883,-0.9204,0.0,0.0,-0.907,0.0,-0.2524,1.303,-1.45,-0.1381,1.0,0.5,1.0,-0.953,0.974,0.3708,0.0,1.0,0.0,0.0,0.0,-1.276,-0.9187080000000002,-0.0560008436441421,-0.8408991563558579,-0.005681345213412169
0.1791,-0.05054,1.154,0.03117,-0.8916,0.857,0.5527,1.0,1.0,-0.805,-0.891,0.765,0.0,-0.1702,0.1602,-0.3403,-0.3772,-0.10236,0.7563,-1.2299,-0.4438,-0.8965,0.4546,0.0,-0.8833,-0.92,0.0,0.0,-0.906,0.0,-0.257,0.574,-0.972,-0.1943,0.0,0.5,0.5,-0.363,0.395,0.1481,0.0,2.0,0.0,0.0,0.0,-1.849,0.0146263999999999,-0.0225472766906023,-1.2073527233093977,-0.002287445226997625
0.042,0.1109,1.205,0.03195,5.74,0.857,0.5527,1.0,1.0,-0.8438,-0.908,0.7915,0.0,-0.1697,-0.05865,-0.342,-0.3699,0.01173,0.7695,0.4798,-0.4597,-1.2295,-0.8965,0.4546,-0.8833,-0.9194,0.0,0.0,-0.905,0.0,-0.2554,0.4822,-0.906,0.02727,0.0,1.0,0.5,-0.5063,0.531,0.1996,1.0,0.0,0.0,0.0,0.0,0.2698,0.8101480000000002,0.0159498415887355,0.4638501584112644,0.0016181284114337375
0.0363,0.6284,1.382,0.0345,3.01,0.857,0.5527,1.0,1.0,-0.935,-1.001,0.865,0.0,-0.1692,0.654,-0.3428,-0.365,0.5312,0.7837,1.3391,-0.4697,0.4795,-1.2295,-0.8965,-0.883,-0.9185,0.0,0.0,-0.904,0.0,-0.251,0.9116,-1.21,0.1813,1.0,1.0,1.0,-0.8955,1.03,0.428,2.0,0.0,0.0,0.0,0.0,1.767,0.0075399999999999,-0.0134022496640682,1.3525022496640682,-0.001359672498181615
0.00977,0.461,1.352,0.03674,-0.1184,0.857,0.5527,1.0,1.0,-0.922,-0.9834,0.861,0.0,-0.1688,0.08685,-0.344,-0.3628,0.3418,0.801,-0.0755,-0.478,1.339,0.4795,-1.2295,-0.883,-0.9175,0.0,0.0,-0.903,0.0,-0.2512,0.837,-1.157,-0.01072,0.0,0.5,0.5,-0.7695,0.895,0.3767,0.0,1.0,0.0,0.0,0.0,-0.1003,0.001832,0.0010500526987016,-0.0765500526987016,0.00010652896430468152
0.0876,0.04932,1.241,0.0385,-0.6777,0.857,0.5527,1.0,1.0,-0.8594,-0.931,0.826,0.0,-0.1683,0.1126,-0.3494,-0.3635,-0.03041,0.8086,-0.6063000000000001,-0.49,-0.07556,1.339,0.4795,-0.883,-0.917,0.0,0.0,-0.902,0.0,-0.2534,0.643,-1.02,-0.02873,0.0,0.0,0.5,-0.4194,0.5977,0.2036,0.0,2.0,0.0,0.0,0.0,-0.2695,0.1283599999999999,-0.0313624404370784,-0.5749375595629216,-0.0031817529748367998
0.11914,0.3315,1.348,0.04102,2.441,0.857,0.5527,1.0,1.0,-0.9116,-0.99,0.874,0.0,-0.1678,0.645,-0.3608,-0.3691,0.33,0.8145,0.8497,-0.5024,-0.606,-0.07556,1.339,-0.8833,-0.916,0.0,0.0,-0.901,0.0,-0.2505,0.7715,-1.11,0.05377,1.0,0.0,1.0,-0.7334,0.809,0.4143,1.0,0.0,0.0,0.0,0.0,0.514,0.3361456,-0.0096222385764122,0.8593222385764122,-0.0009761863486520487
-0.0353,0.4368,1.385,0.04205,0.4058,0.857,0.5527,1.0,1.0,-0.9424,-0.9966,0.887,1.0,-0.171,-0.312,-0.3696,-0.3757,0.3855,0.8193,0.3762999999999999,-0.506,0.8496,-0.606,-0.07556,-0.883,-0.915,0.0,0.0,-0.9004,0.0,-0.2493,0.5327,-0.939,0.0469,1.0,0.0,1.0,-0.7866,0.8735,0.4824,2.0,0.0,0.0,0.0,0.0,0.4368,0.2513479999999999,-0.0191501379013061,0.3954501379013061,-0.0019428018797918432
-0.1466,0.4314,1.387,0.043,0.12256,0.857,0.5527,1.0,1.0,-0.952,-0.989,0.887,1.0,-0.171,-0.844,-0.3804,-0.3818,0.3728,0.8193,0.1488999999999999,-0.5063,0.3762,0.8496,-0.606,-0.882,-0.914,0.0,0.0,-0.8994,0.0,-0.2489,0.5176,-0.9277,0.02364,1.0,0.5,1.0,-0.7646,0.8296,0.471,3.0,0.0,0.0,0.0,0.0,0.2177,-0.0289548,-0.0631573796272277,0.2120573796272277,-0.0064073834086665424
-0.1329,0.2247,1.322,0.04333,-0.2974,0.857,0.5527,1.0,1.0,-0.9185,-0.956,0.8696,0.0,-0.1705,-0.683,-0.3948,-0.3875,0.188,0.8193,-0.296,-0.5117,0.1487,0.3762,0.8496,-0.881,-0.9136,0.0,0.0,-0.899,0.0,-0.25,0.3486,-0.808,-0.02216,1.0,0.0,0.5,-0.5615,0.632,0.3389,0.0,1.0,0.0,0.0,0.0,-0.203,-0.288688,-0.003365468699485,-0.2926345313005149,-0.0003414303828743774
-0.1382,0.000994,1.246,0.04315,-0.648,0.857,0.5527,1.0,1.0,-0.88,-0.9155,0.848,0.0,-0.1702,-0.2964,-0.41,-0.3938,-0.03146,0.8193,-0.3737,-0.5186,-0.2961,0.1487,0.3762,-0.881,-0.9126,0.0,0.0,-0.8984,0.0,-0.2515,0.1926,-0.6973,-0.04517,1.0,0.0,0.0,-0.3823,0.3809,0.1743,0.0,2.0,0.0,0.0,0.0,-0.4177,-0.8931760000000003,-0.0032618902623653,-0.3704381097376347,-0.0003309222401456334
0.01457,-0.7637,0.983,0.0404,-9.79,0.7144,0.5527,0.0,1.0,-0.721,-0.777,0.7534,0.0,-0.1697,0.1566,-0.428,-0.4028,-0.8057,0.8193,-1.6629,-0.528,-0.3735,-0.2961,0.1487,-0.8813,-0.9116,0.0,0.0,-0.898,0.0,-0.2576,-0.4915,-0.2117,-0.2091,0.0,0.0,-0.5,0.4321,-0.274,-0.5625,0.0,3.0,0.0,1.0,-7.176,-1.956,0.1734292,0.0104478150606155,-1.6733478150606156,0.0010599419619895757
-0.04947,-0.71,0.9663,0.0376,0.04922,0.5713,0.5527,0.0,1.0,-0.717,-0.7617,0.7534,0.0,-0.1692,-0.4448,-0.445,-0.4158,-0.7173,0.816,0.0001,-0.539,-1.663,-0.3735,-0.2961,-0.882,-0.911,0.0,0.0,-0.898,0.0,-0.2578,-0.4915,-0.2117,0.0,-1.0,-0.5,-0.5,0.3855,-0.2754,-0.7256,0.0,0.0,0.0,0.0,0.0,0.0,0.64834936,-0.0284809060394763,0.0285809060394763,-0.002889418242147256
-0.092,-0.3953,1.027,0.03482,-0.4014,0.4285,0.5527,0.0,1.0,-0.7554,-0.795,0.7837,0.0,-0.1688,-0.2615,-0.4558,-0.4277,-0.3745,0.806,0.5587,-0.541,0.0,-1.663,-0.3735,-0.8823,-0.91,0.0,0.0,-0.898,0.0,-0.2559,-0.4692,-0.2267,0.06064,-1.0,-0.5,-0.5,0.1201,-0.0449,-0.463,1.0,0.0,0.0,0.0,0.0,0.5986,0.8747440000000002,-0.0343823581933975,0.5930823581933975,-0.0034881268466089377
-0.1711,0.2534,1.208,0.03433,-2.074,0.4285,0.5527,1.0,1.0,-0.863,-0.892,0.8613,0.0,-0.1683,0.6406,-0.4673,-0.441,0.2776,0.808,1.4111,-0.5415,0.558,0.0,-1.663,-0.883,-0.9097,1.0,-1.0,-0.8975,0.0,-0.251,0.0837,-0.619,0.148,0.0,0.0,0.0,-0.415,0.517,0.282,2.0,0.0,1.0,0.0,7.035,1.436,0.3601,-0.0147989327087998,1.4258989327088,-0.0015013674801583705
-0.2593,0.321,1.234,0.03537,0.349,0.4285,0.5527,1.0,1.0,-0.8833,-0.899,0.8784,0.0,-0.1678,-0.686,-0.4773,-0.455,0.363,0.8154,0.3004,-0.5415,1.41,0.558,0.0,-0.883,-0.909,0.0,0.0,-0.8975,0.0,-0.25,0.4983,-0.9146,0.01578,1.0,0.5,0.5,-0.4856,0.57,0.405,3.0,0.0,0.0,0.0,0.0,0.1466,0.2920959999999999,-0.019873984158039,0.3202739841580391,-0.0020162368532373894
-0.2925,0.4622,1.28,0.03638,0.5083,0.4285,0.5527,1.0,1.0,-0.91,-0.9214,0.887,1.0,-0.171,-0.3247,-0.486,-0.4685,0.5093,0.807,0.4463999999999999,-0.5396,0.3003,1.41,0.558,-0.8823,-0.908,0.0,0.0,-0.897,0.0,-0.2484,0.4983,-0.9136,0.0709,2.0,0.5,0.5,-0.6377,0.636,0.5806,4.0,0.0,0.0,0.0,0.0,0.653,0.6548719999999999,0.0194017179310321,0.4269982820689678,0.001968324941672062
-0.3364,0.94,1.424,0.0371,1.072,0.4285,0.5527,1.0,1.0,-0.986,-0.9917,0.887,1.0,-0.171,0.5356,-0.491,-0.4814,0.9043,0.764,1.1011,-0.5312,0.446,0.3003,1.41,-0.8813,-0.9077,0.0,0.0,-0.8965,0.0,-0.2445,0.469,-0.891,0.2874,3.0,0.5,0.5,-0.926,1.033,0.959,5.0,0.0,0.0,0.0,0.0,2.607,0.131952,-0.0120847672224044,1.1131847672224044,-0.0012260125017132552
-0.3735,0.791,1.381,0.0378,-0.02266,0.4285,0.5527,1.0,1.0,-0.968,-0.9673,0.879,0.0,-0.1705,-0.5303,-0.4917,-0.4917,0.778,0.77,-0.1417,-0.5254,1.1,0.446,0.3003,-0.88,-0.907,0.0,0.0,-0.8965,0.0,-0.2451,0.4438,-0.8735,-0.01303,2.0,0.0,0.5,-0.795,0.848,0.746,0.0,1.0,0.0,0.0,0.0,-0.1144,-0.0518056,0.0002414784976281,-0.1419414784976281,2.4498250693494255e-05
-0.328,0.3215,1.242,0.03836,-0.4414,0.4285,0.5527,1.0,1.0,-0.893,-0.898,0.8335,0.0,-0.1702,0.2217,-0.491,-0.4966,0.3289,0.7754,-0.7836,-0.524,-0.1418,1.1,0.446,-0.879,-0.9067,0.0,0.0,-0.896,0.0,-0.2483,0.3713,-0.8228,-0.09296,1.0,0.0,0.5,-0.4072,0.4453,0.3618,0.0,2.0,0.0,0.0,0.0,-0.8193,-0.5372920000000001,-0.0074331345967948,-0.7761668654032051,-0.000754099419117697
-0.2854,-0.1886,1.073,0.03705,-1.22,0.2856,0.5527,0.0,1.0,-0.7974,-0.806,0.776,0.0,-0.1697,0.6494,-0.4907,-0.502,-0.188,0.7764,-1.0219,-0.5244,-0.783,-0.1418,1.1,-0.8784,-0.9062,0.0,0.0,-0.896,0.0,-0.2522,-0.1134,-0.4788,-0.0847,0.0,0.0,0.0,0.0852,0.008896,-0.0928,0.0,3.0,0.0,0.0,0.0,-0.7656,-0.13638224,-0.0163123589009046,-1.0055876410990954,-0.0016549061787359343
-0.2693,0.3027,1.206,0.03635,-4.76,0.2856,0.5527,1.0,1.0,-0.869,-0.8823,0.8335,0.0,-0.1692,0.4053,-0.489,-0.507,0.3154,0.777,1.0561,-0.5273,-1.021,-0.783,-0.1418,-0.878,-0.906,0.0,0.0,-0.8955,0.0,-0.2484,0.04572,-0.5903,0.0809,0.0,0.5,0.0,-0.276,0.469,0.3127,1.0,0.0,0.0,0.0,0.0,0.7544,-0.4642960000000001,0.0166211631149053,1.039478836885095,0.0016862346950390612
-0.163,-0.05255,1.081,0.03476,-0.855,0.2856,0.5527,1.0,1.0,-0.792,-0.8203,0.792,0.0,-0.1688,0.0681,-0.4873,-0.511,-0.04108,0.7764,-0.7304,-0.5303,1.056,-1.021,-0.783,-0.878,-0.9053,0.0,0.0,-0.8955,0.0,-0.2512,-0.1604,-0.4446,-0.05817,-1.0,0.5,-0.5,0.0829,0.1493,-0.05518,0.0,1.0,0.0,0.0,0.0,-0.5254,-0.9708639999999998,-0.0068174586631357,-0.7235825413368643,-0.0006916384401200514
0.0578,-0.803,0.8296,0.03192,-14.766,0.1428,0.5527,0.0,1.0,-0.6245,-0.6846,0.7017,0.0,-0.1683,0.535,-0.487,-0.5156,-0.7734,0.7686,-1.6449,-0.5273,-0.73,1.056,-1.021,-0.879,-0.9053,0.0,0.0,-0.8955,0.0,-0.2573,-0.4133,-0.2668,-0.3003,-1.0,0.0,-0.5,0.8594,-0.4949,-0.765,0.0,2.0,0.0,1.0,-7.727,-2.775,0.8050720000000002,0.0446556396782398,-1.68955563967824,0.004530362191505388
0.0446,-0.3835,0.932,0.03033,-0.4878,0.0,0.5527,0.0,1.0,-0.689,-0.7485,0.7466,0.0,-0.1678,0.10284,-0.4868,-0.5186,-0.3318,0.7637,0.8668,-0.527,-1.644,-0.73,1.056,-0.88,-0.9053,0.0,0.0,-0.8955,0.0,-0.2546,-0.1781,-0.4333,0.1343,0.0,0.0,0.0,0.4065,-0.1259,-0.387,1.0,0.0,0.0,0.0,0.0,1.31,1.2252988000000005,-0.0091541036963462,0.8759541036963463,-0.0009286935666326398
-0.04224,0.2217,1.118,0.03183,-2.006,0.1428,0.5527,1.0,1.0,-0.803,-0.852,0.825,0.0,-0.1674,0.4128,-0.4866,-0.5205,0.2942,0.771,1.4571,-0.5273,0.866,-1.644,-0.73,-0.8804,-0.905,0.0,0.0,-0.8955,0.0,-0.2494,0.4028,-0.8457,0.1393,1.0,0.0,0.5,-0.1126,0.5425,0.2081,2.0,0.0,1.0,0.0,7.92,1.321,-0.0323044,3.523711347952485e-05,1.4570647628865203,3.5748426804691714e-06
-0.05603,0.3984,1.187,0.03394,0.757,0.2856,0.5527,1.0,1.0,-0.8413,-0.889,0.8584,0.0,-0.167,-0.3413,-0.4856,-0.521,0.4475,0.786,0.5871,-0.525,1.457,0.866,-1.644,-0.8804,-0.905,0.0,0.0,-0.895,0.0,-0.2473,0.486,-0.904,0.08417,1.0,0.0,1.0,-0.2988,0.7314,0.4226,3.0,0.0,0.0,0.0,0.0,0.764,-0.3747744,-0.0061386902816593,0.5932386902816593,-0.0006227766651149911
0.106,-0.0994,1.043,0.0346,-0.9756,0.2856,0.5527,0.0,1.0,-0.749,-0.821,0.8086,0.0,-0.1665,1.173,-0.486,-0.519,-0.0846,0.7974,-0.8642,-0.525,0.5864,1.457,0.866,-0.88,-0.905,0.0,0.0,-0.895,0.0,-0.2507,0.2197,-0.7153,-0.1904,1.0,-0.5,0.5,0.08307,0.3003,0.034,0.0,1.0,0.0,0.0,0.0,-1.697,0.2730832,0.0156941451132297,-0.8798941451132297,0.0015921877317462592
0.02386,0.08624,1.09,0.0343,-10.836,0.2856,0.5527,1.0,1.0,-0.7817,-0.841,0.8335,0.0,-0.166,0.03812,-0.4883,-0.5166,0.10516,0.8003,0.4443999999999999,-0.5244,-0.8643,0.5864,1.457,-0.88,-0.9043,0.0,0.0,-0.895,0.0,-0.2491,0.0749,-0.6113,0.0535,2.0,0.0,0.5,-0.0669,0.4634,0.2131,1.0,0.0,0.0,0.0,0.0,0.4902,0.393124,0.0187983438372612,0.4256016561627387,0.0019071119974291982
0.03038,0.3994,1.177,0.03436,2.129,0.2856,0.5527,1.0,1.0,-0.829,-0.891,0.8745,0.0,-0.1656,-0.17,-0.4905,-0.514,0.4478,0.8022,0.7306,-0.5215,0.444,-0.8643,0.5864,-0.8794,-0.9043,0.0,0.0,-0.895,0.0,-0.2465,0.15,-0.6636,0.03174,2.0,0.5,0.5,-0.3037,0.7256,0.4717,2.0,0.0,0.0,0.0,0.0,0.2869,-0.367212,0.0049441321752965,0.7256558678247035,0.000501587473344004
0.04517,0.2344,1.118,0.03375,-0.2333,0.2856,0.5527,1.0,1.0,-0.796,-0.859,0.8584,0.0,-0.1652,-0.3413,-0.492,-0.512,0.2805,0.8047,-0.2855,-0.52,0.73,0.444,-0.8643,-0.878,-0.9043,0.0,0.0,-0.8945,0.0,-0.2477,0.01555,-0.5684,-0.02855,1.0,0.5,0.0,-0.1743,0.5093,0.3103,0.0,1.0,0.0,0.0,0.0,-0.2522,-0.1110263999999999,0.0017778328619897,-0.2872778328619897,0.0001803630367587969
0.0385,0.05246,1.039,0.03156,-0.4824,0.2856,0.5527,1.0,1.0,-0.7524,-0.813,0.8335,0.0,-0.1647,0.2217,-0.4924,-0.5117,0.1277,0.798,-0.432,-0.526,-0.2854,0.73,0.444,-0.8774,-0.904,0.0,0.0,-0.894,0.0,-0.2494,-0.2842,-0.3552,-0.03796,0.0,0.0,-0.5,0.05383,0.3079,0.09595,0.0,2.0,0.0,0.0,0.0,-0.3384,-0.2435519999999999,-0.0113826803863048,-0.4206173196136951,-0.00115478504465884
0.10205,-0.0865,0.9717,0.02913,-0.9766,0.1428,0.5527,0.0,1.0,-0.708,-0.778,0.813,0.0,-0.1643,0.05292,-0.493,-0.512,-0.02347,0.7944,-0.3651,-0.534,-0.4321,-0.2854,0.73,-0.8774,-0.904,0.0,0.0,-0.894,0.0,-0.251,-0.3232,-0.328,-0.0558,0.0,0.0,-0.5,0.2008,0.11304,-0.121,0.0,3.0,0.0,0.0,0.0,-0.504,0.4137839999999999,-0.011935731396079,-0.3531642686039209,-0.0012108926584497991
0.0602,0.161,1.029,0.0281,-14.766,0.1428,0.5527,1.0,1.0,-0.7446,-0.8086,0.842,0.0,-0.1638,0.0323,-0.4932,-0.515,0.246,0.7925,0.5171,-0.54,-0.365,-0.4321,-0.2854,-0.8774,-0.9033,0.0,0.0,-0.8936,0.0,-0.249,-0.0651,-0.511,0.02698,0.0,0.5,0.0,-0.0257,0.2866,0.1088,1.0,0.0,0.0,0.0,0.0,0.2466,1.2720904,0.003221349325031,0.513878650674969,0.000326809318887963
-0.00196,0.8184,1.228,0.02966,3.031,0.2856,0.5527,1.0,1.0,-0.8594,-0.9165,0.887,1.0,-0.171,0.497,-0.493,-0.5186,0.9297,0.7617,1.5261,-0.5347,0.517,-0.365,-0.4321,-0.877,-0.9033,0.0,0.0,-0.893,0.0,-0.2433,0.4243,-0.858,0.1775,0.0,0.5,0.5,-0.5596,0.873,0.8257,2.0,0.0,0.0,0.0,0.0,1.597,0.6673456,0.0527637861669063,1.4733362138330937,0.005352942285758106
-0.06665,1.119,1.321,0.03085,0.4907,0.2856,0.5527,1.0,1.0,-0.913,-0.961,0.887,1.0,-0.171,-0.05444,-0.4915,-0.5205,1.229,0.7305,0.7631,-0.526,1.526,0.517,-0.365,-0.8755,-0.903,0.0,0.0,-0.8926,0.0,-0.2404,0.3916,-0.8335,0.09186,1.0,0.5,0.5,-0.7676,1.082,0.971,3.0,0.0,0.0,0.0,0.0,0.789,1.1228200000000006,0.0337264463305473,0.7293735536694527,0.0034215838897545
-0.015205,1.684,1.514,0.03436,0.636,0.2856,0.5527,1.0,1.0,-1.003,-1.0625,0.887,1.0,-0.171,1.362,-0.484,-0.5186,1.719,0.682,1.4231,-0.508,0.7627,1.526,0.517,-0.874,-0.9023,0.0,0.0,-0.892,0.0,-0.2347,0.7725,-1.103,0.3386,2.0,0.5,1.0,-1.192,1.493,1.113,4.0,0.0,0.0,0.0,0.0,2.838,0.2039904,-0.0266475211828947,1.4497475211828947,-0.0027034193963892993
0.001331,0.8315,1.301,0.0382,-0.3826,0.4285,0.5527,1.0,1.0,-0.897,-0.956,0.8154,0.0,-0.1705,0.1101,-0.471,-0.5093,0.7827,0.7095,-1.2319,-0.503,1.423,0.7627,1.526,-0.873,-0.902,0.0,0.0,-0.8916,0.0,-0.2402,0.829,-1.1455,-0.2695,2.0,0.5,1.0,-0.5645,0.9077,0.619,0.0,1.0,0.0,0.0,0.0,-2.164,-0.79266,-0.0141367763280868,-1.2177632236719131,-0.0014341910103180336
0.1137,0.169,1.121,0.04007,-0.642,0.5713,0.5527,1.0,1.0,-0.7925,-0.8667,0.755,0.0,-0.1702,0.333,-0.46,-0.5,0.09174,0.7246,-1.0799,-0.502,-1.232,1.423,0.7627,-0.8726,-0.902,0.0,0.0,-0.8916,0.0,-0.2446,0.4456,-0.8735,-0.109,1.0,0.0,0.5,-0.0692,0.3835,0.2305,0.0,2.0,0.0,1.0,-6.53,-0.91,-0.059704,0.0054920795373618,-1.085392079537362,0.0005571773166408944
0.091,0.37,1.184,0.041,0.9917,0.5713,0.5527,1.0,1.0,-0.8286,-0.9,0.785,0.0,-0.1697,0.651,-0.4514,-0.4922,0.3088,0.731,0.5587,-0.4993,-1.079,-1.232,1.423,-0.8716,-0.9014,0.0,0.0,-0.891,0.0,-0.2426,0.3289,-0.789,0.03107,1.0,0.0,0.5,-0.2578,0.57,0.369,1.0,0.0,0.0,0.0,0.0,0.2686,0.4141296,-0.0215538293123245,0.5802538293123245,-0.0021866589327192557
0.06934,0.506,1.225,0.04172,0.454,0.5713,0.5527,1.0,1.0,-0.852,-0.921,0.8076,0.0,-0.1692,-0.395,-0.443,-0.4854,0.4512,0.7373,0.412,-0.4983,0.5586,-1.079,-1.232,-0.8706,-0.901,0.0,0.0,-0.8906,0.0,-0.241,0.306,-0.772,0.02246,1.0,0.5,0.5,-0.3906,0.6567,0.4424,2.0,0.0,0.0,0.0,0.0,0.1907,-0.138028,-0.0130242109298706,0.4250242109298706,-0.0013213200660885213
-0.04642,0.341,1.187,0.0432,-0.1663,0.7144,0.5527,1.0,1.0,-0.841,-0.89,0.8003,0.0,-0.1688,-0.5625,-0.434,-0.4785,0.2751,0.749,-0.1354,-0.4963,0.4116,0.5586,-1.079,-0.87,-0.9004,0.0,0.0,-0.89,0.0,-0.2416,0.487,-0.902,-0.0087,0.0,0.5,0.5,-0.2942,0.5264,0.3518,0.0,1.0,0.0,0.0,0.0,-0.07294,0.2782824,-0.0148199461400508,-0.1205800538599491,-0.001503499315132391
-0.0899,0.4187,1.218,0.0447,0.3298,0.7144,0.5527,1.0,1.0,-0.861,-0.904,0.8193,0.0,-0.1683,-0.4004,-0.425,-0.472,0.3276,0.7617,0.3404,-0.4954,-0.1355,0.4116,0.5586,-0.87,-0.9,0.0,0.0,-0.8896,0.0,-0.2402,0.4758,-0.893,0.0387,1.0,1.0,0.5,-0.3958,0.59,0.4043,1.0,0.0,0.0,0.0,0.0,0.326,0.2842388,0.009058553725481,0.3313414462745189,0.0009189999203535545
-0.09235,0.508,1.249,0.04578,0.3242,0.7144,0.5527,1.0,1.0,-0.878,-0.921,0.838,0.0,-0.1678,-0.0743,-0.4185,-0.467,0.4482,0.7666,0.3368,-0.5024,0.34,-0.1355,0.4116,-0.8706,-0.8994,0.0,0.0,-0.889,0.0,-0.2389,0.417,-0.8506,0.0255,2.0,1.0,0.5,-0.4675,0.6655,0.4807,2.0,0.0,0.0,0.0,0.0,0.2124,0.0412399999999999,0.0054782587103545,0.3313217412896454,0.0005557751790255705
-0.0828,0.3247,1.201,0.04697,-0.1989,0.7144,0.5527,1.0,1.0,-0.852,-0.8955,0.8267,0.0,-0.1674,-0.404,-0.4133,-0.4639,0.2783,0.7744,-0.1999,-0.509,0.3364,0.34,-0.1355,-0.8706,-0.899,0.0,0.0,-0.888,0.0,-0.2399,0.4368,-0.8647,-0.01839,1.0,0.5,0.5,-0.3386,0.509,0.3765,0.0,1.0,0.0,0.0,0.0,-0.1516,0.313624,-0.0071610515005886,-0.1927389484994113,-0.0007264962993128553
-0.1428,0.2913,1.203,0.0487,0.04498,0.7144,0.5527,1.0,1.0,-0.8574,-0.891,0.8345,0.0,-0.167,-0.575,-0.4114,-0.461,0.267,0.783,0.1343,-0.5093,-0.1998,0.3364,0.34,-0.8696,-0.8984,0.0,0.0,-0.8877,0.0,-0.2394,0.586,-0.971,0.00982,1.0,0.5,1.0,-0.3523,0.4983,0.3762,1.0,0.0,0.0,0.0,0.0,0.0815,0.6784240000000001,-0.0079114027321338,0.1422114027321338,-0.000802620230673721
-0.1614,0.64,1.33,0.0519,1.135,0.857,0.5527,1.0,1.0,-0.9253,-0.9585,0.887,1.0,-0.171,0.2179,-0.41,-0.4556,0.578,0.7993,1.0021,-0.505,0.134,-0.1998,0.3364,-0.8687,-0.898,0.0,0.0,-0.887,0.0,-0.2352,0.8457,-1.154,0.11224,2.0,0.5,1.5,-0.6567,0.8584,0.648,2.0,0.0,0.0,0.0,0.0,0.9272,0.845992,0.0286718197166919,0.973428180283308,0.0029087866379720793
-0.1565,0.993,1.466,0.0558,0.6562,0.857,0.5527,1.0,1.0,-0.9917,-1.027,0.887,1.0,-0.171,0.4873,-0.4111,-0.4492,0.942,0.7603,1.0361,-0.499,1.001,0.134,-0.1998,-0.8677,-0.8975,0.0,0.0,-0.886,0.0,-0.2311,0.92,-1.206,0.1774,2.0,1.0,1.5,-0.976,1.143,0.868,3.0,0.0,0.0,0.0,0.0,1.421,0.1371212,0.0211743935942649,1.014925606405735,0.002148164775125953
-0.1938,1.411,1.619,0.05933,0.5493,0.857,0.5527,1.0,1.0,-1.065,-1.098,0.887,1.0,-0.171,0.5806,-0.4111,-0.4414,1.31,0.722,1.1291,-0.4866,1.035,1.001,0.134,-0.8657,-0.897,0.0,0.0,-0.8853,0.0,-0.2262,0.896,-1.187,0.199,2.0,1.5,1.5,-1.254,1.462,1.007,4.0,0.0,0.0,0.0,0.0,1.544,-0.098964,0.0268075354397296,1.1022924645602703,0.002719653013116996
-0.206,1.2705,1.596,0.06198,0.0324,0.857,0.5527,1.0,1.0,-1.057,-1.086,0.887,1.0,-0.171,-0.3333,-0.4124,-0.4343,1.16,0.738,0.0001,-0.4763,1.128,1.035,1.001,-0.864,-0.8965,0.0,0.0,-0.8843,0.0,-0.2263,0.8003,-1.118,0.0,2.0,1.0,1.0,-1.185,1.248,0.8286,0.0,0.0,0.0,0.0,0.0,0.0,-0.135564,0.0150033757090568,-0.0149033757090568,0.001522108440210804
-0.3179,1.065,1.535,0.06274,-0.02887,0.857,0.5527,1.0,1.0,-1.037,-1.048,0.873,0.0,-0.1705,-0.3262,-0.4124,-0.4287,0.9736,0.7437,-0.2422,-0.4717,0.0,1.128,1.035,-0.863,-0.8955,0.0,0.0,-0.8833,0.0,-0.2275,0.4717,-0.8843,-0.01685,1.0,0.5,0.5,-1.02,0.9746,0.6543,0.0,1.0,0.0,0.0,0.0,-0.1262,0.0398988,0.0060769203118979,-0.248276920311898,0.0006165100359144281
-0.3792,0.9434,1.514,0.065,0.01973,0.857,0.5527,1.0,1.0,-1.032,-1.032,0.873,0.0,-0.1702,-0.556,-0.4082,-0.4248,0.856,0.7563,0.0001,-0.4714,-0.2422,0.0,1.128,-0.861,-0.895,0.0,0.0,-0.8823,0.0,-0.2275,0.992,-1.256,0.0,0.0,0.5,0.5,-0.9673,0.8115,0.5806,0.0,0.0,0.0,0.0,0.0,0.0,0.191372,-0.0019993954338133,0.0020993954338133,-0.00020284079557436382
-0.4558,0.989,1.558,0.06903,0.1808,0.857,0.5527,1.0,1.0,-1.059,-1.048,0.887,1.0,-0.171,-0.3384,-0.4004,-0.4214,0.8647,0.7686,0.4273,-0.4739,0.0,-0.2422,0.0,-0.8594,-0.894,0.0,0.0,-0.8813,0.0,-0.2257,1.574,-1.45,0.0699,0.0,0.5,1.0,-1.036,0.872,0.633,1.0,0.0,0.0,0.0,0.0,0.528,0.5150611999999998,-0.0324766151607036,0.4597766151607036,-0.00329478718684255
-0.5264,1.15,1.64,0.0732,0.295,0.857,0.5527,1.0,1.0,-1.102,-1.08,0.887,1.0,-0.171,-0.2084,-0.3938,-0.4194,1.07,0.747,0.6627,-0.4734,0.427,0.0,-0.2422,-0.858,-0.893,0.0,0.0,-0.8804,0.0,-0.2228,1.574,-1.45,0.0718,0.0,0.5,1.0,-1.164,1.032,0.731,2.0,0.0,0.0,0.0,0.0,0.535,0.62942,0.0062596830539405,0.6564403169460594,0.0006350515106874143
-0.4697,1.495,1.786,0.07825,0.4326,0.857,0.5527,1.0,1.0,-1.161,-1.15,0.887,1.0,-0.171,0.6196,-0.3877,-0.418,1.446,0.7085,1.0626,-0.4624,0.662,0.427,0.0,-0.8564,-0.892,0.0,0.0,-0.879,0.0,-0.218,1.574,-1.45,0.1414,1.0,1.0,1.0,-1.385,1.3545,0.858,3.0,0.0,0.0,0.0,0.0,1.031,0.1374720000000001,-0.0202987063676118,1.082898706367612,-0.0020593253736125405
-0.4124,1.28,1.762,0.08344,-0.012245,0.857,0.5527,1.0,1.0,-1.1455,-1.145,0.887,1.0,-0.171,0.04532,-0.3796,-0.4158,1.233,0.73,0.0001,-0.4526,1.062,0.662,0.427,-0.855,-0.891,0.0,0.0,-0.878,0.0,-0.2181,1.574,-1.45,0.0,1.0,0.5,1.0,-1.264,1.191,0.7236,0.0,0.0,0.0,0.0,0.0,0.0,-0.7396839999999998,0.0009737196960486,-0.0008737196960486,9.878489991158441e-05
-0.291,0.666,1.598,0.0871,-0.3489,0.857,0.5527,1.0,1.0,-1.063,-1.08,0.8374,0.0,-0.1705,0.597,-0.3704,-0.411,0.59,0.7505,-0.8569,-0.4475,0.0,1.062,0.662,-0.8545,-0.89,0.0,0.0,-0.8774,0.0,-0.2224,1.24,-1.43,-0.1537,1.0,0.0,0.5,-0.7925,0.7583,0.4463,0.0,1.0,0.0,0.0,0.0,-1.086,0.0448535999999999,0.0131773948669433,-0.8700773948669434,0.0013368607396039042
-0.27,0.549,1.584,0.0905,-0.03445,0.857,0.5527,1.0,1.0,-1.056,-1.075,0.8403,0.0,-0.1702,0.0784,-0.3652,-0.405,0.5146,0.7617,0.0588,-0.446,-0.8564,0.0,1.062,-0.854,-0.889,0.0,0.0,-0.8765,0.0,-0.2223,1.21,-1.408,0.00748,1.0,0.0,0.5,-0.7393,0.687,0.4043,1.0,0.0,0.0,0.0,0.0,0.05432,-0.0737623999999999,-0.0082461833953857,0.0670461833953857,-0.0008365840854112575
-0.2347,0.3975,1.562,0.0942,-0.12335,0.857,0.5527,1.0,1.0,-1.043,-1.067,0.8403,0.0,-0.1697,-0.0688,-0.3628,-0.3992,0.3826,0.7764,0.0001,-0.451,0.0587,-0.8564,0.0,-0.853,-0.8887,0.0,0.0,-0.8755,0.0,-0.2224,1.308,-1.45,0.0,0.0,-0.5,0.5,-0.6704,0.5986,0.3604,0.0,0.0,0.0,0.0,0.0,0.0,0.7519856,-0.0006908610812388,0.0007908610812388,-7.008859227140203e-05
-0.2168,0.686,1.687,0.0988,0.778,0.857,0.5527,1.0,1.0,-1.098,-1.127,0.887,1.0,-0.171,0.0407,-0.3635,-0.3945,0.7446,0.7812,0.9376,-0.4517,0.0,0.0587,-0.8564,-0.852,-0.8877,0.0,0.0,-0.8745,0.0,-0.218,1.396,-1.45,0.07153,0.0,0.0,0.5,-0.946,0.886,0.524,1.0,0.0,0.0,0.0,0.0,0.5186,0.0441016,0.0198796056210994,0.9177203943789004,0.0020168071566502013
-0.2217,0.5923,1.682,0.1025,0.002645,0.857,0.5527,1.0,1.0,-1.096,-1.124,0.887,1.0,-0.171,0.03613,-0.3628,-0.3904,0.636,0.793,0.11393,-0.453,0.937,0.0,0.0587,-0.8516,-0.8867,0.0,0.0,-0.8735,0.0,-0.2175,1.314,-1.45,0.01642,1.0,0.5,0.5,-0.934,0.7847,0.492,2.0,0.0,0.0,0.0,0.0,0.1156,0.6492359999999999,-0.0514413304626941,0.1653713304626941,-0.005218777746509034
-0.2308,1.192,1.903,0.1068,1.085,0.857,0.5527,1.0,1.0,-1.19,-1.221,0.887,1.0,-0.171,-0.5664,-0.3555,-0.3828,1.06,0.748,1.5311,-0.4487,0.1138,0.937,0.0,-0.8506,-0.8857,0.0,0.0,-0.872,0.0,-0.2104,1.385,-1.45,0.5073,2.0,1.0,0.5,-1.366,1.282,0.7686,3.0,0.0,1.0,0.0,5.914,3.559,-0.085392,-0.0383006557822227,1.5694006557822229,-0.003885642308919747
-0.2734,0.7915,1.786,0.1091,-0.2028,0.857,0.5527,1.0,1.0,-1.1455,-1.167,0.8555,0.0,-0.1705,-0.4165,-0.3464,-0.3755,0.605,0.7666,-0.5409,-0.4507,1.53,0.1138,0.937,-0.8496,-0.8843,0.0,0.0,-0.871,0.0,-0.2134,0.9434,-1.214,-0.1122,1.0,0.5,0.0,-1.009,0.9634,0.5635,0.0,1.0,0.0,0.0,0.0,-0.7515,-0.198522,0.0370182730257511,-0.5779182730257512,0.0037555432128857833
-0.2537,0.705,1.7705,0.1113,0.02722,0.857,0.5527,1.0,1.0,-1.137,-1.161,0.859,0.0,-0.1702,-0.1416,-0.3394,-0.3699,0.4956,0.7812,0.05515,-0.454,-0.541,1.53,0.1138,-0.8486,-0.8833,0.0,0.0,-0.8696,0.0,-0.2134,0.9536,-1.221,0.01866,2.0,0.5,0.5,-0.9375,0.8667,0.521,1.0,0.0,0.0,0.0,0.0,0.1271,0.028156,-0.0107924314215779,0.0659424314215779,-0.0010949036587321935
-0.2443,0.4792,1.711,0.1138,-0.1733,0.857,0.5527,1.0,1.0,-1.11,-1.136,0.846,0.0,-0.1697,-0.412,-0.3381,-0.3672,0.3174,0.789,-0.2197,-0.4639,0.05502,-0.541,1.53,-0.8477,-0.8823,0.0,0.0,-0.8687,0.0,-0.2146,0.9536,-1.222,-0.03354,1.0,0.0,0.5,-0.7515,0.6924,0.4285,0.0,1.0,0.0,0.0,0.0,-0.228,-0.1241052,0.0029773213900625,-0.2226773213900625,0.00030205242506182566
-0.1782,0.3164,1.67,0.116,-0.177,0.857,0.5527,1.0,1.0,-1.087,-1.123,0.84,0.0,-0.1692,0.149,-0.3418,-0.3672,0.2136,0.7944,-0.1105599999999999,-0.4775,-0.2197,0.05502,-0.541,-0.8467,-0.882,0.0,0.0,-0.867,0.0,-0.2153,0.897,-1.182,-0.01258,0.0,0.0,0.5,-0.6475,0.5513,0.376,0.0,2.0,0.0,0.0,0.0,-0.0861,-0.39512,0.0219983346760272,-0.1325583346760273,0.0022317544751445807
-0.1136,-0.0833,1.541,0.11694,-0.9404,0.7144,0.5527,0.0,1.0,-1.023,-1.067,0.8022,0.0,-0.1688,0.03616,-0.3462,-0.368,-0.196,0.8037,-0.6664,-0.4905,-0.11066,-0.2197,0.05502,-0.8467,-0.881,0.0,0.0,-0.8667,0.0,-0.2188,0.5083,-0.9053,-0.0959,-1.0,0.0,0.0,-0.3206,0.2147,0.1284,0.0,3.0,0.0,0.0,0.0,-0.6587,-0.9413559999999996,-0.0834889337420463,-0.5829110662579536,-0.008470041221207158
0.06305,-0.771,1.3,0.1153,18.77,0.5713,0.5527,0.0,1.0,-0.8916,-0.9604,0.723,0.0,-0.1683,1.14,-0.3562,-0.3716,-0.8374,0.799,-1.4179,-0.4983,-0.666,-0.11066,-0.2197,-0.847,-0.8804,0.0,0.0,-0.866,0.0,-0.2258,-0.1436,-0.4434,-0.4888,-1.0,-0.5,-0.5,0.314,-0.4004,-0.4363,0.0,4.0,0.0,0.0,0.0,-3.43,0.0503839999999999,-0.008104845881462,-1.4097951541185378,-0.0008222452441375692
-0.02315,-0.6016,1.326,0.11255,-0.129,0.4285,0.5527,0.0,1.0,-0.912,-0.9673,0.7393,0.0,-0.1678,-0.2123,-0.3696,-0.3762,-0.683,0.797,0.2966999999999999,-0.5015,-1.417,-0.666,-0.11066,-0.849,-0.88,0.0,0.0,-0.866,0.0,-0.2246,-0.3843,-0.2708,0.04303,-1.0,0.0,-0.5,0.1859,-0.2358,-0.3513,1.0,0.0,0.0,0.0,0.0,0.316,0.8492720000000001,-0.0175965782254934,0.3142965782254934,-0.001785191596560835
-0.06573,-0.1826,1.44,0.1109,-0.727,0.2856,0.5527,0.0,1.0,-0.972,-1.022,0.786,0.0,-0.1674,0.0476,-0.3835,-0.3826,-0.2668,0.7964,0.8821,-0.5054,0.2966,-1.417,-0.666,-0.8496,-0.8794,0.0,0.0,-0.8657,0.0,-0.2206,-0.1106,-0.4644,0.08563,0.0,0.0,0.0,-0.1708,0.1322,-0.03873,2.0,0.0,0.0,0.0,0.0,0.623,0.7406943999999999,-0.0186784975230693,0.9007784975230694,-0.0018949534612506013
-0.1564,0.1759,1.554,0.1116,-3.648,0.2856,0.5527,1.0,1.0,-1.033,-1.07,0.8335,0.0,-0.167,-0.1262,-0.3967,-0.3914,0.10693,0.8003,0.8585,-0.51,0.8813,0.2966,-1.417,-0.85,-0.8784,0.0,0.0,-0.865,0.0,-0.2166,0.3723,-0.807,0.08325,1.0,0.0,0.5,-0.438,0.4888,0.2856,3.0,0.0,0.0,0.0,0.0,0.5894,0.278108,0.0006568371900357,0.8578431628099643,6.663683228262893e-05
-0.1998,0.2222,1.568,0.11237,0.3254,0.2856,0.5527,1.0,1.0,-1.043,-1.073,0.846,0.0,-0.1665,-0.412,-0.412,-0.4014,0.1704,0.8057,0.2229999999999999,-0.5156,0.858,0.8813,0.2966,-0.85,-0.8774,0.0,0.0,-0.8647,0.0,-0.2155,0.4094,-0.833,0.02534,2.0,0.0,0.5,-0.4604,0.5317,0.3545,4.0,0.0,0.0,0.0,0.0,0.1748,0.0568759999999999,0.0171355567872524,0.2058644432127475,0.0017384204807884588
-0.2402,0.2345,1.573,0.1134,0.177,0.2856,0.5527,1.0,1.0,-1.049,-1.072,0.8555,0.0,-0.166,-0.5547,-0.4287,-0.411,0.195,0.812,0.1661,-0.5195,0.2228,0.858,0.8813,-0.8496,-0.877,0.0,0.0,-0.864,0.0,-0.2148,0.445,-0.8584,0.02812,3.0,0.5,1.0,-0.505,0.498,0.399,5.0,0.0,0.0,0.0,0.0,0.1925,0.2240176000000001,-0.0243978146463632,0.1904978146463632,-0.002475184272930721
-0.2089,-0.1343,1.44,0.1123,-1.114,0.1428,0.5527,0.0,1.0,-0.9834,-1.011,0.8145,0.0,-0.1656,0.02713,-0.4492,-0.422,-0.171,0.8135,-0.7159,-0.523,0.1659,0.2228,0.858,-0.8496,-0.876,0.0,0.0,-0.864,0.0,-0.2185,-2.15e-06,-0.542,-0.1081,2.0,0.0,0.5,-0.1364,0.1809,-0.01721,0.0,1.0,0.0,0.0,0.0,-0.7363,-0.667784,0.007398824673146,-0.723298824673146,0.0007506186408327605
-0.05298,-0.858,1.181,0.1091,14.74,0.0,0.5527,0.0,1.0,-0.8384,-0.886,0.7266,0.0,-0.1652,1.136,-0.4736,-0.434,-0.9043,0.8105,-1.5769,-0.519,-0.7153,0.1659,0.2228,-0.8496,-0.8755,0.0,0.0,-0.864,0.0,-0.2263,-0.4126,-0.2512,-0.2502,1.0,0.0,0.0,0.5474,-0.5146,-0.8105,0.0,2.0,0.0,0.0,0.0,-1.743,-1.002544,0.0042311581782996,-1.5811311581782996,0.0004292555022246834
0.0007067,-1.228,1.011,0.10254,0.642,-0.1428,0.5527,0.0,1.0,-0.739,-0.793,0.67,0.0,-0.1647,1.218,-0.487,-0.447,-1.194,0.7856,-1.0659,-0.509,-1.576,-0.7153,0.1659,-0.85,-0.875,0.0,0.0,-0.8643,0.0,-0.2316,-1.0625,0.2102,-0.2732,0.0,0.0,-0.5,0.9907,-0.914,-1.122,0.0,3.0,0.0,0.0,0.0,-2.002,-0.2426228,0.029509998857975,-1.095409998857975,0.002993820804288764
0.00636,-0.5454,1.186,0.09827,-0.5024,-0.2856,0.5527,0.0,1.0,-0.836,-0.894,0.7393,0.0,-0.1643,0.2311,-0.4902,-0.4595,-0.487,0.774,1.3481,-0.509,-1.065,-1.576,-0.7153,-0.8506,-0.875,0.0,0.0,-0.8643,0.0,-0.2256,-0.576,-0.1339,0.2698,0.0,0.5,0.0,0.4219,-0.199,-0.565,1.0,0.0,0.0,0.0,0.0,2.045,1.1767824,0.0009559342288412,1.3471440657711589,9.69805453266936e-05
0.02536,0.2817,1.417,0.096,-1.7705,-0.2856,0.5527,1.0,1.0,-0.9536,-1.019,0.8306,0.0,-0.1638,1.139,-0.4854,-0.4722,0.377,0.767,1.7051,-0.5093,1.348,-1.065,-1.576,-0.8506,-0.8745,0.0,0.0,-0.8643,0.0,-0.2179,-0.1948,-0.4026,0.411,0.0,1.0,0.0,-0.1942,0.5703,0.1337,2.0,0.0,0.0,0.0,0.0,2.988,-0.5856616000000002,-0.0134437661617994,1.7185437661617995,-0.0013638843910802583
0.1703,-0.12335,1.263,0.09296,-1.059,-0.4285,0.5527,0.0,1.0,-0.8643,-0.95,0.7803,0.0,-0.1633,0.846,-0.4795,-0.4846,-0.05103,0.765,-0.8929,-0.511,1.704,1.348,-1.065,-0.8516,-0.874,0.0,0.0,-0.864,0.0,-0.2225,-0.315,-0.3186,-0.2893,0.0,0.5,0.0,0.2524,0.2042,-0.2915,0.0,1.0,0.0,0.0,0.0,-1.999,-0.16549,0.0006550024845637,-0.8935550024845638,6.645069945903068e-05
0.2439,-0.3464,1.162,0.08936,5.805,-0.5713,0.5527,0.0,1.0,-0.804,-0.9004,0.7485,0.0,-0.163,0.517,-0.4731,-0.497,-0.2783,0.7593,-0.5739,-0.5093,-0.8926,1.704,1.348,-0.8525,-0.874,0.0,0.0,-0.8643,0.0,-0.2255,-0.3877,-0.268,-0.1471,0.0,0.0,0.0,0.4917,-0.04575,-0.5234,0.0,2.0,0.0,0.0,0.0,-1.045,1.0763279999999995,0.0281148888170719,-0.6020148888170719,0.0028522854052252327
0.2605,0.366,1.366,0.0885,-2.738,-0.4285,0.5527,1.0,1.0,-0.909,-1.012,0.8306,0.0,-0.1625,1.278,-0.469,-0.5073,0.4473,0.7593,1.5206,-0.509,-0.574,-0.8926,1.704,-0.8525,-0.8735,0.0,0.0,-0.864,0.0,-0.2185,-0.00908,-0.535,0.3254,1.0,0.0,0.5,-0.12213,0.571,0.1255,1.0,0.0,0.0,0.0,0.0,2.355,-0.137852,0.0250521227717399,1.49554787722826,0.002541564528910927
0.1866,0.1665,1.307,0.08923,-0.3433,-0.2856,0.5527,1.0,1.0,-0.8853,-0.9746,0.8145,0.0,-0.162,-0.11444,-0.467,-0.51,0.2664,0.764,-0.2789,-0.5137,1.52,-0.574,-0.8926,-0.8516,-0.873,0.0,0.0,-0.8643,0.0,-0.22,0.207,-0.69,-0.02443,0.0,-0.5,0.5,0.0302,0.4155,0.03717,0.0,1.0,0.0,0.0,0.0,-0.1687,0.3437176,0.0733967572450637,-0.3522967572450638,0.007446179170156779
0.2063,0.3247,1.356,0.09015,0.8154,-0.1428,0.5527,1.0,1.0,-0.9087,-1.002,0.84,0.0,-0.1616,0.2886,-0.4666,-0.5103,0.4333,0.77,0.4505,-0.5146,-0.279,1.52,-0.574,-0.8496,-0.873,0.0,0.0,-0.8643,0.0,-0.2179,0.2336,-0.708,0.0911,0.0,-0.5,0.5,-0.1407,0.542,0.2644,1.0,0.0,0.0,0.0,0.0,0.635,0.7019280000000001,0.0092102009803056,0.4412897990196943,0.0009343846958187177
0.1885,0.804,1.505,0.0914,1.3955,0.0,0.5527,1.0,1.0,-0.983,-1.075,0.887,1.0,-0.171,0.1022,-0.467,-0.5103,0.905,0.764,1.1101,-0.51,0.4502,-0.279,1.52,-0.848,-0.8726,0.0,0.0,-0.8643,0.0,-0.2125,0.2761,-0.736,0.2289,1.0,0.0,0.5,-0.512,0.9365,0.737,2.0,0.0,1.0,0.0,6.81,1.572,-0.2706176000000001,-0.0033369888551533,1.1134369888551534,-0.0003385410723436145
0.2238,0.553,1.419,0.0908,-0.1692,0.0,0.5527,1.0,1.0,-0.9385,-1.036,0.8623,0.0,-0.1705,-0.0162,-0.4685,-0.5103,0.623,0.771,-0.4293,-0.508,1.11,0.4502,-0.279,-0.8477,-0.872,0.0,0.0,-0.8643,0.0,-0.215,0.0504,-0.5757,-0.1077,1.0,0.0,0.0,-0.2583,0.699,0.4998,0.0,1.0,0.0,0.0,0.0,-0.7153,0.0107806799999999,0.0329436659812927,-0.4622436659812927,0.0033421699898737982
0.2761,1.374,1.676,0.09247,1.515,0.0,0.5527,1.0,1.0,-1.054,-1.163,0.887,1.0,-0.171,1.407,-0.4695,-0.51,1.378,0.7153,1.7951,-0.492,-0.4292,1.11,0.4502,-0.8457,-0.8716,0.0,0.0,-0.8633,0.0,-0.2062,0.2966,-0.7476,0.6245,1.0,0.5,0.0,-0.7964,1.389,1.03,1.0,0.0,0.0,0.0,0.0,4.203,0.1369228,-0.0233908928930759,1.818490892893076,-0.0023730309889610827
0.2927,1.237,1.638,0.0937,0.03342,0.0,0.5527,1.0,1.0,-1.035,-1.147,0.881,0.0,-0.1705,-0.4675,-0.47,-0.5093,1.24,0.724,-0.1028999999999999,-0.4802,1.794,-0.4292,1.11,-0.8433,-0.871,0.0,0.0,-0.863,0.0,-0.2069,0.2524,-0.7163,-0.0238,1.0,0.0,-0.5,-0.6772,1.201,0.8135,0.0,1.0,0.0,0.0,0.0,-0.1516,-0.5842056000000002,0.0195403415709733,-0.1224403415709733,0.0019823884575406858
0.3008,0.8535,1.526,0.09503,-0.178,0.1428,0.5527,1.0,1.0,-0.9834,-1.095,0.848,0.0,-0.1702,-0.4534,-0.469,-0.5073,0.887,0.7295,-0.5683,-0.4783,-0.10297,1.794,-0.4292,-0.842,-0.8706,0.0,0.0,-0.8623,0.0,-0.2101,0.274,-0.733,-0.0924,0.0,-0.5,-0.5,-0.4065,0.832,0.5366,0.0,2.0,0.0,0.0,0.0,-0.591,0.1729039999999999,-0.0094519285485148,-0.5588480714514852,-0.0009589082149878571
0.2025,0.564,1.457,0.0981,-0.1974,0.2856,0.5527,1.0,1.0,-0.9585,-1.053,0.83,0.0,-0.1697,-0.579,-0.4634,-0.504,0.6255,0.74,-0.3156,-0.4783,-0.5684,-0.10297,1.794,-0.841,-0.87,0.0,0.0,-0.8613,0.0,-0.2119,0.535,-0.92,-0.0802,-1.0,-0.5,-0.5,-0.2489,0.603,0.3774,0.0,3.0,0.0,0.0,0.0,-0.522,1.0522200000000004,0.0053436825983226,-0.3209436825983226,0.0005421222891728649
0.1274,1.048,1.648,0.1044,0.934,0.4285,0.5527,1.0,1.0,-1.054,-1.139,0.887,1.0,-0.171,0.8013,-0.4475,-0.497,1.119,0.7417,1.3821,-0.469,-0.3154,-0.5684,-0.10297,-0.8394,-0.8696,0.0,0.0,-0.861,0.0,-0.205,0.9434,-1.208,0.2737,0.0,0.0,0.0,-0.711,1.082,0.7114,1.0,0.0,0.0,0.0,0.0,1.799,-1.158204,-0.0324643813073635,1.4145643813073634,-0.003293546049395461
0.4817,-0.2275,1.261,0.1057,-1.073,0.4285,0.5527,0.0,1.0,-0.838,-0.974,0.754,0.0,-0.1705,2.906,-0.4316,-0.488,-0.2063,0.7563,-2.2909,-0.469,1.381,-0.3154,-0.5684,-0.84,-0.8696,0.0,0.0,-0.8604,0.0,-0.2177,0.2515,-0.7197,-1.011,-1.0,-0.5,-0.5,0.3616,0.09375,-0.04062,0.0,1.0,0.0,0.0,0.0,-6.37,-0.5450460000000001,0.0572842955589294,-2.348184295558929,0.005811552776695624
0.477,-0.518,1.152,0.104,2.258,0.2856,0.5527,0.0,1.0,-0.781,-0.9146,0.721,0.0,-0.1702,0.5806,-0.4214,-0.4805,-0.514,0.759,-0.6034,-0.469,-2.291,1.381,-0.3154,-0.8403,-0.8696,0.0,0.0,-0.861,0.0,-0.221,-0.10406,-0.4673,-0.2333,-1.0,-0.5,-1.0,0.597,-0.1683,-0.2175,0.0,2.0,0.0,0.0,0.0,-1.584,0.8491359999999998,-0.001716527622193,-0.601683472377807,-0.0001741435549079641
0.4302,-0.02838,1.305,0.105,-1.064,0.4285,0.5527,1.0,1.0,-0.8647,-0.9937,0.783,0.0,-0.1697,1.058,-0.4138,-0.4734,-0.01633,0.7646,1.1741,-0.468,-0.603,-2.291,1.381,-0.8413,-0.8696,0.0,0.0,-0.8604,0.0,-0.2155,0.2428,-0.7124,0.319,0.0,-0.5,-0.5,0.1282,0.3616,0.11804,1.0,0.0,0.0,0.0,0.0,2.209,0.6229617599999998,-0.0292939022183418,1.2033939022183415,-0.002971897570113649
0.3535,0.2507,1.407,0.108,5.77,0.5713,0.5527,1.0,1.0,-0.9224,-1.04,0.8276,0.0,-0.1692,0.2078,-0.4082,-0.4648,0.2637,0.7773,0.8091,-0.4658,1.174,-0.603,-2.291,-0.8413,-0.8696,0.0,0.0,-0.86,0.0,-0.2114,0.4648,-0.869,0.0971,1.0,-0.5,0.0,-0.1998,0.624,0.3225,2.0,0.0,0.0,0.0,0.0,0.648,-1.61234,-0.0315792188048362,0.8406792188048363,-0.0032037453710560106
0.597,-0.742,1.083,0.1062,-3.06,0.4285,0.5527,0.0,1.0,-0.7324,-0.885,0.7153,0.0,-0.1688,2.703,-0.408,-0.4578,-0.7285,0.7773,-1.9989,-0.4717,0.8086,1.174,-0.603,-0.843,-0.8696,0.0,0.0,-0.86,0.0,-0.2223,-0.12067,-0.4558,-1.075,0.0,-0.5,-0.5,0.7803,-0.1625,-0.3235,0.0,1.0,0.0,0.0,0.0,-6.73,-1.0655160000000006,-0.0075729158706963,-1.991327084129304,-0.0007682803781841594
0.8965,-1.285,0.891,0.1032,1.013,0.2856,0.5527,0.0,1.0,-0.5957,-0.7935,0.65,0.0,-0.1683,2.568,-0.4124,-0.4531,-1.265,0.773,-1.2339,-0.4817,-1.998,0.8086,1.174,-0.844,-0.8696,0.0,0.0,-0.8594,0.0,-0.2285,-0.2578,-0.3606,-0.283,0.0,-1.0,-0.5,1.329,-0.6123,-0.7773,0.0,2.0,0.0,0.0,0.0,-1.965,-1.437824,-0.0046894107945263,-1.2292105892054737,-0.000475745718055664
1.433,-2.307,0.4944,0.09607,1.147,0.1428,0.5527,0.0,1.0,-0.2856,-0.562,0.508,0.0,-0.1678,2.906,-0.422,-0.4524,-2.123,0.759,-2.4299,-0.4612,-1.234,-1.998,0.8086,-0.8486,-0.87,0.0,0.0,-0.86,0.0,-0.242,-0.6343,-0.09766,-0.733,0.0,-1.0,-1.0,2.684,-1.737,-1.282,0.0,3.0,0.0,0.0,0.0,-5.293,0.7831119999999998,0.0005889740423299,-2.43048897404233,5.975204369202418e-05
1.324,-0.768,0.9595,0.09174,-0.6226,0.0,0.5527,0.0,1.0,-0.603,-0.871,0.6855,0.0,-0.1674,2.906,-0.4338,-0.454,-0.747,0.749,2.7441000000000004,-0.46,-2.428,-1.234,-1.998,-0.849,-0.87,1.0,-1.0,-0.86,0.0,-0.2256,-0.3206,-0.3142,0.8413,0.0,-0.5,-1.0,1.004,0.2045,-0.433,1.0,0.0,0.0,0.0,0.0,6.66,0.78778,-0.0262698680162429,2.7703698680162434,-0.002665106080534252
1.285,0.07886,1.197,0.09033,-1.185,0.0,0.5527,1.0,1.0,-0.74,-1.006,0.7803,0.0,-0.167,1.47,-0.447,-0.4573,0.10724,0.748,1.8281,-0.4617,2.744,-2.428,-1.234,-0.8486,-0.8696,0.0,0.0,-0.86,0.0,-0.2169,-0.071,-0.4885,0.4976,0.0,0.0,-0.5,0.229,0.929,0.03284,2.0,0.0,0.0,0.0,0.0,3.516,-0.1020239999999999,0.0161603819578886,1.811939618042112,0.001639487956052725
1.309,-0.0143,1.132,0.086,-0.488,0.0,0.5527,1.0,1.0,-0.7026,-0.9717,0.7627,0.0,-0.1665,1.497,-0.4575,-0.4624,0.012535,0.7407,-0.3241,-0.4666,1.827,2.744,-2.428,-0.849,-0.8696,0.0,0.0,-0.8594,0.0,-0.2186,-0.3164,-0.3142,-0.04733,0.0,-0.5,-1.0,0.413,0.773,-0.08997,0.0,1.0,0.0,0.0,0.0,-0.3164,-1.143072,0.0079293362796306,-0.3320293362796306,0.0008044396081616369
1.768,-0.753,0.864,0.0794,-11.64,-0.1428,0.5527,0.0,1.0,-0.5093,-0.8477,0.668,0.0,-0.166,2.525,-0.4646,-0.4692,-0.725,0.728,-1.7469,-0.4636,-0.324,1.827,2.744,-0.8506,-0.8696,0.0,0.0,-0.8594,0.0,-0.2277,-0.4734,-0.206,-0.4663,0.0,-0.5,-1.0,1.261,0.098,-0.5815,0.0,2.0,0.0,0.0,0.0,-3.15,0.2264879999999999,0.0078637711703777,-1.754763771170378,0.0007977879580188667
1.785,-0.6523,0.849,0.0737,-0.0264,-0.2856,0.5527,0.0,1.0,-0.4985,-0.84,0.668,0.0,-0.1656,-0.0858,-0.4688,-0.4763,-0.6724,0.7217,0.0001,-0.4614,-1.746,-0.324,1.827,-0.851,-0.87,0.0,0.0,-0.8594,0.0,-0.2278,-0.4187,-0.245,0.0,0.0,-0.5,-1.0,1.197,0.1292,-0.562,0.0,0.0,0.0,0.0,0.0,0.0,0.12392,-0.0098749995231628,0.0099749995231628,-0.0010018292158217698
1.783,-0.4094,0.8813,0.0689,-0.3213,-0.4285,0.5527,0.0,1.0,-0.5186,-0.86,0.6855,0.0,-0.1652,-0.09827,-0.4663,-0.483,-0.4448,0.7144,0.3465,-0.46,0.0,-1.746,-0.324,-0.8506,-0.87,0.0,0.0,-0.86,0.0,-0.2262,-0.3467,-0.2957,0.03265,0.0,-0.5,-0.5,0.9497,0.251,-0.4521,1.0,0.0,0.0,0.0,0.0,0.2333,0.3643439999999999,-0.0238889846950769,0.3703889846950769,-0.0024235629326067962
2.158,-1.102,0.617,0.0598,2.389,-0.5713,0.5527,0.0,1.0,-0.3157,-0.713,0.591,0.0,-0.1647,2.906,-0.4565,-0.4875,-1.216,0.7036,-1.8279,-0.4514,0.3462,0.0,-1.746,-0.85,-0.8706,0.0,0.0,-0.8604,0.0,-0.2351,-0.685,-0.05804,-0.2439,-1.0,-1.0,-1.0,1.716,-0.5435,-0.8413,0.0,1.0,0.0,0.0,0.0,-1.724,-1.2782719999999994,0.0066745798103511,-1.8345745798103512,0.0006771432283778168
2.305,-1.94,0.326,0.05164,1.011,-0.5713,0.5527,0.0,1.0,-0.0856,-0.4995,0.4841,0.0,-0.1643,2.348,-0.438,-0.486,-1.96,0.675,-2.1819,-0.4304,-1.827,0.3462,0.0,-0.852,-0.8706,0.0,0.0,-0.862,0.0,-0.2452,-0.6455,-0.0907,-0.61,-1.0,-1.0,-1.0,2.754,-1.343,-1.128,0.0,2.0,0.0,0.0,0.0,-4.57,-0.9814440000000004,0.0149135366082191,-2.196813536608219,0.0015129941677765367
2.545,-2.307,0.05386,0.04196,0.572,-0.5713,0.5527,0.0,1.0,0.1952,-0.302,0.3833,0.0,-0.1638,2.906,-0.4116,-0.4739,-2.123,0.6406,-2.2099,-0.4045,-2.18,-1.827,0.3462,-0.8564,-0.871,0.0,0.0,-0.8633,0.0,-0.255,-0.743,-0.02512,-0.707,-1.0,-1.0,-1.0,2.836,-2.066,-1.258,0.0,3.0,0.0,0.0,0.0,-5.688,0.8896799999999995,-0.0633296072483062,-2.146570392751693,-0.006424856084200675
2.545,-2.09,0.1555,0.0317,-0.11615,-0.7144,0.5527,0.0,1.0,0.08344,-0.3774,0.4248,0.0,-0.1633,0.11584,-0.38,-0.4536,-1.929,0.604,0.9776,-0.3933,-2.209,-2.18,-1.827,-0.86,-0.8716,0.0,0.0,-0.865,0.0,-0.2512,-0.796,0.014175,0.3413,0.0,-0.5,-1.0,2.836,-1.429,-0.976,1.0,0.0,0.0,0.0,0.0,2.95,1.3134800000000002,0.0031789033673703,0.9744210966326295,0.0003225031312898492
2.512,-1.292,0.3022,0.0217,-0.2913,-0.857,0.5527,0.0,1.0,-0.04974,-0.497,0.4841,0.0,-0.163,1.041,-0.3555,-0.433,-1.177,0.5845,1.3551,-0.3904,0.977,-2.209,-2.18,-0.8623,-0.8726,0.0,0.0,-0.8667,0.0,-0.2458,-0.758,-0.0104,0.4133,0.0,-0.5,-1.0,2.121,-0.6963,-0.7095,2.0,0.0,0.0,0.0,0.0,3.465,-0.073024,0.0162048414349555,1.3388951585650444,0.00164399841733845
2.19,-0.919,0.3555,0.015236,-0.1962,-0.857,0.5527,0.0,1.0,-0.1184,-0.5146,0.508,0.0,-0.1625,0.03958,-0.3315,-0.4102,-0.6685,0.5557,0.5201,-0.3909,1.3545,0.977,-2.209,-0.864,-0.873,0.0,0.0,-0.8677,0.0,-0.2438,-0.5293,-0.1727,0.1028,1.0,-0.5,-0.5,1.72,-0.3933,-0.582,3.0,0.0,0.0,0.0,0.0,0.8267,-0.8268,0.0195985045284032,0.5005014954715967,0.001988289151499728
2.188,-1.379,0.1925,0.00897,0.7207,-0.857,0.5527,0.0,1.0,0.01651,-0.3752,0.4485,0.0,-0.162,1.098,-0.315,-0.391,-1.162,0.545,-1.2789,-0.3977,0.52,1.3545,0.977,-0.866,-0.8735,0.0,0.0,-0.869,0.0,-0.2493,-0.519,-0.1823,-0.1005,1.0,-0.5,-0.5,2.137,-0.9565,-0.728,0.0,1.0,0.0,0.0,0.0,-0.7954,0.6793888000000001,-0.0080184675753116,-1.2708815324246885,-0.0008134820730091364
1.779,-0.7812,0.338,0.00789,-0.3586,-0.857,0.5527,0.0,1.0,-0.1373,-0.4663,0.508,0.0,-0.1616,1.004,-0.3047,-0.3772,-0.542,0.543,1.3331,-0.399,-1.279,0.52,1.3545,-0.867,-0.874,0.0,0.0,-0.87,0.0,-0.2439,-0.0945,-0.483,0.203,2.0,0.0,0.0,1.285,-0.3928,-0.4836,1.0,0.0,0.0,0.0,0.0,1.674,-0.4800399999999998,-0.007090572733432,1.340190572733432,-0.0007193461533440414
1.573,-0.883,0.2683,0.001643,0.288,-0.857,0.5527,0.0,1.0,-0.0969,-0.3906,0.4841,0.0,-0.1611,0.714,-0.2976,-0.3655,-0.678,0.532,-0.5116,-0.3982,1.332,-1.279,0.52,-0.867,-0.8745,0.0,0.0,-0.871,0.0,-0.2462,-0.646,-0.09033,-0.0895,1.0,0.0,-0.5,1.366,-0.6216,-0.5234,0.0,1.0,0.0,0.0,0.0,-0.7085,0.1926056,-0.0290807299315929,-0.4825192700684071,-0.002950271014652289
1.3955,-0.3342,0.351,-0.006264,-0.598,-1.0,0.5527,0.0,1.0,-0.1786,-0.4456,0.5195,0.0,-0.1606,0.6675,-0.2932,-0.3542,-0.09875,0.511,0.7804,-0.4062,-0.5117,1.332,-1.279,-0.8657,-0.875,0.0,0.0,-0.872,0.0,-0.243,-0.8657,0.06793,0.10004,1.0,0.0,-0.5,0.9683,-0.186,-0.3652,1.0,0.0,0.0,0.0,0.0,0.8047,1.5092319999999997,-0.0289540588855743,0.8093540588855743,-0.0029374201021633846
1.222,0.985,0.6465,-0.0108,-5.438,-1.0,0.5527,1.0,1.0,-0.411,-0.6562,0.638,0.0,-0.1602,2.3,-0.2952,-0.348,1.188,0.506,2.5401,-0.4226,0.78,-0.5117,1.332,-0.8633,-0.8755,0.0,0.0,-0.873,0.0,-0.2322,-0.4182,-0.2466,0.4893,1.0,0.5,0.0,-0.0596,0.8623,0.1191,2.0,0.0,0.0,0.0,0.0,3.842,0.2948880000000001,-0.0177355911582708,2.557835591158271,-0.0017992946066021827
0.913,1.235,0.695,-0.012344,0.3843,-0.857,0.5527,1.0,1.0,-0.4685,-0.665,0.662,0.0,-0.1598,-0.0816,-0.3022,-0.3457,1.444,0.505,0.4705999999999999,-0.4263,2.537,0.78,-0.5117,-0.8613,-0.876,0.0,0.0,-0.873,0.0,-0.2301,-0.1113,-0.4646,0.11945,2.0,1.0,0.5,-0.171,1.011,0.2318,3.0,0.0,0.0,0.0,0.0,0.869,-1.3530712,0.0135592985898256,0.4570407014101743,0.001375605278914226
1.561,-0.2449,0.289,-0.01767,-1.068,-0.857,0.5527,0.0,1.0,-0.11523,-0.4075,0.508,0.0,-0.1593,2.906,-0.3164,-0.3464,-0.1315,0.5024,-2.4299,-0.4268,0.4702,2.537,0.78,-0.8613,-0.8765,0.0,0.0,-0.8735,0.0,-0.2446,-0.4731,-0.2128,-0.9165,1.0,1.0,0.5,1.3545,-0.1628,-0.3677,0.0,1.0,0.0,0.0,0.0,-6.574,-0.0973239999999999,-0.0077004884369671,-2.422199511563033,-0.000781222750862524
1.786,-0.6357,0.1444,-0.02469,2.686,-0.857,0.5527,0.0,1.0,0.02649,-0.2983,0.4546,0.0,-0.1588,1.422,-0.3372,-0.348,-0.6147,0.4954,-1.1509,-0.4238,-2.428,0.4702,2.537,-0.8613,-0.878,0.0,0.0,-0.874,0.0,-0.2496,-0.621,-0.1094,-0.1907,1.0,0.5,0.0,1.771,-0.6396,-0.5664,0.0,2.0,0.0,0.0,0.0,-1.509,0.5520600000000001,-0.0366226620972156,-1.1142773379027844,-0.0037154080629674866
1.534,-0.1262,0.2421,-0.02824,-0.8486,-0.857,0.5527,0.0,1.0,-0.0781,-0.3647,0.496,0.0,-0.1584,1.671,-0.365,-0.3508,-0.1103,0.4885,0.9291,-0.4272,-1.151,-2.428,0.4702,-0.862,-0.8784,0.0,0.0,-0.8745,0.0,-0.246,-0.3232,-0.32,0.1707,1.0,0.5,0.5,1.191,-0.2198,-0.3672,1.0,0.0,0.0,0.0,0.0,1.401,0.0799279999999999,-0.0027273264713585,0.9318273264713586,-0.00027669017438250215
1.309,0.8525,0.489,-0.02655,-14.766,-0.7144,0.5527,1.0,1.0,-0.2915,-0.5474,0.5967,0.0,-0.158,0.877,-0.3945,-0.3577,0.9204,0.491,2.1931000000000003,-0.4436,0.9287,-1.151,-2.428,-0.8604,-0.8794,0.0,0.0,-0.8755,0.0,-0.2367,0.179,-0.6743,0.291,1.0,0.5,1.0,0.2427,0.6934,0.10626,2.0,0.0,1.0,0.0,9.375,2.322,0.1316816,0.0183084197342395,2.1747915802657607,0.001857408675541319
1.084,0.8555,0.5234,-0.02179,0.1367,-0.5713,0.5527,1.0,1.0,-0.335,-0.555,0.6147,0.0,-0.1575,1.153,-0.423,-0.3687,0.9556,0.5044,0.3621,-0.4595,2.191,0.9287,-1.151,-0.8594,-0.88,0.0,0.0,-0.876,0.0,-0.2351,0.5244,-0.9204,0.05457,1.0,1.0,1.5,0.1015,0.7754,0.264,3.0,0.0,0.0,0.0,0.0,0.4075,1.77364,-0.0002905227593146,0.3623905227593146,-2.9473843260430115e-05
1.054,2.156,0.9004,-0.01441,1.634,-0.4285,0.5527,1.0,1.0,-0.589,-0.812,0.7686,0.0,-0.1571,2.582,-0.4429,-0.3833,2.002,0.539,2.7441000000000004,-0.4463,0.3618,2.191,0.9287,-0.858,-0.88,0.0,0.0,-0.8755,0.0,-0.221,0.7134,-1.049,0.902,2.0,1.0,1.5,-0.9146,1.923,0.923,4.0,0.0,0.0,0.0,0.0,6.66,-0.7496239999999998,-0.0143000595271587,2.758400059527159,-0.001450756264716211
1.105,1.492,0.766,-0.00982,-0.1885,-0.2856,0.5527,1.0,1.0,-0.5,-0.729,0.721,0.0,-0.1566,0.7207,-0.4539,-0.4006,1.466,0.5566,-0.8699,-0.4407,2.744,0.3618,2.191,-0.8574,-0.88,0.0,0.0,-0.8755,0.0,-0.2255,0.47,-0.877,-0.11,2.0,1.0,1.0,-0.4192,1.48,0.6587,0.0,1.0,0.0,0.0,0.0,-0.74,0.162248,0.0075903390534222,-0.8774903390534222,0.0007700479786226672
1.087,1.434,0.7817,-0.00555,0.09344,-0.1428,0.5527,1.0,1.0,-0.5117,-0.738,0.733,0.0,-0.1561,-0.1301,-0.4487,-0.4204,1.427,0.571,0.2236999999999999,-0.4358,-0.87,2.744,0.3618,-0.855,-0.88,0.0,0.0,-0.875,0.0,-0.2245,0.449,-0.8613,0.0318,2.0,1.0,1.0,-0.4556,1.41,0.6733,1.0,0.0,0.0,0.0,0.0,0.22,0.078908,0.0043143392540514,0.2193856607459485,0.00043769431092499476
1.108,0.832,0.6646,-0.0006933,-0.291,0.0,0.5527,1.0,1.0,-0.4321,-0.6597,0.6914,0.0,-0.1558,-0.10236,-0.4385,-0.4421,0.9253,0.579,-0.7772,-0.43,0.2236,-0.87,2.744,-0.852,-0.8804,0.0,0.0,-0.875,0.0,-0.2284,0.5034,-0.9023,-0.0871,1.0,0.5,1.0,-0.0702,0.996,0.4502,0.0,1.0,0.0,0.0,0.0,-0.5986,-0.1197576,0.0013432982377707,-0.7785432982377708,0.00013627903647022783
1.106,0.6406,0.6377,0.002556,-0.09015,0.1428,0.5527,1.0,1.0,-0.414,-0.6406,0.6855,0.0,-0.1553,0.476,-0.4263,-0.459,0.7627,0.5894,-0.11373,-0.427,-0.777,0.2236,-0.87,-0.85,-0.8804,0.0,0.0,-0.874,0.0,-0.229,0.3713,-0.808,-0.01281,0.0,0.0,0.5,0.01504,0.872,0.374,0.0,2.0,0.0,0.0,0.0,-0.0902,-0.8687760000000001,-0.020160187035799,-0.0935698129642009,-0.002045272439914603
1.326,-0.04398,0.479,0.00501,-0.88,0.2856,0.5527,1.0,1.0,-0.2827,-0.541,0.6265,0.0,-0.1548,2.03,-0.412,-0.4675,0.07007,0.6,-1.1429,-0.4377,-0.1138,-0.777,0.2236,-0.85,-0.8804,0.0,0.0,-0.873,0.0,-0.2346,0.2627,-0.733,-0.1357,-1.0,0.0,0.5,0.561,0.3909,0.096,0.0,3.0,0.0,0.0,0.0,-0.9595,-0.3372680000000001,0.0040152459405362,-1.1469152459405365,0.0004073509758155974
1.513,-0.7646,0.2927,0.004814,-14.766,0.2856,0.5527,0.0,1.0,-0.122,-0.4062,0.555,0.0,-0.1544,1.246,-0.4016,-0.4675,-0.661,0.604,-1.4219,-0.446,-1.142,-0.1138,-0.777,-0.8506,-0.8804,0.0,0.0,-0.8726,0.0,-0.2413,-0.008705,-0.5425,-0.1938,-1.0,0.0,0.0,1.132,-0.2551,-0.2527,0.0,4.0,0.0,0.0,0.0,-1.421,-0.04576,0.0044453176669776,-1.4263453176669776,0.0004509822103728529
1.448,-0.8716,0.2396,0.001056,0.3008,0.1428,0.5527,0.0,1.0,-0.08295,-0.3555,0.5376,0.0,-0.1539,1.275,-0.3965,-0.465,-0.803,0.6006,-0.3717,-0.449,-1.421,-1.142,-0.1138,-0.853,-0.881,0.0,0.0,-0.8726,0.0,-0.243,-0.3682,-0.2864,-0.06046,-2.0,-0.5,-0.5,1.233,-0.3584,-0.3528,0.0,5.0,0.0,0.0,0.0,-0.4636,-1.2120680000000004,0.0148170161992311,-0.3865170161992312,0.0015032020695166398
1.746,-1.61,0.01181,-0.005478,1.132,0.0,0.5527,0.0,1.0,0.1456,-0.1691,0.4485,0.0,-0.1534,1.433,-0.3967,-0.4624,-1.566,0.589,-1.8819,-0.4443,-0.3718,-1.421,-1.142,-0.856,-0.882,0.0,0.0,-0.8726,0.0,-0.2515,-0.6304,-0.1029,-0.248,-2.0,-1.0,-1.0,1.967,-1.206,-0.74,0.0,5.0,0.0,0.0,0.0,-1.925,1.863288,-0.0013534841127693,-1.8805465158872303,-0.0001373124043340308
1.317,-0.366,0.325,-0.00488,-0.7363,0.0,0.5527,0.0,1.0,-0.164,-0.4175,0.579,0.0,-0.1531,2.436,-0.3994,-0.4595,-0.3225,0.593,2.7441000000000004,-0.4512,-1.881,-0.3718,-1.421,-0.858,-0.882,0.0,0.0,-0.872,0.0,-0.2394,0.0892,-0.6113,0.4038,-1.0,-1.0,-0.5,0.6836,0.2194,-0.1736,1.0,0.0,0.0,0.0,0.0,3.33,0.301752,-0.0005271215341053,2.744627121534106,-5.347704087648845e-05
1.163,0.0889,0.4602,-0.001463,-1.574,0.1428,0.5527,1.0,1.0,-0.2817,-0.513,0.638,0.0,-0.1526,0.527,-0.405,-0.455,0.1322,0.6055,1.2211,-0.4534,2.744,-1.881,-0.3718,-0.8584,-0.8823,0.0,0.0,-0.8716,0.0,-0.234,0.3767,-0.814,0.1293,0.0,-1.0,0.0,0.1942,0.7266,0.0847,2.0,0.0,0.0,0.0,0.0,0.9766,0.5797719999999997,0.0099588818848133,1.2111411181151868,0.0010103391707231837
1.006,0.4702,0.5806,0.00227,2.527,0.2856,0.5527,1.0,1.0,-0.382,-0.591,0.6914,0.0,-0.1521,0.47,-0.415,-0.4497,0.4885,0.6216,1.0591,-0.4558,1.221,2.744,-1.881,-0.8584,-0.8823,0.0,0.0,-0.8706,0.0,-0.229,0.4001,-0.8286,0.03677,1.0,-0.5,0.0,-0.2351,1.04,0.3037,3.0,0.0,0.0,0.0,0.0,0.2676,-0.320326,-0.0181511379778385,1.0772511379778384,-0.0018414522738920136
0.923,0.349,0.554,0.00316,-0.1012,0.2856,0.5527,1.0,1.0,-0.3699,-0.5645,0.6855,0.0,-0.1516,0.476,-0.43,-0.4456,0.3308,0.632,-0.11373,-0.457,1.058,1.221,2.744,-0.8574,-0.8823,0.0,0.0,-0.87,0.0,-0.2297,0.1582,-0.6562,-0.02115,1.0,-1.0,-0.5,-0.135,0.911,0.2358,0.0,1.0,0.0,0.0,0.0,-0.1489,0.1935479999999999,-0.0016702534630894,-0.1120597465369105,-0.00016944899219747158
0.8823,0.4048,0.5703,0.003786,0.2715,0.2856,0.5527,1.0,1.0,-0.3848,-0.573,0.6973,0.0,-0.1512,0.749,-0.4465,-0.4426,0.3835,0.6377,0.2286,-0.4548,-0.1138,1.058,1.221,-0.856,-0.882,0.0,0.0,-0.87,0.0,-0.2288,0.1432,-0.645,0.03583,2.0,-0.5,-0.5,-0.3047,0.789,0.274,1.0,0.0,0.0,0.0,0.0,0.2532,0.2075279999999999,0.0261638201773166,0.2024361798226833,0.002654347414362985
0.707,1.144,0.7446,0.002342,1.758,0.2856,0.5527,1.0,1.0,-0.518,-0.6816,0.7744,0.0,-0.1508,0.3884,-0.449,-0.44,0.9746,0.652,1.4751,-0.4468,0.2284,-0.1138,1.058,-0.8535,-0.881,0.0,0.0,-0.8696,0.0,-0.2218,-0.0756,-0.4856,0.554,2.0,0.0,-0.5,-0.7705,1.301,0.586,2.0,0.0,1.0,0.0,7.664,3.889,0.1722679999999999,-0.0105152651667594,1.4856152651667596,-0.0010667848470739484
0.699,1.157,0.7456,0.002308,0.1448,0.2856,0.5527,1.0,1.0,-0.519,-0.6816,0.7803,0.0,-0.1503,0.6543,-0.449,-0.4392,1.004,0.655,0.1085,-0.4443,1.474,0.2284,-0.1138,-0.8496,-0.88,0.0,0.0,-0.8687,0.0,-0.2214,0.10675,-0.615,0.01752,2.0,0.5,0.0,-0.7134,1.223,0.5386,3.0,0.0,0.0,0.0,0.0,0.1175,0.2232547999999999,-0.004914924968034,0.113414924968034,-0.0004986243710694672
0.7173,1.437,0.8174,0.002806,0.3745,0.2856,0.5527,1.0,1.0,-0.564,-0.731,0.816,0.0,-0.1499,0.6167,-0.4473,-0.4417,1.292,0.659,0.6485,-0.4478,0.1084,1.474,0.2284,-0.847,-0.879,0.0,0.0,-0.867,0.0,-0.2181,0.1772,-0.664,0.1068,2.0,1.0,0.0,-0.863,1.349,0.636,4.0,0.0,0.0,0.0,0.0,0.714,-0.9937639999999996,0.0186709128320217,0.6298290871679783,0.001894183986268183
1.162,0.5063,0.5757,0.002108,-0.5215,0.2856,0.5527,1.0,1.0,-0.3665,-0.6006,0.721,0.0,-0.1494,1.846,-0.4468,-0.4485,0.403,0.6587,-1.6939,-0.4568,0.648,0.1084,1.474,-0.846,-0.8784,0.0,0.0,-0.866,0.0,-0.2272,-0.00469,-0.538,-0.4412,2.0,1.0,0.0,0.002932,0.6553,0.1543,0.0,1.0,0.0,1.0,-5.297,-2.89,-0.4658844,0.0315331295132637,-1.7254331295132637,0.0031990695633533827
1.103,0.3762,0.5356,0.001298,-0.10333,0.2856,0.5527,1.0,1.0,-0.3423,-0.566,0.7095,0.0,-0.1489,-0.3975,-0.4463,-0.4587,0.2773,0.66,-0.2235,-0.4583,-1.693,0.648,0.1084,-0.846,-0.878,0.0,0.0,-0.8657,0.0,-0.2283,-0.02324,-0.5254,-0.010666,1.0,1.0,0.0,0.0866,0.4766,0.0683,0.0,2.0,0.0,0.0,0.0,-0.0738,-0.26899944,-0.0629870742559433,-0.1605129257440567,-0.0063901057474206975
0.994,0.1609,0.4822,0.001661,-0.3694,0.2856,0.5527,1.0,1.0,-0.3118,-0.5166,0.6914,0.0,-0.1486,0.1837,-0.445,-0.4695,0.08875,0.6626,-0.3379,-0.4597,-0.2236,-1.693,0.648,-0.846,-0.8774,0.0,0.0,-0.865,0.0,-0.23,0.1134,-0.624,-0.03268,0.0,0.5,0.0,0.1997,0.2566,-0.04147,0.0,3.0,0.0,0.0,0.0,-0.2278,-0.6778280000000002,-0.0247528534382581,-0.3131471465617418,-0.0025112033363885043
1.021,-0.403,0.3447,0.00259,-2.355,0.2856,0.5527,0.0,1.0,-0.2035,-0.4094,0.638,0.0,-0.1481,0.2311,-0.4436,-0.4744,-0.4648,0.6685,-1.0239,-0.463,-0.3376,-0.2236,-1.693,-0.8467,-0.877,0.0,0.0,-0.8657,0.0,-0.235,0.1772,-0.6714,-0.0975,-1.0,0.0,0.0,0.676,-0.1437,-0.2876,0.0,4.0,0.0,0.0,0.0,-0.6865,0.367764,-0.0422271825373172,-0.9816728174626828,-0.004283992628910408
0.913,-0.2615,0.3918,0.00459,-0.3374,0.2856,0.5527,0.0,1.0,-0.2494,-0.4387,0.662,0.0,-0.1476,0.2097,-0.4429,-0.4766,-0.328,0.6772,0.4705999999999999,-0.4639,-1.024,-0.3376,-0.2236,-0.848,-0.8765,0.0,0.0,-0.866,0.0,-0.2329,0.3093,-0.765,0.04034,-1.0,0.0,0.5,0.3894,0.009926,-0.1466,1.0,0.0,0.0,0.0,0.0,0.2937,0.5142679999999998,-0.0011975136585533,0.4717975136585533,-0.00012148903568757497
0.814,-0.0932,0.4666,0.00979,-0.8647,0.2856,0.5527,0.0,1.0,-0.3145,-0.4895,0.6973,0.0,-0.1472,0.4639,-0.4458,-0.4753,-0.1378,0.6924,0.6954,-0.4653,0.4702,-1.024,-0.3376,-0.8486,-0.876,0.0,0.0,-0.866,0.0,-0.2296,0.783,-1.102,0.05984,0.0,0.5,1.0,0.01084,0.199,0.05475,2.0,0.0,0.0,0.0,0.0,0.429,0.382208,-0.134085863828659,0.8294858638286591,-0.013603153650505292
0.6772,-0.1719,0.4568,0.01163,7.215,0.2856,0.5527,0.0,1.0,-0.318,-0.4707,0.6973,0.0,-0.1467,0.749,-0.4487,-0.4727,-0.2544,0.705,0.0001,-0.465,0.695,0.4702,-1.024,-0.85,-0.876,0.0,0.0,-0.866,0.0,-0.2297,0.4355,-0.8535,0.0,0.0,0.0,0.5,-0.02765,0.1176,0.05295,0.0,0.0,0.0,0.0,0.0,0.0,-0.4105199999999999,-0.0190696083009243,0.0191696083009243,-0.0019346320660909206
0.8667,-0.518,0.3638,0.01111,4.215,0.1428,0.5527,0.0,1.0,-0.231,-0.412,0.662,0.0,-0.1462,2.248,-0.453,-0.471,-0.5615,0.703,-0.6806,-0.4653,0.0,0.695,0.4702,-0.8506,-0.876,0.0,0.0,-0.866,0.0,-0.2332,0.01697,-0.556,-0.145,0.0,-0.5,0.0,0.2488,-0.202,-0.1327,0.0,1.0,0.0,0.0,0.0,-1.018,0.0427639999999999,-0.0441268868744373,-0.6364731131255627,-0.004476719656581259
0.8784,-0.499,0.3552,0.009224,0.0865,0.0,0.5527,0.0,1.0,-0.2233,-0.406,0.662,0.0,-0.1459,0.6465,-0.4558,-0.4697,-0.549,0.7017,0.0001,-0.4658,-0.68,0.0,0.695,-0.851,-0.8755,0.0,0.0,-0.866,0.0,-0.2332,-0.252,-0.3643,0.0,0.0,-1.0,-0.5,0.2322,-0.1967,-0.1425,0.0,0.0,0.0,0.0,0.0,0.0,0.1138548,-0.0578194297850132,0.0579194297850132,-0.005865842713704676
0.832,-0.4836,0.347,0.007523,0.09406,-0.1428,0.5527,0.0,1.0,-0.2205,-0.3955,0.662,0.0,-0.1454,-0.0816,-0.459,-0.4695,-0.5376,0.7007,0.0001,-0.4714,0.0,-0.68,0.0,-0.8516,-0.875,0.0,0.0,-0.8657,0.0,-0.2333,-0.2224,-0.3855,0.0,-1.0,-1.5,-0.5,0.2108,-0.1986,-0.1743,0.0,0.0,0.0,0.0,0.0,0.0,0.2298947999999999,-0.0368744097650051,0.0369744097650051,-0.003740948131907737
0.6987,-0.3577,0.367,0.005836,-0.2012,-0.2856,0.5527,0.0,1.0,-0.2468,-0.4006,0.674,0.0,-0.1449,-0.6685,-0.463,-0.471,-0.437,0.7017,0.2319,-0.4802,0.0,0.0,-0.68,-0.851,-0.8745,0.0,0.0,-0.865,0.0,-0.2322,-0.2224,-0.385,0.005306,-1.0,-1.0,-0.5,0.0456,-0.162,-0.1482,1.0,0.0,0.0,0.0,0.0,0.03806,-0.2863040000000001,-0.0119767691940069,0.2438767691940069,-0.0012150559867437122
0.5845,-0.6016,0.2756,0.001279,1.076,-0.4285,0.5527,0.0,1.0,-0.1823,-0.3152,0.638,0.0,-0.1444,-0.06445,-0.4668,-0.4783,-0.5825,0.681,-0.6903,-0.51,0.2317,0.0,0.0,-0.8516,-0.8745,0.0,0.0,-0.8647,0.0,-0.2355,-0.914,0.10724,-0.02858,-1.0,-1.0,-1.0,0.3582,-0.4236,-0.5503,0.0,1.0,0.0,0.0,0.0,-0.2034,0.1209279999999999,0.0503554008901119,-0.740655400890112,0.005108609035150024
0.5293,-0.3008,0.3232,-0.002907,-0.4844,-0.5713,0.5527,0.0,1.0,-0.2256,-0.3508,0.662,0.0,-0.144,0.501,-0.4702,-0.487,-0.2832,0.6724,0.4705999999999999,-0.518,-0.69,0.2317,0.0,-0.852,-0.874,0.0,0.0,-0.8643,0.0,-0.2333,-0.774,0.0081,0.02144,0.0,-0.5,-1.0,0.1311,-0.2125,-0.4146,1.0,0.0,0.0,0.0,0.0,0.1559,0.2524879999999999,0.0156659930944442,0.4549340069055557,0.0015893316794662036
0.4146,-0.04117,0.3562,-0.007595,-1.131,-0.5713,0.5527,1.0,1.0,-0.2612,-0.3687,0.6797,0.0,-0.1436,-0.3823,-0.4705,-0.4949,0.00333,0.6597,0.3478,-0.52,0.4702,-0.69,0.2317,-0.852,-0.8745,0.0,0.0,-0.8643,0.0,-0.2317,-0.914,0.10895,0.0183,1.0,0.0,-1.0,-0.0875,-0.144,-0.2678,2.0,0.0,0.0,0.0,0.0,0.1312,0.0257444,-0.016309130936861,0.364109130936861,-0.0016545786983468045
0.09283,0.768,0.5547,-0.007603,18.77,-0.5713,0.5527,1.0,1.0,-0.4368,-0.4963,0.7686,0.0,-0.1431,1.214,-0.4717,-0.5005,0.791,0.6646,1.7201,-0.516,0.3474,0.4702,-0.69,-0.851,-0.8745,0.0,0.0,-0.864,0.0,-0.2235,0.1953,-0.679,0.183,2.0,0.0,-0.5,-0.6567,0.601,0.545,3.0,0.0,0.0,0.0,0.0,1.298,0.4116599999999999,-0.0030542989261448,1.7231542989261448,-0.00030986187805757867
0.1327,1.139,0.655,-0.00613,0.6,-0.5713,0.5527,1.0,1.0,-0.504,-0.5723,0.816,0.0,-0.1427,0.6167,-0.4746,-0.5044,1.101,0.678,0.8701,-0.508,1.719,0.3474,0.4702,-0.849,-0.874,0.0,0.0,-0.8633,0.0,-0.2192,0.4983,-0.8936,0.1261,2.0,0.0,0.0,-0.8857,0.89,0.814,4.0,0.0,0.0,0.0,0.0,0.849,0.3157144,0.0121716931462287,0.8579283068537712,0.0012348312292377696
0.1213,1.151,0.6714,-0.003925,0.1445,-0.5713,0.5527,1.0,1.0,-0.516,-0.583,0.8276,0.0,-0.1422,0.07556,-0.4778,-0.5083,1.155,0.6836,0.2118999999999999,-0.499,0.87,1.719,0.3474,-0.847,-0.8735,0.0,0.0,-0.863,0.0,-0.2181,0.675,-1.019,0.01259,3.0,0.5,0.5,-0.91,0.832,0.761,5.0,0.0,0.0,0.0,0.0,0.0825,0.1171799999999999,0.0193584561347961,0.1925415438652038,0.0019639359863818373
0.05206,1.168,0.7007,0.0,0.1478,-0.4285,0.5527,1.0,1.0,-0.5415,-0.5977,0.8457,0.0,-0.1417,-0.4612,-0.4792,-0.51,1.21,0.6943,0.3157999999999999,-0.4915,0.2117,0.87,1.719,-0.8457,-0.8735,0.0,0.0,-0.8623,0.0,-0.2166,1.195,-1.39,0.02069,3.0,1.0,1.0,-0.9424,0.8496,0.788,5.92,0.0,0.0,0.0,0.0,0.1346,0.298776,-0.0229717213660478,0.3387717213660478,-0.002330505591240063
0.03598,1.189,0.73,0.003786,0.151,-0.2856,0.5527,1.0,1.0,-0.562,-0.616,0.8633,0.0,-0.1414,0.04996,-0.4775,-0.5093,1.246,0.707,0.3126,-0.4827,0.3154,0.2117,0.87,-0.8433,-0.8726,0.0,0.0,-0.8623,0.0,-0.215,1.18,-1.378,0.022,3.0,1.5,1.0,-0.9814,0.8525,0.797,5.92,0.0,0.0,0.0,0.0,0.1418,-0.5468079999999997,0.00476088328287,0.3078391167171299,0.00048299667809695274
0.1859,0.671,0.609,0.005436,-0.3025,-0.1428,0.5527,1.0,1.0,-0.468,-0.544,0.816,0.0,-0.1409,1.682,-0.472,-0.5073,0.687,0.72,-0.8249,-0.4827,0.3125,0.3154,0.2117,-0.8413,-0.872,0.0,0.0,-0.8623,0.0,-0.2195,0.63,-0.9873,-0.1176,2.0,1.5,0.5,-0.5303,0.4685,0.4966,0.0,1.0,0.0,0.0,0.0,-0.7505,-0.178016,-0.0148720331490039,-0.810027966850996,-0.001508783597649224
0.11224,0.49,0.5703,0.00679,-0.12366,0.0,0.5527,1.0,1.0,-0.4468,-0.51,0.804,0.0,-0.1404,-0.711,-0.4666,-0.505,0.5254,0.7256,-0.2117,-0.4795,-0.825,0.3125,0.3154,-0.84,-0.871,0.0,0.0,-0.862,0.0,-0.2206,0.5366,-0.9214,-0.01554,1.0,1.0,0.5,-0.414,0.3,0.3794,0.0,2.0,0.0,0.0,0.0,-0.1018,0.7618440000000001,0.0041748057119548,-0.2158748057119548,0.0004235384845139066
0.00498,0.792,0.668,0.01027,0.698,0.1428,0.5527,1.0,1.0,-0.523,-0.571,0.8516,0.0,-0.14,1.103,-0.4517,-0.4978,0.7046,0.752,0.8531,-0.4727,-0.2117,-0.825,0.3125,-0.8394,-0.87,0.0,0.0,-0.8613,0.0,-0.2163,0.992,-1.244,0.1061,1.0,1.5,1.0,-0.652,0.633,0.581,1.0,0.0,0.0,0.0,0.0,0.6997,-0.2326600000000001,-0.0276602935045957,0.8807602935045957,-0.0028061662267537773
-0.005444,0.4663,0.6025,0.013176,-0.265,0.2856,0.5527,1.0,1.0,-0.4788,-0.5234,0.8276,0.0,-0.1395,-0.189,-0.435,-0.4897,0.3677,0.7656,-0.4152,-0.4695,0.8525,-0.2117,-0.825,-0.839,-0.8696,0.0,0.0,-0.861,0.0,-0.2185,0.8003,-1.108,-0.03464,0.0,1.0,1.0,-0.402,0.4158,0.3918,0.0,1.0,0.0,0.0,0.0,-0.2225,0.1846727999999999,0.0005176100530661,-0.4157176100530662,5.251209099791332e-05
0.069,0.2588,0.565,0.01584,-0.2715,0.4285,0.5527,1.0,1.0,-0.446,-0.502,0.816,0.0,-0.139,0.6167,-0.418,-0.4807,0.1444,0.779,-0.2103,-0.472,-0.4153,0.8525,-0.2117,-0.8394,-0.869,0.0,0.0,-0.86,0.0,-0.2197,0.713,-1.047,-0.03014,-1.0,0.5,1.0,-0.2727,0.2798,0.2837,0.0,2.0,0.0,0.0,0.0,-0.1962,1.1419147999999997,-0.0192079972475767,-0.1910920027524233,-0.0019486717720755109
0.155,1.041,0.7954,0.02077,2.592,0.5713,0.5527,1.0,1.0,-0.595,-0.67,0.887,1.0,-0.171,1.517,-0.4001,-0.47,0.939,0.7607,1.9061,-0.4634,-0.2103,-0.4153,0.8525,-0.8384,-0.8687,0.0,0.0,-0.859,0.0,-0.21,0.967,-1.224,0.3708,0.0,0.5,1.0,-0.883,1.031,0.7534,1.0,0.0,0.0,0.0,0.0,2.43,-0.2489108,0.0254843588918447,1.8806156411081552,0.0025854153435098267
0.2052,0.851,0.7827,0.02664,-0.0478,0.7144,0.5527,1.0,1.0,-0.583,-0.666,0.887,1.0,-0.171,0.3862,-0.3853,-0.4585,0.8174,0.7734,0.0001,-0.4553,1.905,-0.2103,-0.4153,-0.8374,-0.868,0.0,0.0,-0.8584,0.0,-0.2101,1.21,-1.396,0.0,0.0,0.0,1.0,-0.8057,0.9033,0.6436,0.0,0.0,0.0,0.0,0.0,0.0,0.805128,-0.0230880118906497,0.0231880118906497,-0.0023423033887788026
0.2942,1.248,0.9297,0.03357,0.588,0.857,0.5527,1.0,1.0,-0.6675,-0.7676,0.887,1.0,-0.171,2.143,-0.366,-0.4417,1.112,0.7427,1.1991,-0.441,0.0,1.905,-0.2103,-0.836,-0.867,0.0,0.0,-0.857,0.0,-0.2037,1.289,-1.45,0.5396,0.0,0.0,1.0,-1.11,1.3,0.8203,1.0,0.0,0.0,0.0,0.0,3.338,0.326224,0.0027965535409748,1.1963034464590252,0.0002837133343031341
0.4053,1.227,0.9683,0.04062,0.11646,0.857,0.5527,1.0,1.0,-0.6816,-0.801,0.887,1.0,-0.171,1.1455,-0.3538,-0.4253,1.162,0.7373,0.3853999999999999,-0.4302,1.199,0.0,1.905,-0.8335,-0.8667,0.0,0.0,-0.8555,0.0,-0.2017,1.298,-1.45,0.065,1.0,0.0,1.0,-1.184,1.255,0.781,2.0,0.0,0.0,0.0,0.0,0.3877,0.0196119999999999,0.0926642566919326,0.2927357433080673,0.009400887503704191
0.3174,1.156,0.979,0.04553,0.076,0.857,0.5527,1.0,1.0,-0.695,-0.8,0.887,1.0,-0.171,-0.05746,-0.3423,-0.4087,1.071,0.7466,0.1905,-0.4226,0.3853,1.199,0.0,-0.8315,-0.8657,0.0,0.0,-0.8545,0.0,-0.2007,1.164,-1.359,0.03464,2.0,0.0,1.0,-1.16,1.163,0.713,3.0,0.0,0.0,0.0,0.0,0.204,0.1175959999999999,-0.0228211600333452,0.2133211600333452,-0.0023152309837303894
0.2627,1.156,1.003,0.0496,0.133,0.857,0.5527,1.0,1.0,-0.713,-0.8096,0.887,1.0,-0.171,-0.06793,-0.332,-0.3928,1.071,0.7466,0.2840999999999999,-0.4175,0.1903,0.3853,1.199,-0.829,-0.865,0.0,0.0,-0.8525,0.0,-0.1992,1.1,-1.3125,0.0471,2.0,0.5,1.0,-1.143,1.148,0.6807,4.0,0.0,0.0,0.0,0.0,0.2756,-0.086098,-0.0022195358760654,0.2863195358760654,-0.00022517427783071964
0.274,0.9253,0.96,0.05307,-0.06586,0.857,0.5527,1.0,1.0,-0.687,-0.7847,0.876,0.0,-0.1705,-0.06097,-0.325,-0.378,0.837,0.761,-0.1875,-0.4165,0.2837,0.1903,0.3853,-0.8267,-0.8643,0.0,0.0,-0.8516,0.0,-0.2004,0.977,-1.226,-0.04953,2.0,0.5,0.5,-0.9634,0.947,0.5615,0.0,1.0,0.0,0.0,0.0,-0.2876,0.1752079999999999,-0.0095763057470321,-0.1779236942529678,-0.000971526414205429
0.419,0.355,0.8135,0.05463,-0.4722,0.857,0.5527,1.0,1.0,-0.5854,-0.7036,0.822,0.0,-0.1702,-0.02493,-0.3232,-0.3677,0.3037,0.7666,-0.9433,-0.429,-0.1875,0.2837,0.1903,-0.826,-0.864,0.0,0.0,-0.85,0.0,-0.206,0.5186,-0.9014,-0.1492,1.0,0.0,0.0,-0.4705,0.505,0.3003,0.0,2.0,0.0,0.0,0.0,-0.871,0.5945320000000001,-0.0150622520595788,-0.9282377479404212,-0.0015280815086586102
0.3838,0.6924,0.9165,0.05707,0.9595,0.857,0.5527,1.0,1.0,-0.6523,-0.7666,0.8706,0.0,-0.1697,0.1804,-0.3252,-0.3613,0.6787,0.773,0.8751,-0.4385,-0.943,-0.1875,0.2837,-0.8247,-0.863,0.0,0.0,-0.8486,0.0,-0.2012,0.63,-0.9785,0.1214,1.0,0.5,0.0,-0.74,0.788,0.482,1.0,0.0,0.0,0.0,0.0,0.7305,0.4193879999999998,0.0016005928628146,0.8734994071371853,0.00016238185012994218
0.2666,0.74,0.9536,0.06137,0.2,0.857,0.5527,1.0,1.0,-0.684,-0.7803,0.887,1.0,-0.171,0.1637,-0.3286,-0.3584,0.7515,0.781,0.3785,-0.4482,0.8745,-0.943,-0.1875,-0.824,-0.862,0.0,0.0,-0.847,0.0,-0.1991,0.992,-1.236,0.06174,1.0,1.0,0.5,-0.793,0.857,0.549,2.0,0.0,0.0,0.0,0.0,0.3613,0.4926319999999999,0.0038304510526359,0.3746695489473641,0.0003886033376816632
0.2788,0.9424,1.042,0.06714,0.396,0.857,0.5527,1.0,1.0,-0.7344,-0.8345,0.887,1.0,-0.171,0.1315,-0.3352,-0.3564,0.9873,0.7554,0.7481,-0.4453,0.3784,0.8745,-0.943,-0.823,-0.861,0.0,0.0,-0.8457,0.0,-0.1948,1.169,-1.36,0.1747,1.0,1.0,1.0,-0.9834,1.047,0.677,3.0,0.0,0.0,0.0,0.0,1.011,-0.0595079999999999,-0.006601866800338,0.754701866800338,-0.0006697664160923481
0.1923,0.748,1.013,0.0716,-0.0696,0.857,0.5527,1.0,1.0,-0.7246,-0.81,0.882,0.0,-0.1705,-0.3252,-0.3394,-0.3552,0.8364,0.7666,-0.0912999999999999,-0.4417,0.748,0.3784,0.8745,-0.8228,-0.86,0.0,0.0,-0.8447,0.0,-0.1956,1.033,-1.264,-0.00972,1.0,1.0,0.5,-0.861,0.885,0.567,0.0,1.0,0.0,0.0,0.0,-0.05493,-0.124222,-0.0148124173283576,-0.0764875826716423,-0.0015027355091699727
0.2372,0.3733,0.932,0.0758,-0.3496,0.857,0.5527,1.0,1.0,-0.6733,-0.7646,0.855,0.0,-0.1702,0.1555,-0.3455,-0.3557,0.503,0.7773,-0.4582,-0.4421,-0.0914,0.748,0.3784,-0.8223,-0.859,0.0,0.0,-0.8438,0.0,-0.1984,0.992,-1.235,-0.0937,1.0,0.5,0.5,-0.583,0.6235,0.3816,0.0,2.0,0.0,0.0,0.0,-0.5312,0.292788,-0.0053322245366871,-0.4528677754633128,-0.0005409598566202148
0.2527,0.4019,0.9673,0.0808,0.2008,0.857,0.5527,1.0,1.0,-0.693,-0.787,0.8765,0.0,-0.1697,0.8325,-0.3528,-0.3572,0.574,0.7896,0.3719,-0.4412,-0.458,-0.0914,0.748,-0.822,-0.8574,0.0,0.0,-0.843,0.0,-0.1963,1.125,-1.329,0.04892,1.0,0.5,1.0,-0.723,0.627,0.4304,1.0,0.0,0.0,0.0,0.0,0.2815,0.1513575999999999,-1.0330637451261282e-05,0.3719103306374512,-1.0480541687582088e-06
0.1321,0.3923,0.9756,0.0833,0.11206,0.857,0.5527,1.0,1.0,-0.708,-0.7827,0.887,1.0,-0.171,-0.09827,-0.3608,-0.3591,0.545,0.803,0.1838999999999999,-0.44,0.3718,-0.458,-0.0914,-0.8203,-0.8564,0.0,0.0,-0.8423,0.0,-0.1953,0.8936,-1.164,0.02623,1.0,0.5,1.0,-0.7114,0.631,0.4253,2.0,0.0,0.0,0.0,0.0,0.1492,0.2340760000000001,-0.0109720826148986,0.1948720826148986,-0.0011131294635743872
0.1445,0.4185,0.997,0.0863,0.1924,0.857,0.5527,1.0,1.0,-0.719,-0.7964,0.887,1.0,-0.171,0.3474,-0.3706,-0.3616,0.5713,0.8003,0.2743,-0.444,0.1837,0.3718,-0.458,-0.8193,-0.8555,0.0,0.0,-0.841,0.0,-0.1937,0.945,-1.2,0.04428,1.0,0.5,1.5,-0.7837,0.615,0.4539,3.0,0.0,0.0,0.0,0.0,0.2505,0.5525759999999998,0.0006250623264349,0.273674937673565,6.341323853871372e-05
-0.000997,0.685,1.081,0.08856,0.703,0.857,0.5527,1.0,1.0,-0.7793,-0.8345,0.887,1.0,-0.171,0.5347,-0.3691,-0.3645,0.7344,0.7827,0.7251,-0.449,0.274,0.1837,0.3718,-0.8184,-0.854,0.0,0.0,-0.8394,0.0,-0.1895,0.875,-1.148,0.11884,2.0,1.0,1.5,-0.9595,0.8325,0.614,4.0,0.0,0.0,0.0,0.0,0.666,0.3831919999999998,-0.0047609475441277,0.7298609475441277,-0.00048300319746996727
-0.06647,0.8926,1.151,0.09125,0.423,0.857,0.5527,1.0,1.0,-0.823,-0.869,0.887,1.0,-0.171,0.501,-0.369,-0.3662,0.9756,0.757,0.6201,-0.447,0.7246,0.274,0.1837,-0.8174,-0.8525,0.0,0.0,-0.8384,0.0,-0.1857,0.928,-1.185,0.0519,3.0,1.5,1.5,-1.072,0.9917,0.7144,5.0,0.0,0.0,0.0,0.0,0.2847,-0.2297159999999999,0.0432194918394088,0.5768805081605911,0.004384663464147944
-0.01426,0.6245,1.083,0.0931,-0.1609,0.857,0.5527,1.0,1.0,-0.7812,-0.834,0.8667,0.0,-0.1705,0.2993,-0.368,-0.3696,0.7246,0.764,-0.3476,-0.4558,0.62,0.7246,0.274,-0.8164,-0.851,0.0,0.0,-0.837,0.0,-0.188,0.713,-1.031,-0.0393,2.0,1.0,1.0,-0.834,0.7485,0.564,0.0,1.0,0.0,0.0,0.0,-0.2114,-1.19686,-0.0090334564447402,-0.3385665435552597,-0.0009164537745006014
0.3174,-0.5337,0.7393,0.0906,-1.62,0.7144,0.5527,0.0,1.0,-0.546,-0.646,0.7354,0.0,-0.1702,2.559,-0.3684,-0.375,-0.4685,0.768,-2.2849,-0.4795,-0.3474,0.62,0.7246,-0.8164,-0.85,0.0,0.0,-0.836,0.0,-0.2024,-0.1647,-0.4116,-0.49,1.0,0.5,0.5,0.2864,-0.1761,-0.2954,0.0,2.0,0.0,0.0,0.0,-2.664,0.071338,0.0049095652066171,-2.289809565206617,0.00049808061756703
0.3174,-0.11334,0.8486,0.0898,-0.8594,0.5713,0.5527,0.0,1.0,-0.6157,-0.7183,0.786,0.0,-0.1697,0.6016,-0.37,-0.382,-0.05637,0.772,0.9464,-0.489,-2.283,-0.3474,0.62,-0.8164,-0.8496,0.0,0.0,-0.8354,0.0,-0.1971,0.0992,-0.5977,0.2357,1.0,0.5,1.0,-0.1,0.2179,0.03055,1.0,0.0,0.0,0.0,0.0,1.38,1.4896520000000006,-0.0192368756979703,0.9656368756979704,-0.001951601521615661
0.326,0.653,1.08,0.0935,-14.766,0.5713,0.5527,1.0,1.0,-0.753,-0.861,0.887,1.0,-0.171,1.812,-0.3728,-0.3892,0.7114,0.785,1.8381,-0.4917,0.946,-2.283,-0.3474,-0.8154,-0.848,0.0,0.0,-0.834,0.0,-0.1863,0.669,-0.9995,0.4138,1.0,1.0,1.5,-0.7183,0.946,0.7603,2.0,0.0,0.0,0.0,0.0,2.354,0.106136,-0.0417819768190383,1.8798819768190385,-0.0042388260347676395
0.448,0.5537,1.0625,0.09595,-0.01105,0.5713,0.5527,1.0,1.0,-0.733,-0.8604,0.887,1.0,-0.171,1.593,-0.3752,-0.3916,0.5635,0.8013,0.0001,-0.4888,1.838,0.946,-2.283,-0.8145,-0.847,0.0,0.0,-0.8335,0.0,-0.1865,0.545,-0.9106,0.0,0.0,1.0,1.0,-0.65,0.834,0.6606,0.0,0.0,0.0,0.0,0.0,0.0,-0.59852,-0.0202210303395986,0.0203210303395986,-0.0020514450578666935
0.5176,0.1013,0.935,0.0965,-0.628,0.5713,0.5527,1.0,1.0,-0.653,-0.7896,0.842,0.0,-0.1705,0.3208,-0.3792,-0.394,0.1065,0.808,-0.7819,-0.4902,0.0,1.838,0.946,-0.8145,-0.8467,0.0,0.0,-0.833,0.0,-0.1915,0.2507,-0.703,-0.137,0.0,0.5,0.5,-0.2625,0.4446,0.2612,0.0,1.0,0.0,0.0,0.0,-0.7363,0.1473491999999999,-0.0038496744818985,-0.7780503255181015,-0.0003905535750480937
0.506,0.2766,0.9805,0.09656,1.159,0.5713,0.5527,1.0,1.0,-0.6807,-0.8164,0.8667,0.0,-0.1702,0.2993,-0.3835,-0.3962,0.281,0.813,0.4457,-0.4895,-0.7817,0.0,1.838,-0.815,-0.8457,0.0,0.0,-0.832,0.0,-0.1888,0.1981,-0.664,0.05594,1.0,0.5,0.5,-0.3755,0.593,0.4077,1.0,0.0,0.0,0.0,0.0,0.3083,0.3006960000000001,-0.0341406054794788,0.4798406054794788,-0.003463600776380796
0.524,0.4722,1.038,0.09766,0.717,0.5713,0.5527,1.0,1.0,-0.7124,-0.852,0.887,1.0,-0.171,0.2742,-0.3892,-0.3982,0.4797,0.8105,0.5274,-0.4856,0.4453,-0.7817,0.0,-0.8145,-0.8447,0.0,0.0,-0.8315,0.0,-0.1858,0.3242,-0.753,0.1044,1.0,0.5,1.0,-0.5195,0.743,0.5635,2.0,0.0,0.0,0.0,0.0,0.5674,0.7941359999999998,-0.0273629426956176,0.5547629426956177,-0.0027759996705849633
0.518,0.791,1.144,0.10114,0.749,0.5713,0.5527,1.0,1.0,-0.7725,-0.913,0.887,1.0,-0.171,0.657,-0.3926,-0.3982,0.7666,0.779,0.8644,-0.4775,0.527,0.4453,-0.7817,-0.8115,-0.8433,0.0,0.0,-0.8306,0.0,-0.1804,0.592,-0.9414,0.246,1.0,0.5,1.5,-0.7515,1.024,0.795,3.0,0.0,0.0,0.0,0.0,1.315,-0.152332,-0.0085302889347076,0.8729302889347076,-0.0008654068948708289
0.481,1.324,1.321,0.1063,0.786,0.5713,0.5527,1.0,1.0,-0.869,-1.007,0.887,1.0,-0.171,-0.02864,-0.3867,-0.3953,1.177,0.736,1.3471,-0.4646,0.8643,0.527,0.4453,-0.8086,-0.8423,0.0,0.0,-0.829,0.0,-0.172,0.7334,-1.038,0.569,2.0,0.5,1.5,-1.094,1.48,1.101,4.0,0.0,1.0,0.0,7.61,2.96,-0.4064800000000002,0.0511849895119667,1.2959150104880333,0.005192771684124134
0.5737,0.8555,1.206,0.11,-0.2227,0.5713,0.5527,1.0,1.0,-0.802,-0.952,0.8496,0.0,-0.1705,0.411,-0.38,-0.393,0.7227,0.748,-0.6459,-0.4592,1.346,0.8643,0.527,-0.807,-0.841,0.0,0.0,-0.828,0.0,-0.1765,0.5312,-0.896,-0.1396,2.0,0.5,1.0,-0.703,1.122,0.7275,0.0,1.0,0.0,0.0,0.0,-0.6978,0.203084,0.0255636200308799,-0.67146362003088,0.002593456470456569
0.5728,0.9785,1.261,0.1141,0.2734,0.5713,0.5527,1.0,1.0,-0.8306,-0.982,0.8774,0.0,-0.1702,0.794,-0.3735,-0.391,0.8716,0.759,0.4947,-0.4504,-0.646,1.346,0.8643,-0.8057,-0.8394,0.0,0.0,-0.8267,0.0,-0.1733,0.5654,-0.919,0.12213,2.0,1.0,1.0,-0.804,1.196,0.7695,1.0,0.0,0.0,0.0,0.0,0.623,0.37516,-0.0208912976086139,0.5155912976086139,-0.002119444385961195
0.5293,1.184,1.339,0.1181,0.34,0.5713,0.5527,1.0,1.0,-0.874,-1.02,0.887,1.0,-0.171,0.353,-0.3652,-0.3892,1.133,0.74,0.6495,-0.4355,0.4944,-0.646,1.346,-0.8027,-0.838,0.0,0.0,-0.8257,0.0,-0.1691,0.5654,-0.917,0.0644,2.0,1.0,1.0,-0.94,1.331,0.8193,2.0,0.0,0.0,0.0,0.0,0.3232,-0.4004584,-0.0037342910654842,0.6532342910654843,-0.0003788478046008105
0.6333,0.687,1.2,0.1196,-0.286,0.5713,0.5527,1.0,1.0,-0.794,-0.954,0.841,0.0,-0.1705,1.009,-0.3586,-0.388,0.632,0.7495,-0.7959,-0.4316,0.649,0.4944,-0.646,-0.8013,-0.837,0.0,0.0,-0.8247,0.0,-0.1747,0.2834,-0.7183,-0.1816,1.0,0.5,0.5,-0.4978,0.9307,0.4927,0.0,1.0,0.0,0.0,0.0,-0.8945,-0.5395639999999999,-0.0033064042218029,-0.7925935957781971,-0.00033543822872587485
0.6787,0.407,1.125,0.12115,-0.2563,0.5713,0.5527,1.0,1.0,-0.749,-0.9155,0.818,0.0,-0.1702,0.415,-0.3555,-0.3882,0.3828,0.7544,-0.4079,-0.4348,-0.7954,0.649,0.4944,-0.8,-0.836,0.0,0.0,-0.8237,0.0,-0.1776,0.2651,-0.7065,-0.0808,0.0,0.5,0.5,-0.3506,0.597,0.3232,0.0,2.0,0.0,0.0,0.0,-0.408,-0.564188,-0.0012736883945763,-0.4066263116054237,-0.00012921704376254753
0.6084,-0.04883,1.015,0.1256,-0.8643,0.7144,0.5527,1.0,1.0,-0.6924,-0.845,0.781,0.0,-0.1697,0.662,-0.3545,-0.388,-0.04938,0.7656,-0.6609,-0.4402,-0.4077,-0.7954,0.649,-0.8,-0.8354,0.0,0.0,-0.8228,0.0,-0.1821,0.642,-0.9775,-0.1309,0.0,0.5,0.5,-0.04306,0.265,0.0864,0.0,3.0,0.0,0.0,0.0,-0.6694,-0.147428,0.0008419282385148,-0.6617419282385149,8.541451622261314e-05
0.6025,-0.10187,1.012,0.1285,-1.611,0.7144,0.5527,0.0,1.0,-0.6914,-0.8433,0.785,0.0,-0.1692,0.4458,-0.3545,-0.3865,-0.1453,0.7812,0.0845,-0.4456,-0.661,-0.4077,-0.7954,-0.8013,-0.835,0.0,0.0,-0.8223,0.0,-0.1818,0.5264,-0.8945,0.01111,0.0,0.5,0.5,-0.1328,0.1863,0.0803,1.0,0.0,0.0,0.0,0.0,0.05798,0.4348279999999999,-0.0102931261062622,0.0947931261062622,-0.0010442486028686407
0.4248,0.1674,1.092,0.1296,-13.86,0.7144,0.5527,1.0,1.0,-0.751,-0.8755,0.8223,0.0,-0.1688,-0.003527,-0.3552,-0.385,0.1065,0.789,0.6734,-0.4485,0.08435,-0.661,-0.4077,-0.8013,-0.834,0.0,0.0,-0.8213,0.0,-0.1774,0.34,-0.76,0.0609,0.0,0.5,0.5,-0.3367,0.4626,0.26,2.0,0.0,0.0,0.0,0.0,0.3171,-1.058948,-0.0165320951491594,0.6899320951491594,-0.001677198655080907
0.5117,-0.728,0.819,0.1277,-3.715,0.5713,0.5527,0.0,1.0,-0.5815,-0.715,0.72,0.0,-0.1683,0.0712,-0.3586,-0.3843,-0.775,0.7886,-1.8129,-0.45,0.673,0.08435,-0.661,-0.8027,-0.8335,0.0,0.0,-0.8213,0.0,-0.1898,-0.1301,-0.4294,-0.655,0.0,0.0,0.5,0.516,-0.2896,-0.3674,0.0,1.0,0.0,0.0,0.0,-3.34,0.305972,-0.0048092422075569,-1.808090757792443,-0.0004879027424955811
0.4268,-0.4053,0.912,0.1284,-0.4001,0.4285,0.5527,0.0,1.0,-0.646,-0.7676,0.762,0.0,-0.1678,-0.1748,-0.3655,-0.3848,-0.4478,0.793,0.7867,-0.4504,-1.8125,0.673,0.08435,-0.8047,-0.833,0.0,0.0,-0.8213,0.0,-0.1849,0.1906,-0.6562,0.08435,1.0,0.0,1.0,0.1877,0.0799,-0.12195,1.0,0.0,0.0,0.0,0.0,0.4563,-0.0258976,-0.0078134648501873,0.7945134648501873,-0.00079268432827296
0.3872,-0.3987,0.911,0.1285,0.11176,0.2856,0.5527,0.0,1.0,-0.649,-0.7637,0.7666,0.0,-0.1674,-0.1776,-0.3777,-0.3867,-0.432,0.7954,0.08537,-0.4524,0.786,-1.8125,0.673,-0.8057,-0.8325,0.0,0.0,-0.821,0.0,-0.1844,0.1266,-0.6104,0.01566,2.0,0.5,1.0,0.1365,0.0866,-0.11053,2.0,0.0,0.0,0.0,0.0,0.08264,0.1839696,-0.0027687405236065,0.0881387405236065,-0.00028089167407779805
0.3154,-0.2644,0.9443,0.1282,-0.3188,0.1428,0.5527,0.0,1.0,-0.675,-0.779,0.785,0.0,-0.167,-0.612,-0.3948,-0.391,-0.3047,0.7993,0.3404,-0.4739,0.08527,0.786,-1.8125,-0.806,-0.832,0.0,0.0,-0.82,0.0,-0.1824,0.0929,-0.585,0.05826,2.0,0.5,1.0,-0.01744,0.1886,-0.04437,3.0,0.0,0.0,0.0,0.0,0.3066,-0.5763451999999999,0.0005104202427901,0.3398895797572098,5.1782677090214686e-05
0.3435,-0.719,0.791,0.1245,2.787,0.0,0.5527,0.0,1.0,-0.577,-0.6826,0.7295,0.0,-0.1665,0.2825,-0.4133,-0.3982,-0.8037,0.802,-1.0099,-0.4875,0.34,0.08527,0.786,-0.8066,-0.8315,0.0,0.0,-0.8193,0.0,-0.1891,-0.3154,-0.2966,-0.0727,1.0,0.0,0.5,0.4006,-0.2732,-0.547,0.0,1.0,0.0,0.0,0.0,-0.3787,0.508036,0.0163588561117649,-1.026258856111765,0.0016596233702846337
0.2457,-0.2976,0.883,0.1197,-0.5728,-0.1428,0.5527,0.0,1.0,-0.6426,-0.734,0.7715,0.0,-0.166,-0.1805,-0.4268,-0.4077,-0.3486,0.7905,0.7821,-0.4897,-1.01,0.34,0.08527,-0.807,-0.831,0.0,0.0,-0.8193,0.0,-0.1842,-0.4666,-0.1866,0.1129,2.0,0.5,0.5,0.0698,0.07355,-0.2122,1.0,0.0,0.0,0.0,0.0,0.607,-0.1093371999999999,-0.0030813910998404,0.7851813910998404,-0.0003126104079248162
0.1968,-0.4185,0.8237,0.11566,0.73,-0.2856,0.5527,0.0,1.0,-0.61,-0.692,0.753,0.0,-0.1656,-0.3845,-0.4404,-0.4175,-0.46,0.7847,-0.3393,-0.4915,0.7817,-1.01,0.34,-0.808,-0.8306,0.0,0.0,-0.8193,0.0,-0.1865,-0.3992,-0.2357,-0.04834,1.0,0.5,0.5,0.2089,-0.0864,-0.3884,0.0,1.0,0.0,0.0,0.0,-0.2537,0.011592,0.0002250220277346,-0.3395250220277346,2.282872430112039e-05
0.1313,0.1769,0.9727,0.1127,-1.754,-0.2856,0.5527,1.0,1.0,-0.706,-0.781,0.818,0.0,-0.1652,0.8306,-0.453,-0.429,0.141,0.781,1.2001,-0.4995,-0.339,0.7817,-1.01,-0.8066,-0.83,0.0,0.0,-0.8184,0.0,-0.1788,-0.2268,-0.3552,0.1554,1.0,1.0,0.5,-0.2396,0.422,0.1519,1.0,0.0,0.0,0.0,0.0,0.8247,0.1795504,-0.0394457653164863,1.2395457653164863,-0.004001814890401949
0.1092,0.4126,1.016,0.10913,1.108,-0.2856,0.5527,1.0,1.0,-0.733,-0.8047,0.841,0.0,-0.1647,0.394,-0.4653,-0.443,0.3547,0.78,0.4134,-0.504,1.2,-0.339,0.7817,-0.8057,-0.8296,0.0,0.0,-0.818,0.0,-0.1763,-0.2886,-0.31,0.0777,1.0,1.0,0.5,-0.3806,0.519,0.3374,2.0,0.0,0.0,0.0,0.0,0.3975,0.3991840000000002,0.018730042502284,0.3946699574977159,0.0019001827542733593
-0.02148,0.7173,1.093,0.10834,0.7925,-0.2856,0.5527,1.0,1.0,-0.7876,-0.8394,0.878,0.0,-0.1643,-0.4429,-0.4756,-0.4597,0.687,0.779,0.6531,-0.502,0.413,1.2,-0.339,-0.804,-0.8286,0.0,0.0,-0.8174,0.0,-0.172,0.0636,-0.5596,0.124,2.0,1.0,1.0,-0.567,0.73,0.6255,3.0,0.0,1.0,0.0,6.383,0.626,0.221272,-0.0592795573174953,0.7123795573174954,-0.0060139742065148955
-0.0811,0.791,1.112,0.10876,0.232,-0.2856,0.5527,1.0,1.0,-0.803,-0.8457,0.887,1.0,-0.171,-0.2493,-0.4873,-0.4758,0.782,0.7773,0.24,-0.4954,0.6523,0.413,1.2,-0.8022,-0.828,0.0,0.0,-0.8164,0.0,-0.1704,0.2275,-0.676,0.02768,2.0,1.5,1.5,-0.609,0.726,0.6514,4.0,0.0,0.0,0.0,0.0,0.137,0.111744,-0.0055218529887497,0.2455218529887497,-0.0005601978649848495
-0.1605,1.131,1.223,0.11206,0.5503,-0.2856,0.5527,1.0,1.0,-0.869,-0.901,0.887,1.0,-0.171,0.01549,-0.493,-0.485,1.074,0.7466,0.8731,-0.4827,0.2397,0.6523,0.413,-0.7993,-0.827,0.0,0.0,-0.8164,0.0,-0.1646,0.591,-0.932,0.275,3.0,1.5,2.0,-0.8247,1.022,0.9346,5.0,0.0,0.0,0.0,0.0,1.35,-0.196396,-0.0074025359936058,0.8805025359936058,-0.0007509951582449572
-0.209,0.876,1.161,0.11456,-0.09174,-0.1428,0.5527,1.0,1.0,-0.84,-0.8623,0.869,0.0,-0.1705,-0.4624,-0.49,-0.492,0.842,0.754,-0.3089,-0.4736,0.8726,0.2397,0.6523,-0.7974,-0.8267,0.0,0.0,-0.816,0.0,-0.1669,0.4775,-0.8525,-0.05115,2.0,1.0,1.5,-0.6294,0.784,0.6743,0.0,1.0,0.0,0.0,0.0,-0.2444,-0.1184559999999999,-0.0271172486245632,-0.2817827513754368,-0.0027510737454789283
-0.2041,0.5845,1.077,0.1149,-0.1917,-0.1428,0.5527,1.0,1.0,-0.7935,-0.815,0.8423,0.0,-0.1702,-0.2517,-0.4844,-0.497,0.55,0.76,-0.4679,-0.4702,-0.3088,0.8726,0.2397,-0.7954,-0.8257,0.0,0.0,-0.8154,0.0,-0.1703,0.2161,-0.667,-0.0771,1.0,0.5,1.0,-0.4368,0.4502,0.4326,0.0,2.0,0.0,0.0,0.0,-0.372,-0.0138583999999999,0.0060676797293126,-0.4739676797293127,0.0006155725689724345
-0.2932,0.5825,1.095,0.119,0.1299,0.0,0.5527,1.0,1.0,-0.8105,-0.818,0.8555,0.0,-0.1697,-0.06155,-0.4697,-0.497,0.4949,0.7783,0.2375999999999999,-0.4675,-0.4678,-0.3088,0.8726,-0.794,-0.8247,0.0,0.0,-0.8154,0.0,-0.1688,0.864,-1.129,0.0373,1.0,1.0,1.5,-0.5015,0.4636,0.5107,1.0,0.0,0.0,0.0,0.0,0.1827,-0.3751880000000001,-0.0035463911481201,0.2411463911481201,-0.00035978515792175927
-0.222,0.2291,1.0,0.1207,-0.4355,0.1428,0.5527,1.0,1.0,-0.7505,-0.768,0.824,0.0,-0.1692,0.361,-0.4556,-0.4944,0.1482,0.7866,-0.5502,-0.4658,0.2374,-0.4678,-0.3088,-0.7935,-0.824,0.0,0.0,-0.815,0.0,-0.1727,0.5024,-0.8726,-0.099,0.0,0.5,1.0,-0.2076,0.2084,0.263,0.0,1.0,0.0,0.0,0.0,-0.4814,-0.218712,0.033913780003786,-0.5841137800037861,0.003440589090364133
-0.0799,-0.2832,0.851,0.1206,-1.63,0.1428,0.5527,0.0,1.0,-0.6494,-0.687,0.77,0.0,-0.1688,1.032,-0.4438,-0.4922,-0.3542,0.79,-0.9594,-0.4658,-0.55,0.2374,-0.4678,-0.7944,-0.8237,0.0,0.0,-0.815,0.0,-0.1796,0.1613,-0.632,-0.2152,-1.0,0.5,0.5,0.2435,-0.1875,-0.1247,0.0,2.0,0.0,0.0,0.0,-1.064,-0.937228,0.0073003224097192,-0.9667003224097191,0.0007406254813299098
0.1033,-1.01,0.6265,0.11725,3.98,0.1428,0.5527,0.0,1.0,-0.4866,-0.55,0.685,0.0,-0.1683,0.932,-0.4355,-0.4897,-1.089,0.789,-1.5659,-0.4617,-0.959,-0.55,0.2374,-0.7964,-0.8237,0.0,0.0,-0.8154,0.0,-0.1902,-0.2988,-0.3083,-0.2471,-1.0,0.0,0.0,0.9336,-0.828,-0.6997,0.0,3.0,0.0,0.0,0.0,-1.26,-0.361632,0.0074278651736676,-1.5733278651736675,0.0007535648305309357
0.2424,-1.013,0.6157,0.1157,0.1365,0.1428,0.5527,0.0,1.0,-0.468,-0.553,0.685,0.0,-0.1678,2.021,-0.4338,-0.4897,-0.9424,0.771,0.0001,-0.4578,-1.565,-0.959,-0.55,-0.7993,-0.8237,0.0,0.0,-0.8154,0.0,-0.1903,-0.0738,-0.469,0.0,-1.0,-0.5,0.0,0.8237,-0.7935,-0.665,0.0,0.0,0.0,0.0,0.0,0.0,-0.4892040000000001,0.0008881609537638,-0.0007881609537638,9.010487440993002e-05
0.3281,-1.477,0.461,0.11096,0.6655,0.1428,0.5527,0.0,1.0,-0.349,-0.4448,0.6265,0.0,-0.1674,1.012,-0.4348,-0.4895,-1.416,0.766,-1.1269,-0.4456,0.0,-1.565,-0.959,-0.8027,-0.8237,0.0,0.0,-0.8164,0.0,-0.1976,-0.513,-0.1584,-0.1694,-2.0,-1.0,-0.5,1.294,-1.186,-0.93,0.0,1.0,0.0,0.0,0.0,-0.9087,-0.71184,-0.058994922786951,-1.067905077213049,-0.00598509773033258
0.5513,-2.033,0.275,0.1047,0.5605,0.1428,0.5527,0.0,1.0,-0.1843,-0.312,0.5547,0.0,-0.167,1.3545,-0.4375,-0.4902,-1.903,0.747,-1.4374,-0.426,-1.126,0.0,-1.565,-0.807,-0.8247,0.0,0.0,-0.817,0.0,-0.2067,-0.6875,-0.0381,-0.4038,-2.0,-1.5,-0.5,1.857,-1.7295,-1.185,0.0,2.0,0.0,0.0,0.0,-2.244,-0.18338,0.006245884578675,-1.443645884578675,0.0006336516406800946
0.4724,-1.308,0.4443,0.09845,-0.2642,0.0,0.5527,0.0,1.0,-0.325,-0.444,0.6265,0.0,-0.1665,1.237,-0.4385,-0.4895,-1.144,0.733,1.5051,-0.4187,-1.437,-1.126,0.0,-0.8105,-0.825,0.0,0.0,-0.8174,0.0,-0.198,-0.642,-0.0663,0.3542,-1.0,-1.5,-0.5,1.102,-0.8486,-0.7456,1.0,0.0,0.0,0.0,0.0,2.062,-0.2906959999999999,0.00130734173581,1.5037926582641898,0.00013263121106238976
0.574,-1.059,0.4795,0.092,-0.0834,-0.1428,0.5527,0.0,1.0,-0.3433,-0.4795,0.6445,0.0,-0.166,2.104,-0.436,-0.4868,-0.888,0.722,0.3595,-0.4136,1.505,-1.437,-1.126,-0.813,-0.8257,0.0,0.0,-0.818,0.0,-0.1959,-0.6646,-0.0494,0.0819,0.0,-1.0,-0.5,0.851,-0.627,-0.6196,2.0,0.0,0.0,0.0,0.0,0.4553,-0.0240867999999999,0.0067490222863852,0.3527509777136147,0.0006846954968325282
0.5757,0.2683,0.8213,0.0888,-1.317,-0.1428,0.5527,1.0,1.0,-0.5776,-0.7217,0.788,0.0,-0.1656,1.214,-0.4321,-0.4834,0.4556,0.718,2.7441000000000004,-0.4128,0.3591,1.505,-1.437,-0.8125,-0.8257,0.0,0.0,-0.8174,0.0,-0.1783,-0.2136,-0.3635,0.477,1.0,-0.5,-0.5,-0.1962,0.6816,0.08136,3.0,0.0,0.0,0.0,0.0,2.623,-0.587816,-0.0374209396541118,2.7815209396541123,-0.003796394171063753
0.728,-0.04037,0.71,0.0839,-0.81,-0.1428,0.5527,1.0,1.0,-0.4937,-0.66,0.7476,0.0,-0.1652,1.0625,-0.4265,-0.48,0.1138,0.7153,-0.7343000000000001,-0.4153,2.744,0.3591,1.505,-0.812,-0.8257,0.0,0.0,-0.8174,0.0,-0.1835,-0.3806,-0.2466,-0.1423,1.0,-1.0,-1.0,0.1412,0.3257,-0.136,0.0,1.0,0.0,0.0,0.0,-0.7188,-0.210584,-0.0287946574389934,-0.7055053425610066,-0.0029212486556884332
0.7715,-0.06366,0.6655,0.0769,-0.4744,-0.1428,0.5527,1.0,1.0,-0.46,-0.6323,0.7344,0.0,-0.1647,0.4458,-0.4128,-0.474,0.1294,0.7,-0.2504,-0.4158,-0.734,2.744,0.3591,-0.811,-0.826,0.0,0.0,-0.817,0.0,-0.1852,-0.608,-0.0852,-0.03494,1.0,-1.0,-1.5,0.2566,0.2012,-0.2074,0.0,2.0,0.0,0.0,0.0,-0.1804,-0.531496,-0.0280929282307624,-0.2223070717692375,-0.002850057480362064
0.9053,-0.36,0.544,0.0689,-14.766,-0.2856,0.5527,0.0,1.0,-0.3643,-0.556,0.6895,0.0,-0.1643,0.4915,-0.3982,-0.467,-0.2002,0.6914,-0.8419,-0.415,-0.2505,-0.734,2.744,-0.81,-0.826,0.0,0.0,-0.8174,0.0,-0.1908,-0.6743,-0.04022,-0.081,0.0,-1.0,-1.5,0.6323,-0.1364,-0.429,0.0,3.0,0.0,0.0,0.0,-0.4216,0.6014039999999999,0.0287482552230358,-0.8706482552230358,0.0029165411014737564
0.9575,0.1272,0.642,0.06335,-1.734,-0.2856,0.5527,1.0,1.0,-0.429,-0.6313,0.7344,0.0,-0.1638,1.292,-0.385,-0.4595,0.2827,0.684,0.8644,-0.415,-0.8413,-0.2505,-0.734,-0.8076,-0.826,0.0,0.0,-0.8174,0.0,-0.1854,-0.4333,-0.2097,0.1259,0.0,-0.5,-1.0,0.2837,0.2722,-0.1957,1.0,0.0,0.0,0.0,0.0,0.6733,-2.034192,0.0300472676753997,0.8343527323246002,0.0030483272978621113
1.451,-1.121,0.2622,0.05255,-6.26,-0.4285,0.5527,0.0,1.0,-0.10175,-0.3752,0.5815,0.0,-0.1633,2.47,-0.3726,-0.4485,-0.9775,0.666,-2.4299,-0.4026,0.8643,-0.8413,-0.2505,-0.808,-0.8267,0.0,0.0,-0.8184,0.0,-0.2043,-0.811,0.0518,-1.079,-1.0,-0.5,-1.5,1.7,-0.8643,-0.856,0.0,1.0,0.0,0.0,0.0,-5.62,-1.5060239999999996,-0.0272958949208259,-2.402604105079174,-0.002769197602444645
1.875,-1.767,0.03793,0.03998,0.796,-0.5713,0.5527,0.0,1.0,0.1311,-0.2052,0.4917,0.0,-0.163,2.906,-0.3542,-0.4297,-1.537,0.633,-1.8489,-0.3806,-2.428,0.8643,-0.8413,-0.8105,-0.8276,0.0,0.0,-0.82,0.0,-0.2157,-0.9067,0.11523,-0.838,-1.0,-0.5,-1.5,2.512,-1.554,-1.081,0.0,2.0,0.0,0.0,0.0,-4.793,0.528124,0.0135014168918132,-1.8624014168918133,0.001369733119022554
1.79,-1.19,0.1396,0.03067,-0.2318,-0.5713,0.5527,0.0,1.0,0.03116,-0.2944,0.5366,0.0,-0.1625,1.624,-0.3342,-0.406,-0.8438,0.604,0.9811,-0.3733,-1.848,-2.428,0.8643,-0.814,-0.828,0.0,0.0,-0.822,0.0,-0.2104,-0.6714,-0.05057,0.4832,0.0,0.0,-1.0,1.842,-0.9756,-0.8066,1.0,0.0,0.0,0.0,0.0,2.934,-0.341704,0.0229292176663875,0.9581707823336124,0.0023261935456546103
1.813,-1.339,0.0679,0.02344,0.2766,-0.5713,0.5527,0.0,1.0,0.0982,-0.229,0.51,0.0,-0.162,0.702,-0.3225,-0.3855,-1.01,0.5938,-0.5712,-0.373,0.9805,-1.848,-2.428,-0.8174,-0.829,0.0,0.0,-0.8237,0.0,-0.2139,-0.5576,-0.1329,-0.125,0.0,-0.5,-1.0,2.014,-1.066,-0.838,0.0,1.0,0.0,0.0,0.0,-0.7363,-1.0472624,0.0296827554702758,-0.6008827554702759,0.0030113471465456295
1.851,-1.679,-0.0569,0.014694,0.4219,-0.5713,0.5527,0.0,1.0,0.2211,-0.1085,0.4602,0.0,-0.1616,1.525,-0.3096,-0.3667,-1.367,0.5796,-1.0659,-0.3682,-0.571,0.9805,-1.848,-0.8213,-0.8296,0.0,0.0,-0.8257,0.0,-0.2201,-0.655,-0.0664,-0.2869,-1.0,-1.0,-1.0,2.377,-1.417,-0.9355,0.0,2.0,0.0,0.0,0.0,-1.721,-1.1237799999999998,0.0080113597214221,-1.0739113597214225,0.0008127609736641096
2.164,-2.307,-0.256,0.00535,0.5645,-0.5713,0.545,0.0,0.0,0.4565,0.0826,0.3792,0.0,-0.1611,2.76,-0.2964,-0.347,-1.962,0.5557,-1.8049,-0.3516,-1.065,-0.571,0.9805,-0.8257,-0.831,0.0,0.0,-0.828,0.0,-0.2302,-0.6953,-0.04187,-0.6997,-1.0,-1.5,-1.0,2.836,-2.066,-1.087,0.0,3.0,0.0,0.0,0.0,-4.34,0.8057759999999996,-0.0005996678373776,-1.8043003321626223,-6.083694058560547e-05
2.055,-1.838,-0.1637,-0.000268,-0.09796,-0.5713,0.545,0.0,1.0,0.3472,-0.012215,0.4197,0.0,-0.1606,1.605,-0.2817,-0.331,-1.399,0.539,0.9566,-0.3523,-1.804,-1.065,-0.571,-0.8306,-0.832,0.0,0.0,-0.83,0.0,-0.2255,-0.434,-0.2261,0.2925,0.0,-1.0,-0.5,2.396,-1.438,-0.863,1.0,0.0,0.0,0.0,0.0,1.923,1.858536,-0.0179788824170827,0.9745788824170828,-0.0018239767638478723
1.879,-0.2769,0.1958,-0.003498,-0.8164,-0.5713,0.545,0.0,1.0,-0.01106,-0.3525,0.5723,0.0,-0.1602,2.906,-0.2715,-0.3208,0.2252,0.532,2.7441000000000004,-0.3677,0.956,-1.804,-1.065,-0.8306,-0.8325,0.0,0.0,-0.8315,0.0,-0.207,-0.2188,-0.3716,1.458,0.0,-0.5,-0.5,0.8867,0.3154,-0.2676,2.0,0.0,0.0,0.0,0.0,7.785,-0.1987639999999998,0.027751525864005,2.716348474135996,0.002815421846753576
1.793,-0.4146,0.1403,-0.00796,0.8853,-0.5713,0.545,0.0,1.0,0.03085,-0.2952,0.5522,0.0,-0.1598,0.6475,-0.2676,-0.3164,0.04288,0.53,-0.4184,-0.3774,2.744,0.956,-1.804,-0.8296,-0.833,0.0,0.0,-0.8325,0.0,-0.2097,-0.3062,-0.3103,-0.1367,0.0,-0.5,-1.0,0.9194,0.02547,-0.3132,0.0,1.0,0.0,0.0,0.0,-0.786,0.305456,0.0297539420425891,-0.4481539420425892,0.0030185691001012116
1.618,0.0276,0.2031,-0.01631,-1.284,-0.5713,0.545,1.0,1.0,-0.0383,-0.3374,0.5815,0.0,-0.1593,1.077,-0.2695,-0.316,0.4211,0.5225,0.6123999999999999,-0.3804,-0.4182,2.744,0.956,-0.829,-0.8335,0.0,0.0,-0.833,0.0,-0.2062,-0.635,-0.074,0.09143,1.0,-0.5,-1.0,0.6187,0.294,-0.1729,1.0,0.0,0.0,0.0,0.0,0.5327,0.216276,0.0158684384077787,0.5965315615922212,0.0016098699720533546
1.489,0.3198,0.2391,-0.02263,3.0,-0.5713,0.545,1.0,1.0,-0.0793,-0.3586,0.5996,0.0,-0.1588,-0.09827,-0.2795,-0.316,0.666,0.5166,0.37,-0.384,0.6123,-0.4182,2.744,-0.8276,-0.834,0.0,0.0,-0.8335,0.0,-0.2041,-0.493,-0.1743,0.06866,2.0,0.0,-0.5,0.4636,0.4526,-0.0796,2.0,0.0,0.0,0.0,0.0,0.3928,-0.691932,0.0222492516040802,0.3477507483959198,0.00225721026465405
1.553,0.07874,0.1477,-0.02954,-0.509,-0.5713,0.545,1.0,1.0,0.004887,-0.2822,0.5635,0.0,-0.1584,0.516,-0.2927,-0.3196,0.334,0.513,-0.7309,-0.3843,0.3696,0.6123,-0.4182,-0.826,-0.835,0.0,0.0,-0.834,0.0,-0.2086,-0.541,-0.1421,-0.153,1.0,0.0,-0.5,0.7715,0.1378,-0.2189,0.0,1.0,0.0,0.0,0.0,-0.8647,1.090736,-0.0104663847014307,-0.7204336152985692,-0.0010618258718219102
1.464,0.7744,0.2903,-0.033,4.777,-0.4285,0.545,1.0,1.0,-0.12384,-0.4004,0.6265,0.0,-0.158,1.012,-0.313,-0.3237,0.9985,0.5117,1.3101,-0.3843,-0.731,0.3696,0.6123,-0.8228,-0.836,0.0,0.0,-0.8335,0.0,-0.201,-0.2556,-0.3423,0.1793,1.0,0.0,0.0,0.237,0.6895,0.033,1.0,0.0,0.0,0.0,0.0,1.037,0.7240039999999999,-0.0171072725206613,1.3272072725206614,-0.0017355510118277169
1.348,1.459,0.431,-0.03604,0.989,-0.4285,0.545,1.0,1.0,-0.2446,-0.5054,0.6895,0.0,-0.1575,1.36,-0.3423,-0.329,1.668,0.5103,1.2581,-0.3809,1.309,-0.731,0.3696,-0.819,-0.8364,0.0,0.0,-0.833,0.0,-0.1934,-0.2072,-0.3735,0.1777,2.0,0.5,0.0,-0.3137,1.035,0.2798,2.0,0.0,0.0,0.0,0.0,0.9883,-1.0354560000000004,0.0053702178411185,1.2527297821588814,0.0005448143178073477
1.302,0.7744,0.2742,-0.03583,-0.3418,-0.2856,0.545,1.0,1.0,-0.12354,-0.373,0.6265,0.0,-0.1571,1.012,-0.3752,-0.3357,1.064,0.506,-1.2099,-0.3813,1.257,1.309,-0.731,-0.818,-0.8374,0.0,0.0,-0.8335,0.0,-0.2012,0.03114,-0.547,-0.177,1.0,0.5,0.0,0.2222,0.452,0.02153,0.0,1.0,0.0,0.0,0.0,-0.9463,-0.4209799999999999,0.0107184275984764,-1.2206184275984764,0.0010873958920845407
1.267,-0.0995,0.0767,-0.0351,-0.958,-0.2856,0.545,0.0,1.0,0.04626,-0.1923,0.5454,0.0,-0.1566,1.132,-0.402,-0.3462,0.1947,0.509,-1.6169,-0.3982,-1.21,1.257,1.309,-0.8184,-0.8384,0.0,0.0,-0.8345,0.0,-0.2112,0.058,-0.5703,-0.213,0.0,0.5,0.0,0.9717,-0.2032,-0.28,0.0,2.0,0.0,0.0,0.0,-1.185,-0.015584,-0.0037892688997089,-1.613110731100291,-0.00038442536441939265
1.132,0.4075,0.1973,-0.03418,-14.766,-0.1428,0.545,1.0,1.0,-0.0722,-0.292,0.5996,0.0,-0.1561,0.8203,-0.4224,-0.3616,0.6987,0.5137,1.1361,-0.4119,-1.616,-1.21,1.257,-0.818,-0.8394,0.0,0.0,-0.8354,0.0,-0.2046,0.0814,-0.5845,0.1501,1.0,0.5,0.0,0.4844,0.3308,0.00882,1.0,0.0,0.0,0.0,0.0,0.879,0.3815920000000002,-0.0072210975922644,1.1433210975922643,-0.0007325880392461715
1.209,0.51,0.2327,-0.0317,0.3572,0.0,0.545,1.0,1.0,-0.09625,-0.3298,0.617,0.0,-0.1558,1.933,-0.4463,-0.3784,0.8164,0.52,0.3656,-0.4243,1.135,-1.616,-1.21,-0.8174,-0.84,0.0,0.0,-0.836,0.0,-0.2026,0.2106,-0.6753,0.1002,1.0,0.5,0.5,0.3042,0.4395,0.1449,2.0,0.0,0.0,0.0,0.0,0.567,-0.5795519999999998,-0.0063431081362068,0.3719431081362068,-0.0006435150741084225
1.29,-0.11554,0.0998,-0.02927,-0.997,0.0,0.545,0.0,1.0,0.0269,-0.2161,0.5635,0.0,-0.1553,1.104,-0.4707,-0.3987,0.1885,0.527,-1.0839,-0.4329,0.3655,1.135,-1.616,-0.8174,-0.841,0.0,0.0,-0.8364,0.0,-0.2094,0.1962,-0.668,-0.1661,0.0,0.5,0.5,0.75,-0.05225,-0.1077,0.0,1.0,0.0,0.0,0.0,-0.9287,0.34249376,-0.0123376958072185,-1.0715623041927815,-0.0012516723759430073
1.059,0.0881,0.1777,-0.02292,-6.223,0.1428,0.545,1.0,1.0,-0.0611,-0.2686,0.5996,0.0,-0.1548,-0.09827,-0.475,-0.4238,0.3218,0.549,0.7481,-0.4504,-1.084,0.3655,1.135,-0.818,-0.841,0.0,0.0,-0.8374,0.0,-0.205,0.563,-0.9277,0.123,1.0,0.5,1.0,0.4092,0.2737,0.1635,1.0,0.0,0.0,0.0,0.0,0.712,-0.1304492,-0.0221019443124532,0.7702019443124533,-0.0022422657830761675
1.03,-0.2913,0.1084,-0.01878,-2.26,0.1428,0.545,0.0,1.0,-0.001701,-0.2026,0.5723,0.0,-0.1544,0.3892,-0.4558,-0.448,-0.1791,0.572,-0.5482,-0.4507,0.748,-1.084,0.3655,-0.82,-0.8413,0.0,0.0,-0.8374,0.0,-0.2084,0.3704,-0.792,-0.08527,1.0,0.0,0.5,0.5117,-0.09436,-0.004303,0.0,1.0,0.0,0.0,0.0,-0.482,0.643328,-0.0047607203014194,-0.5434392796985805,-0.0004829801434552584
0.6953,0.1665,0.2178,-0.01826,-2.197,0.2856,0.545,1.0,1.0,-0.12476,-0.2742,0.622,0.0,-0.1539,0.3384,-0.4326,-0.4614,0.1676,0.586,1.0221,-0.451,-0.548,0.748,-1.084,-0.82,-0.8413,0.0,0.0,-0.8364,0.0,-0.2024,0.0813,-0.583,0.1642,1.0,0.5,0.5,0.1112,0.3665,0.269,1.0,0.0,0.0,0.0,0.0,0.9443,-0.429292,-0.0100589878857135,1.0321589878857136,-0.0010204950311002562
0.802,-0.2568,0.118,-0.01823,-1.692,0.2856,0.545,0.0,1.0,-0.02864,-0.1926,0.5815,0.0,-0.1534,1.077,-0.4158,-0.4658,-0.2401,0.587,-0.8109000000000001,-0.4512,1.022,-0.548,0.748,-0.8193,-0.8413,0.0,0.0,-0.8364,0.0,-0.2075,0.006054,-0.5312,-0.2317,0.0,0.0,0.5,0.479,0.02429,-0.002438,0.0,1.0,0.0,0.0,0.0,-1.291,-1.20319024,0.0048139872960746,-0.8157139872960747,0.0004883841367779345
1.009,-1.091,-0.0953,-0.022,5.21,0.1428,0.545,0.0,1.0,0.1923,0.000908,0.4917,0.0,-0.1531,1.713,-0.4065,-0.4688,-1.068,0.5806,-1.8489,-0.4497,-0.8105,1.022,-0.548,-0.821,-0.842,0.0,0.0,-0.8364,0.0,-0.2188,-0.3767,-0.2632,-0.4346,0.0,-0.5,0.0,1.357,-0.6797,-0.5645,0.0,2.0,0.0,0.0,0.0,-2.486,0.0565739999999999,0.0253086257725954,-1.874208625772596,0.0025675870314538626
1.301,-1.1875,-0.1403,-0.02695,0.2351,0.0,0.545,0.0,1.0,0.262,0.0247,0.4736,0.0,-0.1526,2.906,-0.4053,-0.4714,-1.092,0.5645,-0.3925,-0.4514,-1.848,-0.8105,1.022,-0.8228,-0.8423,0.0,0.0,-0.8364,0.0,-0.2211,-0.4897,-0.1835,-0.1326,-1.0,-0.5,-0.5,1.428,-0.78,-0.6895,0.0,3.0,0.0,0.0,0.0,-0.8047,1.546264,0.0058149001561105,-0.3983149001561105,0.0005899278121293767
1.32,-0.1587,0.0958,-0.02739,-0.8604,-0.1428,0.545,0.0,1.0,0.033,-0.2148,0.577,0.0,-0.1521,1.084,-0.4058,-0.47,-0.0851,0.567,2.2851000000000004,-0.477,-0.3923,-1.848,-0.8105,-0.8228,-0.8433,0.0,0.0,-0.8354,0.0,-0.2087,-0.0559,-0.4875,1.134,0.0,0.0,0.0,0.4368,0.286,-0.08765,1.0,0.0,0.0,0.0,0.0,6.965,0.0214824,0.0004683645092882,2.284631635490712,4.751607814849409e-05
1.2,-0.0813,0.1015,-0.02983,-0.935,-0.2856,0.545,0.0,1.0,0.01825,-0.2102,0.5815,0.0,-0.1516,-0.3174,-0.4084,-0.468,-0.03998,0.567,0.0928,-0.4993,2.283,-0.3923,-1.848,-0.8228,-0.8438,0.0,0.0,-0.8345,0.0,-0.2084,-0.2339,-0.3604,0.02252,0.0,0.0,0.0,0.34,0.2559,-0.11676,2.0,0.0,0.0,0.0,0.0,0.1292,0.0675,0.0177832134068012,0.0750167865931987,0.0018041259344203735
1.078,-0.04562,0.0865,-0.03455,-14.766,-0.2856,0.545,1.0,1.0,0.02214,-0.186,0.577,0.0,-0.1512,-0.0816,-0.4143,-0.467,-0.04532,0.563,-0.09237,-0.4993,0.09265,2.283,-0.3923,-0.8228,-0.844,0.0,0.0,-0.8345,0.0,-0.209,-0.4746,-0.1887,-0.01163,0.0,-0.5,-0.5,0.323,0.1478,-0.1638,0.0,1.0,0.0,0.0,0.0,-0.0665,0.1935519999999999,-0.0041808956302702,-0.0881891043697297,-0.0004241563132111157
0.9595,0.03253,0.09265,-0.0369,2.47,-0.2856,0.545,1.0,1.0,0.00696,-0.182,0.5815,0.0,-0.1508,-0.3174,-0.4248,-0.4666,0.0232,0.5605,0.0928,-0.5005,-0.0924,0.09265,2.283,-0.823,-0.8447,0.0,0.0,-0.8345,0.0,-0.2085,-0.2617,-0.3403,0.01144,1.0,0.0,0.0,0.2078,0.0988,-0.1338,1.0,0.0,0.0,0.0,0.0,0.0656,0.0332464,-0.0074822516180574,0.1002822516180575,-0.0007590823932210974
0.82,0.175,0.1304,-0.0358,1.471,-0.1428,0.545,1.0,1.0,-0.03827,-0.2056,0.5996,0.0,-0.1503,-0.328,-0.4373,-0.4668,0.1937,0.5615,0.37,-0.5,0.09265,-0.0924,0.09265,-0.823,-0.845,0.0,0.0,-0.8345,0.0,-0.2064,0.1304,-0.619,0.04492,2.0,0.0,0.5,0.02724,0.2031,0.03806,2.0,0.0,0.0,0.0,0.0,0.2568,0.0492479999999999,0.0084290169179439,0.361570983082056,0.0008551327409429135
0.7324,0.0907,0.10565,-0.03687,-0.218,-0.1428,0.545,1.0,1.0,-0.02303,-0.1754,0.5903,0.0,-0.1499,-0.2072,-0.451,-0.468,0.112,0.5605,-0.1826,-0.5,0.3696,0.09265,-0.0924,-0.822,-0.8447,0.0,0.0,-0.8345,0.0,-0.2075,-0.1355,-0.43,-0.012314,1.0,0.0,0.0,0.1092,0.09985,-0.0477,0.0,1.0,0.0,0.0,0.0,-0.06964,-0.6813944,-0.0048767146654427,-0.1777232853345573,-0.0004947478951879682
0.7397,-0.3972,-0.02263,-0.0403,-2.898,-0.2856,0.545,0.0,1.0,0.09827,-0.0515,0.5366,0.0,-0.1494,1.1455,-0.4656,-0.4707,-0.3982,0.5576,-1.1029,-0.4983,-0.1827,0.3696,0.09265,-0.821,-0.8447,0.0,0.0,-0.8345,0.0,-0.2142,-0.4377,-0.2172,-0.1752,0.0,-0.5,-0.5,0.5786,-0.3752,-0.5684,0.0,2.0,0.0,0.0,0.0,-0.996,-0.1823239999999999,0.0209483690559864,-1.1238483690559864,0.0021252343450627524
0.6167,-0.0813,0.04617,-0.04092,-0.935,-0.1428,0.545,1.0,1.0,0.0226,-0.10925,0.568,0.0,-0.1489,0.1595,-0.48,-0.4744,-0.0665,0.556,0.6666,-0.5005,-1.103,-0.1827,0.3696,-0.821,-0.8447,0.0,0.0,-0.835,0.0,-0.2104,-0.0746,-0.4746,0.04037,1.0,0.0,0.0,0.268,-0.06866,-0.2313,1.0,0.0,0.0,0.0,0.0,0.2377,0.3702479999999999,-0.0149493291974067,0.6815493291974067,-0.0015166253640590212
0.615,0.1956,0.1041,-0.0419,18.77,-0.1428,0.545,1.0,1.0,-0.031,-0.1643,0.5947,0.0,-0.1486,0.596,-0.4822,-0.479,0.2174,0.5547,0.5597,-0.5137,0.666,-1.103,-0.1827,-0.821,-0.844,0.0,0.0,-0.8354,0.0,-0.2072,-0.1148,-0.4446,0.10315,1.0,0.5,0.0,0.03818,0.1643,0.1273,2.0,0.0,0.0,0.0,0.0,0.595,1.6687959999999993,-0.010489759966731,0.570189759966731,-0.001064197317374945
0.6895,1.2295,0.3577,-0.03827,4.125,0.0,0.545,1.0,1.0,-0.2402,-0.3923,0.7075,0.0,-0.1481,2.906,-0.4824,-0.4858,1.246,0.564,2.2911,-0.498,0.559,0.666,-1.103,-0.819,-0.8438,0.0,0.0,-0.835,0.0,-0.1936,0.423,-0.8223,0.707,1.0,1.0,0.5,-0.744,1.08,1.113,3.0,0.0,0.0,0.0,0.0,4.008,-0.2433999999999999,-0.028229858726263,2.319329858726263,-0.0028639492249244495
0.7144,0.9966,0.3108,-0.0369,-0.0567,0.0,0.545,1.0,1.0,-0.2008,-0.3557,0.6895,0.0,-0.1476,0.2742,-0.4878,-0.4934,0.9937,0.571,-0.3419,-0.4885,2.291,0.559,0.666,-0.8174,-0.8423,0.0,0.0,-0.834,0.0,-0.1959,0.1794,-0.6494,-0.0826,1.0,0.5,0.0,-0.542,0.824,0.8003,0.0,1.0,0.0,0.0,0.0,-0.437,-0.2977599999999999,-0.0435003265738487,-0.2983996734261513,-0.0044131544469697154
0.713,0.5815,0.2244,-0.03516,-0.2783,0.1428,0.545,1.0,1.0,-0.1289,-0.2815,0.6533,0.0,-0.1472,0.419,-0.4941,-0.501,0.5864,0.5757,-0.6913,-0.4849,-0.342,2.291,0.559,-0.8164,-0.842,0.0,0.0,-0.834,0.0,-0.2004,0.2002,-0.666,-0.0981,1.0,0.0,0.0,-0.2515,0.415,0.4368,0.0,2.0,0.0,0.0,0.0,-0.525,0.226382,-0.0339555777609348,-0.6573444222390652,-0.003444829517330157
0.5527,0.7095,0.2817,-0.02951,0.34,0.2856,0.545,1.0,1.0,-0.1898,-0.3176,0.68,0.0,-0.1467,-0.1544,-0.4897,-0.5073,0.7295,0.5874,0.5304,-0.4788,-0.6914,-0.342,2.291,-0.8154,-0.8413,0.0,0.0,-0.8335,0.0,-0.1973,0.783,-1.081,0.08844,1.0,0.5,0.5,-0.4075,0.589,0.596,1.0,0.0,0.0,0.0,0.0,0.4834,-0.613844,-0.0087158940732479,0.5391158940732479,-0.0008842367337948883
0.4868,-0.10034,0.1132,-0.02553,-0.961,0.2856,0.545,0.0,1.0,-0.04956,-0.1622,0.6084,0.0,-0.1462,1.037,-0.4705,-0.5083,-0.164,0.6064,-1.3909,-0.4792,0.53,-0.6914,-0.342,-0.8145,-0.8413,0.0,0.0,-0.8335,0.0,-0.2062,0.4675,-0.8594,-0.2676,0.0,0.0,0.5,0.1802,-0.07806,0.000877,0.0,1.0,0.0,0.0,0.0,-1.438,-1.7623519999999997,-0.0063639995642006,-1.3845360004357994,-0.0006456345317220997
0.6343,-1.198,-0.1565,-0.02887,18.77,0.2856,0.545,0.0,1.0,0.2257,0.0973,0.4917,0.0,-0.1459,2.906,-0.4658,-0.5083,-1.164,0.5913,-2.3629,-0.4714,-1.39,0.53,-0.6914,-0.8154,-0.8413,0.0,0.0,-0.834,0.0,-0.2208,-0.4417,-0.2169,-1.342,-1.0,-0.5,0.0,1.333,-0.9946,-0.8447,0.0,2.0,0.0,0.0,0.0,-6.73,-0.758712,-0.0017555658705532,-2.3611444341294465,-0.00017810402676925573
1.061,-1.81,-0.3223,-0.03467,0.718,0.2856,0.5366,0.0,0.0,0.4438,0.252,0.4197,0.0,-0.1454,2.906,-0.4656,-0.508,-1.629,0.564,-1.5699,-0.4524,-2.361,-1.39,0.53,-0.818,-0.8423,0.0,0.0,-0.8345,0.0,-0.2299,-0.678,-0.05167,-0.766,-1.0,-0.5,-0.5,2.037,-1.527,-1.152,0.0,3.0,0.0,0.0,0.0,-4.652,0.7294719999999999,0.0006656624027527,-1.5705656624027529,6.753215950922719e-05
1.018,-1.286,-0.2214,-0.03894,-0.19,0.1428,0.5283,0.0,0.0,0.3262,0.1376,0.4646,0.0,-0.1449,0.5117,-0.464,-0.508,-1.095,0.555,1.0321,-0.4456,-1.569,-2.361,-1.39,-0.8213,-0.8423,0.0,0.0,-0.8354,0.0,-0.2245,-0.4746,-0.1948,0.2131,0.0,0.0,0.0,1.47,-0.859,-0.779,1.0,0.0,0.0,0.0,0.0,1.36,0.0795199999999999,-0.0086283981800079,1.040728398180008,-0.0008753601822662885
1.106,-1.251,-0.2343,-0.04364,0.102,0.0,0.5205,0.0,0.0,0.3474,0.1448,0.4602,0.0,-0.1444,0.7695,-0.4617,-0.508,-1.092,0.55,-0.0999,-0.4382,1.031,-1.569,-2.361,-0.8247,-0.843,0.0,0.0,-0.836,0.0,-0.2251,-0.505,-0.1733,-0.01241,-1.0,-0.5,-0.5,1.401,-0.812,-0.7363,0.0,1.0,0.0,0.0,0.0,-0.0767,-0.3397304,-0.0023843538947403,-0.0975156461052596,-0.00024189524131178807
1.114,-0.945,-0.1855,-0.04822,-0.1466,-0.1428,0.5205,0.0,1.0,0.295,0.0895,0.4827,0.0,-0.144,-0.006084,-0.458,-0.5063,-0.821,0.5454,0.5015999999999999,-0.4375,-0.0999,1.031,-1.569,-0.827,-0.8438,0.0,0.0,-0.836,0.0,-0.2224,-0.487,-0.1849,0.06168,0.0,-0.5,-0.5,1.106,-0.482,-0.6006,1.0,0.0,0.0,0.0,0.0,0.3826,-0.086208,-0.0307926423847675,0.5323926423847675,-0.003123946355749433
1.113,-0.6143,-0.1266,-0.05154,-0.2754,-0.2856,0.5205,0.0,1.0,0.2327,0.0254,0.51,0.0,-0.1436,0.215,-0.4536,-0.504,-0.515,0.542,0.5924,-0.4407,0.501,-0.0999,1.031,-0.8296,-0.844,0.0,0.0,-0.836,0.0,-0.2192,-0.359,-0.275,0.1225,1.0,-0.5,0.0,0.762,-0.1981,-0.4626,2.0,0.0,0.0,0.0,0.0,0.748,0.7024839999999999,0.0018027606420218,0.5905972393579781,0.00018289198658438005
0.995,-0.1696,-0.02681,-0.0515,-0.7583,-0.2856,0.5205,0.0,1.0,0.1228,-0.0684,0.5547,0.0,-0.1431,0.645,-0.45,-0.5015,-0.04962,0.541,0.9691,-0.4407,0.5923,0.501,-0.0999,-0.8306,-0.844,0.0,0.0,-0.836,0.0,-0.2139,-0.03494,-0.5034,0.1611,2.0,0.0,0.5,0.3442,0.246,-0.1904,3.0,0.0,0.0,0.0,0.0,0.966,-0.7909140000000001,0.0033091041259467,0.9657908958740532,0.00033571213687592916
1.113,-0.586,-0.1315,-0.05396,5.176,-0.4285,0.5205,0.0,1.0,0.2378,0.0307,0.51,0.0,-0.1427,0.702,-0.446,-0.4993,-0.4875,0.539,-0.9409,-0.439,0.9688,0.5923,0.501,-0.83,-0.844,0.0,0.0,-0.8364,0.0,-0.2195,-0.2842,-0.3281,-0.1779,1.0,0.0,0.0,0.7656,-0.1278,-0.431,0.0,1.0,0.0,0.0,0.0,-1.035,-0.4617320000000001,0.0021587708033621,-0.943058770803362,0.0002190095965066438
1.189,-0.9116,-0.2252,-0.0586,0.8237,-0.5713,0.512,0.0,0.0,0.3442,0.1278,0.4692,0.0,-0.1422,0.757,-0.4412,-0.4963,-0.8447,0.5337,-0.8725,-0.434,-0.9404,0.9688,0.5923,-0.8296,-0.8447,0.0,0.0,-0.837,0.0,-0.2245,-0.4949,-0.18,-0.166,1.0,-0.5,-0.5,1.032,-0.55,-0.6187,0.0,2.0,0.0,0.0,0.0,-0.9956,-0.4000800000000001,0.0012493948452174,-0.8737493948452175,0.0001267524373140442
1.031,-1.18,-0.329,-0.0686,0.4785,-0.7144,0.504,0.0,0.0,0.4495,0.2622,0.424,0.0,-0.1417,0.8213,-0.4294,-0.489,-1.12,0.5146,-0.9965,-0.425,-0.872,-0.9404,0.9688,-0.83,-0.845,0.0,0.0,-0.838,0.0,-0.2301,-1.094,0.2451,-0.2186,0.0,-0.5,-1.0,1.441,-0.8843,-0.7876,0.0,3.0,0.0,0.0,0.0,-1.348,0.60698,-0.0110540278255939,-0.985445972174406,-0.0011214428924488555
1.021,-0.51,-0.2191,-0.0766,-0.5186,-0.857,0.4958,0.0,0.0,0.324,0.1346,0.4736,0.0,-0.1414,1.5,-0.4146,-0.479,-0.4556,0.4993,1.1311,-0.4236,-0.996,-0.872,-0.9404,-0.8296,-0.8457,0.0,0.0,-0.8384,0.0,-0.2242,-0.819,0.05157,0.2445,0.0,0.0,-0.5,0.877,-0.2874,-0.4873,1.0,0.0,0.0,0.0,0.0,1.556,-0.292464,0.0107072629034519,1.120392737096548,0.0010862632218869323
1.096,-0.822,-0.324,-0.08484,0.9106,-1.0,0.4878,0.0,0.0,0.4485,0.251,0.4287,0.0,-0.1409,0.557,-0.4014,-0.4683,-0.8247,0.4893,-0.9929,-0.4182,1.131,-0.996,-0.872,-0.8306,-0.846,0.0,0.0,-0.8394,0.0,-0.2299,-0.839,0.0633,-0.1906,-1.0,0.0,-0.5,1.289,-0.645,-0.664,0.0,1.0,0.0,0.0,0.0,-1.171,0.577812,-0.0070074056275188,-0.9858925943724812,-0.0007109087618987301
1.06,-0.2329,-0.2344,-0.09265,-0.7163,-1.143,0.4797,0.0,0.0,0.3438,0.1489,0.4692,0.0,-0.1404,0.757,-0.393,-0.4573,-0.2986,0.4795,0.9231,-0.416,-0.9927,1.131,-0.996,-0.831,-0.8467,0.0,0.0,-0.8394,0.0,-0.2249,-0.7803,0.02356,0.0768,0.0,0.0,-0.5,0.7827,-0.2125,-0.4355,1.0,0.0,0.0,0.0,0.0,0.487,0.8264479999999997,-0.0075853979215025,0.9306853979215026,-0.000769546695528448
0.9326,0.481,-0.099,-0.0959,-4.9,-1.0,0.4797,1.0,1.0,0.19,0.01113,0.53,0.0,-0.14,0.9165,-0.3982,-0.4465,0.4229,0.4722,1.3451,-0.4167,0.9224,-0.9927,1.131,-0.8315,-0.847,0.0,0.0,-0.84,0.0,-0.2175,-0.3542,-0.277,0.1497,1.0,0.5,0.0,0.1407,0.2988,-0.1197,2.0,0.0,0.0,0.0,0.0,0.923,0.8104340000000002,-0.0065094796009361,1.351609479600936,-0.0006603936363457086
0.638,1.098,0.04507,-0.0931,1.306,-0.857,0.4797,1.0,1.0,0.02533,-0.11,0.5947,0.0,-0.1395,0.3657,-0.404,-0.438,1.125,0.4714,1.3871,-0.4167,1.345,0.9224,-0.9927,-0.83,-0.8467,0.0,0.0,-0.84,0.0,-0.2096,0.276,-0.723,0.281,2.0,0.5,0.5,-0.387,0.807,0.2106,3.0,0.0,0.0,0.0,0.0,1.662,0.27032,-0.0166361518204212,1.4037361518204212,-0.0016877553151725569
0.4004,1.087,0.07135,-0.08746,0.1236,-0.7144,0.4797,1.0,1.0,-0.01819,-0.11554,0.6084,0.0,-0.139,0.352,-0.4102,-0.4358,1.009,0.4941,0.2751,-0.4304,1.386,1.345,0.9224,-0.828,-0.846,0.0,0.0,-0.8403,0.0,-0.2081,0.654,-0.992,0.09143,2.0,0.5,1.0,-0.4612,0.8086,0.341,4.0,0.0,0.0,0.0,0.0,0.5186,-0.3988879999999999,0.0197516940534114,0.2553483059465885,0.002003830391917117
0.4966,0.5312,-0.03348,-0.08466,-0.3748,-0.5713,0.4797,1.0,1.0,0.0894,-0.02051,0.5635,0.0,-0.1387,0.8687,-0.4172,-0.4365,0.4407,0.503,-0.9086,-0.4458,0.275,1.386,1.345,-0.826,-0.846,0.0,0.0,-0.841,0.0,-0.2137,0.2974,-0.74,-0.1466,2.0,0.0,0.5,0.00987,0.419,0.1543,0.0,1.0,0.0,0.0,0.0,-0.8237,-0.0328279999999999,-0.0145482830703258,-0.8940517169296741,-0.0014759388074612814
0.4285,0.538,-0.01636,-0.0814,0.1453,-0.4285,0.4797,1.0,1.0,0.0672,-0.0321,0.5723,0.0,-0.1382,-0.0782,-0.4246,-0.439,0.4917,0.507,0.1871,-0.4556,-0.908,0.275,1.386,-0.8247,-0.846,0.0,0.0,-0.8413,0.0,-0.2128,0.3472,-0.7754,0.01591,2.0,0.5,1.0,-0.05078,0.4478,0.2607,1.0,0.0,0.0,0.0,0.0,0.09204,-0.102624,0.0060754003934562,0.1810245996065437,0.0006163558385702166
0.4685,0.381,-0.03958,-0.0792,-0.1376,-0.2856,0.4797,1.0,1.0,0.09314,-0.01199,0.5635,0.0,-0.1377,0.634,-0.432,-0.4448,0.3528,0.511,-0.1858,-0.4739,0.187,-0.908,0.275,-0.8228,-0.846,0.0,0.0,-0.842,0.0,-0.2139,0.2316,-0.6934,-0.02446,1.0,0.5,0.5,0.03702,0.3184,0.2986,0.0,1.0,0.0,0.0,0.0,-0.1407,0.226544,-0.0257888510823249,-0.160011148917675,-0.002616306400435663
0.4072,0.5137,-0.001542,-0.0773,0.4395,-0.1428,0.4797,1.0,1.0,0.0512,-0.04517,0.5815,0.0,-0.1372,-0.08496,-0.439,-0.4585,0.4983,0.515,0.3741,-0.4775,-0.1859,0.187,-0.908,-0.8213,-0.846,0.0,0.0,-0.842,0.0,-0.2118,0.2002,-0.67,0.0603,1.0,1.0,0.5,-0.11694,0.4124,0.4666,1.0,0.0,0.0,0.0,0.0,0.3489,0.0297251999999999,-0.0167119167745113,0.3908119167745113,-0.0016954417504341298
0.3074,0.8394,0.07635,-0.0758,0.7183,0.0,0.4797,1.0,1.0,-0.03026,-0.1127,0.617,0.0,-0.1368,-0.1112,-0.446,-0.4707,0.83,0.5186,0.7398,-0.4692,0.374,-0.1859,0.187,-0.82,-0.846,0.0,0.0,-0.8413,0.0,-0.2074,0.1678,-0.645,0.1058,1.0,1.0,0.5,-0.3792,0.654,0.643,2.0,0.0,0.0,0.0,0.0,0.605,0.8702292000000001,-0.011956837028265,0.751756837028265,-0.0012130338473068443
0.299,1.398,0.2251,-0.0704,0.782,0.1428,0.4797,1.0,1.0,-0.1627,-0.2479,0.685,0.0,-0.1364,1.367,-0.445,-0.4749,1.272,0.541,1.3551,-0.4578,0.7393,0.374,-0.1859,-0.819,-0.8457,0.0,0.0,-0.84,0.0,-0.1995,0.606,-0.954,0.656,2.0,1.5,1.0,-0.8027,1.13,0.937,3.0,0.0,0.0,0.0,0.0,3.666,0.686964,-0.017011247575283,1.372111247575283,-0.0017258091788785585
0.2268,1.691,0.3323,-0.06204,0.3447,0.2856,0.4797,1.0,1.0,-0.257,-0.3335,0.7344,0.0,-0.1359,0.2343,-0.43,-0.4731,1.524,0.563,0.9537,-0.436,1.3545,0.7393,0.374,-0.817,-0.845,0.0,0.0,-0.839,0.0,-0.1936,0.948,-1.195,0.301,2.0,1.5,1.5,-1.05,1.378,0.989,4.0,0.0,0.0,0.0,0.0,1.613,0.13952,-0.0195058081299066,0.9732058081299066,-0.001978885003175718
0.222,1.775,0.4082,-0.05106,0.1843,0.4285,0.4797,1.0,1.0,-0.3174,-0.3948,0.77,0.0,-0.1355,0.825,-0.3977,-0.4622,1.56,0.5923,0.6734,-0.4138,0.953,1.3545,0.7393,-0.814,-0.8447,0.0,0.0,-0.837,0.0,-0.1895,1.289,-1.437,0.2393,3.0,1.5,2.0,-1.187,1.479,0.9487,5.0,0.0,0.0,0.0,0.0,1.246,-0.3807308,0.0067746336571872,0.6666253663428128,0.0006872937976695566
0.1334,1.746,0.4531,-0.04108,0.11615,0.5713,0.4797,1.0,1.0,-0.359,-0.4229,0.7925,0.0,-0.135,0.1852,-0.362,-0.444,1.501,0.618,0.4120999999999999,-0.3926,0.673,0.953,1.3545,-0.8105,-0.8438,0.0,0.0,-0.8354,0.0,-0.1868,1.247,-1.406,0.1131,3.0,1.5,2.0,-1.225,1.464,0.861,5.92,0.0,0.0,0.0,0.0,0.577,-0.665136,-0.006444287020713,0.418544287020713,-0.000653779779669654
0.234,1.019,0.3381,-0.03102,-0.2917,0.7144,0.4797,1.0,1.0,-0.2612,-0.3389,0.743,0.0,-0.1345,0.858,-0.3296,-0.4229,0.8135,0.6387,-0.8954,-0.3828,0.412,0.673,0.953,-0.808,-0.8438,0.0,0.0,-0.8345,0.0,-0.193,1.217,-1.387,-0.2032,2.0,1.0,2.0,-0.748,0.989,0.556,0.0,1.0,0.0,0.0,0.0,-1.023,-1.333968,-0.0005570169887505,-0.8948429830112494,-5.650996658079709e-05
0.4067,0.01339,0.1326,-0.02545,-0.8433,0.857,0.4797,1.0,1.0,-0.0734,-0.1736,0.6533,0.0,-0.1342,1.196,-0.3083,-0.4038,-0.11237,0.646,-1.6749,-0.3813,-0.895,0.412,0.673,-0.807,-0.8438,0.0,0.0,-0.834,0.0,-0.2041,0.6074,-0.9565,-0.401,1.0,1.0,1.5,0.03833,0.248,0.1549,0.0,2.0,0.0,0.0,0.0,-2.076,-0.3816240000000001,-0.0157279185950756,-1.6591720814049244,-0.0015956140874391264
0.3867,-0.3132,0.06836,-0.02289,-3.55,0.7144,0.4797,0.0,1.0,-0.01654,-0.11163,0.6265,0.0,-0.1337,0.1082,-0.2986,-0.3877,-0.4014,0.6494,-0.5302,-0.3835,-1.674,-0.895,0.412,-0.807,-0.8438,0.0,0.0,-0.833,0.0,-0.2076,0.2966,-0.7363,-0.1495,0.0,0.5,1.0,0.2354,-0.03125,0.01924,0.0,3.0,0.0,0.0,0.0,-0.8174,0.1983679999999999,-0.0066503142006695,-0.5235496857993305,-0.0006746814564393237
0.4304,-0.7373,-0.03485,-0.02388,2.088,0.5713,0.4797,0.0,1.0,0.08545,-0.013664,0.5815,0.0,-0.1332,0.3796,-0.2988,-0.374,-0.836,0.6504,-0.8983,-0.3909,-0.53,-1.674,-0.895,-0.8086,-0.844,0.0,0.0,-0.8325,0.0,-0.2133,-0.1512,-0.4192,-0.2056,-1.0,0.5,0.5,0.6406,-0.373,-0.1978,0.0,4.0,0.0,0.0,0.0,-1.143,-0.6180880000000002,0.0506978966295719,-0.948997896629572,0.005143355592583336
0.485,-1.084,-0.127,-0.02655,0.6978,0.4285,0.4797,0.0,1.0,0.1829,0.07776,0.541,0.0,-0.1328,0.423,-0.3005,-0.3645,-1.193,0.6475,-0.8319,-0.4038,-0.898,-0.53,-1.674,-0.811,-0.8447,0.0,0.0,-0.832,0.0,-0.2184,-0.364,-0.2695,-0.2013,-2.0,0.0,0.0,0.956,-0.6973,-0.4214,0.0,5.0,0.0,0.0,0.0,-1.151,1.0453759999999996,0.0248236209154129,-0.8567236209154129,0.0025183827722940334
0.4504,-0.4622,0.0201,-0.02574,-0.5293,0.2856,0.4797,0.0,1.0,0.0339,-0.0701,0.6084,0.0,-0.1323,1.494,-0.3066,-0.359,-0.54,0.646,1.4241,-0.4128,-0.8315,-0.898,-0.53,-0.8135,-0.844,0.0,0.0,-0.8315,0.0,-0.2102,0.078,-0.5815,0.268,-1.0,0.0,0.5,0.367,0.02463,-0.1373,1.0,0.0,0.0,0.0,0.0,1.574,0.361492,-0.002889220137149,1.426989220137149,-0.0002931144591498053
0.4102,-0.2048,0.0857,-0.02434,-0.589,0.1428,0.4797,0.0,1.0,-0.03064,-0.13,0.64,0.0,-0.1318,-0.1271,-0.3176,-0.357,-0.2488,0.6465,0.6361,-0.4316,1.423,-0.8315,-0.898,-0.816,-0.8433,0.0,0.0,-0.83,0.0,-0.2064,0.1544,-0.6343,0.1236,0.0,0.0,0.5,0.1266,0.311,-0.02405,2.0,0.0,0.0,0.0,0.0,0.695,-0.0317359999999999,0.0189552493393421,0.6171447506606579,0.0019230302276771205
0.4387,-0.457,0.03,-0.0236,2.316,0.0,0.4797,0.0,1.0,0.02359,-0.07886,0.617,0.0,-0.1315,0.57,-0.334,-0.359,-0.483,0.649,-0.4455,-0.4465,0.6357,1.423,-0.8315,-0.8174,-0.843,0.0,0.0,-0.8296,0.0,-0.2092,0.10016,-0.5967,-0.0454,0.0,-0.5,0.5,0.331,0.11584,-0.1985,0.0,1.0,0.0,0.0,0.0,-0.2502,-0.1980239999999999,-0.0220142416656017,-0.4234857583343983,-0.002233368256173544
0.4622,-0.6416,-0.01375,-0.02374,0.6577,-0.1428,0.4797,0.0,1.0,0.0674,-0.03754,0.5996,0.0,-0.131,-0.09827,-0.3572,-0.365,-0.674,0.6514,-0.3612,-0.4526,-0.4453,0.6357,1.423,-0.8184,-0.8423,0.0,0.0,-0.829,0.0,-0.2115,-0.02962,-0.505,-0.0444,0.0,-1.0,0.0,0.4617,-0.05173,-0.3406,0.0,2.0,0.0,0.0,0.0,-0.2482,-0.5529179999999997,0.0049918638542294,-0.3661918638542294,0.0005064299029930424
0.5864,-1.072,-0.126,-0.02654,0.955,-0.2856,0.4797,0.0,1.0,0.1898,0.06824,0.55,0.0,-0.1305,0.6504,-0.3914,-0.375,-1.13,0.65,-1.0049,-0.449,-0.3613,-0.4453,0.6357,-0.8193,-0.8423,0.0,0.0,-0.8296,0.0,-0.2177,-0.3325,-0.2915,-0.125,0.0,-1.5,-0.5,0.8574,-0.4834,-0.631,0.0,3.0,0.0,0.0,0.0,-0.707,-0.2611607999999999,0.0288223139941692,-1.0337223139941691,0.0029240544426577504
0.4424,-0.782,-0.0786,-0.03094,-0.1792,-0.4285,0.4797,0.0,1.0,0.13,0.03029,0.5723,0.0,-0.13,0.1555,-0.4263,-0.3838,-0.887,0.6465,0.4718,-0.447,-1.005,-0.3613,-0.4453,-0.82,-0.842,0.0,0.0,-0.8296,0.0,-0.215,-0.5225,-0.1548,0.05246,0.0,-1.0,-0.5,0.58,-0.26,-0.4736,1.0,0.0,0.0,0.0,0.0,0.3062,0.8017519999999999,0.0205315388739109,0.4512684611260891,0.0020829464792800714
0.5054,-0.10626,0.05676,-0.03522,-0.897,-0.5713,0.4797,0.0,1.0,0.003765,-0.11035,0.6353,0.0,-0.1296,1.897,-0.4622,-0.3943,-0.2136,0.6387,1.3021,-0.4502,0.4714,-1.005,-0.3613,-0.8184,-0.842,0.0,0.0,-0.829,0.0,-0.2074,-0.4624,-0.1942,0.4082,0.0,-0.5,-0.5,0.0569,0.3225,-0.1063,2.0,0.0,0.0,0.0,0.0,2.348,0.5578880000000002,-0.0035888119600713,1.3056888119600714,-0.00036408879446087094
0.3838,0.3535,0.1416,-0.03943,-14.766,-0.5713,0.4797,1.0,1.0,-0.08325,-0.1799,0.676,0.0,-0.1292,0.0676,-0.486,-0.4072,0.274,0.628,0.8041,-0.452,1.301,0.4714,-1.005,-0.8174,-0.841,0.0,0.0,-0.8286,0.0,-0.2025,-0.4429,-0.2059,0.11316,1.0,0.0,-0.5,-0.2196,0.633,0.1198,3.0,0.0,0.0,0.0,0.0,0.6255,0.3876240000000001,0.0090719629079103,0.7950280370920897,0.0009203602961881503
0.3225,0.641,0.1862,-0.04367,0.8403,-0.5713,0.4797,1.0,1.0,-0.1274,-0.2153,0.698,0.0,-0.1287,-0.1661,-0.4854,-0.4229,0.5996,0.617,0.4359,-0.4539,0.8037,1.301,0.4714,-0.8164,-0.8403,0.0,0.0,-0.828,0.0,-0.1998,-0.4429,-0.2047,0.0713,2.0,0.5,-0.5,-0.3667,0.7207,0.226,4.0,0.0,0.0,0.0,0.0,0.3845,-0.1066783999999999,0.0211508069187402,0.4147491930812597,0.002145771881780558
0.2361,0.6743,0.1802,-0.0464,0.182,-0.5713,0.4797,1.0,1.0,-0.1292,-0.2029,0.698,0.0,-0.1283,-0.1661,-0.4731,-0.4407,0.67,0.6104,0.0001,-0.4553,0.4355,0.8037,1.301,-0.8154,-0.8394,0.0,0.0,-0.827,0.0,-0.2,-0.2756,-0.3242,0.0,2.0,0.5,-0.5,-0.3936,0.563,0.1913,0.0,0.0,0.0,0.0,0.0,0.0,-0.08806,-0.0068522063083946,0.0069522063083946,-0.0006951636257283871
0.11536,0.641,0.1732,-0.0462,0.0868,-0.5713,0.4797,1.0,1.0,-0.1327,-0.1865,0.698,0.0,-0.1278,-0.1661,-0.4648,-0.463,0.6772,0.6094,0.0001,-0.4548,0.0,0.4355,0.8037,-0.814,-0.8384,0.0,0.0,-0.827,0.0,-0.2001,0.12286,-0.6084,0.0,1.0,0.0,-0.5,-0.366,0.4773,0.1638,0.0,0.0,0.0,0.0,0.0,0.0,0.05432,-0.0036638197489082,0.0037638197489082,-0.0003716984145013313
0.11536,0.589,0.1653,-0.04526,0.05585,-0.4285,0.4797,1.0,1.0,-0.1257,-0.1794,0.698,0.0,-0.1273,0.04996,-0.4607,-0.4817,0.6523,0.612,0.0001,-0.4543,0.0,0.0,0.4355,-0.8115,-0.8374,0.0,0.0,-0.8267,0.0,-0.2001,0.2754,-0.7173,0.0,0.0,-0.5,-0.5,-0.3608,0.378,0.1581,0.0,0.0,0.0,0.0,0.0,0.0,0.382276,-0.0118795949965715,0.0119795949965715,-0.001205197560949719
0.0835,0.7866,0.2266,-0.04172,0.4487,-0.2856,0.4797,1.0,1.0,-0.1812,-0.2313,0.73,0.0,-0.127,0.2382,-0.461,-0.497,0.8706,0.62,0.6021,-0.4548,0.0,0.0,0.0,-0.8096,-0.837,0.0,0.0,-0.827,0.0,-0.1964,0.694,-1.015,0.09656,0.0,0.0,0.0,-0.5557,0.5576,0.3665,1.0,0.0,0.0,0.0,0.0,0.5137,0.4119439999999999,0.0039741205982863,0.5981258794017136,0.00040317876605700664
0.05338,0.77,0.2485,-0.03625,0.1125,-0.1428,0.4797,1.0,1.0,-0.2021,-0.248,0.743,0.0,-0.1265,0.016,-0.4624,-0.5044,0.828,0.637,0.2532999999999999,-0.4585,0.6016,0.0,0.0,-0.808,-0.836,0.0,0.0,-0.827,0.0,-0.1948,1.057,-1.272,0.04285,0.0,0.5,0.5,-0.6416,0.5356,0.4805,2.0,0.0,0.0,0.0,0.0,0.2236,1.1089879999999996,0.0091926008462905,0.2441073991537093,0.0009325991434835153
-0.02133,1.543,0.456,-0.02988,1.104,0.0,0.4797,1.0,1.0,-0.3733,-0.412,0.8423,0.0,-0.126,0.9424,-0.4514,-0.5005,1.39,0.6733,1.8421,-0.448,0.2532,0.6016,0.0,-0.8057,-0.835,0.0,0.0,-0.8267,0.0,-0.183,1.134,-1.322,0.852,1.0,1.0,0.5,-1.183,1.22,1.035,3.0,0.0,0.0,0.0,0.0,4.414,0.2297919999999999,-0.0016091880388557,1.843709188038856,-0.0001632538398908437
0.01029,1.549,0.4854,-0.02412,0.1372,0.1428,0.4797,1.0,1.0,-0.3928,-0.4375,0.86,0.0,-0.1256,0.3296,-0.4285,-0.4875,1.298,0.6987,0.3167999999999999,-0.4287,1.841,0.2532,0.6016,-0.803,-0.8345,0.0,0.0,-0.826,0.0,-0.1809,1.103,-1.299,0.112,2.0,1.0,0.5,-1.182,1.203,0.9585,4.0,0.0,0.0,0.0,0.0,0.549,-0.178276,-0.0090743340551853,0.3258743340551853,-0.0009206008516038281
-0.0311,1.3125,0.4614,-0.01772,-0.02162,0.2856,0.4797,1.0,1.0,-0.3782,-0.4155,0.8535,0.0,-0.1251,-0.2578,-0.4016,-0.4717,1.05,0.718,-0.1175,-0.411,0.3167,1.841,0.2532,-0.801,-0.8335,0.0,0.0,-0.825,0.0,-0.182,1.24,-1.397,-0.0406,2.0,0.5,0.5,-1.029,1.019,0.767,0.0,1.0,0.0,0.0,0.0,-0.1969,0.038552,-0.0350763164460659,-0.082423683553934,-0.0035585296502195205
-0.04074,1.226,0.4763,-0.01036,0.06696,0.4285,0.4797,1.0,1.0,-0.3901,-0.4263,0.8647,0.0,-0.12463,-0.264,-0.3723,-0.4539,0.973,0.7363,0.1969,-0.396,-0.11755,0.3167,1.841,-0.7983,-0.8325,0.0,0.0,-0.8237,0.0,-0.1808,1.433,-1.45,0.0704,2.0,0.5,1.0,-1.031,0.9443,0.6943,1.0,0.0,0.0,0.0,0.0,0.3425,-0.043988,-0.0111967585980892,0.2080967585980892,-0.0011359230812880753
-0.005444,1.343,0.554,4.095e-05,0.2297,0.5713,0.4797,1.0,1.0,-0.4443,-0.488,0.887,1.0,-0.171,1.157,-0.3398,-0.433,1.122,0.7417,0.7037,-0.3818,0.1967,-0.11755,0.3167,-0.7954,-0.831,0.0,0.0,-0.8223,0.0,-0.176,1.574,-1.45,0.2251,2.0,0.5,1.5,-1.171,1.116,0.7397,2.0,0.0,0.0,0.0,0.0,1.089,-0.081504,-0.0105925984680652,0.7142925984680653,-0.0010746303928304188
0.1874,1.037,0.526,0.009605,-0.0966,0.7144,0.4797,1.0,1.0,-0.4084,-0.483,0.878,0.0,-0.1705,2.232,-0.3025,-0.4084,0.7705,0.77,-0.153,-0.3794,0.7036,0.1967,-0.11755,-0.793,-0.83,0.0,0.0,-0.8203,0.0,-0.1776,1.574,-1.45,-0.10925,1.0,0.5,1.0,-1.046,0.8833,0.6187,0.0,1.0,0.0,0.0,0.0,-0.517,-0.138144,0.0265226829797029,-0.1795226829797029,0.002690754427756655
0.1031,0.786,0.4985,0.01675,-0.1062,0.857,0.4797,1.0,1.0,-0.395,-0.455,0.869,0.0,-0.1702,0.501,-0.268,-0.3838,0.5117,0.7896,-0.1537,-0.3745,-0.153,0.7036,0.1967,-0.791,-0.829,0.0,0.0,-0.819,0.0,-0.1788,1.574,-1.45,-0.03375,0.0,0.5,0.5,-0.9175,0.687,0.509,0.0,2.0,0.0,0.0,0.0,-0.1605,-0.487388,0.0020809131674468,-0.1557809131674468,0.00021111085644576533
0.1702,0.2059,0.3735,0.02052,-0.581,0.857,0.4797,1.0,1.0,-0.2944,-0.3625,0.816,0.0,-0.1697,0.1532,-0.2437,-0.363,-0.02364,0.798,-0.9271,-0.3748,-0.1537,-0.153,0.7036,-0.791,-0.8286,0.0,0.0,-0.818,0.0,-0.1855,0.992,-1.222,-0.1829,0.0,0.5,0.0,-0.45,0.2524,0.252,0.0,3.0,0.0,0.0,0.0,-0.874,0.6325399999999997,-0.0106130242347717,-0.9164869757652284,-0.0010767026086106965
0.1652,0.5576,0.4795,0.02513,1.441,0.857,0.4797,1.0,1.0,-0.376,-0.4458,0.869,0.0,-0.1692,0.307,-0.2299,-0.345,0.3762,0.8047,0.9547,-0.374,-0.927,-0.1537,-0.153,-0.791,-0.828,0.0,0.0,-0.817,0.0,-0.179,1.091,-1.289,0.0747,0.0,0.5,0.0,-0.7197,0.631,0.4143,1.0,0.0,0.0,0.0,0.0,0.3677,0.0892319999999999,-0.0140423364937305,0.9687423364937304,-0.0014246099885697706
0.12445,0.6523,0.5273,0.03069,0.2917,0.857,0.4797,1.0,1.0,-0.4143,-0.4785,0.887,1.0,-0.171,-0.481,-0.2269,-0.3296,0.548,0.8027,0.4637,-0.376,0.9546,-0.927,-0.1537,-0.79,-0.8276,0.0,0.0,-0.815,0.0,-0.1758,1.162,-1.339,0.04483,0.0,0.5,0.5,-0.7983,0.757,0.465,2.0,0.0,0.0,0.0,0.0,0.2142,-0.5750239999999999,-0.0055209216661751,0.4692209216661751,-0.0005601033813180503
0.2227,0.0833,0.4036,0.0347,-0.6953,0.857,0.4797,1.0,1.0,-0.3137,-0.391,0.834,0.0,-0.1705,0.3296,-0.2328,-0.316,0.01026,0.8115,-0.9139,-0.3962,0.4634,0.9546,-0.927,-0.79,-0.827,0.0,0.0,-0.8135,0.0,-0.1825,0.729,-1.032,-0.1722,0.0,0.0,0.5,-0.316,0.3538,0.2136,0.0,1.0,0.0,0.0,0.0,-0.8115,-0.0532479999999999,-0.010612491518259,-0.903287508481741,-0.0010766485639532844
0.2698,-0.0167,0.3955,0.03876,-0.5156,0.857,0.4797,1.0,1.0,-0.3037,-0.3884,0.834,0.0,-0.1702,0.527,-0.2482,-0.3044,-0.05902,0.8193,0.0001,-0.418,-0.9136,0.4634,0.9546,-0.7905,-0.827,0.0,0.0,-0.812,0.0,-0.1826,0.729,-1.032,0.0,0.0,-0.5,0.5,-0.303,0.2798,0.1832,0.0,0.0,0.0,0.0,0.0,0.0,0.021864,0.0105595886707305,-0.0104595886707305,0.0010712815137443302
0.2314,0.3296,0.5034,0.0437,5.86,0.857,0.4797,1.0,1.0,-0.3882,-0.4695,0.887,1.0,-0.171,-0.09827,-0.2717,-0.2957,0.3208,0.8193,0.9411,-0.4282,0.0,-0.9136,0.4634,-0.7905,-0.826,0.0,0.0,-0.8105,0.0,-0.1761,0.797,-1.078,0.166,1.0,0.0,0.5,-0.5894,0.645,0.4202,1.0,0.0,0.0,0.0,0.0,0.805,-0.7004680000000002,0.002879527863115,0.9382204721368848,0.00029213116762941214
0.4106,-0.3057,0.353,0.046,-1.519,0.7144,0.4797,0.0,1.0,-0.259,-0.3657,0.821,0.0,-0.1705,1.334,-0.3013,-0.2913,-0.3032,0.8193,-1.1429,-0.4397,0.9404,0.0,-0.9136,-0.791,-0.825,0.0,0.0,-0.8096,0.0,-0.1846,0.3518,-0.764,-0.3054,0.0,-0.5,0.0,-0.09735,0.0785,0.01654,0.0,1.0,0.0,0.0,0.0,-1.438,0.21040576,0.0032004392705857,-1.1461004392705858,0.00032468797160094905
0.3418,0.08014,0.4507,0.04645,-1.704,0.7144,0.4797,1.0,1.0,-0.3403,-0.4382,0.869,0.0,-0.1702,1.072,-0.3242,-0.2917,0.05423,0.8193,0.8688,-0.4475,-1.142,0.9404,0.0,-0.79,-0.824,0.0,0.0,-0.8086,0.0,-0.1786,0.1637,-0.627,0.1884,0.0,-0.5,0.0,-0.3882,0.4333,0.2693,1.0,0.0,0.0,0.0,0.0,0.9204,0.1571936,0.0268378350883722,0.8419621649116278,0.002722726944732698
0.368,-0.365,0.3296,0.0445,-2.812,0.5713,0.4797,0.0,1.0,-0.2437,-0.3428,0.8164,0.0,-0.1697,-0.2517,-0.3467,-0.2983,-0.4006,0.8193,-0.9229,-0.4604,0.868,-1.142,0.9404,-0.791,-0.823,0.0,0.0,-0.808,0.0,-0.1853,-0.1743,-0.3887,-0.2004,0.0,-0.5,-0.5,0.0698,0.04877,-0.10956,0.0,1.0,0.0,0.0,0.0,-0.953,-0.9803744000000002,0.0233074538409709,-0.946207453840971,0.002364566008285064
0.5654,-1.032,0.1433,0.04004,2.646,0.4285,0.4797,0.0,1.0,-0.07025,-0.1967,0.732,0.0,-0.1692,0.633,-0.374,-0.312,-1.025,0.8193,-1.5039,-0.47,-0.9224,0.868,-1.142,-0.793,-0.8228,0.0,0.0,-0.8076,0.0,-0.196,-0.4639,-0.1866,-0.7217,0.0,-0.5,-0.5,0.7812,-0.5317,-0.765,0.0,2.0,0.0,1.0,-7.004,-3.535,0.5430800000000001,-0.0030580111779272,-1.5008419888220728,-0.0003102384899534447
0.532,-0.65,0.2222,0.03638,-0.2966,0.2856,0.4797,0.0,1.0,-0.1416,-0.2646,0.772,0.0,-0.1688,-0.02246,-0.4036,-0.3315,-0.675,0.8193,0.7477,-0.4858,-1.504,-0.9224,0.868,-0.794,-0.8223,0.0,0.0,-0.807,0.0,-0.1912,-0.3396,-0.2732,0.0872,0.0,0.0,-0.5,0.422,-0.166,-0.564,1.0,0.0,0.0,0.0,0.0,0.4482,-0.6240280000000001,-0.01461046282202,0.7623104628220201,-0.0014822470094752337
0.535,-0.9805,0.1114,0.02963,0.755,0.1428,0.4797,0.0,1.0,-0.04407,-0.1646,0.723,0.0,-0.1683,0.6426,-0.4324,-0.3567,-1.004,0.8193,-0.8929,-0.4895,0.7476,-1.504,-0.9224,-0.7954,-0.822,0.0,0.0,-0.807,0.0,-0.1973,-0.658,-0.04855,-0.1881,0.0,-0.5,-1.0,0.8203,-0.487,-1.031,0.0,1.0,0.0,0.0,0.0,-0.945,-0.2968280000000001,-0.0033175055868923,-0.8895824944131077,-0.0003365644740341382
0.3057,-0.75,0.1423,0.02373,-0.1404,0.0,0.4797,0.0,1.0,-0.0902,-0.1742,0.7407,0.0,-0.1678,-0.208,-0.4485,-0.386,-0.68,0.7983,0.3341,-0.4934,-0.8926,0.7476,-1.504,-0.798,-0.8213,0.0,0.0,-0.807,0.0,-0.1953,-0.5547,-0.1214,0.1265,0.0,-0.5,-0.5,0.638,-0.283,-0.914,1.0,0.0,0.0,0.0,0.0,0.654,0.443976,0.0120369549840688,0.3220630450159311,0.0012211618992270389
0.2437,-0.4614,0.1909,0.01883,-0.3281,-0.1428,0.4797,0.0,1.0,-0.1378,-0.213,0.7676,0.0,-0.1674,0.1852,-0.4526,-0.4102,-0.3862,0.791,0.4959,-0.4905,0.334,-0.8926,0.7476,-0.7983,-0.8203,0.0,0.0,-0.807,0.0,-0.1921,-0.4182,-0.2173,0.1013,1.0,0.0,0.0,0.377,-0.06976,-0.622,2.0,0.0,0.0,0.0,0.0,0.518,-0.211352,0.0260103121399879,0.469889687860012,0.002638773860531552
0.266,-0.5454,0.1559,0.015594,0.37,-0.2856,0.4797,0.0,1.0,-0.1054,-0.1833,0.7544,0.0,-0.167,0.2993,-0.4517,-0.4316,-0.4646,0.7866,-0.244,-0.4866,0.4956,0.334,-0.8926,-0.8003,-0.8193,0.0,0.0,-0.8076,0.0,-0.1938,-0.292,-0.308,-0.03598,1.0,0.0,0.0,0.43,-0.1991,-0.6836,0.0,1.0,0.0,0.0,0.0,-0.1812,0.3214628,0.0155396796762943,-0.2595396796762943,0.0015765170487053559
0.2522,-0.626,0.1124,0.01004,0.3188,-0.4285,0.4797,0.0,1.0,-0.0676,-0.1421,0.7363,0.0,-0.1665,0.002916,-0.4468,-0.4512,-0.5957,0.7837,-0.328,-0.481,-0.244,0.4956,0.334,-0.8013,-0.8193,0.0,0.0,-0.808,0.0,-0.1962,-0.5854,-0.09973,-0.0292,0.0,-0.5,-0.5,0.539,-0.325,-0.7627,0.0,2.0,0.0,0.0,0.0,-0.1482,0.1115159999999999,-0.0174812264740467,-0.3105187735259533,-0.0017734890385582294
0.2942,-0.3508,0.1537,0.004375,-0.4065,-0.5713,0.4797,0.0,1.0,-0.10114,-0.1836,0.759,0.0,-0.166,0.1925,-0.4395,-0.4683,-0.3625,0.7793,0.4144,-0.479,-0.328,-0.244,0.4956,-0.801,-0.819,0.0,0.0,-0.8086,0.0,-0.1935,-0.607,-0.08307,0.1214,1.0,0.0,-0.5,0.3108,-0.1519,-0.537,1.0,0.0,0.0,0.0,0.0,0.6226,0.032676,-0.0078500490635633,0.4222500490635633,-0.0007963958356722227
0.2496,-0.3406,0.1385,0.000407,0.09216,-0.7144,0.4797,0.0,1.0,-0.0913,-0.1661,0.7544,0.0,-0.1656,-0.2161,-0.4307,-0.4792,-0.3557,0.774,-0.0817,-0.481,0.414,-0.328,-0.244,-0.8013,-0.8184,0.0,0.0,-0.809,0.0,-0.1942,-0.4438,-0.1997,-0.01825,0.0,-0.5,-0.5,0.337,-0.1688,-0.5303,0.0,1.0,0.0,0.0,0.0,-0.09235,0.483086,0.0041819992475211,-0.0858819992475211,0.00042426827635627255
0.164,0.003353,0.2074,-0.002392,-1.284,-0.7144,0.4797,1.0,1.0,-0.1583,-0.2211,0.7896,0.0,-0.1652,-0.03476,-0.4226,-0.4812,-0.003584,0.7695,0.6563,-0.4846,-0.0818,0.414,-0.328,-0.8003,-0.818,0.0,0.0,-0.8096,0.0,-0.19,-0.2756,-0.3179,0.1749,0.0,0.0,0.0,0.04407,0.0952,-0.2053,1.0,0.0,0.0,0.0,0.0,0.887,0.070924,-0.0132156442850828,0.6695156442850828,-0.0013407411837994155
0.1519,0.4333,0.2947,-0.005466,5.562,-0.7144,0.4797,1.0,1.0,-0.2327,-0.2957,0.834,0.0,-0.1647,0.7236,-0.4172,-0.4783,0.4158,0.766,0.8038,-0.487,0.656,-0.0818,0.414,-0.799,-0.8174,0.0,0.0,-0.8096,0.0,-0.1846,-0.3154,-0.2869,0.1827,1.0,0.5,0.0,-0.2778,0.3804,0.196,2.0,0.0,0.0,0.0,0.0,0.9087,0.066308,-0.0039082732982933,0.8077082732982933,-0.0003964984873631967
0.04935,0.498,0.3071,-0.005924,0.2673,-0.5713,0.4797,1.0,1.0,-0.251,-0.2979,0.843,0.0,-0.1643,0.1259,-0.4165,-0.4746,0.5107,0.7646,0.1568,-0.4854,0.803,0.656,-0.0818,-0.798,-0.817,0.0,0.0,-0.8096,0.0,-0.1836,0.008995,-0.518,0.03915,2.0,0.5,0.5,-0.3342,0.3613,0.2527,3.0,0.0,0.0,0.0,0.0,0.1898,-1.2335040000000002,0.0124267227947711,0.1443732772052288,0.001260704258619821
0.1785,-0.4424,0.06085,-0.01176,-1.601,-0.7144,0.4797,0.0,1.0,-0.02623,-0.0872,0.7275,0.0,-0.1638,1.266,-0.4207,-0.4697,-0.463,0.7593,-2.0299,-0.4846,0.1567,0.803,0.656,-0.7983,-0.817,0.0,0.0,-0.81,0.0,-0.198,-0.6743,-0.03683,-0.384,1.0,0.5,0.0,0.6104,-0.4875,-0.687,0.0,1.0,0.0,0.0,0.0,-1.854,-1.1435171999999996,-0.0535130910575389,-1.9763869089424608,-0.005428960064719319
0.3958,-0.9824,-0.09204,-0.0182,1.732,-0.7144,0.4797,0.0,1.0,0.1398,0.04813,0.6567,0.0,-0.1633,1.812,-0.4243,-0.4617,-0.953,0.7427,-1.3329,-0.478,-2.027,0.1567,0.803,-0.7993,-0.817,0.0,0.0,-0.8115,0.0,-0.207,-0.7256,-0.004,-0.63,1.0,0.0,0.0,1.137,-1.047,-1.133,0.0,2.0,0.0,0.0,0.0,-3.246,-0.086472,-0.0260153487324714,-1.3068846512675285,-0.0026392848282016084
0.326,-0.9365,-0.09607,-0.02173,0.07886,-0.7144,0.4797,0.0,1.0,0.1383,0.0581,0.6567,0.0,-0.163,0.2825,-0.4243,-0.4531,-0.867,0.733,0.0001,-0.4688,-1.332,-2.027,0.1567,-0.801,-0.818,0.0,0.0,-0.8125,0.0,-0.2073,-0.4465,-0.2032,0.0,0.0,-0.5,0.0,1.008,-0.9917,-0.9854,0.0,0.0,0.0,0.0,0.0,0.0,0.2421999999999999,0.0086436383426189,-0.0085436383426189,0.0008769063129898153
0.3716,-0.6963,-0.05872,-0.02605,-0.1666,-0.7144,0.4797,0.0,1.0,0.1044,0.01557,0.677,0.0,-0.1625,0.9116,-0.4285,-0.446,-0.636,0.727,0.3911,-0.4653,0.0,-1.332,-2.027,-0.802,-0.8184,0.0,0.0,-0.813,0.0,-0.205,-0.5596,-0.1214,0.1283,0.0,0.0,0.0,0.733,-0.7637,-0.759,1.0,0.0,0.0,0.0,0.0,0.69,-0.2600599999999999,-0.0272179953753948,0.4183179953753948,-0.0027612946106187666
0.35,-0.7617,-0.0866,-0.02911,0.2463,-0.7144,0.4797,0.0,1.0,0.1306,0.04623,0.6655,0.0,-0.162,0.2742,-0.4314,-0.441,-0.69,0.7217,-0.2146,-0.4707,0.3909,0.0,-1.332,-0.8037,-0.819,0.0,0.0,-0.8145,0.0,-0.2064,-0.4016,-0.2346,-0.0515,-1.0,0.0,0.0,0.7593,-0.8003,-0.7896,0.0,1.0,0.0,0.0,0.0,-0.2737,-0.5035335999999998,-0.0037598912604153,-0.2108401087395847,-0.00038144497163383675
0.356,-0.9414,-0.1464,-0.0336,0.4158,-0.7144,0.4797,0.0,1.0,0.1926,0.1092,0.639,0.0,-0.1616,-0.3633,-0.4282,-0.4385,-0.888,0.717,-0.5185,-0.465,-0.2146,0.3909,0.0,-0.8066,-0.8193,0.0,0.0,-0.8154,0.0,-0.2098,-0.6265,-0.07574,-0.0644,-1.0,-0.5,-0.5,0.92,-0.962,-0.8843,0.0,2.0,0.0,0.0,0.0,-0.3445,-0.178656,0.0217584874480962,-0.5402584874480962,0.002207421718498717
0.3958,-1.014,-0.187,-0.03955,0.2234,-0.7144,0.4797,0.0,1.0,0.239,0.1504,0.621,0.0,-0.1611,0.5396,-0.4216,-0.4373,-0.9478,0.7046,-0.3515,-0.4673,-0.5186,-0.2146,0.3909,-0.8096,-0.8203,0.0,0.0,-0.8164,0.0,-0.2122,-0.874,0.1001,-0.12476,-1.0,-0.5,-1.0,0.9995,-1.03,-0.938,0.0,3.0,0.0,0.0,0.0,-0.678,0.052964,0.0132088903337717,-0.3647088903337717,0.0013400559882477776
0.3826,-0.778,-0.1538,-0.04446,-0.137,-0.7144,0.4797,0.0,1.0,0.2026,0.1152,0.639,0.0,-0.1606,0.2993,-0.4153,-0.438,-0.7153,0.697,0.3555999999999999,-0.467,-0.3513,-0.5186,-0.2146,-0.811,-0.8213,0.0,0.0,-0.8174,0.0,-0.2102,-0.702,-0.02165,0.1425,0.0,-0.5,-0.5,0.7666,-0.785,-0.74,1.0,0.0,0.0,0.0,0.0,0.7827,0.6868119999999998,0.0354306325316429,0.320169367468357,0.003594475394351866
0.3936,-0.3325,-0.0663,-0.04736,-0.55,-0.7144,0.4797,0.0,1.0,0.1137,0.02155,0.683,0.0,-0.1602,0.849,-0.4119,-0.4382,-0.2695,0.693,0.8791,-0.4658,0.3552,-0.3513,-0.5186,-0.8105,-0.822,0.0,0.0,-0.818,0.0,-0.2048,-0.358,-0.265,0.2484,0.0,-0.5,0.0,0.3665,-0.326,-0.3945,2.0,0.0,0.0,0.0,0.0,1.351,-0.2252216,-0.0208731554448604,0.8999731554448605,-0.0021176038441319176
0.3618,-0.5522,-0.1351,-0.05206,1.067,-0.7144,0.4797,0.0,1.0,0.1814,0.0966,0.6523,0.0,-0.1598,-0.3706,-0.4092,-0.4402,-0.498,0.686,-0.5985,-0.4646,0.8784,0.3552,-0.3513,-0.8105,-0.8223,0.0,0.0,-0.8184,0.0,-0.2087,-0.611,-0.086,-0.07294,0.0,-1.0,-0.5,0.621,-0.53,-0.572,0.0,1.0,0.0,0.0,0.0,-0.386,-1.3934864000000002,-0.0092958733439445,-0.5892041266560555,-0.0009430762483277214
0.643,-1.378,-0.3499,-0.05988,2.008,-0.7144,0.4714,0.0,0.0,0.4426,0.3196,0.5503,0.0,-0.1593,1.791,-0.402,-0.4385,-1.284,0.668,-2.0039,-0.447,-0.598,0.8784,0.3552,-0.8125,-0.823,0.0,0.0,-0.8193,0.0,-0.2217,-0.907,0.11993,-1.092,0.0,-1.0,-0.5,1.54,-1.316,-1.097,0.0,2.0,0.0,0.0,0.0,-5.887,0.3841360000000001,-0.0209785420447587,-1.982921457955241,-0.0021282954268997535
0.634,-0.837,-0.2612,-0.0675,-0.313,-0.857,0.4634,0.0,0.0,0.3396,0.215,0.5947,0.0,-0.1588,0.7974,-0.3926,-0.4314,-0.7285,0.6523,0.9298,-0.4404,-2.004,-0.598,0.8784,-0.8135,-0.824,0.0,0.0,-0.82,0.0,-0.2163,-0.8594,0.08826,0.3345,1.0,-0.5,-0.5,1.019,-0.781,-0.743,1.0,0.0,0.0,0.0,0.0,1.924,0.0646215999999999,-0.0163227710872888,0.9461227710872888,-0.0016559625061307666
0.5923,-0.879,-0.3105,-0.07745,0.1929,-1.0,0.4553,0.0,0.0,0.3928,0.2766,0.5728,0.0,-0.1584,0.1354,-0.385,-0.4238,-0.846,0.642,-0.4516,-0.4343,0.929,-2.004,-0.598,-0.8145,-0.825,0.0,0.0,-0.821,0.0,-0.2192,-1.163,0.3037,-0.0596,0.0,-0.5,-1.0,1.156,-0.8843,-0.79,0.0,1.0,0.0,0.0,0.0,-0.3333,0.5396080000000002,0.009972246363759,-0.461572246363759,0.0010116950113417712
0.54,-0.4207,-0.25,-0.0867,-0.4807,-1.143,0.4473,0.0,0.0,0.3196,0.2097,0.6035,0.0,-0.158,0.1082,-0.3796,-0.416,-0.4387,0.63,0.6416999999999999,-0.433,-0.4517,0.929,-2.004,-0.815,-0.826,0.0,0.0,-0.822,0.0,-0.2155,-1.033,0.2129,0.10266,0.0,-0.5,-1.0,0.715,-0.6123,-0.5645,1.0,0.0,0.0,0.0,0.0,0.582,1.3755440000000003,0.0132852084934711,0.6284147915065288,0.0013477985468074282
0.4084,0.4646,-0.07135,-0.0889,-2.654,-1.0,0.4473,1.0,1.0,0.11993,0.02553,0.6924,0.0,-0.1575,1.319,-0.3792,-0.411,0.4456,0.6265,1.7971,-0.4348,0.641,-0.4517,0.929,-0.814,-0.8267,0.0,0.0,-0.822,0.0,-0.2045,-0.2406,-0.3481,0.389,1.0,0.0,-0.5,-0.03372,0.189,-0.04645,2.0,0.0,0.0,0.0,0.0,2.162,0.7465160000000001,-0.0163457673043012,1.8134457673043007,-0.0016582954968314102
0.28,0.9155,0.03387,-0.08685,1.017,-0.857,0.4473,1.0,1.0,0.00719,-0.0695,0.745,0.0,-0.1571,-0.2107,-0.383,-0.4104,0.8516,0.6367,1.0206,-0.4358,1.796,0.641,-0.4517,-0.813,-0.827,0.0,0.0,-0.8223,0.0,-0.1981,0.2834,-0.719,0.532,2.0,0.5,0.0,-0.3591,0.6216,0.2664,3.0,0.0,1.0,0.0,8.99,2.8,-0.1048187999999999,0.0542996563017368,0.9663003436982632,0.005508757946221905
0.3403,0.376,-0.07935,-0.0864,-0.445,-0.7144,0.4473,1.0,1.0,0.1225,0.03946,0.6924,0.0,-0.1566,0.25,-0.3892,-0.412,0.3123,0.64,-0.9892,-0.4392,1.0205,1.796,0.641,-0.8125,-0.8276,0.0,0.0,-0.8223,0.0,-0.205,0.04242,-0.5503,-0.274,1.0,0.5,0.0,0.12463,0.1967,-0.02202,0.0,1.0,0.0,0.0,0.0,-1.396,-0.304748,-0.0082563683390617,-0.9809436316609382,-0.0008376173587913912
0.3494,0.1665,-0.1282,-0.0874,-0.356,-0.5713,0.4473,1.0,1.0,0.1731,0.0902,0.67,0.0,-0.1561,0.7036,-0.3975,-0.4158,0.10187,0.64,-0.4252,-0.4478,-0.989,1.0205,1.796,-0.811,-0.828,0.0,0.0,-0.823,0.0,-0.2078,-0.12006,-0.4353,-0.1181,1.0,0.0,-0.5,0.3218,0.02039,-0.1183,0.0,2.0,0.0,0.0,0.0,-0.6216,-0.0315639999999999,-0.0380611307919025,-0.3871388692080975,-0.0038613422436225946
0.423,0.00439,-0.1674,-0.0885,-0.5654,-0.4285,0.4473,1.0,1.0,0.2202,0.1266,0.6523,0.0,-0.1558,0.944,-0.4082,-0.421,-0.0572,0.639,-0.3449,-0.467,-0.425,-0.989,1.0205,-0.81,-0.8286,0.0,0.0,-0.8237,0.0,-0.2102,-0.145,-0.4185,-0.1458,0.0,-0.5,-0.5,0.4514,-0.1268,-0.1826,0.0,3.0,0.0,0.0,0.0,-0.7773,-0.5911080000000001,-0.0074497950263321,-0.3374502049736678,-0.000755789637433096
0.54,-0.443,-0.2698,-0.0902,-5.445,-0.4285,0.439,0.0,0.0,0.3418,0.2325,0.6035,0.0,-0.1553,0.334,-0.4214,-0.4282,-0.5093,0.6377,-0.9584,-0.4946,-0.3447,-0.425,-0.989,-0.8096,-0.829,0.0,0.0,-0.825,0.0,-0.2164,-0.2242,-0.3647,-0.1976,-1.0,-0.5,-0.5,0.8735,-0.4827,-0.5566,0.0,4.0,0.0,0.0,0.0,-1.065,0.2377720000000001,-0.0207866169512271,-0.9376133830487728,-0.0021088244218127887
0.4563,-0.3513,-0.254,-0.0911,-0.138,-0.4285,0.431,0.0,0.0,0.3174,0.2213,0.6123,0.0,-0.1548,-0.4607,-0.4336,-0.4373,-0.421,0.637,0.1798,-0.5,-0.9585,-0.3447,-0.425,-0.8096,-0.8296,0.0,0.0,-0.8257,0.0,-0.2155,-0.1274,-0.4333,0.04257,-1.0,0.0,0.0,0.736,-0.3591,-0.4358,1.0,0.0,0.0,0.0,0.0,0.2367,0.244916,0.0044529880397021,0.1753470119602978,0.0004517603778526206
0.4167,0.7007,-0.0214,-0.089,-4.03,-0.2856,0.431,1.0,1.0,0.07117,-0.0261,0.7275,0.0,-0.1544,1.475,-0.447,-0.445,0.6455,0.6406,2.3221000000000003,-0.4934,0.1796,-0.9585,-0.3447,-0.809,-0.8296,0.0,0.0,-0.825,0.0,-0.2013,0.1877,-0.652,0.7637,0.0,0.0,0.0,-0.1503,0.667,0.645,2.0,0.0,0.0,0.0,0.0,4.22,0.16690816,-0.0044459155760705,2.326545915576071,-0.0004510428688869387
0.521,0.1937,-0.1334,-0.08997,-0.5596,-0.1428,0.431,1.0,1.0,0.1924,0.0817,0.6743,0.0,-0.1539,1.347,-0.4639,-0.453,0.1165,0.6426,-0.9994,-0.493,2.322,0.1796,-0.9585,-0.81,-0.8296,0.0,0.0,-0.825,0.0,-0.208,-0.1224,-0.4336,-0.313,0.0,0.0,-0.5,0.326,0.237,0.1315,0.0,1.0,0.0,0.0,0.0,-1.613,0.4315817600000001,0.0042324843816459,-1.003632484381646,0.0004293900469662124
0.563,0.534,-0.0554,-0.0886,1.457,0.0,0.431,1.0,1.0,0.1164,-0.003685,0.7144,0.0,-0.1534,0.758,-0.4846,-0.4614,0.474,0.645,0.7741,-0.4895,-0.999,2.322,0.1796,-0.8096,-0.83,0.0,0.0,-0.825,0.0,-0.2031,0.0981,-0.589,0.2051,1.0,0.0,0.0,-0.03735,0.4724,0.468,1.0,0.0,0.0,0.0,0.0,1.091,0.007824,-0.0006260261288844,0.7747260261288844,-6.351101732340377e-05
0.4177,0.4963,-0.0411,-0.0835,0.06757,0.1428,0.431,1.0,1.0,0.0906,-0.00626,0.723,0.0,-0.1531,-0.1971,-0.4917,-0.4712,0.4343,0.6577,0.1679,-0.485,0.7734,-0.999,2.322,-0.809,-0.83,0.0,0.0,-0.8247,0.0,-0.2021,0.5244,-0.892,0.02701,2.0,0.0,0.5,-0.105,0.467,0.4937,2.0,0.0,0.0,0.0,0.0,0.1403,0.3152012,-0.0256838537752628,0.1935838537752628,-0.002605654311840551
0.332,0.6787,0.01897,-0.0787,0.4705,0.2856,0.431,1.0,1.0,0.0255,-0.0592,0.7544,0.0,-0.1526,-0.0099,-0.4805,-0.481,0.594,0.671,0.5846,-0.477,0.1678,0.7734,-0.999,-0.8076,-0.83,0.0,0.0,-0.824,0.0,-0.1984,0.4895,-0.8657,0.0974,2.0,0.0,0.5,-0.2896,0.665,0.6514,3.0,0.0,0.0,0.0,0.0,0.5034,0.5549080000000002,0.0600334741175174,0.5245665258824825,0.006090459868594107
0.27,0.782,0.0696,-0.07227,0.2786,0.4285,0.431,1.0,1.0,-0.027,-0.10315,0.781,0.0,-0.1521,-0.4346,-0.4666,-0.487,0.7607,0.679,0.4923,-0.4675,0.5845,0.1678,0.7734,-0.8047,-0.83,0.0,0.0,-0.823,0.0,-0.1952,0.662,-0.988,0.1021,2.0,0.5,1.0,-0.4307,0.793,0.7256,4.0,0.0,0.0,0.0,0.0,0.518,0.7156719999999999,-0.0076305591501295,0.4999305591501295,-0.0007741283502571203
0.2227,1.115,0.1743,-0.06506,0.546,0.5713,0.431,1.0,1.0,-0.125,-0.1964,0.834,0.0,-0.1516,0.1326,-0.4517,-0.4885,1.125,0.6924,0.9691,-0.4497,0.492,0.5845,0.1678,-0.802,-0.8296,0.0,0.0,-0.8223,0.0,-0.1887,0.713,-1.0205,0.2979,3.0,1.0,1.0,-0.7617,1.053,0.893,5.0,0.0,0.0,0.0,0.0,1.488,0.3327464,-0.0030753649771213,0.9721753649771212,-0.0003119990513587768
0.1488,1.317,0.2424,-0.05972,0.3135,0.5713,0.431,1.0,1.0,-0.1895,-0.2507,0.869,0.0,-0.1512,0.5894,-0.4375,-0.4849,1.326,0.7046,0.6271,-0.4282,0.9688,0.492,0.5845,-0.7993,-0.8296,0.0,0.0,-0.8213,0.0,-0.1844,0.585,-0.9272,0.1848,3.0,1.5,1.0,-0.9175,1.169,0.899,5.92,0.0,0.0,0.0,0.0,0.8965,-0.00169824,-0.0007982965908013,0.6278982965908013,-8.09880391062044e-05
0.1026,1.229,0.2385,-0.05624,0.06555,0.5713,0.431,1.0,1.0,-0.1898,-0.2434,0.869,0.0,-0.1508,0.1061,-0.4255,-0.4795,1.304,0.707,0.0001,-0.412,0.627,0.9688,0.492,-0.797,-0.8296,0.0,0.0,-0.8203,0.0,-0.1846,0.4302,-0.8174,0.0,2.0,1.5,0.5,-0.859,1.005,0.749,0.0,0.0,0.0,0.0,0.0,0.0,-0.679308,-0.029727729037404,0.029827729037404,-0.0030159097628154404
0.2078,0.4663,0.08234,-0.0533,-0.4883,0.5713,0.431,1.0,1.0,-0.04376,-0.1101,0.794,0.0,-0.1503,0.1637,-0.4143,-0.4705,0.54,0.715,-1.3069,-0.42,0.0,0.627,0.9688,-0.7954,-0.829,0.0,0.0,-0.819,0.0,-0.1941,0.3186,-0.7417,-0.3945,1.0,1.0,0.5,-0.2047,0.4336,0.332,0.0,1.0,0.0,0.0,0.0,-1.877,0.4263731999999999,-0.0002258601016364,-1.3066741398983637,-2.291374779077946e-05
0.1733,0.7373,0.1644,-0.04828,0.662,0.5713,0.431,1.0,1.0,-0.12036,-0.1835,0.836,0.0,-0.1499,0.623,-0.4023,-0.4595,0.8066,0.7266,0.7618,-0.4197,-1.307,0.0,0.627,-0.794,-0.8286,0.0,0.0,-0.818,0.0,-0.1891,0.555,-0.908,0.2778,1.0,1.0,1.0,-0.4377,0.711,0.489,1.0,0.0,0.0,0.0,0.0,1.379,-0.496816,-0.0011170399375259,0.762917039937526,-0.00011332489100665264
0.1881,0.2235,0.0665,-0.04425,-0.5376,0.5713,0.431,1.0,1.0,-0.03076,-0.0935,0.7896,0.0,-0.1494,0.3691,-0.389,-0.4473,0.2408,0.742,-0.8222,-0.4307,0.761,-1.307,0.0,-0.7935,-0.828,0.0,0.0,-0.817,0.0,-0.195,0.416,-0.8115,-0.1855,0.0,1.0,1.0,-0.051,0.3123,0.2102,0.0,1.0,0.0,0.0,0.0,-0.899,-0.28796,-0.0077654686756432,-0.8144345313243568,-0.0007878150652625492
0.2367,-0.1566,0.001064,-0.0394,-1.199,0.5713,0.431,0.0,1.0,0.035,-0.03366,0.759,0.0,-0.1489,0.3982,-0.3792,-0.4373,-0.1147,0.751,-0.5624,-0.441,-0.822,0.761,-1.307,-0.7935,-0.828,0.0,0.0,-0.816,0.0,-0.199,0.4998,-0.873,-0.10254,-1.0,0.5,1.0,0.2235,0.07654,0.0002491,0.0,2.0,0.0,0.0,0.0,-0.51,0.2357479999999999,-0.0022827950306236,-0.5601172049693763,-0.00023159198641449602
0.2607,-0.4336,-0.04596,-0.03555,4.06,0.5713,0.431,0.0,1.0,0.0828,0.011665,0.7363,0.0,-0.1486,-0.4136,-0.3723,-0.4287,-0.3965,0.7607,-0.4089,-0.4424,-0.5625,-0.822,0.761,-0.795,-0.8276,0.0,0.0,-0.8154,0.0,-0.2018,0.37,-0.7817,-0.08636,-1.0,0.0,0.5,0.3076,-0.1898,-0.1464,0.0,3.0,0.0,0.0,0.0,-0.4373,1.1742567999999998,0.0205962937325239,-0.4294962937325239,0.002089515928632727
0.1355,0.441,0.1666,-0.0322,-2.52,0.5713,0.431,1.0,1.0,-0.1252,-0.1823,0.843,0.0,-0.1481,1.106,-0.3662,-0.4185,0.431,0.773,1.9881,-0.4363,-0.409,-0.5625,-0.822,-0.7954,-0.827,0.0,0.0,-0.815,0.0,-0.1887,0.3435,-0.757,0.8335,0.0,0.0,0.5,-0.4233,0.6533,0.4456,1.0,0.0,0.0,0.0,0.0,4.273,-0.1346639999999999,-0.0121072698384523,2.0002072698384525,-0.0012282954160704991
0.10736,0.1678,0.1234,-0.02763,-0.4255,0.5713,0.431,1.0,1.0,-0.0892,-0.1404,0.8228,0.0,-0.1476,0.5376,-0.363,-0.4087,0.1577,0.784,-0.3509,-0.4353,1.988,-0.409,-0.5625,-0.796,-0.826,0.0,0.0,-0.8145,0.0,-0.1914,0.505,-0.873,-0.09076,-1.0,-0.5,0.5,-0.2449,0.4312,0.2883,0.0,1.0,0.0,0.0,0.0,-0.438,-0.3738080000000001,0.0226288884878158,-0.3735288884878158,0.00229572483071937
0.11584,-0.2097,0.04465,-0.02574,-1.486,0.4285,0.431,0.0,1.0,-0.01611,-0.0664,0.785,0.0,-0.1472,-0.0317,-0.365,-0.4006,-0.2358,0.7915,-0.6703,-0.4392,-0.3508,1.988,-0.409,-0.7964,-0.8257,0.0,0.0,-0.814,0.0,-0.1962,0.1929,-0.6523,-0.1576,-1.0,-1.0,0.0,0.0907,0.1431,0.04166,0.0,2.0,0.0,0.0,0.0,-0.769,0.1385799999999999,-0.0048620742745697,-0.6654379257254303,-0.0004932626119458558
0.08777,-0.2847,0.0334,-0.02425,0.757,0.2856,0.431,0.0,1.0,-0.007736,-0.05316,0.781,0.0,-0.1467,-0.6377,-0.3684,-0.3953,-0.3054,0.795,-0.08047,-0.4465,-0.6704,-0.3508,1.988,-0.797,-0.825,0.0,0.0,-0.813,0.0,-0.1968,0.141,-0.6157,-0.00766,-1.0,-1.5,-0.5,0.11084,0.0711,-0.01791,0.0,3.0,0.0,0.0,0.0,-0.03818,0.45972,-0.0118681900203228,-0.0686018099796772,-0.0012040405139660813
0.02237,-0.01187,0.10236,-0.02267,-1.3,0.2856,0.431,1.0,1.0,-0.07697,-0.1137,0.8164,0.0,-0.1462,-0.4507,-0.3728,-0.3926,-0.02798,0.7983,0.6461,-0.4644,-0.08057,-0.6704,-0.3508,-0.797,-0.8247,0.0,0.0,-0.812,0.0,-0.1924,0.157,-0.625,0.0632,0.0,-1.0,-0.5,-0.1288,0.3298,0.1741,1.0,0.0,0.0,0.0,0.0,0.3157,0.1733615999999999,0.0140607915818691,0.6320392084181309,0.0014264822769110965
0.02945,0.3257,0.1888,-0.02055,5.33,0.2856,0.431,1.0,1.0,-0.1531,-0.1935,0.8604,0.0,-0.1459,-0.276,-0.3784,-0.3918,0.2932,0.8057,0.7916,-0.4824,0.646,-0.08057,-0.6704,-0.7954,-0.8237,0.0,0.0,-0.811,0.0,-0.1871,0.2185,-0.6665,0.2722,0.0,-0.5,-0.5,-0.412,0.5977,0.4944,2.0,0.0,1.0,0.0,4.547,1.333,0.1309759999999999,-0.0188293308019638,0.8104293308019638,-0.0019102556579909922
0.0652,0.129,0.1417,-0.02092,-0.3828,0.2856,0.431,1.0,1.0,-0.1089,-0.1538,0.8384,0.0,-0.1454,0.3257,-0.3845,-0.3936,0.075,0.8086,-0.3861,-0.484,0.7915,0.646,-0.08057,-0.794,-0.8228,0.0,0.0,-0.81,0.0,-0.19,-0.0761,-0.4575,-0.1061,0.0,-1.0,-1.0,-0.2164,0.3706,0.2666,0.0,1.0,0.0,0.0,0.0,-0.507,-0.1213939999999999,0.0031862794421613,-0.3892862794421613,0.00032325144193091584
0.02223,0.0407,0.11304,-0.02287,-0.3154,0.2856,0.431,1.0,1.0,-0.0866,-0.12366,0.825,0.0,-0.1449,-0.05865,-0.392,-0.3987,-0.0181,0.806,-0.2345,-0.4976,-0.3862,0.7915,0.646,-0.794,-0.8223,0.0,0.0,-0.8096,0.0,-0.1918,-0.2869,-0.3079,-0.03232,0.0,-1.0,-1.5,-0.0752,0.2494,0.11975,0.0,2.0,0.0,0.0,0.0,-0.1562,0.4700999999999999,0.0251758433878421,-0.2596758433878422,0.0025541161171434043
-0.0403,0.357,0.182,-0.02371,2.902,0.2856,0.431,1.0,1.0,-0.1528,-0.1816,0.8604,0.0,-0.1444,-0.276,-0.4055,-0.4072,0.2993,0.8047,0.6305,-0.503,-0.2345,-0.3862,0.7915,-0.7935,-0.8213,0.0,0.0,-0.8086,0.0,-0.1874,-0.1304,-0.4175,0.1259,1.0,-0.5,-1.0,-0.3313,0.434,0.4336,1.0,0.0,0.0,0.0,0.0,0.6133,-0.3609839999999999,-0.0335001423954963,0.6640001423954963,-0.0033986251145912473
-0.00938,0.0987,0.125,-0.02309,-0.4963,0.2856,0.431,1.0,1.0,-0.0999,-0.1322,0.834,0.0,-0.144,0.625,-0.421,-0.4155,0.02658,0.81,-0.4635,-0.5117,0.63,-0.2345,-0.3862,-0.7925,-0.821,0.0,0.0,-0.808,0.0,-0.1909,0.0833,-0.572,-0.1727,0.0,-0.5,-1.0,-0.11676,0.1835,0.117,0.0,1.0,0.0,0.0,0.0,-0.8257,-0.685816,-0.0025405031628906,-0.4609594968371093,-0.00025773675082226694
-0.005444,-0.2964,0.02458,-0.02539,-2.21,0.1428,0.431,0.0,1.0,-0.006874,-0.03687,0.785,0.0,-0.1436,0.1708,-0.4375,-0.4243,-0.3655,0.8066,-0.8622,-0.515,-0.4634,0.63,-0.2345,-0.7925,-0.8203,0.0,0.0,-0.808,0.0,-0.1971,-0.3186,-0.2874,-0.2815,-1.0,-1.0,-1.5,0.26,-0.199,-0.4958,0.0,2.0,0.0,0.0,0.0,-1.365,0.1706640000000001,0.003504344727844,-0.865704344727844,0.00035551950381671214
-0.0013685,-0.402,-0.003374,-0.02629,0.658,0.0,0.431,0.0,1.0,0.02022,-0.00958,0.772,0.0,-0.1431,-0.02246,-0.4524,-0.4348,-0.4346,0.8013,-0.2416,-0.514,-0.862,-0.4634,0.63,-0.7935,-0.8203,0.0,0.0,-0.808,0.0,-0.199,-0.1781,-0.3884,-0.0798,-1.0,-1.0,-1.5,0.3318,-0.3057,-0.6484,0.0,3.0,0.0,0.0,0.0,-0.3977,0.7590559999999997,-0.0114005468785762,-0.2301994531214237,-0.0011565976193227434
-0.0485,0.1664,0.1371,-0.0238,-1.761,0.1428,0.431,1.0,1.0,-0.1139,-0.1401,0.843,0.0,-0.1427,0.518,-0.4673,-0.4446,0.1544,0.804,1.2991,-0.5137,-0.2416,-0.862,-0.4634,-0.7935,-0.82,0.0,0.0,-0.808,0.0,-0.1902,0.271,-0.705,0.1257,0.0,-0.5,-1.0,-0.1553,0.285,0.2129,1.0,0.0,0.0,0.0,0.0,0.632,0.1922959999999999,0.0291367284953594,1.2699632715046405,0.002955952128569687
-0.02483,0.2423,0.1699,-0.02008,0.4607,0.2856,0.431,1.0,1.0,-0.141,-0.172,0.8604,0.0,-0.1422,0.015495,-0.481,-0.453,0.2449,0.811,0.3121,-0.5146,1.298,-0.2416,-0.862,-0.7935,-0.819,0.0,0.0,-0.808,0.0,-0.1881,0.449,-0.831,0.0759,0.0,0.0,-0.5,-0.3247,0.2927,0.4426,2.0,0.0,0.0,0.0,0.0,0.3665,0.4989959999999999,-0.0039972853846848,0.3160972853846848,-0.0004055288583013509
-0.1697,0.4453,0.2205,-0.01913,0.803,0.2856,0.431,1.0,1.0,-0.1964,-0.2052,0.887,1.0,-0.171,-0.481,-0.489,-0.4631,0.419,0.8174,0.4637,-0.512,0.312,1.298,-0.2416,-0.7925,-0.818,0.0,0.0,-0.808,0.0,-0.1849,0.1367,-0.607,0.11865,1.0,0.0,-0.5,-0.4592,0.4412,0.7275,3.0,0.0,0.0,0.0,0.0,0.567,0.2871629599999999,-0.0047288420610129,0.468428842061013,-0.00047974606202433665
0.1538,-0.9204,-0.10895,-0.02275,-2.639,0.1428,0.431,0.0,1.0,0.1377,0.08594,0.723,0.0,-0.1705,1.0625,-0.4949,-0.4763,-0.814,0.796,-2.4299,-0.503,0.4634,0.312,1.298,-0.7944,-0.8174,0.0,0.0,-0.808,0.0,-0.2058,-0.4812,-0.1748,-3.205,1.0,-0.5,-0.5,0.905,-0.715,-1.062,0.0,1.0,0.0,1.0,-7.91,-6.73,-1.0306460000000004,-0.008744616061449,-2.421155383938551,-0.0008871506100790196
0.3792,-1.608,-0.286,-0.02782,1.01,0.1428,0.4229,0.0,0.0,0.3474,0.265,0.635,0.0,-0.1702,2.076,-0.4824,-0.488,-1.399,0.773,-1.6699,-0.4758,-2.428,0.4634,0.312,-0.7974,-0.818,0.0,0.0,-0.8096,0.0,-0.2172,-0.63,-0.07336,-1.1455,1.0,-0.5,-0.5,1.674,-1.312,-1.282,0.0,2.0,0.0,0.0,0.0,-5.918,0.0799332,0.0335697717964649,-1.7034697717964649,0.003405689091455944
0.3828,-1.197,-0.205,-0.03128,-0.1548,0.1428,0.4229,0.0,1.0,0.2573,0.1715,0.6743,0.0,-0.1697,0.04996,-0.4653,-0.4934,-0.952,0.761,0.7931,-0.4636,-1.67,-2.428,0.4634,-0.799,-0.818,0.0,0.0,-0.81,0.0,-0.2124,-0.452,-0.1984,0.3394,1.0,0.0,0.0,1.204,-0.823,-0.9883,1.0,0.0,0.0,0.0,0.0,1.851,0.1870112,-0.0016984534449875,0.7947984534449876,-0.00017230991038636817
0.4165,-1.224,-0.2307,-0.03647,0.1589,0.0,0.4146,0.0,0.0,0.2883,0.1979,0.661,0.0,-0.1692,-0.1573,-0.45,-0.4946,-1.017,0.755,-0.2579,-0.4521,0.7925,-1.67,-2.428,-0.8003,-0.818,0.0,0.0,-0.8105,0.0,-0.2141,-0.6343,-0.06903,-0.0668,0.0,-0.5,-0.5,1.204,-0.8774,-0.967,0.0,1.0,0.0,0.0,0.0,-0.355,-0.6883039999999998,-0.0267080441117286,-0.2311919558882713,-0.002709559511960007
0.509,-1.364,-0.2917,-0.04416,0.2654,-0.1428,0.4065,0.0,0.0,0.3643,0.2607,0.6304,0.0,-0.1688,0.974,-0.432,-0.4885,-1.171,0.74,-0.6069,-0.4377,-0.2578,0.7925,-1.67,-0.8037,-0.8184,0.0,0.0,-0.811,0.0,-0.2181,-0.9136,0.1287,-0.237,-1.0,-0.5,-1.0,1.3955,-1.043,-1.034,0.0,2.0,0.0,0.0,0.0,-1.271,-0.72464,0.0122306430712342,-0.6191306430712342,0.0012408117618952635
0.5996,-1.69,-0.3962,-0.0527,0.4048,-0.2856,0.3984,0.0,0.0,0.4954,0.381,0.577,0.0,-0.1683,0.8203,-0.4119,-0.4758,-1.515,0.724,-1.0609,-0.4167,-0.6064,-0.2578,0.7925,-0.8076,-0.819,0.0,0.0,-0.8125,0.0,-0.225,-0.979,0.1725,-0.3682,-1.0,-0.5,-1.0,1.816,-1.369,-1.124,0.0,3.0,0.0,0.0,0.0,-2.014,-1.46928,0.0232790112495422,-1.0841790112495422,0.0023616804771009747
0.889,-2.307,-0.572,-0.0638,0.542,-0.4285,0.3901,0.0,0.0,0.746,0.592,0.4883,0.0,-0.1678,2.164,-0.384,-0.456,-2.104,0.6973,-1.8279,-0.3818,-1.06,-0.6064,-0.2578,-0.8135,-0.82,0.0,0.0,-0.814,0.0,-0.2362,-1.114,0.2642,-1.059,-1.0,-0.5,-1.0,2.613,-2.025,-1.255,0.0,4.0,0.0,0.0,0.0,-5.99,1.123888,-0.0214791763573884,-1.806420823642612,-0.0021790853109558334
0.8667,-1.476,-0.4275,-0.0738,-0.2656,-0.5713,0.382,0.0,0.0,0.555,0.399,0.559,0.0,-0.1674,1.077,-0.359,-0.4368,-1.329,0.6826,1.5511,-0.3667,-1.827,-1.06,-0.6064,-0.816,-0.821,0.0,0.0,-0.8154,0.0,-0.2275,-0.964,0.1608,0.4292,-1.0,-0.5,-1.0,1.755,-1.064,-0.851,1.0,0.0,0.0,0.0,0.0,2.572,-0.2150759999999999,0.0113488845527172,1.5397511154472827,0.001151356421357979
0.9155,-1.619,-0.4973,-0.08417,0.2435,-0.7144,0.374,0.0,0.0,0.6484,0.4866,0.524,0.0,-0.167,0.894,-0.3372,-0.4177,-1.529,0.6675,-0.7396,-0.3494,1.55,-1.827,-1.06,-0.8174,-0.8223,0.0,0.0,-0.8164,0.0,-0.2319,-0.979,0.1697,-0.1132,-1.0,-1.0,-1.0,1.961,-1.281,-0.879,0.0,1.0,0.0,0.0,0.0,-0.6475,-0.20408,-0.0001816604635678,-0.7394183395364322,-1.84296474480901e-05
0.8735,-1.538,-0.513,-0.09314,0.0768,-0.7144,0.366,0.0,0.0,0.666,0.5117,0.515,0.0,-0.1665,-0.2896,-0.3198,-0.4011,-1.53,0.6577,-0.1891,-0.3362,-0.7393,1.55,-1.827,-0.82,-0.823,0.0,0.0,-0.8184,0.0,-0.2332,-0.9077,0.1184,-0.01518,-1.0,-1.5,-1.0,1.904,-1.22,-0.817,0.0,2.0,0.0,0.0,0.0,-0.08887,-0.0769479999999999,-0.0073945973999798,-0.1817054026000202,-0.0007501897794691499
0.7695,-0.741,-0.369,-0.09924,-0.4512,-0.7144,0.3577,0.0,0.0,0.4758,0.3328,0.586,0.0,-0.166,0.5806,-0.3054,-0.3867,-0.7715,0.648,1.5231,-0.3386,-0.1892,-0.7393,1.55,-0.821,-0.824,0.0,0.0,-0.82,0.0,-0.2244,-0.6133,-0.0881,0.3208,0.0,-1.0,-0.5,1.109,-0.4285,-0.5273,1.0,0.0,0.0,0.0,0.0,1.89,0.1600708,-0.0082702115178108,1.5313702115178107,-0.0008390217640147191
0.9062,-1.133,-0.493,-0.11005,0.7676,-0.857,0.3496,0.0,0.0,0.6416,0.4814,0.524,0.0,-0.1656,1.369,-0.2976,-0.3748,-1.289,0.6396,-1.2719,-0.3352,1.522,-0.1892,-0.7393,-0.8228,-0.825,0.0,0.0,-0.8213,0.0,-0.2322,-0.994,0.1803,-0.3098,0.0,-1.0,-1.0,1.667,-0.868,-0.682,0.0,1.0,0.0,0.0,0.0,-1.742,-0.793652,0.039355993270874,-1.311255993270874,0.003992707420791694
1.036,-1.443,-0.607,-0.1232,0.449,-1.0,0.3416,0.0,0.0,0.8066,0.6304,0.4663,0.0,-0.1652,0.732,-0.2961,-0.3628,-1.71,0.625,-1.2299,-0.327,-1.271,1.522,-0.1892,-0.824,-0.826,0.0,0.0,-0.823,0.0,-0.2394,-1.151,0.2896,-0.2184,-1.0,-1.5,-1.5,2.166,-1.269,-0.796,0.0,2.0,0.0,0.0,0.0,-1.279,0.3705520000000001,-0.0214357301592826,-1.2084642698407173,-0.0021746776478995798
1.022,-1.04,-0.578,-0.137,-0.1826,-1.143,0.3333,0.0,0.0,0.7656,0.5903,0.4795,0.0,-0.1647,-0.02121,-0.3025,-0.3508,-1.433,0.608,0.2953,-0.3293,-1.2295,-1.271,1.522,-0.824,-0.827,0.0,0.0,-0.825,0.0,-0.2378,-1.205,0.3289,0.05322,0.0,-1.0,-1.5,1.718,-1.156,-0.6934,1.0,0.0,0.0,0.0,0.0,0.324,-0.22312,-7.680099224671721e-05,0.2953768009922467,-7.791542435661754e-06
0.817,-1.043,-0.612,-0.1454,0.1356,-1.143,0.3252,0.0,0.0,0.796,0.6553,0.462,0.0,-0.1643,0.7383,-0.2961,-0.3352,-1.281,0.572,-0.39,-0.3308,0.2952,-1.2295,-1.271,-0.8257,-0.828,0.0,0.0,-0.827,0.0,-0.2401,-0.967,0.1576,-0.0701,0.0,-1.0,-1.5,1.693,-1.283,-0.694,0.0,1.0,0.0,0.0,0.0,-0.423,0.585672,0.039629753679037,-0.4296297536790371,0.004020480705680435
0.6387,-0.5615,-0.534,-0.1498,-0.4011,-1.143,0.3171,0.0,0.0,0.6753,0.56,0.4995,0.0,-0.1638,0.929,-0.285,-0.32,-0.7173,0.5522,0.8395,-0.3342,-0.39,0.2952,-1.2295,-0.826,-0.8296,0.0,0.0,-0.8286,0.0,-0.2356,-0.584,-0.1138,0.2524,0.0,-0.5,-1.0,1.198,-0.783,-0.523,1.0,0.0,0.0,0.0,0.0,1.541,0.018052,-0.0098832417279481,0.8493832417279482,-0.0010026653962729518
0.67,-0.6284,-0.5728,-0.156,0.2822,-1.143,0.3088,0.0,0.0,0.73,0.6113,0.4795,0.0,-0.1633,0.2239,-0.2761,-0.3066,-0.772,0.537,-0.4328,-0.3372,0.839,-0.39,0.2952,-0.8267,-0.8306,0.0,0.0,-0.83,0.0,-0.2382,-0.8247,0.05698,-0.0756,0.0,-0.5,-1.5,1.314,-0.876,-0.5464,0.0,1.0,0.0,0.0,0.0,-0.45,-0.2932360000000001,-0.0017617871053516,-0.4310382128946483,-0.0001787351776634816
0.708,-0.6704,-0.6064,-0.1625,0.2148,-1.143,0.3008,0.0,0.0,0.78,0.6567,0.462,0.0,-0.163,0.118,-0.2737,-0.2966,-0.827,0.524,-0.39,-0.3538,-0.4326,0.839,-0.39,-0.828,-0.8315,0.0,0.0,-0.832,0.0,-0.2404,-0.8354,0.0638,-0.07935,0.0,-1.0,-1.5,1.382,-0.9644,-0.5723,0.0,2.0,0.0,0.0,0.0,-0.4788,1.0743920000000005,-0.015577370300889,-0.374422629699111,-0.0015803408027007834
0.5737,0.06042,-0.479,-0.1656,-1.192,-1.0,0.2927,1.0,0.0,0.597,0.4905,0.524,0.0,-0.1625,0.6562,-0.2722,-0.291,-0.0249,0.5083,1.3821,-0.3857,-0.39,-0.4326,0.839,-0.828,-0.8325,0.0,0.0,-0.8335,0.0,-0.2328,-0.4697,-0.1938,0.3635,0.0,-0.5,-1.0,0.711,-0.2686,-0.3042,1.0,0.0,0.0,0.0,0.0,2.22,0.4426399999999998,0.0420637913048267,1.3400362086951731,0.004267416414406887
0.461,0.361,-0.423,-0.166,2.4,-0.857,0.2847,1.0,0.0,0.5176,0.4268,0.5503,0.0,-0.162,-0.312,-0.2761,-0.2927,0.3062,0.503,0.5680999999999999,-0.4414,1.382,-0.39,-0.4326,-0.827,-0.8335,0.0,0.0,-0.8354,0.0,-0.2296,-0.1925,-0.3901,0.1516,1.0,0.0,-0.5,0.3757,-0.06757,-0.11676,2.0,0.0,1.0,0.0,6.832,0.8877,0.11234,-0.0095116384327411,0.5776116384327411,-0.0009649658463174517
0.2822,0.3997,-0.4028,-0.163,0.2262,-0.7144,0.2764,1.0,0.0,0.478,0.4158,0.559,0.0,-0.1616,-0.08496,-0.2805,-0.2966,0.3936,0.5034,0.186,-0.4622,0.5674,1.382,-0.39,-0.826,-0.8345,0.0,0.0,-0.8364,0.0,-0.2285,0.2079,-0.6753,0.02164,1.0,0.0,0.0,0.2242,-0.0498,0.002794,3.0,0.0,0.0,0.0,0.0,0.1245,-0.5508199999999998,-0.0334177464246749,0.219417746424675,-0.0033902659556220485
0.2888,0.0537,-0.4722,-0.1635,-0.6353,-0.5713,0.2683,1.0,0.0,0.5654,0.505,0.524,0.0,-0.1611,0.6562,-0.289,-0.301,0.0366,0.5024,-0.7396,-0.4685,0.1859,0.5674,1.382,-0.825,-0.836,0.0,0.0,-0.837,0.0,-0.233,-0.257,-0.3457,-0.1193,1.0,0.0,-0.5,0.529,-0.3582,-0.213,0.0,1.0,0.0,0.0,0.0,-0.6826,-0.9705879999999998,-0.0070003871805965,-0.7325996128194034,-0.0007101967329857198
0.3833,-0.6416,-0.6123,-0.165,-5.37,-0.5713,0.2603,0.0,0.0,0.762,0.692,0.453,0.0,-0.1606,0.7505,-0.2998,-0.3076,-0.66,0.498,-1.5139,-0.48,-0.7393,0.1859,0.5674,-0.8257,-0.837,0.0,0.0,-0.838,0.0,-0.242,-0.397,-0.2496,-0.307,1.0,0.0,-0.5,1.227,-0.9165,-0.717,0.0,2.0,0.0,0.0,0.0,-1.796,0.001656,-0.0320879220962524,-1.4818120779037476,-0.003255353861601256
0.576,-0.684,-0.627,-0.1665,0.2139,-0.5713,0.252,0.0,0.0,0.7983,0.6973,0.444,0.0,-0.1602,2.02,-0.31,-0.3152,-0.5625,0.4795,-0.1985,-0.4924,-1.514,-0.7393,0.1859,-0.826,-0.8384,0.0,0.0,-0.839,0.0,-0.2433,-0.397,-0.2502,-0.1447,0.0,-0.5,-0.5,1.155,-0.9834,-0.78,0.0,3.0,0.0,0.0,0.0,-0.889,0.1668240000000001,0.005096751730889,-0.2035967517308891,0.0005170708897573074
0.5293,-0.4038,-0.5874,-0.1699,-0.3633,-0.5713,0.2439,0.0,0.0,0.7393,0.644,0.462,0.0,-0.1598,0.4902,-0.3242,-0.3242,-0.3005,0.4724,0.4001,-0.5044,-0.1986,-1.514,-0.7393,-0.826,-0.84,0.0,0.0,-0.84,0.0,-0.2412,-0.6855,-0.04333,0.1299,0.0,0.0,-0.5,0.847,-0.768,-0.5986,1.0,0.0,0.0,0.0,0.0,0.803,0.0916136399999999,0.0051108258776366,0.3949891741223633,0.0005184987269300015
0.3784,-0.2693,-0.5664,-0.1709,-0.3125,-0.5713,0.2357,0.0,0.0,0.6978,0.6265,0.4707,0.0,-0.1593,-0.2603,-0.345,-0.3342,-0.1525,0.4673,0.1974999999999999,-0.5093,0.3997,-0.1986,-1.514,-0.827,-0.841,0.0,0.0,-0.8403,0.0,-0.2401,-0.381,-0.26,0.03433,0.0,0.0,0.0,0.646,-0.6724,-0.467,2.0,0.0,0.0,0.0,0.0,0.2097,0.3849656000000001,-0.0073530082590878,0.2048530082590877,-0.0007459705168444983
0.254,0.0792,-0.4912,-0.1688,-1.848,-0.4285,0.2277,1.0,0.0,0.5874,0.533,0.506,0.0,-0.1588,-0.5244,-0.3708,-0.3433,0.2205,0.4678,0.7851,-0.5093,0.1974,0.3997,-0.1986,-0.8276,-0.842,0.0,0.0,-0.8403,0.0,-0.2357,0.1329,-0.625,0.0886,1.0,0.5,0.5,0.2996,-0.2625,-0.0715,3.0,0.0,0.0,0.0,0.0,0.538,0.8481159999999999,0.0012647318653762,0.7838352681346238,0.00012830839433892235
0.2278,0.4963,-0.399,-0.1659,2.91,-0.2856,0.2195,1.0,0.0,0.4688,0.4153,0.5503,0.0,-0.1584,0.1555,-0.4033,-0.355,0.6074,0.4753,0.9576,-0.5103,0.7847,0.1974,0.3997,-0.8276,-0.843,0.0,0.0,-0.8403,0.0,-0.2305,0.2795,-0.727,0.4333,2.0,1.0,0.5,-0.06805,0.1735,0.4502,4.0,0.0,1.0,0.0,4.88,2.568,0.0113591999999999,-0.0087208710610866,0.9663208710610868,-0.000884741654510267
0.2659,0.3833,-0.407,-0.1626,-0.07574,-0.1428,0.2114,1.0,0.0,0.4817,0.422,0.546,0.0,-0.158,1.038,-0.4255,-0.3684,0.4597,0.4844,-0.09286,-0.509,0.957,0.7847,0.1974,-0.8276,-0.8438,0.0,0.0,-0.8403,0.0,-0.2312,0.3643,-0.788,-0.0447,2.0,0.5,0.5,-0.04514,0.0751,0.3745,0.0,1.0,0.0,0.0,0.0,-0.2573,0.4579160000000001,-0.0363921485841274,-0.0564678514158725,-0.0036920222216303006
0.1652,0.564,-0.3606,-0.16,0.549,0.0,0.2032,1.0,0.0,0.4175,0.3726,0.5684,0.0,-0.1575,-0.0916,-0.4438,-0.3843,0.6562,0.4878,0.4664,-0.5044,-0.09296,0.957,0.7847,-0.8257,-0.845,0.0,0.0,-0.8403,0.0,-0.2285,0.295,-0.7373,0.06415,2.0,0.5,0.5,-0.2106,0.2485,0.5566,1.0,0.0,0.0,0.0,0.0,0.37,-0.01326,-0.0277848802506923,0.4941848802506923,-0.0028188056847963804
0.2045,0.3218,-0.3965,-0.1575,-0.2676,0.1428,0.1951,1.0,0.0,0.4639,0.4138,0.5503,0.0,-0.1571,0.3892,-0.4587,-0.4023,0.426,0.492,-0.3676,-0.5093,0.466,-0.09296,0.957,-0.824,-0.8457,0.0,0.0,-0.8403,0.0,-0.2308,0.3098,-0.7485,-0.09033,1.0,0.0,0.5,-0.0334,0.06494,0.4194,0.0,1.0,0.0,0.0,0.0,-0.5137,0.571444,-0.0179957337677478,-0.3496042662322521,-0.001825686351314966
0.1523,0.769,-0.2883,-0.1527,1.319,0.2856,0.187,1.0,0.0,0.3318,0.2864,0.6035,0.0,-0.1566,-0.1176,-0.4685,-0.424,0.9004,0.4993,1.1161,-0.4993,-0.3674,0.466,-0.09296,-0.8223,-0.8457,0.0,0.0,-0.84,0.0,-0.2242,0.6455,-0.9854,0.2976,1.0,0.5,1.0,-0.4578,0.48,0.853,1.0,0.0,0.0,0.0,0.0,1.712,-0.1163742399999999,0.0011871303431689,1.1149128696568311,0.00012043563728641211
0.1079,0.621,-0.3064,-0.1501,-0.05258,0.2856,0.1788,1.0,0.0,0.349,0.3115,0.5947,0.0,-0.1561,-0.1112,-0.4695,-0.4473,0.736,0.506,-0.1796,-0.4941,1.115,-0.3674,0.466,-0.8203,-0.846,0.0,0.0,-0.8394,0.0,-0.2255,0.3296,-0.7603,-0.05066,0.0,0.5,0.5,-0.3533,0.3313,0.654,0.0,1.0,0.0,0.0,0.0,-0.2815,0.0539899999999999,0.0171329844743013,-0.1967329844743013,0.001738159516900754
0.1359,0.5015,-0.3242,-0.1488,-0.04874,0.2856,0.1708,1.0,0.0,0.3718,0.3306,0.586,0.0,-0.1558,0.1236,-0.4675,-0.471,0.6113,0.509,-0.1806,-0.491,-0.1796,1.115,-0.3674,-0.8193,-0.846,0.0,0.0,-0.839,0.0,-0.2267,0.1284,-0.617,-0.05258,0.0,0.5,0.0,-0.2413,0.2135,0.4966,0.0,2.0,0.0,0.0,0.0,-0.294,-0.307648,0.006166769657284,-0.186766769657284,0.0006256253476690382
0.124,0.2676,-0.3674,-0.1482,-0.2954,0.2856,0.1626,1.0,0.0,0.4224,0.3845,0.5635,0.0,-0.1553,-0.552,-0.4656,-0.4856,0.3752,0.5093,-0.4542,-0.493,-0.1807,-0.1796,1.115,-0.819,-0.8467,0.0,0.0,-0.838,0.0,-0.2295,-0.0677,-0.4785,-0.0568,-1.0,0.0,-0.5,-0.04346,-0.02141,0.2524,0.0,3.0,0.0,0.0,0.0,-0.3193,-0.4340639999999999,0.0099281631410121,-0.4641281631410122,0.001007222721457419
0.1703,-0.1471,-0.4473,-0.1477,-1.137,0.1428,0.1544,0.0,0.0,0.5244,0.482,0.524,0.0,-0.1548,0.6562,-0.4631,-0.4954,-0.04395,0.51,-0.8295,-0.4937,-0.454,-0.1807,-0.1796,-0.8193,-0.8467,0.0,0.0,-0.838,0.0,-0.2346,-0.0945,-0.4617,-0.2483,-1.0,-0.5,-0.5,0.2737,-0.4197,-0.1344,0.0,4.0,0.0,0.0,0.0,-1.416,-0.3050079999999999,0.0103694945573806,-0.8398694945573807,0.0010519962635462956
0.1584,-0.413,-0.4907,-0.1455,4.45,0.1428,0.1464,0.0,0.0,0.579,0.5405,0.5015,0.0,-0.1544,-0.0396,-0.4602,-0.5015,-0.2805,0.5107,-0.473,-0.495,-0.829,-0.454,-0.1807,-0.8203,-0.8467,0.0,0.0,-0.838,0.0,-0.2374,0.2422,-0.703,-0.112,-2.0,-1.0,-0.5,0.4622,-0.5835,-0.3591,0.0,5.0,0.0,0.0,0.0,-0.656,0.0965543999999999,0.0091578643769025,-0.4821578643769026,0.0009290750916791815
-0.005444,-0.02902,-0.3987,-0.1417,-1.104,0.2856,0.1382,1.0,0.0,0.4497,0.434,0.546,0.0,-0.1539,0.394,-0.4497,-0.4993,-0.0424,0.5317,0.9605,-0.4995,-0.473,-0.829,-0.454,-0.8203,-0.8467,0.0,0.0,-0.8374,0.0,-0.2319,0.538,-0.912,0.1181,-1.0,-1.0,0.0,0.06775,-0.1138,0.0348,1.0,0.0,0.0,0.0,0.0,0.7017,0.29777176,-0.0445402525365352,1.0050402525365354,-0.004518656043123438
0.1779,-0.8984,-0.569,-0.1411,-14.766,0.2856,0.1301,0.0,0.0,0.685,0.6465,0.462,0.0,-0.1534,0.4902,-0.447,-0.4958,-0.8574,0.5273,-1.7709,-0.4949,0.96,-0.473,-0.829,-0.8223,-0.8467,0.0,0.0,-0.838,0.0,-0.2427,-0.0945,-0.465,-1.164,-1.0,-1.0,-0.5,0.9062,-0.8003,-0.7524,0.0,1.0,0.0,0.0,0.0,-6.715,-0.8036999999999999,-0.0307110883295536,-1.7401889116704463,-0.003115672610015027
0.37,-1.405,-0.677,-0.1428,0.797,0.2856,0.12195,0.0,0.0,0.854,0.789,0.4087,0.0,-0.1531,1.33,-0.4526,-0.4944,-1.314,0.518,-1.1849,-0.483,-1.771,0.96,-0.473,-0.825,-0.847,0.0,0.0,-0.8384,0.0,-0.2494,-0.3872,-0.259,-0.547,-1.0,-1.5,-1.0,1.382,-1.236,-1.068,0.0,2.0,0.0,0.0,0.0,-3.34,0.7952800000000001,-0.0389278382062912,-1.1459721617937089,-0.003949270633620718
0.3623,-0.8667,-0.5767,-0.1445,-0.3015,0.1428,0.11383,0.0,0.0,0.7104,0.642,0.4573,0.0,-0.1526,0.2467,-0.462,-0.4934,-0.775,0.514,1.1281,-0.4812,-1.185,-1.771,0.96,-0.827,-0.8477,0.0,0.0,-0.839,0.0,-0.2434,-0.3179,-0.306,0.2615,0.0,-1.0,-1.0,0.7983,-0.6265,-0.603,1.0,0.0,0.0,0.0,0.0,1.658,-1.0036999999999998,-0.0159170646220445,1.1440170646220444,-0.0016148031532643536
0.521,-1.448,-0.712,-0.1498,0.9253,0.0,0.1057,0.0,0.0,0.9185,0.8306,0.3909,0.0,-0.1521,1.363,-0.471,-0.4934,-1.369,0.5044,-1.4849,-0.4692,1.127,-1.185,-1.771,-0.8296,-0.848,0.0,0.0,-0.84,0.0,-0.2517,-0.793,0.02971,-0.3718,0.0,-1.5,-1.5,1.474,-1.153,-1.0,0.0,1.0,0.0,0.0,0.0,-2.277,0.1475439999999999,-0.0013421853072941,-1.483557814692706,-0.00013616612848840756
0.4844,-1.342,-0.711,-0.1549,0.0501,-0.1428,0.09753,0.0,0.0,0.9146,0.8325,0.3909,0.0,-0.1516,0.8413,-0.4697,-0.4924,-1.15,0.482,0.0001,-0.4612,-1.484,1.127,-1.185,-0.8315,-0.8486,0.0,0.0,-0.84,0.0,-0.252,-0.78,0.02022,0.0,-1.0,-1.5,-1.5,1.337,-1.061,-0.9214,0.0,0.0,0.0,0.0,0.0,0.0,0.0448159999999999,-0.0040085879154503,0.0041085879154503,-0.0004066755120816414
0.4575,-1.043,-0.6743,-0.1604,-0.1205,-0.2856,0.0894,0.0,0.0,0.8574,0.7783,0.4087,0.0,-0.1512,0.04163,-0.4634,-0.4917,-0.887,0.4744,0.4154,-0.4573,0.0,-1.484,1.127,-0.833,-0.8486,0.0,0.0,-0.8403,0.0,-0.2499,-0.8057,0.03973,0.1051,0.0,-1.0,-1.5,1.058,-0.7715,-0.7637,1.0,0.0,0.0,0.0,0.0,0.6753,0.916296,-0.0427337028086185,0.4581337028086185,-0.0043353796497406704
0.3809,-0.412,-0.566,-0.1638,-0.5674,-0.4285,0.0894,0.0,0.0,0.6978,0.626,0.462,0.0,-0.1508,0.4902,-0.4531,-0.491,-0.2505,0.4675,1.2301,-0.4573,0.4153,0.0,-1.484,-0.834,-0.8486,0.0,0.0,-0.8403,0.0,-0.2433,-0.463,-0.2021,0.314,1.0,-0.5,-1.0,0.4739,-0.1791,-0.4033,2.0,0.0,0.0,0.0,0.0,1.992,0.297536,-0.0205915234982967,1.2506915234982967,-0.002089031983291371
0.3762,-0.1289,-0.5303,-0.1683,-0.7817,-0.5713,0.0813,0.0,0.0,0.649,0.5767,0.4795,0.0,-0.1503,0.2239,-0.4421,-0.49,-0.010605,0.463,0.3949,-0.4578,1.2295,0.4153,0.0,-0.834,-0.8486,0.0,0.0,-0.8403,0.0,-0.2413,-0.648,-0.0692,0.2,1.0,0.0,-1.0,0.3018,0.0157,-0.2866,3.0,0.0,1.0,0.0,5.805,1.221,0.8237576000000003,0.0153450332581996,0.3795549667418003,0.0015567699623439911
0.357,0.535,-0.412,-0.1703,-14.766,-0.5713,0.0732,1.0,0.0,0.4954,0.4211,0.537,0.0,-0.1499,0.639,-0.4324,-0.4883,0.6367,0.46,1.2681,-0.457,0.3948,1.2295,0.4153,-0.832,-0.8486,0.0,0.0,-0.84,0.0,-0.2343,-0.3281,-0.2942,0.5005,2.0,0.5,-0.5,-0.1488,0.575,0.0933,4.0,0.0,0.0,0.0,0.0,3.02,-0.0109331999999999,0.003933563362807,1.264166436637193,0.0003990641913351729
0.3628,0.53,-0.4211,-0.1721,0.1243,-0.5713,0.06506,1.0,0.0,0.5073,0.4324,0.5327,0.0,-0.1494,0.172,-0.4246,-0.4846,0.6196,0.4573,-0.0936999999999999,-0.458,1.268,0.3948,1.2295,-0.831,-0.848,0.0,0.0,-0.8403,0.0,-0.235,-0.3118,-0.306,-0.02669,2.0,0.0,-0.5,-0.0882,0.472,0.0706,0.0,1.0,0.0,0.0,0.0,-0.1548,-0.0487119999999999,0.003790492657572,-0.097490492657572,0.0003845495159575744
0.4314,0.466,-0.439,-0.1735,0.02182,-0.5713,0.05692,1.0,0.0,0.5347,0.4497,0.524,0.0,-0.1489,0.1804,-0.42,-0.481,0.507,0.459,-0.188,-0.4587,-0.09375,1.268,0.3948,-0.829,-0.848,0.0,0.0,-0.8403,0.0,-0.2362,-0.2617,-0.3423,-0.06055,1.0,0.0,-0.5,-0.01127,0.323,0.0188,0.0,2.0,0.0,0.0,0.0,-0.3523,0.6060560000000002,0.064989261329174,-0.252989261329174,0.006593229757786296
0.3945,0.9526,-0.3389,-0.1718,1.084,-0.4285,0.04877,1.0,0.0,0.4102,0.3271,0.5728,0.0,-0.1486,0.9414,-0.4192,-0.479,0.942,0.4666,1.0411,-0.4585,-0.1881,-0.09375,1.268,-0.826,-0.848,0.0,0.0,-0.8403,0.0,-0.2303,0.10645,-0.6025,0.665,1.0,0.5,0.0,-0.3623,0.73,0.35,1.0,0.0,0.0,0.0,0.0,3.895,0.5693856000000002,0.0478269383311271,0.9932730616688727,0.004852093816413978
0.3462,1.202,-0.276,-0.1683,0.391,-0.2856,0.04065,1.0,0.0,0.3333,0.2559,0.6035,0.0,-0.1481,0.1082,-0.4219,-0.4785,1.109,0.4807,0.6416999999999999,-0.4531,1.04,-0.1881,-0.09375,-0.823,-0.848,0.0,0.0,-0.84,0.0,-0.2268,0.3186,-0.752,0.4355,1.0,0.5,0.5,-0.562,0.896,0.518,2.0,0.0,0.0,0.0,0.0,2.47,0.3308319999999999,-0.0036543789319694,0.6453543789319693,-0.00037074063357097985
0.3423,1.329,-0.2397,-0.1658,0.2393,-0.2856,0.03253,1.0,0.0,0.2922,0.2142,0.621,0.0,-0.1476,0.5396,-0.4338,-0.4785,1.237,0.4858,0.3595,-0.4507,0.641,1.04,-0.1881,-0.8213,-0.8477,0.0,0.0,-0.84,0.0,-0.2247,0.2268,-0.6855,0.1008,1.0,1.0,0.5,-0.689,0.8774,0.6147,3.0,0.0,0.0,0.0,0.0,0.5605,-0.095324,0.067476287484169,0.292023712515831,0.0068455412092190415
0.2905,1.111,-0.2573,-0.1604,-0.03217,-0.1428,0.02438,1.0,0.0,0.3079,0.2389,0.6123,0.0,-0.1472,0.55,-0.4456,-0.4792,1.024,0.4963,-0.1776,-0.4485,0.3591,0.641,1.04,-0.8193,-0.847,0.0,0.0,-0.84,0.0,-0.226,0.6597,-0.995,-0.06915,1.0,1.0,0.5,-0.5845,0.672,0.5415,0.0,1.0,0.0,0.0,0.0,-0.3801,0.9441720000000002,0.0093752406537532,-0.1869752406537533,0.0009511281464124788
0.2335,1.718,-0.09467,-0.1506,0.6772,0.0,0.02438,1.0,1.0,0.1295,0.0643,0.6924,0.0,-0.1467,0.8916,-0.4412,-0.4766,1.515,0.526,1.6081,-0.432,-0.1776,0.3591,0.641,-0.817,-0.846,0.0,0.0,-0.8394,0.0,-0.2163,1.243,-1.407,1.351,2.0,1.0,1.0,-1.074,1.23,0.8906,1.0,0.0,0.0,0.0,0.0,7.465,-0.2187176,-0.0074483635835349,1.615548363583535,-0.0007556444160372216
0.1824,1.524,-0.09644,-0.143,0.01836,0.1428,0.02438,1.0,1.0,0.1272,0.0704,0.6924,0.0,-0.1462,-0.3914,-0.43,-0.4722,1.398,0.536,0.0001,-0.4163,1.607,-0.1776,0.3591,-0.8145,-0.8457,0.0,0.0,-0.8384,0.0,-0.2164,1.145,-1.337,0.0,1.0,0.5,0.5,-1.023,1.036,0.7646,0.0,0.0,0.0,0.0,0.0,0.0,-0.193644,-0.0203832685947418,0.0204832685947418,-0.002067904301590722
0.1768,0.843,-0.1925,-0.1342,-0.32,0.2856,0.02438,1.0,1.0,0.2274,0.1747,0.6455,0.0,-0.1459,-0.2019,-0.4119,-0.4658,0.8066,0.5474,-0.8929,-0.4087,0.0,1.607,-0.1776,-0.813,-0.8447,0.0,0.0,-0.838,0.0,-0.2224,1.317,-1.45,-0.27,0.0,0.0,0.5,-0.5327,0.6226,0.4685,0.0,1.0,0.0,1.0,-4.32,-1.421,0.3525239999999999,0.0039176302962005,-0.8968176302962005,0.00039744776476354773
0.1393,0.669,-0.1886,-0.1254,-0.06793,0.4285,0.02438,1.0,1.0,0.2201,0.1733,0.648,0.0,-0.1454,0.0712,-0.3865,-0.455,0.617,0.5674,0.04386,-0.4023,-0.8926,0.0,1.607,-0.8115,-0.844,0.0,0.0,-0.837,0.0,-0.2222,1.322,-1.45,0.01207,0.0,0.0,1.0,-0.5024,0.5547,0.424,1.0,0.0,0.0,0.0,0.0,0.06537,0.059018,0.0194841660559177,0.0243758339440822,0.0019766893917266036
0.1042,0.4897,-0.1897,-0.1173,-0.1217,0.5713,0.02438,1.0,1.0,0.2185,0.1775,0.648,0.0,-0.1449,-0.588,-0.3647,-0.4448,0.5117,0.5776,0.0001,-0.3965,0.04373,-0.8926,0.0,-0.811,-0.844,0.0,0.0,-0.8364,0.0,-0.2223,1.286,-1.44,0.0,0.0,0.0,0.5,-0.4968,0.4346,0.3838,0.0,0.0,0.0,0.0,0.0,0.0,0.2367815999999999,-0.0151106640696525,0.0152106640696525,-0.0015329929586262508
0.0683,0.5156,-0.1543,-0.1104,0.1821,0.7144,0.02438,1.0,1.0,0.178,0.1416,0.6655,0.0,-0.1444,0.05695,-0.3467,-0.4324,0.571,0.589,0.3497,-0.3928,0.0,0.04373,-0.8926,-0.8105,-0.8438,0.0,0.0,-0.8354,0.0,-0.2202,1.204,-1.381,0.1016,0.0,0.5,0.5,-0.5776,0.515,0.4082,1.0,0.0,0.0,0.0,0.0,0.55,0.4101343999999999,0.0148869063705205,0.3348130936294794,0.0015102925018080314
-0.00971,0.622,-0.1013,-0.10333,0.3232,0.857,0.02438,1.0,1.0,0.11676,0.0914,0.6924,0.0,-0.144,-0.3914,-0.3306,-0.4172,0.671,0.6045,0.5186999999999999,-0.3945,0.3494,0.0,0.04373,-0.809,-0.8433,0.0,0.0,-0.834,0.0,-0.217,1.227,-1.395,0.173,1.0,0.5,0.5,-0.7427,0.6196,0.4692,2.0,0.0,0.0,0.0,0.0,0.925,-0.5532422400000002,-0.0023095314390957,0.5210095314390957,-0.0002343044235210161
0.09595,0.02841,-0.2106,-0.0999,-0.7686,0.857,0.02438,1.0,1.0,0.2405,0.2015,0.639,0.0,-0.1436,1.183,-0.3203,-0.402,0.06165,0.6133,-1.0204,-0.398,0.5186,0.3494,0.0,-0.81,-0.843,0.0,0.0,-0.833,0.0,-0.2238,0.5464,-0.9126,-0.2325,1.0,0.0,0.0,-0.2234,0.1787,0.1923,0.0,1.0,0.0,0.0,0.0,-1.224,0.2105719999999999,0.0071102413348853,-1.027510241334885,0.0007213415539032061
0.05545,0.1538,-0.1663,-0.09564,1.3545,0.857,0.02438,1.0,1.0,0.1896,0.1558,0.661,0.0,-0.1431,-0.1573,-0.3176,-0.3887,0.2217,0.619,0.4396,-0.4124,-1.0205,0.5186,0.3494,-0.8105,-0.843,0.0,0.0,-0.8315,0.0,-0.2211,0.6743,-1.003,0.0898,1.0,0.0,0.5,-0.3525,0.3376,0.2607,1.0,0.0,0.0,0.0,0.0,0.488,0.4403879999999999,-0.0065037771128118,0.4461037771128118,-0.0006598151128538948
0.05893,0.2559,-0.12317,-0.09064,0.597,0.857,0.02438,1.0,1.0,0.1448,0.1089,0.683,0.0,-0.1427,0.258,-0.3196,-0.377,0.3296,0.63,0.4334,-0.4302,0.4392,-1.0205,0.5186,-0.81,-0.8423,0.0,0.0,-0.83,0.0,-0.2184,0.826,-1.11,0.1569,2.0,0.5,1.0,-0.5034,0.436,0.3464,2.0,0.0,0.0,0.0,0.0,0.841,0.5473137599999996,-0.0281747616827487,0.4615747616827488,-0.0028583595711965115
-0.05167,0.4932,-0.0535,-0.0862,0.8857,0.857,0.02438,1.0,1.0,0.06525,0.0452,0.7188,0.0,-0.1422,-0.4048,-0.323,-0.366,0.5254,0.644,0.6841,-0.4473,0.433,0.4392,-1.0205,-0.809,-0.842,0.0,0.0,-0.8286,0.0,-0.2141,0.7803,-1.075,0.1406,2.0,0.5,1.0,-0.704,0.65,0.5283,3.0,0.0,0.0,0.0,0.0,0.744,0.327336,-0.0239766612648963,0.7080766612648964,-0.002432457813966748
-0.06335,0.6465,-0.001241,-0.0817,0.4182,0.857,0.02438,1.0,1.0,0.01321,-0.006584,0.745,0.0,-0.1417,0.2554,-0.3257,-0.357,0.6504,0.6567,0.5025,-0.4546,0.684,0.433,0.4392,-0.8076,-0.8413,0.0,0.0,-0.827,0.0,-0.2109,0.764,-1.0625,0.118,2.0,1.0,1.0,-0.812,0.7744,0.648,4.0,0.0,0.0,0.0,0.0,0.6113,0.4416000000000001,-0.0197042748332023,0.5222042748332023,-0.001999019661538292
-0.05432,0.7915,0.05072,-0.07697,0.3462,0.857,0.02438,1.0,1.0,-0.03543,-0.05823,0.772,0.0,-0.1414,0.794,-0.3345,-0.3508,0.824,0.6646,0.4947,-0.4597,0.502,0.684,0.433,-0.8057,-0.8403,0.0,0.0,-0.8257,0.0,-0.2076,0.796,-1.083,0.1292,3.0,1.5,1.0,-0.8965,0.8916,0.761,5.0,0.0,0.0,0.0,0.0,0.659,-0.4649719999999998,0.0084429252892732,0.4862570747107267,0.0008565437600229151
-0.0138,0.2925,-0.0416,-0.07336,-0.4775,0.857,0.02438,1.0,1.0,0.05652,0.02989,0.7275,0.0,-0.1409,0.4282,-0.3462,-0.3477,0.313,0.6743,-0.8119000000000001,-0.4646,0.4944,0.502,0.684,-0.805,-0.84,0.0,0.0,-0.8247,0.0,-0.2134,0.5264,-0.8936,-0.2568,2.0,1.0,1.0,-0.527,0.4346,0.4097,0.0,1.0,0.0,0.0,0.0,-1.29,0.1850959999999999,0.002077470999211,-0.8139774709992111,0.00021076164481326757
-0.1476,0.268,-0.0434,-0.0726,0.0637,0.857,0.02438,1.0,1.0,0.04758,0.0428,0.7275,0.0,-0.1404,-0.4092,-0.3525,-0.3489,0.283,0.6772,0.0001,-0.4734,-0.8115,0.4944,0.502,-0.804,-0.839,0.0,0.0,-0.8237,0.0,-0.2134,0.1437,-0.6206,0.0,1.0,1.0,0.5,-0.4727,0.376,0.3757,0.0,0.0,0.0,0.0,0.0,0.0,0.6927936,0.0034803529269993,-0.0033803529269993,0.0003530855100762548
-0.1195,0.6284,0.04483,-0.07025,1.235,0.857,0.02438,1.0,1.0,-0.03513,-0.04715,0.772,0.0,-0.14,0.1816,-0.36,-0.3528,0.603,0.687,0.8331,-0.483,0.0,-0.8115,0.4944,-0.8022,-0.838,0.0,0.0,-0.8223,0.0,-0.2081,0.377,-0.7847,0.4155,1.0,1.0,1.0,-0.7393,0.645,0.692,1.0,0.0,0.0,0.0,0.0,2.14,0.3267799999999999,0.0038366257213056,0.8292633742786943,0.0003892297643925521
-0.1627,0.6934,0.0785,-0.0658,0.2311,0.857,0.02438,1.0,1.0,-0.0699,-0.07587,0.7896,0.0,-0.1395,-0.2367,-0.368,-0.358,0.667,0.6973,0.3248,-0.4834,0.8325,0.0,-0.8115,-0.801,-0.8364,0.0,0.0,-0.8213,0.0,-0.206,0.829,-1.106,0.1074,1.0,1.0,1.5,-0.7734,0.7065,0.7544,2.0,0.0,0.0,0.0,0.0,0.5396,0.6077119999999999,0.0145868714898824,0.3102131285101175,0.001479853643711502
-0.193,0.917,0.1516,-0.06027,0.442,0.857,0.02438,1.0,1.0,-0.1384,-0.1415,0.827,0.0,-0.139,-0.2578,-0.3672,-0.3608,0.8276,0.7163,0.6831,-0.475,0.3245,0.8325,0.0,-0.7993,-0.8354,0.0,0.0,-0.8203,0.0,-0.2015,0.9473,-1.188,0.3533,1.0,1.5,1.5,-0.915,0.92,0.8975,3.0,0.0,0.0,0.0,0.0,1.756,0.7137239999999998,0.0186800770461559,0.6644199229538441,0.0018951137055495007
-0.1777,1.261,0.2605,-0.05292,0.501,0.857,0.02438,1.0,1.0,-0.2307,-0.2393,0.883,0.0,-0.1387,-0.0955,-0.3635,-0.3643,1.154,0.734,0.9835,-0.457,0.6826,0.3245,0.8325,-0.7974,-0.8335,0.0,0.0,-0.819,0.0,-0.195,1.093,-1.29,0.4824,2.0,1.5,2.0,-1.1455,1.22,1.04,4.0,0.0,0.0,0.0,0.0,2.35,-0.137208,-0.0180756300687789,1.001575630068779,-0.001833791916122468
-0.2017,1.034,0.2389,-0.0464,-0.04727,0.857,0.02438,1.0,1.0,-0.2146,-0.2186,0.8735,0.0,-0.1382,-0.4756,-0.3499,-0.364,0.787,0.764,-0.1526,-0.4485,0.983,0.6826,0.3245,-0.796,-0.832,0.0,0.0,-0.8174,0.0,-0.1965,0.981,-1.21,-0.1777,2.0,1.0,1.5,-0.987,1.018,0.828,0.0,1.0,0.0,0.0,0.0,-0.8394,-0.2379999999999999,-0.0235574655234813,-0.1290425344765186,-0.002389929959670396
-0.2087,0.8164,0.2144,-0.0409,-0.0749,0.857,0.02438,1.0,1.0,-0.1942,-0.1965,0.863,0.0,-0.1377,-0.665,-0.3372,-0.3599,0.595,0.7744,-0.1917,-0.4382,-0.1526,0.983,0.6826,-0.794,-0.8306,0.0,0.0,-0.8164,0.0,-0.198,0.82,-1.096,-0.04504,1.0,0.5,1.0,-0.8506,0.7935,0.6465,0.0,2.0,0.0,0.0,0.0,-0.2137,1.1019536,-0.0026818471960723,-0.1890181528039276,-0.0002720762534816206
-0.2583,1.521,0.422,-0.0302,0.9727,0.857,0.02438,1.0,1.0,-0.3665,-0.366,0.887,1.0,-0.171,0.956,-0.3223,-0.3542,1.308,0.7227,1.8131,-0.4111,-0.1917,-0.1526,0.983,-0.7905,-0.8286,0.0,0.0,-0.815,0.0,-0.1853,1.467,-1.45,1.114,1.0,0.5,1.5,-1.342,1.44,0.9775,1.0,0.0,0.0,0.0,0.0,5.316,0.3473948,-0.0072986171580851,1.820398617158085,-0.0007404524817359998
-0.268,1.597,0.4893,-0.01921,0.1835,0.857,0.02438,1.0,1.0,-0.4182,-0.4175,0.887,1.0,-0.171,-0.1652,-0.3103,-0.3486,1.474,0.706,0.5841,-0.388,1.8125,-0.1917,-0.1526,-0.787,-0.8267,0.0,0.0,-0.8135,0.0,-0.181,1.484,-1.45,0.1791,1.0,0.5,1.5,-1.402,1.515,0.927,2.0,0.0,0.0,0.0,0.0,0.809,0.4774759999999998,0.0024520452134311,0.5816479547865688,0.00024876259766586973
-0.2793,1.767,0.583,-0.00736,0.2415,0.857,0.02438,1.0,1.0,-0.487,-0.4868,0.887,1.0,-0.171,0.1606,-0.287,-0.3342,1.511,0.7026,0.7891,-0.3628,0.584,1.8125,-0.1917,-0.783,-0.825,0.0,0.0,-0.811,0.0,-0.1754,1.517,-1.45,0.776,1.0,1.0,1.5,-1.454,1.653,0.919,3.0,0.0,1.0,0.0,5.3,3.443,-0.3709040000000001,-0.0236708763986825,0.8127708763986826,-0.0024014356137113885
-0.2015,1.297,0.515,0.002083,-0.1385,0.857,0.02438,1.0,1.0,-0.4316,-0.4426,0.8584,0.0,-0.1705,0.361,-0.2664,-0.321,1.1,0.7173,-0.4899,-0.3513,0.7886,0.584,1.8125,-0.7803,-0.823,0.0,0.0,-0.809,0.0,-0.1796,1.237,-1.385,-0.2651,1.0,1.0,1.0,-1.19,1.308,0.6855,0.0,1.0,0.0,0.0,0.0,-1.147,0.3675919999999999,0.0078584887087345,-0.4977584887087345,0.0007972520466607747
-0.1721,1.529,0.6147,0.01204,0.3145,0.857,0.02438,1.0,1.0,-0.5005,-0.5186,0.887,1.0,-0.171,0.8413,-0.2484,-0.3088,1.403,0.713,0.8531,-0.335,-0.4897,0.7886,0.584,-0.778,-0.8213,0.0,0.0,-0.807,0.0,-0.1731,1.28,-1.413,0.4006,2.0,1.0,1.0,-1.35,1.506,0.746,1.0,0.0,0.0,0.0,0.0,1.762,0.031924,0.0080479122698307,0.8450520877301693,0.000816469268618715
-0.2627,1.739,0.713,0.02261,0.2725,0.857,0.03253,1.0,1.0,-0.5747,-0.58,0.887,1.0,-0.171,-0.5684,-0.2307,-0.2944,1.612,0.6924,0.8307,-0.313,0.8525,-0.4897,0.7886,-0.774,-0.8193,0.0,0.0,-0.8047,0.0,-0.1669,1.319,-1.4375,0.595,2.0,1.0,1.0,-1.454,1.658,0.777,2.0,0.0,1.0,0.0,7.727,2.549,-0.7003147999999999,-0.0174206644296646,0.8481206644296646,-0.0017673449546735094
-0.293,1.68,0.757,0.0357,0.09814,0.857,0.04065,1.0,1.0,-0.606,-0.6074,0.887,1.0,-0.171,-0.07434,-0.2155,-0.2808,1.644,0.6895,0.4049,-0.301,0.8306,0.8525,-0.4897,-0.7695,-0.8174,0.0,0.0,-0.8022,0.0,-0.1637,1.574,-1.45,0.1803,2.0,1.0,1.5,-1.454,1.658,0.741,3.0,0.0,0.0,0.0,0.0,0.7524,-0.5892600000000001,-0.0181526392698287,0.4230526392698288,-0.0018416045815628883
-0.2491,1.21,0.695,0.04794,-0.1517,0.857,0.04877,1.0,1.0,-0.5615,-0.569,0.864,0.0,-0.1705,-0.2291,-0.2083,-0.2698,1.296,0.7026,-0.3999,-0.298,0.4048,0.8306,0.8525,-0.7676,-0.816,0.0,0.0,-0.8,0.0,-0.1672,1.471,-1.45,-0.1495,1.0,0.5,1.5,-1.182,1.331,0.5825,0.0,1.0,0.0,0.0,0.0,-0.616,-0.858148,-0.0074169845320284,-0.3924830154679716,-0.0007524609778517058
-0.111,0.4036,0.528,0.0561,-0.5337,0.857,0.04877,1.0,1.0,-0.4338,-0.4597,0.794,0.0,-0.1702,1.222,-0.204,-0.2588,0.47,0.722,-1.2149,-0.307,-0.3997,0.4048,0.8306,-0.7666,-0.8145,0.0,0.0,-0.798,0.0,-0.1774,0.919,-1.156,-0.7573,1.0,0.5,1.0,-0.546,0.778,0.3008,0.0,2.0,0.0,0.0,0.0,-3.162,0.0135203999999999,-0.014888172969222,-1.200011827030778,-0.0015104209995948827
0.105,-0.3977,0.3452,0.0608,-1.632,0.7144,0.04877,0.0,1.0,-0.277,-0.334,0.7163,0.0,-0.1697,1.52,-0.2083,-0.2502,-0.3113,0.731,-1.4029,-0.3196,-1.214,-0.3997,0.4048,-0.768,-0.8135,0.0,0.0,-0.797,0.0,-0.1887,0.4597,-0.8335,-1.03,0.0,0.5,0.5,0.1302,0.1782,-0.00674,0.0,3.0,0.0,0.0,0.0,-4.47,0.1873159999999999,-0.0378002449870109,-1.365099755012989,-0.0038348751009436985
0.1583,-0.3074,0.384,0.06506,-0.172,0.5713,0.04877,0.0,1.0,-0.3037,-0.37,0.736,0.0,-0.1692,0.7583,-0.2169,-0.2443,-0.2152,0.7397,0.3668,-0.3306,-1.402,-1.214,-0.3997,-0.7686,-0.8125,0.0,0.0,-0.7954,0.0,-0.1862,0.421,-0.8047,0.1512,0.0,0.5,0.5,-0.0318,0.283,0.0332,1.0,0.0,0.0,0.0,0.0,0.6865,-0.4043279999999998,0.00257747201249,0.36422252798751,0.00026148727997592685
0.1956,-0.426,0.3608,0.06696,0.695,0.4285,0.04877,0.0,1.0,-0.2825,-0.3542,0.728,0.0,-0.1688,0.3557,-0.2312,-0.2422,-0.3364,0.7456,-0.1449,-0.3403,0.3667,-1.402,-1.214,-0.77,-0.811,0.0,0.0,-0.7944,0.0,-0.1874,0.2275,-0.667,-0.0516,-1.0,0.0,0.0,0.0501,0.1985,-0.02734,0.0,1.0,0.0,0.0,0.0,-0.2316,-0.4571200000000001,0.0292676649987697,-0.1741676649987697,0.002969235776252535
0.323,-0.7705,0.276,0.06775,1.201,0.2856,0.05692,0.0,1.0,-0.2034,-0.2937,0.6934,0.0,-0.1683,0.623,-0.2393,-0.2407,-0.7983,0.7627,-0.6559,-0.3594,-0.145,0.3667,-1.402,-0.773,-0.81,0.0,0.0,-0.7935,0.0,-0.1925,0.1045,-0.5815,-0.2443,-1.0,-0.5,0.0,0.3591,-0.06366,-0.2118,0.0,2.0,0.0,0.0,0.0,-1.102,0.6627947999999999,-0.0145505405962467,-0.6413494594037533,-0.0014761678358696097
0.4011,-0.4202,0.3748,0.0706,-0.41,0.1428,0.06506,0.0,1.0,-0.2769,-0.3826,0.7397,0.0,-0.1678,0.936,-0.2576,-0.2455,-0.4014,0.7646,0.8926999999999999,-0.382,-0.6553,-0.145,0.3667,-0.7754,-0.809,0.0,0.0,-0.792,0.0,-0.186,0.3,-0.718,0.3594,0.0,0.0,0.5,-0.04858,0.2595,-0.05115,1.0,0.0,0.0,0.0,0.0,1.654,0.255312,-0.0073435720987617,0.9000435720987617,-0.0007450132083324633
0.2886,-0.4297,0.3687,0.06995,0.1638,0.0,0.0732,0.0,1.0,-0.281,-0.3682,0.7397,0.0,-0.1674,-0.3374,-0.278,-0.254,-0.4558,0.771,0.0001,-0.4011,0.892,-0.6553,-0.145,-0.7773,-0.808,0.0,0.0,-0.791,0.0,-0.1862,-0.02658,-0.4849,0.0,0.0,-0.5,0.0,-0.0539,0.2024,-0.09467,0.0,0.0,0.0,0.0,0.0,0.0,0.7885599999999997,-0.0100747551769018,0.0101747551769018,-0.0010220946395791991
0.2725,0.02972,0.484,0.06995,-1.275,0.0,0.0813,1.0,1.0,-0.3706,-0.458,0.794,0.0,-0.167,0.34,-0.3064,-0.2668,0.00583,0.773,1.0131,-0.419,0.0,0.892,-0.6553,-0.7773,-0.8066,0.0,0.0,-0.7896,0.0,-0.1786,0.0677,-0.549,0.3284,0.0,-0.5,0.0,-0.413,0.588,0.1636,1.0,0.0,0.0,0.0,0.0,1.471,0.2820519999999999,-0.0548152662813663,1.0679152662813662,-0.005561067127640139
0.2004,0.1604,0.5117,0.0689,1.391,0.0,0.0894,1.0,1.0,-0.397,-0.4731,0.8096,0.0,-0.1665,-0.3728,-0.327,-0.2827,0.1489,0.772,0.2806,-0.433,1.013,0.0,0.892,-0.776,-0.805,0.0,0.0,-0.7886,0.0,-0.1765,-0.04315,-0.4688,0.11237,1.0,-0.5,0.0,-0.4763,0.626,0.2229,2.0,0.0,0.0,0.0,0.0,0.4875,-0.5846719999999999,0.011592973023653,0.269007026976347,0.0011761194566224532
0.2366,-0.1528,0.4268,0.06775,-1.251,-0.1428,0.0894,0.0,1.0,-0.3303,-0.4106,0.775,0.0,-0.166,0.3577,-0.3503,-0.301,-0.1752,0.774,-0.6259,-0.4426,0.2805,1.013,0.0,-0.7754,-0.804,0.0,0.0,-0.7876,0.0,-0.1816,-0.07764,-0.4463,-0.2129,1.0,-0.5,0.0,-0.1804,0.2983,-0.04004,0.0,1.0,0.0,0.0,0.0,-0.916,0.2402195999999999,-0.0183798167854547,-0.6075201832145453,-0.0018646519824056017
0.11017,0.0988,0.4822,0.066,-3.627,-0.1428,0.0894,1.0,1.0,-0.3823,-0.443,0.802,0.0,-0.1656,-0.3691,-0.3777,-0.3179,0.06744,0.7734,0.4964,-0.455,-0.6255,0.2805,1.013,-0.774,-0.8027,0.0,0.0,-0.7866,0.0,-0.1779,-0.1647,-0.3826,0.08716,1.0,0.0,0.0,-0.3591,0.4414,0.11304,1.0,0.0,0.0,0.0,0.0,0.3826,-0.1439959999999999,-0.0112503040581941,0.5076503040581941,-0.0011413553252271136
0.0806,0.3955,0.546,0.06354,1.894,-0.1428,0.0894,1.0,1.0,-0.4314,-0.489,0.833,0.0,-0.1652,-0.2117,-0.4033,-0.34,0.4077,0.766,0.5587,-0.4717,0.4963,-0.6255,0.2805,-0.772,-0.8013,0.0,0.0,-0.7856,0.0,-0.1736,-0.2394,-0.3271,0.11194,2.0,0.5,0.0,-0.52,0.6167,0.3306,2.0,0.0,0.0,0.0,0.0,0.4836,-0.156756,-0.002819184679538,0.561519184679538,-0.0002860092874063969
0.2903,-0.2452,0.3577,0.057,-1.303,-0.2856,0.0894,0.0,1.0,-0.2722,-0.3594,0.7515,0.0,-0.1647,1.644,-0.4272,-0.364,-0.243,0.7583,-1.4409,-0.4744,0.5586,0.4963,-0.6255,-0.7715,-0.8003,0.0,0.0,-0.7856,0.0,-0.1853,-0.658,-0.03354,-0.63,1.0,0.0,-0.5,0.1764,0.01536,-0.3994,0.0,1.0,0.0,0.0,0.0,-2.674,0.211872,0.0001005526282824,-1.4410005526282823,1.0201171200533936e-05
0.3118,-0.3362,0.3093,0.0507,0.725,-0.4285,0.0894,0.0,1.0,-0.2317,-0.321,0.732,0.0,-0.1643,-0.1504,-0.4497,-0.3916,-0.349,0.751,-0.3593,-0.4724,-1.44,0.5586,0.4963,-0.7715,-0.8,0.0,0.0,-0.7856,0.0,-0.1882,-0.646,-0.0433,-0.12134,0.0,0.0,-0.5,0.2786,-0.1873,-0.5547,0.0,2.0,0.0,0.0,0.0,-0.5396,-0.37755424,0.0248108692467212,-0.3841108692467213,0.0025170891019281904
0.2412,-0.427,0.2698,0.0466,0.515,-0.5713,0.0894,0.0,1.0,-0.205,-0.282,0.7163,0.0,-0.1638,0.2284,-0.46,-0.4126,-0.4067,0.7417,-0.2907,-0.4688,-0.3591,-1.44,0.5586,-0.773,-0.799,0.0,0.0,-0.786,0.0,-0.1906,-0.4568,-0.1793,-0.07385,0.0,0.0,-0.5,0.3281,-0.3604,-0.6377,0.0,3.0,0.0,0.0,0.0,-0.332,0.1996599999999999,0.0208951141685247,-0.3115951141685247,0.0021198315800277476
0.0792,-0.427,0.2654,0.04562,0.1333,-0.5713,0.0894,0.0,1.0,-0.2142,-0.2646,0.7163,0.0,-0.1633,-0.5093,-0.4653,-0.4336,-0.4004,0.7407,0.0001,-0.465,-0.2905,-0.3591,-1.44,-0.7744,-0.7983,0.0,0.0,-0.786,0.0,-0.1907,-0.0945,-0.438,0.0,-1.0,-0.5,-0.5,0.2883,-0.357,-0.5996,0.0,0.0,0.0,0.0,0.0,0.0,0.4684,-0.0014693127013742,0.0015693127013742,-0.00014906333797403806
0.00905,-0.1865,0.3215,0.04498,-0.61,-0.5713,0.0894,0.0,1.0,-0.2659,-0.3064,0.7437,0.0,-0.163,0.2051,-0.467,-0.455,-0.1826,0.7437,0.5138,-0.466,0.0,-0.2905,-0.3591,-0.775,-0.7974,0.0,0.0,-0.7866,0.0,-0.1869,-0.05188,-0.4666,0.1328,-1.0,0.0,-0.5,0.0809,-0.1035,-0.3474,1.0,0.0,0.0,0.0,0.0,0.6025,0.39308296,-0.0142270680516958,0.5280270680516959,-0.00144335120181437
0.004932,0.485,0.4983,0.04782,-6.688,-0.4285,0.0894,1.0,1.0,-0.4028,-0.447,0.825,0.0,-0.1625,1.136,-0.4685,-0.4722,0.484,0.7505,1.5171,-0.472,0.513,0.0,-0.2905,-0.775,-0.7964,0.0,0.0,-0.787,0.0,-0.1754,0.3545,-0.7515,0.513,0.0,0.0,0.0,-0.458,0.538,0.3696,2.0,0.0,0.0,0.0,0.0,2.291,0.3517479999999999,0.0049135345034301,1.5121864654965698,0.0004984833069549338
-0.07623,0.783,0.5967,0.05386,0.696,-0.2856,0.0894,1.0,1.0,-0.4805,-0.5137,0.8716,0.0,-0.162,-0.06445,-0.4688,-0.4858,0.7886,0.762,0.8271,-0.4753,1.516,0.513,0.0,-0.774,-0.7954,0.0,0.0,-0.787,0.0,-0.169,0.712,-1.004,0.279,1.0,0.0,0.5,-0.715,0.7964,0.8125,3.0,0.0,0.0,0.0,0.0,1.19,0.6757736000000003,0.0322362668812274,0.7948637331187725,0.0032704035979839426
-0.11914,1.268,0.7466,0.06076,0.732,-0.1428,0.0894,1.0,1.0,-0.5854,-0.6147,0.887,1.0,-0.171,0.8687,-0.4634,-0.4946,1.217,0.732,1.2101,-0.4556,0.8267,1.516,0.513,-0.771,-0.794,0.0,0.0,-0.7866,0.0,-0.1593,0.775,-1.044,0.6025,2.0,0.5,0.5,-1.02,1.227,1.113,4.0,0.0,0.0,0.0,0.0,2.504,-0.5292640000000001,-0.0020726830698549,1.212172683069855,-0.0002102759042822447
-0.02855,0.8774,0.6724,0.0665,-0.1755,0.0,0.0894,1.0,1.0,-0.529,-0.5713,0.857,0.0,-0.1705,0.4075,-0.4517,-0.4937,0.803,0.7466,-0.5179,-0.4404,1.209,0.8267,1.516,-0.768,-0.793,0.0,0.0,-0.786,0.0,-0.164,0.5986,-0.9204,-0.2354,2.0,0.0,0.5,-0.7324,0.885,0.787,0.0,1.0,0.0,0.0,0.0,-0.943,0.21644,-0.0228067561984062,-0.4950932438015938,-0.002313769699339649
-0.0901,1.02,0.7266,0.07104,0.2922,0.0,0.0894,1.0,1.0,-0.57,-0.6035,0.8833,0.0,-0.1702,-0.2683,-0.4375,-0.489,0.9575,0.7554,0.4608,-0.426,-0.5176,1.209,0.8267,-0.764,-0.792,0.0,0.0,-0.7847,0.0,-0.1602,0.5195,-0.8623,0.1172,2.0,0.0,0.5,-0.811,0.9795,0.805,1.0,0.0,0.0,0.0,0.0,0.477,0.27998016,-0.0230644382536411,0.4838644382536411,-0.002339911818204749
-0.02202,0.6533,0.6426,0.0734,-0.2223,0.0,0.0894,1.0,1.0,-0.508,-0.551,0.8496,0.0,-0.1697,0.0821,-0.4229,-0.4827,0.599,0.761,-0.5839,-0.42,0.4604,-0.5176,1.209,-0.761,-0.791,0.0,0.0,-0.7837,0.0,-0.1652,0.289,-0.7,-0.1251,1.0,0.0,0.0,-0.4958,0.6523,0.5127,0.0,1.0,0.0,0.0,0.0,-0.5024,-0.0583039999999999,0.0127360923215746,-0.5966360923215747,0.001292090126508697
-0.07886,0.4768,0.61,0.0767,-0.1235,0.1428,0.0894,1.0,1.0,-0.4897,-0.523,0.838,0.0,-0.1692,-0.578,-0.409,-0.476,0.455,0.766,-0.1981,-0.4185,-0.5835,0.4604,-0.5176,-0.759,-0.7905,0.0,0.0,-0.7827,0.0,-0.167,0.407,-0.785,-0.0354,0.0,0.0,0.0,-0.37,0.4922,0.389,0.0,2.0,0.0,0.0,0.0,-0.1448,0.2254880000000001,-0.0067916293628513,-0.1913083706371486,-0.0006890180301049977
-0.0745,0.637,0.662,0.07983,0.4402,0.1428,0.0894,1.0,1.0,-0.5254,-0.5605,0.8643,0.0,-0.1688,-0.09357,-0.395,-0.4675,0.627,0.7725,0.4657,-0.4204,-0.1981,-0.5835,0.4604,-0.7573,-0.79,0.0,0.0,-0.7812,0.0,-0.1632,0.407,-0.783,0.1373,0.0,0.5,0.0,-0.503,0.617,0.4902,1.0,0.0,0.0,0.0,0.0,0.565,0.182796,-0.0152672976255416,0.4809672976255417,-0.0015488835996434662
0.004265,0.829,0.722,0.08276,0.4192,0.1428,0.0894,1.0,1.0,-0.5596,-0.6084,0.887,1.0,-0.171,0.8604,-0.3772,-0.4558,0.754,0.7803,0.5245,-0.414,0.4653,-0.1981,-0.5835,-0.756,-0.7896,0.0,0.0,-0.7803,0.0,-0.159,0.407,-0.7812,0.2864,1.0,1.0,0.0,-0.6826,0.708,0.587,2.0,0.0,0.0,0.0,0.0,1.162,0.122192,-0.0099757546558976,0.5344757546558976,-0.001012050931314612
-0.0677,0.5176,0.6636,0.0882,-0.2323,0.2856,0.0894,1.0,1.0,-0.526,-0.562,0.8647,0.0,-0.1705,0.2299,-0.36,-0.4426,0.4468,0.7925,-0.3869,-0.414,0.524,0.4653,-0.1981,-0.756,-0.789,0.0,0.0,-0.779,0.0,-0.1625,0.756,-1.032,-0.10376,0.0,0.5,0.0,-0.4573,0.4788,0.3984,0.0,1.0,0.0,0.0,0.0,-0.4138,0.5843335999999999,0.0049515659920871,-0.3918515659920871,0.0005023416419724096
-0.05957,0.8213,0.775,0.0965,0.6753,0.4285,0.0894,1.0,1.0,-0.599,-0.6387,0.887,1.0,-0.171,0.3484,-0.3445,-0.4275,0.7734,0.7783,0.9141,-0.4028,-0.3867,0.524,0.4653,-0.755,-0.7886,0.0,0.0,-0.778,0.0,-0.1549,1.027,-1.222,0.2107,1.0,0.5,0.5,-0.717,0.8086,0.6113,1.0,0.0,0.0,0.0,0.0,0.851,-0.0444759999999999,-0.0136882551014423,0.9277882551014424,-0.0013886880543214587
-0.01503,0.594,0.7495,0.1051,-0.1355,0.5713,0.0894,1.0,1.0,-0.579,-0.6255,0.88,0.0,-0.1705,0.5146,-0.333,-0.4111,0.575,0.793,-0.1269,-0.3948,0.9136,-0.3867,0.524,-0.7544,-0.788,0.0,0.0,-0.777,0.0,-0.1561,1.081,-1.261,-0.0353,1.0,0.0,0.5,-0.5825,0.6797,0.4976,0.0,1.0,0.0,0.0,0.0,-0.1387,0.01466,-0.0264362543821334,-0.1004637456178665,-0.0026819861545102075
0.04913,0.3765,0.7246,0.11334,-0.2113,0.7144,0.0894,1.0,1.0,-0.5576,-0.614,0.872,0.0,-0.1702,0.11993,-0.3252,-0.3943,0.394,0.8057,-0.1273,-0.3923,-0.1268,0.9136,-0.3867,-0.7534,-0.7876,0.0,0.0,-0.776,0.0,-0.1573,1.027,-1.223,-0.03001,0.0,-0.5,0.5,-0.4822,0.5386,0.4016,0.0,2.0,0.0,0.0,0.0,-0.11835,0.97384,-0.0380927808582782,-0.0892072191417217,-0.003864553176555148
0.08984,0.8916,0.9004,0.1236,1.337,0.857,0.0894,1.0,1.0,-0.666,-0.7324,0.887,1.0,-0.171,1.371,-0.3152,-0.374,0.8896,0.7656,1.4071,-0.3765,-0.1273,-0.1268,0.9136,-0.7505,-0.7866,0.0,0.0,-0.7744,0.0,-0.1455,1.141,-1.299,0.889,0.0,0.0,0.5,-0.943,1.014,0.7075,1.0,0.0,0.0,0.0,0.0,3.52,0.3329671999999999,-0.0066356849856674,1.4137356849856677,-0.0006731973070012135
0.1092,1.044,0.974,0.1321,0.3008,0.857,0.0894,1.0,1.0,-0.709,-0.78,0.887,1.0,-0.171,1.474,-0.2942,-0.348,0.885,0.766,0.6131,-0.3555,1.406,-0.1273,-0.1268,-0.7476,-0.785,0.0,0.0,-0.773,0.0,-0.1404,1.061,-1.238,0.56,1.0,0.0,0.5,-1.074,1.128,0.744,2.0,0.0,0.0,0.0,0.0,2.123,0.21058,-0.0113296182826161,0.6244296182826161,-0.0011494018377428688
0.1454,0.91,0.9644,0.1388,0.006092,0.857,0.0894,1.0,1.0,-0.7,-0.777,0.887,1.0,-0.171,0.2644,-0.2737,-0.3237,0.7246,0.7837,0.0001,-0.3481,0.6123,1.406,-0.1273,-0.7456,-0.7837,0.0,0.0,-0.771,0.0,-0.1406,0.9546,-1.163,0.0,0.0,0.0,0.0,-1.018,0.949,0.6465,0.0,0.0,0.0,0.0,0.0,0.0,0.5940540000000002,0.049305036664009,-0.049205036664009,0.005002048466058787
0.1462,1.337,1.105,0.1455,0.593,0.857,0.0894,1.0,1.0,-0.781,-0.8604,0.887,1.0,-0.171,1.385,-0.2473,-0.3005,1.066,0.7476,1.0821,-0.3367,0.0,0.6123,1.406,-0.7417,-0.782,0.0,0.0,-0.7686,0.0,-0.1311,0.9546,-1.159,0.7227,1.0,0.5,0.0,-1.276,1.273,0.804,1.0,0.0,0.0,0.0,0.0,2.69,1.4988640000000002,0.0151713080704212,1.0669286919295788,0.0015391453570736528
0.2834,2.156,1.86,0.1666,1.962,0.857,0.0894,1.0,1.0,-1.132,-1.244,0.887,1.0,-0.171,2.0,-0.1399,-0.2363,2.002,0.6006,2.7441000000000004,-0.2328,1.082,0.0,0.6123,-0.7324,-0.779,0.0,0.0,-0.7637,0.0,-0.0816,1.574,-1.45,9.62,2.0,0.5,0.5,-1.454,2.111,1.113,2.0,0.0,1.0,0.0,9.375,7.785,-0.2631,0.0126463193446397,2.7314536806553606,0.0012829825624147727
0.4207,2.156,1.874,0.1874,0.05292,0.857,0.0894,1.0,1.0,-1.126,-1.262,0.887,1.0,-0.171,1.242,-0.0199,-0.161,2.002,0.6523,0.1931,-0.1665,2.744,1.082,0.0,-0.723,-0.776,0.0,0.0,-0.759,0.0,-0.08044,1.574,-1.45,0.3718,2.0,0.5,0.5,-1.454,2.111,1.113,3.0,0.0,0.0,0.0,0.0,1.146,-0.3042519999999999,-0.0120532996952533,0.2051532996952533,-0.001222820087579392
0.4597,2.156,1.806,0.2085,-0.03873,0.857,0.0894,1.0,1.0,-1.095,-1.235,0.8696,0.0,-0.1705,0.00942,0.0684,-0.10046,1.657,0.673,-0.2969,-0.127,0.1929,2.744,1.082,-0.7144,-0.773,0.0,0.0,-0.7544,0.0,-0.08417,1.574,-1.45,-0.2482,1.0,0.5,0.5,-1.454,2.111,0.879,0.0,1.0,0.0,0.0,0.0,-0.7603,0.6428999999999999,0.0114464052021503,-0.3083464052021503,0.001161249995076016
0.452,2.156,1.936,0.2328,0.1633,0.857,0.0894,1.0,1.0,-1.148,-1.29,0.887,1.0,-0.171,-0.3914,0.1311,-0.0519,1.98,0.657,0.8995,-0.07794,-0.2969,0.1929,2.744,-0.7056,-0.7695,0.0,0.0,-0.75,0.0,-0.0745,1.574,-1.45,0.4526,2.0,0.5,1.0,-1.454,2.111,0.8457,1.0,0.0,0.0,0.0,0.0,1.399,0.3785644000000001,-0.0076071438379585,0.9071071438379584,-0.0007717528419064138
0.4314,2.156,2.047,0.2583,0.1344,0.857,0.0894,1.0,1.0,-1.194,-1.334,0.887,1.0,-0.171,-0.4119,0.1805,-0.007587,2.002,0.643,0.7781,-0.02718,0.8994,-0.2969,0.1929,-0.6963,-0.766,0.0,0.0,-0.745,0.0,-0.0661,1.574,-1.45,0.604,2.0,1.0,1.0,-1.454,2.111,0.8003,2.0,0.0,1.0,0.0,4.66,1.816,-0.507392,-0.0054645319469273,0.7835645319469273,-0.0005543825842606
0.432,2.156,1.962,0.2815,-0.0798,0.857,0.0894,1.0,1.0,-1.161,-1.3,0.8647,0.0,-0.1705,0.1415,0.224,0.03683,1.607,0.6733,-0.3795,0.00915,0.7773,0.8994,-0.2969,-0.6875,-0.763,0.0,0.0,-0.741,0.0,-0.071,1.574,-1.45,-0.341,1.0,1.0,0.5,-1.454,2.111,0.637,0.0,1.0,0.0,0.0,0.0,-1.001,-0.29118,-0.1137878000736236,-0.2657121999263763,-0.011543893470622835
0.4773,1.842,1.8955,0.305,-0.0987,0.857,0.0894,1.0,1.0,-1.131,-1.275,0.8486,0.0,-0.1702,-0.05908,0.2489,0.0738,1.305,0.6875,-0.2879,0.02852,-0.3794,0.7773,0.8994,-0.6807,-0.76,0.0,0.0,-0.7373,0.0,-0.0745,1.574,-1.45,-0.162,0.0,0.5,0.5,-1.454,1.903,0.522,0.0,2.0,0.0,1.0,-3.93,-0.4812,-0.4928879999999999,0.0129208024591207,-0.3008208024591207,0.0013108291666289616
0.654,0.8877,1.668,0.3225,-0.3967,0.857,0.0894,1.0,1.0,-1.02,-1.19,0.777,0.0,-0.1697,0.9087,0.2554,0.1022,0.5264,0.699,-1.2599,0.03009,-0.288,-0.3794,0.7773,-0.681,-0.7573,0.0,0.0,-0.7344,0.0,-0.08923,1.134,-1.267,-0.9536,0.0,0.0,0.0,-0.8013,1.323,0.315,0.0,3.0,0.0,0.0,0.0,-2.86,-1.0160360000000004,1.0314921382814646e-05,-1.2599103149213828,1.046459756880946e-06
0.8687,-0.0649,1.419,0.3364,-0.917,0.857,0.0894,1.0,1.0,-0.8867,-1.089,0.697,0.0,-0.1692,1.544,0.2422,0.12134,-0.2917,0.7085,-1.4629,0.01375,-1.26,-0.288,-0.3794,-0.6836,-0.755,0.0,0.0,-0.7314,0.0,-0.10565,0.777,-1.019,-1.305,-1.0,0.0,0.0,-0.04526,0.7144,0.10297,0.0,4.0,0.0,0.0,0.0,-4.074,0.435288,-0.0348969586193561,-1.428003041380644,-0.003540333607732358
0.8506,0.004166,1.496,0.352,4.633,0.857,0.0894,1.0,1.0,-0.9253,-1.125,0.727,0.0,-0.1688,0.1888,0.2065,0.1305,-0.0686,0.7144,0.5816,-0.006973,-1.462,-1.26,-0.288,-0.685,-0.752,0.0,0.0,-0.7285,0.0,-0.1,0.8535,-1.07,0.493,-1.0,0.0,0.5,-0.2585,0.8584,0.1389,1.0,0.0,0.0,0.0,0.0,1.612,0.7388119999999997,-0.0059903259389102,0.5875903259389103,-0.0006077249445752985
0.726,0.2783,1.637,0.3672,3.562,0.857,0.0894,1.0,1.0,-1.0,-1.182,0.7793,0.0,-0.1683,0.2725,0.1576,0.1338,0.239,0.7324,0.9871,-0.02496,0.581,-1.462,-1.26,-0.6865,-0.749,0.0,0.0,-0.725,0.0,-0.0897,0.8394,-1.056,0.512,0.0,0.0,0.5,-0.5522,1.187,0.2264,2.0,0.0,0.0,0.0,0.0,1.646,0.6687560000000002,0.0285929925739765,0.9585070074260236,0.0029007895404140685
0.7065,0.598,1.799,0.3838,1.083,0.857,0.0894,1.0,1.0,-1.072,-1.253,0.8403,0.0,-0.1678,1.69,0.10486,0.1346,0.555,0.7573,1.1081,-0.03784,0.9863,0.581,-1.462,-0.688,-0.7456,0.0,0.0,-0.721,0.0,-0.07794,0.8936,-1.09,0.753,1.0,0.0,0.5,-0.8228,1.552,0.332,3.0,0.0,0.0,0.0,0.0,2.346,0.035312,-0.0093667525798082,1.1174667525798083,-0.0009502670222732612
0.7173,0.3018,1.76,0.4001,-0.3328,0.857,0.0894,1.0,1.0,-1.055,-1.237,0.832,0.0,-0.1674,-0.01747,0.02853,0.1292,0.335,0.773,-0.1459,-0.06494,1.107,0.9863,0.581,-0.6885,-0.742,0.0,0.0,-0.7173,0.0,-0.07983,0.8594,-1.065,-0.07135,1.0,0.0,0.5,-0.6875,1.331,0.273,0.0,1.0,0.0,0.0,0.0,-0.215,-0.3623079999999998,-0.0031500463373959,-0.1427499536626041,-0.00031957555487403393
0.688,-0.1976,1.632,0.4114,-1.26,0.7144,0.0894,0.0,1.0,-1.001,-1.177,0.793,0.0,-0.167,0.00942,-0.07794,0.1174,-0.1509,0.7896,-0.6845,-0.0957,-0.146,1.107,0.9863,-0.69,-0.7397,0.0,0.0,-0.7144,0.0,-0.0878,0.6196,-0.898,-0.3438,1.0,-0.5,0.0,-0.5146,0.7485,0.1346,0.0,2.0,0.0,0.0,0.0,-1.04,0.220554,-0.0209287777543067,-0.6635712222456932,-0.0021232467866479222
0.2966,-0.2842,1.586,0.408,0.9287,0.5713,0.0894,0.0,1.0,-1.012,-1.123,0.782,0.0,-0.1665,-0.1406,-0.12274,0.0966,-0.3262,0.799,-0.1999,-0.1381,-0.6846,-0.146,1.107,-0.69,-0.7373,0.0,0.0,-0.7114,0.0,-0.0902,-0.1661,-0.3384,-0.075,0.0,-1.0,-0.5,-0.3699,0.5977,0.06665,0.0,3.0,0.0,0.0,0.0,-0.232,0.0053,0.0510067082941532,-0.2509067082941532,0.005174684864755798
0.1405,-0.2219,1.588,0.4045,-0.1948,0.4285,0.0894,0.0,1.0,-1.025,-1.111,0.7876,0.0,-0.166,-0.4907,-0.1483,0.06107,-0.2113,0.791,0.1007,-0.1947,-0.1998,-0.6846,-0.146,-0.6875,-0.735,0.0,0.0,-0.708,0.0,-0.08923,-0.189,-0.3215,0.02487,0.0,-0.5,-0.5,-0.3652,0.568,0.0448,1.0,0.0,0.0,0.0,0.0,0.0774,0.2786479999999999,-0.0109096318483352,0.1116096318483352,-0.0011067937668133975
0.1088,-0.03796,1.638,0.4028,-1.265,0.4285,0.0894,1.0,1.0,-1.05,-1.132,0.8096,0.0,-0.1656,-0.1267,-0.179,0.01539,-0.0242,0.7915,0.4012,-0.243,0.1005,-0.1998,-0.6846,-0.6855,-0.7324,0.0,0.0,-0.705,0.0,-0.085,-0.02438,-0.437,0.1578,0.0,0.0,0.0,-0.492,0.64,0.0873,2.0,0.0,0.0,0.0,0.0,0.4895,-0.4784239999999999,-0.0192831493914127,0.4204831493914127,-0.001956296037084329
0.25,-0.424,1.48,0.3958,-9.38,0.2856,0.0894,0.0,1.0,-0.9663,-1.068,0.7603,0.0,-0.1652,1.058,-0.2195,-0.03726,-0.429,0.7886,-0.8909,-0.2964,0.401,0.1005,-0.1998,-0.686,-0.7305,0.0,0.0,-0.703,0.0,-0.09515,-0.445,-0.1411,-0.4453,0.0,0.0,-0.5,-0.072,0.2194,-0.1779,0.0,1.0,0.0,0.0,0.0,-1.364,-0.0912639999999999,-0.0208549089729785,-0.8700450910270214,-0.002115752720131954
0.2886,-0.4822,1.421,0.3855,0.3142,0.1428,0.0894,0.0,1.0,-0.934,-1.042,0.7437,0.0,-0.1647,0.3042,-0.2615,-0.10645,-0.4778,0.7773,-0.3056,-0.3684,-0.8906,0.401,0.1005,-0.6885,-0.7285,0.0,0.0,-0.701,0.0,-0.0988,-0.737,0.06555,-0.2386,0.0,0.0,-1.0,0.0685,0.0642,-0.385,0.0,2.0,0.0,0.0,0.0,-0.752,1.084264,-0.0020042126998305,-0.3035957873001695,-0.00020332951234089085
0.2869,0.187,1.612,0.3801,-1.65,0.1428,0.0894,1.0,1.0,-1.024,-1.135,0.8154,0.0,-0.1643,1.11,-0.2937,-0.1948,0.2389,0.7676,1.3371,-0.4473,-0.3054,-0.8906,0.401,-0.689,-0.7256,0.0,0.0,-0.6987,0.0,-0.0849,-0.2961,-0.2426,1.051,1.0,0.0,-0.5,-0.3884,0.632,0.04633,1.0,0.0,0.0,0.0,0.0,3.342,0.5214263999999998,0.0218185894191265,1.3152814105808734,0.0022135191274520434
0.2338,0.5728,1.724,0.3782,1.669,0.1428,0.0894,1.0,1.0,-1.078,-1.181,0.8594,0.0,-0.1638,0.0851,-0.3235,-0.2465,0.6016,0.7705,0.7897,-0.4417,1.336,-0.3054,-0.8906,-0.6875,-0.723,0.0,0.0,-0.698,0.0,-0.0764,-0.05188,-0.413,0.617,1.0,0.0,0.0,-0.6562,0.8467,0.4385,2.0,0.0,0.0,0.0,0.0,1.884,-0.4685280000000001,0.0175742004066705,0.7721257995933294,0.0017829213430149424
0.1803,0.1549,1.582,0.3777,-0.549,0.1428,0.0894,1.0,1.0,-1.02,-1.111,0.8154,0.0,-0.1633,-0.1301,-0.3525,-0.2793,0.1952,0.7725,-0.7704,-0.4414,0.7896,1.336,-0.3054,-0.6865,-0.7207,0.0,0.0,-0.698,0.0,-0.08545,0.06235,-0.4985,-0.304,0.0,-0.5,0.0,-0.3088,0.4216,0.00806,0.0,1.0,0.0,0.0,0.0,-0.9062,0.3199108,-0.0079790819436311,-0.7624209180563688,-0.0008094863587401312
0.06946,0.4402,1.69,0.3838,1.424,0.1428,0.0894,1.0,1.0,-1.077,-1.152,0.8594,0.0,-0.163,0.4482,-0.382,-0.3103,0.4749,0.7847,0.7897,-0.4368,-0.7705,0.7896,1.336,-0.685,-0.718,0.0,0.0,-0.6978,0.0,-0.0769,0.614,-0.888,0.4846,1.0,0.0,0.5,-0.555,0.695,0.3872,1.0,0.0,0.0,0.0,0.0,1.4795,0.6172212,0.0078520886600017,0.7818479113399982,0.0007966027549025155
0.01573,0.7573,1.813,0.3909,0.783,0.1428,0.0894,1.0,1.0,-1.134,-1.202,0.887,1.0,-0.171,-0.3037,-0.4126,-0.3396,0.727,0.783,0.8671,-0.4236,0.7896,-0.7705,0.7896,-0.6826,-0.7153,0.0,0.0,-0.6973,0.0,-0.0674,0.6685,-0.923,0.655,2.0,0.5,0.5,-0.815,0.949,0.744,2.0,0.0,0.0,0.0,0.0,1.951,-0.3387255999999999,0.0697167664766311,0.7973832335233688,0.007072840188506946
0.064,0.4053,1.702,0.393,-0.3154,0.1428,0.0894,1.0,1.0,-1.082,-1.157,0.8545,0.0,-0.1705,0.433,-0.4304,-0.3635,0.3582,0.7925,-0.5629,-0.4258,0.8667,0.7896,-0.7705,-0.6797,-0.7124,0.0,0.0,-0.6973,0.0,-0.07434,0.3257,-0.681,-0.3982,1.0,0.5,0.0,-0.5327,0.6055,0.4727,0.0,1.0,0.0,0.0,0.0,-1.155,0.6056280000000002,-0.0078544877469539,-0.555045512253046,-0.0007968461448281934
-0.08417,0.893,1.861,0.3953,1.205,0.1428,0.0894,1.0,1.0,-1.162,-1.215,0.887,1.0,-0.171,0.3774,-0.4265,-0.3777,0.841,0.771,1.0981,-0.4072,-0.5625,0.8667,0.7896,-0.6753,-0.7095,0.0,0.0,-0.697,0.0,-0.06198,0.3354,-0.6826,0.6855,1.0,0.5,0.0,-0.8335,1.006,0.878,1.0,0.0,0.0,0.0,0.0,2.025,0.2962147999999999,-0.020282918587327,1.118382918587327,-0.002057723686492943
-0.1223,0.8335,1.847,0.3982,0.068,0.1428,0.0894,1.0,1.0,-1.158,-1.205,0.887,1.0,-0.171,-0.5513,-0.415,-0.3896,0.8086,0.7744,0.02317,-0.3892,1.098,-0.5625,0.8667,-0.6724,-0.707,0.0,0.0,-0.696,0.0,-0.0619,0.3838,-0.717,0.00942,2.0,0.5,0.5,-0.7793,0.879,0.763,2.0,0.0,0.0,0.0,0.0,0.02692,-0.5526960000000001,-0.0037341420538723,0.0269041420538723,-0.00037883268721412627
-0.0701,0.4958,1.744,0.4016,-0.2612,0.2856,0.0894,1.0,1.0,-1.111,-1.165,0.8574,0.0,-0.1705,0.2847,-0.3984,-0.3997,0.4849,0.7817,-0.5072,-0.382,0.02307,1.098,-0.5625,-0.671,-0.7046,0.0,0.0,-0.695,0.0,-0.0682,0.429,-0.7515,-0.2563,1.0,0.5,0.5,-0.4832,0.605,0.4792,0.0,1.0,0.0,0.0,0.0,-0.7314,-0.13716,-0.0100922882556915,-0.4971077117443084,-0.0010238733890903893
-0.02925,0.228,1.661,0.4043,-0.3623,0.4285,0.0894,1.0,1.0,-1.071,-1.131,0.835,0.0,-0.1702,0.0653,-0.3801,-0.4084,0.2192,0.789,-0.3983,-0.3984,-0.5073,0.02307,1.098,-0.6694,-0.7026,0.0,0.0,-0.6934,0.0,-0.0732,0.3618,-0.706,-0.2517,0.0,0.5,0.5,-0.2527,0.3984,0.2861,0.0,2.0,0.0,0.0,0.0,-0.73,-0.3832959999999999,-0.0054381159134209,-0.392861884086579,-0.0005517026495354627
0.06726,-0.0965,1.553,0.4053,-0.988,0.4285,0.0894,0.0,1.0,-1.015,-1.088,0.8027,0.0,-0.1697,0.332,-0.366,-0.4204,-0.0775,0.7905,-0.5692,-0.4136,-0.3982,-0.5073,0.02307,-0.6694,-0.7007,0.0,0.0,-0.692,0.0,-0.08026,0.1786,-0.578,-0.533,0.0,0.0,0.0,0.02393,0.1348,0.00163,0.0,3.0,0.0,0.0,0.0,-1.566,0.97092,-0.0142116900533437,-0.5549883099466563,-0.001441791087508151
0.11017,0.5747,1.779,0.4092,-14.766,0.4285,0.0894,1.0,1.0,-1.111,-1.195,0.887,1.0,-0.171,1.302,-0.3484,-0.4243,0.573,0.8003,1.5461,-0.4062,-0.5693,-0.3982,-0.5073,-0.669,-0.7,0.0,0.0,-0.691,0.0,-0.06323,0.3909,-0.7217,1.929,0.0,0.0,0.0,-0.52,0.7534,0.6196,1.0,0.0,0.0,0.0,0.0,5.766,0.067656,-0.0040224180556833,1.5501224180556834,-0.00040807859453362863
0.03854,0.4385,1.754,0.416,-0.08844,0.5713,0.0894,1.0,1.0,-1.106,-1.178,0.8843,0.0,-0.1705,-0.0867,-0.3318,-0.4185,0.475,0.8086,-0.04598,-0.3965,1.546,-0.5693,-0.3982,-0.6675,-0.699,0.0,0.0,-0.69,0.0,-0.06396,0.619,-0.885,-0.02089,-1.0,0.0,0.0,-0.446,0.649,0.5244,0.0,1.0,0.0,0.0,0.0,-0.05957,0.05742,0.0257515776902437,-0.0717315776902437,0.0026125249751229695
-0.010124,0.1669,1.684,0.423,-0.425,0.7144,0.0894,1.0,1.0,-1.08,-1.143,0.8657,0.0,-0.1702,-0.6606,-0.3193,-0.4067,0.2146,0.8193,-0.3229,-0.392,-0.04605,1.546,-0.5693,-0.6675,-0.6987,0.0,0.0,-0.6895,0.0,-0.06793,0.6045,-0.876,-0.06323,-1.0,-0.5,0.0,-0.3044,0.4082,0.339,0.0,2.0,0.0,0.0,0.0,-0.1805,0.04228832,0.0003841198631562,-0.3232841198631562,3.896936910069734e-05
-0.1063,0.4023,1.772,0.428,1.147,0.7144,0.0894,1.0,1.0,-1.126,-1.175,0.887,1.0,-0.171,0.1315,-0.3118,-0.3892,0.4065,0.819,0.6531,-0.3865,-0.323,-0.04605,1.546,-0.6675,-0.6978,0.0,0.0,-0.688,0.0,-0.0606,0.51,-0.805,0.514,0.0,-0.5,0.0,-0.517,0.6123,0.538,1.0,0.0,0.0,0.0,0.0,1.483,0.7821211999999997,0.004608682822436,0.6484913171775639,0.000467555779333702
-0.1235,1.0625,2.006,0.4348,1.591,0.7144,0.0894,1.0,1.0,-1.223,-1.271,0.887,1.0,-0.171,0.615,-0.3052,-0.3691,1.0625,0.7476,1.5541,-0.36,0.6523,-0.323,-0.04605,-0.664,-0.697,0.0,0.0,-0.6855,0.0,-0.0422,0.6475,-0.8955,1.06,1.0,0.0,0.0,-0.987,1.171,0.957,2.0,0.0,0.0,0.0,0.0,2.996,1.6301879999999995,-0.0012388159520924,1.5553388159520924,-0.00012567919734286025
-0.05853,1.996,2.314,0.4517,1.006,0.7144,0.0894,1.0,1.0,-1.2705,-1.414,0.887,1.0,-0.171,1.72,-0.2886,-0.3423,1.974,0.658,2.2661,-0.2869,1.553,0.6523,-0.323,-0.6567,-0.6953,0.0,0.0,-0.682,0.0,-0.01414,1.15,-1.241,2.578,1.0,0.0,0.5,-1.454,1.931,1.113,3.0,0.0,0.0,0.0,0.0,6.953,0.124966,-0.0223192907869815,2.288419290786982,-0.0022643158143321254
-0.07697,2.104,2.314,0.4683,0.1886,0.7144,0.0894,1.0,1.0,-1.2705,-1.443,0.887,1.0,-0.171,0.3132,-0.2496,-0.3052,2.002,0.6553,0.6511,-0.2189,2.266,1.553,0.6523,-0.6475,-0.693,0.0,0.0,-0.6787,0.0,-0.005947,1.15,-1.237,0.8003,2.0,0.0,0.5,-1.454,1.968,1.096,4.0,0.0,0.0,0.0,0.0,2.016,-0.604104,-0.0428077392280101,0.6939077392280102,-0.004342890723316661
0.003212,1.605,2.314,0.4802,-0.11005,0.7144,0.0894,1.0,1.0,-1.2705,-1.404,0.8545,0.0,-0.1705,0.3347,-0.2008,-0.2673,1.478,0.6763,-0.5585,-0.1929,0.651,2.266,1.553,-0.6416,-0.6904,0.0,0.0,-0.675,0.0,-0.014175,0.8774,-1.046,-0.58,2.0,0.0,0.0,-1.273,1.58,0.8003,0.0,1.0,0.0,0.0,0.0,-1.431,0.3231240000000001,0.014188352972269,-0.572688352972269,0.001439423515785459
-0.01695,1.683,2.314,0.4958,0.1823,0.7144,0.0894,1.0,1.0,-1.2705,-1.43,0.887,1.0,-0.171,-0.04382,-0.1486,-0.2307,1.545,0.699,0.5685,-0.1724,-0.558,0.651,2.266,-0.635,-0.6875,0.0,0.0,-0.671,0.0,-0.006927,1.105,-1.206,0.5215,2.0,0.5,0.5,-1.355,1.612,0.8013,1.0,0.0,0.0,0.0,0.0,1.31,0.8429296000000005,-0.0149751845747232,0.5834751845747232,-0.0015192484196167463
0.014565,1.892,2.314,0.5107,0.2598,0.7144,0.0894,1.0,1.0,-1.2705,-1.443,0.887,1.0,-0.171,1.003,-0.098,-0.1973,1.755,0.6787,0.7981,-0.134,0.568,-0.558,0.651,-0.626,-0.684,0.0,0.0,-0.667,0.0,0.003645,1.094,-1.192,0.6963,2.0,1.0,0.5,-1.453,1.78,0.8193,2.0,0.0,0.0,0.0,0.0,1.719,-0.1768520000000001,-0.052684511989355,0.8507845119893551,-0.005344899836040022
0.06757,1.614,2.314,0.5254,-0.01677,0.7144,0.0894,1.0,1.0,-1.2705,-1.443,0.8804,0.0,-0.1705,-0.0688,-0.0573,-0.1683,1.545,0.693,-0.11666,-0.1044,0.7974,0.568,-0.558,-0.618,-0.6816,0.0,0.0,-0.663,0.0,0.001606,1.049,-1.161,-0.0902,1.0,0.5,0.0,-1.2705,1.55,0.6763,0.0,1.0,0.0,0.0,0.0,-0.217,0.220996,-0.016282245516777,-0.1003777544832229,-0.0016518511438536004
0.05707,1.562,2.314,0.543,0.1002,0.7144,0.0894,1.0,1.0,-1.2705,-1.443,0.887,1.0,-0.171,0.1126,-0.02295,-0.143,1.569,0.697,0.3517,-0.0868,-0.1167,0.7974,0.568,-0.612,-0.6787,0.0,0.0,-0.659,0.0,0.0062,1.243,-1.297,0.2566,1.0,1.0,0.5,-1.258,1.527,0.6484,1.0,0.0,0.0,0.0,0.0,0.62,-0.3029599999999999,-0.01406841725111,0.3657684172511101,-0.001427255909174856
0.1539,0.9316,2.314,0.5586,-0.2766,0.7144,0.0894,1.0,1.0,-1.2705,-1.417,0.8423,0.0,-0.1705,0.5444,0.00682,-0.1174,0.9775,0.715,-0.7724,-0.0831,0.3513,-0.1167,0.7974,-0.6104,-0.6763,0.0,0.0,-0.656,0.0,-0.005238,1.08,-1.186,-0.643,1.0,1.0,0.5,-0.817,1.105,0.4355,0.0,1.0,0.0,0.0,0.0,-1.537,-0.7995959999999998,-0.0157206878066062,-0.7566793121933937,-0.0015948805162500767
0.4421,0.1589,2.094,0.5723,-0.6816,0.857,0.0894,1.0,1.0,-1.211,-1.353,0.777,0.0,-0.1702,1.437,0.02853,-0.0888,0.2039,0.734,-1.1479,-0.08844,-0.7725,0.3513,-0.1167,-0.612,-0.6743,0.0,0.0,-0.654,0.0,-0.0223,0.865,-1.04,-2.701,0.0,0.5,0.5,-0.2773,0.542,0.1808,0.0,2.0,0.0,1.0,-6.594,-6.613,-0.0731296,0.0394667200744152,-1.1873667200744151,0.004003940772904971
0.3953,0.015495,2.06,0.5806,-0.505,0.857,0.09753,1.0,1.0,-1.202,-1.336,0.775,0.0,-0.1697,0.4065,0.04782,-0.05954,-0.012794,0.756,-0.0409799999999999,-0.1034,-1.147,-0.7725,0.3513,-0.613,-0.672,0.0,0.0,-0.6514,0.0,-0.02335,0.6855,-0.9116,-0.04202,-1.0,0.0,0.0,-0.2145,0.4749,0.139,0.0,3.0,0.0,0.0,0.0,-0.10675,-0.446944,-0.025400448590517,-0.0155795514094829,-0.0025769025540984124
0.468,-0.443,1.908,0.5864,-4.93,0.7144,0.1057,0.0,1.0,-1.137,-1.28,0.7344,0.0,-0.1692,0.1284,0.04855,-0.03836,-0.424,0.7617,-0.7399,-0.1139,-0.04105,-1.147,-0.7725,-0.615,-0.6704,0.0,0.0,-0.6494,0.0,-0.03354,0.4856,-0.7734,-0.4304,-1.0,-0.5,0.0,0.1478,0.1549,-0.02861,0.0,4.0,0.0,0.0,0.0,-1.095,1.0400240000000005,-0.0284195654094219,-0.7114804345905781,-0.0028831951699170985
0.4978,0.1575,2.152,0.599,-1.641,0.7144,0.11383,1.0,1.0,-1.229,-1.38,0.82,0.0,-0.1688,0.8687,0.03226,-0.02567,0.294,0.7656,1.6001,-0.11884,-0.7397,-0.04105,-1.147,-0.617,-0.668,0.0,0.0,-0.6475,0.0,-0.01295,0.7686,-0.9663,1.126,-1.0,-0.5,0.5,-0.4102,0.8145,0.2411,1.0,0.0,0.0,0.0,0.0,2.932,0.4797376,0.0004082783707417,1.5996917216292583,4.142027541750636e-05
0.4521,0.5103,2.314,0.6133,1.713,0.7144,0.12195,1.0,1.0,-1.2705,-1.437,0.8804,0.0,-0.1683,-0.1748,0.01082,-0.01486,0.6704,0.783,1.0821,-0.1238,1.599,-0.7397,-0.04105,-0.6167,-0.665,0.0,0.0,-0.644,0.0,0.001526,0.8267,-1.001,0.8755,0.0,0.0,0.5,-0.7656,1.134,0.4097,2.0,0.0,1.0,0.0,8.836,2.17,1.00892,0.0712021589279174,1.0108978410720826,0.00722353483423014
0.4265,0.9917,2.314,0.6274,1.003,0.7144,0.12195,1.0,1.0,-1.2705,-1.443,0.887,1.0,-0.171,0.625,-0.01474,-0.004158,1.128,0.7407,1.3181,-0.1238,1.082,1.599,-0.7397,-0.6147,-0.661,0.0,0.0,-0.6396,0.0,0.01953,0.8267,-0.9927,1.851,1.0,0.0,0.5,-1.182,1.472,0.6147,3.0,0.0,1.0,0.0,6.574,4.438,0.329388,-0.0083366278558969,1.326436627855897,-0.0008457597722289452
0.4448,0.5796,2.314,0.6313,-0.2769,0.7144,0.12195,1.0,1.0,-1.2705,-1.443,0.85,0.0,-0.1705,1.235,-0.0383,0.000502,0.6626,0.7554,-0.6329,-0.1571,1.317,1.082,1.599,-0.6123,-0.658,0.0,0.0,-0.6357,0.0,0.00962,0.3735,-0.6733,-0.7036,1.0,-0.5,0.0,-0.813,1.093,0.4392,0.0,1.0,0.0,0.0,0.0,-1.62,-0.5981720000000001,0.0148157551884651,-0.6477157551884651,0.0015030741386317945
0.5083,0.03888,2.16,0.6284,-0.7407,0.7144,0.12195,1.0,1.0,-1.23,-1.384,0.792,0.0,-0.1702,-0.1616,-0.06055,-0.00281,0.1069,0.7593,-1.0249,-0.1863,-0.633,1.317,1.082,-0.61,-0.656,0.0,0.0,-0.633,0.0,-0.005817,0.009766,-0.4204,-1.191,1.0,-0.5,-0.5,-0.2917,0.6143,0.1628,0.0,2.0,0.0,0.0,0.0,-2.8,0.2928119999999999,-0.0170542635023593,-1.0078457364976403,-0.001730173190480748
0.448,0.2339,2.223,0.6294,1.867,0.7144,0.12195,1.0,1.0,-1.258,-1.402,0.82,0.0,-0.1697,0.015495,-0.0868,-0.014305,0.3098,0.764,0.5104,-0.2222,-1.025,-0.633,1.317,-0.607,-0.6533,0.0,0.0,-0.63,0.0,0.0009646,0.2275,-0.5728,0.3977,1.0,-0.5,0.0,-0.44,0.754,0.256,1.0,0.0,0.0,0.0,0.0,0.9653,-0.915768,-0.0107905715703964,0.5211905715703964,-0.001094714974849593
0.62,-0.4822,1.936,0.623,-2.295,0.5713,0.12195,0.0,1.0,-1.135,-1.304,0.738,0.0,-0.1692,1.195,-0.1167,-0.035,-0.4175,0.764,-1.4679,-0.285,0.51,-1.025,-0.633,-0.605,-0.6514,0.0,0.0,-0.6274,0.0,-0.02055,-0.1832,-0.2888,-1.786,0.0,-0.5,-0.5,0.2566,0.1261,-0.2173,0.0,1.0,0.0,0.0,0.0,-4.27,-0.5862760000000001,-0.0296202488243579,-1.438279751175642,-0.0030050057807646294
0.665,-0.872,1.747,0.6104,1.172,0.4285,0.1301,0.0,1.0,-1.054,-1.228,0.6855,0.0,-0.1688,0.8525,-0.1542,-0.0663,-0.8,0.7554,-0.9716,-0.3413,-1.467,0.51,-1.025,-0.607,-0.65,0.0,0.0,-0.626,0.0,-0.03464,-0.503,-0.0664,-1.772,-1.0,-0.5,-1.0,0.712,-0.2368,-0.6704,0.0,2.0,0.0,0.0,0.0,-4.44,-0.691904,-0.0028070216067135,-0.9687929783932864,-0.00028477533071797685
0.771,-1.275,1.549,0.5938,0.6777,0.2856,0.1382,0.0,1.0,-0.9565,-1.145,0.6294,0.0,-0.1683,-0.0517,-0.2032,-0.1098,-1.177,0.74,-1.0859,-0.347,-0.971,-1.467,0.51,-0.6123,-0.649,0.0,0.0,-0.6255,0.0,-0.0497,-0.6294,0.01758,-1.838,-1.0,-0.5,-1.0,1.187,-0.6274,-1.106,0.0,3.0,0.0,1.0,-7.91,-4.75,0.8255760000000003,0.0116697717458009,-1.097569771745801,0.001183910768754173
0.6865,-0.6113,1.732,0.5806,-0.461,0.1428,0.1382,0.0,1.0,-1.046,-1.223,0.6943,0.0,-0.1678,0.215,-0.255,-0.1553,-0.5356,0.7334,1.2971,-0.3416,-1.085,-0.971,-1.467,-0.618,-0.6475,0.0,0.0,-0.626,0.0,-0.03357,-0.4631,-0.0939,1.063,0.0,0.0,-1.0,0.5923,0.008224,-0.6,1.0,0.0,0.0,0.0,0.0,2.846,0.300192,0.0019583641551434,1.2951416358448564,0.00019867812866611624
0.594,-0.4497,1.752,0.5713,-0.1924,0.0,0.1382,0.0,1.0,-1.062,-1.224,0.7075,0.0,-0.1674,-0.3142,-0.3032,-0.1969,-0.387,0.73,0.2493999999999999,-0.3374,1.296,-1.085,-0.971,-0.6226,-0.6465,0.0,0.0,-0.6265,0.0,-0.03058,-0.3066,-0.2041,0.1664,0.0,0.0,-0.5,0.4238,0.07745,-0.479,2.0,0.0,0.0,0.0,0.0,0.4277,0.229224,0.03013127297163,0.2192687270283699,0.0030568497246075375
0.3362,-0.3723,1.758,0.5674,-0.091,-0.1428,0.1382,0.0,1.0,-1.084,-1.204,0.716,0.0,-0.167,-0.2161,-0.342,-0.2362,-0.3904,0.7393,0.1649999999999999,-0.3357,0.2491,1.296,-1.085,-0.6245,-0.645,0.0,0.0,-0.627,0.0,-0.02864,-0.08734,-0.3596,0.09357,1.0,0.0,0.0,0.3555,0.1586,-0.409,3.0,0.0,0.0,0.0,0.0,0.2385,0.7034360000000001,-0.0234183557331562,0.1884183557331561,-0.002375817123327707
0.2827,0.02669,1.883,0.5664,-1.332,-0.1428,0.1382,1.0,1.0,-1.141,-1.254,0.7637,0.0,-0.1665,0.2568,-0.3662,-0.2727,0.004494,0.7427,0.9024,-0.3357,0.1648,0.2491,1.296,-0.6265,-0.643,0.0,0.0,-0.627,0.0,-0.01692,0.0665,-0.464,0.7637,2.0,0.0,0.5,0.00324,0.523,-0.0712,4.0,0.0,0.0,0.0,0.0,1.9375,0.153404,-0.0301655866205692,0.9325655866205692,-0.0030603308808271517
0.3228,-0.0324,1.86,0.5684,-0.4514,0.0,0.1382,1.0,1.0,-1.129,-1.248,0.7637,0.0,-0.166,0.5576,-0.3918,-0.3062,-0.01976,0.7456,0.0001,-0.3394,0.902,0.1648,0.2491,-0.6255,-0.6406,0.0,0.0,-0.6274,0.0,-0.01736,0.2039,-0.562,0.0,2.0,0.0,0.5,-0.03976,0.4048,-0.055,0.0,0.0,0.0,0.0,0.0,0.0,0.2554160000000001,-0.0137418154627084,0.0138418154627084,-0.0013941218099991664
0.1996,0.1796,1.918,0.5664,4.766,0.0,0.1382,1.0,1.0,-1.162,-1.262,0.7896,0.0,-0.1656,-0.358,-0.4229,-0.3403,0.1864,0.7485,0.4785999999999999,-0.3406,0.0,0.902,0.1648,-0.6226,-0.6387,0.0,0.0,-0.6274,0.0,-0.01109,0.0297,-0.4348,0.3445,2.0,0.5,0.5,-0.2278,0.529,0.1372,1.0,0.0,0.0,0.0,0.0,0.8496,0.57534,0.048176173120737,0.4304238268792629,0.004887524057660259
0.1826,0.5933,2.041,0.5635,1.828,0.0,0.1382,1.0,1.0,-1.212,-1.311,0.8374,0.0,-0.1652,0.5806,-0.44,-0.3738,0.594,0.75,0.8644,-0.337,0.4783,0.0,0.902,-0.616,-0.6367,0.0,0.0,-0.6274,0.0,0.00058,-0.00756,-0.403,0.8066,2.0,0.5,0.5,-0.538,0.7886,0.4666,2.0,0.0,0.0,0.0,0.0,1.961,-0.104332,-0.0569210909307003,0.9213210909307002,-0.005774705280447335
0.0835,0.518,1.978,0.5547,0.01438,0.0,0.1382,1.0,1.0,-1.195,-1.277,0.824,0.0,-0.1647,-0.278,-0.441,-0.4055,0.5327,0.744,-0.2295,-0.3308,0.8643,0.4783,0.0,-0.6123,-0.6343,0.0,0.0,-0.627,0.0,-0.003227,-0.3496,-0.1603,-0.2412,1.0,0.5,0.0,-0.4004,0.5996,0.3457,0.0,1.0,0.0,0.0,0.0,-0.571,1.4371320000000003,6.131414556875825e-05,-0.2295613141455687,6.220385350890334e-06
0.1337,2.156,2.314,0.565,3.875,0.0,0.1382,1.0,1.0,-1.2705,-1.443,0.887,1.0,-0.171,0.453,-0.4094,-0.4165,2.002,0.625,2.7441000000000004,-0.2203,-0.2295,0.8643,0.4783,-0.6016,-0.6304,0.0,0.0,-0.623,0.0,0.0592,0.5586,-0.781,9.62,1.0,1.0,0.5,-1.454,2.111,1.113,1.0,0.0,1.0,0.0,9.375,7.785,-0.0473879999999999,-0.0082225622609257,2.752322562260926,-0.0008341876961701872
0.1361,2.125,2.314,0.5767,-0.0614,0.0,0.1382,1.0,1.0,-1.2705,-1.443,0.8555,0.0,-0.1705,-0.296,-0.3718,-0.412,1.901,0.637,-0.5409,-0.1633,2.744,-0.2295,0.8643,-0.592,-0.6274,0.0,0.0,-0.6196,0.0,0.0499,0.652,-0.8506,-0.5366,1.0,1.0,0.5,-1.33,1.854,0.926,0.0,1.0,0.0,0.0,0.0,-1.122,0.0694424,0.0138378180563449,-0.554737818056345,0.0014038613753403204
0.1965,1.547,2.314,0.5835,-0.1469,0.0,0.1382,1.0,1.0,-1.2705,-1.441,0.8086,0.0,-0.1702,0.0843,-0.332,-0.4033,1.34,0.6475,-0.8249,-0.147,-0.5405,2.744,-0.2295,-0.585,-0.6255,0.0,0.0,-0.616,0.0,0.03616,0.3955,-0.674,-0.8774,0.0,0.5,0.0,-0.8936,1.355,0.6133,0.0,2.0,0.0,0.0,0.0,-1.867,-1.5236719999999997,0.0040891352109611,-0.8289891352109611,0.0004148471209722416
0.4607,0.2196,1.935,0.5864,-0.738,0.1428,0.1382,1.0,1.0,-1.147,-1.29,0.6787,0.0,-0.1697,2.582,-0.2913,-0.3928,0.01958,0.657,-2.3299,-0.1486,-0.825,-0.5405,2.744,-0.5825,-0.625,0.0,0.0,-0.615,0.0,-0.0008993,0.196,-0.5474,-3.457,-1.0,0.0,0.0,0.2397,0.387,0.01933,0.0,3.0,0.0,0.0,0.0,-6.73,1.1497559999999998,0.0061708721332252,-2.336070872133225,0.0006260415482212975
0.3943,0.937,2.21,0.5996,2.68,0.2856,0.1382,1.0,1.0,-1.259,-1.394,0.771,0.0,-0.1692,0.9287,-0.2384,-0.367,0.6904,0.6772,1.7901,-0.1342,-2.328,-0.825,-0.5405,-0.5776,-0.6235,0.0,0.0,-0.614,0.0,0.02429,0.568,-0.8013,2.607,0.0,0.0,0.5,-0.3972,1.087,0.3875,1.0,0.0,0.0,0.0,0.0,6.14,0.650584,-0.008892647922039,1.798992647922039,-0.000902168599949668
0.3645,0.9863,2.28,0.619,0.1853,0.4285,0.1382,1.0,1.0,-1.2705,-1.416,0.8003,0.0,-0.1688,0.0902,-0.1697,-0.3203,0.662,0.708,0.5411,-0.11743,1.789,-2.328,-0.825,-0.5737,-0.622,0.0,0.0,-0.613,0.0,0.03204,0.818,-0.976,0.559,0.0,0.0,1.0,-0.5547,1.176,0.4746,2.0,0.0,0.0,0.0,0.0,1.247,-0.566052,-0.000346208398696,0.5414462083986961,-3.512321066578003e-05
0.4485,0.4966,2.137,0.632,-0.357,0.5713,0.1382,1.0,1.0,-1.227,-1.37,0.765,0.0,-0.1683,0.663,-0.1129,-0.274,0.1964,0.723,-0.6379,-0.1076,0.5405,1.789,-2.328,-0.5703,-0.621,0.0,0.0,-0.612,0.0,0.02171,0.568,-0.8022,-0.568,0.0,0.0,0.5,-0.1947,0.8594,0.3015,0.0,1.0,0.0,0.0,0.0,-1.246,-0.270312,-0.0264486633241176,-0.6114513366758824,-0.0026832450548866633
0.5654,-0.054,1.96,0.6396,-0.885,0.7144,0.1382,1.0,1.0,-1.149,-1.31,0.718,0.0,-0.1678,0.3425,-0.0743,-0.2333,-0.307,0.732,-0.8679,-0.1062,-0.638,0.5405,1.789,-0.5757,-0.6206,0.0,0.0,-0.611,0.0,0.00809,0.3713,-0.6675,-0.76,0.0,-0.5,0.0,0.2517,0.494,0.09064,0.0,2.0,0.0,0.0,0.0,-1.7,-0.5124040000000002,-0.0140436962246894,-0.8538563037753105,-0.0014247479347232958
0.6016,-0.3933,1.848,0.645,-13.13,0.7144,0.1382,0.0,1.0,-1.101,-1.266,0.6904,0.0,-0.1674,-0.2964,-0.0467,-0.1984,-0.602,0.7373,-0.5204,-0.10596,-0.868,-0.638,0.5405,-0.581,-0.62,0.0,0.0,-0.6104,0.0,4.506e-05,0.2625,-0.5933,-0.3665,0.0,-1.0,-0.5,0.472,0.2471,-0.02841,0.0,3.0,0.0,0.0,0.0,-0.843,0.3448819999999999,-0.0055111390538513,-0.5148888609461486,-0.0005591109248819713
0.745,-0.5835,1.774,0.646,0.7847,0.5713,0.1382,0.0,1.0,-1.059,-1.246,0.675,0.0,-0.167,1.823,-0.04196,-0.1753,-0.6763,0.7295,-0.3024,-0.11383,-0.5205,-0.868,-0.638,-0.5854,-0.6196,0.0,0.0,-0.6094,0.0,-0.005547,0.1072,-0.4844,-0.8096,-1.0,-1.0,-1.0,0.612,0.1428,-0.1114,0.0,4.0,0.0,0.0,0.0,-1.894,0.356848,0.0011046486906707,-0.3035046486906707,0.00011206778581987457
0.8164,-0.8633,1.666,0.6445,0.729,0.4285,0.1382,0.0,1.0,-1.006,-1.203,0.647,0.0,-0.1665,0.9,-0.04892,-0.1577,-0.953,0.733,-0.5339,-0.1332,-0.3022,-0.5205,-0.868,-0.5864,-0.619,0.0,0.0,-0.608,0.0,-0.01377,0.02444,-0.4287,-0.605,-2.0,-1.5,-1.0,0.8296,-0.059,-0.2544,0.0,5.0,0.0,0.0,0.0,-1.428,0.1844000000000001,0.0066430787555873,-0.5405430787555874,0.0006739474128319474
0.8315,-0.741,1.695,0.643,-0.03345,0.2856,0.1382,0.0,1.0,-1.018,-1.218,0.663,0.0,-0.166,0.1061,-0.0689,-0.1487,-0.8306,0.735,0.3106,-0.1755,-0.534,-0.3022,-0.5205,-0.59,-0.618,0.0,0.0,-0.606,0.0,-0.009674,0.0038,-0.412,0.2123,-1.0,-1.0,-1.0,0.64,0.0732,-0.2372,1.0,0.0,0.0,0.0,0.0,0.51,0.178332,-0.0083206072449684,0.3189206072449684,-0.0008441344641926424
0.774,-0.669,1.699,0.638,0.01671,0.1428,0.1382,0.0,1.0,-1.024,-1.215,0.671,0.0,-0.1656,0.003414,-0.1053,-0.1475,-0.769,0.736,0.1538999999999999,-0.2009,0.3103,-0.534,-0.3022,-0.594,-0.617,0.0,0.0,-0.6045,0.0,-0.007812,-0.0945,-0.3408,0.1163,0.0,-0.5,-1.0,0.555,0.1503,-0.2384,2.0,0.0,0.0,0.0,0.0,0.2766,1.1688520000000002,-0.0294762514531612,0.1833762514531612,-0.0029903970941385686
0.7515,0.09155,1.961,0.641,-1.249,0.1428,0.1382,1.0,1.0,-1.135,-1.325,0.761,0.0,-0.1652,0.8496,-0.1725,-0.1526,0.00723,0.74,1.7601,-0.2228,0.1537,0.3103,-0.534,-0.594,-0.6157,0.0,0.0,-0.602,0.0,0.0172,0.1746,-0.522,1.286,1.0,0.0,-0.5,-0.2761,0.6987,0.1838,3.0,0.0,0.0,0.0,0.0,3.043,0.058336,0.0111118853092193,1.7489881146907806,0.0011273125957651845
0.348,0.3086,1.986,0.6274,1.475,0.1428,0.1382,1.0,1.0,-1.177,-1.303,0.777,0.0,-0.1647,-0.3435,-0.2207,-0.1666,0.343,0.719,0.2900999999999999,-0.2463,1.759,0.1537,0.3103,-0.5923,-0.6147,0.0,0.0,-0.599,0.0,0.02113,-0.4846,-0.0494,0.2966,2.0,0.0,-0.5,-0.3496,0.737,0.2328,4.0,0.0,0.0,0.0,0.0,0.6655,-0.5651679999999999,0.0104608945548534,0.2796391054451465,0.0010612688906061255
0.5083,-0.007603,1.827,0.613,-0.733,0.1428,0.1382,1.0,1.0,-1.1,-1.249,0.734,0.0,-0.1643,1.161,-0.271,-0.1857,-0.002867,0.714,-0.7904,-0.2644,0.29,1.759,0.1537,-0.5913,-0.6147,0.0,0.0,-0.5977,0.0,0.008446,-0.518,-0.03073,-0.956,2.0,-0.5,-0.5,0.02179,0.3535,-0.04956,0.0,1.0,0.0,0.0,0.0,-2.125,0.2452819999999999,0.0121381320059299,-0.8025381320059299,0.001231426415820942
0.494,0.143,1.841,0.603,2.316,0.1428,0.1382,1.0,1.0,-1.106,-1.254,0.7456,0.0,-0.1638,0.133,-0.323,-0.21,0.1578,0.708,0.2211999999999999,-0.286,-0.7905,0.29,1.759,-0.589,-0.6143,0.0,0.0,-0.596,0.0,0.011284,-0.3264,-0.1663,0.2279,2.0,0.0,0.0,-0.1514,0.2957,-0.01428,1.0,0.0,0.0,0.0,0.0,0.5195,0.217552,-0.0222506411373615,0.2434506411373615,-0.002257351234284914
0.2698,0.5005,1.962,0.6064,1.837,0.1428,0.1382,1.0,1.0,-1.174,-1.286,0.7925,0.0,-0.1633,0.2305,-0.381,-0.2389,0.574,0.71,0.8785,-0.298,0.221,-0.7905,0.29,-0.584,-0.613,0.0,0.0,-0.594,0.0,0.02423,0.394,-0.675,0.5415,2.0,0.5,0.5,-0.5005,0.562,0.2542,2.0,0.0,0.0,0.0,0.0,1.226,-0.6387799999999999,0.0180589482188224,0.8604410517811775,0.0018320995246827341
0.289,0.05048,1.781,0.599,-0.6934,0.1428,0.1382,1.0,1.0,-1.098,-1.211,0.7417,0.0,-0.163,0.6895,-0.422,-0.2747,0.1054,0.71,-0.9262,-0.306,0.878,0.221,-0.7905,-0.5815,-0.6123,0.0,0.0,-0.5933,0.0,0.009415,-0.232,-0.234,-0.984,1.0,0.5,0.0,-0.0543,0.144,-0.1168,0.0,1.0,0.0,0.0,0.0,-2.168,-0.0423803999999999,-0.0097471512854099,-0.91645284871459,-0.0009888588759780306
0.2979,0.1065,1.765,0.5894,0.5874,0.1428,0.1382,1.0,1.0,-1.091,-1.204,0.7437,0.0,-0.1625,0.3188,-0.4204,-0.3276,0.1595,0.706,0.03678,-0.3179,-0.926,0.878,0.221,-0.579,-0.611,0.0,0.0,-0.5923,0.0,0.00947,-0.3772,-0.1302,0.0407,1.0,1.0,0.0,-0.0812,0.1047,-0.1334,1.0,0.0,0.0,0.0,0.0,0.0924,-0.5185159999999999,-0.021376583725214,0.058156583725214,-0.0021686771791884054
0.3528,-0.4023,1.558,0.5786,-2.762,0.0,0.1382,0.0,1.0,-0.994,-1.114,0.6826,0.0,-0.162,0.5674,-0.4092,-0.3594,-0.3557,0.701,-1.1359,-0.3499,0.03665,-0.926,0.878,-0.5815,-0.61,0.0,0.0,-0.5947,0.0,-0.00814,-0.4812,-0.0634,-1.353,1.0,1.0,0.0,0.4182,-0.3806,-0.556,0.0,1.0,0.0,0.0,0.0,-3.064,-0.9843840000000004,-0.0070661311037838,-1.128833868896216,-0.0007168665239925232
0.5015,-1.025,1.311,0.5654,2.207,-0.1428,0.1382,0.0,1.0,-0.862,-1.003,0.608,0.0,-0.1616,1.153,-0.39,-0.3867,-0.93,0.6885,-1.4429,-0.3516,-1.136,0.03665,-0.926,-0.587,-0.609,0.0,0.0,-0.5977,0.0,-0.0301,-0.5815,-0.001207,-3.473,0.0,0.5,0.0,1.062,-0.936,-1.079,0.0,2.0,0.0,0.0,0.0,-6.73,-0.452552,0.0052660447545349,-1.448166044754535,0.0005342458472573506
0.507,-0.9053,1.314,0.5547,-0.002611,-0.1428,0.1464,0.0,1.0,-0.864,-1.005,0.6157,0.0,-0.1611,-0.05276,-0.3704,-0.4062,-0.769,0.6787,0.1593,-0.3467,-1.443,-1.136,0.03665,-0.591,-0.608,0.0,0.0,-0.6,0.0,-0.02861,-0.4387,-0.1021,0.265,0.0,0.5,0.5,0.904,-0.7866,-0.9165,1.0,0.0,0.0,0.0,0.0,0.652,0.6883719999999998,0.0242113843560218,0.1350886156439781,0.0024562707214778774
0.3396,-0.526,1.414,0.5483,-0.359,-0.1428,0.1464,0.0,1.0,-0.927,-1.043,0.655,0.0,-0.1606,0.2097,-0.3596,-0.4229,-0.4414,0.6826,0.7916,-0.3425,0.159,-1.443,-1.136,-0.594,-0.6074,0.0,0.0,-0.6,0.0,-0.01816,-0.1808,-0.2812,1.024,1.0,0.5,1.0,0.519,-0.3667,-0.5776,2.0,0.0,1.0,0.0,5.344,2.508,0.1529828,-0.0097885094583034,0.8013885094583034,-0.000993054706653316
0.242,-0.3772,1.446,0.545,-0.2236,-0.1428,0.1544,0.0,1.0,-0.9507,-1.051,0.673,0.0,-0.1602,-0.2861,-0.3574,-0.4265,-0.291,0.684,0.3478,-0.3467,0.7915,0.159,-1.443,-0.598,-0.6064,0.0,0.0,-0.6016,0.0,-0.01363,0.0199,-0.4224,0.3425,1.0,0.5,1.5,0.3477,-0.1863,-0.401,3.0,0.0,0.0,0.0,0.0,0.819,-0.4664199999999999,-0.0120038501918315,0.3598038501918316,-0.0012178033828069376
0.274,-0.742,1.303,0.5376,1.451,-0.1428,0.1626,0.0,1.0,-0.876,-0.9795,0.6313,0.0,-0.1598,-0.06445,-0.361,-0.419,-0.6523,0.6816,-0.8026,-0.3547,0.3474,0.7915,0.159,-0.6016,-0.6064,0.0,0.0,-0.6035,0.0,-0.0257,-0.2283,-0.2502,-0.9214,1.0,0.5,1.0,0.703,-0.4758,-0.6885,0.0,1.0,0.0,0.0,0.0,-2.178,-0.430316,0.0049370187334716,-0.8075370187334716,0.0005008658070969811
0.3066,-0.957,1.201,0.528,0.481,-0.1428,0.1708,0.0,1.0,-0.8203,-0.9272,0.604,0.0,-0.1593,-0.144,-0.3684,-0.4106,-0.854,0.676,-0.5489,-0.348,-0.8022,0.3474,0.7915,-0.606,-0.6064,0.0,0.0,-0.605,0.0,-0.03397,-0.3682,-0.1538,-0.735,1.0,0.0,0.5,0.8296,-0.7334,-0.832,0.0,2.0,0.0,1.0,-4.297,-1.781,0.0682308,0.0409911014139652,-0.5898911014139653,0.004158590882855111
0.1914,-0.771,1.21,0.5107,-0.094,-0.2856,0.1788,0.0,1.0,-0.8345,-0.923,0.614,0.0,-0.1588,-0.1509,-0.387,-0.4036,-0.707,0.6694,0.1996,-0.339,-0.5483,-0.8022,0.3474,-0.6084,-0.6064,0.0,0.0,-0.6064,0.0,-0.03156,-0.806,0.16,0.1694,1.0,0.0,0.5,0.678,-0.5874,-0.687,1.0,0.0,0.0,0.0,0.0,0.418,0.1061999999999999,0.0050515024922788,0.1945484975077211,0.0005124803063221326
0.3123,-0.9087,1.11,0.491,0.347,-0.4285,0.187,0.0,1.0,-0.7705,-0.877,0.586,0.0,-0.1584,0.9834,-0.378,-0.396,-0.865,0.6587,-0.5546,-0.3223,0.1993,-0.5483,-0.8022,-0.609,-0.607,0.0,0.0,-0.6074,0.0,-0.03976,-0.9917,0.289,-0.6284,0.0,0.0,0.0,0.8506,-0.7935,-0.816,0.0,1.0,0.0,0.0,0.0,-1.541,-0.149794,0.0045840698294341,-0.5591840698294341,0.00046505876498749546
0.2993,-0.8657,1.074,0.474,0.07806,-0.5713,0.1951,0.0,1.0,-0.7515,-0.855,0.58,0.0,-0.158,0.992,-0.3484,-0.377,-0.736,0.638,-0.12093,-0.3064,-0.5547,0.1993,-0.5483,-0.6104,-0.6074,0.0,0.0,-0.609,0.0,-0.04227,-0.8794,0.2081,-0.255,-1.0,-0.5,0.0,0.8306,-0.7812,-0.783,0.0,2.0,0.0,0.0,0.0,-0.636,0.9397113599999998,0.0068798880092799,-0.1278098880092799,0.0006979719637567064
0.2688,0.06824,1.326,0.463,-1.139,-0.5713,0.2032,1.0,1.0,-0.8887,-0.991,0.673,0.0,-0.1575,1.059,-0.3237,-0.3623,0.1943,0.6333,1.9031,-0.3076,-0.121,-0.5547,0.1993,-0.61,-0.6094,0.0,0.0,-0.6084,0.0,-0.01689,-0.4075,-0.1174,2.38,0.0,0.0,0.0,0.05063,0.1124,-0.1472,1.0,0.0,1.0,0.0,9.375,5.965,-0.053252,0.0160852372646331,1.8870147627353668,0.0016318644469132315
0.3223,-0.1831,1.197,0.4456,-1.662,-0.7144,0.2114,0.0,1.0,-0.817,-0.9263,0.6353,0.0,-0.1571,0.4978,-0.3083,-0.3525,-0.12476,0.629,-0.7259,-0.3052,1.902,-0.121,-0.5547,-0.611,-0.611,0.0,0.0,-0.609,0.0,-0.02791,-0.7847,0.1472,-0.9478,0.0,0.0,-0.5,0.3474,-0.2183,-0.3972,0.0,1.0,0.0,0.0,0.0,-2.24,-0.2588679999999999,-0.0040598181076347,-0.7218401818923652,-0.0004118728696250126
0.3767,-0.394,1.086,0.4297,2.348,-0.857,0.2195,0.0,1.0,-0.752,-0.868,0.604,0.0,-0.1566,1.059,-0.2976,-0.345,-0.3538,0.6216,-0.6254,-0.2974,-0.7256,1.902,-0.121,-0.612,-0.613,0.0,0.0,-0.6094,0.0,-0.0372,-0.723,0.09955,-0.739,-1.0,-0.5,-0.5,0.6226,-0.4338,-0.5796,0.0,2.0,0.0,0.0,0.0,-1.787,-0.7609940000000003,0.0796866863965988,-0.7050866863965988,0.00808429917964906
0.4028,-0.6567,0.9536,0.411,1.031,-1.0,0.2277,0.0,1.0,-0.673,-0.7915,0.5645,0.0,-0.1561,0.1925,-0.2854,-0.3406,-0.639,0.6113,-0.7979,-0.2942,-0.6255,-0.7256,1.902,-0.6133,-0.6133,0.0,0.0,-0.612,0.0,-0.04883,-0.8525,0.1869,-1.199,-1.0,-1.0,-1.0,0.903,-0.7617,-0.772,0.0,3.0,0.0,0.0,0.0,-2.957,-1.2555091999999997,0.0104656983166933,-0.8083656983166934,0.0010617562373594874
0.517,-1.282,0.716,0.391,1.296,-1.0,0.2357,0.0,1.0,-0.514,-0.6465,0.4878,0.0,-0.1558,0.3762,-0.2666,-0.323,-1.245,0.596,-1.5949,-0.2742,-0.7974,-0.6255,-0.7256,-0.617,-0.6157,0.0,0.0,-0.615,0.0,-0.07104,-0.8945,0.2074,-2.924,-1.0,-1.5,-1.0,1.553,-1.411,-1.119,0.0,4.0,0.0,1.0,-7.91,-6.73,0.4569239999999998,0.021037857979536,-1.615937857979536,0.002134313091638298
0.3716,-0.8574,0.8076,0.38,-0.2445,-1.0,0.2439,0.0,1.0,-0.5854,-0.696,0.5254,0.0,-0.1553,0.1248,-0.2407,-0.3042,-0.775,0.585,0.8180999999999999,-0.2659,-1.595,-0.7974,-0.6255,-0.619,-0.6177,0.0,0.0,-0.6177,0.0,-0.06116,-0.4597,-0.09827,1.206,-1.0,-1.0,-0.5,1.1045,-0.8813,-0.8013,1.0,0.0,0.0,0.0,0.0,3.21,-0.1564536,0.0195184852927923,0.7985815147072076,0.001980171114848213
0.4397,-1.016,0.724,0.3662,0.351,-1.0,0.252,0.0,1.0,-0.526,-0.646,0.5015,0.0,-0.1548,0.495,-0.2181,-0.2883,-0.965,0.5806,-0.5039,-0.26,0.8174,-1.595,-0.7974,-0.622,-0.62,0.0,0.0,-0.6206,0.0,-0.0681,-0.583,-0.01305,-0.456,-1.0,-1.0,-1.0,1.227,-1.034,-0.8574,0.0,1.0,0.0,0.0,0.0,-1.185,-0.0597336,0.0384927242994308,-0.5423927242994309,0.0039051278644914003
0.4854,-1.3545,0.5747,0.3462,0.5215,-1.0,0.2603,0.0,1.0,-0.42,-0.544,0.4543,0.0,-0.1544,-0.3054,-0.1981,-0.2717,-1.301,0.566,-1.0229,-0.2659,-0.5034,0.8174,-1.595,-0.629,-0.622,0.0,0.0,-0.6245,0.0,-0.08185,-0.941,0.2363,-1.349,-1.0,-1.5,-1.5,1.626,-1.36,-1.056,0.0,2.0,0.0,1.0,-6.92,-3.559,0.4173251999999999,0.0146213732659816,-1.0375213732659816,0.0014833538856318025
0.6577,-1.079,0.6,0.3257,-0.0983,-1.0,0.2683,0.0,1.0,-0.4238,-0.576,0.4683,0.0,-0.1539,2.482,-0.1749,-0.2512,-0.9683,0.5454,0.3084,-0.2678,-1.023,-0.5034,0.8174,-0.635,-0.6235,0.0,0.0,-0.6274,0.0,-0.07874,-0.964,0.2546,0.63,0.0,-1.0,-1.5,1.332,-1.118,-0.8936,1.0,0.0,0.0,0.0,0.0,1.716,0.7612679999999996,-0.0061139767058193,0.3145139767058194,-0.0006202694465327658
0.601,-0.424,0.747,0.313,-0.568,-1.0,0.2764,0.0,1.0,-0.5283,-0.675,0.5254,0.0,-0.1534,0.2303,-0.1627,-0.2344,-0.3145,0.5376,1.2661,-0.2969,0.3083,-1.023,-0.5034,-0.637,-0.625,0.0,0.0,-0.6304,0.0,-0.0632,-0.532,-0.0463,1.378,1.0,-0.5,-1.0,0.7285,-0.435,-0.513,2.0,0.0,0.0,0.0,0.0,3.72,0.5400440000000002,-0.052821259945631,1.318921259945631,-0.005358773061803717
0.5283,0.1183,0.876,0.306,-1.558,-0.857,0.2847,1.0,1.0,-0.616,-0.7534,0.576,0.0,-0.1531,0.0796,-0.1621,-0.2229,0.2378,0.5347,1.0921,-0.313,1.265,0.3083,-1.023,-0.6367,-0.6255,0.0,0.0,-0.6313,0.0,-0.04922,-0.2031,-0.275,1.0205,1.0,-0.5,-0.5,0.2832,0.1046,-0.1332,3.0,0.0,0.0,0.0,0.0,2.65,-0.435988,-0.018476091325283,1.1105760913252831,-0.0018744191369774626
0.7676,-0.3784,0.7056,0.2942,-2.525,-0.857,0.2927,0.0,1.0,-0.4873,-0.66,0.5215,0.0,-0.1526,1.927,-0.173,-0.2131,-0.301,0.532,-1.1369,-0.3096,1.091,1.265,0.3083,-0.6357,-0.6265,0.0,0.0,-0.6323,0.0,-0.065,-0.4316,-0.1187,-1.092,1.0,-0.5,-1.0,0.7944,-0.3438,-0.4912,0.0,1.0,0.0,0.0,0.0,-2.742,-0.0475635999999999,-0.0144675858318805,-1.1224324141681197,-0.0014677519867003278
0.66,-0.294,0.7017,0.285,-0.1705,-0.857,0.3008,0.0,1.0,-0.4932,-0.6484,0.5254,0.0,-0.1521,-0.1917,-0.1875,-0.2046,-0.2203,0.5283,0.08427,-0.3088,-1.136,1.091,1.265,-0.6357,-0.628,0.0,0.0,-0.6333,0.0,-0.06415,-0.3262,-0.1936,0.05542,2.0,0.0,-0.5,0.714,-0.2642,-0.431,1.0,0.0,0.0,0.0,0.0,0.1443,1.1794520000000004,0.0013299542479217,0.0829400457520782,0.0001349252744923158
0.5557,0.685,0.9595,0.283,-4.79,-0.7144,0.3088,1.0,1.0,-0.6646,-0.8076,0.6235,0.0,-0.1516,1.525,-0.1981,-0.2048,0.776,0.5293,2.1001000000000003,-0.3162,0.0841,-1.136,1.091,-0.632,-0.629,0.0,0.0,-0.634,0.0,-0.03696,0.04697,-0.4478,1.839,2.0,0.5,0.0,-0.144,0.6025,0.2837,2.0,0.0,0.0,0.0,0.0,4.777,0.1727697599999999,0.007728714030236,2.0923712859697643,0.0007840862673522574
0.5854,0.573,0.898,0.2725,-0.02284,-0.7144,0.3171,1.0,1.0,-0.6245,-0.772,0.608,0.0,-0.1512,1.354,-0.2163,-0.2122,0.6313,0.528,-0.3151,-0.3325,2.098,0.0841,-1.136,-0.6265,-0.6304,0.0,0.0,-0.635,0.0,-0.04184,-0.3345,-0.1775,-0.3713,1.0,0.5,-0.5,0.003311,0.407,0.2134,0.0,1.0,0.0,0.0,0.0,-0.905,-0.2474320000000001,-0.0294153466820716,-0.2856846533179283,-0.0029842182402644614
0.577,0.4438,0.837,0.2642,-0.07764,-0.5713,0.3252,1.0,1.0,-0.588,-0.732,0.5923,0.0,-0.1508,0.1672,-0.2412,-0.2235,0.532,0.522,-0.3183,-0.3394,-0.315,2.098,0.0841,-0.6226,-0.6313,0.0,0.0,-0.6353,0.0,-0.04654,-0.2605,-0.2322,-0.2365,0.0,0.0,-0.5,0.1434,0.2314,0.1133,0.0,2.0,0.0,0.0,0.0,-0.582,-0.2119019999999999,0.0113949999213218,-0.3296949999213219,0.001156034874603279
0.675,-0.1891,0.636,0.2532,-1.154,-0.5713,0.3333,0.0,1.0,-0.4475,-0.604,0.5254,0.0,-0.1503,1.18,-0.2703,-0.2374,-0.1004,0.5166,-1.3659,-0.34,-0.318,-0.315,2.098,-0.6226,-0.633,0.0,0.0,-0.6357,0.0,-0.0655,-0.3787,-0.1561,-0.7197,0.0,0.0,-0.5,0.7627,-0.3264,-0.3862,0.0,3.0,0.0,0.0,0.0,-1.789,0.7413059999999999,0.0018977033905684,-1.3677977033905686,0.00019252402951271626
0.6763,0.2563,0.74,0.2487,-4.285,-0.4285,0.3416,1.0,1.0,-0.5176,-0.6763,0.5684,0.0,-0.1499,1.009,-0.3015,-0.255,0.3887,0.5127,0.9234,-0.3457,-1.365,-0.318,-0.315,-0.6226,-0.635,0.0,0.0,-0.636,0.0,-0.05362,-0.0804,-0.3635,0.619,0.0,0.5,0.0,0.3088,0.05612,-0.02225,1.0,0.0,0.0,0.0,0.0,1.607,-0.115432,-0.0143317393958568,0.9377317393958567,-0.0014539702211261035
0.6616,-0.0305,0.66,0.2485,-0.7744,-0.2856,0.3496,1.0,1.0,-0.4653,-0.62,0.545,0.0,-0.1494,0.2112,-0.3318,-0.2751,0.10834,0.516,-0.4894,-0.3472,0.923,-1.365,-0.318,-0.622,-0.636,0.0,0.0,-0.6367,0.0,-0.06046,0.1298,-0.5166,-0.278,-1.0,0.0,0.0,0.4954,-0.16,-0.1979,0.0,1.0,0.0,0.0,0.0,-0.7017,-0.888836,-0.0013460391201078,-0.4880539608798921,-0.00013655710190162314
0.8423,-0.574,0.4958,0.2413,-11.305,-0.2856,0.3577,0.0,1.0,-0.334,-0.514,0.4897,0.0,-0.1489,1.347,-0.3618,-0.2908,-0.4648,0.5166,-1.1599,-0.341,-0.4893,0.923,-1.365,-0.623,-0.638,0.0,0.0,-0.638,0.0,-0.0762,-0.2294,-0.2668,-0.936,-1.0,-0.5,-0.5,1.008,-0.599,-0.599,0.0,2.0,0.0,0.0,0.0,-2.398,0.149916,0.0103654935956001,-1.1702654935956,0.0010515903617137245
0.844,-0.49,0.5044,0.2367,-0.0493,-0.2856,0.366,0.0,1.0,-0.34,-0.521,0.4976,0.0,-0.1486,0.688,-0.402,-0.3096,-0.3687,0.515,0.1720999999999999,-0.3677,-1.159,-0.4893,0.923,-0.6274,-0.6396,0.0,0.0,-0.64,0.0,-0.0743,-0.1099,-0.3513,0.1378,0.0,-0.5,0.0,0.827,-0.5024,-0.51,1.0,0.0,0.0,0.0,0.0,0.3667,0.9489880000000004,-0.0400741845369339,0.2121741845369338,-0.004065568689412433
0.809,0.1573,0.6826,0.241,-1.56,-0.1428,0.374,1.0,1.0,-0.4685,-0.6475,0.5684,0.0,-0.1481,1.214,-0.441,-0.3354,0.2686,0.524,1.5391,-0.3855,0.1719,-1.159,-0.4893,-0.6284,-0.64,0.0,0.0,-0.6406,0.0,-0.05478,0.3342,-0.6597,1.335,1.0,0.0,0.5,0.2126,0.2407,0.1783,2.0,0.0,0.0,0.0,0.0,3.533,0.6474880000000003,0.0050850636325776,1.5340149363674225,0.0005158851197389603
0.604,0.6797,0.838,0.2488,2.47,0.0,0.382,1.0,1.0,-0.586,-0.735,0.6313,0.0,-0.1476,0.527,-0.4387,-0.3652,0.665,0.547,1.3061,-0.376,1.539,0.1719,-1.159,-0.6274,-0.64,0.0,0.0,-0.6406,0.0,-0.0374,0.471,-0.7495,0.8726,1.0,0.0,0.5,-0.2808,0.741,0.7383,3.0,0.0,0.0,0.0,0.0,2.201,0.144528,0.0040149916894733,1.3020850083105266,0.0004073251817745578
0.631,0.3394,0.7476,0.25,-0.3447,0.1428,0.3901,1.0,1.0,-0.526,-0.6777,0.604,0.0,-0.1472,0.1566,-0.4182,-0.393,0.2954,0.5557,-0.5489,-0.3687,1.305,1.539,0.1719,-0.6245,-0.64,0.0,0.0,-0.64,0.0,-0.0454,0.1915,-0.553,-0.3875,1.0,-0.5,0.0,-0.02995,0.4375,0.4443,0.0,1.0,0.0,0.0,0.0,-0.9395,-0.3435440000000001,0.0152917392551898,-0.56419173925519,0.0015513632289949843
0.681,0.096,0.669,0.2457,-0.4846,0.1428,0.3984,1.0,1.0,-0.4697,-0.6274,0.58,0.0,-0.1467,0.2798,-0.398,-0.413,0.033,0.5586,-0.4784,-0.3728,-0.5483,1.305,1.539,-0.6245,-0.641,0.0,0.0,-0.639,0.0,-0.0523,-0.0795,-0.3628,-0.3535,1.0,-0.5,-0.5,0.1622,0.176,0.1959,0.0,2.0,0.0,0.0,0.0,-0.8726,1.255972,0.0105797052383422,-0.4889797052383423,0.001073322360947227
0.5474,1.012,0.927,0.253,5.652,0.2856,0.4065,1.0,1.0,-0.6455,-0.7866,0.6826,0.0,-0.1462,1.713,-0.3718,-0.4236,0.963,0.5674,2.1051,-0.3396,-0.4783,-0.5483,1.305,-0.6196,-0.6406,0.0,0.0,-0.637,0.0,-0.02411,0.4731,-0.7446,2.502,1.0,0.0,0.0,-0.5327,1.068,0.903,1.0,0.0,0.0,0.0,0.0,6.27,1.5746119999999997,-0.001673970837146,2.1067739708371462,-0.00016982612375350908
0.534,1.69,1.139,0.266,0.7964,0.4285,0.4146,1.0,1.0,-0.768,-0.911,0.769,0.0,-0.1459,0.2051,-0.324,-0.4158,1.567,0.591,1.6721,-0.2754,2.104,-0.4783,-0.5483,-0.611,-0.639,0.0,0.0,-0.634,0.0,-0.000493,0.6626,-0.869,2.523,1.0,0.5,0.0,-1.073,1.57,1.113,2.0,0.0,1.0,0.0,9.375,5.93,-0.4646719999999999,0.0205646269023418,1.651535373097658,0.002086303294994165
0.4824,1.143,0.9937,0.2683,-0.1968,0.4285,0.4229,1.0,1.0,-0.6904,-0.8223,0.7217,0.0,-0.1454,-0.1276,-0.2798,-0.3943,1.001,0.6006,-0.8659,-0.265,1.671,2.104,-0.4783,-0.603,-0.6387,0.0,0.0,-0.631,0.0,-0.01405,0.2349,-0.57,-0.733,0.0,0.0,-0.5,-0.585,1.136,0.7417,0.0,1.0,0.0,0.0,0.0,-1.637,-1.509276,0.0027587222866714,-0.8686587222866714,0.00027987531327402625
0.9243,-0.4287,0.551,0.2598,-1.238,0.2856,0.431,0.0,1.0,-0.3674,-0.5625,0.5605,0.0,-0.1449,2.258,-0.258,-0.378,-0.4937,0.592,-2.4299,-0.2832,-0.866,1.671,2.104,-0.6035,-0.6387,0.0,0.0,-0.63,0.0,-0.06012,-0.2236,-0.2625,-7.703,0.0,0.0,-0.5,0.9443,-0.06415,-0.2756,0.0,2.0,0.0,1.0,-7.91,-6.73,-0.538956,0.0466762632131576,-2.4765762632131576,0.004735356600538975
1.07,-0.699,0.4536,0.25,0.9663,0.1428,0.439,0.0,1.0,-0.2842,-0.5005,0.5293,0.0,-0.1444,1.384,-0.2498,-0.367,-0.752,0.5864,-0.6561,-0.284,-2.428,-0.866,1.671,-0.607,-0.639,0.0,0.0,-0.63,0.0,-0.06964,-0.2634,-0.2379,-1.197,0.0,0.0,-0.5,1.155,-0.3389,-0.4807,0.0,3.0,0.0,0.0,0.0,-3.04,-0.084944,0.0150505229830741,-0.6711505229830742,0.001526891581358922
0.9434,0.5356,0.789,0.2554,-2.002,0.2856,0.4473,1.0,1.0,-0.528,-0.731,0.663,0.0,-0.144,0.00942,-0.2477,-0.3562,0.5146,0.5913,2.7441000000000004,-0.276,-0.656,-2.428,-0.866,-0.605,-0.639,0.0,0.0,-0.629,0.0,-0.0325,0.2466,-0.5854,2.42,0.0,0.0,0.0,0.05017,0.917,0.3435,1.0,0.0,0.0,0.0,0.0,6.27,0.3429160000000001,-0.0144438296556472,2.758543829655648,-0.0014653418973275731
0.8877,0.4302,0.7617,0.2568,-0.04916,0.2856,0.4553,1.0,1.0,-0.5146,-0.7085,0.6587,0.0,-0.1436,0.1093,-0.2534,-0.3457,0.4248,0.5967,-0.0768,-0.2773,2.744,-0.656,-2.428,-0.6025,-0.639,0.0,0.0,-0.627,0.0,-0.03384,0.1403,-0.51,-0.04904,-1.0,-0.5,-0.5,0.10956,0.8145,0.277,0.0,1.0,0.0,0.0,0.0,-0.11664,-0.9932520000000004,-0.003366379532963,-0.0734336204670369,-0.0003415227879005112
1.053,-0.2283,0.5815,0.2556,-1.242,0.1428,0.4634,0.0,1.0,-0.379,-0.5957,0.596,0.0,-0.1431,0.9697,-0.2644,-0.3374,-0.2141,0.599,-1.2329,-0.2854,-0.07684,2.744,-0.656,-0.605,-0.639,0.0,0.0,-0.6265,0.0,-0.0517,0.0322,-0.4407,-0.722,-1.0,-1.0,-0.5,0.676,0.2842,-0.144,0.0,2.0,0.0,0.0,0.0,-1.722,-0.8411491999999997,0.0120681338012218,-1.244968133801222,0.0012243250234241971
1.355,-1.422,0.2507,0.2498,8.81,0.1428,0.4714,0.0,1.0,-0.09973,-0.3574,0.474,0.0,-0.1427,1.266,-0.2874,-0.3328,-1.375,0.5957,-2.4299,-0.2646,-1.232,-0.07684,2.744,-0.6147,-0.6396,0.0,0.0,-0.628,0.0,-0.0863,-0.1307,-0.3394,-3.006,-1.0,-1.0,-0.5,1.924,-0.648,-0.837,0.0,3.0,0.0,1.0,-7.91,-6.73,-0.1834039999999999,-0.001650643069297,-2.428249356930703,-0.00016745949686748055
1.441,-1.4795,0.2181,0.2428,0.1792,0.1428,0.4797,0.0,1.0,-0.06525,-0.3362,0.466,0.0,-0.1422,1.608,-0.329,-0.3328,-1.389,0.5884,-0.1737,-0.2443,-2.428,-1.232,-0.07684,-0.623,-0.64,0.0,0.0,-0.63,0.0,-0.0889,-0.167,-0.3145,-0.229,-1.0,-1.0,-1.0,1.823,-0.6787,-0.7983,0.0,4.0,0.0,0.0,0.0,-0.6157,0.8157159999999999,0.0054797190241515,-0.1791797190241515,0.0005559233294151145
1.39,-0.8306,0.3682,0.2349,-0.3628,0.0,0.4878,0.0,1.0,-0.1925,-0.4587,0.5293,0.0,-0.1417,2.227,-0.377,-0.3374,-0.733,0.5845,1.3981,-0.2404,-0.1737,-2.428,-1.232,-0.6245,-0.64,0.0,0.0,-0.6304,0.0,-0.0717,-0.1858,-0.2932,1.647,-1.0,-1.0,-1.0,1.11,0.010414,-0.4175,1.0,0.0,0.0,0.0,0.0,4.453,-0.3292439999999999,-0.001363739836961,1.399463739836961,-0.0001383528584728442
1.462,-1.09,0.2644,0.2196,0.504,-0.1428,0.4958,0.0,1.0,-0.1027,-0.3782,0.4937,0.0,-0.1414,0.9087,-0.4026,-0.3474,-1.03,0.579,-0.7533,-0.2344,1.397,-0.1737,-2.428,-0.6255,-0.64,0.0,0.0,-0.631,0.0,-0.0819,-0.4238,-0.1277,-0.5557,-1.0,-1.5,-1.5,1.41,-0.249,-0.6,0.0,1.0,0.0,0.0,0.0,-1.438,-1.2232612,-0.0020264671184122,-0.7512735328815877,-0.00020558724680092586
2.078,-2.162,-0.05856,0.1976,1.27,-0.2856,0.504,0.0,1.0,0.2408,-0.1256,0.3718,0.0,-0.1409,2.906,-0.4119,-0.3625,-2.11,0.564,-2.4299,-0.1843,-0.7534,1.397,-0.1737,-0.6353,-0.6406,0.0,0.0,-0.6333,0.0,-0.11646,-0.597,-0.01886,-3.158,-1.0,-1.5,-1.5,2.738,-1.253,-1.083,0.0,2.0,0.0,0.0,0.0,-6.73,0.863124,0.0205368418246507,-2.4504368418246507,0.002083484469278829
2.012,-1.731,0.01254,0.1799,-0.088,-0.4285,0.512,0.0,1.0,0.1663,-0.1917,0.4033,0.0,-0.1404,0.7056,-0.3967,-0.3755,-1.6455,0.548,0.7481,-0.1555,-2.428,-0.7534,1.397,-0.6436,-0.641,0.0,0.0,-0.635,0.0,-0.1081,-0.475,-0.1023,1.009,0.0,-1.0,-1.0,2.13,-0.8267,-0.8433,1.0,0.0,0.0,0.0,0.0,2.918,-0.8921279999999997,-0.0191282704472541,0.7672282704472542,-0.0019405834032953585
2.148,-2.193,-0.1671,0.1492,0.4326,-0.5713,0.5205,0.0,1.0,0.3582,-0.01633,0.3364,0.0,-0.14,1.892,-0.3474,-0.3816,-2.123,0.5273,-1.5539,-0.1105,0.748,-2.428,-0.7534,-0.652,-0.6426,0.0,0.0,-0.6367,0.0,-0.1272,-0.8657,0.1683,-1.803,0.0,-1.0,-1.5,2.732,-1.419,-1.017,0.0,1.0,0.0,0.0,0.0,-5.098,0.490704,-0.0143802892416715,-1.5395197107583285,-0.0014588956546764263
1.931,-1.679,-0.1153,0.11346,-0.127,-0.7144,0.5283,0.0,1.0,0.2866,-0.05417,0.3599,0.0,-0.1395,-0.4167,-0.2798,-0.3733,-1.682,0.5034,0.5761,-0.079,-1.553,0.748,-2.428,-0.656,-0.6445,0.0,0.0,-0.638,0.0,-0.1207,-1.069,0.3162,0.2097,0.0,-1.0,-1.5,2.25,-0.997,-0.8433,1.0,0.0,0.0,0.0,0.0,0.623,-0.300112,-0.0135205946862697,0.5896205946862697,-0.0013716787266893169
2.018,-1.509,-0.1434,0.081,0.01973,-0.857,0.5366,0.0,1.0,0.3228,-0.03123,0.352,0.0,-0.139,1.139,-0.2147,-0.345,-1.567,0.483,-0.1886,-0.04758,0.576,-1.553,0.748,-0.6597,-0.6455,0.0,0.0,-0.6406,0.0,-0.1233,-1.015,0.2766,-0.2135,0.0,-1.0,-1.5,2.014,-1.128,-0.79,0.0,1.0,0.0,0.0,0.0,-0.6235,1.576308,-0.010847495868802,-0.1777525041311979,-0.001100490005531784
1.547,-0.05713,0.1759,0.07074,-0.953,-0.7144,0.545,1.0,1.0,-0.02031,-0.3074,0.482,0.0,-0.1387,2.664,-0.1486,-0.301,0.0004745,0.464,2.7441000000000004,-0.05292,-0.1886,0.576,-1.553,-0.661,-0.646,0.0,0.0,-0.6426,0.0,-0.0876,-0.2976,-0.2192,5.96,1.0,-0.5,-1.0,0.6797,0.3945,-0.2952,1.0,0.0,0.0,0.0,0.0,7.785,1.0953800000000002,-0.0025707432068884,2.746670743206889,-0.0002608046354832911
1.441,0.5684,0.3135,0.0672,18.77,-0.5713,0.5527,1.0,1.0,-0.1448,-0.418,0.541,0.0,-0.1382,1.154,-0.10406,-0.2659,0.6304,0.4644,1.2971,-0.05743,2.744,-0.1886,0.576,-0.6597,-0.6465,0.0,0.0,-0.643,0.0,-0.07184,-0.065,-0.378,2.648,1.0,0.0,-0.5,0.072,0.81,-0.06775,2.0,0.0,1.0,0.0,9.375,7.082,0.161244,0.0538431294262409,1.243256870573759,0.00546244280862551
1.311,0.824,0.3416,0.05453,0.5537,-0.5713,0.5527,1.0,1.0,-0.1779,-0.4307,0.5566,0.0,-0.1377,1.13,-0.0752,-0.235,0.8438,0.4602,0.3324,-0.05908,1.296,2.744,-0.1886,-0.6533,-0.647,0.0,0.0,-0.6436,0.0,-0.06775,-0.4019,-0.1357,0.3286,2.0,0.5,-0.5,-0.00633,0.905,-0.0051,3.0,0.0,0.0,0.0,0.0,0.844,-0.8700639999999997,0.0151344574987888,0.3172655425012111,0.001535406827345679
1.548,0.3933,0.2024,0.03842,-0.3752,-0.5713,0.5527,1.0,1.0,-0.04318,-0.331,0.5054,0.0,-0.1372,1.96,-0.06287,-0.209,0.3276,0.4573,-1.0689,-0.08105,0.3323,1.296,2.744,-0.65,-0.648,0.0,0.0,-0.6455,0.0,-0.08246,-0.512,-0.0633,-1.201,1.0,0.0,-0.5,0.4736,0.4126,-0.1635,0.0,1.0,0.0,0.0,0.0,-3.055,0.2881508,0.0249309800565242,-1.0938309800565242,0.00252927447146815
1.498,0.6255,0.2308,0.02827,0.6562,-0.4285,0.5527,1.0,1.0,-0.07153,-0.352,0.5215,0.0,-0.1368,0.657,-0.067,-0.192,0.515,0.4558,0.3404,-0.1437,-1.068,0.3323,1.296,-0.644,-0.648,0.0,0.0,-0.6484,0.0,-0.0783,-0.3108,-0.2051,0.2393,2.0,0.5,0.0,0.2263,0.417,-0.0467,1.0,0.0,0.0,0.0,0.0,0.63,-0.294764,-0.0374089367687702,0.3778089367687702,-0.0037951764655660292
1.409,0.2688,0.1417,0.02544,-0.406,-0.2856,0.5527,1.0,1.0,-0.001191,-0.265,0.4897,0.0,-0.1364,0.374,-0.0842,-0.1836,0.1825,0.4553,-0.6732,-0.1968,0.34,-1.068,0.3323,-0.6396,-0.6484,0.0,0.0,-0.651,0.0,-0.08734,-0.04276,-0.4001,-0.4678,1.0,0.5,0.0,0.5493,0.1527,-0.1371,0.0,1.0,0.0,0.0,0.0,-1.218,-0.4544560000000001,-0.0205001905560493,-0.6526998094439507,-0.0020797661590555537
1.432,-0.10895,0.04376,0.02061,-1.02,-0.2856,0.5527,0.0,1.0,0.0901,-0.1742,0.4543,0.0,-0.1359,0.968,-0.11145,-0.1777,-0.1963,0.455,-0.7739,-0.2006,-0.673,0.34,-1.068,-0.636,-0.649,0.0,0.0,-0.6523,0.0,-0.0976,-0.1317,-0.341,-0.665,0.0,0.0,0.0,0.839,-0.1915,-0.2896,0.0,2.0,0.0,0.0,0.0,-1.769,0.2253199999999999,-0.015243973582983,-0.758656026417017,-0.001546517350692115
1.383,-0.3716,-0.0434,0.0086,10.28,-0.2856,0.5527,0.0,1.0,0.1702,-0.0836,0.4229,0.0,-0.1355,1.018,-0.1499,-0.1731,-0.4753,0.4495,-0.7049,-0.198,-0.7734,-0.673,0.34,-0.638,-0.6494,0.0,0.0,-0.6533,0.0,-0.1066,-0.4458,-0.12067,-0.4802,-1.0,0.0,-0.5,1.102,-0.4536,-0.4197,0.0,3.0,0.0,0.0,0.0,-1.309,-0.4353072,0.0109397303313016,-0.7158397303313017,0.001109847289957062
1.267,0.166,0.0644,0.002876,-1.846,-0.1428,0.5527,1.0,1.0,0.05765,-0.1805,0.4702,0.0,-0.135,0.7246,-0.2034,-0.1744,0.05936,0.447,1.0811,-0.2394,-0.7046,-0.7734,-0.673,-0.6406,-0.65,0.0,0.0,-0.656,0.0,-0.09357,-0.1713,-0.3108,0.643,0.0,0.0,0.0,0.5054,-0.03406,-0.1366,1.0,0.0,0.0,0.0,0.0,1.792,0.1439119999999999,-0.0057662022300064,1.0868662022300064,-0.0005849873556760288
0.8833,0.646,0.1901,0.01062,2.207,0.0,0.5527,1.0,1.0,-0.08575,-0.2651,0.5254,0.0,-0.1345,0.547,-0.266,-0.1857,0.5884,0.453,1.2201,-0.2844,1.081,-0.7046,-0.7734,-0.6416,-0.65,0.0,0.0,-0.657,0.0,-0.07837,0.4595,-0.7544,0.816,0.0,0.5,0.5,0.02747,0.493,0.2595,2.0,0.0,0.0,0.0,0.0,2.2,0.2639684,-0.0123096164315938,1.232409616431594,-0.0012488236933889602
1.133,-0.3662,-0.0424,0.00934,-1.354,0.0,0.5527,0.0,1.0,0.1492,-0.064,0.4348,0.0,-0.1342,1.785,-0.335,-0.2059,-0.4536,0.4595,-1.9309,-0.3105,1.22,1.081,-0.7046,-0.644,-0.652,0.0,0.0,-0.659,0.0,-0.10406,0.009,-0.4438,-1.815,0.0,0.0,0.0,0.9087,-0.3237,-0.289,0.0,1.0,0.0,0.0,0.0,-4.715,0.2903119999999999,-0.0156267434358596,-1.9152732565641404,-0.001585349759812552
0.9907,-0.2031,0.006634,0.01508,-0.4783,0.0,0.5527,0.0,1.0,0.0901,-0.1015,0.4583,0.0,-0.1337,0.4097,-0.4,-0.2329,-0.2957,0.4683,0.5361,-0.311,-1.93,1.22,1.081,-0.646,-0.653,0.0,0.0,-0.6597,0.0,-0.0976,0.3347,-0.6733,0.2678,1.0,0.0,0.5,0.636,-0.05136,-0.1162,1.0,0.0,0.0,0.0,0.0,0.7397,-0.9975759999999998,0.0019496916793286,0.5341503083206713,0.00019779829676086955
1.311,-1.07,-0.1942,0.01332,7.74,0.0,0.5527,0.0,1.0,0.32,0.0829,0.3796,0.0,-0.1332,1.675,-0.4456,-0.263,-1.131,0.468,-1.7579,-0.3015,0.5356,-1.93,1.22,-0.6494,-0.6543,0.0,0.0,-0.6606,0.0,-0.1199,-0.03094,-0.422,-1.421,1.0,-0.5,0.0,1.476,-0.6997,-0.6265,0.0,1.0,0.0,0.0,0.0,-3.863,0.6128039999999999,-0.020239045843482,-1.737660954156518,-0.002053272749917291
1.351,-1.408,-0.278,0.00994,0.4985,0.0,0.545,0.0,0.0,0.4163,0.1753,0.3481,0.0,-0.1328,0.787,-0.4639,-0.299,-1.466,0.468,-0.7436,-0.2952,-1.757,0.5356,-1.93,-0.6533,-0.657,0.0,0.0,-0.6626,0.0,-0.129,-0.1068,-0.3718,-0.712,0.0,-0.5,0.0,1.603,-1.057,-0.7656,0.0,2.0,0.0,0.0,0.0,-2.047,-1.5134120000000002,0.0396738685667514,-0.7832738685667515,0.004024956208009455
1.526,-2.307,-0.533,-0.01103,0.9,-0.1428,0.5366,0.0,0.0,0.745,0.4854,0.2458,0.0,-0.1323,2.385,-0.4612,-0.339,-2.123,0.4485,-2.4299,-0.2461,-0.7437,-1.757,0.5356,-0.659,-0.661,0.0,0.0,-0.6655,0.0,-0.1581,-0.862,0.1542,-3.781,-1.0,-1.0,-0.5,2.742,-2.05,-1.187,0.0,3.0,0.0,0.0,0.0,-6.73,2.310048,-0.0581988357007503,-2.3717011642992496,-0.005904333847820629
1.282,-0.7734,-0.2137,-0.02698,-0.6104,-0.2856,0.5283,0.0,0.0,0.339,0.1072,0.3796,0.0,-0.1318,2.375,-0.426,-0.3713,-0.6665,0.4229,2.7441000000000004,-0.2472,-2.428,-0.7437,-1.757,-0.662,-0.6636,0.0,0.0,-0.6655,0.0,-0.1209,-0.566,-0.04028,3.664,0.0,-0.5,-0.5,1.159,-0.1935,-0.4226,1.0,0.0,0.0,0.0,0.0,7.785,-1.2565519999999997,-0.0872220247983932,2.8313220247983937,-0.008848767283603304
1.501,-1.418,-0.402,-0.04962,1.128,-0.4285,0.5205,0.0,0.0,0.5747,0.314,0.305,0.0,-0.1315,2.217,-0.3809,-0.393,-1.325,0.4067,-1.7669,-0.2277,2.744,-2.428,-0.7437,-0.669,-0.666,0.0,0.0,-0.6665,0.0,-0.1421,-0.7764,0.10065,-1.316,-1.0,-0.5,-1.0,1.946,-0.8774,-0.7856,0.0,1.0,0.0,0.0,0.0,-3.787,0.9595440000000004,-0.0178256370127201,-1.7490743629872798,-0.0018084298544104832
1.266,-0.772,-0.2937,-0.0647,-0.3828,-0.5713,0.512,0.0,0.0,0.4272,0.2007,0.352,0.0,-0.131,0.304,-0.334,-0.398,-0.6562,0.3936,1.1811,-0.2311,-1.766,2.744,-2.428,-0.672,-0.667,0.0,0.0,-0.6665,0.0,-0.129,-0.512,-0.08215,0.615,0.0,0.0,-0.5,1.343,-0.2107,-0.537,1.0,0.0,0.0,0.0,0.0,1.873,-0.068864,-0.0070730899460613,1.1881730899460614,-0.0007175725059508557
1.143,-0.6406,-0.3,-0.08093,-0.0699,-0.7144,0.504,0.0,0.0,0.4246,0.2185,0.352,0.0,-0.1305,-0.4119,-0.2915,-0.3865,-0.551,0.3838,0.0001,-0.2296,1.181,-1.766,2.744,-0.6753,-0.6694,0.0,0.0,-0.6665,0.0,-0.1292,-0.564,-0.045,0.0,0.0,-0.5,-1.0,1.242,-0.183,-0.533,0.0,0.0,0.0,0.0,0.0,0.0,0.397872,0.0102216219529509,-0.0101216219529509,0.0010369944303826742
1.091,-0.3645,-0.2683,-0.0935,-0.3945,-0.857,0.4958,0.0,0.0,0.3843,0.1855,0.368,0.0,-0.13,0.2856,-0.2542,-0.3667,-0.2854,0.376,0.3797,-0.2324,0.0,1.181,-1.766,-0.676,-0.672,0.0,0.0,-0.666,0.0,-0.12476,-0.44,-0.1316,0.0956,1.0,-0.5,-0.5,0.9976,0.00914,-0.454,1.0,0.0,0.0,0.0,0.0,0.2805,0.09910776,-0.0151606947183609,0.3948606947183609,-0.0015380686212067931
1.055,-0.505,-0.3218,-0.10455,0.6646,-0.857,0.4878,0.0,0.0,0.4429,0.2517,0.3481,0.0,-0.1296,0.1888,-0.2224,-0.3435,-0.4333,0.3694,-0.4689,-0.2285,0.3794,0.0,1.181,-0.676,-0.674,0.0,0.0,-0.668,0.0,-0.1304,-0.4019,-0.1614,-0.0976,0.0,-0.5,-0.5,1.15,-0.1603,-0.521,0.0,1.0,0.0,0.0,0.0,-0.2832,-0.6427319999999999,0.0215415805578231,-0.4904415805578231,0.0021854162835334865
1.171,-1.039,-0.4597,-0.11725,1.4795,-0.857,0.4797,0.0,0.0,0.62,0.4158,0.2932,0.0,-0.1292,0.501,-0.1915,-0.3215,-0.9707,0.3606,-1.3329,-0.2288,-0.4688,0.3794,0.0,-0.6743,-0.6753,0.0,0.0,-0.671,0.0,-0.146,-0.4585,-0.1276,-0.77,0.0,-1.0,-0.5,1.711,-0.6675,-0.7544,0.0,2.0,0.0,1.0,-6.395,-2.268,-0.2768572,0.0368172824382782,-1.3697172824382782,0.0037351525037861797
1.182,-1.201,-0.531,-0.1356,0.314,-1.0,0.4714,0.0,0.0,0.714,0.5103,0.2656,0.0,-0.1287,0.412,-0.1603,-0.298,-1.164,0.349,-0.6952,-0.2346,-1.332,-0.4688,0.3794,-0.6777,-0.677,0.0,0.0,-0.674,0.0,-0.1538,-0.683,0.02927,-0.4546,-1.0,-1.0,-1.0,1.895,-0.9004,-0.8374,0.0,3.0,0.0,0.0,0.0,-1.396,0.3859096,0.0434178374707698,-0.7386178374707699,0.004404785839633833
1.037,-0.301,-0.3843,-0.1534,-0.7256,-1.143,0.4634,0.0,0.0,0.5156,0.3298,0.3286,0.0,-0.1283,0.6963,-0.1321,-0.2727,-0.2793,0.336,1.6251,-0.2463,-0.695,-1.332,-0.4688,-0.6772,-0.678,0.0,0.0,-0.6763,0.0,-0.1364,-0.655,0.01671,1.064,0.0,-0.5,-1.0,1.038,-0.1355,-0.45,1.0,0.0,0.0,0.0,0.0,3.344,-1.7764840000000002,-0.0151591040194034,1.6402591040194034,-0.0015379072431038917
1.46,-1.57,-0.6807,-0.1731,6.31,-1.143,0.4553,0.0,0.0,0.947,0.7046,0.2065,0.0,-0.1278,2.236,-0.08606,-0.2308,-1.307,0.2986,-2.4299,-0.2338,1.624,-0.695,-1.332,-0.682,-0.6807,0.0,0.0,-0.6797,0.0,-0.1711,-0.7188,0.04727,-7.22,-1.0,-0.5,-1.0,2.547,-1.306,-1.026,0.0,1.0,0.0,0.0,0.0,-6.73,0.6681999999999998,-0.0086164958775043,-2.421283504122496,-0.0008741526810045734
1.499,-1.172,-0.641,-0.1931,-0.1527,-1.143,0.4473,0.0,0.0,0.8926,0.642,0.2242,0.0,-0.1273,1.789,-0.05258,-0.1882,-0.8735,0.2795,0.4798,-0.2285,-2.428,1.624,-0.695,-0.686,-0.6816,0.0,0.0,-0.683,0.0,-0.1665,-0.7397,0.0644,0.625,0.0,-0.5,-1.0,2.074,-1.0,-0.8438,1.0,0.0,0.0,0.0,0.0,2.062,-0.4414519999999999,0.0112295737490057,0.4685704262509942,0.0011392522132877923
1.411,-1.315,-0.7007,-0.2087,0.2742,-1.143,0.439,0.0,0.0,0.973,0.7397,0.2007,0.0,-0.127,0.2345,-0.0319,-0.1484,-0.985,0.2642,-0.6303,-0.2134,0.4795,-2.428,1.624,-0.692,-0.6836,0.0,0.0,-0.686,0.0,-0.1735,-0.625,-0.0204,-0.7314,0.0,-0.5,-1.0,2.227,-1.147,-0.871,0.0,1.0,0.0,0.0,0.0,-2.377,-0.071702,0.0244844071567058,-0.6547844071567058,0.0024839691753025224
1.299,-1.173,-0.6987,-0.2216,0.009735,-1.143,0.431,0.0,0.0,0.961,0.746,0.2026,0.0,-0.1265,-0.3057,-0.03482,-0.11426,-0.8667,0.2563,0.0537,-0.1992,-0.63,0.4795,-2.428,-0.6963,-0.6846,0.0,0.0,-0.6885,0.0,-0.173,-0.544,-0.07794,0.01343,1.0,-0.5,-0.5,1.92,-1.113,-0.7773,1.0,0.0,0.0,0.0,0.0,0.04453,-1.688386,0.018099907785654,0.0356000922143459,0.0018362549163486322
1.647,-2.307,-0.982,-0.235,1.444,-1.143,0.4229,0.0,0.0,1.462,1.205,0.08466,0.0,-0.126,2.041,-0.01231,-0.0705,-1.966,0.2224,-2.4299,-0.1587,0.05356,-0.63,0.4795,-0.703,-0.6865,0.0,0.0,-0.693,0.0,-0.2065,-0.5815,-0.0656,-8.21,0.0,-0.5,-0.5,2.836,-2.066,-1.165,0.0,1.0,0.0,1.0,-7.91,-6.73,0.31762,0.0560899302363395,-2.4859899302363395,0.00569038314304366
1.517,-2.1,-0.946,-0.2576,-0.04834,-1.143,0.4146,0.0,0.0,1.385,1.147,0.10034,0.0,-0.1256,2.729,0.02841,-0.02776,-1.475,0.1978,0.4757,-0.1661,-2.428,0.05356,-0.63,-0.709,-0.6885,0.0,0.0,-0.6978,0.0,-0.2025,-1.104,0.3086,0.6313,1.0,-0.5,-0.5,2.805,-2.066,-1.012,1.0,0.0,0.0,0.0,0.0,2.322,1.0835919999999997,0.0214589331299066,0.4542410668700933,0.0021770316139742567
1.254,-1.229,-0.8066,-0.27,-0.328,-1.143,0.4065,0.0,0.0,1.126,0.9233,0.1594,0.0,-0.1251,0.568,0.06082,0.003769,-0.5625,0.1869,1.7581,-0.1721,0.4753,-2.428,0.05356,-0.7144,-0.691,0.0,0.0,-0.701,0.0,-0.1862,-0.6343,-0.01874,1.727,1.0,0.0,0.0,1.805,-1.112,-0.682,2.0,0.0,0.0,0.0,0.0,6.258,-0.6294999999999997,0.0024809348396956,1.7556190651603043,0.0002516934810100219
1.28,-1.349,-0.865,-0.2883,0.2454,-1.143,0.3984,0.0,0.0,1.225,1.021,0.1357,0.0,-0.12463,0.749,0.0816,0.0208,-0.7793,0.1793,-0.6664,-0.1901,1.757,0.4753,-2.428,-0.717,-0.6943,0.0,0.0,-0.7046,0.0,-0.1929,-0.9307,0.1898,-0.3325,1.0,0.0,-0.5,2.021,-1.239,-0.7446,0.0,1.0,0.0,0.0,0.0,-1.143,-0.076844,0.0741049796342849,-0.740504979634285,0.007518029085608081
1.97,-2.307,-1.157,-0.3154,1.245,-1.143,0.3901,0.0,0.0,1.837,1.538,0.01383,0.0,-0.1242,2.906,0.0947,0.02986,-2.123,0.1661,-2.4299,-0.1443,-0.666,1.757,0.4753,-0.7236,-0.6987,0.0,0.0,-0.709,0.0,-0.2273,-1.169,0.3447,-3.545,0.0,0.0,-0.5,2.836,-2.066,-1.137,0.0,2.0,0.0,0.0,0.0,-6.73,0.7512759999999997,-0.0129474699497222,-2.4169525300502777,-0.0013135346119441305
1.996,-1.983,-1.083,-0.3418,-0.1492,-1.143,0.382,0.0,0.0,1.686,1.378,0.0453,0.0,-0.1238,2.479,0.0987,0.03,-1.664,0.1526,1.0201,-0.11945,-2.428,-0.666,1.757,-0.7285,-0.702,0.0,0.0,-0.7124,0.0,-0.2186,-1.096,0.2966,0.898,1.0,0.0,-0.5,2.836,-1.84,-0.887,1.0,0.0,0.0,0.0,0.0,3.54,0.4688799999999999,-0.0018564281053841,1.021956428105384,-0.00018833660788378201
2.16,-1.5205,-1.048,-0.3652,-0.127,-1.143,0.374,0.0,0.0,1.628,1.291,0.06104,0.0,-0.1233,2.906,0.08746,0.02878,-1.336,0.1436,0.4941,-0.0943,1.019,-2.428,-0.666,-0.7334,-0.706,0.0,0.0,-0.715,0.0,-0.2145,-0.9907,0.2238,0.4907,1.0,0.5,0.0,2.57,-1.445,-0.7485,2.0,0.0,0.0,0.0,0.0,1.875,0.21939,-0.0056242872960865,0.4997242872960865,-0.0005705899345289304
2.008,-1.105,-1.012,-0.3833,-0.1743,-1.143,0.366,0.0,0.0,1.547,1.232,0.0768,0.0,-0.12286,0.56,0.0603,0.0293,-1.024,0.1362,0.4866999999999999,-0.10236,0.4937,1.019,-2.428,-0.7334,-0.709,0.0,0.0,-0.7183,0.0,-0.2102,-0.8105,0.09674,0.239,1.0,0.5,0.5,2.148,-1.059,-0.635,3.0,0.0,0.0,0.0,0.0,0.8994,0.1692996,0.0067677884362638,0.4799322115637361,0.0006865993427185734
1.8955,-0.7217,-0.976,-0.398,-0.267,-1.143,0.3577,0.0,0.0,1.471,1.173,0.0925,0.0,-0.12244,-0.0601,0.0187,0.02737,-0.7134,0.1293,0.4793,-0.1015,0.4863,0.4937,1.019,-0.734,-0.712,0.0,0.0,-0.7207,0.0,-0.2058,-0.6777,0.003998,0.2295,2.0,1.0,1.0,1.721,-0.7773,-0.528,4.0,0.0,0.0,0.0,0.0,0.85,0.7357356000000003,0.022049356251955,0.4572506437480449,0.0022369306683465997
1.714,0.0308,-0.885,-0.4148,-1.122,-1.0,0.3496,1.0,0.0,1.293,1.0205,0.1318,0.0,-0.12195,0.327,-0.03622,0.02249,-0.05814,0.1215,1.1811,-0.1233,0.479,0.4863,0.4937,-0.735,-0.7144,0.0,0.0,-0.723,0.0,-0.195,-0.782,0.08356,0.786,3.0,1.0,1.0,0.984,-0.3013,-0.3354,5.0,0.0,0.0,0.0,0.0,2.87,0.311628,0.0075003379024565,1.1735996620975435,0.0007609172660303749
1.313,0.681,-0.784,-0.4185,6.332,-0.857,0.3416,1.0,0.0,1.095,0.8813,0.175,0.0,-0.1215,0.956,-0.06866,0.014565,0.7183,0.1101,1.2521,-0.153,1.18,0.479,0.4863,-0.7334,-0.7163,0.0,0.0,-0.7256,0.0,-0.183,-0.2205,-0.312,0.9243,3.0,1.5,1.5,0.4531,0.2954,-0.1161,5.92,0.0,0.0,0.0,0.0,3.256,0.2334636,-0.0111253820359706,1.263225382035971,-0.0011286818530644581
1.112,1.668,-0.6196,-0.4187,1.517,-0.7144,0.3333,1.0,0.0,0.8306,0.642,0.2458,0.0,-0.12103,0.9575,-0.10645,-0.002226,1.727,0.10974,1.9721,-0.1885,1.252,1.18,0.479,-0.7256,-0.7188,0.0,0.0,-0.7266,0.0,-0.1635,-0.015594,-0.4497,1.666,3.0,1.5,1.5,-0.2517,1.105,0.2607,5.92,0.0,1.0,0.0,9.375,5.645,-0.6396479999999998,0.0068981717340648,1.9652018282659351,0.0006998268671033438
1.247,1.152,-0.7065,-0.4194,-0.1816,-0.5713,0.3252,1.0,0.0,0.9688,0.762,0.2104,0.0,-0.1206,0.89,-0.1522,-0.02849,1.2295,0.10944,-0.9286,-0.2256,1.971,1.252,1.18,-0.72,-0.72,0.0,0.0,-0.7285,0.0,-0.1736,-0.05933,-0.4229,-0.857,2.0,1.0,1.5,0.2399,0.7173,0.1451,0.0,1.0,0.0,0.0,0.0,-2.734,-0.7017868000000002,0.0111364386975765,-0.9397364386975764,0.0011298035631567235
1.382,0.8325,-0.765,-0.422,-0.1434,-0.4285,0.3171,1.0,0.0,1.069,0.844,0.1869,0.0,-0.1202,0.661,-0.2188,-0.06415,0.8774,0.11066,-0.6376000000000001,-0.2474,-0.928,1.971,1.252,-0.7163,-0.7227,0.0,0.0,-0.7295,0.0,-0.1803,-0.1488,-0.3618,-0.304,1.0,1.0,1.0,0.405,0.2903,0.0566,0.0,2.0,0.0,0.0,0.0,-0.999,-0.6632920000000001,-0.0106207430362701,-0.6269792569637299,-0.0010774856892411398
1.299,0.3616,-0.832,-0.4175,-0.4175,-0.2856,0.3088,1.0,0.0,1.172,0.963,0.1594,0.0,-0.1197,1.126,-0.266,-0.1088,0.437,0.1141,-0.7589,-0.2642,-0.637,-0.928,1.971,-0.7134,-0.724,0.0,0.0,-0.731,0.0,-0.1881,0.2069,-0.619,-0.3005,0.0,1.0,1.0,0.745,-0.006935,-0.0693,0.0,3.0,0.0,0.0,0.0,-1.008,1.0746340000000003,-0.0052806283347308,-0.7536193716652692,-0.0005357253669957833
1.073,0.8657,-0.733,-0.4111,1.351,-0.1428,0.3008,1.0,0.0,0.995,0.8184,0.2026,0.0,-0.11926,0.9043,-0.302,-0.1628,0.9355,0.12146,1.2221,-0.3083,-0.759,-0.637,-0.928,-0.71,-0.7256,0.0,0.0,-0.7324,0.0,-0.1761,0.2979,-0.6787,0.7705,0.0,1.0,1.0,0.2018,0.4797,0.2864,1.0,0.0,0.0,0.0,0.0,2.646,-0.2165359999999999,-0.0041162283159792,1.2262162283159792,-0.00041759574532313843
1.014,0.666,-0.7637,-0.4102,-0.0919,0.0,0.2927,1.0,0.0,1.038,0.8726,0.1908,0.0,-0.11884,0.2471,-0.3376,-0.2053,0.7534,0.1226,-0.3209,-0.3113,1.221,-0.759,-0.637,-0.708,-0.726,0.0,0.0,-0.7324,0.0,-0.1796,0.03723,-0.4941,-0.1959,-1.0,0.5,0.5,0.3386,0.3108,0.2123,0.0,1.0,0.0,0.0,0.0,-0.648,-0.0515479999999999,0.0037553417496383,-0.3246553417496383,0.0003809834189215147
0.935,1.775,-0.554,-0.401,1.72,0.1428,0.2847,1.0,0.0,0.726,0.5635,0.2812,0.0,-0.11835,1.903,-0.3772,-0.249,1.833,0.1344,2.4861000000000004,-0.292,-0.3208,1.221,-0.759,-0.7046,-0.7266,0.0,0.0,-0.732,0.0,-0.1545,0.4453,-0.774,2.846,0.0,0.5,1.0,-0.6396,1.183,0.7725,1.0,0.0,0.0,0.0,0.0,7.785,-0.0968215999999999,0.0577225796878337,2.428377420312166,0.005856017168226722
0.6753,1.682,-0.5215,-0.381,0.079,0.2856,0.2764,1.0,0.0,0.661,0.5396,0.297,0.0,-0.1179,-0.002243,-0.3894,-0.2942,1.708,0.1566,0.4012,-0.2642,2.484,-0.3208,1.221,-0.7026,-0.7266,0.0,0.0,-0.731,0.0,-0.1504,1.188,-1.303,0.4116,1.0,0.5,1.5,-0.7188,1.21,0.7617,2.0,0.0,0.0,0.0,0.0,1.277,1.0368679999999997,0.000131439010147,0.401068560989853,1.3334627526319505e-05
0.545,2.156,-0.3325,-0.3574,0.589,0.4285,0.2683,1.0,0.0,0.4146,0.307,0.3796,0.0,-0.11743,1.675,-0.3357,-0.3367,2.002,0.1907,2.0801000000000003,-0.2034,0.401,2.484,-0.3208,-0.6973,-0.7266,0.0,0.0,-0.7285,0.0,-0.1277,1.274,-1.354,2.736,2.0,0.5,1.5,-1.284,1.924,0.998,3.0,0.0,0.0,0.0,0.0,7.785,-0.439612,-0.0296266488730907,2.109726648873091,-0.0030056550725228886
0.3447,2.156,-0.255,-0.3323,0.1671,0.5713,0.2603,1.0,0.0,0.3093,0.2314,0.415,0.0,-0.117,0.2336,-0.2393,-0.3333,2.002,0.2268,0.8371,-0.1455,2.078,0.401,2.484,-0.69,-0.726,0.0,0.0,-0.7246,0.0,-0.1181,1.303,-1.37,1.14,2.0,0.5,1.5,-1.403,2.068,0.935,4.0,0.0,0.0,0.0,0.0,3.277,-1.784456,0.0165318883955478,0.8205681116044521,0.0016771776797068736
0.866,0.58,-0.5674,-0.3179,-0.6626,0.7144,0.252,1.0,0.0,0.7383,0.5874,0.2832,0.0,-0.1166,2.906,-0.1487,-0.3015,0.2603,0.247,-2.4299,-0.1421,0.8364,2.078,0.401,-0.6855,-0.7266,0.0,0.0,-0.7227,0.0,-0.1556,0.5786,-0.869,-6.902,2.0,0.0,1.0,0.12006,0.8696,0.3083,0.0,1.0,0.0,0.0,0.0,-6.73,0.332868,-0.0137540120631456,-2.4161459879368543,-0.0013953591680995925
0.972,0.655,-0.52,-0.3027,0.254,0.857,0.2439,1.0,0.0,0.6826,0.5127,0.305,0.0,-0.1161,1.598,-0.0773,-0.2646,0.4133,0.256,0.5511,-0.13,-2.428,0.8364,2.078,-0.682,-0.727,0.0,0.0,-0.721,0.0,-0.1499,0.592,-0.876,0.8247,2.0,0.5,1.0,-0.07874,1.008,0.3584,1.0,0.0,0.0,0.0,0.0,2.553,-0.6106360000000002,-0.0797370374202728,0.6308370374202729,-0.008089407344610973
1.1455,0.02762,-0.6147,-0.294,-0.777,0.857,0.2357,1.0,0.0,0.8267,0.633,0.2656,0.0,-0.11566,1.306,-0.02118,-0.2264,-0.1929,0.2654,-0.9843,-0.1293,0.5503,-2.428,0.8364,-0.6797,-0.727,0.0,0.0,-0.719,0.0,-0.1611,0.3376,-0.699,-0.8306,1.0,0.5,0.5,0.3787,0.553,0.1622,0.0,1.0,0.0,0.0,0.0,-2.53,0.4483479999999997,-0.0108750127255916,-0.9734249872744084,-0.0011032816199510805
1.0625,0.176,-0.572,-0.2869,1.589,0.857,0.2277,1.0,0.0,0.7603,0.5776,0.2852,0.0,-0.11523,0.2607,0.01593,-0.189,-0.04285,0.273,0.5081,-0.1615,-0.984,0.5503,-2.428,-0.6797,-0.727,0.0,0.0,-0.7163,0.0,-0.1559,0.2744,-0.652,0.333,1.0,1.0,0.5,0.12415,0.6616,0.2113,1.0,0.0,0.0,0.0,0.0,1.046,-0.7567400000000002,-0.0077323061414062,0.5158323061414063,-0.0007844506908550986
1.218,-0.4595,-0.694,-0.289,-2.506,0.7144,0.2195,0.0,0.0,0.9478,0.7456,0.2341,0.0,-0.11475,1.8955,0.03232,-0.1592,-0.6597,0.2717,-1.2999,-0.1947,0.5073,-0.984,0.5503,-0.6816,-0.728,0.0,0.0,-0.7144,0.0,-0.1705,-0.1353,-0.3657,-1.899,0.0,0.5,0.0,0.725,0.11945,-0.0629,0.0,1.0,0.0,0.0,0.0,-5.875,0.264154,0.020991314202547,-1.3208913142025471,0.0021295911759062615
1.234,-0.2496,-0.651,-0.2874,-0.4597,0.5713,0.2114,0.0,0.0,0.8853,0.6787,0.2537,0.0,-0.1143,1.072,0.03256,-0.1348,-0.4443,0.274,0.5211,-0.2279,-1.299,0.5073,-0.984,-0.686,-0.7275,0.0,0.0,-0.712,0.0,-0.1656,0.05875,-0.5015,1.303,1.0,1.0,0.5,0.4849,0.343,-0.00364,1.0,0.0,0.0,0.0,0.0,4.2,0.2464799999999999,-0.0068674511276185,0.5279674511276186,-0.0006967102288702507
1.139,-0.0795,-0.608,-0.282,-0.9463,0.5713,0.2032,1.0,0.0,0.8164,0.623,0.2734,0.0,-0.1139,-0.10547,0.0168,-0.1164,-0.2219,0.2756,0.5128,-0.2607,0.5205,-1.299,0.5073,-0.6904,-0.727,0.0,0.0,-0.7095,0.0,-0.1604,0.214,-0.61,0.3943,1.0,1.0,1.0,0.2673,0.5317,0.0665,2.0,0.0,0.0,0.0,0.0,1.25,0.238324,-0.0129788070917129,0.525778807091713,-0.001316713798364646
1.045,-0.1128,-0.597,-0.2742,-14.766,0.4285,0.1951,0.0,0.0,0.7935,0.615,0.2793,0.0,-0.1134,-0.11084,-0.01357,-0.10364,-0.1815,0.2783,0.1515,-0.295,0.512,0.5205,-1.299,-0.691,-0.7266,0.0,0.0,-0.7075,0.0,-0.1589,0.3489,-0.7056,0.10834,2.0,1.0,1.5,0.1787,0.517,0.0646,3.0,0.0,0.0,0.0,0.0,0.3381,-0.3651931999999999,0.030200321227312,0.1212996787726879,0.0030638547436641467
1.076,-0.294,-0.623,-0.2705,6.28,0.2856,0.187,0.0,0.0,0.8325,0.65,0.2695,0.0,-0.113,0.9155,-0.05566,-0.09717,-0.346,0.2817,-0.2509,-0.3196,0.1512,0.512,0.5205,-0.692,-0.726,0.0,0.0,-0.7056,0.0,-0.1619,0.1676,-0.5776,-0.1688,1.0,0.5,1.0,0.3027,0.3882,-0.04132,0.0,1.0,0.0,0.0,0.0,-0.5244,0.4363080000000001,-0.0162088014185428,-0.2346911985814571,-0.0016444001618896903
1.006,-0.09174,-0.571,-0.264,-0.883,0.1428,0.1788,0.0,0.0,0.7544,0.581,0.2932,0.0,-0.1125,-0.3728,-0.12115,-0.09937,-0.10547,0.2856,0.6075,-0.3313,-0.251,0.1512,0.512,-0.691,-0.724,0.0,0.0,-0.7046,0.0,-0.1554,0.2979,-0.6675,0.483,2.0,0.5,1.5,-0.01283,0.52,0.0977,1.0,0.0,0.0,0.0,0.0,1.513,-0.0697103999999999,0.0016795056872069,0.6058204943127931,0.00017038764018530194
0.811,0.7056,-0.4102,-0.2593,-14.766,0.1428,0.1708,1.0,0.0,0.5293,0.3813,0.364,0.0,-0.11206,0.527,-0.2026,-0.10645,0.674,0.2922,1.7881,-0.3164,0.607,-0.251,0.1512,-0.6885,-0.722,0.0,0.0,-0.703,0.0,-0.1359,0.2339,-0.6133,1.973,2.0,1.0,1.5,-0.5913,1.225,0.556,2.0,0.0,1.0,0.0,6.918,6.06,-0.2007319999999999,-0.0323725752532482,1.820472575253248,-0.003284232227456909
0.8877,0.4658,-0.4504,-0.2573,-0.1921,0.1428,0.1626,1.0,0.0,0.586,0.4268,0.3481,0.0,-0.11163,0.548,-0.292,-0.1206,0.451,0.295,-0.3761,-0.3145,1.787,0.607,-0.251,-0.6846,-0.7207,0.0,0.0,-0.7017,0.0,-0.1405,0.10876,-0.526,-0.2727,1.0,0.5,1.0,-0.434,0.894,0.3887,0.0,1.0,0.0,0.0,0.0,-0.794,-0.4419519999999999,-0.0055828359909355,-0.3705171640090644,-0.0005663846554869608
0.772,0.321,-0.4885,-0.2625,-0.1494,0.1428,0.1544,1.0,0.0,0.6255,0.487,0.333,0.0,-0.11115,-0.03644,-0.3667,-0.1438,0.3103,0.2913,-0.3689,-0.3254,-0.3762,1.787,0.607,-0.682,-0.719,0.0,0.0,-0.6997,0.0,-0.1449,-0.3064,-0.2314,-0.1692,0.0,0.5,0.5,-0.2444,0.6475,0.2408,0.0,2.0,0.0,0.0,0.0,-0.4983,-0.567348,0.0263940189033746,-0.3952940189033747,0.002677701320220794
1.103,-0.786,-0.728,-0.2778,-2.807,0.0,0.1464,0.0,0.0,0.9897,0.808,0.2302,0.0,-0.1107,1.249,-0.41,-0.1777,-0.7856,0.2783,-2.4299,-0.349,-0.3687,-0.3762,1.787,-0.6836,-0.7173,0.0,0.0,-0.6987,0.0,-0.174,-0.8296,0.1293,-3.867,0.0,0.0,0.0,0.841,-0.5176,-0.6006,0.0,3.0,0.0,1.0,-7.91,-6.73,-0.083,-0.048294361680746,-2.381605638319254,-0.004899514412911942
0.736,-0.65,-0.7114,-0.2822,-0.07324,-0.1428,0.1382,0.0,0.0,0.935,0.8125,0.238,0.0,-0.1103,0.05835,-0.432,-0.2186,-0.5923,0.2703,0.2092,-0.359,-2.428,-0.3687,-0.3762,-0.6846,-0.716,0.0,0.0,-0.6987,0.0,-0.1721,-0.327,-0.2283,0.264,0.0,0.5,0.5,0.6816,-0.3918,-0.569,1.0,0.0,0.0,0.0,0.0,0.853,-1.368828,-0.0009782412089407,0.2101782412089407,-9.924361220867319e-05
0.9272,-1.604,-0.912,-0.2944,1.926,-0.2856,0.1301,0.0,0.0,1.277,1.134,0.1515,0.0,-0.1098,0.1588,-0.4333,-0.273,-1.517,0.2573,-2.2849,-0.3408,0.209,-2.428,-0.3687,-0.6885,-0.7153,0.0,0.0,-0.6987,0.0,-0.1967,-0.7783,0.08295,-3.564,-1.0,0.0,0.0,1.74,-1.312,-1.21,0.0,1.0,0.0,1.0,-7.91,-6.73,-0.4187760000000001,-0.0203178115189075,-2.2645821884810924,-0.0020612636115532952
0.989,-1.883,-0.9834,-0.305,0.3296,-0.4285,0.12195,0.0,0.0,1.411,1.262,0.12006,0.0,-0.1094,1.501,-0.4058,-0.3333,-1.738,0.2421,-0.8944,-0.2952,-2.283,0.209,-2.428,-0.6943,-0.715,0.0,0.0,-0.7007,0.0,-0.2058,-0.754,0.06168,-1.247,-1.0,-0.5,0.0,2.041,-1.562,-1.193,0.0,2.0,0.0,0.0,0.0,-4.316,-0.9304039999999998,0.0402018912136554,-0.9346018912136554,0.004078524667738812
1.092,-2.08,-1.045,-0.319,0.2499,-0.5713,0.11383,0.0,0.0,1.537,1.375,0.0925,0.0,-0.1089,0.978,-0.3735,-0.3882,-1.998,0.2341,-0.8049000000000001,-0.2476,-0.8945,-2.283,0.209,-0.703,-0.715,0.0,0.0,-0.703,0.0,-0.2136,-0.9536,0.2008,-0.5283,-1.0,-1.0,-0.5,2.229,-1.806,-1.141,0.0,3.0,0.0,0.0,0.0,-1.88,0.188292,0.0249472167342901,-0.8298472167342902,0.0025309216997151593
0.861,-1.752,-1.003,-0.328,-0.0419,-0.5713,0.1057,0.0,0.0,1.4375,1.31,0.1102,0.0,-0.10846,-0.07947,-0.344,-0.4172,-1.711,0.2286,0.5313,-0.2341,-0.805,-0.8945,-2.283,-0.711,-0.715,0.0,0.0,-0.7065,0.0,-0.2087,-0.6875,0.013054,0.3074,0.0,-0.5,0.0,1.809,-1.377,-0.9287,1.0,0.0,0.0,0.0,0.0,1.122,-1.3637336000000002,-0.0105132963508367,0.5418132963508367,-0.0010665851086023353
0.947,-2.307,-1.142,-0.3423,0.533,-0.5713,0.09753,0.0,0.0,1.722,1.589,0.04922,0.0,-0.10803,1.382,-0.3032,-0.4067,-2.123,0.2115,-1.7999,-0.2195,0.531,-0.805,-0.8945,-0.72,-0.7163,0.0,0.0,-0.7104,0.0,-0.226,-0.9917,0.2227,-1.214,-1.0,-1.0,-0.5,2.598,-2.014,-1.123,0.0,1.0,0.0,0.0,0.0,-4.36,0.37181776,0.0008368972339667,-1.8007368972339668,8.490411545455271e-05
0.9443,-2.123,-1.125,-0.358,0.01517,-0.7144,0.0894,0.0,0.0,1.6875,1.554,0.05515,0.0,-0.10754,0.2905,-0.2622,-0.382,-2.096,0.2001,0.1846999999999999,-0.1852,-1.799,0.531,-0.805,-0.726,-0.718,0.0,0.0,-0.7134,0.0,-0.2245,-1.079,0.286,0.1137,0.0,-1.0,-0.5,2.309,-1.708,-0.952,1.0,0.0,0.0,0.0,0.0,0.4326,0.9278519999999996,-0.015731394290924,0.200431394290924,-0.0015959667004836202
1.078,-1.518,-1.046,-0.3716,-0.1836,-0.7144,0.0813,0.0,0.0,1.537,1.377,0.08856,0.0,-0.1071,2.773,-0.2185,-0.35,-1.474,0.1847,1.0401,-0.173,0.1844,-1.799,0.531,-0.731,-0.7188,0.0,0.0,-0.716,0.0,-0.2152,-0.9087,0.1683,0.919,1.0,-0.5,-0.5,1.701,-1.019,-0.7183,2.0,0.0,0.0,0.0,0.0,3.477,0.3402732000000001,0.0334160365164279,1.006683963483572,0.003390092483609802
0.9634,-1.259,-1.025,-0.3838,-0.05872,-0.7144,0.0732,0.0,0.0,1.489,1.346,0.09644,0.0,-0.1067,-0.06445,-0.1804,-0.318,-1.234,0.1737,0.237,-0.1615,1.039,0.1844,-1.799,-0.733,-0.719,0.0,0.0,-0.718,0.0,-0.2133,-0.836,0.1174,0.2316,2.0,0.0,0.0,1.456,-0.815,-0.627,3.0,0.0,0.0,0.0,0.0,0.8486,-0.5264480000000001,-0.010490832850337,0.247490832850337,-0.0010643061625591039
1.158,-1.636,-1.124,-0.4014,0.4746,-0.7144,0.06506,0.0,0.0,1.702,1.533,0.05316,0.0,-0.1062,1.218,-0.1487,-0.287,-1.67,0.1619,-1.2939,-0.1455,0.2368,1.039,0.1844,-0.7354,-0.72,0.0,0.0,-0.7207,0.0,-0.2255,-1.084,0.289,-0.724,1.0,0.0,-0.5,1.914,-1.341,-0.748,0.0,1.0,0.0,0.0,0.0,-2.635,0.0473847999999999,0.0041729840449988,-1.298072984044999,0.00042335367446163906
0.992,-0.945,-1.05,-0.4226,-0.3413,-0.857,0.05692,0.0,0.0,1.539,1.393,0.08466,0.0,-0.1058,0.5464,-0.12103,-0.252,-1.009,0.1434,0.9806,-0.1354,-1.293,0.2368,1.039,-0.7354,-0.721,0.0,0.0,-0.722,0.0,-0.2167,-1.339,0.475,0.5127,2.0,0.0,-0.5,1.365,-0.737,-0.5654,1.0,0.0,0.0,0.0,0.0,1.944,-0.763492,0.0024538519792258,0.9781461480207742,0.0002489458959794577
1.112,-1.371,-1.167,-0.4463,0.6606,-1.0,0.04877,0.0,0.0,1.79,1.631,0.0335,0.0,-0.1053,0.7944,-0.1005,-0.2158,-1.502,0.1267,-1.5459,-0.11804,0.98,-1.293,0.2368,-0.738,-0.722,0.0,0.0,-0.7246,0.0,-0.2312,-1.402,0.5137,-1.204,1.0,0.0,-0.5,2.049,-1.278,-0.716,0.0,1.0,0.0,0.0,0.0,-4.43,1.896424,-0.0380218587815761,-1.507878141218424,-0.003857358056360939
1.103,0.02835,-0.973,-0.4624,-1.026,-1.0,0.04065,1.0,0.0,1.402,1.233,0.1161,0.0,-0.10486,2.672,-0.0926,-0.1846,-0.2263,0.1178,2.6231000000000004,-0.12427,-1.545,0.98,-1.293,-0.736,-0.7236,0.0,0.0,-0.7266,0.0,-0.2083,-0.8926,0.1603,2.44,1.0,0.5,0.0,0.7627,-0.0749,-0.3423,1.0,0.0,0.0,0.0,0.0,7.785,1.076128,-0.0331686399877071,2.656268639987708,-0.0033649938423608553
0.8735,1.284,-0.775,-0.464,12.37,-0.857,0.03253,1.0,0.0,1.045,0.903,0.2007,0.0,-0.10443,1.043,-0.0866,-0.1575,1.113,0.108,2.4821000000000004,-0.1354,2.623,-1.545,0.98,-0.731,-0.724,0.0,0.0,-0.7275,0.0,-0.1847,-0.2065,-0.3188,2.008,1.0,1.0,0.5,-0.1355,1.019,0.03488,2.0,0.0,0.0,0.0,0.0,7.17,-0.5203799999999998,0.0762311518192291,2.405868848180772,0.007733731517567539
1.015,0.93,-0.8423,-0.4685,-0.1434,-0.7144,0.02438,1.0,0.0,1.166,1.004,0.1711,0.0,-0.10394,1.102,-0.0884,-0.136,0.8228,0.0994,-0.8036,-0.1466,2.482,2.623,-1.545,-0.728,-0.726,0.0,0.0,-0.7285,0.0,-0.1931,-0.339,-0.2279,-0.5825,1.0,0.5,0.0,0.1731,0.5522,-0.0704,0.0,1.0,0.0,0.0,0.0,-1.931,-0.470006,0.0218785405158996,-0.8254785405158996,0.002219601230051337
0.9507,0.6973,-0.878,-0.4675,-0.113,-0.5713,0.01627,1.0,0.0,1.221,1.071,0.1554,0.0,-0.1035,0.854,-0.0961,-0.12244,0.67,0.09467,-0.4396,-0.1658,-0.803,2.482,2.623,-0.726,-0.728,0.0,0.0,-0.7305,0.0,-0.1976,-0.0782,-0.416,-0.2499,0.0,0.5,0.0,0.3574,0.3245,-0.10944,0.0,2.0,0.0,0.0,0.0,-0.8496,0.2241772,-0.0330731011927127,-0.4065268988072872,-0.0033553013298857617
0.8755,0.8433,-0.8447,-0.4631,0.334,-0.4285,0.00813,1.0,0.0,1.158,1.02,0.1692,0.0,-0.1031,0.8286,-0.10986,-0.1207,0.861,0.0951,0.3902,-0.2178,-0.4395,-0.803,2.482,-0.7227,-0.729,0.0,0.0,-0.7324,0.0,-0.1938,0.11694,-0.5537,0.1733,1.0,0.5,0.5,0.187,0.4502,0.01561,1.0,0.0,0.0,0.0,0.0,0.597,0.030868,-0.0258048810064792,0.4160048810064792,-0.0026179326533086397
0.797,0.8384,-0.83,-0.456,0.1276,-0.2856,0.0,1.0,0.0,1.128,1.001,0.175,0.0,-0.1026,-0.007782,-0.1356,-0.13,0.921,0.0967,0.1653,-0.2734,0.39,-0.4395,-0.803,-0.719,-0.73,0.0,0.0,-0.7344,0.0,-0.1923,0.2766,-0.667,0.0586,1.0,0.5,1.0,0.1246,0.4749,0.1295,2.0,0.0,0.0,0.0,0.0,0.1996,-0.7065839999999999,-0.0149447526782751,0.1802447526782751,-0.0015161610713203683
0.9917,0.1392,-0.939,-0.4536,-0.6787,-0.1428,-0.00813,1.0,0.0,1.33,1.178,0.1279,0.0,-0.1022,1.05,-0.1763,-0.1476,0.2177,0.0985,-1.3139,-0.339,0.165,0.39,-0.4395,-0.7163,-0.731,0.0,0.0,-0.737,0.0,-0.2057,-0.01955,-0.4614,-0.65,0.0,0.0,0.5,0.683,-0.11664,-0.09784,0.0,1.0,0.0,0.0,0.0,-2.201,0.1670719999999999,-0.0073532261885702,-1.3065467738114298,-0.0007459926260225235
0.9233,0.1882,-0.9146,-0.446,0.3708,0.0,-0.01627,1.0,0.0,1.282,1.139,0.1377,0.0,-0.1017,0.603,-0.2183,-0.1686,0.2983,0.1026,0.2857,-0.3604,-1.313,0.165,0.39,-0.716,-0.732,0.0,0.0,-0.738,0.0,-0.203,0.3218,-0.7036,0.1393,1.0,0.5,1.0,0.542,0.03656,0.0289,1.0,0.0,0.0,0.0,0.0,0.4924,0.4661280000000001,0.0034619863145053,0.2822380136854946,0.00035122219768327626
0.8716,0.5435,-0.836,-0.4365,1.542,0.1428,-0.02438,1.0,0.0,1.143,1.004,0.1711,0.0,-0.10126,0.411,-0.2666,-0.1956,0.6875,0.1084,0.9625,-0.3845,0.2854,-1.313,0.165,-0.717,-0.7324,0.0,0.0,-0.739,0.0,-0.1937,0.4204,-0.77,0.3506,2.0,0.5,1.0,0.1394,0.4338,0.403,2.0,0.0,0.0,0.0,0.0,1.228,-1.0890879999999996,0.0006716778152622,0.9618283221847378,6.81424295130992e-05
0.8057,-0.163,-0.9443,-0.4329,-1.075,0.1428,-0.03253,0.0,0.0,1.326,1.204,0.12396,0.0,-0.1008,-0.0941,-0.313,-0.2251,-0.0851,0.1156,-1.3189,-0.387,0.962,0.2854,-1.313,-0.7183,-0.7334,0.0,0.0,-0.7393,0.0,-0.207,0.05832,-0.5176,-0.4878,1.0,0.5,0.5,0.775,-0.07465,-0.0409,0.0,1.0,0.0,0.0,0.0,-1.659,0.0412,0.0071242754347622,-1.3260242754347622,0.0007227653282782287
0.771,-0.1907,-0.9424,-0.4294,0.4956,0.1428,-0.04065,0.0,0.0,1.319,1.203,0.12396,0.0,-0.10034,-0.3823,-0.36,-0.2537,-0.1234,0.11835,0.0001,-0.387,-1.318,0.962,0.2854,-0.719,-0.735,0.0,0.0,-0.7393,0.0,-0.207,0.02625,-0.4944,0.0,0.0,0.0,0.0,0.6816,-0.1102,-0.04288,0.0,0.0,0.0,0.0,0.0,0.0,0.3561107999999999,0.0043955254368484,-0.0042955254368484,0.0004459307356110216
0.6196,0.04712,-0.8857,-0.4211,-2.19,0.2856,-0.04877,1.0,0.0,1.208,1.112,0.1476,0.0,-0.0999,-0.2595,-0.4033,-0.2854,0.1302,0.1238,0.6880999999999999,-0.3865,0.0,-1.318,0.962,-0.7197,-0.736,0.0,0.0,-0.7383,0.0,-0.2004,0.3367,-0.713,0.11816,1.0,0.0,0.5,0.3606,0.1853,0.1614,1.0,0.0,0.0,0.0,0.0,0.419,-0.657636,0.0247687306255102,0.6633312693744897,0.002512814093940129
0.658,-0.375,-0.948,-0.4172,-3.379,0.2856,-0.05692,0.0,0.0,1.321,1.224,0.12006,0.0,-0.0995,0.2715,-0.4224,-0.3225,-0.3076,0.1276,-0.7855,-0.3867,0.6875,0.0,-1.318,-0.7217,-0.737,0.0,0.0,-0.7383,0.0,-0.2083,0.06854,-0.525,-0.2637,0.0,0.0,0.0,0.6577,-0.1787,-0.1134,0.0,1.0,0.0,0.0,0.0,-0.9155,0.2108173599999999,0.0103953704237937,-0.7958953704237938,0.0010546213977446863
0.5723,0.02432,-0.859,-0.4062,-1.319,0.4285,-0.06506,1.0,0.0,1.158,1.069,0.1573,0.0,-0.099,0.571,-0.409,-0.3545,0.05652,0.1387,1.0931,-0.3965,-0.785,0.6875,0.0,-0.7207,-0.7383,0.0,0.0,-0.7373,0.0,-0.1979,0.4932,-0.8237,0.442,0.0,0.5,0.5,0.1219,0.2218,0.2166,1.0,0.0,0.0,0.0,0.0,1.572,-0.2604759999999999,-0.020508948713541,1.113608948713541,-0.00208065468345815
0.3916,-0.2454,-0.8984,-0.4033,-2.596,0.2856,-0.0732,0.0,0.0,1.211,1.154,0.1396,0.0,-0.0986,-0.1104,-0.3833,-0.3828,-0.3042,0.1472,-0.5004,-0.409,1.093,-0.785,0.6875,-0.7207,-0.7397,0.0,0.0,-0.7363,0.0,-0.2029,0.03592,-0.4995,-0.1741,0.0,0.0,0.0,0.245,-0.10284,-0.00242,0.0,1.0,0.0,0.0,0.0,-0.599,0.9616200000000004,0.0009264457621611,-0.5013264457621611,9.398890898477618e-05
0.3591,0.425,-0.7856,-0.4033,-4.234,0.2856,-0.0813,1.0,0.0,1.0205,0.9624,0.1869,0.0,-0.0981,2.5,-0.3677,-0.4043,0.3838,0.1443,1.3561,-0.4062,-0.5005,1.093,-0.785,-0.72,-0.741,0.0,0.0,-0.735,0.0,-0.1898,-0.1786,-0.3406,1.046,1.0,0.0,0.0,-0.266,0.468,0.4565,1.0,0.0,0.0,0.0,0.0,3.656,-0.0642342399999999,-0.0108640007674694,1.3669640007674695,-0.0011021644450748336
0.264,0.5605,-0.756,-0.4001,0.4197,0.2856,-0.0894,1.0,0.0,0.9663,0.9224,0.1987,0.0,-0.09766,0.1022,-0.3606,-0.4207,0.5557,0.1437,0.3253,-0.401,1.355,-0.5005,1.093,-0.718,-0.742,0.0,0.0,-0.734,0.0,-0.1866,0.0824,-0.5254,0.1508,1.0,0.5,0.5,-0.3547,0.543,0.5107,2.0,0.0,0.0,0.0,0.0,0.506,-0.31268,-0.0656836330890655,0.3909836330890655,-0.006663674512144935
0.2612,0.3647,-0.782,-0.3967,-0.1929,0.2856,-0.09753,1.0,0.0,1.007,0.965,0.1869,0.0,-0.0972,0.5244,-0.3577,-0.428,0.3174,0.149,-0.3219,-0.4165,0.3252,1.355,-0.5005,-0.716,-0.7427,0.0,0.0,-0.7324,0.0,-0.1901,0.11005,-0.5464,-0.2542,1.0,0.0,0.5,-0.1802,0.3567,0.3552,0.0,1.0,0.0,0.0,0.0,-0.844,-0.676212,0.0041801105253398,-0.3260801105253398,0.0004240766634800027
0.3606,-0.1593,-0.8726,-0.3972,-1.122,0.1428,-0.1057,0.0,0.0,1.164,1.11,0.1476,0.0,-0.09674,0.4458,-0.3625,-0.4265,-0.1936,0.147,-1.0839,-0.4277,-0.3218,0.3252,1.355,-0.716,-0.743,0.0,0.0,-0.7314,0.0,-0.2012,-0.2251,-0.3123,-0.7153,0.0,-0.5,0.0,0.3445,-0.07764,-0.1378,0.0,2.0,0.0,1.0,-5.94,-2.4,-0.2795520000000001,-0.0082604847848415,-1.0756395152151583,-0.0008380349765986503
0.3928,-0.2847,-0.899,-0.3992,1.85,0.0,-0.11383,0.0,0.0,1.212,1.154,0.1357,0.0,-0.0963,0.1787,-0.3733,-0.4219,-0.3293,0.1451,-0.3366,-0.474,-1.084,-0.3218,0.3252,-0.7153,-0.743,0.0,0.0,-0.7305,0.0,-0.2046,-0.3281,-0.2401,-0.1454,0.0,-0.5,-0.5,0.423,-0.2627,-0.4456,0.0,3.0,0.0,0.0,0.0,-0.505,0.4052337600000001,-0.0655003562569618,-0.2710996437430382,-0.0066450808823878835
0.2717,-0.0637,-0.8545,-0.396,-1.027,0.0,-0.12195,1.0,0.0,1.127,1.087,0.1534,0.0,-0.0959,-0.1243,-0.3887,-0.4177,-0.0903,0.1454,0.5104,-0.4807,-0.3364,-1.084,-0.3218,-0.7153,-0.743,0.0,0.0,-0.73,0.0,-0.1997,0.07074,-0.5225,0.1307,0.0,0.0,0.0,0.2056,-0.01701,-0.1704,1.0,0.0,0.0,0.0,0.0,0.4587,0.6172720000000002,-0.0256959907710552,0.5360959907710552,-0.0026068856229862995
0.2323,0.4517,-0.7554,-0.3904,18.77,0.0,-0.1301,1.0,0.0,0.9624,0.924,0.1948,0.0,-0.0954,0.1067,-0.4036,-0.4138,0.3936,0.1512,1.1721,-0.4827,0.5103,-0.3364,-1.084,-0.7134,-0.742,0.0,0.0,-0.73,0.0,-0.1882,0.2426,-0.64,0.74,0.0,0.0,0.0,-0.243,0.4597,0.6226,2.0,0.0,1.0,0.0,6.07,2.557,-0.180644,0.0330965183675289,1.139003481632471,0.003357677027203807
0.3013,0.2258,-0.7905,-0.3887,-0.3193,0.0,-0.1382,1.0,0.0,1.023,0.9756,0.1791,0.0,-0.095,0.948,-0.4185,-0.4138,0.1586,0.1527,-0.4306,-0.4814,1.172,0.5103,-0.3364,-0.714,-0.7417,0.0,0.0,-0.73,0.0,-0.1927,-0.04565,-0.4363,-0.2462,0.0,0.0,-0.5,-0.0735,0.1935,0.309,0.0,1.0,0.0,0.0,0.0,-0.8203,0.1836,-0.0155587745830416,-0.4150412254169583,-0.0015784542473257675
0.2477,0.4216,-0.742,-0.3818,0.815,0.1428,-0.1464,1.0,0.0,0.9434,0.9014,0.1987,0.0,-0.0945,0.1022,-0.428,-0.4165,0.3635,0.1571,0.5461,-0.4744,-0.4307,1.172,0.5103,-0.714,-0.7407,0.0,0.0,-0.7295,0.0,-0.1874,0.4092,-0.7583,0.2954,1.0,0.0,0.0,-0.2383,0.416,0.591,1.0,0.0,0.0,0.0,0.0,0.9976,0.0837359999999999,0.0083987563848495,0.5377012436151505,0.0008520627776412239
0.2369,0.3462,-0.7393,-0.3743,-0.02708,0.2856,-0.1544,1.0,0.0,0.938,0.898,0.1987,0.0,-0.09406,-0.5723,-0.439,-0.421,0.3242,0.16,0.0001,-0.4688,0.5454,-0.4307,1.172,-0.7134,-0.7393,0.0,0.0,-0.729,0.0,-0.1875,0.4092,-0.7583,0.0,1.0,0.0,0.0,-0.231,0.3381,0.5312,0.0,0.0,0.0,0.0,0.0,0.0,-0.011014,-0.0070009236223995,0.0071009236223995,-0.0007102511555777992
0.2369,0.295,-0.736,-0.3684,0.0052,0.2856,-0.1626,1.0,0.0,0.9326,0.8916,0.1987,0.0,-0.0936,-0.3025,-0.4487,-0.4272,0.3005,0.1616,0.0001,-0.4639,0.0,0.5454,-0.4307,-0.7114,-0.739,0.0,0.0,-0.7285,0.0,-0.1875,0.2773,-0.6646,0.0,0.0,-0.5,-0.5,-0.2328,0.2585,0.4873,0.0,0.0,0.0,0.0,0.0,0.0,-0.06049944,-0.0204321853816509,0.0205321853816509,-0.002072866961705765
0.2268,0.8594,-0.611,-0.3562,1.736,0.4285,-0.1708,1.0,0.0,0.7476,0.7026,0.2499,0.0,-0.09314,0.9507,-0.4526,-0.4333,0.8926,0.1686,1.3956,-0.4436,0.0,0.0,0.5454,-0.708,-0.7373,0.0,0.0,-0.727,0.0,-0.1733,0.7803,-1.017,0.8027,0.0,-0.5,0.0,-0.708,0.7817,1.0205,1.0,0.0,0.0,0.0,0.0,2.666,1.968288,-0.0213510021567344,1.4169510021567344,-0.0021660819018287157
0.213,2.08,-0.3564,-0.3394,1.52,0.4285,-0.1788,1.0,0.0,0.4163,0.3635,0.356,0.0,-0.0927,1.846,-0.4053,-0.4229,1.8955,0.1965,2.7441000000000004,-0.3635,1.395,0.0,0.0,-0.701,-0.735,0.0,0.0,-0.7246,0.0,-0.1439,1.009,-1.167,4.27,1.0,0.0,0.0,-1.454,1.805,1.113,2.0,0.0,1.0,0.0,9.375,7.785,-0.280836,0.0109081678092479,2.7331918321907525,0.0011066452384891861
0.3582,1.513,-0.4187,-0.323,-0.1473,0.5713,-0.187,1.0,0.0,0.504,0.4297,0.3286,0.0,-0.0923,1.061,-0.3542,-0.4043,1.322,0.2112,-0.6625,-0.324,2.744,1.395,0.0,-0.697,-0.733,0.0,0.0,-0.7227,0.0,-0.1519,0.928,-1.113,-0.6567,0.0,0.0,0.0,-1.116,1.361,0.9463,0.0,1.0,0.0,0.0,0.0,-1.922,-0.4614330400000001,-0.0032622520811855,-0.6592377479188144,-0.0003309589470501816
0.2273,1.032,-0.4805,-0.3123,-0.1885,0.5713,-0.1951,1.0,0.0,0.5713,0.521,0.301,0.0,-0.0918,-0.006084,-0.311,-0.383,0.8237,0.2216,-0.6762,-0.311,-0.662,2.744,1.395,-0.693,-0.731,0.0,0.0,-0.7207,0.0,-0.1597,0.555,-0.85,-0.3225,0.0,0.0,-0.5,-0.7197,0.9927,0.6377,0.0,2.0,0.0,0.0,0.0,-0.964,-0.0501708,-0.0122279748320579,-0.6639720251679421,-0.0012405410661898767
0.2075,0.93,-0.4768,-0.3022,0.03525,0.5713,-0.2032,1.0,0.0,0.565,0.5176,0.301,0.0,-0.0914,-0.2542,-0.2788,-0.3652,0.753,0.2267,0.0001,-0.3037,-0.6763,-0.662,2.744,-0.6895,-0.7295,0.0,0.0,-0.7188,0.0,-0.1598,0.507,-0.8154,0.0,0.0,-0.5,-1.0,-0.647,0.881,0.557,0.0,0.0,0.0,0.0,0.0,0.0,0.4186856000000001,-0.0272511951625347,0.0273511951625347,-0.0027646627643728807
0.1902,0.6284,-0.5103,-0.2925,-0.1852,0.5713,-0.2114,1.0,0.0,0.6074,0.5645,0.2852,0.0,-0.0909,-0.1162,-0.2489,-0.348,0.452,0.2343,-0.3947,-0.2998,0.0,-0.6763,-0.662,-0.6865,-0.729,0.0,0.0,-0.7173,0.0,-0.1643,0.4775,-0.797,-0.178,-1.0,-1.0,-1.0,-0.4448,0.608,0.3936,0.0,1.0,0.0,0.0,0.0,-0.5435,-0.4525000000000001,0.0071830241940915,-0.4018830241940915,0.0007287254524636853
0.127,0.2612,-0.553,-0.2812,-0.4197,0.7144,-0.2195,1.0,0.0,0.66,0.629,0.2656,0.0,-0.09045,-0.09827,-0.2218,-0.329,0.06128,0.2451,-0.4997,-0.3098,-0.3948,0.0,-0.6763,-0.6846,-0.728,0.0,0.0,-0.7153,0.0,-0.1699,0.63,-0.9077,-0.2764,-2.0,-1.0,-1.0,-0.1805,0.3567,0.2218,0.0,2.0,0.0,0.0,0.0,-0.8545,0.16087176,0.0160511769354343,-0.5157511769354344,0.0016284089902509982
0.16,0.3733,-0.5034,-0.268,0.4827,0.857,-0.2277,1.0,0.0,0.5957,0.5576,0.2852,0.0,-0.09,0.3862,-0.198,-0.3062,0.1573,0.2568,0.5081,-0.3098,-0.4995,-0.3948,0.0,-0.683,-0.727,0.0,0.0,-0.714,0.0,-0.1647,0.803,-1.029,0.541,-1.0,-1.0,-0.5,-0.3413,0.5225,0.3157,1.0,0.0,0.0,0.0,0.0,1.699,-0.3671320000000001,0.0106950923800468,0.4974049076199531,0.0010850285093291774
0.2129,0.065,-0.538,-0.2573,-0.5913,0.857,-0.2357,1.0,0.0,0.646,0.6006,0.2695,0.0,-0.08954,0.1525,-0.1849,-0.2854,-0.09717,0.2615,-0.3999,-0.3198,0.5073,-0.4995,-0.3948,-0.686,-0.726,0.0,0.0,-0.7124,0.0,-0.1692,0.6064,-0.8906,-0.2354,-1.0,-1.0,-1.0,-0.1671,0.2732,0.1688,0.0,1.0,0.0,0.0,0.0,-0.7275,-0.14765424,-0.0218002926558256,-0.3780997073441744,-0.0022116629013340756
0.1694,-0.188,-0.5728,-0.2512,-1.715,0.7144,-0.2439,0.0,0.0,0.69,0.653,0.2537,0.0,-0.0891,-0.0872,-0.1768,-0.2686,-0.3613,0.267,-0.4047,-0.3228,-0.3997,0.5073,-0.4995,-0.6885,-0.7256,0.0,0.0,-0.712,0.0,-0.1737,0.289,-0.666,-0.1614,-1.0,-1.0,-1.5,0.02461,0.07556,0.0303,0.0,2.0,0.0,0.0,0.0,-0.5054,-0.542524,-0.0003186580142937,-0.4043813419857062,-3.232819483447754e-05
0.1309,-0.5317,-0.6255,-0.2452,3.574,0.5713,-0.252,0.0,0.0,0.7607,0.732,0.2302,0.0,-0.0887,-0.06445,-0.1776,-0.2556,-0.713,0.2722,-0.6149,-0.325,-0.4048,-0.3997,0.5073,-0.691,-0.725,0.0,0.0,-0.7114,0.0,-0.1804,0.2302,-0.627,-0.2898,-1.0,-1.5,-1.5,0.293,-0.1877,-0.1569,0.0,3.0,0.0,0.0,0.0,-0.919,-0.0172062399999999,-0.0162373445928096,-0.5986626554071903,-0.0016472958973097985
0.1423,-0.1449,-0.5366,-0.2379,-0.784,0.4285,-0.2603,0.0,0.0,0.638,0.604,0.2656,0.0,-0.0882,0.795,-0.1871,-0.2455,-0.3093,0.275,0.9411,-0.3281,-0.6147,-0.4048,-0.3997,-0.692,-0.7236,0.0,0.0,-0.7104,0.0,-0.1707,0.3115,-0.6807,0.6616,0.0,-1.5,-1.5,-0.04663,0.255,0.08105,1.0,0.0,0.0,0.0,0.0,2.14,-0.2001935999999999,0.0067621055059134,0.9343378944940864,0.0006860228033837454
0.2446,-0.5254,-0.5977,-0.2322,6.527,0.2856,-0.2683,0.0,0.0,0.73,0.682,0.238,0.0,-0.08777,0.1888,-0.2091,-0.2412,-0.6553,0.2754,-0.7109,-0.3442,0.9404,-0.6147,-0.4048,-0.694,-0.723,0.0,0.0,-0.7095,0.0,-0.1785,0.1273,-0.5527,-0.299,-1.0,-1.5,-1.5,0.3025,-0.02374,-0.1652,0.0,1.0,0.0,0.0,0.0,-0.94,-0.1261999999999999,-0.0778465420007705,-0.6330534579992294,-0.007897614571437448
0.356,-0.835,-0.6494,-0.2284,0.878,0.1428,-0.2764,0.0,0.0,0.813,0.749,0.2145,0.0,-0.0873,0.6167,-0.2476,-0.2432,-0.944,0.2751,-0.6229,-0.3662,-0.7104,0.9404,-0.6147,-0.6953,-0.7227,0.0,0.0,-0.7085,0.0,-0.1852,-0.0109,-0.4568,-0.2507,-1.0,-1.5,-1.5,0.5195,-0.3188,-0.4155,0.0,2.0,0.0,0.0,0.0,-0.8057,0.2253919999999999,-0.0033873193897306,-0.6195126806102693,-0.00034364715866485386
0.2712,-0.02507,-0.4844,-0.224,-1.015,0.1428,-0.2847,1.0,0.0,0.58,0.5225,0.2812,0.0,-0.08685,1.147,-0.2986,-0.2496,-0.1517,0.2778,1.8011,-0.385,-0.623,-0.7104,0.9404,-0.6953,-0.721,0.0,0.0,-0.707,0.0,-0.1665,0.0665,-0.504,0.934,0.0,-1.0,-1.5,-0.2659,0.3723,0.1451,1.0,0.0,0.0,0.0,0.0,3.06,0.1324639999999999,-0.0392768792808055,1.8403768792808053,-0.003984681222264297
0.11224,0.111,-0.466,-0.2274,2.719,0.1428,-0.2927,1.0,0.0,0.5435,0.511,0.287,0.0,-0.0864,0.2583,-0.3333,-0.2612,0.004898,0.271,0.1505,-0.3918,1.8,-0.623,-0.7104,-0.695,-0.72,0.0,0.0,-0.706,0.0,-0.1652,-0.5557,-0.05914,0.1278,1.0,-0.5,-1.5,-0.313,0.36,0.1672,2.0,0.0,0.0,0.0,0.0,0.3965,-0.91174,-0.0057822917588055,0.1562822917588055,-0.000586619655503683
0.2291,-0.751,-0.6475,-0.2346,-4.656,0.0,-0.3008,0.0,0.0,0.8003,0.757,0.2104,0.0,-0.08594,0.7563,-0.364,-0.2803,-0.787,0.2578,-1.9459,-0.4019,0.1504,1.8,-0.623,-0.6963,-0.7197,0.0,0.0,-0.7056,0.0,-0.1869,-0.781,0.0922,-2.812,0.0,-0.5,-1.5,0.6035,-0.4412,-0.6494,0.0,1.0,0.0,0.0,0.0,-6.73,0.0288231999999999,-0.0140338242053985,-1.9318661757946007,-0.0014237464078552104
0.2532,-0.5327,-0.6157,-0.2391,-0.2148,-0.1428,-0.3088,0.0,0.0,0.7563,0.7075,0.2223,0.0,-0.0855,0.6045,-0.3887,-0.3032,-0.5703,0.2522,0.3188999999999999,-0.4077,-1.945,0.1504,1.8,-0.6963,-0.719,0.0,0.0,-0.705,0.0,-0.1837,-0.5723,-0.05527,0.1858,1.0,-0.5,-1.0,0.4495,-0.2491,-0.5513,1.0,0.0,0.0,0.0,0.0,0.6104,-0.2911279999999999,-0.0197348520159721,0.3386348520159721,-0.002002121749286697
0.2856,-0.697,-0.6606,-0.2454,0.522,-0.2856,-0.3171,0.0,0.0,0.823,0.7715,0.2026,0.0,-0.0851,-0.1544,-0.4106,-0.3308,-0.7744,0.2487,-0.5259,-0.409,0.3186,-1.945,0.1504,-0.6987,-0.7188,0.0,0.0,-0.705,0.0,-0.1893,-0.6606,0.005352,-0.1357,1.0,-0.5,-1.0,0.653,-0.4421,-0.774,0.0,1.0,0.0,0.0,0.0,-0.442,-0.128024,-0.0026335841976106,-0.5232664158023894,-0.0002671799209006742
0.3616,-0.8594,-0.7046,-0.2515,0.4155,-0.4285,-0.3252,0.0,0.0,0.8945,0.8325,0.183,0.0,-0.0846,0.531,-0.4216,-0.3652,-0.9663,0.244,-0.5346,-0.4033,-0.526,0.3186,-1.945,-0.7,-0.7188,0.0,0.0,-0.7056,0.0,-0.1948,-0.6772,0.014755,-0.2076,0.0,-0.5,-1.0,0.84,-0.628,-0.956,0.0,2.0,0.0,0.0,0.0,-0.687,-0.7445320000000004,-0.0036952239461243,-0.5309047760538756,-0.0003748844037458595
0.4763,-1.262,-0.796,-0.2588,0.6855,-0.5713,-0.3333,0.0,0.0,1.046,0.9697,0.1437,0.0,-0.08417,0.5933,-0.413,-0.4033,-1.381,0.2369,-1.0879,-0.373,-0.5347,-0.526,0.3186,-0.7026,-0.719,0.0,0.0,-0.7065,0.0,-0.2059,-0.755,0.06555,-0.5254,-1.0,-0.5,-1.0,1.288,-1.017,-1.148,0.0,3.0,0.0,0.0,0.0,-1.768,-0.0329999999999999,-0.0108329430222511,-1.077067056977749,-0.0010990136037543597
0.3564,-1.092,-0.782,-0.2673,-0.02055,-0.7144,-0.3416,0.0,0.0,1.015,0.957,0.1476,0.0,-0.0837,-0.4004,-0.383,-0.4192,-1.165,0.2229,0.1127,-0.3738,-1.088,-0.5347,-0.526,-0.707,-0.719,0.0,0.0,-0.709,0.0,-0.205,-0.8706,0.1486,0.06128,0.0,-0.5,-1.0,1.126,-0.881,-1.02,1.0,0.0,0.0,0.0,0.0,0.2135,0.2061899999999999,-0.0112282261252403,0.1239282261252403,-0.0011391154954219385
0.3362,-1.081,-0.797,-0.275,0.12213,-0.857,-0.3496,0.0,0.0,1.036,0.9824,0.1396,0.0,-0.08325,-0.1104,-0.351,-0.421,-1.159,0.214,-0.2244,-0.3684,0.11255,-1.088,-0.5347,-0.712,-0.719,0.0,0.0,-0.7114,0.0,-0.2073,-0.842,0.1268,-0.11505,-1.0,-0.5,-1.0,1.13,-0.902,-0.982,0.0,1.0,0.0,0.0,0.0,-0.3994,0.35893,0.0236262511461973,-0.2480262511461973,0.002396908334332971
0.273,-0.931,-0.782,-0.281,-0.02655,-0.857,-0.3577,0.0,0.0,1.009,0.9644,0.1437,0.0,-0.0828,-0.6807,-0.3242,-0.4138,-1.045,0.2089,0.11314,-0.3618,-0.2244,0.11255,-1.088,-0.7144,-0.719,0.0,0.0,-0.713,0.0,-0.2063,-0.749,0.06116,0.03683,0.0,0.0,-0.5,0.97,-0.7925,-0.8535,1.0,0.0,0.0,0.0,0.0,0.1288,0.12938,0.0011099758557975,0.1120300241442024,0.00011260823239397484
0.2277,-0.8535,-0.7773,-0.2852,0.03555,-0.857,-0.366,0.0,0.0,0.997,0.96,0.1437,0.0,-0.08234,-0.539,-0.305,-0.4028,-0.9927,0.2046,0.0001,-0.3604,0.113,-0.2244,0.11255,-0.717,-0.719,0.0,0.0,-0.715,0.0,-0.2063,-0.644,-0.01362,0.0,0.0,-0.5,-0.5,0.8486,-0.7705,-0.781,0.0,0.0,0.0,0.0,0.0,0.0,-0.188438,-0.013127495534718,0.013227495534718,-0.0013317983992203887
0.1622,-0.9395,-0.8105,-0.293,0.252,-0.857,-0.374,0.0,0.0,1.045,1.0205,0.1279,0.0,-0.0819,-0.09827,-0.2905,-0.3872,-1.119,0.1981,-0.4503,-0.354,0.0,0.113,-0.2244,-0.719,-0.7197,0.0,0.0,-0.717,0.0,-0.2107,-1.022,0.2544,-0.1192,0.0,-1.0,-1.0,0.961,-0.9165,-0.8286,0.0,1.0,0.0,0.0,0.0,-0.4153,0.5693559999999999,-0.0114665236324071,-0.4388334763675928,-0.0011632910312462414
0.1026,-0.542,-0.7476,-0.2969,-0.3616,-0.857,-0.382,0.0,0.0,0.94,0.922,0.1515,0.0,-0.0815,0.0182,-0.283,-0.3708,-0.758,0.194,0.6856,-0.3535,-0.4502,0.0,0.113,-0.72,-0.72,0.0,0.0,-0.7183,0.0,-0.2042,-0.685,0.0164,0.1469,0.0,-0.5,-0.5,0.5986,-0.541,-0.5806,1.0,0.0,0.0,0.0,0.0,0.5186,0.9316668,-0.0188989099115133,0.7044989099115133,-0.0019173145327376745
0.05515,0.11035,-0.624,-0.2944,-1.38,-0.7144,-0.3901,1.0,0.0,0.7524,0.7363,0.1987,0.0,-0.081,0.6416,-0.2834,-0.357,-0.1067,0.1917,1.3421,-0.3662,0.685,-0.4502,0.0,-0.7183,-0.72,0.0,0.0,-0.719,0.0,-0.191,-0.1945,-0.328,0.6157,1.0,-0.5,0.0,-0.006927,0.02403,-0.1493,2.0,0.0,1.0,0.0,7.195,2.13,0.0238816,0.0061953230760991,1.335904676923901,0.000628522122409479
0.03494,-0.305,-0.714,-0.3,-2.182,-0.857,-0.3984,0.0,0.0,0.883,0.874,0.1594,0.0,-0.08057,0.4282,-0.2932,-0.344,-0.5483,0.1858,-1.0729,-0.373,1.342,0.685,-0.4502,-0.7183,-0.7207,0.0,0.0,-0.72,0.0,-0.2021,-0.9365,0.1971,-0.3467,0.0,-0.5,-0.5,0.4949,-0.392,-0.461,0.0,1.0,0.0,0.0,0.0,-1.151,-0.2791479999999999,-0.0083105973899364,-1.0645894026100635,-0.0008431189537418645
0.05267,-0.4324,-0.7554,-0.308,0.742,-1.0,-0.4065,0.0,0.0,0.948,0.9385,0.1396,0.0,-0.0801,0.3157,-0.2954,-0.3286,-0.6206,0.171,-0.5549000000000001,-0.374,-1.073,1.342,0.685,-0.7183,-0.721,0.0,0.0,-0.7217,0.0,-0.2078,-1.07,0.2903,-0.2537,0.0,-0.5,-1.0,0.616,-0.6855,-0.592,0.0,2.0,0.0,0.0,0.0,-0.871,-0.5042519999999999,-0.0250829365104436,-0.5298170634895564,-0.0025446906155106937
-0.00982,-0.7686,-0.8276,-0.313,1.156,-1.0,-0.4146,0.0,0.0,1.06,1.063,0.1082,0.0,-0.07965,-0.2235,-0.2788,-0.3098,-0.811,0.1531,-0.9042,-0.3643,-0.555,-1.073,1.342,-0.719,-0.722,0.0,0.0,-0.723,0.0,-0.2167,-0.8794,0.1499,-0.4622,0.0,-0.5,-1.0,0.984,-1.0,-0.7944,0.0,3.0,0.0,0.0,0.0,-1.616,0.1666495199999999,0.016823872923851,-0.921023872923851,0.0017067998209875847
0.0998,-1.274,-0.938,-0.3218,0.919,-1.0,-0.4229,0.0,0.0,1.258,1.25,0.06104,0.0,-0.0792,1.352,-0.2551,-0.2896,-1.255,0.1372,-1.3954,-0.3506,-0.904,-0.555,-1.073,-0.722,-0.7246,0.0,0.0,-0.7256,0.0,-0.23,-1.194,0.3691,-0.9854,-1.0,-1.0,-1.5,1.569,-1.506,-1.062,0.0,4.0,0.0,0.0,0.0,-3.545,0.328516,-0.0023243245668709,-1.393075675433129,-0.00023580520208448007
0.1469,-0.5747,-0.823,-0.3257,-0.4932,-1.0,-0.431,0.0,0.0,1.064,1.043,0.1043,0.0,-0.07874,1.394,-0.2379,-0.2732,-0.543,0.1288,1.3381,-0.35,-1.3955,-0.904,-0.555,-0.7227,-0.726,0.0,0.0,-0.727,0.0,-0.2179,-0.719,0.03503,0.6587,-1.0,-0.5,-1.0,0.9033,-0.744,-0.6455,1.0,0.0,0.0,0.0,0.0,2.479,-0.8192940000000002,0.0360555201768875,1.3020444798231126,0.0036578709112978355
0.2012,-1.017,-0.9146,-0.331,1.089,-1.0,-0.439,0.0,0.0,1.224,1.198,0.06494,0.0,-0.0783,-0.02864,-0.2262,-0.2605,-0.988,0.121,-1.1669,-0.3362,1.337,-1.3955,-0.904,-0.7256,-0.728,0.0,0.0,-0.729,0.0,-0.229,-0.803,0.0903,-0.4324,-1.0,-1.0,-1.0,1.354,-1.195,-0.8647,0.0,1.0,0.0,0.0,0.0,-1.562,-0.025372,-5.554815288633108e-06,-1.1668944451847114,-5.63541925403933e-07
0.1283,-0.941,-0.908,-0.3335,0.04742,-1.0,-0.4473,0.0,0.0,1.207,1.192,0.06494,0.0,-0.0779,-0.1809,-0.2196,-0.2542,-0.9062,0.11487,0.0001,-0.3503,-1.167,1.337,-1.3955,-0.73,-0.73,0.0,0.0,-0.7314,0.0,-0.2291,-0.6245,-0.03723,0.0,-1.0,-1.0,-1.0,1.24,-1.085,-0.8203,0.0,0.0,0.0,0.0,0.0,0.0,1.0744120000000004,0.0079887360334396,-0.0078887360334396,0.0008104657764301915
0.1908,-0.1294,-0.764,-0.3325,-0.8755,-1.0,-0.4553,0.0,0.0,0.9727,0.941,0.12006,0.0,-0.0774,0.633,-0.2136,-0.2517,-0.0912,0.1121,1.6961,-0.3906,0.0,-1.167,1.337,-0.7314,-0.731,0.0,0.0,-0.7334,0.0,-0.2137,-0.2546,-0.2944,0.9814,0.0,-0.5,-1.0,0.5117,-0.1951,-0.3323,1.0,0.0,1.0,0.0,6.105,3.678,0.1618119999999999,-0.0003506917855702,1.6964506917855702,-3.5578055037758975e-05
0.1995,0.099,-0.7188,-0.33,-4.94,-0.857,-0.4634,1.0,0.0,0.9033,0.868,0.1357,0.0,-0.07697,0.3213,-0.2117,-0.2495,0.1643,0.10986,0.4603,-0.4026,1.695,0.0,-1.167,-0.7314,-0.732,0.0,0.0,-0.734,0.0,-0.2094,-0.1169,-0.3909,0.2063,1.0,-0.5,-0.5,0.3179,0.037,-0.1385,2.0,0.0,0.0,0.0,0.0,0.7344,-0.3129239999999999,0.0020830663852393,0.4582169336147606,0.00021132930268340754
0.3225,-0.3103,-0.7925,-0.33,-2.293,-0.857,-0.4714,0.0,0.0,1.028,0.9766,0.1043,0.0,-0.07654,0.0736,-0.2162,-0.2507,-0.2542,0.1079,-0.9069,-0.4197,0.46,1.695,0.0,-0.7314,-0.7334,0.0,0.0,-0.7354,0.0,-0.2183,-0.3035,-0.2615,-0.2935,0.0,-1.0,-1.0,0.7427,-0.29,-0.4426,0.0,1.0,0.0,0.0,0.0,-1.03,0.0261584,-0.0145555697381496,-0.8923444302618504,-0.0014766780476703314
0.325,-0.3755,-0.806,-0.3306,0.4375,-0.857,-0.4797,0.0,0.0,1.051,0.9995,0.09644,0.0,-0.07605,-0.656,-0.2272,-0.2559,-0.336,0.1058,-0.2334,-0.4316,-0.9067,0.46,1.695,-0.7305,-0.735,0.0,0.0,-0.737,0.0,-0.2206,-0.3406,-0.2361,-0.06003,0.0,-1.0,-1.0,0.792,-0.3596,-0.501,0.0,2.0,0.0,0.0,0.0,-0.2167,0.294672,0.0087362602353096,-0.2421362602353096,0.0008863029026204883
0.5713,-1.188,-0.9595,-0.3347,3.086,-0.857,-0.4878,0.0,0.0,1.334,1.251,0.0335,0.0,-0.0756,1.266,-0.2389,-0.2625,-1.13,0.0982,-1.8819,-0.4192,-0.2334,-0.9067,0.46,-0.7324,-0.737,0.0,0.0,-0.7383,0.0,-0.2383,-0.5366,-0.10394,-1.219,0.0,-1.0,-1.0,1.655,-1.083,-1.123,0.0,3.0,0.0,1.0,-6.91,-4.43,-0.8069640000000001,0.0391255281865596,-1.92102552818656,0.003969326492605173
0.7324,-1.503,-1.032,-0.342,0.4365,-0.857,-0.4958,0.0,0.0,1.482,1.378,0.002033,0.0,-0.07513,1.347,-0.2522,-0.2678,-1.443,0.0877,-0.9994,-0.3887,-1.881,-0.2334,-0.9067,-0.735,-0.7383,0.0,0.0,-0.74,0.0,-0.2472,-0.7827,0.0679,-0.631,-1.0,-1.0,-1.5,1.976,-1.438,-1.208,0.0,4.0,0.0,0.0,0.0,-2.438,0.349628,-0.0181755535304546,-0.9812244464695454,-0.0018439292577008604
0.6567,-1.097,-0.9844,-0.3523,-0.1715,-1.0,-0.504,0.0,0.0,1.387,1.291,0.01776,0.0,-0.0747,0.8267,-0.2673,-0.2666,-1.024,0.07367,0.5161,-0.3735,-0.999,-1.881,-0.2334,-0.7363,-0.74,0.0,0.0,-0.7417,0.0,-0.2428,-0.9873,0.2157,0.294,-1.0,-0.5,-1.5,1.559,-1.092,-0.925,1.0,0.0,0.0,0.0,0.0,1.173,-0.217912,-0.0131010739132761,0.5292010739132762,-0.0013291178975932453
0.7065,-1.175,-1.018,-0.3606,0.2153,-1.0,-0.512,0.0,0.0,1.453,1.352,0.002033,0.0,-0.0743,0.8604,-0.2864,-0.2634,-1.13,0.0646,-0.5079,-0.356,0.5156,-0.999,-1.881,-0.74,-0.742,0.0,0.0,-0.743,0.0,-0.2473,-0.9146,0.162,-0.2383,-1.0,-1.0,-1.5,1.669,-1.203,-0.937,0.0,1.0,0.0,0.0,0.0,-0.9355,0.6664640000000002,-0.03347023203969,-0.47442976796031,-0.003395590677148279
0.677,-0.706,-0.95,-0.3655,-0.3245,-1.0,-0.5205,0.0,0.0,1.325,1.225,0.02563,0.0,-0.0738,0.8105,-0.299,-0.262,-0.6763,0.05725,0.7741,-0.3506,-0.5073,0.5156,-0.999,-0.7437,-0.7437,0.0,0.0,-0.7446,0.0,-0.2407,-0.6836,0.0,0.2477,0.0,-0.5,-1.0,1.196,-0.749,-0.674,1.0,0.0,0.0,0.0,0.0,0.988,-0.346258,0.019050970673561,0.7550490293264389,0.0019327412589508941
0.863,-1.176,-1.043,-0.3706,0.936,-1.0,-0.5283,0.0,0.0,1.516,1.39,-0.0137,0.0,-0.07336,1.554,-0.298,-0.2617,-1.148,0.0491,-1.2599,-0.3364,0.7734,-0.5073,0.5156,-0.7476,-0.746,0.0,0.0,-0.7466,0.0,-0.2517,-0.713,0.0159,-0.5737,0.0,-0.5,-1.0,1.673,-1.241,-0.888,0.0,1.0,0.0,0.0,0.0,-2.236,-0.4032799999999999,0.0157171785831451,-1.2756171785831452,0.0015945245017935767
0.871,-1.437,-1.097,-0.374,0.3877,-1.0,-0.5366,0.0,0.0,1.622,1.499,-0.0373,0.0,-0.07294,0.6113,-0.2825,-0.26,-1.334,0.0369,-0.7865,-0.316,-1.259,0.7734,-0.5073,-0.752,-0.7485,0.0,0.0,-0.7485,0.0,-0.2585,-0.622,-0.05167,-0.4949,0.0,-1.0,-1.0,1.876,-1.501,-0.9395,0.0,2.0,0.0,0.0,0.0,-2.006,-0.090788,-0.001125241164118,-0.7853747588358819,-0.00011415691417650375
0.717,-1.181,-1.069,-0.3804,-0.06824,-1.0,-0.545,0.0,0.0,1.555,1.454,-0.02943,0.0,-0.07245,0.09314,-0.2656,-0.2605,-1.101,0.02892,0.2689,-0.309,-0.786,-1.259,0.7734,-0.754,-0.7505,0.0,0.0,-0.7505,0.0,-0.2563,-0.881,0.1339,0.1102,0.0,-1.0,-1.0,1.558,-1.28,-0.8,1.0,0.0,0.0,0.0,0.0,0.4583,0.294822,-0.0120579805225133,0.2809579805225133,-0.0012232949624887308
0.667,-0.856,-1.021,-0.3828,-0.1823,-1.0,-0.5527,0.0,0.0,1.457,1.362,-0.0137,0.0,-0.072,0.2566,-0.2517,-0.2668,-0.7896,0.02411,0.5331,-0.3306,0.2686,-0.786,-1.259,-0.7544,-0.7524,0.0,0.0,-0.753,0.0,-0.252,-0.5884,-0.0727,0.2256,1.0,-0.5,-0.5,1.23,-0.8867,-0.6567,2.0,0.0,0.0,0.0,0.0,0.9297,0.4963863999999998,0.0044939215295016,0.5286060784704983,0.0004559131239758475
0.684,-0.3171,-0.9336,-0.383,-0.61,-1.0,-0.561,0.0,0.0,1.297,1.193,0.01776,0.0,-0.07153,0.6675,-0.2428,-0.2776,-0.2622,0.02129,1.0491,-0.3486,0.5327,0.2686,-0.786,-0.7544,-0.754,0.0,0.0,-0.7544,0.0,-0.2433,-0.3662,-0.2275,0.4414,1.0,0.0,0.0,0.663,-0.3916,-0.3806,3.0,0.0,0.0,0.0,0.0,1.79,-0.1700639999999999,-0.0027665537782013,1.0518665537782013,-0.0002806698264281496
0.574,-0.491,-0.9785,-0.3894,0.9214,-1.0,-0.5693,0.0,0.0,1.37,1.287,-0.0019,0.0,-0.0711,-0.433,-0.2354,-0.284,-0.427,0.01213,-0.6349,-0.361,1.048,0.5327,0.2686,-0.755,-0.7554,0.0,0.0,-0.7563,0.0,-0.2488,-0.869,0.1289,-0.2007,1.0,0.0,-0.5,0.902,-0.6147,-0.505,0.0,1.0,0.0,0.0,0.0,-0.788,0.000136,0.007130320649594,-0.6420303206495941,0.0007233786217594294
0.527,-0.4553,-0.9927,-0.3972,0.0401,-1.143,-0.577,0.0,0.0,1.392,1.317,-0.009766,0.0,-0.0707,-0.2622,-0.2318,-0.2842,-0.426,0.00406,-0.2589,-0.3652,-0.6343,1.048,0.5327,-0.756,-0.7563,0.0,0.0,-0.758,0.0,-0.251,-1.041,0.2505,-0.0682,1.0,0.0,-1.0,0.914,-0.7036,-0.53,0.0,2.0,0.0,0.0,0.0,-0.273,0.0205059999999999,-0.0073955827392637,-0.2515044172607362,-0.0007502897431886207
0.4697,-0.3865,-0.996,-0.4026,-0.06274,-1.143,-0.5854,0.0,0.0,1.394,1.329,-0.0137,0.0,-0.0702,-0.423,-0.2356,-0.2805,-0.4011,-0.001564,-0.1304,-0.3618,-0.2588,-0.6343,1.048,-0.756,-0.758,0.0,0.0,-0.7583,0.0,-0.2522,-0.9307,0.1714,-0.02266,0.0,-0.5,-1.0,0.899,-0.697,-0.525,0.0,3.0,0.0,0.0,0.0,-0.09155,0.06776,0.0052212714217603,-0.1356212714217603,0.0005297035449759082
0.5137,-0.2035,-0.9795,-0.4075,-0.508,-1.143,-0.5933,0.0,0.0,1.366,1.293,-0.009766,0.0,-0.06976,0.0658,-0.2494,-0.2776,-0.2744,-0.005684,0.1311999999999999,-0.3696,-0.1305,-0.2588,-0.6343,-0.755,-0.759,0.0,0.0,-0.76,0.0,-0.251,-0.8564,0.11914,0.03726,0.0,0.0,-0.5,0.6826,-0.678,-0.453,1.0,0.0,0.0,0.0,0.0,0.151,-0.0589519999999999,-0.0026921709068119,0.1338921709068119,-0.0002731236049281057
0.365,-0.03595,-0.9526,-0.407,-1.332,-1.0,-0.6016,1.0,0.0,1.305,1.255,-0.0019,0.0,-0.06934,0.03485,-0.267,-0.2751,-0.07135,-0.0106,0.2611,-0.371,0.131,-0.1305,-0.2588,-0.754,-0.76,0.0,0.0,-0.7607,0.0,-0.2489,-0.405,-0.2023,0.09393,0.0,0.0,0.0,0.483,-0.5522,-0.3533,2.0,0.0,0.0,0.0,0.0,0.3794,-0.6796480000000003,-0.0491834543645381,0.3102834543645382,-0.004989713812325283
0.2917,-0.2676,-0.9873,-0.405,-5.324,-1.0,-0.61,0.0,0.0,1.363,1.327,-0.01764,0.0,-0.06885,-0.0888,-0.2864,-0.2744,-0.276,-0.01353,-0.5179,-0.3716,0.261,0.131,-0.1305,-0.7544,-0.761,0.0,0.0,-0.7617,0.0,-0.2534,-0.2788,-0.2942,-0.1581,0.0,0.0,0.0,0.663,-0.736,-0.4595,0.0,1.0,0.0,0.0,0.0,-0.6333,-1.3910519999999995,0.0332107692956924,-0.5511107692956925,0.0033692679055122537
0.483,-1.0,-1.116,-0.4082,4.336,-1.0,-0.6177,0.0,0.0,1.632,1.572,-0.0688,0.0,-0.0684,1.899,-0.2969,-0.275,-0.967,-0.02187,-1.7109,-0.3796,-0.5176,0.261,0.131,-0.7573,-0.7627,0.0,0.0,-0.7637,0.0,-0.2678,-0.798,0.0698,-1.115,0.0,0.0,-0.5,1.428,-1.389,-0.8687,0.0,2.0,0.0,0.0,0.0,-4.54,0.099372,-0.0063309031538665,-1.7045690968461336,-0.0006422768656550022
0.568,-1.283,-1.173,-0.4119,0.4622,-1.0,-0.626,0.0,0.0,1.758,1.688,-0.09235,0.0,-0.06793,1.445,-0.3037,-0.2769,-1.222,-0.03029,-0.8344,-0.397,-1.71,-0.5176,0.261,-0.7603,-0.7646,0.0,0.0,-0.7666,0.0,-0.2744,-0.84,0.09686,-0.366,0.0,-0.5,-0.5,1.687,-1.645,-1.064,0.0,3.0,0.0,0.0,0.0,-1.574,-1.6592000000000002,0.0092746056616306,-0.8436746056616307,0.0009409186193126613
0.983,-2.307,-1.385,-0.4229,1.159,-1.0,-0.6343,0.0,0.0,2.297,2.176,-0.1749,0.0,-0.0675,2.906,-0.3,-0.277,-2.123,-0.04626,-2.4299,-0.3628,-0.834,-1.71,-0.5176,-0.7656,-0.7676,0.0,0.0,-0.7695,0.0,-0.2976,-1.398,0.4856,-1.735,-1.0,-1.0,-1.0,2.836,-2.066,-1.282,0.0,4.0,0.0,0.0,0.0,-6.73,0.6938920000000002,0.0013756123371422,-2.431275612337142,0.00013955733625722042
1.088,-2.023,-1.336,-0.43,-0.05408,-1.0,-0.642,0.0,0.0,2.18,2.04,-0.1592,0.0,-0.0671,2.906,-0.275,-0.2715,-1.729,-0.07007,0.6305,-0.352,-2.428,-0.834,-1.71,-0.7705,-0.77,0.0,0.0,-0.7725,0.0,-0.2932,-1.112,0.2832,0.4421,-1.0,-1.0,-0.5,2.53,-2.066,-1.217,1.0,0.0,0.0,0.0,0.0,2.156,0.0075159999999999,-0.0010779541917145,0.6315779541917145,-0.00010935960047836486
1.016,-1.77,-1.308,-0.4348,-0.0067,-1.0,-0.6504,0.0,0.0,2.105,1.973,-0.1514,0.0,-0.0666,0.677,-0.248,-0.2666,-1.454,-0.07916,0.3091,-0.3335,0.63,-2.428,-0.834,-0.775,-0.7725,0.0,0.0,-0.775,0.0,-0.291,-0.935,0.1576,0.1351,0.0,-0.5,0.0,2.172,-1.953,-1.003,2.0,0.0,0.0,0.0,0.0,0.646,-0.240024,-0.0091138239949941,0.3182138239949941,-0.000924607148043509
1.054,-1.825,-1.333,-0.4414,0.169,-1.0,-0.6587,0.0,0.0,2.172,2.035,-0.1632,0.0,-0.06616,0.3142,-0.2219,-0.26,-1.502,-0.089,-0.4591,-0.311,0.3088,0.63,-2.428,-0.7803,-0.7744,0.0,0.0,-0.777,0.0,-0.2944,-1.066,0.2502,-0.2021,0.0,-0.5,-0.5,2.201,-1.983,-0.954,0.0,1.0,0.0,0.0,0.0,-0.957,-0.9130000000000004,-0.0259711481630802,-0.4331288518369198,-0.00263480063337525
1.113,-2.174,-1.412,-0.4517,0.3464,-1.0,-0.6665,0.0,0.0,2.38,2.24,-0.1946,0.0,-0.06573,0.1997,-0.1978,-0.2493,-1.871,-0.10046,-1.2419,-0.2854,-0.459,0.3088,0.63,-0.786,-0.7764,0.0,0.0,-0.7793,0.0,-0.3032,-1.345,0.4443,-0.3838,0.0,-0.5,-1.0,2.617,-2.066,-1.018,0.0,2.0,0.0,0.0,0.0,-1.844,-1.0919239999999997,0.0083132367581129,-1.250213236758113,0.0008433867204535819
1.207,-2.307,-1.512,-0.4673,0.3489,-1.0,-0.675,0.0,0.0,2.67,2.523,-0.234,0.0,-0.06525,1.105,-0.1727,-0.2341,-2.123,-0.1165,-1.6149,-0.2489,-1.241,-0.459,0.3088,-0.7915,-0.7793,0.0,0.0,-0.7817,0.0,-0.3142,-1.473,0.7583,-0.5186,0.0,-1.0,-1.5,2.836,-2.066,-1.079,0.0,3.0,0.0,0.0,0.0,-2.592,-0.942472,0.0014814469031989,-1.616381446903199,0.00015029436566878863
1.387,-2.307,-1.562,-0.4836,0.2256,-1.0,-0.683,0.0,0.0,2.691,2.582,-0.2615,0.0,-0.0648,1.196,-0.1445,-0.217,-2.123,-0.1316,-1.1909,-0.2169,-1.614,-1.241,-0.459,-0.797,-0.7817,0.0,0.0,-0.785,0.0,-0.322,-1.473,0.763,-0.3843,-1.0,-1.5,-1.5,2.836,-2.066,-1.064,0.0,4.0,0.0,0.0,0.0,-2.021,0.077236,-0.0009947982616722,-1.1899052017383278,-0.00010092334283705562
1.528,-2.307,-1.562,-0.4998,0.0526,-1.0,-0.691,0.0,0.0,2.691,2.582,-0.2654,0.0,-0.06433,1.656,-0.11395,-0.1973,-2.123,-0.1476,-0.1767,-0.1864,-1.19,-1.614,-1.241,-0.8,-0.784,0.0,0.0,-0.788,0.0,-0.323,-1.473,0.7583,-0.0688,-2.0,-1.5,-1.5,2.836,-2.066,-0.949,0.0,5.0,0.0,0.0,0.0,-0.376,0.217748,-0.0267904736101627,-0.1499095263898373,-0.002717922072341212
1.503,-2.146,-1.553,-0.5146,-0.06137,-1.0,-0.699,0.0,0.0,2.691,2.582,-0.2556,0.0,-0.0639,0.0748,-0.0887,-0.1764,-2.031,-0.1595,0.4443999999999999,-0.164,-0.1766,-1.19,-1.614,-0.803,-0.787,0.0,0.0,-0.791,0.0,-0.3203,-1.473,0.674,0.1687,-1.0,-1.0,-1.0,2.836,-2.066,-0.8086,1.0,0.0,0.0,0.0,0.0,0.9277,1.606836,0.0163651704788208,0.4280348295211791,0.0016602639695455436
1.439,-0.5776,-1.354,-0.5244,-0.678,-1.0,-0.7075,0.0,0.0,2.252,2.055,-0.1848,0.0,-0.0635,1.56,-0.0724,-0.1573,-0.52,-0.1692,2.7441000000000004,-0.1646,0.444,-0.1766,-1.19,-0.804,-0.79,0.0,0.0,-0.7925,0.0,-0.3005,-1.048,0.2338,1.578,0.0,-0.5,-1.0,1.434,-0.637,-0.4463,2.0,0.0,1.0,0.0,9.375,7.785,-0.269312,-0.0071028214879333,2.751202821487934,-0.0007205888025298006
1.512,-0.5093,-1.373,-0.5356,-0.01367,-1.143,-0.7153,0.0,0.0,2.309,2.102,-0.1946,0.0,-0.063,0.783,-0.0649,-0.1417,-0.5312,-0.1787,-0.3989,-0.1697,2.744,0.444,-0.1766,-0.805,-0.792,0.0,0.0,-0.795,0.0,-0.3032,-1.139,0.2976,-0.1692,0.0,-0.5,-1.5,1.514,-0.729,-0.454,0.0,1.0,0.0,0.0,0.0,-0.835,0.254928,0.0023894137702882,-0.4012894137702882,0.00024240857107351798
1.513,-0.1203,-1.345,-0.545,-0.838,-1.143,-0.7236,0.0,0.0,2.238,2.027,-0.1868,0.0,-0.06256,0.763,-0.071,-0.1313,-0.2411,-0.1859,0.3231,-0.189,-0.3987,2.744,0.444,-0.805,-0.7944,0.0,0.0,-0.797,0.0,-0.301,-1.029,0.2205,0.08014,1.0,-0.5,-1.0,1.19,-0.5845,-0.3818,1.0,0.0,0.0,0.0,0.0,0.4006,-0.914632,-0.0237066559493541,0.3468066559493541,-0.0024050654872225423
1.543,-0.6123,-1.437,-0.5527,13.62,-1.143,-0.732,0.0,0.0,2.48,2.273,-0.2222,0.0,-0.0621,1.278,-0.081,-0.1205,-0.6855,-0.1989,-1.4389,-0.202,0.323,-0.3987,2.744,-0.8047,-0.7964,0.0,0.0,-0.8,0.0,-0.311,-0.9775,0.1792,-0.529,1.0,-1.0,-1.0,1.797,-1.12,-0.5146,0.0,1.0,0.0,0.0,0.0,-2.615,-0.117504,-0.0094884056597948,-1.4294115943402053,-0.000962608856765446
1.408,-0.4302,-1.429,-0.558,-0.2334,-1.143,-0.7397,0.0,0.0,2.45,2.264,-0.2222,0.0,-0.06165,0.2264,-0.0992,-0.1115,-0.5,-0.2085,0.0001,-0.2185,-1.438,0.323,-0.3987,-0.803,-0.7983,0.0,0.0,-0.8022,0.0,-0.311,-0.8916,0.1178,0.0,0.0,-1.0,-1.0,1.497,-1.176,-0.4766,0.0,0.0,0.0,0.0,0.0,0.0,-0.160236,-0.0147704798728227,0.0148704798728227,-0.0014984809096539385
1.059,0.1593,-1.345,-0.5557,-1.672,-1.0,-0.748,1.0,0.0,2.201,2.064,-0.1946,0.0,-0.06122,0.1743,-0.1218,-0.10815,0.1324,-0.2125,1.1721,-0.2434,0.0,-1.438,0.323,-0.8013,-0.8,0.0,0.0,-0.804,0.0,-0.3032,-0.2375,-0.3455,0.5737,0.0,-0.5,-0.5,0.908,-0.5254,-0.295,1.0,0.0,1.0,0.0,7.027,2.97,1.004088,-0.0188573040068149,1.1909573040068149,-0.0019130935694070149
0.67,0.733,-1.262,-0.552,2.68,-0.857,-0.756,1.0,0.0,1.966,1.887,-0.1671,0.0,-0.06076,-0.07025,-0.1412,-0.1131,0.667,-0.2115,1.1311,-0.2776,1.172,0.0,-1.438,-0.7983,-0.8013,0.0,0.0,-0.806,0.0,-0.2957,-0.1495,-0.4048,0.4355,1.0,0.0,-0.5,0.4255,0.0419,-0.091,2.0,0.0,0.0,0.0,0.0,2.176,-0.5647880000000002,-0.0178358722478151,1.1489358722478151,-0.001809468229908621
0.683,0.4592,-1.299,-0.5503,-0.2257,-0.7144,-0.764,1.0,0.0,2.057,1.978,-0.1829,0.0,-0.0603,0.353,-0.1681,-0.12384,0.421,-0.2148,-0.6239,-0.325,1.13,1.172,0.0,-0.798,-0.8027,0.0,0.0,-0.808,0.0,-0.3,-0.309,-0.293,-0.2063,0.0,0.0,-1.0,0.6875,-0.2002,-0.137,0.0,1.0,0.0,0.0,0.0,-0.9956,1.964556,0.0255261305719614,-0.6494261305719614,0.0025896531249331787
0.651,1.861,-1.088,-0.5425,2.904,-0.5713,-0.7725,1.0,0.0,1.587,1.499,-0.11005,0.0,-0.05984,1.317,-0.2083,-0.1456,1.724,-0.2075,2.7441000000000004,-0.366,-0.624,1.13,1.172,-0.7954,-0.8037,0.0,0.0,-0.809,0.0,-0.2798,0.2096,-0.6543,2.39,1.0,0.5,-0.5,-0.3994,1.037,0.547,1.0,0.0,1.0,0.0,9.375,7.785,-1.029816,-0.0019201566465198,2.7460201566465203,-0.00019480193623561522
0.8237,0.953,-1.197,-0.535,-0.3662,-0.4285,-0.7803,1.0,0.0,1.832,1.723,-0.1514,0.0,-0.05942,1.062,-0.256,-0.1742,0.801,-0.203,-1.5299,-0.3938,2.744,-0.624,1.13,-0.794,-0.8047,0.0,0.0,-0.81,0.0,-0.2913,0.147,-0.6147,-0.8774,1.0,0.0,-0.5,0.3037,0.349,0.264,0.0,1.0,0.0,0.0,0.0,-3.955,-0.6756919999999998,-0.014936352148652,-1.514963647851348,-0.0015153088286458186
0.8765,0.3127,-1.269,-0.5273,-0.5283,-0.2856,-0.7886,1.0,0.0,1.999,1.886,-0.179,0.0,-0.05896,0.5444,-0.303,-0.209,0.2006,-0.2004,-1.0709,-0.4175,-1.529,2.744,-0.624,-0.7925,-0.8057,0.0,0.0,-0.811,0.0,-0.299,0.2225,-0.672,-0.3555,0.0,-0.5,-0.5,0.768,-0.1053,0.0479,0.0,2.0,0.0,0.0,0.0,-1.683,0.198592,-0.0261875912547111,-1.0447124087452888,-0.002656759015474409
0.841,0.1185,-1.272,-0.5176,-0.3933,-0.1428,-0.797,1.0,0.0,2.006,1.9,-0.1829,0.0,-0.0585,0.353,-0.3474,-0.2449,0.04065,-0.1963,-0.1582,-0.4182,-1.071,-1.529,2.744,-0.7915,-0.807,0.0,0.0,-0.8115,0.0,-0.3,0.3884,-0.791,-0.0415,-1.0,-0.5,-0.5,0.8037,-0.1368,0.007156,0.0,3.0,0.0,0.0,0.0,-0.2032,-0.88434624,0.0157869439572095,-0.1739869439572096,0.0016016022732736168
0.8887,-0.656,-1.366,-0.5093,-4.008,-0.1428,-0.8047,0.0,0.0,2.24,2.133,-0.2183,0.0,-0.05804,0.4282,-0.3828,-0.2751,-0.743,-0.1918,-1.4329,-0.4202,-0.1583,-1.07,-1.529,-0.792,-0.8086,0.0,0.0,-0.812,0.0,-0.31,0.1716,-0.6406,-0.4092,-1.0,-1.0,-0.5,1.458,-0.66,-0.3748,0.0,4.0,0.0,0.0,0.0,-2.014,0.80148576,0.0270633976906538,-1.459963397690654,0.002745610510897177
0.9624,-0.1984,-1.279,-0.4998,-0.718,-0.1428,-0.813,0.0,0.0,2.033,1.907,-0.1907,0.0,-0.05762,1.985,-0.4097,-0.3079,-0.2666,-0.1885,1.1661,-0.4258,-1.432,-0.1583,-1.07,-0.793,-0.81,0.0,0.0,-0.8125,0.0,-0.3025,0.2554,-0.697,0.618,-1.0,-0.5,-0.5,0.784,-0.1786,-0.02318,1.0,0.0,0.0,0.0,0.0,3.186,-0.19676,0.000396050105337,1.1657039498946629,4.017970487241256e-05
0.68,-0.1901,-1.271,-0.4958,0.05756,-0.1428,-0.8213,0.0,0.0,1.992,1.911,-0.1907,0.0,-0.05716,-0.4387,-0.4282,-0.3428,-0.2844,-0.1876,0.0001,-0.4292,1.166,-1.432,-0.1583,-0.7935,-0.8115,0.0,0.0,-0.813,0.0,-0.3025,-0.133,-0.4194,0.0,-1.0,-0.5,-1.0,0.729,-0.162,-0.003963,0.0,0.0,0.0,0.0,0.0,0.0,0.19956,0.0049796844832599,-0.0048796844832599,0.000505194292840459
0.54,-0.1231,-1.253,-0.491,-0.5244,-0.1428,-0.829,0.0,0.0,1.937,1.878,-0.1868,0.0,-0.0567,-0.844,-0.4368,-0.3784,-0.208,-0.1876,0.1609,-0.4287,0.0,1.166,-1.432,-0.796,-0.813,0.0,0.0,-0.8125,0.0,-0.3013,-0.0421,-0.484,0.0242,0.0,-0.5,-0.5,0.6216,-0.0697,0.03992,1.0,0.0,0.0,0.0,0.0,0.12036,0.2027128,0.0109153194352984,0.1499846805647015,0.0011073707785665518
0.4387,-0.08685,-1.239,-0.486,-0.793,-0.1428,-0.8374,0.0,0.0,1.8955,1.852,-0.1848,0.0,-0.05624,-0.4448,-0.4377,-0.4104,-0.1769,-0.1873,0.08006,-0.4321,0.1606,0.0,1.166,-0.797,-0.8145,0.0,0.0,-0.812,0.0,-0.3008,-0.0812,-0.4558,0.01479,1.0,-0.5,-0.5,0.498,-0.08575,0.037,2.0,0.0,0.0,0.0,0.0,0.0732,0.34324176,0.0232952125370502,0.0567647874629497,0.0023633241149686396
0.3447,-0.3926,-1.27,-0.479,18.77,-0.1428,-0.8457,0.0,0.0,1.959,1.933,-0.1986,0.0,-0.05582,-0.4304,-0.432,-0.4375,-0.4827,-0.1853,-0.5585,-0.4458,0.07996,0.1606,0.0,-0.7974,-0.816,0.0,0.0,-0.8115,0.0,-0.3047,0.0771,-0.5703,-0.0995,1.0,-0.5,-0.5,0.744,-0.27,-0.1849,0.0,1.0,0.0,0.0,0.0,-0.491,0.21337296,-0.0237081088125705,-0.5347918911874294,-0.002405212881742751
0.2834,-0.2087,-1.226,-0.4712,-0.4978,-0.1428,-0.8535,0.0,0.0,1.854,1.834,-0.1868,0.0,-0.05536,-0.2418,-0.4268,-0.4556,-0.3477,-0.1803,0.4871,-0.4646,-0.558,0.07996,0.1606,-0.798,-0.8174,0.0,0.0,-0.8105,0.0,-0.3013,0.1531,-0.6235,0.0926,1.0,-0.5,0.0,0.4727,-0.06384,-0.0688,1.0,0.0,0.0,0.0,0.0,0.4648,0.2255149599999999,-0.0272964015603065,0.5143964015603065,-0.002769249001559386
0.2037,0.4265,-1.115,-0.4639,-5.19,-0.1428,-0.862,1.0,0.0,1.607,1.594,-0.1514,0.0,-0.0549,0.7007,-0.4253,-0.4658,0.2742,-0.1772,1.4391,-0.4783,0.4868,-0.558,0.07996,-0.7954,-0.818,0.0,0.0,-0.809,0.0,-0.2915,0.2007,-0.653,0.52,2.0,0.0,0.0,-0.097,0.5366,0.4893,2.0,0.0,0.0,0.0,0.0,2.572,-0.4534080000000001,0.0009719390072859,1.438128060992714,9.860424714065779e-05
0.264,0.04565,-1.166,-0.4602,-0.668,-0.1428,-0.87,1.0,0.0,1.718,1.698,-0.171,0.0,-0.05444,0.3296,-0.4277,-0.4697,-0.1073,-0.177,-0.7649,-0.4775,1.438,0.4868,-0.558,-0.795,-0.8184,0.0,0.0,-0.809,0.0,-0.2969,-0.122,-0.425,-0.1852,1.0,0.0,-0.5,0.2603,0.1942,0.11536,0.0,1.0,0.0,0.0,0.0,-0.877,0.3631960000000001,-0.0332258008420467,-0.7316741991579533,-0.0033707928718944183
0.2788,-0.3298,-1.215,-0.4563,-3.027,-0.2856,-0.878,0.0,0.0,1.827,1.808,-0.1907,0.0,-0.05402,-0.03476,-0.44,-0.469,-0.4934,-0.1766,-0.7839,-0.478,-0.7646,1.438,0.4868,-0.795,-0.819,0.0,0.0,-0.809,0.0,-0.3025,-0.1488,-0.4082,-0.1471,0.0,0.0,-0.5,0.4856,-0.2551,-0.2461,0.0,2.0,0.0,0.0,0.0,-0.7134,0.503376,0.0307823903858661,-0.8146823903858662,0.0031229062795452866
0.08435,-0.073,-1.183,-0.4573,-0.971,-0.2856,-0.886,1.0,0.0,1.741,1.751,-0.1829,0.0,-0.05356,0.353,-0.4526,-0.4692,-0.1409,-0.1871,0.3216,-0.478,-0.7837,-0.7646,1.438,-0.7944,-0.819,0.0,0.0,-0.809,0.0,-0.3003,-0.7275,0.005814,0.09875,1.0,0.5,-0.5,0.2622,-0.1692,-0.10626,1.0,0.0,0.0,0.0,0.0,0.491,-0.076784,0.0040512080304324,0.3175487919695675,0.00041099936812544164
-0.03552,-0.1008,-1.186,-0.4558,-3.438,-0.4285,-0.8945,0.0,0.0,1.739,1.769,-0.1868,0.0,-0.0531,-0.4429,-0.461,-0.4695,-0.09094,-0.1936,-0.1591,-0.4849,0.3213,-0.7837,-0.7646,-0.795,-0.8193,0.0,0.0,-0.8086,0.0,-0.3013,-0.4568,-0.1881,-0.0338,0.0,0.0,-0.5,0.2695,-0.2769,-0.2169,0.0,1.0,0.0,0.0,0.0,-0.1664,-0.24792,-0.0087765883654356,-0.1503234116345644,-0.0008903942343602946
-0.093,-0.3076,-1.214,-0.4536,11.45,-0.5713,-0.9023,0.0,0.0,1.796,1.838,-0.1986,0.0,-0.05264,-0.4304,-0.466,-0.4724,-0.2908,-0.1952,-0.4796,-0.4912,-0.159,0.3213,-0.7837,-0.795,-0.8193,0.0,0.0,-0.808,0.0,-0.3047,-0.3118,-0.293,-0.084,-1.0,0.0,-0.5,0.469,-0.4465,-0.4946,0.0,2.0,0.0,0.0,0.0,-0.4153,-0.4363400000000001,-0.0071222600527107,-0.4724777399472892,-0.0007225608656232685
-0.10266,-0.5044,-1.242,-0.4521,1.062,-0.7144,-0.9106,0.0,0.0,1.859,1.904,-0.2103,0.0,-0.05222,-0.003527,-0.4653,-0.4775,-0.4875,-0.1971,-0.4869,-0.488,-0.4795,-0.159,0.3213,-0.7954,-0.8193,0.0,0.0,-0.8086,0.0,-0.308,-0.3872,-0.2407,-0.0783,-1.0,-0.5,-0.5,0.592,-0.675,-0.7036,0.0,3.0,0.0,0.0,0.0,-0.3933,0.579724,-0.0068110437132418,-0.4800889562867582,-0.0006909876366231329
-0.1478,-0.0785,-1.164,-0.4458,-0.9424,-0.5713,-0.9185,1.0,0.0,1.683,1.7295,-0.1868,0.0,-0.05176,0.562,-0.4624,-0.4832,-0.0382,-0.1963,0.9894,-0.489,-0.4868,-0.4795,-0.159,-0.797,-0.8193,0.0,0.0,-0.8086,0.0,-0.3015,0.2603,-0.6997,0.2517,0.0,-0.5,0.0,0.1367,-0.2191,-0.2094,1.0,0.0,0.0,0.0,0.0,1.284,-0.4308,0.0353883914649486,0.9540116085350512,0.0035901899931604464
-0.275,-0.4478,-1.216,-0.443,-14.766,-0.5713,-0.927,0.0,0.0,1.786,1.856,-0.2064,0.0,-0.0513,-0.0099,-0.4604,-0.4927,-0.4668,-0.1941,-0.7999,-0.4863,0.989,-0.4868,-0.4795,-0.798,-0.819,0.0,0.0,-0.809,0.0,-0.307,-0.2795,-0.317,-0.11926,-1.0,-0.5,-0.5,0.5024,-0.51,-0.5723,0.0,1.0,0.0,0.0,0.0,-0.5903,0.2413156,0.0121981184929609,-0.812098118492961,0.0012375121087995803
-0.03815,-1.231,-1.339,-0.4443,2.42,-0.5713,-0.935,0.0,0.0,2.098,2.14,-0.2498,0.0,-0.05084,1.375,-0.4526,-0.4958,-1.178,-0.2018,-1.8049,-0.4954,-0.7993,0.989,-0.4868,-0.8,-0.819,0.0,0.0,-0.8105,0.0,-0.319,-0.6567,-0.0532,-0.865,-1.0,-1.0,-0.5,1.344,-1.1875,-1.282,0.0,2.0,0.0,0.0,0.0,-4.39,0.2982571999999999,0.0001909095444716,-1.805090909544472,1.93679765535439e-05
-0.02039,-0.8525,-1.285,-0.4446,-0.2189,-0.5713,-0.943,0.0,0.0,1.968,2.002,-0.234,0.0,-0.0504,-0.3914,-0.4438,-0.4949,-0.81,-0.2047,0.6954,-0.495,-1.804,-0.7993,0.989,-0.8013,-0.8184,0.0,0.0,-0.8115,0.0,-0.3147,-0.522,-0.1472,0.1345,0.0,-1.0,-0.5,0.9697,-0.738,-0.9746,1.0,0.0,0.0,0.0,0.0,0.723,0.2521056,0.0122022964060306,0.6831977035939694,0.001237935962528846
-0.03745,-0.785,-1.279,-0.4453,0.03992,-0.5713,-0.951,0.0,0.0,1.953,1.989,-0.234,0.0,-0.04996,-0.6055,-0.4358,-0.492,-0.775,-0.2065,0.0001,-0.4893,0.695,-1.804,-0.7993,-0.803,-0.819,0.0,0.0,-0.812,0.0,-0.3147,-0.5435,-0.132,0.0,0.0,-1.0,-1.0,0.8716,-0.696,-0.866,0.0,0.0,0.0,0.0,0.0,0.0,-0.13204,-0.0675491988658905,0.0676491988658905,-0.006852938146525539
-0.003286,-0.885,-1.297,-0.4453,0.2847,-0.5713,-0.9595,0.0,0.0,1.998,2.031,-0.2418,0.0,-0.0495,-0.1661,-0.4285,-0.4868,-0.884,-0.2091,-0.3402,-0.482,0.0,0.695,-1.804,-0.804,-0.8193,0.0,0.0,-0.813,0.0,-0.317,-0.4998,-0.1642,-0.05548,-1.0,-1.0,-1.0,0.947,-0.785,-0.9053,0.0,1.0,0.0,0.0,0.0,-0.292,0.146536,-0.0040572327561676,-0.3361427672438323,-0.00041161058296597695
-0.01181,-0.585,-1.256,-0.4456,-0.2656,-0.5713,-0.9673,0.0,0.0,1.898,1.929,-0.2301,0.0,-0.04904,0.02936,-0.4248,-0.4805,-0.6006,-0.2114,0.5161,-0.4795,-0.34,0.0,0.695,-0.805,-0.8193,0.0,0.0,-0.813,0.0,-0.3135,-0.4998,-0.1627,0.0793,0.0,-1.0,-1.0,0.61,-0.5454,-0.6577,1.0,0.0,0.0,0.0,0.0,0.4216,0.308484,0.0054380293004214,0.5106619706995785,0.0005516938625544441
-0.04745,-0.3232,-1.225,-0.4473,-0.4219,-0.7144,-0.9756,0.0,0.0,1.823,1.857,-0.2222,0.0,-0.0486,0.6475,-0.4219,-0.472,-0.3105,-0.218,0.3384999999999999,-0.4783,0.5156,-0.34,0.0,-0.806,-0.8193,0.0,0.0,-0.8135,0.0,-0.3113,-0.8467,0.086,0.07947,1.0,-0.5,-1.0,0.4023,-0.383,-0.4783,2.0,0.0,0.0,0.0,0.0,0.416,0.6584160000000003,0.034293171018362,0.3042068289816379,0.003479078712741427
-0.1528,0.1266,-1.156,-0.4456,-1.854,-0.7144,-0.984,1.0,0.0,1.665,1.712,-0.2025,0.0,-0.04816,-0.2213,-0.4226,-0.4639,0.1455,-0.2208,0.8375,-0.4788,0.3384,0.5156,-0.34,-0.806,-0.8193,0.0,0.0,-0.8135,0.0,-0.306,-0.429,-0.2098,0.2267,1.0,0.0,-0.5,0.04095,-0.01112,-0.108,3.0,0.0,0.0,0.0,0.0,1.174,0.7941319999999998,-0.0194300599396228,0.8569300599396229,-0.001971200268620143
-0.09894,0.892,-1.027,-0.4395,4.066,-0.5713,-0.9917,1.0,0.0,1.408,1.438,-0.1632,0.0,-0.0477,1.485,-0.4363,-0.4602,0.827,-0.2153,1.6321,-0.4734,0.837,0.3384,0.5156,-0.803,-0.8193,0.0,0.0,-0.8135,0.0,-0.295,0.1725,-0.6343,1.012,2.0,0.5,0.0,-0.5117,0.686,0.559,4.0,0.0,0.0,0.0,0.0,5.11,0.6903208000000001,-0.0600758008658885,1.6921758008658885,-0.006094753962282865
-0.10803,1.824,-0.8633,-0.4304,1.156,-0.5713,-1.0,1.0,0.0,1.111,1.133,-0.11206,0.0,-0.04724,0.3135,-0.443,-0.4614,1.424,-0.1957,2.0181,-0.4465,1.631,0.837,0.3384,-0.7993,-0.819,0.0,0.0,-0.8125,0.0,-0.2805,0.481,-0.848,2.176,3.0,0.5,0.0,-1.092,1.453,1.097,5.0,0.0,1.0,0.0,9.375,7.785,-0.6588260000000002,-0.0116268061101436,2.029726806110144,-0.0011795518592699879
-0.0092,1.3,-0.922,-0.4229,-0.1609,-0.4285,-1.008,1.0,0.0,1.221,1.2295,-0.1337,0.0,-0.0468,0.2595,-0.4404,-0.4624,0.878,-0.1901,-0.8029000000000001,-0.4343,2.018,1.631,0.837,-0.796,-0.8184,0.0,0.0,-0.8115,0.0,-0.2866,0.3103,-0.729,-0.3943,2.0,0.5,0.0,-0.6436,1.033,0.6763,0.0,1.0,0.0,0.0,0.0,-1.781,0.3723199999999999,0.0040240599773824,-0.8069240599773825,0.0004082451692382037
0.02386,1.6,-0.8477,-0.4126,0.3652,-0.2856,-1.017,1.0,0.0,1.096,1.095,-0.11206,0.0,-0.04636,0.4053,-0.432,-0.464,1.195,-0.185,0.8240999999999999,-0.416,-0.8027,2.018,1.631,-0.7915,-0.8184,0.0,0.0,-0.811,0.0,-0.2808,0.543,-0.8926,0.3115,2.0,1.0,0.5,-0.8467,1.266,0.7964,1.0,0.0,0.0,0.0,0.0,1.444,-0.4281104,-0.0162252094596624,0.8403252094596624,-0.0016460647751313886
0.1151,1.01,-0.9136,-0.4036,-0.2413,-0.1428,-1.024,1.0,0.0,1.216,1.204,-0.1356,0.0,-0.0459,0.4517,-0.4197,-0.4656,0.648,-0.1807,-0.8764,-0.412,0.8237,-0.8027,2.018,-0.7886,-0.8184,0.0,0.0,-0.8105,0.0,-0.2874,0.435,-0.8184,-0.3328,1.0,0.5,0.5,-0.402,0.813,0.5015,0.0,1.0,0.0,0.0,0.0,-1.504,-0.4957519999999999,-0.0226256176829338,-0.8537743823170661,-0.0022953930040815708
0.1103,0.5703,-0.968,-0.398,-0.2969,-0.1428,-1.032,1.0,0.0,1.3125,1.305,-0.1553,0.0,-0.04544,-0.2805,-0.4077,-0.4663,0.2234,-0.1785,-0.7509,-0.41,-0.876,0.8237,-0.8027,-0.7866,-0.818,0.0,0.0,-0.8105,0.0,-0.2927,0.1313,-0.604,-0.1548,0.0,0.5,0.0,-0.03867,0.4453,0.266,0.0,2.0,0.0,0.0,0.0,-0.719,1.7245920000000006,0.0056645530276,-0.7565645530276001,0.0005746749358630609
0.1608,1.501,-0.789,-0.3865,1.658,0.0,-1.041,1.0,0.0,1.01,0.9844,-0.1002,0.0,-0.045,1.47,-0.39,-0.4626,1.112,-0.1702,2.1521000000000003,-0.3914,-0.7505,-0.876,0.8237,-0.783,-0.8174,0.0,0.0,-0.8096,0.0,-0.2773,0.588,-0.923,1.517,0.0,1.0,0.5,-0.791,1.236,0.7383,1.0,0.0,0.0,0.0,0.0,7.21,0.2206600000000001,0.007436781655997,2.144663218344004,0.0007544694171568892
0.0839,1.448,-0.7505,-0.3706,0.09796,0.1428,-1.049,1.0,0.0,0.943,0.9277,-0.0904,0.0,-0.04456,0.3647,-0.3613,-0.4465,1.031,-0.1571,0.3601,-0.3726,2.152,-0.7505,-0.876,-0.781,-0.8164,0.0,0.0,-0.808,0.0,-0.2747,1.041,-1.245,0.1974,1.0,1.0,1.0,-0.8345,1.247,0.7104,2.0,0.0,0.0,0.0,0.0,0.88,0.216404,0.0119867045432329,0.348113295456767,0.0012160639385011428
0.1565,1.476,-0.7007,-0.3555,0.1525,0.2856,-1.057,1.0,0.0,0.8726,0.8433,-0.07666,0.0,-0.0441,0.8687,-0.3306,-0.426,1.082,-0.1469,0.4989,-0.3523,0.36,2.152,-0.7505,-0.7793,-0.8154,0.0,0.0,-0.807,0.0,-0.271,1.034,-1.239,0.3,1.0,1.0,1.0,-0.8906,1.345,0.707,3.0,0.0,0.0,0.0,0.0,1.322,-0.0091599999999999,-0.0060140774585306,0.5049140774585307,-0.0006101345615297164
0.268,0.8984,-0.755,-0.3416,-0.263,0.4285,-1.065,1.0,0.0,0.965,0.92,-0.0963,0.0,-0.04364,0.1953,-0.3066,-0.4072,0.637,-0.1427,-0.7016,-0.3425,0.4985,0.36,2.152,-0.7783,-0.815,0.0,0.0,-0.8057,0.0,-0.2764,0.833,-1.098,-0.2051,1.0,0.5,1.0,-0.4893,0.98,0.4756,0.0,1.0,0.0,0.0,0.0,-0.89,-0.1779778399999999,0.0214420836418867,-0.7230420836418867,0.002175322215474502
0.314,0.555,-0.7734,-0.3281,-0.2407,0.5713,-1.073,1.0,0.0,0.9976,0.946,-0.1042,0.0,-0.0432,0.02647,-0.2883,-0.39,0.3997,-0.138,-0.2868,-0.3389,-0.701,0.4985,0.36,-0.778,-0.814,0.0,0.0,-0.8047,0.0,-0.2788,0.833,-1.099,-0.09045,1.0,0.0,1.0,-0.3086,0.779,0.3623,0.0,2.0,0.0,0.0,0.0,-0.4014,-0.6343,-0.0115990713238716,-0.2752009286761284,-0.0011767381356726663
0.452,-0.09174,-0.854,-0.3176,-0.9526,0.5713,-1.073,0.0,0.0,1.14,1.07,-0.1317,0.0,-0.04276,0.4438,-0.2783,-0.3745,-0.1575,-0.1351,-1.0129,-0.3381,-0.2866,-0.701,0.4985,-0.778,-0.8135,0.0,0.0,-0.8037,0.0,-0.2864,0.537,-0.8906,-0.3806,0.0,-0.5,0.5,0.1968,0.3499,0.1222,0.0,3.0,0.0,1.0,-5.727,-1.704,-0.0150632,0.0065545099787414,-1.019454509978741,0.0006649620161191987
0.3496,-0.0089,-0.812,-0.3076,-8.35,0.7144,-1.073,1.0,0.0,1.0625,1.007,-0.11993,0.0,-0.0423,-0.506,-0.2798,-0.3599,-0.02019,-0.1309,0.4486,-0.339,-1.013,-0.2866,-0.701,-0.777,-0.813,0.0,0.0,-0.8027,0.0,-0.2832,0.555,-0.902,0.0716,0.0,0.0,0.5,0.01843,0.4934,0.1825,1.0,0.0,0.0,0.0,0.0,0.3308,-0.0713079999999999,0.0144453747197985,0.4341546252802014,0.001465498645730797
0.4573,-0.251,-0.8306,-0.299,-3.438,0.5713,-1.073,0.0,0.0,1.101,1.029,-0.1278,0.0,-0.04184,0.81,-0.2932,-0.3477,-0.2421,-0.1265,-0.2946,-0.3552,0.4482,-1.013,-0.2866,-0.7773,-0.8125,0.0,0.0,-0.802,0.0,-0.2854,0.3972,-0.79,-0.0884,-1.0,-0.5,0.0,0.1089,0.2778,0.0848,0.0,1.0,0.0,0.0,0.0,-0.403,0.281156,-0.0128374993801116,-0.2817625006198883,-0.0013023779805682967
0.3862,-0.43,-0.8496,-0.2944,1.262,0.4285,-1.073,0.0,0.0,1.128,1.068,-0.1356,0.0,-0.0414,0.263,-0.3103,-0.337,-0.4846,-0.12085,-0.2975,-0.3694,-0.2947,0.4482,-1.013,-0.7793,-0.8125,0.0,0.0,-0.8003,0.0,-0.2876,0.1057,-0.583,-0.07086,-1.0,-0.5,-0.5,0.1644,0.04886,-0.01747,0.0,2.0,0.0,0.0,0.0,-0.3262,0.9820076000000004,-0.0036827647127211,-0.2938172352872789,-0.0003736204012513996
0.2632,0.1339,-0.7437,-0.2913,-1.595,0.4285,-1.073,1.0,0.0,0.947,0.9023,-0.1042,0.0,-0.04095,0.5723,-0.3162,-0.3298,0.0505,-0.11914,1.2011,-0.384,-0.2974,-0.2947,0.4482,-0.78,-0.812,0.0,0.0,-0.799,0.0,-0.2788,-0.03326,-0.4802,0.3638,0.0,0.0,-0.5,-0.2817,0.537,0.2317,1.0,0.0,0.0,0.0,0.0,1.689,0.3837679999999999,0.0110447229817509,1.190055277018249,0.0011204989061338474
0.2238,0.2942,-0.7,-0.2856,0.928,0.4285,-1.073,1.0,0.0,0.877,0.837,-0.09235,0.0,-0.0405,-0.17,-0.324,-0.3257,0.2028,-0.1159,0.4341,-0.4062,1.201,-0.2974,-0.2947,-0.78,-0.811,0.0,0.0,-0.7974,0.0,-0.2756,0.2386,-0.673,0.1626,1.0,0.0,0.0,-0.4207,0.6357,0.3213,2.0,0.0,0.0,0.0,0.0,0.728,1.1957000000000004,-0.0261295735836029,0.4602295735836029,-0.0026508730609673937
0.2003,0.9277,-0.5684,-0.2786,1.937,0.4285,-1.073,1.0,0.0,0.686,0.644,-0.05304,0.0,-0.04004,-0.2161,-0.3315,-0.324,0.7876,-0.1096,1.4281,-0.4187,0.434,1.201,-0.2974,-0.7783,-0.81,0.0,0.0,-0.795,0.0,-0.2646,0.352,-0.749,0.7476,1.0,0.0,0.0,-0.8657,1.139,0.712,3.0,0.0,1.0,0.0,5.406,3.3,0.1890029599999999,0.0431134067475795,1.3849865932524204,0.004373901018630003
0.2198,0.88,-0.5503,-0.2698,0.083,0.4285,-1.073,1.0,0.0,0.663,0.6167,-0.0491,0.0,-0.0396,0.635,-0.3396,-0.328,0.7354,-0.10315,0.1367999999999999,-0.435,1.428,0.434,1.201,-0.7754,-0.809,0.0,0.0,-0.793,0.0,-0.2634,0.609,-0.9316,0.0758,2.0,0.0,0.5,-0.8433,1.051,0.74,4.0,0.0,0.0,0.0,0.0,0.3206,0.1540699999999999,0.0121130011975765,0.1246869988024234,0.0012288768685559928
0.1699,0.9307,-0.5073,-0.2585,0.1898,0.4285,-1.073,1.0,0.0,0.602,0.562,-0.0373,0.0,-0.03915,-0.74,-0.3542,-0.3376,0.8667,-0.09906,0.4085,-0.4446,0.1366,1.428,0.434,-0.773,-0.8076,0.0,0.0,-0.791,0.0,-0.2603,0.8936,-1.133,0.0796,3.0,0.5,1.0,-0.9727,1.02,0.8477,5.0,0.0,0.0,0.0,0.0,0.3352,0.13367656,-0.0333196483552455,0.4418196483552455,-0.0033803138020305915
0.0898,0.7173,-0.5283,-0.2524,-0.09204,0.4285,-1.073,1.0,0.0,0.623,0.597,-0.04517,0.0,-0.0387,0.4565,-0.3665,-0.3489,0.627,-0.0935,-0.2687,-0.445,0.4082,0.1366,1.428,-0.77,-0.8066,0.0,0.0,-0.7896,0.0,-0.2625,0.469,-0.8315,-0.0666,2.0,0.5,0.5,-0.7744,0.8022,0.6587,0.0,1.0,0.0,0.0,0.0,-0.2769,-0.1562439999999999,0.0094160661101341,-0.2781160661101341,0.0009552699324303623
0.1805,0.4646,-0.5605,-0.2478,-0.2048,0.4285,-1.073,1.0,0.0,0.674,0.635,-0.05698,0.0,-0.03827,1.169,-0.3691,-0.352,0.3335,-0.0886,-0.4064,-0.44,-0.2686,0.4082,0.1366,-0.7676,-0.8057,0.0,0.0,-0.789,0.0,-0.2659,0.2445,-0.6724,-0.2216,1.0,0.5,0.0,-0.5405,0.55,0.436,0.0,2.0,0.0,0.0,0.0,-0.929,-0.2774,0.0137679325416684,-0.4201679325416684,0.0013967714154672658
0.1519,0.2137,-0.601,-0.2458,-0.3574,0.4285,-1.073,1.0,0.0,0.7275,0.695,-0.07074,0.0,-0.0378,0.1544,-0.3706,-0.3577,0.1003,-0.0889,-0.4804,-0.4421,-0.4065,-0.2686,0.4082,-0.766,-0.8047,0.0,0.0,-0.7886,0.0,-0.2698,-0.03467,-0.475,-0.1593,0.0,0.0,-0.5,-0.3037,0.2808,0.2141,0.0,3.0,0.0,0.0,0.0,-0.6763,0.0338085599999999,-0.0099441260099411,-0.4704558739900589,-0.001008842171506393
0.236,-0.04416,-0.641,-0.2432,-0.801,0.4285,-1.073,1.0,0.0,0.7915,0.7466,-0.0845,0.0,-0.03735,0.8877,-0.3748,-0.3655,-0.1516,-0.0882,-0.4877,-0.4429,-0.4802,-0.4065,-0.2686,-0.766,-0.803,0.0,0.0,-0.788,0.0,-0.2737,0.02853,-0.522,-0.1687,-1.0,0.0,-0.5,-0.0629,0.05295,0.00801,0.0,4.0,0.0,0.0,0.0,-0.727,0.336848,-0.0020184689201414,-0.4856815310798585,-0.00020477582107044075
0.1978,0.1238,-0.599,-0.2393,4.96,0.4285,-1.073,1.0,0.0,0.7285,0.688,-0.0727,0.0,-0.0369,-0.1935,-0.3804,-0.3755,0.03093,-0.0869,0.4246999999999999,-0.448,-0.4875,-0.4802,-0.4065,-0.7666,-0.802,0.0,0.0,-0.787,0.0,-0.2703,0.2275,-0.662,0.0727,-1.0,0.5,0.0,-0.2423,0.1774,0.1356,1.0,0.0,0.0,0.0,0.0,0.318,-0.343548,0.0002608509385026,0.4244391490614972,2.646360544660901e-05
0.23,-0.2069,-0.646,-0.2343,-1.59,0.4285,-1.073,0.0,0.0,0.798,0.754,-0.08844,0.0,-0.03647,0.7183,-0.3862,-0.388,-0.3179,-0.08246,-0.5585,-0.4636,0.4243,-0.4875,-0.4802,-0.768,-0.801,0.0,0.0,-0.7866,0.0,-0.2747,0.3743,-0.769,-0.10046,-1.0,0.0,0.0,0.01726,-0.07733,-0.1387,0.0,1.0,0.0,0.0,0.0,-0.434,-0.49643024,-0.0123261474072933,-0.5461738525927067,-0.0012505007784746813
0.4014,-0.759,-0.745,-0.2332,4.83,0.2856,-1.073,0.0,0.0,0.96,0.893,-0.11993,0.0,-0.036,0.6055,-0.395,-0.401,-0.8584,-0.0825,-1.1379,-0.4602,-0.5586,0.4243,-0.4875,-0.7705,-0.8,0.0,0.0,-0.7866,0.0,-0.2834,-0.0945,-0.4385,-0.2395,-1.0,-0.5,-0.5,0.5386,-0.522,-0.6147,0.0,2.0,0.0,0.0,0.0,-1.053,0.1224919999999999,0.0231079943478107,-1.1610079943478109,0.0023443306303336845
0.3364,-0.832,-0.755,-0.2316,0.2495,0.2856,-1.073,0.0,0.0,0.9697,0.914,-0.12384,0.0,-0.03555,-0.1301,-0.4062,-0.4104,-0.912,-0.0834,-0.1472,-0.4558,-1.137,-0.5586,0.4243,-0.7734,-0.799,0.0,0.0,-0.787,0.0,-0.2847,-0.055,-0.467,-0.0459,-1.0,-1.0,-0.5,0.554,-0.5513,-0.632,0.0,3.0,0.0,0.0,0.0,-0.2094,-0.16459424,-0.0601311512291431,-0.0870688487708568,-0.006100369315568173
0.3096,-0.9746,-0.7764,-0.2296,0.3362,0.2856,-1.073,0.0,0.0,1.002,0.9517,-0.1317,0.0,-0.0351,-0.3076,-0.4167,-0.4172,-1.058,-0.08276,-0.296,-0.451,-0.1473,-1.137,-0.5586,-0.776,-0.7983,0.0,0.0,-0.7876,0.0,-0.2869,-0.055,-0.468,-0.05936,-1.0,-1.5,-0.5,0.5933,-0.683,-0.6865,0.0,4.0,0.0,0.0,0.0,-0.272,0.07106,-0.0142364781349897,-0.2817635218650102,-0.0014443058647837233
0.2495,-0.9424,-0.773,-0.2303,0.0944,0.1428,-1.073,0.0,0.0,0.991,0.9507,-0.1317,0.0,-0.03467,-0.1197,-0.4307,-0.4248,-1.077,-0.08154,0.0001,-0.446,-0.2961,-0.1473,-1.137,-0.778,-0.798,0.0,0.0,-0.788,0.0,-0.2869,-0.4182,-0.2087,0.0,-2.0,-1.5,-1.0,0.5225,-0.655,-0.6416,0.0,0.0,0.0,0.0,0.0,0.0,-0.226296,-0.0259984470903873,0.0260984470903873,-0.0026375701386165103
0.2544,-1.154,-0.822,-0.2338,0.3965,0.0,-1.073,0.0,0.0,1.071,1.031,-0.1475,0.0,-0.0342,-0.2896,-0.4485,-0.4329,-1.337,-0.0823,-0.5976,-0.4377,0.0,-0.2961,-0.1473,-0.78,-0.7974,0.0,0.0,-0.7886,0.0,-0.2913,-0.7285,0.01069,-0.0746,-2.0,-1.5,-1.5,0.6855,-0.9185,-0.791,0.0,1.0,0.0,0.0,0.0,-0.345,0.3058023999999998,-0.0078487955033779,-0.5897512044966221,-0.0007962686606567123
0.1884,-1.238,-0.8574,-0.241,0.2173,-0.1428,-1.073,0.0,0.0,1.125,1.099,-0.1592,0.0,-0.03375,0.1126,-0.466,-0.444,-1.417,-0.09,-0.4569,-0.4297,-0.5977,0.0,-0.2961,-0.7827,-0.798,0.0,0.0,-0.789,0.0,-0.2947,-1.473,0.578,-0.0919,-2.0,-1.5,-2.0,0.8325,-1.035,-0.8867,0.0,2.0,0.0,0.0,0.0,-0.433,0.347104,-0.0049994238652288,-0.4519005761347711,-0.0005071968741582934
0.118,-1.042,-0.842,-0.2482,-0.04825,-0.2856,-1.073,0.0,0.0,1.093,1.077,-0.1553,0.0,-0.0333,0.1061,-0.473,-0.4558,-1.223,-0.09784,0.1546,-0.4219,-0.4568,-0.5977,0.0,-0.7847,-0.7983,0.0,0.0,-0.7896,0.0,-0.2935,-1.473,0.5786,0.02196,-1.0,-1.5,-2.0,0.677,-0.903,-0.7817,1.0,0.0,0.0,0.0,0.0,0.105,0.2615520000000001,0.0314117036759853,0.1231882963240146,0.0031867507828758964
0.10455,-0.666,-0.794,-0.2551,-0.2847,-0.4285,-1.073,0.0,0.0,1.014,0.9976,-0.1415,0.0,-0.03287,-0.677,-0.467,-0.466,-0.889,-0.1034,0.5381,-0.4192,0.1544,-0.4568,-0.5977,-0.7856,-0.7983,0.0,0.0,-0.7896,0.0,-0.2898,-1.473,0.5493,0.0845,0.0,-1.0,-2.0,0.405,-0.5923,-0.601,2.0,0.0,0.0,0.0,0.0,0.4016,-0.04158,0.0036282292567193,0.5344717707432807,0.00036808772117454355
0.06366,-0.7124,-0.8228,-0.2622,0.2178,-0.5713,-1.073,0.0,0.0,1.058,1.05,-0.1514,0.0,-0.0324,-0.0928,-0.4487,-0.4717,-0.9463,-0.11035,-0.3781,-0.4155,0.538,0.1544,-0.4568,-0.7866,-0.7983,0.0,0.0,-0.7896,0.0,-0.2925,-1.473,0.555,-0.05887,0.0,-1.5,-2.0,0.523,-0.721,-0.6943,0.0,1.0,0.0,0.0,0.0,-0.2754,0.2851107999999999,0.0463610626757144,-0.4244610626757145,0.004703379170412257
-0.0855,-0.4922,-0.8,-0.2676,-0.2394,-0.7144,-1.073,0.0,0.0,1.008,1.022,-0.1455,0.0,-0.03195,-0.292,-0.4185,-0.4692,-0.631,-0.1226,0.2297,-0.4106,-0.378,0.538,0.1544,-0.787,-0.7983,0.0,0.0,-0.79,0.0,-0.2908,-1.302,0.4202,0.03458,1.0,-1.0,-1.5,0.367,-0.589,-0.589,1.0,0.0,0.0,0.0,0.0,0.1637,0.81966,0.0175190158188343,0.2121809841811656,0.0017773228078223373
-0.0994,0.38,-0.648,-0.2683,-2.135,-0.7144,-1.073,1.0,0.0,0.774,0.784,-0.1002,0.0,-0.0315,0.9263,-0.3928,-0.462,0.2708,-0.1272,1.7471,-0.411,0.2295,-0.378,0.538,-0.786,-0.7983,0.0,0.0,-0.7905,0.0,-0.278,-0.4307,-0.196,0.472,2.0,-0.5,-1.0,-0.2876,0.218,-0.07935,2.0,0.0,0.0,0.0,0.0,2.219,-0.213844,0.0487705059349536,1.6983294940650464,0.004947819754465828
-0.12164,0.3337,-0.656,-0.268,0.0269,-0.7144,-1.073,1.0,0.0,0.7837,0.798,-0.1042,0.0,-0.03105,0.5723,-0.3728,-0.4514,0.2413,-0.1295,-0.1439,-0.418,1.747,0.2295,-0.378,-0.7847,-0.7983,0.0,0.0,-0.791,0.0,-0.2793,-0.3308,-0.2678,-0.05496,1.0,-0.5,-1.0,-0.2124,0.1077,-0.09393,0.0,1.0,0.0,0.0,0.0,-0.245,0.7607028,-0.0318813137710094,-0.1120186862289905,-0.0032343932270235084
-0.1327,0.781,-0.5737,-0.267,1.283,-0.7144,-1.073,1.0,0.0,0.667,0.679,-0.08057,0.0,-0.03061,0.1699,-0.3608,-0.4421,0.648,-0.1283,0.8681,-0.425,-0.144,1.747,0.2295,-0.7817,-0.7983,0.0,0.0,-0.7915,0.0,-0.2727,-0.1832,-0.37,0.2585,1.0,0.0,-1.0,-0.5063,0.4407,0.2137,1.0,0.0,0.0,0.0,0.0,1.157,0.0471264,0.0147490724921226,0.8533509275078773,0.0014963091080888572
-0.1283,0.4333,-0.635,-0.2664,-0.2974,-0.5713,-1.073,1.0,0.0,0.753,0.7666,-0.1002,0.0,-0.03015,0.3828,-0.3555,-0.4336,0.3,-0.1288,-0.7045,-0.4402,0.868,-0.144,1.747,-0.7803,-0.7983,0.0,0.0,-0.792,0.0,-0.2783,-0.225,-0.3428,-0.1825,1.0,0.0,-1.0,-0.197,0.0723,0.02545,0.0,1.0,0.0,0.0,0.0,-0.7954,0.5967720000000001,-0.0196723230183124,-0.6848276769816876,-0.001995778115897692
-0.1876,0.8765,-0.5405,-0.2615,1.054,-0.4285,-1.073,1.0,0.0,0.617,0.6367,-0.0727,0.0,-0.02971,0.509,-0.3564,-0.428,0.7476,-0.1261,1.0091,-0.4492,-0.704,0.868,-0.144,-0.778,-0.7983,0.0,0.0,-0.7925,0.0,-0.2705,0.4377,-0.8125,0.2832,1.0,0.5,-0.5,-0.518,0.493,0.4504,1.0,0.0,0.0,0.0,0.0,1.263,0.38286,-0.0029534357599914,1.0120534357599913,-0.0002996292024593931
-0.1508,1.006,-0.4973,-0.255,0.277,-0.2856,-1.073,1.0,0.0,0.563,0.575,-0.0609,0.0,-0.02925,0.1394,-0.3652,-0.4277,0.7505,-0.1151,0.4191,-0.4507,1.008,-0.704,0.868,-0.775,-0.798,0.0,0.0,-0.7925,0.0,-0.2673,0.5874,-0.918,0.226,1.0,1.0,0.0,-0.6143,0.6035,0.6304,2.0,0.0,1.0,0.0,5.938,0.976,0.0580845599999999,0.0055254134349524,0.4135745865650475,0.0005605590760430233
-0.1111,1.633,-0.351,-0.2449,0.7505,-0.1428,-1.073,1.0,0.0,0.384,0.3838,-0.01764,0.0,-0.02881,0.904,-0.3772,-0.4292,1.314,-0.10443,1.5171,-0.4287,0.419,1.008,-0.704,-0.7705,-0.797,0.0,0.0,-0.792,0.0,-0.2551,0.956,-1.176,0.7173,2.0,1.0,0.5,-1.029,1.181,1.032,3.0,0.0,0.0,0.0,0.0,3.06,1.1871279999999995,-0.0517707280814647,1.5688707280814649,-0.00525219548565246
-0.0744,2.156,-0.1779,-0.2306,0.558,0.0,-1.065,1.0,1.0,0.1915,0.1792,0.0335,0.0,-0.02835,1.108,-0.3818,-0.4287,1.8545,-0.08624,1.7111,-0.3809,1.516,0.419,1.008,-0.766,-0.796,0.0,0.0,-0.7905,0.0,-0.241,1.156,-1.312,1.1875,2.0,1.0,1.0,-1.454,1.733,1.113,4.0,0.0,0.0,0.0,0.0,4.832,-0.3102832000000001,-0.0001632598577998,1.7112632598578,-1.656288640127065e-05
-0.06836,1.987,-0.1864,-0.2152,-0.01245,0.1428,-1.057,1.0,1.0,0.2012,0.1881,0.02957,0.0,-0.02791,-0.4585,-0.3652,-0.4214,1.45,-0.0686,-0.1248399999999999,-0.348,1.71,1.516,0.419,-0.7617,-0.7944,0.0,0.0,-0.789,0.0,-0.2422,1.303,-1.417,-0.0998,2.0,1.0,1.0,-1.277,1.505,0.9375,0.0,1.0,0.0,0.0,0.0,-0.3857,-0.1276767999999999,-0.0490419007837772,-0.0757980992162227,-0.004975353050840908
0.05234,1.406,-0.2456,-0.1998,-0.1666,0.2856,-1.057,1.0,0.0,0.2756,0.2449,0.0099,0.0,-0.02745,1.004,-0.3315,-0.41,0.9185,-0.05765,-0.6269,-0.3276,-0.1249,1.71,1.516,-0.759,-0.7935,0.0,0.0,-0.788,0.0,-0.2478,1.203,-1.349,-0.3618,1.0,0.5,1.0,-0.8823,1.148,0.6685,0.0,2.0,0.0,0.0,0.0,-1.403,0.1379172,0.0084256548434495,-0.6353256548434496,0.0008547916549057589
0.06464,1.309,-0.2129,-0.1841,0.06335,0.4285,-1.057,1.0,0.0,0.2405,0.2067,0.01776,0.0,-0.02701,0.1888,-0.2947,-0.3953,0.922,-0.05048,0.256,-0.3093,-0.627,-0.1249,1.71,-0.755,-0.7925,0.0,0.0,-0.7866,0.0,-0.2456,1.216,-1.356,0.0943,1.0,0.5,1.0,-0.8853,1.123,0.624,1.0,0.0,0.0,0.0,0.0,0.3733,-0.713504,-0.0445433929562568,0.3005433929562568,-0.004518974642047889
0.2115,0.6045,-0.3127,-0.1725,-0.408,0.5713,-1.057,1.0,0.0,0.3647,0.3105,-0.0137,0.0,-0.02655,0.73,-0.2595,-0.379,0.2925,-0.04425,-1.0159,-0.304,0.2559,-0.627,-0.1249,-0.753,-0.7925,0.0,0.0,-0.785,0.0,-0.2544,0.817,-1.076,-0.494,0.0,0.5,0.5,-0.355,0.6553,0.3538,0.0,1.0,0.0,0.0,0.0,-1.938,0.9596480000000004,-0.0740406811237335,-0.9418593188762664,-0.007511505933252163
0.3394,1.165,-0.1509,-0.1564,1.007,0.7144,-1.049,1.0,1.0,0.196,0.1155,0.0335,0.0,-0.02611,2.365,-0.2217,-0.357,0.8438,-0.03128,1.5731,-0.2896,-1.015,0.2559,-0.627,-0.75,-0.7915,0.0,0.0,-0.783,0.0,-0.2415,1.08,-1.258,1.888,0.0,0.5,1.0,-0.819,1.253,0.5874,1.0,0.0,0.0,0.0,0.0,7.652,0.5497836,-0.0341636277735233,1.6072636277735233,-0.0034659364126241113
0.566,2.156,0.546,-0.1259,2.627,0.857,-1.041,1.0,1.0,-0.3926,-0.529,0.242,0.0,-0.02565,2.906,-0.09973,-0.2756,2.002,0.04736,2.7441000000000004,-0.1763,1.572,-1.015,0.2559,-0.741,-0.7896,0.0,0.0,-0.779,0.0,-0.1837,1.451,-1.45,9.62,1.0,1.0,1.0,-1.454,2.111,1.113,2.0,0.0,1.0,0.0,9.375,7.785,-0.6597199999999998,-0.0150503115728497,2.75915031157285,-0.0015268701335665622
0.7036,2.156,0.4421,-0.1011,-0.1105,0.857,-1.032,1.0,1.0,-0.3047,-0.4612,0.2104,0.0,-0.0252,1.424,0.00866,-0.1946,1.754,0.07654,-0.8279,-0.11975,2.744,1.572,-1.015,-0.736,-0.7876,0.0,0.0,-0.775,0.0,-0.1929,1.178,-1.306,-1.688,1.0,0.5,0.5,-1.454,2.111,0.918,0.0,1.0,0.0,0.0,0.0,-5.406,-0.542464,-0.0101557336747646,-0.8177442663252353,-0.0010303099944075234
0.837,2.156,0.3315,-0.0787,-0.1663,0.857,-1.024,1.0,1.0,-0.2076,-0.383,0.1771,0.0,-0.02475,0.5396,0.0867,-0.1261,1.0625,0.08936,-0.9032,-0.09644,-0.8276,2.744,1.572,-0.731,-0.7856,0.0,0.0,-0.771,0.0,-0.2024,0.996,-1.18,-0.9224,0.0,0.0,0.5,-1.406,2.111,0.669,0.0,2.0,0.0,0.0,0.0,-3.031,0.6774999999999999,0.0101246796548366,-0.9133246796548368,0.0010271595310217165
0.8076,2.156,0.4312,-0.05588,0.1755,0.857,-1.017,1.0,1.0,-0.288,-0.4612,0.2065,0.0,-0.0243,0.2272,0.1396,-0.06915,1.344,0.0985,0.8204,-0.07294,-0.903,-0.8276,2.744,-0.724,-0.7837,0.0,0.0,-0.7666,0.0,-0.1942,1.008,-1.185,0.4724,1.0,0.0,0.5,-1.454,2.111,0.6763,1.0,0.0,0.0,0.0,0.0,1.599,0.1184003999999999,0.0019592377357184,0.8184407622642815,0.0001987667543455764
0.7783,2.156,0.4978,-0.02997,0.0852,0.857,-1.008,1.0,1.0,-0.3406,-0.5103,0.2262,0.0,-0.02385,0.0712,0.168,-0.02237,1.508,0.1059,0.5331,-0.0511,0.82,-0.903,-0.8276,-0.7173,-0.7812,0.0,0.0,-0.762,0.0,-0.1888,1.158,-1.29,0.1774,1.0,0.0,1.0,-1.454,2.111,0.6484,2.0,0.0,0.0,0.0,0.0,0.585,0.126876,0.0038187648169696,0.5292812351830304,0.0003874177566306448
0.7603,1.904,0.5117,-0.005924,-0.00919,0.857,-1.0,1.0,1.0,-0.3523,-0.5195,0.2302,0.0,-0.0234,-0.06445,0.1757,0.01556,1.438,0.11395,0.10496,-0.04288,0.5327,0.82,-0.903,-0.7095,-0.779,0.0,0.0,-0.758,0.0,-0.1877,1.118,-1.261,0.0422,1.0,0.5,1.0,-1.373,2.111,0.5825,3.0,0.0,0.0,0.0,0.0,0.1368,0.5150561600000002,-0.0329276584088802,0.1378876584088802,-0.003340546004608826
0.769,2.139,0.6567,0.02031,0.2595,0.857,-0.9917,1.0,1.0,-0.454,-0.626,0.2734,0.0,-0.02295,1.162,0.1798,0.049,1.736,0.1337,1.1491,-0.0309,0.1048,0.5327,0.82,-0.7017,-0.776,0.0,0.0,-0.753,0.0,-0.1759,1.171,-1.293,1.425,2.0,1.0,1.0,-1.454,2.111,0.646,4.0,0.0,0.0,0.0,0.0,4.61,-0.3666099999999999,-0.0386089347302913,1.1877089347302914,-0.0039169175364347966
0.739,1.805,0.6567,0.04327,-0.02731,0.857,-0.984,1.0,1.0,-0.4568,-0.624,0.2734,0.0,-0.0225,0.02132,0.1729,0.075,1.538,0.1466,0.0001,-0.01875,1.149,0.1048,0.5327,-0.7007,-0.773,0.0,0.0,-0.7485,0.0,-0.176,1.097,-1.24,0.0,2.0,0.5,0.5,-1.454,2.111,0.5654,0.0,0.0,0.0,0.0,0.0,0.0,-0.2489919999999999,0.0136400200426578,-0.0135400200426578,0.0013837945562505123
0.7866,1.086,0.541,0.06003,-0.2737,0.857,-0.9756,1.0,1.0,-0.3716,-0.544,0.238,0.0,-0.02205,0.45,0.1604,0.0926,0.894,0.1575,-0.9079,-0.02823,0.0,1.149,0.1048,-0.6997,-0.77,0.0,0.0,-0.7446,0.0,-0.186,0.768,-1.01,-0.4229,1.0,0.5,0.0,-0.9243,1.675,0.3938,0.0,1.0,0.0,0.0,0.0,-1.32,-0.0352422399999999,-0.0368667058646678,-0.8710332941353321,-0.0037401665630159534
1.042,0.718,0.504,0.0761,-0.204,0.857,-0.9673,1.0,1.0,-0.324,-0.537,0.2262,0.0,-0.0216,2.312,0.1427,0.1026,0.58,0.1682,-0.3114,-0.04208,-0.9077,0.0,1.149,-0.698,-0.767,0.0,0.0,-0.741,0.0,-0.1895,0.7227,-0.979,-0.2605,0.0,0.0,0.0,-0.69,1.41,0.3096,0.0,2.0,0.0,0.0,0.0,-0.8364,0.8577719999999998,-0.0378825552761554,-0.2735174447238445,-0.0038432255674155477
0.9233,1.136,0.6763,0.0974,0.6934,0.857,-0.9595,1.0,1.0,-0.4553,-0.653,0.2773,0.0,-0.02115,0.3965,0.1126,0.1034,1.12,0.1783,1.3631,-0.06055,-0.3115,-0.9077,0.0,-0.696,-0.7637,0.0,0.0,-0.737,0.0,-0.1753,0.9536,-1.138,0.541,0.0,0.0,0.5,-1.028,1.84,0.4438,1.0,0.0,0.0,0.0,0.0,1.755,-0.624428,0.0034175026230514,1.3596824973769486,0.0003467092798222084
1.129,0.339,0.5317,0.1144,-0.5664,0.857,-0.951,1.0,1.0,-0.3372,-0.565,0.2341,0.0,-0.0207,1.372,0.0619,0.0946,0.4346,0.1863,-1.1059,-0.0897,1.362,-0.3115,-0.9077,-0.6953,-0.7607,0.0,0.0,-0.733,0.0,-0.1875,0.7026,-0.9634,-0.7124,-1.0,0.0,0.0,-0.4478,1.296,0.2467,0.0,1.0,0.0,0.0,0.0,-2.217,0.265228,0.0007212940254248,-1.106621294025425,7.317604686190546e-05
1.16,0.10095,0.5317,0.1339,-0.472,0.857,-0.943,1.0,1.0,-0.3347,-0.5674,0.2341,0.0,-0.02025,0.7173,-0.01653,0.0804,0.3083,0.1956,0.0001,-0.12476,-1.105,1.362,-0.3115,-0.6953,-0.758,0.0,0.0,-0.7295,0.0,-0.1876,0.8696,-1.083,0.0,-1.0,0.0,0.0,-0.4224,1.132,0.2119,0.0,0.0,0.0,0.0,0.0,0.0,0.293228,,,
1.005,0.1967,0.6084,0.1509,0.6943,0.857,-0.935,1.0,1.0,-0.4019,-0.6113,0.2578,0.0,-0.0198,0.4229,-0.11316,0.06604,0.317,0.2178,0.6251,-0.149,0.0,-1.105,1.362,-0.696,-0.7544,0.0,0.0,-0.7266,0.0,-0.1812,0.8164,-1.042,0.4998,0.0,0.0,0.0,-0.821,1.016,0.274,1.0,0.0,0.0,0.0,0.0,1.61,-1.0586120000000006,,,
0.655,-0.48,0.4224,0.1473,-2.469,0.7144,-0.927,0.0,1.0,-0.2937,-0.4417,0.2026,0.0,-0.01935,0.501,-0.1305,0.04797,-0.465,0.2235,-1.4309,-0.1694,0.625,0.0,-1.105,-0.698,-0.752,0.0,0.0,-0.7246,0.0,-0.1967,-0.3186,-0.2386,-0.665,0.0,-0.5,-0.5,-0.1313,0.3777,-0.004368,0.0,1.0,0.0,0.0,0.0,-2.104,-1.0031144,,,
0.7466,-1.092,0.2502,0.1425,1.772,0.5713,-0.9185,0.0,1.0,-0.1481,-0.3066,0.1515,0.0,-0.0189,1.424,-0.1412,0.02339,-1.096,0.2214,-1.3909,-0.1945,-1.43,0.625,0.0,-0.701,-0.7495,0.0,0.0,-0.723,0.0,-0.211,-0.414,-0.1768,-0.558,-1.0,-1.0,-0.5,0.5024,-0.211,-0.2822,0.0,2.0,0.0,0.0,0.0,-1.848,-0.7633600000000001,,,
0.8115,-1.501,0.1317,0.1376,0.566,0.4285,-0.9106,0.0,1.0,-0.04016,-0.2062,0.1161,0.0,-0.01845,0.93,-0.1598,-0.01121,-1.516,0.2184,-1.0069,-0.2263,-1.39,-1.43,0.625,-0.7046,-0.7476,0.0,0.0,-0.7217,0.0,-0.2211,-0.423,-0.1747,-0.714,-1.0,-1.5,-0.5,0.9185,-0.6084,-0.518,0.0,3.0,0.0,0.0,0.0,-2.469,-0.223512,,,
0.773,-1.014,0.2416,0.1326,-0.2329,0.2856,-0.9023,0.0,1.0,-0.1387,-0.3015,0.1495,0.0,-0.018,0.5835,-0.1874,-0.0588,-1.053,0.2157,0.9815,-0.265,-1.006,-1.39,-1.43,-0.709,-0.7456,0.0,0.0,-0.72,0.0,-0.2118,-0.399,-0.1879,0.4336,0.0,-1.0,-0.5,0.4717,-0.1147,-0.4038,1.0,0.0,0.0,0.0,0.0,1.549,0.2187984,,,
0.725,-0.7295,0.2986,0.1273,-0.1927,0.1428,-0.8945,0.0,1.0,-0.19,-0.3464,0.1672,0.0,-0.01755,0.000761,-0.2247,-0.12274,-0.802,0.214,0.5041,-0.3364,0.981,-1.006,-1.39,-0.711,-0.743,0.0,0.0,-0.7183,0.0,-0.2069,-0.4111,-0.1771,0.1252,0.0,-0.5,-0.5,0.268,0.1305,-0.42,2.0,0.0,0.0,0.0,0.0,0.434,0.247996,,,
0.6685,-0.528,0.3362,0.1228,-0.1992,0.0,-0.886,0.0,1.0,-0.225,-0.373,0.1791,0.0,-0.0171,-0.4236,-0.272,-0.2032,-0.6157,0.2113,0.3308999999999999,-0.399,0.504,0.981,-1.006,-0.713,-0.741,0.0,0.0,-0.7163,0.0,-0.2036,-0.3635,-0.2095,0.1714,1.0,0.0,-0.5,0.0939,0.2129,-0.4758,3.0,0.0,0.0,0.0,0.0,0.5845,-0.8358639999999999,,,
0.661,-0.8784,0.2172,0.11237,0.973,-0.1428,-0.878,0.0,1.0,-0.127,-0.2708,0.1437,0.0,-0.01665,0.4517,-0.3127,-0.241,-0.9556,0.2015,-0.9823,-0.3904,0.3308,0.504,0.981,-0.717,-0.7393,0.0,0.0,-0.718,0.0,-0.2136,-0.791,0.0911,-0.2227,1.0,-0.5,-1.0,0.5674,-0.1575,-0.7646,0.0,1.0,0.0,0.0,0.0,-0.752,0.13782,,,
0.578,-0.6626,0.2416,0.10223,-0.1561,-0.2856,-0.87,0.0,1.0,-0.1543,-0.2854,0.1515,0.0,-0.0162,-0.6846,-0.3486,-0.2698,-0.76,0.1942,0.2253,-0.3833,-0.982,0.3308,0.504,-0.7183,-0.738,0.0,0.0,-0.7183,0.0,-0.2114,-0.7363,0.05307,0.03001,2.0,0.0,-0.5,0.4111,-0.08124,-0.6377,1.0,0.0,0.0,0.0,0.0,0.1046,-0.0682284,,,
0.5444,-0.7305,0.2012,0.0942,0.258,-0.4285,-0.862,0.0,1.0,-0.12256,-0.2471,0.1396,0.0,-0.01575,-0.1104,-0.378,-0.2979,-0.8613,0.19,-0.3353,-0.3757,0.2251,-0.982,0.3308,-0.7188,-0.736,0.0,0.0,-0.7188,0.0,-0.2147,-0.6436,-0.01464,-0.0474,1.0,0.0,-0.5,0.5376,-0.2065,-0.711,0.0,1.0,0.0,0.0,0.0,-0.164,0.29997376,,,
0.347,-0.452,0.2512,0.08795,-0.325,-0.5713,-0.8535,0.0,1.0,-0.181,-0.2747,0.1554,0.0,-0.015305,-0.1262,-0.397,-0.3267,-0.625,0.1876,0.4522,-0.371,-0.3354,0.2251,-0.982,-0.7173,-0.735,0.0,0.0,-0.719,0.0,-0.2103,-0.4858,-0.1252,0.1181,1.0,0.0,0.0,0.2776,-0.04883,-0.5312,1.0,0.0,0.0,0.0,0.0,0.413,0.0261659999999999,,,
0.264,-0.3857,0.2375,0.0779,-0.0571,-0.7144,-0.8457,0.0,1.0,-0.176,-0.2559,0.1515,0.0,-0.014854,-0.544,-0.4001,-0.3574,-0.5996,0.1816,-0.1113499999999999,-0.3677,0.452,-0.3354,0.2251,-0.7173,-0.734,0.0,0.0,-0.72,0.0,-0.2115,-0.885,0.1592,-0.02815,0.0,0.0,-0.5,0.262,-0.1497,-0.527,0.0,1.0,0.0,0.0,0.0,-0.09705,0.1562519999999999,,,
0.0755,-0.2314,0.258,0.0721,-0.4084,-0.857,-0.8374,0.0,1.0,-0.2084,-0.258,0.1573,0.0,-0.014404,-0.6875,-0.3875,-0.3882,-0.41,0.1731,0.1677999999999999,-0.3672,-0.1114,0.452,-0.3354,-0.718,-0.733,0.0,0.0,-0.721,0.0,-0.21,-0.6343,-0.01884,0.05228,1.0,0.5,0.0,0.1932,-0.0615,-0.4402,1.0,0.0,0.0,0.0,0.0,0.1808,-0.3934919999999999,,,
0.05716,-0.4336,0.1865,0.0646,1.573,-1.0,-0.829,0.0,1.0,-0.1489,-0.1937,0.1357,0.0,-0.013954,0.25,-0.3638,-0.4055,-0.5933,0.1649,-0.6119,-0.3752,0.1677,-0.1114,0.452,-0.719,-0.732,0.0,0.0,-0.7227,0.0,-0.2161,-0.741,0.0548,-0.2002,0.0,0.5,0.0,0.4412,-0.3193,-0.59,0.0,1.0,0.0,0.0,0.0,-0.689,1.2311840000000005,,,
0.010605,0.5947,0.4216,0.06027,-2.984,-1.0,-0.8213,1.0,1.0,-0.3447,-0.388,0.2065,0.0,-0.013504,0.763,-0.3367,-0.409,0.5396,0.1522,2.0411,-0.3916,-0.612,0.1677,-0.1114,-0.717,-0.7305,0.0,0.0,-0.7236,0.0,-0.1962,-0.389,-0.1881,0.6426,1.0,0.5,0.0,-0.3538,0.5356,0.1163,1.0,0.0,0.0,0.0,0.0,2.254,0.5414399999999999,,,
-0.05234,0.9927,0.5254,0.0627,0.762,-0.857,-0.813,1.0,1.0,-0.4272,-0.4626,0.238,0.0,-0.013054,0.1888,-0.3276,-0.4075,0.9355,0.1545,0.8531,-0.3916,2.041,-0.612,0.1677,-0.714,-0.7285,0.0,0.0,-0.7236,0.0,-0.1875,0.12286,-0.5493,0.4097,1.0,0.5,0.5,-0.6533,0.781,0.433,2.0,0.0,1.0,0.0,8.07,1.351,0.10522,,,
-0.174,0.9766,0.5435,0.0696,0.11755,-0.7144,-0.8047,1.0,1.0,-0.4502,-0.4663,0.2439,0.0,-0.0126,-0.2078,-0.329,-0.4038,0.9536,0.1588,0.1558999999999999,-0.3875,0.8525,2.041,-0.612,-0.7104,-0.7266,0.0,0.0,-0.723,0.0,-0.1859,0.556,-0.858,0.05017,2.0,0.5,1.0,-0.676,0.7173,0.471,3.0,0.0,0.0,0.0,0.0,0.1611,0.2525719999999999,,,
-0.2325,1.264,0.652,0.0814,0.4233,-0.5713,-0.797,1.0,1.0,-0.5312,-0.54,0.2773,0.0,-0.01215,0.3965,-0.3433,-0.4038,1.124,0.1781,0.8785,-0.3875,0.1558,0.8525,2.041,-0.7065,-0.7266,0.0,0.0,-0.723,0.0,-0.1766,1.048,-1.205,0.5337,2.0,1.0,1.5,-0.9277,0.9707,0.8003,4.0,0.0,0.0,0.0,0.0,1.705,0.6650000000000001,,,
-0.2717,1.569,0.7656,0.09326,0.3762,-0.4285,-0.7886,1.0,1.0,-0.6104,-0.615,0.3127,0.0,-0.0117,0.4587,-0.3564,-0.4038,1.333,0.196,0.9054,-0.3584,0.878,0.1558,0.8525,-0.701,-0.7256,0.0,0.0,-0.722,0.0,-0.1669,1.055,-1.205,0.6,3.0,1.0,1.5,-1.138,1.227,0.9536,5.0,0.0,0.0,0.0,0.0,1.866,-0.3560136,,,
-0.2366,1.802,0.8667,0.1062,0.284,-0.2856,-0.7803,1.0,1.0,-0.6714,-0.684,0.3442,0.0,-0.01125,0.6733,-0.3555,-0.4006,1.474,0.215,0.7827999999999999,-0.319,0.905,0.878,0.1558,-0.6953,-0.724,0.0,0.0,-0.721,0.0,-0.1582,1.099,-1.232,0.6567,3.0,1.5,1.5,-1.277,1.411,0.9854,5.92,0.0,0.0,0.0,0.0,1.987,-0.0133919999999999,,,
-0.1648,2.104,0.9917,0.12085,0.3044,-0.1428,-0.7725,1.0,1.0,-0.7407,-0.7676,0.3835,0.0,-0.0108,0.8506,-0.3296,-0.3936,1.701,0.2343,0.9547,-0.271,0.782,0.905,0.878,-0.687,-0.7227,0.0,0.0,-0.7197,0.0,-0.1473,1.176,-1.282,0.625,3.0,1.5,1.5,-1.454,1.615,1.021,5.92,0.0,0.0,0.0,0.0,1.847,0.152556,,,
-0.1537,2.037,1.037,0.1394,0.1012,0.0,-0.764,1.0,1.0,-0.7666,-0.796,0.3994,0.0,-0.01035,0.481,-0.2798,-0.378,1.636,0.253,0.3709,-0.221,0.9546,0.782,0.905,-0.6807,-0.7217,0.0,0.0,-0.7173,0.0,-0.1431,1.574,-1.45,0.2664,3.0,1.5,2.0,-1.448,1.595,0.897,5.92,0.0,0.0,0.0,0.0,0.764,0.6837399999999997,,,
-0.04233,2.156,1.161,0.1604,0.2363,0.1428,-0.756,1.0,1.0,-0.8267,-0.8765,0.4387,0.0,-0.0099,0.9927,-0.1868,-0.333,1.558,0.294,0.9166,-0.1696,0.3706,0.9546,0.782,-0.6743,-0.7197,0.0,0.0,-0.714,0.0,-0.1324,1.574,-1.45,1.68,3.0,1.5,2.0,-1.454,1.792,0.8887,5.92,0.0,0.0,0.0,0.0,4.76,0.1059479999999999,,,
-0.0688,2.025,1.18,0.1826,0.03387,0.2856,-0.748,1.0,1.0,-0.839,-0.8843,0.4465,0.0,-0.00945,-0.5786,-0.1086,-0.288,1.482,0.3066,0.1783,-0.1362,0.916,0.3706,0.9546,-0.6675,-0.7188,0.0,0.0,-0.71,0.0,-0.1304,1.574,-1.45,0.11414,3.0,1.5,2.0,-1.454,1.668,0.7764,5.92,0.0,0.0,0.0,0.0,0.3147,0.3670719999999999,,,
-0.12085,1.913,1.224,0.2051,0.0765,0.4285,-0.7397,1.0,1.0,-0.8667,-0.905,0.4622,0.0,-0.009,-0.3657,-0.0389,-0.2428,1.485,0.3208,0.3545999999999999,-0.1018,0.1781,0.916,0.3706,-0.6616,-0.7173,0.0,0.0,-0.7065,0.0,-0.1261,1.574,-1.45,0.2,3.0,1.5,2.0,-1.454,1.642,0.7134,5.92,0.0,0.0,0.0,0.0,0.548,0.9804,,,
0.03802,2.156,1.39,0.2316,0.2869,0.5713,-0.732,1.0,1.0,-0.939,-1.006,0.515,0.0,-0.00855,1.939,0.0318,-0.191,1.801,0.3442,1.1831,-0.05496,0.3542,0.1781,0.916,-0.655,-0.715,0.0,0.0,-0.7026,0.0,-0.11145,1.574,-1.45,1.342,3.0,1.5,2.0,-1.454,1.947,0.7715,5.92,0.0,0.0,0.0,0.0,3.637,0.3880080000000001,,,
0.1783,2.156,1.484,0.2603,0.1311,0.7144,-0.7236,1.0,1.0,-0.9736,-1.064,0.547,0.0,-0.0081,1.354,0.10016,-0.1333,1.827,0.37,0.6764,-0.00745,1.183,0.3542,0.1781,-0.648,-0.7124,0.0,0.0,-0.698,0.0,-0.1029,1.574,-1.45,0.782,3.0,1.5,2.0,-1.454,2.004,0.7427,5.92,0.0,0.0,0.0,0.0,2.045,-0.2091115999999999,,,
0.2632,1.326,1.329,0.287,-0.2744,0.857,-0.7153,1.0,1.0,-0.8906,-0.9927,0.5015,0.0,-0.007652,0.254,0.151,-0.0789,1.106,0.3867,-0.9516,0.004208,0.676,1.183,0.3542,-0.644,-0.7104,0.0,0.0,-0.694,0.0,-0.1157,1.574,-1.45,-0.6436,2.0,1.5,2.0,-1.215,1.433,0.517,0.0,1.0,0.0,0.0,0.0,-1.647,-0.1725904,,,
0.2751,1.106,1.334,0.3088,-0.0337,0.857,-0.7075,1.0,1.0,-0.892,-0.996,0.5054,0.0,-0.007202,0.8916,0.1805,-0.0266,0.913,0.4062,0.08537,0.00918,-0.951,0.676,1.183,-0.6406,-0.7085,0.0,0.0,-0.69,0.0,-0.11487,1.574,-1.45,0.1046,2.0,1.5,2.0,-1.1455,1.289,0.4668,1.0,0.0,0.0,0.0,0.0,0.276,-1.0220440000000004,,,
0.4807,0.1797,1.108,0.323,-0.7,0.857,-0.699,1.0,1.0,-0.756,-0.8896,0.4387,0.0,-0.006752,1.664,0.1884,0.0186,0.037,0.418,-1.4459,-0.01219,0.08527,-0.951,0.676,-0.6406,-0.707,0.0,0.0,-0.6865,0.0,-0.1339,0.932,-1.102,-1.666,1.0,1.5,2.0,-0.3994,0.6665,0.2109,0.0,1.0,0.0,0.0,0.0,-4.383,0.2555559999999999,,,
0.5645,-0.0594,1.076,0.3362,-0.845,0.857,-0.691,1.0,1.0,-0.731,-0.878,0.4307,0.0,-0.0063,0.5547,0.1686,0.05377,-0.1021,0.4229,-0.1781,-0.0373,-1.445,0.08527,-0.951,-0.641,-0.7056,0.0,0.0,-0.683,0.0,-0.1362,0.857,-1.05,-0.1411,0.0,1.0,2.0,-0.3008,0.5015,0.149,0.0,2.0,0.0,0.0,0.0,-0.389,0.4884904,,,
0.534,0.1422,1.172,0.3489,9.95,0.857,-0.683,1.0,1.0,-0.786,-0.9297,0.4622,0.0,-0.00585,0.0748,0.1422,0.0817,0.12213,0.4336,0.7171,-0.06757,-0.1781,-1.445,0.08527,-0.641,-0.7036,0.0,0.0,-0.6797,0.0,-0.1276,0.8516,-1.042,0.438,0.0,1.0,2.0,-0.533,0.724,0.2242,1.0,0.0,1.0,0.0,6.414,1.214,0.3799871999999999,,,
0.515,0.1035,1.19,0.3599,-0.05176,0.857,-0.675,1.0,1.0,-0.7983,-0.939,0.4702,0.0,-0.0054,0.1771,0.1072,0.1001,0.1044,0.443,0.1754,-0.105,0.7163,-0.1781,-1.445,-0.6426,-0.701,0.0,0.0,-0.676,0.0,-0.1255,0.766,-0.98,0.09033,1.0,1.0,2.0,-0.5596,0.6904,0.2191,2.0,0.0,0.0,0.0,0.0,0.2448,1.2723359999999997,,,
0.4382,0.797,1.4375,0.3738,4.14,0.857,-0.6665,1.0,1.0,-0.9307,-1.0625,0.549,0.0,-0.00495,0.623,0.0684,0.1096,0.7993,0.4568,1.7431,-0.1505,0.1752,0.7163,-0.1781,-0.6426,-0.6978,0.0,0.0,-0.671,0.0,-0.1036,0.906,-1.069,1.235,1.0,1.0,2.0,-1.086,1.309,0.5137,3.0,0.0,0.0,0.0,0.0,3.33,0.4995119999999998,,,
0.3806,0.9756,1.531,0.3872,0.3508,0.857,-0.6587,1.0,1.0,-0.9795,-1.104,0.58,0.0,-0.0045,0.3816,0.02634,0.1057,0.9844,0.47,0.6611,-0.1699,1.742,0.1752,0.7163,-0.64,-0.6943,0.0,0.0,-0.6665,0.0,-0.095,0.885,-1.051,0.6797,2.0,1.0,2.0,-1.19,1.438,0.603,4.0,0.0,0.0,0.0,0.0,1.738,0.5002664000000001,,,
0.4292,0.4016,1.382,0.396,-0.447,0.857,-0.6504,1.0,1.0,-0.904,-1.034,0.537,0.0,-0.00405,0.1141,-0.02354,0.0914,0.4265,0.4788,-0.8905,-0.2018,0.661,1.742,0.1752,-0.639,-0.6914,0.0,0.0,-0.663,0.0,-0.10724,0.5503,-0.8174,-0.565,2.0,0.5,1.5,-0.721,0.9634,0.3672,0.0,1.0,0.0,0.0,0.0,-1.416,-0.6514419999999999,,,
0.452,-0.1411,1.223,0.3984,-1.067,0.7144,-0.642,0.0,1.0,-0.8203,-0.951,0.4897,0.0,-0.003601,0.374,-0.04956,0.0662,-0.1632,0.4873,-0.9994,-0.2522,-0.89,0.661,1.742,-0.637,-0.689,0.0,0.0,-0.66,0.0,-0.1206,0.141,-0.5312,-0.5615,1.0,0.0,1.0,-0.2006,0.521,0.09235,0.0,2.0,0.0,0.0,0.0,-1.447,-0.8856780000000001,,,
0.9175,-0.914,0.977,0.395,13.94,0.5713,-0.6343,0.0,1.0,-0.6455,-0.848,0.415,0.0,-0.00315,2.906,-0.09753,0.03093,-0.842,0.4766,-1.6339,-0.2969,-0.999,-0.89,0.661,-0.6377,-0.6865,0.0,0.0,-0.6587,0.0,-0.142,-0.2214,-0.2817,-3.006,0.0,0.0,0.5,0.5884,-0.1315,-0.4268,0.0,3.0,0.0,0.0,0.0,-6.73,1.5593039999999996,,,
0.9673,0.2114,1.329,0.3992,-1.311,0.5713,-0.626,1.0,1.0,-0.834,-1.051,0.5254,0.0,-0.0027,1.8125,-0.1543,-0.00846,0.2798,0.481,2.5371,-0.3303,-1.633,-0.999,-0.89,-0.6357,-0.6836,0.0,0.0,-0.6562,0.0,-0.1115,0.1215,-0.513,4.92,0.0,0.0,0.5,-0.3547,0.9326,0.2925,1.0,0.0,0.0,0.0,0.0,7.785,0.5191639999999998,,,
0.7876,0.591,1.45,0.4016,1.518,0.5713,-0.6177,1.0,1.0,-0.9087,-1.098,0.5645,0.0,-0.00225,0.411,-0.2047,-0.05078,0.635,0.4863,0.8395,-0.349,2.535,-1.633,-0.999,-0.633,-0.6807,0.0,0.0,-0.654,0.0,-0.10077,0.078,-0.477,1.13,0.0,0.5,0.5,-0.5986,1.182,0.5586,2.0,0.0,0.0,0.0,0.0,2.934,-1.2087959999999998,,,
0.9014,-0.159,1.205,0.3962,-1.059,0.4285,-0.61,0.0,1.0,-0.775,-0.979,0.4897,0.0,-0.001801,1.347,-0.2458,-0.09796,-0.133,0.4846,-1.5549,-0.3699,0.8394,2.535,-1.633,-0.635,-0.6777,0.0,0.0,-0.6523,0.0,-0.12195,-0.2815,-0.2297,-1.734,0.0,0.5,0.0,0.15,0.5034,-0.10095,0.0,1.0,0.0,0.0,0.0,-4.39,-0.5018799999999999,,,
1.111,-0.5786,1.0625,0.391,5.906,0.2856,-0.6016,0.0,1.0,-0.679,-0.915,0.4465,0.0,-0.00135,1.982,-0.2886,-0.1515,-0.521,0.478,-0.9459,-0.3835,-1.554,0.8394,2.535,-0.639,-0.676,0.0,0.0,-0.652,0.0,-0.1344,-0.2756,-0.2393,-1.602,0.0,0.0,0.0,0.6133,0.1396,-0.541,0.0,2.0,0.0,0.0,0.0,-4.26,0.1555839999999999,,,
1.03,1.634,1.762,0.4016,-4.62,0.2856,-0.5933,1.0,1.0,-1.03,-1.264,0.667,0.0,-0.0009003,0.681,-0.3,-0.1807,1.452,0.509,2.7441000000000004,-0.3328,-0.9453,-1.554,0.8394,-0.635,-0.6714,0.0,0.0,-0.6494,0.0,-0.07367,0.3052,-0.6265,9.62,1.0,0.0,0.0,-1.046,2.057,1.113,1.0,0.0,1.0,0.0,9.375,7.785,0.141826,,,
1.007,1.635,1.814,0.4187,0.1335,0.2856,-0.5854,1.0,1.0,-1.055,-1.285,0.6865,0.0,-0.0004501,1.325,-0.2908,-0.206,1.419,0.5293,0.3836,-0.2869,2.744,-0.9453,-1.554,-0.6284,-0.667,0.0,0.0,-0.6465,0.0,-0.06866,0.5547,-0.8022,0.8027,1.0,0.0,0.5,-1.026,2.04,1.011,2.0,0.0,0.0,0.0,0.0,1.904,0.123716,,,
1.009,1.463,1.816,0.437,0.02629,0.2856,-0.577,1.0,1.0,-1.056,-1.286,0.6904,0.0,0.0,0.3687,-0.2795,-0.23,1.3125,0.5425,0.0759,-0.2502,0.3833,2.744,-0.9453,-0.619,-0.6636,0.0,0.0,-0.644,0.0,-0.0678,0.5884,-0.826,0.0863,1.0,0.0,1.0,-0.9326,1.876,0.844,3.0,0.0,0.0,0.0,0.0,0.2024,-0.1137,,,
0.99,1.205,1.781,0.452,-0.04462,0.2856,-0.5693,1.0,1.0,-1.042,-1.269,0.6826,0.0,0.0004501,-0.292,-0.2678,-0.2476,1.155,0.5493,-0.1511,-0.2206,0.07574,0.3833,2.744,-0.6143,-0.66,0.0,0.0,-0.642,0.0,-0.0702,0.502,-0.765,-0.1095,1.0,0.0,0.5,-0.7393,1.674,0.6797,0.0,1.0,0.0,0.0,0.0,-0.256,1.1033000000000002,,,
0.97,1.571,1.95,0.4705,0.437,0.2856,-0.561,1.0,1.0,-1.113,-1.339,0.7397,0.0,0.0009003,0.7837,-0.254,-0.2544,1.621,0.559,1.1021,-0.174,-0.1511,0.07574,0.3833,-0.6084,-0.6562,0.0,0.0,-0.6396,0.0,-0.05444,0.5933,-0.823,0.989,2.0,0.5,0.5,-1.046,1.908,0.8135,1.0,0.0,0.0,0.0,0.0,2.324,-0.6365839999999998,,,
1.014,1.002,1.794,0.4792,-0.2346,0.2856,-0.5527,1.0,1.0,-1.046,-1.276,0.6943,0.0,0.00135,-0.1091,-0.236,-0.2576,1.083,0.567,-0.8446,-0.1536,1.102,-0.1511,0.07574,-0.6016,-0.653,0.0,0.0,-0.637,0.0,-0.0674,0.2922,-0.614,-0.915,1.0,0.5,0.0,-0.568,1.458,0.5225,0.0,1.0,0.0,0.0,0.0,-2.08,-1.1276000000000002,,,
1.204,0.2239,1.548,0.4805,-0.6343,0.2856,-0.545,1.0,1.0,-0.9214,-1.18,0.6196,0.0,0.001801,1.185,-0.2188,-0.2568,0.2976,0.571,-1.4339,-0.152,-0.844,1.102,-0.1511,-0.5957,-0.6504,0.0,0.0,-0.636,0.0,-0.08856,0.004745,-0.418,-1.567,0.0,0.0,-0.5,0.1416,0.831,0.159,0.0,2.0,0.0,0.0,0.0,-3.656,-0.1337999999999999,,,
1.281,0.05466,1.501,0.484,-0.459,0.2856,-0.5366,1.0,1.0,-0.8936,-1.164,0.608,0.0,0.00225,0.853,-0.2056,-0.2573,0.1566,0.573,-0.2368,-0.1663,-1.433,-0.844,1.102,-0.5977,-0.6484,0.0,0.0,-0.6343,0.0,-0.0921,0.09094,-0.481,-0.2766,-1.0,-0.5,-0.5,0.2421,0.657,0.0743,0.0,3.0,0.0,0.0,0.0,-0.676,0.4590379999999999,,,
1.219,0.332,1.615,0.494,2.312,0.4285,-0.5283,1.0,1.0,-0.951,-1.213,0.647,0.0,0.0027,0.4119,-0.193,-0.2607,0.4934,0.5786,0.7961,-0.1823,-0.2368,-1.433,-0.844,-0.599,-0.646,0.0,0.0,-0.6313,0.0,-0.08136,0.3215,-0.6406,0.8877,0.0,0.0,0.0,-0.0822,0.8926,0.2194,1.0,0.0,0.0,0.0,0.0,2.184,0.1923235999999999,,,
0.9927,0.2546,1.637,0.5107,-0.06683,0.5713,-0.5205,1.0,1.0,-0.979,-1.204,0.6567,0.0,0.00315,0.4988,-0.1824,-0.256,0.3862,0.5986,0.1941999999999999,-0.1926,0.7954,-0.2368,-1.433,-0.6,-0.644,0.0,0.0,-0.6294,0.0,-0.0788,0.6,-0.8384,0.163,0.0,0.5,0.5,-0.2043,0.8022,0.2286,2.0,0.0,0.0,0.0,0.0,0.3914,-1.613736,,,
1.279,-1.072,1.203,0.5093,-4.09,0.4285,-0.512,0.0,1.0,-0.7437,-1.009,0.5215,0.0,0.003601,2.906,-0.175,-0.2499,-1.032,0.6084,-2.4299,-0.2037,0.194,0.7954,-0.2368,-0.6055,-0.6436,0.0,0.0,-0.629,0.0,-0.117,-0.1054,-0.3516,-2.537,0.0,0.0,0.0,1.099,-0.2688,-0.4666,0.0,1.0,0.0,0.0,0.0,-6.06,1.422952,,,
1.29,-0.1472,1.504,0.511,-0.8643,0.2856,-0.504,0.0,1.0,-0.8936,-1.166,0.6196,0.0,0.00405,2.723,-0.1779,-0.2444,-0.0949,0.6104,2.1041000000000003,-0.2051,-2.428,0.194,0.7954,-0.6094,-0.642,0.0,0.0,-0.628,0.0,-0.0899,0.0477,-0.4487,3.943,1.0,0.0,0.0,0.2157,0.6387,0.01744,1.0,0.0,0.0,0.0,0.0,7.785,0.5367800000000001,,,
1.206,0.1531,1.629,0.5225,-4.734,0.4285,-0.4958,1.0,1.0,-0.9585,-1.219,0.663,0.0,0.0045,0.9756,-0.1942,-0.2369,0.2566,0.617,0.8688,-0.2001,2.104,-2.428,0.194,-0.6104,-0.6406,0.0,0.0,-0.627,0.0,-0.078,0.3699,-0.6733,0.813,2.0,0.0,0.5,-0.10095,0.9395,0.2135,2.0,0.0,0.0,0.0,0.0,1.985,-0.0793559999999999,,,
1.134,-0.0678,1.594,0.5366,-0.8735,0.5713,-0.4878,1.0,1.0,-0.9478,-1.195,0.655,0.0,0.00495,0.501,-0.226,-0.2229,-0.006668,0.636,-0.1537,-0.2015,0.868,2.104,-2.428,-0.6094,-0.6396,0.0,0.0,-0.6255,0.0,-0.08044,0.4902,-0.7603,-0.1621,1.0,0.0,0.5,-0.1918,0.593,0.1449,0.0,1.0,0.0,0.0,0.0,-0.3855,0.0004719999999999,,,
0.795,-0.02458,1.594,0.533,3.555,0.5713,-0.4797,1.0,1.0,-0.9756,-1.168,0.6587,0.0,0.0054,0.1093,-0.2407,-0.2125,0.0179,0.6377,0.0774,-0.2152,-0.1537,0.868,2.104,-0.608,-0.6387,0.0,0.0,-0.6235,0.0,-0.07947,-0.1251,-0.3206,0.05075,1.0,0.0,0.5,-0.1926,0.5576,0.1307,1.0,0.0,0.0,0.0,0.0,0.1213,-0.5483439999999998,,,
0.7773,-0.3225,1.472,0.5254,-5.477,0.4285,-0.4714,0.0,1.0,-0.92,-1.107,0.6235,0.0,0.00585,0.535,-0.2554,-0.2168,-0.255,0.631,-0.6939,-0.269,0.0772,-0.1537,0.868,-0.6084,-0.6377,0.0,0.0,-0.621,0.0,-0.0896,-0.3328,-0.1768,-0.6357,1.0,0.0,0.0,0.162,0.265,-0.1098,0.0,1.0,0.0,0.0,0.0,-1.516,0.0682036,,,
0.762,0.00552,1.559,0.52,-1.32,0.4285,-0.4634,1.0,1.0,-0.9614,-1.148,0.655,0.0,0.0063,0.792,-0.271,-0.2272,0.0734,0.628,0.6305,-0.2827,-0.6934,0.0772,-0.1537,-0.6084,-0.6367,0.0,0.0,-0.6196,0.0,-0.081,-0.2224,-0.2517,0.6167,1.0,0.5,0.0,-0.0513,0.524,0.0511,1.0,0.0,0.0,0.0,0.0,1.503,0.6785904000000003,,,
0.793,0.588,1.74,0.5195,7.3,0.4285,-0.4553,1.0,1.0,-1.04,-1.234,0.718,0.0,0.006752,1.277,-0.2896,-0.2411,0.6616,0.63,1.2361,-0.279,0.63,-0.6934,0.0772,-0.602,-0.6343,0.0,0.0,-0.6177,0.0,-0.0636,0.02263,-0.4187,1.108,1.0,1.0,0.5,-0.485,0.9614,0.4006,2.0,0.0,0.0,0.0,0.0,2.648,-0.6551480000000001,,,
0.8765,0.004364,1.5205,0.51,-0.7983,0.4285,-0.4473,1.0,1.0,-0.9346,-1.14,0.651,0.0,0.007202,0.6997,-0.3093,-0.2646,0.05164,0.6265,-1.2649,-0.3147,1.235,0.63,-0.6934,-0.601,-0.633,0.0,0.0,-0.616,0.0,-0.0825,-0.383,-0.1375,-1.155,1.0,0.5,0.0,0.11993,0.3992,-0.071,0.0,1.0,0.0,0.0,0.0,-2.658,-0.4272428000000001,,,
0.858,-0.10724,1.46,0.5024,-1.258,0.2856,-0.439,0.0,1.0,-0.9077,-1.108,0.6353,0.0,0.007652,-0.1656,-0.331,-0.3054,-0.05902,0.622,-0.3097,-0.395,-1.264,1.235,0.63,-0.602,-0.6313,0.0,0.0,-0.614,0.0,-0.0871,-0.2957,-0.2017,-0.227,0.0,0.0,0.0,0.2094,0.1873,-0.311,0.0,2.0,0.0,0.0,0.0,-0.544,0.2262548,,,
0.7256,0.0943,1.5205,0.503,-8.18,0.2856,-0.431,1.0,1.0,-0.947,-1.127,0.6587,0.0,0.0081,-0.0844,-0.3564,-0.3337,0.1663,0.6226,0.4693,-0.3955,-0.3096,-1.264,1.235,-0.602,-0.63,0.0,0.0,-0.614,0.0,-0.0806,0.05136,-0.4465,0.3079,1.0,0.5,0.5,0.0412,0.378,-0.06494,1.0,0.0,0.0,0.0,0.0,0.7446,0.0060535999999999,,,
0.6143,0.1292,1.532,0.5044,0.3455,0.2856,-0.4229,1.0,1.0,-0.9614,-1.124,0.667,0.0,0.00855,-0.4756,-0.3892,-0.3538,0.2036,0.6265,0.1543,-0.3975,0.469,-0.3096,-1.264,-0.6016,-0.629,0.0,0.0,-0.6143,0.0,-0.07855,0.1257,-0.4985,0.0802,1.0,0.5,1.0,-0.02652,0.3792,0.02756,2.0,0.0,0.0,0.0,0.0,0.1913,-0.8097640000000003,,,
0.711,-0.45,1.33,0.499,-2.807,0.1428,-0.4146,0.0,1.0,-0.855,-1.03,0.604,0.0,0.009,0.4573,-0.431,-0.3716,-0.3887,0.625,-1.2279,-0.396,0.154,0.469,-0.3096,-0.602,-0.629,0.0,0.0,-0.615,0.0,-0.0964,-0.2498,-0.2384,-0.9575,0.0,0.0,0.5,0.5645,-0.10187,-0.577,0.0,1.0,0.0,0.0,0.0,-2.271,-1.0002459999999995,,,
0.833,-0.8945,1.158,0.4885,1.422,0.0,-0.4065,0.0,1.0,-0.7554,-0.9473,0.551,0.0,0.00945,1.139,-0.4507,-0.3906,-0.8545,0.62,-1.0769,-0.3787,-1.227,0.154,0.469,-0.6055,-0.6284,0.0,0.0,-0.6167,0.0,-0.1114,-0.4502,-0.10187,-0.8633,0.0,0.0,0.0,0.9204,-0.6323,-0.9766,0.0,2.0,0.0,0.0,0.0,-2.13,-0.381872,,,
0.8623,-1.611,0.9165,0.483,1.075,0.0,-0.3984,0.0,1.0,-0.614,-0.806,0.474,0.0,0.0099,2.03,-0.4487,-0.4082,-1.477,0.607,-1.6089,-0.3474,-1.076,-1.227,0.154,-0.614,-0.629,0.0,0.0,-0.6196,0.0,-0.1332,-0.2683,-0.2411,-2.398,0.0,-0.5,0.0,1.558,-1.316,-1.282,0.0,3.0,0.0,0.0,0.0,-6.12,-0.159864,,,
0.76,-1.627,0.873,0.4685,0.1448,0.0,-0.3901,0.0,1.0,-0.5957,-0.7705,0.4622,0.0,0.01035,1.616,-0.4277,-0.4214,-1.481,0.594,-0.2606,-0.3108,-1.608,-1.076,-1.227,-0.6196,-0.6284,0.0,0.0,-0.6226,0.0,-0.1367,-0.774,0.11816,-0.3328,-1.0,-0.5,-0.5,1.518,-1.339,-1.215,0.0,4.0,0.0,0.0,0.0,-0.8945,-0.114052,,,
0.654,-1.499,0.8647,0.4507,0.04495,-0.1428,-0.382,0.0,1.0,-0.599,-0.7563,0.4622,0.0,0.0108,-0.0353,-0.3909,-0.4275,-1.364,0.5815,0.0001,-0.2756,-0.2607,-1.608,-1.076,-0.6255,-0.629,0.0,0.0,-0.6245,0.0,-0.137,-1.042,0.3096,0.0,-2.0,-1.0,-1.0,1.388,-1.217,-1.04,0.0,0.0,0.0,0.0,0.0,0.0,1.0957039999999998,,,
0.709,-0.6787,1.084,0.439,-0.485,-0.2856,-0.374,0.0,1.0,-0.7236,-0.8945,0.537,0.0,0.01125,2.73,-0.3508,-0.4226,-0.48,0.5664,1.6651,-0.2683,0.0,-0.2607,-1.608,-0.6294,-0.629,0.0,0.0,-0.625,0.0,-0.1162,-0.581,-0.01012,1.954,-1.0,-1.0,-0.5,0.6577,-0.313,-0.5376,1.0,0.0,0.0,0.0,0.0,5.297,0.4748000000000001,,,
0.797,-0.2288,1.192,0.4297,-0.6714,-0.4285,-0.366,0.0,1.0,-0.7764,-0.963,0.576,0.0,0.0117,2.018,-0.3208,-0.4104,-0.02234,0.56,0.8331,-0.27,1.664,0.0,-0.2607,-0.6323,-0.6284,0.0,0.0,-0.626,0.0,-0.10547,-0.4136,-0.12476,1.083,0.0,-0.5,-0.5,0.2869,0.0695,-0.275,2.0,0.0,0.0,0.0,0.0,2.79,0.7182600000000002,,,
0.736,0.2795,1.335,0.427,-3.55,-0.2856,-0.3577,1.0,1.0,-0.8555,-1.035,0.6274,0.0,0.01215,0.7285,-0.2986,-0.3926,0.504,0.5586,1.0561,-0.2734,0.8325,1.664,0.0,-0.632,-0.627,0.0,0.0,-0.6265,0.0,-0.0914,-0.0797,-0.3567,0.9854,1.0,0.0,0.0,-0.11127,0.5083,0.0517,3.0,0.0,0.0,0.0,0.0,2.475,-0.9434999999999996,,,
0.93,-0.4695,1.076,0.416,-2.084,-0.4285,-0.3496,0.0,1.0,-0.7017,-0.908,0.545,0.0,0.0126,1.773,-0.2795,-0.3738,-0.2703,0.553,-1.6499,-0.278,1.055,0.8325,1.664,-0.632,-0.628,0.0,0.0,-0.626,0.0,-0.1146,-0.4749,-0.08496,-1.312,1.0,-0.5,-0.5,0.6377,-0.198,-0.4768,0.0,1.0,0.0,0.0,0.0,-3.188,-0.6071000000000003,,,
1.024,-0.9043,0.8906,0.3958,1.331,-0.5713,-0.3416,0.0,1.0,-0.585,-0.803,0.4858,0.0,0.013054,1.57,-0.2585,-0.3506,-0.7354,0.54,-1.2429,-0.2605,-1.649,1.055,0.8325,-0.6313,-0.6294,0.0,0.0,-0.6274,0.0,-0.1315,-0.901,0.2119,-1.512,1.0,-1.0,-1.0,1.141,-0.713,-0.7705,0.0,2.0,0.0,0.0,0.0,-3.875,0.08062,,,
0.9795,-0.598,0.9434,0.382,-0.2644,-0.7144,-0.3333,0.0,1.0,-0.6206,-0.8325,0.506,0.0,0.013504,0.7837,-0.2357,-0.326,-0.4119,0.528,0.4421,-0.2573,-1.242,-1.649,1.055,-0.63,-0.631,0.0,0.0,-0.6294,0.0,-0.126,-0.639,0.02757,0.4182,1.0,-0.5,-0.5,0.8813,-0.4377,-0.598,1.0,0.0,0.0,0.0,0.0,1.115,0.088984,,,
1.009,-0.4355,0.957,0.3704,-0.2025,-0.7144,-0.3252,0.0,1.0,-0.6265,-0.8433,0.513,0.0,0.013954,0.4548,-0.2166,-0.3079,-0.264,0.521,0.1594999999999999,-0.2573,0.4417,-1.242,-1.649,-0.6284,-0.6323,0.0,0.0,-0.631,0.0,-0.124,-0.559,-0.02867,0.12427,1.0,0.0,0.0,0.7456,-0.334,-0.512,2.0,0.0,0.0,0.0,0.0,0.327,0.70556176,,,
0.9746,0.04752,1.064,0.3591,-1.324,-0.7144,-0.3171,1.0,1.0,-0.6914,-0.905,0.5527,0.0,0.014404,0.411,-0.2059,-0.294,0.1957,0.5156,0.8461,-0.2656,0.1594,0.4417,-1.242,-0.628,-0.634,0.0,0.0,-0.6323,0.0,-0.1132,-0.4883,-0.0744,0.8286,1.0,0.5,0.0,0.3906,0.0911,-0.2507,3.0,0.0,0.0,0.0,0.0,2.168,1.0750039999999998,,,
1.073,1.264,1.403,0.3557,10.22,-0.7144,-0.3088,1.0,1.0,-0.863,-1.098,0.671,0.0,0.014854,2.906,-0.2181,-0.287,1.33,0.523,2.4731,-0.2563,0.8457,0.1594,0.4417,-0.625,-0.634,0.0,0.0,-0.632,0.0,-0.08057,-0.0822,-0.3496,4.41,2.0,1.0,0.0,-0.505,1.089,0.4377,4.0,0.0,0.0,0.0,0.0,7.785,0.1668360000000001,,,
0.973,1.583,1.505,0.3604,0.3872,-0.5713,-0.3008,1.0,1.0,-0.92,-1.141,0.71,0.0,0.015305,-0.4014,-0.2461,-0.286,1.672,0.5283,0.7651,-0.2411,2.473,0.8457,0.1594,-0.622,-0.6333,0.0,0.0,-0.631,0.0,-0.06976,0.2487,-0.581,0.699,3.0,1.5,0.5,-0.7246,1.269,0.62,5.0,0.0,0.0,0.0,0.0,1.655,-0.091724,,,
0.861,1.455,1.489,0.369,0.0509,-0.4285,-0.2927,1.0,1.0,-0.9214,-1.123,0.71,0.0,0.01575,-0.4954,-0.2864,-0.2908,1.608,0.534,0.0001,-0.2439,0.7646,2.473,0.8457,-0.6167,-0.6323,0.0,0.0,-0.6313,0.0,-0.0699,0.4644,-0.735,0.0,2.0,1.0,0.5,-0.6978,1.081,0.6284,0.0,0.0,0.0,0.0,0.0,0.0,-0.01912,,,
0.7686,1.158,1.439,0.3828,-0.07306,-0.2856,-0.2847,1.0,1.0,-0.905,-1.091,0.698,0.0,0.0162,0.2666,-0.3264,-0.3015,1.277,0.5527,-0.2241,-0.2324,0.0,0.7646,2.473,-0.61,-0.632,0.0,0.0,-0.631,0.0,-0.0735,0.784,-0.965,-0.2834,1.0,0.5,0.5,-0.5215,0.897,0.526,0.0,1.0,0.0,0.0,0.0,-0.6553,-0.316608,,,
0.77,0.576,1.297,0.3943,-0.3682,-0.1428,-0.2764,1.0,1.0,-0.8335,-1.018,0.655,0.0,0.01665,0.501,-0.353,-0.314,0.6885,0.5674,-0.8275,-0.2294,-0.2241,0.0,0.7646,-0.605,-0.632,0.0,0.0,-0.6304,0.0,-0.0858,0.62,-0.853,-0.7114,0.0,0.0,0.5,-0.0777,0.5356,0.2786,0.0,2.0,0.0,0.0,0.0,-1.656,-0.015404,,,
0.8887,-0.0006523,1.144,0.402,-0.804,0.0,-0.2683,1.0,1.0,-0.7427,-0.9434,0.608,0.0,0.0171,0.353,-0.3586,-0.3276,0.1278,0.576,-0.9271,-0.2361,-0.8276,-0.2241,0.0,-0.6016,-0.6313,0.0,0.0,-0.631,0.0,-0.0992,0.405,-0.705,-0.758,-1.0,0.0,0.5,0.3115,0.0884,0.03717,0.0,3.0,0.0,0.0,0.0,-1.811,-0.3215411999999997,,,
0.7646,-0.2683,1.062,0.4026,-3.414,0.0,-0.2603,0.0,1.0,-0.707,-0.886,0.584,0.0,0.01755,0.3774,-0.3428,-0.3445,-0.1854,0.584,-0.4772,-0.2461,-0.927,-0.8276,-0.2241,-0.6006,-0.6313,0.0,0.0,-0.632,0.0,-0.106,0.0817,-0.4773,-0.465,-2.0,0.0,0.0,0.4924,-0.1254,-0.07007,0.0,4.0,0.0,0.0,0.0,-1.145,-0.5364900000000001,,,
0.793,-0.7827,0.889,0.3958,3.07,0.0,-0.252,0.0,1.0,-0.603,-0.7837,0.5293,0.0,0.018,1.384,-0.3237,-0.362,-0.7485,0.5864,-1.1309,-0.2445,-0.4773,-0.927,-0.8276,-0.6055,-0.633,0.0,0.0,-0.633,0.0,-0.12164,-0.266,-0.236,-1.06,-2.0,-0.5,-0.5,0.963,-0.5845,-0.3635,0.0,5.0,0.0,0.0,0.0,-2.648,-0.4089040000000001,,,
0.803,-0.972,0.7993,0.3833,0.4219,-0.1428,-0.2439,0.0,1.0,-0.546,-0.726,0.5015,0.0,0.01845,0.4683,-0.3145,-0.3813,-0.938,0.5776,-0.5859,-0.2386,-1.13,-0.4773,-0.927,-0.6123,-0.634,0.0,0.0,-0.6333,0.0,-0.1296,-0.571,-0.02177,-0.7104,-2.0,-1.0,-1.0,1.098,-0.837,-0.5,0.0,5.0,0.0,0.0,0.0,-1.84,0.293733708,,,
0.6587,-0.1195,1.046,0.3835,-0.889,-0.1428,-0.2357,0.0,1.0,-0.7065,-0.868,0.5903,0.0,0.0189,1.383,-0.3054,-0.3943,-0.05804,0.577,1.9191,-0.2512,-0.586,-1.13,-0.4773,-0.616,-0.6343,0.0,0.0,-0.632,0.0,-0.105,0.07495,-0.472,1.958,-1.0,-1.0,-0.5,0.2678,0.0668,-0.03275,1.0,0.0,0.0,0.0,0.0,5.168,-1.2776912000000002,,,
0.7715,-0.8306,0.8354,0.3835,18.77,-0.1428,-0.2277,0.0,1.0,-0.5713,-0.747,0.5215,0.0,0.01935,1.609,-0.2966,-0.3992,-0.7935,0.583,-1.4079,-0.2654,1.918,-0.586,-1.13,-0.622,-0.6353,0.0,0.0,-0.6313,0.0,-0.12445,0.03592,-0.4524,-1.063,-1.0,-1.5,-0.5,0.9204,-0.4775,-0.466,0.0,1.0,0.0,0.0,0.0,-2.646,0.099216,,,
0.898,-1.354,0.666,0.3777,0.879,-0.1428,-0.2195,0.0,1.0,-0.4504,-0.6436,0.466,0.0,0.0198,1.279,-0.298,-0.3994,-1.32,0.581,-1.1789,-0.2666,-1.407,1.918,-0.586,-0.628,-0.6367,0.0,0.0,-0.6313,0.0,-0.1401,-0.233,-0.2673,-1.304,-1.0,-1.5,-1.0,1.44,-0.878,-0.805,0.0,2.0,0.0,0.0,0.0,-3.395,1.5384200000000003,,,
0.8613,-0.553,0.895,0.3774,-0.5386,-0.1428,-0.2114,0.0,1.0,-0.601,-0.793,0.549,0.0,0.02025,1.661,-0.3108,-0.3962,-0.5005,0.5806,1.8351,-0.2678,-1.178,-1.407,1.918,-0.63,-0.638,0.0,0.0,-0.6313,0.0,-0.1171,0.015396,-0.4343,1.692,0.0,-1.5,-1.0,0.6226,0.03076,-0.3047,1.0,0.0,0.0,0.0,0.0,4.574,0.3953280000000002,,,
0.83,-0.1316,1.015,0.3774,-0.8213,-0.2856,-0.2032,0.0,1.0,-0.6743,-0.8633,0.594,0.0,0.0207,0.8716,-0.3364,-0.3914,-0.0942,0.585,0.9508,-0.2676,1.834,-1.178,-1.407,-0.63,-0.6387,0.0,0.0,-0.631,0.0,-0.1046,0.03265,-0.4412,0.874,1.0,-1.0,-1.0,0.1439,0.3472,-0.03284,2.0,0.0,0.0,0.0,0.0,2.234,0.1770191999999999,,,
0.6855,0.12317,1.064,0.3696,-5.28,-0.2856,-0.1951,1.0,1.0,-0.715,-0.881,0.6157,0.0,0.02115,1.838,-0.3652,-0.3875,0.1382,0.583,0.4415,-0.269,0.95,1.834,-1.178,-0.627,-0.6387,0.0,0.0,-0.6313,0.0,-0.09894,-0.2908,-0.2076,0.749,1.0,-0.5,-1.0,-0.03165,0.4822,0.1043,3.0,0.0,0.0,0.0,0.0,1.859,-0.455396,,,
0.832,-0.358,0.8823,0.354,-2.379,-0.4285,-0.187,0.0,1.0,-0.595,-0.782,0.5566,0.0,0.0216,0.82,-0.402,-0.3862,-0.3696,0.575,-1.1874,-0.27,0.4412,0.95,1.834,-0.625,-0.639,0.0,0.0,-0.631,0.0,-0.1156,-0.6245,0.02313,-0.9,1.0,-0.5,-1.5,0.5547,0.02518,-0.263,0.0,1.0,0.0,0.0,0.0,-2.205,0.921864,,,
0.913,0.4143,1.071,0.3435,-2.85,-0.4285,-0.1788,1.0,1.0,-0.7007,-0.904,0.6274,0.0,0.02205,1.914,-0.4482,-0.3882,0.3794,0.571,1.4801,-0.2812,-1.1875,0.4412,0.95,-0.624,-0.6396,0.0,0.0,-0.6294,0.0,-0.096,-0.3508,-0.1632,1.466,2.0,0.0,-1.0,0.00951,0.684,0.1396,1.0,0.0,0.0,0.0,0.0,3.729,0.3864295999999999,,,
0.838,1.311,1.312,0.3403,2.066,-0.4285,-0.1708,1.0,1.0,-0.8354,-1.031,0.718,0.0,0.0225,0.3425,-0.4731,-0.3953,1.2705,0.5713,1.8081,-0.2698,1.4795,-1.1875,0.4412,-0.617,-0.6387,0.0,0.0,-0.627,0.0,-0.071,-0.0396,-0.3743,2.658,2.0,0.5,-0.5,-0.5923,1.357,0.6235,2.0,0.0,1.0,0.0,9.375,6.465,0.2725864,,,
0.773,1.589,1.394,0.343,0.347,-0.4285,-0.1626,1.0,1.0,-0.882,-1.068,0.7534,0.0,0.02295,0.2183,-0.4807,-0.407,1.524,0.5806,0.6695,-0.2507,1.807,1.4795,-1.1875,-0.608,-0.637,0.0,0.0,-0.624,0.0,-0.06137,0.1827,-0.529,0.9575,2.0,1.0,0.0,-0.7573,1.482,0.7173,3.0,0.0,0.0,0.0,0.0,2.203,-0.1289403999999999,,,
0.856,1.366,1.341,0.3486,-0.00926,-0.4285,-0.1544,1.0,1.0,-0.849,-1.048,0.7417,0.0,0.0234,1.15,-0.4722,-0.4236,1.274,0.593,-0.2185,-0.2349,0.669,1.807,1.4795,-0.6016,-0.6353,0.0,0.0,-0.622,0.0,-0.065,0.3008,-0.6143,-0.3115,1.0,0.5,0.0,-0.574,1.269,0.5615,0.0,1.0,0.0,0.0,0.0,-0.7017,0.4736239999999999,,,
0.8057,2.139,1.598,0.363,0.703,-0.2856,-0.1464,1.0,1.0,-0.976,-1.171,0.84,0.0,0.02385,1.369,-0.4402,-0.4326,2.002,0.61,1.8341,-0.1819,-0.2185,0.669,1.807,-0.5938,-0.6323,0.0,0.0,-0.62,0.0,-0.03772,0.5913,-0.8096,2.355,2.0,1.0,0.5,-1.11,1.857,0.9067,1.0,0.0,0.0,0.0,0.0,5.344,1.423964,,,
0.7026,2.156,1.937,0.3914,0.57,-0.1428,-0.1382,1.0,1.0,-1.129,-1.312,0.887,1.0,-0.171,1.438,-0.3728,-0.4214,2.002,0.5703,2.2901,-0.07697,1.833,-0.2185,0.669,-0.582,-0.628,0.0,0.0,-0.6167,0.0,-0.001745,0.9873,-1.076,3.63,2.0,1.5,1.0,-1.454,2.111,1.113,2.0,0.0,0.0,0.0,0.0,7.785,-0.8245080000000002,,,
0.787,2.117,1.734,0.4167,-0.1833,0.0,-0.1301,1.0,1.0,-1.038,-1.231,0.8267,0.0,-0.1705,-0.3218,-0.2883,-0.3875,2.002,0.5996,-1.0359,-0.02339,2.29,1.833,-0.2185,-0.5703,-0.6255,0.0,0.0,-0.6147,0.0,-0.01971,0.8623,-0.9946,-1.469,1.0,1.0,1.0,-1.113,1.951,0.771,0.0,1.0,0.0,0.0,0.0,-2.943,-0.144268,,,
0.7456,2.113,1.784,0.4373,0.1311,0.1428,-0.12195,1.0,1.0,-1.0625,-1.25,0.853,0.0,-0.1702,0.991,-0.2024,-0.3367,2.002,0.624,0.4686,0.03378,-1.035,2.29,1.833,-0.5605,-0.6226,0.0,0.0,-0.612,0.0,-0.012344,0.776,-0.9297,0.6763,1.0,1.0,1.0,-1.17,1.915,0.7383,1.0,0.0,0.0,0.0,0.0,1.399,0.8405720000000002,,,
0.637,2.156,1.995,0.4695,0.3376,0.2856,-0.11383,1.0,1.0,-1.157,-1.33,0.887,1.0,-0.171,0.8145,-0.11487,-0.2795,2.002,0.606,1.4511,0.11633,0.4683,-1.035,2.29,-0.5503,-0.619,0.0,0.0,-0.6074,0.0,0.01159,1.144,-1.182,1.866,2.0,1.0,1.5,-1.454,2.111,0.827,2.0,0.0,0.0,0.0,0.0,3.809,-0.4775600000000001,,,
0.5845,2.04,1.938,0.5054,-0.0688,0.4285,-0.1057,1.0,1.0,-1.14,-1.303,0.878,0.0,-0.1705,-0.2109,-0.012,-0.208,2.002,0.6416,-0.1576,0.1748,1.45,0.4683,-1.035,-0.542,-0.6157,0.0,0.0,-0.603,0.0,0.00845,1.329,-1.314,-0.2439,1.0,1.0,1.5,-1.326,1.958,0.678,0.0,1.0,0.0,0.0,0.0,-0.4758,0.060636,,,
0.642,1.343,1.789,0.5317,-0.2173,0.5713,-0.09753,1.0,1.0,-1.073,-1.244,0.8354,0.0,-0.1702,1.118,0.08716,-0.1345,1.383,0.6685,-0.7289,0.2031,-0.1576,1.45,0.4683,-0.5347,-0.612,0.0,0.0,-0.5986,0.0,-0.004543,1.046,-1.118,-0.953,0.0,0.5,1.0,-0.897,1.5205,0.491,0.0,2.0,0.0,0.0,0.0,-1.869,-0.3841319999999998,,,
0.7197,0.792,1.663,0.552,-0.2798,0.7144,-0.0894,1.0,1.0,-1.013,-1.193,0.801,0.0,-0.1697,0.915,0.1783,-0.06354,0.828,0.6914,-0.6159,0.2023,-0.729,-0.1576,1.45,-0.5317,-0.6084,0.0,0.0,-0.5938,0.0,-0.01544,0.829,-0.9683,-1.1045,0.0,0.0,0.5,-0.529,1.175,0.35,0.0,3.0,0.0,0.0,0.0,-2.217,1.047648,,,
0.579,1.441,1.929,0.578,0.9272,0.7144,-0.0813,1.0,1.0,-1.136,-1.298,0.887,1.0,-0.171,0.2483,0.2764,0.01443,1.369,0.7163,1.8111,0.2113,-0.616,-0.729,-0.1576,-0.5293,-0.6045,0.0,0.0,-0.5874,0.0,0.01416,0.9526,-1.043,4.098,0.0,0.0,0.5,-1.064,1.768,0.5425,1.0,0.0,0.0,0.0,0.0,7.785,1.355004,,,
0.572,2.068,2.229,0.6177,0.574,0.857,-0.0732,1.0,1.0,-1.25,-1.414,0.887,1.0,-0.171,1.72,0.3596,0.09094,2.002,0.6465,1.9481,0.2688,1.811,-0.616,-0.729,-0.521,-0.5996,0.0,0.0,-0.581,0.0,0.048,1.303,-1.278,3.607,0.0,0.5,1.0,-1.454,2.111,0.7124,2.0,0.0,0.0,0.0,0.0,6.984,-0.618216,,,
0.5835,1.241,2.03,0.647,-0.278,0.857,-0.06506,1.0,1.0,-1.175,-1.339,0.832,0.0,-0.1705,0.2817,0.4277,0.1681,1.28,0.6753,-0.9442,0.2678,1.948,1.811,-0.616,-0.5156,-0.5967,0.0,0.0,-0.574,0.0,0.02986,1.002,-1.07,-1.926,0.0,0.0,0.5,-1.057,1.76,0.5044,0.0,1.0,0.0,0.0,0.0,-3.516,0.016306,,,
0.5103,1.093,2.031,0.6704,0.013435,0.857,-0.05692,1.0,1.0,-1.182,-1.334,0.8423,0.0,-0.1702,-0.1829,0.472,0.2379,1.154,0.6973,0.1825,0.2307,-0.944,1.948,1.811,-0.513,-0.5933,0.0,0.0,-0.567,0.0,0.03296,0.902,-0.998,0.1614,1.0,0.0,0.5,-1.005,1.655,0.4844,1.0,0.0,0.0,0.0,0.0,0.3035,0.8352303999999999,,,
0.504,1.757,2.314,0.7,0.7373,0.857,-0.04877,1.0,1.0,-1.2705,-1.441,0.887,1.0,-0.171,1.268,0.5054,0.3057,1.813,0.6733,1.8441,0.2416,0.1824,-0.944,1.948,-0.506,-0.5894,0.0,0.0,-0.559,0.0,0.0661,1.008,-1.06,3.213,2.0,0.5,0.5,-1.445,2.111,0.6787,2.0,0.0,0.0,0.0,0.0,6.01,-1.026444,,,
0.6064,0.7583,2.033,0.7236,-0.447,0.857,-0.04065,1.0,1.0,-1.175,-1.343,0.8057,0.0,-0.1705,0.7817,0.5244,0.3696,0.7983,0.6987,-1.3999,0.217,1.844,0.1824,-0.944,-0.5005,-0.586,0.0,0.0,-0.5527,0.0,0.0386,0.7363,-0.877,-2.746,1.0,0.0,0.5,-0.7437,1.531,0.4043,0.0,1.0,0.0,0.0,0.0,-4.855,-0.145474,,,
0.5464,0.504,1.975,0.739,-0.1904,0.857,-0.03253,1.0,1.0,-1.157,-1.314,0.7954,0.0,-0.1702,0.11334,0.5195,0.4207,0.556,0.7144,-0.1792,0.181,-1.4,1.844,0.1824,-0.4941,-0.582,0.0,0.0,-0.547,0.0,0.03503,0.5566,-0.7505,-0.1963,0.0,-0.5,0.0,-0.653,1.244,0.335,0.0,2.0,0.0,0.0,0.0,-0.363,0.4640579999999998,,,
0.4426,0.867,2.11,0.748,0.7964,0.857,-0.02438,1.0,1.0,-1.217,-1.359,0.8486,0.0,-0.1697,0.734,0.5,0.4539,0.925,0.7266,0.9621,0.11304,-0.1793,-1.4,1.844,-0.4895,-0.5776,0.0,0.0,-0.5396,0.0,0.0524,0.439,-0.6587,1.006,1.0,0.0,0.0,-0.914,1.49,0.4668,1.0,0.0,0.0,0.0,0.0,1.87,0.3181959999999999,,,
0.517,0.9297,2.162,0.7646,0.2039,0.857,-0.01627,1.0,1.0,-1.23,-1.385,0.8755,0.0,-0.1692,1.283,0.477,0.4739,0.986,0.7446,0.4671,0.0598,0.9614,-0.1793,-1.4,-0.4875,-0.5728,0.0,0.0,-0.5327,0.0,0.06076,0.705,-0.8447,0.843,1.0,0.5,0.5,-0.9653,1.533,0.5215,2.0,0.0,0.0,0.0,0.0,1.521,-0.021108,,,
0.4763,0.6875,2.1,0.778,-0.1229,0.857,-0.00813,1.0,1.0,-1.211,-1.358,0.865,0.0,-0.1688,0.06168,0.4412,0.4788,0.76,0.7593,-0.1725,0.02141,0.4668,0.9614,-0.1793,-0.4841,-0.5674,0.0,0.0,-0.527,0.0,0.05716,0.616,-0.7827,-0.2015,0.0,0.5,0.0,-0.8325,1.276,0.446,0.0,1.0,0.0,0.0,0.0,-0.3586,-1.198708,,,
0.5957,-0.1539,1.799,0.7764,-1.036,0.7144,0.0,0.0,1.0,-1.081,-1.244,0.776,0.0,-0.1683,0.6636,0.3853,0.4678,-0.0999,0.7666,-1.5619,-0.03793,-0.1725,0.4668,0.9614,-0.4844,-0.563,0.0,0.0,-0.523,0.0,0.02711,0.09937,-0.427,-1.837,0.0,0.0,-0.5,-0.03458,0.629,0.0687,0.0,2.0,0.0,0.0,0.0,-3.287,-0.2626311999999998,,,
0.852,-0.3088,1.732,0.775,2.41,0.5713,0.00813,0.0,1.0,-1.032,-1.236,0.762,0.0,-0.1678,2.604,0.318,0.4373,-0.194,0.7637,-0.2432,-0.1236,-1.561,-0.1725,0.4668,-0.4893,-0.559,0.0,0.0,-0.519,0.0,0.02208,0.0828,-0.417,-0.6606,0.0,-0.5,-0.5,0.0794,0.4653,-0.035,0.0,3.0,0.0,1.0,-5.09,-1.242,0.8005904000000001,,,
0.756,0.02693,1.851,0.7812,-1.443,0.5713,0.01627,1.0,1.0,-1.09,-1.279,0.8105,0.0,-0.1674,0.5513,0.242,0.3945,0.1752,0.77,0.8888,-0.1726,-0.2432,-1.561,-0.1725,-0.4893,-0.554,0.0,0.0,-0.5156,0.0,0.03778,0.34,-0.5938,1.017,0.0,0.0,0.0,-0.2273,0.7954,0.1733,1.0,0.0,0.0,0.0,0.0,1.928,-1.7687176,,,
1.088,-1.282,1.389,0.7773,-12.79,0.4285,0.02438,0.0,1.0,-0.8545,-1.092,0.664,0.0,-0.167,2.182,0.1514,0.347,-1.167,0.7764,-2.4299,-0.1713,0.888,-0.2432,-1.561,-0.4941,-0.5503,0.0,0.0,-0.5156,0.0,-0.01105,-0.01688,-0.36,-3.709,-1.0,-0.5,0.0,1.008,-0.3125,-0.6396,0.0,1.0,0.0,0.0,0.0,-6.73,0.2753155999999999,,,
1.026,-1.15,1.402,0.7666,0.01622,0.2856,0.03253,0.0,1.0,-0.8657,-1.094,0.676,0.0,-0.1665,0.536,0.06696,0.294,-1.078,0.7783,0.2274,-0.1926,-2.428,0.888,-0.2432,-0.501,-0.547,0.0,0.0,-0.5146,0.0,-0.00757,-0.2362,-0.2019,0.3608,0.0,-0.5,0.0,0.77,-0.2585,-0.6177,1.0,0.0,0.0,0.0,0.0,0.725,0.0851759999999999,,,
0.839,-0.9497,1.419,0.747,-0.06726,0.1428,0.04065,0.0,1.0,-0.889,-1.087,0.689,0.0,-0.166,-0.1212,-0.02322,0.2311,-0.9277,0.774,0.2581,-0.2087,0.2272,-2.428,0.888,-0.5083,-0.544,0.0,0.0,-0.514,0.0,-0.00335,-0.549,0.02296,0.209,1.0,0.0,0.0,0.586,-0.1522,-0.573,2.0,0.0,0.0,0.0,0.0,0.417,0.2660039999999999,,,
0.754,-0.3464,1.592,0.7383,-0.609,0.0,0.04877,0.0,1.0,-0.9775,-1.164,0.756,0.0,-0.1656,0.647,-0.11017,0.159,-0.3218,0.7715,1.2791,-0.2134,0.2578,0.2272,-2.428,-0.5127,-0.54,0.0,0.0,-0.5137,0.0,0.01845,-0.1581,-0.2461,1.283,2.0,0.5,0.5,0.1005,0.4407,-0.1807,3.0,0.0,0.0,0.0,0.0,2.54,-0.1086799999999999,,,
0.8203,-0.4653,1.5205,0.7275,0.6133,-0.1428,0.05692,0.0,1.0,-0.939,-1.135,0.7393,0.0,-0.1652,0.3923,-0.2012,0.08856,-0.459,0.7705,-0.3075,-0.2188,1.279,0.2578,0.2272,-0.5137,-0.536,0.0,0.0,-0.513,0.0,0.012726,-0.2415,-0.189,-0.2747,1.0,0.0,0.0,0.1711,0.2048,-0.297,0.0,1.0,0.0,0.0,0.0,-0.523,-1.4306079999999997,,,
0.962,-1.18,1.217,0.6987,2.121,-0.2856,0.06506,0.0,1.0,-0.7764,-0.99,0.6426,0.0,-0.1647,1.193,-0.2805,0.010254,-1.155,0.752,-1.8009,-0.2098,-0.3074,1.279,0.2578,-0.5186,-0.5337,0.0,0.0,-0.513,0.0,-0.01968,-0.872,0.2468,-3.648,1.0,-0.5,-0.5,0.969,-0.562,-0.877,0.0,2.0,0.0,1.0,-7.91,-6.73,0.2450415999999999,,,
0.9897,-0.829,1.283,0.6797,-0.2078,-0.4285,0.0732,0.0,1.0,-0.809,-1.028,0.6724,0.0,-0.1643,1.88,-0.322,-0.07623,-0.695,0.7295,0.5924,-0.2249,-1.801,-0.3074,1.279,-0.524,-0.5317,0.0,0.0,-0.5127,0.0,-0.010345,-0.5522,0.02298,1.508,1.0,0.0,0.0,0.679,-0.227,-0.73,1.0,0.0,0.0,0.0,0.0,3.068,-0.44156,,,
1.074,-1.177,1.119,0.6577,0.63,-0.5713,0.0813,0.0,1.0,-0.7144,-0.945,0.6226,0.0,-0.1638,0.2188,-0.3271,-0.1519,-1.048,0.718,-0.9689,-0.1931,0.5923,-1.801,-0.3074,-0.5254,-0.531,0.0,0.0,-0.514,0.0,-0.02725,-0.654,0.08844,-1.608,0.0,0.0,0.0,1.0625,-0.6113,-0.9424,0.0,1.0,0.0,0.0,0.0,-3.215,1.10972,,,
0.9604,-0.04434,1.435,0.6406,-0.971,-0.5713,0.0894,1.0,1.0,-0.8867,-1.1045,0.7393,0.0,-0.1633,1.719,-0.3074,-0.2197,0.06854,0.7114,2.3321,-0.1996,-0.9688,0.5923,-1.801,-0.523,-0.5283,0.0,0.0,-0.5156,0.0,0.01099,-0.419,-0.0623,3.371,0.0,0.5,0.0,0.1434,0.4812,-0.235,1.0,0.0,0.0,0.0,0.0,6.95,0.3370787999999999,,,
0.801,0.3152,1.502,0.624,10.52,-0.5713,0.09753,1.0,1.0,-0.932,-1.124,0.7705,0.0,-0.163,0.0178,-0.265,-0.2715,0.4578,0.7007,0.5901,-0.1998,2.332,-0.9688,0.5923,-0.52,-0.5264,0.0,0.0,-0.5156,0.0,0.02116,-0.402,-0.0697,0.727,1.0,0.5,0.0,-0.047,0.706,-0.04492,2.0,0.0,0.0,0.0,0.0,1.396,0.7181559999999999,,,
0.8145,0.932,1.662,0.614,1.797,-0.5713,0.1057,1.0,1.0,-1.004,-1.201,0.8354,0.0,-0.1625,1.34,-0.2329,-0.311,1.054,0.7007,1.1891,-0.1917,0.59,2.332,-0.9688,-0.5166,-0.525,0.0,0.0,-0.515,0.0,0.04227,-0.1764,-0.2214,1.902,2.0,1.0,0.5,-0.4836,1.082,0.3184,3.0,0.0,0.0,0.0,0.0,3.588,0.091704,,,
0.75,1.003,1.674,0.613,0.2083,-0.4285,0.11383,1.0,1.0,-1.015,-1.201,0.8486,0.0,-0.162,0.2203,-0.2166,-0.331,1.137,0.7046,0.2352999999999999,-0.2051,1.188,0.59,2.332,-0.5127,-0.5225,0.0,0.0,-0.5156,0.0,0.0463,0.1268,-0.4358,0.3728,2.0,1.0,1.0,-0.4937,1.083,0.4255,4.0,0.0,0.0,0.0,0.0,0.6777,0.3029127999999999,,,
0.5083,1.167,1.723,0.6157,0.2952,-0.2856,0.12195,1.0,1.0,-1.056,-1.203,0.8755,0.0,-0.1616,-0.08997,-0.2115,-0.338,1.298,0.713,0.4671,-0.1873,0.2351,1.188,0.59,-0.5034,-0.5205,0.0,0.0,-0.5146,0.0,0.05484,0.2415,-0.5137,0.506,3.0,1.0,1.5,-0.6094,1.148,0.535,5.0,0.0,0.0,0.0,0.0,0.913,0.3264648000000001,,,
0.463,1.289,1.751,0.615,0.2378,-0.2856,0.1301,1.0,1.0,-1.071,-1.212,0.887,1.0,-0.171,0.1837,-0.2194,-0.3403,1.388,0.715,0.3453,-0.1628,0.4668,0.2351,1.188,-0.4949,-0.5186,0.0,0.0,-0.513,0.0,0.06104,0.1676,-0.4583,0.5557,3.0,1.0,1.5,-0.759,1.063,0.579,5.92,0.0,0.0,0.0,0.0,0.989,0.0746951999999999,,,
0.367,1.142,1.728,0.629,0.01796,-0.1428,0.1382,1.0,1.0,-1.069,-1.193,0.887,1.0,-0.171,0.7544,-0.2396,-0.3416,1.284,0.725,0.02856,-0.1482,0.345,0.4668,0.2351,-0.4841,-0.5166,0.0,0.0,-0.512,0.0,0.06128,0.811,-0.917,0.03772,3.0,1.5,2.0,-0.6855,0.964,0.552,5.92,0.0,0.0,0.0,0.0,0.0664,0.5699168,,,
0.2927,1.359,1.824,0.645,0.3235,0.0,0.1464,1.0,1.0,-1.116,-1.2295,0.887,1.0,-0.171,-0.06036,-0.2625,-0.3413,1.527,0.7007,0.7676999999999999,-0.1228,0.02844,0.345,0.4668,-0.4763,-0.514,0.0,0.0,-0.5117,0.0,0.0758,0.8823,-0.9614,1.101,3.0,1.5,2.0,-0.86,1.1875,0.722,5.92,0.0,0.0,0.0,0.0,1.937,0.3212744,,,
0.3499,1.482,1.8955,0.663,0.225,0.1428,0.1544,1.0,1.0,-1.141,-1.265,0.887,1.0,-0.171,0.876,-0.2688,-0.3389,1.677,0.686,0.6111,-0.08014,0.767,0.02844,0.345,-0.4683,-0.511,0.0,0.0,-0.51,0.0,0.08746,0.9277,-0.9883,1.01,3.0,1.5,2.0,-1.007,1.274,0.7925,5.92,0.0,0.0,0.0,0.0,1.733,-0.3663359999999999,,,
0.342,1.129,1.798,0.6733,-0.1085,0.2856,0.1626,1.0,1.0,-1.101,-1.223,0.8633,0.0,-0.1705,0.03653,-0.258,-0.3335,1.335,0.698,-0.4086,-0.04562,0.6104,0.767,0.02844,-0.4636,-0.509,0.0,0.0,-0.5073,0.0,0.07886,0.6553,-0.798,-0.5527,2.0,1.5,1.5,-0.733,1.003,0.5903,0.0,1.0,0.0,0.0,0.0,-0.9316,-0.002708,,,
0.2952,1.052,1.792,0.6855,0.06573,0.4285,0.1708,1.0,1.0,-1.103,-1.216,0.871,0.0,-0.1702,-0.2798,-0.2336,-0.3228,1.313,0.7075,0.1381,-0.01462,-0.4084,0.6104,0.767,-0.4592,-0.508,0.0,0.0,-0.505,0.0,0.08136,0.762,-0.8726,0.1625,2.0,1.5,2.0,-0.769,0.88,0.545,1.0,0.0,0.0,0.0,0.0,0.2773,-0.4861036000000001,,,
0.2764,0.434,1.624,0.702,-0.4492,0.5713,0.1788,1.0,1.0,-1.03,-1.14,0.8223,0.0,-0.1697,0.3142,-0.1732,-0.3018,0.675,0.727,-0.8519,-0.00169,0.138,-0.4084,0.6104,-0.4578,-0.5063,0.0,0.0,-0.5034,0.0,0.06396,1.023,-1.066,-0.9863,1.0,1.5,2.0,-0.335,0.47,0.3076,0.0,1.0,0.0,0.0,0.0,-1.677,0.8561040000000001,,,
0.1467,0.7812,1.769,0.722,0.8535,0.7144,0.187,1.0,1.0,-1.1045,-1.194,0.8823,0.0,-0.1692,0.538,-0.07764,-0.2576,0.8965,0.7607,1.0731,0.003387,-0.8516,0.138,-0.4084,-0.4548,-0.505,0.0,0.0,-0.499,0.0,0.0846,1.087,-1.103,1.388,1.0,1.5,2.0,-0.6826,0.8433,0.4905,1.0,0.0,0.0,0.0,0.0,2.424,0.7451960000000001,,,
0.1418,1.048,1.912,0.752,0.4639,0.857,0.1951,1.0,1.0,-1.164,-1.255,0.887,1.0,-0.171,0.615,0.02701,-0.1945,1.143,0.7393,1.0381,0.02483,1.072,-0.8516,0.138,-0.4495,-0.5034,0.0,0.0,-0.4941,0.0,0.1052,1.492,-1.383,1.359,1.0,1.5,2.0,-1.028,1.1,0.6396,2.0,0.0,0.0,0.0,0.0,2.297,0.5330839999999999,,,
-0.005444,1.228,2.012,0.7754,0.3027,0.857,0.2032,1.0,1.0,-1.215,-1.283,0.887,1.0,-0.171,-0.662,0.1248,-0.12213,1.309,0.7227,0.7671,0.05676,1.037,1.072,-0.8516,-0.4438,-0.501,0.0,0.0,-0.4888,0.0,0.1209,1.412,-1.319,0.7427,2.0,1.5,2.0,-1.186,1.281,0.7036,3.0,0.0,1.0,0.0,6.54,1.216,-0.3641359999999999,,,
0.0698,0.741,1.881,0.7925,-0.2634,0.857,0.2114,1.0,1.0,-1.157,-1.235,0.8525,0.0,-0.1705,0.4075,0.2018,-0.04816,0.8115,0.7417,-0.5939,0.0776,0.767,1.037,1.072,-0.4412,-0.4985,0.0,0.0,-0.4846,0.0,0.10785,1.093,-1.096,-0.928,1.0,1.0,2.0,-0.863,0.8984,0.4949,0.0,1.0,0.0,0.0,0.0,-1.483,-0.197908,,,
0.00391,0.4387,1.791,0.802,-0.2598,0.857,0.2195,1.0,1.0,-1.125,-1.191,0.8315,0.0,-0.1702,0.02512,0.2588,0.02316,0.4795,0.757,-0.3686,0.0791,-0.5938,0.767,1.037,-0.4385,-0.4968,0.0,0.0,-0.4807,0.0,0.0998,0.7856,-0.881,-0.5063,1.0,0.5,1.5,-0.625,0.665,0.3638,0.0,2.0,0.0,0.0,0.0,-0.824,0.1539652000000001,,,
-0.03433,0.5947,1.8545,0.8125,0.4543,0.857,0.2277,1.0,1.0,-1.154,-1.216,0.863,0.0,-0.1697,-0.06256,0.3003,0.09064,0.6074,0.7734,0.5591,0.04227,-0.3684,-0.5938,0.767,-0.4348,-0.495,0.0,0.0,-0.475,0.0,0.111,0.8433,-0.9165,0.8135,1.0,0.5,1.5,-0.7593,0.8125,0.4436,1.0,0.0,0.0,0.0,0.0,1.34,0.0559959999999999,,,
-0.0447,0.535,1.845,0.822,0.03918,0.857,0.2357,1.0,1.0,-1.151,-1.211,0.869,0.0,-0.1692,-0.2632,0.3218,0.1451,0.566,0.7837,0.1048,0.003813,0.559,-0.3684,-0.5938,-0.4287,-0.4932,0.0,0.0,-0.4697,0.0,0.1129,0.7905,-0.878,0.12317,1.0,0.5,1.5,-0.7275,0.753,0.4294,2.0,0.0,0.0,0.0,0.0,0.1995,0.1728297599999999,,,
-0.06616,0.947,1.998,0.835,0.8467,0.857,0.2439,1.0,1.0,-1.215,-1.272,0.887,1.0,-0.171,0.4016,0.3296,0.1907,0.9834,0.756,1.0961,-0.066,0.1047,0.559,-0.3684,-0.4224,-0.49,0.0,0.0,-0.4626,0.0,0.1357,0.915,-0.9565,1.414,1.0,1.0,1.5,-1.0,1.137,0.698,3.0,0.0,0.0,0.0,0.0,2.283,1.3138079999999996,,,
-0.0876,1.525,2.227,0.857,0.735,0.857,0.252,1.0,1.0,-1.2705,-1.359,0.887,1.0,-0.171,1.054,0.3337,0.232,1.565,0.6973,1.5141,-0.0392,1.096,0.1047,0.559,-0.4148,-0.4856,0.0,0.0,-0.4558,0.0,0.1683,1.102,-1.075,2.53,2.0,1.0,1.5,-1.39,1.61,0.9746,4.0,0.0,0.0,0.0,0.0,3.947,-0.5454079999999998,,,
0.04727,1.122,2.111,0.872,-0.135,0.857,0.2603,1.0,1.0,-1.249,-1.327,0.8604,0.0,-0.1705,1.21,0.3398,0.2664,1.107,0.7183,-0.4574,-0.03955,1.513,1.096,0.1047,-0.4102,-0.482,0.0,0.0,-0.4497,0.0,0.1573,0.8506,-0.901,-0.8994,2.0,1.0,1.0,-1.08,1.277,0.751,0.0,1.0,0.0,0.0,0.0,-1.341,0.2758267999999998,,,
-0.01622,1.366,2.217,0.888,0.35,0.857,0.2683,1.0,1.0,-1.2705,-1.361,0.887,1.0,-0.171,0.312,0.3438,0.294,1.335,0.7197,0.7817999999999999,-0.004436,-0.4575,1.513,1.096,-0.402,-0.4763,0.0,0.0,-0.444,0.0,0.1746,0.884,-0.917,1.135,2.0,1.0,1.0,-1.225,1.457,0.8257,1.0,0.0,0.0,0.0,0.0,1.715,-0.3070359999999999,,,
-0.0006084,1.035,2.127,0.9043,-0.11066,0.857,0.2764,1.0,1.0,-1.259,-1.329,0.869,0.0,-0.1705,-0.278,0.3325,0.3123,1.036,0.734,-0.3099,0.00637,0.7817,-0.4575,1.513,-0.3938,-0.4712,0.0,0.0,-0.4387,0.0,0.1671,0.901,-0.932,-0.3586,1.0,0.5,1.0,-0.9688,1.208,0.65,0.0,1.0,0.0,0.0,0.0,-0.5293,-0.4835335999999999,,,
0.0624,0.566,1.982,0.916,-0.3157,0.857,0.2847,1.0,1.0,-1.198,-1.277,0.8315,0.0,-0.1702,-0.3198,0.2974,0.3215,0.593,0.745,-0.6503,-0.002785,-0.31,0.7817,-0.4575,-0.3887,-0.4666,0.0,0.0,-0.4343,0.0,0.152,0.667,-0.772,-0.678,0.0,0.0,0.5,-0.6177,0.8345,0.4224,0.0,2.0,0.0,0.0,0.0,-1.011,-0.3083879999999999,,,
0.04843,0.1812,1.868,0.9297,-0.502,0.857,0.2927,1.0,1.0,-1.153,-1.229,0.8037,0.0,-0.1697,-0.4937,0.2522,0.3223,0.236,0.757,-0.4916,-0.02264,-0.65,-0.31,0.7817,-0.3853,-0.463,0.0,0.0,-0.4307,0.0,0.1406,0.752,-0.8374,-0.5093,-1.0,0.0,0.5,-0.3733,0.5347,0.252,0.0,3.0,0.0,0.0,0.0,-0.775,0.9388468,,,
0.03032,0.824,2.11,0.947,2.75,0.857,0.3008,1.0,1.0,-1.25,-1.324,0.887,1.0,-0.171,1.083,0.2252,0.3186,0.8857,0.766,1.6231,-0.01894,-0.4915,-0.65,-0.31,-0.3801,-0.458,0.0,0.0,-0.4258,0.0,0.1761,0.84,-0.8843,2.031,0.0,0.5,0.5,-0.891,1.124,0.614,1.0,0.0,0.0,0.0,0.0,3.139,1.2432519999999996,,,
0.0434,1.451,2.314,0.968,0.8735,0.857,0.3088,1.0,1.0,-1.2705,-1.416,0.887,1.0,-0.171,1.484,0.2294,0.3203,1.445,0.709,1.5921,0.03854,1.622,-0.4915,-0.65,-0.3745,-0.4512,0.0,0.0,-0.4197,0.0,0.2125,0.9224,-0.927,3.598,0.0,0.5,0.5,-1.315,1.634,0.8774,2.0,0.0,0.0,0.0,0.0,5.29,0.8163388,,,
0.105,2.049,2.314,0.994,0.5503,0.857,0.3171,1.0,1.0,-1.2705,-1.443,0.887,1.0,-0.171,1.438,0.2725,0.3354,1.92,0.663,1.5621,0.1475,1.592,1.622,-0.4915,-0.3635,-0.4436,0.0,0.0,-0.4126,0.0,0.2495,1.02,-0.9795,5.31,1.0,0.5,0.5,-1.454,2.072,1.01,3.0,0.0,0.0,0.0,0.0,7.438,-0.2884119999999999,,,
0.1558,1.368,2.314,1.019,-0.2083,0.857,0.3252,1.0,1.0,-1.2705,-1.443,0.838,0.0,-0.1705,0.2018,0.3225,0.3484,1.248,0.6836,-0.8419,0.1831,1.562,1.592,1.622,-0.357,-0.436,0.0,0.0,-0.4062,0.0,0.2277,0.9126,-0.9126,-1.353,1.0,0.0,0.5,-1.149,1.604,0.693,0.0,1.0,0.0,0.0,0.0,-1.806,-0.1150687999999999,,,
0.2076,1.18,2.314,1.046,-0.005592,0.857,0.3333,1.0,1.0,-1.2705,-1.439,0.842,0.0,-0.1702,0.5044,0.3696,0.3547,1.091,0.703,0.06657,0.2045,-0.8413,1.562,1.592,-0.349,-0.4297,0.0,0.0,-0.3997,0.0,0.2289,1.013,-0.9834,0.0939,2.0,0.0,1.0,-1.059,1.46,0.617,1.0,0.0,0.0,0.0,0.0,0.1288,-0.2377959999999999,,,
0.2688,0.659,2.223,1.066,-0.3076,0.857,0.3416,1.0,1.0,-1.2705,-1.388,0.804,0.0,-0.1697,0.0591,0.4111,0.3594,0.5815,0.72,-0.6635,0.1693,0.06647,-0.8413,1.562,-0.3418,-0.424,0.0,0.0,-0.3933,0.0,0.212,0.766,-0.8145,-0.8525,1.0,0.0,0.5,-0.655,1.106,0.4277,0.0,1.0,0.0,0.0,0.0,-1.167,0.490054,,,
0.3416,0.8774,2.314,1.091,0.4485,0.857,0.3496,1.0,1.0,-1.2705,-1.435,0.8496,0.0,-0.1692,1.079,0.44,0.3728,0.821,0.738,0.8130999999999999,0.1632,-0.663,0.06647,-0.8413,-0.3308,-0.4185,0.0,0.0,-0.3867,0.0,0.2313,0.8467,-0.8633,1.478,1.0,0.0,0.5,-0.8745,1.302,0.5444,1.0,0.0,0.0,0.0,0.0,2.064,0.2087799999999999,,,
0.2827,0.9077,2.314,1.11,0.1672,0.857,0.3577,1.0,1.0,-1.2705,-1.442,0.872,0.0,-0.1688,-0.4536,0.4563,0.3906,0.8745,0.7534,0.3966,0.1749,0.813,-0.663,0.06647,-0.3228,-0.4126,0.0,0.0,-0.3809,0.0,0.241,0.787,-0.8164,0.4695,1.0,0.5,0.5,-0.9585,1.28,0.559,2.0,0.0,0.0,0.0,0.0,0.6396,1.1736559999999996,,,
0.2164,1.558,2.314,1.133,0.835,0.857,0.366,1.0,1.0,-1.2705,-1.443,0.887,1.0,-0.171,1.044,0.4753,0.4133,1.511,0.702,1.6211,0.2385,0.3962,0.813,-0.663,-0.3142,-0.406,0.0,0.0,-0.3738,0.0,0.2815,0.8237,-0.8247,2.809,2.0,1.0,0.5,-1.365,1.798,0.7817,3.0,0.0,0.0,0.0,0.0,3.781,-0.2096199999999999,,,
0.2057,0.948,2.314,1.151,-0.2637,0.857,0.374,1.0,1.0,-1.2705,-1.443,0.8394,0.0,-0.1705,-0.1783,0.5005,0.4387,0.8784,0.722,-0.8179,0.2399,1.62,0.3962,0.813,-0.3127,-0.4001,0.0,0.0,-0.3672,0.0,0.2593,0.7046,-0.749,-1.683,1.0,1.0,0.5,-0.9004,1.338,0.5303,0.0,1.0,0.0,0.0,0.0,-2.156,0.3578503999999999,,,
0.1879,1.126,2.314,1.17,0.3171,0.857,0.382,1.0,1.0,-1.2705,-1.443,0.877,0.0,-0.1702,0.1141,0.525,0.463,1.033,0.741,0.6587999999999999,0.2313,-0.818,1.62,0.3962,-0.3066,-0.3938,0.0,0.0,-0.3594,0.0,0.2756,0.702,-0.7397,1.37,2.0,1.0,0.5,-1.012,1.478,0.6035,1.0,0.0,0.0,0.0,0.0,1.801,-0.21094,,,
0.2612,0.5703,2.314,1.185,-0.3584,0.857,0.3901,1.0,1.0,-1.2705,-1.427,0.831,0.0,-0.1697,0.095,0.534,0.4817,0.492,0.7554,-0.7914,0.1956,0.6587,-0.818,1.62,-0.3032,-0.3884,0.0,0.0,-0.353,0.0,0.2542,0.569,-0.654,-1.572,1.0,0.5,0.5,-0.576,1.058,0.3828,0.0,1.0,0.0,0.0,0.0,-2.025,-0.114162,,,
0.3496,0.1625,2.2,1.2,-0.535,0.857,0.3984,1.0,1.0,-1.258,-1.386,0.801,0.0,-0.1692,0.554,0.5234,0.4905,0.10657,0.768,-0.5336,0.1345,-0.791,0.6587,-0.818,-0.2996,-0.3838,0.0,0.0,-0.3474,0.0,0.2397,0.579,-0.6675,-1.273,0.0,0.0,0.5,-0.279,0.7666,0.2264,0.0,2.0,0.0,0.0,0.0,-1.682,-0.2512752,,,
0.4683,-0.1153,2.115,1.217,-1.084,0.7144,0.4065,0.0,1.0,-1.217,-1.363,0.785,0.0,-0.1688,0.7905,0.485,0.4883,-0.1105,0.7773,-0.2821,0.08673,-0.5337,-0.791,0.6587,-0.299,-0.3792,0.0,0.0,-0.343,0.0,0.2318,0.615,-0.6963,-0.846,-1.0,0.0,0.5,-0.1674,0.532,0.122,0.0,3.0,0.0,0.0,0.0,-1.137,-0.2141479999999999,,,
0.471,-0.4785,1.975,1.219,11.56,0.5713,0.4146,0.0,1.0,-1.163,-1.308,0.7515,0.0,-0.1683,0.4656,0.4214,0.4785,-0.4626,0.7837,-0.6132,0.06415,-0.2822,-0.5337,-0.791,-0.3015,-0.375,0.0,0.0,-0.3406,0.0,0.2158,0.2712,-0.4575,-1.261,-1.0,-0.5,0.0,0.0776,0.1932,-0.0653,0.0,4.0,0.0,0.0,0.0,-1.709,-0.1698280000000001,,,
0.3335,-0.374,1.988,1.213,-0.148,0.4285,0.4229,0.0,1.0,-1.179,-1.302,0.766,0.0,-0.1678,-0.4116,0.351,0.4636,-0.3904,0.79,0.2681,0.02643,-0.6133,-0.2822,-0.5337,-0.308,-0.37,0.0,0.0,-0.3376,0.0,0.2219,0.05325,-0.299,0.553,-1.0,0.0,0.0,-0.07764,0.2162,-0.02948,1.0,0.0,0.0,0.0,0.0,0.7646,1.8730552,,,
0.268,1.09,2.314,1.217,-5.21,0.4285,0.431,1.0,1.0,-1.2705,-1.443,0.887,1.0,-0.171,0.2954,0.3193,0.4543,0.9243,0.762,2.7441000000000004,0.0658,0.2678,-0.6133,-0.2822,-0.3025,-0.3638,0.0,0.0,-0.3318,0.0,0.301,0.346,-0.4724,9.62,0.0,0.0,0.0,-1.115,1.495,0.75,2.0,0.0,1.0,0.0,9.375,7.785,0.5521280000000001,,,
0.2708,1.214,2.314,1.23,0.2462,0.4285,0.439,1.0,1.0,-1.2705,-1.443,0.887,1.0,-0.171,0.4458,0.2937,0.4404,1.05,0.749,0.5031,0.09766,2.744,0.2678,-0.6133,-0.2974,-0.3574,0.0,0.0,-0.3252,0.0,0.3137,0.626,-0.666,1.584,1.0,0.0,0.5,-1.147,1.561,0.769,3.0,0.0,0.0,0.0,0.0,1.971,-0.8779959999999997,,,
0.369,0.432,2.268,1.234,-0.5117,0.4285,0.4473,1.0,1.0,-1.2705,-1.412,0.81,0.0,-0.1705,0.519,0.2644,0.4148,0.2852,0.7573,-1.3269,0.04663,0.503,2.744,0.2678,-0.2942,-0.3528,0.0,0.0,-0.3196,0.0,0.2764,0.286,-0.4397,-3.21,1.0,-0.5,0.0,-0.4675,0.951,0.3604,0.0,1.0,0.0,0.0,0.0,-3.934,0.5808119999999998,,,
0.356,0.772,2.314,1.249,0.8413,0.4285,0.4553,1.0,1.0,-1.2705,-1.443,0.863,0.0,-0.1702,0.468,0.2294,0.3772,0.678,0.7656,0.9508,-0.0266,-1.326,0.503,2.744,-0.2864,-0.347,0.0,0.0,-0.3125,0.0,0.301,0.5513,-0.618,1.998,2.0,0.0,0.5,-0.741,1.235,0.6304,1.0,0.0,0.0,0.0,0.0,2.553,0.7958840000000004,,,
0.292,1.231,2.314,1.267,0.708,0.4285,0.4634,1.0,1.0,-1.2705,-1.443,0.887,1.0,-0.171,0.8857,0.2017,0.3354,1.148,0.739,1.2041,-0.013466,0.95,-1.326,0.503,-0.274,-0.3398,0.0,0.0,-0.3054,0.0,0.3333,0.6104,-0.6455,3.318,2.0,0.0,0.5,-1.041,1.606,0.9116,2.0,0.0,0.0,0.0,0.0,4.117,0.1527892,,,
0.3257,1.778,2.314,1.292,0.5786,0.4285,0.4714,1.0,1.0,-1.2705,-1.443,0.887,1.0,-0.171,1.033,0.1769,0.2986,1.759,0.678,1.4311,0.0948,1.203,0.95,-1.326,-0.2546,-0.332,0.0,0.0,-0.298,0.0,0.3735,0.7314,-0.7144,3.242,2.0,0.5,0.5,-1.42,1.964,1.076,3.0,0.0,0.0,0.0,0.0,3.879,-0.0953318399999999,,,
0.3413,1.074,2.314,1.298,-0.271,0.4285,0.4797,1.0,1.0,-1.2705,-1.443,0.8223,0.0,-0.1705,0.0546,0.1609,0.2756,1.045,0.6895,-1.1099,0.1442,1.431,1.203,0.95,-0.2402,-0.3252,0.0,0.0,-0.294,0.0,0.3396,0.3096,-0.4275,-2.86,1.0,0.5,0.0,-0.8228,1.399,0.632,0.0,1.0,0.0,0.0,0.0,-3.273,-0.3927679999999999,,,
0.458,0.561,2.314,1.304,-0.3413,0.4285,0.4878,1.0,1.0,-1.2705,-1.443,0.7773,0.0,-0.1702,0.0882,0.1531,0.2542,0.54,0.6987,-0.8049000000000001,0.1477,-1.11,1.431,1.203,-0.2379,-0.3198,0.0,0.0,-0.2898,0.0,0.3154,0.2998,-0.431,-3.205,1.0,0.5,0.0,-0.3904,0.9854,0.3613,0.0,2.0,0.0,1.0,-5.574,-3.8,-0.3642211999999998,,,
0.4841,0.2632,2.229,1.302,-0.362,0.4285,0.4958,1.0,1.0,-1.258,-1.408,0.7505,0.0,-0.1697,0.2095,0.1449,0.229,0.2532,0.7026,-0.4916,0.1364,-0.805,-1.11,1.431,-0.2389,-0.3154,0.0,0.0,-0.2861,0.0,0.3013,0.11926,-0.308,-0.878,0.0,0.5,-0.5,-0.1375,0.7026,0.1953,0.0,3.0,0.0,0.0,0.0,-1.068,0.1902944,,,
0.4895,-0.0607,2.098,1.301,-0.871,0.4285,0.504,1.0,1.0,-1.209,-1.358,0.721,0.0,-0.1692,-0.3528,0.1312,0.1996,-0.05023,0.7065,-0.5395,0.0959,-0.4915,-0.805,-1.11,-0.2372,-0.3115,0.0,0.0,-0.2825,0.0,0.286,0.1597,-0.3435,-0.8364,-1.0,0.0,-0.5,0.1293,0.4395,0.0178,0.0,4.0,0.0,0.0,0.0,-1.034,0.1915544,,,
0.4392,-0.12305,2.068,1.305,-3.1,0.2856,0.512,0.0,1.0,-1.201,-1.343,0.722,0.0,-0.1688,-0.1748,0.11487,0.1687,-0.0919,0.7124,0.02042,0.0702,-0.539,-0.4915,-0.805,-0.2384,-0.3079,0.0,0.0,-0.2798,0.0,0.2861,0.2598,-0.4146,0.03506,-1.0,0.0,0.0,0.1318,0.4092,-0.007084,1.0,0.0,0.0,0.0,0.0,0.0441,-0.3607880000000001,,,
0.4956,-0.5063,1.92,1.306,9.945,0.2856,0.5205,0.0,1.0,-1.139,-1.287,0.687,0.0,-0.1683,0.839,0.09595,0.1383,-0.501,0.7217,-0.6703,0.04977,0.02031,-0.539,-0.4915,-0.2456,-0.3044,0.0,0.0,-0.278,0.0,0.2673,0.1814,-0.3667,-1.558,-1.0,-0.5,0.0,0.435,0.119,-0.2241,0.0,1.0,0.0,0.0,0.0,-1.957,-0.4935159999999999,,,
0.502,-0.8745,1.778,1.307,1.059,0.2856,0.5283,0.0,1.0,-1.08,-1.228,0.6523,0.0,-0.1678,-0.10205,0.06525,0.1114,-0.876,0.729,-0.6635,0.05582,-0.67,0.02031,-0.539,-0.2598,-0.3013,0.0,0.0,-0.2788,0.0,0.2493,0.1664,-0.3638,-0.8984,-1.0,-0.5,0.0,0.7305,-0.1272,-0.4036,0.0,2.0,0.0,0.0,0.0,-1.152,0.64094,,,
0.4636,-0.353,1.965,1.315,-0.5693,0.2856,0.5283,0.0,1.0,-1.159,-1.303,0.719,0.0,-0.1674,0.134,0.02048,0.0904,-0.343,0.737,1.3131,0.04785,-0.6636,-0.67,0.02031,-0.2659,-0.2969,0.0,0.0,-0.2773,0.0,0.283,0.303,-0.4463,2.154,0.0,-0.5,0.0,0.0834,0.3342,-0.053,1.0,0.0,0.0,0.0,0.0,2.824,0.6865359999999999,,,
0.2458,-0.03177,2.05,1.306,-1.13,0.2856,0.5283,1.0,1.0,-1.21,-1.319,0.756,0.0,-0.167,0.4553,-0.00712,0.07263,-0.05685,0.7417,0.6920999999999999,0.05063,1.3125,-0.6636,-0.67,-0.2673,-0.2927,0.0,0.0,-0.276,0.0,0.301,-0.03537,-0.1965,1.752,1.0,-0.5,0.0,-0.1598,0.593,0.1301,2.0,0.0,0.0,0.0,0.0,2.205,-0.3504079999999999,,,
0.2056,-0.2798,1.923,1.288,-5.215,0.1428,0.5366,0.0,1.0,-1.163,-1.265,0.7256,0.0,-0.1665,-0.4824,-0.0398,0.05035,-0.3208,0.741,-0.5575,0.0376,0.6914,1.3125,-0.6636,-0.2688,-0.2903,0.0,0.0,-0.274,0.0,0.2852,-0.2306,-0.06396,-0.817,0.0,-1.0,-0.5,0.0688,0.2793,-0.06122,0.0,1.0,0.0,0.0,0.0,-1.006,0.1178688,,,
0.1644,-0.346,1.876,1.28,0.4893,0.0,0.545,0.0,1.0,-1.147,-1.241,0.72,0.0,-0.166,-0.02013,-0.08264,0.02563,-0.383,0.7427,-0.1012,0.0096,-0.5576,0.6914,1.3125,-0.2688,-0.2888,0.0,0.0,-0.2717,0.0,0.282,0.00822,-0.2356,-0.1847,0.0,-1.0,-0.5,0.0869,0.1726,-0.12305,0.0,2.0,0.0,0.0,0.0,-0.2316,-0.0283702399999999,,,
0.3005,-0.9243,1.626,1.257,2.469,-0.1428,0.5527,0.0,1.0,-1.029,-1.142,0.6504,0.0,-0.1656,1.3125,-0.1394,-0.006676,-0.999,0.741,-1.3209,-0.01672,-0.1013,-0.5576,0.6914,-0.2732,-0.2878,0.0,0.0,-0.2705,0.0,0.2457,-0.4355,0.06537,-1.963,0.0,-1.0,-1.0,0.66,-0.3945,-0.577,0.0,3.0,0.0,0.0,0.0,-2.469,0.2244612,,,
0.184,-0.5146,1.714,1.228,-0.3862,-0.2856,0.5527,0.0,1.0,-1.078,-1.173,0.687,0.0,-0.1652,-0.256,-0.1974,-0.0517,-0.6147,0.735,0.7211,-0.08295,-1.321,-0.1013,-0.5576,-0.2732,-0.2864,0.0,0.0,-0.268,0.0,0.264,-0.561,0.163,1.144,0.0,-0.5,-1.0,0.285,-0.10046,-0.4211,1.0,0.0,0.0,0.0,0.0,1.5,-0.5188400000000001,,,
0.11145,-0.6826,1.582,1.185,0.5474,-0.4285,0.5527,0.0,1.0,-1.024,-1.105,0.6523,0.0,-0.1647,-0.02219,-0.2507,-0.1121,-0.8154,0.722,-0.6635,-0.1345,0.7207,-1.321,-0.1013,-0.2732,-0.285,0.0,0.0,-0.2666,0.0,0.2461,-1.082,0.527,-0.8584,-1.0,-0.5,-1.5,0.5234,-0.4038,-0.756,0.0,1.0,0.0,0.0,0.0,-1.102,0.3332095999999999,,,
0.1466,-0.583,1.556,1.15,-0.04355,-0.5713,0.5527,0.0,1.0,-1.01,-1.096,0.6514,0.0,-0.1643,0.778,-0.2761,-0.163,-0.6655,0.704,-0.02108,-0.1136,-0.6636,0.7207,-1.321,-0.277,-0.284,0.0,0.0,-0.2683,0.0,0.2449,-0.9155,0.408,-0.0512,-1.0,-1.0,-1.5,0.4565,-0.4243,-0.7026,0.0,2.0,0.0,0.0,0.0,-0.0671,0.201652,,,
0.02155,-0.1547,1.654,1.128,-0.779,-0.7144,0.5527,0.0,1.0,-1.064,-1.132,0.691,0.0,-0.1638,-0.0507,-0.2668,-0.2063,-0.2069,0.694,0.7841,-0.1139,-0.02116,-0.6636,0.7207,-0.281,-0.283,0.0,0.0,-0.27,0.0,0.265,-0.5127,0.1295,1.503,0.0,-0.5,-1.0,0.12256,-0.0545,-0.3748,1.0,0.0,0.0,0.0,0.0,1.971,0.113896,,,
0.0763,-0.533,1.482,1.103,5.65,-0.857,0.5527,0.0,1.0,-0.981,-1.055,0.643,0.0,-0.1633,0.3862,-0.237,-0.2443,-0.5825,0.6865,-0.9209,-0.0963,0.7837,-0.02116,-0.6636,-0.2861,-0.2834,0.0,0.0,-0.271,0.0,0.2399,-0.5913,0.1748,-1.441,0.0,-0.5,-1.0,0.525,-0.4265,-0.6953,0.0,1.0,0.0,0.0,0.0,-1.846,1.0075720000000006,,,
0.10016,0.11566,1.669,1.091,-1.401,-0.857,0.5527,1.0,1.0,-1.064,-1.1455,0.7114,0.0,-0.163,0.808,-0.2023,-0.276,0.0764,0.6836,1.3531,-0.09717,-0.9204,0.7837,-0.02116,-0.2866,-0.2825,0.0,0.0,-0.2717,0.0,0.2744,-0.136,-0.1346,2.646,0.0,-0.5,-0.5,0.01688,0.2278,-0.1873,1.0,0.0,0.0,0.0,0.0,3.486,0.3210439999999999,,,
0.08765,0.32,1.713,1.082,1.242,-0.7144,0.5527,1.0,1.0,-1.085,-1.164,0.7344,0.0,-0.1625,-0.0809,-0.1731,-0.2942,0.27,0.685,0.4293,-0.12067,1.353,-0.9204,0.7837,-0.2815,-0.2817,0.0,0.0,-0.2732,0.0,0.2854,-0.0459,-0.1938,0.859,1.0,-0.5,-0.5,-0.1458,0.3647,0.0099,2.0,0.0,0.0,0.0,0.0,1.086,-0.5233307999999998,,,
0.1372,-0.2378,1.506,1.07,-1.352,-0.7144,0.5527,0.0,1.0,-0.9873,-1.071,0.674,0.0,-0.162,0.6973,-0.1488,-0.2998,-0.2886,0.685,-1.1289,-0.226,0.429,1.353,-0.9204,-0.2822,-0.2812,0.0,0.0,-0.2778,0.0,0.2542,-0.1451,-0.1366,-2.041,1.0,-0.5,-0.5,0.3752,-0.1117,-0.445,0.0,1.0,0.0,0.0,0.0,-2.547,0.5454919999999998,,,
0.09827,0.0575,1.591,1.068,-1.883,-0.5713,0.5527,1.0,1.0,-1.029,-1.109,0.7095,0.0,-0.1616,-0.218,-0.1364,-0.2983,0.02174,0.687,0.6900999999999999,-0.2896,-1.129,0.429,1.353,-0.2788,-0.28,0.0,0.0,-0.2803,0.0,0.2717,0.1288,-0.324,1.093,1.0,0.0,0.0,0.0556,0.149,-0.02116,1.0,0.0,0.0,0.0,0.0,1.413,-0.042572,,,
0.059,0.3542,1.667,1.062,2.416,-0.4285,0.5527,1.0,1.0,-1.067,-1.141,0.7427,0.0,-0.1611,0.2915,-0.1401,-0.294,0.3071,0.69,0.6344,-0.311,0.6895,-1.129,0.429,-0.2734,-0.2778,0.0,0.0,-0.281,0.0,0.2886,0.004093,-0.2275,0.9727,2.0,0.5,0.0,-0.1833,0.3833,0.4414,2.0,0.0,0.0,0.0,0.0,1.231,-0.35559264,,,
-0.01741,0.5127,1.693,1.051,0.522,-0.4285,0.5527,1.0,1.0,-1.085,-1.146,0.7603,0.0,-0.1606,-0.298,-0.1556,-0.2869,0.498,0.6865,0.3211,-0.3052,0.6343,0.6895,-1.129,-0.2693,-0.2751,0.0,0.0,-0.2808,0.0,0.2969,-0.07587,-0.1666,0.4207,2.0,0.5,0.0,-0.2854,0.4587,0.6426,3.0,0.0,0.0,0.0,0.0,0.5225,-0.4482099999999999,,,
0.11566,0.05887,1.521,1.039,-0.683,-0.2856,0.5527,1.0,1.0,-0.9966,-1.077,0.7104,0.0,-0.1602,0.6553,-0.1815,-0.2795,0.03766,0.6865,-0.9139,-0.3071,0.3208,0.6343,0.6895,-0.2651,-0.2732,0.0,0.0,-0.281,0.0,0.2712,-0.1572,-0.1197,-1.68,1.0,0.5,0.0,0.1686,0.0831,0.02115,0.0,1.0,0.0,0.0,0.0,-2.064,-0.1753607999999999,,,
0.1158,-0.0752,1.451,1.025,-0.8887,-0.1428,0.5527,1.0,1.0,-0.9624,-1.043,0.6943,0.0,-0.1598,-0.2087,-0.2238,-0.272,-0.09314,0.6846,-0.3069,-0.3098,-0.9136,0.3208,0.6343,-0.266,-0.274,0.0,0.0,-0.2815,0.0,0.2625,-0.1998,-0.0929,-0.4624,1.0,0.5,0.0,0.2479,-0.1052,-0.168,0.0,2.0,0.0,0.0,0.0,-0.585,-0.8070839999999997,,,
0.07086,-0.4329,1.317,1.017,-14.766,-0.1428,0.5527,0.0,1.0,-0.9004,-0.9707,0.6567,0.0,-0.1593,0.2401,-0.285,-0.2668,-0.4321,0.6836,-0.7226,-0.3013,-0.3066,-0.9136,0.3208,-0.2708,-0.2754,0.0,0.0,-0.2822,0.0,0.2427,-0.06647,-0.1967,-1.501,0.0,0.0,0.0,0.5435,-0.4023,-0.6196,0.0,3.0,0.0,0.0,0.0,-1.917,0.5091500000000001,,,
0.0501,0.01851,1.442,1.009,-1.238,0.0,0.5527,1.0,1.0,-0.9634,-1.033,0.706,0.0,-0.1588,0.4539,-0.361,-0.267,0.02704,0.6836,0.9718,-0.3125,-0.722,-0.3066,-0.9136,-0.2688,-0.2754,0.0,0.0,-0.281,0.0,0.2676,-0.01248,-0.224,1.569,0.0,0.5,0.0,0.1324,0.04727,-0.02953,1.0,0.0,0.0,0.0,0.0,2.05,-0.4747279999999999,,,
0.1125,-0.3547,1.307,1.001,-3.861,0.0,0.5527,0.0,1.0,-0.891,-0.9683,0.6675,0.0,-0.1584,0.2566,-0.4385,-0.276,-0.342,0.6846,-0.7382,-0.3096,0.971,-0.722,-0.3066,-0.2715,-0.2764,0.0,0.0,-0.2822,0.0,0.2474,-0.03123,-0.2194,-0.828,-1.0,0.0,0.0,0.4795,-0.2278,-0.497,0.0,1.0,0.0,0.0,0.0,-1.051,-0.1777208,,,
0.0866,-0.431,1.263,0.992,0.4314,0.0,0.5527,0.0,1.0,-0.8706,-0.943,0.6597,0.0,-0.158,0.343,-0.479,-0.2942,-0.4346,0.687,-0.1469,-0.3235,-0.738,0.971,-0.722,-0.2764,-0.2786,0.0,0.0,-0.2842,0.0,0.2432,-0.0588,-0.2013,-0.2754,-1.0,-0.5,0.0,0.486,-0.2988,-0.555,0.0,2.0,0.0,0.0,0.0,-0.3577,-0.1630096,,,
0.04538,-0.1292,1.334,0.9814,-0.789,0.0,0.5527,0.0,1.0,-0.9106,-0.977,0.6924,0.0,-0.1575,-0.1554,-0.493,-0.3174,-0.1422,0.6875,0.6324,-0.3303,-0.1469,-0.738,0.971,-0.2805,-0.2812,0.0,0.0,-0.285,0.0,0.2593,-0.08997,-0.1719,0.8315,0.0,0.0,0.0,0.1884,-0.02675,-0.0928,1.0,0.0,0.0,0.0,0.0,1.085,-0.1846255999999999,,,
-0.003393,0.015594,1.37,0.981,-3.098,0.1428,0.5527,1.0,1.0,-0.9326,-0.992,0.7124,0.0,-0.1571,-0.2712,-0.483,-0.3513,0.005848,0.6924,0.3928999999999999,-0.3325,0.6323,-0.1469,-0.738,-0.2803,-0.2827,0.0,0.0,-0.285,0.0,0.2693,0.214,-0.384,0.772,1.0,0.0,0.5,-0.014435,0.0836,0.2008,2.0,0.0,0.0,0.0,0.0,0.9873,-0.190416,,,
-0.0678,-0.1906,1.28,0.9673,-2.139,0.0,0.5527,0.0,1.0,-0.892,-0.9395,0.689,0.0,-0.1566,-0.2573,-0.477,-0.395,-0.2163,0.6924,-0.4494,-0.3428,0.3926,0.6323,-0.1469,-0.2808,-0.2842,0.0,0.0,-0.2842,0.0,0.2568,-0.2051,-0.09045,-0.698,0.0,-0.5,0.0,0.1827,-0.1167,-0.162,0.0,1.0,0.0,0.0,0.0,-0.883,0.3192223999999999,,,
-0.0923,0.092,1.342,0.954,-2.63,0.0,0.5527,1.0,1.0,-0.9253,-0.9697,0.7183,0.0,-0.1561,-0.06976,-0.4756,-0.445,0.07196,0.6904,0.5597,-0.339,-0.4492,0.3926,0.6323,-0.277,-0.2847,0.0,0.0,-0.2834,0.0,0.2712,-0.1724,-0.10724,0.7427,1.0,-0.5,0.0,-0.0731,0.0828,0.2365,1.0,0.0,0.0,0.0,0.0,0.952,0.8203897600000003,,,
-0.1401,0.7407,1.542,0.96,4.133,0.1428,0.5527,1.0,1.0,-1.026,-1.065,0.7964,0.0,-0.1558,0.807,-0.4595,-0.4866,0.7246,0.6978,1.4861,-0.2954,0.559,-0.4492,0.3926,-0.2715,-0.2834,0.0,0.0,-0.2805,0.0,0.3108,0.4739,-0.551,3.604,2.0,0.0,0.5,-0.582,0.686,1.06,2.0,0.0,0.0,0.0,0.0,4.54,0.110548,,,
-0.1688,0.7354,1.534,0.962,0.1263,0.1428,0.5527,1.0,1.0,-1.025,-1.061,0.803,0.0,-0.1553,-0.5156,-0.4211,-0.4792,0.687,0.708,0.11686,-0.2622,1.485,0.559,-0.4492,-0.2634,-0.2822,0.0,0.0,-0.2773,0.0,0.3135,0.368,-0.4736,0.2844,2.0,0.5,0.5,-0.583,0.632,0.9263,3.0,0.0,0.0,0.0,0.0,0.3423,0.2284635999999999,,,
-0.1799,0.831,1.555,0.961,0.259,0.1428,0.5527,1.0,1.0,-1.035,-1.068,0.8193,0.0,-0.1548,0.25,-0.3862,-0.4575,0.792,0.7124,0.2909,-0.2141,0.1167,1.485,0.559,-0.254,-0.2805,0.0,0.0,-0.2744,0.0,0.3213,0.298,-0.4202,0.479,2.0,1.0,0.5,-0.629,0.6724,0.885,4.0,0.0,0.0,0.0,0.0,0.5747,0.130888,,,
-0.2146,1.001,1.599,0.961,0.3318,0.1428,0.5527,1.0,1.0,-1.059,-1.087,0.844,0.0,-0.1544,-0.699,-0.3555,-0.4363,0.9795,0.7163,0.4421,-0.1776,0.2905,0.1167,1.485,-0.2448,-0.2776,0.0,0.0,-0.2703,0.0,0.3337,0.3293,-0.437,0.5005,3.0,1.0,0.5,-0.748,0.744,0.924,5.0,0.0,0.0,0.0,0.0,0.595,-0.798676,,,
-0.09216,0.3596,1.394,0.9595,-0.4998,0.1428,0.5527,1.0,1.0,-0.951,-0.996,0.7793,0.0,-0.1539,1.47,-0.3284,-0.4172,0.3596,0.7197,-1.1369,-0.1685,0.4417,0.2905,0.1167,-0.2407,-0.2769,0.0,0.0,-0.2688,0.0,0.3003,0.2415,-0.3887,-1.733,2.0,1.0,0.5,-0.1799,0.2479,0.3208,0.0,1.0,0.0,0.0,0.0,-2.033,0.0824495999999999,,,
0.012955,-0.2279,1.197,0.952,-1.29,0.0,0.5527,0.0,1.0,-0.842,-0.901,0.717,0.0,-0.1534,0.187,-0.3096,-0.401,-0.2242,0.7217,-1.1399,-0.1681,-1.137,0.4417,0.2905,-0.239,-0.2773,0.0,0.0,-0.269,0.0,0.268,0.005375,-0.2343,-1.395,1.0,1.0,0.5,0.3389,-0.2351,-0.2042,0.0,2.0,0.0,0.0,0.0,-1.695,-1.551804,,,
0.516,-1.686,0.7188,0.9277,10.76,0.0,0.5527,0.0,1.0,-0.516,-0.6484,0.5513,0.0,-0.1531,2.906,-0.3145,-0.398,-1.64,0.711,-2.4299,-0.07874,-1.139,-1.137,0.4417,-0.249,-0.2798,0.0,0.0,-0.2717,0.0,0.1824,-0.4644,0.0636,-9.51,0.0,0.5,0.5,1.868,-1.534,-1.282,0.0,3.0,0.0,0.0,0.0,-6.73,-1.16976,,,
0.8657,-2.307,0.4485,0.8843,0.609,-0.1428,0.5527,0.0,1.0,-0.2966,-0.4797,0.4585,0.0,-0.1526,2.803,-0.2776,-0.3794,-2.117,0.6646,-1.9419,0.08856,-2.428,-1.139,-1.137,-0.2693,-0.2837,0.0,0.0,-0.277,0.0,0.134,-0.9062,0.358,-8.88,-1.0,0.0,0.0,2.719,-2.066,-1.282,0.0,4.0,0.0,0.0,0.0,-6.73,-0.26398,,,
1.031,-2.307,0.3296,0.8413,0.2361,-0.1428,0.5527,0.0,1.0,-0.1904,-0.3975,0.4197,0.0,-0.1521,1.735,-0.1628,-0.3174,-2.123,0.6323,-0.8656,0.2428,-1.941,-2.428,-1.139,-0.2925,-0.2869,0.0,0.0,-0.284,0.0,0.1134,-0.9062,0.3494,-2.807,-2.0,0.0,0.0,2.836,-2.066,-1.282,0.0,5.0,0.0,0.0,0.0,-4.176,0.6652560000000001,,,
1.019,-2.307,0.365,0.802,0.01135,-0.1428,0.5527,0.0,1.0,-0.2197,-0.4255,0.437,0.0,-0.1516,0.656,-0.04562,-0.25,-1.922,0.6167,0.3956,0.3381,-0.865,-1.941,-2.428,-0.3154,-0.2905,0.0,0.0,-0.2908,0.0,0.12177,-0.8145,0.2878,0.778,-1.0,0.0,0.5,2.52,-1.967,-1.035,1.0,0.0,0.0,0.0,0.0,1.189,-0.2580148,,,
1.082,-2.307,0.3123,0.756,0.1267,-0.1428,0.5527,0.0,1.0,-0.1724,-0.3872,0.4219,0.0,-0.1512,0.4902,0.06744,-0.1812,-1.951,0.603,-0.3417,0.4302,0.3953,-0.865,-1.941,-0.3406,-0.2937,0.0,0.0,-0.2969,0.0,0.1137,-0.99,0.41,-0.5293,-1.0,-0.5,0.0,2.48,-1.921,-0.9536,0.0,1.0,0.0,0.0,0.0,-0.8,-1.2436840000000002,,,
1.518,-2.307,-0.02663,0.6914,0.579,-0.2856,0.5527,0.0,1.0,0.1646,-0.1118,0.3013,0.0,-0.1508,1.537,0.2448,-0.06714,-2.123,0.56,-2.4299,0.596,-0.3418,0.3953,-0.865,-0.3694,-0.2988,0.0,0.0,-0.3054,0.0,0.05124,-1.277,0.5874,-9.51,-1.0,-1.0,-0.5,2.836,-2.066,-1.139,0.0,2.0,0.0,1.0,-7.91,-6.73,0.3168608,,,
2.4,-2.307,-0.3796,0.6133,0.4631,-0.2856,0.545,0.0,0.0,0.619,0.2114,0.1743,0.0,-0.1503,2.906,0.666,0.2074,-2.123,0.4443,-2.4299,0.835,-2.428,-0.3418,0.3953,-0.4019,-0.3062,0.0,0.0,-0.3157,0.0,-0.01543,-1.396,0.644,-9.51,-1.0,-1.5,-0.5,2.836,-2.066,-1.224,0.0,3.0,0.0,1.0,-7.91,-6.73,-0.7394719999999998,,,
2.545,-2.307,-0.601,0.5205,0.258,-0.4285,0.5366,0.0,0.0,0.954,0.4612,0.0946,0.0,-0.1499,2.906,1.011,0.442,-2.123,0.4082,-2.2199,1.076,-2.428,-2.428,-0.3418,-0.4294,-0.314,0.0,0.0,-0.3286,0.0,-0.0567,-1.473,0.76,-6.266,-1.0,-1.5,-1.0,2.836,-2.066,-1.167,0.0,4.0,0.0,0.0,0.0,-6.73,2.056728,,,
2.545,-2.307,-0.313,0.4312,-0.203,-0.5713,0.5283,0.0,0.0,0.5767,0.09283,0.2023,0.0,-0.1494,2.906,1.33,0.673,-2.031,0.3623,2.7441000000000004,1.19,-2.219,-2.428,-2.428,-0.4448,-0.3213,0.0,0.0,-0.3386,0.0,-0.002302,-1.471,0.703,9.62,-1.0,-1.5,-1.0,2.836,-2.066,-0.8374,1.0,0.0,0.0,0.0,0.0,7.785,-0.5694359999999999,,,
2.545,-2.307,-0.365,0.3386,0.06726,-0.7144,0.5205,0.0,0.0,0.6616,0.1312,0.185,0.0,-0.1489,2.787,1.586,0.8794,-1.925,0.3323,-0.4687,1.292,2.744,-2.219,-2.428,-0.4587,-0.3293,0.0,0.0,-0.3486,0.0,-0.011566,-1.473,0.7266,-1.065,-1.0,-1.5,-1.5,2.836,-2.066,-0.786,0.0,1.0,0.0,0.0,0.0,-1.932,0.374056,,,
2.545,-2.307,-0.527,0.2361,0.2069,-0.857,0.512,0.0,0.0,0.8955,0.3123,0.127,0.0,-0.1486,2.607,1.776,1.061,-2.123,0.3088,-1.6049,1.3955,-0.4685,2.744,-2.219,-0.4775,-0.3372,0.0,0.0,-0.3606,0.0,-0.04166,-1.473,0.787,-2.969,-1.0,-1.5,-2.0,2.836,-2.066,-0.8047,0.0,2.0,0.0,0.0,0.0,-5.46,1.610732,,,
2.545,-2.238,-0.3972,0.1367,-0.211,-1.0,0.504,0.0,0.0,0.7227,0.1487,0.1764,0.0,-0.1481,1.463,1.893,1.212,-1.598,0.292,1.4391,1.439,-1.6045,-0.4685,2.744,-0.4922,-0.3447,0.0,0.0,-0.372,0.0,-0.01662,-1.473,0.734,2.21,0.0,-1.0,-2.0,2.836,-1.987,-0.656,1.0,0.0,0.0,0.0,0.0,4.28,1.824224,,,
2.545,-0.743,-0.1522,0.05923,-0.6074,-1.143,0.504,0.0,1.0,0.41,-0.10205,0.269,0.0,-0.1476,0.704,1.931,1.337,-0.2993,0.2776,2.5761000000000003,1.437,1.439,-1.6045,-0.4685,-0.4941,-0.3516,0.0,0.0,-0.381,0.0,0.03049,-1.156,0.4941,3.809,1.0,-0.5,-1.5,2.303,-0.5625,-0.457,2.0,0.0,1.0,0.0,9.375,7.055,0.4478536,,,
2.545,0.1538,-0.03635,-0.003101,-1.314,-1.0,0.504,1.0,1.0,0.2812,-0.2124,0.3142,0.0,-0.1472,1.24,1.881,1.436,0.3699,0.2686,1.1641,1.399,2.574,1.439,-1.6045,-0.4858,-0.358,0.0,0.0,-0.3896,0.0,0.0533,-0.947,0.3545,1.735,1.0,-0.5,-1.0,1.505,-0.11426,-0.3464,3.0,0.0,0.0,0.0,0.0,2.975,-0.545256,,,
2.44,0.7915,0.05493,-0.03702,3.031,-0.857,0.504,1.0,1.0,0.1604,-0.2683,0.3508,0.0,-0.1467,1.106,1.761,1.508,1.008,0.2546,0.9091,1.303,1.164,2.574,1.439,-0.4705,-0.363,0.0,0.0,-0.3992,0.0,0.07153,-0.579,0.1005,2.162,2.0,0.0,-0.5,0.9775,0.2487,-0.2477,4.0,0.0,0.0,0.0,0.0,3.578,-1.0175680000000005,,,
2.498,0.066,-0.1426,-0.0671,-0.755,-0.7144,0.504,1.0,1.0,0.3604,-0.0718,0.2798,0.0,-0.1462,1.931,1.644,1.554,0.3389,0.2375,-1.7159,1.189,0.9087,1.164,2.574,-0.4656,-0.369,0.0,0.0,-0.4102,0.0,0.0348,-0.5376,0.05493,-3.074,2.0,0.0,-0.5,1.7705,-0.4065,-0.346,0.0,1.0,0.0,0.0,0.0,-4.945,-0.8408064000000003,,,
2.545,-0.2888,-0.2585,-0.0975,-2.441,-0.7144,0.4958,0.0,0.0,0.4941,0.04907,0.2389,0.0,-0.1459,1.038,1.502,1.572,-0.002684,0.2238,-1.0439,1.039,-1.716,0.9087,1.164,-0.4624,-0.375,0.0,0.0,-0.4226,0.0,0.01344,-0.542,0.04874,-2.297,1.0,0.0,-0.5,2.197,-0.725,-0.3936,0.0,2.0,0.0,1.0,-7.91,-3.904,-0.0343143999999999,,,
2.545,-1.274,-0.523,-0.1432,5.207,-0.7144,0.4878,0.0,0.0,0.858,0.34,0.142,0.0,-0.1454,2.906,1.295,1.559,-1.096,0.2112,-2.4299,0.841,-1.044,-1.716,0.9087,-0.4617,-0.383,0.0,0.0,-0.4375,0.0,-0.03647,-0.7637,0.185,-4.26,0.0,0.0,-1.0,2.836,-1.65,-0.5864,0.0,3.0,0.0,0.0,0.0,-6.73,-0.526656,,,
2.545,-1.562,-0.6416,-0.1924,0.3906,-0.7144,0.4797,0.0,0.0,1.04,0.4912,0.09894,0.0,-0.1449,1.417,0.99,1.51,-1.506,0.1987,-1.2349,0.651,-2.428,-1.044,-1.716,-0.4663,-0.391,0.0,0.0,-0.452,0.0,-0.0588,-0.806,0.2059,-2.018,-1.0,-0.5,-1.0,2.836,-2.066,-0.685,0.0,4.0,0.0,0.0,0.0,-3.855,-1.629048,,,
2.545,-2.307,-0.857,-0.235,0.729,-0.7144,0.4714,0.0,0.0,1.401,0.8115,0.01924,0.0,-0.1444,2.764,0.657,1.429,-2.123,0.1752,-2.3769,0.4924,-1.234,-2.428,-1.044,-0.4812,-0.4004,0.0,0.0,-0.4668,0.0,-0.10004,-0.743,0.1428,-6.82,-2.0,-0.5,-1.0,2.836,-2.066,-0.917,0.0,5.0,0.0,0.0,0.0,-6.73,2.470800000000001,,,
2.545,-1.25,-0.6465,-0.2482,-0.3936,-0.7144,0.4634,0.0,0.0,1.005,0.5425,0.09894,0.0,-0.144,1.659,0.526,1.311,-1.144,0.1692,2.5661,0.396,-2.375,-1.234,-2.428,-0.4941,-0.409,0.0,0.0,-0.4766,0.0,-0.05963,-0.2769,-0.172,5.625,-1.0,0.0,-0.5,2.836,-1.547,-0.6255,1.0,0.0,0.0,0.0,0.0,7.785,0.9659960000000004,,,
2.418,-0.524,-0.4946,-0.242,-0.531,-0.7144,0.4553,0.0,0.0,0.7656,0.3591,0.1571,0.0,-0.1436,1.739,0.3914,1.1875,-0.4004,0.172,1.7341,0.3245,2.566,-2.375,-1.234,-0.506,-0.4167,0.0,0.0,-0.483,0.0,-0.03026,0.06036,-0.3997,3.598,0.0,0.0,0.0,2.037,-0.6553,-0.3804,2.0,0.0,1.0,0.0,9.375,7.15,1.821164,,,
1.896,0.513,-0.287,-0.2408,-2.371,-0.5713,0.4473,1.0,0.0,0.47,0.1407,0.2367,0.0,-0.1431,0.756,0.2896,1.046,0.578,0.1783,2.2541,0.257,1.733,2.566,-2.375,-0.5083,-0.4233,0.0,0.0,-0.4868,0.0,0.010216,-0.006237,-0.3342,3.463,1.0,0.0,0.0,1.036,0.4587,-0.02719,3.0,0.0,1.0,0.0,9.375,6.527,-0.4159022400000001,,,
1.803,0.1947,-0.3494,-0.2405,-0.439,-0.4285,0.439,1.0,0.0,0.535,0.2234,0.2152,0.0,-0.1427,0.719,0.2035,0.8677,0.2883,0.1786,-0.5692,0.1605,2.254,1.733,2.566,-0.51,-0.4307,0.0,0.0,-0.4915,0.0,-0.001062,-0.01765,-0.3308,-0.765,1.0,-0.5,0.0,1.217,0.1974,-0.06573,0.0,1.0,0.0,0.0,0.0,-1.347,0.6161679999999999,,,
1.605,0.2952,-0.315,-0.2301,0.523,-0.2856,0.431,1.0,0.0,0.479,0.198,0.2302,0.0,-0.1422,0.3352,0.12317,0.6333,0.427,0.1831,0.4056,0.0563,-0.569,2.254,1.733,-0.5044,-0.4387,0.0,0.0,-0.4956,0.0,0.006344,0.183,-0.4707,0.658,2.0,-0.5,0.5,0.9575,0.3518,0.0785,1.0,0.0,0.0,0.0,0.0,1.18,0.9126920000000002,,,
1.461,1.375,-0.07556,-0.2139,3.197,-0.1428,0.431,1.0,1.0,0.2085,-0.05704,0.3228,0.0,-0.1417,2.293,0.0375,0.3728,1.488,0.1946,2.4601,0.0679,0.4055,-0.569,2.254,-0.491,-0.4456,0.0,0.0,-0.495,0.0,0.05316,0.2788,-0.518,6.93,2.0,0.0,0.5,-0.04202,1.284,0.5728,2.0,0.0,0.0,0.0,0.0,7.785,0.2672599999999999,,,
1.704,0.7964,-0.1952,-0.2164,-0.2913,0.0,0.431,1.0,1.0,0.3528,0.0515,0.2798,0.0,-0.1414,2.906,-0.04614,0.23,0.75,0.2069,-1.0624,0.0812,2.459,0.4055,-0.569,-0.4753,-0.4534,0.0,0.0,-0.493,0.0,0.03014,-0.06537,-0.2822,-5.293,1.0,0.0,0.0,0.463,0.798,0.3015,0.0,1.0,0.0,0.0,0.0,-6.73,0.3456559999999999,,,
2.15,-0.5454,-0.4958,-0.2408,-1.5,-0.1428,0.4229,0.0,0.0,0.745,0.3828,0.1678,0.0,-0.1409,2.318,-0.1355,0.1003,-0.6416,0.2018,-2.4299,0.05682,-1.0625,2.459,0.4055,-0.4712,-0.463,0.0,0.0,-0.4912,0.0,-0.02757,-0.4604,-0.02553,-6.1,0.0,0.0,-0.5,1.892,-0.323,-0.3225,0.0,2.0,0.0,0.0,0.0,-6.73,0.1104759999999999,,,
2.064,-0.1598,-0.4548,-0.2686,-0.7544,-0.2856,0.4146,0.0,0.0,0.6855,0.3354,0.185,0.0,-0.1404,1.667,-0.2169,0.00874,-0.2478,0.1887,0.4831,0.05774,-2.428,-1.0625,2.459,-0.4695,-0.4714,0.0,0.0,-0.4917,0.0,-0.01915,-0.518,0.01964,1.072,1.0,0.5,-0.5,1.507,-0.1028,-0.2223,1.0,0.0,0.0,0.0,0.0,2.002,-0.6122320000000002,,,
2.234,-0.692,-0.588,-0.2913,7.38,-0.4285,0.4065,0.0,0.0,0.8765,0.504,0.1355,0.0,-0.14,2.422,-0.2773,-0.06335,-0.8115,0.1815,-1.3669,0.0676,0.4827,-2.428,-1.0625,-0.4756,-0.4797,0.0,0.0,-0.4927,0.0,-0.04486,-0.4727,-0.02396,-2.697,0.0,0.5,-0.5,2.088,-0.604,-0.4766,0.0,1.0,0.0,0.0,0.0,-4.96,0.6797926400000003,,,
2.012,-0.2405,-0.517,-0.3044,-0.6567,-0.4285,0.3984,0.0,0.0,0.762,0.4229,0.1636,0.0,-0.1395,0.352,-0.3203,-0.12286,-0.3943,0.1781,0.8077,0.05783,-1.367,0.4827,-2.428,-0.4788,-0.4854,0.0,0.0,-0.492,0.0,-0.03064,-0.2952,-0.1443,0.4944,0.0,0.5,0.0,1.512,-0.2484,-0.3376,1.0,0.0,0.0,0.0,0.0,0.9497,-0.1468467999999999,,,
1.898,-0.4656,-0.562,-0.3057,1.644,-0.4285,0.3901,0.0,0.0,0.8135,0.4946,0.1473,0.0,-0.139,1.07,-0.3462,-0.1776,-0.5938,0.1769,-0.4542,0.0634,0.807,-1.367,0.4827,-0.4836,-0.4897,0.0,0.0,-0.4927,0.0,-0.0392,-0.0786,-0.3025,-0.8096,0.0,0.0,0.0,1.605,-0.402,-0.416,0.0,1.0,0.0,0.0,0.0,-1.517,0.3214839999999999,,,
1.747,-0.2262,-0.5054,-0.2979,-0.532,-0.4285,0.382,0.0,0.0,0.7256,0.429,0.17,0.0,-0.1387,0.11584,-0.3564,-0.2303,-0.3318,0.1799,0.6451,0.0545,-0.454,0.807,-1.367,-0.493,-0.4934,0.0,0.0,-0.4946,0.0,-0.02792,0.1215,-0.4404,0.9844,1.0,0.0,0.5,1.159,-0.1317,-0.2673,1.0,0.0,0.0,0.0,0.0,1.871,0.04666,,,
1.603,-0.423,-0.519,-0.279,1.587,-0.4285,0.374,0.0,0.0,0.732,0.4595,0.1656,0.0,-0.1382,0.273,-0.355,-0.2903,-0.5728,0.1941,-0.1204,0.02164,0.645,-0.454,0.807,-0.4998,-0.4973,0.0,0.0,-0.4978,0.0,-0.03035,0.403,-0.642,-0.1566,0.0,0.0,0.5,1.055,-0.241,-0.2573,0.0,1.0,0.0,0.0,0.0,-0.292,-0.080848,,,
1.469,-0.4587,-0.516,-0.2712,0.2446,-0.4285,0.366,0.0,0.0,0.7173,0.4666,0.1678,0.0,-0.1377,-0.03323,-0.3494,-0.342,-0.69,0.2056,0.06056,-0.04913,-0.1204,0.645,-0.454,-0.4998,-0.501,0.0,0.0,-0.502,0.0,-0.02943,0.172,-0.4768,0.05853,1.0,0.0,0.5,0.9,-0.2457,-0.2015,1.0,0.0,0.0,0.0,0.0,0.10944,0.9824108,,,
1.304,0.3313,-0.3506,-0.264,-2.104,-0.2856,0.3577,1.0,0.0,0.4968,0.266,0.2324,0.0,-0.1372,1.696,-0.3376,-0.3723,0.07544,0.2113,1.8111,-0.0697,0.06042,-0.1204,0.645,-0.4968,-0.502,0.0,0.0,-0.503,0.0,0.003357,0.1936,-0.4778,2.729,1.0,0.0,0.5,0.1061,0.4934,0.2563,2.0,0.0,0.0,0.0,0.0,5.094,0.2779400000000001,,,
1.203,0.4153,-0.3381,-0.267,0.3506,-0.2856,0.3496,1.0,0.0,0.4739,0.2593,0.2389,0.0,-0.1368,1.038,-0.3264,-0.3855,0.1571,0.2114,0.1714999999999999,-0.0697,1.81,0.06042,-0.1204,-0.4907,-0.501,0.0,0.0,-0.503,0.0,0.006348,-0.085,-0.2773,0.2893,2.0,0.5,0.5,0.04388,0.5103,0.301,3.0,0.0,0.0,0.0,0.0,0.511,-0.8695344,,,
1.399,-0.2998,-0.488,-0.2744,-1.405,-0.4285,0.3416,0.0,0.0,0.675,0.4343,0.1829,0.0,-0.1364,1.522,-0.3232,-0.386,-0.556,0.2104,-1.4779,-0.07385,0.1713,1.81,0.06042,-0.4895,-0.4998,0.0,0.0,-0.502,0.0,-0.02254,-0.227,-0.1886,-1.845,1.0,0.5,0.5,0.7524,-0.07275,-0.0988,0.0,1.0,0.0,0.0,0.0,-3.242,-1.1552300000000004,,,
1.697,-1.034,-0.654,-0.2922,3.727,-0.5713,0.3333,0.0,0.0,0.9263,0.6445,0.1205,0.0,-0.1359,1.681,-0.3271,-0.384,-1.277,0.2031,-1.7279,-0.083,-1.477,0.1713,1.81,-0.4912,-0.501,0.0,0.0,-0.5015,0.0,-0.05484,-0.5083,-0.002102,-3.611,1.0,0.0,0.0,1.449,-0.84,-0.548,0.0,2.0,0.0,1.0,-7.91,-6.652,-1.4738239999999998,,,
2.492,-2.307,-1.055,-0.3442,2.12,-0.7144,0.3252,0.0,0.0,1.668,1.277,-0.03244,0.0,-0.1355,2.906,-0.2654,-0.3643,-2.123,0.1543,-2.4299,-0.0282,-1.727,-1.477,0.1713,-0.5034,-0.504,0.0,0.0,-0.5024,0.0,-0.1338,-1.306,0.533,-9.51,0.0,0.0,-0.5,2.836,-2.066,-1.282,0.0,3.0,0.0,1.0,-7.91,-6.73,0.2177508,,,
2.502,-2.307,-1.161,-0.3953,0.2439,-0.857,0.3171,0.0,0.0,1.889,1.504,-0.07336,0.0,-0.135,2.906,-0.1063,-0.2788,-2.123,0.1087,-1.3909,0.1061,-2.428,-1.727,-1.477,-0.5176,-0.507,0.0,0.0,-0.5063,0.0,-0.155,-1.303,0.5215,-3.207,-1.0,-0.5,-0.5,2.836,-2.066,-1.282,0.0,4.0,0.0,0.0,0.0,-6.73,1.865676,,,
2.152,-1.997,-0.988,-0.421,-0.2542,-0.857,0.3088,0.0,0.0,1.514,1.175,-0.006596,0.0,-0.1345,2.906,0.03146,-0.1907,-1.619,0.0916,2.3731000000000004,0.1682,-1.39,-2.428,-1.727,-0.5283,-0.51,0.0,0.0,-0.51,0.0,-0.12103,-0.737,0.1327,4.09,-1.0,0.0,0.0,2.76,-1.747,-0.9106,1.0,0.0,0.0,0.0,0.0,7.785,0.715144,,,
1.97,-1.391,-0.905,-0.4448,-0.205,-0.857,0.3008,0.0,0.0,1.349,1.034,0.02571,0.0,-0.1342,0.919,0.1519,-0.1093,-0.9985,0.0802,1.0681,0.1897,2.371,-1.39,-2.428,-0.5405,-0.513,0.0,0.0,-0.514,0.0,-0.10474,-0.667,0.0899,1.639,0.0,0.0,0.0,2.04,-1.088,-0.692,2.0,0.0,0.0,0.0,0.0,3.611,-0.6472399999999999,,,
2.004,-1.753,-0.995,-0.4663,0.429,-0.857,0.2927,0.0,0.0,1.516,1.201,-0.00875,0.0,-0.1337,1.804,0.2593,-0.0338,-1.356,0.0695,-1.1029,0.2262,1.068,2.371,-1.39,-0.555,-0.5176,0.0,0.0,-0.519,0.0,-0.1226,-0.626,0.05292,-1.67,0.0,0.0,0.0,2.438,-1.432,-0.7676,0.0,1.0,0.0,0.0,0.0,-3.56,0.2850580000000001,,,
2.059,-1.533,-0.985,-0.4915,-0.00726,-0.857,0.2847,0.0,0.0,1.5,1.177,-0.00444,0.0,-0.1332,1.522,0.349,0.03177,-1.204,0.063,0.1429,0.245,-1.103,1.068,2.371,-0.567,-0.523,0.0,0.0,-0.524,0.0,-0.1206,-0.7393,0.1346,0.1903,1.0,0.0,0.0,2.184,-1.205,-0.684,1.0,0.0,0.0,0.0,0.0,0.4202,1.2953199999999998,,,
1.924,-0.498,-0.818,-0.5054,-0.6284,-0.857,0.2764,0.0,0.0,1.198,0.887,0.06015,0.0,-0.1328,2.438,0.4277,0.08856,-0.12,0.0544,2.1331,0.1766,0.1427,-1.103,1.068,-0.5703,-0.526,0.0,0.0,-0.5293,0.0,-0.08777,-0.4028,-0.0908,3.252,2.0,0.0,0.5,1.176,-0.0898,-0.373,2.0,0.0,0.0,0.0,0.0,7.15,-0.03704,,,
1.843,-0.1475,-0.7744,-0.52,-0.7656,-0.857,0.2683,0.0,0.0,1.121,0.822,0.0774,0.0,-0.1323,-0.588,0.4878,0.1306,0.221,0.04892,0.5331,0.1206,2.13,0.1427,-1.103,-0.5635,-0.5283,0.0,0.0,-0.5337,0.0,-0.0791,-0.4248,-0.0713,0.4812,2.0,0.0,0.5,0.9175,0.2017,-0.256,3.0,0.0,1.0,0.0,9.375,0.992,-1.4763759999999997,,,
2.152,-0.952,-0.944,-0.543,13.14,-0.857,0.2603,0.0,0.0,1.433,1.091,0.01279,0.0,-0.1318,1.211,0.519,0.1672,-0.6567,0.04257,-1.9669,0.1282,0.5327,2.13,0.1427,-0.5586,-0.5303,0.0,0.0,-0.537,0.0,-0.1123,-0.591,0.0326,-1.63,1.0,0.0,0.5,1.889,-0.5054,-0.5376,0.0,1.0,0.0,1.0,-7.66,-3.305,0.214356,,,
2.133,-0.642,-0.917,-0.5645,-0.2472,-0.857,0.252,0.0,0.0,1.383,1.043,0.02356,0.0,-0.1315,0.4028,0.513,0.2021,-0.4185,0.03748,0.3490999999999999,0.12115,-1.966,0.5327,2.13,-0.5566,-0.5312,0.0,0.0,-0.5405,0.0,-0.1068,-0.5566,0.01083,0.1573,2.0,0.5,0.5,1.543,-0.3418,-0.447,1.0,0.0,0.0,0.0,0.0,0.3398,0.5290199999999998,,,
1.865,-0.1757,-0.8735,-0.5933,-0.7554,-1.0,0.2439,0.0,0.0,1.286,0.9873,0.04077,0.0,-0.131,-0.3933,0.4749,0.2378,0.004036,0.02698,0.5528,0.1209,0.349,-1.966,0.5327,-0.5557,-0.531,0.0,0.0,-0.5425,0.0,-0.098,-0.755,0.156,0.1259,2.0,1.0,0.5,1.239,-0.010666,-0.3367,2.0,0.0,0.0,0.0,0.0,0.269,0.079528,,,
1.756,0.1051,-0.8633,-0.622,-3.047,-1.0,0.2357,1.0,0.0,1.26,0.979,0.04507,0.0,-0.1305,0.283,0.4065,0.2742,0.2737,0.01407,0.1359999999999999,0.10974,0.5522,0.349,-1.966,-0.5527,-0.5317,0.0,0.0,-0.545,0.0,-0.09595,-0.7646,0.1638,0.0794,2.0,1.5,0.5,1.05,0.010475,-0.288,3.0,0.0,0.0,0.0,0.0,0.1669,0.7063519999999999,,,
1.514,0.699,-0.787,-0.6396,3.537,-0.857,0.2277,1.0,0.0,1.115,0.869,0.07526,0.0,-0.13,-0.00863,0.2876,0.3052,0.8657,0.00659,0.9471,0.0991,0.1357,0.5522,0.349,-0.548,-0.5327,0.0,0.0,-0.5464,0.0,-0.0806,-0.4827,-0.03047,0.768,2.0,1.5,1.0,0.5654,0.3757,-0.11566,4.0,0.0,0.0,0.0,0.0,1.606,-0.4392680000000001,,,
1.387,0.5957,-0.817,-0.65,-0.00804,-0.7144,0.2195,1.0,0.0,1.153,0.93,0.06445,0.0,-0.1296,0.2544,0.11145,0.3286,0.839,-0.001918,-0.3283,0.07837,0.9463,0.1357,0.5522,-0.5474,-0.535,0.0,0.0,-0.549,0.0,-0.08624,-0.3152,-0.1523,-0.234,2.0,1.0,1.0,0.4846,0.00617,-0.1451,0.0,1.0,0.0,0.0,0.0,-0.4753,0.0411667999999999,,,
0.8423,0.918,-0.7417,-0.6343,0.6416,-0.5713,0.2114,1.0,0.0,0.99,0.8516,0.0946,0.0,-0.1292,0.131,-0.01555,0.324,1.173,0.006413,0.9291,0.0583,-0.3281,0.9463,0.1357,-0.5464,-0.537,0.0,0.0,-0.5503,0.0,-0.0709,0.55,-0.763,0.4946,2.0,1.5,1.5,0.0818,0.3723,0.0399,1.0,0.0,0.0,0.0,0.0,1.015,-0.189072,,,
0.6245,1.759,-0.556,-0.603,1.032,-0.4285,0.2032,1.0,0.0,0.703,0.5913,0.1678,0.0,-0.1287,1.483,-0.0902,0.2827,1.865,0.03204,2.1931000000000003,0.0583,0.9287,-0.3281,0.9463,-0.537,-0.538,0.0,0.0,-0.5503,0.0,-0.03372,1.043,-1.099,3.639,2.0,1.5,2.0,-0.713,1.177,0.4438,2.0,0.0,0.0,0.0,0.0,7.258,-1.33652,,,
0.6685,0.6436,-0.7266,-0.5903,-0.514,-0.2856,0.1951,1.0,0.0,0.9526,0.842,0.1032,0.0,-0.1283,1.165,-0.1466,0.2156,0.6274,0.04776,-1.8109,-0.00788,2.191,0.9287,-0.3281,-0.532,-0.541,0.0,0.0,-0.553,0.0,-0.067,0.426,-0.6724,-2.371,1.0,1.0,1.5,0.1594,0.4028,0.1503,0.0,1.0,0.0,0.0,0.0,-4.426,0.0706068,,,
0.8174,-0.2915,-0.8843,-0.59,-1.245,-0.2856,0.187,0.0,0.0,1.221,1.094,0.04294,0.0,-0.1278,0.712,-0.1874,0.1282,-0.3237,0.05078,-1.7909,-0.10266,-1.81,2.191,0.9287,-0.532,-0.5444,0.0,0.0,-0.557,0.0,-0.098,-0.01756,-0.3696,-2.0,0.0,0.5,1.0,0.9883,-0.3303,-0.1697,0.0,2.0,0.0,1.0,-7.91,-3.957,0.001896,,,
0.792,-0.4375,-0.903,-0.585,0.8755,-0.2856,0.1788,0.0,0.0,1.251,1.129,0.03647,0.0,-0.1273,1.153,-0.2075,0.014145,-0.4902,0.05554,-0.2031,-0.1637,-1.79,-1.81,2.191,-0.5327,-0.5464,0.0,0.0,-0.5605,0.0,-0.1015,0.1198,-0.4692,-0.229,0.0,0.5,1.0,1.027,-0.356,-0.1707,0.0,3.0,0.0,0.0,0.0,-0.48,-1.101504,,,
1.012,-1.117,-1.0205,-0.5864,2.174,-0.2856,0.1708,0.0,0.0,1.483,1.332,-0.00875,0.0,-0.127,2.88,-0.2174,-0.131,-1.169,0.05585,-1.4329,-0.1785,-0.2032,-1.79,-1.81,-0.5376,-0.549,0.0,0.0,-0.563,0.0,-0.1249,-0.1132,-0.313,-2.219,-1.0,0.0,0.5,1.585,-0.96,-0.511,0.0,4.0,0.0,0.0,0.0,-4.684,0.1745399999999999,,,
0.9272,-1.017,-1.017,-0.597,0.02975,-0.2856,0.1626,0.0,0.0,1.469,1.331,-0.006596,0.0,-0.1265,1.708,-0.2207,-0.2285,-1.073,0.0513,0.0715,-0.1895,-1.432,-0.2032,-1.79,-0.542,-0.5513,0.0,0.0,-0.5625,0.0,-0.1239,-0.4265,-0.089,0.0924,-1.0,0.0,0.5,1.421,-0.839,-0.5146,1.0,0.0,0.0,0.0,0.0,0.2041,1.6566600000000002,,,
0.929,-0.01338,-0.852,-0.6025,-1.013,-0.1428,0.1544,1.0,0.0,1.175,1.027,0.058,0.0,-0.126,1.522,-0.2212,-0.2725,-0.06204,0.0484,2.1371,-0.2418,0.07135,-1.432,-0.2032,-0.5444,-0.5527,0.0,0.0,-0.5596,0.0,-0.0911,-0.1814,-0.2493,3.697,0.0,0.0,0.5,0.4436,0.1316,0.02481,2.0,0.0,0.0,0.0,0.0,7.785,-0.670248,,,
0.966,-0.3057,-0.8984,-0.6006,-4.465,-0.1428,0.1464,0.0,0.0,1.257,1.106,0.04077,0.0,-0.1256,1.398,-0.2172,-0.3018,-0.326,0.04874,-0.5339,-0.254,2.137,0.07135,-1.432,-0.552,-0.554,0.0,0.0,-0.5586,0.0,-0.10016,0.04468,-0.4146,-0.74,0.0,-0.5,0.5,0.673,-0.0718,-0.1804,0.0,1.0,0.0,0.0,0.0,-1.528,0.2957223999999999,,,
0.9536,-0.142,-0.867,-0.598,-0.6465,-0.1428,0.1382,0.0,0.0,1.203,1.053,0.0537,0.0,-0.1251,0.6074,-0.2117,-0.3223,-0.137,0.04907,0.4075999999999999,-0.256,-0.534,2.137,0.07135,-0.5547,-0.5557,0.0,0.0,-0.558,0.0,-0.09375,0.05466,-0.4187,0.5537,1.0,0.0,0.5,0.472,0.114,-0.05643,1.0,0.0,0.0,0.0,0.0,1.164,-0.0444139999999999,,,
1.02,-0.1863,-0.875,-0.5986,0.913,-0.1428,0.1301,0.0,0.0,1.221,1.06,0.05154,0.0,-0.12463,0.4421,-0.2087,-0.334,-0.1772,0.04962,-0.067,-0.272,0.4072,-0.534,2.137,-0.554,-0.5576,0.0,0.0,-0.557,0.0,-0.09503,-0.03934,-0.3523,-0.08685,1.0,-0.5,0.0,0.4888,0.0913,-0.1122,0.0,1.0,0.0,0.0,0.0,-0.1802,0.9607697599999996,,,
0.973,0.2908,-0.788,-0.594,-4.723,-0.1428,0.12195,1.0,0.0,1.073,0.9155,0.086,0.0,-0.1242,0.714,-0.22,-0.3408,0.318,0.05103,1.0751,-0.2834,-0.067,0.4072,-0.534,-0.5513,-0.5586,0.0,0.0,-0.555,0.0,-0.07764,0.1012,-0.4448,1.727,1.0,-0.5,0.0,0.05502,0.5317,0.2406,1.0,0.0,0.0,0.0,0.0,3.588,1.108812,,,
1.059,0.9995,-0.657,-0.5874,2.17,-0.1428,0.11383,1.0,0.0,0.8804,0.7026,0.1377,0.0,-0.1238,2.492,-0.2467,-0.3386,0.972,0.0585,1.5611,-0.2534,1.074,-0.067,0.4072,-0.5425,-0.56,0.0,0.0,-0.553,0.0,-0.0516,0.1907,-0.497,3.885,1.0,0.0,0.0,-0.4536,1.149,0.7207,2.0,0.0,0.0,0.0,0.0,7.785,-1.36686,,,
1.347,-0.0721,-0.841,-0.5884,-0.9263,-0.1428,0.1057,1.0,0.0,1.189,0.974,0.06665,0.0,-0.1233,0.917,-0.3193,-0.3337,-0.098,0.0594,-2.0449,-0.2546,1.56,1.074,-0.067,-0.538,-0.5625,0.0,0.0,-0.5537,0.0,-0.0882,-0.08575,-0.3157,-2.934,1.0,0.0,0.0,0.538,0.3052,-0.0347,0.0,1.0,0.0,0.0,0.0,-5.625,0.2948639999999998,,,
1.323,0.1388,-0.809,-0.592,18.77,-0.1428,0.09753,1.0,0.0,1.136,0.922,0.0795,0.0,-0.12286,0.2329,-0.4163,-0.3276,0.086,0.0599,0.3973,-0.2637,-2.045,1.56,1.074,-0.537,-0.564,0.0,0.0,-0.5522,0.0,-0.0817,-0.1576,-0.2615,0.4338,1.0,0.5,0.0,0.281,0.3652,0.0735,1.0,0.0,0.0,0.0,0.0,0.8887,-0.180508,,,
1.234,0.0843,-0.8384,-0.6074,-0.1311,-0.1428,0.0894,1.0,0.0,1.177,0.979,0.0688,0.0,-0.12244,0.2482,-0.4563,-0.3254,0.0157,0.05392,-0.327,-0.2712,0.3972,-2.045,1.56,-0.535,-0.5645,0.0,0.0,-0.5513,0.0,-0.0874,-0.566,0.02765,-0.2676,1.0,0.5,-0.5,0.346,0.1301,-0.0695,0.0,1.0,0.0,0.0,0.0,-0.5415,0.4820399999999998,,,
1.078,0.395,-0.7905,-0.612,2.139,-0.1428,0.0813,1.0,0.0,1.086,0.9116,0.08813,0.0,-0.12195,0.221,-0.4597,-0.3274,0.3486,0.05112,0.5948,-0.272,-0.327,0.3972,-2.045,-0.533,-0.563,0.0,0.0,-0.5503,0.0,-0.0776,-0.1742,-0.2477,0.3875,1.0,0.5,0.0,0.04416,0.301,0.12366,1.0,0.0,0.0,0.0,0.0,0.792,-0.045568,,,
0.9194,1.276,-0.6226,-0.598,2.111,0.0,0.0732,1.0,0.0,0.82,0.6626,0.1549,0.0,-0.1215,0.8247,-0.4578,-0.3374,1.24,0.05777,2.0121,-0.2418,0.5947,-0.327,0.3972,-0.527,-0.5596,0.0,0.0,-0.548,0.0,-0.04367,0.488,-0.7056,3.312,1.0,0.5,0.5,-0.609,1.131,0.737,2.0,0.0,0.0,0.0,0.0,6.65,-0.1254056,,,
0.9424,0.6626,-0.714,-0.589,-0.3496,0.1428,0.06506,1.0,0.0,0.9556,0.7993,0.1205,0.0,-0.12103,0.2566,-0.4485,-0.3586,0.6523,0.06256,-0.9765,-0.2324,2.01,0.5947,-0.327,-0.525,-0.5576,0.0,0.0,-0.547,0.0,-0.06152,0.315,-0.5894,-1.277,1.0,0.5,0.5,-0.1506,0.6367,0.3445,0.0,1.0,0.0,0.0,0.0,-2.41,1.0004320000000002,,,
0.713,1.021,-0.624,-0.5684,0.648,0.2856,0.05692,1.0,0.0,0.8047,0.6816,0.1571,0.0,-0.1206,0.4377,-0.4192,-0.4,1.045,0.0719,1.0701,-0.207,-0.976,2.01,0.5947,-0.524,-0.556,0.0,0.0,-0.545,0.0,-0.04294,0.73,-0.8774,1.111,1.0,0.5,1.0,-0.4673,1.047,0.6143,1.0,0.0,0.0,0.0,0.0,2.164,1.3728319999999998,,,
0.5986,1.709,-0.4626,-0.539,0.8,0.4285,0.04877,1.0,0.0,0.578,0.4668,0.2217,0.0,-0.1202,0.7812,-0.3552,-0.422,1.719,0.0886,1.8281,-0.1375,1.07,-0.976,2.01,-0.5146,-0.5527,0.0,0.0,-0.542,0.0,-0.01015,0.8984,-0.9834,2.799,2.0,1.0,1.0,-1.059,1.619,0.9634,2.0,0.0,1.0,0.0,9.375,5.277,-0.00962,,,
0.535,1.606,-0.4507,-0.5186,0.0724,0.4285,0.04065,1.0,0.0,0.558,0.4565,0.2281,0.0,-0.1197,0.9863,-0.28,-0.386,1.569,0.10376,0.173,-0.0949,1.827,1.07,-0.976,-0.5054,-0.5493,0.0,0.0,-0.541,0.0,-0.00715,0.743,-0.8706,0.301,2.0,1.0,1.0,-1.006,1.522,0.8945,3.0,0.0,0.0,0.0,0.0,0.5366,1.008116,,,
0.5874,2.156,-0.2812,-0.4868,0.57,0.5713,0.03253,1.0,0.0,0.3586,0.2421,0.297,0.0,-0.11926,2.906,-0.1733,-0.3147,2.002,0.1274,1.8341,0.01811,0.1729,1.827,1.07,-0.4917,-0.546,0.0,0.0,-0.5366,0.0,0.02763,1.035,-1.063,4.83,2.0,1.0,1.5,-1.454,2.1,1.054,4.0,0.0,0.0,0.0,0.0,7.785,-0.4254159999999999,,,
0.7563,1.49,-0.3901,-0.4617,-0.2288,0.7144,0.02438,1.0,0.0,0.5,0.3604,0.256,0.0,-0.11884,1.499,-0.05,-0.2291,1.231,0.1512,-1.0299,0.0645,1.833,0.1729,1.827,-0.4817,-0.5435,0.0,0.0,-0.532,0.0,0.006123,0.75,-0.869,-3.25,2.0,1.0,1.0,-0.852,1.596,0.6885,0.0,1.0,0.0,0.0,0.0,-5.45,0.193788,,,
0.7915,1.405,-0.3672,-0.4346,0.0755,0.857,0.01627,1.0,0.0,0.4756,0.329,0.2668,0.0,-0.11835,0.8467,0.054,-0.1509,1.189,0.164,0.2801,0.1023,-1.029,1.833,0.1729,-0.475,-0.5396,0.0,0.0,-0.5273,0.0,0.01133,0.789,-0.895,0.487,2.0,1.0,1.5,-0.867,1.533,0.6406,1.0,0.0,0.0,0.0,0.0,0.8438,0.0235607999999999,,,
0.924,0.6685,-0.4802,-0.4182,-0.3965,0.857,0.00813,1.0,0.0,0.627,0.4634,0.2239,0.0,-0.1179,1.066,0.144,-0.0783,0.4358,0.1763,-1.1099,0.0826,0.28,-1.029,1.833,-0.4688,-0.5366,0.0,0.0,-0.5225,0.0,-0.01098,0.462,-0.671,-1.662,1.0,1.0,1.0,-0.328,0.97,0.372,0.0,1.0,0.0,0.0,0.0,-2.855,0.6599119999999999,,,
0.7466,1.122,-0.376,-0.4036,0.78,0.857,0.0,1.0,0.0,0.4827,0.3438,0.2668,0.0,-0.11743,0.9863,0.2347,-0.0077,0.7925,0.1917,1.1501,0.07117,-1.11,0.28,-1.029,-0.4622,-0.5337,0.0,0.0,-0.5166,0.0,0.010635,0.4355,-0.6426,2.71,1.0,1.0,1.0,-0.7305,1.281,0.5396,1.0,0.0,0.0,0.0,0.0,4.824,0.0641016,,,
0.639,0.8887,-0.386,-0.379,-0.07385,0.857,-0.00813,1.0,0.0,0.4858,0.3647,0.2646,0.0,-0.117,-0.268,0.318,0.0601,0.5537,0.2069,-0.0554399999999999,0.08057,1.15,-1.11,0.28,-0.4597,-0.5303,0.0,0.0,-0.512,0.0,0.00893,0.84,-0.9316,-0.191,0.0,0.5,1.0,-0.6226,1.136,0.4639,0.0,1.0,0.0,0.0,0.0,-0.3281,-0.0977308,,,
0.5894,1.124,-0.3032,-0.3508,0.3928,0.857,-0.01627,1.0,0.0,0.3838,0.2678,0.299,0.0,-0.1166,0.1816,0.3835,0.12054,0.8525,0.2178,0.8901,0.0887,-0.0555,1.15,-1.11,-0.4553,-0.5273,0.0,0.0,-0.507,0.0,0.02628,0.895,-0.9634,1.403,1.0,1.0,1.0,-0.835,1.397,0.5703,1.0,0.0,0.0,0.0,0.0,2.414,0.02064976,,,
0.583,1.126,-0.2585,-0.3186,0.1353,0.857,-0.02438,1.0,0.0,0.3325,0.2161,0.3186,0.0,-0.1161,0.2942,0.42,0.173,0.9673,0.2275,0.4871,0.10046,0.8896,-0.0555,1.15,-0.454,-0.5234,0.0,0.0,-0.501,0.0,0.03592,1.012,-1.042,0.733,1.0,1.0,1.5,-0.905,1.455,0.5903,2.0,0.0,0.0,0.0,0.0,1.227,-0.6561,,,
0.7554,0.4363,-0.3599,-0.2942,-0.477,0.857,-0.03253,1.0,0.0,0.4639,0.323,0.2798,0.0,-0.11566,1.309,0.4224,0.2156,0.3752,0.2347,-0.9594,0.0774,0.4868,0.8896,-0.0555,-0.4526,-0.521,0.0,0.0,-0.496,0.0,0.01581,0.7217,-0.8438,-1.439,1.0,0.5,1.0,-0.4534,0.9243,0.346,0.0,1.0,0.0,0.0,0.0,-2.373,0.476088,,,
0.673,0.497,-0.3254,-0.2769,0.2585,0.857,-0.04065,1.0,0.0,0.4163,0.2876,0.295,0.0,-0.11523,0.2546,0.4077,0.2512,0.442,0.2443,0.3848999999999999,0.0689,-0.959,0.4868,0.8896,-0.451,-0.519,0.0,0.0,-0.4917,0.0,0.02336,0.569,-0.7314,0.3762,1.0,0.5,1.0,-0.553,0.9653,0.377,1.0,0.0,0.0,0.0,0.0,0.6396,0.349368,,,
0.641,0.6865,-0.2524,-0.2499,0.4834,0.857,-0.04877,1.0,0.0,0.3306,0.2042,0.325,0.0,-0.11475,0.2864,0.3723,0.2854,0.67,0.2556,0.7604,0.08765,0.3845,-0.959,0.4868,-0.4448,-0.516,0.0,0.0,-0.4878,0.0,0.0384,0.8843,-0.9497,1.585,2.0,0.5,1.5,-0.768,1.155,0.4731,2.0,0.0,0.0,0.0,0.0,2.662,-0.5864728000000001,,,
0.778,0.003609,-0.3687,-0.2345,-0.817,0.857,-0.05692,1.0,0.0,0.476,0.332,0.2798,0.0,-0.1143,0.9634,0.3145,0.31,0.01872,0.2625,-1.1139,0.0424,0.76,0.3845,-0.959,-0.444,-0.5127,0.0,0.0,-0.4832,0.0,0.014946,0.4817,-0.673,-1.928,1.0,0.5,1.0,-0.2593,0.5874,0.1991,0.0,1.0,0.0,0.0,0.0,-3.162,0.5075204,,,
0.632,0.3257,-0.2908,-0.224,4.188,0.857,-0.06506,1.0,0.0,0.3728,0.2495,0.312,0.0,-0.1139,0.03256,0.2476,0.323,0.3516,0.2678,0.8240999999999999,0.00272,-1.113,0.76,0.3845,-0.4412,-0.509,0.0,0.0,-0.4783,0.0,0.03123,0.362,-0.58,1.08,1.0,0.5,1.0,-0.4949,0.886,0.3452,1.0,0.0,0.0,0.0,0.0,1.835,-0.8125,,,
0.663,-0.273,-0.4058,-0.22,-1.438,0.7144,-0.0732,0.0,0.0,0.512,0.388,0.2668,0.0,-0.1134,0.2886,0.1669,0.3171,-0.2534,0.2715,-1.1249,-0.0768,0.824,-1.113,0.76,-0.443,-0.505,0.0,0.0,-0.474,0.0,0.007866,0.08496,-0.3923,-1.439,1.0,0.5,0.5,-0.002926,0.3257,0.03177,0.0,1.0,0.0,0.0,0.0,-2.387,0.4578176,,,
0.377,0.3015,-0.2896,-0.2195,-3.07,0.7144,-0.0813,1.0,0.0,0.3513,0.2693,0.3142,0.0,-0.113,-0.01999,0.09406,0.2913,0.3103,0.2732,1.2221,-0.1494,-1.125,0.824,-1.113,-0.4434,-0.5,0.0,0.0,-0.4692,0.0,0.03192,-0.0109,-0.3132,1.42,1.0,0.5,0.5,-0.4412,0.7793,0.35,1.0,0.0,0.0,0.0,0.0,2.44,0.0798521999999999,,,
0.2343,0.4465,-0.2494,-0.211,0.5386,0.7144,-0.0894,1.0,0.0,0.2944,0.2344,0.3315,0.0,-0.1125,-0.1191,0.0364,0.2532,0.502,0.275,0.4281,-0.1727,1.221,-1.125,0.824,-0.4404,-0.496,0.0,0.0,-0.4656,0.0,0.04053,0.2917,-0.5254,0.4548,1.0,1.0,1.0,-0.532,0.881,0.4487,2.0,0.0,0.0,0.0,0.0,0.7524,-0.7446600000000002,,,
0.2384,-0.03183,-0.3438,-0.2094,-0.835,0.7144,-0.09753,1.0,0.0,0.403,0.3457,0.295,0.0,-0.11206,-0.223,-0.02493,0.2006,0.01476,0.2778,-0.8974,-0.2622,0.4277,1.221,-1.125,-0.4404,-0.4924,0.0,0.0,-0.462,0.0,0.02164,0.04068,-0.3545,-0.793,1.0,0.5,0.5,-0.1111,0.4365,0.1059,0.0,1.0,0.0,0.0,0.0,-1.295,0.2696747999999999,,,
0.2876,-0.638,-0.4634,-0.2072,-12.96,0.5713,-0.1057,0.0,0.0,0.554,0.4937,0.2476,0.0,-0.11163,0.4548,-0.0926,0.1354,-0.573,0.2783,-1.1939,-0.333,-0.897,0.4277,1.221,-0.445,-0.4897,0.0,0.0,-0.46,0.0,-0.002922,0.01881,-0.3496,-2.162,0.0,0.0,0.5,0.4214,-0.0882,-0.5645,0.0,2.0,0.0,0.0,0.0,-3.63,-0.0584488,,,
0.2001,-0.6465,-0.4695,-0.2108,0.1493,0.4285,-0.11383,0.0,0.0,0.555,0.509,0.2454,0.0,-0.11115,-0.1104,-0.1555,0.0665,-0.603,0.2786,-0.05633,-0.3467,-1.194,-0.897,0.4277,-0.447,-0.487,0.0,0.0,-0.4595,0.0,-0.00424,-0.2078,-0.1884,-0.0705,0.0,0.0,0.0,0.4307,-0.09625,-0.64,0.0,3.0,0.0,0.0,0.0,-0.12305,0.0945647999999999,,,
0.2178,-0.58,-0.4597,-0.2139,0.00824,0.2856,-0.12195,0.0,0.0,0.544,0.4944,0.2496,0.0,-0.1107,0.0448,-0.2059,-0.00612,-0.5874,0.2817,0.11314,-0.3584,-0.0564,-1.194,-0.897,-0.451,-0.4846,0.0,0.0,-0.459,0.0,-0.00216,-0.1733,-0.2119,0.0836,0.0,0.0,0.5,0.33,-0.0765,-0.6167,1.0,0.0,0.0,0.0,0.0,0.1461,-0.8641239999999998,,,
0.448,-1.463,-0.6587,-0.2324,2.023,0.1428,-0.1301,0.0,0.0,0.834,0.7554,0.17,0.0,-0.1103,0.4187,-0.262,-0.075,-1.466,0.2732,-2.0839,-0.2922,0.113,-0.0564,-1.194,-0.4565,-0.4841,0.0,0.0,-0.4617,0.0,-0.04318,-0.704,0.1488,-3.162,-1.0,-0.5,0.0,1.317,-0.8936,-1.282,0.0,1.0,0.0,1.0,-7.85,-5.508,-0.226094,,,
0.4048,-1.214,-0.6313,-0.2517,-0.05862,0.0,-0.1382,0.0,0.0,0.7905,0.718,0.1808,0.0,-0.1098,0.02817,-0.3157,-0.1339,-1.258,0.2664,0.3014,-0.2524,-2.082,0.113,-0.0564,-0.4646,-0.4824,0.0,0.0,-0.4631,0.0,-0.0378,-0.757,0.1891,0.2474,0.0,0.0,0.0,1.056,-0.7056,-1.084,1.0,0.0,0.0,0.0,0.0,0.461,-0.8469952,,,
0.4636,-1.756,-0.762,-0.273,0.644,-0.1428,-0.1464,0.0,0.0,0.992,0.916,0.128,0.0,-0.1094,1.189,-0.3623,-0.1945,-1.811,0.2573,-1.4619,-0.1732,0.301,-2.082,0.113,-0.4768,-0.482,0.0,0.0,-0.466,0.0,-0.06494,-0.8022,0.2095,-1.424,0.0,-0.5,0.0,1.698,-1.227,-1.282,0.0,1.0,0.0,0.0,0.0,-2.629,0.9466639999999996,,,
0.398,-1.066,-0.647,-0.2903,-0.3066,-0.2856,-0.1544,0.0,0.0,0.8125,0.7417,0.1743,0.0,-0.1089,0.6387,-0.373,-0.2537,-1.131,0.2487,1.3451,-0.1506,-1.461,0.301,-2.082,-0.4841,-0.4802,0.0,0.0,-0.4673,0.0,-0.04144,-0.6216,0.0909,1.442,1.0,0.0,0.0,1.018,-0.4937,-0.832,1.0,0.0,0.0,0.0,0.0,2.791,-0.2044223999999999,,,
0.3792,-1.014,-0.6626,-0.3125,0.0766,-0.4285,-0.1626,0.0,0.0,0.834,0.7666,0.1678,0.0,-0.10846,0.11847,-0.3271,-0.2983,-1.058,0.2356,-0.1799,-0.12256,1.344,-1.461,0.301,-0.489,-0.4792,0.0,0.0,-0.4692,0.0,-0.0449,-0.816,0.2281,-0.179,0.0,-0.5,-0.5,0.981,-0.564,-0.8003,0.0,1.0,0.0,0.0,0.0,-0.332,0.354412,,,
0.3052,-0.9946,-0.678,-0.3289,0.11115,-0.5713,-0.1708,0.0,0.0,0.8506,0.7964,0.1614,0.0,-0.10803,0.1262,-0.268,-0.3206,-1.035,0.2269,-0.1809,-0.09546,-0.1799,1.344,-1.461,-0.494,-0.479,0.0,0.0,-0.4714,0.0,-0.0483,-0.6865,0.1343,-0.1091,0.0,-1.0,-0.5,0.961,-0.614,-0.7715,0.0,2.0,0.0,0.0,0.0,-0.2036,0.6453880000000001,,,
0.258,-0.4683,-0.597,-0.3455,-0.4824,-0.7144,-0.1788,0.0,0.0,0.7305,0.68,0.1937,0.0,-0.10754,-0.1343,-0.2095,-0.322,-0.525,0.2191,0.9107,-0.0935,-0.1809,-0.1799,1.344,-0.4973,-0.478,0.0,0.0,-0.4739,0.0,-0.03186,-0.6865,0.1416,0.5757,0.0,-0.5,-0.5,0.5024,-0.1866,-0.4973,1.0,0.0,0.0,0.0,0.0,1.081,0.39806652,,,
0.179,-0.00776,-0.517,-0.352,-1.139,-0.5713,-0.187,1.0,0.0,0.615,0.5747,0.226,0.0,-0.1071,-0.597,-0.1608,-0.3083,-0.04562,0.2142,0.8854,-0.10944,0.91,-0.1809,-0.1799,-0.494,-0.477,0.0,0.0,-0.4758,0.0,-0.01541,-0.3052,-0.12317,0.3972,1.0,0.0,0.0,0.10333,0.1732,-0.2344,2.0,0.0,1.0,0.0,4.7,0.725,-0.6886532,,,
0.2761,-0.558,-0.6465,-0.3723,-7.86,-0.7144,-0.1951,0.0,0.0,0.8022,0.751,0.1743,0.0,-0.1067,0.7896,-0.1132,-0.2805,-0.6035,0.2054,-1.3779,-0.1012,0.885,0.91,-0.1809,-0.4944,-0.4778,0.0,0.0,-0.478,0.0,-0.04202,-0.808,0.2241,-1.441,0.0,0.0,-0.5,0.744,-0.3716,-0.5728,0.0,1.0,0.0,0.0,0.0,-2.56,-0.3009199999999998,,,
0.2686,-0.493,-0.6626,-0.3958,-0.01246,-0.857,-0.2032,0.0,0.0,0.8247,0.776,0.1678,0.0,-0.1062,-0.1849,-0.0647,-0.2404,-0.5464,0.1942,-0.1799,-0.09937,-1.378,0.885,0.91,-0.492,-0.4785,0.0,0.0,-0.4807,0.0,-0.04556,-0.95,0.3242,-0.2362,0.0,-0.5,-1.0,0.7363,-0.4482,-0.572,0.0,2.0,0.0,0.0,0.0,-0.4385,0.3532840000000001,,,
0.1796,-0.05136,-0.599,-0.4114,-1.013,-0.857,-0.2114,1.0,0.0,0.727,0.6895,0.1937,0.0,-0.1058,-0.579,-0.02939,-0.2,-0.12225,0.1879,0.7241,-0.1261,-0.1799,-1.378,0.885,-0.4907,-0.48,0.0,0.0,-0.4834,0.0,-0.03247,-0.6377,0.107,0.661,1.0,0.0,-0.5,0.364,-0.1322,-0.348,1.0,0.0,0.0,0.0,0.0,1.234,0.0334001599999999,,,
0.1469,-0.269,-0.654,-0.4229,-7.637,-0.857,-0.2195,0.0,0.0,0.8022,0.7725,0.1721,0.0,-0.1053,0.03775,-0.00253,-0.1605,-0.2983,0.1796,-0.5902000000000001,-0.1294,0.7236,-0.1799,-1.378,-0.4905,-0.4812,0.0,0.0,-0.4858,0.0,-0.04358,-0.527,0.02281,-0.3381,0.0,-0.5,-0.5,0.6245,-0.3372,-0.4756,0.0,1.0,0.0,0.0,0.0,-0.617,0.06441784,,,
0.1305,-0.0636,-0.628,-0.4326,-1.036,-0.7144,-0.2277,1.0,0.0,0.7637,0.7354,0.1829,0.0,-0.10486,-0.04904,0.00925,-0.1263,-0.0796,0.174,0.3006,-0.1576,-0.59,0.7236,-0.1799,-0.4893,-0.4824,0.0,0.0,-0.4885,0.0,-0.03824,-0.4446,-0.03333,0.3027,0.0,0.0,0.0,0.4744,-0.1648,-0.3564,1.0,0.0,0.0,0.0,0.0,0.563,0.2838703999999999,,,
0.118,0.2456,-0.58,-0.44,18.77,-0.5713,-0.2357,1.0,0.0,0.696,0.667,0.2023,0.0,-0.10443,0.2993,-0.00831,-0.10156,0.2024,0.1722,0.5361,-0.1687,0.3005,-0.59,0.7236,-0.4888,-0.4827,0.0,0.0,-0.49,0.0,-0.0285,-0.35,-0.0964,0.5967,1.0,0.0,0.0,0.1548,-0.013725,-0.1699,2.0,0.0,0.0,0.0,0.0,1.1,0.6575147999999998,,,
0.00594,0.6997,-0.4844,-0.431,1.617,-0.4285,-0.2439,1.0,0.0,0.5586,0.545,0.2411,0.0,-0.10394,-0.3203,-0.04675,-0.0927,0.6016,0.1808,1.0551,-0.2078,0.5356,0.3005,-0.59,-0.4878,-0.4832,0.0,0.0,-0.4915,0.0,-0.00898,0.3325,-0.5747,1.981,2.0,0.5,0.5,-0.2191,0.4434,0.2236,3.0,0.0,1.0,0.0,5.027,3.59,0.4278040000000001,,,
9.15e-05,1.067,-0.401,-0.4194,0.636,-0.2856,-0.252,1.0,0.0,0.4531,0.4365,0.2754,0.0,-0.1035,0.555,-0.1004,-0.09436,0.986,0.186,0.9071,-0.2551,1.054,0.5356,0.3005,-0.4817,-0.483,0.0,0.0,-0.4927,0.0,0.00849,0.4397,-0.6436,0.8726,2.0,1.0,0.5,-0.5503,0.7256,0.6733,4.0,0.0,0.0,0.0,0.0,1.531,0.0199432,,,
0.0229,0.545,-0.4778,-0.404,-0.3528,-0.1428,-0.2603,1.0,0.0,0.552,0.534,0.2454,0.0,-0.1031,0.7417,-0.1611,-0.10754,0.4912,0.193,-0.7719,-0.2878,0.9067,1.054,0.5356,-0.477,-0.4836,0.0,0.0,-0.4937,0.0,-0.007084,0.6084,-0.771,-0.6284,2.0,0.5,0.5,-0.1996,0.3203,0.4292,0.0,1.0,0.0,0.0,0.0,-1.072,0.0110288,,,
-0.03668,0.4482,-0.4854,-0.396,-0.0316,0.0,-0.2683,1.0,0.0,0.5566,0.5493,0.2432,0.0,-0.1026,-0.2507,-0.2238,-0.1292,0.3901,0.1982,-0.05642,-0.2898,-0.7715,0.9067,1.054,-0.474,-0.4849,0.0,0.0,-0.494,0.0,-0.008255,0.3755,-0.605,-0.02444,1.0,0.0,0.0,-0.1495,0.255,0.4094,0.0,2.0,0.0,0.0,0.0,-0.04276,0.0233171999999999,,,
-0.02533,0.3745,-0.4866,-0.3862,-0.01525,0.1428,-0.2764,1.0,0.0,0.559,0.55,0.2432,0.0,-0.1022,0.1761,-0.2695,-0.1588,0.3184,0.2036,0.0001,-0.2908,-0.0565,-0.7715,0.9067,-0.4697,-0.4854,0.0,0.0,-0.494,0.0,-0.00836,0.4302,-0.644,0.0,0.0,0.0,0.0,-0.1298,0.2151,0.4126,0.0,0.0,0.0,0.0,0.0,0.0,0.0445771999999999,,,
0.02121,1.263,-0.2903,-0.3647,2.217,0.2856,-0.2847,1.0,0.0,0.3235,0.2996,0.3228,0.0,-0.1017,1.758,-0.2896,-0.2006,1.179,0.2163,2.0941,-0.233,0.0,-0.0565,-0.7715,-0.4614,-0.4849,0.0,0.0,-0.4922,0.0,0.0321,0.8164,-0.902,3.646,0.0,0.5,0.5,-0.8247,1.046,1.094,1.0,0.0,0.0,0.0,0.0,6.383,0.7114984,,,
0.06165,1.648,-0.1853,-0.3418,0.4397,0.4285,-0.2847,1.0,1.0,0.2104,0.1763,0.366,0.0,-0.10126,1.209,-0.2578,-0.234,1.484,0.2338,1.0626,-0.1444,2.094,0.0,-0.0565,-0.4517,-0.4844,0.0,0.0,-0.488,0.0,0.0538,0.8506,-0.9165,2.139,0.0,0.5,0.5,-1.1045,1.348,1.113,2.0,0.0,0.0,0.0,0.0,3.516,-0.8245280000000001,,,
0.2512,0.9424,-0.3044,-0.3296,-0.3027,0.4285,-0.2927,1.0,0.0,0.3582,0.2974,0.3186,0.0,-0.1008,1.5,-0.2047,-0.2576,0.7627,0.2426,-1.1309,-0.1144,1.0625,2.094,0.0,-0.447,-0.484,0.0,0.0,-0.485,0.0,0.02925,0.3948,-0.602,-1.848,0.0,0.5,0.0,-0.5557,0.773,0.6304,0.0,1.0,0.0,0.0,0.0,-2.94,-0.5225040000000001,,,
0.2607,0.4192,-0.3853,-0.3142,-0.4126,0.5713,-0.3008,1.0,0.0,0.4548,0.3953,0.2864,0.0,-0.10034,0.1276,-0.1453,-0.2664,0.2747,0.2488,-0.7999,-0.1317,-1.131,1.0625,2.094,-0.4463,-0.4841,0.0,0.0,-0.482,0.0,0.01257,0.5264,-0.703,-0.6504,0.0,0.0,0.0,-0.138,0.4138,0.3438,0.0,2.0,0.0,0.0,0.0,-1.072,-0.7563959999999998,,,
0.3928,-0.2266,-0.4976,-0.3037,-1.245,0.5713,-0.3088,0.0,0.0,0.607,0.5303,0.2411,0.0,-0.0999,0.535,-0.0876,-0.2588,-0.3835,0.256,-1.1479,-0.1415,-0.7993,-1.131,1.0625,-0.4465,-0.4846,0.0,0.0,-0.4805,0.0,-0.01073,0.275,-0.5337,-1.05,0.0,-0.5,0.0,0.3938,-0.0704,-0.03497,0.0,3.0,0.0,0.0,0.0,-1.776,0.20420976,,,
0.4612,-0.2693,-0.4978,-0.2969,0.4473,0.4285,-0.3171,0.0,0.0,0.6123,0.525,0.2411,0.0,-0.0995,0.535,-0.0445,-0.2384,-0.4287,0.2598,0.0001,-0.1559,-1.147,-0.7993,-1.131,-0.4468,-0.4856,0.0,0.0,-0.4788,0.0,-0.01086,0.1598,-0.4517,0.0,-1.0,-1.0,-0.5,0.3535,-0.0882,-0.0626,0.0,0.0,0.0,0.0,0.0,0.0,-0.2889519999999999,,,
0.5024,-0.534,-0.54,-0.289,1.64,0.4285,-0.3252,0.0,0.0,0.672,0.579,0.2239,0.0,-0.099,0.127,-0.02397,-0.2146,-0.6626,0.2612,-0.4535,-0.1754,0.0,-1.147,-0.7993,-0.4478,-0.487,0.0,0.0,-0.4775,0.0,-0.0198,0.1859,-0.474,-0.3564,-2.0,-1.5,-0.5,0.54,-0.2568,-0.2367,0.0,1.0,0.0,0.0,0.0,-0.6255,-0.1379439999999999,,,
0.545,-0.773,-0.582,-0.285,0.6978,0.2856,-0.3333,0.0,0.0,0.7324,0.635,0.2065,0.0,-0.0986,0.0736,-0.02399,-0.189,-0.919,0.265,-0.4601,-0.1791,-0.4534,0.0,-1.147,-0.4548,-0.4885,0.0,0.0,-0.4773,0.0,-0.02873,0.032,-0.3682,-0.313,-2.0,-1.5,-1.0,0.704,-0.4253,-0.3943,0.0,2.0,0.0,0.0,0.0,-0.5566,1.2942199999999997,,,
0.5073,0.00795,-0.416,-0.2747,-1.073,0.2856,-0.3416,1.0,0.0,0.512,0.4138,0.2734,0.0,-0.0981,1.184,-0.04285,-0.1635,-0.1389,0.2688,1.8101,-0.1757,-0.46,-0.4534,0.0,-0.4604,-0.488,0.0,0.0,-0.4763,0.0,0.005276,0.2455,-0.5054,1.737,-1.0,-1.0,-1.0,-0.0216,0.3823,0.1669,1.0,0.0,0.0,0.0,0.0,3.137,0.367144,,,
0.452,0.3306,-0.3413,-0.2659,3.994,0.2856,-0.3496,1.0,0.0,0.4175,0.3252,0.3035,0.0,-0.09766,0.5835,-0.06052,-0.1384,0.1604,0.2747,0.7735,-0.1808,1.809,-0.46,-0.4534,-0.4612,-0.4873,0.0,0.0,-0.4734,0.0,0.02051,0.21,-0.4734,0.9033,0.0,-0.5,-1.0,-0.301,0.6475,0.3787,2.0,0.0,0.0,0.0,0.0,1.544,-0.7593680000000004,,,
0.5312,-0.1722,-0.443,-0.268,-1.171,0.1428,-0.3577,0.0,0.0,0.5483,0.447,0.2627,0.0,-0.0972,0.714,-0.0901,-0.12164,-0.3557,0.2756,-1.0239,-0.2059,0.773,1.809,-0.46,-0.4626,-0.487,0.0,0.0,-0.4714,0.0,-0.000577,-0.1566,-0.221,-0.8286,0.0,-1.0,-1.5,0.1799,0.1909,-0.01654,0.0,1.0,0.0,0.0,0.0,-1.383,0.28200576,,,
0.473,-0.3638,-0.4802,-0.2673,2.383,0.0,-0.366,0.0,0.0,0.591,0.5005,0.2476,0.0,-0.09674,-0.3252,-0.1283,-0.1138,-0.546,0.2761,-0.39,-0.2203,-1.024,0.773,1.809,-0.4624,-0.4858,0.0,0.0,-0.4702,0.0,-0.00837,-0.0838,-0.2764,-0.1859,0.0,-1.5,-1.5,0.3665,0.03903,-0.1858,0.0,2.0,0.0,0.0,0.0,-0.3203,0.9307,,,
0.511,0.1348,-0.3728,-0.26,-1.753,0.0,-0.374,1.0,0.0,0.4597,0.359,0.2905,0.0,-0.0963,1.081,-0.1787,-0.1175,-0.02693,0.2769,1.1281,-0.2472,-0.39,-1.024,0.773,-0.4592,-0.4844,0.0,0.0,-0.4678,0.0,0.01352,0.1209,-0.4128,1.028,1.0,-1.0,-1.0,-0.03244,0.55,0.1991,1.0,0.0,0.0,0.0,0.0,1.795,0.63479,,,
0.4524,0.665,-0.2495,-0.246,2.756,0.0,-0.382,1.0,0.0,0.312,0.2164,0.34,0.0,-0.0959,0.203,-0.2401,-0.131,0.52,0.2817,1.2531,-0.2517,1.128,-0.39,-1.024,-0.4524,-0.4812,0.0,0.0,-0.4644,0.0,0.03864,0.3047,-0.5327,1.619,1.0,-0.5,-0.5,-0.515,0.947,0.6475,2.0,0.0,0.0,0.0,0.0,2.729,0.0887839999999999,,,
0.3845,0.7236,-0.2336,-0.2427,0.2169,0.0,-0.3901,1.0,0.0,0.2888,0.2037,0.3467,0.0,-0.0954,0.983,-0.292,-0.1534,0.543,0.2861,0.1573999999999999,-0.249,1.253,1.128,-0.39,-0.4438,-0.4788,0.0,0.0,-0.4614,0.0,0.0417,0.01881,-0.3271,0.2228,1.0,0.0,-0.5,-0.544,0.876,0.634,3.0,0.0,0.0,0.0,0.0,0.3613,-0.6531400000000002,,,
0.3652,0.2437,-0.3403,-0.2515,-0.504,0.0,-0.3984,1.0,0.0,0.4094,0.3313,0.3035,0.0,-0.095,0.1768,-0.329,-0.1821,0.1121,0.2783,-1.0439,-0.252,0.1572,1.253,1.128,-0.4421,-0.4768,0.0,0.0,-0.46,0.0,0.01953,-0.3933,-0.04288,-0.6675,1.0,0.0,-1.0,-0.06046,0.3738,0.1473,0.0,1.0,0.0,0.0,0.0,-1.077,-0.103364,,,
0.2688,0.2075,-0.3506,-0.254,0.014275,0.0,-0.4065,1.0,0.0,0.4138,0.3516,0.299,0.0,-0.0945,0.2496,-0.362,-0.2177,0.11896,0.2737,-0.10775,-0.2502,-1.043,0.1572,1.253,-0.4424,-0.4749,0.0,0.0,-0.4595,0.0,0.01721,-0.1969,-0.184,-0.072,1.0,0.0,-1.0,-0.02333,0.2605,0.08777,0.0,2.0,0.0,0.0,0.0,-0.1202,-0.6547348000000001,,,
0.3523,-0.2297,-0.4407,-0.2563,-1.484,-0.1428,-0.4146,0.0,0.0,0.531,0.4583,0.2627,0.0,-0.09406,0.0138,-0.3914,-0.2563,-0.3062,0.2715,-0.9199,-0.2544,-0.10785,-1.043,0.1572,-0.4424,-0.4739,0.0,0.0,-0.4592,0.0,-0.0016365,-0.2184,-0.1769,-0.641,0.0,0.0,-1.0,0.3662,-0.1575,-0.3125,0.0,3.0,0.0,0.0,0.0,-1.073,0.0823424,,,
0.3875,-0.299,-0.4497,-0.2527,0.6313,-0.1428,-0.4229,0.0,0.0,0.545,0.4673,0.2583,0.0,-0.0936,0.8613,-0.4104,-0.2996,-0.3733,0.2727,-0.1113499999999999,-0.2588,-0.9194,-0.10785,-1.043,-0.4417,-0.4734,0.0,0.0,-0.459,0.0,-0.003937,0.005432,-0.3376,-0.0643,-1.0,-0.5,-1.0,0.403,-0.182,-0.37,0.0,4.0,0.0,0.0,0.0,-0.1108,0.1937439999999999,,,
0.3245,-0.2642,-0.4368,-0.2476,-0.03796,-0.1428,-0.431,0.0,0.0,0.5234,0.4556,0.2627,0.0,-0.09314,-0.1963,-0.4263,-0.3496,-0.342,0.2744,0.1119,-0.264,-0.1114,-0.9194,-0.10785,-0.4434,-0.4722,0.0,0.0,-0.4585,0.0,-0.001817,0.02899,-0.3535,0.0563,-1.0,-0.5,-0.5,0.3235,-0.1351,-0.3374,1.0,0.0,0.0,0.0,0.0,0.0974,0.1260804,,,
0.2888,-0.1984,-0.4133,-0.2391,-0.251,-0.1428,-0.439,0.0,0.0,0.4915,0.4285,0.2712,0.0,-0.0927,-0.2035,-0.443,-0.394,-0.2703,0.2773,0.2229999999999999,-0.2715,0.1118,-0.1114,-0.9194,-0.4475,-0.4707,0.0,0.0,-0.4595,0.0,0.002459,0.1835,-0.4617,0.1757,0.0,0.0,0.0,0.2104,-0.04306,-0.216,2.0,0.0,0.0,0.0,0.0,0.303,-0.0260296,,,
0.3032,-0.28,-0.4165,-0.2281,0.8804,-0.1428,-0.4473,0.0,0.0,0.4963,0.4312,0.269,0.0,-0.0923,0.1466,-0.454,-0.42,-0.339,0.2808,-0.0552299999999999,-0.3108,0.2228,0.1118,-0.1114,-0.4521,-0.4697,0.0,0.0,-0.4617,0.0,0.001261,0.2876,-0.5366,-0.0321,0.0,0.0,0.0,0.148,-0.154,-0.1958,0.0,1.0,0.0,0.0,0.0,-0.055,0.0703571999999999,,,
0.2462,-0.351,-0.4304,-0.2277,0.514,-0.2856,-0.4553,0.0,0.0,0.5093,0.4536,0.2627,0.0,-0.0918,0.364,-0.4578,-0.4387,-0.444,0.283,-0.1662,-0.3213,-0.05533,0.2228,0.1118,-0.4546,-0.4683,0.0,0.0,-0.463,0.0,-0.002178,-0.1738,-0.2087,-0.1305,0.0,-0.5,-0.5,0.181,-0.2524,-0.2483,0.0,2.0,0.0,0.0,0.0,-0.2238,0.433928,,,
0.157,-0.0909,-0.3801,-0.2294,-0.8975,-0.4285,-0.4634,0.0,0.0,0.4404,0.3975,0.282,0.0,-0.0914,-0.2125,-0.4565,-0.4553,-0.1937,0.2817,0.5015999999999999,-0.3218,-0.1663,-0.0553,0.2228,-0.4558,-0.467,0.0,0.0,-0.463,0.0,0.007626,-0.2593,-0.1434,0.3423,1.0,-0.5,-0.5,-0.05588,-0.0654,0.01599,1.0,0.0,0.0,0.0,0.0,0.59,-0.1762439999999999,,,
0.09125,-0.1578,-0.3894,-0.226,7.605,-0.4285,-0.4714,0.0,0.0,0.4463,0.4146,0.2776,0.0,-0.0909,-0.209,-0.455,-0.466,-0.2502,0.2822,-0.10964,-0.3276,0.5015,-0.1663,-0.0553,-0.4548,-0.4658,0.0,0.0,-0.4622,0.0,0.00533,0.0378,-0.3564,-0.06058,0.0,-1.0,-0.5,-0.01611,-0.1364,-0.0658,0.0,1.0,0.0,0.0,0.0,-0.1028,-0.13163024,,,
0.0945,-0.259,-0.4033,-0.2205,1.546,-0.4285,-0.4797,0.0,0.0,0.4634,0.4316,0.2712,0.0,-0.09045,-0.412,-0.4534,-0.4746,-0.3413,0.2832,-0.1651,-0.3345,-0.1097,0.5015,-0.1663,-0.454,-0.4653,0.0,0.0,-0.4614,0.0,0.001928,0.1209,-0.417,-0.0924,-1.0,-1.0,-0.5,0.0079,-0.2615,-0.1776,0.0,2.0,0.0,0.0,0.0,-0.1573,-0.0302342399999999,,,
-0.03275,0.00658,-0.3464,-0.2175,-1.464,-0.4285,-0.4878,1.0,0.0,0.3845,0.3713,0.2927,0.0,-0.09,-0.153,-0.4512,-0.4841,-0.0852,0.2837,0.5531,-0.3508,-0.165,-0.1097,0.5015,-0.4521,-0.465,0.0,0.0,-0.46,0.0,0.012856,-0.073,-0.274,0.31,0.0,-0.5,-0.5,-0.2466,-0.07025,0.09247,1.0,0.0,0.0,0.0,0.0,0.531,0.0076805599999999,,,
-0.10236,0.2479,-0.2996,-0.2188,3.066,-0.4285,-0.4958,1.0,0.0,0.3242,0.3206,0.31,0.0,-0.08954,-0.2351,-0.4514,-0.4932,0.1581,0.281,0.4351,-0.3843,0.553,-0.165,-0.1097,-0.45,-0.4644,0.0,0.0,-0.4578,0.0,0.0215,-0.4482,-0.002113,0.432,1.0,0.0,-0.5,-0.383,0.1013,0.3406,2.0,0.0,0.0,0.0,0.0,0.727,0.415712,,,
-0.2037,0.5547,-0.237,-0.2181,1.129,-0.4285,-0.504,1.0,0.0,0.2456,0.2563,0.3337,0.0,-0.0891,0.0777,-0.4578,-0.499,0.4932,0.2776,0.5904,-0.369,0.435,0.553,-0.165,-0.446,-0.463,0.0,0.0,-0.4565,0.0,0.03342,-0.2333,-0.1503,0.714,1.0,0.5,-0.5,-0.599,0.2766,0.6484,3.0,0.0,0.0,0.0,0.0,1.186,0.8958320000000001,,,
-0.1692,1.145,-0.0996,-0.2041,1.124,-0.4285,-0.504,1.0,1.0,0.1023,0.1028,0.3875,0.0,-0.0887,1.281,-0.4365,-0.4888,0.9556,0.2927,1.3171,-0.3113,0.59,0.435,0.553,-0.4385,-0.461,0.0,0.0,-0.4548,0.0,0.0605,0.7617,-0.848,3.572,2.0,0.5,0.0,-0.974,0.795,1.113,4.0,0.0,0.0,0.0,0.0,5.824,-0.1064088,,,
-0.1602,0.692,-0.1782,-0.1941,-0.261,-0.4285,-0.504,1.0,1.0,0.185,0.1866,0.3552,0.0,-0.0882,-0.1392,-0.4146,-0.4739,0.5005,0.2976,-0.7592,-0.2964,1.316,0.59,0.435,-0.434,-0.4604,0.0,0.0,-0.453,0.0,0.04376,0.4102,-0.6045,-0.7983,2.0,0.0,0.0,-0.599,0.3882,0.6133,0.0,1.0,0.0,0.0,0.0,-1.25,-1.0716879999999998,,,
-0.0664,-0.007366,-0.3098,-0.1857,-0.833,-0.2856,-0.512,1.0,0.0,0.3389,0.3298,0.3013,0.0,-0.08777,0.79,-0.3987,-0.4595,-0.1855,0.3005,-1.2959,-0.3096,-0.759,1.316,0.59,-0.4326,-0.4614,0.0,0.0,-0.4517,0.0,0.01605,0.2316,-0.4893,-1.214,1.0,0.0,0.0,0.0345,-0.1448,-0.0815,0.0,2.0,0.0,0.0,0.0,-1.947,0.6306,,,
-0.1632,0.2737,-0.236,-0.1727,4.195,-0.1428,-0.5205,1.0,0.0,0.2476,0.2517,0.3293,0.0,-0.0873,-0.05078,-0.3843,-0.445,0.11523,0.3037,0.7021,-0.3054,-1.296,-0.759,1.316,-0.4292,-0.4612,0.0,0.0,-0.4507,0.0,0.03024,0.4531,-0.641,0.544,1.0,0.5,0.5,-0.2098,0.1697,0.2493,1.0,0.0,0.0,0.0,0.0,0.9087,0.0685839999999999,,,
-0.1174,-0.03046,-0.2854,-0.1624,-0.782,0.0,-0.5283,1.0,0.0,0.307,0.3052,0.3079,0.0,-0.08685,0.03687,-0.371,-0.4302,-0.1732,0.3062,-0.5289,-0.3137,0.702,-1.296,-0.759,-0.4282,-0.461,0.0,0.0,-0.4514,0.0,0.01913,0.2339,-0.4895,-0.295,0.0,0.0,0.0,0.04517,-0.06058,-0.0005317,0.0,1.0,0.0,0.0,0.0,-0.4822,0.2630119999999999,,,
0.02682,-0.626,-0.4055,-0.1603,-12.38,0.0,-0.5366,0.0,0.0,0.461,0.4402,0.2583,0.0,-0.0864,0.8613,-0.3628,-0.4185,-0.766,0.306,-1.2359,-0.319,-0.5283,0.702,-1.296,-0.4314,-0.4607,0.0,0.0,-0.4534,0.0,-0.006382,-0.177,-0.2074,-1.174,-1.0,0.0,-0.5,0.627,-0.5293,-0.6016,0.0,2.0,0.0,0.0,0.0,-1.951,-0.8628200000000001,,,
0.1963,-1.283,-0.547,-0.1654,1.422,0.0,-0.545,0.0,0.0,0.6567,0.6143,0.2001,0.0,-0.08594,1.335,-0.364,-0.4153,-1.391,0.2993,-1.5099,-0.2756,-1.236,-0.5283,0.702,-0.4395,-0.4612,0.0,0.0,-0.4556,0.0,-0.03635,-0.4724,-0.00958,-1.859,-1.0,0.0,-0.5,1.315,-1.079,-1.141,0.0,3.0,0.0,0.0,0.0,-3.217,-0.451032,,,
0.2223,-1.556,-0.6123,-0.1737,0.3755,0.0,-0.5527,0.0,0.0,0.749,0.705,0.1721,0.0,-0.0855,0.2644,-0.3682,-0.419,-1.653,0.2922,-0.7629,-0.2184,-1.509,-1.236,-0.5283,-0.4524,-0.462,0.0,0.0,-0.4583,0.0,-0.0508,-0.565,0.05017,-0.676,-1.0,-0.5,-0.5,1.569,-1.302,-1.19,0.0,4.0,0.0,0.0,0.0,-1.227,-0.397356,,,
0.2896,-1.643,-0.6455,-0.187,0.1965,0.0,-0.561,0.0,0.0,0.802,0.7485,0.1571,0.0,-0.0851,0.514,-0.372,-0.4258,-1.767,0.286,-0.4209,-0.1616,-0.7627,-1.509,-1.236,-0.4644,-0.4626,0.0,0.0,-0.4604,0.0,-0.05862,-0.751,0.1796,-0.3008,-2.0,-1.0,-1.0,1.652,-1.343,-1.128,0.0,5.0,0.0,0.0,0.0,-0.5596,-0.31796,,,
0.3438,-1.747,-0.684,-0.2021,0.2052,0.0,-0.5693,0.0,0.0,0.8633,0.8027,0.1399,0.0,-0.0846,-0.1582,-0.36,-0.427,-1.851,0.2742,-0.4872,-0.1021,-0.4207,-0.7627,-1.509,-0.4739,-0.4646,0.0,0.0,-0.4631,0.0,-0.06757,-0.797,0.2085,-0.47,-2.0,-1.5,-1.0,1.762,-1.409,-1.086,0.0,5.0,0.0,1.0,-5.484,-0.8853,0.8924040000000004,,,
0.3616,-1.057,-0.554,-0.2101,-0.3096,0.0,-0.577,0.0,0.0,0.6797,0.6104,0.1893,0.0,-0.08417,0.912,-0.3354,-0.4207,-1.162,0.2673,1.4231,-0.08234,-0.487,-0.4207,-0.7627,-0.4824,-0.4663,0.0,0.0,-0.4646,0.0,-0.04236,-0.4734,-0.01139,1.206,-1.0,-1.5,-0.5,1.052,-0.607,-0.672,1.0,0.0,0.0,0.0,0.0,2.309,-1.1138496000000002,,,
0.6196,-1.686,-0.7026,-0.229,0.8213,-0.1428,-0.5854,0.0,0.0,0.9126,0.808,0.129,0.0,-0.0837,1.894,-0.303,-0.4065,-1.842,0.2615,-1.6579,-0.0302,1.422,-0.487,-0.4207,-0.4932,-0.468,0.0,0.0,-0.4675,0.0,-0.0733,-0.7944,0.2042,-1.117,-1.0,-1.5,-1.0,1.8,-1.213,-0.9595,0.0,1.0,0.0,0.0,0.0,-2.047,-0.983428,,,
1.008,-2.307,-0.877,-0.2583,0.606,-0.2856,-0.5933,0.0,0.0,1.224,1.064,0.058,0.0,-0.08325,2.906,-0.2228,-0.3604,-2.123,0.2378,-2.0619,0.06683,-1.658,1.422,-0.487,-0.505,-0.471,0.0,0.0,-0.4722,0.0,-0.1099,-1.069,0.384,-3.11,-1.0,-1.5,-1.5,2.738,-1.97,-1.163,0.0,2.0,0.0,0.0,0.0,-6.008,0.3776840000000001,,,
1.026,-1.909,-0.8145,-0.2878,-0.0908,-0.4285,-0.6016,0.0,0.0,1.121,0.9556,0.0795,0.0,-0.0828,1.055,-0.122,-0.2983,-1.997,0.2192,0.6681,0.1272,-2.06,-1.658,1.422,-0.512,-0.4739,0.0,0.0,-0.476,0.0,-0.099,-1.081,0.3975,0.685,0.0,-1.5,-1.5,2.17,-1.494,-0.921,1.0,0.0,0.0,0.0,0.0,1.415,-0.6881440000000001,,,
1.08,-2.162,-0.913,-0.3313,0.2815,-0.5713,-0.61,0.0,0.0,1.292,1.123,0.03864,0.0,-0.08234,1.49,0.04327,-0.1915,-2.08,0.1798,-1.2429,0.2004,0.6675,-2.06,-1.658,-0.5205,-0.4783,0.0,0.0,-0.4812,0.0,-0.1201,-1.473,0.674,-1.245,0.0,-1.5,-2.0,2.623,-1.891,-0.9756,0.0,1.0,0.0,0.0,0.0,-2.52,-0.2786519999999999,,,
1.181,-2.17,-0.961,-0.3726,0.1376,-0.7144,-0.6177,0.0,0.0,1.386,1.203,0.01709,0.0,-0.0819,0.763,0.207,-0.0775,-2.057,0.1532,-0.6806,0.2722,-1.242,0.6675,-2.06,-0.529,-0.483,0.0,0.0,-0.4868,0.0,-0.1312,-1.465,0.6577,-0.7183,-1.0,-1.5,-2.0,2.703,-2.053,-0.9385,0.0,2.0,0.0,0.0,0.0,-1.512,0.2173332000000001,,,
1.03,-1.533,-0.8755,-0.4014,-0.1927,-0.857,-0.626,0.0,0.0,1.223,1.061,0.04724,0.0,-0.0815,0.534,0.3442,0.02708,-1.433,0.1362,0.9737,0.3118,-0.68,-1.242,0.6675,-0.534,-0.4866,0.0,0.0,-0.4915,0.0,-0.1159,-1.172,0.4553,0.684,0.0,-1.0,-1.5,2.047,-1.381,-0.739,1.0,0.0,0.0,0.0,0.0,1.472,0.4341171999999997,,,
0.967,-1.047,-0.8223,-0.4312,-0.2245,-1.0,-0.6343,0.0,0.0,1.129,0.9736,0.06445,0.0,-0.081,0.00421,0.451,0.12103,-1.0205,0.12286,0.5401,0.3276,0.973,-0.68,-1.242,-0.542,-0.49,0.0,0.0,-0.4963,0.0,-0.1072,-1.242,0.509,0.2944,1.0,-0.5,-1.5,1.649,-0.989,-0.616,2.0,0.0,0.0,0.0,0.0,0.6147,0.07858,,,
0.947,-0.8125,-0.8145,-0.4583,-0.1259,-1.143,-0.642,0.0,0.0,1.114,0.962,0.06445,0.0,-0.08057,0.0876,0.5244,0.2046,-0.881,0.1124,0.0001,0.328,0.5396,0.973,-0.68,-0.546,-0.4927,0.0,0.0,-0.5015,0.0,-0.10724,-1.196,0.476,0.0,0.0,-0.5,-1.5,1.461,-0.95,-0.5684,0.0,0.0,0.0,0.0,0.0,0.0,-0.5589120000000001,,,
1.027,-1.265,-0.9297,-0.4854,0.7935,-1.143,-0.6504,0.0,0.0,1.317,1.158,0.01709,0.0,-0.0801,0.676,0.577,0.2856,-1.351,0.0971,-1.4599,0.3262,0.0,0.5396,0.973,-0.5483,-0.4963,0.0,0.0,-0.5083,0.0,-0.1316,-1.191,0.462,-0.98,0.0,-0.5,-1.5,2.018,-1.526,-0.6924,0.0,1.0,0.0,0.0,0.0,-2.012,-0.06110224,,,
0.9604,-1.323,-0.9673,-0.5063,0.1869,-1.143,-0.6587,0.0,0.0,1.379,1.233,-0.0001335,0.0,-0.07965,0.4429,0.6196,0.3591,-1.368,0.0797,-0.5559000000000001,0.2766,-1.459,0.0,0.5396,-0.5527,-0.5,0.0,0.0,-0.5166,0.0,-0.1405,-1.09,0.3862,-0.4595,0.0,-1.0,-1.5,2.107,-1.635,-0.717,0.0,2.0,0.0,0.0,0.0,-0.9883,0.500732,,,
1.081,-0.9736,-0.9263,-0.5225,-0.1676,-1.143,-0.6665,0.0,0.0,1.314,1.146,0.01279,0.0,-0.0792,2.44,0.6523,0.428,-0.9106,0.06027,0.4246999999999999,0.2197,-0.556,-1.459,0.0,-0.5547,-0.504,0.0,0.0,-0.524,0.0,-0.134,-0.915,0.2642,0.6597,0.0,-0.5,-1.0,1.749,-1.271,-0.627,1.0,0.0,0.0,0.0,0.0,1.443,-0.9120840000000002,,,
1.282,-1.526,-1.049,-0.5425,0.7954,-1.143,-0.675,0.0,0.0,1.56,1.366,-0.03674,0.0,-0.07874,1.618,0.6587,0.4832,-1.491,0.04886,-1.6059,0.2051,0.4243,-0.556,-1.459,-0.5576,-0.5083,0.0,0.0,-0.5312,0.0,-0.1595,-1.018,0.326,-1.426,-1.0,-0.5,-1.0,2.436,-1.824,-0.783,0.0,1.0,0.0,0.0,0.0,-3.08,1.551574,,,
1.187,-0.3984,-0.866,-0.552,-0.7007,-1.143,-0.683,0.0,0.0,1.219,1.03,0.03001,0.0,-0.0783,1.341,0.6426,0.5225,-0.3586,0.04004,2.2801,0.1148,-1.605,0.4243,-0.556,-0.5586,-0.511,0.0,0.0,-0.5376,0.0,-0.1255,-0.5664,0.019,2.102,0.0,-0.5,-0.5,1.278,-0.6113,-0.4548,1.0,0.0,0.0,0.0,0.0,4.78,-1.2096055999999995,,,
1.432,-1.033,-1.007,-0.5757,2.271,-1.143,-0.691,0.0,0.0,1.491,1.2705,-0.02597,0.0,-0.0779,2.408,0.599,0.548,-1.03,0.02771,-1.7839,0.0361,2.28,-1.605,0.4243,-0.564,-0.5156,0.0,0.0,-0.5444,0.0,-0.1542,-1.008,0.3215,-2.055,0.0,-0.5,-1.0,2.02,-1.341,-0.7227,0.0,1.0,0.0,0.0,0.0,-4.363,0.3601280000000001,,,
1.226,-0.65,-0.9595,-0.5884,-0.2969,-1.143,-0.699,0.0,0.0,1.387,1.197,-0.0109,0.0,-0.0774,0.3718,0.514,0.556,-0.6826,0.0198,0.5091,-0.0324,-1.784,2.28,-1.605,-0.569,-0.52,0.0,0.0,-0.5503,0.0,-0.1466,-0.7456,0.1378,0.3357,1.0,0.0,-0.5,1.552,-1.061,-0.615,1.0,0.0,0.0,0.0,0.0,0.755,-0.2418781599999999,,,
1.086,-0.8594,-1.003,-0.5933,0.5273,-1.143,-0.7075,0.0,0.0,1.456,1.292,-0.03029,0.0,-0.07697,0.8643,0.4248,0.553,-0.8584,0.01143,-0.6439,-0.0626,0.509,-1.784,2.28,-0.572,-0.5244,0.0,0.0,-0.555,0.0,-0.1566,-0.556,-0.001696,-0.4119,0.0,-0.5,-0.5,1.7295,-1.232,-0.6973,0.0,1.0,0.0,0.0,0.0,-0.9116,1.1198359999999996,,,
0.939,-0.1373,-0.8867,-0.5957,-0.8584,-1.143,-0.7153,0.0,0.0,1.234,1.087,0.010635,0.0,-0.07654,1.04,0.3186,0.5376,-0.1068,0.00412,1.3881,-0.10095,-0.6436,0.509,-1.784,-0.571,-0.5283,0.0,0.0,-0.5586,0.0,-0.1357,-0.4387,-0.0763,1.083,1.0,-0.5,-0.5,1.006,-0.5044,-0.3843,1.0,0.0,0.0,0.0,0.0,2.445,0.2916628,,,
0.7866,0.306,-0.804,-0.589,-8.32,-1.0,-0.7236,1.0,0.0,1.085,0.9585,0.03864,0.0,-0.07605,-0.04938,0.2457,0.5044,0.3586,0.002518,0.9098,-0.1417,1.387,-0.6436,0.509,-0.5693,-0.532,0.0,0.0,-0.561,0.0,-0.1215,-0.0945,-0.3157,0.7534,1.0,0.0,0.0,0.5767,-0.0528,-0.1376,2.0,0.0,1.0,0.0,8.3,1.631,1.1694016,,,
0.771,0.973,-0.6714,-0.573,1.974,-0.857,-0.732,1.0,0.0,0.878,0.7476,0.086,0.0,-0.0756,1.776,0.1797,0.4548,1.047,0.005867,1.4971,-0.1691,0.9097,1.387,-0.6436,-0.562,-0.5356,0.0,0.0,-0.562,0.0,-0.0974,0.2399,-0.5435,1.626,2.0,0.5,0.5,-0.01321,0.585,0.2883,3.0,0.0,0.0,0.0,0.0,3.422,-0.0742808,,,
0.948,0.488,-0.745,-0.566,-0.3584,-0.7144,-0.7397,1.0,0.0,1.004,0.8477,0.05585,0.0,-0.07513,1.864,0.1072,0.3845,0.5225,0.00905,-0.9099,-0.2634,1.496,0.9097,1.387,-0.5605,-0.5405,0.0,0.0,-0.565,0.0,-0.113,-0.0527,-0.3416,-0.8564,1.0,0.5,0.0,0.4177,0.1993,0.1472,0.0,1.0,0.0,0.0,0.0,-1.723,0.5818680000000002,,,
0.9507,0.561,-0.7266,-0.5605,0.27,-0.5713,-0.748,1.0,0.0,0.9756,0.8184,0.06015,0.0,-0.0747,0.1769,0.02762,0.2913,0.5923,0.00888,0.1339,-0.3079,-0.9097,1.496,0.9097,-0.555,-0.545,0.0,0.0,-0.5664,0.0,-0.1108,-0.116,-0.2954,0.06036,2.0,0.5,0.0,0.368,0.2617,0.2883,1.0,0.0,0.0,0.0,0.0,0.125,0.26446,,,
0.9175,0.7227,-0.691,-0.5537,0.4028,-0.4285,-0.756,1.0,0.0,0.919,0.7656,0.0709,0.0,-0.0743,-0.003527,-0.0657,0.1965,0.7666,0.00852,0.3334,-0.303,0.1338,-0.9097,1.496,-0.5503,-0.548,0.0,0.0,-0.5664,0.0,-0.10535,-0.063,-0.3308,0.1434,2.0,1.0,0.5,0.1804,0.3293,0.4087,2.0,0.0,0.0,0.0,0.0,0.2957,-0.2979760000000001,,,
0.9194,0.2522,-0.7593,-0.5435,-0.492,-0.2856,-0.764,1.0,0.0,1.023,0.873,0.04294,0.0,-0.0738,-0.05444,-0.1616,0.0928,0.3098,0.00972,-0.8573000000000001,-0.316,0.333,0.1338,-0.9097,-0.546,-0.5522,0.0,0.0,-0.567,0.0,-0.11975,0.03723,-0.4087,-0.5913,1.0,0.5,0.5,0.5703,-0.02205,0.08856,0.0,1.0,0.0,0.0,0.0,-1.206,0.6567017599999997,,,
0.8613,0.6714,-0.665,-0.5273,1.476,-0.1428,-0.7725,1.0,0.0,0.8765,0.731,0.07526,0.0,-0.07336,0.239,-0.2515,0.01253,0.728,0.01492,1.0171,-0.3047,-0.857,0.333,0.1338,-0.542,-0.5557,0.0,0.0,-0.5664,0.0,-0.1034,0.2766,-0.5723,1.017,1.0,1.0,1.0,0.171,0.434,0.4666,1.0,0.0,0.0,0.0,0.0,2.13,-0.678768,,,
0.829,0.2257,-0.7275,-0.515,-0.4993,0.0,-0.7803,1.0,0.0,0.9673,0.83,0.0494,0.0,-0.07294,0.784,-0.3145,-0.05667,0.2065,0.0225,-0.7879,-0.3035,1.016,-0.857,0.333,-0.5415,-0.5586,0.0,0.0,-0.5654,0.0,-0.11676,0.0806,-0.4382,-0.9985,1.0,0.5,0.5,0.4824,0.0502,0.11774,0.0,1.0,0.0,0.0,0.0,-2.03,0.35449976,,,
0.668,0.4683,-0.6553,-0.493,0.978,0.1428,-0.7886,1.0,0.0,0.8467,0.732,0.07306,0.0,-0.07245,-0.006084,-0.358,-0.1228,0.4841,0.02794,0.7408,-0.296,-0.7876,1.016,-0.857,-0.542,-0.5605,0.0,0.0,-0.565,0.0,-0.1047,0.4626,-0.7056,0.4004,1.0,1.0,1.0,0.1061,0.286,0.3867,1.0,0.0,0.0,0.0,0.0,0.8345,0.6813760000000002,,,
0.5894,0.91,-0.554,-0.476,0.9927,0.2856,-0.797,1.0,0.0,0.698,0.5923,0.10754,0.0,-0.072,1.315,-0.372,-0.1882,0.91,0.03418,1.0531,-0.2732,0.74,-0.7876,1.016,-0.539,-0.561,0.0,0.0,-0.564,0.0,-0.08716,0.3308,-0.6035,0.995,1.0,1.0,1.0,-0.3193,0.642,0.7188,2.0,0.0,0.0,0.0,0.0,2.025,-0.5615180000000001,,,
0.636,0.0857,-0.6763,-0.457,-0.7554,0.4285,-0.8047,1.0,0.0,0.875,0.7666,0.06015,0.0,-0.07153,1.433,-0.339,-0.254,0.04532,0.04346,-1.4009,-0.2744,1.053,0.74,-0.7876,-0.539,-0.5625,0.0,0.0,-0.5645,0.0,-0.11163,0.3884,-0.656,-1.976,1.0,0.5,1.0,0.3567,0.064,0.1823,0.0,1.0,0.0,0.0,0.0,-3.895,0.0622596,,,
0.735,-0.4802,-0.7627,-0.4446,-3.486,0.4285,-0.813,0.0,0.0,1.015,0.894,0.02571,0.0,-0.0711,0.05273,-0.3057,-0.3103,-0.495,0.04486,-1.0659,-0.2754,-1.401,1.053,0.74,-0.542,-0.5645,0.0,0.0,-0.564,0.0,-0.1294,0.101,-0.4583,-1.341,0.0,0.0,0.5,0.829,-0.355,-0.2173,0.0,2.0,0.0,1.0,-7.91,-2.764,0.1927,,,
0.6543,-0.2961,-0.707,-0.427,-0.3599,0.4285,-0.8213,0.0,0.0,0.922,0.812,0.04294,0.0,-0.0707,0.201,-0.2778,-0.3472,-0.2747,0.04745,0.5514,-0.2815,-1.065,-1.401,1.053,-0.542,-0.5664,0.0,0.0,-0.563,0.0,-0.12067,0.2986,-0.595,0.441,1.0,0.5,1.0,0.517,-0.11884,-0.04282,1.0,0.0,0.0,0.0,0.0,0.9404,-0.15634224,,,
0.7705,-0.786,-0.788,-0.42,2.572,0.4285,-0.829,0.0,0.0,1.058,0.9326,0.010635,0.0,-0.0702,1.216,-0.2698,-0.362,-0.725,0.04504,-1.0169,-0.281,0.5513,-1.065,-1.401,-0.546,-0.568,0.0,0.0,-0.563,0.0,-0.1375,-0.0945,-0.322,-1.696,0.0,0.0,0.5,0.9395,-0.5234,-0.4192,0.0,1.0,0.0,0.0,0.0,-3.555,-0.0077883999999999,,,
0.7407,-0.7876,-0.786,-0.4175,0.1356,0.2856,-0.8374,0.0,0.0,1.052,0.932,0.00848,0.0,-0.06976,0.07556,-0.276,-0.3672,-0.7163,0.0422,-0.0699,-0.3052,-1.016,0.5513,-1.065,-0.5483,-0.569,0.0,0.0,-0.562,0.0,-0.1387,-0.2715,-0.1963,-0.07086,-1.0,-0.5,0.0,0.8384,-0.5703,-0.502,0.0,2.0,0.0,0.0,0.0,-0.1534,1.5120679999999995,,,
0.597,0.3306,-0.5757,-0.4124,-1.559,0.2856,-0.8457,1.0,0.0,0.7285,0.622,0.08167,0.0,-0.06934,1.952,-0.2844,-0.366,0.3918,0.04208,2.3851,-0.2969,-0.06995,-1.016,0.5513,-0.548,-0.569,0.0,0.0,-0.561,0.0,-0.10126,-0.1181,-0.289,2.55,0.0,0.0,0.0,-0.092,0.5063,0.3804,1.0,0.0,0.0,0.0,0.0,5.535,0.492224,,,
0.461,0.574,-0.514,-0.3997,0.7656,0.2856,-0.8535,1.0,0.0,0.6343,0.5474,0.1011,0.0,-0.06885,0.4448,-0.293,-0.359,0.65,0.04428,0.5875,-0.3066,2.385,-0.06995,-1.016,-0.548,-0.568,0.0,0.0,-0.5586,0.0,-0.0915,0.1605,-0.4836,0.61,1.0,0.0,0.5,-0.2625,0.719,0.564,2.0,0.0,0.0,0.0,0.0,1.231,-0.3303788,,,
0.4666,0.3472,-0.543,-0.39,-0.2368,0.2856,-0.862,1.0,0.0,0.6733,0.5864,0.08813,0.0,-0.0684,-0.2683,-0.3083,-0.3525,0.4434,0.045,-0.3844,-0.3196,0.5874,2.385,-0.06995,-0.5464,-0.567,0.0,0.0,-0.556,0.0,-0.0982,0.0599,-0.4148,-0.2207,0.0,0.0,0.0,-0.05258,0.512,0.358,0.0,1.0,0.0,0.0,0.0,-0.4377,-0.0757799999999999,,,
0.4268,0.2374,-0.5537,-0.3826,-0.1401,0.2856,-0.87,1.0,0.0,0.6846,0.605,0.08167,0.0,-0.06793,-0.6724,-0.334,-0.3506,0.3438,0.0452,-0.1945,-0.3608,-0.3845,0.5874,2.385,-0.543,-0.5664,0.0,0.0,-0.5537,0.0,-0.10156,-0.03445,-0.3489,-0.0735,0.0,-0.5,-0.5,0.02773,0.3616,0.2537,0.0,2.0,0.0,0.0,0.0,-0.1475,0.6376069600000002,,,
0.4875,0.825,-0.4197,-0.3647,2.105,0.2856,-0.878,1.0,0.0,0.515,0.4202,0.127,0.0,-0.0675,1.2705,-0.3638,-0.3516,0.9214,0.05164,1.3711,-0.3496,-0.1946,-0.3845,0.5874,-0.538,-0.5654,0.0,0.0,-0.5513,0.0,-0.07855,0.354,-0.6157,1.723,1.0,-0.5,0.0,-0.456,0.881,0.8315,1.0,0.0,1.0,0.0,4.93,3.479,0.0613759999999999,,,
0.549,0.468,-0.4724,-0.3545,-0.2878,0.2856,-0.886,1.0,0.0,0.587,0.4836,0.1054,0.0,-0.0671,0.7593,-0.3948,-0.3574,0.5796,0.05286,-0.6259,-0.3445,1.37,-0.1946,-0.3845,-0.532,-0.565,0.0,0.0,-0.55,0.0,-0.0897,0.07086,-0.4187,-0.475,0.0,-0.5,-0.5,-0.1453,0.552,0.4438,0.0,1.0,0.0,0.0,0.0,-0.92,-0.2323599999999999,,,
0.569,0.0477,-0.5376,-0.344,-0.684,0.2856,-0.8945,1.0,0.0,0.674,0.5703,0.0795,0.0,-0.0666,0.644,-0.4155,-0.3623,0.154,0.05542,-0.7659,-0.3457,-0.6255,1.37,-0.1946,-0.528,-0.564,0.0,0.0,-0.5503,0.0,-0.103,0.07086,-0.4246,-0.4304,-1.0,-0.5,-0.5,0.2098,0.2012,0.06744,0.0,2.0,0.0,0.0,0.0,-0.85,0.107596,,,
0.5825,-0.04907,-0.5474,-0.3374,-0.668,0.2856,-0.9023,1.0,0.0,0.6885,0.583,0.07306,0.0,-0.06616,-0.006084,-0.433,-0.3684,0.05292,0.05573,-0.1962,-0.3464,-0.7656,-0.6255,1.37,-0.5283,-0.563,0.0,0.0,-0.55,0.0,-0.1064,-0.0945,-0.3079,-0.10065,-1.0,-1.0,-1.0,0.256,0.06537,-0.0412,0.0,3.0,0.0,0.0,0.0,-0.2036,0.3984924,,,
0.508,0.3174,-0.4712,-0.332,12.28,0.2856,-0.9106,1.0,0.0,0.582,0.4856,0.09674,0.0,-0.06573,1.018,-0.4448,-0.3796,0.4246,0.05453,0.7241,-0.3423,-0.1962,-0.7656,-0.6255,-0.529,-0.5615,0.0,0.0,-0.549,0.0,-0.0943,-0.1581,-0.2573,0.3555,0.0,-0.5,-1.0,-0.0671,0.3152,0.2776,1.0,0.0,0.0,0.0,0.0,0.7236,1.184114,,,
0.3828,1.109,-0.291,-0.3115,2.256,0.2856,-0.9185,1.0,0.0,0.3533,0.2705,0.1571,0.0,-0.06525,0.9736,-0.4302,-0.392,1.213,0.0614,1.8021,-0.3013,0.7236,-0.1962,-0.7656,-0.5244,-0.559,0.0,0.0,-0.5474,0.0,-0.06366,0.458,-0.6836,2.74,0.0,0.0,-0.5,-0.6826,1.01,0.9224,2.0,0.0,0.0,0.0,0.0,5.453,-0.308896,,,
0.4897,0.578,-0.3613,-0.2898,-0.3435,0.4285,-0.927,1.0,0.0,0.4443,0.3467,0.129,0.0,-0.0648,1.108,-0.3987,-0.4014,0.656,0.0705,-0.7919,-0.2927,1.801,0.7236,-0.1962,-0.522,-0.5576,0.0,0.0,-0.5454,0.0,-0.0781,0.505,-0.723,-0.6694,0.0,-0.5,-0.5,-0.2715,0.623,0.4993,0.0,1.0,0.0,0.0,0.0,-1.262,0.39249776,,,
0.426,0.9517,-0.2532,-0.2656,0.739,0.5713,-0.935,1.0,0.0,0.3142,0.2229,0.1636,0.0,-0.06433,0.0475,-0.3616,-0.4028,1.058,0.07715,0.9996,-0.2598,-0.7915,1.801,0.7236,-0.5195,-0.5547,0.0,0.0,-0.5435,0.0,-0.06058,0.574,-0.765,0.639,1.0,-0.5,-0.5,-0.5986,0.9517,0.765,1.0,0.0,0.0,0.0,0.0,1.235,0.4343440000000001,,,
0.3538,1.014,-0.1953,-0.2354,0.1974,0.7144,-0.935,1.0,1.0,0.2446,0.1631,0.1808,0.0,-0.0639,0.628,-0.2832,-0.3699,0.9697,0.0988,0.4846999999999999,-0.2266,0.999,-0.7915,1.801,-0.515,-0.5522,0.0,0.0,-0.5405,0.0,-0.05194,0.8867,-0.984,0.6294,2.0,0.0,0.0,-0.6807,1.07,0.7896,2.0,0.0,0.0,0.0,0.0,1.179,0.2777848,,,
0.4602,0.968,-0.1566,-0.2037,0.0883,0.857,-0.935,1.0,1.0,0.2119,0.1118,0.1915,0.0,-0.0635,1.428,-0.2004,-0.3218,0.8857,0.1144,0.2984,-0.1892,0.4844,0.999,-0.7915,-0.5083,-0.549,0.0,0.0,-0.538,0.0,-0.04657,0.9375,-1.018,0.3206,2.0,0.5,0.5,-0.7896,0.992,0.7476,3.0,0.0,0.0,0.0,0.0,0.5913,-1.0686359999999997,,,
0.5254,0.2522,-0.2812,-0.1904,-0.595,0.857,-0.943,1.0,0.0,0.3535,0.2472,0.1462,0.0,-0.063,1.613,-0.1292,-0.273,0.10693,0.1242,-1.2409,-0.1804,0.2983,0.4844,0.999,-0.504,-0.547,0.0,0.0,-0.537,0.0,-0.0699,0.2983,-0.572,-1.234,1.0,0.0,0.0,-0.1746,0.4397,0.3147,0.0,1.0,0.0,0.0,0.0,-2.258,-0.36478,,,
0.4685,0.913,-0.122,-0.1737,2.25,0.857,-0.943,1.0,1.0,0.1764,0.0738,0.2001,0.0,-0.06256,0.892,-0.0686,-0.2247,0.743,0.1321,1.5381,-0.1512,-1.241,0.2983,0.4844,-0.4978,-0.5444,0.0,0.0,-0.534,0.0,-0.0425,0.4548,-0.6714,2.105,2.0,0.5,0.0,-0.661,1.043,0.6694,1.0,0.0,0.0,0.0,0.0,4.008,0.4900132000000001,,,
0.56,1.269,-0.01345,-0.1505,0.5156,0.857,-0.943,1.0,1.0,0.07495,-0.0459,0.2367,0.0,-0.0621,1.686,3.64e-06,-0.1686,1.005,0.1487,0.9977,-0.12103,1.537,-1.241,0.2983,-0.493,-0.5425,0.0,0.0,-0.53,0.0,-0.02412,0.6826,-0.8257,2.254,2.0,1.0,0.5,-0.9033,1.359,0.818,2.0,0.0,0.0,0.0,0.0,4.09,-0.0511602399999999,,,
0.7314,1.102,-0.010376,-0.1262,0.000953,0.857,-0.943,1.0,1.0,0.0857,-0.0631,0.2367,0.0,-0.06165,1.399,0.0661,-0.1094,0.7964,0.163,0.0001,-0.09674,0.997,1.537,-1.241,-0.4866,-0.54,0.0,0.0,-0.526,0.0,-0.02444,0.729,-0.859,0.0,1.0,1.0,0.5,-0.8506,1.172,0.701,0.0,0.0,0.0,0.0,0.0,0.0,-0.7170782399999999,,,
0.7715,0.351,-0.1503,-0.1153,-0.5444,0.857,-0.943,1.0,1.0,0.2301,0.07916,0.1873,0.0,-0.06122,0.7666,0.1189,-0.06046,0.04205,0.1692,-1.3089,-0.1307,0.0,0.997,1.537,-0.485,-0.538,0.0,0.0,-0.522,0.0,-0.04996,0.2225,-0.5083,-1.418,0.0,0.5,0.0,-0.1975,0.589,0.3057,0.0,1.0,0.0,0.0,0.0,-2.496,0.5195632,,,
0.812,-0.0898,-0.2294,-0.10614,-0.956,0.7144,-0.951,0.0,0.0,0.3184,0.1636,0.1592,0.0,-0.06076,0.4346,0.1489,-0.02444,-0.3704,0.1719,-0.7714,-0.1875,-1.309,0.0,0.997,-0.4863,-0.5366,0.0,0.0,-0.5186,0.0,-0.06445,0.1842,-0.4875,-0.9146,0.0,0.0,0.0,0.1624,0.2323,0.04822,0.0,2.0,0.0,0.0,0.0,-1.679,-0.191876,,,
0.9873,-0.498,-0.3037,-0.09796,18.77,0.5713,-0.951,0.0,0.0,0.4163,0.2356,0.1334,0.0,-0.0603,2.037,0.1572,-0.0003588,-0.723,0.1724,-0.7294,-0.2014,-0.771,-1.309,0.0,-0.4897,-0.5356,0.0,0.0,-0.5176,0.0,-0.07794,0.1842,-0.4932,-1.317,-1.0,0.0,0.0,0.505,-0.05173,-0.2091,0.0,3.0,0.0,0.0,0.0,-2.477,-0.6227520000000003,,,
1.151,-0.8857,-0.3787,-0.0932,1.127,0.4285,-0.951,0.0,0.0,0.518,0.3135,0.10754,0.0,-0.05984,1.235,0.1412,0.014336,-1.069,0.1724,-0.7465,-0.2034,-0.7295,-0.771,-1.309,-0.4922,-0.535,0.0,0.0,-0.5176,0.0,-0.0913,0.076,-0.4219,-0.7754,-2.0,-0.5,0.0,0.8086,-0.3447,-0.4531,0.0,4.0,0.0,0.0,0.0,-1.493,0.4489919999999998,,,
1.168,-1.006,-0.4023,-0.09186,0.293,0.2856,-0.951,0.0,0.0,0.5483,0.3418,0.09894,0.0,-0.05942,0.9326,0.0963,0.01984,-1.185,0.1725,-0.2549,-0.2076,-0.7466,-0.7295,-0.771,-0.4983,-0.534,0.0,0.0,-0.517,0.0,-0.0958,-0.0835,-0.31,-0.1771,-2.0,-1.0,-0.5,0.797,-0.4885,-0.5435,0.0,5.0,0.0,0.0,0.0,-0.349,0.3379152000000001,,,
1.069,0.01146,-0.1836,-0.08923,-1.042,0.2856,-0.943,1.0,1.0,0.2893,0.09094,0.1743,0.0,-0.05896,2.072,0.0363,0.01701,-0.194,0.1738,2.2481000000000004,-0.2219,-0.2546,-0.7466,-0.7295,-0.502,-0.5327,0.0,0.0,-0.515,0.0,-0.05737,-0.00926,-0.346,2.467,-1.0,-1.0,-0.5,-0.07446,0.527,0.132,1.0,0.0,0.0,0.0,0.0,4.902,0.33916,,,
0.946,0.2944,-0.1097,-0.0798,3.393,0.2856,-0.935,1.0,1.0,0.2019,0.02129,0.2001,0.0,-0.0585,0.0809,-0.0345,0.011345,0.12225,0.176,0.7201,-0.2144,2.246,-0.2546,-0.7466,-0.5044,-0.5317,0.0,0.0,-0.5137,0.0,-0.04425,0.2588,-0.5317,0.5054,0.0,-0.5,0.0,-0.33,0.7524,0.3396,2.0,0.0,0.0,0.0,0.0,0.9385,0.032268,,,
1.151,-0.3418,-0.2467,-0.0811,-1.676,0.1428,-0.935,0.0,0.0,0.365,0.1554,0.1527,0.0,-0.05804,1.29,-0.1279,-0.002111,-0.5195,0.1768,-1.2909,-0.2241,0.7197,2.246,-0.2546,-0.5063,-0.5303,0.0,0.0,-0.5127,0.0,-0.0686,-0.1465,-0.253,-1.071,0.0,-1.0,-0.5,0.2969,0.2124,-0.1378,0.0,1.0,0.0,0.0,0.0,-1.944,-0.8933399999999998,,,
1.323,-0.947,-0.3882,-0.0906,2.615,0.0,-0.943,0.0,0.0,0.5435,0.311,0.1032,0.0,-0.05762,0.4417,-0.2051,-0.02538,-1.121,0.172,-1.4059,-0.237,-1.291,0.7197,2.246,-0.51,-0.5293,0.0,0.0,-0.512,0.0,-0.0941,-0.4438,-0.05188,-1.397,0.0,-1.5,-1.0,0.9604,-0.3245,-0.6562,0.0,2.0,0.0,1.0,-7.91,-2.643,-0.6414279999999999,,,
1.343,-1.197,-0.46,-0.10455,0.4429,-0.1428,-0.951,0.0,0.0,0.6343,0.4016,0.0774,0.0,-0.05716,0.4832,-0.2725,-0.06128,-1.38,0.1648,-0.7675,-0.2401,-1.406,-1.291,0.7197,-0.513,-0.529,0.0,0.0,-0.512,0.0,-0.1074,-0.5933,0.04892,-0.7866,0.0,-1.5,-1.5,1.218,-0.631,-0.9297,0.0,3.0,0.0,0.0,0.0,-1.557,0.02528176,,,
1.214,-1.051,-0.4375,-0.11084,-0.007496,-0.2856,-0.9595,0.0,0.0,0.5957,0.383,0.08386,0.0,-0.0567,0.2269,-0.3376,-0.11115,-1.262,0.1624,0.1968,-0.2327,-0.767,-1.406,-1.291,-0.5146,-0.5273,0.0,0.0,-0.512,0.0,-0.1042,-0.3904,-0.09436,0.09973,0.0,-1.0,-1.0,0.9854,-0.543,-0.841,1.0,0.0,0.0,0.0,0.0,0.2021,0.5572588000000002,,,
1.063,-0.605,-0.36,-0.1221,-0.3577,-0.4285,-0.9673,0.0,0.0,0.4885,0.2976,0.1097,0.0,-0.05624,0.0319,-0.4043,-0.1676,-0.869,0.159,0.7817999999999999,-0.2241,0.1965,-0.767,-1.406,-0.5137,-0.526,0.0,0.0,-0.5137,0.0,-0.09106,-0.551,0.02603,0.3994,0.0,-0.5,-1.0,0.582,-0.1698,-0.546,2.0,0.0,0.0,0.0,0.0,0.805,-1.2684,,,
1.232,-1.331,-0.5454,-0.1476,1.614,-0.5713,-0.9673,0.0,0.0,0.738,0.5264,0.04507,0.0,-0.05582,1.133,-0.3757,-0.2261,-1.504,0.1395,-1.9069,-0.1816,0.7812,0.1965,-0.767,-0.5215,-0.5264,0.0,0.0,-0.515,0.0,-0.12427,-1.003,0.334,-2.229,0.0,-0.5,-1.5,1.503,-0.873,-1.032,0.0,1.0,0.0,1.0,-6.707,-4.383,-1.78112,,,
1.467,-2.191,-0.769,-0.1844,0.869,-0.7144,-0.9673,0.0,0.0,1.083,0.844,-0.03244,0.0,-0.05536,2.156,-0.2505,-0.269,-2.123,0.11035,-2.4299,-0.0795,-1.907,0.7812,0.1965,-0.5356,-0.5283,0.0,0.0,-0.5195,0.0,-0.1641,-1.186,0.447,-2.816,0.0,-0.5,-1.5,2.62,-1.855,-1.282,0.0,2.0,0.0,0.0,0.0,-5.89,-0.2171119999999999,,,
1.539,-2.307,-0.8364,-0.2178,0.1974,-0.857,-0.9673,0.0,0.0,1.198,0.95,-0.05612,0.0,-0.0549,1.207,-0.1346,-0.2625,-2.123,0.09375,-0.8049000000000001,0.01242,-2.428,-1.907,0.7812,-0.548,-0.531,0.0,0.0,-0.5244,0.0,-0.1763,-1.131,0.4026,-0.582,0.0,-0.5,-1.5,2.807,-2.031,-1.206,0.0,3.0,0.0,0.0,0.0,-1.318,-1.7057319999999998,,,
1.983,-2.307,-1.042,-0.2573,0.514,-0.857,-0.9673,0.0,0.0,1.604,1.295,-0.1272,0.0,-0.05444,2.906,-0.01421,-0.2119,-2.123,0.0736,-2.4299,0.1392,-0.8047,-2.428,-1.907,-0.562,-0.5337,0.0,0.0,-0.5312,0.0,-0.2128,-1.22,0.4497,-2.111,-1.0,-1.0,-1.5,2.836,-2.066,-1.282,0.0,4.0,0.0,0.0,0.0,-4.906,1.5126,,,
1.868,-2.121,-0.883,-0.2854,-0.2164,-0.857,-0.9673,0.0,0.0,1.303,1.004,-0.07336,0.0,-0.05402,2.906,0.1224,-0.1272,-2.023,0.0475,2.0351000000000004,0.2002,-2.428,-0.8047,-2.428,-0.571,-0.5366,0.0,0.0,-0.536,0.0,-0.1852,-0.867,0.2106,1.832,-1.0,-1.0,-1.0,2.729,-1.628,-0.901,1.0,0.0,0.0,0.0,0.0,4.613,0.5096440000000001,,,
2.043,-2.307,-1.006,-0.3147,0.3677,-0.857,-0.9673,0.0,0.0,1.538,1.218,-0.1164,0.0,-0.05356,1.884,0.2432,-0.0375,-2.123,0.03152,-1.5299,0.2595,2.033,-2.428,-0.8047,-0.583,-0.5396,0.0,0.0,-0.5425,0.0,-0.2074,-0.9077,0.2297,-1.077,-1.0,-1.0,-1.0,2.836,-2.066,-0.96,0.0,1.0,0.0,0.0,0.0,-2.55,-0.595748,,,
2.16,-2.307,-1.09,-0.3462,0.2367,-0.857,-0.9673,0.0,0.0,1.712,1.378,-0.1466,0.0,-0.0531,0.9517,0.3577,0.057,-2.123,0.011955,-1.1249,0.3,-1.529,2.033,-2.428,-0.598,-0.543,0.0,0.0,-0.551,0.0,-0.2228,-0.955,0.2566,-0.9863,-1.0,-1.0,-1.0,2.836,-2.066,-0.9653,0.0,2.0,0.0,1.0,-7.91,-2.451,-0.340658,,,
2.014,-2.307,-1.111,-0.3896,0.0656,-1.0,-0.9673,0.0,0.0,1.744,1.436,-0.1552,0.0,-0.05264,1.08,0.4583,0.1472,-2.123,-0.005966,-0.3332,0.32,-1.125,-1.529,2.033,-0.6104,-0.5464,0.0,0.0,-0.559,0.0,-0.2273,-1.389,0.564,-0.1227,-1.0,-1.0,-1.5,2.836,-2.066,-0.9033,0.0,3.0,0.0,0.0,0.0,-0.3162,1.3262079999999994,,,
1.882,-1.33,-0.9243,-0.4285,-0.4128,-1.143,-0.9673,0.0,0.0,1.376,1.077,-0.0927,0.0,-0.05222,0.3257,0.5396,0.2316,-1.335,-0.0231,2.4411,0.3127,-0.333,-1.125,-1.529,-0.614,-0.549,0.0,0.0,-0.565,0.0,-0.1953,-1.174,0.4246,1.622,0.0,-1.0,-1.5,2.121,-0.97,-0.608,1.0,0.0,1.0,0.0,9.375,4.223,-0.8904079999999998,,,
2.074,-1.834,-1.064,-0.466,0.564,-1.143,-0.9756,0.0,0.0,1.654,1.333,-0.1422,0.0,-0.05176,1.981,0.601,0.311,-1.882,-0.04077,-1.7989,0.3289,2.44,-0.333,-1.125,-0.619,-0.553,0.0,0.0,-0.5713,0.0,-0.2207,-1.178,0.4163,-1.068,-1.0,-1.5,-1.5,2.836,-1.655,-0.733,0.0,1.0,0.0,0.0,0.0,-2.584,-0.1257519999999999,,,
2.088,-1.534,-1.054,-0.4966,-0.04916,-1.143,-0.984,0.0,0.0,1.634,1.31,-0.1401,0.0,-0.0513,2.389,0.6533,0.3896,-1.525,-0.0622,0.083,0.341,-1.798,2.44,-0.333,-0.62,-0.557,0.0,0.0,-0.577,0.0,-0.2197,-1.065,0.337,0.0729,0.0,-1.0,-1.0,2.584,-1.45,-0.664,1.0,0.0,0.0,0.0,0.0,0.1869,0.7312160000000002,,,
1.945,-0.8735,-0.974,-0.5215,-0.3528,-1.143,-0.984,0.0,0.0,1.472,1.166,-0.11426,0.0,-0.05084,1.171,0.683,0.458,-0.8677,-0.07605,0.9918,0.342,0.0828,-1.798,2.44,-0.6226,-0.561,0.0,0.0,-0.582,0.0,-0.2065,-0.859,0.1956,0.4644,1.0,-0.5,-0.5,1.986,-0.7866,-0.522,2.0,0.0,0.0,0.0,0.0,1.1875,-0.6836327999999999,,,
2.111,-1.025,-1.041,-0.55,0.3386,-1.143,-0.984,0.0,0.0,1.61,1.281,-0.138,0.0,-0.0504,1.654,0.672,0.511,-1.129,-0.085,-0.8819,0.3467,0.991,0.0828,-1.798,-0.6235,-0.5654,0.0,0.0,-0.587,0.0,-0.2186,-0.952,0.2566,-0.3398,1.0,-0.5,-1.0,2.277,-1.052,-0.565,0.0,1.0,0.0,0.0,0.0,-0.843,0.0898759999999999,,,
2.166,-1.052,-1.095,-0.5854,0.1631,-1.143,-0.984,0.0,0.0,1.723,1.388,-0.1573,0.0,-0.04996,0.026,0.622,0.5522,-1.273,-0.0969,-0.7416,0.3071,-0.8813,0.991,0.0828,-0.6245,-0.5703,0.0,0.0,-0.594,0.0,-0.2286,-1.139,0.3857,-0.4023,0.0,-0.5,-1.5,2.398,-1.323,-0.596,0.0,2.0,0.0,0.0,0.0,-1.025,0.2601839999999998,,,
1.933,-0.584,-1.053,-0.6094,-0.3816,-1.143,-0.984,0.0,0.0,1.621,1.321,-0.1444,0.0,-0.0495,0.737,0.5693,0.5825,-0.7734,-0.1132,0.5064,0.219,-0.7417,-0.8813,0.991,-0.6235,-0.5747,0.0,0.0,-0.6016,0.0,-0.222,-0.912,0.2264,0.251,1.0,-0.5,-1.0,1.879,-1.06,-0.516,1.0,0.0,0.0,0.0,0.0,0.6553,0.0139571999999999,,,
1.9,-0.4783,-1.057,-0.6226,-0.09143,-1.143,-0.984,0.0,0.0,1.624,1.33,-0.1466,0.0,-0.04904,2.104,0.5317,0.5986,-0.5815,-0.1266,-0.08297,0.1443,0.5063,-0.7417,-0.8813,-0.627,-0.5796,0.0,0.0,-0.608,0.0,-0.2233,-0.6733,0.05573,-0.06088,0.0,-0.5,-1.0,1.749,-1.004,-0.4949,0.0,1.0,0.0,0.0,0.0,-0.1565,0.6518679999999998,,,
1.706,-0.0642,-1.002,-0.6304,-0.9814,-1.0,-0.984,1.0,0.0,1.504,1.238,-0.1294,0.0,-0.0486,-0.1188,0.4744,0.5977,-0.1593,-0.1326,0.6666,0.0835,-0.08307,0.5063,-0.7417,-0.626,-0.585,0.0,0.0,-0.613,0.0,-0.2145,-0.4714,-0.0844,0.3286,0.0,0.0,-0.5,1.236,-0.7017,-0.3765,1.0,0.0,0.0,0.0,0.0,0.8467,0.1991039999999999,,,
1.494,0.0869,-0.9727,-0.6265,9.57,-0.857,-0.984,1.0,0.0,1.433,1.2,-0.1207,0.0,-0.04816,0.9863,0.4038,0.5796,0.05936,-0.136,0.3265,0.02486,0.666,-0.08307,0.5063,-0.625,-0.59,0.0,0.0,-0.617,0.0,-0.2101,-0.05545,-0.3794,0.2024,1.0,0.5,0.0,0.931,-0.5684,-0.294,2.0,0.0,0.0,0.0,0.0,0.5107,0.4825736,,,
1.165,0.262,-0.95,-0.6294,1.246,-0.7144,-0.984,1.0,0.0,1.365,1.185,-0.11426,0.0,-0.0477,0.4658,0.3372,0.539,0.2247,-0.1384,0.2423999999999999,-0.0582,0.3262,0.666,-0.08307,-0.625,-0.594,0.0,0.0,-0.621,0.0,-0.2068,-0.3794,-0.1469,0.0896,2.0,0.5,0.0,0.7017,-0.4756,-0.2122,3.0,0.0,0.0,0.0,0.0,0.2239,0.3274051999999999,,,
0.951,0.7036,-0.8696,-0.622,1.508,-0.5713,-0.984,1.0,0.0,1.206,1.057,-0.08844,0.0,-0.04724,0.1225,0.255,0.473,0.7188,-0.1394,0.9621,-0.2101,0.2422,0.3262,0.666,-0.622,-0.598,0.0,0.0,-0.6255,0.0,-0.1936,0.11176,-0.4915,0.4033,2.0,1.0,0.5,0.2573,-0.04022,0.0865,4.0,0.0,0.0,0.0,0.0,1.0,0.0549919999999999,,,
0.9463,0.5127,-0.885,-0.6113,-0.1266,-0.4285,-0.984,1.0,0.0,1.232,1.084,-0.0949,0.0,-0.0468,0.921,0.1628,0.3953,0.518,-0.1353,-0.2334,-0.327,0.9614,0.2422,0.3262,-0.618,-0.601,0.0,0.0,-0.6284,0.0,-0.1969,0.3196,-0.641,-0.1019,2.0,0.5,0.5,0.3452,-0.1367,0.1847,0.0,1.0,0.0,0.0,0.0,-0.2454,0.9981620000000004,,,
0.935,1.234,-0.74,-0.5938,1.431,-0.2856,-0.984,1.0,0.0,0.995,0.8413,-0.04752,0.0,-0.04636,2.305,0.06232,0.3198,1.275,-0.1298,1.7251,-0.3408,-0.2334,0.9614,0.2422,-0.6123,-0.6035,0.0,0.0,-0.629,0.0,-0.1727,0.66,-0.8735,1.135,2.0,0.5,1.0,-0.3638,0.526,0.9023,1.0,0.0,0.0,0.0,0.0,2.752,0.4890319999999998,,,
0.8594,0.989,-0.77,-0.587,-0.0659,-0.1428,-0.984,1.0,0.0,1.036,0.896,-0.0583,0.0,-0.0459,0.7393,-0.04166,0.2357,1.019,-0.1266,-0.3717,-0.3425,1.724,-0.2334,0.9614,-0.607,-0.6055,0.0,0.0,-0.629,0.0,-0.1783,0.1953,-0.5444,-0.2257,1.0,0.5,0.5,-0.2346,0.2489,0.753,0.0,1.0,0.0,0.0,0.0,-0.5195,0.3605719999999999,,,
0.7896,0.981,-0.7505,-0.5737,0.1254,0.0,-0.984,1.0,0.0,0.9995,0.87,-0.05182,0.0,-0.04544,1.007,-0.1431,0.1477,1.046,-0.122,0.2259,-0.3193,-0.3718,1.724,-0.2334,-0.6025,-0.609,0.0,0.0,-0.627,0.0,-0.175,0.8184,-0.988,0.1215,1.0,1.0,1.0,-0.2832,0.3127,0.7134,1.0,0.0,0.0,0.0,0.0,0.283,0.048744,,,
0.8687,-0.003498,-0.9053,-0.5684,-0.857,0.1428,-0.984,1.0,0.0,1.261,1.127,-0.1035,0.0,-0.045,0.843,-0.2201,0.06616,-0.00010157,-0.11566,-1.7939,-0.3284,0.2257,-0.3718,1.724,-0.6016,-0.6133,0.0,0.0,-0.628,0.0,-0.2015,0.2059,-0.562,-0.7896,0.0,0.5,0.5,0.5454,-0.439,0.0476,0.0,1.0,0.0,0.0,0.0,-1.825,-0.9833022399999998,,,
1.051,-0.887,-1.059,-0.5728,-12.0,0.1428,-0.984,0.0,0.0,1.561,1.405,-0.1552,0.0,-0.04456,1.609,-0.2837,-0.0172,-0.896,-0.1173,-1.8999,-0.3196,-1.793,0.2257,-0.3718,-0.604,-0.6177,0.0,0.0,-0.6284,0.0,-0.228,-0.4004,-0.141,-1.205,0.0,0.5,0.0,1.403,-1.195,-0.6235,0.0,2.0,0.0,0.0,0.0,-2.951,-0.258748,,,
0.979,-0.757,-1.037,-0.5723,-0.0396,0.1428,-0.984,0.0,0.0,1.513,1.368,-0.1487,0.0,-0.0441,1.0625,-0.3455,-0.0959,-0.717,-0.12103,0.2525,-0.3188,-1.899,-1.793,0.2257,-0.6074,-0.621,0.0,0.0,-0.629,0.0,-0.2249,-0.18,-0.2969,0.1641,0.0,0.5,0.5,1.159,-0.992,-0.5347,1.0,0.0,0.0,0.0,0.0,0.427,-0.3353559999999999,,,
1.209,-1.241,-1.119,-0.5737,0.9004,0.1428,-0.984,0.0,0.0,1.696,1.519,-0.1768,0.0,-0.04364,1.795,-0.3923,-0.1711,-1.185,-0.1231,-1.0859,-0.3074,0.2524,-1.899,-1.793,-0.6123,-0.625,0.0,0.0,-0.629,0.0,-0.2391,-0.2438,-0.2576,-0.6655,0.0,0.0,0.5,1.587,-1.3545,-0.862,0.0,1.0,0.0,0.0,0.0,-1.719,-0.3011064,,,
1.216,-0.9463,-1.072,-0.574,-0.1384,0.1428,-0.984,0.0,0.0,1.601,1.42,-0.1616,0.0,-0.0432,1.632,-0.406,-0.2429,-0.877,-0.1252,0.6051,-0.302,-1.085,0.2524,-1.899,-0.619,-0.6284,0.0,0.0,-0.6304,0.0,-0.2314,-0.2262,-0.2668,0.3245,0.0,0.0,0.5,1.223,-0.925,-0.615,1.0,0.0,0.0,0.0,0.0,0.8677,-0.7870976000000001,,,
1.225,-1.258,-1.128,-0.577,0.518,0.1428,-0.984,0.0,0.0,1.715,1.536,-0.181,0.0,-0.04276,1.484,-0.406,-0.3086,-1.208,-0.1263,-0.7636000000000001,-0.2864,0.605,-1.085,0.2524,-0.6265,-0.633,0.0,0.0,-0.6313,0.0,-0.2415,-0.343,-0.1879,-0.3677,0.0,-0.5,0.5,1.479,-1.164,-0.7964,0.0,1.0,0.0,0.0,0.0,-0.9653,-0.7314519999999999,,,
1.465,-1.564,-1.189,-0.5845,0.4119,0.0,-0.984,0.0,0.0,1.867,1.653,-0.2025,0.0,-0.0423,2.01,-0.4058,-0.3555,-1.488,-0.1329,-0.8689,-0.2588,-0.763,0.605,-1.085,-0.6357,-0.636,0.0,0.0,-0.633,0.0,-0.2524,-0.6147,0.00141,-0.576,0.0,-0.5,0.0,1.789,-1.409,-0.939,0.0,2.0,0.0,0.0,0.0,-1.549,-0.105484,,,
1.354,-0.7246,-1.058,-0.5884,-0.4717,-0.1428,-0.984,0.0,0.0,1.584,1.379,-0.1594,0.0,-0.04184,1.519,-0.407,-0.3936,-0.671,-0.1348,1.7871,-0.255,-0.8687,-0.763,0.605,-0.639,-0.638,0.0,0.0,-0.634,0.0,-0.2305,-0.342,-0.1836,0.805,0.0,-0.5,0.0,0.9604,-0.4214,-0.4414,1.0,0.0,0.0,0.0,0.0,2.225,1.9978520000000004,,,
1.412,1.207,-0.726,-0.5786,-3.074,-0.1428,-0.984,1.0,0.0,1.012,0.7793,-0.04965,0.0,-0.0414,2.906,-0.4167,-0.4329,1.156,-0.1256,2.7441000000000004,-0.2295,1.786,-0.8687,-0.763,-0.633,-0.6377,0.0,0.0,-0.632,0.0,-0.1744,0.222,-0.5615,5.23,1.0,0.0,0.0,-0.5747,1.398,0.6353,2.0,0.0,1.0,0.0,9.375,7.785,-0.1840720000000001,,,
1.546,0.934,-0.7637,-0.5737,-0.09296,-0.1428,-0.984,1.0,0.0,1.081,0.8286,-0.06256,0.0,-0.04095,1.224,-0.4307,-0.4612,0.8516,-0.12195,-0.4472,-0.2198,2.744,1.786,-0.8687,-0.6274,-0.637,0.0,0.0,-0.63,0.0,-0.181,0.03592,-0.4316,-0.3047,0.0,-0.5,-0.5,-0.2905,1.136,0.4438,0.0,1.0,0.0,0.0,0.0,-0.7026,0.7006399999999999,,,
1.533,1.396,-0.6714,-0.564,0.6196,-0.1428,-0.984,1.0,0.0,0.9395,0.685,-0.03244,0.0,-0.0405,1.881,-0.4353,-0.465,1.3,-0.1172,1.0591,-0.1943,-0.4473,2.744,1.786,-0.6187,-0.636,0.0,0.0,-0.6274,0.0,-0.1658,0.2042,-0.545,0.814,1.0,0.0,0.0,-0.6484,1.41,0.631,1.0,0.0,0.0,0.0,0.0,1.903,1.2150000000000003,,,
1.355,2.156,-0.5146,-0.5537,0.741,-0.1428,-0.984,1.0,0.0,0.7065,0.474,0.01924,0.0,-0.04004,1.893,-0.4233,-0.4548,2.002,-0.1107,1.7571,-0.1392,1.059,-0.4473,2.744,-0.608,-0.6343,0.0,0.0,-0.624,0.0,-0.1394,0.2218,-0.546,1.465,2.0,0.5,0.0,-1.117,1.985,0.884,2.0,0.0,0.0,0.0,0.0,3.316,0.3850079999999999,,,
1.291,2.156,-0.4624,-0.54,0.2115,-0.1428,-0.984,1.0,0.0,0.6333,0.4092,0.03647,0.0,-0.0396,0.3816,-0.3977,-0.4397,2.002,-0.1034,0.5551,-0.0811,1.756,1.059,-0.4473,-0.5947,-0.632,0.0,0.0,-0.6206,0.0,-0.1306,0.3481,-0.6323,0.4673,2.0,0.5,0.5,-1.151,2.033,0.832,3.0,0.0,0.0,0.0,0.0,1.003,0.6569560000000003,,,
1.219,2.156,-0.332,-0.521,0.379,-0.1428,-0.984,1.0,0.0,0.4678,0.2505,0.0795,0.0,-0.03915,1.302,-0.3584,-0.419,2.002,-0.09454,1.3641,-0.001473,0.5547,1.756,1.059,-0.578,-0.6284,0.0,0.0,-0.616,0.0,-0.10864,0.4746,-0.7124,1.103,2.0,1.0,0.5,-1.454,2.111,0.904,4.0,0.0,0.0,0.0,0.0,2.326,-0.224344,,,
1.47,2.012,-0.4602,-0.4995,-0.2041,-0.1428,-0.984,1.0,0.0,0.645,0.3918,0.03647,0.0,-0.0387,2.695,-0.2937,-0.3853,1.774,-0.07947,-1.3089,0.0324,1.363,0.5547,1.756,-0.5664,-0.6265,0.0,0.0,-0.613,0.0,-0.1309,0.5225,-0.7563,-1.627,2.0,0.5,0.5,-0.8354,1.63,0.557,0.0,1.0,0.0,0.0,0.0,-3.291,0.7151919999999999,,,
1.4,2.156,-0.3557,-0.4668,0.2754,0.0,-0.984,1.0,0.0,0.5103,0.2644,0.0709,0.0,-0.03827,1.405,-0.2212,-0.3464,2.002,-0.0675,1.0911,0.0825,-1.308,1.363,0.5547,-0.559,-0.6235,0.0,0.0,-0.6094,0.0,-0.11334,0.938,-1.046,0.8335,2.0,1.0,1.0,-1.069,1.928,0.6475,1.0,0.0,0.0,0.0,0.0,1.758,1.8144960000000003,,,
1.355,2.156,-0.09064,-0.4238,0.611,0.1428,-0.9756,1.0,1.0,0.2152,-0.0326,0.1592,0.0,-0.0378,2.803,-0.1162,-0.2822,2.002,-0.0436,2.7031,0.1863,1.091,-1.308,1.363,-0.546,-0.619,0.0,0.0,-0.604,0.0,-0.0683,1.105,-1.1455,3.326,2.0,1.5,1.0,-1.454,2.111,0.893,2.0,0.0,0.0,0.0,0.0,6.785,0.504912,,,
1.297,2.156,0.01741,-0.372,0.1545,0.2856,-0.9673,1.0,1.0,0.10425,-0.1373,0.1958,0.0,-0.03735,1.104,0.0493,-0.1738,2.002,-0.003998,1.0341,0.2988,2.703,1.091,-1.308,-0.532,-0.6147,0.0,0.0,-0.599,0.0,-0.04984,1.335,-1.301,2.125,2.0,1.5,1.5,-1.454,2.111,0.8633,3.0,0.0,1.0,0.0,9.375,3.998,-0.4711039999999999,,,
1.369,2.156,-0.0505,-0.3257,-0.1148,0.4285,-0.9595,1.0,1.0,0.1761,-0.07526,0.1743,0.0,-0.0369,1.016,0.1902,-0.0749,2.002,0.013466,-0.5889,0.374,1.033,2.703,1.091,-0.5225,-0.6104,0.0,0.0,-0.5938,0.0,-0.06097,1.181,-1.195,-0.492,1.0,1.0,1.0,-1.435,2.111,0.6636,0.0,1.0,0.0,0.0,0.0,-0.896,-0.8342535999999998,,,
1.585,1.433,-0.2019,-0.2832,-0.3333,0.5713,-0.951,1.0,1.0,0.3503,0.0688,0.12476,0.0,-0.03647,1.748,0.3098,0.01727,1.26,0.02893,-1.3799,0.4106,-0.589,1.033,2.703,-0.5176,-0.6064,0.0,0.0,-0.5903,0.0,-0.0864,1.008,-1.083,-1.183,1.0,1.0,1.0,-0.6895,1.792,0.427,0.0,2.0,0.0,0.0,0.0,-2.195,1.274084,,,
1.492,2.156,0.03595,-0.2263,0.6455,0.7144,-0.943,1.0,1.0,0.10236,-0.1716,0.2045,0.0,-0.036,2.428,0.4224,0.1172,2.002,0.05307,2.3201,0.4731,-1.38,-0.589,1.033,-0.51,-0.601,0.0,0.0,-0.5835,0.0,-0.0458,1.243,-1.233,2.49,1.0,1.0,1.5,-1.344,2.111,0.611,1.0,0.0,0.0,0.0,0.0,4.83,-0.3319676000000001,,,
1.474,2.156,0.1622,-0.1699,0.2026,0.857,-0.935,1.0,1.0,-0.01425,-0.2888,0.2476,0.0,-0.03555,1.873,0.548,0.2338,2.002,0.08777,1.1701,0.5264,2.32,-1.38,-0.589,-0.4973,-0.5957,0.0,0.0,-0.575,0.0,-0.02414,1.243,-1.224,3.037,1.0,1.0,1.5,-1.454,2.111,0.6494,2.0,0.0,0.0,0.0,0.0,5.492,-0.8249079999999998,,,
1.32,1.6045,0.08167,-0.1327,-0.1797,0.857,-0.927,1.0,1.0,0.04596,-0.2014,0.2217,0.0,-0.0351,1.216,0.667,0.346,1.356,0.11145,-0.6769000000000001,0.5444,1.169,2.32,-1.38,-0.4883,-0.591,0.0,0.0,-0.5674,0.0,-0.0375,0.9272,-1.004,-0.6104,0.0,0.5,1.0,-1.195,2.111,0.4976,0.0,1.0,0.0,0.0,0.0,-1.064,-0.4323239999999997,,,
1.448,0.718,-0.04984,-0.0994,-0.4287,0.857,-0.9185,1.0,1.0,0.1818,-0.08246,0.1786,0.0,-0.03467,0.7817,0.749,0.4404,0.563,0.1239,-1.1519,0.5107,-0.677,1.169,2.32,-0.487,-0.5864,0.0,0.0,-0.5596,0.0,-0.0597,0.7686,-0.9004,-1.153,0.0,0.0,1.0,-0.5776,1.571,0.3193,0.0,2.0,0.0,0.0,0.0,-2.057,-0.323896,,,
1.427,0.1854,-0.12213,-0.07324,-0.5786,0.857,-0.9106,1.0,1.0,0.2532,-0.005215,0.1549,0.0,-0.0342,0.134,0.7964,0.518,0.07495,0.1349,-0.6576,0.461,-1.152,-0.677,1.169,-0.4895,-0.5825,0.0,0.0,-0.5527,0.0,-0.0719,0.5835,-0.7734,-0.5073,0.0,0.0,0.5,-0.2532,1.168,0.2059,0.0,3.0,0.0,0.0,0.0,-0.938,1.4700639999999998,,,
1.245,1.158,0.135,-0.04248,4.03,0.857,-0.9023,1.0,1.0,-0.00841,-0.2451,0.2411,0.0,-0.03375,1.177,0.8193,0.5845,1.039,0.1503,2.4411,0.4097,-0.657,-1.152,-0.677,-0.4854,-0.5776,0.0,0.0,-0.544,0.0,-0.02803,0.6646,-0.8115,3.562,0.0,0.0,0.5,-0.9824,2.04,0.4543,1.0,0.0,0.0,0.0,0.0,6.727,-0.1027736,,,
1.253,0.7783,0.09357,-0.01662,-0.1943,0.857,-0.8945,1.0,1.0,0.02966,-0.207,0.2281,0.0,-0.0333,-0.1661,0.809,0.6313,0.715,0.1605,-0.3402,0.3,2.441,-0.657,-1.152,-0.4792,-0.573,0.0,0.0,-0.5347,0.0,-0.03476,0.566,-0.744,-0.2566,-1.0,-0.5,0.0,-0.7485,1.717,0.3867,0.0,1.0,0.0,0.0,0.0,-0.4502,1.1503551999999997,,,
1.142,1.517,0.303,0.01267,1.051,0.857,-0.886,1.0,1.0,-0.1602,-0.3845,0.299,0.0,-0.03287,1.474,0.774,0.6646,1.444,0.1761,1.8921,0.2269,-0.34,2.441,-0.657,-0.4736,-0.5684,0.0,0.0,-0.525,0.0,0.001374,0.63,-0.774,3.086,0.0,-0.5,0.0,-1.2705,2.111,0.642,1.0,0.0,0.0,0.0,0.0,5.473,-0.506108,,,
1.082,0.923,0.222,0.0446,-0.2637,0.857,-0.878,1.0,1.0,-0.0974,-0.31,0.2734,0.0,-0.0324,0.4888,0.721,0.6914,0.896,0.1903,-0.6493,0.1996,1.891,-0.34,2.441,-0.472,-0.5635,0.0,0.0,-0.518,0.0,-0.011986,0.708,-0.8354,-0.562,0.0,-0.5,0.0,-0.8706,1.842,0.4785,0.0,1.0,0.0,0.0,0.0,-0.9404,0.095974,,,
1.029,0.4832,0.1613,0.06915,-0.3345,0.857,-0.87,1.0,1.0,-0.04898,-0.2512,0.254,0.0,-0.03195,-0.189,0.634,0.7026,0.5073,0.2,-0.4969,0.1302,-0.649,1.891,-0.34,-0.47,-0.559,0.0,0.0,-0.511,0.0,-0.02199,0.5405,-0.72,-0.2732,0.0,-0.5,-0.5,-0.638,1.42,0.361,0.0,2.0,0.0,0.0,0.0,-0.4668,1.1735000000000004,,,
0.7754,1.2,0.3582,0.0907,1.489,0.857,-0.862,1.0,1.0,-0.2339,-0.4,0.3208,0.0,-0.0315,0.2247,0.543,0.701,1.191,0.2134,1.7391,0.0953,-0.497,-0.649,1.891,-0.4617,-0.5527,0.0,0.0,-0.504,0.0,0.01202,0.4856,-0.666,1.914,0.0,-0.5,-0.5,-1.13,1.958,0.6416,1.0,0.0,0.0,0.0,0.0,3.322,0.5703839999999999,,,
0.7246,1.563,0.4763,0.11206,0.4368,0.857,-0.8535,1.0,1.0,-0.3289,-0.4895,0.3616,0.0,-0.03105,1.217,0.4954,0.691,1.48,0.2301,1.0111,0.10406,1.739,-0.497,-0.649,-0.4492,-0.5454,0.0,0.0,-0.4966,0.0,0.03265,0.4968,-0.665,2.008,1.0,-0.5,-0.5,-1.318,2.111,0.755,2.0,0.0,0.0,0.0,0.0,3.305,-0.306884,,,
0.717,1.171,0.4214,0.1345,-0.1219,0.857,-0.8457,1.0,1.0,-0.2878,-0.446,0.3445,0.0,-0.03061,0.2476,0.4365,0.665,1.119,0.2404,-0.4125,0.09,1.011,1.739,-0.497,-0.4429,-0.5386,0.0,0.0,-0.49,0.0,0.02365,0.5166,-0.683,-0.4536,0.0,-0.5,-0.5,-1.039,1.797,0.601,0.0,1.0,0.0,0.0,0.0,-0.724,-0.9074948000000004,,,
0.9404,0.1727,0.2212,0.1559,-0.7183,0.857,-0.8374,1.0,1.0,-0.108,-0.2974,0.2776,0.0,-0.03015,2.627,0.362,0.6235,0.1407,0.2507,-1.6199,0.0586,-0.4126,1.011,1.739,-0.44,-0.5317,0.0,0.0,-0.4858,0.0,-0.01078,0.4395,-0.643,-2.875,0.0,-0.5,-0.5,-0.284,1.017,0.2133,0.0,2.0,0.0,0.0,0.0,-4.65,0.7098684000000002,,,
0.7983,0.534,0.3289,0.1708,1.654,0.857,-0.829,1.0,1.0,-0.2086,-0.3777,0.3142,0.0,-0.02971,1.24,0.2917,0.5713,0.4836,0.2598,0.9361,-0.00977,-1.619,-0.4126,1.011,-0.439,-0.525,0.0,0.0,-0.48,0.0,0.00777,0.3176,-0.548,1.144,1.0,0.0,-0.5,-0.581,1.28,0.3923,1.0,0.0,0.0,0.0,0.0,1.947,-0.019996,,,
0.7886,0.2961,0.284,0.1782,-0.2798,0.857,-0.8213,1.0,1.0,-0.1727,-0.339,0.299,0.0,-0.02925,1.27,0.2573,0.504,0.1813,0.2688,-0.3744,-0.0767,0.9355,-1.619,-0.4126,-0.4375,-0.518,0.0,0.0,-0.475,0.0,-0.0002515,0.10925,-0.4026,-0.7544,0.0,-0.5,-1.0,-0.3555,1.022,0.274,0.0,1.0,0.0,0.0,0.0,-1.248,0.8233080000000003,,,
0.7163,0.6494,0.3918,0.1937,1.134,0.857,-0.813,1.0,1.0,-0.265,-0.4224,0.3357,0.0,-0.02881,0.935,0.233,0.4321,0.5664,0.274,0.9201,-0.0774,-0.3743,0.9355,-1.619,-0.4326,-0.5107,0.0,0.0,-0.4714,0.0,0.01833,0.347,-0.564,0.9673,0.0,0.0,-0.5,-0.641,1.276,0.4688,1.0,0.0,0.0,0.0,0.0,1.619,0.4218679999999999,,,
0.6133,1.021,0.5244,0.2217,0.6772,0.857,-0.8047,1.0,1.0,-0.3733,-0.517,0.381,0.0,-0.02835,-0.2242,0.2102,0.3835,0.966,0.286,1.1046,-0.04428,0.9194,-0.3743,0.9355,-0.429,-0.503,0.0,0.0,-0.4673,0.0,0.0413,0.6855,-0.7954,1.352,1.0,0.0,0.0,-0.9277,1.598,0.6694,2.0,0.0,0.0,0.0,0.0,2.2,0.3537950000000002,,,
0.5864,1.102,0.598,0.2559,0.211,0.857,-0.797,1.0,1.0,-0.4282,-0.5693,0.4067,0.0,-0.02791,0.1956,0.186,0.334,1.125,0.2976,0.6105,-0.01548,1.1045,0.9194,-0.3743,-0.4263,-0.4963,0.0,0.0,-0.4624,0.0,0.05435,0.8726,-0.923,0.622,2.0,0.5,0.5,-1.098,1.605,0.7183,3.0,0.0,0.0,0.0,0.0,0.978,-0.084378,,,
0.4934,1.809,0.8247,0.2886,0.7725,0.857,-0.7886,1.0,1.0,-0.587,-0.7173,0.4844,0.0,-0.02745,1.544,0.1937,0.2927,1.724,0.3225,1.7961,0.02498,0.61,1.1045,0.9194,-0.418,-0.4883,0.0,0.0,-0.4548,0.0,0.0936,0.854,-0.892,3.803,2.0,1.0,0.5,-1.454,2.111,1.01,4.0,0.0,0.0,0.0,0.0,5.87,-0.8846599999999999,,,
0.681,0.9526,0.6553,0.3157,-0.3508,0.857,-0.7803,1.0,1.0,-0.4602,-0.6177,0.4285,0.0,-0.02701,0.976,0.1993,0.2612,0.889,0.3362,-1.2289,0.04596,1.796,0.61,1.1045,-0.4087,-0.4817,0.0,0.0,-0.45,0.0,0.0647,0.63,-0.745,-2.166,2.0,0.5,0.5,-0.9062,1.501,0.594,0.0,1.0,0.0,0.0,0.0,-3.166,0.4893719999999998,,,
0.551,1.095,0.7227,0.3362,0.2803,0.857,-0.7725,1.0,1.0,-0.516,-0.654,0.4521,0.0,-0.02655,-0.336,0.2059,0.2499,1.044,0.346,0.5406,0.0856,-1.228,1.796,0.61,-0.4006,-0.4756,0.0,0.0,-0.4456,0.0,0.0767,0.506,-0.6514,0.3037,2.0,0.5,0.5,-0.9893,1.564,0.6235,1.0,0.0,0.0,0.0,0.0,0.4614,-1.10074624,,,
0.847,-0.047,0.4531,0.3484,-0.904,0.857,-0.764,1.0,1.0,-0.3015,-0.4817,0.3616,0.0,-0.02611,2.254,0.2064,0.2443,-0.0837,0.3523,-2.0299,0.06995,0.54,-1.228,1.796,-0.3967,-0.471,0.0,0.0,-0.4426,0.0,0.03023,0.2161,-0.4646,-2.752,1.0,0.5,0.5,0.02763,0.7285,0.11304,0.0,1.0,0.0,0.0,0.0,-4.113,0.7365531999999998,,,
0.9062,0.1195,0.5215,0.3662,5.32,0.857,-0.756,1.0,1.0,-0.3477,-0.539,0.3853,0.0,-0.02565,0.983,0.1888,0.2312,0.153,0.3555,0.5675,0.02782,-2.03,0.54,-1.228,-0.3938,-0.4666,0.0,0.0,-0.4382,0.0,0.0422,0.3643,-0.565,0.5728,1.0,1.0,1.0,-0.2063,0.846,0.2059,1.0,0.0,0.0,0.0,0.0,0.914,2.161188,,,
0.8794,1.678,0.9644,0.3945,8.42,0.857,-0.748,1.0,1.0,-0.641,-0.8374,0.536,0.0,-0.0252,2.906,0.1838,0.2212,1.689,0.3713,2.7441000000000004,0.03848,0.5674,-2.03,0.54,-0.3845,-0.4595,0.0,0.0,-0.4302,0.0,0.11896,0.5684,-0.677,7.734,1.0,1.0,1.0,-1.294,2.111,0.95,2.0,0.0,0.0,0.0,0.0,7.785,-0.5450360000000002,,,
1.003,1.156,0.8584,0.4128,-0.1835,0.857,-0.7397,1.0,1.0,-0.567,-0.7812,0.5015,0.0,-0.02475,1.805,0.2079,0.224,1.034,0.3926,-0.7299,0.05768,2.744,0.5674,-2.03,-0.379,-0.4531,0.0,0.0,-0.4246,0.0,0.1009,0.34,-0.522,-1.94,1.0,1.0,0.5,-0.8384,1.722,0.6562,0.0,1.0,0.0,0.0,0.0,-2.738,0.5808755999999999,,,
1.019,1.514,0.9937,0.4395,0.4424,0.857,-0.732,1.0,1.0,-0.6475,-0.8667,0.549,0.0,-0.0243,1.255,0.2239,0.2217,1.455,0.4016,1.0271,0.0844,-0.7295,2.744,0.5674,-0.375,-0.4478,0.0,0.0,-0.4177,0.0,0.12494,0.5146,-0.6357,1.172,1.0,1.0,1.0,-1.108,1.923,0.7915,1.0,0.0,0.0,0.0,0.0,1.693,0.0370148,,,
0.8696,1.298,0.995,0.4763,-0.01152,0.857,-0.7236,1.0,1.0,-0.66,-0.855,0.5513,0.0,-0.02385,0.11584,0.2424,0.2252,1.305,0.416,0.04533,0.1287,1.026,-0.7295,2.744,-0.3677,-0.4426,0.0,0.0,-0.4124,0.0,0.1259,0.799,-0.838,0.03293,2.0,1.0,1.5,-1.015,1.739,0.6836,2.0,0.0,0.0,0.0,0.0,0.0461,0.4861979999999998,,,
0.8354,1.51,1.109,0.5127,0.298,0.857,-0.7153,1.0,1.0,-0.728,-0.9194,0.5923,0.0,-0.0234,1.131,0.2712,0.2396,1.508,0.4363,0.8585,0.1726,0.04523,1.026,-0.7295,-0.3591,-0.4365,0.0,0.0,-0.4058,0.0,0.1466,0.807,-0.8345,1.358,2.0,1.0,1.5,-1.165,1.923,0.7544,3.0,0.0,0.0,0.0,0.0,1.898,-1.2649852000000004,,,
1.013,0.5684,0.902,0.543,-0.499,0.857,-0.7075,1.0,1.0,-0.593,-0.8096,0.523,0.0,-0.02295,1.703,0.3083,0.26,0.517,0.4573,-1.4079,0.1455,0.858,0.04523,1.026,-0.3494,-0.431,0.0,0.0,-0.4,0.0,0.1111,0.578,-0.687,-1.582,1.0,0.5,1.5,-0.44,1.274,0.3862,0.0,1.0,0.0,0.0,0.0,-2.152,0.192334,,,
1.239,-0.3594,0.671,0.5576,-1.393,0.7144,-0.699,0.0,1.0,-0.4263,-0.6753,0.4456,0.0,-0.0225,1.803,0.319,0.2761,-0.4058,0.4658,-1.6569,0.1245,-1.407,0.858,0.04523,-0.346,-0.4275,0.0,0.0,-0.3972,0.0,0.0712,0.2178,-0.447,-1.53,1.0,0.5,1.0,0.3613,0.568,-0.01807,0.0,2.0,0.0,0.0,0.0,-2.178,0.21182,,,
1.298,-0.1493,0.7437,0.569,-0.674,0.5713,-0.691,0.0,1.0,-0.4702,-0.73,0.4714,0.0,-0.02205,1.568,0.3115,0.289,-0.1896,0.4714,0.5826,0.1186,-1.656,-1.407,0.858,-0.3496,-0.424,0.0,0.0,-0.395,0.0,0.0843,0.1693,-0.4065,0.7197,1.0,0.5,1.0,0.1437,0.774,0.08545,1.0,0.0,0.0,0.0,0.0,1.081,-1.4967160000000002,,,
1.62,-1.171,0.456,0.563,16.19,0.4285,-0.683,0.0,1.0,-0.242,-0.548,0.3745,0.0,-0.0216,1.064,0.2808,0.29,-1.23,0.4727,-2.1449,0.1091,0.582,-1.656,-1.407,-0.3574,-0.4219,0.0,0.0,-0.3943,0.0,0.03452,-0.1805,-0.1787,-2.045,0.0,0.5,0.5,1.135,-0.1316,-0.4153,0.0,1.0,0.0,0.0,0.0,-3.016,0.92272,,,
1.461,-0.5693,0.605,0.5527,-0.4565,0.2856,-0.675,0.0,1.0,-0.363,-0.6465,0.4263,0.0,-0.02115,0.547,0.2527,0.2786,-0.6553,0.47,1.2271,0.05197,-2.145,0.582,-1.656,-0.3647,-0.4185,0.0,0.0,-0.391,0.0,0.06076,-0.2544,-0.1143,1.689,0.0,0.5,0.5,0.5684,0.4045,-0.1957,1.0,0.0,0.0,0.0,0.0,2.67,-0.28054,,,
1.554,-0.937,0.4949,0.546,0.9395,0.1428,-0.6665,0.0,1.0,-0.2761,-0.5723,0.3896,0.0,-0.0207,1.166,0.2172,0.2568,-1.051,0.4707,-0.8363,0.01886,1.226,-2.145,0.582,-0.3745,-0.415,0.0,0.0,-0.3896,0.0,0.0419,-0.2037,-0.1587,-0.5947,0.0,0.0,0.5,0.942,0.07904,-0.4375,0.0,1.0,0.0,0.0,0.0,-0.906,1.0075199999999995,,,
1.487,-0.3467,0.648,0.5415,-0.604,0.0,-0.6587,0.0,1.0,-0.3906,-0.679,0.4434,0.0,-0.02025,0.4026,0.1682,0.2251,-0.4697,0.4697,1.2641,-0.03912,-0.836,1.226,-2.145,-0.3833,-0.412,0.0,0.0,-0.3865,0.0,0.06934,-0.11786,-0.2079,0.7227,1.0,0.5,0.5,0.3494,0.5625,-0.1687,1.0,0.0,0.0,0.0,0.0,1.13,1.8173812,,,
1.286,1.074,1.076,0.571,-5.586,0.0,-0.6504,1.0,1.0,-0.6733,-0.9375,0.5923,0.0,-0.0198,2.127,0.1187,0.191,0.9277,0.486,2.7441000000000004,-0.03137,1.263,-0.836,1.226,-0.3792,-0.407,0.0,0.0,-0.381,0.0,0.145,0.4883,-0.607,7.895,1.0,0.5,1.0,-0.7524,1.875,0.7026,2.0,0.0,1.0,0.0,9.375,7.785,0.18325496,,,
1.353,0.6514,0.991,0.5923,-0.2573,0.0,-0.642,1.0,1.0,-0.619,-0.893,0.5664,0.0,-0.01935,0.946,0.05286,0.1584,0.5156,0.4988,-0.5279,-0.02718,2.744,1.263,-0.836,-0.372,-0.403,0.0,0.0,-0.377,0.0,0.1316,0.362,-0.523,-0.59,1.0,0.0,0.5,-0.5503,1.404,0.4731,0.0,1.0,0.0,0.0,0.0,-0.8027,-0.388072,,,
1.29,0.2035,0.859,0.587,-0.52,0.0,-0.6343,1.0,1.0,-0.544,-0.805,0.523,0.0,-0.0189,1.529,-0.01226,0.12146,0.00993,0.504,-0.8944,-0.0347,-0.528,2.744,1.263,-0.369,-0.3997,0.0,0.0,-0.3745,0.0,0.1094,-0.1317,-0.18,-0.7017,0.0,-0.5,0.0,-0.0892,0.968,0.1659,0.0,2.0,0.0,0.0,0.0,-0.971,0.4118260000000001,,,
1.133,0.6104,0.9766,0.5923,1.66,0.0,-0.626,1.0,1.0,-0.628,-0.8657,0.5664,0.0,-0.01845,0.7207,-0.0687,0.0911,0.4768,0.5024,0.9205,-0.01567,-0.8945,-0.528,2.744,-0.3574,-0.395,0.0,0.0,-0.3728,0.0,0.1312,0.0897,-0.3284,0.9194,1.0,0.0,0.5,-0.3936,1.243,0.3997,1.0,0.0,0.0,0.0,0.0,1.31,-0.3297067999999999,,,
1.056,0.343,0.894,0.587,-0.2798,0.0,-0.6177,1.0,1.0,-0.5845,-0.808,0.5405,0.0,-0.018,-0.389,-0.1425,0.05765,0.2196,0.5015,-0.5365,-0.01707,0.92,-0.8945,-0.528,-0.3506,-0.3918,0.0,0.0,-0.3704,0.0,0.118,-0.11975,-0.1847,-0.0829,0.0,0.0,0.0,-0.0729,0.9756,0.2043,0.0,1.0,0.0,0.0,0.0,-0.1147,-0.1592036,,,
1.039,0.2666,0.8623,0.581,-0.059,0.0,-0.61,1.0,1.0,-0.5664,-0.7866,0.5317,0.0,-0.01755,-0.269,-0.2185,0.01799,0.1421,0.5,-0.1819,-0.01692,-0.5366,0.92,-0.8945,-0.342,-0.3894,0.0,0.0,-0.369,0.0,0.1135,-0.1509,-0.1644,-0.06647,-1.0,-0.5,-0.5,0.02184,0.807,0.1255,0.0,2.0,0.0,0.0,0.0,-0.09357,-0.0927,,,
0.968,0.2498,0.838,0.5684,0.0815,0.0,-0.6016,1.0,1.0,-0.557,-0.765,0.5254,0.0,-0.0171,0.255,-0.278,-0.0356,0.1764,0.4905,-0.1372,-0.0658,-0.1819,-0.5366,0.92,-0.3372,-0.387,0.0,0.0,-0.3652,0.0,0.11017,-0.298,-0.06088,-0.05798,-1.0,-0.5,-1.0,0.05484,0.634,0.04785,0.0,3.0,0.0,0.0,0.0,-0.0821,-0.906792,,,
1.015,-0.3064,0.67,0.5576,-1.662,-0.1428,-0.5933,0.0,1.0,-0.4434,-0.656,0.4692,0.0,-0.01665,1.153,-0.3042,-0.10626,-0.3599,0.4856,-1.1949,-0.1044,-0.1372,-0.1819,-0.5366,-0.3445,-0.384,0.0,0.0,-0.3635,0.0,0.0813,-0.2617,-0.0994,-1.474,-1.0,-1.0,-1.0,0.565,0.0836,-0.3838,0.0,4.0,0.0,0.0,0.0,-2.096,0.333988,,,
0.8477,-0.04688,0.7446,0.5615,-1.099,0.0,-0.5854,1.0,1.0,-0.507,-0.6934,0.4973,0.0,-0.0162,0.1069,-0.32,-0.175,-0.07916,0.4868,0.6207,-0.1072,-1.194,-0.1372,-0.1819,-0.3486,-0.3816,0.0,0.0,-0.3643,0.0,0.0955,0.07825,-0.3357,0.252,-1.0,-0.5,-0.5,0.3005,0.3486,-0.1631,1.0,0.0,0.0,0.0,0.0,0.372,0.7404456,,,
0.7847,0.4854,0.9,0.57,16.66,0.1428,-0.577,1.0,1.0,-0.61,-0.7896,0.553,0.0,-0.01575,1.588,-0.326,-0.2275,0.3872,0.4983,1.2181,-0.10004,0.62,-1.194,-0.1372,-0.3467,-0.378,0.0,0.0,-0.3633,0.0,0.1239,0.1669,-0.3865,1.921,0.0,-0.5,-0.5,-0.2112,0.759,0.2288,2.0,0.0,0.0,0.0,0.0,2.783,-0.3657439999999999,,,
0.7,2.156,1.429,0.6167,3.285,0.2856,-0.5693,1.0,1.0,-0.9053,-1.08,0.7407,0.0,-0.015305,2.906,-0.254,-0.2499,1.867,0.5386,2.7441000000000004,0.03836,1.217,0.62,-1.194,-0.3362,-0.372,0.0,0.0,-0.3591,0.0,0.2192,0.9375,-0.8945,9.62,1.0,-0.5,0.0,-1.41,2.111,1.113,3.0,0.0,0.0,0.0,0.0,7.785,1.8966200000000004,,,
0.757,2.156,1.792,0.674,0.596,0.4285,-0.561,1.0,1.0,-1.065,-1.254,0.872,0.0,-0.014854,2.906,0.03093,-0.1333,2.002,0.6187,2.4511000000000003,0.2805,2.744,1.217,0.62,-0.3164,-0.365,0.0,0.0,-0.3523,0.0,0.2856,1.045,-0.941,9.62,2.0,0.0,0.0,-1.454,2.111,1.113,4.0,0.0,1.0,0.0,9.375,7.785,0.537852,,,
0.7803,2.156,1.881,0.741,0.10657,0.5713,-0.5527,1.0,1.0,-1.101,-1.294,0.887,1.0,-0.171,1.375,0.28,0.01371,2.002,0.6377,0.6344,0.4866,2.45,2.744,1.217,-0.2937,-0.358,0.0,0.0,-0.3457,0.0,0.3037,1.231,-1.066,1.603,3.0,0.5,0.5,-1.454,2.111,1.081,5.0,0.0,0.0,0.0,0.0,1.851,0.159708,,,
0.8584,2.156,1.95,0.805,0.09235,0.7144,-0.545,1.0,1.0,-1.122,-1.33,0.887,1.0,-0.171,1.65,0.5054,0.1697,2.002,0.645,0.5121,0.6714,0.6343,2.45,2.744,-0.2688,-0.3513,0.0,0.0,-0.3367,0.0,0.3188,1.207,-1.042,1.261,3.0,0.5,0.5,-1.454,2.111,0.9316,5.92,0.0,0.0,0.0,0.0,1.428,-0.6528399999999999,,,
0.7393,2.156,1.935,0.848,0.03262,0.7144,-0.5366,1.0,1.0,-1.125,-1.313,0.887,1.0,-0.171,0.6543,0.726,0.3242,1.787,0.676,0.0001,0.7954,0.512,0.6343,2.45,-0.2407,-0.344,0.0,0.0,-0.3262,0.0,0.3184,1.017,-0.906,0.0,2.0,0.5,0.0,-1.454,2.111,0.774,0.0,0.0,0.0,0.0,0.0,0.0,-0.8772068000000001,,,
0.8223,1.7295,1.718,0.8853,-0.2249,0.7144,-0.5283,1.0,1.0,-1.028,-1.228,0.818,0.0,-0.1705,0.4458,0.9087,0.4563,0.9863,0.6914,-1.1879,0.8516,0.0,0.512,0.6343,-0.2185,-0.3381,0.0,0.0,-0.3179,0.0,0.2817,0.811,-0.7754,-1.461,1.0,0.5,0.0,-1.166,1.755,0.515,0.0,1.0,0.0,0.0,0.0,-1.628,0.4830520000000002,,,
1.015,1.898,1.844,0.935,0.233,0.7144,-0.5205,1.0,1.0,-1.066,-1.298,0.866,0.0,-0.1702,2.906,1.066,0.575,1.237,0.7104,0.8605,0.873,-1.188,0.0,0.512,-0.1967,-0.33,0.0,0.0,-0.3064,0.0,0.3066,1.079,-0.955,2.178,1.0,1.0,0.5,-1.326,1.908,0.5605,1.0,0.0,0.0,0.0,0.0,2.52,-0.7237680000000001,,,
1.166,1.164,1.671,0.9707,-0.2627,0.7144,-0.512,1.0,1.0,-0.98,-1.234,0.8115,0.0,-0.1697,1.301,1.19,0.678,0.5757,0.7275,-0.9472,0.866,0.86,-1.188,0.0,-0.1895,-0.3232,0.0,0.0,-0.297,0.0,0.2776,0.7686,-0.7466,-1.804,0.0,1.0,0.0,-0.7896,1.419,0.3735,0.0,1.0,0.0,0.0,0.0,-2.033,1.0456988,,,
1.16,1.785,1.942,1.025,0.666,0.7144,-0.504,1.0,1.0,-1.095,-1.352,0.887,1.0,-0.171,1.257,1.273,0.7627,1.348,0.7188,1.7651,0.8657,-0.947,0.86,-1.188,-0.184,-0.3171,0.0,0.0,-0.285,0.0,0.329,1.026,-0.9077,3.553,0.0,1.0,0.5,-1.235,2.0,0.5513,1.0,0.0,0.0,0.0,0.0,4.125,-0.63486,,,
1.314,1.108,1.802,1.075,-0.2542,0.7144,-0.504,1.0,1.0,-1.024,-1.305,0.8438,0.0,-0.1705,0.4473,1.311,0.8257,0.865,0.7275,-0.7469,0.8438,1.764,-0.947,0.86,-0.1835,-0.3113,0.0,0.0,-0.2747,0.0,0.3057,0.8857,-0.8174,-1.021,0.0,0.5,0.5,-0.767,1.596,0.3901,0.0,1.0,0.0,0.0,0.0,-1.124,0.7740324,,,
1.369,1.592,2.047,1.138,0.5674,0.7144,-0.4958,1.0,1.0,-1.118,-1.41,0.887,1.0,-0.171,2.29,1.301,0.8906,1.466,0.707,1.5661,0.9087,-0.7466,1.764,-0.947,-0.1792,-0.3047,0.0,0.0,-0.2659,0.0,0.3525,1.024,-0.896,4.07,1.0,0.5,1.0,-1.1875,2.045,0.5386,1.0,0.0,0.0,0.0,0.0,4.586,-1.0359839999999998,,,
1.523,0.6133,1.814,1.197,-0.4915,0.857,-0.4878,1.0,1.0,-1.014,-1.327,0.8145,0.0,-0.1705,0.979,1.239,0.9565,0.5894,0.729,-1.2499,0.912,1.565,-0.7466,1.764,-0.1796,-0.299,0.0,0.0,-0.258,0.0,0.3125,0.951,-0.861,-2.297,0.0,0.0,1.0,-0.5127,1.464,0.31,0.0,1.0,0.0,0.0,0.0,-2.467,-0.2007996,,,
1.654,0.1548,1.733,1.25,-0.572,0.857,-0.4797,1.0,1.0,-0.9683,-1.303,0.792,0.0,-0.1702,1.053,1.097,1.006,0.3079,0.738,-0.3974,0.875,-1.25,1.565,-0.7466,-0.1771,-0.2947,0.0,0.0,-0.2499,0.0,0.3,0.8384,-0.7856,-0.6973,0.0,-0.5,0.5,-0.2864,1.179,0.2163,0.0,2.0,0.0,0.0,0.0,-0.78,0.3005,,,
1.674,-0.2261,1.659,1.291,-1.59,0.7144,-0.4714,0.0,1.0,-0.934,-1.2705,0.772,0.0,-0.1697,0.9863,0.8916,1.044,-0.0491,0.757,-0.3659,0.839,-0.3975,-1.25,1.565,-0.179,-0.2893,0.0,0.0,-0.243,0.0,0.2888,0.691,-0.685,-0.541,-1.0,-1.0,0.0,-0.2081,0.8027,0.131,0.0,3.0,0.0,0.0,0.0,-0.6123,1.7022520000000003,,,
1.366,0.891,2.076,1.326,-8.12,0.7144,-0.4634,1.0,1.0,-1.131,-1.423,0.887,1.0,-0.171,1.628,0.7036,1.077,0.9897,0.7554,2.7031,0.829,-0.3657,-0.3975,-1.25,-0.168,-0.2808,0.0,0.0,-0.2323,0.0,0.369,0.644,-0.616,3.932,0.0,-0.5,0.0,-1.116,1.7295,0.464,1.0,0.0,0.0,0.0,0.0,4.504,-0.7514640000000001,,,
1.35,0.1636,1.833,1.332,-0.666,0.7144,-0.4553,1.0,1.0,-1.035,-1.321,0.8115,0.0,-0.1705,1.347,0.637,1.089,0.1864,0.77,-1.2969,0.7563,2.701,-0.3657,-0.3975,-0.168,-0.2737,0.0,0.0,-0.2231,0.0,0.3267,0.1384,-0.274,-2.064,-1.0,-0.5,-0.5,-0.4414,1.131,0.2219,0.0,1.0,0.0,0.0,0.0,-2.182,0.994048,,,
1.175,0.865,2.082,1.346,3.195,0.7144,-0.4473,1.0,1.0,-1.148,-1.409,0.887,1.0,-0.171,0.3713,0.584,1.063,0.9053,0.764,1.6011,0.6865,-1.297,2.701,-0.3657,-0.1594,-0.264,0.0,0.0,-0.2118,0.0,0.376,0.2678,-0.3445,2.062,0.0,-0.5,-0.5,-0.9004,1.676,0.436,1.0,0.0,0.0,0.0,0.0,2.27,1.8750880000000008,,,
1.044,1.869,2.314,1.374,1.267,0.7144,-0.439,1.0,1.0,-1.2705,-1.443,0.887,1.0,-0.171,1.497,0.576,1.012,1.828,0.672,2.2701,0.6074,1.601,-1.297,2.701,-0.1478,-0.253,0.0,0.0,-0.1962,0.0,0.4492,0.4707,-0.4568,7.145,1.0,0.0,-0.5,-1.454,2.111,0.793,2.0,0.0,1.0,0.0,9.375,7.49,-0.4278367999999997,,,
1.122,1.444,2.314,1.398,-0.0992,0.7144,-0.431,1.0,1.0,-1.246,-1.443,0.8574,0.0,-0.1705,0.8945,0.589,0.9253,1.419,0.6846,-0.5062,0.4585,2.27,1.601,-1.297,-0.1335,-0.2417,0.0,0.0,-0.1819,0.0,0.4312,0.381,-0.4006,-0.883,1.0,-0.5,-0.5,-1.121,2.014,0.691,0.0,1.0,0.0,0.0,0.0,-0.864,-0.206376,,,
1.3955,0.4985,2.04,1.418,-0.529,0.7144,-0.4229,1.0,1.0,-1.114,-1.41,0.769,0.0,-0.1702,1.895,0.5884,0.804,0.502,0.695,-1.5429,0.2343,-0.506,2.27,1.601,-0.1241,-0.2328,0.0,0.0,-0.171,0.0,0.378,0.3022,-0.3677,-3.57,0.0,-0.5,-0.5,-0.329,1.324,0.352,0.0,2.0,0.0,0.0,0.0,-3.55,1.6981640000000002,,,
1.118,1.464,2.314,1.451,1.911,0.7144,-0.4146,1.0,1.0,-1.27,-1.443,0.887,1.0,-0.171,2.44,0.6074,0.698,1.416,0.712,2.2641,0.2433,-1.542,-0.506,2.27,-0.10474,-0.2239,0.0,0.0,-0.161,0.0,0.4512,0.4448,-0.437,5.324,1.0,-0.5,-0.5,-1.009,2.088,0.8647,1.0,0.0,0.0,0.0,0.0,5.562,-0.4650695999999998,,,
1.181,0.848,2.238,1.485,-0.2922,0.7144,-0.4065,1.0,1.0,-1.205,-1.443,0.8394,0.0,-0.1705,0.828,0.637,0.665,0.7856,0.732,-0.8202,0.2676,2.262,-1.542,-0.506,-0.09814,-0.2155,0.0,0.0,-0.155,0.0,0.422,0.4448,-0.4497,-1.878,0.0,-0.5,-0.5,-0.58,1.595,0.545,0.0,1.0,0.0,0.0,0.0,-1.832,-0.2032606399999999,,,
1.3545,0.4739,2.121,1.5,-0.297,0.7144,-0.3984,1.0,1.0,-1.148,-1.439,0.808,0.0,-0.1702,2.645,0.646,0.6455,0.4,0.743,-0.5502,0.2764,-0.82,2.262,-1.542,-0.0888,-0.2069,0.0,0.0,-0.1505,0.0,0.4026,0.2076,-0.2886,-2.002,-1.0,-0.5,-1.0,-0.2642,1.267,0.3445,0.0,2.0,0.0,0.0,0.0,-2.004,1.803288,,,
1.27,2.004,2.314,1.551,3.078,0.7144,-0.3901,1.0,1.0,-1.2705,-1.443,0.887,1.0,-0.171,1.7705,0.679,0.662,1.827,0.672,2.7441000000000004,0.443,-0.5503,-0.82,2.262,-0.07135,-0.1957,0.0,0.0,-0.1417,0.0,0.5205,0.6274,-0.5356,9.62,0.0,0.0,-0.5,-1.35,2.111,1.002,1.0,0.0,1.0,0.0,9.375,7.785,0.1708352,,,
1.425,0.7905,2.312,1.57,-0.4885,0.7144,-0.382,1.0,1.0,-1.212,-1.443,0.7715,0.0,-0.1705,1.097,0.7173,0.6943,0.57,0.69,-1.9859,0.4727,2.744,-0.5503,-0.82,-0.0712,-0.1862,0.0,0.0,-0.1361,0.0,0.446,0.22,-0.2773,-7.61,0.0,-0.5,-1.0,-0.35,1.618,0.442,0.0,1.0,0.0,0.0,0.0,-6.73,-0.0232979999999999,,,
1.629,0.0507,2.07,1.589,-0.7734,0.7144,-0.374,1.0,1.0,-1.106,-1.441,0.704,0.0,-0.1702,1.811,0.7446,0.716,-0.1427,0.6997,-1.2319,0.4346,-1.985,2.744,-0.5503,-0.0741,-0.1777,0.0,0.0,-0.1307,0.0,0.4023,0.2081,-0.2878,-3.89,-1.0,-0.5,-1.0,0.295,1.098,0.1261,0.0,2.0,0.0,0.0,0.0,-3.803,1.90918,,,
1.4795,1.419,2.314,1.64,11.21,0.7144,-0.366,1.0,1.0,-1.2705,-1.443,0.877,0.0,-0.1697,1.45,0.7617,0.744,1.238,0.72,2.7441000000000004,0.5103,-1.232,-1.985,2.744,-0.0578,-0.1661,0.0,0.0,-0.12177,0.0,0.512,0.5054,-0.4517,9.62,0.0,-0.5,-0.5,-0.7495,2.111,0.7393,1.0,0.0,0.0,0.0,0.0,7.785,-0.051956,,,
1.503,1.118,2.314,1.692,-0.081,0.857,-0.3577,1.0,1.0,-1.2705,-1.443,0.8716,0.0,-0.1692,0.7065,0.779,0.772,1.026,0.7373,-0.0892999999999999,0.5234,2.744,-1.232,-1.985,-0.05054,-0.1538,0.0,0.0,-0.11176,0.0,0.5083,0.5327,-0.4724,-0.2445,0.0,-1.0,-0.5,-0.6724,2.016,0.6333,0.0,1.0,0.0,0.0,0.0,-0.2255,0.3528156,,,
1.425,1.188,2.314,1.728,0.1963,0.857,-0.3496,1.0,1.0,-1.2705,-1.443,0.887,1.0,-0.171,1.085,0.807,0.7905,1.137,0.74,0.4784,0.583,-0.0894,2.744,-1.232,-0.03787,-0.1414,0.0,0.0,-0.1032,0.0,0.5254,0.3984,-0.369,1.13,0.0,-0.5,-0.5,-0.755,2.004,0.6387,1.0,0.0,0.0,0.0,0.0,1.045,-0.3275639999999999,,,
1.495,0.8535,2.314,1.771,-0.1489,0.857,-0.3416,1.0,1.0,-1.2705,-1.443,0.8735,0.0,-0.1705,1.513,0.846,0.809,0.785,0.764,-0.2355,0.588,0.478,-0.0894,2.744,-0.02405,-0.1299,0.0,0.0,-0.09406,0.0,0.515,0.526,-0.4639,-1.201,0.0,-0.5,-0.5,-0.5864,1.716,0.5186,0.0,1.0,0.0,0.0,0.0,-1.095,-0.1150036,,,
1.63,0.4448,2.314,1.797,-0.3337,0.857,-0.3333,1.0,1.0,-1.239,-1.443,0.8423,0.0,-0.1702,1.56,0.848,0.8223,0.405,0.776,-0.5339,0.5977,-0.2355,0.478,-0.0894,-0.0265,-0.12177,0.0,0.0,-0.08765,0.0,0.4949,0.3257,-0.3296,-1.884,0.0,-1.0,-1.0,-0.3384,1.316,0.3518,0.0,2.0,0.0,0.0,0.0,-1.7295,0.11732816,,,
1.453,0.9375,2.314,1.8125,1.134,0.857,-0.3252,1.0,1.0,-1.2705,-1.443,0.887,1.0,-0.171,0.9478,0.8447,0.8306,0.902,0.7646,1.1771,0.594,-0.5337,-0.2355,0.478,-0.01526,-0.1143,0.0,0.0,-0.0779,0.0,0.537,0.2399,-0.2495,3.37,0.0,-0.5,-1.0,-0.6655,1.684,0.5366,1.0,0.0,0.0,0.0,0.0,3.146,-0.018396,,,
1.423,0.707,2.314,1.832,-0.10834,0.857,-0.3171,1.0,1.0,-1.2705,-1.443,0.8735,0.0,-0.1705,0.04282,0.8115,0.8174,0.723,0.771,-0.2327,0.5376,1.177,-0.5337,-0.2355,0.0,-0.1076,0.0,0.0,-0.06793,0.0,0.528,0.2754,-0.2788,-0.4473,0.0,-0.5,-1.0,-0.5195,1.41,0.4412,0.0,1.0,0.0,0.0,0.0,-0.4026,-0.32185,,,
1.295,0.601,2.314,1.866,-0.01018,0.857,-0.3088,1.0,1.0,-1.2705,-1.443,0.8804,0.0,-0.1702,0.1115,0.753,0.802,0.6694,0.783,0.11735,0.43,-0.2328,1.177,-0.5337,0.002844,-0.1012,0.0,0.0,-0.0573,0.0,0.5317,0.524,-0.4543,0.217,0.0,-0.5,-0.5,-0.56,1.248,0.443,1.0,0.0,0.0,0.0,0.0,0.1969,-0.1896016,,,
1.167,0.4705,2.314,1.879,-0.0713,0.857,-0.3008,1.0,1.0,-1.2705,-1.443,0.875,0.0,-0.1697,0.4834,0.6943,0.792,0.525,0.794,-0.08755,0.4075,0.1172,-0.2328,1.177,0.005688,-0.0949,0.0,0.0,-0.05023,0.0,0.5283,0.2773,-0.2795,-0.2118,0.0,-0.5,-1.0,-0.4688,1.079,0.373,0.0,1.0,0.0,0.0,0.0,-0.1914,-1.4580715999999998,,,
1.511,-0.63,2.098,1.88,-1.997,0.7144,-0.2927,0.0,1.0,-1.127,-1.442,0.7534,0.0,-0.1692,2.023,0.6167,0.765,-0.5464,0.7954,-2.1099,0.2761,-0.0876,0.1172,-0.2328,-0.002844,-0.08984,0.0,0.0,-0.04468,0.0,0.448,0.04404,-0.148,-9.22,0.0,-0.5,-1.0,0.571,0.231,-0.2457,0.0,2.0,0.0,1.0,-7.91,-6.73,0.2915359999999999,,,
2.115,-2.307,1.371,1.849,3.74,0.5713,-0.2847,0.0,1.0,-0.763,-1.167,0.533,0.0,-0.1688,2.906,0.4763,0.702,-2.123,0.782,-2.4299,0.3723,-2.107,-0.0876,0.1172,-0.02715,-0.0895,0.0,0.0,-0.04715,0.0,0.3037,-0.3809,0.09216,-9.51,-1.0,-1.0,-1.0,2.55,-1.6,-1.249,0.0,3.0,0.0,0.0,0.0,-6.73,0.918084,,,
1.853,-1.983,1.485,1.792,-0.088,0.4285,-0.2847,0.0,1.0,-0.84,-1.203,0.5723,0.0,-0.1683,1.571,0.3455,0.621,-1.829,0.758,0.8268,0.4644,-2.428,-2.107,-0.0876,-0.04614,-0.0876,0.0,0.0,-0.05164,0.0,0.3281,-0.7754,0.3848,3.258,0.0,-0.5,-1.0,1.911,-1.119,-0.946,1.0,0.0,0.0,0.0,0.0,3.621,-0.106336,,,
1.777,-1.833,1.495,1.756,0.0486,0.2856,-0.2847,0.0,1.0,-0.8506,-1.201,0.579,0.0,-0.1678,1.076,0.2202,0.524,-1.667,0.745,0.1402,0.5337,0.826,-2.428,-2.107,-0.0697,-0.08704,0.0,0.0,-0.0552,0.0,0.332,-0.5366,0.2166,0.4465,0.0,-0.5,-0.5,1.656,-0.983,-0.8403,2.0,0.0,0.0,0.0,0.0,0.484,0.135968,,,
1.593,-1.565,1.5625,1.735,-0.02974,0.1428,-0.2764,0.0,1.0,-0.897,-1.219,0.6045,0.0,-0.1674,0.306,0.08624,0.4116,-1.416,0.742,0.5235,0.5493,0.14,0.826,-2.428,-0.0903,-0.0854,0.0,0.0,-0.0559,0.0,0.3481,-0.2957,0.05182,0.9805,1.0,0.0,0.0,1.169,-0.7944,-0.724,3.0,0.0,0.0,0.0,0.0,1.058,-0.024832,,,
1.474,-1.584,1.489,1.682,0.1464,0.0,-0.2683,0.0,1.0,-0.872,-1.174,0.586,0.0,-0.167,1.197,-0.005184,0.3008,-1.492,0.731,-0.3773,0.608,0.523,0.14,0.826,-0.11273,-0.0854,0.0,0.0,-0.06015,0.0,0.3357,-1.027,0.569,-0.7124,1.0,0.0,-0.5,1.268,-0.8564,-0.735,0.0,1.0,0.0,0.0,0.0,-0.7563,1.769732,,,
1.313,-0.4817,1.831,1.647,-0.6504,-0.1428,-0.2603,0.0,1.0,-1.037,-1.317,0.6973,0.0,-0.1665,0.7285,-0.0456,0.1946,-0.4138,0.723,2.2931000000000004,0.608,-0.3774,0.523,0.14,-0.1263,-0.0822,0.0,0.0,-0.0602,0.0,0.408,-0.5273,0.2437,4.86,2.0,0.0,0.0,0.3276,0.2551,-0.3118,1.0,0.0,0.0,0.0,0.0,5.223,0.4034840000000002,,,
1.158,-0.01368,1.946,1.615,-1.115,-0.1428,-0.252,1.0,1.0,-1.097,-1.353,0.7397,0.0,-0.166,-0.1743,-0.03958,0.0819,0.02405,0.717,0.8101,0.5947,2.291,-0.3774,0.523,-0.1273,-0.07794,0.0,0.0,-0.05832,0.0,0.4353,-0.4722,0.2164,1.516,2.0,0.5,0.0,0.03622,0.596,-0.1653,2.0,0.0,1.0,0.0,7.72,1.52,-1.3877936000000002,,,
1.6,-0.958,1.553,1.564,-14.766,-0.2856,-0.2439,0.0,1.0,-0.8916,-1.215,0.621,0.0,-0.1656,2.906,0.05386,0.0186,-0.859,0.695,-2.2129,0.6045,0.8096,2.291,-0.3774,-0.1206,-0.07556,0.0,0.0,-0.06464,0.0,0.357,-0.7,0.3455,-9.51,1.0,0.0,0.0,1.112,-0.278,-0.5703,0.0,1.0,0.0,0.0,0.0,-6.73,1.1878575999999998,,,
1.432,-0.3325,1.716,1.529,-0.629,-0.4285,-0.2357,0.0,1.0,-0.9785,-1.276,0.6787,0.0,-0.1652,1.101,0.162,-0.00879,-0.2028,0.681,1.1541,0.6123,-2.21,0.8096,2.291,-0.1125,-0.07434,0.0,0.0,-0.0663,0.0,0.3938,-0.4568,0.1881,3.254,1.0,0.5,0.5,0.5674,0.2377,-0.339,1.0,0.0,0.0,0.0,0.0,3.418,0.4903400000000001,,,
1.361,-0.04724,1.75,1.484,-1.08,-0.4285,-0.2277,1.0,1.0,-0.999,-1.286,0.696,0.0,-0.1647,0.71,0.2593,-0.01078,0.04922,0.671,0.3277,0.6074,1.154,-2.21,0.8096,-0.1036,-0.07166,0.0,0.0,-0.0657,0.0,0.4043,-0.612,0.3035,0.791,2.0,1.0,0.5,0.429,0.3792,-0.28,2.0,0.0,0.0,0.0,0.0,0.802,-0.252604,,,
1.435,-0.10535,1.667,1.438,-1.689,-0.5713,-0.2195,0.0,1.0,-0.957,-1.255,0.6753,0.0,-0.1643,0.652,0.3357,0.01996,-0.069,0.663,-0.3891,0.5913,0.3276,1.154,-2.21,-0.09814,-0.07074,0.0,0.0,-0.0702,0.0,0.3909,-0.6255,0.3076,-0.665,1.0,1.0,0.5,0.611,0.2297,-0.3281,0.0,1.0,0.0,0.0,0.0,-0.6675,-0.102464,,,
1.424,-0.04086,1.623,1.391,-2.732,-0.5713,-0.2114,1.0,1.0,-0.938,-1.233,0.667,0.0,-0.1638,-0.04373,0.3792,0.0707,-0.06793,0.655,-0.1641,0.573,-0.3892,0.3276,1.154,-0.0919,-0.072,0.0,0.0,-0.0748,0.0,0.385,-0.665,0.3333,-0.2339,0.0,0.5,0.0,0.674,0.1769,-0.331,0.0,2.0,0.0,0.0,0.0,-0.2375,1.0962900000000004,,,
1.338,0.843,1.86,1.356,18.77,-0.5713,-0.2032,1.0,1.0,-1.047,-1.332,0.75,0.0,-0.1633,0.9644,0.3755,0.1288,0.789,0.6475,1.6171,0.5303,-0.1641,-0.3892,0.3276,-0.0879,-0.0713,0.0,0.0,-0.07794,0.0,0.4385,-0.4004,0.1682,4.105,1.0,0.5,0.5,-0.0231,0.7754,0.01953,1.0,0.0,0.0,0.0,0.0,4.19,0.1982255999999999,,,
1.15,0.9204,1.863,1.346,0.2231,-0.4285,-0.1951,1.0,1.0,-1.063,-1.317,0.7583,0.0,-0.163,0.4429,0.3308,0.1838,0.9297,0.641,0.1571999999999999,0.4932,1.617,-0.1641,-0.3892,-0.0865,-0.069,0.0,0.0,-0.08044,0.0,0.4436,-0.0803,-0.05777,0.2944,1.0,0.5,1.0,-0.2356,0.5747,0.07904,2.0,0.0,0.0,0.0,0.0,0.2861,-0.0442467999999999,,,
0.83,0.7427,1.836,1.375,-0.05624,-0.2856,-0.187,1.0,1.0,-1.077,-1.279,0.757,0.0,-0.1625,0.01188,0.2466,0.21,0.7783,0.655,-0.03118,0.4702,0.157,1.616,-0.1641,-0.0762,-0.0687,0.0,0.0,-0.0822,0.0,0.4421,0.775,-0.6685,-0.0477,0.0,0.5,1.0,-0.2114,0.4746,0.0897,0.0,1.0,0.0,0.0,0.0,-0.0461,-0.0067011999999999,,,
0.954,-0.0859,1.569,1.383,-0.941,-0.2856,-0.1788,0.0,1.0,-0.951,-1.169,0.6772,0.0,-0.162,1.475,0.1719,0.2108,-0.1236,0.671,-1.4709,0.392,-0.03125,0.157,1.616,-0.0763,-0.06915,0.0,0.0,-0.0879,0.0,0.3901,0.2861,-0.3425,-2.836,0.0,0.0,0.5,0.507,-0.1047,-0.2131,0.0,2.0,0.0,0.0,0.0,-2.746,-0.2371599999999999,,,
1.008,-0.3599,1.477,1.386,18.77,-0.2856,-0.1708,0.0,1.0,-0.9033,-1.129,0.6533,0.0,-0.1616,1.18,0.1002,0.1968,-0.4114,0.6777,-0.4591,0.312,-1.471,-0.03125,0.157,-0.0795,-0.06946,0.0,0.0,-0.0939,0.0,0.3743,0.1682,-0.2651,-0.733,0.0,-0.5,0.0,0.6797,-0.2783,-0.286,0.0,3.0,0.0,0.0,0.0,-0.7437,-0.0192579999999999,,,
1.076,-0.719,1.345,1.378,1.512,-0.2856,-0.1626,0.0,1.0,-0.833,-1.068,0.616,0.0,-0.1611,0.38,0.01242,0.1625,-0.7803,0.68,-0.7323000000000001,0.2103,-0.459,-1.471,-0.03125,-0.08405,-0.0737,0.0,0.0,-0.101,0.0,0.3499,-0.0535,-0.1176,-1.073,-1.0,-0.5,-0.5,0.978,-0.533,-0.4446,0.0,4.0,0.0,0.0,0.0,-1.1045,-0.364616,,,
1.071,-1.052,1.22,1.367,0.69,-0.2856,-0.1544,0.0,1.0,-0.769,-1.001,0.5806,0.0,-0.1606,0.3733,-0.0679,0.1029,-1.101,0.679,-0.7152000000000001,0.09247,-0.732,-0.459,-1.471,-0.09064,-0.07666,0.0,0.0,-0.10895,0.0,0.3264,-0.11163,-0.0863,-1.341,-2.0,-1.0,-0.5,1.153,-0.864,-0.641,0.0,5.0,0.0,0.0,0.0,-1.413,1.4944732000000005,,,
0.903,-0.0973,1.505,1.354,-0.9175,-0.2856,-0.1464,0.0,1.0,-0.9253,-1.134,0.6807,0.0,-0.1602,0.4812,-0.1475,0.02292,-0.1676,0.6787,2.0571,0.061,-0.715,-0.732,-0.459,-0.09595,-0.07654,0.0,0.0,-0.11096,0.0,0.3909,-0.1526,-0.02847,4.156,-1.0,-1.0,-0.5,0.2898,0.1257,0.057,1.0,0.0,1.0,0.0,8.31,4.48,-0.8407688000000002,,,
1.127,-0.8345,1.221,1.317,18.77,-0.4285,-0.1382,0.0,1.0,-0.765,-1.006,0.5923,0.0,-0.1598,0.8394,-0.2379,-0.0543,-0.9194,0.6714,-1.7019,0.01735,2.055,-0.715,-0.732,-0.1086,-0.0811,0.0,0.0,-0.1093,0.0,0.3333,-0.566,0.2415,-3.1,-1.0,-1.0,-1.0,0.9946,-0.64,-0.613,0.0,1.0,0.0,0.0,0.0,-3.14,0.2504959999999999,,,
0.6973,0.03674,1.491,1.317,-1.103,-0.2856,-0.1301,1.0,1.0,-0.9355,-1.11,0.689,0.0,-0.1593,1.087,-0.2747,-0.1074,0.00882,0.6685,1.9711,-0.01299,-1.701,2.055,-0.715,-0.1138,-0.0838,0.0,0.0,-0.10614,0.0,0.3958,0.1295,-0.2274,2.947,0.0,-0.5,-0.5,0.1715,0.266,0.0764,1.0,0.0,0.0,0.0,0.0,3.152,0.2304532,,,
0.6074,0.2974,1.562,1.313,2.492,-0.1428,-0.12195,1.0,1.0,-0.9756,-1.138,0.719,0.0,-0.1588,0.4417,-0.2834,-0.1554,0.2479,0.6733,0.5865,-0.03644,1.97,-1.701,2.055,-0.11053,-0.0865,0.0,0.0,-0.10236,0.0,0.4153,0.04572,-0.1588,1.143,1.0,-0.5,-0.5,-0.0356,0.497,0.2776,2.0,0.0,0.0,0.0,0.0,1.151,0.061174,,,
0.6465,0.088,1.475,1.302,-0.4575,-0.1428,-0.11383,1.0,1.0,-0.9316,-1.099,0.6973,0.0,-0.1584,0.83,-0.2812,-0.2124,0.0339,0.6743,-0.4157,-0.05606,0.586,1.97,-1.701,-0.1072,-0.0893,0.0,0.0,-0.09985,0.0,0.4006,-0.0887,-0.0692,-0.9546,1.0,-1.0,-1.0,0.1675,0.296,0.0644,0.0,1.0,0.0,0.0,0.0,-0.9443,0.8161319999999997,,,
0.5615,0.7095,1.67,1.307,4.055,0.0,-0.1057,1.0,1.0,-1.028,-1.184,0.77,0.0,-0.158,0.5483,-0.2734,-0.2632,0.6567,0.6797,1.3941,-0.06158,-0.4155,0.586,1.97,-0.0954,-0.0902,0.0,0.0,-0.09485,0.0,0.4475,0.2053,-0.2583,3.14,1.0,-0.5,-0.5,-0.2996,0.88,0.6147,1.0,0.0,0.0,0.0,0.0,3.148,0.542508,,,
0.5864,0.9595,1.756,1.319,0.4712,0.0,-0.09753,1.0,1.0,-1.063,-1.225,0.8076,0.0,-0.1575,0.74,-0.2632,-0.307,0.9097,0.6895,0.6831,-6.664e-05,1.393,-0.4155,0.586,-0.07806,-0.0917,0.0,0.0,-0.09186,0.0,0.4712,0.332,-0.338,1.827,2.0,0.0,0.0,-0.54,1.024,0.783,2.0,0.0,0.0,0.0,0.0,1.755,-0.1184203999999999,,,
0.4626,1.429,1.905,1.327,0.615,0.0,-0.0894,1.0,1.0,-1.136,-1.278,0.8667,0.0,-0.1571,0.5283,-0.262,-0.3384,1.372,0.6978,1.0641,0.105,0.683,1.393,-0.4155,-0.06384,-0.0918,0.0,0.0,-0.08844,0.0,0.5093,0.2722,-0.2783,2.504,2.0,0.5,0.0,-0.812,1.377,0.9927,3.0,0.0,0.0,0.0,0.0,2.355,-1.062664,,,
0.67,0.609,1.628,1.318,-0.4468,0.0,-0.0813,1.0,1.0,-1.001,-1.173,0.7803,0.0,-0.1566,1.741,-0.293,-0.3289,0.535,0.702,-1.5009,0.10406,1.063,0.683,1.393,-0.04953,-0.0936,0.0,0.0,-0.0841,0.0,0.4526,-0.0324,-0.0857,-3.824,1.0,0.5,-0.5,-0.0323,0.7583,0.3765,0.0,1.0,0.0,0.0,0.0,-3.48,0.0866911999999999,,,
0.6875,0.6797,1.635,1.312,0.2432,0.0,-0.0732,1.0,1.0,-1.002,-1.178,0.7905,0.0,-0.1561,0.3735,-0.2998,-0.3093,0.6177,0.703,0.1853999999999999,0.1244,-1.5,1.063,0.683,-0.04175,-0.09515,0.0,0.0,-0.0811,0.0,0.459,-2e-07,-0.1059,0.3293,2.0,1.0,0.0,-0.1241,0.713,0.3914,1.0,0.0,0.0,0.0,0.0,0.3147,0.4318279999999999,,,
0.586,0.92,1.72,1.326,0.47,0.1428,-0.06506,1.0,1.0,-1.048,-1.208,0.8276,0.0,-0.1558,0.567,-0.266,-0.283,0.888,0.7104,0.6754,0.1658,0.1852,-1.5,1.063,-0.03348,-0.0938,0.0,0.0,-0.0775,0.0,0.4827,0.35,-0.3452,1.274,2.0,1.0,0.5,-0.3276,0.932,0.548,2.0,0.0,0.0,0.0,0.0,1.21,-1.0323839999999995,,,
0.7515,-0.0813,1.401,1.328,-0.935,0.1428,-0.05692,0.0,1.0,-0.8877,-1.07,0.7246,0.0,-0.1553,0.03574,-0.2278,-0.2593,-0.09424,0.715,-1.8339,0.1598,0.675,0.1852,-1.5,-0.0314,-0.0903,0.0,0.0,-0.0762,0.0,0.415,0.0949,-0.1925,-3.385,1.0,1.0,0.5,0.5615,0.1824,-0.08777,0.0,1.0,0.0,1.0,-7.645,-3.148,-0.9616079999999998,,,
0.9653,-0.818,1.159,1.323,-14.766,0.1428,-0.04877,0.0,1.0,-0.745,-0.9585,0.6465,0.0,-0.1548,1.609,-0.1968,-0.2473,-0.816,0.7163,-1.4669,0.1681,-1.833,0.675,0.1852,-0.04086,-0.0889,0.0,0.0,-0.0767,0.0,0.364,-0.01718,-0.1348,-3.24,0.0,0.5,0.5,1.234,-0.3838,-0.549,0.0,2.0,0.0,0.0,0.0,-3.195,-0.352146,,,
1.059,-1.047,1.08,1.321,0.4666,0.1428,-0.04065,0.0,1.0,-0.694,-0.9214,0.6245,0.0,-0.1544,1.053,-0.1683,-0.246,-1.052,0.72,-0.4345,0.1909,-1.466,-1.833,0.675,-0.0548,-0.08813,0.0,0.0,-0.08014,0.0,0.3494,0.01898,-0.1669,-0.95,0.0,0.0,0.5,1.283,-0.582,-0.6274,0.0,3.0,0.0,0.0,0.0,-0.9824,0.943724,,,
0.975,-0.3176,1.296,1.315,-0.674,0.1428,-0.03253,0.0,1.0,-0.8164,-1.034,0.706,0.0,-0.1539,1.954,-0.1506,-0.2637,-0.3186,0.7207,1.6261,0.1842,-0.4343,-1.466,-1.833,-0.0671,-0.08624,0.0,0.0,-0.08154,0.0,0.4019,-0.02756,-0.1105,2.967,0.0,0.5,0.5,0.524,0.1534,-0.1398,1.0,0.0,0.0,0.0,0.0,3.11,-0.3870479999999999,,,
0.946,-0.534,1.2295,1.321,1.113,0.1428,-0.02438,0.0,1.0,-0.784,-0.996,0.689,0.0,-0.1534,0.554,-0.1447,-0.2634,-0.53,0.7275,-0.3224,0.1782,1.626,-0.4343,-1.466,-0.0741,-0.08435,0.0,0.0,-0.0834,0.0,0.3906,0.184,-0.266,-0.4849,-1.0,0.0,0.5,0.574,-0.05255,-0.2201,0.0,1.0,0.0,0.0,0.0,-0.4836,-1.0291396,,,
1.06,-1.155,1.007,1.299,1.598,0.0,-0.01627,0.0,1.0,-0.652,-0.878,0.616,0.0,-0.1531,1.279,-0.1661,-0.2556,-1.171,0.7256,-1.3999,0.2007,-0.3223,1.626,-0.4343,-0.0874,-0.0859,0.0,0.0,-0.085,0.0,0.3428,-0.3113,0.0664,-2.635,-1.0,-0.5,0.0,1.207,-0.587,-0.6177,0.0,2.0,0.0,0.0,0.0,-2.654,-0.207224,,,
1.277,-1.544,0.8438,1.261,0.52,-0.1428,-0.00813,0.0,1.0,-0.536,-0.7944,0.5635,0.0,-0.1526,2.207,-0.2065,-0.257,-1.54,0.7124,-1.0559,0.2507,-1.4,-0.3223,1.626,-0.10754,-0.08905,0.0,0.0,-0.08746,0.0,0.308,-0.545,0.218,-2.51,-1.0,-1.0,-0.5,1.641,-0.9375,-0.847,0.0,3.0,0.0,0.0,0.0,-2.645,1.4622399999999995,,,
1.161,-0.3826,1.183,1.248,-0.715,-0.2856,0.0,0.0,1.0,-0.7417,-0.988,0.689,0.0,-0.1521,0.964,-0.2617,-0.2607,-0.3596,0.7085,2.6071000000000004,0.2299,-1.056,-1.4,-0.3223,-0.1103,-0.0878,0.0,0.0,-0.0855,0.0,0.3892,-0.116,-0.05215,7.17,0.0,-0.5,0.0,0.504,0.2864,-0.1918,1.0,0.0,0.0,0.0,0.0,7.785,-0.00513,,,
1.077,-0.2279,1.199,1.226,-0.4153,-0.4285,0.00813,0.0,1.0,-0.758,-0.9897,0.7007,0.0,-0.1516,-0.1493,-0.3145,-0.2678,-0.224,0.7056,0.2281,0.1816,2.605,-1.056,-1.4,-0.10614,-0.0874,0.0,0.0,-0.0823,0.0,0.3967,-0.2844,0.0715,0.4087,0.0,-0.5,0.0,0.384,0.3525,-0.1622,2.0,0.0,0.0,0.0,0.0,0.4119,-0.3524519999999999,,,
1.124,-0.4065,1.102,1.189,1.436,-0.5713,0.01627,0.0,1.0,-0.7007,-0.939,0.672,0.0,-0.1512,0.904,-0.3354,-0.2766,-0.4182,0.6978,-0.5499,0.1833,0.2279,2.605,-1.056,-0.10254,-0.0879,0.0,0.0,-0.08246,0.0,0.3777,-0.4692,0.1951,-0.8604,0.0,-1.0,-0.5,0.592,0.0893,-0.3289,0.0,1.0,0.0,0.0,0.0,-0.861,0.0887024,,,
1.101,-0.2788,1.085,1.144,-0.2864,-0.7144,0.02438,0.0,1.0,-0.693,-0.9272,0.672,0.0,-0.1508,0.4487,-0.2996,-0.289,-0.2983,0.6846,0.0001,0.1428,-0.5493,0.2279,2.605,-0.1051,-0.08795,0.0,0.0,-0.0803,0.0,0.3772,-0.6772,0.3435,0.0,0.0,-1.0,-1.0,0.4937,0.01377,-0.3655,0.0,0.0,0.0,0.0,0.0,0.0,-0.7890440000000002,,,
1.052,-0.6377,0.9326,1.1045,2.076,-0.857,0.03253,0.0,1.0,-0.6084,-0.832,0.623,0.0,-0.1503,0.373,-0.2252,-0.2932,-0.637,0.6714,-0.9539,0.1667,0.0,-0.5493,0.2279,-0.11017,-0.08875,0.0,0.0,-0.0821,0.0,0.345,-0.5913,0.268,-1.407,0.0,-1.0,-1.0,0.9272,-0.3323,-0.6323,0.0,1.0,0.0,0.0,0.0,-1.433,0.0034339999999999,,,
1.422,-1.674,0.5625,1.042,2.123,-1.0,0.04065,0.0,1.0,-0.336,-0.6123,0.4944,0.0,-0.1499,2.416,-0.1052,-0.2588,-1.666,0.651,-2.4299,0.2964,-0.954,0.0,-0.5493,-0.11945,-0.0934,0.0,0.0,-0.0882,0.0,0.2607,-0.892,0.4458,-7.297,-1.0,-1.0,-1.5,2.174,-1.345,-1.157,0.0,2.0,0.0,0.0,0.0,-6.73,-0.5775480000000001,,,
1.727,-2.037,0.3782,0.9614,0.3767,-1.143,0.04877,0.0,1.0,-0.1735,-0.4949,0.4316,0.0,-0.1494,2.531,0.1998,-0.09216,-1.722,0.588,-1.3649,0.4656,-2.428,-0.954,0.0,-0.1295,-0.09937,0.0,0.0,-0.0954,0.0,0.219,-1.128,0.5967,-8.93,-2.0,-1.5,-2.0,2.635,-1.866,-1.201,0.0,3.0,0.0,1.0,-7.91,-6.73,0.44544,,,
1.543,-1.419,0.499,0.9087,-0.2043,-1.143,0.05692,0.0,1.0,-0.28,-0.5747,0.479,0.0,-0.1489,1.002,0.4285,0.0571,-1.098,0.571,1.0791,0.5347,-1.364,-2.428,-0.954,-0.1456,-0.10443,0.0,0.0,-0.1033,0.0,0.2494,-0.7812,0.3623,2.465,-1.0,-1.0,-1.5,1.908,-1.206,-0.8843,1.0,0.0,0.0,0.0,0.0,2.94,0.7588919999999999,,,
1.469,-0.903,0.6094,0.8774,-0.2788,-1.143,0.06506,0.0,1.0,-0.3655,-0.6504,0.523,0.0,-0.1486,2.072,0.603,0.1863,-0.5547,0.56,0.9691,0.5317,1.078,-1.364,-2.428,-0.1592,-0.10724,0.0,0.0,-0.11096,0.0,0.2778,-0.456,0.143,1.437,0.0,-0.5,-1.0,1.37,-0.6177,-0.651,2.0,0.0,0.0,0.0,0.0,1.656,-0.8650279999999998,,,
1.6,-1.385,0.436,0.841,0.7607,-1.143,0.0732,0.0,1.0,-0.2285,-0.531,0.4639,0.0,-0.1481,1.357,0.74,0.3027,-1.032,0.5474,-1.2669,0.4976,0.9688,1.078,-1.364,-0.175,-0.11066,0.0,0.0,-0.1219,0.0,0.2389,-0.5425,0.1876,-2.854,0.0,-0.5,-1.0,1.843,-1.117,-0.831,0.0,1.0,0.0,0.0,0.0,-3.193,1.902572,,,
1.383,-0.1153,0.749,0.8086,-0.907,-1.143,0.0813,0.0,1.0,-0.4668,-0.7407,0.5825,0.0,-0.1476,2.559,0.834,0.4001,0.2334,0.541,2.6371,0.452,-1.266,0.9688,1.078,-0.1819,-0.11127,0.0,0.0,-0.1272,0.0,0.3157,-0.423,0.1364,6.203,1.0,-0.5,-1.0,0.717,0.2079,-0.3035,1.0,0.0,0.0,0.0,0.0,7.227,-1.1776320000000002,,,
1.752,-0.9297,0.4792,0.7646,18.77,-1.143,0.0894,0.0,1.0,-0.2488,-0.5767,0.4875,0.0,-0.1472,2.906,0.88,0.484,-0.657,0.5337,-1.9489,0.4224,2.637,-1.266,0.9688,-0.1923,-0.113,0.0,0.0,-0.1355,0.0,0.2534,-0.5835,0.2238,-4.418,1.0,-1.0,-1.0,1.6,-0.586,-0.666,0.0,1.0,0.0,0.0,0.0,-4.758,1.1365799999999997,,,
1.585,-0.1206,0.676,0.746,-0.8857,-1.143,0.09753,0.0,1.0,-0.4016,-0.707,0.5635,0.0,-0.1467,0.967,0.885,0.549,0.1681,0.529,1.6681,0.2983,-1.948,2.637,-1.266,-0.1869,-0.1151,0.0,0.0,-0.1426,0.0,0.3027,-0.2214,-0.01283,2.914,1.0,-0.5,-0.5,0.825,0.2151,-0.2869,1.0,0.0,0.0,0.0,0.0,3.34,0.2029679999999999,,,
1.51,-0.2644,0.622,0.7344,4.043,-1.143,0.1057,0.0,1.0,-0.371,-0.663,0.5483,0.0,-0.1462,0.8994,0.8657,0.594,0.02979,0.5273,-0.317,0.2554,1.667,-1.948,2.637,-0.178,-0.1159,0.0,0.0,-0.1473,0.0,0.2927,-0.1329,-0.0803,-0.3804,0.0,-0.5,-0.5,0.8257,-0.01768,-0.3303,0.0,1.0,0.0,0.0,0.0,-0.4143,0.232976,,,
1.334,-0.03436,0.647,0.702,-1.209,-1.0,0.11383,1.0,1.0,-0.402,-0.666,0.562,0.0,-0.1459,0.526,0.823,0.632,0.284,0.516,0.2848,0.2468,-0.317,1.667,-1.948,-0.1716,-0.1182,0.0,0.0,-0.1497,0.0,0.3013,-0.4624,0.1587,0.3997,1.0,0.0,-0.5,0.6777,0.1327,-0.2361,1.0,0.0,0.0,0.0,0.0,0.4397,1.8073920000000003,,,
1.273,1.001,0.8984,0.6846,18.77,-0.857,0.12195,1.0,1.0,-0.57,-0.829,0.66,0.0,-0.1454,1.211,0.731,0.647,1.299,0.516,2.0451,0.2585,0.2844,-0.317,1.667,-0.1613,-0.1193,0.0,0.0,-0.1487,0.0,0.3647,-0.2001,-0.0003996,5.67,1.0,0.5,-0.5,-0.07855,1.004,0.2817,2.0,0.0,0.0,0.0,0.0,6.188,-0.4218800000000001,,,
1.431,0.681,0.7925,0.667,-0.1823,-0.7144,0.1301,1.0,1.0,-0.491,-0.7734,0.6255,0.0,-0.1449,2.158,0.5903,0.641,0.9067,0.519,-0.6796,0.2201,2.045,0.2844,-0.317,-0.1489,-0.1206,0.0,0.0,-0.1509,0.0,0.3416,-0.2146,4.58e-05,-1.878,1.0,0.5,-0.5,0.2903,0.715,0.1284,0.0,1.0,0.0,0.0,0.0,-1.925,0.7007520000000003,,,
1.418,1.143,0.899,0.6567,0.7803,-0.5713,0.1382,1.0,1.0,-0.559,-0.8413,0.6704,0.0,-0.1444,1.32,0.4138,0.6084,1.355,0.5205,0.8976,0.209,-0.679,2.045,0.2844,-0.1421,-0.12244,0.0,0.0,-0.1514,0.0,0.3704,-0.09863,-0.0699,1.815,1.0,0.5,0.0,-0.04373,1.02,0.3923,1.0,0.0,0.0,0.0,0.0,1.902,1.1278279999999996,,,
1.415,1.759,1.07,0.6675,0.6714,-0.4285,0.1464,1.0,1.0,-0.6597,-0.945,0.7397,0.0,-0.144,1.771,0.1798,0.552,1.978,0.5283,1.3511,0.2766,0.897,-0.679,2.045,-0.12286,-0.12366,0.0,0.0,-0.1481,0.0,0.415,0.1853,-0.2527,3.68,2.0,0.5,0.5,-0.56,1.391,0.684,2.0,0.0,0.0,0.0,0.0,3.75,0.1234344,,,
1.307,1.53,1.046,0.7017,0.0002942,-0.2856,0.1464,1.0,1.0,-0.655,-0.922,0.7363,0.0,-0.1436,0.4646,-0.1125,0.484,1.789,0.5415,-0.0631299999999999,0.3313,1.35,0.897,-0.679,-0.1097,-0.1261,0.0,0.0,-0.1433,0.0,0.4124,0.578,-0.534,-0.1674,1.0,0.5,0.5,-0.494,1.201,0.577,0.0,1.0,0.0,0.0,0.0,-0.1636,-0.1768172,,,
1.13,1.833,1.188,0.7573,0.3345,-0.1428,0.1464,1.0,1.0,-0.7476,-0.9883,0.7954,0.0,-0.1431,0.7534,-0.04178,0.4001,1.646,0.6074,1.1081,0.409,-0.0632,1.35,0.897,-0.0908,-0.1257,0.0,0.0,-0.1405,0.0,0.45,0.9214,-0.762,5.97,1.0,0.5,1.0,-0.8115,1.521,0.768,1.0,0.0,0.0,0.0,0.0,5.848,-1.361216,,,
1.345,0.6655,0.9043,0.786,-0.5186,0.0,0.1544,1.0,1.0,-0.568,-0.8384,0.694,0.0,-0.1427,1.12,0.1149,0.3174,0.4639,0.6265,-1.8369,0.4058,1.107,-0.0632,1.35,-0.08075,-0.1276,0.0,0.0,-0.1406,0.0,0.3833,0.4666,-0.4666,-5.008,1.0,0.5,0.5,0.09424,0.7417,0.3096,0.0,1.0,0.0,0.0,0.0,-4.742,-0.5593999999999998,,,
1.424,0.0505,0.749,0.799,-0.7466,0.1428,0.1544,1.0,1.0,-0.4634,-0.7437,0.64,0.0,-0.1422,1.579,0.2659,0.2427,-0.1461,0.6357,-1.0389,0.3972,-1.836,1.107,-0.0632,-0.0823,-0.131,0.0,0.0,-0.1415,0.0,0.3477,0.2067,-0.2964,-2.334,0.0,0.0,0.0,0.56,0.2783,0.0716,0.0,2.0,0.0,0.0,0.0,-2.344,-1.130688,,,
1.656,-0.884,0.5024,0.807,-7.44,0.1428,0.1544,0.0,1.0,-0.2737,-0.587,0.5503,0.0,-0.1417,1.344,0.3943,0.1875,-1.058,0.642,-1.7789,0.3884,-1.039,-1.836,1.107,-0.088,-0.1342,0.0,0.0,-0.1448,0.0,0.2888,0.1203,-0.2605,-4.33,-1.0,0.0,0.0,1.311,-0.5054,-0.3147,0.0,3.0,0.0,1.0,-7.91,-4.496,-0.0376399999999999,,,
1.617,-1.094,0.427,0.7896,0.4128,0.1428,0.1544,0.0,1.0,-0.2201,-0.525,0.525,0.0,-0.1414,1.523,0.4875,0.1492,-1.304,0.6426,-0.5329,0.3967,-1.778,-1.039,-1.836,-0.0992,-0.1364,0.0,0.0,-0.1475,0.0,0.2717,-0.255,-0.0001363,-1.3545,-1.0,-0.5,-0.5,1.399,-0.734,-0.4072,0.0,4.0,0.0,0.0,0.0,-1.489,-0.131424,,,
1.585,-1.318,0.3606,0.785,0.3704,0.1428,0.1544,0.0,1.0,-0.1709,-0.4688,0.503,0.0,-0.1409,1.934,0.5474,0.1387,-1.512,0.642,-0.4696,0.3928,-0.5327,-1.778,-1.039,-0.11725,-0.1385,0.0,0.0,-0.1472,0.0,0.257,-0.0477,-0.1543,-0.8545,-2.0,-1.0,-0.5,1.462,-0.9062,-0.5117,0.0,5.0,0.0,0.0,0.0,-0.9556,0.263884,,,
1.6,-1.094,0.4043,0.77,-0.06073,0.1428,0.1626,0.0,1.0,-0.2041,-0.5054,0.523,0.0,-0.1404,2.164,0.5723,0.1735,-1.287,0.6387,0.4402999999999999,0.3398,-0.4697,-0.5327,-1.778,-0.1335,-0.142,0.0,0.0,-0.1448,0.0,0.27,-0.23,-0.01833,1.011,-1.0,-0.5,-0.5,1.176,-0.603,-0.4578,1.0,0.0,0.0,0.0,0.0,1.146,-0.03134,,,
1.533,-1.139,0.3772,0.7563,0.1812,0.1428,0.1708,0.0,1.0,-0.1881,-0.478,0.516,0.0,-0.14,-0.05908,0.572,0.2059,-1.347,0.638,-0.1447,0.3208,0.44,-0.4697,-0.5327,-0.1549,-0.145,0.0,0.0,-0.1438,0.0,0.2654,-0.2031,-0.0394,-0.1489,-1.0,-1.0,-0.5,1.159,-0.5938,-0.5083,0.0,1.0,0.0,0.0,0.0,-0.1667,-0.0659059999999999,,,
1.585,-1.342,0.3015,0.7354,0.3384,0.0,0.1788,0.0,1.0,-0.1235,-0.42,0.491,0.0,-0.1395,0.5654,0.5273,0.2313,-1.579,0.637,-0.5453,0.3357,-0.1447,0.44,-0.4697,-0.1704,-0.1473,0.0,0.0,-0.1447,0.0,0.2487,-0.3303,0.0441,-0.6772,-1.0,-1.5,-1.0,1.249,-0.8394,-0.618,0.0,2.0,0.0,0.0,0.0,-0.761,1.1095239999999995,,,
1.429,-0.344,0.5415,0.713,-0.7124,-0.1428,0.187,0.0,1.0,-0.3203,-0.597,0.5874,0.0,-0.139,2.066,0.4482,0.2455,-0.631,0.6343,2.1071000000000004,0.288,-0.545,-0.1447,0.44,-0.1744,-0.147,0.0,0.0,-0.1412,0.0,0.3113,-0.3367,0.0762,2.91,0.0,-1.0,-1.0,0.3647,0.1807,-0.1788,1.0,0.0,0.0,0.0,0.0,3.33,-0.2977992,,,
1.319,-0.411,0.505,0.696,0.4053,-0.2856,0.187,0.0,1.0,-0.3022,-0.5605,0.577,0.0,-0.1387,0.64,0.3376,0.2483,-0.6914,0.63,-0.208,0.2886,2.107,-0.545,-0.1447,-0.1724,-0.1489,0.0,0.0,-0.1415,0.0,0.3044,-0.2612,0.01949,-0.2776,0.0,-1.5,-1.0,0.4153,0.05655,-0.23,0.0,1.0,0.0,0.0,0.0,-0.2979,0.9917051999999996,,,
1.134,0.5396,0.7427,0.6875,-2.947,-0.2856,0.187,1.0,1.0,-0.4827,-0.716,0.674,0.0,-0.1382,1.149,0.181,0.2406,0.2375,0.63,1.9901,0.2637,-0.208,2.107,-0.545,-0.161,-0.1494,0.0,0.0,-0.1364,0.0,0.367,-0.0837,-0.0796,3.271,0.0,-1.0,-1.0,-0.338,0.858,0.2305,1.0,0.0,0.0,0.0,0.0,3.533,0.4615719999999998,,,
1.09,0.836,0.7993,0.6704,0.6436,-0.2856,0.1951,1.0,1.0,-0.523,-0.75,0.7007,0.0,-0.1377,1.842,-0.02568,0.2212,0.523,0.627,0.5261,0.2788,1.989,-0.208,2.107,-0.1459,-0.1489,0.0,0.0,-0.1327,0.0,0.3843,-0.227,0.0305,0.5825,1.0,-0.5,-1.0,-0.4539,1.013,0.33,2.0,0.0,0.0,0.0,0.0,0.5923,0.16488,,,
1.044,0.863,0.7856,0.6533,0.1644,-0.2856,0.2032,1.0,1.0,-0.5176,-0.737,0.7007,0.0,-0.1372,-0.06805,-0.3372,0.1909,0.575,0.622,0.0001,0.283,0.526,1.989,-0.208,-0.1322,-0.1484,0.0,0.0,-0.1285,0.0,0.384,-0.2162,0.02274,0.0,1.0,-0.5,-1.0,-0.4346,0.8687,0.2883,0.0,0.0,0.0,0.0,0.0,0.0,-0.697296,,,
0.872,1.678,0.978,0.6387,1.057,-0.2856,0.2114,1.0,1.0,-0.65,-0.8447,0.782,0.0,-0.1368,0.3425,-0.3105,0.1365,1.588,0.6006,1.5531,0.3342,0.0,0.526,1.989,-0.11194,-0.1455,0.0,0.0,-0.1226,0.0,0.4365,-0.1393,-0.00887,3.777,1.0,0.0,-1.0,-0.9585,1.344,0.611,1.0,0.0,0.0,0.0,0.0,3.777,0.5307264,,,
0.7363,1.901,1.043,0.6484,0.2688,-0.2856,0.2195,1.0,1.0,-0.6987,-0.873,0.8145,0.0,-0.1364,0.00942,-0.2776,0.0704,1.825,0.6074,0.5861,0.4114,1.552,0.0,0.526,-0.0873,-0.1396,0.0,0.0,-0.1184,0.0,0.457,0.3503,-0.349,1.548,2.0,0.5,-0.5,-1.079,1.412,0.6655,2.0,0.0,0.0,0.0,0.0,1.478,0.0633748,,,
0.685,1.718,1.014,0.6675,0.03473,-0.2856,0.2277,1.0,1.0,-0.686,-0.8516,0.809,0.0,-0.1359,0.5854,-0.271,-0.006172,1.667,0.6177,-0.0907999999999999,0.4724,0.586,1.552,0.0,-0.0703,-0.1328,0.0,0.0,-0.11346,0.0,0.4534,0.589,-0.521,-0.207,1.0,0.0,-0.5,-0.9976,1.162,0.5596,0.0,1.0,0.0,0.0,0.0,-0.194,0.0546667999999999,,,
0.5234,1.563,1.01,0.703,0.04175,-0.1428,0.2357,1.0,1.0,-0.6963,-0.8354,0.8145,0.0,-0.1355,-0.5234,-0.279,-0.10156,1.54,0.634,0.0912,0.529,-0.0908,0.586,1.552,-0.05225,-0.1267,0.0,0.0,-0.10956,0.0,0.4563,1.171,-0.9346,0.138,1.0,0.5,0.0,-0.9414,1.059,0.517,1.0,0.0,0.0,0.0,0.0,0.1296,0.398682,,,
0.3757,1.673,1.085,0.749,0.2042,0.0,0.2439,1.0,1.0,-0.751,-0.8677,0.8516,0.0,-0.135,-0.2773,-0.2423,-0.203,1.632,0.6587,0.6666,0.5923,0.09106,-0.0908,0.586,-0.03867,-0.12067,0.0,0.0,-0.1065,0.0,0.4802,1.431,-1.109,1.326,2.0,1.0,0.5,-1.07,1.212,0.6045,2.0,0.0,0.0,0.0,0.0,1.242,-0.0403743999999999,,,
0.2332,2.07,1.256,0.8115,0.3752,0.1428,0.252,1.0,1.0,-0.855,-0.951,0.887,1.0,-0.171,-0.0655,-0.07886,-0.254,1.929,0.662,1.3351,0.7144,0.666,0.09106,-0.0908,-0.02133,-0.11224,0.0,0.0,-0.1014,0.0,0.5293,1.574,-1.268,4.086,2.0,1.0,1.0,-1.384,1.62,0.7686,3.0,0.0,1.0,0.0,6.75,3.748,-0.2194839999999999,,,
0.1642,1.538,1.166,0.8647,-0.1309,0.2856,0.2603,1.0,1.0,-0.813,-0.896,0.8604,0.0,-0.1705,0.2783,0.135,-0.1367,1.363,0.693,-0.4557,0.78,1.335,0.666,0.09106,-0.006077,-0.10645,0.0,0.0,-0.0985,0.0,0.511,1.464,-1.119,-0.807,1.0,1.0,0.5,-1.053,1.312,0.619,0.0,1.0,0.0,0.0,0.0,-0.711,-0.7167360000000003,,,
0.2837,0.6816,0.974,0.908,-0.432,0.4285,0.2683,1.0,1.0,-0.695,-0.794,0.7925,0.0,-0.1702,0.03534,0.3274,-0.01712,0.5713,0.71,-1.1849,0.8184,-0.4556,1.335,0.666,-0.002327,-0.10016,0.0,0.0,-0.0948,0.0,0.4656,1.067,-0.856,-2.129,1.0,0.5,0.5,-0.4414,0.7666,0.3538,0.0,2.0,0.0,0.0,0.0,-1.903,0.8713000000000001,,,
0.2352,1.209,1.18,0.971,0.8726,0.5713,0.2764,1.0,1.0,-0.815,-0.9097,0.8823,0.0,-0.1697,0.6914,0.519,0.109,1.179,0.731,1.6201,0.902,-1.185,-0.4556,1.335,0.005947,-0.0936,0.0,0.0,-0.08716,0.0,0.525,1.338,-1.022,2.557,1.0,0.5,1.0,-0.9785,1.291,0.562,1.0,0.0,0.0,0.0,0.0,2.373,-0.3053879999999999,,,
0.218,0.691,1.071,1.011,-0.2957,0.7144,0.2847,1.0,1.0,-0.756,-0.846,0.847,0.0,-0.1692,0.8745,0.7153,0.246,0.631,0.756,-0.5995,0.913,1.619,-1.185,-0.4556,0.011894,-0.08746,0.0,0.0,-0.07806,0.0,0.5015,1.002,-0.793,-1.475,0.0,0.5,0.5,-0.6167,0.963,0.3992,0.0,1.0,0.0,0.0,0.0,-1.303,0.203232,,,
0.2288,0.6387,1.096,1.055,0.06113,0.857,0.2927,1.0,1.0,-0.769,-0.8613,0.8657,0.0,-0.1688,0.6724,0.885,0.3757,0.6377,0.7725,0.3201,0.899,-0.5996,1.619,-1.185,0.01888,-0.0812,0.0,0.0,-0.06775,0.0,0.513,1.09,-0.8506,0.4204,0.0,0.5,1.0,-0.7227,0.924,0.4028,1.0,0.0,0.0,0.0,0.0,0.3784,-1.1652720000000003,,,
0.3467,-0.2844,0.8413,1.065,-1.236,0.7144,0.3008,0.0,1.0,-0.609,-0.716,0.771,0.0,-0.1683,1.12,1.024,0.4944,-0.3098,0.7856,-1.6429,0.8086,0.32,-0.5996,1.619,0.01564,-0.0785,0.0,0.0,-0.05942,0.0,0.45,0.394,-0.3816,-3.373,0.0,0.0,0.5,0.08093,0.2341,0.0741,0.0,1.0,0.0,0.0,0.0,-3.008,-0.2714919999999999,,,
0.284,-0.568,0.758,1.066,1.623,0.5713,0.3088,0.0,1.0,-0.5605,-0.656,0.7446,0.0,-0.1678,0.536,1.11,0.589,-0.5723,0.7896,-0.4859,0.7104,-1.642,0.32,-0.5996,0.004524,-0.0756,0.0,0.0,-0.05243,0.0,0.4321,0.1986,-0.25,-0.6284,0.0,0.0,0.0,0.3203,0.04422,-0.05118,0.0,2.0,0.0,0.0,0.0,-0.5903,0.522364,,,
0.3179,-0.2776,0.8423,1.074,-0.504,0.4285,0.3171,0.0,1.0,-0.612,-0.7144,0.786,0.0,-0.1674,0.835,1.144,0.6646,-0.2456,0.7935,0.7711,0.5874,-0.4858,-1.642,0.32,-0.001293,-0.0728,0.0,0.0,-0.04407,0.0,0.4595,0.322,-0.326,0.979,0.0,0.0,0.5,-0.02571,0.3179,0.059,1.0,0.0,0.0,0.0,0.0,0.934,0.8644343999999998,,,
0.2471,0.2888,1.003,1.08,-2.95,0.4285,0.3252,1.0,1.0,-0.715,-0.8086,0.859,0.0,-0.167,0.607,1.094,0.731,0.2996,0.803,1.3251,0.4143,0.771,-0.4858,-1.642,0.003878,-0.0699,0.0,0.0,-0.03305,0.0,0.508,0.3032,-0.2913,1.993,1.0,0.0,0.5,-0.4727,0.8403,0.3333,2.0,0.0,0.0,0.0,0.0,1.856,1.7240704000000002,,,
0.315,1.248,1.29,1.102,2.9,0.4285,0.3333,1.0,1.0,-0.866,-0.976,0.887,1.0,-0.171,2.223,1.028,0.8013,1.169,0.737,2.1971000000000003,0.4067,1.324,0.771,-0.4858,0.011894,-0.0646,0.0,0.0,-0.02112,0.0,0.591,0.5366,-0.421,8.48,1.0,0.0,0.5,-1.101,1.666,0.8223,3.0,0.0,0.0,0.0,0.0,7.582,-0.5514399999999999,,,
0.3245,0.7896,1.17,1.117,-0.2351,0.4285,0.3416,1.0,1.0,-0.8022,-0.9116,0.849,0.0,-0.1705,0.03763,0.9277,0.8613,0.6953,0.751,-0.6493,0.3005,2.197,1.324,0.771,0.01952,-0.0611,0.0,0.0,-0.01003,0.0,0.564,0.407,-0.34,-1.284,1.0,0.0,0.5,-0.6914,1.311,0.623,0.0,1.0,0.0,0.0,0.0,-1.075,-0.13682,,,
0.3645,0.628,1.132,1.131,-0.06464,0.4285,0.3496,1.0,1.0,-0.7783,-0.8936,0.843,0.0,-0.1702,-0.1669,0.793,0.9053,0.5576,0.76,-0.1104,0.2607,-0.649,2.197,1.324,0.0252,-0.05588,0.0,0.0,-0.0017395,0.0,0.559,0.3726,-0.3176,-0.1666,1.0,0.0,0.0,-0.574,1.133,0.5396,0.0,2.0,0.0,0.0,0.0,-0.1425,0.1766519999999999,,,
0.3958,1.043,1.261,1.148,0.758,0.4285,0.3577,1.0,1.0,-0.845,-0.968,0.887,1.0,-0.171,0.5405,0.665,0.939,0.933,0.761,1.0541,0.2727,-0.1104,-0.649,2.197,0.04318,-0.04852,0.0,0.0,0.00756,0.0,0.6006,0.4304,-0.3403,2.852,1.0,0.0,0.0,-0.888,1.413,0.7783,1.0,0.0,0.0,0.0,0.0,2.445,-0.2547704,,,
0.5923,0.1376,0.985,1.135,-0.727,0.4285,0.366,1.0,1.0,-0.6763,-0.826,0.787,0.0,-0.1705,1.462,0.575,0.9453,-0.004555,0.767,-1.7179,0.1853,1.053,-0.1104,-0.649,0.05493,-0.04147,0.0,0.0,0.01393,0.0,0.5293,-0.0724,-0.01254,-5.094,0.0,0.0,-0.5,-0.02585,0.692,0.1759,0.0,1.0,0.0,0.0,0.0,-4.227,0.8314848,,,
0.573,0.623,1.119,1.137,2.502,0.4285,0.374,1.0,1.0,-0.7544,-0.9033,0.848,0.0,-0.1702,0.8887,0.5127,0.9,0.4756,0.7734,1.1051,0.185,-1.717,1.053,-0.1104,0.06854,-0.03278,0.0,0.0,0.01988,0.0,0.572,0.1592,-0.1589,2.326,0.0,0.0,0.0,-0.4146,1.061,0.4985,1.0,0.0,0.0,0.0,0.0,2.041,0.3839148000000001,,,
0.5737,0.7627,1.172,1.156,0.3452,0.4285,0.382,1.0,1.0,-0.783,-0.9336,0.878,0.0,-0.1697,0.6514,0.4487,0.833,0.6567,0.782,0.5211,0.2136,1.105,-1.717,1.053,0.07886,-0.02309,0.0,0.0,0.02585,0.0,0.5923,0.4355,-0.347,0.752,1.0,0.5,0.5,-0.585,1.121,0.596,2.0,0.0,0.0,0.0,0.0,0.6377,-0.5078856000000002,,,
0.5605,0.4631,1.08,1.155,-0.2458,0.4285,0.3901,1.0,1.0,-0.734,-0.88,0.8496,0.0,-0.1692,0.02663,0.3953,0.744,0.3486,0.789,-0.4853,0.2051,0.5205,1.105,-1.717,0.077,-0.01432,0.0,0.0,0.03111,0.0,0.5723,0.1343,-0.1406,-0.8003,1.0,0.5,0.0,-0.313,0.836,0.3743,0.0,1.0,0.0,0.0,0.0,-0.6675,-0.189404,,,
0.5312,0.2905,1.028,1.157,-0.2056,0.4285,0.3984,1.0,1.0,-0.7065,-0.847,0.837,0.0,-0.1688,0.2086,0.3647,0.639,0.1918,0.7944,-0.219,0.1825,-0.485,0.5205,1.105,0.07733,-0.00568,0.0,0.0,0.0359,0.0,0.563,0.2048,-0.1948,-0.3503,0.0,0.0,0.0,-0.1694,0.679,0.257,0.0,2.0,0.0,0.0,0.0,-0.2969,1.7289183999999995,,,
0.4683,1.256,1.318,1.18,2.908,0.4285,0.4065,1.0,1.0,-0.8687,-1.004,0.887,1.0,-0.171,0.8926,0.3625,0.5435,1.13,0.7407,2.2051000000000003,0.2717,-0.219,-0.485,0.5205,0.08844,0.005894,0.0,0.0,0.0433,0.0,0.651,0.4573,-0.3364,6.67,1.0,0.0,0.0,-0.908,1.465,0.86,1.0,0.0,0.0,0.0,0.0,5.69,-0.1108415999999999,,,
0.391,0.834,1.226,1.215,-0.2035,0.5713,0.4146,1.0,1.0,-0.8267,-0.948,0.86,0.0,-0.1705,-0.556,0.385,0.488,0.733,0.7573,-0.4643,0.3323,2.205,-0.219,-0.485,0.0923,0.01515,0.0,0.0,0.04785,0.0,0.6304,0.682,-0.5054,-0.9697,0.0,-0.5,0.0,-0.6123,1.167,0.6045,0.0,1.0,0.0,0.0,0.0,-0.774,0.4403412000000001,,,
0.3508,1.08,1.338,1.265,0.42,0.7144,0.4229,1.0,1.0,-0.888,-1.005,0.887,1.0,-0.171,0.3442,0.4038,0.463,1.051,0.749,0.9161,0.424,-0.464,2.205,-0.219,0.109,0.02568,0.0,0.0,0.05472,0.0,0.669,0.8774,-0.628,1.556,0.0,0.0,0.5,-0.8506,1.418,0.7476,1.0,0.0,0.0,0.0,0.0,1.26,-0.3952559999999999,,,
0.3657,0.6865,1.253,1.303,-0.2285,0.857,0.431,1.0,1.0,-0.8433,-0.9604,0.8633,0.0,-0.1705,0.4053,0.414,0.4487,0.696,0.764,-0.4071,0.438,0.9155,-0.464,2.205,0.1185,0.03394,0.0,0.0,0.06274,0.0,0.651,0.711,-0.517,-0.7627,0.0,0.0,0.0,-0.6187,1.1045,0.551,0.0,1.0,0.0,0.0,0.0,-0.6006,-1.4647120000000005,,,
0.6396,-0.4712,0.91,1.301,-1.478,0.7144,0.439,0.0,1.0,-0.628,-0.784,0.7393,0.0,-0.1702,1.88,0.4019,0.439,-0.4587,0.7705,-2.1639,0.4307,-0.407,0.9155,-0.464,0.1148,0.03912,0.0,0.0,0.06445,0.0,0.5576,0.11743,-0.1339,-6.09,0.0,-0.5,-0.5,0.3684,0.1416,-0.09045,0.0,2.0,0.0,0.0,0.0,-4.855,0.0361031999999999,,,
0.487,-0.3745,0.9136,1.278,-0.1316,0.5713,0.4473,0.0,1.0,-0.642,-0.7734,0.748,0.0,-0.1697,0.516,0.3992,0.436,-0.4102,0.774,0.1659999999999999,0.409,-2.164,-0.407,0.9155,0.11414,0.0445,0.0,0.0,0.0674,0.0,0.564,-0.1857,0.08527,0.3154,0.0,0.0,-0.5,0.2744,0.1832,-0.0684,1.0,0.0,0.0,0.0,0.0,0.2698,-0.9385387999999998,,,
0.7324,-1.254,0.626,1.242,3.338,0.4285,0.4553,0.0,1.0,-0.436,-0.601,0.643,0.0,-0.1692,1.072,0.366,0.4175,-1.268,0.7656,-1.9529,0.4229,0.1658,-2.164,-0.407,0.10535,0.0462,0.0,0.0,0.0665,0.0,0.485,-0.3813,0.1906,-5.082,0.0,-0.5,-0.5,1.226,-0.5566,-0.6006,0.0,1.0,0.0,0.0,0.0,-4.324,1.2367600000000003,,,
0.6895,-0.6543,0.774,1.221,-0.4128,0.2856,0.4634,0.0,1.0,-0.5386,-0.7,0.708,0.0,-0.1688,0.4517,0.3096,0.3896,-0.6646,0.7627,1.2891,0.347,-1.952,0.1658,-2.164,0.0919,0.04868,0.0,0.0,0.0703,0.0,0.533,-0.167,0.05884,2.102,0.0,-0.5,0.0,0.622,0.05835,-0.3135,1.0,0.0,0.0,0.0,0.0,1.904,-0.195792,,,
0.7144,-0.926,0.658,1.179,0.639,0.1428,0.4714,0.0,1.0,-0.4595,-0.6226,0.6694,0.0,-0.1683,0.6,0.2524,0.3398,-0.949,0.756,-0.7319,0.2446,1.288,-1.952,0.1658,0.07745,0.0504,0.0,0.0,0.07367,0.0,0.5044,-0.4321,0.2355,-1.134,0.0,-0.5,-0.5,0.8633,-0.2878,-0.6113,0.0,1.0,0.0,0.0,0.0,-0.988,0.6965984000000002,,,
0.5737,-0.277,0.83,1.172,-0.6875,0.0,0.4797,0.0,1.0,-0.5835,-0.7275,0.745,0.0,-0.1678,0.571,0.1842,0.2747,-0.2925,0.7573,1.4701,0.1477,-0.732,1.288,-1.952,0.065,0.05368,0.0,0.0,0.07825,0.0,0.5605,0.04477,-0.08014,2.375,1.0,0.0,0.0,0.2391,0.3645,-0.1969,1.0,0.0,0.0,0.0,0.0,2.117,0.5351372,,,
0.524,0.2467,0.9663,1.165,-2.727,0.0,0.4878,1.0,1.0,-0.671,-0.809,0.807,0.0,-0.1674,1.159,0.10596,0.2023,0.2349,0.7603,1.1571,0.11584,1.469,-0.732,1.288,0.06012,0.05753,0.0,0.0,0.08264,0.0,0.606,0.05655,-0.0682,3.115,1.0,0.0,0.0,-0.1707,0.8276,0.2046,2.0,0.0,0.0,0.0,0.0,2.654,-0.9615176,,,
0.6216,-0.4358,0.748,1.139,-2.09,-0.1428,0.4958,0.0,1.0,-0.527,-0.677,0.727,0.0,-0.167,0.6426,0.02081,0.1427,-0.4666,0.7593,-1.4359,0.1208,1.156,1.469,-0.732,0.05908,0.05832,0.0,0.0,0.0812,0.0,0.5464,-0.24,0.11725,-3.002,1.0,0.0,-0.5,0.5283,0.2429,-0.3647,0.0,1.0,0.0,0.0,0.0,-2.469,0.2056151999999999,,,
0.615,-0.3933,0.738,1.117,0.005413,-0.2856,0.504,0.0,1.0,-0.521,-0.6694,0.73,0.0,-0.1665,0.01051,-0.0776,0.08575,-0.4285,0.758,0.05576,0.12317,-1.436,1.156,1.469,0.05753,0.0597,0.0,0.0,0.0808,0.0,0.548,-0.1633,0.06354,0.0794,1.0,0.0,0.0,0.4922,0.2612,-0.3384,1.0,0.0,0.0,0.0,0.0,0.0684,0.2566299999999998,,,
0.589,-0.3972,0.7173,1.099,0.1471,-0.4285,0.512,0.0,1.0,-0.5093,-0.6533,0.7285,0.0,-0.166,-0.1282,-0.2025,0.02425,-0.4265,0.7563,-0.02769,0.12476,0.05566,-1.436,1.156,0.065,0.0623,0.0,0.0,0.0806,0.0,0.547,-0.1355,0.04318,-0.0498,1.0,0.0,0.0,0.392,0.133,-0.3467,0.0,1.0,0.0,0.0,0.0,-0.04282,0.1561064,,,
0.427,0.0601,0.8105,1.064,-1.413,-0.4285,0.5205,1.0,1.0,-0.583,-0.7026,0.773,0.0,-0.1656,0.218,-0.304,-0.02919,0.0323,0.749,0.8346,0.1213,-0.02777,0.05566,-1.436,0.07074,0.06415,0.0,0.0,0.0801,0.0,0.579,-0.3662,0.2224,2.125,1.0,0.5,0.0,0.0707,0.484,-0.01654,1.0,0.0,0.0,0.0,0.0,1.829,-0.2818256,,,
0.4817,-0.07367,0.7427,1.032,-0.8774,-0.4285,0.5283,1.0,1.0,-0.5347,-0.6616,0.7524,0.0,-0.1652,-0.0746,-0.3406,-0.08704,-0.10474,0.7437,-0.3793,0.10236,0.834,-0.02777,0.05566,0.07794,0.0662,0.0,0.0,0.08185,0.0,0.5635,-0.35,0.2042,-0.664,0.0,0.0,0.0,0.2241,0.2705,-0.1907,0.0,1.0,0.0,0.0,0.0,-0.5566,-0.22864,,,
0.4722,-0.0736,0.7017,0.988,0.1398,-0.4285,0.5366,1.0,1.0,-0.5083,-0.633,0.742,0.0,-0.1647,0.0712,-0.2976,-0.1455,-0.1155,0.7344,-0.1919,0.1039,-0.3794,0.834,-0.02777,0.0777,0.0677,0.0,0.0,0.0815,0.0,0.555,-0.57,0.3577,-0.3535,0.0,0.0,-0.5,0.3013,0.1672,-0.2637,0.0,2.0,0.0,1.0,-3.094,-0.3,0.4274200000000001,,,
0.4229,0.4583,0.815,0.9575,18.77,-0.4285,0.545,1.0,1.0,-0.5864,-0.705,0.7954,0.0,-0.1643,0.6367,-0.2439,-0.1954,0.4226,0.7285,0.9938,0.1071,-0.1919,-0.3794,0.834,0.07666,0.0721,0.0,0.0,0.0819,0.0,0.5947,-0.308,0.1882,1.601,0.0,0.0,0.0,-0.1537,0.4846,0.1296,1.0,0.0,0.0,0.0,0.0,1.366,0.7120107999999997,,,
0.2676,1.057,0.981,0.9688,1.317,-0.2856,0.5527,1.0,1.0,-0.7,-0.797,0.8706,0.0,-0.1638,0.9146,-0.2411,-0.2468,1.024,0.7363,1.3651,0.1556,0.993,-0.1919,-0.3794,0.08923,0.07855,0.0,0.0,0.08545,0.0,0.6504,0.35,-0.2568,3.65,1.0,0.5,0.5,-0.5757,1.024,0.5996,2.0,0.0,0.0,0.0,0.0,3.021,-0.041228,,,
0.327,0.7856,0.9097,0.9746,-0.12115,-0.1428,0.5527,1.0,1.0,-0.653,-0.758,0.8486,0.0,-0.1633,0.876,-0.2715,-0.3037,0.737,0.7456,-0.3849,0.1777,1.364,0.993,-0.1919,0.09955,0.08374,0.0,0.0,0.0887,0.0,0.6333,0.2384,-0.1844,-1.083,0.0,0.0,0.0,-0.4167,0.707,0.3933,0.0,1.0,0.0,0.0,0.0,-0.86,0.4296399999999999,,,
0.25,0.806,0.9395,1.006,0.1586,0.0,0.5527,1.0,1.0,-0.677,-0.77,0.8677,0.0,-0.163,0.4336,-0.2803,-0.3384,0.7656,0.7607,0.3381,0.1823,-0.3848,1.364,0.993,0.1117,0.088,0.0,0.0,0.08887,0.0,0.647,0.761,-0.5513,0.872,1.0,0.0,0.5,-0.5254,0.728,0.5176,1.0,0.0,0.0,0.0,0.0,0.701,-1.3546999999999998,,,
0.478,-0.3079,0.632,1.001,-1.208,0.0,0.5527,0.0,1.0,-0.4604,-0.5845,0.7466,0.0,-0.1625,1.105,-0.272,-0.3474,-0.3596,0.7666,-2.1069,0.1681,0.3376,-0.3848,1.364,0.1094,0.0874,0.0,0.0,0.0861,0.0,0.556,0.0388,-0.0754,-7.57,1.0,0.0,0.0,0.487,-0.14,-0.2722,0.0,1.0,0.0,0.0,0.0,-6.023,-0.8731639999999997,,,
0.6704,-0.9233,0.4548,0.9893,3.037,0.0,0.5527,0.0,1.0,-0.3171,-0.4685,0.678,0.0,-0.162,1.923,-0.2634,-0.3467,-0.931,0.763,-1.2669,0.1351,-2.107,0.3376,-0.3848,0.1029,0.0861,0.0,0.0,0.0797,0.0,0.505,-0.0651,-0.02353,-5.45,0.0,-0.5,0.0,1.006,-0.6724,-0.693,0.0,2.0,0.0,0.0,0.0,-4.64,0.1728840000000001,,,
0.585,-0.7344,0.485,0.967,-0.10657,0.0,0.5527,0.0,1.0,-0.3467,-0.4849,0.6963,0.0,-0.1616,-0.0173,-0.2603,-0.3484,-0.7515,0.7603,0.3440999999999999,0.0977,-1.266,-2.107,0.3376,0.0989,0.0853,0.0,0.0,0.0745,0.0,0.5176,-0.2717,0.1296,0.8125,0.0,0.0,0.0,0.7505,-0.499,-0.5273,1.0,0.0,0.0,0.0,0.0,0.72,0.0144808,,,
0.4907,-0.4175,0.5435,0.937,-0.385,-0.1428,0.5527,0.0,1.0,-0.3967,-0.521,0.7256,0.0,-0.1611,0.574,-0.265,-0.3572,-0.4385,0.7544,0.5670999999999999,0.0999,0.3438,-1.266,-2.107,0.09283,0.0839,0.0,0.0,0.0741,0.0,0.539,-0.4067,0.2357,1.414,1.0,0.0,0.0,0.4207,-0.2625,-0.2976,2.0,0.0,0.0,0.0,0.0,1.24,-0.2990832,,,
0.87,-1.752,0.1558,0.8936,4.375,-0.1428,0.5527,0.0,1.0,-0.05682,-0.233,0.5674,0.0,-0.1606,0.3364,-0.2085,-0.3303,-1.556,0.7183,-2.4299,0.234,0.567,0.3438,-1.266,0.06635,0.08124,0.0,0.0,0.0685,0.0,0.4197,-0.633,0.3452,-9.51,0.0,0.0,0.0,1.914,-1.437,-1.209,0.0,1.0,0.0,1.0,-7.91,-6.73,-0.041148,,,
0.896,-1.606,0.1598,0.8496,0.04037,-0.1428,0.5527,0.0,1.0,-0.05838,-0.2389,0.573,0.0,-0.1602,0.5806,-0.1249,-0.2764,-1.383,0.704,0.123,0.302,-2.428,0.567,0.3438,0.04227,0.0775,0.0,0.0,0.06635,0.0,0.4236,-0.6206,0.3384,0.3838,1.0,0.5,0.0,1.719,-1.219,-1.07,1.0,0.0,0.0,0.0,0.0,0.3647,-0.4435599999999999,,,
1.038,-1.795,0.073,0.7993,0.2651,-0.1428,0.5527,0.0,1.0,0.03137,-0.1698,0.5405,0.0,-0.1598,1.11,-0.03677,-0.2163,-1.595,0.694,-0.6732,0.424,0.12286,-2.428,0.567,0.0137,0.07245,0.0,0.0,0.0612,0.0,0.399,-0.696,0.3816,-1.513,1.0,0.0,0.0,1.89,-1.401,-1.078,0.0,1.0,0.0,0.0,0.0,-1.433,0.7039799999999999,,,
0.9688,-1.055,0.2277,0.755,-0.3281,-0.2856,0.5527,0.0,1.0,-0.11127,-0.3054,0.6104,0.0,-0.1593,0.6973,0.059,-0.15,-0.8604,0.683,1.4701,0.4563,-0.673,0.12286,-2.428,0.00181,0.06946,0.0,0.0,0.05936,0.0,0.4502,-0.5967,0.3335,3.506,1.0,0.0,0.0,1.16,-0.563,-0.689,1.0,0.0,0.0,0.0,0.0,3.39,0.709068,,,
0.9746,-0.376,0.377,0.727,-0.612,-0.4285,0.5527,0.0,1.0,-0.2328,-0.4316,0.678,0.0,-0.1588,1.383,0.1425,-0.0934,-0.1821,0.678,1.3751,0.4617,1.469,-0.673,0.12286,0.00181,0.06805,0.0,0.0,0.05728,0.0,0.5005,-0.3083,0.1501,3.943,1.0,0.5,0.5,0.574,0.1345,-0.3335,2.0,0.0,0.0,0.0,0.0,3.646,-0.5555560000000002,,,
1.107,-0.6553,0.2798,0.6953,1.146,-0.5713,0.5527,0.0,1.0,-0.1439,-0.362,0.6416,0.0,-0.1584,1.296,0.2146,-0.049,-0.4993,0.6753,-0.7162000000000001,0.456,1.374,1.469,-0.673,-0.002974,0.0635,0.0,0.0,0.05215,0.0,0.4724,-0.3755,0.1859,-1.908,1.0,0.0,0.5,0.852,-0.1675,-0.477,0.0,1.0,0.0,0.0,0.0,-1.691,-0.113592,,,
1.047,-0.6597,0.2421,0.65,0.141,-0.7144,0.5527,0.0,1.0,-0.1171,-0.3245,0.6294,0.0,-0.158,-0.1704,0.2832,-0.00925,-0.562,0.67,-0.2344,0.476,-0.7163,1.374,1.469,-0.011375,0.0592,0.0,0.0,0.04913,0.0,0.4634,-0.5835,0.3303,-0.4602,0.0,0.0,0.0,0.851,-0.293,-0.504,0.0,2.0,0.0,0.0,0.0,-0.4172,0.3243359999999999,,,
0.8887,-0.2407,0.3008,0.594,-0.6406,-0.857,0.5527,0.0,1.0,-0.1786,-0.3616,0.659,0.0,-0.1575,-0.117,0.3557,0.03543,-0.1804,0.6587,0.5911,0.482,-0.2344,-0.7163,1.374,-0.00336,0.05444,0.0,0.0,0.04694,0.0,0.485,-0.7603,0.466,0.8354,1.0,0.5,0.0,0.569,0.00457,-0.3416,1.0,0.0,0.0,0.0,0.0,0.7637,0.2749296,,,
0.7476,0.11053,0.349,0.549,-2.22,-0.857,0.5527,1.0,1.0,-0.2289,-0.3901,0.684,0.0,-0.1571,-0.2059,0.419,0.0831,0.1602,0.648,0.4931,0.4814,0.5903,-0.2344,-0.7163,0.006336,0.0507,0.0,0.0,0.04556,0.0,0.5034,-0.609,0.3665,0.798,1.0,0.5,0.5,0.3552,0.228,-0.2091,2.0,0.0,0.0,0.0,0.0,0.716,-0.1696992,,,
0.7236,0.4626,0.397,0.5044,2.094,-0.857,0.5527,1.0,1.0,-0.2686,-0.4272,0.7095,0.0,-0.1566,0.733,0.4443,0.1345,0.4907,0.6387,0.4856999999999999,0.4666,0.4927,0.5903,-0.2344,0.02107,0.05008,0.0,0.0,0.04358,0.0,0.522,-0.5864,0.3586,0.8745,1.0,0.5,0.5,0.0708,0.318,-0.0713,3.0,0.0,0.0,0.0,0.0,0.7725,0.4578904,,,
0.5713,1.107,0.5464,0.4988,1.4,-0.7144,0.5527,1.0,1.0,-0.3928,-0.5303,0.779,0.0,-0.1561,0.722,0.4194,0.1782,1.182,0.636,1.3221,0.4768,0.4854,0.4927,0.5903,0.0358,0.05072,0.0,0.0,0.0444,0.0,0.573,0.01467,-0.04752,3.65,2.0,1.0,1.0,-0.418,0.806,0.26,4.0,0.0,0.0,0.0,0.0,3.176,-0.2698451999999999,,,
0.448,1.125,0.5576,0.509,0.149,-0.5713,0.5527,1.0,1.0,-0.4106,-0.5283,0.7896,0.0,-0.1558,0.3396,0.356,0.2142,1.275,0.6367,0.1891999999999999,0.4944,1.321,0.4854,0.4927,0.0455,0.0538,0.0,0.0,0.04587,0.0,0.5806,0.314,-0.2578,0.4495,3.0,1.0,1.5,-0.4326,0.801,0.2922,5.0,0.0,0.0,0.0,0.0,0.3757,-0.1771902399999999,,,
0.3918,1.666,0.7046,0.529,0.613,-0.4285,0.5527,1.0,1.0,-0.5166,-0.6284,0.859,0.0,-0.1553,-0.37,0.2368,0.2384,1.88,0.642,1.2631,0.5386,0.189,1.321,0.4854,0.0645,0.05695,0.0,0.0,0.04785,0.0,0.632,0.4563,-0.3367,2.354,3.0,1.5,1.5,-0.803,1.237,0.581,5.92,0.0,1.0,0.0,7.094,1.955,-0.17134864,,,
0.3499,1.528,0.68,0.542,0.04874,-0.2856,0.5527,1.0,1.0,-0.504,-0.608,0.8545,0.0,-0.1548,-0.1401,0.0565,0.2428,1.748,0.6504,-0.0774,0.5244,1.262,0.189,1.321,0.08417,0.0608,0.0,0.0,0.04733,0.0,0.628,0.359,-0.2686,-0.1779,2.0,1.0,1.0,-0.806,0.9507,0.573,0.0,1.0,0.0,0.0,0.0,-0.1421,-0.0659388,,,
0.2073,1.202,0.6367,0.586,-0.0827,-0.1428,0.5527,1.0,1.0,-0.4854,-0.5654,0.8413,0.0,-0.1544,0.3271,-0.0251,0.2183,1.266,0.6846,-0.2331,0.5186,-0.07745,1.262,0.189,0.10004,0.0628,0.0,0.0,0.04712,0.0,0.6177,1.166,-0.8486,-0.693,1.0,0.5,1.0,-0.621,0.77,0.5166,0.0,2.0,0.0,0.0,0.0,-0.555,0.4813479999999999,,,
0.1488,1.489,0.7515,0.6396,0.372,0.0,0.5527,1.0,1.0,-0.567,-0.64,0.887,1.0,-0.171,0.2162,-0.003756,0.1755,1.517,0.7017,0.9911,0.548,-0.233,-0.07745,1.262,0.1187,0.0647,0.0,0.0,0.04803,0.0,0.659,1.254,-0.893,2.35,1.0,1.0,1.0,-0.8955,1.086,0.7495,1.0,0.0,0.0,0.0,0.0,1.8955,-0.2045164,,,
0.08307,1.186,0.7246,0.699,-0.0732,0.1428,0.5527,1.0,1.0,-0.5547,-0.6167,0.8813,0.0,-0.1705,-0.2258,0.11835,0.136,1.2295,0.725,-0.1011,0.632,0.9907,-0.233,-0.07745,0.1346,0.0681,0.0,0.0,0.05252,0.0,0.6543,1.443,-1.03,-0.1885,0.0,1.0,1.0,-0.812,0.879,0.6343,0.0,1.0,0.0,0.0,0.0,-0.1475,-0.4650523199999999,,,
0.1344,0.4507,0.5654,0.733,-0.4866,0.2856,0.5527,1.0,1.0,-0.4412,-0.508,0.8164,0.0,-0.1702,0.2078,0.2837,0.1209,0.4746,0.743,-1.1169,0.6577,-0.1012,0.9907,-0.233,0.1387,0.0701,0.0,0.0,0.0571,0.0,0.6055,0.8613,-0.636,-1.973,-1.0,0.5,0.5,-0.2915,0.3352,0.3174,0.0,2.0,0.0,1.0,-5.15,-1.549,1.3704343999999995,,,
0.08435,1.4375,0.849,0.777,2.115,0.4285,0.5527,1.0,1.0,-0.635,-0.699,0.887,1.0,-0.171,1.557,0.509,0.1602,1.348,0.7188,2.3421000000000003,0.782,-1.116,-0.1012,0.9907,0.1534,0.0749,0.0,0.0,0.0652,0.0,0.7026,1.001,-0.693,9.62,0.0,0.5,0.5,-1.028,1.253,0.726,1.0,0.0,0.0,0.0,0.0,7.785,-0.0349136,,,
0.1589,0.5586,0.653,0.8135,-0.4849,0.5713,0.5527,1.0,1.0,-0.5005,-0.573,0.8086,0.0,-0.1705,0.972,0.7373,0.2463,0.432,0.74,-1.3479,0.8247,2.34,-1.116,-0.1012,0.155,0.0771,0.0,0.0,0.0699,0.0,0.6416,0.759,-0.5464,-4.6,0.0,0.0,0.5,-0.3333,0.667,0.375,0.0,1.0,0.0,0.0,0.0,-3.49,1.0659080000000003,,,
0.1978,1.03,0.8145,0.8667,0.92,0.7144,0.5527,1.0,1.0,-0.604,-0.6865,0.8843,0.0,-0.1702,1.036,0.9595,0.3862,0.9087,0.761,1.3561,0.839,-1.348,2.34,-1.116,0.1638,0.0813,0.0,0.0,0.0819,0.0,0.699,0.9683,-0.6704,4.414,0.0,0.0,1.0,-0.746,1.16,0.5845,1.0,0.0,0.0,0.0,0.0,3.494,0.6939187999999998,,,
0.218,1.468,0.9775,0.929,0.5547,0.857,0.5527,1.0,1.0,-0.702,-0.791,0.887,1.0,-0.171,0.886,1.159,0.5386,1.394,0.714,1.3251,0.8994,1.355,-1.348,2.34,0.1808,0.0874,0.0,0.0,0.0962,0.0,0.7583,1.046,-0.6997,4.004,1.0,0.0,1.0,-1.089,1.583,0.7534,2.0,0.0,0.0,0.0,0.0,3.04,0.339268,,,
0.266,1.051,0.9106,0.984,-0.1544,0.857,0.5527,1.0,1.0,-0.658,-0.7534,0.865,0.0,-0.1705,-0.2576,1.31,0.6846,1.053,0.7285,-0.3771,0.855,1.325,1.355,-1.348,0.1907,0.0919,0.0,0.0,0.1108,0.0,0.74,0.9,-0.603,-0.649,1.0,-0.5,0.5,-0.8184,1.3,0.611,0.0,1.0,0.0,0.0,0.0,-0.4731,-0.6174120000000002,,,
0.3362,0.3994,0.7656,1.021,-0.4814,0.857,0.5527,1.0,1.0,-0.5615,-0.665,0.81,0.0,-0.1702,0.638,1.407,0.821,0.4187,0.743,-0.9539,0.799,-0.377,1.325,1.355,0.196,0.0936,0.0,0.0,0.12134,0.0,0.696,0.61,-0.4155,-2.191,0.0,-0.5,0.0,-0.3503,0.808,0.3557,0.0,2.0,0.0,0.0,0.0,-1.616,0.8004211999999999,,,
0.317,0.726,0.8765,1.056,0.8594,0.857,0.5527,1.0,1.0,-0.6333,-0.7363,0.8623,0.0,-0.1697,1.035,1.455,0.9487,0.7397,0.7583,0.9341,0.812,-0.9536,-0.377,1.325,0.2119,0.0969,0.0,0.0,0.1316,0.0,0.737,0.5835,-0.3782,2.564,1.0,0.0,0.0,-0.606,1.132,0.498,1.0,0.0,0.0,0.0,0.0,1.95,-0.8434907999999999,,,
0.5566,-0.2815,0.613,1.065,-1.2,0.7144,0.5527,0.0,1.0,-0.441,-0.577,0.757,0.0,-0.1692,1.779,1.439,1.06,-0.2864,0.7686,-1.8389,0.7153,0.9336,-0.9536,-0.377,0.2063,0.0975,0.0,0.0,0.1394,0.0,0.652,0.1776,-0.126,-4.72,0.0,-0.5,-0.5,0.2678,0.3403,0.0409,0.0,1.0,0.0,0.0,0.0,-3.488,0.0565332,,,
0.597,-0.3022,0.602,1.062,0.2438,0.5713,0.5527,0.0,1.0,-0.43,-0.5728,0.757,0.0,-0.1688,0.8237,1.343,1.139,-0.295,0.7695,0.0001,0.578,-1.839,0.9336,-0.9536,0.2079,0.1006,0.0,0.0,0.1476,0.0,0.6514,0.005814,-0.003384,0.0,-1.0,-0.5,-1.0,0.2761,0.323,0.0002366,0.0,0.0,0.0,0.0,0.0,0.0,0.841808,,,
0.5767,0.3079,0.7715,1.073,-2.818,0.5713,0.5527,1.0,1.0,-0.546,-0.689,0.8335,0.0,-0.1683,0.644,1.177,1.188,0.3342,0.775,1.4191,0.4717,0.0,-1.839,0.9336,0.2098,0.1068,0.0,0.0,0.1575,0.0,0.7124,0.2203,-0.1294,3.53,0.0,0.0,-0.5,-0.2109,0.9175,0.3389,1.0,0.0,0.0,0.0,0.0,2.768,-0.2964568000000001,,,
0.61,-0.07697,0.6704,1.08,-0.9233,0.5713,0.5527,1.0,1.0,-0.4763,-0.6226,0.7964,0.0,-0.1678,-0.2192,1.027,1.208,-0.04172,0.781,-0.6552,0.3418,1.419,0.0,-1.839,0.2013,0.1118,0.0,0.0,0.1653,0.0,0.682,0.1445,-0.0883,-1.521,0.0,-0.5,-0.5,0.0994,0.5806,0.10925,0.0,1.0,0.0,0.0,0.0,-1.143,-0.154976,,,
0.6484,-0.269,0.61,1.07,-14.766,0.4285,0.5527,0.0,1.0,-0.4314,-0.5825,0.776,0.0,-0.1674,0.3599,0.874,1.19,-0.2554,0.7847,-0.3715,0.2045,-0.655,1.419,0.0,0.1929,0.1158,0.0,0.0,0.1716,0.0,0.665,-0.04858,0.04224,-0.93,-1.0,-0.5,-1.0,0.2954,0.4146,-0.0645,0.0,2.0,0.0,0.0,0.0,-0.713,-0.6140479999999999,,,
0.7705,-0.6543,0.491,1.052,2.328,0.2856,0.5527,0.0,1.0,-0.3362,-0.5044,0.731,0.0,-0.167,0.5317,0.7017,1.133,-0.6255,0.7812,-0.8269,0.1407,-0.3716,-0.655,1.419,0.1854,0.122,0.0,0.0,0.1743,0.0,0.6284,-0.1564,0.10315,-2.482,-1.0,-1.0,-1.0,0.6426,0.0464,-0.439,0.0,3.0,0.0,0.0,0.0,-1.925,0.151624,,,
0.781,-0.587,0.505,1.05,0.007244,0.1428,0.5527,0.0,1.0,-0.3457,-0.516,0.7417,0.0,-0.1665,0.842,0.5024,1.041,-0.5435,0.783,0.2059,0.07526,-0.8267,-0.3716,-0.655,0.1741,0.1284,0.0,0.0,0.1771,0.0,0.6367,0.0411,-0.0339,0.4446,0.0,-1.0,-0.5,0.4348,0.03763,-0.4133,1.0,0.0,0.0,0.0,0.0,0.354,0.9415776000000002,,,
0.5923,0.1562,0.6904,1.037,-1.4375,0.1428,0.5527,1.0,1.0,-0.491,-0.635,0.8267,0.0,-0.166,0.8965,0.3318,0.915,0.1893,0.784,1.5851,0.07007,0.2058,-0.8267,-0.3716,0.1807,0.1373,0.0,0.0,0.1805,0.0,0.7046,-0.06195,0.0697,2.162,0.0,-0.5,-0.5,-0.189,0.674,0.2642,2.0,0.0,0.0,0.0,0.0,1.709,1.0726080000000004,,,
0.5093,0.7256,0.8545,1.059,2.693,0.1428,0.5527,1.0,1.0,-0.604,-0.738,0.887,1.0,-0.171,0.867,0.1859,0.7637,0.7617,0.78,1.3641,0.1194,1.585,0.2058,-0.8267,0.1945,0.1466,0.0,0.0,0.1866,0.0,0.7656,0.389,-0.225,4.9,1.0,0.0,0.0,-0.654,1.137,0.773,3.0,0.0,0.0,0.0,0.0,3.691,0.1845019999999999,,,
0.4478,0.8765,0.901,1.07,0.3333,0.1428,0.5527,1.0,1.0,-0.6377,-0.762,0.887,1.0,-0.171,0.491,0.06995,0.6333,0.912,0.7637,0.4438999999999999,0.1676,1.363,1.585,0.2058,0.2035,0.1549,0.0,0.0,0.1941,0.0,0.786,0.2742,-0.1339,1.078,2.0,0.0,0.0,-0.7705,1.159,0.8267,4.0,0.0,0.0,0.0,0.0,0.7793,-0.8641679999999999,,,
0.565,0.08386,0.6694,1.046,-0.751,0.1428,0.5527,1.0,1.0,-0.4792,-0.618,0.7944,0.0,-0.1705,0.8257,-0.02727,0.5044,0.1009,0.7627,-1.5899,0.1622,0.4436,1.363,1.585,0.2072,0.162,0.0,0.0,0.1967,0.0,0.71,-0.2546,0.2101,-3.637,2.0,0.0,-0.5,0.02376,0.4917,0.09937,0.0,1.0,0.0,0.0,0.0,-2.592,-0.1824236,,,
0.648,0.0695,0.6475,1.024,0.04056,0.1428,0.5527,1.0,1.0,-0.4575,-0.61,0.7905,0.0,-0.1702,0.9526,-0.12085,0.373,0.084,0.7607,-0.0726499999999999,0.15,-1.589,0.4436,1.363,0.2123,0.1692,0.0,0.0,0.1992,0.0,0.706,-0.2025,0.1715,-0.2441,1.0,0.0,-0.5,0.0384,0.381,0.0426,0.0,2.0,0.0,0.0,0.0,-0.1831,0.3191199999999999,,,
0.5522,0.1455,0.6606,1.019,0.672,0.1428,0.5527,1.0,1.0,-0.474,-0.611,0.8013,0.0,-0.1697,-0.5483,-0.1929,0.2314,0.1761,0.7607,0.1946,0.0776,-0.0727,-1.589,0.4436,0.2228,0.176,0.0,0.0,0.2041,0.0,0.7144,0.011635,0.02252,0.239,1.0,0.0,0.0,-0.05057,0.3918,0.08966,1.0,0.0,0.0,0.0,0.0,0.1797,-0.4239995999999998,,,
0.636,-0.10876,0.573,0.9937,-1.064,0.0,0.5527,0.0,1.0,-0.4065,-0.555,0.769,0.0,-0.1692,1.66,-0.2294,0.1127,-0.1193,0.762,-0.5795,0.078,0.1943,-0.0727,-1.589,0.2291,0.1815,0.0,0.0,0.2039,0.0,0.6875,-0.28,0.219,-2.027,0.0,0.0,-0.5,0.1492,0.05347,-0.1843,0.0,1.0,0.0,0.0,0.0,-1.515,-0.495902,,,
0.573,-0.4424,0.4775,0.985,13.12,0.0,0.5527,0.0,1.0,-0.3418,-0.478,0.733,0.0,-0.1688,0.3638,-0.249,0.002567,-0.4368,0.7617,-0.6645,0.05582,-0.5796,0.1943,-0.0727,0.2239,0.1858,0.0,0.0,0.205,0.0,0.657,-0.03577,0.03162,-1.416,-1.0,0.0,-0.5,0.4624,-0.1924,-0.5225,0.0,2.0,0.0,0.0,0.0,-1.077,0.14978,,,
0.5312,-0.3232,0.5024,0.979,-0.2191,0.0,0.5527,0.0,1.0,-0.3638,-0.4934,0.7485,0.0,-0.1683,0.506,-0.2717,-0.091,-0.336,0.7656,0.2890999999999999,0.06104,-0.664,-0.5796,0.1943,0.213,0.1888,0.0,0.0,0.2041,0.0,0.6694,0.02235,-0.00428,0.536,0.0,0.5,0.0,0.2683,-0.1113,-0.3723,1.0,0.0,0.0,0.0,0.0,0.4167,-0.051344,,,
0.5195,-0.3674,0.4705,0.9536,0.329,-0.1428,0.5527,0.0,1.0,-0.341,-0.4683,0.7397,0.0,-0.1678,0.4832,-0.2957,-0.1696,-0.392,0.763,-0.1618,0.03836,0.2888,-0.664,-0.5796,0.1987,0.1915,0.0,0.0,0.2004,0.0,0.6616,-0.33,0.2441,-0.4114,0.0,0.0,-0.5,0.3013,-0.198,-0.413,0.0,1.0,0.0,0.0,0.0,-0.317,-0.5865360799999998,,,
0.678,-0.7373,0.3542,0.927,1.515,-0.2856,0.5527,0.0,1.0,-0.2386,-0.389,0.694,0.0,-0.1674,1.403,-0.3162,-0.2424,-0.756,0.759,-0.8509,0.05438,-0.1617,0.2888,-0.664,0.1891,0.1918,0.0,0.0,0.196,0.0,0.624,-0.3662,0.2534,-2.207,-1.0,-0.5,-0.5,0.6694,-0.5205,-0.754,0.0,2.0,0.0,0.0,0.0,-1.709,-0.7558759999999998,,,
0.8345,-1.252,0.1967,0.8916,0.971,-0.2856,0.5527,0.0,1.0,-0.0954,-0.2668,0.63,0.0,-0.167,1.274,-0.3254,-0.302,-1.252,0.7495,-1.2339,0.1528,-0.8506,-0.1617,0.2888,0.1736,0.1906,0.0,0.0,0.1913,0.0,0.5703,-0.5195,0.3396,-3.734,-1.0,-1.0,-0.5,1.183,-0.9956,-1.111,0.0,3.0,0.0,0.0,0.0,-2.97,0.9690620000000004,,,
0.7866,-0.5366,0.3743,0.8857,-0.5195,-0.2856,0.5527,0.0,1.0,-0.2457,-0.414,0.71,0.0,-0.1665,1.409,-0.3438,-0.3376,-0.5283,0.749,1.6046,0.1415,-1.233,-0.8506,-0.1617,0.1648,0.1914,0.0,0.0,0.1874,0.0,0.636,-0.0297,0.01904,3.852,0.0,-1.0,0.0,0.496,-0.1561,-0.452,1.0,0.0,0.0,0.0,0.0,3.186,0.1640332,,,
0.7456,-0.4175,0.401,0.882,-0.1469,-0.2856,0.5527,0.0,1.0,-0.2698,-0.4321,0.725,0.0,-0.166,0.5615,-0.359,-0.3582,-0.398,0.749,0.2801,0.1392,1.604,-1.233,-0.8506,0.1605,0.1915,0.0,0.0,0.1876,0.0,0.648,-0.01528,0.0141,0.5444,0.0,-0.5,0.0,0.2964,-0.0886,-0.3396,2.0,0.0,0.0,0.0,0.0,0.429,-0.2717128000000001,,,
0.729,-0.446,0.3752,0.8574,0.2245,-0.4285,0.5527,0.0,1.0,-0.251,-0.4102,0.717,0.0,-0.1656,0.634,-0.3672,-0.3801,-0.4575,0.7476,-0.1514,0.1396,0.28,1.604,-1.233,0.1589,0.1915,0.0,0.0,0.1876,0.0,0.6406,-0.3896,0.2783,-0.3677,0.0,-0.5,-0.5,0.287,-0.2115,-0.402,0.0,1.0,0.0,0.0,0.0,-0.287,-0.3637855999999999,,,
0.653,-0.08264,0.442,0.8228,-0.931,-0.5713,0.5527,0.0,1.0,-0.3086,-0.457,0.749,0.0,-0.1652,0.5986,-0.3235,-0.3848,-0.088,0.7383,0.6091,0.1307,-0.1514,0.28,1.604,0.159,0.1937,0.0,0.0,0.1862,0.0,0.667,-0.6147,0.4507,0.954,1.0,-0.5,-0.5,0.03668,0.05807,-0.1318,1.0,0.0,0.0,0.0,0.0,0.7485,-0.009994,,,
0.678,-0.02666,0.4255,0.7817,-14.766,-0.5713,0.5527,1.0,1.0,-0.2942,-0.446,0.745,0.0,-0.1647,0.8853,-0.2678,-0.3657,-0.04956,0.7305,-0.0745499999999999,0.1307,0.6084,-0.1514,0.28,0.1595,0.193,0.0,0.0,0.1857,0.0,0.6636,-0.782,0.569,-0.11304,1.0,-0.5,-1.0,-0.00476,-0.0736,-0.159,0.0,1.0,0.0,0.0,0.0,-0.08704,-0.1210583999999999,,,
0.628,-0.1422,0.378,0.7573,-2.127,-0.7144,0.5527,0.0,1.0,-0.2612,-0.404,0.7275,0.0,-0.1643,0.2421,-0.2096,-0.3335,-0.1493,0.7236,-0.3244,0.1326,-0.07465,0.6084,-0.1514,0.1627,0.1936,0.0,0.0,0.1854,0.0,0.649,-0.4841,0.3496,-0.57,0.0,-0.5,-1.0,0.1455,-0.2026,-0.2937,0.0,2.0,0.0,0.0,0.0,-0.4397,0.1389596,,,
0.5117,0.7075,0.587,0.7544,-14.76,-0.7144,0.5527,1.0,1.0,-0.4263,-0.5547,0.8228,0.0,-0.1638,0.2532,-0.172,-0.309,0.709,0.724,1.7901,0.1385,-0.3242,-0.07465,0.6084,0.1814,0.1947,0.0,0.0,0.1898,0.0,0.7266,0.05582,-0.001267,3.578,0.0,-0.5,-0.5,-0.4695,0.591,0.4067,1.0,0.0,1.0,0.0,8.5,2.79,1.3225304,,,
0.5386,1.786,0.872,0.777,1.595,-0.7144,0.5527,1.0,1.0,-0.6123,-0.7515,0.887,1.0,-0.171,1.075,-0.1802,-0.3086,1.7,0.684,2.3141000000000003,0.2952,1.789,-0.3242,-0.07465,0.2048,0.1971,0.0,0.0,0.1984,0.0,0.8325,0.4688,-0.249,9.11,1.0,0.0,-0.5,-1.165,1.466,1.075,2.0,0.0,1.0,0.0,9.375,6.727,-0.5520760000000001,,,
0.534,1.285,0.761,0.798,-0.1531,-0.5713,0.5527,1.0,1.0,-0.5425,-0.6787,0.844,0.0,-0.1705,0.7573,-0.1942,-0.3098,1.233,0.691,-0.7343000000000001,0.3726,2.314,1.789,-0.3242,0.2225,0.1991,0.0,0.0,0.2025,0.0,0.796,0.4136,-0.2255,-1.707,0.0,0.0,-0.5,-0.7524,1.055,0.6797,0.0,1.0,0.0,0.0,0.0,-1.176,0.7871560000000002,,,
0.5317,1.761,0.9136,0.843,0.505,-0.4285,0.5527,1.0,1.0,-0.6387,-0.7773,0.887,1.0,-0.171,0.9863,-0.181,-0.3013,1.704,0.6836,1.2301,0.5015,-0.7344,2.314,1.789,0.2479,0.204,0.0,0.0,0.2065,0.0,0.855,0.7573,-0.4448,3.438,1.0,0.5,0.0,-1.0625,1.456,0.934,1.0,0.0,0.0,0.0,0.0,2.422,0.6488068000000001,,,
0.4607,2.156,1.0625,0.9,0.3733,-0.2856,0.5527,1.0,1.0,-0.7314,-0.8613,0.887,1.0,-0.171,-0.3423,-0.10394,-0.2632,2.002,0.6445,1.1631,0.6997,1.2295,-0.7344,2.314,0.277,0.2092,0.0,0.0,0.2123,0.0,0.9126,0.8643,-0.4954,3.244,2.0,0.5,0.0,-1.305,1.788,1.051,2.0,0.0,0.0,0.0,0.0,2.201,-0.5823559999999997,,,
0.4985,1.661,0.9683,0.9507,-0.1099,-0.1428,0.5527,1.0,1.0,-0.674,-0.808,0.854,0.0,-0.1705,0.216,0.0338,-0.1906,1.621,0.6616,-0.5719,0.839,1.162,1.2295,-0.7344,0.3032,0.2162,0.0,0.0,0.2198,0.0,0.8823,0.744,-0.4226,-1.434,1.0,0.0,0.0,-0.9507,1.407,0.748,0.0,1.0,0.0,0.0,0.0,-0.9385,0.918048,,,
0.3916,2.156,1.207,1.035,0.545,0.0,0.5527,1.0,1.0,-0.817,-0.9375,0.887,1.0,-0.171,0.471,0.2498,-0.0662,2.002,0.6274,1.8111,1.092,-0.5713,1.162,1.2295,0.342,0.2256,0.0,0.0,0.2313,0.0,0.9746,1.111,-0.644,4.516,1.0,0.5,0.5,-1.437,1.954,0.9434,1.0,0.0,0.0,0.0,0.0,3.01,-0.3745640000000001,,,
0.326,1.851,1.153,1.132,-0.07983,0.1428,0.5527,1.0,1.0,-0.793,-0.9023,0.8716,0.0,-0.1705,-0.342,0.51,0.0963,1.873,0.654,-0.265,1.27,1.81,-0.5713,1.162,0.3699,0.2329,0.0,0.0,0.242,0.0,0.96,1.327,-0.804,-0.3984,1.0,0.0,0.5,-1.226,1.628,0.7407,0.0,1.0,0.0,0.0,0.0,-0.2515,0.5107312,,,
0.2457,1.951,1.247,1.221,0.1893,0.2856,0.5527,1.0,1.0,-0.8496,-0.9473,0.887,1.0,-0.171,0.3955,0.819,0.3015,1.927,0.6626,0.7408,1.458,-0.2651,1.81,-0.5713,0.3896,0.2422,0.0,0.0,0.2554,0.0,0.999,1.292,-0.762,2.031,1.0,0.5,0.5,-1.325,1.767,0.7427,1.0,0.0,0.0,0.0,0.0,1.292,0.143592,,,
0.1897,2.037,1.342,1.316,0.1785,0.4285,0.5527,1.0,1.0,-0.903,-0.993,0.887,1.0,-0.171,-0.01218,1.162,0.5386,1.973,0.658,0.7438,1.642,0.74,-0.2651,1.81,0.4187,0.253,0.0,0.0,0.2715,0.0,1.039,1.329,-0.7705,2.55,1.0,1.0,0.5,-1.408,1.898,0.738,2.0,0.0,0.0,0.0,0.0,1.586,1.0814439999999996,,,
0.1702,2.156,1.6455,1.446,0.507,0.5713,0.5527,1.0,1.0,-1.049,-1.14,0.887,1.0,-0.171,0.9067,1.549,0.8174,2.002,0.5938,2.1211,1.955,0.7437,0.74,-0.2651,0.4546,0.2683,0.0,0.0,0.2922,0.0,1.157,1.486,-0.8306,6.9,2.0,1.0,1.0,-1.454,2.111,0.89,3.0,0.0,1.0,0.0,9.18,4.19,-0.2776163999999999,,,
0.1602,2.156,1.652,1.572,0.01345,0.7144,0.5527,1.0,1.0,-1.052,-1.143,0.887,1.0,-0.171,0.0901,1.915,1.105,2.002,0.618,0.1473999999999999,2.191,2.121,0.7437,0.74,0.4846,0.2834,0.0,0.0,0.3135,0.0,1.166,1.472,-0.816,0.506,2.0,1.0,1.0,-1.454,2.111,0.7627,4.0,0.0,0.0,0.0,0.0,0.2883,0.0750417599999999,,,
0.2537,1.502,1.459,1.682,-0.2688,0.7144,0.5527,1.0,1.0,-0.9556,-1.058,0.823,0.0,-0.1705,0.7583,2.227,1.384,1.512,0.6445,-1.1009,2.25,0.1473,2.121,0.7437,0.5107,0.295,0.0,0.0,0.3337,0.0,1.099,1.164,-0.626,-3.68,2.0,1.0,1.0,-1.085,1.788,0.523,0.0,1.0,0.0,0.0,0.0,-2.088,0.1205344,,,
0.3274,1.211,1.454,1.795,-0.06274,0.857,0.5527,1.0,1.0,-0.9473,-1.062,0.827,0.0,-0.1702,0.8486,2.484,1.653,1.251,0.6733,0.0761,2.205,-1.1,0.1473,2.121,0.526,0.3047,0.0,0.0,0.3562,0.0,1.103,1.235,-0.6743,0.2676,2.0,1.0,1.5,-1.037,1.594,0.4768,1.0,0.0,0.0,0.0,0.0,0.1572,0.8277960000000003,,,
0.341,1.601,1.648,1.908,0.4548,0.857,0.5527,1.0,1.0,-1.036,-1.156,0.887,1.0,-0.171,1.402,2.746,1.95,1.526,0.7007,1.3641,2.264,0.0759,-1.1,0.1473,0.5527,0.3162,0.0,0.0,0.3794,0.0,1.181,1.236,-0.64,8.914,2.0,1.0,1.5,-1.416,1.906,0.5903,2.0,0.0,0.0,0.0,0.0,5.227,-0.720012,,,
0.3525,0.9224,1.492,1.978,-0.2976,0.857,0.5527,1.0,1.0,-0.9634,-1.082,0.8364,0.0,-0.1705,0.11505,2.992,2.24,0.7466,0.7334,-0.8725,2.22,1.363,0.0759,-1.1,0.5684,0.3284,0.0,0.0,0.3997,0.0,1.127,0.8438,-0.3833,-4.6,1.0,1.0,1.0,-0.9185,1.427,0.4097,0.0,1.0,0.0,0.0,0.0,-2.588,0.0663243999999999,,,
0.3425,0.733,1.487,2.059,-0.068,0.857,0.5527,1.0,1.0,-0.962,-1.079,0.8403,0.0,-0.1702,0.3228,3.139,2.488,0.5986,0.753,0.0748,2.123,-0.872,1.363,0.0759,0.5796,0.3406,0.0,0.0,0.4207,0.0,1.13,1.0205,-0.508,0.2793,1.0,1.0,1.5,-0.8765,1.277,0.3757,1.0,0.0,0.0,0.0,0.0,0.1614,-0.8596659999999997,,,
0.4246,-0.00525,1.292,2.105,-0.8354,0.857,0.5527,1.0,1.0,-0.8584,-0.9863,0.774,0.0,-0.1697,0.942,3.203,2.684,-0.1403,0.769,-1.1739,1.962,0.0747,-0.872,1.363,0.569,0.3508,0.0,0.0,0.4375,0.0,1.06,0.5923,-0.2325,-4.324,1.0,1.0,1.0,-0.3022,0.7153,0.1626,0.0,1.0,0.0,0.0,0.0,-2.494,-0.1183019999999999,,,
0.48,-0.163,1.258,2.133,-2.082,0.7144,0.5527,0.0,1.0,-0.8364,-0.9727,0.7666,0.0,-0.1692,0.756,3.176,2.816,-0.2952,0.7793,-0.1354,1.742,-1.174,0.0747,-0.872,0.556,0.3616,0.0,0.0,0.454,0.0,1.052,0.4194,-0.11237,-0.338,0.0,0.5,0.5,-0.2128,0.5806,0.10596,0.0,2.0,0.0,0.0,0.0,-0.2023,0.0314699999999999,,,
0.4675,-0.3323,1.224,2.168,2.346,0.5713,0.5527,0.0,1.0,-0.82,-0.953,0.7593,0.0,-0.1688,-0.1676,3.055,2.887,-0.4429,0.789,-0.1359,1.423,-0.1354,-1.174,0.0747,0.5503,0.3728,0.0,0.0,0.4712,0.0,1.044,0.517,-0.1854,-0.2693,-1.0,0.0,0.5,-0.1885,0.3958,0.04376,0.0,3.0,0.0,0.0,0.0,-0.1617,-0.0234471999999999,,,
0.372,-0.44,1.192,2.174,0.592,0.4285,0.5527,0.0,1.0,-0.8105,-0.9277,0.752,0.0,-0.1683,-0.4585,2.861,2.898,-0.572,0.797,-0.1365,1.166,-0.136,-0.1354,-1.174,0.543,0.3835,0.0,0.0,0.4844,0.0,1.036,0.199,0.03812,-0.139,-1.0,-0.5,0.0,-0.104,0.2952,-0.02744,0.0,4.0,0.0,0.0,0.0,-0.0839,0.2094212,,,
0.4272,-0.5854,1.149,2.184,0.568,0.2856,0.5527,0.0,1.0,-0.7827,-0.908,0.74,0.0,-0.1678,0.142,2.588,2.865,-0.6836,0.798,-0.2155,1.032,-0.1366,-0.136,-0.1354,0.5254,0.394,0.0,0.0,0.493,0.0,1.023,0.2095,0.02533,-0.518,-2.0,-1.0,0.0,-0.014725,0.151,-0.1158,0.0,5.0,0.0,0.0,0.0,-0.314,-0.93151144,,,
0.527,-1.145,0.9614,2.162,1.318,0.1428,0.5527,0.0,1.0,-0.668,-0.8066,0.675,0.0,-0.1674,0.661,2.264,2.773,-1.255,0.7983,-1.2239,0.8276,-0.2155,-0.1366,-0.136,0.5054,0.4038,0.0,0.0,0.5,0.0,0.954,-0.2341,0.3118,-3.594,-2.0,-1.0,-0.5,0.536,-0.3562,-0.4934,0.0,5.0,0.0,0.0,0.0,-2.193,0.7366419999999997,,,
0.4956,-0.674,1.092,2.145,-0.34,0.0,0.5527,0.0,1.0,-0.745,-0.8813,0.7266,0.0,-0.167,0.1532,1.902,2.637,-0.812,0.7993,1.0051,0.6714,-1.223,-0.2155,-0.1366,0.4915,0.4165,0.0,0.0,0.507,0.0,1.008,-0.1797,0.2969,2.28,-1.0,-1.0,-0.5,0.04175,0.02347,-0.2883,1.0,0.0,0.0,0.0,0.0,1.447,1.6115832000000003,,,
0.3706,0.4204,1.409,2.127,-1.84,0.0,0.5527,1.0,1.0,-0.922,-1.043,0.849,0.0,-0.1665,1.435,1.547,2.459,0.2644,0.798,2.3071,0.6123,1.005,-1.223,-0.2155,0.5005,0.431,0.0,0.0,0.5166,0.0,1.135,-0.1449,0.3281,6.52,0.0,-1.0,-0.5,-0.712,1.004,0.3755,2.0,0.0,0.0,0.0,0.0,4.01,0.4400839999999999,,,
0.3184,0.781,1.51,2.12,0.9014,0.0,0.5527,1.0,1.0,-0.974,-1.088,0.887,1.0,-0.171,-0.0162,1.191,2.24,0.61,0.796,0.7421,0.5093,2.307,1.005,-1.223,0.5156,0.4463,0.0,0.0,0.5293,0.0,1.179,-0.015465,0.2551,2.588,1.0,-0.5,-0.5,-0.918,1.166,0.6035,3.0,0.0,0.0,0.0,0.0,1.484,0.6367320000000001,,,
0.3042,1.283,1.678,2.148,0.7563,0.0,0.5527,1.0,1.0,-1.052,-1.166,0.887,1.0,-0.171,1.28,0.8193,2.0,1.147,0.739,1.1791,0.606,0.7417,2.307,1.005,0.5405,0.4639,0.0,0.0,0.5415,0.0,1.249,0.4734,-0.0622,3.326,2.0,-0.5,0.0,-1.186,1.539,0.8784,4.0,0.0,0.0,0.0,0.0,1.865,-0.203504,,,
0.3552,0.7637,1.524,2.162,-0.2737,0.0,0.5527,1.0,1.0,-0.978,-1.099,0.8374,0.0,-0.1705,0.447,0.4404,1.737,0.652,0.744,-0.8569,0.5728,1.178,0.7417,2.307,0.5596,0.4792,0.0,0.0,0.552,0.0,1.195,0.2388,0.0815,-2.504,2.0,-0.5,-0.5,-0.7495,1.048,0.5093,0.0,1.0,0.0,0.0,0.0,-1.3545,0.0514715999999999,,,
0.268,1.236,1.669,2.17,0.7314,0.0,0.5527,1.0,1.0,-1.051,-1.159,0.887,1.0,-0.171,1.139,0.1703,1.462,1.166,0.737,1.0241,0.636,-0.8564,1.178,0.7417,0.5874,0.4963,0.0,0.0,0.563,0.0,1.257,0.1915,0.1428,4.03,2.0,0.0,-0.5,-1.026,1.334,0.7563,1.0,0.0,0.0,0.0,0.0,2.24,0.206332,,,
0.314,0.859,1.556,2.18,-0.1729,0.0,0.5527,1.0,1.0,-0.996,-1.11,0.8525,0.0,-0.1705,0.6704,0.011086,1.186,0.802,0.7427,-0.5919,0.662,1.023,-0.8564,1.178,0.619,0.5127,0.0,0.0,0.571,0.0,1.219,0.252,0.08325,-1.74,1.0,0.0,-0.5,-0.6587,1.011,0.4763,0.0,1.0,0.0,0.0,0.0,-0.937,-0.1394843999999999,,,
0.4353,0.357,1.392,2.172,-0.437,0.0,0.5527,1.0,1.0,-0.908,-1.039,0.8,0.0,-0.1702,1.095,-0.0985,0.928,0.318,0.744,-0.9223,0.6685,-0.592,1.023,-0.8564,0.6377,0.5254,0.0,0.0,0.572,0.0,1.161,0.0284,0.2175,-2.498,0.0,0.0,-1.0,-0.2212,0.545,0.1519,0.0,2.0,0.0,0.0,0.0,-1.37,-0.1354132,,,
0.4167,0.1044,1.313,2.178,-0.4824,0.0,0.5527,1.0,1.0,-0.87,-0.997,0.778,0.0,-0.1697,0.2876,-0.1448,0.6846,0.07404,0.749,-0.4018,0.663,-0.922,-0.592,1.023,0.638,0.5347,0.0,0.0,0.571,0.0,1.137,0.1913,0.09064,-0.7666,-1.0,0.0,-1.0,-0.002935,0.351,0.0228,0.0,3.0,0.0,0.0,0.0,-0.433,-0.6301519999999998,,,
0.483,-0.4255,1.143,2.17,-2.916,0.0,0.5527,0.0,1.0,-0.7744,-0.909,0.721,0.0,-0.1692,0.699,-0.1605,0.4377,-0.459,0.752,-1.0359,0.6665,-0.4016,-0.922,-0.592,0.6265,0.543,0.0,0.0,0.5703,0.0,1.074,-0.0009046,0.2007,-3.863,-1.0,0.0,-1.0,0.4973,-0.0538,-0.3162,0.0,4.0,0.0,0.0,0.0,-2.21,0.0253919999999999,,,
0.618,-0.6255,1.07,2.158,0.755,0.0,0.5527,0.0,1.0,-0.723,-0.879,0.6997,0.0,-0.1688,1.187,-0.1636,0.1935,-0.6406,0.751,-0.4015,0.6807,-1.035,-0.4016,-0.922,0.6035,0.549,0.0,0.0,0.569,0.0,1.05,-0.0504,0.2258,-1.296,-2.0,-0.5,-1.0,0.663,-0.1887,-0.4297,0.0,5.0,0.0,0.0,0.0,-0.766,1.6392131999999997,,,
0.6284,0.3516,1.377,2.184,-1.785,0.1428,0.5527,1.0,1.0,-0.8853,-1.048,0.8184,0.0,-0.1683,0.9575,-0.1455,0.02998,0.3813,0.755,2.2661,0.6865,-0.4014,-1.035,-0.4016,0.602,0.5566,0.0,0.0,0.5693,0.0,1.179,0.302,0.031,6.5,-1.0,-0.5,-0.5,-0.1577,0.8257,0.272,1.0,0.0,0.0,0.0,0.0,3.893,0.2345447999999999,,,
0.659,0.2786,1.369,2.213,-0.04684,0.2856,0.5527,1.0,1.0,-0.879,-1.046,0.8213,0.0,-0.1678,0.4546,-0.0985,-0.05173,0.3127,0.765,0.05433,0.71,2.264,-0.4014,-1.035,0.5938,0.5654,0.0,0.0,0.5723,0.0,1.182,0.3472,0.0001812,0.1396,0.0,-0.5,0.0,-0.1787,0.7305,0.2651,2.0,0.0,0.0,0.0,0.0,0.0781,1.0833430400000004,,,
0.6406,0.8755,1.597,2.287,1.905,0.4285,0.5527,1.0,1.0,-0.989,-1.156,0.887,1.0,-0.171,0.6973,0.02052,-0.05267,0.923,0.762,1.6061,0.8247,0.05423,2.264,-0.4014,0.601,0.5747,0.0,0.0,0.5786,0.0,1.278,0.758,-0.2499,4.5,1.0,-0.5,0.5,-0.6987,1.309,0.6777,3.0,0.0,0.0,0.0,0.0,2.512,1.510024,,,
0.637,1.657,1.895,2.379,1.006,0.5713,0.5527,1.0,1.0,-1.117,-1.288,0.887,1.0,-0.171,1.74,0.1976,0.02484,1.755,0.6787,2.0121,1.095,1.605,0.05423,2.264,0.6304,0.588,0.0,0.0,0.5938,0.0,1.407,0.865,-0.2695,5.61,2.0,0.0,0.5,-1.317,1.904,1.009,4.0,0.0,0.0,0.0,0.0,2.982,-0.7025239999999998,,,
0.6274,1.137,1.756,2.424,-0.1866,0.5713,0.5527,1.0,1.0,-1.061,-1.228,0.8467,0.0,-0.1705,0.2074,0.3684,0.131,1.237,0.693,-0.6952,1.214,2.01,1.605,0.05423,0.657,0.598,0.0,0.0,0.607,0.0,1.359,0.505,-0.03342,-1.697,2.0,-0.5,0.0,-0.9014,1.484,0.69,0.0,1.0,0.0,0.0,0.0,-0.849,-0.0337815999999999,,,
0.6577,1.11,1.765,2.459,0.1105,0.5713,0.5527,1.0,1.0,-1.062,-1.234,0.857,0.0,-0.1702,0.4058,0.504,0.2345,1.257,0.7,0.182,1.305,-0.695,2.01,1.605,0.6924,0.608,0.0,0.0,0.621,0.0,1.371,0.4429,0.01619,0.278,2.0,0.0,0.0,-0.8955,1.375,0.6343,1.0,0.0,0.0,0.0,0.0,0.1422,0.0074047999999999,,,
0.561,1.802,2.004,2.502,0.753,0.5713,0.5527,1.0,1.0,-1.167,-1.327,0.887,1.0,-0.171,1.153,0.6245,0.3354,2.002,0.6543,1.5951,1.495,0.1818,-0.695,2.01,0.743,0.6177,0.0,0.0,0.6396,0.0,1.478,0.511,0.014565,2.834,2.0,0.5,0.0,-1.314,1.856,0.8467,2.0,0.0,0.0,0.0,0.0,1.44,-0.2825955999999999,,,
0.576,1.419,1.91,2.553,-0.08356,0.5713,0.5527,1.0,1.0,-1.129,-1.29,0.8633,0.0,-0.1705,0.2678,0.7305,0.4268,1.709,0.662,-0.4069,1.566,1.594,0.1818,-0.695,0.775,0.626,0.0,0.0,0.6577,0.0,1.448,0.597,-0.05927,-0.552,1.0,0.5,0.0,-1.036,1.515,0.652,0.0,1.0,0.0,0.0,0.0,-0.2673,-0.120756,,,
0.458,1.339,1.901,2.588,0.07635,0.5713,0.5527,1.0,1.0,-1.135,-1.276,0.868,0.0,-0.1702,-0.4912,0.7983,0.5015,1.701,0.667,0.0794,1.497,-0.407,1.594,0.1818,0.8076,0.636,0.0,0.0,0.679,0.0,1.454,0.4858,0.02252,0.06964,1.0,1.0,0.0,-0.963,1.382,0.611,1.0,0.0,0.0,0.0,0.0,0.03415,-0.2669024,,,
0.4478,0.949,1.795,2.625,-0.1602,0.5713,0.5527,1.0,1.0,-1.091,-1.23,0.839,0.0,-0.1697,-0.05496,0.848,0.5625,1.375,0.672,-0.5062,1.405,0.0792,-0.407,1.594,0.824,0.646,0.0,0.0,0.697,0.0,1.418,0.4937,0.001318,-0.4753,1.0,1.0,0.0,-0.671,1.047,0.448,0.0,1.0,0.0,0.0,0.0,-0.2325,0.033156,,,
0.3723,1.082,1.872,2.69,0.2708,0.5713,0.5527,1.0,1.0,-1.129,-1.257,0.8726,0.0,-0.1692,0.3,0.8843,0.618,1.585,0.682,0.5948,1.456,-0.506,0.0792,-0.407,0.8306,0.654,0.0,0.0,0.7104,0.0,1.459,0.793,-0.1943,0.4966,1.0,1.0,0.5,-0.794,1.187,0.5156,1.0,0.0,0.0,0.0,0.0,0.247,-0.2771243999999999,,,
0.448,0.8716,1.842,2.758,-0.05978,0.5713,0.5527,1.0,1.0,-1.11,-1.25,0.8696,0.0,-0.1688,0.9775,0.931,0.6816,1.414,0.6963,-0.0472299999999999,1.506,0.594,-0.506,0.0792,0.842,0.6636,0.0,0.0,0.722,0.0,1.455,0.8813,-0.259,-0.0894,0.0,0.5,0.5,-0.7183,1.015,0.4424,0.0,1.0,0.0,0.0,0.0,-0.04367,0.1798023999999999,,,
0.5933,-0.0952,1.558,2.814,-0.9507,0.5713,0.5527,0.0,1.0,-0.9746,-1.134,0.779,0.0,-0.1683,0.5083,1.036,0.791,0.315,0.7236,-1.5799,1.508,-0.04733,0.594,-0.506,0.839,0.67,0.0,0.0,0.7266,0.0,1.345,0.6836,-0.1663,-4.74,0.0,0.0,0.5,0.0667,0.356,0.05948,0.0,2.0,0.0,0.0,0.0,-2.316,-1.1114955999999996,,,
0.6895,-0.791,1.35,2.855,18.77,0.5713,0.5527,0.0,1.0,-0.8667,-1.039,0.713,0.0,-0.1678,1.032,1.155,0.9307,-0.4944,0.748,-1.1969,1.478,-1.58,-0.04733,0.594,0.8145,0.6763,0.0,0.0,0.73,0.0,1.265,0.4836,-0.05835,-4.156,-1.0,-0.5,0.5,0.5503,-0.2076,-0.218,0.0,3.0,0.0,0.0,0.0,-2.137,0.195196,,,
0.663,-0.814,1.34,2.861,0.168,0.4285,0.5527,0.0,1.0,-0.864,-1.031,0.716,0.0,-0.1674,1.05,1.229,1.053,-0.5796,0.7607,0.05192,1.474,-1.196,-1.58,-0.04733,0.7935,0.6826,0.0,0.0,0.731,0.0,1.268,0.1985,0.1466,0.1398,0.0,0.0,0.5,0.5034,-0.1584,-0.2104,1.0,0.0,0.0,0.0,0.0,0.0747,0.7183611999999999,,,
0.6816,-0.7397,1.364,2.873,0.02519,0.2856,0.5527,0.0,1.0,-0.8745,-1.046,0.7305,0.0,-0.167,0.8374,1.221,1.133,-0.4475,0.7603,0.2761,1.452,0.0518,-1.196,-1.58,0.774,0.69,0.0,0.0,0.734,0.0,1.284,0.2361,0.1276,1.254,0.0,0.0,0.5,0.3066,-0.0901,-0.1642,2.0,0.0,0.0,0.0,0.0,0.669,2.0950428000000003,,,
0.571,0.3748,1.735,2.898,-1.676,0.2856,0.5527,1.0,1.0,-1.056,-1.214,0.868,0.0,-0.1665,1.517,1.242,1.201,0.654,0.773,2.5821,1.443,0.276,0.0518,-1.196,0.778,0.7017,0.0,0.0,0.7466,0.0,1.449,0.3962,0.08636,9.48,1.0,0.0,0.5,-0.651,0.934,0.3533,3.0,0.0,1.0,0.0,9.375,5.01,-0.894072,,,
0.6797,-0.3086,1.485,2.865,-1.468,0.1428,0.5527,0.0,1.0,-0.934,-1.106,0.787,0.0,-0.166,1.914,1.264,1.243,-0.0982,0.7773,-1.4079,1.34,2.58,0.276,0.0518,0.766,0.7114,0.0,0.0,0.756,0.0,1.351,-0.2373,0.4954,-5.04,1.0,0.0,0.0,0.03035,0.3213,-0.01536,0.0,1.0,0.0,0.0,0.0,-2.465,0.6303171999999999,,,
0.6743,0.4312,1.723,2.873,-3.346,0.1428,0.5527,1.0,1.0,-1.042,-1.217,0.878,0.0,-0.1656,1.719,1.274,1.261,0.652,0.7827,1.6541,1.164,-1.407,2.58,0.276,0.767,0.726,0.0,0.0,0.7725,0.0,1.46,0.1926,0.237,6.344,2.0,0.0,0.5,-0.5083,1.004,0.3525,1.0,0.0,0.0,0.0,0.0,3.248,-0.222376,,,
0.7954,0.07904,1.598,2.865,-0.601,0.1428,0.5527,1.0,1.0,-0.9766,-1.17,0.841,0.0,-0.1652,1.296,1.259,1.244,0.273,0.7886,-0.6449,0.8276,1.654,-1.407,2.58,0.776,0.738,0.0,0.0,0.7876,0.0,1.414,0.035,0.3296,-3.764,1.0,0.0,0.0,-0.221,0.6187,0.15,0.0,1.0,0.0,0.0,0.0,-1.831,1.997376,,,
0.7607,1.412,2.03,2.879,9.016,0.1428,0.5527,1.0,1.0,-1.161,-1.354,0.887,1.0,-0.171,1.569,1.314,1.254,1.388,0.715,2.7441000000000004,0.8896,-0.6445,1.654,-1.407,0.817,0.7515,0.0,0.0,0.806,0.0,1.608,0.2291,0.2773,9.62,1.0,0.0,0.0,-1.095,1.718,0.9575,1.0,0.0,1.0,0.0,9.375,7.785,0.249268,,,
0.7856,1.26,1.985,2.9,0.02463,0.1428,0.5527,1.0,1.0,-1.142,-1.338,0.8804,0.0,-0.1705,0.4265,1.35,1.257,1.217,0.7256,-0.1178,0.867,2.744,-0.6445,1.654,0.8564,0.764,0.0,0.0,0.824,0.0,1.599,0.283,0.2351,-0.4607,0.0,0.0,0.0,-0.912,1.528,0.829,0.0,1.0,0.0,0.0,0.0,-0.2101,1.3753640000000005,,,
0.813,2.008,2.254,2.953,0.7295,0.1428,0.5527,1.0,1.0,-1.24,-1.443,0.887,1.0,-0.171,1.294,1.368,1.284,1.958,0.6597,1.7161,1.145,-0.11786,2.744,-0.6445,0.909,0.778,0.0,0.0,0.8433,0.0,1.726,0.4937,0.141,7.008,1.0,0.5,0.0,-1.343,2.059,1.099,1.0,0.0,0.0,0.0,0.0,3.207,-0.307784,,,
0.9243,1.56,2.13,3.006,-0.0964,0.1428,0.5527,1.0,1.0,-1.187,-1.407,0.856,0.0,-0.1705,0.6914,1.36,1.335,1.518,0.674,-0.5336,1.342,1.716,-0.11786,2.744,0.9375,0.792,0.0,0.0,0.855,0.0,1.683,0.4763,0.1349,-2.225,0.0,0.5,0.0,-0.982,1.69,0.772,0.0,1.0,0.0,0.0,0.0,-0.966,-0.455844,,,
0.9033,1.571,2.156,3.05,0.1414,0.1428,0.5527,1.0,1.0,-1.197,-1.415,0.8726,0.0,-0.1702,0.1583,1.336,1.394,1.538,0.6865,0.2857,1.505,-0.533,1.716,-0.11786,0.9795,0.805,0.0,0.0,0.87,0.0,1.704,0.447,0.1654,1.281,1.0,0.5,0.0,-0.945,1.663,0.7163,1.0,0.0,0.0,0.0,0.0,0.566,-0.4630964000000002,,,
0.903,1.346,2.1,3.094,-0.01238,0.1428,0.5527,1.0,1.0,-1.177,-1.394,0.863,0.0,-0.1697,0.577,1.309,1.443,1.327,0.698,-0.1697,1.615,0.2854,-0.533,1.716,1.008,0.819,0.0,0.0,0.884,0.0,1.689,0.4211,0.1781,-0.632,0.0,0.0,0.0,-0.816,1.395,0.5806,0.0,1.0,0.0,0.0,0.0,-0.2766,0.7217399999999998,,,
0.913,1.592,2.229,3.186,0.3176,0.2856,0.5527,1.0,1.0,-1.224,-1.443,0.887,1.0,-0.171,1.554,1.373,1.498,1.63,0.691,0.8966,1.8125,-0.1698,0.2854,-0.533,1.049,0.836,0.0,0.0,0.896,0.0,1.758,0.833,-0.08514,4.297,1.0,0.0,0.5,-1.041,1.591,0.6816,1.0,0.0,0.0,0.0,0.0,1.892,-1.4076920000000002,,,
1.193,0.2164,1.803,3.252,-0.745,0.4285,0.5527,1.0,1.0,-1.035,-1.295,0.757,0.0,-0.1705,1.858,1.505,1.553,0.2693,0.707,-2.2419,1.827,0.896,-0.1698,0.2854,1.046,0.849,0.0,0.0,0.9023,0.0,1.579,0.553,0.0361,-9.16,0.0,0.0,0.5,0.0995,0.699,0.1427,0.0,1.0,0.0,0.0,0.0,-3.922,0.3632920000000001,,,
1.176,0.1886,1.825,3.322,0.03372,0.5713,0.5527,1.0,1.0,-1.046,-1.304,0.772,0.0,-0.1702,0.8115,1.64,1.592,0.281,0.7207,0.2828,1.847,-2.24,0.896,-0.1698,1.047,0.8643,0.0,0.0,0.9087,0.0,1.599,0.577,0.02809,1.064,1.0,0.0,0.5,0.02432,0.772,0.1775,1.0,0.0,0.0,0.0,0.0,0.4902,0.3877799999999999,,,
1.393,-0.5903,1.578,3.361,-2.951,0.5713,0.5527,0.0,1.0,-0.9204,-1.21,0.6978,0.0,-0.1697,1.793,1.75,1.626,-0.5537,0.7393,-1.3569,1.824,0.2827,-2.24,0.896,1.0205,0.8774,0.0,0.0,0.913,0.0,1.497,0.3147,0.1708,-6.016,0.0,0.0,0.0,0.5903,0.1273,-0.1254,0.0,1.0,0.0,0.0,0.0,-2.746,1.251956,,,
1.206,0.192,1.849,3.389,-1.509,0.5713,0.5527,1.0,1.0,-1.053,-1.315,0.7944,0.0,-0.1692,1.48,1.828,1.638,0.2322,0.748,1.8491,1.851,-1.356,0.2827,-2.24,1.015,0.8906,0.0,0.0,0.9204,0.0,1.628,0.263,0.2659,7.562,1.0,0.0,0.0,-0.1292,0.8745,0.2247,1.0,0.0,0.0,0.0,0.0,3.605,0.417944,,,
1.109,0.401,1.949,3.457,0.9497,0.7144,0.5527,1.0,1.0,-1.102,-1.35,0.8364,0.0,-0.1688,1.078,1.855,1.644,0.5034,0.7593,0.7574,1.904,1.848,-1.356,0.2827,1.014,0.9053,0.0,0.0,0.9307,0.0,1.685,0.576,0.06757,2.46,1.0,0.5,0.5,-0.4026,1.0625,0.3428,2.0,0.0,0.0,0.0,0.0,1.109,0.4114039999999999,,,
1.005,0.637,2.049,3.51,0.6577,0.7144,0.5527,1.0,1.0,-1.149,-1.382,0.879,0.0,-0.1683,0.8496,1.853,1.69,0.7275,0.7754,0.7541,1.912,0.757,1.848,-1.356,1.0205,0.919,0.0,0.0,0.948,0.0,1.742,0.5034,0.145,3.07,2.0,0.5,0.5,-0.6055,1.27,0.4458,3.0,0.0,0.0,0.0,0.0,1.352,-0.1442959999999999,,,
0.886,0.9624,2.201,3.6,0.6167,0.7144,0.5527,1.0,1.0,-1.216,-1.431,0.887,1.0,-0.171,0.1236,1.854,1.79,1.022,0.752,1.0431,1.861,0.754,0.757,1.848,1.028,0.931,0.0,0.0,0.972,0.0,1.824,0.7334,0.01729,3.676,2.0,1.0,1.0,-0.9673,1.469,0.61,4.0,0.0,0.0,0.0,0.0,1.58,-0.4789279999999999,,,
0.752,0.5303,2.055,3.62,-0.3093,0.7144,0.5527,1.0,1.0,-1.171,-1.362,0.848,0.0,-0.1705,0.4124,1.91,1.885,0.553,0.7646,-0.6732,1.678,1.042,0.754,0.757,1.052,0.9434,0.0,0.0,0.9937,0.0,1.769,0.2908,0.309,-1.973,2.0,0.5,0.5,-0.562,1.116,0.42,0.0,1.0,0.0,0.0,0.0,-0.8213,1.23520976,,,
0.7207,1.292,2.314,3.678,1.465,0.7144,0.5527,1.0,1.0,-1.2705,-1.443,0.887,1.0,-0.171,1.419,1.934,1.946,1.351,0.7183,1.8151,1.611,-0.673,1.042,0.754,1.089,0.959,0.0,0.0,1.0205,0.0,1.913,0.5464,0.1907,5.875,2.0,1.0,1.0,-1.127,1.684,0.7935,1.0,0.0,0.0,0.0,0.0,2.5,0.6399999999999999,,,
0.6123,1.955,2.314,3.736,0.6494,0.7144,0.5527,1.0,1.0,-1.2705,-1.443,0.887,1.0,-0.171,0.9985,1.995,2.023,1.957,0.6597,1.5621,1.904,1.814,-0.673,1.042,1.154,0.9756,0.0,0.0,1.046,0.0,2.045,0.5522,0.2445,9.24,2.0,1.0,1.0,-1.454,2.111,0.9697,2.0,0.0,0.0,0.0,0.0,3.72,0.4490800000000001,,,
0.6294,2.03,2.314,3.816,0.1729,0.7144,0.5527,1.0,1.0,-1.2705,-1.443,0.887,1.0,-0.171,1.07,2.111,2.111,1.979,0.6577,0.5181,2.031,1.561,1.814,-0.673,1.209,0.994,0.0,0.0,1.077,0.0,2.088,0.721,0.1442,3.273,2.0,1.5,1.5,-1.454,2.111,0.9385,3.0,0.0,0.0,0.0,0.0,1.257,1.1945480000000004,,,
0.6455,2.156,2.314,3.941,0.5815,0.7144,0.5527,1.0,1.0,-1.2705,-1.443,0.887,1.0,-0.171,1.858,2.266,2.205,2.002,0.577,2.1521000000000003,2.533,0.5176,1.561,1.814,1.279,1.018,0.0,0.0,1.112,0.0,2.281,0.903,0.1,9.62,2.0,1.5,1.5,-1.454,2.111,1.107,4.0,0.0,0.0,0.0,0.0,3.824,-1.001512,,,
0.8735,1.668,2.314,4.023,-0.3115,0.7144,0.5527,1.0,1.0,-1.2705,-1.443,0.783,0.0,-0.1705,1.388,2.43,2.293,1.622,0.598,-1.7839,2.541,2.15,0.5176,1.561,1.323,1.038,0.0,0.0,1.143,0.0,2.11,0.5547,0.2727,-9.51,2.0,1.5,1.5,-1.006,1.941,0.6445,0.0,1.0,0.0,0.0,0.0,-3.799,-0.57586,,,
0.9307,1.118,2.314,4.066,-0.2025,0.7144,0.5527,1.0,1.0,-1.2705,-1.443,0.741,0.0,-0.1702,1.218,2.598,2.42,1.02,0.6167,-0.7629,2.6,-1.784,2.15,0.5176,1.35,1.055,0.0,0.0,1.161,0.0,2.04,0.3462,0.391,-4.016,1.0,1.0,1.0,-0.634,1.441,0.4302,0.0,2.0,0.0,0.0,0.0,-1.506,0.5114932,,,
0.8296,1.423,2.314,4.188,0.405,0.7144,0.5527,1.0,1.0,-1.2705,-1.443,0.7993,0.0,-0.1697,1.031,2.807,2.562,1.317,0.6416,1.0801,2.707,-0.763,-1.784,2.15,1.394,1.075,0.0,0.0,1.184,0.0,2.133,0.8105,0.102,7.426,1.0,1.0,1.5,-0.8896,1.759,0.556,1.0,0.0,0.0,0.0,0.0,2.852,0.3584279999999999,,,
0.8125,1.818,2.314,4.332,0.4143,0.7144,0.5527,1.0,1.0,-1.2705,-1.443,0.8726,0.0,-0.1692,0.2023,3.115,2.771,1.616,0.6787,1.3201,2.984,1.079,-0.763,-1.784,1.434,1.101,0.0,0.0,1.207,0.0,2.252,0.8975,0.0933,9.62,1.0,1.0,1.5,-1.227,2.086,0.6865,2.0,0.0,1.0,0.0,8.484,4.324,1.6006307999999998,,,
0.7773,2.156,2.314,4.58,0.704,0.857,0.5527,1.0,1.0,-1.2705,-1.443,0.887,1.0,-0.171,2.82,3.586,3.072,2.002,0.6025,2.7441000000000004,3.562,1.32,1.079,-0.763,1.49,1.137,0.0,0.0,1.242,0.0,2.514,1.287,-0.0683,9.62,1.0,1.0,2.0,-1.454,2.111,0.946,3.0,0.0,0.0,0.0,0.0,7.785,0.1265116,,,
0.982,1.474,2.314,4.734,-0.3652,0.857,0.5527,1.0,1.0,-1.2705,-1.443,0.782,0.0,-0.1705,1.637,4.047,3.4,1.212,0.6357,-1.8039,3.752,2.744,1.32,1.079,1.52,1.167,0.0,0.0,1.269,0.0,2.326,0.8286,0.1764,-9.51,1.0,1.0,1.5,-0.9805,2.07,0.549,0.0,1.0,0.0,0.0,0.0,-4.086,0.1634671999999999,,,
1.011,1.287,2.314,4.883,0.00518,0.857,0.5527,1.0,1.0,-1.2705,-1.443,0.7925,0.0,-0.1702,1.128,4.41,3.693,1.086,0.6577,0.1885,3.889,-1.804,2.744,1.32,1.527,1.198,0.0,0.0,1.297,0.0,2.342,0.799,0.2056,1.05,2.0,1.0,1.5,-0.9233,1.953,0.505,1.0,0.0,0.0,0.0,0.0,0.3652,-0.0447239999999999,,,
0.9634,1.223,2.314,5.023,0.08325,0.857,0.5527,1.0,1.0,-1.2705,-1.443,0.8145,0.0,-0.1697,0.2246,4.695,3.963,1.075,0.6787,0.3941,4.05,0.1884,-1.804,2.744,1.561,1.225,0.0,0.0,1.324,0.0,2.38,0.7837,0.2338,1.757,2.0,1.0,1.5,-0.952,1.915,0.4932,2.0,0.0,0.0,0.0,0.0,0.6074,-0.027756,,,
0.96,1.204,2.314,5.152,0.1176,0.857,0.5527,1.0,1.0,-1.2705,-1.443,0.839,0.0,-0.1692,0.506,4.92,4.2,1.116,0.6978,0.4421,4.035,0.394,0.1884,-1.804,1.607,1.256,0.0,0.0,1.359,0.0,2.424,0.752,0.2756,2.254,2.0,1.0,1.5,-0.9814,1.913,0.4958,3.0,0.0,0.0,0.0,0.0,0.7705,-0.9140359999999996,,,
1.282,-0.0066,2.314,5.246,-0.873,0.857,0.5527,1.0,1.0,-1.2705,-1.443,0.7285,0.0,-0.1688,2.107,5.016,4.38,-0.01595,0.71,-1.9499,3.82,0.4417,0.394,0.1884,1.619,1.278,0.0,0.0,1.387,0.0,2.225,0.5034,0.3662,-9.51,1.0,0.5,1.5,-0.03952,1.053,0.1643,0.0,1.0,0.0,0.0,0.0,-3.285,0.6030652000000001,,,
1.243,0.255,2.314,5.32,3.871,0.857,0.5527,1.0,1.0,-1.2705,-1.443,0.7734,0.0,-0.1683,1.509,4.97,4.51,0.2908,0.721,0.8468,3.414,-1.949,0.4417,0.394,1.627,1.304,0.0,0.0,1.421,0.0,2.305,0.4417,0.4456,5.16,2.0,1.0,1.5,-0.3381,1.273,0.26,1.0,0.0,0.0,0.0,0.0,1.853,0.6783199999999999,,,
1.125,0.6553,2.314,5.387,1.406,0.857,0.5527,1.0,1.0,-1.2705,-1.443,0.8335,0.0,-0.1678,-0.1755,4.848,4.598,0.6763,0.738,1.0971,3.174,0.8467,-1.949,0.4417,1.615,1.327,0.0,0.0,1.455,0.0,2.41,0.4163,0.5107,5.484,2.0,1.5,1.5,-0.641,1.612,0.4065,2.0,0.0,1.0,0.0,9.375,1.918,0.142544,,,
1.006,0.666,2.314,5.445,0.1494,0.857,0.5527,1.0,1.0,-1.2705,-1.443,0.85,0.0,-0.1674,-0.3623,4.664,4.625,0.706,0.7505,0.2953,2.938,1.096,0.8467,-1.949,1.63,1.352,0.0,0.0,1.487,0.0,2.44,0.3997,0.5356,1.104,2.0,1.5,1.5,-0.7227,1.51,0.4233,3.0,0.0,0.0,0.0,0.0,0.373,-0.4782399999999999,,,
0.9434,0.264,2.314,5.434,-0.4414,0.857,0.5527,1.0,1.0,-1.2705,-1.443,0.8096,0.0,-0.167,0.2285,4.387,4.594,0.2896,0.7563,-0.7119,2.633,0.295,1.096,0.8467,1.633,1.371,0.0,0.0,1.514,0.0,2.365,0.05295,0.7515,-2.373,1.0,1.0,1.0,-0.3855,1.068,0.2487,0.0,1.0,0.0,0.0,0.0,-0.7944,1.3881159999999997,,,
0.7935,0.996,2.314,5.52,2.398,0.857,0.5527,1.0,1.0,-1.2705,-1.443,0.887,1.0,-0.171,0.2546,4.047,4.54,1.063,0.7476,1.8131,2.518,-0.7114,0.295,1.096,1.653,1.3955,0.0,0.0,1.545,0.0,2.545,0.5605,0.4685,7.97,2.0,1.0,1.5,-0.9263,1.695,0.582,1.0,0.0,0.0,0.0,0.0,2.73,0.323928,,,
0.9155,0.258,2.314,5.59,-0.5986,0.857,0.5527,1.0,1.0,-1.2705,-1.443,0.8213,0.0,-0.1705,1.334,3.617,4.445,0.345,0.7617,-1.1319,2.07,1.8125,-0.7114,0.295,1.654,1.417,0.0,0.0,1.573,0.0,2.426,0.4702,0.4805,-4.81,1.0,1.0,1.5,-0.3477,1.144,0.2996,0.0,1.0,0.0,0.0,0.0,-1.56,0.0842863999999999,,,
0.892,0.1578,2.314,5.633,-0.1821,0.857,0.5527,1.0,1.0,-1.2705,-1.443,0.8223,0.0,-0.1702,0.5405,3.154,4.305,0.194,0.78,0.02183,1.77,-1.132,1.8125,-0.7114,1.679,1.438,0.0,0.0,1.596,0.0,2.426,0.3672,0.555,0.10345,1.0,1.0,1.5,-0.3381,1.005,0.2795,1.0,0.0,0.0,0.0,0.0,0.03476,-0.5983531999999998,,,
0.984,-0.2883,2.314,5.62,-1.86,0.7144,0.5527,0.0,1.0,-1.2705,-1.443,0.776,0.0,-0.1697,1.597,2.715,4.117,-0.275,0.7866,-0.8249,1.575,0.02171,-1.131,1.8125,1.684,1.456,0.0,0.0,1.609,0.0,2.342,0.06683,0.7324,-5.2,0.0,0.5,1.0,-0.02838,0.507,-0.0055,0.0,1.0,0.0,0.0,0.0,-1.746,1.4569799999999995,,,
0.7905,0.64,2.314,5.582,-4.66,0.7144,0.5527,1.0,1.0,-1.2705,-1.443,0.883,0.0,-0.1692,2.225,2.389,3.883,0.648,0.7876,1.9501,1.526,-0.8247,0.02171,-1.131,1.699,1.483,0.0,0.0,1.629,0.0,2.533,-0.03964,0.8936,8.23,1.0,0.5,1.0,-0.7266,1.2,0.553,1.0,0.0,0.0,0.0,0.0,2.834,0.2006772,,,
0.711,0.7773,2.314,5.613,0.3367,0.7144,0.5527,1.0,1.0,-1.2705,-1.443,0.887,1.0,-0.171,0.8354,2.162,3.62,0.8135,0.774,0.4623,1.665,1.949,-0.8247,0.02171,1.717,1.512,0.0,0.0,1.642,0.0,2.58,0.3884,0.6094,2.27,1.0,1.0,1.5,-0.7886,1.281,0.612,2.0,0.0,0.0,0.0,0.0,0.7373,0.1845911999999999,,,
0.7397,0.2825,2.314,5.61,-0.4827,0.7144,0.5527,1.0,1.0,-1.2705,-1.443,0.838,0.0,-0.1705,0.1436,1.963,3.32,0.315,0.7812,-0.8489,1.522,0.462,1.949,-0.8247,1.731,1.54,0.0,0.0,1.659,0.0,2.488,0.1777,0.7197,-4.74,1.0,0.5,1.0,-0.3308,0.8696,0.297,0.0,1.0,0.0,0.0,0.0,-1.518,-1.0936879999999998,,,
0.9893,-0.4866,2.285,5.56,-2.125,0.5713,0.5527,0.0,1.0,-1.237,-1.443,0.749,0.0,-0.1702,1.853,1.774,2.957,-0.4727,0.782,-1.5629,1.149,-0.8486,0.462,1.949,1.707,1.561,0.0,0.0,1.672,0.0,2.326,-0.1556,0.8867,-9.51,0.0,0.0,0.5,0.4353,0.2322,-0.3245,0.0,2.0,0.0,0.0,0.0,-3.508,0.2857344,,,
1.184,-1.061,2.008,5.457,1.647,0.4285,0.5527,0.0,1.0,-1.118,-1.38,0.6763,0.0,-0.1697,1.63,1.543,2.523,-1.012,0.7705,-1.3539,1.019,-1.5625,-0.8486,0.462,1.681,1.576,0.0,0.0,1.675,0.0,2.19,-0.4092,1.009,-9.51,0.0,-0.5,0.0,0.9844,-0.373,-0.936,0.0,3.0,0.0,0.0,0.0,-4.36,0.6467919999999999,,,
1.185,-0.6807,2.127,5.434,-0.2817,0.2856,0.5527,0.0,1.0,-1.164,-1.427,0.721,0.0,-0.1692,2.906,1.284,2.107,-0.5884,0.7676,0.8761,0.977,-1.353,-1.5625,-0.8486,1.663,1.592,0.0,0.0,1.677,0.0,2.271,0.004097,0.75,4.934,0.0,0.0,0.5,0.567,0.04428,-0.601,1.0,0.0,0.0,0.0,0.0,1.782,1.772896,,,
1.039,0.58,2.314,5.46,-2.115,0.2856,0.5527,1.0,1.0,-1.2705,-1.443,0.874,0.0,-0.1688,1.531,1.034,1.801,0.6636,0.778,2.7441000000000004,1.036,0.8755,-1.353,-1.5625,1.689,1.613,0.0,0.0,1.68,0.0,2.55,0.2646,0.687,9.62,0.0,0.0,0.5,-0.468,1.229,0.599,2.0,0.0,0.0,0.0,0.0,4.67,-0.4324559999999999,,,
1.111,0.2325,2.314,5.44,-0.4282,0.2856,0.5527,1.0,1.0,-1.2705,-1.443,0.8384,0.0,-0.1683,0.624,0.826,1.56,0.3113,0.782,-0.6205,1.044,2.744,0.8755,-1.353,1.685,1.635,0.0,0.0,1.6875,0.0,2.484,0.0313,0.8247,-2.72,0.0,0.0,0.0,-0.11975,0.9165,0.2783,0.0,1.0,0.0,0.0,0.0,-0.8774,0.2210099999999999,,,
1.158,0.8384,2.314,5.45,2.197,0.2856,0.5527,1.0,1.0,-1.2705,-1.443,0.887,1.0,-0.171,1.573,0.6416,1.343,0.9453,0.76,1.3611,1.194,-0.62,2.744,0.8755,1.69,1.655,0.0,0.0,1.699,0.0,2.623,0.1692,0.7886,5.293,1.0,0.0,0.0,-0.5513,1.391,0.736,1.0,0.0,0.0,0.0,0.0,1.741,1.2960619999999998,,,
1.128,1.783,2.314,5.543,1.231,0.2856,0.5527,1.0,1.0,-1.2705,-1.443,0.887,1.0,-0.171,1.871,0.4512,1.171,1.9795,0.6577,2.2031,1.733,1.36,-0.62,2.744,1.735,1.679,0.0,0.0,1.721,0.0,2.861,0.516,0.6455,8.33,2.0,0.5,0.5,-1.223,2.074,1.113,2.0,0.0,0.0,0.0,0.0,2.627,-0.4983719999999997,,,
1.252,1.305,2.314,5.562,-0.1407,0.2856,0.5527,1.0,1.0,-1.2705,-1.443,0.846,0.0,-0.1705,1.599,0.3384,1.041,1.5,0.6665,-0.7059,2.0,2.201,1.36,-0.62,1.789,1.699,0.0,0.0,1.736,0.0,2.78,0.2202,0.821,-2.934,1.0,0.0,0.0,-0.8164,1.631,0.773,0.0,1.0,0.0,0.0,0.0,-0.8657,0.7234199999999998,,,
1.185,1.835,2.314,5.66,0.5415,0.2856,0.5527,1.0,1.0,-1.2705,-1.443,0.887,1.0,-0.171,1.199,0.3933,0.9497,2.002,0.648,1.3661,2.31,-0.7056,2.201,1.36,1.877,1.719,0.0,0.0,1.767,0.0,2.932,0.5522,0.652,6.266,1.0,0.0,0.5,-1.127,2.045,0.96,1.0,0.0,0.0,0.0,0.0,1.892,-0.0308079999999999,,,
1.151,1.904,2.314,5.77,0.172,0.2856,0.5527,1.0,1.0,-1.2705,-1.443,0.887,1.0,-0.171,0.4194,0.5825,0.8833,2.002,0.6323,0.5241,2.674,1.365,-0.7056,2.201,1.962,1.744,0.0,0.0,1.796,0.0,2.992,0.6025,0.643,1.682,2.0,0.5,0.5,-1.173,2.05,0.8965,2.0,0.0,0.0,0.0,0.0,0.4866,-1.5699719999999997,,,
1.366,0.698,2.314,5.844,-0.5156,0.4285,0.5527,1.0,1.0,-1.2705,-1.443,0.776,0.0,-0.1705,1.608,0.8604,0.8994,1.024,0.648,-1.9149,2.736,0.524,1.365,-0.7056,1.987,1.766,0.0,0.0,1.812,0.0,2.764,0.3894,0.6943,-8.1,1.0,0.5,0.5,-0.253,1.183,0.3594,0.0,1.0,0.0,0.0,0.0,-2.309,-0.8454999999999998,,,
1.473,-0.1654,2.314,5.816,-1.051,0.2856,0.5527,0.0,1.0,-1.218,-1.443,0.6855,0.0,-0.1702,1.478,1.082,0.934,0.1075,0.655,-1.6454,2.715,-1.914,0.524,1.365,1.999,1.779,0.0,0.0,1.818,0.0,2.576,-0.0295,0.9116,-7.91,0.0,0.5,0.0,0.5674,0.521,-0.043,0.0,2.0,0.0,0.0,0.0,-2.396,-0.7782584000000001,,,
1.797,-0.7393,2.08,5.742,7.42,0.1428,0.5527,0.0,1.0,-1.098,-1.443,0.62,0.0,-0.1697,2.906,1.202,0.912,-0.4675,0.6504,-1.2599,2.662,-1.645,-1.914,0.524,1.979,1.785,0.0,0.0,1.822,0.0,2.441,-0.2273,0.9937,-7.125,0.0,0.0,-0.5,1.142,0.02141,-0.339,0.0,3.0,0.0,0.0,0.0,-2.275,0.6126479999999999,,,
1.906,-0.541,2.125,5.703,-0.1886,0.0,0.5527,0.0,1.0,-1.105,-1.443,0.6416,0.0,-0.1692,2.512,1.278,0.8833,-0.248,0.6484,0.4301,2.668,-1.259,-1.645,-1.914,1.936,1.785,0.0,0.0,1.82,0.0,2.484,-0.0837,0.9106,2.887,0.0,0.0,0.0,0.8574,0.1802,-0.2406,1.0,0.0,0.0,0.0,0.0,0.9595,-0.0181679999999999,,,
2.207,-1.345,1.8,5.664,2.002,0.0,0.5527,0.0,1.0,-0.952,-1.377,0.556,0.0,-0.1688,2.906,1.319,0.867,-1.068,0.6494,-1.6969,2.73,0.4297,-1.259,-1.645,1.881,1.786,0.0,0.0,1.816,0.0,2.307,-0.0993,0.844,-8.56,-1.0,0.0,0.0,1.618,-0.4941,-0.5967,0.0,1.0,0.0,0.0,0.0,-2.809,1.3073708,,,
2.16,-0.05975,2.295,5.742,-0.9536,0.1428,0.5527,1.0,1.0,-1.146,-1.443,0.708,0.0,-0.1683,2.906,1.362,0.943,0.1888,0.6685,2.7441000000000004,2.709,-1.696,0.4297,-1.259,1.845,1.794,0.0,0.0,1.825,0.0,2.617,0.3447,0.665,9.62,0.0,0.0,0.5,0.3423,0.9404,0.0363,1.0,0.0,0.0,0.0,0.0,7.785,1.6602719999999995,,,
2.094,0.7134,2.314,5.855,18.77,0.2856,0.5527,1.0,1.0,-1.259,-1.443,0.812,0.0,-0.1678,2.906,1.512,1.127,0.872,0.6973,1.9771,2.738,2.744,-1.696,0.4297,1.827,1.808,0.0,0.0,1.847,0.0,2.828,0.4429,0.689,9.62,1.0,0.0,0.5,-0.4165,1.582,0.4277,2.0,0.0,0.0,0.0,0.0,5.543,0.2532519999999999,,,
1.96,0.9775,2.314,5.914,0.4885,0.2856,0.5527,1.0,1.0,-1.2705,-1.443,0.855,0.0,-0.1674,1.344,1.725,1.332,1.098,0.7144,0.7676999999999999,2.92,1.976,2.744,-1.696,1.846,1.822,0.0,0.0,1.863,0.0,2.916,0.296,0.833,4.637,2.0,0.5,0.5,-0.6,1.758,0.5337,3.0,0.0,0.0,0.0,0.0,1.376,1.548944,,,
1.815,1.994,2.314,6.062,1.16,0.2856,0.5527,1.0,1.0,-1.2705,-1.443,0.887,1.0,-0.171,1.509,1.968,1.575,2.002,0.6396,2.4551000000000003,3.46,0.767,1.976,2.744,1.921,1.851,0.0,0.0,1.891,0.0,3.203,0.5864,0.7524,9.62,2.0,0.5,1.0,-1.302,2.111,0.886,4.0,0.0,0.0,0.0,0.0,3.863,-1.539684,,,
2.344,0.1608,2.314,6.066,-0.8105,0.2856,0.5527,1.0,1.0,-1.185,-1.443,0.7007,0.0,-0.1705,2.906,2.168,1.816,0.2742,0.6523,-2.4299,3.465,2.453,0.767,1.976,1.964,1.866,0.0,0.0,1.904,0.0,2.797,0.0631,0.9478,-9.51,2.0,0.0,0.5,0.2489,1.194,0.1628,0.0,1.0,0.0,0.0,0.0,-6.574,0.6622239999999998,,,
2.402,0.3542,2.314,6.016,0.9873,0.2856,0.5527,1.0,1.0,-1.191,-1.443,0.721,0.0,-0.1702,2.906,2.299,2.01,0.4116,0.6577,0.3868,3.348,-2.428,2.453,0.767,2.006,1.879,0.0,0.0,1.927,0.0,2.838,-0.09845,1.082,3.168,2.0,0.5,0.5,0.1268,1.265,0.2015,1.0,0.0,0.0,0.0,0.0,0.9473,-0.0930359999999999,,,
2.545,-0.6797,2.047,5.926,-2.402,0.1428,0.5527,0.0,1.0,-0.996,-1.443,0.6064,0.0,-0.1697,2.906,2.305,2.092,-0.633,0.6543,-2.1579,2.97,0.3865,-2.428,2.453,2.041,1.884,0.0,0.0,1.944,0.0,2.588,-0.2389,1.073,-9.51,1.0,0.5,0.5,1.168,0.386,-0.292,0.0,1.0,0.0,0.0,0.0,-5.36,-1.4093720000000003,,,
2.545,-1.825,1.537,5.71,2.18,0.0,0.5527,0.0,1.0,-0.7285,-1.368,0.468,0.0,-0.1692,2.906,2.182,2.043,-1.787,0.6357,-2.4299,2.92,-2.158,0.3865,-2.428,2.004,1.883,0.0,0.0,1.945,0.0,2.283,-0.5938,1.193,-9.51,0.0,0.5,0.0,2.6,-0.6714,-0.8955,0.0,2.0,0.0,0.0,0.0,-6.73,0.3397496,,,
2.545,-2.307,1.026,5.402,0.8066,-0.1428,0.5527,0.0,1.0,-0.3987,-1.162,0.3274,0.0,-0.1688,2.906,1.984,1.913,-2.123,0.5986,-2.4299,3.596,-2.428,-2.158,0.3865,1.904,1.868,0.0,0.0,1.923,0.0,1.975,-0.8213,1.221,-9.51,-1.0,0.0,-0.5,2.836,-1.942,-1.231,0.0,3.0,0.0,1.0,-7.91,-6.73,2.220564,,,
2.545,-0.2634,1.921,5.31,-0.8667,-0.2856,0.5527,0.0,1.0,-0.8833,-1.443,0.5913,0.0,-0.1683,2.906,1.876,1.758,-0.1321,0.586,2.7441000000000004,3.559,-2.428,-2.428,-2.158,1.862,1.872,0.0,0.0,1.927,0.0,2.549,-0.2198,1.045,9.62,0.0,0.5,0.0,1.247,1.046,-0.2869,1.0,0.0,0.0,0.0,0.0,7.785,0.9111960000000002,,,
2.545,0.3872,2.137,5.305,-3.684,-0.1428,0.5527,1.0,1.0,-0.986,-1.443,0.662,0.0,-0.1678,1.191,1.789,1.588,0.554,0.5874,1.4481,3.557,2.744,-2.428,-2.428,1.806,1.881,0.0,0.0,1.932,0.0,2.701,0.002907,0.9536,9.62,0.0,0.5,0.5,0.645,1.582,-0.0376,2.0,0.0,0.0,0.0,0.0,3.258,-1.664032,,,
2.545,-1.112,1.58,5.25,-3.285,-0.1428,0.5527,0.0,1.0,-0.7114,-1.428,0.5083,0.0,-0.1674,2.906,1.662,1.426,-0.9766,0.589,-2.4299,3.613,1.447,2.744,-2.428,1.756,1.883,0.0,0.0,1.912,0.0,2.365,-0.1274,0.8994,-9.51,0.0,0.0,0.5,2.234,0.4832,-0.553,0.0,1.0,0.0,0.0,0.0,-5.1,0.4562399999999997,,,
2.545,-0.8403,1.646,5.2,-0.1483,-0.1428,0.5527,0.0,1.0,-0.761,-1.4375,0.5347,0.0,-0.167,0.6147,1.502,1.27,-0.7314,0.5903,0.5680999999999999,3.646,-2.428,1.447,2.744,1.709,1.881,0.0,0.0,1.898,0.0,2.422,-0.1191,0.9185,2.38,1.0,0.0,0.5,1.841,0.721,-0.429,1.0,0.0,0.0,0.0,0.0,0.8047,-0.174136,,,
2.545,-1.161,1.52,5.184,0.585,-0.1428,0.5527,0.0,1.0,-0.699,-1.382,0.5044,0.0,-0.1665,1.837,1.33,1.1455,-1.014,0.5884,-0.6439,3.602,0.568,-2.428,1.447,1.683,1.876,0.0,0.0,1.875,0.0,2.354,-0.0494,0.84,-3.44,1.0,-0.5,0.5,1.972,0.3848,-0.4963,0.0,1.0,0.0,0.0,0.0,-1.142,1.0949319999999998,,,
2.545,-0.4817,1.718,5.113,-0.539,-0.2856,0.5527,0.0,1.0,-0.8325,-1.429,0.5703,0.0,-0.166,0.73,1.267,1.042,-0.3857,0.591,1.4241,3.396,-0.6436,0.568,-2.428,1.709,1.877,0.0,0.0,1.855,0.0,2.496,-0.1613,0.9824,7.89,1.0,0.0,0.5,1.245,0.961,-0.2261,1.0,0.0,1.0,0.0,9.375,2.674,0.3405787999999999,,,
2.545,-1.114,1.428,4.94,1.822,-0.4285,0.5527,0.0,1.0,-0.69,-1.301,0.4912,0.0,-0.1656,2.906,1.367,0.9976,-1.042,0.5776,-1.6359,3.422,1.424,-0.6436,0.568,1.75,1.878,0.0,0.0,1.839,0.0,2.322,-0.4253,1.096,-9.33,0.0,-0.5,0.0,2.035,0.3599,-0.4873,0.0,1.0,0.0,0.0,0.0,-3.025,2.13406,,,
2.545,0.557,1.939,4.836,-1.596,-0.4285,0.5527,1.0,1.0,-0.938,-1.443,0.6514,0.0,-0.1652,2.906,1.496,0.9897,0.641,0.5684,2.7441000000000004,3.445,-1.635,1.424,-0.6436,1.766,1.893,0.0,0.0,1.844,0.0,2.67,-0.2362,1.113,9.62,1.0,0.0,0.0,0.54,1.715,0.1033,1.0,0.0,0.0,0.0,0.0,7.688,0.288416,,,
2.545,0.962,1.992,4.66,0.8115,-0.4285,0.5527,1.0,1.0,-0.971,-1.443,0.6753,0.0,-0.1647,0.9,1.555,0.9883,0.957,0.5615,0.4784,3.459,2.744,-1.635,1.424,1.769,1.906,0.0,0.0,1.856,0.0,2.723,-0.4062,1.258,2.816,1.0,0.5,0.0,0.2457,1.648,0.1665,2.0,0.0,0.0,0.0,0.0,0.8677,-0.6068463999999999,,,
2.545,0.697,1.864,4.586,-0.1381,-0.4285,0.5527,1.0,1.0,-0.927,-1.443,0.645,0.0,-0.1643,1.317,1.501,1.008,0.738,0.553,-0.5889,3.455,0.478,2.744,-1.635,1.804,1.91,0.0,0.0,1.865,0.0,2.654,-0.1863,1.072,-2.982,1.0,0.5,0.0,0.5713,1.366,0.0362,0.0,1.0,0.0,0.0,0.0,-0.9053,0.7492583999999998,,,
2.545,0.1719,1.635,4.46,-0.5874,-0.4285,0.5527,1.0,1.0,-0.8257,-1.36,0.5835,0.0,-0.1638,1.785,1.345,1.071,0.2307,0.542,-1.2209,3.332,-0.589,0.478,2.744,1.816,1.912,0.0,0.0,1.875,0.0,2.52,-0.3145,1.1045,-5.27,0.0,0.0,-0.5,1.091,0.794,-0.2185,0.0,2.0,0.0,0.0,0.0,-1.63,0.7304943999999999,,,
2.545,-0.0606,1.524,4.39,-0.8477,-0.2856,0.5527,1.0,1.0,-0.788,-1.295,0.557,0.0,-0.1633,1.519,1.12,1.205,0.05832,0.533,-0.5404,3.352,-1.22,-0.589,0.478,1.83,1.909,0.0,0.0,1.87,0.0,2.46,-0.1792,0.983,-2.729,0.0,-0.5,-0.5,1.204,0.4624,-0.3076,0.0,3.0,0.0,0.0,0.0,-0.8774,0.8307544,,,
2.32,0.3713,1.672,4.434,18.77,-0.1428,0.5527,1.0,1.0,-0.888,-1.33,0.61,0.0,-0.163,0.861,0.897,1.312,0.5522,0.537,1.1001,3.27,-0.5405,-1.22,-0.589,1.84,1.902,0.0,0.0,1.86,0.0,2.574,0.1652,0.7876,6.617,0.0,0.0,0.0,0.625,0.815,-0.08527,1.0,0.0,0.0,0.0,0.0,2.164,0.9845220000000002,,,
1.976,0.783,1.861,4.6,1.1045,0.0,0.5527,1.0,1.0,-0.9966,-1.385,0.677,0.0,-0.1625,-0.2109,0.8086,1.296,0.849,0.5723,1.3501,3.14,1.1,-0.5405,-1.22,1.887,1.901,0.0,0.0,1.854,0.0,2.719,0.588,0.55,7.89,0.0,0.0,0.5,-0.0933,1.089,0.2021,2.0,0.0,1.0,0.0,8.664,2.496,-0.6316059999999999,,,
1.883,-0.2087,1.511,4.55,-1.093,0.0,0.5527,0.0,1.0,-0.8496,-1.218,0.576,0.0,-0.162,2.14,0.8013,1.214,-0.2607,0.584,-1.9419,2.438,1.35,1.1,-0.5405,1.868,1.891,0.0,0.0,1.825,0.0,2.498,-0.1293,0.966,-9.51,0.0,0.0,0.0,0.8228,0.2722,-0.1473,0.0,1.0,0.0,0.0,0.0,-3.82,-0.9033,,,
2.121,-0.9155,1.224,4.41,6.062,-0.1428,0.5527,0.0,1.0,-0.687,-1.09,0.4944,0.0,-0.1616,2.025,0.767,1.064,-0.9873,0.575,-1.6919,2.363,-1.941,1.35,1.1,1.821,1.873,0.0,0.0,1.807,0.0,2.318,-0.475,1.134,-9.51,0.0,-0.5,-0.5,1.485,-0.5103,-0.515,0.0,2.0,0.0,0.0,0.0,-3.736,-1.488652,,,
2.207,-1.825,0.8936,4.31,1.298,-0.1428,0.5527,0.0,1.0,-0.4922,-0.903,0.3972,0.0,-0.1611,1.96,0.7407,0.8706,-1.745,0.552,-2.1169,2.396,-1.691,-1.941,1.35,1.759,1.855,0.0,0.0,1.777,0.0,2.105,-0.3625,0.9604,-9.51,0.0,-0.5,-0.5,2.49,-1.29,-0.9204,0.0,3.0,0.0,0.0,0.0,-6.73,-0.0943439999999999,,,
2.277,-1.639,0.909,4.2,0.01947,-0.1428,0.5527,0.0,1.0,-0.4963,-0.919,0.4072,0.0,-0.1606,2.023,0.8374,0.7124,-1.392,0.5244,0.2362999999999999,2.555,-2.117,-1.691,-1.941,1.714,1.845,0.0,0.0,1.759,0.0,2.123,-0.4072,1.002,3.31,0.0,-0.5,-0.5,2.191,-1.031,-0.7837,1.0,0.0,0.0,0.0,0.0,1.21,-0.0549519999999999,,,
2.225,-1.701,0.8506,4.098,0.176,-0.1428,0.5527,0.0,1.0,-0.4644,-0.877,0.394,0.0,-0.1602,1.49,0.899,0.6113,-1.494,0.521,-0.3049,2.695,0.2361,-2.117,-1.691,1.672,1.836,0.0,0.0,1.753,0.0,2.094,-0.3704,0.963,-1.546,-1.0,-1.0,-0.5,2.133,-1.081,-0.798,0.0,1.0,0.0,0.0,0.0,-0.5605,1.1564199999999998,,,
2.084,-0.8726,1.067,3.998,-0.4133,-0.1428,0.5527,0.0,1.0,-0.6045,-0.9985,0.468,0.0,-0.1598,2.084,0.92,0.677,-0.6685,0.5146,1.7291,2.33,-0.3047,0.2361,-2.117,1.636,1.831,0.0,0.0,1.766,0.0,2.254,-0.3477,1.018,6.617,0.0,-0.5,-0.5,1.231,-0.2155,-0.5376,1.0,0.0,0.0,0.0,0.0,2.422,0.8923519999999998,,,
1.757,-0.2449,1.249,3.982,-0.7144,-0.1428,0.5527,0.0,1.0,-0.7295,-1.073,0.5317,0.0,-0.1593,0.8076,0.965,0.751,0.002062,0.513,1.4151,2.314,1.728,-0.3047,0.2361,1.599,1.834,0.0,0.0,1.76,0.0,2.393,0.00754,0.825,7.965,1.0,0.0,0.0,0.4802,0.299,-0.1925,2.0,0.0,1.0,0.0,9.375,2.768,-0.9201520000000002,,,
1.555,-0.6743,1.061,3.84,2.938,-0.2856,0.5527,0.0,1.0,-0.643,-0.9507,0.478,0.0,-0.1588,0.7715,1.051,0.821,-0.4849,0.507,-1.1399,2.217,1.414,1.728,-0.3047,1.573,1.826,0.0,0.0,1.743,0.0,2.273,-0.5923,1.202,-6.125,1.0,0.0,-0.5,1.002,-0.1396,-0.4346,0.0,1.0,0.0,0.0,0.0,-2.037,-1.140688,,,
1.738,-1.265,0.808,3.64,1.197,-0.4285,0.5527,0.0,1.0,-0.4766,-0.8096,0.4033,0.0,-0.1584,1.562,1.215,0.914,-1.125,0.4924,-1.6499,2.375,-1.14,1.414,1.728,1.55,1.807,0.0,0.0,1.733,0.0,2.11,-0.828,1.299,-6.51,0.0,-0.5,-1.0,1.757,-0.7544,-0.773,0.0,2.0,0.0,0.0,0.0,-2.246,-1.3929592,,,
1.935,-1.87,0.55,3.416,0.6807,-0.5713,0.5527,0.0,1.0,-0.286,-0.645,0.3252,0.0,-0.158,1.887,1.495,1.054,-1.758,0.473,-1.8109,2.727,-1.649,-1.14,1.414,1.532,1.78,0.0,0.0,1.715,0.0,1.938,-0.908,1.281,-9.51,0.0,-1.0,-1.0,2.535,-1.441,-1.01,0.0,3.0,0.0,0.0,0.0,-4.305,-0.0350239999999999,,,
2.06,-1.838,0.4927,3.22,0.11365,-0.7144,0.5527,0.0,1.0,-0.234,-0.6123,0.311,0.0,-0.1575,2.906,1.928,1.271,-1.667,0.4478,-0.3489,3.057,-1.811,-1.649,-1.14,1.508,1.746,0.0,0.0,1.697,0.0,1.906,-0.828,1.21,-2.871,-1.0,-1.0,-1.0,2.514,-1.427,-0.9478,0.0,4.0,0.0,0.0,0.0,-1.107,-1.804116,,,
2.543,-2.307,0.10785,2.973,0.7847,-0.857,0.5527,0.0,1.0,0.12,-0.3271,0.1907,0.0,-0.1571,2.906,2.432,1.518,-2.123,0.426,-2.4299,3.693,-0.3489,-1.811,-1.649,1.455,1.715,0.0,0.0,1.663,0.0,1.643,-0.9785,1.202,-9.51,-2.0,-1.0,-1.0,2.836,-2.066,-1.182,0.0,5.0,0.0,0.0,0.0,-6.73,0.654136,,,
2.441,-1.515,0.4265,2.756,-0.3936,-1.0,0.5527,0.0,1.0,-0.1537,-0.5923,0.2969,0.0,-0.1566,2.906,3.0,1.851,-1.346,0.4001,2.7441000000000004,3.92,-2.428,-0.3489,-1.811,1.412,1.688,0.0,0.0,1.6455,0.0,1.873,-0.8066,1.182,9.62,-1.0,-0.5,-1.0,2.375,-0.958,-0.7393,1.0,0.0,0.0,0.0,0.0,7.785,-0.446728,,,
2.545,-1.536,0.3274,2.48,0.1493,-1.143,0.5527,0.0,1.0,-0.05554,-0.533,0.2686,0.0,-0.1561,2.906,3.4,2.213,-1.441,0.3787,-0.7139,3.984,2.744,-2.428,-0.3489,1.345,1.668,0.0,0.0,1.61,0.0,1.81,-1.0625,1.337,-4.777,-1.0,-1.0,-1.5,2.479,-1.218,-0.7607,0.0,1.0,0.0,0.0,0.0,-1.884,-0.2847,,,
2.545,-1.723,0.1979,2.242,0.2705,-1.143,0.5527,0.0,1.0,0.0571,-0.4265,0.2301,0.0,-0.1558,2.1,3.627,2.572,-1.695,0.3606,-0.9906,3.988,-0.7134,2.744,-2.428,1.281,1.653,0.0,0.0,1.57,0.0,1.726,-0.975,1.237,-3.48,-1.0,-1.0,-1.5,2.742,-1.558,-0.8135,0.0,2.0,0.0,0.0,0.0,-1.403,2.121894,,,
2.336,0.3582,0.7124,2.152,-1.222,-1.0,0.5527,1.0,1.0,-0.3662,-0.7944,0.402,0.0,-0.1553,2.39,3.74,2.89,0.4104,0.3503,2.7441000000000004,3.729,-0.99,-0.7134,2.744,1.281,1.658,0.0,0.0,1.548,0.0,2.1,-0.3064,0.9253,9.62,0.0,-1.0,-1.0,0.7236,0.5522,-0.211,1.0,0.0,0.0,0.0,0.0,7.785,-0.3302559999999997,,,
2.31,0.10144,0.626,2.107,-0.491,-0.857,0.5527,1.0,1.0,-0.3096,-0.7314,0.379,0.0,-0.1548,1.01,3.824,3.164,0.2037,0.345,-0.5414,3.58,2.744,-0.99,-0.7134,1.295,1.6455,0.0,0.0,1.529,0.0,2.047,-0.14,0.784,-3.162,0.0,-1.5,-1.0,0.971,0.3535,-0.2617,0.0,1.0,0.0,0.0,0.0,-1.151,1.154164,,,
2.076,0.871,0.82,2.096,4.633,-0.7144,0.5527,1.0,1.0,-0.4565,-0.8447,0.4478,0.0,-0.1544,0.4712,3.898,3.379,1.012,0.3445,1.6281,3.457,-0.541,2.744,-0.99,1.329,1.632,0.0,0.0,1.52,0.0,2.195,0.0002058,0.75,7.363,0.0,-1.0,-1.0,0.348,1.062,0.01112,1.0,0.0,0.0,0.0,0.0,2.727,1.5020456000000002,,,
1.917,1.832,1.086,2.145,1.212,-0.5713,0.5527,1.0,1.0,-0.6284,-0.995,0.542,0.0,-0.1539,0.0958,3.793,3.498,2.002,0.3523,2.1201000000000003,3.307,1.627,-0.541,2.744,1.419,1.634,0.0,0.0,1.514,0.0,2.4,0.2235,0.6807,9.62,1.0,-0.5,-0.5,-0.4084,1.793,0.3943,2.0,0.0,1.0,0.0,9.375,3.86,0.1383043999999999,,,
1.85,1.774,1.068,2.148,0.1012,-0.4285,0.5527,1.0,1.0,-0.6235,-0.9795,0.543,0.0,-0.1534,1.114,3.562,3.441,1.94,0.3582,0.02146,2.91,2.117,1.627,-0.541,1.482,1.635,0.0,0.0,1.502,0.0,2.4,0.0792,0.7847,0.1007,2.0,0.0,-0.5,-0.375,1.611,0.485,3.0,0.0,0.0,0.0,0.0,0.03326,-0.989452,,,
2.047,1.02,0.8384,2.072,-0.301,-0.2856,0.5527,1.0,1.0,-0.471,-0.8545,0.4731,0.0,-0.1531,1.481,3.2,3.277,1.186,0.354,-1.4739,2.707,0.02136,2.117,1.627,1.534,1.633,0.0,0.0,1.492,0.0,2.248,-0.2297,0.9385,-5.957,1.0,0.0,-1.0,0.3442,0.9634,0.2255,0.0,1.0,0.0,0.0,0.0,-1.967,-0.5146448000000003,,,
1.88,1.758,1.025,2.068,0.849,-0.1428,0.5527,1.0,1.0,-0.5967,-0.957,0.542,0.0,-0.1526,0.633,2.709,3.066,2.0,0.3525,1.5221,2.799,-1.473,0.02136,2.117,1.614,1.631,0.0,0.0,1.497,0.0,2.396,0.0501,0.8047,5.71,2.0,0.5,-0.5,-0.2239,1.472,0.5127,1.0,0.0,0.0,0.0,0.0,1.978,-0.4139199999999999,,,
1.863,1.481,0.964,2.105,-0.02719,0.0,0.5527,1.0,1.0,-0.562,-0.9185,0.528,0.0,-0.1521,0.7046,2.127,2.867,1.805,0.355,-0.2989,2.916,1.521,-1.473,0.02136,1.6455,1.633,0.0,0.0,1.509,0.0,2.365,0.2069,0.679,-0.8633,1.0,0.0,-0.5,-0.0876,1.194,0.4023,0.0,1.0,0.0,0.0,0.0,-0.2852,0.5411320000000003,,,
1.671,1.671,1.05,2.209,0.263,0.1428,0.5527,1.0,1.0,-0.6274,-0.9536,0.563,0.0,-0.1516,-0.4258,1.497,2.7,2.002,0.363,0.7551,3.09,-0.299,1.521,-1.473,1.693,1.628,0.0,0.0,1.522,0.0,2.443,0.51,0.4968,2.111,1.0,0.5,0.0,-0.2932,1.423,0.4917,1.0,0.0,0.0,0.0,0.0,0.704,-0.7435744000000001,,,
1.637,0.8096,0.8477,2.285,-0.392,0.2856,0.5527,1.0,1.0,-0.51,-0.8267,0.5015,0.0,-0.1512,0.7397,0.95,2.467,1.1875,0.38,-1.2849,3.135,0.7544,-0.299,1.521,1.707,1.617,0.0,0.0,1.532,0.0,2.307,0.3635,0.542,-3.033,0.0,0.5,0.0,0.2554,0.766,0.2119,0.0,1.0,0.0,0.0,0.0,-0.9883,0.147628,,,
1.419,0.726,0.8804,2.445,0.03348,0.4285,0.5527,1.0,1.0,-0.5474,-0.8296,0.5186,0.0,-0.1508,0.335,0.698,2.201,1.085,0.4043,0.3734,3.188,-1.285,0.7544,-0.299,1.701,1.609,0.0,0.0,1.537,0.0,2.344,0.797,0.2493,1.4,1.0,0.5,0.5,0.04065,0.771,0.266,1.0,0.0,0.0,0.0,0.0,0.4753,-1.5649639999999996,,,
1.459,-0.4512,0.576,2.484,-1.425,0.4285,0.5527,0.0,1.0,-0.3428,-0.6255,0.4204,0.0,-0.1503,1.789,1.057,1.917,-0.3186,0.4321,-2.1049,3.098,0.373,-1.285,0.7544,1.67,1.6,0.0,0.0,1.526,0.0,2.129,0.2446,0.5493,-8.18,0.0,0.5,0.0,1.067,-0.06,-0.1043,0.0,1.0,0.0,0.0,0.0,-2.744,0.8355839999999997,,,
1.171,-0.1779,0.673,2.564,-0.6562,0.4285,0.5527,0.0,1.0,-0.433,-0.671,0.459,0.0,-0.1499,0.2305,1.617,1.677,-0.1136,0.452,0.8831,3.084,-2.104,0.373,-1.285,1.666,1.594,0.0,0.0,1.525,0.0,2.213,0.4214,0.4602,3.822,1.0,0.5,0.5,0.654,0.34,0.05798,1.0,0.0,0.0,0.0,0.0,1.373,1.2095000000000005,,,
1.045,0.3926,0.8745,2.71,-6.18,0.5713,0.5527,1.0,1.0,-0.5737,-0.795,0.5337,0.0,-0.1494,1.588,2.18,1.568,0.4814,0.4707,1.6731,3.176,0.8823,-2.104,0.373,1.664,1.589,0.0,0.0,1.537,0.0,2.375,0.693,0.3381,9.36,1.0,0.5,1.0,-0.12244,0.8696,0.3284,2.0,0.0,0.0,0.0,0.0,3.271,0.8254759999999999,,,
0.7905,0.8364,1.018,2.785,1.134,0.5713,0.5527,1.0,1.0,-0.679,-0.862,0.5894,0.0,-0.1489,1.253,2.67,1.639,0.887,0.4873,1.1821,3.277,1.672,0.8823,-2.104,1.68,1.584,0.0,0.0,1.561,0.0,2.494,0.4695,0.551,5.27,2.0,0.5,1.0,-0.488,1.285,0.4827,3.0,0.0,0.0,0.0,0.0,1.751,-0.3962052,,,
0.7754,0.62,0.9844,2.87,-0.1183,0.5713,0.5527,1.0,1.0,-0.661,-0.841,0.5845,0.0,-0.1486,0.4248,3.105,1.888,0.6333,0.5054,-0.1035,3.291,1.181,1.672,0.8823,1.685,1.584,0.0,0.0,1.586,0.0,2.482,0.5405,0.4954,-0.531,1.0,0.5,1.0,-0.4238,1.078,0.4075,0.0,1.0,0.0,0.0,0.0,-0.17,0.2852119999999999,,,
0.6777,0.787,1.047,2.93,0.3875,0.5713,0.5527,1.0,1.0,-0.7056,-0.87,0.613,0.0,-0.1481,0.4207,3.436,2.2,0.8047,0.5166,0.5821,2.922,-0.1035,1.181,1.672,1.714,1.591,0.0,0.0,1.624,0.0,2.543,0.4463,0.59,2.22,2.0,0.5,1.0,-0.635,1.139,0.4934,1.0,0.0,0.0,0.0,0.0,0.7134,-0.758024,,,
0.655,0.0985,0.841,2.895,-0.714,0.5713,0.5527,1.0,1.0,-0.584,-0.741,0.547,0.0,-0.1476,0.493,3.629,2.475,0.12244,0.517,-1.3269,2.7,0.5815,-0.1035,1.181,1.721,1.601,0.0,0.0,1.646,0.0,2.4,-0.07715,0.9004,-4.344,1.0,0.5,0.5,0.05203,0.5923,0.1748,0.0,1.0,0.0,0.0,0.0,-1.371,0.0236119999999999,,,
0.7065,-0.3943,0.6807,2.83,-2.795,0.4285,0.5527,0.0,1.0,-0.4756,-0.6377,0.4963,0.0,-0.1472,0.8574,3.703,2.68,-0.3872,0.5156,-1.0639,2.266,-1.326,0.5815,-0.1035,1.74,1.605,0.0,0.0,1.667,0.0,2.29,-0.2424,0.9697,-3.54,0.0,0.0,0.0,0.5073,0.1005,-0.1097,0.0,2.0,0.0,0.0,0.0,-1.166,-0.3996415999999997,,,
0.6357,-0.6074,0.6084,2.797,0.862,0.2856,0.5527,0.0,1.0,-0.4314,-0.5806,0.476,0.0,-0.1467,0.1848,3.617,2.81,-0.592,0.515,-0.4406,1.455,-1.064,-1.326,0.5815,1.744,1.611,0.0,0.0,1.689,0.0,2.244,-0.0841,0.8374,-1.373,-1.0,0.0,0.0,0.629,-0.1287,-0.349,0.0,3.0,0.0,0.0,0.0,-0.4678,0.1488628,,,
0.6704,-0.777,0.531,2.709,0.4775,0.1428,0.5527,0.0,1.0,-0.3735,-0.527,0.4539,0.0,-0.1462,0.8057,3.357,2.855,-0.783,0.511,-0.4914,1.34,-0.4404,-1.064,-1.326,1.724,1.61,0.0,0.0,1.694,0.0,2.195,-0.42,1.056,-1.691,-1.0,-0.5,-0.5,0.8213,-0.2969,-0.558,0.0,4.0,0.0,0.0,0.0,-0.584,0.5092559999999999,,,
0.64,-0.3384,0.6284,2.654,-0.5405,0.0,0.5527,0.0,1.0,-0.445,-0.5957,0.4934,0.0,-0.1459,1.139,2.938,2.834,-0.345,0.5083,0.8851,1.072,-0.4912,-0.4404,-1.064,1.699,1.607,0.0,0.0,1.704,0.0,2.28,-0.2164,0.948,3.1,-1.0,0.0,0.0,0.4187,0.1136,-0.3223,1.0,0.0,0.0,0.0,0.0,1.088,-0.3388828000000001,,,
0.6914,-0.525,0.546,2.562,0.9077,-0.1428,0.5527,0.0,1.0,-0.3826,-0.5396,0.469,0.0,-0.1454,0.2483,2.371,2.75,-0.545,0.5034,-0.5299,1.031,0.8843,-0.4912,-0.4404,1.67,1.607,0.0,0.0,1.706,0.0,2.227,-0.4343,1.08,-1.771,-1.0,-0.5,-0.5,0.594,-0.1449,-0.5645,0.0,1.0,0.0,0.0,0.0,-0.605,0.066688,,,
0.6167,-0.2527,0.603,2.523,-0.522,-0.2856,0.5527,0.0,1.0,-0.4292,-0.575,0.4944,0.0,-0.1449,0.3057,1.738,2.645,-0.2654,0.502,0.5611,1.028,-0.53,0.8843,-0.4912,1.64,1.612,0.0,0.0,1.702,0.0,2.281,-0.1217,0.882,1.553,0.0,-0.5,0.0,0.3484,0.1198,-0.3062,1.0,0.0,0.0,0.0,0.0,0.539,-0.05707012,,,
0.5137,0.0726,0.6763,2.492,-1.895,-0.2856,0.5527,1.0,1.0,-0.488,-0.619,0.526,0.0,-0.1444,-0.3782,1.14,2.516,0.0553,0.5024,0.6837,1.017,0.561,-0.53,0.8843,1.635,1.625,0.0,0.0,1.7,0.0,2.35,-0.06793,0.8735,0.7065,1.0,-0.5,0.0,0.001171,0.316,-0.003672,2.0,0.0,0.0,0.0,0.0,0.2411,-0.0165735999999999,,,
0.873,-1.455,0.2527,2.438,-10.48,-0.2856,0.5527,0.0,1.0,-0.14,-0.3193,0.378,0.0,-0.144,2.006,0.682,2.307,-1.377,0.4912,-2.4299,1.273,0.6836,0.561,-0.53,1.6045,1.629,0.0,0.0,1.691,0.0,2.025,-0.2412,0.8555,-9.51,1.0,-0.5,0.0,1.553,-0.972,-1.181,0.0,1.0,0.0,1.0,-7.91,-6.73,0.7060160000000002,,,
0.838,-0.8794,0.3872,2.389,-0.3147,-0.2856,0.5527,0.0,1.0,-0.2517,-0.4287,0.4304,0.0,-0.1436,1.014,0.3618,2.023,-0.7646,0.485,1.2461,1.339,-2.428,0.6836,0.561,1.593,1.644,0.0,0.0,1.682,0.0,2.139,-0.1902,0.8696,7.344,1.0,-0.5,0.0,0.888,-0.3596,-0.688,1.0,0.0,0.0,0.0,0.0,2.72,0.7148831999999998,,,
0.677,-0.345,0.5034,2.32,-0.582,-0.4285,0.5527,0.0,1.0,-0.3528,-0.5063,0.477,0.0,-0.1431,-0.1527,0.2437,1.677,-0.2515,0.4832,1.0611,1.339,1.245,-2.428,0.6836,1.599,1.654,0.0,0.0,1.677,0.0,2.24,-0.2947,0.989,3.906,2.0,0.0,0.0,0.3933,0.11285,-0.3025,2.0,0.0,1.0,0.0,8.4,1.394,-0.2139387999999999,,,
0.735,-0.4114,0.4482,2.209,0.4026,-0.5713,0.5527,0.0,1.0,-0.307,-0.4685,0.462,0.0,-0.1427,1.899,0.3472,1.278,-0.3235,0.4746,-0.3346,1.299,1.061,1.245,-2.428,1.591,1.666,0.0,0.0,1.668,0.0,2.205,-0.5767,1.176,-1.954,1.0,0.0,-0.5,0.54,-0.00815,-0.3877,0.0,1.0,0.0,0.0,0.0,-0.675,-0.2756144000000001,,,
0.806,-0.5825,0.363,2.086,0.687,-0.7144,0.5527,0.0,1.0,-0.2352,-0.4065,0.4355,0.0,-0.1422,0.9478,0.5693,0.8975,-0.4802,0.463,-0.5863,1.347,-0.3347,1.061,1.245,1.582,1.679,0.0,0.0,1.662,0.0,2.146,-0.637,1.193,-3.242,0.0,0.0,-0.5,0.7695,-0.2378,-0.5605,0.0,2.0,0.0,0.0,0.0,-1.131,0.3613091999999999,,,
0.7495,-0.1236,0.4395,1.964,-0.845,-0.857,0.5527,0.0,1.0,-0.299,-0.463,0.468,0.0,-0.1417,0.2211,0.746,0.6274,-0.053,0.4553,0.7355,1.345,-0.5864,-0.3347,1.061,1.575,1.683,0.0,0.0,1.657,0.0,2.217,-0.6187,1.211,2.799,1.0,0.5,-0.5,0.392,0.06155,-0.288,1.0,0.0,0.0,0.0,0.0,0.9946,-0.2399352,,,
0.8013,-0.2668,0.3716,1.871,3.758,-1.0,0.5527,0.0,1.0,-0.2423,-0.413,0.4478,0.0,-0.1414,0.9004,0.889,0.5386,-0.208,0.4495,-0.4491,1.301,0.735,-0.5864,-0.3347,1.555,1.6875,0.0,0.0,1.66,0.0,2.172,-0.4832,1.095,-1.703,0.0,0.0,-0.5,0.5396,-0.1548,-0.465,0.0,1.0,0.0,0.0,0.0,-0.592,0.170668,,,
0.697,-0.0758,0.4001,1.816,-0.967,-0.857,0.5527,1.0,1.0,-0.2732,-0.4275,0.463,0.0,-0.1409,-0.08527,0.9834,0.5625,-0.01137,0.4465,0.3419,1.297,-0.449,0.735,-0.5864,1.577,1.688,0.0,0.0,1.66,0.0,2.205,-0.2344,0.932,0.963,0.0,0.5,0.0,0.3708,0.003664,-0.3457,1.0,0.0,0.0,0.0,0.0,0.3394,0.233454,,,
0.6562,0.802,0.6196,1.823,18.77,-0.7144,0.5527,1.0,1.0,-0.4375,-0.5903,0.549,0.0,-0.1404,1.239,0.981,0.623,0.872,0.4507,1.9161,1.318,0.3416,-0.449,0.735,1.607,1.688,0.0,0.0,1.661,0.0,2.39,0.1763,0.721,9.62,1.0,0.5,0.5,-0.3123,0.825,0.3335,2.0,0.0,0.0,0.0,0.0,3.443,-0.8154400000000002,,,
0.8276,-0.10876,0.381,1.796,-0.9683,-0.7144,0.5527,0.0,1.0,-0.2478,-0.423,0.466,0.0,-0.14,0.958,0.936,0.686,-0.04486,0.4526,-1.7439,1.179,1.915,0.3416,-0.449,1.6045,1.684,0.0,0.0,1.65,0.0,2.209,-0.05362,0.806,-8.93,1.0,0.0,0.5,0.5186,0.09906,-0.2888,0.0,1.0,0.0,0.0,0.0,-2.938,-0.4894256000000001,,,
0.8193,-0.4456,0.274,1.727,13.24,-0.7144,0.5527,0.0,1.0,-0.162,-0.3333,0.4304,0.0,-0.1395,0.2023,0.876,0.732,-0.3909,0.4492,-0.7869,1.057,-1.743,1.915,0.3416,1.597,1.682,0.0,0.0,1.637,0.0,2.13,-0.3071,0.9526,-2.83,0.0,0.0,0.0,0.856,-0.204,-0.557,0.0,2.0,0.0,0.0,0.0,-0.985,-1.0474800000000002,,,
1.096,-0.9927,0.1113,1.641,1.738,-0.7144,0.5527,0.0,1.0,0.000913,-0.2107,0.3738,0.0,-0.139,2.527,0.837,0.756,-0.9297,0.442,-1.2909,0.886,-0.787,-1.743,1.915,1.58,1.671,0.0,0.0,1.615,0.0,2.006,-0.4014,0.966,-8.46,0.0,-0.5,0.0,1.425,-0.6787,-1.067,0.0,3.0,0.0,0.0,0.0,-3.018,0.27296884,,,
1.348,-1.748,-0.11707,1.492,1.019,-0.7144,0.5527,0.0,1.0,0.2417,-0.004124,0.2917,0.0,-0.1387,0.8433,0.8535,0.813,-1.664,0.426,-1.9459,1.231,-1.291,-0.787,-1.743,1.535,1.656,0.0,0.0,1.592,0.0,1.827,-0.697,1.098,-9.51,-1.0,-1.0,-0.5,2.314,-1.401,-1.282,0.0,4.0,0.0,0.0,0.0,-4.715,0.8291759999999999,,,
1.345,-1.18,-0.02283,1.347,-0.231,-0.857,0.5527,0.0,1.0,0.1469,-0.1013,0.3303,0.0,-0.1382,0.805,0.8467,0.878,-1.145,0.4167,0.9721,1.405,-1.945,-1.291,-0.787,1.506,1.643,0.0,0.0,1.577,0.0,1.909,-0.67,1.116,4.785,-1.0,-0.5,-0.5,1.58,-0.9478,-0.9893,1.0,0.0,0.0,0.0,0.0,1.894,0.3996096,,,
0.998,-0.4705,0.1401,1.327,-0.5566,-0.857,0.5527,0.0,1.0,-0.0328,-0.2294,0.395,0.0,-0.1377,0.567,0.844,0.905,-0.4207,0.416,1.5891,1.423,0.9717,-1.945,-1.291,1.488,1.636,0.0,0.0,1.569,0.0,2.05,-0.03738,0.7266,6.023,0.0,0.0,0.0,0.813,-0.1559,-0.4639,2.0,0.0,0.0,0.0,0.0,2.312,-0.7859800000000001,,,
1.082,-0.8853,0.01735,1.251,1.272,-0.857,0.5527,0.0,1.0,0.0871,-0.11957,0.3525,0.0,-0.1372,0.594,0.8584,0.9346,-0.8193,0.4092,-0.9936,1.519,1.589,0.9717,-1.945,1.438,1.626,0.0,0.0,1.561,0.0,1.956,-0.3572,0.914,-6.805,0.0,-0.5,-0.5,1.207,-0.547,-0.717,0.0,1.0,0.0,0.0,0.0,-2.49,-1.6788160000000003,,,
1.523,-2.084,-0.3157,1.077,1.726,-0.857,0.545,0.0,0.0,0.4731,0.2058,0.2301,0.0,-0.1368,2.371,0.988,1.028,-1.973,0.388,-2.4299,1.94,-0.993,1.589,0.9717,1.378,1.614,0.0,0.0,1.536,0.0,1.6875,-0.8394,1.141,-9.51,0.0,-0.5,-1.0,2.693,-1.696,-1.27,0.0,2.0,0.0,0.0,0.0,-6.73,0.0494719999999999,,,
1.469,-1.973,-0.3362,0.9087,0.07404,-0.857,0.5366,0.0,0.0,0.493,0.235,0.2251,0.0,-0.1364,1.673,1.28,1.198,-1.806,0.3657,-0.1344,2.285,-2.428,-0.993,1.589,1.325,1.6,0.0,0.0,1.515,0.0,1.676,-0.819,1.121,-0.9287,0.0,-1.0,-1.0,2.537,-1.579,-1.093,0.0,3.0,0.0,0.0,0.0,-0.3862,0.5172339999999999,,,
1.387,-1.49,-0.2634,0.7744,-0.1394,-0.857,0.5283,0.0,0.0,0.4023,0.1552,0.2554,0.0,-0.1359,1.203,1.618,1.372,-1.309,0.3518,0.8106,2.42,-0.1344,-2.428,-0.993,1.295,1.583,0.0,0.0,1.492,0.0,1.741,-0.6426,1.024,3.408,0.0,-1.0,-0.5,1.9795,-1.027,-0.8364,1.0,0.0,0.0,0.0,0.0,1.424,-0.6685600000000004,,,
1.413,-1.561,-0.3267,0.6074,0.1873,-0.857,0.5205,0.0,0.0,0.4773,0.228,0.2341,0.0,-0.1355,0.5728,1.939,1.521,-1.434,0.3403,-0.5529000000000001,2.484,0.81,-0.1344,-2.428,1.28,1.562,0.0,0.0,1.466,0.0,1.694,-0.817,1.129,-1.824,-1.0,-1.0,-1.0,2.11,-1.132,-0.8545,0.0,1.0,0.0,0.0,0.0,-0.7437,-0.0127732,,,
1.51,-1.757,-0.419,0.4343,0.275,-0.857,0.512,0.0,0.0,0.596,0.3347,0.2018,0.0,-0.135,1.523,2.248,1.693,-1.683,0.328,-0.8579,2.754,-0.553,0.81,-0.1344,1.247,1.538,0.0,0.0,1.45,0.0,1.623,-0.842,1.115,-3.28,-1.0,-1.0,-1.0,2.398,-1.343,-0.9014,0.0,2.0,0.0,0.0,0.0,-1.359,0.104718,,,
1.915,-2.209,-0.5767,0.2178,0.4214,-1.0,0.504,0.0,0.0,0.8354,0.514,0.144,0.0,-0.1345,2.906,2.766,2.008,-1.961,0.2893,-1.5699,3.113,-0.8574,-0.553,0.81,1.184,1.51,0.0,0.0,1.425,0.0,1.495,-1.009,1.179,-9.51,-1.0,-1.0,-1.5,2.836,-1.946,-1.002,0.0,3.0,0.0,1.0,-7.91,-6.73,-0.148628,,,
1.969,-2.135,-0.6353,-0.06134,0.09607,-1.143,0.4958,0.0,0.0,0.922,0.5947,0.12384,0.0,-0.1342,2.053,3.277,2.355,-1.919,0.2625,-0.5795,3.375,-1.569,-0.8574,-0.553,1.125,1.483,0.0,0.0,1.393,0.0,1.449,-1.429,1.46,-3.697,-1.0,-1.0,-2.0,2.836,-2.066,-0.9526,0.0,4.0,0.0,0.0,0.0,-1.657,0.5697639999999997,,,
1.748,-1.448,-0.5483,-0.2695,-0.2239,-1.143,0.4878,0.0,0.0,0.7827,0.4878,0.1593,0.0,-0.1337,0.603,3.691,2.703,-1.259,0.2434,1.0331,3.48,-0.579,-1.569,-0.8574,1.106,1.463,0.0,0.0,1.365,0.0,1.525,-1.128,1.279,5.21,-1.0,-1.0,-1.5,2.242,-1.374,-0.743,1.0,0.0,0.0,0.0,0.0,2.379,0.5775599999999999,,,
1.681,-1.101,-0.528,-0.4504,-0.1382,-1.143,0.4797,0.0,0.0,0.7495,0.4648,0.1694,0.0,-0.1332,0.2842,3.96,3.012,-1.002,0.2325,0.2860999999999999,3.55,1.032,-0.579,-1.569,1.093,1.444,0.0,0.0,1.341,0.0,1.547,-1.011,1.205,1.0625,0.0,-1.0,-1.0,1.889,-1.146,-0.647,2.0,0.0,0.0,0.0,0.0,0.4695,0.36018,,,
1.4375,-0.6187,-0.4678,-0.582,-0.3718,-1.143,0.4714,0.0,0.0,0.652,0.4043,0.1947,0.0,-0.1328,0.1466,4.15,3.297,-0.509,0.2189,0.7086,3.469,0.2856,1.032,-0.579,1.077,1.429,0.0,0.0,1.316,0.0,1.601,-0.757,1.048,5.332,1.0,-0.5,-0.5,1.367,-0.783,-0.5127,3.0,0.0,1.0,0.0,4.434,2.338,-0.8360819999999998,,,
1.535,-1.097,-0.5947,-0.69,1.083,-1.143,0.4634,0.0,0.0,0.8296,0.5713,0.1481,0.0,-0.1323,1.511,4.3,3.549,-0.9595,0.2067,-1.2749,3.455,0.708,0.2856,1.032,1.055,1.407,0.0,0.0,1.289,0.0,1.498,-0.6597,0.934,-9.51,1.0,-0.5,-0.5,1.872,-1.246,-0.632,0.0,1.0,0.0,0.0,0.0,-4.895,0.1477763999999999,,,
1.507,-0.9487,-0.6025,-0.822,-0.02237,-1.143,0.4553,0.0,0.0,0.8384,0.585,0.1471,0.0,-0.1318,0.7505,4.363,3.752,-0.85,0.1968,-0.02877,3.342,-1.274,0.708,0.2856,1.041,1.388,0.0,0.0,1.261,0.0,1.495,-0.867,1.081,-0.1115,1.0,-0.5,-1.0,1.661,-1.212,-0.59,0.0,2.0,0.0,0.0,0.0,-0.04977,1.4110292000000004,,,
1.337,0.4048,-0.3728,-0.9404,-1.534,-1.0,0.4473,1.0,0.0,0.526,0.2908,0.2382,0.0,-0.1315,1.742,4.254,3.875,0.4358,0.1901,2.6001000000000003,2.736,-0.02885,-1.274,0.708,1.065,1.372,0.0,0.0,1.232,0.0,1.692,-0.724,1.066,9.62,1.0,-0.5,-1.0,0.527,0.0578,-0.1923,1.0,0.0,0.0,0.0,0.0,4.97,1.0719776,,,
1.187,1.119,-0.2537,-1.003,1.703,-0.857,0.439,1.0,0.0,0.3755,0.1604,0.2869,0.0,-0.131,0.5615,3.99,3.916,1.151,0.1848,1.2821,2.348,2.6,-0.02885,-1.274,1.106,1.357,0.0,0.0,1.216,0.0,1.797,-0.3557,0.85,7.24,1.0,0.0,-0.5,-0.09174,0.4727,0.09344,2.0,0.0,1.0,0.0,9.375,2.99,0.947368,,,
0.915,1.681,-0.1306,-0.9634,0.6343,-0.7144,0.439,1.0,1.0,0.2211,0.0461,0.3374,0.0,-0.1305,0.15,3.648,3.863,1.762,0.189,1.2841,2.096,1.282,2.6,-0.02885,1.152,1.355,0.0,0.0,1.208,0.0,1.906,0.3958,0.362,8.125,1.0,0.5,0.0,-0.4922,0.9844,0.424,3.0,0.0,1.0,0.0,7.47,3.227,0.6230660000000001,,,
0.7993,2.156,-0.011185,-0.891,0.426,-0.5713,0.439,1.0,1.0,0.0919,-0.06793,0.387,0.0,-0.13,1.026,3.26,3.729,2.002,0.1956,1.2101,2.133,1.284,1.282,2.6,1.208,1.353,0.0,0.0,1.209,0.0,2.014,0.582,0.2766,6.215,2.0,1.0,0.5,-0.8438,1.371,0.6885,4.0,0.0,0.0,0.0,0.0,2.375,-0.1540092,,,
0.7437,2.012,-0.02188,-0.837,0.06085,-0.4285,0.439,1.0,1.0,0.09784,-0.0526,0.386,0.0,-0.1296,0.2498,2.775,3.557,2.002,0.2023,-0.0237,2.305,1.21,1.284,1.282,1.257,1.347,0.0,0.0,1.218,0.0,2.01,0.4836,0.346,-0.1063,2.0,1.0,0.0,-0.7485,1.217,0.6113,0.0,1.0,0.0,0.0,0.0,-0.03915,-0.7938400000000001,,,
0.8506,1.37,-0.1333,-0.7935,-0.1942,-0.2856,0.439,1.0,1.0,0.2186,0.05435,0.3455,0.0,-0.1292,0.851,2.17,3.336,1.608,0.2067,-0.9525,2.33,-0.02379,1.21,1.284,1.308,1.34,0.0,0.0,1.219,0.0,1.921,0.38,0.381,-3.498,1.0,0.5,0.0,-0.268,0.751,0.3914,0.0,2.0,0.0,0.0,0.0,-1.288,-0.0474599999999999,,,
0.7676,1.334,-0.117,-0.723,0.1067,-0.1428,0.439,1.0,1.0,0.1952,0.0438,0.3547,0.0,-0.1287,0.377,1.41,3.025,1.665,0.2109,0.2211,2.23,-0.952,-0.02379,1.21,1.36,1.335,0.0,0.0,1.215,0.0,1.94,0.588,0.2415,0.674,1.0,0.5,0.5,-0.357,0.7124,0.4685,1.0,0.0,0.0,0.0,0.0,0.2559,-0.3383091999999999,,,
0.538,1.775,0.01718,-0.586,0.467,0.0,0.439,1.0,1.0,0.0437,-0.07446,0.4104,0.0,-0.1283,0.753,0.937,2.625,2.002,0.2341,1.3411,2.377,0.2208,-0.952,-0.02379,1.404,1.331,0.0,0.0,1.221,0.0,2.06,1.099,-0.06995,5.24,1.0,0.5,1.0,-0.76,1.195,0.709,2.0,0.0,0.0,0.0,0.0,1.975,-0.0945808,,,
0.427,1.514,0.014435,-0.4348,-0.01715,0.1428,0.439,1.0,1.0,0.03745,-0.0626,0.4124,0.0,-0.1278,0.01585,0.847,2.24,1.791,0.2537,0.04688,2.594,1.34,0.2208,-0.952,1.437,1.329,0.0,0.0,1.236,0.0,2.064,1.249,-0.1753,0.187,1.0,1.0,1.5,-0.718,1.063,0.619,3.0,0.0,0.0,0.0,0.0,0.0677,-0.3392879999999998,,,
0.4504,1.109,-0.02899,-0.3123,-0.1377,0.2856,0.439,1.0,1.0,0.0813,-0.02124,0.3982,0.0,-0.1273,0.3254,1.069,1.914,1.411,0.2683,-0.327,2.736,0.04678,1.34,0.2208,1.452,1.325,0.0,0.0,1.253,0.0,2.033,1.071,-0.0619,-1.024,1.0,1.0,1.0,-0.497,0.8447,0.484,0.0,1.0,0.0,0.0,0.0,-0.3704,-0.2560472,,,
0.507,0.624,-0.09686,-0.2076,-0.3022,0.4285,0.439,1.0,1.0,0.1536,0.044,0.3738,0.0,-0.127,0.2935,1.399,1.629,0.968,0.279,-0.5663,2.822,-0.327,0.04678,1.34,1.448,1.314,0.0,0.0,1.264,0.0,1.9795,0.8726,0.05667,-1.637,1.0,0.5,0.5,-0.2052,0.544,0.335,0.0,2.0,0.0,0.0,0.0,-0.5977,-0.2594044,,,
0.4343,0.801,-0.02649,-0.1009,0.401,0.5713,0.439,1.0,1.0,0.0776,-0.02243,0.4043,0.0,-0.1265,0.289,1.805,1.413,1.137,0.2944,0.7208,2.936,-0.5664,-0.327,0.04678,1.453,1.311,0.0,0.0,1.278,0.0,2.045,0.8857,0.07635,2.043,1.0,0.5,0.5,-0.4585,0.7544,0.4143,1.0,0.0,0.0,0.0,0.0,0.76,-0.122276,,,
0.3606,0.45,-0.06146,0.02661,-0.2913,0.7144,0.439,1.0,1.0,0.1062,0.01929,0.393,0.0,-0.126,-0.11523,2.332,1.385,0.641,0.3225,-0.2584,2.969,0.7207,-0.5664,-0.327,1.465,1.309,0.0,0.0,1.296,0.0,2.02,1.146,-0.12006,-0.6816,0.0,0.0,0.5,-0.281,0.595,0.3215,0.0,1.0,0.0,0.0,0.0,-0.2478,-0.046448,,,
0.3535,0.577,0.01047,0.1726,0.389,0.857,0.439,1.0,1.0,0.03534,-0.05264,0.4246,0.0,-0.1256,0.82,2.832,1.638,0.75,0.3435,0.7345,2.91,-0.2583,0.7207,-0.5664,1.483,1.312,0.0,0.0,1.321,0.0,2.088,1.218,-0.1409,2.75,0.0,0.0,1.0,-0.5815,0.7495,0.4036,1.0,0.0,0.0,0.0,0.0,1.008,-0.5144359999999998,,,
0.3623,0.1569,-0.05713,0.2507,-0.549,0.857,0.439,1.0,1.0,0.10205,0.0147,0.4001,0.0,-0.1251,1.212,3.246,1.992,0.2637,0.3606,-0.5556,2.691,0.7344,-0.2583,0.7207,1.48,1.318,0.0,0.0,1.347,0.0,2.035,0.802,0.1324,-2.008,0.0,0.0,0.5,-0.3225,0.4224,0.2627,0.0,1.0,0.0,0.0,0.0,-0.719,-0.335108,,,
0.2952,-0.002356,-0.079,0.295,-0.581,0.857,0.439,1.0,1.0,0.1185,0.04282,0.394,0.0,-0.12463,-0.2947,3.525,2.348,0.05258,0.3726,-0.1414,2.5,-0.5557,0.7344,-0.2583,1.476,1.322,0.0,0.0,1.367,0.0,2.021,0.5713,0.291,-0.3545,0.0,0.0,0.0,-0.2751,0.2615,0.1989,0.0,2.0,0.0,0.0,0.0,-0.1293,-1.0755180000000002,,,
0.491,-0.882,-0.2798,0.264,-11.766,0.7144,0.431,0.0,0.0,0.3494,0.2484,0.3162,0.0,-0.1242,1.782,3.65,2.639,-0.869,0.3757,-1.8229,2.256,-0.1414,-0.5557,0.7344,1.455,1.317,0.0,0.0,1.381,0.0,1.85,-0.2169,0.779,-8.79,-1.0,-0.5,-0.5,0.552,-0.517,-0.2275,0.0,3.0,0.0,0.0,0.0,-3.217,0.32744784,,,
0.4314,-0.696,-0.2551,0.2083,-0.1152,0.5713,0.4229,0.0,0.0,0.3167,0.2246,0.3284,0.0,-0.1238,0.629,3.615,2.836,-0.6846,0.3713,0.3014,2.045,-1.822,-0.1414,-0.5557,1.443,1.315,0.0,0.0,1.393,0.0,1.876,-0.4697,0.971,1.457,0.0,-0.5,-0.5,0.4023,-0.333,-0.2052,1.0,0.0,0.0,0.0,0.0,0.566,0.143088,,,
0.6587,-1.505,-0.4573,0.1082,1.541,0.4285,0.4146,0.0,0.0,0.576,0.4548,0.2494,0.0,-0.1233,0.949,3.406,2.922,-1.46,0.3594,-1.9399,1.715,0.301,-1.822,-0.1414,1.403,1.317,0.0,0.0,1.402,0.0,1.703,-0.805,1.135,-9.12,-1.0,-1.0,-0.5,1.277,-1.119,-0.77,0.0,1.0,0.0,0.0,0.0,-3.506,0.0538519999999999,,,
0.687,-1.487,-0.4744,0.02988,0.1201,0.2856,0.4065,0.0,0.0,0.6,0.475,0.2443,0.0,-0.12286,1.26,3.043,2.914,-1.406,0.3486,-0.1323,1.323,-1.939,0.301,-1.822,1.365,1.318,0.0,0.0,1.411,0.0,1.69,-0.6694,1.033,-0.6187,-1.0,-1.0,-0.5,1.23,-1.074,-0.983,0.0,2.0,0.0,0.0,0.0,-0.2532,-0.6892360000000002,,,
0.858,-2.027,-0.6196,-0.08636,0.5444,0.1428,0.3984,0.0,0.0,0.81,0.663,0.1876,0.0,-0.12244,1.347,2.518,2.816,-1.921,0.3347,-1.4889,1.516,-0.1323,-1.939,0.301,1.305,1.314,0.0,0.0,1.406,0.0,1.566,-0.9385,1.171,-6.758,-1.0,-1.0,-1.0,1.815,-1.656,-1.282,0.0,3.0,0.0,0.0,0.0,-2.78,0.2419319999999999,,,
0.8076,-1.443,-0.5303,-0.2156,-0.1874,0.0,0.3901,0.0,0.0,0.6836,0.541,0.2251,0.0,-0.12195,1.401,2.059,2.64,-1.339,0.3215,1.0321,1.661,-1.488,-0.1323,-1.939,1.261,1.313,0.0,0.0,1.4,0.0,1.647,-1.072,1.302,3.547,0.0,-1.0,-1.0,1.262,-0.9863,-0.944,1.0,0.0,0.0,0.0,0.0,1.53,0.3115100000000001,,,
0.7695,-1.126,-0.4976,-0.3386,-0.1158,-0.1428,0.382,0.0,0.0,0.6367,0.499,0.2402,0.0,-0.1215,0.0943,1.7,2.43,-1.035,0.3105,0.4054,1.791,1.031,-1.488,-0.1323,1.221,1.315,0.0,0.0,1.392,0.0,1.68,-0.974,1.247,1.066,0.0,-0.5,-1.0,0.9956,-0.708,-0.771,2.0,0.0,0.0,0.0,0.0,0.4453,0.1098392,,,
0.8423,-1.331,-0.5747,-0.4688,0.343,-0.2856,0.374,0.0,0.0,0.746,0.5996,0.2108,0.0,-0.12103,0.7114,1.4795,2.2,-1.247,0.298,-0.7733,1.948,0.405,1.031,-1.488,1.194,1.32,0.0,0.0,1.376,0.0,1.615,-1.019,1.25,-2.791,0.0,-1.0,-1.0,1.273,-0.967,-0.8525,0.0,1.0,0.0,0.0,0.0,-1.152,-0.080948,,,
0.9165,-1.361,-0.613,-0.5894,0.1599,-0.4285,0.366,0.0,0.0,0.8057,0.649,0.1967,0.0,-0.1206,1.083,1.411,1.968,-1.299,0.2874,-0.3827,2.102,-0.7734,0.405,1.031,1.16,1.324,0.0,0.0,1.358,0.0,1.584,-0.9893,1.216,-1.334,0.0,-1.0,-1.0,1.327,-1.059,-0.837,0.0,2.0,0.0,0.0,0.0,-0.564,1.2478199999999997,,,
0.83,-0.3164,-0.4287,-0.685,-0.739,-0.5713,0.3577,0.0,0.0,0.554,0.4036,0.2727,0.0,-0.1202,1.3,1.523,1.7295,-0.2783,0.2793,2.0741,2.123,-0.3826,-0.7734,0.405,1.167,1.331,0.0,0.0,1.353,0.0,1.749,-0.696,1.079,6.03,1.0,-0.5,-1.0,0.458,-0.002998,-0.3877,1.0,0.0,0.0,0.0,0.0,2.58,0.4891280000000001,,,
0.874,-0.01208,-0.3901,-0.762,-1.25,-0.5713,0.3496,1.0,0.0,0.51,0.3508,0.2898,0.0,-0.1197,0.9434,1.766,1.486,0.00435,0.2737,0.4417999999999999,2.121,2.074,-0.3826,-0.7734,1.178,1.339,0.0,0.0,1.347,0.0,1.785,-0.56,0.999,1.889,1.0,0.0,-0.5,0.248,0.1692,-0.274,2.0,0.0,0.0,0.0,0.0,0.759,-0.8996600000000002,,,
1.051,-0.7417,-0.5737,-0.9014,-11.13,-0.7144,0.3416,0.0,0.0,0.761,0.581,0.2169,0.0,-0.11926,0.531,2.04,1.378,-0.743,0.261,-1.8459,2.121,0.4414,2.074,-0.3826,1.186,1.34,0.0,0.0,1.329,0.0,1.626,-0.9565,1.212,-8.36,0.0,-0.5,-1.0,1.116,-0.559,-0.6265,0.0,1.0,0.0,0.0,0.0,-3.312,-0.9120372,,,
1.238,-1.256,-0.716,-1.057,0.965,-0.857,0.3333,0.0,0.0,0.982,0.7773,0.1603,0.0,-0.11884,0.4043,2.375,1.463,-1.134,0.2339,-1.5229,2.201,-1.845,0.4414,2.074,1.169,1.341,0.0,0.0,1.306,0.0,1.501,-1.033,1.212,-9.51,0.0,-0.5,-1.0,1.811,-1.088,-0.8506,0.0,2.0,0.0,1.0,-7.91,-5.67,-0.5112227999999996,,,
1.521,-1.559,-0.82,-1.232,0.4084,-1.0,0.3252,0.0,0.0,1.169,0.9233,0.1188,0.0,-0.11835,2.135,2.6,1.649,-1.504,0.2203,-1.1709,2.365,-1.522,-1.845,0.4414,1.138,1.339,0.0,0.0,1.281,0.0,1.41,-1.106,1.225,-5.363,0.0,-0.5,-1.0,2.184,-1.545,-0.9507,0.0,3.0,0.0,0.0,0.0,-2.37,-0.5822736,,,
1.504,-1.789,-0.9014,-1.38,0.3,-1.0,0.3171,0.0,0.0,1.306,1.067,0.08636,0.0,-0.1179,1.019,2.766,1.92,-1.716,0.2026,-0.9486,2.594,-1.17,-1.522,-1.845,1.106,1.33,0.0,0.0,1.255,0.0,1.339,-1.01,1.125,-4.1,-1.0,-0.5,-1.0,2.504,-1.778,-0.9756,0.0,4.0,0.0,0.0,0.0,-1.881,-0.5906440000000001,,,
1.6045,-1.899,-0.9653,-1.55,0.2028,-1.0,0.3088,0.0,0.0,1.428,1.177,0.06107,0.0,-0.11743,1.428,2.918,2.252,-1.826,0.1836,-0.7636000000000001,2.748,-0.948,-1.17,-1.522,1.071,1.316,0.0,0.0,1.224,0.0,1.282,-1.134,1.189,-3.146,-2.0,-1.0,-1.5,2.604,-2.023,-0.973,0.0,5.0,0.0,0.0,0.0,-1.487,-0.042648,,,
1.485,-1.739,-0.9673,-1.673,0.03894,-1.0,0.3008,0.0,0.0,1.421,1.189,0.06107,0.0,-0.117,0.641,3.105,2.604,-1.588,0.1638,0.0001,2.83,-0.763,-0.948,-1.17,1.018,1.299,0.0,0.0,1.193,0.0,1.281,-0.9473,1.056,0.0,-2.0,-1.5,-1.5,2.393,-1.8125,-0.879,0.0,0.0,0.0,0.0,0.0,0.0,-1.0630720000000002,,,
1.775,-2.307,-1.15,-1.835,0.642,-1.0,0.2927,0.0,0.0,1.806,1.539,-0.01283,0.0,-0.1166,2.152,3.295,2.926,-2.123,0.1456,-2.2849,2.95,0.0,-0.763,-0.948,0.9404,1.274,0.0,0.0,1.154,0.0,1.12,-1.113,1.104,-9.27,-2.0,-1.5,-1.5,2.836,-2.066,-1.075,0.0,1.0,0.0,0.0,0.0,-4.492,-1.1442688,,,
1.921,-2.307,-1.255,-1.984,0.3032,-1.0,0.2847,0.0,0.0,2.05,1.768,-0.05536,0.0,-0.1161,1.899,3.5,3.195,-2.123,0.1274,-1.4159,3.143,-2.283,0.0,-0.763,0.8706,1.248,0.0,0.0,1.113,0.0,1.026,-1.082,1.041,-5.668,-2.0,-1.5,-1.5,2.836,-2.066,-1.105,0.0,2.0,0.0,0.0,0.0,-2.955,-1.050924,,,
2.287,-2.307,-1.456,-2.203,0.4604,-1.0,0.2764,0.0,0.0,2.596,2.268,-0.1373,0.0,-0.11566,2.014,3.861,3.488,-2.123,0.09174,-2.4299,3.496,-1.415,-2.283,0.0,0.795,1.219,0.0,0.0,1.064,0.0,0.847,-1.455,1.229,-9.51,-2.0,-1.5,-2.0,2.836,-2.066,-1.225,0.0,3.0,0.0,1.0,-7.91,-6.73,0.1611827999999999,,,
2.154,-2.307,-1.354,-2.404,-0.1186,-1.0,0.2683,0.0,0.0,2.31,1.996,-0.0958,0.0,-0.11523,1.257,4.258,3.77,-2.123,0.064,1.5881,3.723,-2.428,-1.415,-2.283,0.7397,1.19,0.0,0.0,1.027,0.0,0.9365,-1.301,1.158,9.336,-1.0,-1.5,-2.0,2.836,-2.066,-0.948,1.0,0.0,0.0,0.0,0.0,5.594,-0.34064,,,
2.178,-2.307,-1.395,-2.596,0.12354,-1.0,0.2603,0.0,0.0,2.418,2.104,-0.11304,0.0,-0.11475,0.834,4.59,4.004,-2.123,0.046,-0.6269,3.854,1.587,-2.428,-1.415,0.689,1.159,0.0,0.0,0.9873,0.0,0.8984,-1.281,1.128,-2.238,-1.0,-1.5,-2.0,2.836,-2.066,-0.907,0.0,1.0,0.0,0.0,0.0,-1.277,-0.5810960000000001,,,
2.018,-2.307,-1.352,-2.771,-0.0659,-1.0,0.252,0.0,0.0,2.295,2.002,-0.0958,0.0,-0.1143,0.7935,4.844,4.215,-2.123,0.02965,0.6396999999999999,3.998,-0.627,1.587,-2.428,0.649,1.128,0.0,0.0,0.956,0.0,0.9355,-1.161,1.059,2.104,0.0,-1.5,-1.5,2.836,-2.066,-0.7686,1.0,0.0,0.0,0.0,0.0,1.225,-0.1158359999999999,,,
1.955,-1.642,-1.288,-2.977,-0.2043,-1.0,0.2439,0.0,0.0,2.133,1.847,-0.07056,0.0,-0.1139,2.764,4.98,4.383,-1.54,0.01525,0.9225,4.027,0.6396,-0.627,1.587,0.615,1.1,0.0,0.0,0.9277,0.0,0.99,-1.462,1.297,2.863,1.0,-1.0,-1.5,2.646,-1.65,-0.63,2.0,0.0,0.0,0.0,0.0,1.634,-1.909608,,,
2.545,-2.307,-1.554,-3.252,0.997,-1.143,0.2357,0.0,0.0,2.691,2.537,-0.1788,0.0,-0.1134,2.906,5.113,4.605,-2.123,-0.01698,-2.4299,4.336,0.922,0.6396,-0.627,0.5728,1.065,0.0,0.0,0.8945,0.0,0.753,-1.473,1.359,-9.51,1.0,-1.0,-2.0,2.836,-2.066,-0.8735,0.0,1.0,0.0,0.0,0.0,-6.73,1.3424171999999996,,,
2.455,-1.888,-1.452,-3.46,-0.2512,-1.143,0.2277,0.0,0.0,2.598,2.244,-0.1383,0.0,-0.113,2.906,5.203,4.83,-1.814,-0.041,1.6301,4.402,-2.428,0.922,0.6396,0.552,1.032,0.0,0.0,0.862,0.0,0.8403,-1.372,1.168,9.195,1.0,-0.5,-1.5,2.836,-2.066,-0.686,1.0,0.0,0.0,0.0,0.0,5.797,-0.0044279999999999,,,
2.545,-2.307,-1.562,-3.668,0.4783,-1.143,0.2195,0.0,0.0,2.691,2.582,-0.1951,0.0,-0.1125,2.906,5.406,5.074,-2.123,-0.0716,-2.1719,4.484,1.629,-2.428,0.922,0.537,0.9966,0.0,0.0,0.8223,0.0,0.716,-1.372,1.114,-9.51,1.0,-0.5,-1.5,2.836,-2.066,-0.781,0.0,1.0,0.0,0.0,0.0,-6.73,1.889976,,,
2.41,-0.7075,-1.372,-3.799,-0.655,-1.143,0.2114,0.0,0.0,2.377,2.023,-0.107,0.0,-0.11206,2.906,5.492,5.27,-0.5576,-0.0872,2.7441000000000004,4.38,-2.17,1.629,-2.428,0.534,0.9644,0.0,0.0,0.7935,0.0,0.907,-0.848,0.824,9.62,1.0,0.0,-1.0,2.404,-0.9385,-0.4788,1.0,0.0,0.0,0.0,0.0,7.785,-1.6546960000000002,,,
2.545,-1.742,-1.561,-3.953,1.897,-1.143,0.2032,0.0,0.0,2.691,2.533,-0.184,0.0,-0.11163,2.906,5.492,5.41,-1.653,-0.10236,-2.4299,4.367,2.744,-2.17,1.629,0.516,0.9287,0.0,0.0,0.759,0.0,0.739,-0.9395,0.8154,-9.51,0.0,0.0,-1.0,2.836,-2.02,-0.6562,0.0,1.0,0.0,0.0,0.0,-6.73,-1.3937240000000002,,,
2.545,-2.307,-1.562,-4.133,0.704,-1.143,0.1951,0.0,0.0,2.691,2.582,-0.2527,0.0,-0.11115,2.906,5.473,5.52,-2.123,-0.1251,-2.4299,4.2,-2.428,2.744,-2.17,0.4758,0.889,0.0,0.0,0.7114,0.0,0.588,-1.018,0.8057,-9.51,0.0,0.0,-1.0,2.836,-2.066,-0.8096,0.0,2.0,0.0,0.0,0.0,-6.73,-1.08832,,,
2.545,-2.307,-1.562,-4.336,0.2773,-1.143,0.187,0.0,0.0,2.691,2.582,-0.2922,0.0,-0.1107,2.906,5.477,5.6,-2.123,-0.153,-1.7519,3.887,-2.428,-2.428,2.744,0.4192,0.852,0.0,0.0,0.6587,0.0,0.501,-1.081,0.813,-9.51,-1.0,-0.5,-1.0,2.836,-2.066,-0.893,0.0,3.0,0.0,0.0,0.0,-6.73,1.85226,,,
2.545,-0.2252,-1.484,-4.418,-0.882,-1.143,0.1788,0.0,0.0,2.691,2.275,-0.1555,0.0,-0.1103,2.906,5.344,5.594,-0.1053,-0.1617,2.7441000000000004,3.404,-1.751,-2.428,-2.428,0.4253,0.8228,0.0,0.0,0.625,0.0,0.7983,-0.4634,0.503,9.62,0.0,0.0,-0.5,2.568,-0.2052,-0.4,1.0,0.0,0.0,0.0,0.0,7.785,-0.325168,,,
2.545,-0.0896,-1.483,-4.473,-0.8735,-1.143,0.1708,0.0,0.0,2.691,2.277,-0.1555,0.0,-0.1098,1.738,5.06,5.56,0.0118,-0.1678,0.0001,2.996,2.744,-1.751,-2.428,0.421,0.798,0.0,0.0,0.596,0.0,0.798,-0.3672,0.4346,0.0,-1.0,-0.5,-0.5,2.287,-0.2471,-0.366,0.0,0.0,0.0,0.0,0.0,0.0,1.0042479999999998,,,
2.545,0.7773,-1.365,-4.453,-14.766,-1.0,0.1626,1.0,0.0,2.398,1.966,-0.108,0.0,-0.1094,1.762,4.777,5.426,0.947,-0.1693,1.8601,2.61,0.0,2.744,-1.751,0.443,0.7764,0.0,0.0,0.5757,0.0,0.901,-0.01102,0.2258,6.242,0.0,-0.5,0.0,1.367,0.613,-0.1182,1.0,0.0,0.0,0.0,0.0,3.822,-1.7939440000000006,,,
2.545,-0.3547,-1.524,-4.49,-1.275,-1.0,0.1544,0.0,0.0,2.691,2.383,-0.1727,0.0,-0.1089,1.752,4.484,5.24,-0.1918,-0.1744,-2.3949,2.283,1.859,0.0,2.744,0.4263,0.7544,0.0,0.0,0.5522,0.0,0.7593,-0.307,0.3748,-9.51,0.0,-0.5,-0.5,2.576,-0.262,-0.3916,0.0,1.0,0.0,0.0,0.0,-5.555,-0.3583492000000001,,,
2.545,-0.4736,-1.55,-4.523,0.5986,-1.0,0.1464,0.0,0.0,2.691,2.455,-0.184,0.0,-0.10846,1.742,4.11,4.996,-0.347,-0.1775,-0.4447,1.966,-2.393,1.859,0.0,0.4263,0.7295,0.0,0.0,0.5303,0.0,0.7344,-0.2915,0.3533,-1.441,0.0,-1.0,-0.5,2.654,-0.327,-0.4194,0.0,2.0,0.0,0.0,0.0,-0.9014,0.0861219999999999,,,
2.545,0.902,-1.375,-4.527,-3.613,-0.857,0.1382,1.0,0.0,2.451,1.967,-0.1141,0.0,-0.10803,2.635,3.625,4.7,1.025,-0.1787,2.7441000000000004,1.517,-0.4446,-2.393,1.859,0.4617,0.708,0.0,0.0,0.514,0.0,0.8857,-0.142,0.3135,9.62,0.0,-0.5,-0.5,1.362,0.987,0.07965,1.0,0.0,0.0,0.0,0.0,6.51,-2.0667744000000003,,,
2.545,-0.4788,-1.562,-4.594,-1.367,-0.857,0.1301,0.0,0.0,2.691,2.496,-0.194,0.0,-0.10754,2.906,3.014,4.355,-0.4502,-0.1824,-2.4299,1.31,2.744,-0.4446,-2.393,0.4868,0.6836,0.0,0.0,0.498,0.0,0.711,-0.3965,0.4185,-9.51,0.0,-1.0,-1.0,2.742,-0.3066,-0.4644,0.0,1.0,0.0,0.0,0.0,-6.73,0.471348,,,
2.545,-0.01633,-1.51,-4.574,-1.11,-0.7144,0.12195,1.0,0.0,2.691,2.33,-0.1697,0.0,-0.1071,1.892,2.467,3.955,0.05884,-0.1843,0.9971,1.173,-2.428,2.744,-0.4446,0.4832,0.661,0.0,0.0,0.4875,0.0,0.7637,-0.0699,0.2086,2.63,0.0,-0.5,-0.5,2.111,0.2057,-0.2339,1.0,0.0,0.0,0.0,0.0,1.69,1.5973280000000003,,,
2.545,1.054,-1.366,-4.55,17.72,-0.5713,0.11383,1.0,0.0,2.418,1.955,-0.11304,0.0,-0.1067,1.496,1.924,3.596,1.176,-0.185,2.2561,1.195,0.9966,-2.428,2.744,0.494,0.6377,0.0,0.0,0.4897,0.0,0.8867,-0.0275,0.2327,6.535,1.0,0.0,-0.5,1.054,1.14,0.2382,2.0,0.0,0.0,0.0,0.0,4.07,-0.5105264000000002,,,
2.545,0.3875,-1.439,-4.504,-0.494,-0.4285,0.1057,1.0,0.0,2.621,2.148,-0.1434,0.0,-0.1062,2.625,1.501,3.248,0.601,-0.1858,-1.1289,1.143,2.256,0.9966,-2.428,0.4849,0.6113,0.0,0.0,0.4856,0.0,0.82,0.04672,0.1506,-6.055,1.0,0.0,-0.5,1.459,0.57,0.00427,0.0,1.0,0.0,0.0,0.0,-3.525,-0.293876,,,
2.545,0.658,-1.407,-4.508,0.7515,-0.2856,0.09753,1.0,0.0,2.506,2.084,-0.1312,0.0,-0.1058,0.686,1.057,2.875,0.8633,-0.187,0.4681,1.122,-1.128,2.256,0.9966,0.4956,0.59,0.0,0.0,0.484,0.0,0.8457,-0.168,0.3154,1.429,1.0,0.0,-0.5,1.097,0.6543,0.12115,1.0,0.0,0.0,0.0,0.0,0.862,-1.00944,,,
2.545,-0.1642,-1.509,-4.484,-1.055,-0.2856,0.0894,0.0,0.0,2.691,2.373,-0.1727,0.0,-0.1053,0.3794,0.5684,2.463,0.0683,-0.1877,-1.5759,1.059,0.4678,-1.128,2.256,0.4983,0.5693,0.0,0.0,0.4768,0.0,0.755,-0.05908,0.198,-3.844,1.0,0.0,-0.5,1.746,-0.03543,-0.2157,0.0,1.0,0.0,0.0,0.0,-2.285,-0.5629616,,,
2.545,-0.31,-1.511,-4.426,2.014,-0.2856,0.0813,0.0,0.0,2.691,2.4,-0.1748,0.0,-0.10486,0.5874,0.1388,1.972,-0.1324,-0.1796,-0.0808,0.9087,-1.575,0.4678,-1.128,0.483,0.552,0.0,0.0,0.4675,0.0,0.75,0.1803,0.02527,-0.1906,0.0,-0.5,-0.5,1.634,-0.06854,-0.1937,0.0,2.0,0.0,0.0,0.0,-0.11914,-0.6590119999999999,,,
2.545,-1.172,-1.562,-4.36,4.156,-0.2856,0.0732,0.0,0.0,2.691,2.582,-0.2142,0.0,-0.10443,1.058,0.02025,1.525,-1.14,-0.166,-1.5809,0.9453,-0.0808,-1.575,0.4678,0.4778,0.533,0.0,0.0,0.464,0.0,0.6636,0.1803,-0.01255,-3.88,-1.0,-0.5,-0.5,2.104,-0.8955,-0.564,0.0,3.0,0.0,0.0,0.0,-2.434,-1.2193280000000002,,,
2.545,-2.104,-1.562,-4.414,1.045,-0.2856,0.06506,0.0,0.0,2.691,2.582,-0.27,0.0,-0.10394,2.686,-0.03732,1.106,-2.123,-0.1694,-2.3459,1.089,-1.58,-0.0808,-1.575,0.4521,0.513,0.0,0.0,0.4524,0.0,0.542,-0.5586,0.4617,-6.277,-1.0,-0.5,-1.0,2.836,-1.715,-0.968,0.0,4.0,0.0,0.0,0.0,-4.14,0.3230095999999999,,,
2.545,-1.982,-1.562,-4.465,0.0696,-0.2856,0.05692,0.0,0.0,2.691,2.582,-0.271,0.0,-0.1035,2.906,-0.07513,0.7925,-1.978,-0.1802,-0.0459199999999999,1.222,-2.344,-1.58,-0.0808,0.4119,0.493,0.0,0.0,0.4456,0.0,0.5396,-0.562,0.463,-0.1794,-2.0,-1.0,-1.0,2.836,-1.61,-0.8823,0.0,5.0,0.0,0.0,0.0,-0.1278,-1.2994148000000003,,,
2.545,-2.307,-1.562,-4.574,0.433,-0.4285,0.04877,0.0,0.0,2.691,2.582,-0.3105,0.0,-0.1031,0.7173,-0.0645,0.4988,-2.123,-0.1919,-1.7979,1.366,-0.046,-2.344,-1.58,0.3691,0.4749,0.0,0.0,0.427,0.0,0.4531,-0.9272,0.686,-3.975,-2.0,-1.0,-1.5,2.836,-2.066,-1.052,0.0,5.0,0.0,0.0,0.0,-2.834,-0.0431499999999999,,,
2.545,-2.307,-1.562,-4.645,0.1525,-0.4285,0.04065,0.0,0.0,2.691,2.582,-0.3215,0.0,-0.1026,2.56,0.0883,0.2468,-2.123,-0.206,-0.5369,1.584,-1.797,-0.046,-2.344,0.3206,0.4585,0.0,0.0,0.4146,0.0,0.4285,-0.776,0.567,-1.929,-2.0,-1.5,-1.5,2.836,-2.066,-0.9873,0.0,5.0,0.0,0.0,0.0,-1.457,0.8310052,,,
2.545,-2.021,-1.562,-4.695,-0.0987,-0.4285,0.03253,0.0,0.0,2.691,2.582,-0.3022,0.0,-0.1022,1.36,0.2812,0.133,-1.995,-0.2148,0.9441,1.682,-0.537,-1.797,-0.046,0.2874,0.4485,0.0,0.0,0.4102,0.0,0.47,-0.6274,0.4797,2.57,-1.0,-1.5,-1.0,2.791,-1.702,-0.8047,1.0,0.0,0.0,0.0,0.0,1.975,0.7154399999999999,,,
2.477,-1.363,-1.562,-4.777,-0.2289,-0.5713,0.02438,0.0,0.0,2.691,2.582,-0.281,0.0,-0.1017,2.045,0.549,0.2402,-1.308,-0.2286,1.0131,1.657,0.9434,-0.537,-1.797,0.2603,0.4373,0.0,0.0,0.4111,0.0,0.5156,-0.9307,0.7163,4.508,0.0,-1.0,-1.0,1.986,-1.187,-0.673,2.0,0.0,0.0,0.0,0.0,3.363,-0.23964,,,
2.273,-1.601,-1.562,-4.82,0.331,-0.5713,0.01627,0.0,0.0,2.691,2.582,-0.2993,0.0,-0.10126,2.238,0.853,0.4087,-1.444,-0.2413,-0.8419,1.746,1.013,0.9434,-0.537,0.2385,0.4258,0.0,0.0,0.398,0.0,0.4753,-0.709,0.5405,-4.22,0.0,-1.5,-1.0,2.23,-1.436,-0.723,0.0,1.0,0.0,0.0,0.0,-3.053,-0.181112,,,
2.256,-1.584,-1.562,-4.883,0.1217,-0.7144,0.00813,0.0,0.0,2.691,2.582,-0.3074,0.0,-0.1008,1.747,1.131,0.581,-1.461,-0.2493,-0.3842,1.824,-0.8413,1.013,0.9434,0.229,0.4128,0.0,0.0,0.3843,0.0,0.4575,-0.934,0.694,-0.9155,0.0,-1.5,-1.5,2.137,-1.563,-0.7065,0.0,2.0,0.0,0.0,0.0,-0.68,-0.0505279999999999,,,
2.148,-1.3125,-1.562,-4.977,-0.05972,-0.857,0.0,0.0,0.0,2.691,2.582,-0.3074,0.0,-0.10034,1.686,1.413,0.7617,-1.247,-0.2603,0.0001,1.778,-0.384,-0.8413,1.013,0.2196,0.3984,0.0,0.0,0.3662,0.0,0.457,-1.473,1.101,0.0,0.0,-1.5,-2.0,1.903,-1.469,-0.6543,0.0,0.0,0.0,0.0,0.0,0.0,0.0604464,,,
1.84,-0.681,-1.562,-5.04,-0.4146,-1.0,-0.00813,0.0,0.0,2.691,2.582,-0.288,0.0,-0.0999,1.841,1.704,0.964,-0.573,-0.2727,0.9241,1.791,0.0,-0.384,-0.8413,0.2253,0.3918,0.0,0.0,0.3557,0.0,0.4985,-1.186,0.891,2.521,0.0,-1.0,-1.5,1.367,-0.8877,-0.4924,1.0,0.0,0.0,0.0,0.0,1.8955,0.1880183999999999,,,
1.883,-0.462,-1.562,-5.105,-0.2573,-1.143,-0.01627,0.0,0.0,2.691,2.582,-0.289,0.0,-0.0995,1.607,1.966,1.157,-0.4092,-0.2812,-0.0471399999999999,1.805,0.9233,0.0,-0.384,0.2336,0.3826,0.0,0.0,0.3462,0.0,0.496,-1.332,0.995,-0.1202,-1.0,-1.0,-2.0,1.199,-0.9087,-0.4636,0.0,1.0,0.0,0.0,0.0,-0.0878,1.7231344,,,
1.676,1.218,-1.562,-5.105,-4.582,-1.0,-0.02438,1.0,0.0,2.691,2.582,-0.2173,0.0,-0.099,1.498,2.158,1.317,1.276,-0.2852,2.7441000000000004,1.633,-0.0472,0.9233,0.0,0.2554,0.3813,0.0,0.0,0.337,0.0,0.6523,-0.4092,0.4053,4.52,0.0,-0.5,-1.5,-0.05984,0.6704,0.03372,1.0,0.0,0.0,0.0,0.0,3.307,-1.0359136,,,
2.076,0.4268,-1.562,-5.13,-0.517,-0.857,-0.03253,1.0,0.0,2.691,2.582,-0.2588,0.0,-0.0986,2.906,2.234,1.448,0.4011,-0.2874,-1.7559,1.61,2.744,-0.0472,0.9233,0.261,0.372,0.0,0.0,0.331,0.0,0.5615,-0.6206,0.516,-5.758,0.0,-0.5,-1.5,0.7275,-0.0958,-0.2279,0.0,1.0,0.0,0.0,0.0,-3.814,-2.0432719999999995,,,
2.457,-0.5464,-1.562,-5.16,-1.914,-0.857,-0.04065,0.0,0.0,2.691,2.582,-0.3083,0.0,-0.0981,2.906,2.14,1.562,-0.6055,-0.292,-2.2199,1.588,-1.755,2.744,-0.0472,0.2588,0.3645,0.0,0.0,0.3186,0.0,0.4531,-0.667,0.502,-8.56,0.0,-0.5,-1.5,1.688,-1.063,-0.5254,0.0,2.0,0.0,0.0,0.0,-6.004,1.2180839999999993,,,
2.23,0.1598,-1.562,-5.137,-1.489,-0.7144,-0.04877,1.0,0.0,2.691,2.582,-0.278,0.0,-0.09766,2.117,1.953,1.647,0.1296,-0.2942,1.4611,1.335,-2.219,-1.755,2.744,0.266,0.3628,0.0,0.0,0.3035,0.0,0.519,-0.1475,0.1603,3.896,0.0,-0.5,-1.0,1.013,-0.2488,-0.2761,1.0,0.0,0.0,0.0,0.0,2.934,-1.1862440000000003,,,
2.398,-0.6904,-1.562,-5.133,-3.635,-0.7144,-0.05692,0.0,0.0,2.691,2.582,-0.3186,0.0,-0.0972,1.859,1.738,1.714,-0.7007,-0.298,-1.8619,1.177,1.46,-2.219,-1.755,0.2634,0.3613,0.0,0.0,0.2878,0.0,0.4302,-0.3728,0.2825,-7.195,0.0,-1.0,-1.0,1.814,-1.016,-0.563,0.0,1.0,0.0,0.0,0.0,-5.18,-0.9810000000000002,,,
2.545,-1.329,-1.562,-5.12,1.255,-0.7144,-0.06506,0.0,0.0,2.691,2.582,-0.3489,0.0,-0.09674,2.402,1.51,1.76,-1.318,-0.3015,-1.4829,0.951,-1.861,1.46,-2.219,0.2478,0.3494,0.0,0.0,0.268,0.0,0.3635,-0.3252,0.2192,-5.68,-1.0,-1.0,-1.0,2.447,-1.511,-0.8203,0.0,2.0,0.0,0.0,0.0,-4.34,0.047308,,,
2.545,-1.31,-1.562,-5.1,0.1165,-0.7144,-0.0732,0.0,0.0,2.691,2.582,-0.3499,0.0,-0.0963,1.82,1.285,1.775,-1.328,-0.3022,-0.05175,0.8203,-1.482,-1.861,1.46,0.2323,0.3376,0.0,0.0,0.252,0.0,0.361,-0.2693,0.1785,-0.1096,-1.0,-1.0,-1.0,2.252,-1.396,-0.802,0.0,3.0,0.0,0.0,0.0,-0.0879,1.907234,,,
2.264,0.7207,-1.562,-5.043,-1.633,-0.5713,-0.0813,1.0,0.0,2.691,2.582,-0.2588,0.0,-0.0959,2.738,1.012,1.726,0.721,-0.3008,2.7441000000000004,0.5664,-0.05182,-1.482,-1.861,0.2217,0.3284,0.0,0.0,0.2444,0.0,0.559,0.1285,-0.01826,9.62,0.0,-0.5,-1.0,0.3542,0.7734,0.2961,1.0,0.0,0.0,0.0,0.0,7.785,-1.06116,,,
2.545,-0.5503,-1.562,-5.03,-1.561,-0.5713,-0.0894,0.0,0.0,2.691,2.582,-0.3164,0.0,-0.0954,2.717,0.762,1.575,-0.5728,-0.3018,-2.4299,0.427,2.744,-0.05182,-1.482,0.207,0.3196,0.0,0.0,0.2351,0.0,0.433,-0.2617,0.205,-6.46,-1.0,-1.0,-1.5,1.632,-0.2378,-0.4321,0.0,1.0,0.0,0.0,0.0,-4.527,-0.459644,,,
2.545,-0.719,-1.562,-5.01,0.5176,-0.5713,-0.09753,0.0,0.0,2.691,2.582,-0.3257,0.0,-0.095,1.956,0.5493,1.383,-0.73,-0.3042,-0.4435,0.4307,-2.428,2.744,-0.05182,0.2026,0.311,0.0,0.0,0.2301,0.0,0.413,-0.2212,0.1674,-0.6753,-1.0,-1.0,-1.5,1.758,-0.3364,-0.525,0.0,2.0,0.0,0.0,0.0,-0.5146,1.863912,,,
2.377,0.7646,-1.562,-4.953,-2.352,-0.4285,-0.1057,1.0,0.0,2.691,2.582,-0.2578,0.0,-0.0945,0.5156,0.3032,1.17,0.742,-0.3008,2.7441000000000004,0.4539,-0.4434,-2.428,2.744,0.2078,0.3022,0.0,0.0,0.2313,0.0,0.5605,0.1164,-0.00862,9.62,0.0,-1.0,-1.0,0.452,1.19,0.4604,1.0,0.0,1.0,0.0,9.375,7.582,1.7019360000000003,,,
2.172,2.156,-1.324,-4.83,2.92,-0.2856,-0.11383,1.0,0.0,2.238,1.918,-0.1484,0.0,-0.09406,2.906,0.0797,0.9346,2.002,-0.2883,2.7441000000000004,0.898,2.744,-0.4434,-2.428,0.2512,0.305,0.0,0.0,0.246,0.0,0.798,0.4622,-0.1506,9.62,1.0,-0.5,-0.5,-1.091,2.111,1.113,2.0,0.0,0.0,0.0,0.0,7.785,-1.0274074400000002,,,
2.545,0.8867,-1.552,-4.766,-0.596,-0.1428,-0.12195,1.0,0.0,2.691,2.518,-0.2366,0.0,-0.0936,1.403,-0.002455,0.716,0.7607,-0.2815,-2.4299,0.923,2.744,2.744,-0.4434,0.2798,0.301,0.0,0.0,0.2537,0.0,0.6055,0.0683,0.04608,-9.51,0.0,-0.5,-1.0,0.7056,1.679,0.371,0.0,1.0,0.0,0.0,0.0,-6.73,-1.2404400000000004,,,
2.545,-0.1514,-1.562,-4.727,-1.013,-0.1428,-0.1301,0.0,0.0,2.691,2.582,-0.282,0.0,-0.09314,2.166,0.001911,0.491,-0.2646,-0.2808,-1.9779,0.917,-2.428,2.744,2.744,0.297,0.2905,0.0,0.0,0.2554,0.0,0.5054,-0.0735,0.10364,-9.5,0.0,-1.0,-1.0,1.586,0.801,-0.0951,0.0,2.0,0.0,0.0,0.0,-6.453,-0.4837719999999998,,,
2.545,-0.8384,-1.562,-4.754,10.62,-0.2856,-0.1382,0.0,0.0,2.691,2.582,-0.3196,0.0,-0.0927,2.361,0.01182,0.299,-1.036,-0.2834,-1.7319,0.9385,-1.977,-2.428,2.744,0.2817,0.2798,0.0,0.0,0.252,0.0,0.4236,-0.412,0.3096,-4.184,0.0,-1.0,-1.5,2.365,0.12006,-0.4475,0.0,3.0,0.0,0.0,0.0,-3.03,-0.297152,,,
2.545,-1.047,-1.562,-4.76,0.4272,-0.4285,-0.1464,0.0,0.0,2.691,2.582,-0.3337,0.0,-0.0923,1.106,0.002302,0.1422,-1.207,-0.2905,-0.6933,0.9746,-1.732,-1.977,-2.428,0.2773,0.2676,0.0,0.0,0.2489,0.0,0.3923,-0.3367,0.2421,-2.438,-1.0,-1.0,-1.5,2.514,-0.1555,-0.56,0.0,4.0,0.0,0.0,0.0,-1.866,-0.3771288,,,
2.545,-0.921,-1.562,-4.74,-0.005947,-0.4285,-0.1544,0.0,0.0,2.691,2.582,-0.3296,0.0,-0.0918,1.408,0.002491,-0.00802,-1.086,-0.2917,0.2024999999999999,0.998,-0.693,-1.732,-1.977,0.2764,0.258,0.0,0.0,0.2468,0.0,0.401,-0.1682,0.1257,0.465,-1.0,-0.5,-1.0,2.236,-0.01686,-0.5044,1.0,0.0,0.0,0.0,0.0,0.364,-0.5040960000000002,,,
2.545,-1.103,-1.562,-4.742,0.3643,-0.5713,-0.1626,0.0,0.0,2.691,2.582,-0.3418,0.0,-0.0914,2.602,0.002497,-0.12164,-1.306,-0.2944,-0.6034,1.039,0.2024,-0.693,-1.732,0.255,0.2478,0.0,0.0,0.2438,0.0,0.374,-0.3223,0.224,-1.946,-1.0,-1.0,-1.5,2.354,-0.2394,-0.5913,0.0,1.0,0.0,0.0,0.0,-1.514,-0.735312,,,
2.545,-1.483,-1.562,-4.73,0.532,-0.5713,-0.1708,0.0,0.0,2.691,2.582,-0.361,0.0,-0.0909,1.013,0.0012665,-0.1748,-1.677,-0.2974,-0.9739,1.116,-0.603,0.2024,-0.693,0.2006,0.2389,0.0,0.0,0.2372,0.0,0.3318,-0.252,0.1553,-2.998,-1.0,-1.0,-1.5,2.684,-0.564,-0.7085,0.0,2.0,0.0,1.0,-7.91,-2.377,-1.540362,,,
2.545,-2.307,-1.562,-4.723,0.777,-0.5713,-0.1788,0.0,0.0,2.691,2.582,-0.4006,0.0,-0.09045,2.906,0.0058,-0.1852,-2.123,-0.3025,-2.0619,1.278,-0.9736,-0.603,0.2024,0.1587,0.231,0.0,0.0,0.227,0.0,0.2454,-0.2827,0.1395,-8.34,-1.0,-1.0,-1.5,2.836,-1.224,-0.931,0.0,3.0,0.0,0.0,0.0,-6.73,1.6949960000000002,,,
2.545,-1.101,-1.562,-4.68,-0.4504,-0.5713,-0.187,0.0,0.0,2.691,2.582,-0.348,0.0,-0.09,2.33,0.02673,-0.1776,-1.2,-0.306,2.7441000000000004,1.2,-2.06,-0.9736,-0.603,0.1418,0.2262,0.0,0.0,0.2152,0.0,0.3596,-0.0877,0.05075,9.62,0.0,-1.0,-1.0,2.018,0.0955,-0.4666,1.0,0.0,0.0,0.0,0.0,7.785,-0.0713839999999999,,,
2.545,-1.183,-1.562,-4.703,0.22,-0.7144,-0.1951,0.0,0.0,2.691,2.582,-0.358,0.0,-0.08954,1.001,0.07275,-0.1586,-1.362,-0.3093,-0.5175,1.199,2.744,-2.06,-0.9736,0.132,0.2233,0.0,0.0,0.2063,0.0,0.3374,-0.4749,0.3174,-0.804,-1.0,-1.5,-1.5,2.055,-0.1622,-0.5103,0.0,1.0,0.0,0.0,0.0,-0.6436,-0.3844079999999999,,,
2.545,-0.5586,-1.562,-4.676,-0.4722,-0.7144,-0.2032,0.0,0.0,2.691,2.582,-0.3328,0.0,-0.0891,1.42,0.133,-0.1251,-0.71,-0.3125,1.3151,1.206,-0.517,2.744,-2.06,0.1322,0.2227,0.0,0.0,0.2041,0.0,0.392,-0.1604,0.1171,3.781,0.0,-1.0,-1.0,1.417,0.5054,-0.2854,1.0,0.0,0.0,0.0,0.0,3.076,-0.096556,,,
2.545,-0.592,-1.562,-4.652,0.2073,-0.7144,-0.2114,0.0,0.0,2.691,2.582,-0.3347,0.0,-0.0887,1.429,0.1854,-0.0928,-0.7344,-0.3135,-0.1009999999999999,1.193,1.314,-0.517,2.744,0.131,0.2207,0.0,0.0,0.199,0.0,0.3875,-0.1321,0.09503,-0.2491,0.0,-1.0,-1.0,1.263,0.3254,-0.2798,0.0,1.0,0.0,0.0,0.0,-0.1947,-0.6153199999999999,,,
2.545,-0.9155,-1.562,-4.676,0.8115,-0.857,-0.2195,0.0,0.0,2.691,2.582,-0.355,0.0,-0.0882,1.253,0.2712,-0.04596,-1.1045,-0.3179,-1.0139,1.216,-0.101,1.314,-0.517,0.1276,0.2162,0.0,0.0,0.1956,0.0,0.343,-0.5347,0.363,-2.11,0.0,-1.0,-1.5,1.455,-0.3032,-0.4321,0.0,2.0,0.0,0.0,0.0,-1.654,0.6320999999999999,,,
2.162,-0.09015,-1.562,-4.75,-0.924,-1.0,-0.2277,0.0,0.0,2.691,2.582,-0.3337,0.0,-0.08777,1.807,0.4373,0.06445,-0.2817,-0.332,1.1001,1.205,-1.014,-0.101,1.314,0.1346,0.2141,0.0,0.0,0.197,0.0,0.389,-1.122,0.8027,3.357,0.0,-0.5,-1.5,0.7456,0.03778,-0.2612,1.0,0.0,0.0,0.0,0.0,2.717,1.5620192000000004,,,
1.735,2.156,-1.267,-4.68,-14.766,-1.0,-0.2357,1.0,0.0,2.064,1.812,-0.1697,0.0,-0.0873,2.906,0.4739,0.1335,2.002,-0.3286,2.7441000000000004,1.469,1.099,-1.014,-0.101,0.1935,0.2224,0.0,0.0,0.2133,0.0,0.745,0.2161,0.00464,9.62,1.0,-0.5,-1.0,-1.454,2.111,0.897,2.0,0.0,0.0,0.0,0.0,7.785,-1.363812,,,
2.344,1.656,-1.497,-4.625,-0.4531,-0.857,-0.2439,1.0,0.0,2.691,2.385,-0.255,0.0,-0.08685,2.906,0.3982,0.154,1.235,-0.3179,-2.4299,1.474,2.744,1.099,-1.014,0.2173,0.2257,0.0,0.0,0.2136,0.0,0.559,0.02263,0.0612,-9.51,0.0,-0.5,-1.0,-0.1399,1.624,0.2695,0.0,1.0,0.0,0.0,0.0,-6.73,-0.7681748,,,
2.5,0.927,-1.562,-4.56,-0.3154,-0.7144,-0.252,1.0,0.0,2.691,2.582,-0.282,0.0,-0.0864,2.166,0.299,0.1658,0.524,-0.315,-1.2169,1.48,-2.428,2.744,1.099,0.2367,0.2261,0.0,0.0,0.2168,0.0,0.4988,0.0693,0.001731,-4.965,0.0,-0.5,-1.0,0.4807,1.104,0.05603,0.0,2.0,0.0,0.0,0.0,-3.459,1.1981800000000005,,,
2.34,1.925,-1.417,-4.457,1.191,-0.5713,-0.2603,1.0,0.0,2.492,2.154,-0.2325,0.0,-0.08594,2.213,0.2246,0.1681,1.523,-0.3088,2.2951,1.538,-1.216,-2.428,2.744,0.2622,0.2295,0.0,0.0,0.2252,0.0,0.6064,0.3186,-0.1288,9.62,1.0,0.0,-0.5,-0.2754,1.979,0.371,1.0,0.0,0.0,0.0,0.0,7.008,-1.294536,,,
2.545,0.947,-1.512,-4.38,-0.3875,-0.4285,-0.2683,1.0,0.0,2.691,2.404,-0.269,0.0,-0.0855,2.393,0.153,0.1675,0.5854,-0.305,-1.5729,1.527,2.293,-1.216,-2.428,0.279,0.2263,0.0,0.0,0.2242,0.0,0.5264,0.1392,-0.03558,-6.52,0.0,-0.5,-1.0,0.541,1.337,0.117,0.0,1.0,0.0,0.0,0.0,-4.406,0.2861400000000001,,,
2.5,1.255,-1.444,-4.277,0.4536,-0.2856,-0.2764,1.0,0.0,2.58,2.219,-0.2487,0.0,-0.0851,1.841,0.11395,0.1477,0.9346,-0.3003,0.9191,1.236,-1.572,2.293,-1.216,0.3064,0.2269,0.0,0.0,0.2151,0.0,0.57,0.2588,-0.1015,4.816,0.0,0.0,-0.5,0.2129,1.624,0.363,1.0,0.0,0.0,0.0,0.0,3.424,1.1343600000000005,,,
2.451,1.614,-1.361,-4.152,0.4207,-0.1428,-0.2847,1.0,0.0,2.354,1.992,-0.2224,0.0,-0.0846,2.111,0.1757,0.1197,1.28,-0.29,1.1611,1.269,0.919,-1.572,2.293,0.3347,0.2322,0.0,0.0,0.2164,0.0,0.626,0.4253,-0.1951,8.164,1.0,0.0,0.0,-0.2018,1.922,0.5635,2.0,0.0,0.0,0.0,0.0,5.64,-0.040332,,,
2.252,1.295,-1.354,-4.008,-0.06805,0.0,-0.2927,1.0,0.0,2.318,1.988,-0.2224,0.0,-0.08417,1.516,0.3726,0.1338,0.9814,-0.2776,0.0001,1.356,1.161,0.919,-1.572,0.3213,0.2356,0.0,0.0,0.2218,0.0,0.6255,0.622,-0.3354,0.0,1.0,0.0,0.0,-0.2101,1.6875,0.5093,0.0,0.0,0.0,0.0,0.0,0.0,-0.0397543999999999,,,
2.389,0.4265,-1.437,-3.918,-0.541,0.1428,-0.3008,1.0,0.0,2.55,2.205,-0.2537,0.0,-0.0837,1.241,0.5967,0.1959,0.1195,-0.27,-1.3359,1.383,0.0,1.161,0.919,0.3215,0.2395,0.0,0.0,0.2278,0.0,0.5566,0.2996,-0.1355,-5.496,0.0,0.0,-0.5,0.4824,1.134,0.2352,0.0,1.0,0.0,0.0,0.0,-3.662,1.8403200000000004,,,
2.262,1.498,-1.254,-3.785,2.389,0.2856,-0.3088,1.0,0.0,2.076,1.737,-0.193,0.0,-0.08325,0.4736,0.8447,0.3193,1.214,-0.2603,2.7001000000000004,1.504,-1.336,0.0,1.161,0.3442,0.249,0.0,0.0,0.2405,0.0,0.688,0.5347,-0.2451,9.62,1.0,0.0,0.0,-0.4429,2.107,0.603,1.0,0.0,1.0,0.0,9.375,7.785,0.4879191999999998,,,
2.16,1.867,-1.16,-3.654,0.3828,0.4285,-0.3171,1.0,0.0,1.857,1.528,-0.1626,0.0,-0.0828,1.413,1.101,0.4778,1.626,-0.2502,1.2441,1.679,2.697,-1.336,0.0,0.362,0.2605,0.0,0.0,0.2556,0.0,0.753,0.5483,-0.2258,7.348,1.0,0.0,0.0,-0.7305,2.111,0.695,2.0,0.0,0.0,0.0,0.0,4.715,-0.1032915999999999,,,
2.17,1.532,-1.157,-3.518,-0.05017,0.5713,-0.3252,1.0,0.0,1.854,1.522,-0.1647,0.0,-0.08234,0.866,1.341,0.652,1.384,-0.2417,-0.07973,1.787,1.244,2.697,-1.336,0.3887,0.266,0.0,0.0,0.2717,0.0,0.748,0.5483,-0.2278,-0.4087,0.0,0.0,0.0,-0.584,2.111,0.5884,0.0,1.0,0.0,0.0,0.0,-0.2524,-0.6976855999999999,,,
2.219,0.905,-1.195,-3.373,-0.2822,0.7144,-0.3333,1.0,0.0,1.94,1.6045,-0.1809,0.0,-0.0819,0.2421,1.521,0.8193,0.9165,-0.236,-0.6405,1.785,-0.07983,1.244,2.697,0.406,0.2744,0.0,0.0,0.288,0.0,0.7124,0.5684,-0.2576,-2.178,0.0,0.0,0.0,-0.2076,1.837,0.4285,0.0,2.0,0.0,0.0,0.0,-1.348,-0.1980456000000001,,,
2.207,0.4514,-1.219,-3.246,-0.358,0.857,-0.3416,1.0,0.0,1.99,1.658,-0.192,0.0,-0.0815,0.159,1.577,0.9795,0.545,-0.2295,-0.4494,1.608,-0.64,-0.07983,1.244,0.4138,0.2827,0.0,0.0,0.307,0.0,0.6875,0.4548,-0.1871,-1.517,0.0,-0.5,-0.5,-0.2391,1.226,0.3237,0.0,3.0,0.0,0.0,0.0,-0.958,0.8219624,,,
1.522,0.912,-1.142,-3.201,1.058,0.857,-0.3496,1.0,0.0,1.769,1.542,-0.1697,0.0,-0.081,0.272,1.57,1.114,0.9375,-0.2266,0.9117,1.574,-0.4492,-0.64,-0.07983,0.4272,0.288,0.0,0.0,0.323,0.0,0.7354,-0.0945,0.2262,4.02,0.0,0.0,-0.5,-0.638,1.34,0.424,1.0,0.0,0.0,0.0,0.0,2.576,-0.3861296,,,
1.241,0.5103,-1.175,-3.121,-0.299,0.857,-0.3577,1.0,0.0,1.816,1.637,-0.184,0.0,-0.08057,-0.06143,1.562,1.224,0.5815,-0.2235,-0.5639,1.445,0.911,-0.4492,-0.64,0.445,0.286,0.0,0.0,0.3389,0.0,0.704,0.348,-0.10297,-2.021,-1.0,-0.5,-0.5,-0.3464,0.99,0.2883,0.0,1.0,0.0,0.0,0.0,-1.26,0.003308,,,
1.163,0.0942,-1.207,-3.03,-0.618,0.857,-0.366,1.0,0.0,1.881,1.718,-0.1981,0.0,-0.0801,-0.1448,1.507,1.3125,0.2069,-0.2195,-0.5739,1.331,-0.564,0.911,-0.4492,0.4438,0.288,0.0,0.0,0.351,0.0,0.6724,0.4504,-0.19,-2.363,-1.0,-1.0,-0.5,-0.1212,0.612,0.1475,0.0,2.0,0.0,0.0,0.0,-1.499,0.0218039999999999,,,
1.0,0.748,-1.087,-2.953,4.113,0.857,-0.374,1.0,0.0,1.613,1.469,-0.1606,0.0,-0.07965,1.456,1.427,1.382,0.878,-0.2153,1.5451,1.225,-0.5737,-0.564,0.911,0.4443,0.2957,0.0,0.0,0.3667,0.0,0.754,0.3892,-0.1103,3.486,0.0,-0.5,-0.5,-0.6616,1.146,0.4026,1.0,0.0,0.0,0.0,0.0,2.25,0.9907360000000002,,,
0.8765,1.259,-0.9717,-2.84,0.792,0.857,-0.382,1.0,0.0,1.381,1.249,-0.1242,0.0,-0.0792,1.58,1.334,1.439,1.41,-0.206,1.4341,1.06,1.544,-0.5737,-0.564,0.4546,0.3076,0.0,0.0,0.3877,0.0,0.8325,0.88,-0.4255,7.71,1.0,0.0,0.0,-1.063,1.598,0.683,2.0,0.0,0.0,0.0,0.0,4.75,-1.0022412,,,
0.9336,0.4377,-1.069,-2.764,-0.5215,0.857,-0.3901,1.0,0.0,1.572,1.437,-0.1586,0.0,-0.07874,0.9004,1.237,1.443,0.504,-0.1956,-1.2959,0.8115,1.434,1.544,-0.5737,0.4604,0.318,0.0,0.0,0.4036,0.0,0.7563,0.4863,-0.1777,-9.51,0.0,-0.5,-0.5,-0.417,0.98,0.3577,0.0,1.0,0.0,0.0,0.0,-5.64,-0.004168,,,
0.774,0.419,-1.049,-2.691,0.09454,0.857,-0.3984,1.0,0.0,1.52,1.408,-0.1545,0.0,-0.0783,-0.00455,1.16,1.433,0.4421,-0.1887,0.159,0.835,-1.296,1.434,1.544,0.47,0.3289,0.0,0.0,0.4048,0.0,0.7646,0.3738,-0.0934,0.432,1.0,-0.5,-0.5,-0.398,0.97,0.385,1.0,0.0,0.0,0.0,0.0,0.2654,0.4461347999999999,,,
0.969,-0.5093,-1.177,-2.64,-1.85,0.7144,-0.4065,0.0,0.0,1.799,1.664,-0.2001,0.0,-0.0779,2.121,1.11,1.427,-0.527,-0.1844,-1.7789,0.7764,0.1588,-1.296,1.434,0.4622,0.3374,0.0,0.0,0.41,0.0,0.6655,0.03983,0.1013,-4.523,1.0,-0.5,-0.5,0.4353,0.2043,-0.1292,0.0,1.0,0.0,0.0,0.0,-2.766,-0.7481920000000002,,,
1.112,-1.156,-1.264,-2.596,1.747,0.5713,-0.4146,0.0,0.0,2.008,1.856,-0.2314,0.0,-0.0774,1.152,1.035,1.389,-1.177,-0.1823,-1.2979,0.651,-1.778,0.1588,-1.296,0.45,0.3455,0.0,0.0,0.4143,0.0,0.5967,0.03983,0.0712,-4.176,0.0,-0.5,-0.5,0.9287,-0.4084,-0.545,0.0,2.0,0.0,1.0,-7.91,-2.705,-0.0453352,,,
0.929,-1.087,-1.253,-2.586,0.0647,0.4285,-0.4229,0.0,0.0,1.967,1.845,-0.2305,0.0,-0.07697,0.7793,0.946,1.324,-1.153,-0.1825,0.04374,0.648,-1.297,-1.778,0.1588,0.4417,0.3557,0.0,0.0,0.4146,0.0,0.5986,-0.3652,0.3613,0.1065,0.0,0.0,-0.5,0.795,-0.4019,-0.535,1.0,0.0,0.0,0.0,0.0,0.07184,0.1596335999999999,,,
1.016,-1.334,-1.301,-2.605,0.3965,0.2856,-0.431,0.0,0.0,2.088,1.955,-0.2487,0.0,-0.07654,2.01,0.837,1.212,-1.428,-0.1869,-0.7839,0.59,0.0436,-1.297,-1.778,0.4192,0.3618,0.0,0.0,0.4165,0.0,0.558,-0.7427,0.6133,-2.547,0.0,-0.5,-1.0,1.125,-0.652,-0.8027,0.0,1.0,0.0,0.0,0.0,-1.717,-1.102276,,,
1.238,-1.945,-1.41,-2.645,0.6543,0.1428,-0.439,0.0,0.0,2.385,2.223,-0.287,0.0,-0.07605,2.191,0.708,1.049,-2.035,-0.1953,-1.6969,0.7114,-0.784,0.0436,-1.297,0.3777,0.3662,0.0,0.0,0.4128,0.0,0.474,-0.9136,0.6987,-5.926,-1.0,-0.5,-1.0,1.879,-1.284,-1.164,0.0,2.0,0.0,0.0,0.0,-4.094,0.3866148000000002,,,
1.307,-1.732,-1.39,-2.674,0.01157,0.0,-0.4473,0.0,0.0,2.336,2.162,-0.2832,0.0,-0.0756,1.642,0.5723,0.877,-1.852,-0.2012,0.1888,0.843,-1.697,-0.784,0.0436,0.346,0.3691,0.0,0.0,0.4075,0.0,0.4827,-0.805,0.6245,0.54,0.0,0.0,-0.5,1.643,-1.07,-0.992,1.0,0.0,0.0,0.0,0.0,0.394,0.4114999999999999,,,
1.273,-1.188,-1.312,-2.676,-0.2186,-0.1428,-0.4553,0.0,0.0,2.135,1.962,-0.2607,0.0,-0.07513,1.309,0.4597,0.721,-1.34,-0.205,1.0321,0.901,0.1886,-1.697,-0.784,0.3186,0.3738,0.0,0.0,0.4038,0.0,0.531,-0.556,0.4685,2.6,1.0,0.0,0.0,1.08,-0.506,-0.712,2.0,0.0,0.0,0.0,0.0,1.886,-1.0919731999999998,,,
1.631,-1.923,-1.439,-2.717,0.842,-0.2856,-0.4634,0.0,0.0,2.498,2.275,-0.3054,0.0,-0.0747,2.65,0.3804,0.5635,-2.062,-0.2145,-1.9989,1.038,1.031,0.1886,-1.697,0.2917,0.3767,0.0,0.0,0.3992,0.0,0.4333,-0.9463,0.704,-7.79,0.0,-0.5,-0.5,2.008,-1.261,-1.052,0.0,1.0,0.0,0.0,0.0,-5.473,1.5072,,,
1.589,-0.0154,-1.15,-2.7,-0.9736,-0.2856,-0.4714,1.0,0.0,1.793,1.556,-0.2153,0.0,-0.0743,2.906,0.3608,0.4326,-0.11206,-0.221,2.7441000000000004,1.038,-1.998,1.031,0.1886,0.296,0.3838,0.0,0.0,0.3972,0.0,0.6284,-0.256,0.2979,9.62,1.0,0.0,0.0,0.2878,0.757,-0.2034,1.0,0.0,0.0,0.0,0.0,7.785,1.390362,,,
1.557,0.8257,-1.01,-2.652,13.77,-0.2856,-0.4797,1.0,0.0,1.506,1.266,-0.1727,0.0,-0.0738,1.345,0.354,0.3318,0.699,-0.2184,1.7941,1.024,2.744,-1.998,1.031,0.3108,0.3838,0.0,0.0,0.3962,0.0,0.72,0.0276,0.1362,9.62,2.0,0.0,0.5,-0.368,1.394,0.1993,2.0,0.0,0.0,0.0,0.0,6.406,-0.6739836000000001,,,
1.61,0.4714,-1.062,-2.639,-0.2842,-0.2856,-0.4878,1.0,0.0,1.611,1.365,-0.1923,0.0,-0.07336,0.6675,0.3762,0.261,0.3157,-0.219,-0.7782,0.9985,1.793,2.744,-1.998,0.3252,0.3875,0.0,0.0,0.3938,0.0,0.6772,-0.2534,0.318,-3.549,1.0,0.0,0.0,-0.002563,0.965,0.03198,0.0,1.0,0.0,0.0,0.0,-2.22,-1.073268,,,
1.729,-0.1445,-1.169,-2.668,-1.058,-0.4285,-0.4958,0.0,0.0,1.843,1.585,-0.2295,0.0,-0.07294,1.487,0.4792,0.227,-0.2878,-0.2266,-1.5229,0.992,-0.778,1.793,2.744,0.3398,0.3906,0.0,0.0,0.3894,0.0,0.5957,-0.6226,0.546,-4.68,0.0,0.0,-0.5,0.697,0.3042,-0.3003,0.0,2.0,0.0,0.0,0.0,-3.0,-0.0042559999999999,,,
1.847,0.1794,-1.124,-2.666,-5.344,-0.4285,-0.504,1.0,0.0,1.757,1.476,-0.2183,0.0,-0.07245,2.906,0.6196,0.2478,0.11774,-0.235,0.4789,0.9873,-1.522,-0.778,1.793,0.3564,0.3916,0.0,0.0,0.387,0.0,0.6196,-0.4111,0.4058,2.012,1.0,0.0,0.0,0.503,0.52,-0.1813,1.0,0.0,0.0,0.0,0.0,1.354,0.3690464,,,
2.035,0.3372,-1.105,-2.668,0.78,-0.4285,-0.512,1.0,0.0,1.732,1.42,-0.2153,0.0,-0.072,2.617,0.699,0.2817,0.2073,-0.2363,0.1288,0.956,0.4785,-1.522,-0.778,0.368,0.3948,0.0,0.0,0.3828,0.0,0.6255,-0.4172,0.413,0.6855,1.0,0.5,0.0,0.3691,0.4639,-0.1306,2.0,0.0,0.0,0.0,0.0,0.4548,0.5553439999999997,,,
1.944,0.7183,-1.039,-2.637,1.106,-0.2856,-0.5205,1.0,0.0,1.594,1.292,-0.197,0.0,-0.07153,2.055,0.717,0.3247,0.611,-0.2374,0.7686999999999999,0.945,0.1285,0.4785,-1.522,0.3958,0.398,0.0,0.0,0.3818,0.0,0.6646,-0.0772,0.1877,3.258,1.0,1.0,0.5,0.04605,0.718,0.0555,3.0,0.0,0.0,0.0,0.0,2.15,-0.049396,,,
1.921,0.624,-1.038,-2.592,0.00764,-0.1428,-0.5283,1.0,0.0,1.591,1.292,-0.1991,0.0,-0.0711,1.485,0.6567,0.365,0.5317,-0.2357,-0.0833,0.9443,0.7686,0.1285,0.4785,0.4,0.3994,0.0,0.0,0.3816,0.0,0.6597,0.10535,0.05548,-0.341,1.0,0.5,0.5,0.12085,0.645,0.0361,0.0,1.0,0.0,0.0,0.0,-0.22,-1.1277876000000002,,,
2.238,-0.3164,-1.177,-2.572,-1.291,-0.1428,-0.5366,0.0,0.0,1.9,1.559,-0.2446,0.0,-0.0707,2.033,0.538,0.4058,-0.4136,-0.2357,-1.8819,0.903,-0.0834,0.7686,0.1285,0.3813,0.3982,0.0,0.0,0.374,0.0,0.56,-0.1721,0.2098,-6.324,1.0,0.0,0.0,1.0205,-0.1066,-0.3794,0.0,2.0,0.0,0.0,0.0,-4.09,-0.830326,,,
2.518,-1.201,-1.312,-2.568,4.156,-0.1428,-0.545,0.0,0.0,2.236,1.859,-0.289,0.0,-0.0702,2.32,0.4102,0.452,-1.271,-0.2393,-1.9549,0.804,-1.881,-0.0834,0.7686,0.3567,0.396,0.0,0.0,0.3591,0.0,0.4622,-0.3025,0.2603,-9.51,0.0,0.0,0.0,1.887,-0.9014,-0.7925,0.0,3.0,0.0,0.0,0.0,-6.73,1.1941519999999997,,,
2.428,-0.215,-1.144,-2.51,-0.8076,-0.1428,-0.5527,0.0,0.0,1.845,1.471,-0.2394,0.0,-0.06976,2.906,0.3074,0.4785,-0.1986,-0.2408,2.3301000000000003,0.707,-1.954,-1.881,-0.0834,0.3542,0.393,0.0,0.0,0.3518,0.0,0.5703,0.1448,-0.01116,9.62,0.0,0.0,0.5,0.8794,0.28,-0.214,1.0,0.0,0.0,0.0,0.0,7.785,0.173252,,,
2.545,-0.305,-1.139,-2.45,0.8525,-0.1428,-0.561,0.0,0.0,1.854,1.439,-0.2406,0.0,-0.06934,2.906,0.1975,0.4692,-0.2556,-0.2394,-0.055,0.5728,2.33,-1.954,-1.881,0.3484,0.3884,0.0,0.0,0.344,0.0,0.567,0.11957,0.005615,-0.3,-1.0,-0.5,0.0,0.8374,0.2296,-0.186,0.0,1.0,0.0,0.0,0.0,-0.2046,1.3021720000000006,,,
2.51,0.3936,-1.009,-2.387,-3.205,0.0,-0.5693,1.0,0.0,1.581,1.186,-0.2031,0.0,-0.06885,0.655,0.05997,0.422,0.4673,-0.2366,1.6351,0.568,-0.0551,2.33,-1.954,0.3516,0.386,0.0,0.0,0.3438,0.0,0.648,0.1862,-0.006023,4.863,0.0,0.0,0.0,0.1421,0.861,0.3062,1.0,0.0,0.0,0.0,0.0,3.324,1.0389487999999998,,,
2.318,0.9355,-0.883,-2.277,1.352,0.1428,-0.577,1.0,0.0,1.339,0.967,-0.1667,0.0,-0.0684,0.569,-0.02083,0.332,1.038,-0.2283,1.5131,0.6685,1.634,-0.0551,2.33,0.3594,0.387,0.0,0.0,0.3496,0.0,0.7266,0.5923,-0.261,7.44,1.0,0.5,0.5,-0.5083,1.257,0.6724,2.0,0.0,1.0,0.0,7.125,4.84,-0.0177263999999999,,,
2.01,0.8594,-0.8765,-2.227,0.0535,0.1428,-0.5854,1.0,0.0,1.303,0.9814,-0.1667,0.0,-0.06793,0.0646,-0.03644,0.2153,0.932,-0.2235,0.0001,0.7534,1.513,1.634,-0.0551,0.3677,0.3884,0.0,0.0,0.3555,0.0,0.726,0.2084,0.013016,0.0,1.0,0.0,0.0,-0.5034,1.067,0.5864,0.0,0.0,0.0,0.0,0.0,0.0,-0.1542120000000001,,,
1.854,1.004,-0.8438,-2.197,0.297,0.1428,-0.5933,1.0,0.0,1.235,0.937,-0.1586,0.0,-0.0675,0.3013,-0.0744,0.0953,1.096,-0.2234,0.3211,0.8345,0.0,1.513,1.634,0.3896,0.3892,0.0,0.0,0.3635,0.0,0.743,0.0035,0.167,1.325,1.0,0.0,0.0,-0.568,1.076,0.585,1.0,0.0,0.0,0.0,0.0,0.8228,-1.717575999999999,,,
2.203,-0.1456,-1.028,-2.195,-0.9985,0.0,-0.6016,0.0,0.0,1.593,1.248,-0.2163,0.0,-0.0671,1.695,-0.1147,0.0,-0.07263,-0.2239,-2.2659,0.753,0.3208,0.0,1.513,0.4082,0.3872,0.0,0.0,0.3699,0.0,0.617,-0.2427,0.2874,-9.27,1.0,-0.5,0.0,0.4956,0.10754,-0.0637,0.0,1.0,0.0,0.0,0.0,-5.7,-0.3290188,,,
2.355,-0.3003,-1.045,-2.168,2.701,0.0,-0.61,0.0,0.0,1.638,1.27,-0.2234,0.0,-0.0666,2.906,-0.101,-0.0802,-0.2128,-0.2241,-0.2992,0.6675,-2.264,0.3208,0.0,0.4124,0.3855,0.0,0.0,0.3752,0.0,0.6006,-0.05356,0.1456,-1.828,0.0,-0.5,0.0,0.603,-0.01483,-0.1818,0.0,2.0,0.0,0.0,0.0,-1.209,0.1148559999999998,,,
2.125,0.1898,-0.9556,-2.137,-2.26,0.0,-0.6177,1.0,0.0,1.451,1.115,-0.1981,0.0,-0.06616,1.797,-0.0763,-0.1539,0.2954,-0.2236,1.0791,0.631,-0.2993,-2.264,0.3208,0.423,0.3833,0.0,0.0,0.381,0.0,0.6553,0.03622,0.1058,6.14,0.0,0.0,0.0,0.1937,0.4841,0.0915,1.0,0.0,0.0,0.0,0.0,4.098,0.0330904,,,
2.035,0.2603,-0.9336,-2.105,0.4111,0.0,-0.626,1.0,0.0,1.404,1.082,-0.193,0.0,-0.06573,1.673,-0.05597,-0.181,0.372,-0.2224,0.2087999999999999,0.4258,1.079,-0.299,-2.264,0.4258,0.3792,0.0,0.0,0.391,0.0,0.6655,0.04846,0.1019,1.369,1.0,0.5,0.0,0.10443,0.513,0.12476,2.0,0.0,0.0,0.0,0.0,0.8843,-0.8408719999999998,,,
2.223,-0.3816,-1.036,-2.096,-1.874,-0.1428,-0.6343,0.0,0.0,1.61,1.263,-0.2264,0.0,-0.06525,2.512,-0.04752,-0.1835,-0.321,-0.2218,-1.3689,0.4329,0.2087,1.079,-0.299,0.4104,0.375,0.0,0.0,0.3901,0.0,0.592,-0.275,0.3008,-7.11,0.0,0.0,-0.5,0.776,-0.0085,-0.3643,0.0,1.0,0.0,0.0,0.0,-4.562,-1.2369480000000004,,,
2.336,-0.9253,-1.129,-2.104,2.068,-0.2856,-0.642,0.0,0.0,1.807,1.447,-0.2568,0.0,-0.0648,0.854,-0.0529,-0.2008,-0.883,-0.2249,-1.2999,0.4468,-1.368,0.2087,1.079,0.3875,0.3687,0.0,0.0,0.3826,0.0,0.5254,-0.4226,0.3772,-6.21,0.0,0.0,-0.5,1.287,-0.5703,-0.7437,0.0,2.0,0.0,0.0,0.0,-4.164,1.1298499999999998,,,
2.148,-0.1696,-0.9927,-2.059,-0.823,-0.2856,-0.6504,0.0,0.0,1.521,1.184,-0.2183,0.0,-0.06433,2.094,-0.0647,-0.2177,-0.09174,-0.225,1.7171,0.4343,-1.3,-1.368,0.2087,0.3723,0.3677,0.0,0.0,0.3801,0.0,0.6084,0.058,0.07086,5.332,1.0,0.0,0.0,0.4858,0.1918,-0.1624,1.0,0.0,0.0,0.0,0.0,3.727,-1.2771,,,
2.535,-1.453,-1.189,-2.02,15.68,-0.2856,-0.6587,0.0,0.0,1.951,1.563,-0.28,0.0,-0.0639,2.906,-0.10187,-0.2097,-1.402,-0.2225,-2.4299,0.533,1.716,-1.3,-1.368,0.356,0.3647,0.0,0.0,0.3757,0.0,0.4734,-0.044,0.08453,-9.51,0.0,-0.5,0.0,1.688,-0.9233,-0.9575,0.0,1.0,0.0,0.0,0.0,-6.73,0.6139616000000001,,,
2.148,-0.756,-1.067,-1.989,-0.41,-0.2856,-0.6665,0.0,0.0,1.666,1.333,-0.2467,0.0,-0.0635,1.721,-0.1692,-0.1993,-0.7666,-0.2202,1.5411,0.5527,-2.428,1.716,-1.3,0.3499,0.3638,0.0,0.0,0.373,0.0,0.5454,-0.137,0.1829,7.637,0.0,0.0,0.0,0.989,-0.0861,-0.481,1.0,0.0,0.0,0.0,0.0,5.516,-0.5026864000000001,,,
1.691,0.6616,-0.81,-1.921,-2.111,-0.1428,-0.675,1.0,0.0,1.166,0.8926,-0.1727,0.0,-0.063,1.649,-0.2305,-0.1808,0.6416,-0.2157,2.7441000000000004,0.6,1.54,-2.428,1.716,0.3564,0.3684,0.0,0.0,0.377,0.0,0.7056,0.2343,-0.01128,9.62,1.0,0.0,0.5,-0.2457,1.252,0.4482,2.0,0.0,0.0,0.0,0.0,7.785,0.1029504,,,
1.676,0.8633,-0.7554,-1.864,0.4236,-0.1428,-0.683,1.0,0.0,1.078,0.8047,-0.1597,0.0,-0.06256,2.027,-0.2494,-0.1525,0.803,-0.2108,0.5261,0.6626,2.744,1.54,-2.428,0.365,0.376,0.0,0.0,0.3804,0.0,0.7334,0.1285,0.0767,4.08,2.0,0.5,0.5,-0.4187,1.3125,0.5566,3.0,0.0,0.0,0.0,0.0,2.55,-0.4555884000000001,,,
1.6455,0.566,-0.7974,-1.839,-0.2029,-0.1428,-0.691,1.0,0.0,1.142,0.8755,-0.1748,0.0,-0.0621,0.791,-0.2246,-0.1359,0.524,-0.212,-0.5966,0.6914,0.5254,2.744,1.54,0.3782,0.3826,0.0,0.0,0.3826,0.0,0.6997,-0.1382,0.2527,-2.371,1.0,0.5,0.0,-0.06476,1.024,0.3474,0.0,1.0,0.0,0.0,0.0,-1.459,0.6998319999999998,,,
1.667,1.056,-0.7007,-1.798,0.941,-0.1428,-0.699,1.0,0.0,0.9937,0.7188,-0.1495,0.0,-0.06165,1.568,-0.1759,-0.12006,0.989,-0.21,1.0141,0.748,-0.5967,0.5254,2.744,0.4055,0.3894,0.0,0.0,0.391,0.0,0.754,-0.00715,0.1832,6.438,2.0,0.5,0.5,-0.3657,1.371,0.5605,1.0,0.0,0.0,0.0,0.0,4.035,0.1379076,,,
2.033,0.06647,-0.867,-1.794,-0.7964,-0.1428,-0.7075,1.0,0.0,1.289,0.963,-0.2012,0.0,-0.06122,2.23,-0.1466,-0.1296,-0.03848,-0.2104,-2.0039,0.6025,1.013,-0.5967,0.5254,0.41,0.3958,0.0,0.0,0.3992,0.0,0.6406,-0.2903,0.336,-9.51,1.0,0.0,0.0,0.544,0.4707,-0.06915,0.0,1.0,0.0,0.0,0.0,-6.73,-0.9908275999999996,,,
2.275,-0.61,-0.9756,-1.773,-4.758,-0.1428,-0.7153,0.0,0.0,1.5,1.141,-0.2355,0.0,-0.06076,2.906,-0.1395,-0.1653,-0.7,-0.212,-1.4259,0.597,-2.004,1.013,-0.5967,0.4214,0.3945,0.0,0.0,0.3994,0.0,0.565,-0.1877,0.2297,-9.51,0.0,0.0,0.0,1.229,-0.05997,-0.511,0.0,2.0,0.0,0.0,0.0,-6.28,-1.0232,,,
2.35,-1.232,-1.081,-1.771,1.392,-0.1428,-0.7236,0.0,0.0,1.71,1.345,-0.269,0.0,-0.0603,1.006,-0.1526,-0.2167,-1.309,-0.2155,-1.4479,0.6597,-1.425,-2.004,1.013,0.4158,0.3887,0.0,0.0,0.397,0.0,0.4915,-0.303,0.28,-7.562,-1.0,0.0,0.0,1.857,-0.6064,-0.879,0.0,3.0,0.0,0.0,0.0,-5.133,-1.5596320000000004,,,
2.545,-2.236,-1.268,-1.816,1.065,-0.2856,-0.732,0.0,0.0,2.154,1.725,-0.3257,0.0,-0.05984,2.906,-0.1516,-0.2676,-2.123,-0.2239,-2.4299,0.9272,-1.447,-1.425,-2.004,0.3767,0.3806,0.0,0.0,0.3857,0.0,0.3672,-0.642,0.4678,-9.51,-1.0,-0.5,-0.5,2.836,-1.544,-1.248,0.0,4.0,0.0,0.0,0.0,-6.73,-0.0008399999999999,,,
2.545,-2.025,-1.251,-1.859,0.02817,-0.4285,-0.7397,0.0,0.0,2.107,1.689,-0.3235,0.0,-0.05942,1.492,-0.05737,-0.2378,-2.074,-0.2346,0.1001,1.084,-2.428,-1.447,-1.425,0.3347,0.3748,0.0,0.0,0.3716,0.0,0.371,-0.6587,0.4814,0.597,-1.0,0.0,-0.5,2.816,-1.356,-1.053,1.0,0.0,0.0,0.0,0.0,0.4617,-1.0801704000000003,,,
2.545,-2.307,-1.37,-1.901,0.4744,-0.4285,-0.748,0.0,0.0,2.42,1.974,-0.361,0.0,-0.05896,2.74,0.152,-0.1235,-2.123,-0.2473,-1.8439,1.315,0.0999,-2.428,-1.447,0.287,0.3662,0.0,0.0,0.354,0.0,0.2888,-0.6714,0.4548,-9.51,-1.0,-0.5,-0.5,2.836,-2.01,-1.158,0.0,1.0,0.0,0.0,0.0,-6.73,0.8814160000000001,,,
2.545,-1.063,-1.107,-1.884,-0.526,-0.4285,-0.756,0.0,0.0,1.79,1.373,-0.289,0.0,-0.0585,1.801,0.3271,-0.01904,-1.043,-0.251,2.7441000000000004,1.282,-1.843,0.0999,-2.428,0.2515,0.3616,0.0,0.0,0.342,0.0,0.4448,-0.2228,0.2034,9.62,0.0,-0.5,0.0,1.7295,-0.09314,-0.543,1.0,0.0,0.0,0.0,0.0,7.785,0.44014,,,
2.545,-1.696,-1.225,-1.909,0.8228,-0.4285,-0.764,0.0,0.0,2.057,1.617,-0.3257,0.0,-0.05804,1.831,0.505,0.0906,-1.714,-0.2563,-1.7029,1.382,2.744,-1.843,0.0999,0.2196,0.3538,0.0,0.0,0.3323,0.0,0.3647,-0.521,0.3813,-8.625,0.0,-1.0,-0.5,2.402,-0.816,-0.7593,0.0,1.0,0.0,0.0,0.0,-6.312,-0.5560880000000001,,,
2.545,-2.023,-1.281,-1.91,0.349,-0.4285,-0.7725,0.0,0.0,2.193,1.751,-0.3447,0.0,-0.05762,2.357,0.6826,0.2056,-2.016,-0.262,-0.9433,1.51,-1.702,2.744,-1.843,0.1918,0.345,0.0,0.0,0.3213,0.0,0.3228,-0.3733,0.2576,-4.188,0.0,-1.0,-0.5,2.684,-1.122,-0.8135,0.0,2.0,0.0,0.0,0.0,-3.236,1.8348,,,
2.545,-0.584,-1.045,-1.897,-0.658,-0.4285,-0.7803,0.0,0.0,1.662,1.245,-0.281,0.0,-0.05716,2.906,0.8335,0.3118,-0.5737,-0.2654,2.7441000000000004,1.488,-0.9434,-1.702,2.744,0.1886,0.3428,0.0,0.0,0.3137,0.0,0.4607,-0.2345,0.2195,9.62,0.0,-1.0,-0.5,1.087,0.3267,-0.3271,1.0,0.0,0.0,0.0,0.0,7.785,1.6881847999999997,,,
2.451,0.6675,-0.8457,-1.901,-2.527,-0.4285,-0.7886,1.0,0.0,1.286,0.8906,-0.2279,0.0,-0.0567,2.158,0.937,0.403,0.6206,-0.2673,2.4551000000000003,1.449,2.744,-0.9434,-1.702,0.2136,0.3464,0.0,0.0,0.3105,0.0,0.5757,-0.3281,0.3372,9.62,1.0,-0.5,-0.5,0.1594,1.359,0.07587,2.0,0.0,1.0,0.0,9.375,7.785,0.685844,,,
2.223,1.915,-0.6367,-1.883,1.913,-0.4285,-0.797,1.0,0.0,0.944,0.5757,-0.1722,0.0,-0.05624,2.742,1.0,0.4934,1.942,-0.272,2.3901000000000003,1.524,2.453,2.744,-0.9434,0.2522,0.3506,0.0,0.0,0.3154,0.0,0.6963,-0.1439,0.259,9.62,1.0,0.0,-0.5,-0.6016,2.111,0.4485,3.0,0.0,0.0,0.0,0.0,7.785,-1.0516759999999998,,,
2.373,1.401,-0.7163,-1.867,-0.1417,-0.4285,-0.8047,1.0,0.0,1.073,0.6846,-0.1974,0.0,-0.05582,1.186,1.016,0.567,1.393,-0.2717,-1.0019,1.558,2.389,2.453,2.744,0.2942,0.3533,0.0,0.0,0.3208,0.0,0.641,-0.1812,0.2617,-5.234,1.0,0.0,-0.5,-0.06934,1.697,0.242,0.0,1.0,0.0,0.0,0.0,-3.271,-0.000512,,,
2.434,1.375,-0.725,-1.87,0.11444,-0.4285,-0.813,1.0,0.0,1.092,0.694,-0.2026,0.0,-0.05536,2.182,0.98,0.6353,1.345,-0.2747,-0.2201,1.572,-1.002,2.389,2.453,0.3162,0.3533,0.0,0.0,0.3223,0.0,0.6284,-0.3064,0.346,-1.223,1.0,0.0,-1.0,0.01093,1.418,0.1967,0.0,2.0,0.0,0.0,0.0,-0.789,1.620788,,,
2.22,2.156,-0.3962,-1.792,1.446,-0.4285,-0.8213,1.0,0.0,0.625,0.2471,-0.11456,0.0,-0.0549,2.172,0.845,0.657,2.002,-0.2656,2.7441000000000004,1.754,-0.2202,-1.002,2.389,0.37,0.3564,0.0,0.0,0.3372,0.0,0.8193,0.2284,0.0486,9.62,1.0,0.0,-0.5,-1.137,2.111,0.6875,1.0,0.0,1.0,0.0,9.375,7.785,1.3444360000000004,,,
1.947,2.156,-0.05072,-1.638,0.657,-0.2856,-0.8213,1.0,1.0,0.2227,-0.1228,-0.02226,0.0,-0.05444,2.906,0.6445,0.641,2.002,-0.2502,2.7441000000000004,2.22,2.744,-0.2202,-1.002,0.4524,0.3652,0.0,0.0,0.3577,0.0,1.019,0.6294,-0.1492,9.62,1.0,0.5,0.0,-1.454,2.111,0.9907,2.0,0.0,0.0,0.0,0.0,7.785,-0.6553594399999999,,,
2.13,2.156,-0.1853,-1.493,-0.1398,-0.1428,-0.8213,1.0,1.0,0.3762,0.0052,-0.06146,0.0,-0.05402,1.509,0.4663,0.6074,2.002,-0.2373,-1.3179,2.443,2.744,2.744,-0.2202,0.509,0.371,0.0,0.0,0.3677,0.0,0.9326,0.6035,-0.1681,-8.945,0.0,0.0,0.0,-1.298,2.111,0.6865,0.0,1.0,0.0,0.0,0.0,-4.707,0.0397359999999999,,,
2.326,1.944,-0.3875,-1.344,-0.334,0.0,-0.829,1.0,0.0,0.6226,0.2273,-0.11945,0.0,-0.05356,1.086,0.452,0.5703,1.941,-0.2253,-2.0329,2.502,-1.317,2.744,2.744,0.536,0.377,0.0,0.0,0.3713,0.0,0.8057,0.5977,-0.2196,-9.51,0.0,0.0,0.0,-0.2046,2.05,0.378,0.0,2.0,0.0,1.0,-7.91,-5.77,-0.2732439999999999,,,
2.545,1.298,-0.438,-1.203,-0.2076,0.1428,-0.8374,1.0,0.0,0.7036,0.2727,-0.1361,0.0,-0.0531,2.797,0.67,0.574,1.274,-0.2108,-0.6249,2.545,-2.033,-1.317,2.744,0.5454,0.3823,0.0,0.0,0.3748,0.0,0.7686,0.521,-0.1808,-3.836,0.0,0.0,-0.5,0.11755,1.665,0.2815,0.0,3.0,0.0,0.0,0.0,-2.25,0.9414824000000002,,,
2.52,1.39,-0.3398,-1.026,0.2046,0.2856,-0.8457,1.0,0.0,0.5815,0.1525,-0.1122,0.0,-0.05264,2.586,1.072,0.6533,1.331,-0.1915,0.9156,2.6,-0.6245,-2.033,-1.317,0.5674,0.3875,0.0,0.0,0.3782,0.0,0.82,0.7397,-0.314,6.617,0.0,0.0,0.0,-0.255,1.806,0.3794,1.0,0.0,0.0,0.0,0.0,3.957,-1.29478,,,
2.545,0.433,-0.4695,-0.9165,-0.5615,0.4285,-0.8535,1.0,0.0,0.7554,0.302,-0.15,0.0,-0.05222,2.666,1.464,0.785,0.3547,-0.1799,-1.4069,2.635,0.915,-0.6245,-2.033,0.5806,0.3901,0.0,0.0,0.3828,0.0,0.7363,0.3975,-0.106,-9.05,-1.0,-0.5,-0.5,0.4294,1.173,0.1846,0.0,1.0,0.0,0.0,0.0,-5.258,1.1115240000000002,,,
2.465,1.063,-0.2766,-0.755,1.444,0.5713,-0.862,1.0,0.0,0.504,0.08167,-0.10065,0.0,-0.05176,0.7373,1.843,0.9707,1.044,-0.1672,1.9191,2.729,-1.407,0.915,-0.6245,0.5845,0.398,0.0,0.0,0.395,0.0,0.8433,0.6846,-0.2637,7.816,0.0,-0.5,0.0,-0.2238,1.867,0.3704,1.0,0.0,0.0,0.0,0.0,4.754,-0.0013852,,,
2.424,0.9116,-0.2241,-0.576,-0.00868,0.7144,-0.87,1.0,0.0,0.442,0.02444,-0.0892,0.0,-0.0513,1.478,2.22,1.219,0.9336,-0.1511,0.4215,2.797,1.918,-1.407,0.915,0.5674,0.408,0.0,0.0,0.4114,0.0,0.8677,0.8013,-0.336,2.264,1.0,0.0,0.5,-0.3801,1.801,0.3718,2.0,0.0,0.0,0.0,0.0,1.299,0.4279799999999998,,,
2.268,0.7637,-0.1874,-0.4314,-0.02574,0.857,-0.87,1.0,1.0,0.3894,-0.003775,-0.08203,0.0,-0.05084,1.383,2.562,1.505,0.7803,-0.1366,0.2578999999999999,2.748,0.4211,1.918,-1.407,0.562,0.4163,0.0,0.0,0.4333,0.0,0.8823,0.6733,-0.2378,1.52,2.0,0.5,0.5,-0.4558,1.687,0.356,3.0,0.0,0.0,0.0,0.0,0.8604,-0.200968,,,
2.076,0.4673,-0.1965,-0.3186,-0.2417,0.857,-0.87,1.0,1.0,0.384,0.02226,-0.0877,0.0,-0.0504,0.569,2.834,1.787,0.4668,-0.1256,-0.2033,2.648,0.2576,0.4211,1.918,0.57,0.4282,0.0,0.0,0.4546,0.0,0.869,0.4963,-0.1168,-0.938,1.0,0.0,0.0,-0.361,1.399,0.289,0.0,1.0,0.0,0.0,0.0,-0.527,0.035096,,,
2.102,-0.2172,-0.3127,-0.2627,-1.2,0.7144,-0.878,0.0,0.0,0.516,0.1542,-0.1215,0.0,-0.04996,0.3047,2.969,2.023,-0.2408,-0.1203,-1.2229,2.338,-0.2032,0.2576,0.4211,0.5737,0.4358,0.0,0.0,0.4763,0.0,0.795,0.1285,0.1132,-5.13,1.0,-0.5,-0.5,0.2402,0.852,0.095,0.0,2.0,0.0,1.0,-7.0,-2.9,-0.1280879999999999,,,
2.188,-0.606,-0.3677,-0.2026,3.193,0.5713,-0.886,0.0,0.0,0.588,0.2141,-0.1389,0.0,-0.0495,1.109,2.982,2.215,-0.622,-0.1163,-0.6509,2.178,-1.222,-0.2032,0.2576,0.567,0.4377,0.0,0.0,0.49,0.0,0.757,0.1667,0.06934,-2.867,0.0,-0.5,-0.5,0.57,0.5825,-0.02869,0.0,3.0,0.0,0.0,0.0,-1.686,-0.255436,,,
2.162,-0.9004,-0.4065,-0.149,0.733,0.4285,-0.8945,0.0,0.0,0.6333,0.265,-0.1517,0.0,-0.04904,0.9316,2.844,2.363,-0.9316,-0.1115,-0.4904,1.856,-0.6504,-1.222,-0.2032,0.5664,0.4382,0.0,0.0,0.506,0.0,0.7285,0.13,0.08325,-1.809,-1.0,-0.5,-0.5,0.6396,0.2192,-0.1504,0.0,4.0,0.0,0.0,0.0,-1.085,0.8280000000000001,,,
1.693,-0.3481,-0.285,-0.1357,-0.587,0.2856,-0.9023,0.0,0.0,0.4514,0.1552,-0.1215,0.0,-0.0486,0.2434,2.61,2.453,-0.404,-0.111,1.1731,1.341,-0.4902,-0.6504,-1.222,0.561,0.4417,0.0,0.0,0.526,0.0,0.7935,-0.1293,0.297,3.82,-1.0,0.0,-0.5,0.03833,0.56,-0.01164,1.0,0.0,0.0,0.0,0.0,2.328,-0.8034399999999997,,,
1.538,-0.6494,-0.372,-0.1913,1.34,0.1428,-0.9106,0.0,0.0,0.541,0.2732,-0.1469,0.0,-0.04816,1.068,2.3,2.463,-0.7095,-0.11945,-0.9486,0.997,1.172,-0.4902,-0.6504,0.5464,0.4417,0.0,0.0,0.538,0.0,0.738,-0.8286,0.772,-3.79,-1.0,-0.5,-1.0,0.4365,0.1103,-0.2947,0.0,1.0,0.0,0.0,0.0,-2.227,0.2029911999999999,,,
1.509,-0.55,-0.364,-0.2206,-0.054,0.0,-0.9185,0.0,0.0,0.5293,0.2659,-0.1473,0.0,-0.0477,1.401,1.935,2.406,-0.6025,-0.1261,-0.0187,0.8154,-0.948,1.172,-0.4902,0.53,0.445,0.0,0.0,0.5454,0.0,0.7363,-0.6597,0.6514,-0.10535,-1.0,-0.5,-1.0,0.3271,-0.011696,-0.367,0.0,2.0,0.0,0.0,0.0,-0.06384,0.37771,,,
1.318,-0.3203,-0.312,-0.2097,-0.3901,-0.1428,-0.927,0.0,0.0,0.4524,0.218,-0.136,0.0,-0.04724,0.2147,1.528,2.29,-0.3733,-0.1274,0.4391,0.771,-0.0188,-0.948,1.172,0.5176,0.451,0.0,0.0,0.549,0.0,0.7607,-0.2212,0.3489,1.289,0.0,-0.5,-0.5,0.1335,0.1616,-0.2693,1.0,0.0,0.0,0.0,0.0,0.7812,-0.7196303999999999,,,
1.307,-0.8813,-0.43,-0.2125,2.643,-0.2856,-0.927,0.0,0.0,0.5933,0.3655,-0.1687,0.0,-0.0468,1.302,1.112,2.115,-0.9253,-0.1298,-1.2489,0.698,0.4387,-0.0188,-0.948,0.5054,0.4573,0.0,0.0,0.5513,0.0,0.689,-0.3308,0.396,-4.48,0.0,-1.0,-0.5,0.6865,-0.3582,-0.68,0.0,1.0,0.0,0.0,0.0,-2.68,0.06455776,,,
1.13,-0.7544,-0.4104,-0.2284,-0.03613,-0.4285,-0.927,0.0,0.0,0.555,0.3552,-0.1654,0.0,-0.04636,0.7754,0.772,1.862,-0.8247,-0.1322,0.1289,0.5923,-1.249,0.4387,-0.0188,0.4985,0.467,0.0,0.0,0.5547,0.0,0.6953,-0.5103,0.527,0.5864,0.0,-1.0,-0.5,0.526,-0.337,-0.7134,1.0,0.0,0.0,0.0,0.0,0.3647,1.6409440000000002,,,
0.95,0.4365,-0.1417,-0.1812,-1.757,-0.4285,-0.9185,1.0,1.0,0.2354,0.05508,-0.0972,0.0,-0.0459,2.848,0.441,1.583,0.404,-0.1315,2.7001000000000004,0.602,0.1287,-1.249,0.4387,0.5127,0.4807,0.0,0.0,0.556,0.0,0.843,0.2769,0.03062,9.62,1.0,-0.5,0.0,-0.5024,0.7773,0.1481,2.0,0.0,0.0,0.0,0.0,7.785,-0.1161544,,,
0.8687,0.3765,-0.1476,-0.1667,0.00963,-0.4285,-0.9106,1.0,1.0,0.235,0.0682,-0.1005,0.0,-0.04544,0.09564,0.1475,1.31,0.33,-0.1306,-0.1181,0.3706,2.697,0.1287,-1.249,0.518,0.4966,0.0,0.0,0.5493,0.0,0.835,-0.09314,0.2915,-0.528,1.0,-0.5,-0.5,-0.4038,0.6406,0.222,0.0,1.0,0.0,0.0,0.0,-0.3015,0.3514320000000001,,,
0.7256,0.6963,-0.0732,-0.1506,0.8794,-0.4285,-0.9023,1.0,1.0,0.1472,0.001232,-0.0827,0.0,-0.045,0.288,-0.00817,1.033,0.6885,-0.1324,0.6531,0.308,-0.11816,2.697,0.1287,0.534,0.5093,0.0,0.0,0.5474,0.0,0.8735,-0.04218,0.2722,2.025,1.0,0.0,-0.5,-0.576,0.85,0.5645,1.0,0.0,0.0,0.0,0.0,1.161,1.1026120000000004,,,
0.604,1.391,0.0883,-0.11816,1.088,-0.4285,-0.8945,1.0,1.0,-0.01755,-0.1486,-0.04187,0.0,-0.04456,1.024,-0.04306,0.749,1.383,-0.13,1.4661,0.4807,0.6523,-0.11816,2.697,0.561,0.5264,0.0,0.0,0.554,0.0,0.962,0.1937,0.143,7.176,2.0,0.5,-0.5,-0.979,1.376,0.978,2.0,0.0,0.0,0.0,0.0,4.035,-0.4775239999999998,,,
0.6104,1.07,0.03387,-0.0917,-0.099,-0.4285,-0.886,1.0,1.0,0.03366,-0.0968,-0.05692,0.0,-0.0441,0.1312,-0.0385,0.4749,1.081,-0.1285,-0.5169,0.56,1.465,0.6523,-0.11816,0.5815,0.544,0.0,0.0,0.5615,0.0,0.928,0.1197,0.1814,-2.01,1.0,0.0,-0.5,-0.699,1.018,0.6514,0.0,1.0,0.0,0.0,0.0,-1.08,0.0932928,,,
0.8213,-0.01987,-0.1896,-0.07654,-0.8784,-0.2856,-0.878,1.0,1.0,0.276,0.1181,-0.116,0.0,-0.04364,1.092,-0.044,0.258,-0.01198,-0.1274,-2.0619,0.56,-0.517,1.465,0.6523,0.5947,0.554,0.0,0.0,0.561,0.0,0.7993,-0.05905,0.2524,-8.48,0.0,0.0,-0.5,0.3044,0.1663,-0.1254,0.0,2.0,0.0,1.0,-7.91,-4.633,0.6419,,,
0.709,0.3562,-0.0914,-0.03683,6.67,-0.1428,-0.87,1.0,1.0,0.1642,0.02159,-0.0921,0.0,-0.0432,0.4004,-0.07306,0.05344,0.3782,-0.1251,0.8941,0.5396,-2.062,-0.517,1.465,0.614,0.5625,0.0,0.0,0.5664,0.0,0.8506,0.201,0.08966,3.326,1.0,0.5,0.0,-0.02829,0.5376,0.1573,1.0,0.0,0.0,0.0,0.0,1.942,-0.1141780000000001,,,
0.6978,0.08307,-0.1301,0.005257,-0.5337,0.0,-0.862,1.0,1.0,0.2031,0.06354,-0.1036,0.0,-0.04276,0.2876,-0.1476,-0.1212,0.11127,-0.1219,-0.4171,0.538,0.8936,-2.062,-0.517,0.612,0.5664,0.0,0.0,0.566,0.0,0.825,0.2104,0.07196,-1.317,0.0,0.0,0.0,0.1412,0.296,0.00505,0.0,1.0,0.0,0.0,0.0,-0.748,-0.985284,,,
0.8013,-0.449,-0.2418,0.00988,-3.324,0.0,-0.862,0.0,0.0,0.3313,0.1787,-0.1337,0.0,-0.0423,0.3892,-0.2563,-0.2164,-0.4385,-0.12146,-1.1069,0.5337,-0.4172,0.8936,-2.062,0.6035,0.5703,0.0,0.0,0.562,0.0,0.7593,-0.1715,0.3157,-2.973,-1.0,0.0,-0.5,0.6304,-0.1721,-0.371,0.0,2.0,0.0,1.0,-6.98,-1.712,-0.780612,,,
0.9697,-1.263,-0.4187,0.003227,2.498,0.0,-0.862,0.0,0.0,0.5527,0.3792,-0.1807,0.0,-0.04184,0.576,-0.2883,-0.2416,-1.246,-0.1237,-1.7889,0.6,-1.107,-0.4172,0.8936,0.5786,0.572,0.0,0.0,0.553,0.0,0.6567,-0.2964,0.3599,-7.695,-1.0,-0.5,-0.5,1.488,-0.8257,-0.8926,0.0,3.0,0.0,1.0,-7.91,-4.59,0.3069515999999999,,,
0.9062,-0.9517,-0.3494,0.009766,-0.148,0.0,-0.862,0.0,0.0,0.4634,0.2974,-0.1648,0.0,-0.0414,1.297,-0.2876,-0.2415,-0.9233,-0.1259,0.6401,0.6167,-1.788,-1.107,-0.4172,0.547,0.569,0.0,0.0,0.546,0.0,0.6904,-0.1946,0.3025,2.39,0.0,-0.5,0.0,1.122,-0.4385,-0.634,1.0,0.0,0.0,0.0,0.0,1.51,0.6678319999999998,,,
0.9,-0.532,-0.253,0.02425,-0.3813,0.0,-0.862,0.0,0.0,0.3518,0.1833,-0.1423,0.0,-0.04095,1.001,-0.2874,-0.2445,-0.4976,-0.1268,0.8906999999999999,0.624,0.64,-1.788,-1.107,0.5254,0.5615,0.0,0.0,0.5444,0.0,0.7393,-0.1296,0.2776,3.15,0.0,0.0,0.0,0.6655,-0.02623,-0.3364,2.0,0.0,0.0,0.0,0.0,1.95,-0.3585127999999999,,,
0.888,-0.9126,-0.3235,0.04926,1.034,0.0,-0.87,0.0,0.0,0.4314,0.2676,-0.1627,0.0,-0.0405,0.3591,-0.2878,-0.2605,-0.892,-0.1255,-0.7849,0.6514,0.89,0.64,-1.788,0.513,0.555,0.0,0.0,0.542,0.0,0.6943,-0.06012,0.2085,-1.75,0.0,-0.5,0.0,1.014,-0.2947,-0.566,0.0,1.0,0.0,0.0,0.0,-1.055,0.97698696,,,
0.841,-0.2426,-0.1572,0.0969,-0.728,0.0,-0.87,0.0,1.0,0.2429,0.081,-0.123,0.0,-0.04004,1.126,-0.2903,-0.3025,-0.2339,-0.12213,1.5651,0.6357,-0.785,0.89,0.64,0.5054,0.555,0.0,0.0,0.5444,0.0,0.7803,0.1276,0.1125,4.836,1.0,-0.5,0.0,0.2683,0.3262,-0.0988,1.0,0.0,0.0,0.0,0.0,2.986,0.2434368000000001,,,
0.6597,-0.1682,-0.1375,0.1043,-0.3594,-0.1428,-0.87,0.0,1.0,0.2076,0.0745,-0.1206,0.0,-0.0396,0.776,-0.2908,-0.3586,-0.2081,-0.12115,0.0915,0.6357,1.564,-0.785,0.89,0.501,0.556,0.0,0.0,0.545,0.0,0.785,-0.2395,0.3767,0.336,2.0,0.0,0.0,0.2411,0.3486,-0.06934,2.0,0.0,0.0,0.0,0.0,0.1978,0.0219897199999999,,,
0.6416,0.777,0.08685,0.1428,-11.484,-0.1428,-0.87,1.0,1.0,-0.01315,-0.1503,-0.06616,0.0,-0.03915,1.523,-0.2861,-0.3599,0.7446,-0.11975,2.0411,0.6904,0.0913,1.564,-0.785,0.5186,0.5586,0.0,0.0,0.5522,0.0,0.9033,0.09174,0.1925,9.47,2.0,0.5,0.5,-0.4622,1.171,0.5254,3.0,0.0,0.0,0.0,0.0,5.562,-0.3165360000000001,,,
0.672,0.5503,0.04788,0.1641,-0.149,-0.1428,-0.87,1.0,1.0,0.02539,-0.1155,-0.0783,0.0,-0.0387,0.2805,-0.3054,-0.3433,0.5107,-0.1189,-0.4281,0.7065,2.04,0.0913,1.564,0.5444,0.563,0.0,0.0,0.558,0.0,0.8765,-0.07043,0.2966,-1.372,1.0,0.0,0.0,-0.262,0.861,0.335,0.0,1.0,0.0,0.0,0.0,-0.757,-0.623716,,,
0.6704,0.1476,-0.04764,0.1475,-0.548,-0.1428,-0.87,1.0,1.0,0.1173,-0.02045,-0.10504,0.0,-0.03827,-0.812,-0.333,-0.343,0.129,-0.12427,-0.9549,0.7007,-0.428,2.04,0.0913,0.5596,0.563,0.0,0.0,0.561,0.0,0.818,-0.4548,0.5454,-2.178,1.0,0.0,-0.5,0.2062,0.44,0.00498,0.0,2.0,0.0,1.0,-4.71,-1.219,-0.023954,,,
0.781,0.4539,0.01996,0.1483,1.5625,-0.1428,-0.87,1.0,1.0,0.06052,-0.0973,-0.09076,0.0,-0.0378,2.027,-0.3323,-0.3452,0.4688,-0.1287,0.5251,0.645,-0.9546,-0.428,2.04,0.5728,0.563,0.0,0.0,0.5684,0.0,0.8486,-0.288,0.44,1.716,1.0,0.5,0.0,-0.0655,0.5356,0.1375,1.0,0.0,0.0,0.0,0.0,0.9893,-0.2927679999999999,,,
0.754,0.2192,-0.01675,0.178,-0.3352,-0.1428,-0.87,1.0,1.0,0.0937,-0.05862,-0.1026,0.0,-0.03735,0.9214,-0.3308,-0.357,0.2362,-0.1277,-0.4284,0.5757,0.525,-0.9546,-0.428,0.5884,0.5615,0.0,0.0,0.5737,0.0,0.8223,-0.006714,0.2279,-1.646,0.0,0.5,0.0,0.12164,0.3003,-0.0422,0.0,1.0,0.0,0.0,0.0,-0.934,-1.0757119999999996,,,
0.926,-0.5317,-0.1863,0.1664,-2.537,-0.2856,-0.87,0.0,1.0,0.2808,0.1059,-0.1475,0.0,-0.0369,0.637,-0.3008,-0.3604,-0.53,-0.1304,-1.6469,0.606,-0.4282,0.525,-0.9546,0.582,0.558,0.0,0.0,0.5693,0.0,0.724,-0.4348,0.4905,-7.047,-1.0,0.0,-0.5,0.9043,-0.3455,-0.581,0.0,2.0,0.0,1.0,-7.91,-4.05,-0.5441104000000001,,,
1.055,-0.7793,-0.2461,0.1532,0.72,-0.4285,-0.878,0.0,0.0,0.3564,0.1627,-0.1652,0.0,-0.03647,1.322,-0.2328,-0.3386,-0.76,-0.1356,-0.6835,0.665,-1.647,-0.4282,0.525,0.571,0.555,0.0,0.0,0.5635,0.0,0.685,-0.4663,0.4958,-2.982,-1.0,-0.5,-0.5,1.129,-0.6123,-0.733,0.0,3.0,0.0,0.0,0.0,-1.808,-0.203468,,,
1.079,-0.899,-0.2722,0.1526,0.317,-0.4285,-0.886,0.0,0.0,0.3877,0.1908,-0.1743,0.0,-0.036,0.5376,-0.1669,-0.3098,-0.8833,-0.1382,-0.3651,0.7134,-0.683,-1.647,-0.4282,0.543,0.553,0.0,0.0,0.555,0.0,0.6646,-0.3552,0.408,-1.294,-1.0,-0.5,-0.5,1.143,-0.7754,-0.764,0.0,4.0,0.0,0.0,0.0,-0.802,0.2902671999999999,,,
1.213,-1.195,-0.3276,0.1726,0.521,-0.4285,-0.8945,0.0,0.0,0.4624,0.2458,-0.191,0.0,-0.03555,2.514,-0.10864,-0.274,-1.17,-0.1393,-0.6674,0.6777,-0.3652,-0.683,-1.647,0.514,0.551,0.0,0.0,0.5415,0.0,0.6274,-0.1675,0.2578,-3.262,-2.0,-1.0,-0.5,1.361,-0.9824,-0.893,0.0,5.0,0.0,0.0,0.0,-2.045,-0.006984,,,
1.18,-1.149,-0.3127,0.1823,0.0888,-0.4285,-0.9023,0.0,0.0,0.4424,0.2306,-0.1902,0.0,-0.0351,0.9976,-0.018,-0.2134,-1.0625,-0.1447,0.0332,0.645,-0.6675,-0.3652,-0.683,0.4924,0.5464,0.0,0.0,0.53,0.0,0.6284,-0.2827,0.341,0.178,-1.0,-1.0,-0.5,1.205,-0.9097,-0.822,1.0,0.0,0.0,0.0,0.0,0.11395,0.0891393599999999,,,
1.178,-1.299,-0.35,0.1711,0.283,-0.4285,-0.9106,0.0,0.0,0.4858,0.276,-0.2021,0.0,-0.03467,0.6104,0.0856,-0.1418,-1.209,-0.149,-0.4894,0.7344,0.03308,-0.6675,-0.3652,0.464,0.543,0.0,0.0,0.522,0.0,0.602,-0.5547,0.5234,-2.047,-1.0,-1.5,-1.0,1.315,-1.05,-0.8613,0.0,1.0,0.0,0.0,0.0,-1.309,0.535556,,,
1.118,-0.8447,-0.2451,0.1824,-0.2651,-0.4285,-0.9106,0.0,0.0,0.3604,0.1562,-0.1791,0.0,-0.0342,0.671,0.1764,-0.07495,-0.7295,-0.1517,0.9605,0.722,-0.4893,0.03308,-0.6675,0.4446,0.541,0.0,0.0,0.5137,0.0,0.652,-0.2189,0.3062,3.912,0.0,-1.0,-0.5,0.7764,-0.569,-0.551,1.0,0.0,0.0,0.0,0.0,2.541,-0.2970019999999999,,,
0.935,-0.5405,-0.1802,0.1774,-0.2925,-0.4285,-0.9023,0.0,1.0,0.275,0.0984,-0.1658,0.0,-0.03375,-0.04575,0.2407,-0.01857,-0.438,-0.1542,0.5347999999999999,0.701,0.96,-0.4893,0.03308,0.4397,0.5396,0.0,0.0,0.5083,0.0,0.6807,-0.4526,0.4856,1.424,1.0,-0.5,-0.5,0.524,-0.2646,-0.3655,2.0,0.0,0.0,0.0,0.0,0.8975,0.1179319999999999,,,
0.8877,-0.3848,-0.1489,0.1707,-0.229,-0.4285,-0.8945,0.0,1.0,0.2379,0.068,-0.1603,0.0,-0.0333,0.4985,0.289,0.0354,-0.2761,-0.1573,0.2181,0.7036,0.5347,0.96,-0.4893,0.441,0.54,0.0,0.0,0.506,0.0,0.692,-0.423,0.4697,0.8564,2.0,-0.5,-0.5,0.3115,-0.2498,-0.285,3.0,0.0,0.0,0.0,0.0,0.531,-1.0000176000000005,,,
0.8535,-0.759,-0.2566,0.1145,1.45,-0.5713,-0.8945,0.0,0.0,0.352,0.1914,-0.1885,0.0,-0.03287,0.1963,0.348,0.1139,-0.669,-0.1649,-1.1079,0.7163,0.218,0.5347,0.96,0.4375,0.5386,0.0,0.0,0.5054,0.0,0.6304,-1.22,1.011,-4.08,1.0,-0.5,-1.0,0.7974,-0.6763,-0.606,0.0,1.0,0.0,0.0,0.0,-2.512,0.6897399999999998,,,
0.8267,-0.2952,-0.1752,0.0735,-0.5977,-0.7144,-0.886,0.0,1.0,0.261,0.1018,-0.1707,0.0,-0.0324,0.2778,0.385,0.1975,-0.2413,-0.1697,0.7261,0.721,-1.108,0.218,0.5347,0.4426,0.534,0.0,0.0,0.505,0.0,0.6685,-0.924,0.8174,3.3,2.0,0.0,-0.5,0.422,-0.3281,-0.3945,1.0,0.0,0.0,0.0,0.0,2.105,-0.0084648,,,
1.04,-0.3425,-0.1985,0.04602,0.3706,-0.857,-0.878,0.0,1.0,0.303,0.11,-0.1782,0.0,-0.03195,2.805,0.4219,0.2703,-0.3472,-0.1718,-0.3031,0.7407,0.7256,-1.108,0.218,0.4458,0.5293,0.0,0.0,0.5015,0.0,0.6514,-0.8086,0.7275,-1.291,1.0,0.0,-0.5,0.5103,-0.4443,-0.4568,0.0,1.0,0.0,0.0,0.0,-0.805,0.183138,,,
0.7954,0.02904,-0.1317,0.01843,-1.387,-0.857,-0.87,1.0,1.0,0.2126,0.0572,-0.1643,0.0,-0.0315,-0.5146,0.4626,0.3335,-0.01993,-0.1749,0.5601,0.7417,-0.3032,0.7256,-1.108,0.4553,0.5244,0.0,0.0,0.5015,0.0,0.681,-0.8125,0.744,1.838,1.0,0.5,-0.5,0.2527,-0.17,-0.297,1.0,0.0,0.0,0.0,0.0,1.157,0.0137239999999999,,,
0.648,0.1953,-0.10547,-0.0007133,1.743,-0.857,-0.862,1.0,1.0,0.1737,0.04144,-0.1599,0.0,-0.03105,-0.6147,0.4822,0.3887,0.1604,-0.1798,0.173,0.73,0.56,-0.3032,0.7256,0.4602,0.517,0.0,0.0,0.4978,0.0,0.6904,-0.674,0.649,0.236,1.0,1.0,0.0,0.0937,-0.1748,-0.2272,2.0,0.0,0.0,0.0,0.0,0.1461,-0.6313056,,,
0.6475,-0.2439,-0.2026,-0.007336,-1.563,-0.857,-0.8535,0.0,1.0,0.2761,0.1471,-0.185,0.0,-0.03061,-0.3467,0.4888,0.43,-0.2642,-0.183,-0.9869,0.7334,0.1727,0.56,-0.3032,0.4553,0.5093,0.0,0.0,0.4922,0.0,0.6357,-0.5127,0.51,-2.438,1.0,0.5,0.0,0.516,-0.579,-0.4775,0.0,1.0,0.0,1.0,-3.316,-1.501,-1.3415039999999998,,,
0.837,-1.222,-0.4224,-0.031,6.56,-0.857,-0.8535,0.0,0.0,0.5464,0.3948,-0.2397,0.0,-0.03015,1.229,0.5117,0.4595,-1.247,-0.1874,-2.2199,0.6997,-0.9863,0.1727,0.56,0.435,0.502,0.0,0.0,0.4763,0.0,0.516,-0.793,0.6577,-6.977,0.0,0.5,0.0,1.563,-1.446,-1.028,0.0,2.0,0.0,1.0,-7.91,-4.43,-0.3490679999999999,,,
0.8433,-1.28,-0.4446,-0.05273,0.1879,-0.857,-0.8535,0.0,0.0,0.5747,0.423,-0.2476,0.0,-0.02971,0.4663,0.5347,0.478,-1.31,-0.1923,-0.3388,0.677,-2.22,-0.9863,0.1727,0.42,0.4922,0.0,0.0,0.461,0.0,0.4988,-0.7837,0.6436,-0.87,0.0,0.0,0.0,1.568,-1.482,-1.037,0.0,3.0,0.0,0.0,0.0,-0.5938,-0.4140935999999999,,,
0.8506,-1.824,-0.5747,-0.0861,0.6187,-0.857,-0.8535,0.0,0.0,0.7476,0.5996,-0.2805,0.0,-0.02925,1.629,0.5547,0.5146,-1.847,-0.1986,-1.4559,0.806,-0.3389,-2.22,-0.9863,0.3918,0.4814,0.0,0.0,0.445,0.0,0.4265,-0.882,0.6816,-4.65,-1.0,-0.5,0.0,2.19,-1.95,-1.214,0.0,4.0,0.0,0.0,0.0,-3.207,-0.069612,,,
0.734,-1.316,-0.4788,-0.11066,-0.178,-0.857,-0.8535,0.0,0.0,0.61,0.477,-0.2598,0.0,-0.02881,0.651,0.581,0.5537,-1.364,-0.2026,0.9571,0.752,-1.455,-0.3389,-2.22,0.371,0.4739,0.0,0.0,0.43,0.0,0.4714,-0.661,0.544,2.693,-1.0,-0.5,0.0,1.601,-1.301,-0.929,1.0,0.0,0.0,0.0,0.0,1.946,-0.3286520000000001,,,
0.6655,-0.514,-0.3086,-0.1079,-0.5605,-0.857,-0.8535,0.0,0.0,0.3962,0.268,-0.2214,0.0,-0.02835,0.0519,0.5933,0.567,-0.5625,-0.2046,1.7211,0.606,0.9565,-1.455,-0.3389,0.3564,0.4712,0.0,0.0,0.419,0.0,0.5547,-0.2372,0.2786,6.016,0.0,0.0,0.5,0.7827,-0.4026,-0.4673,2.0,0.0,1.0,0.0,9.375,4.223,-0.0742855999999999,,,
0.684,-0.476,-0.3071,-0.1213,0.03854,-0.857,-0.8535,0.0,0.0,0.396,0.2646,-0.2227,0.0,-0.02791,0.973,0.5874,0.5713,-0.528,-0.2075,-0.0481199999999999,0.57,1.72,0.9565,-1.455,0.3403,0.4678,0.0,0.0,0.4124,0.0,0.552,-0.443,0.4243,-0.1304,0.0,-0.5,0.0,0.7324,-0.402,-0.444,0.0,1.0,0.0,0.0,0.0,-0.0868,-1.687512,,,
1.212,-1.76,-0.6055,-0.1844,3.611,-0.857,-0.8535,0.0,0.0,0.8184,0.6133,-0.294,0.0,-0.02745,2.906,0.611,0.605,-1.786,-0.217,-2.4299,0.734,-0.0482,1.72,0.9565,0.3125,0.4585,0.0,0.0,0.4006,0.0,0.3955,-0.94,0.7104,-9.51,0.0,-0.5,-0.5,2.26,-1.604,-1.146,0.0,2.0,0.0,0.0,0.0,-6.73,1.84936,,,
1.244,-0.76,-0.4175,-0.2268,-0.5034,-0.857,-0.8535,0.0,0.0,0.573,0.3547,-0.2517,0.0,-0.02701,2.906,0.697,0.672,-0.676,-0.2299,1.9981,0.757,-2.428,-0.0482,1.72,0.3096,0.4531,0.0,0.0,0.3936,0.0,0.4873,-0.6357,0.534,9.62,1.0,-0.5,-0.5,1.25,-0.5317,-0.6084,1.0,0.0,0.0,0.0,0.0,7.785,-0.813,,,
1.303,-0.9883,-0.4827,-0.2644,0.4927,-0.857,-0.8535,0.0,0.0,0.66,0.435,-0.268,0.0,-0.02655,0.488,0.799,0.7266,-0.904,-0.2355,-0.7245,0.818,1.997,-2.428,-0.0482,0.3042,0.4443,0.0,0.0,0.3867,0.0,0.4514,-0.5815,0.4797,-2.143,0.0,-1.0,-0.5,1.497,-0.7705,-0.7217,0.0,1.0,0.0,0.0,0.0,-1.486,0.9374479999999996,,,
1.206,-0.301,-0.3584,-0.2988,-0.6763,-0.857,-0.8535,0.0,0.0,0.4983,0.284,-0.24,0.0,-0.02611,0.555,0.904,0.789,-0.1877,-0.242,1.2706,0.8223,-0.7246,1.997,-2.428,0.3147,0.437,0.0,0.0,0.382,0.0,0.512,-0.5073,0.4536,3.854,0.0,-0.5,-0.5,0.905,-0.09204,-0.392,1.0,0.0,0.0,0.0,0.0,2.736,-0.108012,,,
0.978,-0.2854,-0.373,-0.3342,0.05795,-0.857,-0.8535,0.0,0.0,0.4973,0.3208,-0.2438,0.0,-0.02565,0.002455,0.9946,0.856,-0.1243,-0.2489,-0.1695,0.835,1.27,-0.7246,1.997,0.3188,0.426,0.0,0.0,0.3784,0.0,0.5034,-0.489,0.4368,-0.382,0.0,-0.5,-0.5,0.9185,-0.1456,-0.409,0.0,1.0,0.0,0.0,0.0,-0.2607,-0.8128040000000003,,,
1.082,-0.6387,-0.4722,-0.39,1.981,-1.0,-0.8535,0.0,0.0,0.629,0.4392,-0.2676,0.0,-0.0252,0.2014,1.068,0.9165,-0.5024,-0.255,-1.0439,0.852,-0.1694,1.27,-0.7246,0.307,0.4146,0.0,0.0,0.3704,0.0,0.4512,-0.6997,0.5645,-1.835,0.0,-0.5,-1.0,1.383,-0.4998,-0.609,0.0,2.0,0.0,0.0,0.0,-1.26,-0.2995096,,,
1.235,-0.6836,-0.5127,-0.4548,0.2196,-1.143,-0.8535,0.0,0.0,0.6943,0.4814,-0.2778,0.0,-0.02475,0.9243,1.117,0.9575,-0.6445,-0.2585,-0.4623,0.8457,-1.043,-0.1694,1.27,0.293,0.404,0.0,0.0,0.36,0.0,0.4287,-0.7744,0.608,-0.988,-1.0,-0.5,-1.5,1.477,-0.651,-0.6597,0.0,3.0,0.0,0.0,0.0,-0.7007,0.414872,,,
1.183,-0.272,-0.4514,-0.496,-0.597,-1.143,-0.8535,0.0,0.0,0.611,0.4038,-0.2644,0.0,-0.0243,0.4426,1.139,0.987,-0.259,-0.2632,0.6181,0.78,-0.4622,-1.043,-0.1694,0.3005,0.3936,0.0,0.0,0.3508,0.0,0.4578,-0.5664,0.4724,1.401,0.0,-0.5,-1.0,1.026,-0.396,-0.4797,1.0,0.0,0.0,0.0,0.0,1.009,0.7476839999999999,,,
1.088,0.2252,-0.35,-0.49,-2.654,-1.0,-0.8535,1.0,0.0,0.4785,0.2832,-0.2417,0.0,-0.02385,1.752,1.121,1.01,0.2664,-0.265,1.0221,0.742,0.6177,-0.4622,-1.043,0.303,0.385,0.0,0.0,0.346,0.0,0.507,-0.1072,0.1664,2.875,0.0,-0.5,-0.5,0.577,0.1176,-0.2019,2.0,0.0,0.0,0.0,0.0,2.03,0.2911143999999999,,,
1.034,0.569,-0.2734,-0.4739,1.33,-0.857,-0.8535,1.0,0.0,0.3855,0.196,-0.2242,0.0,-0.0234,0.3,1.056,1.008,0.6084,-0.2632,0.7646999999999999,0.6562,1.022,0.6177,-0.4622,0.3142,0.3804,0.0,0.0,0.341,0.0,0.545,0.05328,0.0686,2.166,1.0,0.0,0.0,0.2202,0.3982,0.03738,3.0,0.0,0.0,0.0,0.0,1.482,0.2892728000000001,,,
0.8994,0.585,-0.2487,-0.4329,0.1602,-0.7144,-0.8535,1.0,0.0,0.347,0.1783,-0.2189,0.0,-0.02295,-0.0647,0.9595,0.9736,0.666,-0.2607,0.2282,0.585,0.764,1.022,0.6177,0.3196,0.377,0.0,0.0,0.3374,0.0,0.556,0.3308,-0.1244,0.5034,2.0,0.5,0.5,0.11237,0.4348,0.1418,4.0,0.0,0.0,0.0,0.0,0.3364,-0.2521504,,,
0.9155,0.2834,-0.299,-0.4133,-0.3503,-0.5713,-0.8535,1.0,0.0,0.4053,0.236,-0.2307,0.0,-0.0225,0.2783,0.823,0.913,0.347,-0.2578,-0.5009,0.4446,0.228,0.764,1.022,0.323,0.3735,0.0,0.0,0.3313,0.0,0.53,0.1123,0.02026,-1.39,2.0,0.0,0.0,0.2844,0.1447,0.05194,0.0,1.0,0.0,0.0,0.0,-0.922,1.1924399999999995,,,
0.798,1.085,-0.1261,-0.3914,2.482,-0.4285,-0.8457,1.0,1.0,0.207,0.051,-0.1912,0.0,-0.02205,0.2346,0.6313,0.838,1.133,-0.2551,1.7021,0.3271,-0.501,0.228,0.764,0.3423,0.3735,0.0,0.0,0.3286,0.0,0.6157,0.1195,0.05295,6.465,2.0,0.5,0.0,-0.2944,0.8823,0.7534,1.0,0.0,0.0,0.0,0.0,4.36,0.8200024000000002,,,
0.677,1.576,-0.007397,-0.3562,0.5835,-0.2856,-0.8374,1.0,1.0,0.0784,-0.0616,-0.1637,0.0,-0.0216,-0.10516,0.3792,0.7397,1.606,-0.2502,1.1261,0.4106,1.701,-0.501,0.228,0.3716,0.3752,0.0,0.0,0.3306,0.0,0.6753,0.2893,-0.04178,4.29,2.0,0.5,0.5,-0.7446,1.139,1.082,2.0,0.0,0.0,0.0,0.0,2.746,-0.1892088,,,
0.4119,1.233,-0.03732,-0.2842,-0.08795,-0.1428,-0.829,1.0,1.0,0.0864,-0.00961,-0.1702,0.0,-0.02115,-0.55,0.1655,0.628,1.313,-0.2437,-0.2558,0.538,1.125,1.701,-0.501,0.3958,0.3772,0.0,0.0,0.337,0.0,0.6606,0.9067,-0.4885,-0.5806,1.0,0.5,0.5,-0.623,0.8594,0.8125,0.0,1.0,0.0,0.0,0.0,-0.3591,-0.232588,,,
0.2156,0.828,-0.1007,-0.2477,-0.1958,0.0,-0.8213,1.0,1.0,0.1342,0.07214,-0.1842,0.0,-0.0207,-0.587,0.1279,0.5156,0.801,-0.2339,-0.5609000000000001,0.602,-0.2559,1.125,1.701,0.4104,0.377,0.0,0.0,0.3425,0.0,0.63,0.514,-0.2219,-0.893,0.0,0.5,0.0,-0.3325,0.5503,0.543,0.0,2.0,0.0,1.0,-2.559,-0.5566,-0.0251864,,,
0.3457,0.0932,-0.2345,-0.2131,-0.73,0.1428,-0.8213,1.0,0.0,0.2869,0.208,-0.2155,0.0,-0.02025,-0.0872,0.1779,0.4204,0.0676,-0.2299,-1.2669,0.56,-0.5605,-0.2559,1.125,0.4126,0.3738,0.0,0.0,0.3484,0.0,0.5615,0.3518,-0.1361,-3.498,0.0,0.5,0.0,0.2391,-0.01707,0.1119,0.0,3.0,0.0,1.0,-4.49,-2.219,-0.105482,,,
0.468,-0.5903,-0.377,-0.2146,-4.05,0.1428,-0.8213,0.0,0.0,0.4612,0.3677,-0.2489,0.0,-0.0198,1.619,0.2625,0.3318,-0.634,-0.2291,-1.4079,0.549,-1.267,-0.5605,-0.2559,0.405,0.3684,0.0,0.0,0.3494,0.0,0.4885,-0.1687,0.2034,-3.635,-1.0,0.0,-0.5,0.901,-0.5483,-0.3376,0.0,4.0,0.0,0.0,0.0,-2.4,-0.0047696,,,
0.4836,-0.5483,-0.3665,-0.2106,0.04538,0.1428,-0.8213,0.0,0.0,0.4497,0.3533,-0.2471,0.0,-0.01935,0.3933,0.3447,0.24,-0.595,-0.2292,0.0787,0.551,-1.407,-1.267,-0.5605,0.4006,0.3647,0.0,0.0,0.3472,0.0,0.4922,-0.1217,0.1716,0.1902,-1.0,0.0,0.0,0.762,-0.506,-0.2964,1.0,0.0,0.0,0.0,0.0,0.1315,-0.3085607999999999,,,
0.532,-0.6943,-0.3906,-0.1982,0.4678,0.1428,-0.8213,0.0,0.0,0.4832,0.3796,-0.2532,0.0,-0.0189,0.5605,0.3987,0.1484,-0.705,-0.23,-0.2639,0.556,0.0786,-1.407,-1.267,0.385,0.3599,0.0,0.0,0.3442,0.0,0.4788,0.03696,0.0526,-0.748,-1.0,-0.5,0.0,0.8164,-0.576,-0.3547,0.0,1.0,0.0,0.0,0.0,-0.5156,0.3018919999999999,,,
0.462,-0.6167,-0.364,-0.1769,-0.001883,0.1428,-0.8213,0.0,0.0,0.4453,0.3523,-0.2472,0.0,-0.01845,0.1697,0.4304,0.10345,-0.6133,-0.2285,0.2588999999999999,0.4707,-0.2637,0.0786,-1.407,0.3635,0.3557,0.0,0.0,0.3486,0.0,0.4912,0.1866,-0.04865,0.5566,0.0,-0.5,0.5,0.6367,-0.4258,-0.3245,1.0,0.0,0.0,0.0,0.0,0.3867,-0.5005359999999999,,,
0.5156,-1.015,-0.4446,-0.1716,0.9277,0.1428,-0.8213,0.0,0.0,0.549,0.45,-0.2666,0.0,-0.018,0.411,0.4192,0.1105,-1.028,-0.2275,-0.8485,0.4905,0.2588,-0.2637,0.0786,0.3389,0.3494,0.0,0.0,0.3472,0.0,0.449,-0.1134,0.147,-2.123,0.0,-0.5,0.0,0.9546,-0.76,-0.5806,0.0,1.0,0.0,0.0,0.0,-1.464,0.1191519999999999,,,
0.3696,-0.9517,-0.4368,-0.1829,0.06116,0.0,-0.8213,0.0,0.0,0.5273,0.452,-0.2651,0.0,-0.01755,0.0766,0.359,0.1261,-0.975,-0.2288,0.0661,0.4856,-0.8486,0.2588,-0.2637,0.3184,0.343,0.0,0.0,0.3474,0.0,0.452,-0.3237,0.2986,0.2241,1.0,-0.5,0.0,0.822,-0.696,-0.5645,1.0,0.0,0.0,0.0,0.0,0.1587,0.535256,,,
0.3376,-0.591,-0.3677,-0.1948,-0.3093,-0.1428,-0.8213,0.0,0.0,0.4397,0.367,-0.2495,0.0,-0.0171,0.7314,0.266,0.1407,-0.6016,-0.2314,0.7021,0.4912,0.0659,-0.8486,0.2588,0.3096,0.339,0.0,0.0,0.3467,0.0,0.4854,-0.345,0.3286,1.809,1.0,-0.5,0.0,0.494,-0.3108,-0.3372,2.0,0.0,0.0,0.0,0.0,1.278,-1.1851400000000003,,,
0.4978,-1.222,-0.514,-0.2273,1.456,-0.2856,-0.8213,0.0,0.0,0.637,0.544,-0.284,0.0,-0.01665,0.3113,0.1531,0.1462,-1.25,-0.2349,-1.5239,0.549,0.7017,0.0659,-0.8486,0.3008,0.3364,0.0,0.0,0.343,0.0,0.41,-0.664,0.5234,-3.25,1.0,-0.5,-0.5,1.182,-0.8945,-0.7583,0.0,1.0,0.0,0.0,0.0,-2.248,0.3368484,,,
0.457,-0.9336,-0.4644,-0.2477,-0.137,-0.4285,-0.8213,0.0,0.0,0.569,0.4807,-0.2732,0.0,-0.0162,0.1477,0.03235,0.1375,-0.9683,-0.2377,0.5035,0.558,-1.523,0.7017,0.0659,0.294,0.3347,0.0,0.0,0.3425,0.0,0.4333,-0.4673,0.393,0.991,1.0,0.0,0.0,0.816,-0.6567,-0.606,1.0,0.0,0.0,0.0,0.0,0.72,-0.4132736000000001,,,
0.4373,-1.212,-0.548,-0.303,0.4822,-0.5713,-0.8213,0.0,0.0,0.6772,0.5957,-0.293,0.0,-0.01575,0.705,-0.06396,0.1154,-1.244,-0.2449,-0.9096,0.5933,0.5034,-1.523,0.7017,0.2837,0.334,0.0,0.0,0.341,0.0,0.39,-1.066,0.802,-1.885,1.0,0.0,-0.5,1.137,-1.015,-0.837,0.0,1.0,0.0,0.0,0.0,-1.348,0.1267728,,,
0.366,-0.4114,-0.4126,-0.3594,-0.623,-0.7144,-0.8213,0.0,0.0,0.4968,0.4211,-0.2625,0.0,-0.015305,0.575,-0.01396,0.0893,-0.3972,-0.2546,1.4391,0.591,-0.9097,0.5034,-1.523,0.2798,0.3337,0.0,0.0,0.3413,0.0,0.4563,-1.024,0.801,3.598,1.0,0.5,-0.5,0.507,-0.2551,-0.4465,1.0,0.0,0.0,0.0,0.0,2.646,0.066824,,,
0.3958,-0.1959,-0.3948,-0.41,-0.5645,-0.857,-0.8213,0.0,0.0,0.477,0.396,-0.2588,0.0,-0.014854,0.0376,0.1306,0.07043,-0.2052,-0.26,0.1677,0.601,1.438,-0.9097,0.5034,0.282,0.3315,0.0,0.0,0.3398,0.0,0.464,-0.9385,0.743,0.3538,1.0,0.5,0.0,0.3894,-0.1831,-0.3855,2.0,0.0,0.0,0.0,0.0,0.2491,-0.19851588,,,
0.3975,0.824,-0.1997,-0.428,-9.375,-0.857,-0.813,1.0,1.0,0.253,0.1644,-0.214,0.0,-0.014404,1.008,0.253,0.0604,0.7705,-0.2607,2.0001,0.6094,0.1675,1.438,-0.9097,0.295,0.332,0.0,0.0,0.3406,0.0,0.561,-0.3447,0.3623,4.94,2.0,1.0,0.5,-0.3726,0.6475,0.175,3.0,0.0,0.0,0.0,0.0,3.46,0.0759664,,,
0.3127,0.939,-0.1757,-0.4263,0.269,-0.857,-0.8047,1.0,1.0,0.2202,0.1448,-0.2083,0.0,-0.013954,0.1655,0.3298,0.0608,0.8984,-0.2607,0.2457,0.6206,2.0,0.1675,1.438,0.3054,0.3374,0.0,0.0,0.3416,0.0,0.5737,-0.02663,0.141,0.506,2.0,1.0,1.0,-0.469,0.6196,0.2388,4.0,0.0,0.0,0.0,0.0,0.3335,-0.37216824,,,
0.3318,0.2109,-0.3196,-0.4226,-0.6294,-0.7144,-0.8047,1.0,0.0,0.3823,0.3088,-0.2411,0.0,-0.013504,0.7446,0.3723,0.0701,0.1848,-0.2605,-1.3739,0.62,0.2455,2.0,0.1675,0.3164,0.338,0.0,0.0,0.3408,0.0,0.502,-0.02196,0.10614,-3.37,2.0,1.0,1.0,0.213,0.0648,-0.1666,0.0,1.0,0.0,0.0,0.0,-2.205,-0.6498936000000001,,,
0.436,-0.2764,-0.4236,-0.4355,-1.648,-0.7144,-0.8047,0.0,0.0,0.516,0.4294,-0.2646,0.0,-0.013054,0.93,0.3928,0.08826,-0.312,-0.261,-1.0319,0.5845,-1.374,0.2455,2.0,0.3186,0.3381,0.0,0.0,0.334,0.0,0.45,-0.2451,0.2428,-2.479,1.0,0.5,0.5,0.6885,-0.3303,-0.426,0.0,2.0,0.0,0.0,0.0,-1.694,-0.1872760000000001,,,
0.46,-0.4756,-0.4712,-0.4512,1.224,-0.7144,-0.8047,0.0,0.0,0.578,0.4895,-0.2754,0.0,-0.0126,0.5254,0.3994,0.11914,-0.514,-0.2622,-0.4823,0.4539,-1.032,-1.374,0.2455,0.323,0.336,0.0,0.0,0.324,0.0,0.4265,-0.2817,0.2585,-1.042,0.0,0.0,0.5,0.8677,-0.4827,-0.5396,0.0,3.0,0.0,0.0,0.0,-0.736,0.00850744,,,
0.4731,-0.4358,-0.4724,-0.4695,0.02579,-0.7144,-0.8047,0.0,0.0,0.5806,0.49,-0.2756,0.0,-0.01215,0.3857,0.3806,0.1582,-0.4768,-0.2642,-0.00732,0.2998,-0.4822,-1.032,-1.374,0.3198,0.334,0.0,0.0,0.3145,0.0,0.426,-0.3372,0.298,-0.0166,-1.0,0.0,0.0,0.775,-0.4763,-0.5264,0.0,4.0,0.0,0.0,0.0,-0.01191,-0.1990638399999999,,,
0.5957,-0.8057,-0.554,-0.4858,1.248,-0.7144,-0.8047,0.0,0.0,0.698,0.5913,-0.2944,0.0,-0.0117,1.294,0.3298,0.1887,-0.8433,-0.266,-0.8609,0.1932,-0.007416,-0.4822,-1.032,0.3105,0.3325,0.0,0.0,0.3044,0.0,0.3848,-0.3335,0.2776,-2.234,-2.0,-0.5,0.0,1.141,-0.7544,-0.841,0.0,5.0,0.0,0.0,0.0,-1.604,0.1241487999999999,,,
0.689,-0.7153,-0.5444,-0.503,-0.0001585,-0.7144,-0.8047,0.0,0.0,0.693,0.57,-0.292,0.0,-0.01125,1.391,0.2712,0.2158,-0.6978,-0.2708,0.1069,0.1661,-0.861,-0.007416,-0.4822,0.2908,0.3315,0.0,0.0,0.2976,0.0,0.3892,-0.326,0.2742,0.4238,-1.0,0.0,0.0,0.9863,-0.658,-0.7446,1.0,0.0,0.0,0.0,0.0,0.3125,-1.1276112000000005,,,
0.788,-1.276,-0.676,-0.5464,1.079,-0.7144,-0.8047,0.0,0.0,0.886,0.7534,-0.3223,0.0,-0.0108,0.403,0.2258,0.2491,-1.237,-0.2769,-1.4219,0.28,0.10675,-0.861,-0.007416,0.2615,0.3281,0.0,0.0,0.2908,0.0,0.323,-0.6836,0.5005,-5.297,-1.0,-0.5,-0.5,1.547,-1.235,-1.126,0.0,1.0,0.0,0.0,0.0,-3.895,-0.062836,,,
0.7593,-1.193,-0.67,-0.569,0.05884,-0.7144,-0.8047,0.0,0.0,0.8755,0.7466,-0.321,0.0,-0.01035,0.6494,0.1896,0.2827,-1.115,-0.2812,0.06376,0.3594,-1.421,0.10675,-0.861,0.2411,0.3232,0.0,0.0,0.2842,0.0,0.3254,-0.4365,0.3254,0.2382,0.0,-0.5,0.0,1.378,-1.104,-0.961,1.0,0.0,0.0,0.0,0.0,0.1832,-0.191368,,,
0.7695,-1.206,-0.687,-0.5986,0.1462,-0.7144,-0.8047,0.0,0.0,0.9014,0.772,-0.3252,0.0,-0.0099,0.3298,0.1594,0.3176,-1.105,-0.2861,-0.1984,0.4358,0.0636,-1.421,0.10675,0.2257,0.3171,0.0,0.0,0.2776,0.0,0.3162,-0.5884,0.4297,-0.6787,0.0,-1.0,-0.5,1.322,-1.121,-0.9043,0.0,1.0,0.0,0.0,0.0,-0.521,-1.463092,,,
1.159,-2.307,-0.9243,-0.648,1.185,-0.7144,-0.8047,0.0,0.0,1.317,1.137,-0.38,0.0,-0.00945,1.474,0.2327,0.366,-2.123,-0.2954,-2.4299,0.6787,-0.1985,0.0636,-1.421,0.199,0.3071,0.0,0.0,0.2656,0.0,0.1967,-0.81,0.5356,-9.51,0.0,-1.5,-0.5,2.576,-2.066,-1.282,0.0,2.0,0.0,1.0,-7.91,-6.73,-2.06357,,,
1.627,-2.307,-1.17,-0.745,0.6455,-0.7144,-0.8047,0.0,0.0,1.837,1.595,-0.437,0.0,-0.009,2.906,0.461,0.451,-2.123,-0.3098,-2.4299,1.111,-2.428,-0.1985,0.0636,0.1577,0.2947,0.0,0.0,0.2502,0.0,0.0719,-1.402,0.9033,-9.51,-1.0,-1.5,-1.0,2.836,-2.066,-1.282,0.0,3.0,0.0,0.0,0.0,-6.73,-1.1656999999999995,,,
2.258,-2.307,-1.309,-0.8647,0.2896,-0.7144,-0.8047,0.0,0.0,2.207,1.872,-0.4695,0.0,-0.00855,2.906,0.9136,0.6567,-2.123,-0.337,-1.9319,1.547,-2.428,-2.428,-0.1985,0.113,0.2776,0.0,0.0,0.2317,0.0,0.001005,-1.473,0.9644,-9.51,-1.0,-1.5,-1.5,2.836,-2.066,-1.282,0.0,4.0,0.0,0.0,0.0,-6.73,-0.7263879999999997,,,
2.393,-2.307,-1.421,-1.028,0.2097,-0.857,-0.8047,0.0,0.0,2.508,2.16,-0.4958,0.0,-0.0081,2.053,1.41,0.9233,-2.123,-0.3582,-1.6759,1.945,-1.931,-2.428,-2.428,0.06094,0.2573,0.0,0.0,0.2094,0.0,-0.0567,-1.473,1.368,-6.285,-2.0,-1.5,-2.0,2.836,-2.066,-1.226,0.0,5.0,0.0,0.0,0.0,-6.246,-0.1499319999999999,,,
2.496,-2.307,-1.436,-1.197,0.0581,-1.0,-0.8047,0.0,0.0,2.557,2.193,-0.5,0.0,-0.007652,1.901,1.915,1.227,-2.123,-0.3784,-0.2711,2.281,-1.675,-1.931,-2.428,0.01561,0.2373,0.0,0.0,0.1898,0.0,-0.0657,-1.473,1.424,-0.9565,-2.0,-1.5,-2.0,2.836,-2.066,-1.061,0.0,5.0,0.0,0.0,0.0,-1.003,0.262792,,,
2.424,-2.307,-1.427,-1.347,0.01936,-1.143,-0.8047,0.0,0.0,2.523,2.172,-0.4983,0.0,-0.007202,1.082,2.357,1.518,-2.123,-0.3933,0.1095,2.525,-0.271,-1.675,-1.931,-0.02965,0.2181,0.0,0.0,0.1694,0.0,-0.06232,-1.473,1.402,0.3079,-1.0,-1.0,-2.0,2.836,-2.066,-0.9233,1.0,0.0,0.0,0.0,0.0,0.3257,0.6532199999999999,,,
2.232,-2.307,-1.339,-1.472,-0.1323,-1.143,-0.8047,0.0,0.0,2.28,1.95,-0.4788,0.0,-0.006752,1.477,2.72,1.792,-2.123,-0.4053,1.3191,2.682,0.1093,-0.271,-1.675,-0.06885,0.2021,0.0,0.0,0.1526,0.0,-0.01979,-1.473,1.189,3.504,0.0,-1.0,-1.5,2.836,-2.066,-0.751,2.0,0.0,0.0,0.0,0.0,3.693,0.2625344,,,
2.475,-2.307,-1.4375,-1.603,0.2422,-1.143,-0.8047,0.0,0.0,2.559,2.2,-0.5015,0.0,-0.0063,2.078,2.996,2.049,-2.123,-0.4146,-1.4859,2.82,1.318,0.1093,-0.271,-0.1,0.1868,0.0,0.0,0.131,0.0,-0.07,-1.473,1.181,-3.146,0.0,-1.0,-1.5,2.836,-2.066,-0.774,0.0,1.0,0.0,0.0,0.0,-3.184,-0.9657596,,,
2.545,-2.307,-1.523,-1.742,0.1974,-1.143,-0.8047,0.0,0.0,2.691,2.436,-0.522,0.0,-0.00585,1.927,3.201,2.29,-2.123,-0.4255,-1.3839,2.947,-1.486,1.318,0.1093,-0.1217,0.1699,0.0,0.0,0.1071,0.0,-0.11456,-1.473,1.181,-2.947,0.0,-1.5,-1.5,2.836,-2.066,-0.781,0.0,2.0,0.0,0.0,0.0,-3.127,0.6298039999999998,,,
2.523,-2.307,-1.48,-1.867,-0.09564,-1.143,-0.8047,0.0,0.0,2.684,2.32,-0.5127,0.0,-0.0054,1.227,3.34,2.51,-2.123,-0.4373,0.6544,2.902,-1.383,-1.486,1.318,-0.1328,0.154,0.0,0.0,0.0801,0.0,-0.09454,-1.473,1.08,1.532,1.0,-1.0,-1.0,2.836,-2.066,-0.685,1.0,0.0,0.0,0.0,0.0,1.7,0.1116868,,,
2.371,-2.012,-1.4795,-1.994,-0.04666,-1.143,-0.8047,0.0,0.0,2.668,2.33,-0.513,0.0,-0.00495,0.705,3.438,2.719,-2.072,-0.4514,-0.02239,2.768,0.654,-1.383,-1.486,-0.1372,0.138,0.0,0.0,0.05246,0.0,-0.09534,-1.473,1.103,-0.0506,0.0,-1.0,-1.5,2.836,-2.066,-0.6406,0.0,1.0,0.0,0.0,0.0,-0.05502,-0.0740727999999999,,,
2.434,-2.072,-1.542,-2.107,0.1676,-1.143,-0.8047,0.0,0.0,2.691,2.516,-0.528,0.0,-0.0045,0.931,3.48,2.9,-2.123,-0.464,-1.0349,2.682,-0.02248,0.654,-1.383,-0.1444,0.12195,0.0,0.0,0.02647,0.0,-0.1279,-1.473,1.068,-2.146,-1.0,-1.0,-1.5,2.836,-2.066,-0.657,0.0,2.0,0.0,0.0,0.0,-2.336,1.851542776,,,
2.283,-0.3164,-1.333,-2.191,-0.809,-1.143,-0.8047,0.0,0.0,2.27,1.933,-0.4822,0.0,-0.00405,2.906,3.455,3.059,-0.408,-0.4775,2.7441000000000004,2.523,-1.035,-0.02248,0.654,-0.1403,0.1087,0.0,0.0,0.00679,0.0,-0.0279,-1.209,0.7227,9.62,0.0,-0.5,-1.5,2.066,-0.861,-0.4087,1.0,0.0,0.0,0.0,0.0,7.785,0.3932400000000002,,,
2.312,0.3506,-1.283,-2.271,-2.898,-1.0,-0.8047,1.0,0.0,2.148,1.804,-0.4714,0.0,-0.003601,2.191,3.312,3.176,0.1956,-0.4863,0.6851,2.338,2.744,-1.035,-0.02248,-0.1384,0.09515,0.0,0.0,-0.01097,0.0,-0.00514,-1.088,0.646,1.928,1.0,0.0,-1.0,1.492,-0.586,-0.3225,2.0,0.0,0.0,0.0,0.0,1.965,0.7319827999999998,,,
2.105,0.8413,-1.24,-2.314,1.347,-0.857,-0.8047,1.0,0.0,2.031,1.716,-0.4624,0.0,-0.00315,2.104,3.066,3.242,0.719,-0.4937,0.5781,2.098,0.685,2.744,-1.035,-0.1284,0.0843,0.0,0.0,-0.0279,0.0,0.014496,-0.748,0.4124,1.143,1.0,0.5,-0.5,1.003,-0.4136,-0.2377,3.0,0.0,0.0,0.0,0.0,1.141,1.8227336,,,
1.7705,2.021,-1.071,-2.303,1.502,-0.7144,-0.8047,1.0,0.0,1.645,1.372,-0.425,0.0,-0.0027,2.445,2.729,3.242,2.002,-0.4966,2.3421000000000003,1.865,0.5776,0.685,2.744,-0.10364,0.075,0.0,0.0,-0.03973,0.0,0.0958,0.007687,-0.09125,5.508,2.0,0.5,0.0,0.02605,0.582,0.02136,4.0,0.0,0.0,0.0,0.0,5.4,-1.6491440000000004,,,
1.792,0.601,-1.265,-2.295,-0.5884,-0.5713,-0.8047,1.0,0.0,2.064,1.803,-0.469,0.0,-0.00225,1.722,2.434,3.182,0.6416,-0.4976,-2.4299,1.569,2.342,0.5776,0.685,-0.09247,0.0643,0.0,0.0,-0.05573,0.0,5.984e-05,-0.0905,-0.0632,-6.535,2.0,0.0,0.0,1.231,-0.4883,-0.2057,0.0,1.0,0.0,0.0,0.0,-5.97,0.5232584,,,
1.665,1.144,-1.172,-2.262,0.983,-0.4285,-0.8047,1.0,0.0,1.845,1.597,-0.4485,0.0,-0.001801,1.816,2.143,3.059,1.247,-0.496,1.2941,1.322,-2.428,2.342,0.5776,-0.0759,0.05295,0.0,0.0,-0.06714,0.0,0.04434,0.3003,-0.3225,3.172,2.0,0.5,0.5,0.6694,0.1681,-0.00623,1.0,0.0,0.0,0.0,0.0,3.148,1.812088,,,
1.467,2.156,-0.922,-2.195,1.447,-0.2856,-0.8047,1.0,0.0,1.339,1.107,-0.3926,0.0,-0.00135,2.396,1.846,2.85,2.002,-0.4873,2.7441000000000004,1.09,1.293,-2.428,2.342,-0.04135,0.0448,0.0,0.0,-0.0736,0.0,0.1658,0.652,-0.52,9.62,2.0,1.0,1.0,-0.4875,1.591,0.5444,2.0,0.0,1.0,0.0,9.375,7.785,-0.02134,,,
1.634,2.049,-0.972,-2.135,-0.1016,-0.1428,-0.8047,1.0,0.0,1.442,1.187,-0.404,0.0,-0.0009003,1.783,1.544,2.56,2.002,-0.4817,-0.6244000000000001,0.8022,2.744,1.293,-2.428,-0.02141,0.0332,0.0,0.0,-0.08075,0.0,0.1409,0.542,-0.4524,-1.718,1.0,0.5,0.5,-0.1616,1.222,0.6006,0.0,1.0,0.0,0.0,0.0,-1.48,-0.8633527999999999,,,
1.814,1.16,-1.081,-2.104,-0.3123,0.0,-0.8047,1.0,0.0,1.667,1.389,-0.4287,0.0,-0.0004501,0.3665,1.236,2.215,1.275,-0.4788,-1.3829,0.6685,-0.624,2.744,1.293,-0.01045,0.01976,0.0,0.0,-0.0852,0.0,0.0871,0.2382,-0.259,-3.127,0.0,0.5,0.0,0.487,0.609,0.4097,0.0,2.0,0.0,0.0,0.0,-2.75,0.3985839999999999,,,
1.669,1.358,-1.021,-2.047,0.304,0.1428,-0.8047,1.0,0.0,1.538,1.28,-0.4155,0.0,0.0,0.7603,0.9106,1.834,1.543,-0.4746,0.7701,0.71,-1.382,-0.624,2.744,0.001546,0.009125,0.0,0.0,-0.08325,0.0,0.11554,0.496,-0.4307,1.696,1.0,1.0,0.5,0.1675,0.866,0.533,1.0,0.0,0.0,0.0,0.0,1.56,-1.8347120000000008,,,
2.027,0.06076,-1.1875,-2.002,-0.8296,0.2856,-0.8047,1.0,0.0,1.906,1.601,-0.453,0.0,0.0004501,2.906,0.605,1.501,0.2211,-0.469,-2.1449,0.717,0.77,-1.382,-0.624,-0.00557,-0.00235,0.0,0.0,-0.0817,0.0,0.03384,0.3555,-0.366,-5.906,0.0,0.5,0.5,1.227,0.0332,0.08636,0.0,1.0,0.0,0.0,0.0,-5.3,-0.4044439999999998,,,
2.1,-0.3137,-1.225,-1.965,-2.684,0.2856,-0.8047,0.0,0.0,1.995,1.681,-0.4617,0.0,0.0009003,1.094,0.3699,1.206,-0.1704,-0.4648,-0.5375,0.703,-2.145,0.77,-1.382,-0.003708,-0.01371,0.0,0.0,-0.0787,0.0,0.01468,0.2389,-0.2913,-1.085,-1.0,0.0,0.0,1.444,-0.1096,-0.03406,0.0,2.0,0.0,0.0,0.0,-1.043,0.0209803999999999,,,
2.07,0.004967,-1.153,-1.919,-1.332,0.4285,-0.8047,1.0,0.0,1.838,1.522,-0.4463,0.0,0.00135,1.458,0.289,0.96,0.1615,-0.4607,0.9615,0.6895,-0.537,-2.145,0.77,-0.003128,-0.02411,0.0,0.0,-0.0738,0.0,0.04807,0.3225,-0.3362,1.721,0.0,0.0,0.5,0.9688,0.3455,0.1173,1.0,0.0,0.0,0.0,0.0,1.684,1.7596823999999998,,,
1.984,0.8125,-0.9917,-1.845,10.13,0.5713,-0.8047,1.0,0.0,1.507,1.196,-0.4104,0.0,0.001801,2.338,0.3704,0.7534,1.013,-0.4536,2.1821,0.7236,0.961,-0.537,-2.145,-0.007637,-0.03119,0.0,0.0,-0.06586,0.0,0.1262,0.5977,-0.498,6.133,1.0,0.0,1.0,0.0433,1.151,0.4753,2.0,0.0,0.0,0.0,0.0,5.824,-0.77184,,,
1.895,0.262,-1.056,-1.807,-0.525,0.7144,-0.8047,1.0,0.0,1.622,1.329,-0.4248,0.0,0.00225,1.258,0.545,0.592,0.3315,-0.4453,-0.8279,0.7417,2.18,0.961,-0.537,-0.01298,-0.03928,0.0,0.0,-0.06097,0.0,0.09424,0.2727,-0.2803,-2.492,0.0,0.0,0.5,0.4553,0.7812,0.2708,0.0,1.0,0.0,0.0,0.0,-2.215,0.387912,,,
1.728,0.801,-0.945,-1.753,1.812,0.7144,-0.8047,1.0,0.0,1.4,1.128,-0.4011,0.0,0.0027,1.494,0.6953,0.4744,0.884,-0.441,1.3891,0.761,-0.8276,2.18,0.961,-0.005943,-0.0441,0.0,0.0,-0.05185,0.0,0.1459,0.341,-0.3062,3.365,1.0,0.0,0.5,-0.03238,1.315,0.4758,1.0,0.0,0.0,0.0,0.0,3.072,1.143132,,,
1.683,1.561,-0.791,-1.69,1.055,0.7144,-0.8047,1.0,0.0,1.135,0.862,-0.3672,0.0,0.00315,2.906,0.8105,0.432,1.654,-0.4346,1.8921,0.793,1.388,-0.8276,2.18,0.006386,-0.0469,0.0,0.0,-0.03784,0.0,0.2194,0.4553,-0.3555,5.89,2.0,0.0,0.5,-0.688,1.894,0.7485,2.0,0.0,0.0,0.0,0.0,5.156,-0.4706640000000001,,,
1.616,1.195,-0.83,-1.656,-0.1048,0.7144,-0.8047,1.0,0.0,1.193,0.933,-0.3762,0.0,0.003601,0.683,0.878,0.4634,1.25,-0.43,-0.4784,0.7817,1.891,1.388,-0.8276,0.02596,-0.05002,0.0,0.0,-0.02548,0.0,0.1993,0.21,-0.1888,-1.341,1.0,0.0,0.0,-0.4702,1.483,0.58,0.0,1.0,0.0,0.0,0.0,-1.107,-1.2361680000000004,,,
1.792,0.001349,-0.9985,-1.616,-0.866,0.7144,-0.8047,1.0,0.0,1.504,1.225,-0.4146,0.0,0.00405,1.467,0.892,0.547,0.073,-0.4263,-2.0469,0.6704,-0.4783,1.891,1.388,0.038,-0.05212,0.0,0.0,-0.01656,0.0,0.11597,0.251,-0.255,-3.98,0.0,0.0,0.0,0.5254,0.63,0.1224,0.0,2.0,0.0,0.0,0.0,-3.338,0.733204,,,
1.866,-0.599,-1.088,-1.601,-7.63,0.5713,-0.8047,0.0,0.0,1.684,1.397,-0.435,0.0,0.0045,1.05,0.856,0.643,-0.5654,-0.4238,-1.1679,0.4512,-2.047,-0.4783,1.891,0.0409,-0.052,0.0,0.0,-0.008125,0.0,0.07135,-0.00813,-0.0894,-2.629,0.0,-0.5,-0.5,0.937,0.02809,-0.193,0.0,3.0,0.0,0.0,0.0,-2.355,0.7646812,,,
1.651,-0.1514,-1.021,-1.61,-0.7905,0.4285,-0.8047,0.0,0.0,1.537,1.282,-0.421,0.0,0.00495,1.11,0.811,0.712,-0.1545,-0.4248,0.8271,0.3728,-1.167,-2.047,-0.4783,0.03815,-0.04904,0.0,0.0,-0.002596,0.0,0.1015,-0.2996,0.132,1.755,0.0,0.0,-0.5,0.5664,0.4019,-0.028,1.0,0.0,0.0,0.0,0.0,1.632,2.3244160000000003,,,
1.4375,1.099,-0.809,-1.586,-14.766,0.4285,-0.8047,1.0,0.0,1.145,0.912,-0.3743,0.0,0.0054,2.371,0.7583,0.753,1.094,-0.423,2.7011000000000003,0.3787,0.827,-1.167,-2.047,0.05106,-0.04166,0.0,0.0,0.006203,0.0,0.2029,0.09735,-0.1067,7.367,0.0,0.5,0.0,-0.4128,1.455,0.6265,2.0,0.0,0.0,0.0,0.0,6.68,0.039588,,,
1.334,1.391,-0.7344,-1.537,0.3975,0.4285,-0.8047,1.0,0.0,1.019,0.7993,-0.3584,0.0,0.00585,0.9976,0.699,0.7705,1.376,-0.4177,0.8478,0.427,2.7,0.827,-1.167,0.06195,-0.03302,0.0,0.0,0.01562,0.0,0.2372,0.3716,-0.287,2.79,1.0,0.5,0.5,-0.634,1.665,0.75,3.0,0.0,0.0,0.0,0.0,2.332,0.1627679999999999,,,
1.283,1.47,-0.697,-1.493,0.1907,0.4285,-0.8047,1.0,0.0,0.957,0.7446,-0.3506,0.0,0.0063,0.3838,0.6357,0.7666,1.453,-0.413,0.4129,0.529,0.847,2.7,0.827,0.0662,-0.02402,0.0,0.0,0.02235,0.0,0.2542,0.3442,-0.26,0.952,2.0,0.5,0.5,-0.7524,1.607,0.7285,4.0,0.0,0.0,0.0,0.0,0.7754,0.4711040000000001,,,
1.068,1.844,-0.5874,-1.411,0.3909,0.4285,-0.8047,1.0,0.0,0.7817,0.599,-0.327,0.0,0.006752,0.8477,0.6006,0.751,1.879,-0.406,1.2141,0.6035,0.4126,0.847,2.7,0.07886,-0.01476,0.0,0.0,0.03522,0.0,0.3054,0.7944,-0.5586,3.316,3.0,1.0,1.0,-1.044,1.946,0.8857,5.0,0.0,0.0,0.0,0.0,2.666,-0.4399080000000002,,,
1.101,1.323,-0.6265,-1.327,-0.1555,0.5713,-0.8047,1.0,0.0,0.8394,0.6533,-0.3364,0.0,0.007202,0.5415,0.592,0.7354,1.38,-0.3977,-0.4645,0.6553,1.214,0.4126,0.847,0.0988,-0.00468,0.0,0.0,0.04538,0.0,0.285,0.788,-0.563,-1.253,2.0,0.5,1.0,-0.7393,1.605,0.661,0.0,1.0,0.0,0.0,0.0,-0.9707,-0.5885383999999998,,,
1.269,0.7256,-0.692,-1.261,-0.3213,0.5713,-0.8047,1.0,0.0,0.948,0.738,-0.3516,0.0,0.007652,2.312,0.6084,0.752,0.744,-0.3894,-0.7639,0.7026,-0.4646,1.214,0.4126,0.1201,0.00572,0.0,0.0,0.0491,0.0,0.2512,0.5728,-0.4243,-2.904,1.0,0.0,0.5,-0.3796,1.137,0.4302,0.0,2.0,0.0,0.0,0.0,-2.283,0.0202559999999999,,,
1.121,0.6763,-0.676,-1.216,0.06836,0.5713,-0.8047,1.0,0.0,0.913,0.726,-0.3489,0.0,0.0081,0.2957,0.649,0.7754,0.655,-0.3835,0.1417,0.7485,-0.764,-0.4646,1.214,0.1385,0.01572,0.0,0.0,0.0541,0.0,0.257,0.3914,-0.292,0.3455,1.0,0.5,0.5,-0.3872,1.073,0.4114,1.0,0.0,0.0,0.0,0.0,0.278,0.304544,,,
1.166,0.68,-0.6445,-1.159,0.1385,0.5713,-0.8047,1.0,0.0,0.8706,0.6743,-0.3425,0.0,0.00855,1.838,0.7183,0.7925,0.675,-0.3784,0.3236,0.774,0.1415,-0.764,-0.4646,0.1467,0.02612,0.0,0.0,0.06192,0.0,0.2705,0.576,-0.418,0.9653,1.0,1.0,1.0,-0.4807,1.064,0.4236,2.0,0.0,0.0,0.0,0.0,0.774,0.5661751999999998,,,
1.003,1.276,-0.506,-1.1,0.97,0.5713,-0.8047,1.0,0.0,0.6665,0.4912,-0.3127,0.0,0.009,-0.1039,0.796,0.811,1.258,-0.3718,1.5111,0.87,0.3232,0.1415,-0.764,0.1584,0.03928,0.0,0.0,0.0712,0.0,0.3352,0.6094,-0.413,4.28,1.0,1.5,1.0,-0.969,1.515,0.644,3.0,0.0,1.0,0.0,9.375,3.398,-0.0304163999999999,,,
0.8896,1.134,-0.51,-1.062,0.02104,0.5713,-0.8047,1.0,0.0,0.6626,0.506,-0.3142,0.0,0.00945,1.488,0.89,0.837,1.048,-0.3655,-0.07046,0.8633,1.51,0.3232,0.1415,0.1677,0.0495,0.0,0.0,0.0838,0.0,0.3318,0.3853,-0.2544,-0.2634,1.0,1.0,0.5,-0.839,1.335,0.56,0.0,1.0,0.0,0.0,0.0,-0.1996,-0.8478151999999998,,,
1.043,0.3953,-0.6265,-1.033,-0.516,0.5713,-0.8047,1.0,0.0,0.835,0.658,-0.3403,0.0,0.0099,0.625,0.968,0.8516,0.2908,-0.3618,-1.2719,0.743,-0.0705,1.51,0.3232,0.1643,0.0575,0.0,0.0,0.0948,0.0,0.274,0.2086,-0.1534,-7.555,1.0,0.5,0.5,-0.262,0.6914,0.254,0.0,2.0,0.0,0.0,0.0,-5.74,0.0336559999999999,,,
0.9053,0.3218,-0.6104,-0.979,-0.03125,0.5713,-0.8047,1.0,0.0,0.8013,0.646,-0.3376,0.0,0.01035,-0.3867,1.021,0.854,0.2756,-0.3586,0.1392999999999999,0.6416,-1.272,-0.0705,1.51,0.164,0.0651,0.0,0.0,0.1046,0.0,0.2798,0.657,-0.4712,0.3206,1.0,0.5,1.0,-0.308,0.6396,0.2512,1.0,0.0,0.0,0.0,0.0,0.2537,-0.2255199999999999,,,
0.9185,-0.01371,-0.637,-0.9146,-0.756,0.7144,-0.8047,1.0,0.0,0.8403,0.684,-0.3445,0.0,0.0108,0.5435,1.061,0.8643,-0.01967,-0.3535,-0.3422,0.6064,0.139,-1.272,-0.0705,0.1658,0.07,0.0,0.0,0.1106,0.0,0.2646,0.848,-0.614,-0.926,0.0,0.0,1.0,-0.1383,0.4272,0.134,0.0,1.0,0.0,0.0,0.0,-0.729,0.4407459999999999,,,
1.068,-0.9688,-0.795,-0.88,-14.766,0.7144,-0.8047,0.0,0.0,1.093,0.9194,-0.38,0.0,0.01125,0.6396,1.038,0.8784,-0.957,-0.3508,-1.8039,0.5225,-0.342,0.139,-1.272,0.1578,0.07544,0.0,0.0,0.1146,0.0,0.1873,0.2937,-0.2522,-4.426,-1.0,-0.5,0.5,0.6235,-0.4043,-0.3616,0.0,2.0,0.0,0.0,0.0,-3.523,0.6143163999999999,,,
0.8467,-0.4573,-0.692,-0.8613,-0.4824,0.5713,-0.8047,0.0,0.0,0.9146,0.7725,-0.3582,0.0,0.0117,0.679,0.9673,0.883,-0.4827,-0.3484,1.1701,0.4817,-1.803,-0.342,0.139,0.1538,0.081,0.0,0.0,0.1185,0.0,0.2344,0.0769,-0.0766,2.322,0.0,0.0,0.5,0.1302,0.1285,-0.0942,1.0,0.0,0.0,0.0,0.0,1.959,0.4807280000000001,,,
0.7505,-0.1704,-0.632,-0.847,-0.6816,0.4285,-0.8047,0.0,0.0,0.819,0.69,-0.3457,0.0,0.01215,0.3608,0.871,0.8843,-0.2242,-0.3464,0.6485,0.4844,1.169,-1.803,-0.342,0.1454,0.08386,0.0,0.0,0.1205,0.0,0.2615,0.04318,-0.04056,0.531,1.0,0.5,0.5,-0.1054,0.3892,0.06665,2.0,0.0,0.0,0.0,0.0,0.432,-0.0921236,,,
0.7183,0.3042,-0.533,-0.8276,-5.555,0.4285,-0.8047,1.0,0.0,0.6797,0.552,-0.3247,0.0,0.0126,0.8706,0.738,0.8755,0.264,-0.3455,1.0731,0.502,0.648,1.169,-1.803,0.1427,0.0887,0.0,0.0,0.1251,0.0,0.3071,0.1674,-0.109,2.756,1.0,0.5,0.5,-0.492,0.7617,0.3203,3.0,0.0,0.0,0.0,0.0,2.197,0.0676,,,
0.719,1.006,-0.3896,-0.8047,2.078,0.4285,-0.8047,1.0,0.0,0.4968,0.3628,-0.2937,0.0,0.013054,2.086,0.6123,0.8643,0.908,-0.3413,1.5251,0.4941,1.072,0.648,1.169,0.1547,0.0969,0.0,0.0,0.1361,0.0,0.374,0.23,-0.1241,7.23,2.0,0.5,0.5,-0.9365,1.31,0.672,4.0,0.0,0.0,0.0,0.0,5.58,-1.1870280000000004,,,
0.862,0.2197,-0.531,-0.794,-0.639,0.4285,-0.8047,1.0,0.0,0.6885,0.537,-0.3247,0.0,0.013504,0.901,0.4934,0.8354,0.1279,-0.34,-1.4629,0.294,1.524,1.072,0.648,0.1578,0.1024,0.0,0.0,0.1461,0.0,0.306,0.007904,0.004627,-4.664,2.0,0.0,0.5,-0.2131,0.6587,0.2219,0.0,1.0,0.0,0.0,0.0,-3.434,0.5409560000000002,,,
0.679,0.686,-0.4263,-0.763,1.788,0.4285,-0.8047,1.0,0.0,0.539,0.4128,-0.3022,0.0,0.013954,0.809,0.395,0.777,0.6274,-0.3381,1.1181,0.1304,-1.463,1.524,1.072,0.1687,0.11163,0.0,0.0,0.1569,0.0,0.355,0.3323,-0.2052,3.223,2.0,0.5,1.0,-0.543,1.079,0.652,1.0,0.0,0.0,0.0,0.0,2.488,-0.7812187999999999,,,
0.824,-0.02403,-0.5527,-0.75,-0.8555,0.4285,-0.8047,1.0,0.0,0.715,0.5703,-0.3298,0.0,0.014404,-0.3567,0.2954,0.693,-0.0674,-0.3372,-1.3189,0.0783,1.117,-1.463,1.524,0.1815,0.1197,0.0,0.0,0.1609,0.0,0.2944,0.05447,-0.03342,-4.13,1.0,0.5,0.5,0.12286,0.525,0.03061,0.0,1.0,0.0,0.0,0.0,-3.078,-0.2399759999999999,,,
0.7354,-0.2184,-0.586,-0.7437,-3.492,0.2856,-0.8047,0.0,0.0,0.7534,0.625,-0.3374,0.0,0.014854,0.3398,0.1948,0.599,-0.2842,-0.3357,-0.3781,0.0567,-1.319,1.117,-1.463,0.1868,0.1263,0.0,0.0,0.1627,0.0,0.2778,-0.0552,0.03757,-0.84,0.0,0.0,0.0,0.2489,0.284,-0.1685,0.0,2.0,0.0,0.0,0.0,-0.654,1.5462879999999997,,,
0.659,0.98,-0.351,-0.728,-9.21,0.2856,-0.8047,1.0,0.0,0.4456,0.32,-0.2864,0.0,0.015305,1.719,0.1116,0.4917,0.9146,-0.3345,2.5741,0.134,-0.3782,-1.319,1.117,0.2019,0.1339,0.0,0.0,0.1686,0.0,0.389,0.0973,-0.02226,7.715,0.0,0.5,0.0,-0.5957,1.3545,0.8447,1.0,0.0,0.0,0.0,0.0,6.074,0.0484707999999999,,,
0.5835,2.156,-0.09143,-0.6763,1.344,0.2856,-0.797,1.0,1.0,0.1542,0.03195,-0.2299,0.0,0.01575,1.888,0.1055,0.4077,2.002,-0.3262,2.6231000000000004,0.442,2.572,-0.3782,-1.319,0.2262,0.1458,0.0,0.0,0.1774,0.0,0.511,0.4226,-0.2004,9.62,1.0,1.0,0.5,-1.364,2.111,1.113,2.0,0.0,1.0,0.0,9.375,7.785,-0.2595359999999999,,,
0.5356,1.815,-0.12195,-0.6104,-0.04,0.2856,-0.7886,1.0,1.0,0.1816,0.0682,-0.2368,0.0,0.0162,-0.00935,0.1709,0.365,1.632,-0.3171,-0.2995,0.625,2.623,2.572,-0.3782,0.2407,0.1558,0.0,0.0,0.1864,0.0,0.4956,0.5776,-0.3176,-1.065,0.0,0.5,0.5,-1.073,1.937,0.9497,0.0,1.0,0.0,0.0,0.0,-0.7173,-0.289784,,,
0.701,1.263,-0.1973,-0.5566,-0.1779,0.2856,-0.7803,1.0,1.0,0.2747,0.1367,-0.2537,0.0,0.01665,0.96,0.255,0.3523,1.104,-0.3115,-0.7245,0.6978,-0.2996,2.623,2.572,0.2588,0.1627,0.0,0.0,0.1953,0.0,0.459,0.4294,-0.228,-2.275,0.0,0.0,0.0,-0.6313,1.539,0.6353,0.0,2.0,0.0,0.0,0.0,-1.547,-0.340346,,,
0.7734,0.7905,-0.2622,-0.508,-0.2423,0.2856,-0.7803,1.0,0.0,0.3518,0.2043,-0.2678,0.0,0.0171,0.6724,0.3643,0.3584,0.636,-0.306,-0.6332,0.721,-0.724,-0.2996,2.623,0.2676,0.1693,0.0,0.0,0.2026,0.0,0.4275,0.373,-0.2013,-1.819,0.0,-0.5,0.0,-0.325,1.134,0.4104,0.0,3.0,0.0,0.0,0.0,-1.266,0.1496052,,,
0.725,0.723,-0.2335,-0.434,0.0509,0.4285,-0.7803,1.0,0.0,0.3162,0.1755,-0.2617,0.0,0.01755,0.4456,0.4927,0.3884,0.599,-0.2986,0.2718,0.751,-0.633,-0.724,-0.2996,0.285,0.1786,0.0,0.0,0.2098,0.0,0.4404,0.691,-0.4226,0.782,0.0,-0.5,0.5,-0.3906,1.115,0.421,1.0,0.0,0.0,0.0,0.0,0.5547,-0.15643984,,,
0.691,0.876,-0.1633,-0.3647,0.3364,0.5713,-0.7725,1.0,1.0,0.2374,0.10004,-0.2467,0.0,0.018,0.563,0.626,0.443,0.7793,-0.292,0.6771,0.823,0.2715,-0.633,-0.724,0.308,0.1901,0.0,0.0,0.2158,0.0,0.4727,0.662,-0.3877,2.506,0.0,0.0,0.5,-0.566,1.288,0.5195,2.0,0.0,0.0,0.0,0.0,1.764,-1.8918044,,,
1.08,-0.5854,-0.4438,-0.3372,-1.498,0.5713,-0.7725,0.0,0.0,0.593,0.4023,-0.308,0.0,0.01845,0.7886,0.7046,0.4873,-0.61,-0.2915,-2.4299,0.822,0.677,0.2715,-0.633,0.3025,0.197,0.0,0.0,0.2164,0.0,0.3386,0.1268,-0.0643,-9.51,0.0,-0.5,0.0,0.7583,0.1912,-0.1417,0.0,1.0,0.0,0.0,0.0,-6.73,0.4224119999999999,,,
1.002,-0.1875,-0.3494,-0.311,-0.71,0.4285,-0.7725,0.0,0.0,0.471,0.2896,-0.288,0.0,0.0189,0.767,0.7485,0.5234,-0.2097,-0.2893,0.9654,0.8013,-2.428,0.677,0.2715,0.2878,0.2023,0.0,0.0,0.2212,0.0,0.382,0.1217,-0.04138,2.543,1.0,0.0,0.0,0.3193,0.561,0.04807,1.0,0.0,0.0,0.0,0.0,1.914,0.4243359999999999,,,
0.815,0.1029,-0.283,-0.2976,-2.79,0.4285,-0.7725,1.0,0.0,0.3787,0.2252,-0.2737,0.0,0.01935,0.3164,0.781,0.5513,0.05673,-0.2869,0.6651,0.7905,0.965,-2.428,0.677,0.2783,0.2074,0.0,0.0,0.2269,0.0,0.413,0.02876,0.0386,1.553,2.0,0.5,0.0,0.0332,0.7544,0.1708,2.0,0.0,0.0,0.0,0.0,1.134,-0.2917760000000001,,,
0.79,-0.1323,-0.3167,-0.2712,-1.231,0.2856,-0.7725,0.0,0.0,0.4155,0.2673,-0.281,0.0,0.0198,0.1355,0.7866,0.5806,-0.1658,-0.2842,-0.3332,0.7534,0.665,0.965,-2.428,0.2712,0.2117,0.0,0.0,0.2327,0.0,0.397,0.1957,-0.0875,-0.753,1.0,0.0,0.0,0.1743,0.5405,0.06073,0.0,1.0,0.0,0.0,0.0,-0.5386,-0.683404,,,
0.824,-0.634,-0.4185,-0.2693,10.625,0.1428,-0.7725,0.0,0.0,0.5405,0.3906,-0.3035,0.0,0.02025,-0.10016,0.7607,0.5977,-0.6875,-0.283,-1.0319,0.5986,-0.333,0.665,0.965,0.2622,0.2131,0.0,0.0,0.2396,0.0,0.348,-0.1031,0.1043,-2.621,0.0,-0.5,-0.5,0.6196,0.0787,-0.2505,0.0,2.0,0.0,1.0,-5.76,-1.896,-0.8635060000000003,,,
0.9414,-1.289,-0.552,-0.267,1.402,0.0,-0.7725,0.0,0.0,0.723,0.5596,-0.3328,0.0,0.0207,0.735,0.694,0.602,-1.3545,-0.2822,-1.3989,0.5347,-1.032,-0.333,0.665,0.244,0.2133,0.0,0.0,0.2418,0.0,0.284,-0.1138,0.08386,-3.72,0.0,-0.5,-0.5,1.27,-0.4407,-0.671,0.0,3.0,0.0,1.0,-6.7,-2.781,0.2944464,,,
0.88,-1.157,-0.5186,-0.255,0.01608,0.0,-0.7725,0.0,0.0,0.674,0.5186,-0.3262,0.0,0.02115,-0.4019,0.58,0.593,-1.216,-0.2817,0.3316,0.491,-1.398,-1.032,-0.333,0.2238,0.2148,0.0,0.0,0.2437,0.0,0.298,-0.01933,0.02283,0.7866,0.0,0.0,0.0,0.9463,-0.3457,-0.614,1.0,0.0,0.0,0.0,0.0,0.6147,0.0715888,,,
0.6426,-1.046,-0.504,-0.271,0.023,-0.1428,-0.7725,0.0,0.0,0.6353,0.5186,-0.3237,0.0,0.0216,-0.844,0.4094,0.5703,-1.196,-0.28,0.12016,0.4893,0.3313,-1.398,-1.032,0.2198,0.2164,0.0,0.0,0.2438,0.0,0.3035,-0.386,0.2869,0.0509,0.0,0.5,0.0,0.7124,-0.3853,-0.581,2.0,0.0,0.0,0.0,0.0,0.0394,0.0532419999999999,,,
0.401,-0.7646,-0.471,-0.3179,-0.178,-0.2856,-0.7725,0.0,0.0,0.5728,0.4941,-0.3171,0.0,0.02205,0.11237,0.2245,0.528,-0.936,-0.2856,0.3188999999999999,0.5063,0.12,0.3313,-1.398,0.2124,0.2179,0.0,0.0,0.2416,0.0,0.3174,-0.9224,0.676,0.2893,1.0,0.5,0.0,0.5376,-0.2091,-0.468,3.0,0.0,0.0,0.0,0.0,0.2229,0.4399144,,,
0.335,-0.4656,-0.4302,-0.3555,-0.3345,-0.4285,-0.7725,0.0,0.0,0.516,0.4463,-0.309,0.0,0.0225,-0.5605,0.0701,0.463,-0.6455,-0.2908,0.3949,0.486,0.3188,0.12,0.3313,0.2034,0.2181,0.0,0.0,0.243,0.0,0.335,-0.7764,0.579,0.3374,2.0,0.5,0.5,0.3303,-0.04236,-0.3716,4.0,0.0,0.0,0.0,0.0,0.2576,-0.2386719999999999,,,
0.186,-0.1016,-0.369,-0.3782,-0.879,-0.5713,-0.7725,0.0,0.0,0.4292,0.381,-0.2964,0.0,0.02295,-0.4775,-0.06366,0.3838,-0.2764,-0.2944,0.6161,0.4836,0.3945,0.3188,0.12,0.1995,0.2192,0.0,0.0,0.2435,0.0,0.3628,-0.505,0.398,0.6636,3.0,1.0,1.0,0.0719,0.2108,-0.1956,5.0,0.0,0.0,0.0,0.0,0.5005,-0.7175119999999999,,,
0.2427,-0.6514,-0.4954,-0.4082,18.77,-0.7144,-0.7725,0.0,0.0,0.5923,0.54,-0.324,0.0,0.0234,0.588,-0.138,0.289,-0.82,-0.2983,-1.3089,0.4727,0.6157,0.3945,0.3188,0.1942,0.2202,0.0,0.0,0.2441,0.0,0.3022,-0.604,0.442,-1.651,2.0,0.5,1.0,0.689,-0.2993,-0.596,0.0,1.0,0.0,0.0,0.0,-1.221,0.6332376000000002,,,
0.1521,7.623e-05,-0.375,-0.4263,-1.088,-0.7144,-0.7725,1.0,0.0,0.4336,0.3916,-0.2986,0.0,0.02385,0.152,-0.1013,0.1815,-0.1451,-0.3027,1.2521,0.4136,-1.308,0.6157,0.3945,0.2029,0.2227,0.0,0.0,0.2476,0.0,0.3574,-0.4026,0.3228,2.012,2.0,0.5,1.0,0.1719,0.2705,-0.2695,1.0,0.0,0.0,0.0,0.0,1.551,1.757504,,,
0.1572,1.423,-0.08636,-0.4185,18.77,-0.7144,-0.764,1.0,1.0,0.1149,0.06192,-0.2367,0.0,0.0243,2.314,-0.0472,0.05264,1.251,-0.302,2.7441000000000004,0.4802,1.252,-1.308,0.6157,0.2258,0.2291,0.0,0.0,0.2522,0.0,0.492,-0.0232,0.1112,9.62,2.0,1.0,1.0,-0.9014,1.337,0.5825,2.0,0.0,1.0,0.0,9.375,7.785,-0.245496,,,
0.02365,1.201,-0.1064,-0.377,-0.02458,-0.5713,-0.756,1.0,1.0,0.12463,0.09393,-0.2411,0.0,0.02475,0.3354,-0.03278,-0.05655,1.0205,-0.2966,-0.1897,0.451,2.744,1.252,-1.308,0.2468,0.2377,0.0,0.0,0.251,0.0,0.4822,0.4905,-0.2598,-0.5273,1.0,1.0,1.0,-0.753,1.107,0.5464,0.0,1.0,0.0,0.0,0.0,-0.3586,-0.2585028,,,
0.01464,0.952,-0.1427,-0.3533,-0.07385,-0.4285,-0.748,1.0,1.0,0.1615,0.1335,-0.2489,0.0,0.0252,0.3254,-0.03125,-0.1316,0.741,-0.2922,-0.3395,0.423,-0.1898,2.744,1.252,0.2644,0.2443,0.0,0.0,0.25,0.0,0.4648,0.2654,-0.1063,-0.8076,0.0,1.0,0.5,-0.543,0.8594,0.457,0.0,2.0,0.0,0.0,0.0,-0.5522,0.4588440000000001,,,
-0.01245,1.265,-0.064,-0.3271,0.457,-0.4285,-0.7397,1.0,1.0,0.0789,0.05276,-0.232,0.0,0.02565,0.3513,-0.03415,-0.1891,1.037,-0.2888,0.7438,0.4724,-0.3394,-0.1898,2.744,0.284,0.2512,0.0,0.0,0.252,0.0,0.5015,0.285,-0.1042,1.818,1.0,1.0,0.5,-0.7285,1.082,0.656,1.0,0.0,0.0,0.0,0.0,1.257,0.3363563999999999,,,
0.00831,1.484,0.002218,-0.291,0.3074,-0.2856,-0.732,1.0,1.0,0.01561,-0.01595,-0.2174,0.0,0.02611,0.3032,-0.0186,-0.2119,1.169,-0.281,0.6291,0.576,0.743,-0.3394,-0.1898,0.3042,0.2578,0.0,0.0,0.2566,0.0,0.5327,0.4663,-0.2197,2.383,1.0,1.0,1.0,-0.887,1.198,0.7437,2.0,0.0,0.0,0.0,0.0,1.608,-0.1769023999999999,,,
0.0347,1.1,-0.05017,-0.2461,-0.1295,-0.1428,-0.7236,1.0,1.0,0.0689,0.03464,-0.2286,0.0,0.02655,0.11676,0.03262,-0.1893,0.781,-0.275,-0.4729,0.6323,0.6284,0.743,-0.3394,0.3286,0.2617,0.0,0.0,0.2595,0.0,0.508,0.596,-0.323,-1.25,0.0,0.5,1.0,-0.6416,0.8613,0.545,0.0,1.0,0.0,0.0,0.0,-0.828,-0.4305747999999999,,,
0.0712,0.5923,-0.12225,-0.1892,-0.3254,0.0,-0.7153,1.0,1.0,0.1448,0.1069,-0.2445,0.0,0.02701,0.6553,0.147,-0.11993,0.2456,-0.2666,-0.6815,0.636,-0.4727,0.6284,0.743,0.3423,0.2666,0.0,0.0,0.2598,0.0,0.4731,0.7695,-0.462,-1.909,0.0,0.0,1.0,-0.2776,0.53,0.3452,0.0,2.0,0.0,0.0,0.0,-1.283,0.2505919999999999,,,
0.1189,0.557,-0.0977,-0.133,0.0776,0.1428,-0.7075,1.0,1.0,0.1234,0.07697,-0.2396,0.0,0.02745,0.4744,0.3147,-0.02126,0.1678,-0.2583,0.2132,0.6543,-0.681,-0.4727,0.6284,0.3416,0.2705,0.0,0.0,0.2659,0.0,0.4834,0.759,-0.4497,0.7646,1.0,0.0,1.0,-0.309,0.569,0.356,1.0,0.0,0.0,0.0,0.0,0.5254,0.178262,,,
0.3257,0.5186,-0.07367,-0.07623,0.0689,0.2856,-0.699,1.0,1.0,0.11566,0.0348,-0.2347,0.0,0.02791,1.82,0.4534,0.0618,0.2372,-0.2566,0.2118999999999999,0.6895,0.2131,-0.681,-0.4727,0.3433,0.2764,0.0,0.0,0.2708,0.0,0.4937,0.7734,-0.4553,0.808,1.0,0.5,1.0,-0.3455,0.5938,0.369,2.0,0.0,0.0,0.0,0.0,0.5513,-2.06258,,,
0.7256,-0.9517,-0.3765,-0.0596,-2.486,0.2856,-0.699,0.0,0.0,0.4814,0.346,-0.3005,0.0,0.02835,-0.1536,0.528,0.10565,-1.063,-0.262,-2.4299,0.702,0.2117,0.2131,-0.681,0.33,0.2786,0.0,0.0,0.2683,0.0,0.3499,0.0341,0.00921,-9.51,0.0,0.0,0.5,1.0625,-0.5435,-0.3916,0.0,1.0,0.0,1.0,-7.91,-6.73,-0.0081603999999999,,,
0.8384,-0.9478,-0.3706,-0.04965,0.1287,0.2856,-0.699,0.0,0.0,0.4832,0.329,-0.2998,0.0,0.02881,1.043,0.5547,0.1295,-0.958,-0.2664,0.03858,0.7124,-2.428,0.2117,0.2131,0.3127,0.2776,0.0,0.0,0.2666,0.0,0.351,-0.02017,0.0487,0.1746,1.0,0.0,0.5,0.9536,-0.4878,-0.3691,1.0,0.0,0.0,0.0,0.0,0.1299,-0.7081840000000001,,,
0.97,-1.357,-0.4631,-0.06046,0.6387,0.2856,-0.699,0.0,0.0,0.6084,0.4368,-0.32,0.0,0.02925,-0.0712,0.5464,0.1438,-1.342,-0.269,-0.9609,0.7354,0.03848,-2.428,0.2117,0.2866,0.2722,0.0,0.0,0.2651,0.0,0.307,-0.2766,0.2124,-2.59,1.0,0.0,0.0,1.302,-0.865,-0.5864,0.0,1.0,0.0,0.0,0.0,-1.925,-0.1972551999999999,,,
1.028,-1.65,-0.527,-0.0637,0.378,0.2856,-0.699,0.0,0.0,0.6963,0.5176,-0.334,0.0,0.02971,0.636,0.496,0.1509,-1.584,-0.272,-0.6815,0.738,-0.9604,0.03848,-2.428,0.2598,0.2664,0.0,0.0,0.2651,0.0,0.2761,-0.1746,0.1261,-1.973,0.0,0.0,0.0,1.487,-1.101,-0.744,0.0,2.0,0.0,0.0,0.0,-1.512,0.8866440000000001,,,
0.9673,-1.017,-0.3948,-0.06885,-0.2983,0.1428,-0.699,0.0,0.0,0.523,0.3489,-0.3054,0.0,0.03015,0.1569,0.3909,0.1555,-0.9375,-0.2734,1.4171,0.7056,-0.6816,-0.9604,0.03848,0.244,0.2632,0.0,0.0,0.2668,0.0,0.3376,-0.1503,0.136,4.03,0.0,0.0,0.0,0.698,-0.471,-0.4402,1.0,0.0,0.0,0.0,0.0,3.156,-0.4863719999999999,,,
0.8247,-1.319,-0.4863,-0.12274,0.4802,0.0,-0.699,0.0,0.0,0.627,0.4795,-0.3252,0.0,0.03061,0.1992,0.259,0.1559,-1.268,-0.2783,-0.9384,0.7085,1.417,-0.6816,-0.9604,0.2222,0.2595,0.0,0.0,0.2668,0.0,0.2947,-0.9336,0.6763,-3.047,0.0,-0.5,-0.5,1.098,-0.7915,-0.6675,0.0,1.0,0.0,0.0,0.0,-2.285,0.8787411999999999,,,
0.748,-0.4832,-0.3284,-0.1561,-0.5884,-0.1428,-0.699,0.0,0.0,0.4258,0.285,-0.291,0.0,0.03105,1.005,0.1598,0.1536,-0.4426,-0.2815,1.6861,0.678,-0.938,1.417,-0.6816,0.2079,0.2578,0.0,0.0,0.269,0.0,0.369,-0.5137,0.4092,3.664,0.0,0.0,0.0,0.3916,0.05173,-0.2878,1.0,0.0,0.0,0.0,0.0,2.83,0.061872,,,
0.698,-0.1644,-0.272,-0.1749,-0.714,-0.2856,-0.699,0.0,0.0,0.357,0.222,-0.2788,0.0,0.0315,0.2903,0.0965,0.1449,-0.1279,-0.2837,0.5694,0.6543,1.686,-0.938,1.417,0.2134,0.2559,0.0,0.0,0.272,0.0,0.395,-0.342,0.2983,1.615,1.0,0.5,0.5,0.1444,0.2754,-0.1617,2.0,0.0,0.0,0.0,0.0,1.185,-0.8062411999999998,,,
0.8315,-0.626,-0.3918,-0.22,6.06,-0.4285,-0.699,0.0,0.0,0.5083,0.3562,-0.3044,0.0,0.03195,1.089,0.07996,0.1302,-0.628,-0.2869,-1.1789,0.663,0.569,1.686,-0.938,0.2122,0.256,0.0,0.0,0.2712,0.0,0.339,-0.6733,0.5103,-3.29,1.0,0.0,0.0,0.68,-0.2041,-0.466,0.0,1.0,0.0,0.0,0.0,-2.371,0.929124,,,
0.7256,0.1434,-0.2537,-0.2578,-1.376,-0.4285,-0.699,1.0,0.0,0.3384,0.1986,-0.2744,0.0,0.0324,0.8022,0.1576,0.1135,0.1671,-0.2925,1.4331,0.6074,-1.178,0.569,1.686,0.2239,0.2568,0.0,0.0,0.2756,0.0,0.404,-0.526,0.4338,4.816,1.0,0.0,0.0,0.11646,0.4463,-0.1345,1.0,0.0,0.0,0.0,0.0,3.604,0.4734719999999998,,,
0.683,0.387,-0.2169,-0.2815,1.291,-0.4285,-0.699,1.0,0.0,0.2944,0.1602,-0.2666,0.0,0.03287,-0.01273,0.2493,0.08435,0.3943,-0.2944,0.3631,0.5923,1.432,-1.178,0.569,0.2411,0.2573,0.0,0.0,0.2786,0.0,0.4211,-0.3845,0.3406,1.002,2.0,0.5,0.5,-0.02254,0.5435,-0.0536,2.0,0.0,0.0,0.0,0.0,0.718,-0.6375239999999999,,,
0.6973,0.1837,-0.2686,-0.2998,-0.3303,-0.4285,-0.699,1.0,0.0,0.353,0.2184,-0.2778,0.0,0.0333,0.4565,0.319,0.063,0.1859,-0.2966,-0.5129,0.5635,0.363,1.432,-1.178,0.2482,0.2576,0.0,0.0,0.275,0.0,0.396,-0.354,0.3079,-1.544,1.0,0.0,0.5,0.2354,0.3162,-0.1741,0.0,1.0,0.0,0.0,0.0,-1.094,-0.221526,,,
0.6294,0.602,-0.1887,-0.309,1.819,-0.4285,-0.691,1.0,1.0,0.2598,0.1332,-0.2612,0.0,0.03375,-0.1682,0.319,0.06635,0.5884,-0.2976,0.7671,0.542,-0.5127,0.363,1.432,0.2644,0.2603,0.0,0.0,0.273,0.0,0.432,-0.2551,0.2534,3.453,1.0,0.5,0.5,-0.03056,0.6313,0.06174,1.0,0.0,0.0,0.0,0.0,2.486,0.09614496,,,
0.4763,0.8057,-0.1527,-0.318,0.4517,-0.4285,-0.683,1.0,1.0,0.209,0.10614,-0.2537,0.0,0.0342,0.273,0.2668,0.08496,0.7734,-0.2983,0.3346,0.5366,0.7666,-0.5127,0.363,0.274,0.265,0.0,0.0,0.2725,0.0,0.4478,-0.2346,0.2458,1.219,2.0,1.0,0.5,-0.2532,0.578,0.1661,2.0,0.0,0.0,0.0,0.0,0.857,0.0776184,,,
0.3025,0.7964,-0.1356,-0.2856,0.1227,-0.2856,-0.675,1.0,1.0,0.1772,0.1021,-0.2502,0.0,0.03467,0.4006,0.2014,0.1011,0.785,-0.2954,0.1512,0.506,0.3345,0.7666,-0.5127,0.2812,0.2695,0.0,0.0,0.271,0.0,0.4548,0.3767,-0.1873,0.4507,2.0,1.0,1.0,-0.2593,0.592,0.2336,3.0,0.0,0.0,0.0,0.0,0.3135,-0.8375440000000001,,,
0.4895,-0.256,-0.3457,-0.2756,-1.148,-0.2856,-0.675,0.0,0.0,0.4255,0.3274,-0.2961,0.0,0.0351,1.752,0.1295,0.11755,-0.304,-0.2932,-2.0269,0.4224,0.1511,0.3345,0.7666,0.2834,0.2712,0.0,0.0,0.2637,0.0,0.3547,-0.0665,0.0852,-7.72,1.0,1.0,0.5,0.699,-0.246,-0.3655,0.0,1.0,0.0,0.0,0.0,-5.344,0.43002,,,
0.4395,0.1367,-0.2444,-0.2378,-2.268,-0.1428,-0.683,1.0,0.0,0.3052,0.2115,-0.2756,0.0,0.03555,0.4607,0.04715,0.1251,0.10535,-0.291,0.9641,0.3477,-2.027,0.1511,0.3345,0.283,0.274,0.0,0.0,0.2595,0.0,0.399,0.2527,-0.1231,3.85,2.0,1.0,1.0,0.2866,0.1971,-0.01717,1.0,0.0,0.0,0.0,0.0,2.846,1.1705080000000003,,,
0.3804,0.9204,-0.04285,-0.1693,3.977,0.0,-0.683,1.0,1.0,0.08936,-0.001375,-0.2336,0.0,0.036,0.5396,-0.02812,0.10736,0.9014,-0.2847,1.9311,0.374,0.9634,-2.027,0.1511,0.2915,0.2783,0.0,0.0,0.2605,0.0,0.4902,0.62,-0.345,7.133,2.0,1.0,1.5,-0.422,0.96,0.635,2.0,0.0,1.0,0.0,9.375,5.117,-0.360522,,,
0.3748,0.4736,-0.1134,-0.1294,-0.3433,0.1428,-0.675,1.0,1.0,0.1599,0.0724,-0.2494,0.0,0.03647,0.1558,-0.0818,0.05438,0.4375,-0.2798,-0.6789000000000001,0.3535,1.93,0.9634,-2.027,0.2988,0.2812,0.0,0.0,0.2595,0.0,0.4556,0.3232,-0.1482,-3.033,1.0,1.0,1.0,-0.0894,0.6064,0.406,0.0,1.0,0.0,0.0,0.0,-2.053,1.7019479999999996,,,
0.3652,1.426,0.1353,-0.0485,1.967,0.2856,-0.6665,1.0,1.0,-0.0791,-0.1726,-0.1967,0.0,0.0369,0.9995,0.01988,0.00625,1.318,-0.268,2.3241,0.4868,-0.6787,1.93,0.9634,0.3152,0.289,0.0,0.0,0.263,0.0,0.5693,0.7637,-0.4119,9.62,1.0,1.0,1.5,-0.873,1.454,1.056,1.0,0.0,0.0,0.0,0.0,7.785,-0.276976,,,
0.359,1.056,0.08905,0.00675,-0.1295,0.4285,-0.6587,1.0,1.0,-0.0378,-0.1289,-0.207,0.0,0.03735,0.3503,0.1808,0.006733,0.9463,-0.2617,-0.4267,0.5933,2.324,-0.6787,1.93,0.3271,0.2947,0.0,0.0,0.2715,0.0,0.5464,0.5103,-0.2411,-1.968,1.0,0.5,1.0,-0.599,1.166,0.758,0.0,1.0,0.0,0.0,0.0,-1.269,-0.1168828,,,
0.3306,0.897,0.0814,0.05185,-0.01567,0.5713,-0.6504,1.0,1.0,-0.03308,-0.1194,-0.209,0.0,0.0378,-0.2673,0.3416,0.04355,0.812,-0.2578,-0.081,0.668,-0.4268,2.324,-0.6787,0.3376,0.2964,0.0,0.0,0.2798,0.0,0.5415,0.4263,-0.183,-0.2632,0.0,0.5,0.5,-0.528,0.984,0.628,0.0,2.0,0.0,0.0,0.0,-0.172,0.0536888,,,
0.3547,0.2883,-0.02196,0.1018,-0.5312,0.7144,-0.642,1.0,1.0,0.0668,-0.02042,-0.2317,0.0,0.03827,0.04343,0.492,0.1034,0.2439,-0.254,-0.9486,0.6387,-0.08105,-0.4265,2.324,0.354,0.2969,0.0,0.0,0.2878,0.0,0.492,0.4534,-0.2241,-3.71,-1.0,0.0,0.5,-0.089,0.5083,0.3113,0.0,3.0,0.0,0.0,0.0,-2.43,0.38524,,,
0.281,0.4692,0.04004,0.1411,0.6567,0.7144,-0.6343,1.0,1.0,0.001462,-0.07556,-0.2192,0.0,0.0387,0.1343,0.618,0.1803,0.4238,-0.2502,0.5377,0.5693,-0.948,-0.08105,-0.4265,0.3687,0.2986,0.0,0.0,0.298,0.0,0.5186,0.3486,-0.1373,2.146,0.0,0.0,0.5,-0.2534,0.688,0.425,1.0,0.0,0.0,0.0,0.0,1.449,-1.4723289999999998,,,
0.5938,-0.669,-0.2073,0.1455,-2.076,0.5713,-0.6343,0.0,1.0,0.2769,0.1567,-0.2727,0.0,0.03915,1.577,0.691,0.2472,-0.7065,-0.2502,-2.2659,0.5225,0.5376,-0.948,-0.08105,0.3586,0.2961,0.0,0.0,0.301,0.0,0.4019,-0.1367,0.1578,-9.51,-1.0,-0.5,0.0,0.853,-0.2162,-0.3035,0.0,1.0,0.0,0.0,0.0,-6.73,0.5107868,,,
0.6743,-0.9326,-0.263,0.1493,0.613,0.4285,-0.642,0.0,0.0,0.345,0.2136,-0.2854,0.0,0.0396,0.977,0.7085,0.3027,-0.956,-0.2512,-0.5839,0.4258,-2.266,0.5376,-0.948,0.3494,0.292,0.0,0.0,0.3047,0.0,0.3735,-0.1465,0.1526,-2.562,-1.0,-0.5,0.0,1.057,-0.4294,-0.5425,0.0,2.0,0.0,0.0,0.0,-1.831,1.2086479999999995,,,
0.6426,-0.1034,-0.0725,0.164,-0.907,0.2856,-0.6343,0.0,1.0,0.1399,0.00739,-0.2457,0.0,0.04004,1.195,0.6846,0.351,-0.1267,-0.2507,1.8451,0.3943,-0.5835,-2.266,0.5376,0.337,0.291,0.0,0.0,0.3088,0.0,0.4595,0.003592,0.0834,6.613,0.0,-0.5,0.0,0.3174,0.4473,0.02081,1.0,0.0,0.0,0.0,0.0,4.812,-0.1995799999999999,,,
0.664,-0.2318,-0.09735,0.17,6.34,0.1428,-0.626,0.0,1.0,0.1666,0.03152,-0.2517,0.0,0.0405,0.3044,0.6143,0.3896,-0.2563,-0.2505,-0.2562,0.377,1.844,-0.5835,-2.266,0.3254,0.2905,0.0,0.0,0.3113,0.0,0.4465,-0.081,0.1382,-0.77,0.0,-1.0,-0.5,0.4429,0.335,-0.08966,0.0,1.0,0.0,0.0,0.0,-0.53,-0.103064,,,
0.693,-0.3267,-0.11774,0.1708,0.808,0.0,-0.6177,0.0,1.0,0.19,0.05072,-0.2563,0.0,0.04095,0.5874,0.5195,0.4165,-0.3657,-0.25,-0.2152,0.2966,-0.256,1.844,-0.5835,0.3132,0.2896,0.0,0.0,0.3157,0.0,0.4355,-0.1338,0.1711,-0.706,-1.0,-1.0,-1.0,0.4446,0.1453,-0.2118,0.0,2.0,0.0,0.0,0.0,-0.4897,-0.3013920000000001,,,
0.64,-0.6445,-0.1755,0.1934,1.517,0.0,-0.61,0.0,1.0,0.2463,0.1176,-0.2695,0.0,0.0414,0.4456,0.3972,0.4255,-0.667,-0.2488,-0.5779,0.29,-0.2152,-0.256,1.844,0.3037,0.2874,0.0,0.0,0.316,0.0,0.407,0.0942,-0.003878,-2.049,-1.0,-1.5,-1.0,0.666,-0.1063,-0.4404,0.0,3.0,0.0,0.0,0.0,-1.432,1.950512,,,
0.6094,0.7915,0.172,0.2439,-2.592,0.0,-0.6016,1.0,1.0,-0.09204,-0.2262,-0.1964,0.0,0.04184,1.686,0.2542,0.4316,0.7593,-0.2435,2.7441000000000004,0.362,-0.5776,-0.2152,-0.256,0.3096,0.2937,0.0,0.0,0.3223,0.0,0.5654,0.384,-0.1407,9.62,0.0,-1.0,-1.0,-0.5576,1.231,0.6934,1.0,0.0,0.0,0.0,0.0,7.785,0.534224,,,
0.53,1.39,0.332,0.2878,0.865,0.0,-0.5933,1.0,1.0,-0.2328,-0.3582,-0.1627,0.0,0.0423,1.058,0.1415,0.4326,1.329,-0.2375,1.3871,0.508,2.744,-0.5776,-0.2152,0.3376,0.3022,0.0,0.0,0.3328,0.0,0.638,0.3435,-0.0795,7.734,0.0,-0.5,-1.0,-0.943,1.67,0.971,2.0,0.0,0.0,0.0,0.0,4.984,0.5023160000000001,,,
0.5327,1.532,0.4023,0.3503,0.2368,0.0,-0.5854,1.0,1.0,-0.288,-0.4158,-0.148,0.0,0.04276,0.496,0.06287,0.431,1.485,-0.231,0.5816,0.684,1.386,2.744,-0.5776,0.3728,0.3127,0.0,0.0,0.343,0.0,0.67,0.533,-0.2008,2.738,1.0,0.0,-0.5,-1.102,1.658,0.9287,3.0,0.0,0.0,0.0,0.0,1.691,-0.2200872,,,
0.4695,1.318,0.369,0.3752,-0.00806,0.0,-0.577,1.0,1.0,-0.2668,-0.3835,-0.1549,0.0,0.0432,0.368,0.07135,0.4055,1.297,-0.229,-0.2697,0.8003,0.581,1.386,2.744,0.396,0.3235,0.0,0.0,0.352,0.0,0.6543,0.2029,0.02823,-1.009,1.0,-0.5,-1.0,-0.8735,1.405,0.712,0.0,1.0,0.0,0.0,0.0,-0.6123,0.4902400000000002,,,
0.4375,1.488,0.4314,0.414,0.2627,0.0,-0.5693,1.0,1.0,-0.3179,-0.4307,-0.1416,0.0,0.04364,0.2404,0.1236,0.3777,1.48,-0.2251,0.5191,0.9297,-0.2698,0.581,1.386,0.424,0.3335,0.0,0.0,0.3618,0.0,0.6826,0.3667,-0.076,2.293,2.0,0.0,-0.5,-0.9307,1.494,0.719,1.0,0.0,0.0,0.0,0.0,1.403,1.072642,,,
0.4673,2.043,0.598,0.477,0.511,0.0,-0.5693,1.0,1.0,-0.4377,-0.5596,-0.1065,0.0,0.0441,0.2476,0.2347,0.3628,2.002,-0.2169,1.3521,1.055,0.5186,-0.2698,0.581,0.4624,0.347,0.0,0.0,0.379,0.0,0.759,0.558,-0.1787,6.99,2.0,0.5,0.0,-1.272,1.865,0.892,2.0,0.0,1.0,0.0,6.74,4.207,-0.6310383999999999,,,
0.5723,1.312,0.4656,0.5376,-0.2349,0.0,-0.5693,1.0,1.0,-0.333,-0.4688,-0.1346,0.0,0.04456,0.523,0.3687,0.3508,1.297,-0.2106,-1.0399,1.087,1.351,0.5186,-0.2698,0.4968,0.3564,0.0,0.0,0.3918,0.0,0.697,0.513,-0.1737,-4.543,1.0,0.0,0.0,-0.6997,1.349,0.5547,0.0,1.0,0.0,0.0,0.0,-2.623,-0.258052,,,
0.6484,0.838,0.3806,0.581,-0.23,0.0,-0.5693,1.0,1.0,-0.2617,-0.4077,-0.153,0.0,0.045,-0.4136,0.4995,0.3525,0.836,-0.2062,-0.6977,1.121,-1.039,1.351,0.5186,0.508,0.364,0.0,0.0,0.3992,0.0,0.6567,0.3135,-0.04886,-2.664,0.0,0.0,-0.5,-0.3943,0.8984,0.3435,0.0,2.0,0.0,1.0,-5.023,-1.591,0.1962508,,,
0.593,0.3064,0.2944,0.648,-0.4844,0.1428,-0.5693,1.0,1.0,-0.197,-0.3318,-0.1719,0.0,0.04544,0.06094,0.637,0.3772,0.306,-0.1987,-0.7389,1.102,-0.6978,-1.039,1.351,0.5054,0.372,0.0,0.0,0.406,0.0,0.6147,0.5933,-0.2666,-3.143,0.0,0.0,-0.5,-0.01985,0.547,0.1445,0.0,3.0,0.0,0.0,0.0,-1.918,-0.0056891999999999,,,
0.5195,0.08246,0.2822,0.7207,-0.484,0.2856,-0.5693,1.0,1.0,-0.1929,-0.3154,-0.1752,0.0,0.0459,-0.358,0.7783,0.4585,0.0686,-0.1902,-0.1292,1.111,-0.7383,-0.6978,-1.039,0.4985,0.3782,0.0,0.0,0.408,0.0,0.6074,0.6816,-0.333,-0.4102,-1.0,0.0,-0.5,-0.006046,0.3787,0.1046,0.0,4.0,0.0,0.0,0.0,-0.2563,0.57444,,,
0.3901,0.4043,0.3933,0.7793,2.232,0.4285,-0.5693,1.0,1.0,-0.2922,-0.3967,-0.152,0.0,0.04636,0.2986,0.9004,0.5537,0.396,-0.184,0.9278,1.145,-0.1292,-0.7383,-0.6978,0.4993,0.3853,0.0,0.0,0.413,0.0,0.6577,0.6025,-0.2544,2.814,-1.0,0.0,-0.5,-0.3064,0.746,0.2786,1.0,0.0,0.0,0.0,0.0,1.766,0.4978087999999999,,,
0.365,0.5825,0.4792,0.8525,0.5254,0.5713,-0.5693,1.0,1.0,-0.3599,-0.4622,-0.1342,0.0,0.0468,0.00991,1.007,0.6587,0.591,-0.1765,0.6940999999999999,1.198,0.9277,-0.1292,-0.7383,0.501,0.394,0.0,0.0,0.4197,0.0,0.696,0.744,-0.3381,3.129,0.0,0.0,0.0,-0.4905,0.9746,0.386,2.0,0.0,1.0,0.0,6.168,1.907,0.1675672,,,
0.2854,0.6235,0.5376,0.9355,0.1995,0.7144,-0.5693,1.0,1.0,-0.4092,-0.4998,-0.122,0.0,0.04724,-0.3445,1.086,0.7686,0.6826,-0.1696,0.4631,1.243,0.6934,0.9277,-0.1292,0.4973,0.4023,0.0,0.0,0.4297,0.0,0.722,0.8433,-0.3972,1.283,1.0,0.0,0.5,-0.5923,1.064,0.4287,3.0,0.0,0.0,0.0,0.0,0.7656,-0.4307492000000001,,,
0.33,-0.03253,0.417,1.011,-0.8613,0.857,-0.561,1.0,1.0,-0.3154,-0.4106,-0.1475,0.0,0.0477,-0.364,1.145,0.8857,0.0474,-0.1617,-0.9549,1.248,0.4626,0.6934,0.9277,0.494,0.409,0.0,0.0,0.4363,0.0,0.6665,0.7236,-0.3362,-2.674,1.0,0.0,0.5,-0.2222,0.4985,0.1882,0.0,1.0,0.0,0.0,0.0,-1.572,0.5293359999999998,,,
0.1155,0.1909,0.4941,1.048,5.027,0.857,-0.5527,1.0,1.0,-0.3909,-0.453,-0.131,0.0,0.04816,0.0437,1.2,0.9937,0.2242,-0.1548,0.6396999999999999,1.157,-0.9546,0.4626,0.6934,0.4995,0.4163,0.0,0.0,0.449,0.0,0.702,0.437,-0.11597,1.7295,2.0,0.0,0.5,-0.4592,0.6655,0.286,1.0,0.0,0.0,0.0,0.0,1.048,0.017852,,,
0.07025,0.00874,0.4556,1.062,-0.5815,0.857,-0.545,1.0,1.0,-0.3657,-0.4194,-0.1389,0.0,0.0486,0.2198,1.234,1.075,-0.002293,-0.1506,-0.3012,0.9697,0.6396,-0.9546,0.4626,0.508,0.4258,0.0,0.0,0.4624,0.0,0.684,0.1195,0.1031,-1.178,1.0,-0.5,0.0,-0.2937,0.4658,0.1857,0.0,1.0,0.0,0.0,0.0,-0.7,-0.2191239999999999,,,
0.05212,-0.07434,0.4363,1.064,-0.8525,0.857,-0.5366,1.0,1.0,-0.3525,-0.403,-0.143,0.0,0.04904,0.1564,1.236,1.125,-0.10425,-0.1492,-0.1551,0.8687,-0.3013,0.6396,-0.9546,0.516,0.4338,0.0,0.0,0.4717,0.0,0.675,-0.04727,0.2183,-0.5957,0.0,-0.5,-0.5,-0.1941,0.3496,0.111,0.0,2.0,0.0,0.0,0.0,-0.3574,-0.0678112,,,
0.05127,0.212,0.5176,1.081,18.77,0.857,-0.5283,1.0,1.0,-0.4133,-0.4656,-0.1256,0.0,0.0495,0.7266,1.183,1.145,0.182,-0.1473,0.6676,0.7344,-0.1552,-0.3013,0.6396,0.523,0.4404,0.0,0.0,0.4832,0.0,0.7124,0.1693,0.0802,2.613,0.0,0.0,0.0,-0.41,0.582,0.26,1.0,0.0,0.0,0.0,0.0,1.576,-0.2292959999999999,,,
0.014015,0.0829,0.4888,1.088,-0.337,0.857,-0.5283,1.0,1.0,-0.395,-0.4404,-0.1317,0.0,0.04996,-0.396,1.078,1.132,0.05368,-0.1465,-0.2321,0.5166,0.667,-0.1552,-0.3013,0.5234,0.4475,0.0,0.0,0.4944,0.0,0.6987,-0.002874,0.1973,-0.64,0.0,0.0,-0.5,-0.319,0.3704,0.1642,0.0,1.0,0.0,0.0,0.0,-0.378,0.7498640000000002,,,
-0.09033,0.7656,0.665,1.094,4.574,0.857,-0.5283,1.0,1.0,-0.529,-0.561,-0.0945,0.0,0.0504,-0.3652,0.9604,1.084,0.7485,-0.1467,1.4161,0.1643,-0.232,0.667,-0.1552,0.531,0.4539,0.0,0.0,0.5103,0.0,0.7793,0.01567,0.2197,5.48,0.0,0.5,-0.5,-0.791,0.8853,0.869,1.0,0.0,1.0,0.0,5.79,3.26,0.5787968000000001,,,
-0.11584,1.059,0.7617,1.131,0.503,0.857,-0.5283,1.0,1.0,-0.595,-0.625,-0.0743,0.0,0.05084,0.6504,0.837,1.031,1.057,-0.1434,0.7371,0.2063,1.415,-0.232,0.667,0.5493,0.462,0.0,0.0,0.521,0.0,0.8228,0.48,-0.0924,2.885,1.0,0.5,0.0,-0.9727,1.072,1.087,2.0,0.0,0.0,0.0,0.0,1.644,-0.3897223999999999,,,
-0.10077,0.532,0.6475,1.165,-0.3599,0.857,-0.5283,1.0,1.0,-0.5176,-0.548,-0.0984,0.0,0.0513,-0.7856,0.6943,0.979,0.5264,-0.139,-0.8583000000000001,0.228,0.7363,1.415,-0.232,0.5576,0.4688,0.0,0.0,0.527,0.0,0.77,0.4116,-0.0667,-3.168,1.0,0.0,0.0,-0.532,0.6353,0.547,0.0,1.0,0.0,0.0,0.0,-1.765,-0.2782280000000001,,,
-0.0727,0.1987,0.583,1.202,-0.4475,0.857,-0.5283,1.0,1.0,-0.4702,-0.504,-0.112,0.0,0.05176,0.2646,0.5693,0.934,0.1741,-0.1335,-0.4972,0.2354,-0.858,0.7363,1.415,0.5645,0.476,0.0,0.0,0.5303,0.0,0.7397,0.4744,-0.1244,-2.07,0.0,-0.5,0.0,-0.2556,0.3896,0.2573,0.0,2.0,0.0,0.0,0.0,-1.186,-0.2743983999999999,,,
-0.04578,0.3655,0.6533,1.25,0.769,0.857,-0.5283,1.0,1.0,-0.517,-0.5566,-0.0972,0.0,0.05222,0.2245,0.4783,0.873,0.3535,-0.1288,0.5475,0.2527,-0.497,-0.858,0.7363,0.576,0.4834,0.0,0.0,0.5356,0.0,0.7715,0.6094,-0.2068,2.164,1.0,0.0,0.5,-0.443,0.545,0.4634,1.0,0.0,0.0,0.0,0.0,1.259,-0.5644719999999996,,,
0.0509,-0.1757,0.523,1.268,-1.161,0.7144,-0.5283,0.0,1.0,-0.4172,-0.4695,-0.1248,0.0,0.05264,0.8247,0.392,0.798,-0.2048,-0.1255,-1.0049,0.2479,0.547,-0.497,-0.858,0.576,0.4924,0.0,0.0,0.537,0.0,0.711,0.147,0.0969,-3.574,0.0,-0.5,0.0,0.03174,0.0954,-0.0478,0.0,1.0,0.0,0.0,0.0,-2.043,0.043968,,,
0.0808,-0.01446,0.5703,1.278,-1.692,0.7144,-0.5283,1.0,1.0,-0.4492,-0.5073,-0.11456,0.0,0.0531,0.8906,0.3086,0.72,-0.02672,-0.1252,0.3846,0.2384,-1.005,0.547,-0.497,0.5806,0.503,0.0,0.0,0.536,0.0,0.733,0.085,0.1509,1.85,0.0,0.0,0.0,-0.1116,0.2327,0.1476,1.0,0.0,0.0,0.0,0.0,1.092,-0.6724599999999998,,,
0.2395,-0.4841,0.4412,1.265,-7.375,0.5713,-0.5205,0.0,1.0,-0.3413,-0.422,-0.1416,0.0,0.05356,0.976,0.2272,0.6313,-0.5063,-0.1257,-1.0069,0.2426,0.3843,-1.005,0.547,0.569,0.5093,0.0,0.0,0.5356,0.0,0.6733,-0.2634,0.3738,-3.992,0.0,0.0,-0.5,0.3293,-0.2114,-0.341,0.0,1.0,0.0,0.0,0.0,-2.328,-0.187622,,,
0.2961,-0.5884,0.4136,1.264,0.4094,0.4285,-0.512,0.0,1.0,-0.3154,-0.405,-0.1473,0.0,0.05402,0.5737,0.1592,0.5176,-0.574,-0.1277,-0.2179,0.2346,-1.007,0.3843,-1.005,0.5503,0.5156,0.0,0.0,0.536,0.0,0.6606,-0.093,0.2467,-1.124,0.0,-0.5,-0.5,0.383,-0.3093,-0.453,0.0,2.0,0.0,0.0,0.0,-0.677,-0.261312,,,
0.3208,-0.728,0.368,1.247,0.428,0.2856,-0.504,0.0,1.0,-0.278,-0.3704,-0.1567,0.0,0.05444,0.1163,0.1106,0.399,-0.717,-0.1293,-0.3637,0.1978,-0.2179,-1.007,0.3843,0.535,0.5215,0.0,0.0,0.5376,0.0,0.6396,-0.343,0.416,-1.528,-1.0,-0.5,-1.0,0.515,-0.4365,-0.665,0.0,3.0,0.0,0.0,0.0,-0.9263,-0.0087515999999999,,,
0.2983,-0.658,0.38,1.236,0.0184,0.1428,-0.4958,0.0,1.0,-0.2893,-0.3784,-0.1539,0.0,0.0549,0.04816,0.0663,0.2864,-0.636,-0.131,0.10795,0.1414,-0.3635,-0.2179,-1.007,0.5244,0.529,0.0,0.0,0.5396,0.0,0.6455,-0.2433,0.3474,0.372,0.0,-0.5,-0.5,0.4343,-0.357,-0.6724,1.0,0.0,0.0,0.0,0.0,0.228,0.2625858,,,
0.2505,-0.4116,0.4429,1.235,-0.3235,0.0,-0.4878,0.0,1.0,-0.3416,-0.4243,-0.1404,0.0,0.05536,-0.05896,0.014336,0.1725,-0.379,-0.1316,0.5311,0.1242,0.1078,-0.3635,-0.2179,0.5137,0.532,0.0,0.0,0.5405,0.0,0.6743,-0.07,0.2369,1.891,0.0,-0.5,0.0,0.1857,-0.11646,-0.4087,2.0,0.0,0.0,0.0,0.0,1.155,0.912748,,,
0.1765,0.3584,0.6494,1.249,-2.357,0.0,-0.4797,1.0,1.0,-0.4968,-0.5723,-0.0963,0.0,0.05582,-0.623,-0.03442,0.07385,0.3757,-0.129,1.6911,0.1534,0.531,0.1078,-0.3635,0.521,0.536,0.0,0.0,0.544,0.0,0.77,0.154,0.1192,6.87,1.0,0.0,0.0,-0.4,0.6274,0.4653,3.0,0.0,1.0,0.0,7.355,4.133,-0.03348536,,,
0.215,0.4314,0.681,1.271,0.3108,0.0,-0.4797,1.0,1.0,-0.515,-0.5977,-0.0892,0.0,0.05624,0.2257,-0.092,-0.008644,0.4656,-0.127,0.2598999999999999,0.1962,1.69,0.531,0.1078,0.5273,0.5396,0.0,0.0,0.547,0.0,0.785,0.2651,0.04666,0.6646,2.0,0.5,0.5,-0.498,0.608,0.5396,4.0,0.0,0.0,0.0,0.0,0.3794,-0.4546803999999999,,,
0.2896,0.1004,0.589,1.262,-0.5566,0.0,-0.4797,1.0,1.0,-0.4456,-0.538,-0.1083,0.0,0.0567,0.845,-0.1886,-0.0719,0.1387,-0.1279,-0.6913,0.1798,0.2598,1.69,0.531,0.5356,0.5425,0.0,0.0,0.5503,0.0,0.743,-0.2196,0.3743,-2.338,2.0,0.0,0.0,-0.1676,0.2622,0.1375,0.0,1.0,0.0,0.0,0.0,-1.323,-0.1052839999999999,,,
0.2793,0.01868,0.5513,1.233,-0.3472,0.0,-0.4714,1.0,1.0,-0.4197,-0.51,-0.1157,0.0,0.05716,0.408,-0.2883,-0.11755,0.04565,-0.1302,-0.2753,0.1769,-0.691,0.2598,1.69,0.544,0.544,0.0,0.0,0.552,0.0,0.7266,-0.4924,0.562,-0.7065,1.0,0.0,-0.5,-0.0595,0.0846,-0.02432,0.0,2.0,0.0,0.0,0.0,-0.409,-0.2606311999999999,,,
0.3325,-0.1907,0.4858,1.212,-2.104,-0.1428,-0.4714,0.0,1.0,-0.3674,-0.4644,-0.1293,0.0,0.05762,0.1877,-0.355,-0.1554,-0.1631,-0.1324,-0.5072,0.1672,-0.2754,-0.691,0.2598,0.551,0.543,0.0,0.0,0.5527,0.0,0.697,-0.406,0.4873,-0.946,0.0,-0.5,-0.5,0.162,-0.1436,-0.306,0.0,3.0,0.0,0.0,0.0,-0.5522,0.0397634399999999,,,
0.3286,-0.2568,0.46,1.196,0.779,-0.2856,-0.4714,0.0,1.0,-0.3484,-0.4443,-0.1345,0.0,0.05804,0.1035,-0.3499,-0.1947,-0.2268,-0.1342,-0.1963,0.1555,-0.5073,-0.2754,-0.691,0.5557,0.543,0.0,0.0,0.5537,0.0,0.6855,-0.3303,0.4282,-0.5127,-1.0,-0.5,-0.5,0.2196,-0.2408,-0.4233,0.0,4.0,0.0,0.0,0.0,-0.3042,-0.6348680000000002,,,
0.501,-0.7104,0.322,1.156,2.895,-0.4285,-0.4714,0.0,1.0,-0.2268,-0.3474,-0.1637,0.0,0.0585,1.631,-0.2993,-0.2279,-0.703,-0.1373,-1.1109,0.2206,-0.1963,-0.5073,-0.2754,0.55,0.542,0.0,0.0,0.5503,0.0,0.6216,-0.745,0.6963,-2.717,-2.0,-0.5,-1.0,0.679,-0.7056,-0.909,0.0,5.0,0.0,0.0,0.0,-1.621,-0.0156439999999999,,,
0.4717,-0.5317,0.3572,1.137,-0.1699,-0.4285,-0.4714,0.0,1.0,-0.2573,-0.374,-0.1562,0.0,0.05896,0.777,-0.2448,-0.2537,-0.5083,-0.1405,0.2943,0.2563,-1.111,-0.1963,-0.5073,0.5347,0.543,0.0,0.0,0.548,0.0,0.6377,-0.4329,0.4807,0.856,-1.0,0.0,-0.5,0.4983,-0.528,-0.7197,1.0,0.0,0.0,0.0,0.0,0.5293,-1.3290555999999996,,,
0.697,-1.302,0.1337,1.083,1.96,-0.5713,-0.4714,0.0,1.0,-0.0511,-0.1985,-0.2035,0.0,0.05942,2.355,-0.177,-0.266,-1.312,-0.1445,-1.8509,0.41,0.2942,-1.111,-0.1963,0.5054,0.5415,0.0,0.0,0.538,0.0,0.534,-0.9033,0.7715,-5.664,-1.0,-0.5,-1.0,1.316,-1.277,-1.261,0.0,1.0,0.0,0.0,0.0,-3.469,-0.0889395999999999,,,
0.6416,-1.129,0.1586,1.047,-0.01851,-0.5713,-0.4634,0.0,1.0,-0.0777,-0.2168,-0.198,0.0,0.05984,0.6504,-0.0943,-0.2355,-1.134,-0.1489,0.2289,0.4438,-1.85,0.2942,-1.111,0.4824,0.5386,0.0,0.0,0.527,0.0,0.546,-0.658,0.6016,0.582,0.0,-0.5,-0.5,1.107,-1.059,-1.052,1.0,0.0,0.0,0.0,0.0,0.3787,0.4496223999999999,,,
0.6357,-0.8477,0.2152,1.021,-0.1531,-0.5713,-0.4553,0.0,1.0,-0.1273,-0.267,-0.1857,0.0,0.0603,1.034,-0.02614,-0.1879,-0.88,-0.1503,0.5081,0.4702,0.2286,-1.85,0.2942,0.4646,0.5356,0.0,0.0,0.519,0.0,0.5723,-0.467,0.4768,1.262,1.0,-0.5,0.0,0.809,-0.735,-0.7896,2.0,0.0,0.0,0.0,0.0,0.815,-0.105049888,,,
0.687,-0.7646,0.2249,1.001,0.01767,-0.5713,-0.4473,0.0,1.0,-0.1315,-0.2798,-0.1831,0.0,0.06076,0.895,0.03802,-0.1328,-0.7935,-0.1525,0.1053,0.4966,0.5073,0.2286,-1.85,0.4507,0.5317,0.0,0.0,0.512,0.0,0.5776,-0.3586,0.402,0.267,2.0,-0.5,0.5,0.7036,-0.624,-0.687,3.0,0.0,0.0,0.0,0.0,0.1697,-1.47708,,,
1.052,-1.606,-0.010185,0.9517,1.449,-0.5713,-0.439,0.0,1.0,0.1112,-0.08984,-0.2327,0.0,0.06122,2.83,0.1234,-0.069,-1.636,-0.1573,-2.0059,0.622,0.10516,0.5073,0.2286,0.4258,0.5264,0.0,0.0,0.5,0.0,0.4695,-0.7427,0.6284,-7.07,1.0,-0.5,0.0,1.628,-1.399,-1.162,0.0,1.0,0.0,0.0,0.0,-4.48,-0.4804464000000001,,,
1.207,-1.9,-0.1166,0.883,0.339,-0.5713,-0.431,0.0,1.0,0.2299,0.007004,-0.2554,0.0,0.06165,1.02,0.259,0.02025,-1.909,-0.1665,-0.9789,0.8276,-2.004,0.10516,0.5073,0.4023,0.519,0.0,0.0,0.4883,0.0,0.42,-1.01,0.7974,-2.893,1.0,-0.5,-0.5,1.902,-1.765,-1.183,0.0,2.0,0.0,0.0,0.0,-1.955,0.6313987999999999,,,
1.182,-1.734,-0.1234,0.786,0.03564,-0.7144,-0.4229,0.0,1.0,0.2349,0.01639,-0.2568,0.0,0.0621,0.9883,0.44,0.1475,-1.745,-0.178,-0.0720399999999999,0.9683,-0.9785,-2.004,0.10516,0.3765,0.5117,0.0,0.0,0.4756,0.0,0.416,-1.473,1.224,-0.145,0.0,-0.5,-1.0,1.766,-1.64,-1.032,0.0,3.0,0.0,0.0,0.0,-0.10114,0.225464,,,
1.174,-1.401,-0.0938,0.686,-0.08154,-0.857,-0.4146,0.0,1.0,0.204,-0.01427,-0.2505,0.0,0.06256,0.7705,0.6323,0.297,-1.434,-0.1886,0.2894,1.081,-0.0721,-0.9785,-2.004,0.3645,0.5054,0.0,0.0,0.4656,0.0,0.43,-1.473,1.237,0.661,0.0,0.0,-1.0,1.463,-1.38,-0.862,1.0,0.0,0.0,0.0,0.0,0.4622,2.1114,,,
1.065,0.7324,0.3994,0.6587,-1.594,-0.857,-0.4065,1.0,1.0,-0.243,-0.4575,-0.1455,0.0,0.063,1.772,0.77,0.4236,0.69,-0.1921,2.7441000000000004,1.083,0.289,-0.0721,-0.9785,0.378,0.504,0.0,0.0,0.4658,0.0,0.658,-0.3508,0.4324,9.62,0.0,0.5,-0.5,-0.2585,0.7764,0.08795,2.0,0.0,1.0,0.0,9.375,7.785,0.0829044,,,
1.103,0.598,0.3506,0.63,-0.04333,-0.857,-0.3984,1.0,1.0,-0.2015,-0.4207,-0.1553,0.0,0.0635,0.5513,0.8516,0.5205,0.5176,-0.193,-0.3754,1.083,2.744,0.289,-0.0721,0.3857,0.5024,0.0,0.0,0.4658,0.0,0.6367,-0.3645,0.4329,-1.408,0.0,0.0,-0.5,-0.06073,0.5596,-0.000701,0.0,1.0,0.0,0.0,0.0,-0.8516,-0.0817492,,,
1.454,-0.3025,0.111,0.5815,-1.283,-0.857,-0.3901,0.0,1.0,0.02994,-0.2401,-0.2058,0.0,0.0639,2.586,0.898,0.603,-0.4285,-0.1954,-1.9759,1.102,-0.3752,2.744,0.289,0.38,0.4958,0.0,0.0,0.4612,0.0,0.5264,-0.5625,0.526,-6.38,0.0,0.0,-0.5,0.9097,-0.2074,-0.4312,0.0,2.0,0.0,0.0,0.0,-3.902,1.8145272,,,
1.371,0.9365,0.3958,0.5713,-5.85,-0.7144,-0.382,1.0,1.0,-0.2157,-0.4795,-0.1449,0.0,0.06433,1.157,0.9014,0.665,0.7925,-0.1964,2.5371,1.098,-1.975,-0.3752,2.744,0.4023,0.4915,0.0,0.0,0.4607,0.0,0.6587,-0.1494,0.2893,8.16,1.0,0.0,0.0,-0.0739,0.8813,0.11664,1.0,0.0,0.0,0.0,0.0,5.32,0.7440799999999999,,,
1.295,1.543,0.553,0.5967,0.7695,-0.5713,-0.374,1.0,1.0,-0.3396,-0.5947,-0.11053,0.0,0.0648,0.971,0.834,0.6733,1.312,-0.1891,1.3251,1.066,2.535,-1.975,-0.3752,0.4395,0.4907,0.0,0.0,0.4595,0.0,0.733,0.1831,0.0848,6.527,1.0,0.0,0.5,-0.4795,1.368,0.4414,2.0,0.0,1.0,0.0,9.375,3.945,0.0056239999999999,,,
1.346,1.536,0.565,0.6196,0.1292,-0.4285,-0.366,1.0,1.0,-0.3438,-0.608,-0.107,0.0,0.06525,1.458,0.7246,0.641,1.231,-0.1821,0.1321999999999999,1.022,1.325,2.535,-1.975,0.4778,0.491,0.0,0.0,0.458,0.0,0.7397,0.1653,0.101,0.769,1.0,0.0,0.5,-0.5186,1.229,0.4985,3.0,0.0,0.0,0.0,0.0,0.4463,0.1991999999999999,,,
1.19,1.609,0.6177,0.6787,0.182,-0.2856,-0.3577,1.0,1.0,-0.3938,-0.6333,-0.09467,0.0,0.06573,0.472,0.6035,0.588,1.361,-0.177,0.4543999999999999,1.055,0.132,1.325,2.535,0.5176,0.4912,0.0,0.0,0.4592,0.0,0.766,0.5327,-0.1497,1.473,2.0,0.5,1.0,-0.591,1.313,0.5938,4.0,0.0,0.0,0.0,0.0,0.8506,0.1848776,,,
1.172,1.555,0.6406,0.739,0.0987,-0.1428,-0.3496,1.0,1.0,-0.4111,-0.648,-0.0888,0.0,0.06616,0.4165,0.4983,0.523,1.316,-0.1696,0.2123,1.114,0.454,0.132,1.325,0.5317,0.4934,0.0,0.0,0.4617,0.0,0.7783,0.534,-0.145,0.9014,3.0,1.0,1.0,-0.588,1.275,0.6084,5.0,0.0,0.0,0.0,0.0,0.5137,-0.341348,,,
1.158,1.101,0.5566,0.782,-0.1637,0.0,-0.3416,1.0,1.0,-0.353,-0.586,-0.106,0.0,0.0666,-0.2261,0.398,0.454,0.917,-0.166,-0.6205,1.152,0.2122,0.454,0.132,0.5444,0.494,0.0,0.0,0.4636,0.0,0.7407,0.3586,-0.0361,-1.392,2.0,1.0,0.5,-0.2245,0.966,0.4333,0.0,1.0,0.0,0.0,0.0,-0.788,-0.5269812,,,
1.214,0.715,0.4824,0.816,-0.2151,0.1428,-0.3333,1.0,1.0,-0.2942,-0.5347,-0.1212,0.0,0.0671,0.816,0.3242,0.3838,0.5503,-0.1621,-0.5614,1.169,-0.6206,0.2122,0.454,0.566,0.495,0.0,0.0,0.4648,0.0,0.7075,0.2461,0.02965,-1.45,1.0,0.5,0.0,-0.0007534,0.6094,0.2913,0.0,2.0,0.0,0.0,0.0,-0.8374,0.0654363999999999,,,
1.132,0.469,0.4568,0.8765,-0.1964,0.2856,-0.3252,1.0,1.0,-0.2815,-0.5083,-0.1261,0.0,0.0675,1.089,0.333,0.3262,0.3457,-0.1562,-0.1823,1.195,-0.561,-0.6206,0.2122,0.571,0.4963,0.0,0.0,0.4683,0.0,0.697,0.567,-0.2041,-0.558,0.0,0.0,0.0,0.0757,0.461,0.2284,0.0,3.0,0.0,0.0,0.0,-0.328,0.0737815999999999,,,
1.241,-0.04672,0.366,0.942,-0.868,0.4285,-0.3252,1.0,1.0,-0.2028,-0.4448,-0.1451,0.0,0.06793,1.3,0.4583,0.2966,-0.1522,-0.1489,-0.7209,1.2,-0.1823,-0.561,-0.6206,0.562,0.497,0.0,0.0,0.4692,0.0,0.655,0.596,-0.2432,-2.354,-1.0,0.0,0.0,0.4329,0.1761,0.06107,0.0,4.0,0.0,0.0,0.0,-1.391,0.1656919999999999,,,
1.587,-1.2,0.0985,0.9766,-14.766,0.4285,-0.3252,0.0,1.0,0.05194,-0.2394,-0.2025,0.0,0.0684,0.12134,0.5703,0.279,-1.204,-0.1497,-2.2149,1.199,-0.721,-0.1823,-0.561,0.5376,0.4941,0.0,0.0,0.4695,0.0,0.5293,0.1995,-0.015,-9.51,-2.0,0.0,0.0,1.517,-0.668,-0.4243,0.0,5.0,0.0,1.0,-7.91,-6.06,0.0253435999999999,,,
1.493,-1.078,0.1476,1.014,0.01701,0.4285,-0.3252,0.0,1.0,0.0002103,-0.277,-0.1921,0.0,0.06885,-0.03015,0.6514,0.2869,-1.066,-0.1466,0.4303,1.194,-2.213,-0.721,-0.1823,0.5127,0.491,0.0,0.0,0.47,0.0,0.552,0.2175,-0.01791,0.9604,-1.0,0.0,0.0,1.044,-0.597,-0.3398,1.0,0.0,0.0,0.0,0.0,0.624,-0.8134560000000002,,,
1.292,-1.602,-0.00615,0.9663,0.694,0.2856,-0.3252,0.0,1.0,0.1266,-0.1137,-0.2252,0.0,0.06934,-0.11566,0.6646,0.2915,-1.642,-0.1488,-1.3529,1.24,0.43,-2.213,-0.721,0.478,0.4832,0.0,0.0,0.4663,0.0,0.4795,-0.613,0.543,-3.148,-1.0,-0.5,-0.5,1.635,-1.073,-0.591,0.0,1.0,0.0,0.0,0.0,-2.018,0.0792564,,,
1.381,-1.81,-0.08295,0.9146,0.2795,0.1428,-0.3171,0.0,1.0,0.2095,-0.04272,-0.2417,0.0,0.06976,0.337,0.6045,0.2805,-1.81,-0.1572,-0.7059,1.314,-1.352,0.43,-2.213,0.4434,0.4739,0.0,0.0,0.461,0.0,0.443,-0.6455,0.551,-2.588,-1.0,-1.0,-0.5,1.769,-1.347,-0.68,0.0,2.0,0.0,1.0,-4.883,-1.731,0.5184268,,,
1.268,-2.004,-0.145,0.885,0.2532,0.1428,-0.3088,0.0,1.0,0.2644,0.03247,-0.2551,0.0,0.0702,0.7466,0.4875,0.2766,-2.02,-0.1595,-0.5805,1.36,-0.706,-1.352,0.43,0.4092,0.4648,0.0,0.0,0.459,0.0,0.414,-0.4468,0.396,-1.281,-1.0,-1.5,-0.5,1.796,-1.581,-0.761,0.0,3.0,0.0,0.0,0.0,-0.8765,-0.5696628000000001,,,
1.225,-2.307,-0.258,0.804,0.304,0.0,-0.3088,0.0,0.0,0.3835,0.1626,-0.2793,0.0,0.0707,0.704,0.3105,0.277,-2.123,-0.1659,-1.0819,1.423,-0.58,-0.706,-1.352,0.3699,0.4548,0.0,0.0,0.4568,0.0,0.3608,-1.1875,0.9014,-2.502,-1.0,-1.5,-1.0,2.133,-1.958,-0.9146,0.0,4.0,0.0,0.0,0.0,-1.744,0.910182,,,
1.057,-1.768,-0.1714,0.713,-0.1265,-0.1428,-0.3008,0.0,1.0,0.2754,0.0787,-0.2607,0.0,0.0711,1.476,0.2421,0.2812,-1.762,-0.1814,0.8507,1.433,-1.081,-0.58,-0.706,0.3403,0.4468,0.0,0.0,0.4565,0.0,0.401,-1.395,1.066,2.758,-1.0,-1.5,-1.0,1.607,-1.343,-0.7715,1.0,0.0,0.0,0.0,0.0,1.989,0.5837972000000002,,,
0.887,-1.363,-0.1182,0.626,-0.1232,-0.2856,-0.2927,0.0,1.0,0.2059,0.0352,-0.2495,0.0,0.07153,0.39,0.3691,0.3003,-1.294,-0.1952,0.5091,1.43,0.8506,-1.081,-0.58,0.3284,0.44,0.0,0.0,0.4565,0.0,0.4253,-1.29,1.003,1.35,0.0,-1.0,-1.0,1.257,-0.9844,-0.6875,2.0,0.0,0.0,0.0,0.0,0.9487,-1.044368,,,
1.133,-2.033,-0.3347,0.5044,0.6914,-0.4285,-0.2927,0.0,0.0,0.464,0.261,-0.296,0.0,0.072,1.5205,0.6377,0.3623,-1.978,-0.2084,-2.0469,1.602,0.509,0.8506,-1.081,0.302,0.432,0.0,0.0,0.4429,0.0,0.324,-1.473,1.17,-5.984,0.0,-1.0,-1.5,2.21,-1.736,-0.9106,0.0,1.0,0.0,0.0,0.0,-4.14,-0.0735376,,,
1.257,-1.953,-0.3794,0.374,0.0901,-0.5713,-0.2927,0.0,0.0,0.5273,0.3057,-0.3054,0.0,0.07245,1.424,1.072,0.53,-1.787,-0.2299,-0.4586,1.768,-2.045,0.509,0.8506,0.2815,0.4226,0.0,0.0,0.4294,0.0,0.3027,-1.473,1.228,-1.684,0.0,-1.0,-2.0,2.238,-1.782,-0.8687,0.0,2.0,0.0,1.0,-6.867,-1.244,-0.4033440000000001,,,
1.318,-1.792,-0.4023,0.2517,0.0411,-0.7144,-0.2927,0.0,0.0,0.5605,0.3293,-0.3108,0.0,0.07294,0.836,1.453,0.715,-1.725,-0.239,-0.2481,1.926,-0.4585,-2.045,0.509,0.264,0.4163,0.0,0.0,0.42,0.0,0.2913,-1.473,1.205,-0.3674,0.0,-1.0,-2.0,2.154,-1.733,-0.8203,0.0,3.0,0.0,0.0,0.0,-0.2754,-0.7298079999999999,,,
1.467,-2.1,-0.5337,0.1213,0.3257,-0.857,-0.2927,0.0,0.0,0.74,0.4907,-0.3389,0.0,0.07336,1.749,1.811,0.9287,-2.104,-0.2505,-1.3599,2.104,-0.248,-0.4585,-2.045,0.2423,0.4075,0.0,0.0,0.4023,0.0,0.2296,-1.473,1.197,-2.52,-1.0,-1.5,-2.0,2.701,-2.066,-0.8774,0.0,4.0,0.0,0.0,0.0,-1.903,1.4502879999999998,,,
1.284,-1.073,-0.364,0.01461,-0.41,-1.0,-0.2927,0.0,0.0,0.511,0.2842,-0.303,0.0,0.0738,1.491,2.143,1.18,-1.073,-0.264,1.8126,2.1,-1.359,-0.248,-0.4585,0.2363,0.4004,0.0,0.0,0.3848,0.0,0.3079,-1.263,0.932,4.953,-1.0,-1.0,-1.5,1.71,-1.057,-0.622,1.0,0.0,0.0,0.0,0.0,3.908,-0.1755712,,,
1.281,-1.054,-0.4124,-0.0871,0.1123,-1.143,-0.2927,0.0,0.0,0.5693,0.345,-0.3132,0.0,0.0743,1.337,2.404,1.439,-1.064,-0.2754,-0.4943,2.068,1.812,-1.359,-0.248,0.2229,0.3926,0.0,0.0,0.3662,0.0,0.285,-1.235,0.903,-1.162,-1.0,-1.0,-1.5,1.705,-1.272,-0.6284,0.0,1.0,0.0,0.0,0.0,-0.868,-0.48427024,,,
1.235,-1.261,-0.4944,-0.1626,0.3608,-1.143,-0.2927,0.0,0.0,0.6704,0.4565,-0.331,0.0,0.0747,1.1045,2.623,1.697,-1.21,-0.2876,-0.8632,1.991,-0.4941,1.812,-1.359,0.202,0.3865,0.0,0.0,0.3447,0.0,0.246,-1.09,0.7817,-2.186,-1.0,-1.0,-1.5,1.994,-1.51,-0.679,0.0,2.0,0.0,0.0,0.0,-1.658,1.3095,,,
1.189,-0.2197,-0.3096,-0.222,-0.81,-1.143,-0.2927,0.0,0.0,0.4392,0.2258,-0.292,0.0,0.07513,1.008,2.72,1.917,-0.2043,-0.2935,1.9521,1.771,-0.863,-0.4941,1.812,0.2031,0.3843,0.0,0.0,0.3264,0.0,0.331,-0.795,0.609,3.955,0.0,-0.5,-1.5,1.018,-0.4976,-0.4158,1.0,0.0,1.0,0.0,9.375,3.084,-0.3989399999999998,,,
1.311,-0.512,-0.3958,-0.2703,2.389,-1.143,-0.3008,0.0,0.0,0.552,0.3215,-0.3108,0.0,0.0756,1.288,2.717,2.096,-0.526,-0.298,-0.8819,1.566,1.951,-0.863,-0.4941,0.2018,0.3809,0.0,0.0,0.3079,0.0,0.29,-0.7236,0.54,-2.354,0.0,-1.0,-1.5,1.352,-0.81,-0.5044,0.0,1.0,0.0,0.0,0.0,-1.7295,-0.9055840000000002,,,
1.376,-0.939,-0.5103,-0.322,1.192,-1.143,-0.3088,0.0,0.0,0.702,0.4663,-0.3357,0.0,0.07605,0.7744,2.67,2.244,-0.949,-0.3047,-1.2039,1.387,-0.8813,1.951,-0.863,0.1953,0.3757,0.0,0.0,0.2883,0.0,0.2355,-0.7666,0.547,-2.822,-1.0,-1.5,-1.5,1.84,-1.221,-0.649,0.0,2.0,0.0,0.0,0.0,-2.133,0.4969052,,,
1.485,-1.165,-0.584,-0.3765,0.4153,-1.143,-0.3088,0.0,0.0,0.811,0.56,-0.3518,0.0,0.07654,1.455,2.527,2.354,-1.18,-0.311,-0.8119000000000001,1.174,-1.203,-0.8813,1.951,0.192,0.3633,0.0,0.0,0.268,0.0,0.2001,-0.781,0.5415,-2.01,-1.0,-1.5,-1.5,2.064,-1.471,-0.756,0.0,3.0,0.0,0.0,0.0,-1.578,-0.3036719999999999,,,
1.541,-1.358,-0.648,-0.4248,0.324,-1.143,-0.3088,0.0,0.0,0.9053,0.6484,-0.3657,0.0,0.07697,0.7886,2.3,2.406,-1.376,-0.3171,-0.7169,0.9795,-0.812,-1.203,-0.8813,0.176,0.3503,0.0,0.0,0.248,0.0,0.1696,-0.7285,0.4912,-1.61,-1.0,-1.5,-1.5,2.236,-1.647,-0.864,0.0,4.0,0.0,0.0,0.0,-1.297,1.1111088,,,
1.413,-0.3943,-0.477,-0.4646,-0.6733,-1.143,-0.3088,0.0,0.0,0.662,0.4185,-0.3298,0.0,0.0774,2.375,2.076,2.428,-0.4006,-0.323,1.8931,0.8647,-0.7163,-0.812,-1.203,0.1718,0.3428,0.0,0.0,0.2365,0.0,0.2477,-0.5723,0.4138,4.934,-1.0,-1.0,-1.5,1.301,-0.583,-0.4824,1.0,0.0,0.0,0.0,0.0,4.066,-0.3135239999999999,,,
1.541,-0.3098,-0.4866,-0.5127,-0.155,-1.143,-0.3088,0.0,0.0,0.6846,0.4207,-0.332,0.0,0.0779,2.062,1.844,2.393,-0.3213,-0.3286,-0.1125999999999999,0.663,1.892,-0.7163,-0.812,0.1715,0.3313,0.0,0.0,0.2239,0.0,0.2424,-0.6836,0.4912,-0.3718,-1.0,-1.0,-2.0,1.163,-0.666,-0.4849,0.0,1.0,0.0,0.0,0.0,-0.2893,-0.912192,,,
1.686,-0.8384,-0.609,-0.548,2.604,-1.143,-0.3088,0.0,0.0,0.862,0.5796,-0.3584,0.0,0.0783,1.675,1.612,2.32,-0.7896,-0.3354,-1.3089,0.586,-0.1126,1.892,-0.7163,0.1545,0.3162,0.0,0.0,0.2118,0.0,0.185,-0.572,0.3862,-4.69,-1.0,-1.5,-2.0,1.722,-1.122,-0.7617,0.0,2.0,0.0,0.0,0.0,-3.662,1.1307052,,,
1.443,-0.04092,-0.46,-0.5596,-0.992,-1.0,-0.3088,1.0,0.0,0.6426,0.3933,-0.327,0.0,0.07874,1.009,1.447,2.217,-0.001455,-0.337,1.6341,0.479,-1.308,-0.1126,1.892,0.1504,0.303,0.0,0.0,0.2041,0.0,0.2532,-0.2461,0.184,4.99,0.0,-1.0,-1.5,0.9673,-0.2344,-0.3208,1.0,0.0,0.0,0.0,0.0,4.06,0.06832376,,,
1.64,-0.7017,-0.603,-0.5864,-14.766,-1.0,-0.3088,0.0,0.0,0.8496,0.5747,-0.3574,0.0,0.0792,1.564,1.25,2.055,-0.685,-0.339,-1.5059,0.4326,1.633,-1.308,-0.1126,0.1449,0.2869,0.0,0.0,0.1948,0.0,0.1866,-0.4001,0.2646,-4.594,0.0,-1.0,-1.5,1.604,-0.835,-0.706,0.0,1.0,0.0,0.0,0.0,-3.559,-0.9530199999999996,,,
1.782,-1.403,-0.753,-0.6143,1.341,-1.0,-0.3088,0.0,0.0,1.083,0.792,-0.3894,0.0,0.07965,1.5625,1.058,1.852,-1.382,-0.3425,-1.6649,0.5127,-1.506,1.633,-1.308,0.1353,0.2686,0.0,0.0,0.1848,0.0,0.1167,-0.4219,0.2494,-4.105,-1.0,-1.5,-1.5,2.273,-1.494,-1.028,0.0,2.0,0.0,0.0,0.0,-3.338,-1.272722,,,
1.9375,-2.06,-0.9136,-0.684,0.6646,-1.0,-0.3088,0.0,0.0,1.361,1.053,-0.4238,0.0,0.0801,1.074,0.9424,1.669,-2.021,-0.3516,-1.8809,0.63,-1.664,-1.506,1.633,0.1205,0.2491,0.0,0.0,0.17,0.0,0.0417,-0.881,0.544,-6.49,-1.0,-1.5,-2.0,2.836,-2.066,-1.266,0.0,3.0,0.0,1.0,-7.91,-5.562,1.2220960000000003,,,
1.7705,-1.11,-0.757,-0.731,-0.3794,-1.0,-0.3088,0.0,0.0,1.088,0.7993,-0.3906,0.0,0.08057,2.105,0.8716,1.495,-1.075,-0.3574,1.9231,0.5347,-1.88,-1.664,-1.506,0.1049,0.2327,0.0,0.0,0.1572,0.0,0.1135,-0.5664,0.3513,4.0,0.0,-1.0,-1.5,2.031,-0.9927,-0.8228,1.0,0.0,0.0,0.0,0.0,3.645,1.9163040000000005,,,
1.525,0.4592,-0.4622,-0.7334,-1.496,-0.857,-0.3088,1.0,0.0,0.652,0.3896,-0.328,0.0,0.081,0.992,0.8203,1.311,0.494,-0.3577,2.7441000000000004,0.4917,1.922,-1.88,-1.664,0.106,0.2205,0.0,0.0,0.1544,0.0,0.2502,-0.07697,0.06226,5.664,0.0,-0.5,-1.0,0.5317,0.5723,0.05286,2.0,0.0,1.0,0.0,9.375,4.867,-1.1418200000000005,,,
1.681,-0.1783,-0.607,-0.7783,-1.127,-0.857,-0.3088,0.0,0.0,0.8584,0.5767,-0.358,0.0,0.0815,1.948,0.7603,1.18,-0.1858,-0.3604,-1.4919,0.4668,2.744,1.922,-1.88,0.1061,0.2074,0.0,0.0,0.1497,0.0,0.1844,-0.4604,0.307,-3.387,0.0,-0.5,-1.5,1.222,-0.02048,-0.3381,0.0,1.0,0.0,0.0,0.0,-2.627,-1.058112,,,
1.956,-1.075,-0.8047,-0.837,10.016,-0.857,-0.3088,0.0,0.0,1.179,0.862,-0.3994,0.0,0.0819,0.432,0.7085,1.054,-1.065,-0.3672,-2.1539,0.514,-1.492,2.744,1.922,0.0876,0.1954,0.0,0.0,0.1416,0.0,0.094,-0.559,0.3376,-5.59,0.0,-1.0,-1.5,2.227,-0.862,-0.837,0.0,2.0,0.0,1.0,-7.91,-4.547,-1.6002319999999992,,,
2.309,-1.784,-0.9663,-0.8994,0.8955,-0.857,-0.3088,0.0,0.0,1.485,1.12,-0.4336,0.0,0.08234,2.732,0.677,0.947,-1.797,-0.3728,-1.8954,0.6753,-2.154,-1.492,2.744,0.0681,0.1807,0.0,0.0,0.133,0.0,0.01978,-0.5957,0.3313,-4.414,0.0,-1.0,-1.5,2.836,-1.53,-1.096,0.0,3.0,0.0,0.0,0.0,-3.85,0.1008039999999999,,,
2.13,-0.424,-0.73,-0.9233,-0.72,-0.857,-0.3088,0.0,0.0,1.075,0.7266,-0.383,0.0,0.0828,2.906,0.658,0.8696,-0.3955,-0.3772,2.7441000000000004,0.638,-1.895,-2.154,-1.492,0.06976,0.1711,0.0,0.0,0.1257,0.0,0.1296,-0.2418,0.1272,9.62,0.0,-0.5,-1.0,1.638,0.034,-0.452,1.0,0.0,0.0,0.0,0.0,7.785,0.1370519999999999,,,
2.096,-0.1978,-0.6943,-0.933,-0.5723,-0.857,-0.3088,0.0,0.0,1.019,0.6733,-0.3748,0.0,0.08325,1.016,0.622,0.8022,-0.1671,-0.378,0.4387999999999999,0.602,2.744,-1.895,-2.154,0.0823,0.163,0.0,0.0,0.1202,0.0,0.1471,-0.1381,0.06085,1.059,0.0,-0.5,-0.5,1.303,0.2017,-0.32,2.0,0.0,0.0,0.0,0.0,0.898,1.011324,,,
1.897,0.6045,-0.557,-0.949,-7.23,-0.7144,-0.3088,1.0,0.0,0.8066,0.488,-0.345,0.0,0.0837,2.172,0.5786,0.7544,0.6357,-0.3794,1.5931,0.589,0.4385,2.744,-1.895,0.09393,0.1575,0.0,0.0,0.11896,0.0,0.2118,-0.1686,0.1112,4.023,1.0,0.0,-0.5,0.6636,0.935,0.06995,3.0,0.0,0.0,0.0,0.0,3.365,-1.4145880000000002,,,
2.105,-0.1532,-0.7124,-0.983,-1.047,-0.7144,-0.3088,0.0,0.0,1.046,0.7007,-0.3774,0.0,0.08417,2.533,0.5405,0.7046,-0.13,-0.382,-1.6479,0.4778,1.592,0.4385,2.744,0.0813,0.1515,0.0,0.0,0.1112,0.0,0.1411,-0.3013,0.1748,-4.652,1.0,0.0,-0.5,1.431,0.269,-0.3103,0.0,1.0,0.0,0.0,0.0,-3.709,-0.9492000000000002,,,
2.28,-0.4412,-0.7773,-1.008,4.41,-0.7144,-0.3088,0.0,0.0,1.161,0.79,-0.3906,0.0,0.0846,2.906,0.511,0.643,-0.4407,-0.3833,-0.7129,0.415,-1.648,1.592,0.4385,0.07294,0.1436,0.0,0.0,0.10394,0.0,0.1119,-0.2463,0.1229,-2.586,1.0,0.0,-0.5,1.657,-0.02596,-0.463,0.0,2.0,0.0,0.0,0.0,-2.172,0.3311452,,,
2.488,-0.994,-0.9067,-1.067,1.775,-0.857,-0.3088,0.0,0.0,1.394,0.995,-0.418,0.0,0.0851,1.706,0.4749,0.5938,-1.019,-0.3887,-1.4929,0.4465,-0.7124,-1.648,1.592,0.0682,0.1333,0.0,0.0,0.0965,0.0,0.05246,-0.525,0.2957,-3.348,0.0,-0.5,-1.0,2.281,-0.5996,-0.7905,0.0,3.0,0.0,0.0,0.0,-2.877,-1.0617839999999998,,,
2.504,-1.168,-0.9614,-1.115,0.337,-0.857,-0.3088,0.0,0.0,1.493,1.096,-0.4292,0.0,0.0855,1.05,0.4321,0.558,-1.188,-0.3938,-0.6529,0.513,-1.493,-0.7124,-1.648,0.0693,0.1251,0.0,0.0,0.0895,0.0,0.02766,-0.4492,0.2308,-1.264,-1.0,-1.0,-1.0,2.406,-0.8125,-0.8516,0.0,4.0,0.0,0.0,0.0,-1.139,-0.6658651999999998,,,
2.441,-1.072,-0.958,-1.142,0.0394,-0.857,-0.3088,0.0,0.0,1.481,1.094,-0.4282,0.0,0.08594,1.094,0.3774,0.5273,-1.082,-0.397,0.05723,0.573,-0.6523,-1.493,-0.7124,0.05768,0.1177,0.0,0.0,0.08386,0.0,0.02965,-0.3008,0.1259,0.1328,-1.0,-0.5,-0.5,2.14,-0.7417,-0.7603,1.0,0.0,0.0,0.0,0.0,0.12225,-1.58178,,,
2.545,-2.086,-1.147,-1.169,1.226,-0.857,-0.3088,0.0,0.0,1.887,1.446,-0.4688,0.0,0.0864,2.469,0.3677,0.502,-2.084,-0.4001,-2.3749,0.6797,0.0571,-0.6523,-1.493,0.0337,0.10803,0.0,0.0,0.0713,0.0,-0.0587,-0.33,0.10785,-6.57,-1.0,-0.5,-0.5,2.836,-1.682,-1.106,0.0,1.0,0.0,0.0,0.0,-6.035,0.1427399999999999,,,
2.545,-1.152,-1.001,-1.199,-0.364,-0.857,-0.3088,0.0,0.0,1.572,1.164,-0.4373,0.0,0.08685,2.469,0.3872,0.4888,-1.128,-0.4048,1.9911,0.664,-2.375,0.0571,-0.6523,0.01011,0.10205,0.0,0.0,0.06174,0.0,0.00961,-0.3394,0.1447,5.516,0.0,0.0,-0.5,1.991,-0.693,-0.6753,1.0,0.0,0.0,0.0,0.0,5.473,-1.2766052,,,
2.545,-2.307,-1.352,-1.308,1.878,-1.0,-0.3088,0.0,0.0,2.414,1.881,-0.5127,0.0,0.0873,2.906,0.5264,0.558,-2.123,-0.4236,-2.4299,0.9116,1.99,-2.375,0.0571,-0.0244,0.08923,0.0,0.0,0.04776,0.0,-0.1543,-1.036,0.57,-9.51,0.0,-0.5,-1.0,2.836,-2.066,-1.263,0.0,1.0,0.0,0.0,0.0,-6.73,0.593168,,,
2.545,-2.307,-1.338,-1.398,0.00661,-1.0,-0.3088,0.0,0.0,2.371,1.85,-0.51,0.0,0.08777,2.516,0.7,0.646,-2.123,-0.4348,0.2024,1.009,-2.428,1.99,-2.375,-0.05475,0.0773,0.0,0.0,0.03123,0.0,-0.148,-0.9204,0.49,0.5923,1.0,-0.5,-0.5,2.836,-2.066,-1.078,1.0,0.0,0.0,0.0,0.0,0.6436,1.0080080000000002,,,
2.545,-1.695,-1.219,-1.449,-0.2411,-1.0,-0.3088,0.0,0.0,2.059,1.587,-0.4844,0.0,0.0882,1.096,0.866,0.721,-1.517,-0.4407,1.7421,1.051,0.2021,-2.428,1.99,-0.0717,0.06793,0.0,0.0,0.01973,0.0,-0.0931,-0.576,0.2688,3.896,1.0,-0.5,0.0,2.717,-1.28,-0.7617,2.0,0.0,0.0,0.0,0.0,4.207,0.9238171999999998,,,
2.545,-1.078,-1.126,-1.465,-0.2754,-1.0,-0.3088,0.0,0.0,1.834,1.405,-0.4648,0.0,0.0887,1.365,0.997,0.7754,-0.877,-0.4436,1.2706,1.078,1.741,0.2021,-2.428,-0.0808,0.0574,0.0,0.0,0.0129,0.0,-0.0508,-0.28,0.07587,2.379,2.0,0.0,0.5,1.857,-0.6523,-0.5405,3.0,0.0,0.0,0.0,0.0,2.434,-1.260152,,,
2.545,-1.65,-1.251,-1.527,0.7476,-1.0,-0.3088,0.0,0.0,2.107,1.689,-0.4917,0.0,0.0891,0.9697,1.119,0.8457,-1.505,-0.4492,-1.6909,1.161,1.2705,1.741,0.2021,-0.09705,0.04636,0.0,0.0,0.006744,0.0,-0.10944,-0.781,0.4077,-3.037,1.0,0.0,0.0,2.623,-1.23,-0.723,0.0,1.0,0.0,0.0,0.0,-2.99,0.0875563999999999,,,
2.545,-2.195,-1.379,-1.611,0.5034,-1.0,-0.3088,0.0,0.0,2.445,1.99,-0.5195,0.0,0.08954,1.993,1.2295,0.9287,-2.107,-0.457,-1.8279,1.279,-1.69,1.2705,1.741,-0.1099,0.03516,0.0,0.0,-0.004898,0.0,-0.1694,-0.957,0.507,-3.627,1.0,0.0,-0.5,2.836,-1.913,-0.8555,0.0,2.0,0.0,0.0,0.0,-3.77,-0.022036,,,
2.545,-2.162,-1.426,-1.72,0.11725,-1.143,-0.3088,0.0,0.0,2.566,2.127,-0.53,0.0,0.09,1.306,1.343,1.017,-2.123,-0.4675,-0.7299,1.256,-1.827,-1.69,1.2705,-0.1335,0.0243,0.0,0.0,-0.02316,0.0,-0.1921,-1.259,0.7124,-1.464,0.0,0.0,-1.0,2.836,-2.066,-0.867,0.0,3.0,0.0,0.0,0.0,-1.614,-1.3615547999999995,,,
2.545,-2.307,-1.562,-1.826,0.4414,-1.143,-0.3088,0.0,0.0,2.691,2.537,-0.56,0.0,0.09045,2.44,1.461,1.114,-2.123,-0.4783,-2.1949,1.35,-0.7295,-1.827,-1.69,-0.1458,0.01247,0.0,0.0,-0.04147,0.0,-0.2585,-1.253,0.679,-3.314,-1.0,-0.5,-1.0,2.836,-2.066,-0.9893,0.0,4.0,0.0,0.0,0.0,-3.74,1.415466,,,
2.545,-1.661,-1.444,-1.911,-0.3057,-1.143,-0.3088,0.0,0.0,2.594,2.203,-0.534,0.0,0.0909,1.955,1.576,1.238,-1.66,-0.4902,2.0061,1.408,-2.193,-0.7295,-1.827,-0.152,0.0,0.0,0.0,-0.05368,0.0,-0.202,-0.972,0.5034,3.15,-1.0,0.0,-0.5,2.836,-1.581,-0.7163,1.0,0.0,0.0,0.0,0.0,3.816,0.118704,,,
2.545,-1.418,-1.443,-1.979,-0.03111,-1.143,-0.3088,0.0,0.0,2.596,2.193,-0.534,0.0,0.0914,2.906,1.666,1.357,-1.45,-0.4976,0.0001,1.4795,2.004,-2.193,-0.7295,-0.1647,-0.01232,0.0,0.0,-0.0628,0.0,-0.2021,-0.8647,0.4268,0.0,-1.0,-0.5,-0.5,2.836,-1.4,-0.6587,0.0,0.0,0.0,0.0,0.0,0.0,0.2580519999999999,,,
2.545,-0.4038,-1.321,-2.021,-0.6772,-1.143,-0.3088,0.0,0.0,2.262,1.877,-0.509,0.0,0.0918,2.367,1.714,1.461,-0.4587,-0.503,1.8631,1.423,0.0,2.004,-2.193,-0.1759,-0.02148,0.0,0.0,-0.07416,0.0,-0.1464,-0.598,0.2612,3.355,0.0,0.0,0.0,1.899,-0.3164,-0.4343,1.0,0.0,0.0,0.0,0.0,3.826,-0.701744,,,
2.545,-0.7095,-1.395,-2.076,1.146,-1.143,-0.3088,0.0,0.0,2.457,2.062,-0.5244,0.0,0.0923,0.4934,1.712,1.541,-0.791,-0.509,-1.0919,1.341,1.862,0.0,2.004,-0.1842,-0.03354,0.0,0.0,-0.0877,0.0,-0.181,-0.6797,0.3042,-1.624,0.0,-0.5,-0.5,2.232,-0.7803,-0.5137,0.0,1.0,0.0,0.0,0.0,-1.75,-0.4714960000000001,,,
2.545,-0.8657,-1.436,-2.111,0.3992,-1.143,-0.3088,0.0,0.0,2.56,2.184,-0.5337,0.0,0.0927,0.5293,1.647,1.595,-0.9277,-0.514,-0.6459,1.122,-1.092,1.862,0.0,-0.1879,-0.04428,0.0,0.0,-0.1048,0.0,-0.2008,-0.527,0.1862,-0.776,0.0,-1.0,-0.5,2.328,-1.01,-0.562,0.0,2.0,0.0,0.0,0.0,-0.865,-0.217588,,,
2.488,-0.766,-1.451,-2.164,-0.002308,-1.143,-0.3088,0.0,0.0,2.598,2.236,-0.5376,0.0,0.09314,1.65,1.534,1.632,-0.854,-0.5205,-0.2826,0.965,-0.646,-1.092,1.862,-0.1898,-0.0533,0.0,0.0,-0.11926,0.0,-0.2094,-0.8237,0.3945,-0.5664,-1.0,-1.5,-1.0,2.055,-1.261,-0.5674,0.0,3.0,0.0,0.0,0.0,-0.6445,1.7067559999999995,,,
1.897,0.285,-1.302,-2.154,-1.507,-1.0,-0.3088,1.0,0.0,2.162,1.885,-0.5063,0.0,0.0936,2.906,1.478,1.631,0.2769,-0.523,2.2811000000000003,0.7695,-0.2825,-0.646,-1.092,-0.1761,-0.05835,0.0,0.0,-0.1298,0.0,-0.1416,-0.0419,-0.1337,5.75,0.0,-1.0,-0.5,1.031,-0.05283,-0.2218,1.0,0.0,0.0,0.0,0.0,6.605,-0.8122268000000002,,,
2.03,-0.3008,-1.386,-2.16,-1.575,-1.0,-0.3088,0.0,0.0,2.385,2.094,-0.5244,0.0,0.09406,2.523,1.417,1.602,-0.2966,-0.524,-1.2419,0.6436,2.28,-0.2825,-0.646,-0.1737,-0.0665,0.0,0.0,-0.1394,0.0,-0.1813,-0.2147,-0.02779,-2.453,-1.0,-1.0,-1.0,1.5205,-0.5654,-0.3904,0.0,1.0,0.0,0.0,0.0,-2.63,-0.3027479999999999,,,
1.932,0.6675,-1.256,-2.164,-4.582,-0.857,-0.3088,1.0,0.0,2.055,1.77,-0.4973,0.0,0.0945,2.906,1.322,1.55,0.6895,-0.526,1.9381,0.5156,-1.241,2.28,-0.2825,-0.1642,-0.07684,0.0,0.0,-0.1455,0.0,-0.122,-0.1982,-0.01345,3.682,0.0,-0.5,-1.0,0.6475,0.3342,-0.002548,1.0,0.0,0.0,0.0,0.0,4.105,1.1777999999999993,,,
1.805,1.546,-1.137,-2.168,1.388,-0.7144,-0.3088,1.0,0.0,1.781,1.508,-0.4724,0.0,0.095,2.027,1.163,1.463,1.5625,-0.5264,1.6761,0.3862,1.9375,-1.241,2.28,-0.1549,-0.0838,0.0,0.0,-0.1495,0.0,-0.06775,-0.153,-0.02188,2.877,1.0,0.0,-1.0,-0.0327,0.97,0.4343,2.0,0.0,0.0,0.0,0.0,3.025,-0.6185620000000002,,,
1.828,1.041,-1.203,-2.16,-0.1981,-0.5713,-0.3088,1.0,0.0,1.925,1.653,-0.4866,0.0,0.0954,0.4382,0.952,1.335,1.066,-0.526,-0.9096,0.3555,1.675,1.9375,-1.241,-0.1453,-0.0891,0.0,0.0,-0.1511,0.0,-0.0989,-0.05188,-0.10767,-1.684,1.0,-0.5,-1.0,0.352,0.507,0.2377,0.0,1.0,0.0,0.0,0.0,-1.683,1.1611464,,,
1.589,1.985,-1.046,-2.115,1.032,-0.4285,-0.3088,1.0,0.0,1.579,1.335,-0.4539,0.0,0.0959,0.9585,0.6987,1.164,2.002,-0.523,2.1481000000000003,0.2932,-0.909,1.675,1.9375,-0.12494,-0.09033,0.0,0.0,-0.1526,0.0,-0.02773,0.433,-0.4226,4.043,1.0,0.0,-0.5,-0.3914,1.36,0.8394,1.0,0.0,0.0,0.0,0.0,4.156,0.124936,,,
1.567,1.909,-1.024,-2.062,0.09406,-0.2856,-0.3088,1.0,0.0,1.535,1.293,-0.4497,0.0,0.0963,0.9907,0.4365,1.023,1.962,-0.5166,0.2593999999999999,0.391,2.148,-0.909,1.675,-0.1025,-0.0944,0.0,0.0,-0.147,0.0,-0.01866,0.566,-0.513,0.545,2.0,0.0,0.0,-0.4834,1.272,0.7603,2.0,0.0,0.0,0.0,0.0,0.5254,-1.7690479999999995,,,
1.786,0.533,-1.189,-2.01,-0.6055,-0.1428,-0.3088,1.0,0.0,1.892,1.625,-0.485,0.0,0.09674,0.8857,0.2048,0.8896,0.6196,-0.512,-2.1559,0.4023,0.259,2.148,-0.909,-0.09705,-0.10114,0.0,0.0,-0.1448,0.0,-0.09564,0.5146,-0.5103,-3.846,1.0,0.0,0.0,0.5303,0.3464,0.1915,0.0,1.0,0.0,0.0,0.0,-3.676,-0.0298375999999999,,,
1.672,0.2935,-1.205,-1.976,-0.2834,0.0,-0.3088,1.0,0.0,1.918,1.671,-0.4888,0.0,0.0972,0.527,0.0628,0.7456,0.3933,-0.5093,-0.2545,0.3977,-2.154,0.259,2.148,-0.08795,-0.1099,0.0,0.0,-0.1451,0.0,-0.1042,0.306,-0.3652,-0.3945,0.0,0.0,-0.5,0.6494,0.258,0.1367,0.0,2.0,0.0,0.0,0.0,-0.4045,-1.1951036,,,
1.802,-0.8364,-1.361,-1.961,-3.088,0.0,-0.3088,0.0,0.0,2.303,2.047,-0.5225,0.0,0.09766,1.87,-0.0179,0.5776,-0.755,-0.508,-2.2029,0.3555,-0.2544,-2.154,0.259,-0.0943,-0.1187,0.0,0.0,-0.1503,0.0,-0.1769,-0.001314,-0.1779,-4.164,0.0,0.0,-0.5,1.659,-0.6514,-0.3418,0.0,3.0,0.0,0.0,0.0,-4.3,-0.3523852,,,
1.854,-1.486,-1.464,-1.975,1.054,0.0,-0.3088,0.0,0.0,2.582,2.326,-0.5444,0.0,0.0981,1.119,-0.0573,0.397,-1.459,-0.5083,-1.5619,0.3816,-2.201,-0.2544,-2.154,-0.1127,-0.128,0.0,0.0,-0.155,0.0,-0.2249,-0.3752,0.0678,-2.336,-1.0,-0.5,-1.0,2.32,-1.221,-0.6387,0.0,4.0,0.0,0.0,0.0,-2.592,0.3982040000000001,,,
1.812,-1.253,-1.432,-1.974,-0.04456,0.0,-0.3088,0.0,0.0,2.488,2.236,-0.538,0.0,0.0986,1.086,-0.05902,0.215,-1.2295,-0.5093,0.4588,0.4,-1.561,-2.201,-0.2544,-0.1259,-0.1354,0.0,0.0,-0.1567,0.0,-0.2115,-0.2056,-0.04733,0.625,-1.0,0.0,-0.5,1.944,-0.8647,-0.52,1.0,0.0,0.0,0.0,0.0,0.7295,-0.2484295999999999,,,
1.83,-1.323,-1.44,-1.969,0.1978,0.0,-0.3088,0.0,0.0,2.516,2.26,-0.5405,0.0,0.099,0.8594,-0.04218,0.05313,-1.306,-0.5093,-0.1903,0.414,0.4585,-1.561,-2.201,-0.1481,-0.1422,0.0,0.0,-0.1577,0.0,-0.2172,-0.1542,-0.0865,-0.2369,-1.0,-0.5,-0.5,1.906,-0.822,-0.5454,0.0,1.0,0.0,0.0,0.0,-0.2725,-0.541468,,,
1.8,-1.689,-1.494,-1.968,0.4485,0.0,-0.3088,0.0,0.0,2.666,2.422,-0.5527,0.0,0.0995,-0.07086,-0.03192,-0.07574,-1.681,-0.5103,-0.8856,0.3958,-0.1903,0.4585,-1.561,-0.1743,-0.1498,0.0,0.0,-0.1571,0.0,-0.2433,-0.218,-0.0524,-1.326,-1.0,-1.0,-0.5,2.13,-1.167,-0.7437,0.0,2.0,0.0,0.0,0.0,-1.534,-0.5128400000000002,,,
1.721,-1.886,-1.536,-1.992,0.2634,-0.1428,-0.3088,0.0,0.0,2.691,2.557,-0.562,0.0,0.0999,1.76,-0.04446,-0.1514,-1.879,-0.514,-0.7139,0.4495,-0.8853,-0.1903,0.4585,-0.194,-0.1555,0.0,0.0,-0.1597,0.0,-0.264,-0.5864,0.2015,-1.581,-1.0,-1.0,-1.0,2.293,-1.371,-0.8276,0.0,3.0,0.0,0.0,0.0,-1.882,0.1944999999999999,,,
1.735,-2.307,-1.562,-2.018,0.47,-0.1428,-0.3088,0.0,0.0,2.691,2.582,-0.5825,0.0,0.10034,0.6514,-0.0656,-0.1974,-2.123,-0.518,-1.5869,0.555,-0.714,-0.8853,-0.1903,-0.2179,-0.1643,0.0,0.0,-0.164,0.0,-0.3083,-0.6016,0.1929,-2.553,-1.0,-1.5,-1.0,2.836,-1.975,-0.9995,0.0,4.0,0.0,0.0,0.0,-3.107,1.687168,,,
1.406,-1.37,-1.492,-2.043,-0.3545,-0.2856,-0.3088,0.0,0.0,2.627,2.447,-0.554,0.0,0.1008,0.1201,-0.08954,-0.2211,-1.383,-0.5215,2.3051000000000004,0.587,-1.586,-0.714,-0.8853,-0.2261,-0.1669,0.0,0.0,-0.1681,0.0,-0.247,-0.5913,0.2125,3.342,-1.0,-1.5,-1.0,1.644,-0.7295,-0.583,1.0,0.0,1.0,0.0,7.832,4.28,-0.02712,,,
1.313,-1.446,-1.528,-2.09,0.1965,-0.4285,-0.3088,0.0,0.0,2.691,2.566,-0.5625,0.0,0.10126,0.654,-0.08246,-0.2133,-1.486,-0.5273,-0.6179,0.6294,2.305,-1.586,-0.714,-0.2307,-0.1702,0.0,0.0,-0.1715,0.0,-0.2646,-0.936,0.4507,-0.796,-1.0,-1.5,-1.5,1.802,-0.917,-0.644,0.0,1.0,0.0,0.0,0.0,-0.951,1.3214000000000004,,,
1.216,-0.4465,-1.403,-2.113,-0.6494,-0.5713,-0.3088,0.0,0.0,2.365,2.209,-0.537,0.0,0.1017,1.23,-0.0356,-0.184,-0.4832,-0.5312,1.9661,0.632,-0.6177,2.305,-1.586,-0.2305,-0.1733,0.0,0.0,-0.1719,0.0,-0.2096,-0.5454,0.1962,2.918,0.0,-1.0,-1.0,0.8213,-0.01488,-0.3271,1.0,0.0,0.0,0.0,0.0,3.557,0.2041679999999999,,,
1.114,-0.00587,-1.366,-2.152,-1.156,-0.5713,-0.3088,1.0,0.0,2.26,2.115,-0.53,0.0,0.1022,0.6616,0.0668,-0.1372,-0.0709,-0.536,0.5226,0.6274,1.965,-0.6177,2.305,-0.2278,-0.1772,0.0,0.0,-0.1713,0.0,-0.1941,-0.8535,0.4229,0.6694,1.0,-0.5,-1.0,0.584,0.2396,-0.2438,2.0,0.0,0.0,0.0,0.0,0.768,0.1394442,,,
1.335,-0.8286,-1.512,-2.209,-11.52,-0.7144,-0.3088,0.0,0.0,2.68,2.514,-0.5605,0.0,0.1026,0.899,0.2324,-0.05713,-0.871,-0.5444,-2.2189,0.6577,0.522,1.965,-0.6177,-0.2299,-0.1815,0.0,0.0,-0.1761,0.0,-0.2612,-1.082,0.5566,-3.13,1.0,-0.5,-1.5,1.554,-0.731,-0.5815,0.0,1.0,0.0,1.0,-7.91,-3.537,0.6451375999999999,,,
1.158,-0.321,-1.462,-2.238,-0.5923,-0.857,-0.3088,0.0,0.0,2.523,2.379,-0.5513,0.0,0.1031,0.8203,0.3892,0.0363,-0.3406,-0.55,0.7281,0.6753,-2.219,0.522,1.965,-0.2272,-0.1835,0.0,0.0,-0.1786,0.0,-0.2407,-0.7544,0.3318,1.22,1.0,-0.5,-1.0,1.162,-0.2979,-0.4463,1.0,0.0,0.0,0.0,0.0,1.48,0.1451099999999999,,,
1.199,-0.559,-1.516,-2.273,1.194,-1.0,-0.3088,0.0,0.0,2.68,2.535,-0.563,0.0,0.1035,0.3396,0.5186,0.1338,-0.6016,-0.5547,-0.8839,0.689,0.7275,-2.219,0.522,-0.2222,-0.1855,0.0,0.0,-0.1846,0.0,-0.266,-0.8066,0.3577,-1.366,1.0,-0.5,-1.0,1.414,-0.705,-0.542,0.0,1.0,0.0,0.0,0.0,-1.621,0.0481584,,,
1.342,-0.9824,-1.562,-2.297,1.079,-1.0,-0.3088,0.0,0.0,2.691,2.582,-0.578,0.0,0.10394,2.74,0.6245,0.2368,-0.988,-0.5596,-1.1869,0.67,-0.8833,0.7275,-2.219,-0.2283,-0.1866,0.0,0.0,-0.1941,0.0,-0.2993,-0.679,0.2522,-2.898,0.0,-0.5,-1.0,1.841,-1.168,-0.668,0.0,2.0,0.0,0.0,0.0,-3.537,-0.1758391999999999,,,
1.261,-0.8735,-1.562,-2.307,0.004616,-1.0,-0.3088,0.0,0.0,2.691,2.582,-0.5776,0.0,0.10443,0.365,0.697,0.3335,-0.8667,-0.562,0.05253,0.6606,-1.186,-0.8833,0.7275,-0.2322,-0.1892,0.0,0.0,-0.2024,0.0,-0.2979,-0.4824,0.1125,0.08075,0.0,0.0,-0.5,1.666,-1.028,-0.609,1.0,0.0,0.0,0.0,0.0,0.1023,-0.6167159999999997,,,
1.235,-1.047,-1.562,-2.324,0.3662,-1.0,-0.3088,0.0,0.0,2.691,2.582,-0.5854,0.0,0.10486,0.3303,0.7417,0.424,-1.048,-0.5654,-0.6283,0.5376,0.0524,-1.186,-0.8833,-0.2445,-0.1924,0.0,0.0,-0.2142,0.0,-0.315,-0.6396,0.2173,-1.108,0.0,0.0,-1.0,1.86,-1.161,-0.679,0.0,1.0,0.0,0.0,0.0,-1.402,-0.08446,,,
1.172,-0.9785,-1.562,-2.34,0.05792,-1.0,-0.3088,0.0,0.0,2.691,2.582,-0.587,0.0,0.1053,0.2009,0.7534,0.502,-0.988,-0.5684,-0.1067,0.329,-0.628,0.0524,-1.186,-0.259,-0.1971,0.0,0.0,-0.2267,0.0,-0.3176,-0.6284,0.208,-0.1865,-1.0,-0.5,-1.0,1.735,-1.116,-0.717,0.0,2.0,0.0,0.0,0.0,-0.2406,-1.5026559999999998,,,
1.496,-1.751,-1.562,-2.36,1.054,-1.0,-0.3171,0.0,0.0,2.691,2.582,-0.611,0.0,0.1058,1.947,0.737,0.5674,-1.746,-0.5728,-1.9819,0.287,-0.10675,-0.628,0.0524,-0.2717,-0.2024,0.0,0.0,-0.238,0.0,-0.3699,-0.727,0.2554,-3.623,-1.0,-0.5,-1.0,2.629,-1.845,-1.052,0.0,3.0,0.0,0.0,0.0,-4.69,1.3469599999999995,,,
1.413,-1.009,-1.562,-2.363,-0.3418,-1.0,-0.3252,0.0,0.0,2.691,2.582,-0.5938,0.0,0.1062,2.729,0.7124,0.6187,-0.946,-0.5767,1.5141,0.1617,-1.981,-0.10675,-0.628,-0.2825,-0.206,0.0,0.0,-0.2476,0.0,-0.3325,-0.4246,0.05585,3.23,0.0,-0.5,-0.5,1.731,-0.98,-0.757,1.0,0.0,0.0,0.0,0.0,4.46,1.0675852,,,
1.33,-0.3257,-1.545,-2.346,-0.654,-1.0,-0.3333,0.0,0.0,2.691,2.582,-0.575,0.0,0.1067,1.7295,0.658,0.641,-0.2366,-0.577,1.5271,0.1047,1.513,-1.981,-0.10675,-0.2856,-0.2084,0.0,0.0,-0.2524,0.0,-0.293,-0.01884,-0.2163,2.914,0.0,-0.5,0.0,0.9204,-0.2617,-0.3547,2.0,0.0,0.0,0.0,0.0,3.84,-0.82986,,,
1.438,-0.913,-1.562,-2.355,2.703,-1.0,-0.3333,0.0,0.0,2.691,2.582,-0.5933,0.0,0.1071,2.143,0.5825,0.65,-0.8345,-0.5796,-1.4319,0.1167,1.526,1.513,-1.981,-0.2893,-0.2136,0.0,0.0,-0.2568,0.0,-0.3318,-0.5293,0.1309,-2.762,0.0,-0.5,-0.5,1.556,-0.7925,-0.681,0.0,1.0,0.0,0.0,0.0,-3.473,-0.2234188,,,
1.523,-0.737,-1.562,-2.357,-0.0928,-1.0,-0.3333,0.0,0.0,2.691,2.582,-0.591,0.0,0.10754,2.324,0.4988,0.6416,-0.6826,-0.5806,0.2181,0.10126,-1.431,1.526,1.513,-0.2927,-0.2177,0.0,0.0,-0.2615,0.0,-0.3262,-0.419,0.05463,0.4062,1.0,-0.5,0.0,1.266,-0.6943,-0.579,1.0,0.0,0.0,0.0,0.0,0.5347,-0.4689599999999999,,,
1.527,-0.9146,-1.562,-2.38,0.4229,-1.0,-0.3416,0.0,0.0,2.691,2.582,-0.599,0.0,0.10803,1.225,0.4082,0.619,-0.8975,-0.584,-0.7304,0.0972,0.2179,-1.431,1.526,-0.2964,-0.2239,0.0,0.0,-0.2668,0.0,-0.3452,-0.879,0.3745,-1.195,1.0,-0.5,-0.5,1.519,-0.9194,-0.711,0.0,1.0,0.0,0.0,0.0,-1.5625,0.7678679999999999,,,
1.379,0.06836,-1.538,-2.398,-1.127,-1.0,-0.3416,1.0,0.0,2.691,2.582,-0.578,0.0,0.10846,1.584,0.315,0.5796,0.05847,-0.587,1.8281,0.08167,-0.7305,0.2179,-1.431,-0.294,-0.2303,0.0,0.0,-0.269,0.0,-0.2986,-0.653,0.2339,2.941,1.0,0.0,-0.5,0.611,-0.0963,-0.2118,1.0,0.0,0.0,0.0,0.0,3.938,0.0102187999999999,,,
1.291,0.4663,-1.487,-2.39,2.975,-0.857,-0.3416,1.0,0.0,2.605,2.441,-0.5684,0.0,0.1089,1.647,0.2448,0.528,0.452,-0.588,0.7601,0.0772,1.827,-0.7305,0.2179,-0.2832,-0.2354,0.0,0.0,-0.2698,0.0,-0.278,-0.1968,-0.08276,1.33,1.0,0.0,0.0,0.2776,0.2351,0.00924,2.0,0.0,0.0,0.0,0.0,1.685,-1.85331,,,
1.636,-0.693,-1.562,-2.408,-2.129,-0.857,-0.3416,0.0,0.0,2.691,2.582,-0.601,0.0,0.1094,1.969,0.1901,0.4717,-0.7446,-0.59,-2.4299,0.1029,0.7593,1.827,-0.7305,-0.2852,-0.2443,0.0,0.0,-0.2712,0.0,-0.3486,-0.667,0.2217,-4.207,1.0,0.0,-0.5,1.509,-0.7964,-0.6865,0.0,1.0,0.0,0.0,0.0,-5.203,-0.4280600000000001,,,
1.716,-0.7954,-1.562,-2.42,0.313,-0.857,-0.3416,0.0,0.0,2.691,2.582,-0.6064,0.0,0.1098,0.953,0.1465,0.4077,-0.873,-0.5923,-0.4729,0.12006,-2.428,0.7593,1.827,-0.2932,-0.254,0.0,0.0,-0.2761,0.0,-0.3606,-0.613,0.1779,-0.686,0.0,0.0,-0.5,1.582,-0.9443,-0.7344,0.0,2.0,0.0,0.0,0.0,-0.9224,-1.0408559999999998,,,
1.667,-1.286,-1.562,-2.434,0.867,-0.857,-0.3416,0.0,0.0,2.691,2.582,-0.6216,0.0,0.1103,0.8613,0.1285,0.3503,-1.342,-0.5957,-1.2989,0.1765,-0.4727,-2.428,0.7593,-0.3003,-0.2622,0.0,0.0,-0.2815,0.0,-0.393,-0.61,0.1615,-1.623,0.0,0.0,-0.5,2.143,-1.348,-0.9253,0.0,3.0,0.0,0.0,0.0,-2.215,-0.720596,,,
1.906,-1.819,-1.562,-2.457,0.606,-0.857,-0.3416,0.0,0.0,2.691,2.582,-0.638,0.0,0.1107,1.588,0.1262,0.2969,-1.864,-0.6,-1.5299,0.2098,-1.298,-0.4727,-2.428,-0.3125,-0.2712,0.0,0.0,-0.2905,0.0,-0.4297,-0.76,0.2522,-3.133,-1.0,-0.5,-1.0,2.777,-1.8545,-1.115,0.0,4.0,0.0,0.0,0.0,-4.457,0.2174263999999999,,,
1.979,-1.603,-1.562,-2.475,0.0001674,-0.857,-0.3416,0.0,0.0,2.691,2.582,-0.636,0.0,0.11115,1.727,0.1389,0.2505,-1.635,-0.604,0.1855,0.1729,-1.529,-1.298,-0.4727,-0.322,-0.2783,0.0,0.0,-0.3003,0.0,-0.4255,-0.67,0.1901,0.3562,-1.0,-0.5,-0.5,2.488,-1.545,-1.02,1.0,0.0,0.0,0.0,0.0,0.532,-0.024076,,,
1.908,-0.575,-1.562,-2.479,-0.5884,-0.857,-0.3416,0.0,0.0,2.691,2.582,-0.614,0.0,0.11163,2.264,0.1489,0.2247,-0.612,-0.6064,2.1501,0.1539,0.1853,-1.529,-1.298,-0.331,-0.2825,0.0,0.0,-0.305,0.0,-0.376,-0.3682,-0.003498,2.86,0.0,0.0,0.0,1.355,-0.4473,-0.5254,2.0,0.0,0.0,0.0,0.0,4.246,1.7213240000000007,,,
1.682,0.633,-1.526,-2.451,-2.48,-0.7144,-0.3416,1.0,0.0,2.691,2.53,-0.583,0.0,0.11206,1.286,0.1423,0.1943,0.6113,-0.605,2.7341,0.0885,2.15,0.1853,-1.529,-0.3347,-0.2852,0.0,0.0,-0.3079,0.0,-0.309,0.1804,-0.3655,4.316,1.0,0.0,0.5,0.2303,0.7563,0.1597,3.0,0.0,1.0,0.0,9.375,6.008,0.1001375999999999,,,
1.481,0.524,-1.532,-2.434,-0.0291,-0.5713,-0.3416,1.0,0.0,2.691,2.562,-0.585,0.0,0.1125,-0.07434,0.1299,0.1597,0.4954,-0.6045,-0.1591,0.04956,2.734,2.15,0.1853,-0.3306,-0.2878,0.0,0.0,-0.3098,0.0,-0.3132,-0.001792,-0.2374,-0.1608,1.0,0.0,0.0,0.261,0.587,0.1561,0.0,1.0,0.0,0.0,0.0,-0.206,1.8777948,,,
1.274,1.863,-1.3545,-2.406,2.496,-0.4285,-0.3416,1.0,0.0,2.242,2.072,-0.551,0.0,0.113,0.4473,0.0859,0.12286,1.826,-0.6025,2.7441000000000004,0.1185,-0.159,2.734,2.15,-0.3164,-0.2878,0.0,0.0,-0.3074,0.0,-0.2393,0.1477,-0.3115,4.85,2.0,0.0,0.0,-0.705,1.639,0.83,1.0,0.0,1.0,0.0,9.375,6.25,-1.6233879999999998,,,
1.589,0.3972,-1.527,-2.39,-0.6724,-0.2856,-0.3416,1.0,0.0,2.691,2.541,-0.5854,0.0,0.1134,0.0954,0.03558,0.081,0.399,-0.6025,-2.4299,0.1105,2.744,-0.159,2.734,-0.3071,-0.289,0.0,0.0,-0.308,0.0,-0.3147,-0.02344,-0.2227,-4.137,1.0,-0.5,0.0,0.63,0.6206,0.0969,0.0,1.0,0.0,1.0,-7.91,-4.9,2.201504000000001,,,
1.337,1.619,-1.357,-2.357,2.861,-0.1428,-0.3416,1.0,0.0,2.256,2.074,-0.553,0.0,0.1139,0.859,-0.0335,0.03256,1.649,-0.601,2.6701,0.1711,-2.428,2.744,-0.159,-0.2854,-0.2874,0.0,0.0,-0.305,0.0,-0.2441,0.2107,-0.3586,4.465,1.0,0.0,0.0,-0.3066,1.674,0.695,1.0,0.0,1.0,0.0,9.375,5.76,0.4927976000000001,,,
1.315,2.03,-1.275,-2.307,0.3909,0.0,-0.3496,1.0,0.0,2.053,1.868,-0.538,0.0,0.1143,1.863,-0.0971,-0.02159,2.002,-0.5977,1.1341,0.269,2.668,-2.428,2.744,-0.2603,-0.2864,0.0,0.0,-0.3005,0.0,-0.2118,0.3916,-0.4736,1.852,1.0,0.5,0.5,-0.6626,1.937,0.8228,2.0,0.0,0.0,0.0,0.0,2.205,0.8423872000000004,,,
1.229,2.156,-1.171,-2.26,0.4321,0.0,-0.3577,1.0,0.0,1.807,1.63,-0.5186,0.0,0.11475,1.702,-0.1406,-0.07,2.002,-0.594,1.4281,0.3997,1.133,2.668,-2.428,-0.2361,-0.2837,0.0,0.0,-0.2922,0.0,-0.1694,0.3796,-0.4463,2.158,2.0,1.0,0.5,-1.024,2.111,0.926,3.0,0.0,0.0,0.0,0.0,2.482,-0.0795928,,,
1.494,1.318,-1.324,-2.234,-0.3813,0.0,-0.366,1.0,0.0,2.184,1.975,-0.5493,0.0,0.11523,1.302,-0.1768,-0.10785,1.414,-0.5923,-2.1639,0.4329,1.428,1.133,2.668,-0.2275,-0.2844,0.0,0.0,-0.2883,0.0,-0.2365,0.0472,-0.2385,-4.363,1.0,1.0,0.0,-0.005978,1.345,0.4028,0.0,1.0,0.0,0.0,0.0,-4.805,-0.709228,,,
1.361,2.156,-1.099,-2.166,1.202,0.1428,-0.374,1.0,0.0,1.665,1.462,-0.507,0.0,0.11566,2.906,-0.1383,-0.1401,2.002,-0.586,2.7441000000000004,0.5747,-2.164,1.428,1.133,-0.2076,-0.283,0.0,0.0,-0.2822,0.0,-0.1434,0.5806,-0.578,8.305,2.0,1.0,0.5,-0.9854,2.111,0.8516,1.0,0.0,0.0,0.0,0.0,7.785,-1.2862,,,
1.713,1.418,-1.233,-2.107,-0.3628,0.2856,-0.382,1.0,0.0,1.985,1.733,-0.5337,0.0,0.1161,2.693,-0.01663,-0.1371,1.432,-0.5786,-1.8639,0.6177,2.744,-2.164,1.428,-0.2032,-0.2815,0.0,0.0,-0.2769,0.0,-0.2028,0.3904,-0.4688,-5.13,1.0,0.5,0.5,-0.03516,1.692,0.4382,0.0,1.0,0.0,0.0,0.0,-5.504,1.8168040000000003,,,
1.591,2.156,-1.07,-2.023,0.711,0.4285,-0.3901,1.0,0.0,1.627,1.385,-0.5034,0.0,0.1166,1.274,0.1371,-0.09937,2.002,-0.573,2.2151,0.7256,-1.863,2.744,-2.164,-0.1824,-0.2786,0.0,0.0,-0.2688,0.0,-0.1365,0.6577,-0.63,3.318,1.0,0.5,1.0,-0.734,2.111,0.6934,1.0,0.0,0.0,0.0,0.0,3.78,0.714604,,,
1.576,2.156,-0.963,-1.92,0.2554,0.5713,-0.3984,1.0,0.0,1.421,1.174,-0.4836,0.0,0.117,0.96,0.3972,0.03656,2.002,-0.558,1.3451,0.858,2.215,-1.863,2.744,-0.1647,-0.2737,0.0,0.0,-0.2583,0.0,-0.0936,0.883,-0.772,4.156,1.0,1.0,1.5,-1.019,2.111,0.7656,2.0,0.0,1.0,0.0,9.375,4.43,-1.2873400000000004,,,
1.879,1.198,-1.088,-1.83,-0.404,0.7144,-0.4065,1.0,0.0,1.685,1.396,-0.509,0.0,0.11743,2.479,0.6577,0.2112,1.092,-0.5474,-1.6289,0.916,1.344,2.215,-1.863,-0.1571,-0.2693,0.0,0.0,-0.2522,0.0,-0.148,0.662,-0.638,-3.775,1.0,0.5,1.0,-0.1923,1.982,0.4458,0.0,1.0,0.0,0.0,0.0,-3.86,1.2427519999999996,,,
1.704,1.941,-0.9185,-1.736,0.7544,0.857,-0.4146,1.0,0.0,1.352,1.082,-0.4773,0.0,0.1179,1.876,0.895,0.3972,1.843,-0.538,2.1621,1.04,-1.628,1.344,2.215,-0.1465,-0.2632,0.0,0.0,-0.2439,0.0,-0.07965,0.695,-0.632,4.984,1.0,1.0,1.0,-0.8877,2.111,0.653,1.0,0.0,0.0,0.0,0.0,5.367,-0.2030428000000001,,,
1.76,1.34,-0.964,-1.67,-0.1842,0.857,-0.4146,1.0,0.0,1.4375,1.161,-0.4866,0.0,0.11835,1.668,1.108,0.5815,1.214,-0.5303,-0.6054,1.089,2.16,-1.628,1.344,-0.1305,-0.2573,0.0,0.0,-0.2335,0.0,-0.1002,0.496,-0.4988,-1.568,1.0,0.5,0.5,-0.4658,2.111,0.4941,0.0,1.0,0.0,0.0,0.0,-1.582,0.6977919999999999,,,
1.781,1.786,-0.8433,-1.59,0.4683,0.857,-0.4146,1.0,0.0,1.229,0.9424,-0.4644,0.0,0.11884,1.7705,1.283,0.7534,1.739,-0.524,1.4691,1.156,-0.605,2.16,-1.628,-0.1196,-0.2498,0.0,0.0,-0.2206,0.0,-0.05164,0.605,-0.555,3.543,1.0,0.5,1.0,-0.919,2.111,0.6025,1.0,0.0,0.0,0.0,0.0,3.643,0.9077928,,,
1.689,2.156,-0.717,-1.517,0.4204,0.857,-0.4146,1.0,0.0,1.02,0.742,-0.4407,0.0,0.11926,1.441,1.449,0.9263,2.002,-0.514,1.4851,1.22,1.468,-0.605,2.16,-0.0958,-0.2394,0.0,0.0,-0.2042,0.0,-0.0003078,0.563,-0.5024,4.42,1.0,0.5,1.0,-1.321,2.111,0.6997,2.0,0.0,1.0,0.0,9.375,4.348,-0.8859096000000001,,,
1.78,1.262,-0.8228,-1.436,-0.3293,0.857,-0.4146,1.0,0.0,1.194,0.907,-0.4614,0.0,0.1197,1.067,1.579,1.086,1.197,-0.5063,-1.2439,1.13,1.484,1.468,-0.605,-0.085,-0.2313,0.0,0.0,-0.1882,0.0,-0.0456,0.676,-0.6025,-3.67,1.0,0.5,1.0,-0.6914,2.111,0.482,0.0,1.0,0.0,0.0,0.0,-3.45,0.8715599999999999,,,
1.576,2.041,-0.643,-1.3545,0.754,0.857,-0.4146,1.0,0.0,0.9014,0.6387,-0.4277,0.0,0.1202,1.091,1.677,1.228,2.002,-0.4985,2.1041000000000003,1.075,-1.244,1.484,1.468,-0.07074,-0.2224,0.0,0.0,-0.1693,0.0,0.02765,0.6807,-0.574,5.03,1.0,0.5,1.0,-1.255,2.111,0.713,1.0,0.0,0.0,0.0,0.0,4.92,-1.7292736000000009,,,
1.853,0.6606,-0.8345,-1.304,-0.5615,0.857,-0.4146,1.0,0.0,1.22,0.921,-0.4646,0.0,0.1206,0.9536,1.728,1.339,0.643,-0.4934,-2.1639,0.952,2.104,-1.244,1.484,-0.05948,-0.2145,0.0,0.0,-0.1559,0.0,-0.0529,0.3335,-0.3616,-4.984,1.0,0.5,0.5,-0.1631,1.796,0.3433,0.0,1.0,0.0,0.0,0.0,-4.574,0.2407412,,,
1.862,0.541,-0.829,-1.263,-0.03903,0.857,-0.4146,1.0,0.0,1.211,0.9106,-0.4644,0.0,0.12103,1.54,1.718,1.423,0.5444,-0.49,0.02046,0.886,-2.162,2.104,-1.244,-0.05615,-0.2068,0.0,0.0,-0.1451,0.0,-0.05228,0.2393,-0.294,0.04398,1.0,0.5,0.5,-0.1704,1.595,0.3062,1.0,0.0,0.0,0.0,0.0,0.04327,0.406312,,,
2.148,-0.7534,-1.0205,-1.224,-2.09,0.7144,-0.4146,0.0,0.0,1.575,1.239,-0.5015,0.0,0.1215,1.953,1.637,1.48,-0.7407,-0.4866,-2.3399,0.758,0.02036,-2.162,2.104,-0.05997,-0.2008,0.0,0.0,-0.1376,0.0,-0.1335,0.1942,-0.2976,-4.164,0.0,0.0,0.5,0.9,0.562,-0.11926,0.0,1.0,0.0,0.0,0.0,-4.094,0.5502504000000001,,,
1.885,-0.2876,-0.9316,-1.203,-0.6074,0.5713,-0.4146,0.0,0.0,1.389,1.091,-0.4854,0.0,0.12195,1.501,1.52,1.515,-0.3438,-0.483,1.0981,0.7075,-2.338,0.02036,-2.162,-0.06537,-0.1952,0.0,0.0,-0.1317,0.0,-0.09827,0.0445,-0.1752,1.905,1.0,0.5,0.5,0.4023,0.948,0.03152,1.0,0.0,0.0,0.0,0.0,2.021,-0.2539680000000001,,,
1.886,-0.7456,-0.99,-1.171,2.506,0.4285,-0.4146,0.0,0.0,1.496,1.201,-0.4973,0.0,0.12244,1.296,1.356,1.512,-0.7593,-0.4814,-0.7849,0.525,1.097,-2.338,0.02036,-0.07983,-0.1908,0.0,0.0,-0.1237,0.0,-0.1245,0.1549,-0.2654,-3.002,0.0,0.0,0.5,0.705,0.5386,-0.1676,0.0,1.0,0.0,0.0,0.0,-3.078,1.5418136000000002,,,
1.688,0.2413,-0.804,-1.139,-1.454,0.4285,-0.4146,1.0,0.0,1.157,0.8833,-0.463,0.0,0.12286,1.763,1.133,1.479,0.2515,-0.4797,2.3071,0.4478,-0.785,1.097,-2.338,-0.08026,-0.1825,0.0,0.0,-0.11554,0.0,-0.04987,0.178,-0.2491,7.91,1.0,0.5,0.5,-0.1559,1.435,0.2644,1.0,0.0,0.0,0.0,0.0,7.785,0.239956,,,
1.6,0.2598,-0.788,-1.116,0.1943,0.4285,-0.4146,1.0,0.0,1.124,0.8643,-0.4607,0.0,0.1233,1.039,0.947,1.418,0.2974,-0.479,0.1422,0.3955,2.305,-0.785,1.097,-0.0887,-0.1736,0.0,0.0,-0.1085,0.0,-0.04504,0.06915,-0.1692,0.299,1.0,0.5,0.5,-0.2025,1.322,0.26,2.0,0.0,0.0,0.0,0.0,0.2935,-0.3773071999999999,,,
1.635,-0.3147,-0.8696,-1.088,-1.666,0.2856,-0.4229,0.0,0.0,1.262,1.0,-0.4768,0.0,0.1238,1.454,0.7793,1.333,-0.282,-0.4766,-1.0109,0.3628,0.142,2.305,-0.785,-0.09186,-0.1648,0.0,0.0,-0.10474,0.0,-0.0804,0.1381,-0.2339,-1.902,1.0,0.0,0.5,0.2384,0.7974,-0.01846,0.0,1.0,0.0,0.0,0.0,-1.858,-0.3383560000000001,,,
1.582,-0.5586,-0.9097,-1.083,1.25,0.1428,-0.431,0.0,0.0,1.326,1.075,-0.4854,0.0,0.1242,0.567,0.6143,1.21,-0.5566,-0.4758,-0.5424,0.2194,-1.01,0.142,2.305,-0.0972,-0.1554,0.0,0.0,-0.09894,0.0,-0.0988,-0.1588,-0.03012,-0.9604,0.0,0.0,0.0,0.4937,0.5444,-0.2198,0.0,2.0,0.0,0.0,0.0,-0.9688,0.9998999999999998,,,
1.411,0.1758,-0.7686,-1.058,-1.511,0.1428,-0.439,1.0,0.0,1.078,0.8477,-0.4597,0.0,0.12463,1.161,0.45,1.069,0.1892,-0.4746,1.6771,0.2042,-0.5425,-1.01,0.142,-0.08655,-0.1447,0.0,0.0,-0.09467,0.0,-0.04318,0.10706,-0.1953,3.99,1.0,0.0,0.5,-0.1473,1.171,0.2229,1.0,0.0,0.0,0.0,0.0,4.094,0.0694216,,,
1.254,1.219,-0.5684,-1.026,4.473,0.1428,-0.439,1.0,0.0,0.7705,0.5566,-0.4229,0.0,0.1251,1.543,0.2864,0.92,1.192,-0.4707,2.2991,0.1743,1.676,-0.542,-1.01,-0.07056,-0.133,0.0,0.0,-0.08466,0.0,0.03708,0.2014,-0.2274,7.562,1.0,0.5,0.5,-0.892,1.944,0.86,2.0,0.0,0.0,0.0,0.0,7.37,-0.11309,,,
1.139,1.039,-0.591,-1.013,-0.014534,0.1428,-0.439,1.0,0.0,0.792,0.598,-0.4277,0.0,0.1256,0.28,0.1462,0.74,1.047,-0.471,-0.2821,0.1973,2.299,1.676,-0.542,-0.05276,-0.12354,0.0,0.0,-0.07776,0.0,0.02635,0.00407,-0.0911,-0.6733,0.0,0.0,0.0,-0.694,1.644,0.6646,0.0,1.0,0.0,0.0,0.0,-0.6123,-0.4102876,,,
1.017,1.125,-0.5547,-0.9805,0.2151,0.1428,-0.4473,1.0,0.0,0.7334,0.5576,-0.4219,0.0,0.126,-0.0665,0.04333,0.5967,1.1455,-0.4685,0.3419,0.2537,-0.282,2.299,1.676,-0.04227,-0.11365,0.0,0.0,-0.07214,0.0,0.0389,0.2227,-0.2416,0.851,1.0,0.5,0.5,-0.7886,1.554,0.6616,1.0,0.0,0.0,0.0,0.0,0.7812,-0.6750479999999999,,,
0.9966,0.6816,-0.6323,-0.978,-0.2595,0.1428,-0.4553,1.0,0.0,0.8394,0.6704,-0.437,0.0,0.1265,0.064,-0.02748,0.463,0.6943,-0.4688,-0.8829,0.2073,0.3416,-0.282,2.299,-0.03622,-0.1067,0.0,0.0,-0.0657,0.0,0.005657,-0.1754,0.02795,-1.587,1.0,0.0,0.0,-0.3945,1.025,0.3484,0.0,1.0,0.0,0.0,0.0,-1.44,1.2771599999999996,,,
0.838,1.464,-0.465,-0.9336,1.23,0.1428,-0.4634,1.0,0.0,0.6006,0.4504,-0.407,0.0,0.127,0.7065,-0.0673,0.3435,1.522,-0.4663,1.7961,0.287,-0.8823,0.3416,-0.282,-0.01836,-0.0958,0.0,0.0,-0.05933,0.0,0.07117,0.416,-0.3652,3.457,1.0,0.5,0.5,-0.899,1.685,0.767,1.0,0.0,0.0,0.0,0.0,3.227,-0.4849400000000001,,,
0.835,0.9326,-0.5366,-0.8984,-0.2343,0.1428,-0.4714,1.0,0.0,0.694,0.5474,-0.4211,0.0,0.1273,0.4978,-0.09796,0.2313,1.042,-0.4646,-0.8046,0.2961,1.796,-0.8823,0.3416,-0.00197,-0.08777,0.0,0.0,-0.0534,0.0,0.04007,0.2664,-0.2722,-0.726,0.0,0.0,0.0,-0.53,1.176,0.4575,0.0,1.0,0.0,0.0,0.0,-0.642,-0.4770359999999999,,,
0.877,0.5176,-0.5767,-0.845,-0.304,0.2856,-0.4797,1.0,0.0,0.752,0.6,-0.4297,0.0,0.1278,1.65,-0.0918,0.128,0.6553,-0.4604,-0.4877,0.3105,-0.804,1.796,-0.8823,0.005726,-0.0812,0.0,0.0,-0.05026,0.0,0.02159,0.583,-0.5063,-1.046,0.0,-0.5,0.0,-0.275,0.87,0.277,0.0,2.0,0.0,0.0,0.0,-0.9487,-0.7925552,,,
0.974,-0.3367,-0.715,-0.818,-1.391,0.2856,-0.4878,0.0,0.0,0.96,0.7983,-0.456,0.0,0.1283,0.5654,-0.0683,0.05237,-0.1986,-0.4585,-1.5624,0.306,-0.4875,-0.804,1.796,-0.002798,-0.07733,0.0,0.0,-0.05167,0.0,-0.03635,0.1685,-0.2357,-2.371,-1.0,-0.5,-0.5,0.4758,0.2205,-0.1578,0.0,3.0,0.0,1.0,-7.91,-2.184,-1.315468,,,
1.145,-1.191,-0.86,-0.7983,3.71,0.2856,-0.4958,0.0,0.0,1.205,1.023,-0.4841,0.0,0.1287,0.3228,-0.0357,0.006733,-1.116,-0.455,-1.7229,0.3313,-1.562,-0.4875,-0.804,-0.0172,-0.07336,0.0,0.0,-0.0537,0.0,-0.0971,0.01787,-0.155,-4.7,-1.0,-0.5,-0.5,1.205,-0.5327,-0.597,0.0,4.0,0.0,1.0,-7.91,-4.55,-0.2748767999999999,,,
1.143,-1.348,-0.894,-0.806,0.2842,0.1428,-0.504,0.0,0.0,1.264,1.084,-0.4912,0.0,0.1292,1.398,-0.01413,-0.01598,-1.352,-0.454,-0.4657,0.343,-1.722,-1.562,-0.4875,-0.0349,-0.0724,0.0,0.0,-0.05948,0.0,-0.11273,-0.3613,0.10876,-0.827,-2.0,-1.0,-1.0,1.355,-0.6387,-0.6553,0.0,5.0,0.0,0.0,0.0,-0.846,-0.109956,,,
1.086,-1.288,-0.8896,-0.816,0.0829,0.0,-0.504,0.0,0.0,1.251,1.08,-0.4912,0.0,0.1296,0.481,-0.02562,-0.03824,-1.308,-0.4558,0.0001,0.3726,-0.4656,-1.722,-1.562,-0.0487,-0.0698,0.0,0.0,-0.0619,0.0,-0.1128,-0.3855,0.1261,0.0,-2.0,-1.5,-1.5,1.22,-0.607,-0.6177,0.0,0.0,0.0,0.0,0.0,0.0,-1.712128,,,
1.36,-2.307,-1.094,-0.836,1.069,0.0,-0.512,0.0,0.0,1.655,1.451,-0.53,0.0,0.13,2.273,-0.05682,-0.07196,-2.123,-0.4597,-2.4299,0.4983,0.0,-0.4656,-1.722,-0.0801,-0.0714,0.0,0.0,-0.0678,0.0,-0.1968,-0.554,0.2095,-5.23,-2.0,-1.5,-1.5,2.463,-1.593,-1.051,0.0,1.0,0.0,0.0,0.0,-5.43,1.1691732,,,
1.254,-1.281,-0.8994,-0.8315,-0.369,0.0,-0.5205,0.0,0.0,1.281,1.084,-0.495,0.0,0.1305,1.475,-0.10443,-0.106,-1.254,-0.462,2.4981000000000004,0.4866,-2.428,0.0,-0.4656,-0.09894,-0.0721,0.0,0.0,-0.0672,0.0,-0.1214,-0.171,-0.0307,5.105,-1.0,-1.5,-1.0,1.225,-0.3152,-0.577,1.0,0.0,0.0,0.0,0.0,5.76,-0.216928,,,
1.221,-1.395,-0.929,-0.8467,0.234,-0.1428,-0.5283,0.0,0.0,1.332,1.142,-0.5015,0.0,0.131,0.6846,-0.1553,-0.1362,-1.378,-0.4646,-0.4329,0.5117,2.496,-2.428,0.0,-0.1173,-0.07166,0.0,0.0,-0.06866,0.0,-0.1355,-0.448,0.1608,-0.831,-1.0,-1.5,-1.5,1.251,-0.543,-0.6445,0.0,1.0,0.0,0.0,0.0,-0.8696,-0.3449535999999999,,,
1.092,-1.432,-0.9614,-0.8887,0.1636,-0.2856,-0.5366,0.0,0.0,1.38,1.212,-0.5083,0.0,0.1315,0.6006,-0.154,-0.1652,-1.403,-0.471,-0.4609,0.533,-0.4329,2.496,-2.428,-0.1306,-0.07355,0.0,0.0,-0.0697,0.0,-0.1504,-0.914,0.487,-0.739,-1.0,-1.5,-2.0,1.388,-0.6543,-0.7188,0.0,2.0,0.0,0.0,0.0,-0.7837,-0.8565479999999998,,,
1.296,-2.023,-1.097,-0.939,0.6016,-0.4285,-0.545,0.0,0.0,1.657,1.464,-0.534,0.0,0.1318,0.68,-0.0876,-0.1707,-1.993,-0.4783,-1.7819,0.643,-0.4607,-0.4329,2.496,-0.1434,-0.0765,0.0,0.0,-0.0761,0.0,-0.2069,-1.029,0.5444,-3.135,-1.0,-1.5,-2.0,2.207,-1.289,-0.9395,0.0,3.0,0.0,0.0,0.0,-3.375,1.3290960000000005,,,
1.237,-0.938,-0.929,-0.9756,-0.4636,-0.5713,-0.5527,0.0,0.0,1.333,1.14,-0.505,0.0,0.1323,1.672,0.0553,-0.1371,-0.865,-0.486,2.1231000000000004,0.6714,-1.781,-0.4607,-0.4329,-0.147,-0.0789,0.0,0.0,-0.08014,0.0,-0.1434,-0.7617,0.3813,3.912,0.0,-1.5,-2.0,1.18,-0.1864,-0.544,1.0,0.0,0.0,0.0,0.0,4.46,-0.745136,,,
1.4375,-1.37,-1.028,-1.013,0.673,-0.7144,-0.561,0.0,0.0,1.533,1.313,-0.5244,0.0,0.1328,1.363,0.2173,-0.06793,-1.305,-0.492,-1.3269,0.7324,2.121,-1.781,-0.4607,-0.1555,-0.08405,0.0,0.0,-0.0845,0.0,-0.1858,-0.785,0.3792,-2.744,-1.0,-1.5,-2.0,1.688,-0.7417,-0.719,0.0,1.0,0.0,0.0,0.0,-2.934,-0.7663000000000001,,,
1.469,-1.712,-1.128,-1.08,0.416,-0.857,-0.5693,0.0,0.0,1.735,1.517,-0.544,0.0,0.1332,-0.03415,0.42,0.04178,-1.669,-0.501,-1.3849,0.829,-1.326,2.121,-1.781,-0.1592,-0.0891,0.0,0.0,-0.0898,0.0,-0.2283,-1.22,0.671,-2.271,-1.0,-1.5,-2.0,2.254,-1.23,-0.854,0.0,2.0,0.0,1.0,-7.91,-2.533,0.2792932000000001,,,
1.3955,-1.18,-1.071,-1.133,-0.2156,-1.0,-0.577,0.0,0.0,1.614,1.403,-0.535,0.0,0.1337,0.803,0.611,0.1621,-1.213,-0.5063,0.6515,0.8887,-1.384,-1.326,2.121,-0.1694,-0.09564,0.0,0.0,-0.0966,0.0,-0.2092,-1.051,0.5586,1.201,0.0,-1.0,-2.0,1.808,-0.7812,-0.696,1.0,0.0,0.0,0.0,0.0,1.4,-0.306534,,,
1.319,-1.167,-1.103,-1.183,0.1215,-1.143,-0.5854,0.0,0.0,1.671,1.475,-0.5425,0.0,0.1342,0.837,0.8,0.3018,-1.197,-0.5146,-0.5199,0.894,0.651,-1.384,-1.326,-0.1798,-0.1004,0.0,0.0,-0.1074,0.0,-0.2247,-1.045,0.5474,-0.879,0.0,-1.0,-2.0,1.864,-0.9673,-0.7056,0.0,1.0,0.0,0.0,0.0,-1.005,-0.3891943999999999,,,
1.169,-0.322,-0.98,-1.206,-0.698,-1.143,-0.5933,0.0,0.0,1.42,1.241,-0.522,0.0,0.1345,1.061,0.943,0.4297,-0.389,-0.5186,1.5141,0.852,-0.52,0.651,-1.384,-0.1833,-0.1039,0.0,0.0,-0.11597,0.0,-0.1803,-0.6626,0.2942,1.734,0.0,-0.5,-1.5,1.062,-0.2334,-0.4587,1.0,0.0,0.0,0.0,0.0,2.014,-0.2579699999999999,,,
1.032,-0.303,-0.985,-1.215,0.04843,-1.143,-0.6016,0.0,0.0,1.418,1.262,-0.5244,0.0,0.135,-0.11646,1.028,0.544,-0.3513,-0.522,-0.1605,0.7783,1.514,-0.52,0.651,-0.1808,-0.1053,0.0,0.0,-0.1252,0.0,-0.1853,-0.4807,0.1624,-0.0952,0.0,-1.0,-1.5,1.0625,-0.264,-0.446,0.0,1.0,0.0,0.0,0.0,-0.10565,-0.1644904,,,
0.944,-0.285,-0.9883,-1.221,0.0468,-1.143,-0.61,0.0,0.0,1.417,1.275,-0.5264,0.0,0.1355,0.3542,1.057,0.6436,-0.3372,-0.5244,-0.1382,0.725,-0.1605,1.514,-0.52,-0.1862,-0.1078,0.0,0.0,-0.1333,0.0,-0.1896,-0.4387,0.1305,-0.1437,0.0,-1.0,-1.5,1.077,-0.2573,-0.4307,0.0,2.0,0.0,0.0,0.0,-0.1602,-0.4255983999999999,,,
0.956,-0.5024,-1.033,-1.232,1.276,-1.143,-0.6177,0.0,0.0,1.504,1.363,-0.5356,0.0,0.1359,0.1209,1.044,0.7266,-0.5767,-0.527,-0.6719,0.5503,-0.1383,-0.1605,1.514,-0.189,-0.1101,0.0,0.0,-0.1449,0.0,-0.2101,-0.513,0.1748,-0.511,-1.0,-1.0,-1.5,1.215,-0.601,-0.519,0.0,3.0,0.0,0.0,0.0,-0.5723,0.0127159999999999,,,
0.841,-0.73,-1.067,-1.224,0.71,-1.143,-0.626,0.0,0.0,1.562,1.441,-0.543,0.0,0.1364,0.3865,0.9976,0.7896,-0.7915,-0.5283,-0.5439,0.3872,-0.6714,-0.1383,-0.1605,-0.1887,-0.115,0.0,0.0,-0.156,0.0,-0.2263,-0.2394,-0.02782,-0.513,-1.0,-1.0,-1.5,1.28,-0.866,-0.608,0.0,4.0,0.0,0.0,0.0,-0.587,-0.2407320000000001,,,
0.725,-0.89,-1.106,-1.24,0.3975,-1.143,-0.6343,0.0,0.0,1.632,1.532,-0.5513,0.0,0.1368,0.3267,0.9185,0.8345,-0.969,-0.5317,-0.6259,0.21,-0.544,-0.6714,-0.1383,-0.1929,-0.12054,0.0,0.0,-0.167,0.0,-0.2446,-0.8027,0.3662,-0.701,-2.0,-1.5,-2.0,1.478,-1.038,-0.7627,0.0,5.0,0.0,0.0,0.0,-0.8154,1.6763576000000002,,,
0.6284,0.24,-0.9224,-1.235,-1.359,-1.0,-0.642,1.0,0.0,1.272,1.178,-0.5205,0.0,0.1372,1.456,0.7954,0.859,0.184,-0.534,2.3321,0.0623,-0.6255,-0.544,-0.6714,-0.1873,-0.12317,0.0,0.0,-0.1729,0.0,-0.1776,-0.3052,0.04047,3.17,-1.0,-1.0,-1.5,0.4946,0.1229,-0.11755,1.0,0.0,0.0,0.0,0.0,3.76,0.9666840000000002,,,
0.5654,0.8535,-0.8125,-1.217,2.172,-0.857,-0.6504,1.0,0.0,1.08,0.9897,-0.503,0.0,0.1377,0.856,0.649,0.8477,0.808,-0.534,1.2591,0.01741,2.33,-0.6255,-0.544,-0.1824,-0.12427,0.0,0.0,-0.1746,0.0,-0.1389,-0.03705,-0.1338,2.217,0.0,-0.5,-1.0,-0.04285,0.5938,0.3525,2.0,0.0,0.0,0.0,0.0,2.451,1.411924,,,
0.481,1.689,-0.64,-1.166,1.089,-0.7144,-0.6587,1.0,0.0,0.8096,0.7246,-0.4744,0.0,0.1382,0.4226,0.4722,0.793,1.602,-0.5293,1.9376,0.0729,1.258,2.33,-0.6255,-0.1697,-0.1251,0.0,0.0,-0.173,0.0,-0.0769,0.523,-0.5063,4.195,1.0,-0.5,-0.5,-0.736,1.268,0.948,3.0,0.0,1.0,0.0,9.375,4.465,-0.2041119999999999,,,
0.414,1.49,-0.6523,-1.135,0.01333,-0.5713,-0.6665,1.0,0.0,0.822,0.7485,-0.4778,0.0,0.1387,0.4873,0.2908,0.7085,1.321,-0.525,-0.2282,0.1109,1.937,1.258,2.33,-0.1573,-0.1285,0.0,0.0,-0.1718,0.0,-0.0848,0.2247,-0.2966,-0.539,1.0,-0.5,-1.0,-0.5996,1.017,0.7983,0.0,1.0,0.0,0.0,0.0,-0.541,-0.8478799999999996,,,
0.465,0.672,-0.769,-1.1045,-0.423,-0.4285,-0.675,1.0,0.0,1.002,0.9263,-0.4995,0.0,0.139,0.4841,0.1016,0.611,0.518,-0.523,-1.3999,0.1214,-0.2283,1.937,1.258,-0.1482,-0.1329,0.0,0.0,-0.1691,0.0,-0.1321,0.1946,-0.296,-2.525,1.0,-1.0,-1.0,0.05215,0.3762,0.2886,0.0,2.0,0.0,0.0,0.0,-2.55,0.5267679999999999,,,
0.4727,0.979,-0.683,-1.054,0.5693,-0.2856,-0.683,1.0,0.0,0.8716,0.79,-0.4863,0.0,0.1395,0.731,-0.02878,0.489,0.7573,-0.517,0.8966,0.1396,-1.4,-0.2283,1.937,-0.1337,-0.1368,0.0,0.0,-0.1683,0.0,-0.1033,0.596,-0.57,2.139,1.0,-0.5,-0.5,-0.2593,0.7144,0.5464,1.0,0.0,0.0,0.0,0.0,2.26,0.76950832,,,
0.4463,1.522,-0.5503,-0.996,0.6807,-0.1428,-0.691,1.0,0.0,0.681,0.598,-0.4648,0.0,0.14,1.288,-0.07,0.3474,1.231,-0.5107,1.4031,0.227,0.896,-1.4,-0.2283,-0.11163,-0.1385,0.0,0.0,-0.1649,0.0,-0.0568,0.693,-0.6187,3.36,1.0,0.0,-0.5,-0.6895,1.229,0.839,2.0,0.0,0.0,0.0,0.0,3.453,0.0882,,,
0.545,1.018,-0.597,-0.939,-0.2031,0.0,-0.699,1.0,0.0,0.7534,0.6562,-0.4746,0.0,0.1404,1.285,0.02722,0.2201,0.6777,-0.504,-0.6112,0.279,1.403,0.896,-1.4,-0.09985,-0.1427,0.0,0.0,-0.1619,0.0,-0.07806,0.654,-0.6,-1.574,0.0,0.0,-0.5,-0.39,0.853,0.582,0.0,1.0,0.0,0.0,0.0,-1.551,-0.2694716,,,
0.5586,0.857,-0.594,-0.8936,-0.0226,0.1428,-0.7075,1.0,0.0,0.7505,0.6514,-0.4758,0.0,0.1409,0.9517,0.1569,0.1257,0.494,-0.4998,-0.08297,0.3074,-0.611,1.403,0.896,-0.09296,-0.146,0.0,0.0,-0.1566,0.0,-0.081,0.4688,-0.469,-0.2037,0.0,0.0,-1.0,-0.295,0.7456,0.4888,0.0,2.0,0.0,0.0,0.0,-0.2046,-1.2307087999999995,,,
0.8555,-0.1697,-0.7573,-0.8647,-1.036,0.1428,-0.7153,0.0,0.0,1.016,0.875,-0.5054,0.0,0.1414,0.9785,0.2534,0.06494,-0.448,-0.5,-1.8949,0.3071,-0.08307,-0.611,1.403,-0.10095,-0.1506,0.0,0.0,-0.1566,0.0,-0.1454,0.105,-0.2375,-7.117,0.0,0.0,-1.0,0.6445,0.003399,-0.009796,0.0,3.0,0.0,1.0,-7.91,-6.73,-0.3104639999999999,,,
0.8765,-0.3281,-0.7686,-0.8374,2.049,0.1428,-0.7236,0.0,0.0,1.034,0.8916,-0.509,0.0,0.1417,0.323,0.3254,0.03214,-0.574,-0.4998,-0.2434,0.302,-1.895,-0.08307,-0.611,-0.1089,-0.1538,0.0,0.0,-0.1553,0.0,-0.1532,0.08636,-0.2278,-0.4666,-1.0,-0.5,-1.0,0.7065,-0.0963,-0.08307,0.0,4.0,0.0,0.0,0.0,-0.499,-1.1213479999999991,,,
1.127,-1.198,-0.913,-0.8184,3.9,0.1428,-0.732,0.0,0.0,1.296,1.12,-0.535,0.0,0.1422,0.5063,0.3582,0.02939,-1.361,-0.5015,-1.8069,0.2861,-0.2434,-1.895,-0.08307,-0.118,-0.157,0.0,0.0,-0.1544,0.0,-0.2103,-0.0914,-0.1261,-4.312,-2.0,-1.0,-1.0,1.553,-0.7803,-0.545,0.0,5.0,0.0,1.0,-7.91,-4.65,-0.2179223999999999,,,
1.117,-1.226,-0.906,-0.7964,0.1593,0.1428,-0.7397,0.0,0.0,1.282,1.106,-0.5356,0.0,0.1427,0.2101,0.3647,0.03992,-1.345,-0.5024,-0.02354,0.2866,-1.806,-0.2434,-1.895,-0.1305,-0.1597,0.0,0.0,-0.1545,0.0,-0.211,-0.01955,-0.1776,-0.04395,-2.0,-1.5,-1.0,1.436,-0.716,-0.55,0.0,5.0,0.0,0.0,0.0,-0.05023,-0.173008,,,
1.094,-1.001,-0.8457,-0.7637,-0.0765,0.1428,-0.748,0.0,0.0,1.177,1.003,-0.5273,0.0,0.1431,0.4744,0.334,0.05966,-1.064,-0.503,0.6151,0.263,-0.02362,-1.806,-0.2434,-0.1465,-0.1619,0.0,0.0,-0.1531,0.0,-0.1929,0.1499,-0.2905,1.371,-1.0,-1.0,-0.5,0.999,-0.446,-0.4258,1.0,0.0,0.0,0.0,0.0,1.567,0.4522344000000002,,,
1.006,-0.7075,-0.782,-0.746,-0.2074,0.0,-0.756,0.0,0.0,1.066,0.9033,-0.518,0.0,0.1436,0.726,0.2593,0.07776,-0.7803,-0.5024,0.6501,0.2603,0.6147,-0.02362,-1.806,-0.1575,-0.1611,0.0,0.0,-0.1527,0.0,-0.1731,-0.06555,-0.128,1.488,0.0,-0.5,-0.5,0.638,-0.1482,-0.2683,2.0,0.0,0.0,0.0,0.0,1.67,-1.3691592,,,
1.188,-1.464,-0.9263,-0.754,1.424,-0.1428,-0.764,0.0,0.0,1.323,1.139,-0.5435,0.0,0.144,0.571,0.1372,0.08484,-1.546,-0.505,-1.7969,0.2898,0.6494,0.6147,-0.02362,-0.1748,-0.1641,0.0,0.0,-0.1545,0.0,-0.2289,-0.533,0.1814,-3.94,0.0,-1.0,-1.0,1.397,-0.9185,-0.688,0.0,1.0,0.0,1.0,-7.91,-4.332,0.0123795999999999,,,
1.143,-1.302,-0.915,-0.78,0.00854,-0.2856,-0.7725,0.0,0.0,1.301,1.122,-0.5435,0.0,0.1444,1.296,0.02284,0.07947,-1.421,-0.5083,0.02421,0.315,-1.796,0.6494,0.6147,-0.1844,-0.1666,0.0,0.0,-0.1561,0.0,-0.2283,-0.9565,0.4836,0.03458,1.0,-1.0,-1.0,1.278,-0.816,-0.652,1.0,0.0,0.0,0.0,0.0,0.04025,-0.3364776,,,
1.114,-1.197,-0.9136,-0.8037,0.0415,-0.4285,-0.7803,0.0,0.0,1.296,1.121,-0.5444,0.0,0.1449,0.3015,-0.06775,0.0635,-1.335,-0.5127,-0.0962,0.3306,0.0241,-1.796,0.6494,-0.1936,-0.1688,0.0,0.0,-0.1569,0.0,-0.2311,-0.9395,0.4702,-0.154,1.0,-1.0,-1.0,1.157,-0.8457,-0.6567,0.0,1.0,0.0,0.0,0.0,-0.1793,0.5407800000000001,,,
1.028,-0.7246,-0.8335,-0.807,-0.3188,-0.5713,-0.7886,0.0,0.0,1.151,0.9873,-0.5327,0.0,0.1454,0.6743,-0.1396,0.0424,-0.8496,-0.5156,0.8697,0.3145,-0.0963,0.0241,-1.796,-0.193,-0.1688,0.0,0.0,-0.156,0.0,-0.2057,-0.543,0.1986,2.102,1.0,-0.5,-0.5,0.703,-0.3955,-0.4792,1.0,0.0,0.0,0.0,0.0,2.453,-0.1921879999999999,,,
1.106,-1.29,-0.9507,-0.829,1.071,-0.7144,-0.797,0.0,0.0,1.36,1.19,-0.554,0.0,0.1459,1.205,-0.1126,0.01115,-1.425,-0.52,-1.5279,0.321,0.869,-0.0963,0.0241,-0.1978,-0.1718,0.0,0.0,-0.1562,0.0,-0.2517,-0.963,0.478,-2.537,0.0,-0.5,-1.0,1.335,-1.028,-0.825,0.0,1.0,0.0,0.0,0.0,-2.883,-1.4962296000000004,,,
1.527,-2.123,-1.134,-0.882,0.871,-0.857,-0.8047,0.0,0.0,1.751,1.523,-0.586,0.0,0.1462,2.906,0.06903,-0.0007696,-2.123,-0.5312,-2.4199,0.4663,-1.528,0.869,-0.0963,-0.2128,-0.1755,0.0,0.0,-0.1621,0.0,-0.3208,-1.473,0.87,-9.15,0.0,-0.5,-1.5,2.475,-1.972,-1.136,0.0,2.0,0.0,0.0,0.0,-6.73,0.3470800000000001,,,
1.391,-1.823,-1.113,-0.928,-0.02388,-1.0,-0.813,0.0,0.0,1.697,1.49,-0.584,0.0,0.1467,0.4587,0.2632,0.02174,-1.883,-0.5386,0.1338,0.5737,-2.42,-1.528,0.869,-0.2296,-0.178,0.0,0.0,-0.1694,0.0,-0.3171,-1.473,0.819,0.1858,0.0,0.0,-1.0,2.219,-1.696,-0.9673,1.0,0.0,0.0,0.0,0.0,0.2399,0.29094,,,
1.243,-1.397,-1.07,-0.971,-0.1277,-1.143,-0.8213,0.0,0.0,1.6,1.414,-0.579,0.0,0.1472,0.1724,0.445,0.1026,-1.464,-0.546,0.4259,0.6,0.1335,-2.42,-1.528,-0.2386,-0.1805,0.0,0.0,-0.179,0.0,-0.306,-1.37,0.7446,0.7114,1.0,0.5,-0.5,1.756,-1.426,-0.8154,2.0,0.0,0.0,0.0,0.0,0.915,-0.1669,,,
1.175,-1.398,-1.092,-1.0,0.1344,-1.143,-0.829,0.0,0.0,1.638,1.465,-0.584,0.0,0.1476,1.128,0.6216,0.221,-1.413,-0.553,-0.4201,0.6216,0.4255,0.1335,-2.42,-0.249,-0.1831,0.0,0.0,-0.1886,0.0,-0.3171,-1.226,0.6367,-0.851,0.0,0.0,-0.5,1.818,-1.462,-0.8013,0.0,1.0,0.0,0.0,0.0,-1.08,-0.0893215999999999,,,
1.137,-1.238,-1.086,-1.026,0.003107,-1.143,-0.8374,0.0,0.0,1.622,1.454,-0.585,0.0,0.1481,0.09314,0.7617,0.3435,-1.284,-0.5576,-0.05312,0.6626,-0.42,0.4255,0.1335,-0.2593,-0.187,0.0,0.0,-0.1963,0.0,-0.3186,-1.205,0.621,-0.07104,0.0,-0.5,-0.5,1.597,-1.447,-0.735,0.0,2.0,0.0,0.0,0.0,-0.0914,-0.3085319999999999,,,
1.086,-1.331,-1.114,-1.043,0.2191,-1.143,-0.8457,0.0,0.0,1.677,1.52,-0.591,0.0,0.1486,0.5913,0.8726,0.463,-1.388,-0.5615,-0.5062,0.6743,-0.0532,-0.42,0.4255,-0.2742,-0.191,0.0,0.0,-0.2058,0.0,-0.332,-1.038,0.4966,-0.707,0.0,-0.5,-0.5,1.721,-1.512,-0.74,0.0,3.0,0.0,0.0,0.0,-0.911,0.3910720000000001,,,
1.085,-0.9175,-1.056,-1.054,-0.2202,-1.143,-0.8535,0.0,0.0,1.559,1.397,-0.583,0.0,0.1489,1.055,0.9507,0.569,-0.9834,-0.565,0.6501,0.5815,-0.5063,-0.0532,-0.42,-0.2815,-0.1946,0.0,0.0,-0.2164,0.0,-0.3152,-0.857,0.3745,0.8955,0.0,-0.5,0.0,1.294,-1.076,-0.6133,1.0,0.0,0.0,0.0,0.0,1.173,-0.3443919999999998,,,
1.057,-0.9,-1.069,-1.073,0.11053,-1.143,-0.862,0.0,0.0,1.583,1.427,-0.587,0.0,0.1494,0.2009,1.001,0.6597,-0.952,-0.5693,-0.2919,0.491,0.65,-0.5063,-0.0532,-0.2817,-0.1976,0.0,0.0,-0.2266,0.0,-0.323,-1.084,0.533,-0.5264,-1.0,-0.5,-0.5,1.301,-1.123,-0.6265,0.0,1.0,0.0,0.0,0.0,-0.6753,-0.2667799999999999,,,
1.007,-0.8716,-1.087,-1.101,0.09674,-1.143,-0.87,0.0,0.0,1.614,1.468,-0.591,0.0,0.1499,0.557,1.026,0.74,-0.8813,-0.5757,-0.348,0.3706,-0.2917,0.65,-0.5063,-0.2834,-0.2006,0.0,0.0,-0.237,0.0,-0.332,-1.352,0.72,-0.8,-1.0,-1.0,-1.0,1.265,-1.266,-0.667,0.0,2.0,0.0,0.0,0.0,-1.036,0.0308239999999999,,,
0.8657,-0.746,-1.077,-1.112,-0.03638,-1.143,-0.878,0.0,0.0,1.583,1.459,-0.591,0.0,0.1503,-0.05545,1.019,0.807,-0.7397,-0.5796,0.0001,0.3213,-0.3481,-0.2917,0.65,-0.2866,-0.203,0.0,0.0,-0.2448,0.0,-0.332,-1.118,0.553,0.0,-1.0,-1.0,-1.0,1.157,-1.152,-0.6255,0.0,0.0,0.0,0.0,0.0,0.0,0.766328,,,
0.696,0.0826,-0.9463,-1.113,-1.198,-1.0,-0.886,1.0,0.0,1.32,1.216,-0.572,0.0,0.1508,0.828,0.9727,0.8486,0.0641,-0.581,1.5981,0.2369,0.0,-0.3481,-0.2917,-0.2834,-0.206,0.0,0.0,-0.2505,0.0,-0.2905,-0.6143,0.212,2.566,0.0,-0.5,-1.0,0.4746,-0.2966,-0.2693,1.0,0.0,0.0,0.0,0.0,3.361,0.6426320000000001,,,
0.607,0.5635,-0.8677,-1.109,3.268,-0.857,-0.8945,1.0,0.0,1.175,1.081,-0.5605,0.0,0.1512,-0.3,0.891,0.872,0.536,-0.5825,0.8771,0.2096,1.598,0.0,-0.3481,-0.2773,-0.2096,0.0,0.0,-0.2527,0.0,-0.2664,-0.3677,0.04657,1.298,0.0,-0.5,-0.5,0.09357,0.0857,-0.04108,2.0,0.0,1.0,0.0,8.15,1.618,-0.4424279999999999,,,
0.7383,0.2524,-0.928,-1.119,-0.3818,-0.7144,-0.9023,1.0,0.0,1.291,1.179,-0.5713,0.0,0.1516,1.766,0.7744,0.8813,0.2406,-0.5854,-0.8285,0.1796,0.8765,1.598,0.0,-0.2725,-0.2156,0.0,0.0,-0.256,0.0,-0.2898,-0.7495,0.3088,-1.172,0.0,-1.0,-1.0,0.404,-0.316,-0.2139,0.0,1.0,0.0,0.0,0.0,-1.422,0.689048,,,
0.605,0.745,-0.8433,-1.109,1.711,-0.5713,-0.9106,1.0,0.0,1.134,1.039,-0.5596,0.0,0.1521,0.4202,0.612,0.866,0.755,-0.5864,0.9537,0.12244,-0.828,0.8765,1.598,-0.2664,-0.2206,0.0,0.0,-0.259,0.0,-0.2637,-0.1952,-0.0752,1.374,1.0,-0.5,-0.5,-0.0761,0.01453,0.0685,1.0,0.0,0.0,0.0,0.0,1.712,0.0675384,,,
0.2954,0.691,-0.831,-1.08,0.06305,-0.4285,-0.9185,1.0,0.0,1.089,1.044,-0.559,0.0,0.1526,0.3547,0.4714,0.815,0.7104,-0.5845,0.05015,0.01907,0.953,-0.828,0.8765,-0.2593,-0.2241,0.0,0.0,-0.2627,0.0,-0.2622,0.5713,-0.6216,0.0876,2.0,0.0,0.0,-0.0856,0.01553,0.1669,2.0,0.0,0.0,0.0,0.0,0.1059,-0.0923528,,,
0.2725,0.6396,-0.816,-1.047,0.06274,-0.2856,-0.927,1.0,0.0,1.0625,1.02,-0.558,0.0,0.1531,0.1015,0.3271,0.7373,0.673,-0.583,0.0501,-0.007046,0.05005,0.953,-0.828,-0.251,-0.2285,0.0,0.0,-0.264,0.0,-0.261,0.554,-0.609,0.0727,2.0,0.5,0.0,-0.10815,0.001054,0.2155,3.0,0.0,0.0,0.0,0.0,0.08777,0.3181056,,,
0.3257,0.3787,-0.841,-1.02,-0.2534,-0.1428,-0.935,1.0,0.0,1.107,1.059,-0.5635,0.0,0.1534,0.2786,0.1927,0.6426,0.4126,-0.582,-0.4239,-0.0422,0.04996,0.05005,0.953,-0.2439,-0.2346,0.0,0.0,-0.2659,0.0,-0.273,0.2852,-0.422,-0.6465,1.0,0.0,-0.5,0.0786,-0.1904,0.112,0.0,1.0,0.0,0.0,0.0,-0.78,-0.675672,,,
0.3384,-0.0686,-0.901,-0.998,-0.906,0.0,-0.943,1.0,0.0,1.211,1.163,-0.574,0.0,0.1539,0.5806,0.0815,0.534,-0.02458,-0.5815,-0.8344,-0.08264,-0.424,0.04996,0.05005,-0.2446,-0.2406,0.0,0.0,-0.2686,0.0,-0.2961,0.1335,-0.324,-1.155,1.0,0.0,-0.5,0.4607,-0.501,-0.1465,0.0,2.0,0.0,0.0,0.0,-1.412,0.4331880000000001,,,
0.3083,0.2081,-0.835,-0.9688,18.77,0.1428,-0.951,1.0,0.0,1.097,1.049,-0.566,0.0,0.1544,0.1592,-0.0268,0.4026,0.2622,-0.5806,0.6751,-0.1802,-0.834,-0.424,0.04996,-0.2458,-0.2461,0.0,0.0,-0.2715,0.0,-0.2778,0.3123,-0.4436,0.855,1.0,0.5,0.0,0.1628,-0.1735,0.2216,1.0,0.0,0.0,0.0,0.0,1.073,0.5437639999999999,,,
0.2418,0.604,-0.7373,-0.927,1.596,0.2856,-0.9595,1.0,0.0,0.935,0.894,-0.553,0.0,0.1548,0.3328,-0.136,0.2487,0.6973,-0.5786,1.0171,-0.1774,0.675,-0.834,-0.424,-0.2412,-0.249,0.0,0.0,-0.2715,0.0,-0.2496,0.674,-0.689,1.145,1.0,1.0,0.5,-0.2213,0.2632,0.6978,2.0,0.0,0.0,0.0,0.0,1.406,-0.0631224,,,
0.2942,0.12286,-0.798,-0.8955,-0.617,0.4285,-0.9673,1.0,0.0,1.034,0.988,-0.564,0.0,0.1553,0.9795,-0.2416,0.12244,0.1991,-0.577,-0.8379,-0.179,1.017,0.675,-0.834,-0.2423,-0.2524,0.0,0.0,-0.2695,0.0,-0.2737,0.2815,-0.4197,-1.223,0.0,0.5,0.0,0.1781,-0.08655,0.2507,0.0,1.0,0.0,0.0,0.0,-1.456,-0.45816624,,,
0.36,-0.3933,-0.8687,-0.869,-2.568,0.4285,-0.9756,0.0,0.0,1.157,1.104,-0.5767,0.0,0.1558,0.2299,-0.3079,0.00607,-0.332,-0.5757,-0.9869,-0.1857,-0.8374,1.017,0.675,-0.247,-0.255,0.0,0.0,-0.2688,0.0,-0.3013,0.0881,-0.2937,-1.792,0.0,0.0,0.0,0.6216,-0.4673,-0.2354,0.0,2.0,0.0,0.0,0.0,-2.191,0.0087779999999999,,,
0.3145,-0.4434,-0.858,-0.8394,0.305,0.4285,-0.984,0.0,0.0,1.135,1.088,-0.577,0.0,0.1561,-0.0973,-0.293,-0.0927,-0.4133,-0.574,-0.02601,-0.1869,-0.9863,-0.8374,1.017,-0.2517,-0.2576,0.0,0.0,-0.2686,0.0,-0.3018,0.1674,-0.3506,-0.0353,0.0,0.0,0.0,0.5938,-0.4333,-0.2517,0.0,3.0,0.0,0.0,0.0,-0.04456,-0.4362548000000001,,,
0.318,-0.701,-0.886,-0.8145,0.894,0.4285,-0.9917,0.0,0.0,1.185,1.138,-0.583,0.0,0.1566,-0.4128,-0.255,-0.1659,-0.694,-0.5728,-0.4965,-0.1882,-0.0261,-0.9863,-0.8374,-0.2566,-0.261,0.0,0.0,-0.2686,0.0,-0.3152,0.04422,-0.2688,-0.596,-1.0,-0.5,0.0,0.714,-0.663,-0.4885,0.0,4.0,0.0,0.0,0.0,-0.753,-0.2061212000000001,,,
0.2576,-0.776,-0.8936,-0.803,0.2622,0.2856,-1.0,0.0,0.0,1.191,1.156,-0.586,0.0,0.1571,-0.03677,-0.2329,-0.2273,-0.7686,-0.5737,-0.2388,-0.1862,-0.4963,-0.0261,-0.9863,-0.2595,-0.2651,0.0,0.0,-0.2686,0.0,-0.3215,-0.388,0.03687,-0.4346,-2.0,-1.0,-0.5,0.7285,-0.745,-0.5947,0.0,5.0,0.0,0.0,0.0,-0.5576,0.0273451999999999,,,
0.31,-1.131,-0.96,-0.8057,0.6797,0.1428,-1.008,0.0,0.0,1.314,1.273,-0.5977,0.0,0.1575,-0.3457,-0.2274,-0.281,-1.154,-0.575,-0.9629,-0.1674,-0.2388,-0.4963,-0.0261,-0.2678,-0.2683,0.0,0.0,-0.2693,0.0,-0.347,-0.85,0.3555,-0.847,-2.0,-1.5,-1.0,1.092,-1.106,-0.9824,0.0,5.0,0.0,0.0,0.0,-1.095,0.3402351999999999,,,
0.11755,-1.051,-0.946,-0.8022,0.0519,0.0,-1.017,0.0,0.0,1.273,1.263,-0.597,0.0,0.158,-0.4158,-0.2468,-0.3274,-1.073,-0.577,0.02767,-0.1383,-0.9624,-0.2388,-0.4963,-0.279,-0.2717,0.0,0.0,-0.2705,0.0,-0.3464,-0.682,0.2358,0.03001,-1.0,-1.0,-0.5,0.9404,-1.05,-0.891,1.0,0.0,0.0,0.0,0.0,0.04,0.29017776,,,
0.0833,-0.785,-0.9043,-0.8057,-0.1595,-0.1428,-1.024,0.0,0.0,1.196,1.189,-0.593,0.0,0.1584,0.3953,-0.2817,-0.3545,-0.7905,-0.58,0.3858,-0.1271,0.02756,-0.9624,-0.2388,-0.2864,-0.2747,0.0,0.0,-0.271,0.0,-0.3364,-0.9146,0.4062,0.6597,0.0,-0.5,-0.5,0.7134,-0.776,-0.712,2.0,0.0,0.0,0.0,0.0,0.8784,1.7674636,,,
0.063,0.385,-0.6914,-0.793,-1.644,-0.1428,-1.032,1.0,0.0,0.851,0.837,-0.5635,0.0,0.1588,1.389,-0.304,-0.3582,0.3896,-0.581,2.4771,-0.1373,0.3855,0.02756,-0.9624,-0.283,-0.2764,0.0,0.0,-0.2686,0.0,-0.2722,-0.1786,-0.0908,4.133,1.0,-0.5,-0.5,-0.1974,0.4036,0.2228,3.0,0.0,1.0,0.0,9.375,5.44,-0.2320536,,,
0.193,0.0572,-0.746,-0.7866,-0.6177,-0.1428,-1.041,1.0,0.0,0.945,0.912,-0.5728,0.0,0.1593,1.288,-0.3132,-0.357,0.0461,-0.5815,-0.7329,-0.1575,2.477,0.3855,0.02756,-0.282,-0.2776,0.0,0.0,-0.2668,0.0,-0.2927,-0.346,0.01967,-1.404,1.0,-1.0,-1.0,0.1506,0.0811,-0.1255,0.0,1.0,0.0,0.0,0.0,-1.714,1.1948668,,,
0.244,0.9683,-0.569,-0.7646,7.164,-0.1428,-1.049,1.0,0.0,0.6904,0.641,-0.5483,0.0,0.1598,2.338,-0.321,-0.3574,0.941,-0.5806,1.9391,-0.12415,-0.7324,2.477,0.3855,-0.2732,-0.2754,0.0,0.0,-0.265,0.0,-0.2399,0.134,-0.2996,3.889,2.0,-0.5,-0.5,-0.531,0.8755,0.634,1.0,0.0,0.0,0.0,0.0,4.86,0.8184520000000001,,,
0.1984,1.381,-0.4656,-0.7285,0.5537,-0.1428,-1.057,1.0,0.0,0.55,0.504,-0.5347,0.0,0.1602,0.564,-0.3323,-0.3586,1.357,-0.5776,1.0241,-0.05917,1.938,-0.7324,2.477,-0.26,-0.2722,0.0,0.0,-0.2625,0.0,-0.2102,0.487,-0.5386,2.076,2.0,0.0,0.0,-0.821,1.198,0.895,2.0,0.0,0.0,0.0,0.0,2.445,0.1241559999999999,,,
0.2008,1.287,-0.4575,-0.698,0.0645,-0.1428,-1.057,1.0,0.0,0.5396,0.493,-0.5347,0.0,0.1606,0.08923,-0.3374,-0.3665,1.267,-0.5757,0.0001,-0.00224,1.023,1.938,-0.7324,-0.244,-0.2695,0.0,0.0,-0.2593,0.0,-0.2102,0.3909,-0.4697,0.0,1.0,0.0,-0.5,-0.7666,1.036,0.749,0.0,0.0,0.0,0.0,0.0,0.0,0.5907,,,
0.2563,1.659,-0.3652,-0.669,0.4238,-0.1428,-1.065,1.0,0.0,0.4302,0.3706,-0.523,0.0,0.1611,1.527,-0.3218,-0.3728,1.581,-0.5723,0.8741,0.0806,0.0,1.023,1.938,-0.225,-0.2659,0.0,0.0,-0.2559,0.0,-0.1842,0.379,-0.45,1.963,1.0,0.5,-0.5,-0.993,1.265,0.872,1.0,0.0,0.0,0.0,0.0,2.24,-0.115338,,,
0.2076,1.899,-0.284,-0.6265,0.2808,-0.1428,-1.073,1.0,0.0,0.331,0.2766,-0.5127,0.0,0.1616,0.42,-0.2761,-0.3584,1.809,-0.5684,0.7361,0.184,0.8735,0.0,1.023,-0.2045,-0.2615,0.0,0.0,-0.2517,0.0,-0.1616,0.7188,-0.6826,1.515,2.0,1.0,0.0,-1.156,1.402,0.8975,2.0,0.0,0.0,0.0,0.0,1.684,-1.2433616,,,
0.385,0.946,-0.428,-0.5903,-0.3809,0.0,-1.073,1.0,0.0,0.5176,0.4395,-0.534,0.0,0.162,0.2058,-0.2211,-0.333,0.8936,-0.566,-1.5059,0.2124,0.7354,0.8735,0.0,-0.197,-0.258,0.0,0.0,-0.2495,0.0,-0.209,0.534,-0.5713,-2.1,1.0,1.0,0.0,-0.3718,0.764,0.4277,0.0,1.0,0.0,1.0,-6.996,-2.281,0.044572,,,
0.399,0.88,-0.4092,-0.553,0.06445,0.1428,-1.073,1.0,0.0,0.495,0.414,-0.5327,0.0,0.1625,0.0528,-0.1597,-0.301,0.859,-0.5635,0.118,0.2412,-1.505,0.7354,0.8735,-0.1868,-0.255,0.0,0.0,-0.2467,0.0,-0.2054,0.557,-0.5864,0.1495,1.0,1.0,0.5,-0.373,0.725,0.41,1.0,0.0,0.0,0.0,0.0,0.1704,0.223812,,,
0.417,0.8486,-0.3792,-0.511,0.09863,0.2856,-1.073,1.0,0.0,0.4597,0.3748,-0.5293,0.0,0.163,-0.1033,-0.0909,-0.2644,0.875,-0.561,0.2350999999999999,0.2654,0.11786,-1.505,0.7354,-0.1819,-0.2515,0.0,0.0,-0.2427,0.0,-0.1985,0.711,-0.693,0.2524,2.0,1.0,1.0,-0.4033,0.7524,0.4128,2.0,0.0,0.0,0.0,0.0,0.2866,-0.4914240000000001,,,
0.4534,0.457,-0.4207,-0.4724,-0.3164,0.4285,-1.073,1.0,0.0,0.5137,0.424,-0.536,0.0,0.1633,-0.2344,-0.005997,-0.2168,0.478,-0.557,-0.4899,0.2788,0.2349,0.11786,-1.505,-0.1821,-0.248,0.0,0.0,-0.2399,0.0,-0.2133,0.6333,-0.644,-0.5464,1.0,0.5,1.0,-0.1658,0.4724,0.2595,0.0,1.0,0.0,0.0,0.0,-0.6157,-0.54936708,,,
0.5176,-0.00665,-0.4746,-0.43,-0.787,0.5713,-1.073,1.0,0.0,0.587,0.4893,-0.545,0.0,0.1638,0.1813,0.072,-0.1683,0.0726,-0.5547,-0.6395,0.283,-0.4897,0.2349,0.11786,-0.1847,-0.2452,0.0,0.0,-0.2391,0.0,-0.2323,0.691,-0.694,-0.562,0.0,0.5,1.0,0.162,0.2058,0.09845,0.0,2.0,0.0,0.0,0.0,-0.6436,-1.1372080000000004,,,
0.732,-0.857,-0.616,-0.4,-12.04,0.5713,-1.073,0.0,0.0,0.795,0.6685,-0.566,0.0,0.1643,0.2551,0.1349,-0.12085,-0.7617,-0.553,-1.5709,0.284,-0.6396,-0.4897,0.2349,-0.1958,-0.2449,0.0,0.0,-0.2394,0.0,-0.2783,0.315,-0.4456,-2.16,0.0,0.0,0.5,0.9067,-0.4036,-0.2659,0.0,3.0,0.0,1.0,-7.77,-2.525,0.6506760000000003,,,
0.6685,-0.726,-0.5674,-0.37,-0.04706,0.5713,-1.073,0.0,0.0,0.722,0.6035,-0.56,0.0,0.1647,-0.1127,0.1859,-0.0662,-0.679,-0.5493,0.4579,0.272,-1.57,-0.6396,-0.4897,-0.2079,-0.2449,0.0,0.0,-0.2379,0.0,-0.2656,0.3284,-0.4495,0.508,0.0,0.0,0.5,0.5723,-0.2576,-0.1799,1.0,0.0,0.0,0.0,0.0,0.624,1.4585852,,,
0.5317,0.1702,-0.3674,-0.3413,-1.352,0.5713,-1.073,1.0,0.0,0.455,0.3506,-0.533,0.0,0.1652,0.2617,0.2198,-0.00908,0.1816,-0.5464,2.0801000000000003,0.2725,0.4575,-1.57,-0.6396,-0.2076,-0.2426,0.0,0.0,-0.2339,0.0,-0.207,0.301,-0.4043,2.357,0.0,0.5,0.5,-0.2062,0.6577,0.2551,2.0,0.0,1.0,0.0,8.2,2.855,0.2819879999999999,,,
0.464,0.2288,-0.3252,-0.305,0.3828,0.5713,-1.073,1.0,0.0,0.3994,0.3047,-0.5283,0.0,0.1656,0.4792,0.2382,0.05206,0.2274,-0.543,0.3530999999999999,0.262,2.08,0.4575,-1.57,-0.2065,-0.2407,0.0,0.0,-0.229,0.0,-0.1964,0.505,-0.545,0.512,1.0,0.5,1.0,-0.365,0.6655,0.2976,3.0,0.0,0.0,0.0,0.0,0.583,-0.1452239999999999,,,
0.346,-0.05978,-0.3694,-0.2886,-0.861,0.5713,-1.073,1.0,0.0,0.4424,0.3687,-0.5356,0.0,0.166,0.329,0.2396,0.10785,-0.107,-0.5405,-0.5119,0.2269,0.3528,2.08,0.4575,-0.2081,-0.2393,0.0,0.0,-0.2244,0.0,-0.212,0.1013,-0.264,-0.5903,1.0,0.0,0.5,-0.1295,0.3748,0.1357,0.0,1.0,0.0,0.0,0.0,-0.664,0.7558888,,,
0.346,0.3284,-0.2798,-0.2744,18.77,0.5713,-1.073,1.0,0.0,0.3376,0.2603,-0.524,0.0,0.1665,0.1724,0.2333,0.155,0.2312,-0.5386,0.8517,0.1561,-0.5117,0.3528,2.08,-0.2051,-0.2372,0.0,0.0,-0.2177,0.0,-0.1866,0.0742,-0.2334,1.45,2.0,0.5,0.5,-0.3845,0.716,0.322,1.0,0.0,0.0,0.0,0.0,1.658,-0.657248,,,
0.4314,-0.2045,-0.3833,-0.2698,-1.257,0.4285,-1.073,0.0,0.0,0.466,0.3787,-0.539,0.0,0.167,-0.0477,0.2023,0.1843,-0.3071,-0.5386,-1.0829,0.04306,0.851,-0.5117,0.3528,-0.2035,-0.2356,0.0,0.0,-0.2124,0.0,-0.2198,-0.1527,-0.08594,-1.3955,1.0,0.0,0.5,0.1231,0.227,-0.0359,0.0,1.0,0.0,1.0,-6.55,-1.554,-0.5056799999999999,,,
0.398,-0.509,-0.4507,-0.2766,2.773,0.2856,-1.073,0.0,0.0,0.547,0.4675,-0.5493,0.0,0.1674,0.657,0.1511,0.1863,-0.6147,-0.54,-0.7629,-0.0816,-1.083,0.851,-0.5117,-0.1993,-0.2341,0.0,0.0,-0.2085,0.0,-0.2424,-0.4658,0.1276,-1.012,0.0,-0.5,0.0,0.4526,-0.1036,-0.3928,0.0,2.0,0.0,0.0,0.0,-1.166,0.14086428,,,
0.3096,-0.2532,-0.4084,-0.287,-0.5054,0.1428,-1.073,0.0,0.0,0.4868,0.4204,-0.5444,0.0,0.1678,-0.03232,0.08636,0.1627,-0.323,-0.5435,0.3666,-0.1115,-0.7627,-1.083,0.851,-0.1953,-0.2328,0.0,0.0,-0.2068,0.0,-0.2319,-0.559,0.1989,0.3877,0.0,0.0,0.0,0.2241,-0.004642,-0.2854,1.0,0.0,0.0,0.0,0.0,0.4578,-0.3323788,,,
0.2642,-0.4553,-0.4512,-0.2893,1.39,0.0,-1.073,0.0,0.0,0.5366,0.4792,-0.5513,0.0,0.1683,0.3267,0.01291,0.1214,-0.53,-0.5444,-0.5072,-0.1729,0.3665,-0.7627,-1.083,-0.2,-0.2327,0.0,0.0,-0.2048,0.0,-0.2467,-0.3708,0.05786,-0.5347,0.0,0.0,0.0,0.4521,-0.1937,-0.5996,0.0,1.0,0.0,0.0,0.0,-0.6245,0.5835336,,,
0.2397,0.0828,-0.3381,-0.283,-1.404,0.0,-1.073,1.0,0.0,0.3965,0.3386,-0.5366,0.0,0.1688,0.5425,-0.066,0.0696,0.00993,-0.5454,1.1046,-0.1803,-0.5073,0.3665,-0.7627,-0.2021,-0.2311,0.0,0.0,-0.2037,0.0,-0.215,-0.1564,-0.08124,1.119,0.0,0.5,0.0,0.03275,0.317,-0.0862,1.0,0.0,0.0,0.0,0.0,1.327,-0.3477336,,,
0.302,0.02606,-0.3481,-0.281,-0.2362,0.0,-1.073,1.0,0.0,0.4136,0.346,-0.539,0.0,0.1692,0.5815,-0.1454,0.013664,-0.04233,-0.546,-0.166,-0.1807,1.1045,-0.5073,0.3665,-0.203,-0.2288,0.0,0.0,-0.2042,0.0,-0.22,-0.2382,-0.02501,-0.2361,0.0,0.0,-0.5,0.1052,0.2076,-0.1631,0.0,1.0,0.0,0.0,0.0,-0.2708,-0.0392828,,,
0.3342,0.7075,-0.1971,-0.265,6.914,0.0,-1.065,1.0,1.0,0.245,0.1669,-0.519,0.0,0.1697,0.2717,-0.2075,-0.04422,0.5933,-0.544,1.4791,-0.159,-0.166,1.1045,-0.5073,-0.2018,-0.2252,0.0,0.0,-0.2028,0.0,-0.1763,0.1382,-0.2744,3.04,1.0,0.0,0.0,-0.4106,0.807,0.524,1.0,0.0,1.0,0.0,7.508,3.504,1.092602,,,
0.528,1.465,-0.01246,-0.231,1.159,0.0,-1.057,1.0,1.0,0.0714,-0.04425,-0.4941,0.0,0.1702,2.906,-0.2554,-0.0922,1.311,-0.5396,1.7561,-0.067,1.479,-0.166,1.1045,-0.1903,-0.2198,0.0,0.0,-0.2001,0.0,-0.122,0.5317,-0.5312,3.303,1.0,0.0,0.5,-0.9795,1.395,1.096,2.0,0.0,0.0,0.0,0.0,3.639,0.2890639999999999,,,
0.4946,1.466,0.0363,-0.1792,0.134,0.1428,-1.049,1.0,1.0,0.0221,-0.0896,-0.4878,0.0,0.1705,0.4158,-0.2698,-0.1206,1.333,-0.5347,0.4107,0.01588,1.755,1.479,-0.166,-0.1746,-0.2139,0.0,0.0,-0.1979,0.0,-0.10864,0.955,-0.8276,0.6753,2.0,0.5,1.0,-1.012,1.418,1.053,3.0,0.0,0.0,0.0,0.0,0.705,0.92264,,,
0.5415,2.121,0.236,-0.1132,0.586,0.2856,-1.041,1.0,1.0,-0.1525,-0.2773,-0.4614,0.0,0.171,1.626,-0.189,-0.1207,1.964,-0.527,1.7501,0.2122,0.4104,1.755,1.479,-0.1533,-0.2056,0.0,0.0,-0.1913,0.0,-0.05087,1.083,-0.8936,3.887,2.0,0.5,1.0,-1.454,1.899,1.113,4.0,0.0,0.0,0.0,0.0,4.008,-0.4550799999999999,,,
0.4924,1.673,0.1836,-0.06934,-0.08417,0.2856,-1.032,1.0,1.0,-0.1116,-0.227,-0.4692,0.0,0.1715,-0.007515,-0.0791,-0.1024,1.512,-0.522,-0.4855,0.326,1.749,0.4104,1.755,-0.1323,-0.1976,0.0,0.0,-0.1855,0.0,-0.0679,0.7593,-0.67,-0.9106,2.0,0.5,0.5,-1.159,1.555,0.854,0.0,1.0,0.0,0.0,0.0,-0.8906,0.4111619999999999,,,
0.5605,0.98,0.0636,-0.03973,-0.2886,0.2856,-1.024,1.0,1.0,0.001833,-0.12146,-0.486,0.0,0.1719,-0.1516,0.02902,-0.0761,0.829,-0.519,-1.0679,0.373,-0.4854,1.749,0.4104,-0.1193,-0.1912,0.0,0.0,-0.1816,0.0,-0.1046,0.432,-0.4521,-1.671,1.0,0.5,0.0,-0.5884,1.04,0.507,0.0,2.0,0.0,0.0,0.0,-1.659,-0.9914647999999998,,,
0.7964,-0.02759,-0.1378,-0.02307,-0.8813,0.2856,-1.017,1.0,1.0,0.219,0.0636,-0.5137,0.0,0.1724,0.8213,0.1184,-0.04703,-0.1561,-0.5176,-1.8279,0.3728,-1.067,-0.4854,1.749,-0.11285,-0.1881,0.0,0.0,-0.1796,0.0,-0.1654,0.1462,-0.2751,-3.639,0.0,0.0,0.0,0.2947,0.2727,0.05002,0.0,3.0,0.0,1.0,-7.91,-3.738,0.3782839999999999,,,
0.7114,0.2244,-0.06885,-0.006393,5.145,0.2856,-1.008,1.0,1.0,0.1417,-0.002056,-0.505,0.0,0.1729,0.56,0.1914,-0.02385,0.1079,-0.5166,0.6085,0.3687,-1.827,-1.067,-0.4854,-0.1093,-0.184,0.0,0.0,-0.176,0.0,-0.1464,0.117,-0.2458,0.9175,0.0,0.5,0.0,0.03635,0.4802,0.1577,1.0,0.0,0.0,0.0,0.0,0.9995,0.772736,,,
0.683,0.577,0.03815,0.02783,1.366,0.4285,-1.0,1.0,1.0,0.03546,-0.107,-0.4912,0.0,0.1732,0.1031,0.2693,0.00631,0.4475,-0.513,0.9511,0.333,0.6084,-1.827,-1.067,-0.1085,-0.1805,0.0,0.0,-0.1692,0.0,-0.11615,0.449,-0.4695,2.455,0.0,0.5,0.5,-0.2935,0.827,0.336,2.0,0.0,1.0,0.0,6.355,2.623,0.15576224,,,
0.664,0.16,-0.02022,0.0647,-0.5435,0.5713,-0.9917,1.0,1.0,0.08984,-0.04773,-0.5,0.0,0.1737,-0.312,0.3381,0.04486,0.05896,-0.5103,-0.5799,0.2852,0.9507,0.6084,-1.827,-0.11163,-0.1783,0.0,0.0,-0.1638,0.0,-0.1353,0.472,-0.4944,-0.9556,0.0,0.5,0.5,0.01121,0.548,0.1564,0.0,1.0,0.0,0.0,0.0,-0.992,-0.3852331999999999,,,
0.692,0.1821,0.0155,0.09955,0.2311,0.7144,-0.984,1.0,1.0,0.05765,-0.0856,-0.4956,0.0,0.1742,0.4429,0.379,0.0857,0.1176,-0.508,0.2845,0.2852,-0.5796,0.9507,0.6084,-0.12036,-0.176,0.0,0.0,-0.1604,0.0,-0.1261,0.4666,-0.4863,0.4463,1.0,0.5,0.5,-0.0771,0.6133,0.1969,1.0,0.0,0.0,0.0,0.0,0.472,0.3814929600000001,,,
0.6416,0.4446,0.1149,0.1454,1.198,0.857,-0.9756,1.0,1.0,-0.0387,-0.1766,-0.4827,0.0,0.1746,0.1329,0.4011,0.1334,0.4321,-0.5044,0.8671,0.3044,0.2842,-0.5796,0.9507,-0.12384,-0.1736,0.0,0.0,-0.1562,0.0,-0.09796,0.6685,-0.618,1.453,2.0,0.5,1.0,-0.3782,0.8945,0.3713,2.0,0.0,0.0,0.0,0.0,1.523,0.1354399999999999,,,
0.648,0.2455,0.1009,0.1799,-0.2715,0.857,-0.9673,1.0,1.0,-0.02545,-0.164,-0.485,0.0,0.175,0.2993,0.4004,0.1842,0.2517,-0.5015,-0.1477,0.3037,0.867,0.2842,-0.5796,-0.1236,-0.1719,0.0,0.0,-0.1516,0.0,-0.10297,0.52,-0.514,-0.2466,1.0,0.0,0.5,-0.2534,0.7646,0.2903,0.0,1.0,0.0,0.0,0.0,-0.2517,0.273016,,,
0.605,0.487,0.1937,0.2223,0.924,0.857,-0.9595,1.0,1.0,-0.1113,-0.2454,-0.4727,0.0,0.1755,0.4954,0.3716,0.2405,0.513,-0.4973,0.8061,0.332,-0.1477,0.867,0.2842,-0.1131,-0.1681,0.0,0.0,-0.147,0.0,-0.07623,0.652,-0.5967,1.508,1.0,0.0,1.0,-0.5317,0.9824,0.4385,1.0,0.0,0.0,0.0,0.0,1.546,-0.4695120000000001,,,
0.559,0.07733,0.12164,0.2467,-0.6367,0.857,-0.951,1.0,1.0,-0.05136,-0.176,-0.4827,0.0,0.176,-0.02623,0.3257,0.2932,0.09045,-0.4941,-0.6415,0.3115,0.8057,-0.1477,0.867,-0.10736,-0.165,0.0,0.0,-0.142,0.0,-0.09814,0.3357,-0.3804,-0.9097,1.0,0.0,0.5,-0.25,0.594,0.2345,0.0,1.0,0.0,0.0,0.0,-0.9097,-0.7154599999999999,,,
0.3696,-0.4915,-0.01146,0.2439,-3.697,0.7144,-0.943,0.0,1.0,0.05777,-0.03217,-0.501,0.0,0.1764,0.04816,0.259,0.3252,-0.4849,-0.4941,-1.1829,0.2411,-0.641,0.8057,-0.1477,-0.10986,-0.1633,0.0,0.0,-0.1375,0.0,-0.1377,-0.1782,-0.03113,-1.874,0.0,0.0,0.0,0.3206,0.1038,-0.11194,0.0,2.0,0.0,0.0,0.0,-1.912,0.319872,,,
0.282,0.01334,0.1081,0.2478,-1.182,0.7144,-0.935,1.0,1.0,-0.0613,-0.1405,-0.485,0.0,0.1769,-0.287,0.188,0.3325,0.008804,-0.494,1.0741,0.1786,-1.182,-0.641,0.8057,-0.1061,-0.1603,0.0,0.0,-0.1321,0.0,-0.1032,-0.0605,-0.1,1.591,0.0,0.5,0.0,-0.1405,0.4895,0.1432,1.0,0.0,0.0,0.0,0.0,1.687,0.6748892,,,
0.113,0.688,0.2598,0.2439,7.75,0.7144,-0.927,1.0,1.0,-0.2068,-0.2627,-0.4644,0.0,0.1774,0.4666,0.1436,0.3208,0.6533,-0.4934,1.3571,0.1,1.074,-1.182,-0.641,-0.098,-0.1553,0.0,0.0,-0.1242,0.0,-0.05814,-0.1296,-0.03078,3.54,1.0,0.5,0.0,-0.5776,1.008,0.5337,2.0,0.0,0.0,0.0,0.0,3.627,0.195576,,,
0.09564,0.522,0.2196,0.2421,-0.0975,0.7144,-0.9185,1.0,1.0,-0.1743,-0.2263,-0.4695,0.0,0.1777,-0.4458,0.10626,0.288,0.4883,-0.4934,-0.3253,0.0373,1.356,1.074,-1.182,-0.09467,-0.1494,0.0,0.0,-0.1181,0.0,-0.0695,-0.09845,-0.05798,-0.616,0.0,0.0,0.0,-0.407,0.754,0.3914,0.0,1.0,0.0,0.0,0.0,-0.606,-0.6584588400000002,,,
0.2229,-0.088,0.07825,0.2406,-0.9473,0.5713,-0.9106,0.0,1.0,-0.0388,-0.10754,-0.4885,0.0,0.1782,0.9014,0.0658,0.2296,-0.1182,-0.4934,-1.2129,-0.08405,-0.3254,1.356,1.074,-0.0956,-0.145,0.0,0.0,-0.1135,0.0,-0.11127,-0.1257,-0.0568,-3.639,0.0,0.0,0.0,0.1162,0.1647,-0.1388,0.0,2.0,0.0,0.0,0.0,-3.615,0.0419439999999999,,,
0.1465,-0.2233,0.06012,0.2556,18.77,0.4285,-0.9023,0.0,1.0,-0.0281,-0.08386,-0.4912,0.0,0.1787,0.346,0.01587,0.1598,-0.2389,-0.4922,-0.1708,-0.1418,-1.212,-0.3254,1.356,-0.1003,-0.1425,0.0,0.0,-0.111,0.0,-0.11694,0.2238,-0.3088,-0.3389,0.0,-0.5,0.0,0.1768,0.06024,-0.278,0.0,3.0,0.0,0.0,0.0,-0.35,-0.5394880000000001,,,
0.2401,-0.8164,-0.07837,0.2534,4.598,0.2856,-0.8945,0.0,1.0,0.1135,0.04672,-0.51,0.0,0.1791,0.86,-0.05823,0.0867,-0.8394,-0.4922,-1.2459,-0.1131,-0.1709,-1.212,-0.3254,-0.10724,-0.1414,0.0,0.0,-0.1125,0.0,-0.158,-0.1586,-0.0539,-2.223,-1.0,-1.0,-0.5,0.7227,-0.4553,-0.844,0.0,4.0,0.0,0.0,0.0,-2.307,0.1677564,,,
0.2898,-1.321,-0.2124,0.2312,0.8677,0.1428,-0.8945,0.0,0.0,0.258,0.1876,-0.528,0.0,0.1796,0.1565,-0.1353,0.01168,-1.362,-0.494,-1.2519,-0.02881,-1.245,-0.1709,-1.212,-0.1142,-0.1409,0.0,0.0,-0.1161,0.0,-0.1975,-0.5693,0.2218,-1.869,-2.0,-1.0,-1.0,1.26,-0.921,-1.172,0.0,5.0,0.0,1.0,-7.91,-2.02,0.2425036,,,
0.3025,-1.252,-0.2101,0.2141,0.07306,0.0,-0.886,0.0,1.0,0.2566,0.184,-0.528,0.0,0.18,-0.0782,-0.2146,-0.04684,-1.293,-0.4958,0.02337,-0.004925,-1.251,-1.245,-0.1709,-0.1251,-0.1411,0.0,0.0,-0.12213,0.0,-0.1968,-0.4714,0.1523,0.0363,-1.0,-1.0,-0.5,1.1455,-0.8276,-1.033,1.0,0.0,0.0,0.0,0.0,0.04077,0.0544999999999999,,,
0.2554,-1.281,-0.2352,0.1913,0.1604,-0.1428,-0.886,0.0,0.0,0.2803,0.2162,-0.531,0.0,0.1804,-0.1874,-0.2937,-0.09705,-1.343,-0.4978,-0.2323,0.02919,0.02325,-1.251,-1.245,-0.1421,-0.1406,0.0,0.0,-0.1277,0.0,-0.2039,-0.575,0.2233,-0.326,-1.0,-1.0,-1.0,1.131,-0.8794,-0.9854,0.0,1.0,0.0,0.0,0.0,-0.3662,0.1470496,,,
0.2073,-0.958,-0.1827,0.1658,-0.1544,-0.2856,-0.878,0.0,1.0,0.2194,0.1614,-0.524,0.0,0.1809,0.1433,-0.3386,-0.144,-1.039,-0.5,0.5151,0.0568,-0.2323,0.02325,-1.251,-0.156,-0.139,0.0,0.0,-0.1311,0.0,-0.1884,-0.676,0.3018,0.708,0.0,-0.5,-1.0,0.846,-0.5503,-0.7354,1.0,0.0,0.0,0.0,0.0,0.8013,0.0186099999999999,,,
0.1615,-0.9116,-0.1927,0.1409,0.0765,-0.4285,-0.87,0.0,1.0,0.2264,0.1761,-0.5254,0.0,0.1814,-0.2012,-0.3223,-0.192,-1.002,-0.503,-0.09206,0.07733,0.515,-0.2323,0.02325,-0.1654,-0.138,0.0,0.0,-0.1322,0.0,-0.1913,-0.6655,0.2935,-0.1091,0.0,-1.0,-1.0,0.792,-0.5728,-0.733,0.0,1.0,0.0,0.0,0.0,-0.12146,1.416852,,,
0.1224,0.05756,0.01076,0.1252,-1.114,-0.4285,-0.862,1.0,1.0,0.01656,-0.0338,-0.4976,0.0,0.1818,1.38,-0.2634,-0.241,-0.0339,-0.505,1.9651,0.0752,-0.09216,0.515,-0.2323,-0.167,-0.1346,0.0,0.0,-0.1315,0.0,-0.1313,-0.417,0.1423,3.52,1.0,-1.0,-1.0,0.016,0.3374,-0.1134,1.0,0.0,0.0,0.0,0.0,3.93,0.1972279999999999,,,
0.0978,0.1731,0.02878,0.11646,1.022,-0.4285,-0.8535,1.0,1.0,-0.002579,-0.0495,-0.495,0.0,0.1823,-0.1853,-0.2174,-0.2734,0.071,-0.506,0.1742999999999999,0.0737,1.964,-0.09216,0.515,-0.1632,-0.1321,0.0,0.0,-0.1318,0.0,-0.1257,-0.261,0.0335,0.321,1.0,-0.5,-0.5,-0.08136,0.3242,-0.04953,2.0,0.0,0.0,0.0,0.0,0.338,0.0663103999999999,,,
0.0704,0.209,0.03915,0.11926,0.2837,-0.2856,-0.8457,1.0,1.0,-0.014595,-0.05734,-0.4934,0.0,0.1827,0.08234,-0.1904,-0.2944,0.10364,-0.505,0.1084,0.0742,0.1741,1.964,-0.09216,-0.1544,-0.1293,0.0,0.0,-0.1312,0.0,-0.1223,0.01784,-0.164,0.2434,2.0,0.0,0.0,-0.1437,0.2854,-0.0199,3.0,0.0,0.0,0.0,0.0,0.255,0.0678555999999999,,,
0.0585,0.9653,0.2137,0.1259,2.918,-0.2856,-0.8374,1.0,1.0,-0.1722,-0.218,-0.4695,0.0,0.1832,0.329,-0.1847,-0.311,0.8174,-0.503,1.5971,0.1044,0.1082,0.1741,1.964,-0.1395,-0.1262,0.0,0.0,-0.1289,0.0,-0.0702,0.1274,-0.2192,4.4,2.0,0.5,0.0,-0.706,0.8765,0.4724,4.0,0.0,0.0,0.0,0.0,4.586,-0.2998996,,,
0.11523,0.71,0.1478,0.11615,-0.127,-0.2856,-0.829,1.0,1.0,-0.11035,-0.1636,-0.4783,0.0,0.1836,0.883,-0.1838,-0.313,0.5586,-0.504,-0.5549000000000001,0.1099,1.597,0.1082,0.1741,-0.126,-0.1252,0.0,0.0,-0.1284,0.0,-0.08936,-0.3103,0.08484,-1.109,2.0,0.5,-0.5,-0.3984,0.582,0.2727,0.0,1.0,0.0,0.0,0.0,-1.102,0.5676199999999999,,,
0.1152,1.268,0.2744,0.1188,0.8867,-0.2856,-0.8213,1.0,1.0,-0.2189,-0.2754,-0.4607,0.0,0.1841,0.3784,-0.1917,-0.308,1.113,-0.5034,1.1301,0.1514,-0.5547,1.597,0.1082,-0.10986,-0.12366,0.0,0.0,-0.1262,0.0,-0.05133,0.03009,-0.1414,2.219,2.0,1.0,0.0,-0.773,0.947,0.585,1.0,0.0,0.0,0.0,0.0,2.244,1.04148592,,,
0.0755,2.012,0.4702,0.1494,0.7227,-0.1428,-0.813,1.0,1.0,-0.3762,-0.4312,-0.4338,0.0,0.1846,1.383,-0.2112,-0.308,1.835,-0.4993,1.6771,0.2595,1.129,-0.5547,1.597,-0.08655,-0.12195,0.0,0.0,-0.12274,0.0,0.0071,0.6475,-0.556,4.945,2.0,1.0,0.5,-1.215,1.54,0.9414,2.0,0.0,0.0,0.0,0.0,4.83,0.0661488,,,
0.0792,2.064,0.5186,0.1866,0.16,0.0,-0.8047,1.0,1.0,-0.4116,-0.4683,-0.427,0.0,0.1849,0.4688,-0.2255,-0.3083,1.871,-0.4944,0.4031,0.3816,1.677,1.129,-0.5547,-0.0685,-0.1194,0.0,0.0,-0.11774,0.0,0.02179,0.7524,-0.625,1.045,2.0,1.5,1.0,-1.261,1.501,0.871,3.0,0.0,0.0,0.0,0.0,0.9697,-0.569288,,,
0.305,1.291,0.378,0.224,-0.252,0.1428,-0.797,1.0,1.0,-0.287,-0.3772,-0.4458,0.0,0.1854,2.676,-0.1764,-0.284,1.028,-0.487,-1.0999,0.4277,0.403,1.677,1.129,-0.0559,-0.11694,0.0,0.0,-0.11273,0.0,-0.01932,0.7524,-0.6426,-4.01,1.0,1.0,1.0,-0.7085,0.9365,0.505,0.0,1.0,0.0,0.0,0.0,-3.678,-0.4482492,,,
0.3982,0.638,0.266,0.2654,-0.3748,0.2856,-0.7886,1.0,1.0,-0.1892,-0.2917,-0.461,0.0,0.1859,0.2778,-0.09015,-0.2466,0.4373,-0.4836,-0.9229,0.445,-1.1,0.403,1.677,-0.04764,-0.1137,0.0,0.0,-0.11053,0.0,-0.05255,0.807,-0.6963,-1.68,1.0,1.0,1.0,-0.2168,0.5303,0.2537,0.0,2.0,0.0,0.0,0.0,-1.594,-0.0692711999999999,,,
0.4558,0.49,0.2688,0.3066,-0.0867,0.4285,-0.7803,1.0,1.0,-0.187,-0.2988,-0.4607,0.0,0.1863,0.5054,0.015526,-0.1973,0.332,-0.4802,0.0203199999999999,0.4495,-0.9224,-1.1,0.403,-0.0454,-0.111,0.0,0.0,-0.1102,0.0,-0.05194,0.807,-0.696,0.04208,1.0,1.0,1.0,-0.1904,0.4812,0.2542,1.0,0.0,0.0,0.0,0.0,0.0411,-0.0685663999999999,,,
0.5137,0.2612,0.2512,0.3472,-0.2944,0.5713,-0.7725,1.0,1.0,-0.1676,-0.2883,-0.463,0.0,0.1868,0.2837,0.1243,-0.1394,0.156,-0.4768,-0.1414,0.456,0.0202,-0.9224,-1.1,-0.04153,-0.1093,0.0,0.0,-0.1097,0.0,-0.05695,0.8257,-0.7114,-0.2722,0.0,0.5,1.0,-0.1095,0.3647,0.2142,0.0,1.0,0.0,0.0,0.0,-0.2659,-0.2859392000000001,,,
0.7036,-0.007294,0.2169,0.3806,-0.7046,0.7144,-0.764,1.0,1.0,-0.12335,-0.2742,-0.4675,0.0,0.1873,2.125,0.2275,-0.0752,-0.0884,-0.4734,-0.2841,0.4639,-0.1414,0.0202,-0.9224,-0.04327,-0.1073,0.0,0.0,-0.1077,0.0,-0.0669,0.6807,-0.612,-0.4553,-1.0,0.0,0.5,0.0455,0.2275,0.1315,0.0,2.0,0.0,0.0,0.0,-0.4468,-0.6564960000000001,,,
0.809,-0.4968,0.1221,0.4062,-6.934,0.7144,-0.756,0.0,1.0,-0.03174,-0.1971,-0.4802,0.0,0.1876,0.2842,0.3064,-0.01336,-0.5376,-0.4712,-0.7989,0.463,-0.284,-0.1414,0.0202,-0.05508,-0.1064,0.0,0.0,-0.10675,0.0,-0.0945,0.4832,-0.4834,-1.158,-1.0,-0.5,0.5,0.3438,-0.1748,-0.05835,0.0,3.0,0.0,0.0,0.0,-1.146,0.4362060000000001,,,
0.6514,-0.11755,0.2262,0.4226,-0.842,0.5713,-0.748,0.0,1.0,-0.1354,-0.278,-0.4656,0.0,0.1881,0.11194,0.3596,0.0487,-0.1686,-0.4688,0.9454,0.4517,-0.7983,-0.284,-0.1414,-0.06494,-0.10535,0.0,0.0,-0.1027,0.0,-0.0628,0.351,-0.375,1.397,0.0,0.0,0.5,-0.008804,0.2627,0.12225,1.0,0.0,0.0,0.0,0.0,1.418,0.0916028,,,
0.667,-0.099,0.2445,0.4392,-0.4138,0.4285,-0.7397,0.0,1.0,-0.1497,-0.2952,-0.4626,0.0,0.1886,0.1042,0.3872,0.10767,-0.1394,-0.4668,0.1837,0.398,0.945,-0.7983,-0.284,-0.0692,-0.10394,0.0,0.0,-0.0968,0.0,-0.05652,0.3545,-0.3748,0.2966,0.0,0.0,0.5,-0.05594,0.3167,0.1296,2.0,0.0,0.0,0.0,0.0,0.2925,0.4396839999999999,,,
0.6943,0.1361,0.3193,0.4607,-14.07,0.4285,-0.732,1.0,1.0,-0.2092,-0.361,-0.452,0.0,0.189,0.9004,0.3982,0.1644,0.10394,-0.4644,0.6695,0.3408,0.1835,0.945,-0.7983,-0.0669,-0.1027,0.0,0.0,-0.08997,0.0,-0.0333,0.449,-0.432,1.298,1.0,0.0,0.5,-0.3313,0.507,0.2573,3.0,0.0,0.0,0.0,0.0,1.271,0.2244031999999999,,,
0.637,-0.011795,0.2866,0.4648,-0.5933,0.4285,-0.7236,1.0,1.0,-0.1871,-0.329,-0.4558,0.0,0.1895,-0.06445,0.3958,0.2137,-0.0689,-0.4624,-0.2383,0.245,0.669,0.1835,0.945,-0.0657,-0.1011,0.0,0.0,-0.0831,0.0,-0.04184,0.10834,-0.1925,-0.3838,1.0,-0.5,0.0,-0.2047,0.3433,0.1609,0.0,1.0,0.0,0.0,0.0,-0.3687,0.053558,,,
0.6436,-0.2424,0.235,0.4702,-3.412,0.2856,-0.7153,0.0,1.0,-0.1436,-0.285,-0.4624,0.0,0.19,0.5366,0.3503,0.249,-0.2869,-0.4617,-0.4003,0.1434,-0.2383,0.669,0.1835,-0.0655,-0.0987,0.0,0.0,-0.0776,0.0,-0.05603,0.1459,-0.2256,-0.777,1.0,-0.5,0.0,-0.04474,0.1056,0.001102,0.0,2.0,0.0,0.0,0.0,-0.7515,0.0823336,,,
0.675,-0.4124,0.1852,0.4607,1.26,0.1428,-0.7075,0.0,1.0,-0.09827,-0.2435,-0.4685,0.0,0.1904,0.455,0.259,0.266,-0.4768,-0.4614,-0.3849,0.001133,-0.4001,-0.2383,0.669,-0.06573,-0.0977,0.0,0.0,-0.07245,0.0,-0.0695,-0.2224,0.03137,-0.5527,0.0,-0.5,-0.5,0.06174,-0.1427,-0.2028,0.0,3.0,0.0,0.0,0.0,-0.5415,-0.5575263599999999,,,
0.5693,-0.5776,0.12036,0.431,0.666,0.0,-0.699,0.0,1.0,-0.0494,-0.1757,-0.4768,0.0,0.1908,-0.2502,0.143,0.257,-0.663,-0.4636,-0.5329,-0.04434,-0.385,-0.4001,-0.2383,-0.06494,-0.09845,0.0,0.0,-0.07056,0.0,-0.0879,-0.918,0.52,-0.732,-1.0,-1.0,-1.0,0.2854,-0.3628,-0.4746,0.0,4.0,0.0,0.0,0.0,-0.726,0.0283159999999999,,,
0.5474,-0.3975,0.1357,0.3984,-0.2544,-0.1428,-0.691,0.0,1.0,-0.06494,-0.1881,-0.4744,0.0,0.1913,0.3184,0.0169,0.2258,-0.4976,-0.4666,0.1669999999999999,-0.09045,-0.533,-0.385,-0.4001,-0.0672,-0.09875,0.0,0.0,-0.06866,0.0,-0.08234,-1.033,0.6045,0.2773,-1.0,-0.5,-1.0,0.1464,-0.328,-0.4607,1.0,0.0,0.0,0.0,0.0,0.2798,0.567152,,,
0.2817,0.1456,0.2556,0.388,-1.702,-0.1428,-0.683,1.0,1.0,-0.1898,-0.273,-0.4575,0.0,0.1918,0.1664,-0.0755,0.1776,0.1324,-0.4707,1.0791,-0.1466,0.1669,-0.533,-0.385,-0.06586,-0.09686,0.0,0.0,-0.0654,0.0,-0.0457,-0.33,0.1189,1.413,0.0,0.0,-0.5,-0.2812,0.1284,0.0133,2.0,0.0,0.0,0.0,0.0,1.417,0.1575119999999999,,,
0.2329,0.2208,0.2737,0.3887,0.487,-0.1428,-0.675,1.0,1.0,-0.2089,-0.2844,-0.4546,0.0,0.1921,0.2086,-0.159,0.1261,0.1917,-0.4697,0.1808,-0.1488,1.079,0.1669,-0.533,-0.0665,-0.09467,0.0,0.0,-0.0641,0.0,-0.03946,0.05334,-0.1521,0.4014,1.0,0.5,0.0,-0.3147,0.1787,0.0892,3.0,0.0,0.0,0.0,0.0,0.3894,-0.0284172,,,
0.2336,0.04095,0.227,0.3845,-0.503,-0.1428,-0.6665,1.0,1.0,-0.1696,-0.2441,-0.4604,0.0,0.1926,0.2505,-0.2281,0.05627,-0.01052,-0.4688,-0.3593,-0.17,0.1807,1.079,0.1669,-0.0677,-0.0916,0.0,0.0,-0.06247,0.0,-0.05222,-0.0875,-0.0571,-0.4712,1.0,0.0,-0.5,-0.1292,0.007767,-0.1453,0.0,1.0,0.0,0.0,0.0,-0.4546,0.5360840000000002,,,
0.2445,0.3486,0.303,0.3884,2.822,-0.1428,-0.6587,1.0,1.0,-0.2319,-0.3103,-0.4495,0.0,0.1931,0.8647,-0.2803,-0.03305,0.295,-0.468,0.6866,-0.164,-0.3591,0.1807,1.079,-0.06433,-0.08685,0.0,0.0,-0.06143,0.0,-0.0283,0.1755,-0.2344,1.414,2.0,0.0,0.0,-0.3591,0.2874,0.2301,1.0,0.0,0.0,0.0,0.0,1.38,0.1449888,,,
0.05472,0.3906,0.3193,0.3962,0.2374,-0.1428,-0.6504,1.0,1.0,-0.2605,-0.3083,-0.4465,0.0,0.1935,-0.2585,-0.3103,-0.12317,0.3604,-0.4673,0.1780999999999999,-0.1963,0.686,-0.3591,0.1807,-0.05875,-0.08185,0.0,0.0,-0.06256,0.0,-0.02203,0.3298,-0.3416,0.3076,2.0,0.0,0.5,-0.4177,0.2832,0.3967,2.0,0.0,0.0,0.0,0.0,0.2937,-0.1829876,,,
0.0577,0.0773,0.253,0.4065,-0.576,0.0,-0.642,1.0,1.0,-0.2056,-0.2522,-0.4548,0.0,0.194,-0.0918,-0.3289,-0.2065,0.06573,-0.4658,-0.5109,-0.2808,0.1779,0.686,-0.3591,-0.0531,-0.0772,0.0,0.0,-0.0651,0.0,-0.0404,0.4353,-0.425,-0.4167,1.0,0.0,0.5,-0.1932,0.007576,0.1891,0.0,1.0,0.0,0.0,0.0,-0.396,2.14142,,,
0.1211,1.524,0.626,0.4375,9.88,0.1428,-0.6343,1.0,1.0,-0.4849,-0.551,-0.4023,0.0,0.1945,1.672,-0.3044,-0.2483,1.429,-0.4595,2.7441000000000004,-0.07385,-0.5107,0.1779,0.686,-0.03473,-0.0698,0.0,0.0,-0.0612,0.0,0.0737,0.8755,-0.689,9.62,1.0,0.5,0.5,-1.193,1.344,1.113,1.0,0.0,0.0,0.0,0.0,7.785,0.2554656,,,
0.11176,1.534,0.657,0.4695,0.1399,0.2856,-0.626,1.0,1.0,-0.5073,-0.5723,-0.397,0.0,0.1948,0.04047,-0.2411,-0.2654,1.442,-0.4548,0.3084,0.0916,2.744,-0.5107,0.1779,-0.01926,-0.062,0.0,0.0,-0.05536,0.0,0.0856,0.897,-0.6987,0.6367,2.0,1.0,0.5,-1.193,1.306,1.113,2.0,0.0,0.0,0.0,0.0,0.558,-0.3131939999999998,,,
0.06274,1.272,0.614,0.4924,-0.03995,0.2856,-0.6177,1.0,1.0,-0.4812,-0.537,-0.4019,0.0,0.1953,-0.0852,-0.1501,-0.2512,1.154,-0.4502,-0.2694,0.1924,0.3083,2.744,-0.5107,-0.005775,-0.05615,0.0,0.0,-0.05002,0.0,0.0749,0.6943,-0.559,-0.5874,1.0,1.0,0.0,-0.968,1.071,0.8755,0.0,1.0,0.0,0.0,0.0,-0.5103,-0.1237159999999999,,,
0.0792,0.963,0.5557,0.5127,-0.11084,0.2856,-0.61,1.0,1.0,-0.4387,-0.496,-0.4084,0.0,0.1958,-0.2786,-0.0633,-0.2227,0.879,-0.4478,-0.3805,0.2493,-0.2695,0.3083,2.744,0.00746,-0.05087,0.0,0.0,-0.0451,0.0,0.06,0.6333,-0.522,-0.538,0.0,0.5,0.0,-0.7207,0.8145,0.6353,0.0,2.0,0.0,0.0,0.0,-0.4712,0.140628,,,
0.03607,0.799,0.536,0.5366,-0.03452,0.4285,-0.6016,1.0,1.0,-0.428,-0.478,-0.4102,0.0,0.1962,-0.2296,0.0279,-0.1794,0.7363,-0.4446,-0.0916,0.2844,-0.3804,-0.2695,0.3083,0.01747,-0.0458,0.0,0.0,-0.03992,0.0,0.0564,0.737,-0.597,-0.121,0.0,0.0,0.0,-0.6187,0.6777,0.5273,0.0,3.0,0.0,0.0,0.0,-0.10724,1.0713731999999996,,,
0.01933,1.323,0.7017,0.5786,0.7695,0.5713,-0.5933,1.0,1.0,-0.545,-0.5957,-0.386,0.0,0.1967,-0.316,0.1611,-0.10486,1.21,-0.4375,1.3801,0.3506,-0.0917,-0.3804,-0.2695,0.03296,-0.0407,0.0,0.0,-0.03137,0.0,0.10913,1.067,-0.81,3.984,0.0,0.0,0.5,-1.012,1.167,0.798,1.0,0.0,1.0,0.0,6.02,3.541,0.6031315999999999,,,
0.09686,1.573,0.8145,0.6353,0.3237,0.7144,-0.5854,1.0,1.0,-0.612,-0.6777,-0.3687,0.0,0.1971,0.4756,0.3577,0.01921,1.351,-0.4263,0.9347,0.471,1.379,-0.0917,-0.3804,0.05496,-0.03403,0.0,0.0,-0.02261,0.0,0.1462,1.346,-0.992,3.766,0.0,0.5,1.0,-1.201,1.433,0.87,2.0,0.0,1.0,0.0,4.184,3.209,0.6919759999999997,,,
0.048,1.8,0.93,0.7,0.28,0.857,-0.577,1.0,1.0,-0.6875,-0.7476,-0.3508,0.0,0.1975,0.1545,0.568,0.1658,1.555,-0.4167,0.9425,0.6206,0.934,1.379,-0.0917,0.0681,-0.02733,0.0,0.0,-0.01249,0.0,0.1848,1.408,-1.02,3.266,1.0,0.5,1.0,-1.404,1.633,0.9014,3.0,0.0,0.0,0.0,0.0,2.703,-1.1541480000000002,,,
0.232,0.8066,0.71,0.738,-0.431,0.857,-0.5693,1.0,1.0,-0.533,-0.619,-0.3804,0.0,0.198,0.51,0.7246,0.3015,0.5996,-0.4116,-1.5149,0.6646,0.942,0.934,1.379,0.0723,-0.02408,0.0,0.0,-0.006012,0.0,0.1204,0.782,-0.601,-4.367,1.0,0.0,0.5,-0.6123,0.97,0.466,0.0,1.0,0.0,0.0,0.0,-3.514,-0.1571119999999999,,,
0.2876,0.5444,0.6714,0.7725,-0.1823,0.857,-0.561,1.0,1.0,-0.503,-0.5967,-0.3845,0.0,0.1985,0.5664,0.849,0.427,0.3594,-0.4072,-0.2269,0.684,-1.514,0.942,0.934,0.0767,-0.02148,0.0,0.0,0.00044,0.0,0.1112,0.696,-0.5435,-0.3484,1.0,0.0,0.0,-0.4475,0.789,0.3645,0.0,2.0,0.0,0.0,0.0,-0.2942,-0.3804060000000001,,,
0.2954,0.1355,0.5923,0.805,-0.565,0.857,-0.5527,1.0,1.0,-0.4475,-0.541,-0.3945,0.0,0.199,-0.3245,0.93,0.5356,0.011215,-0.4045,-0.5453,0.6685,-0.227,-1.514,0.942,0.08026,-0.01837,0.0,0.0,0.00657,0.0,0.08923,0.6323,-0.508,-0.733,0.0,-0.5,0.0,-0.1697,0.4995,0.2089,0.0,3.0,0.0,0.0,0.0,-0.6235,1.27572,,,
0.2461,0.753,0.786,0.846,3.178,0.857,-0.545,1.0,1.0,-0.5815,-0.6714,-0.3657,0.0,0.1993,0.2317,1.002,0.649,0.591,-0.3975,1.5931,0.676,-0.545,-0.227,-1.514,0.0916,-0.01256,0.0,0.0,0.01587,0.0,0.1519,0.7524,-0.566,4.715,0.0,-0.5,0.0,-0.6616,1.131,0.4907,1.0,0.0,1.0,0.0,5.81,4.08,0.7738855999999998,,,
0.229,1.023,0.8975,0.895,0.4802,0.857,-0.5366,1.0,1.0,-0.653,-0.742,-0.3484,0.0,0.1998,0.02374,1.048,0.7554,0.883,-0.3914,0.9211,0.678,1.593,-0.545,-0.227,0.1012,-0.005707,0.0,0.0,0.02751,0.0,0.1898,0.837,-0.6094,2.258,0.0,0.0,0.0,-0.889,1.3955,0.6216,2.0,0.0,0.0,0.0,0.0,1.86,-0.2816448000000001,,,
0.3103,0.491,0.794,0.941,-0.3818,0.857,-0.5283,1.0,1.0,-0.582,-0.682,-0.3613,0.0,0.2003,0.2634,1.05,0.841,0.4363,-0.3875,-0.6629,0.6245,0.9204,1.593,-0.545,0.1031,0.000494,0.0,0.0,0.03775,0.0,0.1614,0.777,-0.579,-1.817,0.0,0.0,0.0,-0.625,0.909,0.422,0.0,1.0,0.0,0.0,0.0,-1.455,0.5929079999999999,,,
0.11926,0.7266,0.8716,0.9614,0.573,0.857,-0.5205,1.0,1.0,-0.646,-0.717,-0.3484,0.0,0.2007,0.4402,1.054,0.9023,0.647,-0.3828,0.6771,0.6177,-0.6626,0.9204,1.593,0.10376,0.007763,0.0,0.0,0.04764,0.0,0.1895,0.5117,-0.3772,1.098,1.0,0.5,0.0,-0.78,1.098,0.5195,1.0,0.0,0.0,0.0,0.0,0.8975,0.5566376000000003,,,
0.0931,0.952,0.9507,0.9863,0.4316,0.857,-0.512,1.0,1.0,-0.696,-0.7637,-0.335,0.0,0.2012,0.0381,1.039,0.948,0.8857,-0.3792,0.6798,0.6226,0.677,-0.6626,0.9204,0.11536,0.01662,0.0,0.0,0.05844,0.0,0.2183,0.572,-0.4077,1.323,2.0,0.5,0.0,-0.915,1.27,0.608,2.0,0.0,0.0,0.0,0.0,1.06,-0.3421691999999999,,,
0.1537,0.5483,0.859,1.009,-0.284,0.857,-0.504,1.0,1.0,-0.6353,-0.7114,-0.3464,0.0,0.2017,0.0821,1.003,0.9766,0.502,-0.3757,-0.5679,0.5513,0.679,0.677,-0.6626,0.1251,0.02388,0.0,0.0,0.0688,0.0,0.1935,0.4836,-0.3555,-1.141,1.0,0.0,0.0,-0.5786,0.9473,0.427,0.0,1.0,0.0,0.0,0.0,-0.8945,-0.295156,,,
0.1465,0.321,0.817,1.034,-0.2522,0.857,-0.4958,1.0,1.0,-0.6094,-0.6836,-0.3508,0.0,0.202,-0.619,0.923,0.9834,0.3167,-0.373,-0.2312,0.4758,-0.568,0.679,0.677,0.1364,0.03069,0.0,0.0,0.0777,0.0,0.1835,0.5137,-0.3813,-0.3684,0.0,-0.5,0.0,-0.4028,0.7803,0.3308,0.0,2.0,0.0,0.0,0.0,-0.2942,0.2038743999999999,,,
0.2568,0.3943,0.86,1.064,0.3276,0.857,-0.4878,1.0,1.0,-0.6274,-0.72,-0.343,0.0,0.2025,1.314,0.798,0.968,0.4387,-0.37,0.3994999999999999,0.3918,-0.2312,-0.568,0.679,0.1421,0.03732,0.0,0.0,0.08704,0.0,0.2003,0.5923,-0.43,0.737,1.0,0.0,0.5,-0.5347,0.819,0.4094,1.0,0.0,0.0,0.0,0.0,0.593,0.2143320439999999,,,
0.1685,0.3906,0.8726,1.084,0.125,0.857,-0.4797,1.0,1.0,-0.6426,-0.721,-0.3398,0.0,0.203,-0.2808,0.6675,0.9307,0.4417,-0.3672,0.1644,0.2292,0.3992,-0.2312,-0.568,0.1443,0.0444,0.0,0.0,0.0975,0.0,0.2073,0.4287,-0.31,0.2261,1.0,0.5,0.5,-0.5615,0.766,0.4673,2.0,0.0,0.0,0.0,0.0,0.1797,-0.0594139999999999,,,
0.0668,0.4966,0.9077,1.095,0.373,0.857,-0.4714,1.0,1.0,-0.6724,-0.7354,-0.333,0.0,0.2034,-0.00646,0.5728,0.8887,0.5674,-0.3655,0.3436,0.2372,0.1643,0.3992,-0.2312,0.1515,0.05228,0.0,0.0,0.1037,0.0,0.2219,0.334,-0.236,0.566,1.0,1.0,0.5,-0.6494,0.792,0.523,3.0,0.0,0.0,0.0,0.0,0.4473,-0.4349563999999998,,,
0.1962,-0.2216,0.698,1.08,-1.194,0.7144,-0.4634,0.0,1.0,-0.5283,-0.608,-0.3623,0.0,0.2039,0.7983,0.4988,0.8315,-0.1753,-0.365,-1.4559,0.2075,0.3433,0.1643,0.3992,0.1478,0.05875,0.0,0.0,0.1069,0.0,0.1583,-0.2228,0.1334,-3.178,1.0,0.5,0.0,0.006992,0.11707,-0.0418,0.0,1.0,0.0,0.0,0.0,-2.484,-0.1624379999999999,,,
0.1148,-0.498,0.6196,1.077,2.24,0.5713,-0.4553,0.0,1.0,-0.481,-0.546,-0.3726,0.0,0.2043,-0.0549,0.419,0.762,-0.4678,-0.3638,-0.5424,0.1626,-1.455,0.3433,0.1643,0.1383,0.0651,0.0,0.0,0.1095,0.0,0.1356,0.003185,-0.03778,-1.164,1.0,0.0,0.0,0.2588,-0.10565,-0.2764,0.0,2.0,0.0,0.0,0.0,-0.9536,0.2832999999999999,,,
0.03217,-0.344,0.664,1.083,-0.262,0.4285,-0.4473,0.0,1.0,-0.5186,-0.571,-0.3652,0.0,0.2047,-0.3477,0.3303,0.6704,-0.3113,-0.3625,0.3966,0.0848,-0.542,-1.455,0.3433,0.1334,0.0718,0.0,0.0,0.11346,0.0,0.1517,0.1453,-0.132,0.7607,1.0,0.5,0.5,0.0854,0.0565,-0.1763,1.0,0.0,0.0,0.0,0.0,0.634,-1.1704208,,,
0.2656,-1.081,0.4575,1.076,3.135,0.2856,-0.439,0.0,1.0,-0.3516,-0.4373,-0.3943,0.0,0.2052,1.653,0.2064,0.5503,-1.03,-0.363,-1.5329,0.03078,0.3965,-0.542,-1.455,0.1224,0.0756,0.0,0.0,0.11487,0.0,0.0881,-0.0909,0.00859,-3.514,0.0,0.0,0.5,0.742,-0.6094,-0.9165,0.0,1.0,0.0,0.0,0.0,-2.893,0.5853296,,,
0.12054,-0.681,0.554,1.0625,-0.2942,0.1428,-0.431,0.0,1.0,-0.4343,-0.4985,-0.3794,0.0,0.2057,-0.1289,0.0955,0.4246,-0.647,-0.3635,0.8229,0.01854,-1.532,0.3965,-0.542,0.1131,0.0802,0.0,0.0,0.1155,0.0,0.1204,-0.2576,0.1417,1.435,0.0,0.0,0.5,0.3455,-0.2174,-0.568,1.0,0.0,0.0,0.0,0.0,1.24,0.2654428,,,
0.05804,-0.5425,0.5723,1.039,-0.1134,0.0,-0.4229,0.0,1.0,-0.4521,-0.5063,-0.3757,0.0,0.2062,-0.5713,-0.007313,0.317,-0.502,-0.3657,0.1919999999999999,0.02545,0.8228,-1.532,0.3965,0.10394,0.0854,0.0,0.0,0.1148,0.0,0.128,-0.452,0.284,0.4702,1.0,0.5,0.5,0.2262,-0.1478,-0.4658,2.0,0.0,0.0,0.0,0.0,0.3962,0.7207319999999998,,,
0.05936,-0.04254,0.703,1.036,-1.025,0.0,-0.4146,1.0,1.0,-0.5425,-0.5996,-0.3557,0.0,0.2065,0.9453,-0.11176,0.2288,0.01842,-0.3662,1.0751,0.0218,0.1918,0.8228,-1.532,0.09814,0.09106,0.0,0.0,0.1144,0.0,0.1715,-0.02596,-0.000842,4.08,2.0,1.0,1.0,-0.185,0.3113,0.03818,3.0,0.0,0.0,0.0,0.0,3.418,0.3100651999999999,,,
-0.002932,0.04736,0.719,1.027,2.611,0.0,-0.4065,1.0,1.0,-0.558,-0.606,-0.3525,0.0,0.207,-0.2192,-0.2013,0.1409,0.0971,-0.3662,0.1677999999999999,0.00847,1.074,0.1918,0.8228,0.10065,0.0968,0.0,0.0,0.1169,0.0,0.1785,-0.15,0.0908,0.2747,2.0,1.0,1.0,-0.2444,0.315,0.08856,4.0,0.0,0.0,0.0,0.0,0.2227,0.1350691999999999,,,
0.000486,-0.089,0.664,1.007,-0.999,-0.1428,-0.3984,0.0,1.0,-0.521,-0.568,-0.3596,0.0,0.2075,-0.10126,-0.2788,0.04907,-0.04742,-0.3674,-0.3671,-0.02025,0.1676,1.074,0.1918,0.10394,0.1026,0.0,0.0,0.11914,0.0,0.1628,-0.4316,0.285,-0.3735,2.0,0.5,0.5,-0.07416,0.1154,-0.1251,0.0,1.0,0.0,0.0,0.0,-0.3013,0.5977304000000001,,,
-0.04446,0.5396,0.832,1.008,-14.766,-0.1428,-0.3901,1.0,1.0,-0.6343,-0.6777,-0.334,0.0,0.2079,0.3416,-0.3403,-0.0552,0.586,-0.367,1.3331,-0.0604,-0.367,0.1676,1.074,0.1119,0.10675,0.0,0.0,0.12463,0.0,0.2185,0.06018,-0.0415,2.908,2.0,0.5,1.0,-0.512,0.674,0.524,1.0,0.0,0.0,0.0,0.0,2.373,0.20236,,,
-0.0534,0.766,0.8994,1.018,0.5234,-0.1428,-0.382,1.0,1.0,-0.677,-0.7197,-0.323,0.0,0.2084,-0.366,-0.39,-0.141,0.8,-0.3647,0.5511,-0.01505,1.333,-0.367,0.1676,0.1301,0.11127,0.0,0.0,0.1285,0.0,0.2423,0.2429,-0.1614,1.402,2.0,1.0,1.5,-0.649,0.8247,0.708,2.0,0.0,0.0,0.0,0.0,1.099,-0.1177176,,,
-0.1448,0.6978,0.8843,1.023,0.0469,-0.1428,-0.374,1.0,1.0,-0.675,-0.7026,-0.3242,0.0,0.2089,0.05707,-0.4143,-0.2097,0.7266,-0.363,-0.0636,0.02277,0.551,1.333,-0.367,0.1442,0.11597,0.0,0.0,0.1307,0.0,0.2394,0.1416,-0.09033,-0.1168,1.0,1.0,1.0,-0.5527,0.711,0.595,0.0,1.0,0.0,0.0,0.0,-0.0899,0.7549480000000002,,,
-0.1533,1.189,1.029,1.04,0.807,-0.1428,-0.366,1.0,1.0,-0.7617,-0.791,-0.302,0.0,0.2092,-0.1802,-0.3953,-0.2693,1.212,-0.3604,1.1021,0.1195,-0.06366,0.551,1.333,0.163,0.1225,0.0,0.0,0.136,0.0,0.2878,0.3342,-0.2064,2.314,1.0,1.0,1.0,-0.8574,1.094,0.913,1.0,0.0,0.0,0.0,0.0,1.786,0.6160946400000001,,,
-0.0416,1.556,1.1455,1.063,0.4417,-0.1428,-0.3577,1.0,1.0,-0.8184,-0.8677,-0.2834,0.0,0.2097,1.074,-0.275,-0.2776,1.442,-0.352,0.8795,0.2659,1.101,-0.06366,0.551,0.1815,0.1302,0.0,0.0,0.142,0.0,0.328,0.434,-0.26,3.482,2.0,1.5,1.0,-1.105,1.284,1.007,2.0,0.0,1.0,0.0,5.34,2.598,0.0402742399999999,,,
-0.1038,1.327,1.117,1.104,-0.01567,0.0,-0.3496,1.0,1.0,-0.8076,-0.846,-0.2869,0.0,0.2102,-0.2986,-0.1656,-0.2566,1.263,-0.3484,-0.15,0.3662,0.879,1.101,-0.06366,0.1982,0.1362,0.0,0.0,0.1462,0.0,0.3206,0.828,-0.544,-0.2803,1.0,1.0,1.0,-0.9473,1.08,0.799,0.0,1.0,0.0,0.0,0.0,-0.2034,0.1033248,,,
-0.04297,0.979,1.055,1.144,-0.1309,0.1428,-0.3416,1.0,1.0,-0.7676,-0.8154,-0.295,0.0,0.2106,0.05798,-0.04852,-0.2089,0.948,-0.3438,-0.3771,0.4297,-0.1501,0.879,1.101,0.2148,0.1407,0.0,0.0,0.151,0.0,0.3027,0.868,-0.5806,-0.8164,0.0,0.5,1.0,-0.701,0.825,0.583,0.0,2.0,0.0,0.0,0.0,-0.595,0.7422839999999999,,,
-0.03583,1.358,1.198,1.192,0.516,0.2856,-0.3333,1.0,1.0,-0.846,-0.8975,-0.2722,0.0,0.211,0.3315,0.0791,-0.1426,1.368,-0.3389,1.0681,0.542,-0.377,-0.1501,0.879,0.2306,0.1455,0.0,0.0,0.1581,0.0,0.352,0.9644,-0.628,2.03,1.0,0.5,1.0,-1.029,1.123,0.7646,1.0,0.0,0.0,0.0,0.0,1.497,-0.0439008,,,
-0.1252,1.072,1.17,1.255,-0.07916,0.4285,-0.3252,1.0,1.0,-0.8384,-0.8745,-0.2747,0.0,0.2115,-0.03543,0.2402,-0.04404,1.1,-0.331,-0.11806,0.6274,1.068,-0.377,-0.1501,0.2429,0.152,0.0,0.0,0.1643,0.0,0.3462,1.487,-1.003,-0.2854,0.0,0.0,1.0,-0.906,0.9297,0.628,0.0,1.0,0.0,0.0,0.0,-0.2037,-0.1067371999999999,,,
-0.1442,0.9243,1.173,1.312,-0.003767,0.5713,-0.3171,1.0,1.0,-0.8413,-0.8745,-0.2727,0.0,0.2119,-0.4475,0.3962,0.06165,1.004,-0.3254,0.0891,0.704,-0.11816,1.068,-0.377,0.256,0.1588,0.0,0.0,0.1703,0.0,0.3503,1.437,-0.9653,0.1193,0.0,0.5,1.0,-0.8486,0.858,0.5674,1.0,0.0,0.0,0.0,0.0,0.0855,-0.3746960000000001,,,
0.00888,0.5005,1.089,1.358,-0.317,0.7144,-0.3088,1.0,1.0,-0.7827,-0.84,-0.284,0.0,0.2124,0.9624,0.5605,0.185,0.545,-0.3174,-0.5029,0.7476,0.0889,-0.11816,1.068,0.2607,0.1655,0.0,0.0,0.1748,0.0,0.3262,1.165,-0.782,-1.336,0.0,0.0,0.5,-0.5903,0.542,0.3923,0.0,1.0,0.0,0.0,0.0,-0.9546,0.2148292,,,
-0.01768,0.1447,1.01,1.389,-0.52,0.7144,-0.3008,1.0,1.0,-0.7397,-0.791,-0.2944,0.0,0.2129,0.0957,0.731,0.3215,0.0921,-0.3088,-0.4957,0.743,-0.5024,0.0889,-0.11816,0.2578,0.1699,0.0,0.0,0.1809,0.0,0.3027,0.7964,-0.5293,-1.134,0.0,-0.5,0.0,-0.3184,0.2947,0.2341,0.0,2.0,0.0,0.0,0.0,-0.823,0.2787216,,,
-0.03873,0.2285,1.059,1.421,0.5293,0.7144,-0.2927,1.0,1.0,-0.769,-0.818,-0.2861,0.0,0.2134,-0.4512,0.8623,0.444,0.187,-0.3047,0.3968,0.72,-0.4956,-0.5024,0.0889,0.258,0.1737,0.0,0.0,0.1887,0.0,0.3208,0.84,-0.552,0.8696,0.0,0.0,0.0,-0.4304,0.4143,0.2876,1.0,0.0,0.0,0.0,0.0,0.6416,0.24438432,,,
0.003582,0.1881,1.075,1.46,-0.005753,0.857,-0.2847,1.0,1.0,-0.7754,-0.831,-0.2822,0.0,0.2137,0.411,0.9463,0.554,0.1865,-0.3008,0.181,0.7026,0.3965,-0.4956,-0.5024,0.2612,0.1786,0.0,0.0,0.1963,0.0,0.329,1.018,-0.6753,0.544,1.0,0.0,0.5,-0.5015,0.3787,0.29,2.0,0.0,0.0,0.0,0.0,0.3962,0.9222535999999996,,,
-0.03433,0.7056,1.253,1.499,2.186,0.857,-0.2764,1.0,1.0,-0.8755,-0.9277,-0.2537,0.0,0.2142,0.1643,1.011,0.663,0.6807,-0.2944,1.3191,0.636,0.1808,0.3965,-0.4956,0.266,0.1843,0.0,0.0,0.209,0.0,0.3909,1.038,-0.6626,3.908,1.0,0.0,0.5,-0.9004,0.8726,0.577,3.0,0.0,0.0,0.0,0.0,2.832,0.0102196,,,
0.00401,0.4858,1.211,1.53,-0.1652,0.857,-0.2683,1.0,1.0,-0.85,-0.908,-0.2585,0.0,0.2147,-0.0993,1.054,0.7637,0.4478,-0.289,-0.2159,0.568,1.318,0.1808,0.3965,0.2703,0.189,0.0,0.0,0.22,0.0,0.3801,0.852,-0.534,-0.5605,1.0,0.0,0.0,-0.72,0.698,0.4756,0.0,1.0,0.0,0.0,0.0,-0.3901,0.1546159999999999,,,
0.2473,-0.5537,0.9126,1.538,-1.826,0.7144,-0.2603,0.0,1.0,-0.661,-0.7534,-0.303,0.0,0.2151,1.277,1.037,0.833,-0.5767,-0.2876,-1.9849,0.4307,-0.2158,1.318,0.1808,0.2625,0.1917,0.0,0.0,0.2266,0.0,0.2832,0.1487,-0.0749,-5.9,1.0,0.0,0.0,0.2092,-0.1532,-0.1587,0.0,2.0,0.0,0.0,0.0,-4.133,0.37506,,,
0.278,-0.2732,0.994,1.54,-0.5015,0.5713,-0.252,0.0,1.0,-0.707,-0.8057,-0.2896,0.0,0.2156,0.981,0.965,0.873,-0.283,-0.2876,0.6334,0.34,-1.984,-0.2158,1.318,0.261,0.1953,0.0,0.0,0.2325,0.0,0.312,0.05246,0.006485,1.85,1.0,0.0,0.0,-0.06155,0.0986,-0.0002687,1.0,0.0,0.0,0.0,0.0,1.381,-0.210448,,,
0.133,-0.3586,0.9585,1.527,0.61,0.4285,-0.2439,0.0,1.0,-0.6978,-0.772,-0.2942,0.0,0.2161,-0.4033,0.878,0.881,-0.3423,-0.2896,-0.2121,0.238,0.6333,-1.984,-0.2158,0.261,0.1984,0.0,0.0,0.2378,0.0,0.302,-0.2327,0.2057,-0.4255,0.0,0.0,-0.5,0.04358,-0.003794,-0.1229,0.0,1.0,0.0,0.0,0.0,-0.3115,-0.3794747999999999,,,
0.2441,-0.6133,0.8696,1.51,1.113,0.2856,-0.2357,0.0,1.0,-0.635,-0.7256,-0.307,0.0,0.2164,0.7065,0.752,0.8564,-0.6045,-0.2903,-0.5946,0.08075,-0.212,0.6333,-1.984,0.2559,0.2003,0.0,0.0,0.2426,0.0,0.2742,-0.3403,0.2705,-1.521,-1.0,-0.5,-0.5,0.3052,-0.2491,-0.4717,0.0,2.0,0.0,0.0,0.0,-1.121,0.06681904,,,
0.1807,-0.0483,1.034,1.513,-1.002,0.2856,-0.2277,1.0,1.0,-0.7383,-0.822,-0.281,0.0,0.2169,0.2761,0.6006,0.81,-0.04022,-0.2896,1.2431,-0.001268,-0.5947,-0.212,0.6333,0.256,0.2035,0.0,0.0,0.2473,0.0,0.3306,0.0605,0.00913,2.703,0.0,0.0,0.0,-0.1917,0.2754,0.07983,1.0,0.0,0.0,0.0,0.0,2.031,-0.2090561600000001,,,
0.1617,-0.2114,0.973,1.497,-5.15,0.1428,-0.2195,0.0,1.0,-0.704,-0.7837,-0.2893,0.0,0.2174,-0.1428,0.4216,0.7446,-0.2207,-0.29,-0.3889,-0.0629,1.243,-0.5947,-0.212,0.247,0.208,0.0,0.0,0.2505,0.0,0.312,-0.3005,0.2588,-0.761,0.0,0.0,-0.5,0.008194,0.0979,-0.1898,0.0,1.0,0.0,0.0,0.0,-0.5503,-0.3357000000000001,,,
0.213,-0.4138,0.8975,1.476,1.795,0.0,-0.2114,0.0,1.0,-0.6543,-0.7407,-0.3,0.0,0.2178,0.08734,0.246,0.6514,-0.4092,-0.2922,-0.4997,-0.1335,-0.389,1.243,-0.5947,0.2365,0.2124,0.0,0.0,0.2527,0.0,0.2886,-0.3848,0.3086,-1.616,-1.0,-0.5,-0.5,0.2457,-0.10144,-0.6,0.0,2.0,0.0,0.0,0.0,-1.183,-0.240812,,,
0.261,-0.5835,0.8257,1.447,0.6787,-0.1428,-0.2032,0.0,1.0,-0.606,-0.6987,-0.31,0.0,0.2183,-0.1476,0.05566,0.536,-0.5957,-0.2942,-0.4769,-0.1142,-0.4995,-0.389,1.243,0.2346,0.2157,0.0,0.0,0.252,0.0,0.2664,-0.505,0.3848,-1.183,-1.0,-1.0,-1.0,0.434,-0.297,-0.8896,0.0,3.0,0.0,0.0,0.0,-0.8794,-0.7199804000000001,,,
0.3152,-1.103,0.648,1.408,1.237,-0.2856,-0.1951,0.0,1.0,-0.4844,-0.5825,-0.3364,0.0,0.2188,-0.04102,-0.09845,0.4268,-1.096,-0.2983,-1.2649,0.008095,-0.4768,-0.4995,-0.389,0.2227,0.2192,0.0,0.0,0.2471,0.0,0.2091,-0.6313,0.4497,-3.69,-1.0,-1.5,-1.0,0.992,-0.7803,-1.282,0.0,4.0,0.0,1.0,-5.93,-2.785,0.1012699999999999,,,
0.2693,-1.024,0.6455,1.377,0.05148,-0.4285,-0.187,0.0,1.0,-0.4866,-0.577,-0.3357,0.0,0.2191,-0.369,-0.1595,0.3057,-1.001,-0.3022,0.03263,0.0974,-1.265,-0.4768,-0.4995,0.212,0.2219,0.0,0.0,0.2427,0.0,0.2103,-0.536,0.3826,0.086,-1.0,-1.0,-0.5,0.887,-0.7095,-1.103,1.0,0.0,0.0,0.0,0.0,0.06757,-1.1041668,,,
0.547,-1.797,0.3855,1.317,1.01,-0.5713,-0.1788,0.0,1.0,-0.2737,-0.4033,-0.3748,0.0,0.2196,1.733,-0.12494,0.1824,-1.776,-0.308,-1.9659,0.3257,0.0325,-1.265,-0.4768,0.1947,0.222,0.0,0.0,0.2355,0.0,0.1248,-0.922,0.62,-5.562,-1.0,-1.0,-1.0,1.808,-1.438,-1.282,0.0,1.0,0.0,0.0,0.0,-4.367,0.37036,,,
0.523,-1.523,0.4194,1.258,-0.03705,-0.7144,-0.1708,0.0,1.0,-0.302,-0.4285,-0.3687,0.0,0.2201,0.6265,0.006096,0.0759,-1.483,-0.3152,0.329,0.4497,-1.965,0.0325,-1.265,0.1722,0.2212,0.0,0.0,0.2267,0.0,0.1381,-0.8926,0.6055,0.916,0.0,-1.0,-1.0,1.463,-1.205,-1.119,1.0,0.0,0.0,0.0,0.0,0.766,-0.168892,,,
0.4998,-1.526,0.3623,1.178,0.1354,-0.857,-0.1626,0.0,1.0,-0.2593,-0.3806,-0.3767,0.0,0.2206,0.259,0.1915,0.03552,-1.501,-0.3232,-0.4281,0.5684,0.3286,-1.965,0.0325,0.1499,0.2197,0.0,0.0,0.2174,0.0,0.12024,-1.339,0.9155,-0.9766,0.0,-1.0,-1.5,1.551,-1.266,-1.055,0.0,1.0,0.0,0.0,0.0,-0.8086,0.3722572000000002,,,
0.451,-0.9775,0.462,1.109,-0.2725,-1.0,-0.1544,0.0,1.0,-0.34,-0.4558,-0.3606,0.0,0.221,0.02802,0.3638,0.0584,-0.9756,-0.3298,0.8681,0.6074,-0.4282,0.3286,-1.965,0.1345,0.2197,0.0,0.0,0.2095,0.0,0.1554,-1.074,0.7427,1.608,1.0,-0.5,-1.0,0.983,-0.839,-0.763,1.0,0.0,0.0,0.0,0.0,1.35,-0.83088,,,
0.4133,-1.463,0.2915,1.054,0.712,-1.0,-0.1464,0.0,1.0,-0.209,-0.3145,-0.3862,0.0,0.2214,0.2166,0.525,0.1469,-1.441,-0.3362,-1.3359,0.711,0.8677,-0.4282,0.3286,0.11505,0.2164,0.0,0.0,0.2002,0.0,0.09955,-0.966,0.6406,-3.314,0.0,-1.0,-1.0,1.539,-1.327,-0.9497,0.0,1.0,0.0,0.0,0.0,-2.707,0.4107880000000001,,,
0.261,-0.9897,0.3755,0.9966,-0.2327,-1.0,-0.1382,0.0,1.0,-0.2888,-0.3716,-0.3723,0.0,0.2219,-0.1638,0.6665,0.266,-0.978,-0.342,0.7591,0.765,-1.335,0.8677,-0.4282,0.10583,0.2135,0.0,0.0,0.1932,0.0,0.1298,-0.9565,0.6475,1.674,1.0,-0.5,-1.0,1.114,-0.836,-0.717,1.0,0.0,0.0,0.0,0.0,1.428,0.0549139999999999,,,
0.2603,-0.867,0.3684,0.943,-0.01061,-1.0,-0.1301,0.0,1.0,-0.2832,-0.3657,-0.3726,0.0,0.2223,-0.011566,0.7866,0.385,-0.888,-0.3462,-0.01713,0.7954,0.7583,-1.335,0.8677,0.09644,0.2106,0.0,0.0,0.1854,0.0,0.1289,-0.929,0.628,-0.0392,0.0,-0.5,-1.0,1.009,-0.792,-0.6597,0.0,1.0,0.0,0.0,0.0,-0.03265,0.6154079999999998,,,
0.2073,-0.0744,0.552,0.913,-0.9443,-0.857,-0.12195,1.0,1.0,-0.4255,-0.504,-0.343,0.0,0.2228,1.005,0.8774,0.4954,-0.0791,-0.3499,1.5691,0.768,-0.01723,0.7583,-1.335,0.1045,0.208,0.0,0.0,0.1798,0.0,0.1929,-0.4514,0.315,4.68,1.0,0.0,-0.5,0.3042,-0.05624,-0.308,1.0,0.0,0.0,0.0,0.0,3.898,-0.1467473199999999,,,
0.1616,-0.0761,0.5127,0.864,-0.1276,-0.857,-0.11383,1.0,1.0,-0.4006,-0.4707,-0.348,0.0,0.2233,-0.185,0.9277,0.5884,-0.1137,-0.3533,-0.2465,0.6606,1.568,-0.01723,0.7583,0.1098,0.2041,0.0,0.0,0.1713,0.0,0.1823,-0.8237,0.576,-0.3584,0.0,0.0,-1.0,0.3896,-0.1608,-0.3267,0.0,1.0,0.0,0.0,0.0,-0.2847,0.720596,,,
0.1495,0.46,0.623,0.8306,18.77,-0.7144,-0.1057,1.0,1.0,-0.4807,-0.5513,-0.3296,0.0,0.2236,0.4114,0.934,0.656,0.4048,-0.3557,0.9444,0.537,-0.2465,1.568,-0.01723,0.1219,0.2015,0.0,0.0,0.1649,0.0,0.2223,-0.5103,0.37,2.104,1.0,0.0,-0.5,0.01631,0.2576,-0.0539,1.0,0.0,0.0,0.0,0.0,1.685,-0.0568759999999999,,,
0.10376,0.7036,0.666,0.808,0.6147,-0.5713,-0.09753,1.0,1.0,-0.5137,-0.5776,-0.3213,0.0,0.2241,0.05124,0.9053,0.702,0.6562,-0.3577,0.4024,0.517,0.944,-0.2465,1.568,0.132,0.1998,0.0,0.0,0.1632,0.0,0.2397,-0.3186,0.241,1.144,1.0,0.5,0.0,-0.1271,0.3901,0.0708,2.0,0.0,0.0,0.0,0.0,0.889,0.4212680000000002,,,
0.08905,1.042,0.7446,0.8003,0.5938,-0.4285,-0.0894,1.0,1.0,-0.5674,-0.6304,-0.3079,0.0,0.2246,0.0247,0.8193,0.721,0.973,-0.357,0.6676,0.4836,0.402,0.944,-0.2465,0.152,0.1978,0.0,0.0,0.1616,0.0,0.269,-0.0711,0.07733,2.146,2.0,0.5,0.5,-0.3835,0.582,0.2815,3.0,0.0,0.0,0.0,0.0,1.648,0.296256,,,
-0.01704,1.138,0.777,0.812,0.224,-0.2856,-0.0813,1.0,1.0,-0.5967,-0.6436,-0.3013,0.0,0.225,-0.472,0.6953,0.719,1.092,-0.3552,0.3114,0.4697,0.667,0.402,0.944,0.17,0.196,0.0,0.0,0.1609,0.0,0.2832,0.3035,-0.1837,0.649,2.0,1.0,1.0,-0.436,0.66,0.3845,4.0,0.0,0.0,0.0,0.0,0.4883,0.2537131199999999,,,
-0.02225,1.258,0.8184,0.828,0.2391,-0.1428,-0.0732,1.0,1.0,-0.624,-0.671,-0.2932,0.0,0.2255,-0.3662,0.527,0.695,1.231,-0.353,0.3853999999999999,0.4946,0.311,0.667,0.402,0.1903,0.1948,0.0,0.0,0.1622,0.0,0.3005,0.3699,-0.2235,0.7324,3.0,1.0,1.0,-0.597,0.665,0.477,5.0,0.0,0.0,0.0,0.0,0.546,-0.1184019999999999,,,
-0.1406,1.027,0.788,0.8657,-0.05057,0.0,-0.06506,1.0,1.0,-0.6143,-0.6406,-0.2964,0.0,0.226,-0.2659,0.3345,0.6396,1.05,-0.349,-0.1522,0.457,0.3853,0.311,0.667,0.2023,0.1941,0.0,0.0,0.1608,0.0,0.2935,0.953,-0.643,-0.3127,2.0,1.0,1.0,-0.4778,0.524,0.4626,0.0,1.0,0.0,0.0,0.0,-0.2302,-0.1877079999999999,,,
-0.1555,1.405,0.9204,0.912,0.497,0.1428,-0.05692,1.0,1.0,-0.6978,-0.7246,-0.2737,0.0,0.2263,-0.0185,0.1584,0.5527,1.345,-0.3396,1.0711,0.5,-0.1522,0.3853,0.311,0.2212,0.1953,0.0,0.0,0.1622,0.0,0.3425,1.057,-0.6953,4.28,2.0,1.0,1.0,-0.789,0.9097,0.7446,1.0,0.0,1.0,0.0,5.625,3.166,0.10326,,,
-0.1837,1.405,0.964,0.968,0.1334,0.2856,-0.04877,1.0,1.0,-0.726,-0.749,-0.2651,0.0,0.2268,-0.1072,0.0717,0.4556,1.382,-0.333,0.4001,0.5874,1.071,-0.1522,0.3853,0.2377,0.1967,0.0,0.0,0.1653,0.0,0.3613,1.257,-0.829,0.9404,2.0,1.5,1.5,-0.8677,0.948,0.7705,2.0,0.0,0.0,0.0,0.0,0.6733,-0.6543611999999999,,,
-0.10724,0.6885,0.801,1.002,-0.3818,0.4285,-0.04065,1.0,1.0,-0.6196,-0.652,-0.2893,0.0,0.2273,0.352,0.08154,0.3506,0.6924,-0.3286,-1.0969,0.619,0.3997,1.071,-0.1522,0.2458,0.1962,0.0,0.0,0.1672,0.0,0.3083,0.73,-0.4768,-1.945,1.0,1.0,1.0,-0.3523,0.4084,0.4297,0.0,1.0,0.0,0.0,0.0,-1.375,0.1111327999999999,,,
-0.1763,0.8574,0.889,1.061,0.3677,0.5713,-0.03253,1.0,1.0,-0.68,-0.703,-0.2737,0.0,0.2278,-0.1859,0.1989,0.263,0.8877,-0.3218,0.7271,0.6904,-1.097,0.3997,1.071,0.2546,0.195,0.0,0.0,0.1729,0.0,0.342,1.279,-0.854,1.412,1.0,1.5,1.5,-0.581,0.6475,0.5464,1.0,0.0,0.0,0.0,0.0,1.033,0.1619762,,,
-0.219,0.872,0.935,1.117,0.1501,0.7144,-0.02438,1.0,1.0,-0.712,-0.7285,-0.2651,0.0,0.2281,-0.53,0.3691,0.2059,0.9204,-0.315,0.4001,0.7705,0.7266,-1.097,0.3997,0.264,0.1946,0.0,0.0,0.1793,0.0,0.3608,1.255,-0.8286,0.7075,2.0,1.5,1.5,-0.6475,0.751,0.5654,2.0,0.0,0.0,0.0,0.0,0.5063,-0.2488812,,,
-0.1385,0.3079,0.8174,1.163,-0.499,0.857,-0.01627,1.0,1.0,-0.633,-0.66,-0.2825,0.0,0.2286,-0.2856,0.545,0.2013,0.372,-0.309,-0.7895,0.7515,0.3997,0.7266,-1.097,0.2666,0.1958,0.0,0.0,0.1876,0.0,0.3228,0.9365,-0.6177,-1.448,1.0,1.0,1.5,-0.2927,0.3257,0.3252,0.0,1.0,0.0,1.0,-2.912,-1.023,-0.2395572,,,
-0.0808,-0.2664,0.6714,1.179,-1.443,0.7144,-0.00813,0.0,1.0,-0.532,-0.5664,-0.3047,0.0,0.2291,0.2133,0.694,0.246,-0.2299,-0.305,-1.0199,0.707,-0.7896,0.3997,0.7266,0.2644,0.195,0.0,0.0,0.1935,0.0,0.2744,0.365,-0.2308,-3.047,0.0,0.5,1.0,0.1984,-0.09375,0.04556,0.0,2.0,0.0,1.0,-3.998,-2.207,0.0385828,,,
-0.05286,-0.3367,0.6646,1.197,0.5405,0.5713,0.0,0.0,1.0,-0.5254,-0.5635,-0.3047,0.0,0.2295,0.09644,0.792,0.3157,-0.2686,-0.3032,0.0001,0.631,-1.02,-0.7896,0.3997,0.2566,0.1942,0.0,0.0,0.2,0.0,0.2744,0.437,-0.2822,0.0,0.0,0.0,1.0,0.1506,-0.1377,0.010666,0.0,0.0,0.0,0.0,0.0,0.0,0.1046492,,,
-0.1015,-0.3286,0.672,1.207,0.09924,0.4285,0.00813,0.0,1.0,-0.534,-0.565,-0.3022,0.0,0.23,-0.1991,0.849,0.3975,-0.2825,-0.3003,0.1085,0.5825,0.0,-1.02,-0.7896,0.2471,0.1946,0.0,0.0,0.2052,0.0,0.279,0.2722,-0.1624,0.1965,0.0,0.0,1.0,0.0899,-0.1045,0.00747,1.0,0.0,0.0,0.0,0.0,0.1472,1.0325332,,,
-0.04886,0.8945,1.032,1.245,-5.152,0.4285,0.01627,1.0,1.0,-0.755,-0.8013,-0.243,0.0,0.2305,0.9995,0.89,0.4993,0.8887,-0.293,2.7441000000000004,0.538,0.1084,0.0,-1.02,0.259,0.1969,0.0,0.0,0.2183,0.0,0.408,0.7075,-0.4163,9.62,0.0,0.5,1.0,-0.853,1.076,0.713,2.0,0.0,1.0,0.0,9.375,7.785,0.2655391999999999,,,
-0.02818,0.8037,1.027,1.275,0.03394,0.4285,0.02438,1.0,1.0,-0.751,-0.801,-0.2421,0.0,0.2308,0.2664,0.9146,0.6045,0.761,-0.2866,0.04264,0.5,2.744,0.1084,0.0,0.267,0.1997,0.0,0.0,0.23,0.0,0.4097,0.6206,-0.3533,0.1508,1.0,0.5,1.0,-0.7837,0.9727,0.665,3.0,0.0,0.0,0.0,0.0,0.1034,0.782676,,,
-0.01096,1.146,1.148,1.3125,0.547,0.4285,0.03253,1.0,1.0,-0.8174,-0.8716,-0.2207,0.0,0.2313,0.31,0.9175,0.704,1.095,-0.2808,0.9351,0.4812,0.04254,2.744,0.1084,0.2783,0.2046,0.0,0.0,0.2438,0.0,0.456,0.7217,-0.405,3.021,2.0,0.5,1.0,-1.009,1.253,0.874,4.0,0.0,0.0,0.0,0.0,2.068,-0.0684436,,,
-0.02539,1.082,1.153,1.346,0.0773,0.4285,0.04065,1.0,1.0,-0.8213,-0.8735,-0.2178,0.0,0.2318,-0.454,0.8896,0.7896,1.044,-0.276,0.12394,0.524,0.9346,0.04254,2.744,0.295,0.2102,0.0,0.0,0.2551,0.0,0.4622,0.6885,-0.3784,0.3354,3.0,1.0,1.0,-0.9424,1.176,0.7905,5.0,0.0,0.0,0.0,0.0,0.2231,-0.1018567999999999,,,
-0.004135,1.758,1.383,1.402,0.754,0.4285,0.04877,1.0,1.0,-0.939,-0.9985,-0.1779,0.0,0.2322,0.3735,0.8667,0.8706,1.714,-0.2676,1.6871,0.6567,0.12384,0.9346,0.04254,0.3271,0.2198,0.0,0.0,0.2705,0.0,0.549,0.952,-0.529,5.363,3.0,1.0,1.5,-1.399,1.702,1.074,5.92,0.0,1.0,0.0,6.457,3.553,0.28314056,,,
-0.06088,1.812,1.434,1.452,0.1647,0.4285,0.05692,1.0,1.0,-0.9683,-1.02,-0.1669,0.0,0.2327,0.077,0.9126,0.95,1.72,-0.258,0.443,0.8125,1.686,0.12384,0.9346,0.3625,0.2301,0.0,0.0,0.2852,0.0,0.5723,0.896,-0.478,1.742,3.0,1.0,1.5,-1.401,1.7,0.973,5.92,0.0,0.0,0.0,0.0,1.097,-0.160124,,,
-0.0627,1.674,1.427,1.498,0.05597,0.4285,0.06506,1.0,1.0,-0.9653,-1.016,-0.1653,0.0,0.2332,-0.2317,0.967,1.009,1.6045,-0.2517,0.0643,0.93,0.4426,1.686,0.12384,0.3975,0.2429,0.0,0.0,0.2993,0.0,0.5757,0.8594,-0.4502,0.1636,3.0,1.5,1.5,-1.318,1.51,0.827,5.92,0.0,0.0,0.0,0.0,0.10156,0.5765236,,,
-0.09753,1.883,1.54,1.57,0.2603,0.4285,0.0732,1.0,1.0,-1.022,-1.068,-0.1439,0.0,0.2335,0.1345,1.038,1.066,1.83,-0.2422,0.8461,1.096,0.0642,0.4426,1.686,0.4229,0.2566,0.0,0.0,0.3142,0.0,0.622,1.313,-0.754,3.055,3.0,1.5,2.0,-1.454,1.674,0.853,5.92,0.0,0.0,0.0,0.0,1.893,-0.4328639999999999,,,
-0.03912,1.438,1.451,1.626,-0.1083,0.4285,0.0813,1.0,1.0,-0.975,-1.03,-0.1555,0.0,0.234,0.1224,1.131,1.117,1.394,-0.2339,-0.4496,1.185,0.8457,0.0642,0.4426,0.4448,0.27,0.0,0.0,0.3274,0.0,0.596,1.07,-0.592,-1.47,2.0,1.5,1.5,-1.1455,1.349,0.6426,0.0,1.0,0.0,0.0,0.0,-0.887,-0.6753519999999998,,,
0.1267,0.738,1.2705,1.661,-0.3591,0.4285,0.0894,1.0,1.0,-0.8716,-0.95,-0.1827,0.0,0.2345,0.7954,1.214,1.147,0.714,-0.2285,-1.0639,1.196,-0.4495,0.8457,0.0642,0.4546,0.281,0.0,0.0,0.3374,0.0,0.5366,0.654,-0.32,-3.22,1.0,1.5,1.0,-0.598,0.8257,0.3604,0.0,2.0,0.0,0.0,0.0,-1.972,0.1621119999999999,,,
0.1183,0.8857,1.35,1.715,0.3262,0.4285,0.09753,1.0,1.0,-0.9126,-0.991,-0.1669,0.0,0.2349,0.4807,1.288,1.164,0.917,-0.223,0.6421,1.211,-1.063,-0.4495,0.8457,0.4675,0.2944,0.0,0.0,0.349,0.0,0.571,0.964,-0.5264,1.707,1.0,1.5,1.5,-0.777,0.9746,0.4355,1.0,0.0,0.0,0.0,0.0,1.081,0.4541071999999998,,,
0.01222,1.002,1.4375,1.794,0.2617,0.5713,0.1057,1.0,1.0,-0.9644,-1.027,-0.1494,0.0,0.2354,-0.3462,1.397,1.225,0.989,-0.21,0.6940999999999999,1.275,0.6416,-1.063,-0.4495,0.4749,0.3079,0.0,0.0,0.3604,0.0,0.609,1.354,-0.7876,3.1,1.0,1.5,2.0,-0.91,1.174,0.508,2.0,0.0,0.0,0.0,0.0,1.924,-0.7846152000000001,,,
0.145,0.3445,1.285,1.858,-0.515,0.7144,0.11383,1.0,1.0,-0.8774,-0.9595,-0.1721,0.0,0.2358,0.963,1.491,1.299,0.328,-0.2,-0.8799,1.289,0.6934,0.6416,-1.063,0.4734,0.32,0.0,0.0,0.369,0.0,0.5586,1.032,-0.58,-6.586,0.0,1.0,2.0,-0.4263,0.763,0.2832,0.0,1.0,0.0,0.0,0.0,-4.0,-0.7307800000000002,,,
0.3801,-0.5977,1.025,1.896,-2.23,0.7144,0.12195,0.0,1.0,-0.717,-0.833,-0.2129,0.0,0.2363,1.441,1.517,1.348,-0.5503,-0.1964,-1.6289,1.218,-0.88,0.6934,0.6416,0.4614,0.3281,0.0,0.0,0.3757,0.0,0.4692,0.5664,-0.2866,-7.676,0.0,0.5,1.5,0.2644,-0.01486,-0.0749,0.0,2.0,0.0,0.0,0.0,-4.797,0.2104799999999999,,,
0.2136,-0.4834,1.06,1.904,-0.1029,0.5713,0.1301,0.0,1.0,-0.75,-0.8394,-0.2045,0.0,0.2367,0.12476,1.521,1.389,-0.4749,-0.1918,0.3543,1.168,-1.628,-0.88,0.6934,0.4458,0.337,0.0,0.0,0.382,0.0,0.4873,0.2499,-0.05283,1.329,1.0,0.5,1.5,0.1338,0.1494,-0.03111,1.0,0.0,0.0,0.0,0.0,0.8755,-0.3187388,,,
0.2908,-0.9585,0.909,1.897,1.396,0.4285,0.1382,0.0,1.0,-0.6553,-0.7544,-0.2274,0.0,0.2372,0.4988,1.483,1.414,-0.9688,-0.1895,-0.9564,1.129,0.354,-1.628,-0.88,0.4275,0.343,0.0,0.0,0.3855,0.0,0.437,0.02492,0.0857,-3.178,0.0,0.0,1.0,0.5454,-0.2578,-0.2484,0.0,1.0,0.0,0.0,0.0,-2.07,0.3871812,,,
0.209,-0.7104,0.971,1.886,-0.1688,0.2856,0.1464,0.0,1.0,-0.6987,-0.786,-0.2145,0.0,0.2377,-0.3203,1.399,1.418,-0.732,-0.1885,0.5558,1.045,-0.956,0.354,-1.628,0.4194,0.3496,0.0,0.0,0.3916,0.0,0.465,-0.04242,0.1462,1.499,0.0,0.0,1.0,0.3123,0.02274,-0.1669,1.0,0.0,0.0,0.0,0.0,1.006,-0.4005639999999999,,,
0.3142,-1.062,0.846,1.861,0.7295,0.1428,0.1544,0.0,1.0,-0.6147,-0.7163,-0.2333,0.0,0.238,0.3013,1.251,1.392,-1.081,-0.1895,-0.7919,0.8906,0.555,-0.956,0.354,0.4023,0.3542,0.0,0.0,0.398,0.0,0.4238,-0.2184,0.254,-2.723,0.0,-0.5,0.5,0.595,-0.3545,-0.4011,0.0,1.0,0.0,0.0,0.0,-1.796,0.5642453599999999,,,
0.1917,-0.922,0.853,1.814,-0.01921,0.0,0.1626,0.0,1.0,-0.629,-0.711,-0.2297,0.0,0.2385,-0.3538,1.069,1.324,-0.9727,-0.1917,0.154,0.703,-0.7915,0.555,-0.956,0.3818,0.3584,0.0,0.0,0.4048,0.0,0.4314,-0.571,0.509,0.3738,1.0,0.0,0.5,0.4812,-0.2708,-0.445,1.0,0.0,0.0,0.0,0.0,0.253,0.7215908,,,
0.1368,-0.3364,0.9956,1.776,-0.611,-0.1428,0.1708,0.0,1.0,-0.719,-0.795,-0.2029,0.0,0.239,-0.06396,0.8804,1.222,-0.4019,-0.1938,1.1561,0.4546,0.1539,-0.7915,0.555,0.374,0.364,0.0,0.0,0.4138,0.0,0.4897,-0.4043,0.4155,3.027,1.0,0.5,0.5,0.04718,0.2795,-0.206,2.0,0.0,0.0,0.0,0.0,2.037,0.0841079999999999,,,
0.1202,-0.1448,1.023,1.741,-0.6694,-0.2856,0.1788,0.0,1.0,-0.737,-0.8105,-0.1954,0.0,0.2394,-0.1924,0.663,1.107,-0.2303,-0.1952,0.3094,0.3933,1.155,0.1539,-0.7915,0.3784,0.37,0.0,0.0,0.4182,0.0,0.506,-0.3481,0.3826,0.764,2.0,0.5,0.5,-0.0845,0.3499,-0.1337,3.0,0.0,0.0,0.0,0.0,0.4966,-0.2821239999999999,,,
0.1514,-0.2406,0.9556,1.6875,1.747,-0.4285,0.187,0.0,1.0,-0.6943,-0.772,-0.2045,0.0,0.2399,0.3787,0.4556,0.9756,-0.3418,-0.1986,-0.3727,0.3284,0.309,1.155,0.1539,0.3784,0.3745,0.0,0.0,0.4214,0.0,0.4858,-0.63,0.575,-0.9062,1.0,0.0,0.0,0.08936,0.1613,-0.3162,0.0,1.0,0.0,0.0,0.0,-0.583,0.4219072,,,
0.0806,0.1332,1.033,1.65,-2.373,-0.4285,0.1951,1.0,1.0,-0.7456,-0.813,-0.1882,0.0,0.2404,-0.2517,0.267,0.828,0.03452,-0.2014,0.6741,0.303,-0.3728,0.309,1.155,0.3884,0.3792,0.0,0.0,0.4246,0.0,0.521,-0.3784,0.4111,0.5625,2.0,0.5,0.5,-0.1859,0.3906,-0.07404,1.0,0.0,0.0,0.0,0.0,0.3665,0.1408508,,,
0.01909,0.123,1.013,1.63,0.08276,-0.4285,0.2032,1.0,1.0,-0.739,-0.7954,-0.1892,0.0,0.2407,0.01513,0.0732,0.6626,0.03214,-0.2023,-0.0394799999999999,0.2788,0.6733,-0.3728,0.309,0.395,0.3853,0.0,0.0,0.427,0.0,0.5186,-0.1573,0.2524,-0.11304,1.0,0.5,0.5,-0.1647,0.3027,-0.1148,0.0,1.0,0.0,0.0,0.0,-0.0721,-0.2896812,,,
-0.0588,0.06445,0.97,1.598,-0.1729,-0.4285,0.2114,1.0,1.0,-0.7197,-0.7637,-0.1941,0.0,0.2412,-0.5615,-0.121,0.4978,-0.0448,-0.2032,-0.198,0.2751,-0.03958,0.6733,-0.3728,0.405,0.3901,0.0,0.0,0.4255,0.0,0.508,-0.372,0.401,-0.4495,0.0,0.0,0.0,-0.0808,0.1606,-0.1859,0.0,2.0,0.0,0.0,0.0,-0.287,-0.2598812,,,
-0.0095,-0.0658,0.8965,1.549,-0.8213,-0.4285,0.2195,1.0,1.0,-0.672,-0.7217,-0.2045,0.0,0.2417,0.328,-0.1431,0.3464,-0.1616,-0.2076,-0.4252,0.2627,-0.1981,-0.03958,0.6733,0.4114,0.3938,0.0,0.0,0.422,0.0,0.485,-0.6753,0.6074,-1.021,-1.0,0.0,-0.5,0.08575,-0.0647,-0.3381,0.0,3.0,0.0,0.0,0.0,-0.6567,-0.6318799999999999,,,
-0.00406,-0.3384,0.7876,1.504,-14.766,-0.5713,0.2277,0.0,1.0,-0.6025,-0.652,-0.2213,0.0,0.2421,0.692,-0.02628,0.2021,-0.3474,-0.2153,-0.7006,0.263,-0.4253,-0.1981,-0.03958,0.4067,0.3975,0.0,0.0,0.417,0.0,0.448,-0.629,0.5586,-2.66,-1.0,-0.5,-0.5,0.326,-0.4187,-0.5884,0.0,4.0,0.0,0.0,0.0,-1.732,-0.8079159999999997,,,
-0.005444,-0.87,0.6133,1.469,2.346,-0.5713,0.2357,0.0,1.0,-0.4863,-0.5312,-0.2499,0.0,0.2426,0.2646,0.0904,0.0989,-0.857,-0.2189,-1.2119,0.2598,-0.7,-0.4253,-0.1981,0.3928,0.401,0.0,0.0,0.4075,0.0,0.3857,-0.5215,0.4543,-3.094,-2.0,-0.5,-0.5,0.8613,-0.8765,-1.005,0.0,5.0,0.0,0.0,0.0,-2.059,0.1606784,,,
-0.01616,-0.7383,0.6226,1.43,-0.04523,-0.5713,0.2439,0.0,1.0,-0.4937,-0.537,-0.2462,0.0,0.243,0.1677,0.1838,0.04318,-0.7256,-0.2218,0.1576,0.2522,-1.212,-0.7,-0.4253,0.382,0.4043,0.0,0.0,0.3992,0.0,0.3933,-0.591,0.5073,0.3904,-1.0,-0.5,-0.5,0.6826,-0.7793,-0.8667,1.0,0.0,0.0,0.0,0.0,0.27,-0.7563304,,,
0.1357,-1.393,0.4124,1.385,1.198,-0.5713,0.252,0.0,1.0,-0.3274,-0.3909,-0.2815,0.0,0.2435,1.52,0.267,0.0333,-1.357,-0.2266,-1.5529,0.4004,0.1575,-1.212,-0.7,0.3584,0.4055,0.0,0.0,0.3904,0.0,0.3162,-0.6963,0.549,-5.047,-1.0,-1.0,-0.5,1.361,-1.367,-1.219,0.0,1.0,0.0,0.0,0.0,-3.475,0.379088,,,
0.1317,-1.119,0.4553,1.336,-0.09,-0.5713,0.2603,0.0,1.0,-0.3606,-0.4243,-0.2722,0.0,0.2439,-0.00276,0.3403,0.073,-1.07,-0.2314,0.4344,0.4429,-1.553,0.1575,-1.212,0.3372,0.4038,0.0,0.0,0.3809,0.0,0.3364,-0.748,0.5947,1.204,0.0,-1.0,-0.5,1.037,-1.073,-0.958,1.0,0.0,0.0,0.0,0.0,0.8716,0.7630144,,,
0.08826,-0.6797,0.556,1.312,-0.3186,-0.5713,0.2683,0.0,1.0,-0.4382,-0.4973,-0.2524,0.0,0.2444,0.3965,0.3901,0.1497,-0.6104,-0.234,0.9015,0.3496,0.434,-1.553,0.1575,0.3223,0.4033,0.0,0.0,0.3716,0.0,0.3794,-0.31,0.3008,2.26,1.0,-0.5,0.0,0.611,-0.5537,-0.6396,2.0,0.0,0.0,0.0,0.0,1.613,0.2559719999999999,,,
0.0747,-0.5464,0.5747,1.288,-0.1048,-0.5713,0.2764,0.0,1.0,-0.4526,-0.51,-0.2472,0.0,0.2449,-0.3503,0.415,0.2173,-0.4792,-0.2352,0.2299999999999999,0.2954,0.901,0.434,-1.553,0.3113,0.4016,0.0,0.0,0.3647,0.0,0.3904,-0.29,0.2915,0.497,2.0,-0.5,0.0,0.4246,-0.4612,-0.5186,3.0,0.0,0.0,0.0,0.0,0.3452,-0.6936856,,,
0.2505,-0.983,0.421,1.232,1.136,-0.5713,0.2847,0.0,1.0,-0.325,-0.4072,-0.2727,0.0,0.2452,1.819,0.4373,0.28,-0.938,-0.2389,-1.1269,0.359,0.2299,0.901,0.434,0.298,0.3982,0.0,0.0,0.3591,0.0,0.3345,-0.8823,0.6895,-3.33,1.0,-0.5,-0.5,0.916,-0.8774,-0.853,0.0,1.0,0.0,0.0,0.0,-2.297,-0.118906,,,
0.368,-1.071,0.3547,1.167,0.2378,-0.5713,0.2927,0.0,1.0,-0.264,-0.3635,-0.283,0.0,0.2457,1.072,0.4773,0.3474,-0.999,-0.2463,-0.4584,0.4246,-1.127,0.2299,0.901,0.2898,0.3918,0.0,0.0,0.352,0.0,0.3123,-1.066,0.8115,-1.539,1.0,-0.5,-1.0,1.044,-0.999,-0.8965,0.0,2.0,0.0,0.0,0.0,-1.101,-0.0129724,,,
0.395,-1.166,0.2876,1.101,0.2356,-0.5713,0.3008,0.0,1.0,-0.2074,-0.3098,-0.2932,0.0,0.2462,0.5527,0.5366,0.4126,-1.091,-0.253,-0.4799,0.5195,-0.4583,-1.127,0.2299,0.2776,0.384,0.0,0.0,0.3462,0.0,0.2896,-1.074,0.807,-1.503,0.0,-0.5,-1.0,1.156,-1.137,-0.926,0.0,3.0,0.0,0.0,0.0,-1.09,0.8442000000000001,,,
0.3738,-0.4675,0.4292,1.039,-0.5547,-0.7144,0.3088,0.0,1.0,-0.3213,-0.4238,-0.266,0.0,0.2466,0.3728,0.578,0.46,-0.4487,-0.2559,1.2791,0.5327,-0.48,-0.4583,-1.127,0.2817,0.378,0.0,0.0,0.3416,0.0,0.3486,-0.907,0.714,3.496,0.0,0.0,-1.0,0.589,-0.4246,-0.5137,1.0,0.0,0.0,0.0,0.0,2.574,0.015952,,,
0.3499,-0.3381,0.422,0.979,-0.2244,-0.857,0.3171,0.0,1.0,-0.3179,-0.4163,-0.2654,0.0,0.2471,-0.125,0.605,0.505,-0.326,-0.261,0.0294,0.552,1.279,-0.48,-0.4583,0.2834,0.3706,0.0,0.0,0.3386,0.0,0.3499,-0.8916,0.703,0.09106,0.0,0.5,-0.5,0.5303,-0.3826,-0.4773,2.0,0.0,0.0,0.0,0.0,0.06445,0.12076,,,
0.3594,-0.1365,0.436,0.9243,-0.7056,-1.0,0.3252,0.0,1.0,-0.328,-0.428,-0.2607,0.0,0.2476,-0.2235,0.6,0.543,-0.1478,-0.2646,0.2049,0.561,0.02928,1.279,-0.48,0.2812,0.3643,0.0,0.0,0.336,0.0,0.3596,-0.794,0.638,0.332,1.0,0.5,0.0,0.401,-0.2761,-0.394,3.0,0.0,0.0,0.0,0.0,0.2349,0.0183404,,,
0.2827,0.1698,0.4836,0.8813,-5.8,-1.0,0.3333,1.0,1.0,-0.3696,-0.4587,-0.2502,0.0,0.2479,-0.1666,0.587,0.573,0.1531,-0.2678,0.4798,0.529,0.2047,0.02928,1.279,0.2805,0.36,0.0,0.0,0.3315,0.0,0.3826,-0.5728,0.4905,1.031,2.0,1.0,0.5,0.1716,-0.0701,-0.2252,4.0,0.0,0.0,0.0,0.0,0.7246,-0.1323311999999999,,,
0.1842,0.163,0.458,0.8477,0.1042,-0.857,0.3416,1.0,1.0,-0.3584,-0.431,-0.2527,0.0,0.2484,-0.506,0.5967,0.593,0.1758,-0.2715,-0.1144599999999999,0.4736,0.4795,0.2047,0.02928,0.2856,0.3547,0.0,0.0,0.3264,0.0,0.377,-0.4478,0.3987,-0.0918,2.0,0.5,0.5,0.1594,-0.1786,-0.227,0.0,1.0,0.0,0.0,0.0,-0.0636,-0.058824,,,
0.0792,0.1146,0.4336,0.831,-0.07806,-0.7144,0.3496,1.0,1.0,-0.3484,-0.403,-0.2554,0.0,0.2489,-0.6123,0.5825,0.6006,0.1453,-0.2727,-0.1149,0.4307,-0.11456,0.4795,0.2047,0.2927,0.3484,0.0,0.0,0.3218,0.0,0.3713,-0.166,0.1953,-0.0577,1.0,0.0,0.5,0.1984,-0.2229,-0.2325,0.0,2.0,0.0,0.0,0.0,-0.0401,0.4674126399999999,,,
0.01151,0.4932,0.5205,0.8223,2.197,-0.5713,0.3577,1.0,1.0,-0.4185,-0.464,-0.2375,0.0,0.2493,-0.4858,0.5376,0.5923,0.5405,-0.273,0.7936,0.3323,-0.1149,-0.11456,0.4795,0.307,0.3445,0.0,0.0,0.3174,0.0,0.41,0.01011,0.0867,1.116,1.0,0.0,0.5,-0.1625,0.0686,0.08844,1.0,0.0,0.0,0.0,0.0,0.7783,0.1605536,,,
-0.09894,0.2703,0.4695,0.8315,-0.2815,-0.4285,0.366,1.0,1.0,-0.3896,-0.4163,-0.245,0.0,0.2498,-0.2101,0.471,0.5557,0.3403,-0.2712,-0.3236,0.2122,0.793,-0.1149,-0.11456,0.3123,0.3425,0.0,0.0,0.3123,0.0,0.3936,0.4226,-0.2148,-0.6943,0.0,0.0,0.5,-0.017,-0.09216,0.0305,0.0,1.0,0.0,0.0,0.0,-0.4724,0.1756867999999999,,,
-0.1256,0.1937,0.4512,0.835,-0.0989,-0.2856,0.374,1.0,1.0,-0.378,-0.4,-0.2466,0.0,0.2502,-0.4226,0.3904,0.4895,0.253,-0.269,-0.071,0.08167,-0.3237,0.793,-0.1149,0.3171,0.3398,0.0,0.0,0.3074,0.0,0.39,0.2861,-0.1191,-0.1315,-1.0,0.0,0.0,-0.0217,-0.1722,0.0814,0.0,2.0,0.0,0.0,0.0,-0.0904,-0.2164404,,,
-0.142,-0.03925,0.382,0.82,-0.772,-0.1428,0.382,1.0,1.0,-0.3262,-0.3438,-0.2576,0.0,0.2507,-0.08264,0.2903,0.4158,0.002642,-0.2686,-0.4845,-0.03955,-0.0711,-0.3237,0.793,0.3179,0.3381,0.0,0.0,0.3027,0.0,0.3657,-0.1765,0.2007,-1.198,-1.0,0.0,-0.5,0.1909,-0.3662,-0.1067,0.0,3.0,0.0,0.0,0.0,-0.825,1.21412,,,
-0.0941,0.909,0.6216,0.828,18.77,0.0,0.3901,1.0,1.0,-0.4993,-0.5303,-0.2115,0.0,0.2512,0.6333,0.1465,0.3472,0.925,-0.2651,2.0551000000000004,-0.001127,-0.4844,-0.0711,-0.3237,0.3276,0.3381,0.0,0.0,0.3035,0.0,0.4656,0.34,-0.1241,6.926,0.0,0.0,-0.5,-0.563,0.51,1.07,1.0,0.0,0.0,0.0,0.0,4.848,0.4598600000000001,,,
-0.2335,1.067,0.681,0.8604,0.3044,0.1428,0.3984,1.0,1.0,-0.5513,-0.5605,-0.1986,0.0,0.2515,0.09766,-0.0098,0.268,1.096,-0.2605,0.5441,0.1346,2.055,-0.4844,-0.0711,0.3416,0.3403,0.0,0.0,0.308,0.0,0.4937,0.8794,-0.4966,1.682,0.0,0.0,0.0,-0.703,0.664,1.065,2.0,0.0,0.0,0.0,0.0,1.105,-0.1810548,,,
-0.319,0.8774,0.656,0.8955,-0.04355,0.2856,0.4065,1.0,1.0,-0.541,-0.5356,-0.2013,0.0,0.252,-0.3025,-0.07245,0.1835,0.869,-0.253,-0.1069,0.2299,0.544,2.055,-0.4844,0.3555,0.342,0.0,0.0,0.3123,0.0,0.4878,1.028,-0.605,-0.2925,0.0,-0.5,0.0,-0.6064,0.5254,0.8374,0.0,1.0,0.0,0.0,0.0,-0.189,0.25704,,,
-0.3503,1.01,0.7207,0.946,0.2803,0.4285,0.4146,1.0,1.0,-0.587,-0.578,-0.187,0.0,0.2524,0.2102,0.01707,0.1213,0.9653,-0.2439,0.5904,0.3245,-0.10693,0.544,2.055,0.3684,0.343,0.0,0.0,0.3208,0.0,0.5186,1.331,-0.808,1.779,1.0,-0.5,0.5,-0.7925,0.659,0.8965,1.0,0.0,0.0,0.0,0.0,1.153,-0.06736,,,
-0.3667,0.869,0.7056,0.979,-0.00393,0.5713,0.4229,1.0,1.0,-0.578,-0.5664,-0.1876,0.0,0.253,0.1616,0.2006,0.10626,0.7534,-0.235,-0.02625,0.4011,0.59,-0.10693,0.544,0.383,0.3435,0.0,0.0,0.3284,0.0,0.5166,1.164,-0.689,-0.10187,1.0,-0.5,0.0,-0.706,0.5654,0.7437,0.0,1.0,0.0,0.0,0.0,-0.0649,0.2679648,,,
-0.3748,0.978,0.7573,1.019,0.2554,0.7144,0.431,1.0,1.0,-0.6133,-0.601,-0.1757,0.0,0.2534,-0.1206,0.406,0.1324,0.8545,-0.2283,0.4879,0.5117,-0.02634,0.59,-0.10693,0.4011,0.3452,0.0,0.0,0.3354,0.0,0.5425,1.234,-0.728,1.077,1.0,0.0,0.0,-0.805,0.697,0.7695,1.0,0.0,0.0,0.0,0.0,0.6865,-0.7630079999999998,,,
-0.2483,0.357,0.611,1.04,-0.4932,0.857,0.439,1.0,1.0,-0.504,-0.5093,-0.2009,0.0,0.254,0.776,0.59,0.1858,0.2323,-0.2234,-1.0129,0.5444,0.4875,-0.02634,0.59,0.4155,0.3445,0.0,0.0,0.3396,0.0,0.4873,0.683,-0.3586,-3.54,0.0,-0.5,-0.5,-0.3025,0.235,0.375,0.0,1.0,0.0,0.0,0.0,-2.22,0.0814812,,,
-0.2119,-0.004517,0.52,1.046,-0.748,0.857,0.4473,1.0,1.0,-0.436,-0.4453,-0.2158,0.0,0.2544,-0.0953,0.732,0.2598,-0.1348,-0.2203,-0.6166,0.5215,-1.013,0.4875,-0.02634,0.4146,0.3428,0.0,0.0,0.3447,0.0,0.4546,0.34,-0.1282,-2.086,0.0,-0.5,-1.0,0.003864,-0.0285,0.1428,0.0,2.0,0.0,0.0,0.0,-1.352,0.5872399199999999,,,
-0.1278,0.3254,0.6147,1.065,4.723,0.857,0.4553,1.0,1.0,-0.4968,-0.522,-0.1957,0.0,0.2546,0.9463,0.8193,0.3447,0.2384,-0.2186,0.8478,0.4915,-0.6167,-1.013,0.4875,0.4153,0.3428,0.0,0.0,0.3528,0.0,0.498,0.5605,-0.266,3.291,0.0,0.0,-0.5,-0.282,0.341,0.3704,1.0,0.0,0.0,0.0,0.0,2.174,0.2176,,,
-0.11523,0.482,0.6714,1.095,0.5444,0.857,0.4634,1.0,1.0,-0.535,-0.5635,-0.1827,0.0,0.2551,-0.2092,0.8647,0.4285,0.457,-0.2166,0.5327999999999999,0.4312,0.8477,-0.6167,-1.013,0.42,0.344,0.0,0.0,0.3628,0.0,0.526,0.696,-0.3503,1.48,1.0,0.5,0.0,-0.4587,0.4988,0.51,2.0,0.0,0.0,0.0,0.0,0.9536,-0.0487543999999999,,,
-0.1313,0.3628,0.65,1.112,-0.09296,0.857,0.4714,1.0,1.0,-0.5215,-0.547,-0.1847,0.0,0.2556,-0.504,0.8716,0.5063,0.3667,-0.2141,-0.0785,0.4194,0.5327,0.8477,-0.6167,0.4204,0.3462,0.0,0.0,0.37,0.0,0.5215,0.5303,-0.234,-0.1653,0.0,0.0,-0.5,-0.386,0.397,0.4268,0.0,1.0,0.0,0.0,0.0,-0.1047,-0.423328,,,
-0.08636,0.0535,0.577,1.128,-0.611,0.857,0.4797,1.0,1.0,-0.4673,-0.4983,-0.1964,0.0,0.256,-0.1241,0.8506,0.5728,0.0789,-0.2115,-0.4729,0.3738,-0.0786,0.5327,0.8477,0.4182,0.3496,0.0,0.0,0.3762,0.0,0.496,0.4675,-0.2004,-1.136,0.0,-0.5,-0.5,-0.1332,0.1782,0.2144,0.0,2.0,0.0,0.0,0.0,-0.7207,-0.2533184,,,
0.007504,-0.2874,0.4922,1.136,-2.568,0.7144,0.4878,0.0,1.0,-0.3982,-0.4424,-0.2106,0.0,0.2566,0.3577,0.802,0.624,-0.2512,-0.2094,-0.5863,0.3157,-0.4727,-0.0786,0.5327,0.4094,0.3518,0.0,0.0,0.3809,0.0,0.4648,0.2952,-0.09106,-1.356,0.0,-0.5,-0.5,0.1343,-0.0828,-0.04553,0.0,3.0,0.0,0.0,0.0,-0.874,-0.7313160000000002,,,
0.1798,-0.981,0.308,1.132,3.73,0.5713,0.4958,0.0,1.0,-0.2412,-0.3093,-0.244,0.0,0.257,1.127,0.6953,0.652,-0.9287,-0.209,-1.3989,0.3037,-0.5864,-0.4727,-0.0786,0.3984,0.354,0.0,0.0,0.3813,0.0,0.3918,0.03818,0.06042,-5.11,-1.0,-1.0,-0.5,0.697,-0.7163,-0.6167,0.0,4.0,0.0,0.0,0.0,-3.354,0.4907900000000001,,,
0.02043,-0.674,0.371,1.106,-0.2314,0.4285,0.504,0.0,1.0,-0.3047,-0.3481,-0.2301,0.0,0.2573,-0.1958,0.5435,0.65,-0.637,-0.2096,0.6111,0.2646,-1.398,-0.5864,-0.4727,0.3948,0.3567,0.0,0.0,0.3835,0.0,0.4219,-0.305,0.3186,1.707,-1.0,-0.5,-0.5,0.3928,-0.3967,-0.4126,1.0,0.0,0.0,0.0,0.0,1.172,-0.0172715999999999,,,
0.1307,-1.195,0.207,1.058,1.073,0.2856,0.512,0.0,1.0,-0.1608,-0.2181,-0.2598,0.0,0.2578,0.3042,0.3389,0.6123,-1.14,-0.2147,-1.2819,0.2773,0.6104,-1.398,-0.5864,0.3784,0.3562,0.0,0.0,0.383,0.0,0.3567,-0.7354,0.597,-5.31,-1.0,-1.0,-1.0,0.976,-0.865,-0.9263,0.0,1.0,0.0,0.0,0.0,-3.576,0.1015228,,,
0.2756,-1.5,0.0946,0.9976,0.4258,0.1428,0.5205,0.0,1.0,-0.0496,-0.1273,-0.28,0.0,0.2583,0.9873,0.1277,0.545,-1.444,-0.2202,-0.9003,0.3882,-1.281,0.6104,-1.398,0.3535,0.3542,0.0,0.0,0.3792,0.0,0.3127,-0.8545,0.663,-3.018,-1.0,-1.0,-1.0,1.312,-1.172,-1.112,0.0,2.0,0.0,0.0,0.0,-2.117,0.1336116,,,
0.2803,-1.3125,0.10406,0.9316,-0.00793,0.0,0.5283,0.0,1.0,-0.05783,-0.1366,-0.2766,0.0,0.2588,0.566,-0.01479,0.459,-1.227,-0.2281,0.1495,0.4639,-0.9,-1.281,0.6104,0.33,0.354,0.0,0.0,0.3762,0.0,0.3196,-1.005,0.774,0.5986,0.0,-0.5,-1.0,1.148,-0.9863,-0.9707,1.0,0.0,0.0,0.0,0.0,0.4324,0.2858241199999999,,,
0.2202,-1.076,0.1267,0.8696,-0.0713,-0.1428,0.5366,0.0,1.0,-0.083,-0.1527,-0.271,0.0,0.2593,-0.2274,-0.02362,0.3667,-0.9917,-0.2341,0.2677,0.514,0.1493,-0.9,-1.281,0.311,0.3547,0.0,0.0,0.374,0.0,0.332,-0.9194,0.7183,0.599,1.0,-0.5,-0.5,0.9316,-0.7896,-0.8345,2.0,0.0,0.0,0.0,0.0,0.4304,0.216986,,,
0.2183,-1.006,0.10297,0.799,0.0577,-0.2856,0.5366,0.0,1.0,-0.06177,-0.1305,-0.2742,0.0,0.2598,-0.0924,0.0659,0.2646,-0.964,-0.2389,-0.1474,0.552,0.2676,0.1493,-0.9,0.2947,0.3557,0.0,0.0,0.3726,0.0,0.325,-1.111,0.8516,-0.3818,0.0,-1.0,-1.0,0.8755,-0.8335,-0.843,0.0,1.0,0.0,0.0,0.0,-0.2722,0.2796800000000002,,,
0.1278,-0.844,0.1117,0.7466,-0.05368,-0.4285,0.5366,0.0,1.0,-0.07697,-0.1311,-0.2712,0.0,0.26,-0.0601,0.2069,0.1776,-0.7866,-0.2448,0.1334,0.6094,-0.1475,0.2676,0.1493,0.2878,0.3555,0.0,0.0,0.3672,0.0,0.331,-0.9062,0.7085,0.3506,1.0,-0.5,-0.5,0.7236,-0.731,-0.733,1.0,0.0,0.0,0.0,0.0,0.251,-0.1185819999999998,,,
0.1327,-0.957,0.05576,0.698,0.2915,-0.5713,0.5366,0.0,1.0,-0.02516,-0.07855,-0.281,0.0,0.2605,-0.2502,0.3542,0.1245,-0.8965,-0.2495,-0.4425,0.666,0.1333,-0.1475,0.2676,0.275,0.3545,0.0,0.0,0.3599,0.0,0.3096,-0.8677,0.6714,-1.074,1.0,-0.5,-0.5,0.832,-0.8887,-0.7725,0.0,1.0,0.0,0.0,0.0,-0.766,0.314316,,,
0.003574,-0.846,0.04742,0.638,-0.001515,-0.7144,0.5366,0.0,1.0,-0.02771,-0.05984,-0.2815,0.0,0.261,-0.4187,0.505,0.1348,-0.7964,-0.2551,-0.02982,0.711,-0.4424,0.1333,-0.1475,0.2693,0.3533,0.0,0.0,0.3525,0.0,0.308,-1.235,0.933,-0.06244,0.0,-0.5,-1.0,0.7476,-0.858,-0.7104,0.0,2.0,0.0,0.0,0.0,-0.04517,0.97080036,,,
0.0002942,-0.03476,0.211,0.5884,-1.0,-0.7144,0.5366,1.0,1.0,-0.1747,-0.2108,-0.2485,0.0,0.2615,0.711,0.64,0.2002,0.00619,-0.2595,1.5271,0.674,-0.0299,-0.4424,0.1333,0.2773,0.3533,0.0,0.0,0.347,0.0,0.38,-0.8726,0.706,3.646,0.0,0.0,-1.0,0.1396,-0.08093,-0.295,1.0,0.0,0.0,0.0,0.0,2.639,-0.350264,,,
0.05496,-0.1514,0.1497,0.533,-2.545,-0.857,0.5366,0.0,1.0,-0.11676,-0.1602,-0.2593,0.0,0.262,-0.04355,0.7437,0.289,-0.1512,-0.263,-0.4716,0.637,1.526,-0.0299,-0.4424,0.2817,0.353,0.0,0.0,0.3403,0.0,0.3564,-0.936,0.741,-1.022,0.0,-0.5,-1.0,0.3303,-0.2805,-0.3882,0.0,1.0,0.0,0.0,0.0,-0.7065,0.06044,,,
0.00986,-0.0666,0.1392,0.4836,-1.159,-0.857,0.5366,1.0,1.0,-0.111,-0.1469,-0.2598,0.0,0.2625,-0.4622,0.8096,0.381,-0.0903,-0.2664,-0.0289,0.5547,-0.4714,1.526,-0.0299,0.2847,0.3528,0.0,0.0,0.3328,0.0,0.355,-0.8555,0.6826,-0.0473,-1.0,-0.5,-1.0,0.2937,-0.306,-0.3608,0.0,2.0,0.0,0.0,0.0,-0.03317,0.2987414400000001,,,
-0.0832,0.1898,0.1766,0.4482,18.75,-0.7144,0.5366,1.0,1.0,-0.1516,-0.1732,-0.2512,0.0,0.263,-0.634,0.827,0.4639,0.16,-0.2693,0.3921,0.5146,-0.02899,-0.4714,1.526,0.2905,0.3518,0.0,0.0,0.3284,0.0,0.3738,-0.5947,0.5054,0.844,0.0,0.0,-0.5,0.064,-0.184,-0.2153,1.0,0.0,0.0,0.0,0.0,0.5923,-0.3178859999999999,,,
-0.1576,0.03558,0.1288,0.429,-0.4746,-0.5713,0.5366,1.0,1.0,-0.1152,-0.1234,-0.2593,0.0,0.2632,0.02936,0.7954,0.5327,0.03235,-0.2715,-0.3585,0.499,0.3918,-0.02899,-0.4714,0.2935,0.351,0.0,0.0,0.3245,0.0,0.356,-0.3142,0.2974,-0.7505,0.0,-0.5,-0.5,0.1953,-0.3477,-0.2993,0.0,1.0,0.0,0.0,0.0,-0.52,-0.3002324,,,
-0.12415,-0.1044,0.0761,0.3958,-1.1455,-0.5713,0.5366,0.0,1.0,-0.0646,-0.0768,-0.2683,0.0,0.2637,0.04578,0.714,0.589,-0.118,-0.2737,-0.4061,0.4404,-0.3584,0.3918,-0.02899,0.2966,0.3496,0.0,0.0,0.3179,0.0,0.3362,-0.6646,0.5386,-0.8496,-1.0,-1.0,-1.0,0.3003,-0.5557,-0.3901,0.0,2.0,0.0,0.0,0.0,-0.5957,0.1730615999999999,,,
-0.219,0.02223,0.09766,0.384,-5.734,-0.4285,0.5366,1.0,1.0,-0.092,-0.08936,-0.2627,0.0,0.2642,-0.294,0.611,0.6265,0.03062,-0.275,0.2498999999999999,0.3105,-0.406,-0.3584,0.3918,0.3015,0.3494,0.0,0.0,0.3105,0.0,0.348,-0.1467,0.1743,0.45,0.0,-0.5,-0.5,0.138,-0.4543,-0.27,1.0,0.0,0.0,0.0,0.0,0.3193,0.4209652,,,
-0.3098,0.2407,0.152,0.3918,2.387,-0.2856,0.5366,1.0,1.0,-0.1481,-0.1322,-0.2507,0.0,0.2646,0.05054,0.478,0.635,0.2588,-0.2732,0.5397,0.1456,0.2496,-0.406,-0.3584,0.301,0.347,0.0,0.0,0.3044,0.0,0.3738,0.4644,-0.2502,1.934,1.0,-0.5,0.0,-0.0731,-0.1907,0.010796,2.0,0.0,0.0,0.0,0.0,1.362,-0.305304,,,
-0.1643,0.07983,0.1161,0.3945,-0.4004,-0.1428,0.5366,1.0,1.0,-0.1043,-0.1111,-0.2566,0.0,0.2651,2.205,0.3333,0.5996,-0.0284,-0.266,-0.2579,-0.01421,0.539,0.2496,-0.406,0.3015,0.3435,0.0,0.0,0.299,0.0,0.3606,0.282,-0.1256,-1.808,0.0,-0.5,-0.5,0.03522,-0.3044,-0.02898,0.0,1.0,0.0,0.0,0.0,-1.252,-0.49925176,,,
-0.108,-0.1946,0.0482,0.387,-1.686,-0.1428,0.5366,0.0,1.0,-0.03735,-0.05136,-0.269,0.0,0.2656,0.1578,0.1942,0.538,-0.2979,-0.2659,-0.5492,-0.1494,-0.258,0.539,0.2496,0.2993,0.3394,0.0,0.0,0.2937,0.0,0.3335,-0.06,0.1066,-2.451,0.0,-0.5,-1.0,0.2744,-0.5107,-0.3286,0.0,2.0,0.0,0.0,0.0,-1.713,0.1188359999999999,,,
-0.02284,-0.561,-0.04544,0.371,3.596,-0.1428,0.5366,0.0,1.0,0.0596,0.03455,-0.2864,0.0,0.2659,0.5156,0.0573,0.4543,-0.6445,-0.2676,-0.7939,-0.142,-0.549,-0.258,0.539,0.2903,0.3333,0.0,0.0,0.29,0.0,0.295,-0.2903,0.2542,-3.041,0.0,-1.0,-1.0,0.6143,-0.7925,-0.849,0.0,3.0,0.0,0.0,0.0,-2.162,-0.0159767999999999,,,
-0.03415,-0.518,-0.04623,0.353,0.037,-0.1428,0.5366,0.0,1.0,0.05948,0.03632,-0.2854,0.0,0.2664,-0.149,-0.06287,0.3464,-0.598,-0.2686,0.04536,-0.2039,-0.794,-0.549,-0.258,0.2837,0.3274,0.0,0.0,0.285,0.0,0.2969,-0.3245,0.2795,0.1564,0.0,-0.5,-1.0,0.521,-0.7363,-0.8203,1.0,0.0,0.0,0.0,0.0,0.114,-0.0745091999999999,,,
-0.0667,-0.1718,0.03116,0.351,-0.714,-0.1428,0.5366,0.0,1.0,-0.018,-0.03824,-0.269,0.0,0.2668,-0.2673,-0.1753,0.2319,-0.2455,-0.2683,0.7681,-0.2084,0.04523,-0.794,-0.549,0.2834,0.3215,0.0,0.0,0.2842,0.0,0.3328,0.08954,-0.000111,2.137,0.0,0.0,-0.5,0.1993,-0.322,-0.1478,2.0,0.0,0.0,0.0,0.0,1.555,-0.1011096,,,
-0.04315,-0.218,0.01942,0.3499,0.6807,-0.1428,0.5366,0.0,1.0,-0.00498,-0.02867,-0.2703,0.0,0.2673,-0.1729,-0.2573,0.11346,-0.284,-0.2678,-0.05874,-0.2186,0.7676,0.04523,-0.794,0.2815,0.3174,0.0,0.0,0.285,0.0,0.3296,0.0788,0.006313,-0.1373,0.0,-0.5,-0.5,0.1376,-0.4104,-0.2223,0.0,1.0,0.0,0.0,0.0,-0.0976,-0.4154359999999999,,,
-0.0636,-0.4905,-0.06027,0.3196,2.262,-0.2856,0.5366,0.0,1.0,0.07104,0.0531,-0.2852,0.0,0.2678,0.1909,-0.3093,0.01296,-0.5767,-0.2693,-0.6776,-0.2026,-0.0588,0.7676,0.04523,0.2727,0.3132,0.0,0.0,0.2842,0.0,0.297,-0.736,0.573,-2.133,0.0,-0.5,-1.0,0.4119,-0.6763,-0.79,0.0,2.0,0.0,0.0,0.0,-1.52,0.5964439999999999,,,
-0.09247,-0.11,0.01671,0.3044,-0.8604,-0.2856,0.5366,0.0,1.0,-0.00634,-0.02193,-0.2686,0.0,0.2683,0.0648,-0.3384,-0.079,-0.1874,-0.2708,0.7676999999999999,-0.2032,-0.6772,-0.0588,0.7676,0.2698,0.3086,0.0,0.0,0.2844,0.0,0.3328,-0.2517,0.2438,2.3,1.0,0.0,-0.5,0.1004,-0.2722,-0.1416,1.0,0.0,0.0,0.0,0.0,1.674,-0.1056152,,,
-0.0654,-0.1562,-0.003736,0.288,1.854,-0.4285,0.5366,0.0,1.0,0.01544,-0.00393,-0.2715,0.0,0.2688,-0.1895,-0.346,-0.1692,-0.245,-0.271,-0.1322,-0.2051,0.767,-0.6772,-0.0588,0.269,0.3032,0.0,0.0,0.2847,0.0,0.3262,-0.2864,0.2656,-0.4358,0.0,-0.5,-0.5,0.1338,-0.3347,-0.263,0.0,1.0,0.0,0.0,0.0,-0.3096,-0.6104892000000003,,,
0.01046,-0.4453,-0.0872,0.2566,4.258,-0.5713,0.5366,0.0,1.0,0.10406,0.07495,-0.287,0.0,0.269,0.0812,-0.3398,-0.2451,-0.5474,-0.2727,-0.7084,-0.1809,-0.1322,0.767,-0.6772,0.2688,0.297,0.0,0.0,0.2832,0.0,0.292,-0.6567,0.515,-2.066,-1.0,-1.0,-1.0,0.4321,-0.6084,-0.8057,0.0,2.0,0.0,0.0,0.0,-1.474,0.2773400000000001,,,
-0.05902,-0.1536,-0.0341,0.2361,-0.723,-0.7144,0.545,0.0,1.0,0.0455,0.02602,-0.2751,0.0,0.2695,-0.5566,-0.33,-0.3115,-0.2617,-0.274,0.5587,-0.1885,-0.708,-0.1322,0.767,0.2715,0.2922,0.0,0.0,0.2837,0.0,0.318,-0.336,0.2976,1.092,0.0,-0.5,-0.5,0.1755,-0.3254,-0.3733,1.0,0.0,0.0,0.0,0.0,0.7964,-0.21033512,,,
-0.0594,-0.2367,-0.0631,0.2185,1.365,-0.7144,0.545,0.0,1.0,0.0742,0.0557,-0.2795,0.0,0.27,-0.06445,-0.3213,-0.3545,-0.3357,-0.275,-0.2075,-0.1918,0.558,-0.708,-0.1322,0.2688,0.288,0.0,0.0,0.284,0.0,0.3079,-0.2727,0.2482,-0.6567,0.0,-0.5,-0.5,0.2451,-0.4019,-0.5537,0.0,1.0,0.0,0.0,0.0,-0.4707,-0.5036255999999999,,,
0.0813,-0.682,-0.1816,0.1847,3.195,-0.857,0.5527,0.0,1.0,0.208,0.1704,-0.3022,0.0,0.2705,0.8677,-0.3074,-0.3735,-0.7993,-0.2766,-1.0449,-0.1503,-0.2076,0.558,-0.708,0.2605,0.2844,0.0,0.0,0.279,0.0,0.2583,-0.647,0.4937,-3.045,-1.0,-0.5,-1.0,0.6904,-0.809,-1.206,0.0,2.0,0.0,0.0,0.0,-2.197,0.2920408,,,
0.0396,-0.4058,-0.1409,0.149,-0.3584,-1.0,0.5527,0.0,1.0,0.1615,0.1294,-0.293,0.0,0.271,-0.0988,-0.2598,-0.3665,-0.5273,-0.2795,0.4478999999999999,-0.1323,-1.045,-0.2076,0.558,0.2585,0.2808,0.0,0.0,0.2761,0.0,0.2786,-0.6934,0.5356,1.611,0.0,-0.5,-1.0,0.4553,-0.545,-0.793,1.0,0.0,0.0,0.0,0.0,1.202,-0.0574819999999999,,,
-0.1361,-0.3484,-0.1467,0.117,-0.05545,-1.143,0.5527,0.0,1.0,0.1537,0.1503,-0.293,0.0,0.2715,0.1882,-0.1659,-0.311,-0.379,-0.2864,0.0001,-0.1205,0.4475,-1.045,-0.2076,0.2524,0.2786,0.0,0.0,0.273,0.0,0.2783,-0.631,0.491,0.0,0.0,-1.0,-1.0,0.3909,-0.5376,-0.7217,0.0,0.0,0.0,0.0,0.0,0.0,0.0547576,,,
-0.1641,-0.4263,-0.179,0.0905,0.4448,-1.143,0.5527,0.0,1.0,0.1855,0.1877,-0.2983,0.0,0.2717,-0.2822,-0.0857,-0.251,-0.439,-0.2893,-0.2587,-0.1239,0.0,0.4475,-1.045,0.2455,0.2776,0.0,0.0,0.2688,0.0,0.266,-0.5513,0.429,-1.155,-1.0,-1.0,-1.0,0.4375,-0.6445,-0.8296,0.0,1.0,0.0,0.0,0.0,-0.8506,0.5022863999999998,,,
-0.251,-0.0934,-0.1107,0.08325,-0.898,-1.143,0.5527,0.0,1.0,0.10706,0.1212,-0.2834,0.0,0.2722,-0.5864,-0.03217,-0.2045,-0.101,-0.2896,0.7061,-0.1409,-0.2588,0.0,0.4475,0.2465,0.277,0.0,0.0,0.2666,0.0,0.2983,-0.04846,0.0844,1.536,0.0,-0.5,-0.5,0.1461,-0.2705,-0.3083,1.0,0.0,0.0,0.0,0.0,1.14,-0.5348599999999999,,,
-0.2106,-0.4856,-0.2064,0.065,18.77,-1.143,0.5527,0.0,1.0,0.2114,0.2223,-0.302,0.0,0.2727,-0.2578,0.00615,-0.1646,-0.503,-0.29,-0.8559,-0.1148,0.7056,-0.2588,0.0,0.2395,0.2751,0.0,0.0,0.2634,0.0,0.258,-0.326,0.2646,-2.084,0.0,-1.0,-1.0,0.4968,-0.6235,-0.837,0.0,1.0,0.0,0.0,0.0,-1.512,0.5472103999999998,,,
-0.2544,-0.1523,-0.1456,0.04526,-0.7476,-1.143,0.5527,0.0,1.0,0.1431,0.1588,-0.2886,0.0,0.2732,-0.4292,0.03058,-0.1263,-0.1763,-0.2913,0.6331,-0.128,-0.8555,0.7056,-0.2588,0.2372,0.2744,0.0,0.0,0.2612,0.0,0.2869,-0.3772,0.314,1.736,0.0,-0.5,-1.0,0.2272,-0.283,-0.3757,1.0,0.0,0.0,0.0,0.0,1.295,0.0630332,,,
-0.302,0.000863,-0.1219,0.02919,-2.172,-1.0,0.5527,1.0,1.0,0.1145,0.1373,-0.283,0.0,0.2737,-0.6055,0.03488,-0.0928,-0.02798,-0.2922,0.2726,-0.1881,0.6323,-0.8555,0.7056,0.2422,0.2737,0.0,0.0,0.2583,0.0,0.2993,-0.27,0.2432,0.594,1.0,0.0,-0.5,0.08325,-0.1783,-0.1326,2.0,0.0,0.0,0.0,0.0,0.4346,-0.1346012,,,
-0.3145,-0.1329,-0.1564,0.01949,-1.606,-1.0,0.5527,0.0,1.0,0.1495,0.1755,-0.289,0.0,0.2742,-0.1053,0.03043,-0.0782,-0.1525,-0.2927,-0.2851,-0.237,0.2722,0.6323,-0.8555,0.2432,0.2732,0.0,0.0,0.2554,0.0,0.2856,-0.1517,0.1528,-0.89,1.0,-0.5,-0.5,0.1729,-0.322,-0.3323,0.0,1.0,0.0,0.0,0.0,-0.6455,-0.4309552,,,
-0.2374,-0.6436,-0.2847,-0.013664,10.7,-1.0,0.545,0.0,0.0,0.2964,0.3145,-0.3147,0.0,0.2744,0.4727,0.03001,-0.0635,-0.67,-0.2954,-1.1959,-0.1925,-0.285,0.2722,0.6323,0.2377,0.271,0.0,0.0,0.2512,0.0,0.2297,-0.7324,0.5425,-4.555,0.0,-0.5,-1.0,0.718,-0.77,-1.205,0.0,2.0,0.0,0.0,0.0,-3.332,-0.1366616,,,
-0.2311,-0.6724,-0.3096,-0.04733,0.1882,-1.0,0.5366,0.0,0.0,0.3254,0.3433,-0.319,0.0,0.275,-0.192,0.0382,-0.03598,-0.671,-0.3,-0.2201,-0.127,-1.195,-0.285,0.2722,0.2323,0.2668,0.0,0.0,0.2483,0.0,0.2196,-0.748,0.5493,-0.764,0.0,-0.5,-1.0,0.726,-0.832,-1.144,0.0,3.0,0.0,0.0,0.0,-0.5806,0.1012012,,,
-0.256,-0.5103,-0.2874,-0.06934,-0.1597,-1.0,0.5283,0.0,0.0,0.2979,0.3188,-0.314,0.0,0.2754,-0.0424,0.04465,-0.00867,-0.5034,-0.3022,0.2535,-0.0908,-0.2201,-1.195,-0.285,0.2246,0.2634,0.0,0.0,0.2457,0.0,0.2307,-0.4893,0.3699,0.736,0.0,-0.5,-0.5,0.543,-0.6743,-0.8667,1.0,0.0,0.0,0.0,0.0,0.563,0.514564,,,
-0.2195,-0.1621,-0.2262,-0.0918,-0.734,-1.0,0.5205,0.0,0.0,0.2324,0.2452,-0.3008,0.0,0.276,0.3596,0.0368,0.00993,-0.1682,-0.3037,0.6441,-0.10974,0.2532,-0.2201,-1.195,0.2249,0.261,0.0,0.0,0.2428,0.0,0.2593,-0.467,0.3667,2.35,0.0,0.0,-0.5,0.256,-0.331,-0.4238,2.0,0.0,0.0,0.0,0.0,1.785,0.8443872,,,
-0.216,0.54,-0.07916,-0.0939,-9.15,-0.857,0.5205,1.0,1.0,0.0778,0.08527,-0.2695,0.0,0.2764,0.6587,-0.001567,0.00981,0.5215,-0.3027,1.4791,-0.10815,0.644,0.2532,-0.2201,0.2297,0.2598,0.0,0.0,0.2428,0.0,0.327,0.02959,0.04205,6.74,1.0,0.5,0.0,-0.3164,0.3013,0.5615,3.0,0.0,0.0,0.0,0.0,5.016,0.2133328,,,
-0.2698,0.2766,-0.1312,-0.08765,-0.3196,-0.7144,0.5205,1.0,1.0,0.1267,0.1445,-0.2793,0.0,0.2769,-0.1213,-0.0654,-0.0005755,0.275,-0.3018,-0.4416,-0.10254,1.478,0.644,0.2532,0.2307,0.2585,0.0,0.0,0.2434,0.0,0.3054,0.2123,-0.09766,-1.207,1.0,0.0,0.0,-0.10254,0.08057,0.2401,0.0,1.0,0.0,0.0,0.0,-0.8584,0.0182984,,,
-0.281,0.2952,-0.1265,-0.0863,0.1888,-0.5713,0.5205,1.0,1.0,0.1209,0.1405,-0.2773,0.0,0.2773,-0.2179,-0.1377,-0.01971,0.2944,-0.3008,0.08964,-0.1204,-0.4414,1.478,0.644,0.2336,0.258,0.0,0.0,0.2426,0.0,0.3096,0.12286,-0.03195,0.1901,2.0,0.5,0.0,-0.11523,0.1019,0.331,1.0,0.0,0.0,0.0,0.0,0.1371,-0.0394632,,,
-0.3198,0.2,-0.1471,-0.08734,-0.1367,-0.4285,0.5205,1.0,1.0,0.1394,0.1659,-0.2805,0.0,0.2776,-0.4763,-0.1696,-0.05008,0.2085,-0.3003,-0.1487,-0.1368,0.08954,-0.4414,1.478,0.2423,0.257,0.0,0.0,0.2418,0.0,0.3022,0.07404,-0.0002388,-0.4265,1.0,0.0,0.0,-0.04135,0.013664,0.2534,0.0,1.0,0.0,0.0,0.0,-0.307,0.0119079999999999,,,
-0.3447,0.1289,-0.1611,-0.08545,-0.1366,-0.2856,0.5205,1.0,1.0,0.1521,0.1831,-0.2825,0.0,0.278,-0.6626,-0.1926,-0.0855,0.15,-0.2996,-0.0896,-0.1332,-0.1488,0.08954,-0.4414,0.2517,0.2551,0.0,0.0,0.2422,0.0,0.2979,0.1278,-0.0405,-0.1722,0.0,-0.5,0.0,-0.02295,-0.0694,0.178,0.0,2.0,0.0,0.0,0.0,-0.1245,0.25864,,,
-0.36,0.3958,-0.1047,-0.0854,1.49,-0.1428,0.5205,1.0,1.0,0.0921,0.12384,-0.27,0.0,0.2786,-0.1178,-0.2245,-0.129,0.4207,-0.2988,0.5851,-0.12177,-0.08966,-0.1488,0.08954,0.263,0.2542,0.0,0.0,0.2427,0.0,0.3252,0.0989,-0.007736,1.341,0.0,0.0,0.0,-0.2573,0.1444,0.574,1.0,0.0,0.0,0.0,0.0,0.9717,0.7746616000000001,,,
-0.3706,0.909,0.02019,-0.05832,1.283,0.0,0.5205,1.0,1.0,-0.03192,-0.002375,-0.243,0.0,0.279,-0.552,-0.255,-0.1832,0.9365,-0.295,1.2231,-0.011536,0.5845,-0.08966,-0.1488,0.2776,0.2559,0.0,0.0,0.246,0.0,0.3835,0.6997,-0.411,4.2,1.0,0.5,0.5,-0.6606,0.6245,1.103,2.0,0.0,1.0,0.0,5.918,2.988,0.0492889599999999,,,
-0.3977,0.9053,0.0318,-0.03754,0.129,0.1428,0.5205,1.0,1.0,-0.04514,-0.0115,-0.2395,0.0,0.2795,-0.697,-0.2637,-0.2411,0.9575,-0.2925,0.1561,0.0805,1.222,0.5845,-0.08966,0.2854,0.2588,0.0,0.0,0.2517,0.0,0.391,0.6113,-0.3442,0.328,1.0,1.0,0.5,-0.6562,0.6055,0.9434,3.0,0.0,0.0,0.0,0.0,0.2247,-0.2856749999999999,,,
-0.3381,0.608,-0.02524,-0.02663,-0.1888,0.1428,0.5205,1.0,1.0,0.01447,0.04013,-0.2502,0.0,0.28,-0.5444,-0.2515,-0.2888,0.672,-0.2905,-0.4657,0.1257,0.156,1.222,0.5845,0.2927,0.2607,0.0,0.0,0.2556,0.0,0.3677,0.36,-0.1752,-1.261,1.0,0.5,0.0,-0.3984,0.3564,0.6035,0.0,1.0,0.0,0.0,0.0,-0.86,-0.053444,,,
-0.3416,0.4277,-0.05716,-0.015366,-0.1456,0.2856,0.5205,1.0,1.0,0.0457,0.0729,-0.2556,0.0,0.2803,-0.3215,-0.2186,-0.2974,0.503,-0.2886,-0.2434,0.15,-0.4656,0.156,1.222,0.2983,0.2617,0.0,0.0,0.2588,0.0,0.3555,0.3708,-0.1882,-0.6265,1.0,0.0,0.0,-0.3035,0.1611,0.4285,0.0,2.0,0.0,0.0,0.0,-0.4338,0.400644,,,
-0.4187,0.572,-0.006966,0.01778,0.4358,0.4285,0.5205,1.0,1.0,-0.00974,0.02847,-0.244,0.0,0.2808,-0.551,-0.1366,-0.275,0.652,-0.284,0.5196,0.1871,-0.2434,-0.4656,0.156,0.3076,0.2632,0.0,0.0,0.264,0.0,0.3806,0.9873,-0.617,1.407,1.0,0.0,0.5,-0.4563,0.3516,0.577,1.0,0.0,0.0,0.0,0.0,0.9814,0.357036,,,
-0.4087,0.6606,0.03662,0.05966,0.2783,0.5713,0.5205,1.0,1.0,-0.05057,-0.0153,-0.2336,0.0,0.2812,0.05563,-0.0195,-0.2201,0.736,-0.2776,0.4547,0.2527,0.5195,-0.2434,-0.4656,0.3203,0.2664,0.0,0.0,0.2683,0.0,0.403,1.164,-0.733,0.989,1.0,0.5,1.0,-0.5713,0.4922,0.665,2.0,0.0,0.0,0.0,0.0,0.6787,-0.36343216,,,
-0.3992,0.3044,-0.0216,0.0929,-0.3796,0.7144,0.5205,1.0,1.0,0.006042,0.0415,-0.2446,0.0,0.2817,-0.2642,0.09863,-0.1434,0.3726,-0.2725,-0.4759,0.2603,0.4543,0.5195,-0.2434,0.3267,0.2678,0.0,0.0,0.2734,0.0,0.379,0.8867,-0.546,-1.163,0.0,0.0,0.5,-0.3325,0.2312,0.4102,0.0,1.0,0.0,0.0,0.0,-0.787,-0.1114359999999999,,,
-0.4153,0.1489,-0.04233,0.1163,-0.297,0.857,0.5205,1.0,1.0,0.02507,0.0638,-0.2479,0.0,0.2822,-0.02646,0.2089,-0.0534,0.189,-0.2673,-0.1421,0.2722,-0.4758,0.4543,0.5195,0.3254,0.2693,0.0,0.0,0.2773,0.0,0.3716,0.705,-0.4194,-0.3325,0.0,0.0,0.0,-0.3022,0.0677,0.3096,0.0,2.0,0.0,0.0,0.0,-0.2284,-0.5272947999999998,,,
-0.3276,-0.497,-0.1908,0.10333,-2.865,0.7144,0.5205,0.0,1.0,0.1852,0.2145,-0.278,0.0,0.2827,1.206,0.2874,0.02504,-0.4993,-0.2656,-1.3279,0.2695,-0.1421,-0.4758,0.4543,0.3157,0.2698,0.0,0.0,0.2776,0.0,0.306,-0.2229,0.2142,-5.008,0.0,0.0,-0.5,0.3132,-0.4775,-0.2256,0.0,3.0,0.0,0.0,0.0,-3.457,-0.8284836,,,
-0.2076,-0.9424,-0.2979,0.0845,1.276,0.5713,0.512,0.0,0.0,0.314,0.3274,-0.2998,0.0,0.283,0.86,0.306,0.0717,-0.895,-0.2693,-0.9979,0.2847,-1.327,-0.1421,-0.4758,0.303,0.2683,0.0,0.0,0.2766,0.0,0.2583,-0.3816,0.3066,-4.477,-1.0,-0.5,-0.5,0.755,-0.8354,-0.5913,0.0,4.0,0.0,0.0,0.0,-3.225,0.3876352,,,
-0.2457,-0.6636,-0.2445,0.0714,-0.2124,0.4285,0.504,0.0,0.0,0.2505,0.2683,-0.2878,0.0,0.2834,-0.3733,0.2964,0.1031,-0.606,-0.2705,0.5690999999999999,0.2335,-0.9976,-1.327,-0.1421,0.2947,0.2678,0.0,0.0,0.279,0.0,0.2842,-0.2314,0.2109,1.442,-1.0,-0.5,-0.5,0.477,-0.5024,-0.4248,1.0,0.0,0.0,0.0,0.0,1.072,-1.0220692,,,
-0.08795,-1.284,-0.3943,0.04245,1.272,0.2856,0.4958,0.0,0.0,0.4377,0.4353,-0.3186,0.0,0.284,0.821,0.2566,0.11316,-1.232,-0.273,-1.4359,0.2314,0.569,-0.9976,-1.327,0.2756,0.2668,0.0,0.0,0.2793,0.0,0.2169,-0.5234,0.39,-4.58,-1.0,-1.0,-0.5,1.134,-1.026,-0.9956,0.0,1.0,0.0,0.0,0.0,-3.344,-0.0424356,,,
-0.04272,-1.226,-0.3945,0.0171,0.0808,0.1428,0.4878,0.0,0.0,0.442,0.4321,-0.318,0.0,0.2844,-0.05453,0.19,0.10376,-1.16,-0.2761,0.01592,0.244,-1.435,0.569,-0.9976,0.2542,0.2654,0.0,0.0,0.2788,0.0,0.2175,-0.501,0.3743,0.04437,0.0,-0.5,0.0,1.008,-0.9546,-0.972,1.0,0.0,0.0,0.0,0.0,0.03394,-0.2606119999999999,,,
0.04904,-1.491,-0.4731,-0.0249,0.3813,0.0,0.4797,0.0,0.0,0.5474,0.526,-0.3345,0.0,0.285,0.648,0.1079,0.0751,-1.363,-0.2837,-0.7904,0.339,0.01581,-1.435,0.569,0.2312,0.2627,0.0,0.0,0.2756,0.0,0.1819,-0.8164,0.584,-3.86,0.0,-0.5,-0.5,1.248,-1.251,-1.121,0.0,1.0,0.0,0.0,0.0,-2.95,0.2692388000000001,,,
-0.04883,-1.1875,-0.4363,-0.0789,-0.0966,-0.1428,0.4714,0.0,0.0,0.493,0.4856,-0.3262,0.0,0.2854,-0.643,0.069,0.04633,-1.066,-0.289,0.4054,0.4153,-0.79,0.01581,-1.435,0.2112,0.261,0.0,0.0,0.2705,0.0,0.1993,-1.127,0.813,0.953,1.0,-0.5,-0.5,0.981,-0.9473,-0.8794,1.0,0.0,0.0,0.0,0.0,0.7466,-0.123568,,,
0.0854,-1.428,-0.5205,-0.1454,0.365,-0.2856,0.4634,0.0,0.0,0.613,0.5874,-0.3438,0.0,0.286,0.5317,0.08704,0.02716,-1.341,-0.295,-0.8642,0.529,0.405,-0.79,0.01581,0.1943,0.2573,0.0,0.0,0.265,0.0,0.1611,-1.293,0.915,-2.219,0.0,-1.0,-1.0,1.3,-1.231,-0.9946,0.0,1.0,0.0,0.0,0.0,-1.717,-0.0437799999999999,,,
0.072,-1.405,-0.5483,-0.2084,0.1158,-0.4285,0.4553,0.0,0.0,0.6484,0.6265,-0.3494,0.0,0.2861,-0.287,0.1703,0.02852,-1.334,-0.301,-0.2797,0.638,-0.8643,0.405,-0.79,0.1818,0.2546,0.0,0.0,0.2583,0.0,0.1489,-1.266,0.89,-0.7734,0.0,-1.0,-1.0,1.317,-1.241,-0.9395,0.0,2.0,0.0,0.0,0.0,-0.615,-0.3498216,,,
0.1267,-1.495,-0.5996,-0.2732,0.2058,-0.5713,0.4473,0.0,0.0,0.7236,0.6943,-0.3599,0.0,0.2866,0.154,0.3044,0.05563,-1.449,-0.3074,-0.5479,0.759,-0.2795,-0.8643,0.405,0.1632,0.2502,0.0,0.0,0.251,0.0,0.1256,-1.293,0.8994,-1.343,-1.0,-1.0,-1.0,1.451,-1.376,-0.9404,0.0,3.0,0.0,0.0,0.0,-1.077,0.099524,,,
0.2722,-1.682,-0.6777,-0.3538,0.274,-0.7144,0.439,0.0,0.0,0.8477,0.799,-0.3765,0.0,0.287,1.021,0.523,0.1383,-1.595,-0.3186,-0.8612,0.906,-0.5474,-0.2795,-0.8643,0.1484,0.2445,0.0,0.0,0.2426,0.0,0.08936,-1.473,1.087,-3.834,-1.0,-1.0,-1.5,1.738,-1.625,-0.979,0.0,4.0,0.0,0.0,0.0,-3.13,-0.2909599999999999,,,
0.2432,-1.578,-0.7017,-0.4426,0.0646,-0.857,0.431,0.0,0.0,0.8813,0.838,-0.3816,0.0,0.2876,-0.1907,0.7407,0.2515,-1.555,-0.3262,-0.2775,1.03,-0.861,-0.5474,-0.2795,0.1322,0.2388,0.0,0.0,0.2324,0.0,0.07794,-1.473,1.239,-0.7275,-2.0,-1.0,-2.0,1.705,-1.613,-0.908,0.0,5.0,0.0,0.0,0.0,-0.6104,-0.142268,,,
0.3328,-1.474,-0.7246,-0.529,0.05875,-1.0,0.4229,0.0,0.0,0.9233,0.8667,-0.3865,0.0,0.288,0.9053,0.9414,0.393,-1.493,-0.3342,-0.2626,1.1,-0.2776,-0.861,-0.5474,0.1189,0.2345,0.0,0.0,0.2195,0.0,0.0672,-1.473,1.224,-0.718,-2.0,-1.5,-2.0,1.687,-1.574,-0.855,0.0,5.0,0.0,0.0,0.0,-0.6074,0.5925679999999997,,,
0.307,-0.857,-0.6436,-0.6035,-0.34,-1.143,0.4146,0.0,0.0,0.8003,0.744,-0.3694,0.0,0.2886,0.3914,1.096,0.5435,-0.9253,-0.341,0.9356,1.088,-0.2625,-0.2776,-0.861,0.1079,0.2313,0.0,0.0,0.2078,0.0,0.10443,-1.4375,0.993,2.842,-1.0,-1.0,-1.5,1.105,-1.047,-0.6465,1.0,0.0,0.0,0.0,0.0,2.426,0.109124,,,
0.1604,-0.755,-0.655,-0.6616,-0.006725,-1.143,0.4065,0.0,0.0,0.805,0.773,-0.3716,0.0,0.2888,-0.3381,1.211,0.698,-0.8145,-0.3484,-0.11996,1.078,0.935,-0.2625,-0.2776,0.10077,0.2279,0.0,0.0,0.1968,0.0,0.09937,-1.3,0.8936,-0.273,-1.0,-1.5,-1.5,1.018,-1.06,-0.6147,0.0,1.0,0.0,0.0,0.0,-0.2262,0.0911539999999999,,,
0.06433,-0.594,-0.647,-0.7046,-0.1221,-1.143,0.3984,0.0,0.0,0.786,0.7695,-0.37,0.0,0.2893,0.004707,1.307,0.8486,-0.628,-0.3545,0.08616,1.055,-0.12,0.935,-0.2625,0.0955,0.2236,0.0,0.0,0.1864,0.0,0.1028,-1.122,0.7676,0.1973,0.0,-1.0,-1.0,0.8687,-0.9595,-0.5547,1.0,0.0,0.0,0.0,0.0,0.1642,0.1554455999999999,,,
0.08655,-0.4197,-0.6406,-0.753,-0.23,-1.143,0.3901,0.0,0.0,0.7783,0.758,-0.3687,0.0,0.2898,0.0666,1.352,0.9805,-0.493,-0.359,0.06876,0.9746,0.08606,-0.12,0.935,0.09326,0.2177,0.0,0.0,0.175,0.0,0.1054,-1.37,0.946,0.1959,1.0,-1.0,-1.0,0.6885,-0.934,-0.5044,2.0,0.0,0.0,0.0,0.0,0.1626,0.6054943999999999,,,
-0.02814,-0.008995,-0.5757,-0.776,-1.163,-1.0,0.382,1.0,0.0,0.678,0.6733,-0.355,0.0,0.2903,-0.02545,1.348,1.085,-0.06036,-0.3625,0.7198,0.81,0.06866,0.08606,-0.12,0.09875,0.213,0.0,0.0,0.1641,0.0,0.1349,-0.753,0.5186,2.582,2.0,-0.5,-0.5,0.3643,-0.5195,-0.3376,3.0,0.0,0.0,0.0,0.0,2.137,0.4214776,,,
-0.06683,0.4568,-0.496,-0.7886,7.016,-0.857,0.374,1.0,0.0,0.5684,0.5664,-0.3381,0.0,0.2908,-0.2013,1.284,1.151,0.3994,-0.364,0.8711,0.634,0.719,0.06866,0.08606,0.1098,0.2092,0.0,0.0,0.1556,0.0,0.1714,-0.4124,0.2917,2.53,2.0,0.0,-0.5,-0.01172,-0.1243,-0.1034,4.0,0.0,1.0,0.0,5.543,2.047,-0.3226392000000002,,,
-0.05106,0.2651,-0.5356,-0.7954,-0.2472,-0.7144,0.366,1.0,0.0,0.622,0.619,-0.3467,0.0,0.2913,0.3943,1.206,1.18,0.2517,-0.3665,-0.4239,0.4207,0.871,0.719,0.06866,0.12,0.2052,0.0,0.0,0.1466,0.0,0.1528,-0.301,0.2041,-1.348,2.0,0.0,-0.5,0.1656,-0.307,-0.1536,0.0,1.0,0.0,0.0,0.0,-1.0625,-0.4254331999999999,,,
0.01238,-0.0351,-0.6035,-0.816,-0.7925,-0.5713,0.3577,1.0,0.0,0.7197,0.7095,-0.3608,0.0,0.2917,-0.2477,1.097,1.173,-0.0655,-0.3682,-0.7274,0.2935,-0.4238,0.871,0.719,0.12213,0.2004,0.0,0.0,0.1392,0.0,0.12164,-0.6494,0.4392,-2.133,1.0,0.0,-1.0,0.4465,-0.6157,-0.333,0.0,2.0,0.0,0.0,0.0,-1.704,-0.5715879999999999,,,
0.03091,-0.2893,-0.6597,-0.833,-5.746,-0.5713,0.3496,0.0,0.0,0.802,0.7915,-0.3728,0.0,0.292,0.4443,0.957,1.149,-0.3298,-0.3696,-0.6259,0.2294,-0.727,-0.4238,0.871,0.1218,0.1942,0.0,0.0,0.1326,0.0,0.0954,-0.581,0.379,-1.883,0.0,0.0,-1.0,0.6885,-0.8286,-0.505,0.0,3.0,0.0,0.0,0.0,-1.539,-0.236644,,,
0.07544,-0.3164,-0.673,-0.8477,0.2715,-0.5713,0.3416,0.0,0.0,0.8247,0.8076,-0.3757,0.0,0.2925,0.213,0.7935,1.101,-0.3577,-0.3716,-0.1552,0.0862,-0.6255,-0.727,-0.4238,0.1203,0.186,0.0,0.0,0.1246,0.0,0.0889,-0.547,0.3518,-0.3352,-1.0,0.0,-1.0,0.674,-0.8545,-0.5547,0.0,4.0,0.0,0.0,0.0,-0.2795,-0.0460784,,,
0.02435,0.0231,-0.611,-0.848,-1.41,-0.4285,0.3333,1.0,0.0,0.7314,0.7197,-0.3628,0.0,0.293,-0.5645,0.5957,1.023,-0.01596,-0.372,0.6935,0.02356,-0.1552,-0.6255,-0.727,0.1218,0.1786,0.0,0.0,0.12054,0.0,0.117,-0.1433,0.07605,1.888,-1.0,0.0,-0.5,0.321,-0.5044,-0.2236,1.0,0.0,0.0,0.0,0.0,1.582,-0.0637959999999999,,,
-0.01578,-0.1648,-0.6426,-0.843,-1.789,-0.4285,0.3252,0.0,0.0,0.773,0.7695,-0.3696,0.0,0.2935,0.2627,0.4207,0.918,-0.218,-0.3708,-0.3563,-0.05396,0.6934,-0.1552,-0.6255,0.1181,0.1713,0.0,0.0,0.11584,0.0,0.1019,0.02853,-0.05307,-1.647,-1.0,0.0,-0.5,0.445,-0.623,-0.3599,0.0,1.0,0.0,0.0,0.0,-1.351,-0.1491068,,,
0.02351,-0.458,-0.696,-0.8413,3.889,-0.4285,0.3171,0.0,0.0,0.855,0.847,-0.381,0.0,0.294,-0.0819,0.245,0.807,-0.509,-0.3708,-0.6005,-0.0758,-0.3562,0.6934,-0.1552,0.1072,0.1636,0.0,0.0,0.11163,0.0,0.0771,-0.0834,0.01593,-1.534,-1.0,-0.5,-0.5,0.6763,-0.824,-0.6377,0.0,2.0,0.0,0.0,0.0,-1.272,-0.2329859999999999,,,
-0.09973,-0.3982,-0.682,-0.836,-0.0366,-0.4285,0.3088,0.0,0.0,0.824,0.836,-0.3782,0.0,0.2944,-0.569,0.08374,0.6816,-0.4521,-0.37,0.1573999999999999,-0.15,-0.6,-0.3562,0.6934,0.0991,0.1554,0.0,0.0,0.10693,0.0,0.0833,0.05267,-0.07837,0.269,0.0,-0.5,0.0,0.514,-0.7344,-0.536,1.0,0.0,0.0,0.0,0.0,0.2274,0.355516,,,
-0.1854,-0.11884,-0.6294,-0.8345,-0.8086,-0.4285,0.3008,0.0,0.0,0.741,0.764,-0.3672,0.0,0.2947,-0.2375,-0.0663,0.5435,-0.1799,-0.3699,0.5921,-0.1836,0.1573,-0.6,-0.3562,0.0976,0.1473,0.0,0.0,0.10486,0.0,0.1072,-0.05283,0.007477,1.314,1.0,-0.5,0.0,0.25,-0.4077,-0.1128,2.0,0.0,0.0,0.0,0.0,1.105,0.5046571999999998,,,
-0.1624,0.259,-0.5537,-0.8237,-10.63,-0.2856,0.2927,1.0,0.0,0.6367,0.653,-0.3508,0.0,0.2952,0.3845,-0.1895,0.3936,0.2085,-0.369,0.8546,-0.1874,0.5913,0.1573,-0.6,0.1032,0.1409,0.0,0.0,0.1047,0.0,0.1423,0.2465,-0.1906,2.28,1.0,-0.5,0.5,-0.0707,0.005817,0.506,3.0,0.0,0.0,0.0,0.0,1.883,0.3751659999999998,,,
-0.1812,0.4001,-0.519,-0.809,0.576,-0.1428,0.2847,1.0,0.0,0.589,0.6064,-0.3435,0.0,0.2957,-0.0687,-0.2793,0.2289,0.3538,-0.3672,0.3828999999999999,-0.1548,0.854,0.5913,0.1573,0.11145,0.135,0.0,0.0,0.1062,0.0,0.1584,0.324,-0.2388,0.9907,2.0,0.0,0.5,-0.1919,0.1633,0.6914,4.0,0.0,0.0,0.0,0.0,0.797,0.2438299999999999,,,
-0.22,0.4673,-0.4966,-0.7925,0.283,0.0,0.2764,1.0,0.0,0.5566,0.5796,-0.3386,0.0,0.2961,-0.3442,-0.337,0.08813,0.4268,-0.3652,0.2468,-0.1186,0.3826,0.854,0.5913,0.1177,0.1313,0.0,0.0,0.1096,0.0,0.1688,0.3682,-0.2656,0.761,3.0,0.5,0.5,-0.2842,0.2102,0.725,5.0,0.0,0.0,0.0,0.0,0.605,-0.1980546,,,
-0.2537,0.7183,-0.4402,-0.7764,0.622,0.0,0.2683,1.0,0.0,0.4817,0.508,-0.3267,0.0,0.2966,-0.1799,-0.3489,-0.04538,0.689,-0.3638,0.6041,-0.06433,0.2466,0.3826,0.854,0.1287,0.1296,0.0,0.0,0.1146,0.0,0.1948,0.3481,-0.24,1.264,3.0,1.0,0.5,-0.4956,0.4014,0.9053,5.92,0.0,0.0,0.0,0.0,0.997,-0.0030528,,,
-0.255,0.4753,-0.4854,-0.7754,-0.1913,0.0,0.2603,1.0,0.0,0.539,0.5674,-0.336,0.0,0.297,-0.2458,-0.35,-0.1604,0.4604,-0.364,-0.4645,-0.0686,0.6035,0.2466,0.3826,0.1401,0.1267,0.0,0.0,0.1192,0.0,0.1742,-0.0573,0.04047,-0.759,2.0,1.0,0.0,-0.2605,0.1603,0.565,0.0,1.0,0.0,0.0,0.0,-0.5874,-0.617874,,,
-0.2338,-0.0254,-0.582,-0.7817,-0.828,0.0,0.252,1.0,0.0,0.6704,0.6997,-0.3564,0.0,0.2974,0.3147,-0.338,-0.2598,-0.05145,-0.3643,-1.0239,-0.0741,-0.4644,0.6035,0.2466,0.1458,0.1244,0.0,0.0,0.12036,0.0,0.1296,-0.2407,0.1519,-2.697,1.0,0.5,0.0,0.1995,-0.284,-0.0502,0.0,2.0,0.0,0.0,0.0,-2.12,-0.5057079999999999,,,
-0.2092,-0.3936,-0.654,-0.7866,-6.902,-0.1428,0.2439,0.0,0.0,0.774,0.8022,-0.3716,0.0,0.2979,-0.4463,-0.3281,-0.3333,-0.4197,-0.3647,-0.7889,-0.0741,-1.023,-0.4644,0.6035,0.1445,0.12115,0.0,0.0,0.12036,0.0,0.0964,-0.2542,0.1469,-1.656,0.0,0.5,0.0,0.524,-0.6,-0.5005,0.0,3.0,0.0,0.0,0.0,-1.344,0.031144,,,
-0.2756,-0.258,-0.625,-0.7803,-0.3308,-0.1428,0.2357,0.0,0.0,0.7275,0.765,-0.3657,0.0,0.2983,-0.604,-0.321,-0.377,-0.282,-0.3643,0.3099,-0.07837,-0.7886,-1.023,-0.4644,0.1407,0.11926,0.0,0.0,0.1207,0.0,0.10895,0.01671,-0.0409,0.5034,0.0,1.0,0.5,0.363,-0.4155,-0.3362,1.0,0.0,0.0,0.0,0.0,0.4187,-0.0507656,,,
-0.3179,0.2279,-0.523,-0.7603,-2.805,0.0,0.2277,1.0,0.0,0.5835,0.624,-0.3445,0.0,0.2988,-0.129,-0.3186,-0.3955,0.2166,-0.3628,1.1251,-0.0754,0.3098,-0.7886,-1.023,0.1405,0.1181,0.0,0.0,0.1229,0.0,0.1554,0.3384,-0.25,1.78,0.0,1.0,1.0,-0.0867,0.0945,0.263,2.0,0.0,0.0,0.0,0.0,1.467,-0.41656,,,
-0.317,-0.04205,-0.57,-0.753,-0.7993,0.0,0.2195,1.0,0.0,0.647,0.689,-0.3545,0.0,0.2993,-0.6157,-0.3245,-0.3945,-0.0516,-0.3623,-0.5106,-0.0752,1.125,0.3098,-0.7886,0.1365,0.1175,0.0,0.0,0.123,0.0,0.1334,0.02373,-0.03506,-1.041,0.0,0.5,0.5,0.1459,-0.1278,-0.03568,0.0,1.0,0.0,0.0,0.0,-0.8286,-0.5312427999999998,,,
-0.3147,-0.3972,-0.6343,-0.7485,-9.53,0.0,0.2114,0.0,0.0,0.7373,0.7817,-0.3684,0.0,0.2998,-0.1493,-0.3293,-0.3882,-0.4075,-0.362,-0.7196,-0.0899,-0.5103,1.125,0.3098,0.1257,0.11633,0.0,0.0,0.12024,0.0,0.103,-0.0771,0.02357,-1.551,0.0,0.0,0.5,0.4473,-0.4224,-0.4124,0.0,2.0,0.0,0.0,0.0,-1.255,0.2113855999999999,,,
-0.343,-0.2368,-0.5957,-0.733,-0.4092,0.0,0.2032,0.0,0.0,0.6807,0.728,-0.3606,0.0,0.3003,-0.2695,-0.3345,-0.3745,-0.2456,-0.3606,0.4110999999999999,-0.098,-0.719,-0.5103,1.125,0.1195,0.1163,0.0,0.0,0.119,0.0,0.1199,0.1855,-0.1564,0.6387,1.0,0.0,1.0,0.263,-0.2046,-0.1547,1.0,0.0,0.0,0.0,0.0,0.5283,0.0578744,,,
-0.2952,-0.458,-0.633,-0.724,1.653,0.0,0.1951,0.0,0.0,0.737,0.778,-0.3687,0.0,0.3005,-0.687,-0.341,-0.3618,-0.4614,-0.36,-0.4225,-0.0934,0.4106,-0.719,-0.5103,0.11633,0.11676,0.0,0.0,0.1183,0.0,0.1021,0.03032,-0.0534,-0.6353,0.0,-0.5,0.5,0.418,-0.3787,-0.391,0.0,1.0,0.0,0.0,0.0,-0.519,0.2604039999999999,,,
-0.3284,-0.2576,-0.591,-0.7163,-0.4353,0.0,0.187,0.0,0.0,0.675,0.7197,-0.3604,0.0,0.301,-0.61,-0.3516,-0.3518,-0.2717,-0.3591,0.4457,-0.10364,-0.4224,0.4106,-0.719,0.11926,0.11804,0.0,0.0,0.11945,0.0,0.1204,-0.002663,-0.0218,0.702,0.0,-0.5,0.5,0.1904,-0.1868,-0.1526,1.0,0.0,1.0,0.0,2.713,0.5815,-0.4054079999999999,,,
-0.3938,-0.431,-0.6274,-0.7227,1.185,-0.1428,0.1788,0.0,0.0,0.721,0.7783,-0.3684,0.0,0.3015,-0.601,-0.3694,-0.3523,-0.4678,-0.3594,-0.4223,-0.11487,0.4453,-0.4224,0.4106,0.1186,0.11914,0.0,0.0,0.1201,0.0,0.10266,-0.3433,0.2135,-0.6025,0.0,-0.5,0.0,0.3582,-0.3547,-0.4258,0.0,1.0,0.0,0.0,0.0,-0.4922,-0.3783931999999998,,,
-0.3894,-0.639,-0.6763,-0.74,0.7695,-0.2856,0.1708,0.0,0.0,0.7925,0.851,-0.3792,0.0,0.302,-0.4143,-0.3914,-0.3655,-0.6763,-0.3618,-0.5649,-0.09314,-0.422,0.4453,-0.4224,0.10974,0.1186,0.0,0.0,0.11865,0.0,0.0793,-0.5903,0.3796,-1.019,0.0,-0.5,-0.5,0.587,-0.5547,-0.7153,0.0,2.0,0.0,1.0,-3.064,-0.8433,-0.2654287999999999,,,
-0.3682,-0.7295,-0.7065,-0.7646,0.3066,-0.4285,0.1626,0.0,0.0,0.8394,0.896,-0.386,0.0,0.3025,-0.1831,-0.3867,-0.3787,-0.7485,-0.366,-0.3659,-0.06213,-0.565,-0.422,0.4453,0.1017,0.1177,0.0,0.0,0.1172,0.0,0.0644,-0.7446,0.4834,-0.6875,-1.0,-0.5,-1.0,0.6846,-0.6816,-0.853,0.0,3.0,0.0,0.0,0.0,-0.579,-0.0262439999999999,,,
-0.3818,-0.7104,-0.7217,-0.799,0.10205,-0.5713,0.1544,0.0,0.0,0.8613,0.921,-0.3894,0.0,0.303,-0.3328,-0.3423,-0.3835,-0.7515,-0.3696,-0.1939,-0.04092,-0.366,-0.565,-0.422,0.0963,0.1165,0.0,0.0,0.11646,0.0,0.05658,-1.007,0.667,-0.2405,-1.0,-1.0,-1.5,0.6978,-0.7256,-0.911,0.0,4.0,0.0,0.0,0.0,-0.205,-0.0024927999999999,,,
-0.3955,-0.2109,-0.6396,-0.8174,-0.715,-0.7144,0.1464,0.0,0.0,0.7383,0.796,-0.3726,0.0,0.3032,0.07513,-0.279,-0.3713,-0.2489,-0.3726,0.9225,-0.0491,-0.1938,-0.366,-0.565,0.09326,0.1163,0.0,0.0,0.11694,0.0,0.09314,-0.601,0.3933,1.84,-1.0,-1.0,-1.0,0.2573,-0.2898,-0.4563,1.0,0.0,0.0,0.0,0.0,1.577,0.32076,,,
-0.4463,0.1451,-0.5728,-0.816,-2.803,-0.7144,0.1382,1.0,0.0,0.6406,0.7036,-0.359,0.0,0.3037,0.067,-0.2229,-0.3523,0.1305,-0.3738,0.7241,-0.05142,0.922,-0.1938,-0.366,0.09576,0.116,0.0,0.0,0.1177,0.0,0.1226,-0.132,0.0717,2.092,0.0,-0.5,-0.5,-0.04993,0.01846,-0.08405,2.0,0.0,0.0,0.0,0.0,1.744,-0.024588,,,
-0.4485,0.044,-0.586,-0.805,-0.3438,-0.5713,0.1301,1.0,0.0,0.658,0.7227,-0.3623,0.0,0.3042,-0.352,-0.1869,-0.3367,0.02977,-0.373,-0.1685,-0.05576,0.7236,0.922,-0.1938,0.0953,0.11456,0.0,0.0,0.11664,0.0,0.1155,0.05313,-0.0635,-0.325,0.0,-0.5,-0.5,0.02386,-0.07263,-0.1602,0.0,1.0,0.0,0.0,0.0,-0.265,0.054268,,,
-0.471,0.347,-0.522,-0.7915,2.717,-0.4285,0.12195,1.0,0.0,0.57,0.635,-0.3494,0.0,0.3047,-0.2455,-0.1635,-0.323,0.3413,-0.3723,0.6781,-0.06445,-0.1686,0.7236,0.922,0.10016,0.11444,0.0,0.0,0.1161,0.0,0.1436,0.1523,-0.1219,1.22,1.0,-0.5,-0.5,-0.2578,0.1718,0.2236,1.0,0.0,0.0,0.0,0.0,0.999,-0.4749452,,,
-0.4626,0.03091,-0.586,-0.8003,-0.6553,-0.4285,0.11383,1.0,0.0,0.657,0.7236,-0.3628,0.0,0.3052,0.01142,-0.1462,-0.3086,0.004555,-0.3728,-0.6972,-0.09247,0.6777,-0.1686,0.7236,0.10425,0.1143,0.0,0.0,0.1139,0.0,0.11383,-0.386,0.2493,-1.313,1.0,-0.5,-1.0,0.06067,-0.1396,-0.1372,0.0,1.0,0.0,0.0,0.0,-1.054,-0.227566,,,
-0.4495,0.6504,-0.4636,-0.7876,6.03,-0.4285,0.1057,1.0,0.0,0.4956,0.5547,-0.3376,0.0,0.3057,0.3708,-0.1433,-0.3013,0.6123,-0.3713,1.3231,-0.1307,-0.697,0.6777,-0.1686,0.1166,0.11646,0.0,0.0,0.1129,0.0,0.1687,0.1449,-0.10547,3.791,1.0,-0.5,-0.5,-0.42,0.4172,0.719,1.0,0.0,0.0,0.0,0.0,3.11,-0.0965440000000001,,,
-0.4863,0.5835,-0.464,-0.7676,0.03592,-0.2856,0.09753,1.0,0.0,0.4934,0.5586,-0.338,0.0,0.3062,-0.612,-0.1525,-0.3,0.5386,-0.369,-0.0162,-0.1367,1.323,-0.697,0.6777,0.1298,0.1188,0.0,0.0,0.11273,0.0,0.1678,0.3806,-0.274,-0.0397,0.0,-0.5,-0.5,-0.384,0.338,0.723,0.0,1.0,0.0,0.0,0.0,-0.03125,-0.0426277599999999,,,
-0.3755,0.0635,-0.5596,-0.7637,-0.7026,-0.1428,0.0894,1.0,0.0,0.628,0.679,-0.358,0.0,0.3064,0.467,-0.173,-0.3,0.01071,-0.3682,-1.0109,-0.1378,-0.01628,1.323,-0.697,0.1334,0.1191,0.0,0.0,0.1126,0.0,0.12396,-0.05734,0.0194,-2.543,0.0,-0.5,-1.0,0.09546,-0.0936,0.0491,0.0,2.0,0.0,0.0,0.0,-2.004,-0.6441880000000001,,,
-0.3264,-0.342,-0.6353,-0.763,-2.86,-0.1428,0.0813,0.0,0.0,0.738,0.784,-0.3743,0.0,0.307,-0.3125,-0.2029,-0.2998,-0.3955,-0.3684,-0.8419,-0.1346,-1.011,-0.01628,1.323,0.1296,0.1188,0.0,0.0,0.11237,0.0,0.0886,-0.1694,0.08386,-1.588,-1.0,-0.5,-1.0,0.465,-0.4294,-0.4912,0.0,3.0,0.0,0.0,0.0,-1.292,-0.5386595999999999,,,
-0.2362,-0.697,-0.7095,-0.777,1.588,-0.1428,0.0732,0.0,0.0,0.8545,0.8896,-0.3901,0.0,0.3074,-0.1978,-0.2489,-0.2969,-0.7373,-0.3708,-0.8469,-0.09436,-0.8413,-1.011,-0.01628,0.1225,0.1182,0.0,0.0,0.11017,0.0,0.05392,-0.482,0.2917,-2.02,-1.0,-0.5,-1.5,0.8145,-0.74,-0.9116,0.0,4.0,0.0,1.0,-4.457,-1.6875,-0.0282792,,,
-0.2059,-0.5337,-0.6826,-0.783,-0.1495,-0.1428,0.06506,0.0,0.0,0.817,0.8457,-0.385,0.0,0.3079,-0.0521,-0.313,-0.2957,-0.5815,-0.3718,0.2843,-0.09674,-0.8467,-0.8413,-1.011,0.11334,0.1178,0.0,0.0,0.1065,0.0,0.0651,-0.3132,0.1761,0.4316,-1.0,-0.5,-1.0,0.6196,-0.5684,-0.6924,1.0,0.0,0.0,0.0,0.0,0.3704,0.112214,,,
-0.187,-0.36,-0.6484,-0.78,-0.2769,-0.1428,0.05692,0.0,0.0,0.768,0.7925,-0.3782,0.0,0.3083,0.2185,-0.3752,-0.2974,-0.4014,-0.372,0.3697,-0.0981,0.284,-0.8467,-0.8413,0.1095,0.1171,0.0,0.0,0.1044,0.0,0.07983,-0.08136,0.01727,0.819,0.0,-0.5,-0.5,0.4226,-0.364,-0.446,2.0,0.0,0.0,0.0,0.0,0.697,0.183284,,,
-0.2205,-0.157,-0.6045,-0.768,-0.645,-0.1428,0.04877,0.0,0.0,0.702,0.73,-0.3691,0.0,0.3088,-0.3635,-0.4058,-0.3035,-0.1886,-0.3713,0.4874,-0.09796,0.3694,0.284,-0.8467,0.10144,0.116,0.0,0.0,0.1043,0.0,0.0995,0.1306,-0.1254,0.812,1.0,0.0,0.0,0.2134,-0.11786,-0.1637,3.0,0.0,0.0,0.0,0.0,0.683,-0.6091520000000002,,,
-0.11487,-0.566,-0.678,-0.763,5.91,-0.1428,0.04065,0.0,0.0,0.8174,0.831,-0.3845,0.0,0.309,-0.4949,-0.4084,-0.3152,-0.5557,-0.3726,-0.8227,-0.0859,0.487,0.3694,0.284,0.08954,0.1135,0.0,0.0,0.1021,0.0,0.0655,-0.03403,-0.0227,-2.2,1.0,-0.5,0.0,0.547,-0.465,-0.5967,0.0,1.0,0.0,1.0,-3.092,-1.822,-0.1853428,,,
-0.11194,-0.7393,-0.717,-0.7744,0.5146,-0.1428,0.03253,0.0,0.0,0.8755,0.8906,-0.3926,0.0,0.3096,-0.1034,-0.4038,-0.3318,-0.735,-0.3735,-0.4399,-0.0568,-0.8223,0.487,0.3694,0.0807,0.1102,0.0,0.0,0.0999,0.0,0.04776,-0.3577,0.2006,-1.027,1.0,-0.5,-0.5,0.6807,-0.6304,-0.7676,0.0,2.0,0.0,0.0,0.0,-0.8735,-1.2474856,,,
0.1167,-1.551,-0.8887,-0.8145,1.451,-0.2856,0.02438,0.0,0.0,1.172,1.159,-0.4287,0.0,0.31,0.8325,-0.3008,-0.321,-1.441,-0.3826,-1.9799,0.08527,-0.4397,-0.8223,0.487,0.0668,0.104,0.0,0.0,0.09375,0.0,-0.03076,-0.899,0.5522,-9.51,0.0,-1.0,-1.0,1.61,-1.375,-1.282,0.0,3.0,0.0,1.0,-7.887,-6.73,-0.0475955999999999,,,
0.1342,-1.47,-0.894,-0.8535,0.0745,-0.4285,0.01627,0.0,0.0,1.183,1.167,-0.43,0.0,0.3105,-0.07294,-0.1781,-0.2908,-1.355,-0.3877,-0.07595,0.1974,-1.9795,-0.4397,-0.8223,0.0566,0.09827,0.0,0.0,0.0882,0.0,-0.0337,-0.885,0.541,-0.1843,-1.0,-1.0,-1.0,1.483,-1.309,-1.148,0.0,4.0,0.0,0.0,0.0,-0.1693,-0.2379559999999999,,,
0.1613,-1.435,-0.9126,-0.9023,0.10657,-0.5713,0.00813,0.0,0.0,1.218,1.198,-0.434,0.0,0.311,0.0811,-0.0524,-0.2375,-1.357,-0.392,-0.2477,0.301,-0.07605,-1.9795,-0.4397,0.04404,0.09357,0.0,0.0,0.0832,0.0,-0.04294,-1.134,0.715,-0.5,-2.0,-1.0,-1.5,1.448,-1.322,-1.053,0.0,5.0,0.0,0.0,0.0,-0.4607,-0.064812,,,
0.1046,-1.214,-0.893,-0.9414,-0.04132,-0.7144,0.0,0.0,0.0,1.179,1.168,-0.4302,0.0,0.3115,-0.3838,0.07056,-0.1676,-1.155,-0.3962,0.2306,0.3738,-0.2477,-0.07605,-1.9795,0.03072,0.08997,0.0,0.0,0.07916,0.0,-0.03455,-0.9673,0.5996,0.4143,-1.0,-0.5,-1.0,1.168,-1.16,-0.885,1.0,0.0,0.0,0.0,0.0,0.3845,0.150536,,,
0.01874,-0.6484,-0.816,-0.9863,-0.4,-0.857,-0.00813,0.0,0.0,1.042,1.041,-0.4143,0.0,0.3118,0.174,0.2037,-0.07855,-0.5864,-0.4019,0.9347,0.4016,0.2305,-0.2477,-0.07605,0.01913,0.087,0.0,0.0,0.0769,0.0,-5.406e-05,-1.147,0.7437,1.953,0.0,0.0,-1.0,0.7227,-0.605,-0.601,2.0,0.0,0.0,0.0,0.0,1.8,-0.5289908000000001,,,
0.1858,-1.031,-0.9146,-1.043,0.8555,-1.0,-0.01627,0.0,0.0,1.223,1.2,-0.435,0.0,0.3123,0.809,0.34,0.02689,-0.975,-0.4084,-1.1859,0.4675,0.934,0.2305,-0.2477,0.00622,0.0815,0.0,0.0,0.0713,0.0,-0.04532,-1.275,0.815,-3.152,0.0,-0.5,-1.0,1.191,-1.073,-0.823,0.0,1.0,0.0,0.0,0.0,-2.824,0.3459464000000001,,,
0.09216,-0.6313,-0.8647,-1.08,-0.3167,-1.143,-0.02438,0.0,0.0,1.129,1.118,-0.425,0.0,0.3127,0.1304,0.4634,0.1345,-0.564,-0.4138,0.5968,0.4834,-1.186,0.934,0.2305,-0.002052,0.07715,0.0,0.0,0.0653,0.0,-0.02354,-0.958,0.598,1.412,1.0,-0.5,-0.5,0.8257,-0.733,-0.624,1.0,0.0,0.0,0.0,0.0,1.313,-0.7201279999999997,,,
0.1554,-1.012,-0.952,-1.119,0.8716,-1.143,-0.03253,0.0,0.0,1.287,1.271,-0.4436,0.0,0.3132,0.0801,0.558,0.2313,-0.9805,-0.4172,-1.0769,0.5312,0.596,-1.186,0.934,-0.00586,0.0726,0.0,0.0,0.05792,0.0,-0.06384,-0.9756,0.593,-1.636,1.0,-1.0,-0.5,1.243,-1.138,-0.7964,0.0,1.0,0.0,0.0,0.0,-1.494,-0.0439739999999999,,,
0.12335,-1.046,-0.9746,-1.149,0.1733,-1.143,-0.04065,0.0,0.0,1.326,1.317,-0.4487,0.0,0.3137,-0.0557,0.64,0.3193,-1.031,-0.4207,-0.3126,0.5483,-1.076,0.596,-1.186,-0.01066,0.0672,0.0,0.0,0.04892,0.0,-0.0752,-0.889,0.5264,-0.55,0.0,-1.0,-0.5,1.282,-1.169,-0.7896,0.0,2.0,0.0,0.0,0.0,-0.5195,-0.008802,,,
0.1096,-0.9424,-0.9756,-1.184,0.01866,-1.143,-0.04877,0.0,0.0,1.327,1.319,-0.4495,0.0,0.3142,-0.10394,0.703,0.4011,-0.953,-0.4243,-0.0394,0.5728,-0.3127,-1.076,0.596,-0.01455,0.0623,0.0,0.0,0.04108,0.0,-0.07666,-0.9937,0.6,-0.077,-1.0,-1.0,-1.0,1.179,-1.096,-0.727,0.0,3.0,0.0,0.0,0.0,-0.0735,-0.424572,,,
0.1241,-1.081,-1.023,-1.227,0.3052,-1.143,-0.05692,0.0,0.0,1.417,1.41,-0.4597,0.0,0.3147,-0.0809,0.7554,0.4822,-1.095,-0.43,-0.6329,0.5337,-0.03946,-0.3127,-1.076,-0.02208,0.05624,0.0,0.0,0.03003,0.0,-0.0993,-1.208,0.743,-1.458,-1.0,-1.0,-1.5,1.368,-1.273,-0.806,0.0,4.0,0.0,0.0,0.0,-1.393,0.1780308,,,
0.1292,-0.3848,-0.9263,-1.264,-0.611,-1.143,-0.06506,0.0,0.0,1.239,1.226,-0.4402,0.0,0.315,0.072,0.769,0.5483,-0.4407,-0.4338,1.2101,0.4192,-0.6323,-0.03946,-0.3127,-0.0287,0.05185,0.0,0.0,0.02077,0.0,-0.05704,-1.007,0.618,2.873,-1.0,-0.5,-1.5,0.7573,-0.62,-0.5156,1.0,0.0,1.0,0.0,5.445,2.8,0.8251209439999998,,,
0.0409,0.1722,-0.8433,-1.282,-1.828,-1.0,-0.0732,1.0,0.0,1.09,1.086,-0.4238,0.0,0.3154,0.1271,0.7446,0.5986,0.1115,-0.4368,0.9911,0.3289,1.21,-0.6323,-0.03946,-0.0258,0.04913,0.0,0.0,0.01481,0.0,-0.02116,-0.5938,0.339,2.459,0.0,0.0,-1.0,0.3235,-0.1242,-0.2283,2.0,0.0,0.0,0.0,0.0,2.309,0.157366144,,,
0.013374,0.3162,-0.8267,-1.294,0.74,-0.857,-0.0813,1.0,0.0,1.06,1.06,-0.421,0.0,0.316,-0.2808,0.67,0.632,0.2585,-0.439,0.1697999999999999,0.2705,0.9907,1.21,-0.6323,-0.02472,0.047,0.0,0.0,0.01059,0.0,-0.01489,-0.4646,0.2499,0.298,1.0,0.0,-0.5,0.1481,-0.1464,-0.1434,3.0,0.0,0.0,0.0,0.0,0.2715,-0.7061919999999999,,,
-0.0552,-0.2327,-0.92,-1.295,-1.342,-0.857,-0.0894,0.0,0.0,1.213,1.2295,-0.4407,0.0,0.3164,0.3171,0.614,0.6533,-0.2617,-0.4407,-1.1439,0.254,0.1696,0.9907,1.21,-0.02399,0.04385,0.0,0.0,0.006012,0.0,-0.058,-0.269,0.0913,-2.055,1.0,-0.5,-0.5,0.6787,-0.5737,-0.454,0.0,1.0,0.0,0.0,0.0,-1.862,0.7280879999999997,,,
-0.0753,0.27,-0.83,-1.283,-3.416,-0.7144,-0.09753,1.0,0.0,1.058,1.072,-0.4229,0.0,0.317,-0.04083,0.5376,0.654,0.2485,-0.4404,1.0691,0.2067,-1.144,0.1696,0.9907,-0.01736,0.0408,0.0,0.0,0.00258,0.0,-0.01929,-0.001108,-0.08276,2.428,2.0,0.0,0.0,0.237,-0.038,-0.0986,1.0,0.0,0.0,0.0,0.0,2.281,-0.2406250959999999,,,
-0.0513,0.0718,-0.859,-1.274,-0.4697,-0.5713,-0.1057,1.0,0.0,1.107,1.12,-0.4292,0.0,0.3174,0.141,0.439,0.631,0.0482,-0.44,-0.3761,0.1285,1.069,-1.144,0.1696,-0.01223,0.03653,0.0,0.0,-0.002052,0.0,-0.0335,-0.03168,-0.0672,-0.913,1.0,-0.5,0.0,0.3965,-0.183,-0.1799,0.0,1.0,0.0,0.0,0.0,-0.83,-0.7718239999999997,,,
0.04663,-0.341,-0.9297,-1.276,-2.748,-0.5713,-0.11383,0.0,0.0,1.238,1.239,-0.4446,0.0,0.3176,0.304,0.322,0.582,-0.3684,-0.4407,-0.8949,-0.006245,-0.3762,1.069,-1.144,-0.00834,0.0315,0.0,0.0,-0.00889,0.0,-0.0667,-0.267,0.0863,-1.849,0.0,-0.5,-0.5,0.756,-0.549,-0.4944,0.0,2.0,0.0,0.0,0.0,-1.701,0.202912,,,
-0.002525,-0.12115,-0.898,-1.283,-0.7715,-0.5713,-0.12195,0.0,0.0,1.179,1.186,-0.4387,0.0,0.318,-0.1511,0.21,0.514,-0.1616,-0.4421,0.3525999999999999,-0.11633,-0.8945,-0.3762,1.069,-0.00793,0.02605,0.0,0.0,-0.01379,0.0,-0.0541,-0.4062,0.1912,0.585,0.0,0.0,-0.5,0.5146,-0.3943,-0.3088,1.0,0.0,0.0,0.0,0.0,0.5537,0.368116,,,
-0.1251,0.2281,-0.833,-1.271,-9.234,-0.4285,-0.1301,1.0,0.0,1.06,1.082,-0.426,0.0,0.3186,-0.3667,0.1133,0.4194,0.2145,-0.4426,0.7555,-0.2212,0.3523,-0.8945,-0.3762,-0.00851,0.0222,0.0,0.0,-0.0168,0.0,-0.02664,0.02771,-0.10645,1.208,1.0,0.5,0.0,0.1843,-0.04037,0.2291,2.0,0.0,0.0,0.0,0.0,1.132,-0.8311643999999998,,,
0.01627,-0.3315,-0.932,-1.279,-1.799,-0.4285,-0.1382,0.0,0.0,1.24,1.246,-0.4468,0.0,0.319,-0.10956,0.03308,0.3438,-0.3313,-0.4443,-1.2109,-0.2133,0.7554,0.3523,-0.8945,-0.01513,0.01554,0.0,0.0,-0.01845,0.0,-0.0719,-0.3687,0.1566,-3.387,0.0,0.5,-0.5,0.7007,-0.55,-0.5845,0.0,1.0,0.0,1.0,-3.844,-3.098,-0.6304880000000002,,,
0.11896,-0.8984,-1.032,-1.287,2.557,-0.4285,-0.1464,0.0,0.0,1.435,1.429,-0.4678,0.0,0.3196,0.736,-0.04605,0.2688,-0.8887,-0.4463,-1.2779,-0.1484,-1.211,0.7554,0.3523,-0.02208,0.007626,0.0,0.0,-0.02188,0.0,-0.11786,-0.397,0.1566,-2.982,0.0,0.0,-0.5,1.262,-1.011,-1.178,0.0,2.0,0.0,0.0,0.0,-2.836,0.0120771999999999,,,
0.09717,-0.834,-1.024,-1.291,0.04883,-0.4285,-0.1544,0.0,0.0,1.418,1.415,-0.4668,0.0,0.32,-0.2444,-0.12427,0.1918,-0.8247,-0.4475,0.06156,-0.0999,-1.278,-1.211,0.7554,-0.03333,0.000988,0.0,0.0,-0.02484,0.0,-0.1158,-0.326,0.1068,0.1025,1.0,0.0,0.0,1.142,-0.88,-0.9897,1.0,0.0,0.0,0.0,0.0,0.1015,0.1148071999999999,,,
0.0869,-0.799,-1.0205,-1.292,0.0836,-0.4285,-0.1626,0.0,0.0,1.409,1.408,-0.4668,0.0,0.3203,-0.193,-0.2003,0.10846,-0.8013,-0.4482,0.0001,-0.06464,0.06143,-1.278,-1.211,-0.04294,-0.00466,0.0,0.0,-0.02815,0.0,-0.11584,-0.3186,0.1015,0.0,0.0,-0.5,0.0,1.026,-0.8247,-0.877,0.0,0.0,0.0,0.0,0.0,0.0,0.3593856000000001,,,
0.04947,-0.4028,-0.9478,-1.278,-0.4565,-0.4285,-0.1708,0.0,0.0,1.2705,1.271,-0.453,0.0,0.3208,-0.3462,-0.2466,0.02777,-0.401,-0.4482,0.8795,-0.0973,0.0,0.06143,-1.278,-0.04507,-0.00849,0.0,0.0,-0.03165,0.0,-0.0856,-0.009186,-0.1059,2.861,0.0,0.0,0.5,0.5674,-0.3906,-0.437,1.0,0.0,0.0,0.0,0.0,2.83,-0.1260648,,,
0.00846,-0.2969,-0.9287,-1.274,-0.2189,-0.4285,-0.1788,0.0,0.0,1.234,1.24,-0.45,0.0,0.3213,0.2457,-0.2646,-0.0372,-0.2722,-0.4497,0.1792,-0.0978,0.879,0.0,0.06143,-0.04797,-0.01247,0.0,0.0,-0.033,0.0,-0.0794,-0.2292,0.05396,0.8066,1.0,0.0,0.5,0.4175,-0.3237,-0.324,2.0,0.0,0.0,0.0,0.0,0.776,-0.04736,,,
0.01477,-0.4917,-0.969,-1.286,1.1,-0.5713,-0.187,0.0,0.0,1.307,1.315,-0.459,0.0,0.3218,0.01892,-0.2568,-0.0883,-0.476,-0.452,-0.5539000000000001,-0.1054,0.1791,0.879,0.0,-0.05643,-0.0174,0.0,0.0,-0.03607,0.0,-0.09924,-0.6084,0.316,-1.189,1.0,0.0,0.0,0.6445,-0.513,-0.5596,0.0,1.0,0.0,0.0,0.0,-1.138,0.3341639999999999,,,
0.0186,-0.287,-0.9414,-1.295,-0.3994,-0.7144,-0.1951,0.0,0.0,1.257,1.263,-0.4546,0.0,0.3223,0.00786,-0.2343,-0.1354,-0.2905,-0.4536,0.2820999999999999,-0.10065,-0.5537,0.1791,0.879,-0.0584,-0.02261,0.0,0.0,-0.03708,0.0,-0.0894,-0.5796,0.2996,0.4692,1.0,0.5,0.0,0.4377,-0.3982,-0.3962,1.0,0.0,0.0,0.0,0.0,0.4568,0.1751587999999999,,,
-0.04303,-0.07855,-0.904,-1.287,-0.9497,-0.5713,-0.2032,1.0,0.0,1.186,1.199,-0.448,0.0,0.3228,-0.2803,-0.2126,-0.1802,-0.0793,-0.4543,0.3994999999999999,-0.1009,0.282,-0.5537,0.1791,-0.05334,-0.02649,0.0,0.0,-0.03702,0.0,-0.0754,-0.2122,0.0436,0.702,2.0,0.5,0.5,0.2124,-0.2386,-0.1953,2.0,0.0,0.0,0.0,0.0,0.6777,-0.2915768,,,
-0.0407,-0.2854,-0.945,-1.296,-14.766,-0.7144,-0.2114,0.0,0.0,1.259,1.273,-0.4575,0.0,0.3232,0.0654,-0.1914,-0.2151,-0.3,-0.4563,-0.5719,-0.0939,0.3992,0.282,-0.5537,-0.05096,-0.03044,0.0,0.0,-0.03775,0.0,-0.0959,-0.6772,0.3667,-1.239,1.0,0.0,0.0,0.447,-0.46,-0.4707,0.0,1.0,0.0,0.0,0.0,-1.181,0.12097384,,,
-0.0923,0.072,-0.8853,-1.294,-1.737,-0.7144,-0.2195,1.0,0.0,1.15,1.171,-0.4468,0.0,0.3235,-0.0601,-0.1754,-0.2241,0.0773,-0.4583,0.6627,-0.10504,-0.572,0.3992,0.282,-0.04584,-0.03156,0.0,0.0,-0.03656,0.0,-0.0727,-0.3794,0.1642,1.399,1.0,0.5,0.5,0.1342,-0.1659,-0.1628,1.0,0.0,0.0,0.0,0.0,1.358,-0.4449040000000001,,,
-0.12195,-0.1758,-0.925,-1.288,-1.594,-0.7144,-0.2277,0.0,0.0,1.217,1.244,-0.4558,0.0,0.324,-0.517,-0.1682,-0.2227,-0.1658,-0.4592,-0.5509000000000001,-0.1007,0.662,-0.572,0.3992,-0.04657,-0.0331,0.0,0.0,-0.03796,0.0,-0.0925,-0.288,0.0904,-1.086,1.0,0.5,0.5,0.3665,-0.3835,-0.4211,0.0,1.0,0.0,0.0,0.0,-1.032,0.4804599999999999,,,
-0.1448,0.2045,-0.858,-1.279,-4.168,-0.5713,-0.2357,1.0,0.0,1.099,1.127,-0.4436,0.0,0.3245,-0.1165,-0.1693,-0.2188,0.2039,-0.4592,0.7608,-0.13,-0.551,0.662,-0.572,-0.04492,-0.0337,0.0,0.0,-0.03976,0.0,-0.06573,-0.1735,0.02034,1.555,1.0,0.5,0.5,0.03653,-0.0452,0.0006104,1.0,0.0,0.0,0.0,0.0,1.504,-0.098172,,,
-0.11084,-0.09247,-0.9126,-1.285,-0.977,-0.7144,-0.2439,0.0,0.0,1.195,1.221,-0.4556,0.0,0.325,-0.2412,-0.1786,-0.211,-0.1209,-0.4604,-0.7235,-0.1719,0.7603,-0.551,0.662,-0.044,-0.03525,0.0,0.0,-0.0429,0.0,-0.0919,-0.5757,0.296,-0.977,0.0,0.5,0.0,0.3123,-0.386,-0.3628,0.0,1.0,0.0,0.0,0.0,-0.9233,0.0829,,,
-0.2085,-0.1646,-0.9224,-1.279,7.023,-0.7144,-0.252,0.0,0.0,1.205,1.247,-0.4587,0.0,0.3254,-0.05777,-0.1865,-0.2028,-0.1938,-0.4612,-0.2,-0.1705,-0.723,0.7603,-0.551,-0.04507,-0.03793,0.0,0.0,-0.04456,0.0,-0.09906,-0.3198,0.11017,-0.3909,0.0,0.0,0.0,0.3174,-0.5073,-0.447,0.0,2.0,0.0,0.0,0.0,-0.378,-0.0310095999999999,,,
-0.2705,-0.03873,-0.891,-1.259,-1.481,-0.5713,-0.2603,1.0,0.0,1.1455,1.195,-0.4536,0.0,0.326,0.0806,-0.2,-0.2041,-0.05707,-0.4604,0.3221,-0.223,-0.2,-0.723,0.7603,-0.04648,-0.03906,0.0,0.0,-0.04733,0.0,-0.0878,0.2161,-0.2673,0.6177,0.0,0.0,0.5,0.1727,-0.3276,-0.2148,1.0,0.0,0.0,0.0,0.0,0.601,0.2177472,,,
-0.2896,0.1859,-0.8403,-1.235,5.77,-0.4285,-0.2683,1.0,0.0,1.058,1.108,-0.4446,0.0,0.3262,-0.2375,-0.2217,-0.2174,0.1809,-0.4595,0.5581,-0.258,0.322,-0.2,-0.723,-0.04318,-0.04025,0.0,0.0,-0.0487,0.0,-0.0681,0.356,-0.3584,0.7773,1.0,0.5,0.5,-0.03427,-0.05386,0.2289,2.0,0.0,0.0,0.0,0.0,0.749,-0.6634632,,,
-0.1752,-0.432,-0.9385,-1.223,-2.338,-0.4285,-0.2764,0.0,0.0,1.236,1.273,-0.4648,0.0,0.3267,-0.01778,-0.2484,-0.235,-0.425,-0.4595,-1.2339,-0.2505,0.5576,0.322,-0.2,-0.04782,-0.04156,0.0,0.0,-0.05057,0.0,-0.1126,-0.06158,-0.07996,-3.0,0.0,0.0,0.5,0.507,-0.571,-0.655,0.0,1.0,0.0,0.0,0.0,-2.84,-0.0238887999999999,,,
-0.1947,-0.4158,-0.9355,-1.22,0.08417,-0.4285,-0.2847,0.0,0.0,1.2295,1.27,-0.4653,0.0,0.3271,0.05984,-0.2883,-0.2515,-0.4053,-0.4604,-0.02027,-0.2576,-1.233,0.5576,0.322,-0.0502,-0.04257,0.0,0.0,-0.05298,0.0,-0.1134,-0.328,0.10974,-0.04712,0.0,-0.5,0.0,0.4678,-0.5454,-0.6206,0.0,2.0,0.0,0.0,0.0,-0.04642,0.12894,,,
-0.2057,-0.2927,-0.914,-1.217,-0.2595,-0.4285,-0.2927,0.0,0.0,1.19,1.231,-0.462,0.0,0.3276,0.2551,-0.3281,-0.2717,-0.2861,-0.4612,0.204,-0.3325,-0.02037,-1.233,0.5576,-0.05493,-0.04333,0.0,0.0,-0.0562,0.0,-0.1064,-0.321,0.108,0.3984,1.0,0.0,0.0,0.3298,-0.4395,-0.4697,1.0,0.0,0.0,0.0,0.0,0.3926,0.0086313439999999,,,
-0.2101,0.257,-0.811,-1.198,-2.645,-0.2856,-0.3008,1.0,0.0,1.016,1.052,-0.4426,0.0,0.3281,0.274,-0.366,-0.2937,0.2625,-0.4602,1.2161,-0.3225,0.2037,-0.02037,-1.233,-0.0516,-0.0423,0.0,0.0,-0.05585,0.0,-0.06415,0.1919,-0.2395,3.129,1.0,0.0,0.5,-0.1292,0.1317,0.652,2.0,0.0,0.0,0.0,0.0,3.062,0.4084415999999999,,,
-0.201,0.69,-0.7227,-1.172,1.5,-0.1428,-0.3088,1.0,0.0,0.877,0.907,-0.426,0.0,0.3286,0.5845,-0.3982,-0.3164,0.6987,-0.4585,0.9951,-0.2617,1.215,0.2037,-0.02037,-0.04327,-0.0414,0.0,0.0,-0.05206,0.0,-0.02826,0.3567,-0.3413,2.04,1.0,0.5,0.5,-0.4602,0.532,1.113,3.0,0.0,0.0,0.0,0.0,1.923,0.084822,,,
-0.2053,0.748,-0.6978,-1.146,0.2139,-0.1428,-0.3171,1.0,0.0,0.8394,0.869,-0.422,0.0,0.329,-0.2312,-0.4128,-0.3384,0.7236,-0.4556,0.2273,-0.2054,0.9946,1.215,0.2037,-0.03525,-0.04132,0.0,0.0,-0.048,0.0,-0.01991,0.3235,-0.3137,0.674,2.0,0.5,0.5,-0.5083,0.5444,1.056,4.0,0.0,0.0,0.0,0.0,0.6167,0.2098628,,,
-0.2458,0.847,-0.66,-1.112,0.261,0.0,-0.3252,1.0,0.0,0.7803,0.8145,-0.4158,0.0,0.3293,-0.3364,-0.3738,-0.3552,0.826,-0.453,0.3761,-0.1447,0.227,0.9946,1.215,-0.02786,-0.04102,0.0,0.0,-0.04337,0.0,-0.00591,0.594,-0.501,0.916,3.0,1.0,1.0,-0.6055,0.6147,1.028,5.0,0.0,0.0,0.0,0.0,0.832,-0.537896,,,
-0.1997,0.3782,-0.73,-1.093,-0.4065,0.0,-0.3333,1.0,0.0,0.888,0.9185,-0.4302,0.0,0.3298,-0.336,-0.3223,-0.3699,0.3506,-0.4512,-0.8359,-0.126,0.3757,0.227,0.9946,-0.01901,-0.04037,0.0,0.0,-0.04132,0.0,-0.03775,0.17,-0.212,-1.722,2.0,1.0,0.5,-0.1956,0.2235,0.465,0.0,1.0,0.0,0.0,0.0,-1.546,-0.0087547999999999,,,
-0.2006,0.3315,-0.7227,-1.066,0.02473,0.1428,-0.3416,1.0,0.0,0.8774,0.9077,-0.43,0.0,0.3303,-0.4082,-0.273,-0.3699,0.3145,-0.4497,0.01917,-0.1089,-0.8354,0.3757,0.227,-0.009995,-0.0408,0.0,0.0,-0.0395,0.0,-0.0371,0.349,-0.3396,0.02895,2.0,1.0,1.0,-0.2092,0.1614,0.4226,1.0,0.0,0.0,0.0,0.0,0.02669,0.2011203999999999,,,
-0.2485,0.4082,-0.6978,-1.046,0.332,0.1428,-0.3496,1.0,0.0,0.836,0.8726,-0.426,0.0,0.3308,-0.5093,-0.2283,-0.3547,0.3906,-0.4485,0.2289,-0.0961,0.01906,-0.8354,0.3757,-0.000812,-0.04062,0.0,0.0,-0.0365,0.0,-0.02872,0.2262,-0.248,0.4849,2.0,1.0,1.0,-0.2954,0.1985,0.4778,2.0,0.0,0.0,0.0,0.0,0.4468,0.9147240000000004,,,
-0.207,0.9507,-0.578,-1.005,1.317,0.2856,-0.3577,1.0,0.0,0.667,0.6914,-0.4038,0.0,0.3313,0.8555,-0.1749,-0.3206,0.9463,-0.4453,1.3061,-0.01877,0.2286,0.01906,-0.8354,0.00912,-0.03812,0.0,0.0,-0.03192,0.0,0.01985,0.7793,-0.6216,3.51,2.0,1.5,1.5,-0.6997,0.7295,0.9253,3.0,0.0,0.0,0.0,0.0,3.21,0.101192,,,
-0.2175,0.8633,-0.567,-0.962,0.04324,0.4285,-0.366,1.0,0.0,0.6504,0.6763,-0.4023,0.0,0.3318,-0.2664,-0.10803,-0.2683,0.855,-0.4412,0.07285,0.0484,1.306,0.2286,0.01906,0.01516,-0.03592,0.0,0.0,-0.02777,0.0,0.02257,0.87,-0.685,0.19,2.0,1.5,2.0,-0.663,0.664,0.7915,4.0,0.0,0.0,0.0,0.0,0.167,-0.6786240000000002,,,
-0.1565,0.3013,-0.6494,-0.9326,-0.5024,0.4285,-0.374,1.0,0.0,0.7715,0.791,-0.4192,0.0,0.332,0.0454,-0.0445,-0.2135,0.2966,-0.4387,-0.9433,0.0518,0.0727,1.306,0.2286,0.0159,-0.0355,0.0,0.0,-0.0243,0.0,-0.01423,0.4438,-0.397,-2.18,2.0,1.5,1.5,-0.2002,0.2308,0.3418,0.0,1.0,0.0,0.0,0.0,-1.911,-0.1908743999999999,,,
-0.17,0.2913,-0.637,-0.909,0.10535,0.4285,-0.382,1.0,0.0,0.753,0.774,-0.4177,0.0,0.3325,-0.4033,0.0092,-0.1656,0.297,-0.4373,0.09354,0.0653,-0.943,0.0727,1.306,0.0154,-0.03372,0.0,0.0,-0.02167,0.0,-0.01077,0.3508,-0.329,0.1729,2.0,1.5,1.5,-0.2612,0.1775,0.3362,1.0,0.0,0.0,0.0,0.0,0.1561,-0.0745651999999999,,,
-0.1278,-0.2473,-0.7183,-0.8823,-1.411,0.4285,-0.3901,0.0,0.0,0.877,0.8945,-0.434,0.0,0.333,0.443,0.0589,-0.11804,-0.2505,-0.4346,-0.9506,0.04962,0.09344,-0.943,0.0727,0.01441,-0.03165,0.0,0.0,-0.01971,0.0,-0.04684,0.431,-0.4019,-2.42,1.0,1.0,1.5,0.2008,-0.2004,-0.0718,0.0,1.0,0.0,0.0,0.0,-2.18,-0.3588891999999999,,,
-0.11597,-0.5166,-0.7554,-0.8613,1.869,0.4285,-0.3984,0.0,0.0,0.9346,0.952,-0.442,0.0,0.3335,-0.11993,0.0931,-0.0723,-0.536,-0.4321,-0.4609,0.04868,-0.95,0.09344,-0.943,0.01135,-0.03014,0.0,0.0,-0.01956,0.0,-0.06384,0.2817,-0.303,-0.7803,0.0,0.5,1.5,0.3955,-0.371,-0.259,0.0,2.0,0.0,0.0,0.0,-0.7246,-0.0865296,,,
-0.1213,-0.729,-0.785,-0.845,0.6533,0.4285,-0.4065,0.0,0.0,0.981,1.001,-0.4485,0.0,0.334,-0.08124,0.0964,-0.03864,-0.7383,-0.4314,-0.3899,0.03864,-0.461,-0.95,0.09344,0.005642,-0.029,0.0,0.0,-0.01892,0.0,-0.07806,0.1198,-0.1936,-0.916,-1.0,0.0,1.0,0.4932,-0.5527,-0.4268,0.0,3.0,0.0,0.0,0.0,-0.863,0.2073791999999999,,,
-0.2073,-0.571,-0.7524,-0.8374,-0.1272,0.2856,-0.4146,0.0,0.0,0.9224,0.955,-0.4429,0.0,0.3345,-0.4124,0.08,-0.0163,-0.5986,-0.431,0.3354999999999999,0.01646,-0.3896,-0.461,-0.95,-0.00437,-0.0284,0.0,0.0,-0.01747,0.0,-0.06616,-0.10016,-0.0313,0.7607,0.0,0.5,1.0,0.285,-0.406,-0.32,1.0,0.0,0.0,0.0,0.0,0.7256,0.1536224,,,
-0.2808,-0.4426,-0.7295,-0.8374,-0.1465,0.1428,-0.4229,0.0,0.0,0.8813,0.925,-0.4392,0.0,0.3347,-0.2473,0.04523,-0.004242,-0.4885,-0.4312,0.2148999999999999,0.000631,0.3352,-0.3896,-0.461,-0.0138,-0.02776,0.0,0.0,-0.01619,0.0,-0.05844,-0.3542,0.1534,0.4497,0.0,0.5,1.0,0.1757,-0.2937,-0.2522,2.0,0.0,0.0,0.0,0.0,0.4243,1.0832200000000003,,,
-0.2651,0.2888,-0.59,-0.8257,-2.03,0.1428,-0.431,1.0,0.0,0.678,0.713,-0.413,0.0,0.3352,0.05444,0.006588,0.0016985,0.2505,-0.4312,1.5711,0.01321,0.2147,0.3352,-0.3896,-0.01223,-0.02495,0.0,0.0,-0.01334,0.0,-0.0014,0.05322,-0.11224,3.672,1.0,0.5,1.0,-0.385,0.4072,0.3738,3.0,0.0,0.0,0.0,0.0,3.441,-0.1850539999999999,,,
-0.2242,0.1633,-0.6104,-0.8213,-0.229,0.1428,-0.439,1.0,0.0,0.7104,0.7393,-0.4177,0.0,0.3357,0.04163,-0.03122,0.0001605,0.1091,-0.4307,-0.2587,-0.0317,1.57,0.2147,0.3352,-0.01223,-0.02269,0.0,0.0,-0.00906,0.0,-0.01139,-0.1266,0.01175,-0.675,1.0,0.0,0.5,-0.2664,0.2216,0.2249,0.0,1.0,0.0,0.0,0.0,-0.603,0.344364,,,
-0.2712,0.2827,-0.5786,-0.805,0.6553,0.1428,-0.4473,1.0,0.0,0.6626,0.6978,-0.412,0.0,0.3362,-0.4348,-0.0752,-0.01169,0.2361,-0.4297,0.3171,-0.0865,-0.2588,1.57,0.2147,-0.006603,-0.02051,0.0,0.0,-0.004253,0.0,0.000504,0.2275,-0.2357,0.7573,2.0,0.0,1.0,-0.3423,0.3293,0.3484,1.0,0.0,0.0,0.0,0.0,0.682,-0.1562799999999999,,,
-0.2625,0.1688,-0.5903,-0.7896,-0.201,0.1428,-0.4553,1.0,0.0,0.6797,0.714,-0.415,0.0,0.3367,-0.5474,-0.1292,-0.03662,0.1373,-0.4292,-0.166,-0.1542,0.3167,-0.2588,1.57,0.0002637,-0.01791,0.0,0.0,-0.0,0.0,-0.005936,0.1646,-0.1936,-0.3657,1.0,0.0,0.5,-0.2395,0.215,0.2366,0.0,1.0,0.0,0.0,0.0,-0.3262,-0.2300591999999998,,,
-0.258,0.0778,-0.6006,-0.778,-0.2554,0.1428,-0.4634,1.0,0.0,0.6943,0.728,-0.4177,0.0,0.3372,-0.544,-0.199,-0.0682,0.04272,-0.4282,-0.1483,-0.1725,-0.166,0.3167,-0.2588,0.008125,-0.01614,0.0,0.0,0.002258,0.0,-0.011665,0.05344,-0.11676,-0.2869,0.0,-0.5,0.0,-0.2069,0.05948,0.11145,0.0,2.0,0.0,0.0,0.0,-0.2573,-1.423175999999999,,,
-0.1351,-0.71,-0.758,-0.7974,-5.156,0.0,-0.4714,0.0,0.0,0.9365,0.9575,-0.4485,0.0,0.3376,1.034,-0.2798,-0.11285,-0.7256,-0.432,-1.7704,-0.1362,-0.1483,-0.166,0.3167,0.006718,-0.01569,0.0,0.0,0.0002346,0.0,-0.07886,-0.8296,0.4841,-7.89,-1.0,-0.5,-0.5,0.6426,-0.634,-0.9053,0.0,3.0,0.0,1.0,-6.73,-6.73,-0.1858315999999999,,,
-0.1128,-0.55,-0.7397,-0.8154,-0.1388,-0.1428,-0.4797,0.0,0.0,0.9106,0.9272,-0.4458,0.0,0.338,0.1844,-0.3289,-0.159,-0.5615,-0.435,0.1578999999999999,-0.1125,-1.77,-0.1483,-0.166,0.005062,-0.01582,0.0,0.0,-0.001906,0.0,-0.07324,-0.8013,0.4663,0.319,0.0,0.0,-0.5,0.4854,-0.561,-0.7446,1.0,0.0,0.0,0.0,0.0,0.3044,-0.3516279999999999,,,
-0.1604,-0.61,-0.758,-0.8257,0.2703,-0.2856,-0.4878,0.0,0.0,0.9346,0.9595,-0.45,0.0,0.3384,-0.5005,-0.3384,-0.2009,-0.6104,-0.4377,-0.2553,-0.0896,0.1578,-1.77,-0.1483,-0.00437,-0.01549,0.0,0.0,-0.005016,0.0,-0.0825,-0.648,0.3528,-0.635,-1.0,0.0,-0.5,0.562,-0.6206,-0.7915,0.0,1.0,0.0,0.0,0.0,-0.6025,0.233652,,,
-0.12195,-0.344,-0.7144,-0.833,-0.4038,-0.4285,-0.4958,0.0,0.0,0.8706,0.8877,-0.4426,0.0,0.3389,0.1022,-0.32,-0.2415,-0.3596,-0.4392,0.4553999999999999,-0.07855,-0.2551,0.1578,-1.77,-0.01074,-0.014496,0.0,0.0,-0.00613,0.0,-0.0664,-0.5225,0.2705,1.27,0.0,0.0,-0.5,0.3042,-0.4104,-0.536,1.0,0.0,1.0,0.0,2.693,1.215,-0.9703560000000002,,,
-0.04837,-0.931,-0.827,-0.842,2.521,-0.4285,-0.504,0.0,0.0,1.056,1.065,-0.4648,0.0,0.3394,0.08466,-0.2654,-0.275,-0.926,-0.442,-1.3469,-0.014496,0.455,-0.2551,0.1578,-0.02423,-0.01519,0.0,0.0,-0.0093,0.0,-0.1152,-0.599,0.304,-3.74,0.0,-0.5,-0.5,0.901,-0.9297,-1.034,0.0,1.0,0.0,1.0,-6.66,-3.527,0.0499304,,,
-0.08514,-0.8857,-0.8223,-0.8467,0.07635,-0.4285,-0.512,0.0,0.0,1.045,1.061,-0.4648,0.0,0.3398,-0.53,-0.2156,-0.302,-0.898,-0.4429,0.0001,0.03638,-1.346,0.455,-0.2551,-0.03696,-0.01643,0.0,0.0,-0.01282,0.0,-0.11523,-0.4954,0.2296,0.0,0.0,-1.0,-0.5,0.807,-0.8716,-0.9116,0.0,0.0,0.0,0.0,0.0,0.0,0.2653019999999999,,,
-0.1127,-0.712,-0.7905,-0.844,-0.09753,-0.4285,-0.5205,0.0,0.0,0.99,1.009,-0.4597,0.0,0.3403,-0.2076,-0.1765,-0.3108,-0.729,-0.4436,0.3261,0.02762,0.0,-1.346,0.455,-0.04773,-0.01611,0.0,0.0,-0.01788,0.0,-0.104,-0.2942,0.091,0.5786,0.0,-0.5,0.0,0.603,-0.6597,-0.726,1.0,0.0,0.0,0.0,0.0,0.5693,0.2059464,,,
-0.1054,-0.652,-0.781,-0.8457,0.03117,-0.4285,-0.5283,0.0,0.0,0.9756,0.9927,-0.4587,0.0,0.3406,-0.1589,-0.146,-0.2986,-0.677,-0.4443,0.06062,-0.001624,0.326,0.0,-1.346,-0.05038,-0.01572,0.0,0.0,-0.023,0.0,-0.1019,-0.3848,0.1565,0.12067,1.0,-0.5,0.0,0.5225,-0.5903,-0.6587,2.0,0.0,0.0,0.0,0.0,0.1176,0.2434,,,
-0.107,-0.409,-0.736,-0.843,-0.3213,-0.4285,-0.5366,0.0,0.0,0.9053,0.9204,-0.4514,0.0,0.341,0.0998,-0.1187,-0.2769,-0.4277,-0.4456,0.4631,-0.011345,0.0605,0.326,0.0,-0.0518,-0.01507,0.0,0.0,-0.0259,0.0,-0.08575,-0.3066,0.108,0.931,1.0,0.0,0.0,0.2351,-0.4136,-0.4294,3.0,0.0,0.0,0.0,0.0,0.906,-0.0573344,,,
-0.2426,-0.09973,-0.6855,-0.85,-0.875,-0.5713,-0.545,0.0,0.0,0.818,0.853,-0.4429,0.0,0.3416,-0.5107,-0.0913,-0.2479,-0.1271,-0.4475,0.5161,-0.035,0.4626,0.0605,0.326,-0.04996,-0.01509,0.0,0.0,-0.02818,0.0,-0.0675,-0.712,0.405,1.311,2.0,0.5,0.0,0.02124,-0.1654,-0.177,4.0,0.0,0.0,0.0,0.0,1.257,-0.5784587999999998,,,
-0.1764,-0.4204,-0.7524,-0.8633,18.75,-0.7144,-0.5527,0.0,0.0,0.925,0.9526,-0.4565,0.0,0.342,0.516,-0.0622,-0.2118,-0.4426,-0.4504,-0.8202,-0.02583,0.5156,0.4626,0.0605,-0.05353,-0.01695,0.0,0.0,-0.03021,0.0,-0.0972,-0.8354,0.4805,-1.976,2.0,0.5,0.0,0.3845,-0.4895,-0.513,0.0,1.0,0.0,0.0,0.0,-1.864,-0.1432542,,,
-0.1328,-0.3997,-0.7603,-0.8804,0.0685,-0.857,-0.561,0.0,0.0,0.941,0.9614,-0.459,0.0,0.3425,0.09485,-0.03656,-0.1724,-0.429,-0.4534,-0.1602,-0.01203,-0.82,0.5156,0.4626,-0.05203,-0.0192,0.0,0.0,-0.03177,0.0,-0.1029,-1.014,0.605,-0.3572,1.0,0.0,-0.5,0.42,-0.5264,-0.5493,0.0,2.0,0.0,0.0,0.0,-0.346,-0.2911219999999998,,,
-0.1251,-0.479,-0.787,-0.899,0.3992,-1.0,-0.5693,0.0,0.0,0.984,1.005,-0.4653,0.0,0.343,-0.4524,-0.0184,-0.1306,-0.5225,-0.4565,-0.3827,0.00965,-0.1603,-0.82,0.5156,-0.05212,-0.02222,0.0,0.0,-0.0333,0.0,-0.1164,-1.049,0.6245,-0.89,0.0,0.0,-0.5,0.557,-0.643,-0.6685,0.0,3.0,0.0,0.0,0.0,-0.866,0.519024,,,
-0.1188,0.02953,-0.7026,-0.907,-1.233,-1.0,-0.577,1.0,0.0,0.853,0.869,-0.4507,0.0,0.3435,0.09814,-0.02321,-0.09216,-0.02371,-0.4587,0.9176,0.01192,-0.3826,-0.1603,-0.82,-0.0498,-0.02347,0.0,0.0,-0.034,0.0,-0.0848,-0.663,0.3628,2.648,0.0,0.0,0.0,0.0928,-0.2659,-0.2876,1.0,0.0,0.0,0.0,0.0,2.61,0.0815488,,,
-0.269,0.0888,-0.6865,-0.897,0.7046,-0.857,-0.5854,1.0,0.0,0.817,0.8564,-0.4487,0.0,0.3438,-0.2294,-0.02466,-0.06116,0.0635,-0.4597,0.119,0.011925,0.917,-0.3826,-0.1603,-0.04724,-0.02461,0.0,0.0,-0.03485,0.0,-0.0806,-0.10175,-0.0358,0.304,0.0,0.5,0.5,0.03705,-0.2117,-0.2266,2.0,0.0,0.0,0.0,0.0,0.2913,-0.1962307999999999,,,
-0.3044,0.00451,-0.698,-0.8906,-0.396,-0.7144,-0.5933,1.0,0.0,0.832,0.878,-0.452,0.0,0.3442,-0.348,-0.02895,-0.0413,-0.03102,-0.4597,-0.1973,-0.0348,0.11884,0.917,-0.3826,-0.0474,-0.02618,0.0,0.0,-0.03836,0.0,-0.0877,-0.2308,0.05322,-0.4382,0.0,0.5,0.0,0.1125,-0.2966,-0.2717,0.0,1.0,0.0,0.0,0.0,-0.4182,-0.1980499999999999,,,
-0.3257,-0.09106,-0.7114,-0.883,-1.057,-0.7144,-0.6016,0.0,0.0,0.8506,0.9004,-0.4556,0.0,0.3447,-0.7944,-0.03668,-0.03226,-0.1301,-0.46,-0.2184,-0.0758,-0.1974,0.11884,0.917,-0.05063,-0.02934,0.0,0.0,-0.04178,0.0,-0.0956,-0.2173,0.04013,-0.397,0.0,0.0,0.0,0.1807,-0.3926,-0.334,0.0,2.0,0.0,0.0,0.0,-0.381,0.4867771999999999,,,
-0.3718,0.173,-0.6597,-0.8745,-14.766,-0.5713,-0.61,1.0,0.0,0.77,0.8247,-0.447,0.0,0.3452,0.06433,-0.05103,-0.03403,0.147,-0.461,0.5201,-0.154,-0.2184,-0.1974,0.11884,-0.04822,-0.03207,0.0,0.0,-0.04495,0.0,-0.07733,-0.1946,0.03204,1.536,1.0,0.0,0.0,-0.08435,-0.2054,-0.01744,1.0,0.0,0.0,0.0,0.0,1.484,-0.286284,,,
-0.3738,0.01633,-0.6763,-0.8545,-0.525,-0.4285,-0.6177,1.0,0.0,0.794,0.85,-0.4514,0.0,0.3457,0.449,-0.0718,-0.05368,-0.01817,-0.4597,-0.2558,-0.2437,0.52,-0.2184,-0.1974,-0.04623,-0.03403,0.0,0.0,-0.04825,0.0,-0.0866,0.2737,-0.3062,-0.8726,0.0,-0.5,0.0,0.03577,-0.3042,-0.0983,0.0,1.0,0.0,0.0,0.0,-0.83,0.0939676,,,
-0.3474,0.0954,-0.6494,-0.8335,0.999,-0.2856,-0.626,1.0,0.0,0.757,0.807,-0.4475,0.0,0.3462,-0.10815,-0.10297,-0.0913,0.08246,-0.459,0.2382999999999999,-0.3567,-0.2559,0.52,-0.2184,-0.0417,-0.03586,0.0,0.0,-0.05093,0.0,-0.07825,0.357,-0.3618,0.641,0.0,-0.5,0.5,-0.0679,-0.2039,0.2654,1.0,0.0,0.0,0.0,0.0,0.6147,0.0210787999999999,,,
-0.3623,0.1048,-0.6367,-0.815,0.1902,-0.1428,-0.6343,1.0,0.0,0.7373,0.7896,-0.446,0.0,0.3464,-0.3826,-0.148,-0.1274,0.0886,-0.458,0.0789,-0.3535,0.238,-0.2559,0.52,-0.04053,-0.0366,0.0,0.0,-0.05072,0.0,-0.0755,0.2737,-0.3013,0.1747,1.0,0.0,0.5,-0.0939,-0.1747,0.3374,2.0,0.0,0.0,0.0,0.0,0.1663,0.0949119999999999,,,
-0.3843,0.1764,-0.613,-0.7964,0.545,0.0,-0.642,1.0,0.0,0.701,0.756,-0.4426,0.0,0.347,-0.3638,-0.2046,-0.1603,0.1676,-0.457,0.2161999999999999,-0.347,0.07874,0.238,-0.2559,-0.03897,-0.03662,0.0,0.0,-0.05045,0.0,-0.0678,0.33,-0.3381,0.5117,2.0,0.5,0.5,-0.184,-0.10547,0.541,3.0,0.0,0.0,0.0,0.0,0.4858,-0.082214,,,
-0.4377,0.1395,-0.6113,-0.7827,-0.0199,0.1428,-0.6504,1.0,0.0,0.6943,0.758,-0.443,0.0,0.3474,-0.6084,-0.2705,-0.191,0.13,-0.4565,-0.03893,-0.3376,0.2161,0.07874,0.238,-0.0367,-0.03632,0.0,0.0,-0.04984,0.0,-0.0693,0.1367,-0.2007,-0.07434,1.0,0.5,0.0,-0.1779,-0.1625,0.456,0.0,1.0,0.0,0.0,0.0,-0.0701,-0.5958039999999998,,,
-0.3794,-0.229,-0.679,-0.782,-1.65,0.1428,-0.6587,0.0,0.0,0.7974,0.8545,-0.4565,0.0,0.348,-0.3904,-0.3386,-0.223,-0.2443,-0.4573,-0.8012,-0.3481,-0.039,0.2161,0.07874,-0.03696,-0.03714,0.0,0.0,-0.0511,0.0,-0.09827,-0.4597,0.2122,-2.055,1.0,0.0,-0.5,0.1561,-0.517,-0.3223,0.0,2.0,0.0,0.0,0.0,-1.94,0.0385628,,,
-0.4844,-0.1208,-0.654,-0.773,-0.6494,0.1428,-0.6665,0.0,0.0,0.752,0.8247,-0.4526,0.0,0.3484,-0.697,-0.3962,-0.2494,-0.12244,-0.4573,0.2405999999999999,-0.3652,-0.801,-0.039,0.2161,-0.0384,-0.03793,0.0,0.0,-0.04996,0.0,-0.0899,0.02405,-0.1293,0.43,1.0,0.0,0.0,0.04364,-0.3894,-0.1134,1.0,0.0,0.0,0.0,0.0,0.4165,0.3550759999999999,,,
-0.5225,-0.05362,-0.634,-0.76,-1.685,0.2856,-0.675,1.0,0.0,0.7197,0.798,-0.4497,0.0,0.3489,-0.327,-0.4268,-0.2783,-0.04965,-0.457,0.1792,-0.3853,0.2404,-0.801,-0.039,-0.03796,-0.04016,0.0,0.0,-0.04858,0.0,-0.0836,0.1907,-0.2455,0.4265,1.0,0.5,0.5,-0.0467,-0.315,0.04984,2.0,0.0,0.0,0.0,0.0,0.41,0.8893600000000004,,,
-0.4912,0.4595,-0.521,-0.7314,18.77,0.4285,-0.683,1.0,0.0,0.567,0.6353,-0.43,0.0,0.349,0.3103,-0.412,-0.3115,0.468,-0.4548,1.2071,-0.3396,0.179,0.2404,-0.801,-0.0335,-0.04092,0.0,0.0,-0.0459,0.0,-0.04068,0.806,-0.666,3.463,1.0,1.0,1.0,-0.4956,0.1917,1.113,3.0,0.0,0.0,0.0,0.0,3.31,0.0743688799999999,,,
-0.5303,0.396,-0.5205,-0.7124,0.00827,0.4285,-0.691,1.0,0.0,0.5635,0.638,-0.4307,0.0,0.3496,-0.4553,-0.382,-0.3457,0.3997,-0.4531,-0.03802,-0.3103,1.206,0.179,0.2404,-0.02953,-0.04205,0.0,0.0,-0.04333,0.0,-0.04214,0.518,-0.4607,-0.0809,1.0,0.5,0.5,-0.4429,0.1263,0.898,0.0,1.0,0.0,0.0,0.0,-0.0745,0.0924064,,,
-0.5015,0.8706,-0.4136,-0.6836,1.196,0.4285,-0.699,1.0,0.0,0.4282,0.494,-0.4119,0.0,0.35,0.1906,-0.319,-0.364,0.818,-0.449,1.1061,-0.2031,-0.03812,1.206,0.179,-0.02167,-0.04184,0.0,0.0,-0.03976,0.0,-0.00144,0.8164,-0.656,5.32,2.0,1.0,0.5,-0.776,0.5703,1.113,1.0,0.0,1.0,0.0,4.9,4.906,0.5291151999999999,,,
-0.3591,1.054,-0.355,-0.648,0.3386,0.4285,-0.7075,1.0,0.0,0.3687,0.4087,-0.4019,0.0,0.3506,1.6,-0.2214,-0.338,0.944,-0.4436,0.5720999999999999,-0.0836,1.106,-0.03812,1.206,-0.01107,-0.0409,0.0,0.0,-0.03604,0.0,0.02014,1.056,-0.8164,4.0,2.0,1.0,1.0,-0.898,0.734,1.113,2.0,0.0,0.0,0.0,0.0,3.566,0.294432,,,
-0.2123,0.3567,-0.4695,-0.622,-0.523,0.5713,-0.7153,1.0,0.0,0.522,0.5425,-0.423,0.0,0.351,0.1492,-0.142,-0.2908,0.2585,-0.4412,-1.1959,-0.0684,0.572,1.106,-0.03812,-0.00255,-0.03934,0.0,0.0,-0.03302,0.0,-0.02657,0.5303,-0.4622,-4.293,1.0,0.5,1.0,-0.311,0.1978,0.4749,0.0,1.0,0.0,0.0,0.0,-3.76,0.1629087999999999,,,
-0.2644,0.4016,-0.4453,-0.598,0.2428,0.5713,-0.7236,1.0,0.0,0.487,0.515,-0.4197,0.0,0.3516,-0.5415,-0.08154,-0.2378,0.3047,-0.4392,0.2070999999999999,-0.0564,-1.195,0.572,1.106,0.00589,-0.03775,0.0,0.0,-0.02945,0.0,-0.0189,0.4602,-0.409,0.534,1.0,0.5,1.0,-0.3599,0.2427,0.507,1.0,0.0,0.0,0.0,0.0,0.4858,0.0446099999999999,,,
-0.313,0.1597,-0.4768,-0.5757,-0.4019,0.5713,-0.732,1.0,0.0,0.5234,0.561,-0.426,0.0,0.352,-0.438,-0.0284,-0.1882,0.0703,-0.4375,-0.3739,-0.0784,0.207,-1.195,0.572,0.01193,-0.0363,0.0,0.0,-0.0259,0.0,-0.0331,0.404,-0.375,-0.82,1.0,0.5,1.0,-0.1675,0.05707,0.2822,0.0,1.0,0.0,0.0,0.0,-0.741,-0.0121096,,,
-0.3538,0.167,-0.462,-0.554,0.1656,0.5713,-0.7397,1.0,0.0,0.501,0.5444,-0.424,0.0,0.3523,-0.607,0.01599,-0.1445,0.0738,-0.4358,0.1137,-0.0748,-0.374,0.207,-1.195,0.01342,-0.03516,0.0,0.0,-0.02348,0.0,-0.02895,0.374,-0.3518,0.2157,1.0,1.0,1.0,-0.19,0.0832,0.2976,1.0,0.0,0.0,0.0,0.0,0.1973,0.0776612,,,
-0.3784,0.1469,-0.4521,-0.5327,0.04684,0.5713,-0.748,1.0,0.0,0.4866,0.5337,-0.423,0.0,0.3528,-0.7026,0.04877,-0.11005,0.0738,-0.4348,0.05668,-0.071,0.1135,-0.374,0.207,0.01532,-0.03262,0.0,0.0,-0.02118,0.0,-0.02686,0.369,-0.3472,0.03284,1.0,1.0,1.0,-0.197,0.0735,0.2854,2.0,0.0,0.0,0.0,0.0,0.02994,-0.0698128,,,
-0.3674,0.0631,-0.4568,-0.515,-0.2588,0.5713,-0.756,1.0,0.0,0.4934,0.539,-0.4248,0.0,0.3533,-0.2976,0.0726,-0.08124,-0.006397,-0.4336,-0.094,-0.0777,0.05655,0.1135,-0.374,0.01202,-0.03017,0.0,0.0,-0.0187,0.0,-0.03046,0.271,-0.2788,-0.1696,1.0,0.5,0.5,-0.1346,0.0135,0.202,0.0,1.0,0.0,0.0,0.0,-0.1543,-0.3755443999999998,,,
-0.3237,-0.2343,-0.507,-0.5024,-2.066,0.4285,-0.764,0.0,0.0,0.5615,0.602,-0.4346,0.0,0.3538,-0.353,0.0832,-0.06052,-0.3008,-0.433,-0.5663,-0.1012,-0.0941,0.05655,0.1135,0.003656,-0.02863,0.0,0.0,-0.0168,0.0,-0.0517,0.0708,-0.1453,-1.392,0.0,0.0,0.5,0.09985,-0.253,-0.11896,0.0,2.0,0.0,0.0,0.0,-1.27,0.9153600000000002,,,
-0.2754,0.6484,-0.3079,-0.462,-6.035,0.5713,-0.7725,1.0,0.0,0.32,0.345,-0.3994,0.0,0.3542,0.8403,0.09125,-0.03772,0.58,-0.4292,2.0761000000000003,-0.05136,-0.5664,-0.0941,0.05655,0.0097,-0.02501,0.0,0.0,-0.01249,0.0,0.0243,0.812,-0.6406,8.375,1.0,0.5,1.0,-0.6035,0.662,0.8047,1.0,0.0,0.0,0.0,0.0,7.785,-0.2371399999999999,,,
-0.209,0.349,-0.3435,-0.4272,-0.3052,0.7144,-0.7803,1.0,0.0,0.3672,0.3826,-0.4065,0.0,0.3547,-0.1212,0.0888,-0.010895,0.2935,-0.4263,-0.3971,-0.04312,2.074,-0.5664,-0.0941,0.01301,-0.02228,0.0,0.0,-0.008446,0.0,0.00865,0.62,-0.5107,-1.271,0.0,0.0,0.5,-0.3704,0.4438,0.53,0.0,1.0,0.0,0.0,0.0,-1.109,-0.1536668,,,
-0.157,0.5894,-0.2693,-0.3872,0.7305,0.7144,-0.7886,1.0,0.0,0.2852,0.2896,-0.394,0.0,0.355,-0.1682,0.089,0.02385,0.512,-0.4216,0.7131,-0.003664,-0.397,2.074,-0.5664,0.0212,-0.0193,0.0,0.0,-0.003607,0.0,0.03598,0.715,-0.566,2.8,0.0,0.0,0.5,-0.6143,0.649,0.7446,1.0,0.0,0.0,0.0,0.0,2.473,-0.0491099999999999,,,
-0.2211,0.4893,-0.2712,-0.3606,-0.02634,0.7144,-0.797,1.0,0.0,0.2825,0.297,-0.395,0.0,0.3555,-0.549,0.0847,0.0563,0.4172,-0.4194,-0.05355,0.0206,0.7124,-0.397,2.074,0.02864,-0.01554,0.0,0.0,0.001026,0.0,0.03378,0.4866,-0.404,-0.113,0.0,0.0,0.0,-0.5254,0.555,0.622,0.0,1.0,0.0,0.0,0.0,-0.09766,-0.3068084,,,
-0.1261,0.1643,-0.3225,-0.3398,-0.4753,0.7144,-0.8047,1.0,0.0,0.3489,0.35,-0.4045,0.0,0.356,0.4014,0.0644,0.08295,0.10077,-0.4177,-0.5369,0.02019,-0.05362,0.7124,-0.397,0.03336,-0.01222,0.0,0.0,0.00446,0.0,0.012505,0.308,-0.2861,-1.23,0.0,-0.5,0.0,-0.2817,0.2472,0.333,0.0,2.0,0.0,0.0,0.0,-1.065,-0.3762359999999999,,,
-0.1661,-0.09357,-0.3716,-0.3357,-0.989,0.5713,-0.813,0.0,0.0,0.404,0.4136,-0.414,0.0,0.3564,-0.4553,0.04398,0.0974,-0.1659,-0.4172,-0.5282,0.002085,-0.537,-0.05362,0.7124,0.0361,-0.0091,0.0,0.0,0.007095,0.0,-0.00805,-0.1322,0.01918,-1.197,-1.0,-0.5,-0.5,-0.03906,-0.00872,0.06744,0.0,3.0,0.0,0.0,0.0,-1.054,-0.1957904,,,
-0.274,-0.17,-0.3896,-0.339,6.785,0.4285,-0.8213,0.0,0.0,0.417,0.4448,-0.418,0.0,0.357,0.2064,0.0339,0.09436,-0.2664,-0.4175,-0.2222,-0.06238,-0.528,-0.537,-0.05362,0.0403,-0.00711,0.0,0.0,0.01059,0.0,-0.01662,-0.3774,0.1906,-0.589,-1.0,-1.0,-1.0,0.01124,-0.1677,-0.0783,0.0,4.0,0.0,0.0,0.0,-0.5273,-0.0827959999999999,,,
-0.323,-0.2815,-0.4075,-0.3318,1.475,0.2856,-0.829,0.0,0.0,0.435,0.4714,-0.4219,0.0,0.3574,-0.3262,0.01721,0.0762,-0.3782,-0.4175,-0.2237,-0.1265,-0.2222,-0.528,-0.537,0.0346,-0.00547,0.0,0.0,0.013374,0.0,-0.02518,-0.0682,-0.034,-0.4436,-2.0,-1.5,-1.0,0.10425,-0.2625,-0.2522,0.0,5.0,0.0,0.0,0.0,-0.4,-0.1599562799999999,,,
-0.344,-0.1675,-0.3801,-0.325,-0.4753,0.1428,-0.8374,0.0,0.0,0.4001,0.4387,-0.4177,0.0,0.3577,-0.7314,-0.005173,0.04517,-0.2747,-0.417,0.2442,-0.1957,-0.2238,-0.2222,-0.528,0.0318,-0.003378,0.0,0.0,0.01628,0.0,-0.01605,-0.05524,-0.0392,0.3577,-1.0,-1.0,-1.0,-0.006264,-0.1613,-0.1757,1.0,0.0,0.0,0.0,0.0,0.3247,0.3290400000000001,,,
-0.3462,0.03433,-0.3289,-0.3088,-2.371,0.1428,-0.8457,1.0,0.0,0.3389,0.376,-0.4092,0.0,0.3582,-0.5312,-0.03143,0.01012,-0.0685,-0.416,0.4846999999999999,-0.2076,0.244,-0.2238,-0.2222,0.0279,-0.000553,0.0,0.0,0.01816,0.0,0.002201,0.2399,-0.2417,0.9917,0.0,-0.5,-0.5,-0.1754,0.05353,0.1181,2.0,0.0,1.0,0.0,2.17,0.8936,0.1552199999999999,,,
-0.3564,0.03796,-0.3179,-0.293,0.1669,0.1428,-0.8535,1.0,0.0,0.325,0.3635,-0.408,0.0,0.3586,-0.7173,-0.06027,-0.0324,-0.05756,-0.415,0.0735,-0.2236,0.4844,0.244,-0.2238,0.0246,0.001837,0.0,0.0,0.0202,0.0,0.004944,0.229,-0.2327,0.1403,1.0,-0.5,-0.5,-0.1827,0.06207,0.1353,3.0,0.0,0.0,0.0,0.0,0.12445,-0.4396256000000001,,,
-0.2563,-0.319,-0.3855,-0.2856,-3.066,0.0,-0.862,0.0,0.0,0.4138,0.4385,-0.4204,0.0,0.3591,0.1897,-0.10516,-0.0715,-0.3928,-0.4155,-0.7143,-0.221,0.0734,0.4844,0.244,0.02054,0.003714,0.0,0.0,0.01941,0.0,-0.02267,-0.04776,-0.04733,-1.871,1.0,-0.5,-1.0,0.1584,-0.2253,-0.373,0.0,1.0,0.0,0.0,0.0,-1.657,-0.0657903999999999,,,
-0.2437,-0.5205,-0.4236,-0.2812,1.038,-0.1428,-0.87,0.0,0.0,0.4617,0.4856,-0.428,0.0,0.3596,-0.3635,-0.1649,-0.0993,-0.588,-0.4158,-0.4309,-0.2212,-0.7144,0.0734,0.4844,0.01698,0.004898,0.0,0.0,0.01704,0.0,-0.039,-0.1503,0.01868,-0.985,1.0,-1.0,-1.0,0.3208,-0.4065,-0.6284,0.0,2.0,0.0,0.0,0.0,-0.892,-0.0941559999999999,,,
-0.2142,-0.6,-0.4343,-0.2725,0.3274,-0.1428,-0.878,0.0,0.0,0.4773,0.497,-0.4307,0.0,0.36,-0.07153,-0.2502,-0.1271,-0.666,-0.4155,-0.1519,-0.2091,-0.4307,-0.7144,0.0734,0.01375,0.005848,0.0,0.0,0.01636,0.0,-0.0447,-0.02362,-0.07416,-0.3079,0.0,-1.0,-1.0,0.265,-0.5493,-0.7007,0.0,3.0,0.0,0.0,0.0,-0.2827,0.279044,,,
-0.3862,-0.4558,-0.4126,-0.284,-0.164,-0.2856,-0.886,0.0,0.0,0.4365,0.4834,-0.4272,0.0,0.3606,-0.555,-0.331,-0.1592,-0.5415,-0.417,0.1909,-0.201,-0.1519,-0.4307,-0.7144,0.012344,0.006775,0.0,0.0,0.01566,0.0,-0.03775,-0.7866,0.4736,0.4058,0.0,-0.5,-1.0,0.1495,-0.4517,-0.5454,1.0,0.0,0.0,0.0,0.0,0.3743,0.062766,,,
-0.4333,-0.3057,-0.3853,-0.2886,-0.2954,-0.4285,-0.8945,0.0,0.0,0.3992,0.4526,-0.423,0.0,0.3608,-0.6553,-0.4092,-0.1951,-0.3816,-0.4185,0.2467,-0.2045,0.1908,-0.1519,-0.4307,0.01094,0.007996,0.0,0.0,0.01593,0.0,-0.02864,-0.519,0.2866,0.4905,0.0,0.0,-0.5,0.00946,-0.3562,-0.3882,2.0,0.0,0.0,0.0,0.0,0.4497,0.02776,,,
-0.5566,-0.214,-0.3745,-0.3,-0.303,-0.5713,-0.9023,0.0,0.0,0.3762,0.4492,-0.4219,0.0,0.3613,-0.7983,-0.4053,-0.2322,-0.2517,-0.422,0.0754,-0.2067,0.2465,0.1908,-0.1519,0.00771,0.01011,0.0,0.0,0.01613,0.0,-0.02586,-0.9214,0.575,0.07275,1.0,0.5,-0.5,-0.02573,-0.317,-0.3425,3.0,0.0,0.0,0.0,0.0,0.0662,-0.1672399999999999,,,
-0.539,-0.3472,-0.4116,-0.3152,1.206,-0.7144,-0.9106,0.0,0.0,0.4229,0.4944,-0.429,0.0,0.3618,-0.4575,-0.3623,-0.27,-0.398,-0.4238,-0.4129,-0.1986,0.07526,0.2465,0.1908,0.002333,0.01155,0.0,0.0,0.0156,0.0,-0.0414,-1.026,0.6426,-0.4543,1.0,0.5,-0.5,0.1307,-0.498,-0.605,0.0,1.0,0.0,0.0,0.0,-0.4126,0.1456627999999999,,,
-0.6313,-0.2051,-0.3875,-0.3218,-0.4377,-0.857,-0.9185,0.0,0.0,0.3857,0.4717,-0.4253,0.0,0.3623,-0.6055,-0.3086,-0.3037,-0.2426,-0.426,0.2095,-0.1978,-0.413,0.07526,0.2465,0.001091,0.01304,0.0,0.0,0.01554,0.0,-0.03372,-0.71,0.4207,0.3054,2.0,0.5,0.0,0.0119,-0.4084,-0.4636,1.0,0.0,0.0,0.0,0.0,0.2808,0.2696736000000002,,,
-0.651,-0.0885,-0.3638,-0.3215,-0.873,-0.857,-0.927,0.0,0.0,0.3557,0.4438,-0.4219,0.0,0.3628,-0.444,-0.2659,-0.3364,-0.1226,-0.4268,0.208,-0.2197,0.2092,-0.413,0.07526,0.002663,0.01353,0.0,0.0,0.0167,0.0,-0.026,-0.3452,0.1638,0.238,2.0,0.5,0.5,-0.0801,-0.3127,-0.3633,2.0,0.0,0.0,0.0,0.0,0.2175,0.031588,,,
-0.7305,-0.07214,-0.3584,-0.3179,-2.297,-0.7144,-0.935,1.0,0.0,0.3428,0.4436,-0.4214,0.0,0.3633,-0.775,-0.2344,-0.3486,-0.10974,-0.4268,0.01888,-0.2394,0.2079,0.2092,-0.413,0.00498,0.014084,0.0,0.0,0.014694,0.0,-0.02533,-0.2158,0.0717,0.01796,2.0,0.5,1.0,-0.0978,-0.3162,-0.3152,3.0,0.0,0.0,0.0,0.0,0.0163,-0.0381315999999999,,,
-0.781,-0.02164,-0.3435,-0.3108,6.008,-0.5713,-0.943,1.0,0.0,0.3213,0.4297,-0.4197,0.0,0.3635,-0.844,-0.2118,-0.3462,-0.05212,-0.427,0.1127,-0.2479,0.01877,0.2079,0.2092,0.006966,0.01361,0.0,0.0,0.01352,0.0,-0.02113,-0.01485,-0.0699,0.09033,2.0,1.0,1.5,-0.1481,-0.2769,-0.2042,4.0,0.0,0.0,0.0,0.0,0.0819,-0.2749012,,,
-0.7173,-0.2566,-0.3916,-0.3115,-4.074,-0.5713,-0.951,0.0,0.0,0.384,0.484,-0.4287,0.0,0.364,-0.05182,-0.1958,-0.3308,-0.2935,-0.4272,-0.5239,-0.2903,0.11255,0.01877,0.2079,0.005558,0.01197,0.0,0.0,0.01038,0.0,-0.041,-0.4531,0.2343,-1.235,2.0,1.0,1.0,0.0689,-0.5034,-0.5938,0.0,1.0,0.0,0.0,0.0,-1.117,-0.3603195999999999,,,
-0.632,-0.4922,-0.4478,-0.3245,1.567,-0.7144,-0.951,0.0,0.0,0.4607,0.549,-0.439,0.0,0.3645,0.6533,-0.1719,-0.304,-0.4976,-0.4304,-0.6083000000000001,-0.3193,-0.5234,0.11255,0.01877,0.001174,0.011,0.0,0.0,0.006393,0.0,-0.06366,-1.038,0.6416,-2.043,1.0,1.0,0.5,0.3293,-0.7207,-1.11,0.0,2.0,0.0,0.0,0.0,-1.877,-0.314476,,,
-0.5713,-0.672,-0.4963,-0.3433,0.601,-0.857,-0.951,0.0,0.0,0.528,0.6084,-0.448,0.0,0.365,-0.1315,-0.1428,-0.2683,-0.6626,-0.4338,-0.5429,-0.2874,-0.6084,-0.5234,0.11255,-0.003708,0.00926,0.0,0.0,0.002464,0.0,-0.0835,-1.236,0.775,-1.411,0.0,0.5,0.0,0.507,-0.93,-1.282,0.0,3.0,0.0,0.0,0.0,-1.322,-0.2799319999999999,,,
-0.6216,-0.7217,-0.515,-0.3567,0.2233,-0.857,-0.951,0.0,0.0,0.5483,0.6377,-0.452,0.0,0.3655,-0.4478,-0.1067,-0.2269,-0.687,-0.437,-0.2366,-0.234,-0.5425,-0.6084,-0.5234,-0.01049,0.007683,0.0,0.0,-0.000968,0.0,-0.09204,-1.104,0.676,-0.5894,-1.0,0.0,0.0,0.5396,-0.9863,-1.251,0.0,4.0,0.0,0.0,0.0,-0.5615,0.12344,,,
-0.6284,-0.631,-0.502,-0.3638,-0.01834,-0.857,-0.951,0.0,0.0,0.531,0.6206,-0.4504,0.0,0.366,-0.3755,-0.0748,-0.1849,-0.5767,-0.4392,0.0994,-0.1969,-0.2366,-0.5425,-0.6084,-0.01778,0.006084,0.0,0.0,-0.0039,0.0,-0.0886,-0.88,0.518,0.2544,-1.0,0.0,0.5,0.4365,-0.882,-1.016,1.0,0.0,0.0,0.0,0.0,0.2443,-0.0235259999999999,,,
-0.6675,-0.5737,-0.4934,-0.368,0.02281,-0.857,-0.9595,0.0,0.0,0.5166,0.6123,-0.4497,0.0,0.3665,-0.501,-0.06018,-0.147,-0.5117,-0.441,0.0397,-0.1672,0.0993,-0.2366,-0.5425,-0.02498,0.004463,0.0,0.0,-0.006424,0.0,-0.0873,-0.7876,0.453,0.09174,0.0,0.5,1.0,0.363,-0.8193,-0.878,2.0,0.0,0.0,0.0,0.0,0.0878,-0.011402,,,
-0.6685,-0.5464,-0.4927,-0.3745,0.074,-0.857,-0.9673,0.0,0.0,0.515,0.6113,-0.4504,0.0,0.3667,-0.55,-0.0454,-0.11053,-0.4639,-0.4434,-0.03945,-0.1481,0.03958,0.0993,-0.2366,-0.03284,0.002903,0.0,0.0,-0.009384,0.0,-0.0888,-0.9663,0.5796,-0.1137,0.0,0.0,0.5,0.3252,-0.8013,-0.81,0.0,1.0,0.0,0.0,0.0,-0.1087,0.2853427999999999,,,
-0.628,-0.1587,-0.4172,-0.3767,-0.7573,-0.857,-0.9756,0.0,0.0,0.4226,0.509,-0.438,0.0,0.3672,-0.07947,-0.0393,-0.0835,-0.0761,-0.4443,0.7525,-0.175,-0.03955,0.03958,0.0993,-0.03525,0.002686,0.0,0.0,-0.01199,0.0,-0.06213,-0.5894,0.3225,3.049,1.0,0.0,0.5,0.01721,-0.4023,-0.3494,1.0,0.0,0.0,0.0,0.0,2.918,-0.2946679999999999,,,
-0.5654,-0.3708,-0.465,-0.385,3.064,-0.857,-0.984,0.0,0.0,0.4883,0.5664,-0.447,0.0,0.3677,-0.282,-0.02602,-0.06616,-0.3054,-0.4456,-0.5419,-0.2025,0.7524,-0.03955,0.03958,-0.0373,-0.0002172,0.0,0.0,-0.01554,0.0,-0.082,-0.8447,0.4958,-1.571,1.0,-0.5,0.0,0.2347,-0.6196,-0.647,0.0,1.0,0.0,0.0,0.0,-1.47,0.4449959999999999,,,
-0.5503,-0.0874,-0.4084,-0.384,-0.9126,-0.857,-0.9917,0.0,0.0,0.4182,0.4915,-0.438,0.0,0.3682,-0.1282,-0.0211,-0.05798,-0.03387,-0.4458,0.5514,-0.2145,-0.5415,0.7524,-0.03955,-0.03473,-0.002132,0.0,0.0,-0.01712,0.0,-0.06232,-0.357,0.1565,1.668,1.0,-0.5,0.5,0.00301,-0.3386,-0.2588,1.0,0.0,0.0,0.0,0.0,1.587,0.0239139999999999,,,
-0.5557,-0.061,-0.4038,-0.3845,-4.504,-0.7144,-1.0,1.0,0.0,0.412,0.486,-0.438,0.0,0.3687,-0.663,-0.0197,-0.05798,-0.01936,-0.4463,0.0001,-0.217,0.551,-0.5415,0.7524,-0.03117,-0.004818,0.0,0.0,-0.01804,0.0,-0.06238,-0.478,0.243,0.0,0.0,-0.5,0.0,-0.01266,-0.3447,-0.2391,0.0,0.0,0.0,0.0,0.0,0.0,-0.1688911999999999,,,
-0.4775,-0.4863,-0.496,-0.3958,-14.766,-0.7144,-1.008,0.0,0.0,0.535,0.6,-0.4548,0.0,0.3691,0.1593,-0.02547,-0.0669,-0.4766,-0.4475,-1.0059,-0.1923,0.0,0.551,-0.5415,-0.03235,-0.00848,0.0,0.0,-0.02023,0.0,-0.0991,-0.941,0.557,-2.137,0.0,-0.5,-0.5,0.4478,-0.721,-0.8325,0.0,1.0,0.0,0.0,0.0,-1.999,-0.1263436,,,
-0.416,-0.507,-0.5093,-0.4087,0.1873,-0.857,-1.017,0.0,0.0,0.557,0.613,-0.458,0.0,0.3694,-0.05927,-0.04153,-0.07733,-0.527,-0.449,-0.1997,-0.1683,-1.006,0.0,0.551,-0.0345,-0.011734,0.0,0.0,-0.02303,0.0,-0.1063,-1.001,0.5967,-0.593,-1.0,-0.5,-1.0,0.4917,-0.757,-0.853,0.0,2.0,0.0,0.0,0.0,-0.5723,-0.4596439999999998,,,
-0.3071,-0.714,-0.564,-0.4292,0.6533,-1.0,-1.024,0.0,0.0,0.639,0.679,-0.4685,0.0,0.3699,0.1714,-0.0657,-0.0843,-0.7573,-0.4517,-0.6435,-0.1292,-0.1997,-1.006,0.0,-0.03912,-0.01505,0.0,0.0,-0.02713,0.0,-0.129,-1.199,0.729,-2.527,-1.0,-0.5,-1.5,0.72,-0.9854,-1.058,0.0,3.0,0.0,0.0,0.0,-2.455,-0.4834176,,,
-0.252,-1.012,-0.6377,-0.4521,0.636,-1.0,-1.032,0.0,0.0,0.747,0.7812,-0.4822,0.0,0.3704,0.3167,-0.0928,-0.0763,-1.062,-0.455,-0.8619,-0.05942,-0.643,-0.1997,-1.006,-0.05038,-0.01897,0.0,0.0,-0.0326,0.0,-0.1587,-1.248,0.75,-2.393,-2.0,-1.0,-1.5,1.035,-1.289,-1.236,0.0,4.0,0.0,0.0,0.0,-2.371,0.8474057600000002,,,
-0.3386,-0.4888,-0.5405,-0.4595,-0.4673,-1.0,-1.041,0.0,0.0,0.6055,0.65,-0.4666,0.0,0.3708,0.01183,-0.10345,-0.0639,-0.5312,-0.4575,1.0121,-0.04483,-0.8613,-0.643,-0.1997,-0.05533,-0.02168,0.0,0.0,-0.03598,0.0,-0.1249,-0.6597,0.3452,2.71,-1.0,-1.0,-1.0,0.539,-0.7236,-0.719,1.0,0.0,0.0,0.0,0.0,2.762,-0.0809839999999999,,,
-0.3618,-0.02428,-0.4456,-0.4521,-1.085,-0.857,-1.049,1.0,0.0,0.4795,0.5234,-0.4514,0.0,0.3713,-0.1495,-0.1106,-0.05478,-0.061,-0.4583,0.9605,-0.06384,1.012,-0.8613,-0.643,-0.05875,-0.02374,0.0,0.0,-0.03833,0.0,-0.0918,-0.1573,0.001393,2.785,0.0,-0.5,-0.5,0.1399,-0.2322,-0.2622,2.0,0.0,0.0,0.0,0.0,2.75,0.5114821999999999,,,
-0.354,0.2993,-0.3716,-0.4363,6.195,-0.7144,-1.057,1.0,0.0,0.389,0.429,-0.4397,0.0,0.3718,-0.02716,-0.1213,-0.057,0.27,-0.4578,0.7145,-0.09424,0.96,1.012,-0.8613,-0.05914,-0.0256,0.0,0.0,-0.03995,0.0,-0.0665,0.1288,-0.1915,2.41,1.0,-0.5,0.0,-0.11896,0.0994,0.1149,3.0,0.0,0.0,0.0,0.0,2.312,-0.3799713999999999,,,
-0.2837,-0.1209,-0.4497,-0.4297,-1.047,-0.7144,-1.065,0.0,0.0,0.4912,0.523,-0.4539,0.0,0.372,0.0815,-0.134,-0.0702,-0.1501,-0.4578,-0.8539,-0.1321,0.714,0.96,1.012,-0.0589,-0.0284,0.0,0.0,-0.04288,0.0,-0.09766,-0.153,-0.0042,-2.201,1.0,-0.5,-0.5,0.2903,-0.2344,-0.2874,0.0,1.0,0.0,0.0,0.0,-2.064,-0.270108,,,
-0.2275,-0.2385,-0.4717,-0.4272,3.307,-0.7144,-1.073,0.0,0.0,0.5234,0.547,-0.4585,0.0,0.3726,0.0679,-0.1505,-0.09485,-0.2769,-0.458,-0.2792,-0.1848,-0.8535,0.714,0.96,-0.059,-0.03072,0.0,0.0,-0.0464,0.0,-0.1076,-0.2339,0.04922,-0.7363,1.0,-1.0,-1.0,0.403,-0.3232,-0.4082,0.0,2.0,0.0,0.0,0.0,-0.7095,-0.0101799999999999,,,
-0.2148,0.2307,-0.3718,-0.4163,-3.057,-0.5713,-1.073,1.0,0.0,0.4006,0.418,-0.4421,0.0,0.373,-0.07025,-0.1663,-0.1327,0.1946,-0.4578,1.0061,-0.2146,-0.279,-0.8535,0.714,-0.05228,-0.0316,0.0,0.0,-0.04764,0.0,-0.07245,0.02136,-0.11743,2.734,1.0,-0.5,-0.5,-0.00961,0.12396,0.2568,1.0,0.0,0.0,0.0,0.0,2.658,-0.3214059999999999,,,
-0.2285,0.11346,-0.3943,-0.4148,-0.268,-0.4285,-1.073,1.0,0.0,0.4265,0.447,-0.4468,0.0,0.3735,-0.0601,-0.1819,-0.1659,0.09064,-0.4587,-0.2729,-0.2246,1.006,-0.279,-0.8535,-0.04327,-0.03256,0.0,0.0,-0.04834,0.0,-0.0824,-0.2264,0.05502,-0.685,0.0,-0.5,-1.0,0.1024,-0.0202,0.0931,0.0,1.0,0.0,0.0,0.0,-0.646,-0.0193437999999999,,,
-0.2537,0.02238,-0.41,-0.411,-0.3665,-0.2856,-1.073,1.0,0.0,0.4436,0.4688,-0.45,0.0,0.374,-0.724,-0.2003,-0.1938,0.006542,-0.4592,-0.1966,-0.2255,-0.273,1.006,-0.279,-0.03903,-0.03397,0.0,0.0,-0.0485,0.0,-0.08954,-0.1403,-0.0095,-0.4287,-1.0,-0.5,-1.0,0.1685,-0.1254,-0.03854,0.0,2.0,0.0,0.0,0.0,-0.4077,0.6538080000000001,,,
-0.2722,0.617,-0.2856,-0.4011,6.266,-0.1428,-1.073,1.0,0.0,0.2947,0.3184,-0.4297,0.0,0.3745,0.3574,-0.2311,-0.2177,0.6084,-0.459,1.2471,-0.1917,-0.1967,-0.273,1.006,-0.0335,-0.03433,0.0,0.0,-0.04648,0.0,-0.0452,0.02782,-0.1099,3.844,0.0,0.0,-1.0,-0.2607,0.4404,0.6963,1.0,0.0,0.0,0.0,0.0,3.678,0.1794879999999999,,,
-0.2416,0.5356,-0.2964,-0.393,0.008156,-0.1428,-1.073,1.0,0.0,0.3093,0.3284,-0.432,0.0,0.375,-0.3572,-0.276,-0.2405,0.529,-0.4585,-0.1332,-0.1691,1.246,-0.1967,-0.273,-0.0315,-0.03497,0.0,0.0,-0.0448,0.0,-0.0502,-0.00645,-0.08765,-0.2744,0.0,0.0,-1.0,-0.2095,0.2952,0.536,0.0,1.0,0.0,0.0,0.0,-0.2527,0.2606504,,,
-0.2727,0.6187,-0.2644,-0.3718,0.2778,0.0,-1.073,1.0,0.0,0.2708,0.2937,-0.427,0.0,0.3752,-0.246,-0.333,-0.267,0.6157,-0.4568,0.287,-0.1382,-0.1333,1.246,-0.1967,-0.02464,-0.03485,0.0,0.0,-0.04276,0.0,-0.03973,0.3381,-0.3289,0.8584,0.0,0.0,-0.5,-0.284,0.379,0.617,1.0,0.0,0.0,0.0,0.0,0.794,-0.3838604,,,
-0.2455,0.2278,-0.331,-0.356,-0.4634,0.1428,-1.073,1.0,0.0,0.3494,0.3704,-0.4387,0.0,0.3757,-0.1267,-0.3926,-0.2903,0.2329,-0.4556,-0.6825,-0.1328,0.2869,-0.1333,1.246,-0.01959,-0.03564,0.0,0.0,-0.0417,0.0,-0.06525,0.1902,-0.2345,-1.933,0.0,-0.5,-0.5,0.03302,0.06088,0.1993,0.0,1.0,0.0,0.0,0.0,-1.771,0.0665556,,,
-0.2964,0.297,-0.2998,-0.331,0.3728,0.2856,-1.073,1.0,0.0,0.3088,0.337,-0.4338,0.0,0.3762,-0.4023,-0.4116,-0.313,0.3027,-0.4531,0.2905999999999999,-0.1268,-0.682,0.2869,-0.1333,-0.01744,-0.03638,0.0,0.0,-0.04132,0.0,-0.05472,0.4329,-0.403,0.667,1.0,-0.5,0.0,-0.0972,0.1384,0.3486,1.0,0.0,0.0,0.0,0.0,0.6245,0.7229879999999999,,,
-0.3032,0.617,-0.2054,-0.2898,1.037,0.4285,-1.065,1.0,1.0,0.2029,0.2288,-0.4182,0.0,0.3767,0.512,-0.3445,-0.3257,0.6323,-0.449,0.9215,-0.0799,0.2905,-0.682,0.2869,-0.01016,-0.0362,0.0,0.0,-0.0387,0.0,-0.02097,0.8633,-0.6953,2.725,1.0,0.0,0.5,-0.4321,0.48,0.7275,2.0,0.0,0.0,0.0,0.0,2.53,0.0162216,,,
-0.3606,0.5034,-0.206,-0.2585,-0.04114,0.5713,-1.057,1.0,1.0,0.1991,0.2343,-0.4187,0.0,0.3772,-0.66,-0.26,-0.324,0.517,-0.4456,-0.01856,-0.0444,0.921,0.2905,-0.682,-0.002136,-0.03613,0.0,0.0,-0.03696,0.0,-0.02176,0.7095,-0.586,-0.0432,1.0,0.0,0.0,-0.4163,0.3699,0.636,0.0,1.0,0.0,0.0,0.0,-0.03897,0.4900382399999998,,,
-0.3936,0.7466,-0.1359,-0.2305,0.578,0.5713,-1.049,1.0,1.0,0.12164,0.1598,-0.407,0.0,0.3777,-0.1436,-0.1632,-0.2964,0.725,-0.4412,0.6725,0.02083,-0.01865,0.921,0.2905,0.003656,-0.0348,0.0,0.0,-0.03415,0.0,0.003466,0.671,-0.5474,2.766,1.0,0.0,0.0,-0.6255,0.5835,0.807,1.0,0.0,0.0,0.0,0.0,2.494,0.0256239999999999,,,
-0.3833,0.684,-0.1333,-0.2095,0.05264,0.5713,-1.041,1.0,1.0,0.1198,0.1562,-0.4065,0.0,0.378,0.03958,-0.06433,-0.2468,0.6235,-0.4375,0.0184,0.0703,0.672,-0.01865,0.921,0.01011,-0.03284,0.0,0.0,-0.02977,0.0,0.003994,0.5317,-0.4475,0.0778,2.0,0.5,0.0,-0.6064,0.4768,0.6895,2.0,0.0,0.0,0.0,0.0,0.0688,-0.178192,,,
-0.375,0.4355,-0.1648,-0.1821,-0.2137,0.7144,-1.032,1.0,1.0,0.1536,0.1897,-0.412,0.0,0.3784,-0.0638,0.02432,-0.1879,0.3855,-0.4348,-0.3107,0.0898,0.01828,0.672,-0.01865,0.013916,-0.03064,0.0,0.0,-0.0256,0.0,-0.00812,0.763,-0.6177,-0.9194,1.0,0.5,0.0,-0.4243,0.2903,0.4917,0.0,1.0,0.0,0.0,0.0,-0.812,0.1154788,,,
-0.4187,0.3977,-0.1501,-0.1509,0.05542,0.857,-1.024,1.0,1.0,0.1346,0.1774,-0.41,0.0,0.379,-0.531,0.10156,-0.1251,0.3752,-0.4324,0.1293,0.08276,-0.3105,0.01828,0.672,0.02129,-0.02806,0.0,0.0,-0.0203,0.0,-0.003258,0.9243,-0.731,0.2443,1.0,0.5,0.5,-0.471,0.2524,0.483,1.0,0.0,0.0,0.0,0.0,0.2179,0.091384,,,
-0.4043,0.381,-0.1373,-0.1283,0.09625,0.857,-1.017,1.0,1.0,0.1224,0.1624,-0.408,0.0,0.3794,0.2727,0.1703,-0.06415,0.3535,-0.4297,0.1104,0.01522,0.1292,-0.3105,0.01828,0.0279,-0.02548,0.0,0.0,-0.01358,0.0,0.0008664,0.74,-0.5977,0.2969,2.0,1.0,0.5,-0.4773,0.2416,0.506,2.0,0.0,0.0,0.0,0.0,0.264,-0.0130888799999999,,,
-0.3784,0.1214,-0.1766,-0.10675,-0.4668,0.857,-1.008,1.0,1.0,0.1659,0.2029,-0.4148,0.0,0.38,0.011604,0.2189,-0.01155,0.10425,-0.4277,-0.3847,-0.03064,0.1102,0.1292,-0.3105,0.02881,-0.02335,0.0,0.0,-0.00889,0.0,-0.01402,0.666,-0.5513,-0.709,1.0,0.5,0.5,-0.2737,0.0483,0.301,0.0,1.0,0.0,0.0,0.0,-0.628,0.289512,,,
-0.3613,0.3289,-0.11127,-0.0766,1.228,0.857,-1.0,1.0,1.0,0.0988,0.131,-0.404,0.0,0.3804,-0.1721,0.252,0.0372,0.329,-0.425,0.6121,-0.02571,-0.3845,0.1102,0.1292,0.03253,-0.02052,0.0,0.0,-0.004604,0.0,0.00915,0.914,-0.718,1.663,1.0,1.0,1.0,-0.5107,0.2372,0.5225,1.0,0.0,0.0,0.0,0.0,1.491,0.4728080000000002,,,
-0.4192,0.5625,-0.04373,-0.05194,0.742,0.857,-0.9917,1.0,1.0,0.02617,0.0656,-0.393,0.0,0.3809,-0.17,0.271,0.0846,0.555,-0.4224,0.6188,0.01811,0.612,-0.3845,0.1102,0.0361,-0.01778,0.0,0.0,-0.0003812,0.0,0.03305,0.792,-0.6206,1.408,2.0,1.0,1.0,-0.676,0.46,0.6934,2.0,0.0,0.0,0.0,0.0,1.238,-0.4257764000000001,,,
-0.3098,0.0876,-0.1328,-0.03488,-0.655,0.857,-0.984,1.0,1.0,0.1252,0.1497,-0.4082,0.0,0.381,0.573,0.267,0.12463,0.08276,-0.4204,-0.8389,-0.01134,0.618,0.612,-0.3845,0.03568,-0.0154,0.0,0.0,0.003754,0.0,-0.0002315,0.406,-0.3594,-2.174,1.0,0.5,1.0,-0.2568,0.0815,0.274,0.0,1.0,0.0,0.0,0.0,-1.876,0.2219593599999999,,,
-0.3389,0.2341,-0.089,-0.01735,1.061,0.857,-0.9756,1.0,1.0,0.0779,0.10565,-0.4011,0.0,0.3816,-0.3596,0.2479,0.1559,0.2355,-0.419,0.4034,-0.0581,-0.8384,0.618,0.612,0.03848,-0.01315,0.0,0.0,0.00894,0.0,0.01519,0.4421,-0.3784,0.928,1.0,1.0,1.0,-0.4,0.2024,0.4304,1.0,0.0,0.0,0.0,0.0,0.8223,0.2329479999999999,,,
-0.2832,-0.2177,-0.1749,-0.001488,-1.397,0.7144,-0.9673,0.0,1.0,0.1716,0.1932,-0.4158,0.0,0.382,-0.2664,0.2083,0.1804,-0.2133,-0.4172,-0.8144,-0.08496,0.403,-0.8384,0.618,0.037,-0.011795,0.0,0.0,0.01135,0.0,-0.01665,0.369,-0.34,-2.008,1.0,0.5,1.0,-0.01014,-0.1471,-0.02094,0.0,1.0,0.0,0.0,0.0,-1.756,0.2124211999999999,,,
-0.2457,-0.3535,-0.1969,0.00908,1.198,0.5713,-0.9595,0.0,1.0,0.1982,0.2144,-0.4197,0.0,0.3826,-0.07135,0.1493,0.19,-0.337,-0.4165,-0.2228,-0.1317,-0.814,0.403,-0.8384,0.03403,-0.009636,0.0,0.0,0.01381,0.0,-0.02524,0.1953,-0.2198,-0.72,0.0,0.0,0.5,0.0498,-0.281,-0.1863,0.0,2.0,0.0,0.0,0.0,-0.6465,-0.266682,,,
-0.2812,-0.535,-0.2377,0.006664,0.846,0.4285,-0.9595,0.0,0.0,0.24,0.2634,-0.4268,0.0,0.383,-0.1274,0.08606,0.1837,-0.5337,-0.4165,-0.4115,-0.1967,-0.2228,-0.814,0.403,0.03096,-0.00772,0.0,0.0,0.01593,0.0,-0.04086,-0.2805,0.1128,-1.051,-1.0,0.0,0.0,0.2319,-0.4287,-0.521,0.0,3.0,0.0,0.0,0.0,-0.9497,0.3409692,,,
-0.2627,-0.2935,-0.1837,0.00912,-0.4358,0.2856,-0.951,0.0,1.0,0.1827,0.2013,-0.418,0.0,0.3835,-0.1686,0.01595,0.1632,-0.2935,-0.4165,0.5118,-0.2097,-0.4114,-0.2228,-0.814,0.0274,-0.004642,0.0,0.0,0.01698,0.0,-0.0219,-0.0813,-0.02089,1.112,0.0,0.0,0.5,-0.0007424,-0.2034,-0.2067,1.0,0.0,0.0,0.0,0.0,1.019,-0.3883120000000001,,,
-0.2478,-0.5483,-0.2465,-0.002089,1.419,0.1428,-0.951,0.0,0.0,0.2524,0.2708,-0.4287,0.0,0.3838,-0.243,-0.0537,0.1252,-0.557,-0.4177,-0.6149,-0.2167,0.511,-0.4114,-0.2228,0.0183,-0.001383,0.0,0.0,0.01727,0.0,-0.0453,-0.54,0.2961,-1.618,-1.0,-0.5,0.0,0.2812,-0.4329,-0.654,0.0,1.0,0.0,0.0,0.0,-1.458,-0.1320796,,,
-0.277,-0.6406,-0.276,-0.01631,0.3442,0.0,-0.951,0.0,0.0,0.2832,0.3071,-0.4338,0.0,0.3843,-0.4263,-0.12244,0.0755,-0.654,-0.4194,-0.3041,-0.2021,-0.615,0.511,-0.4114,0.011765,0.0006123,0.0,0.0,0.01666,0.0,-0.05664,-0.6284,0.3542,-0.5947,-1.0,-0.5,-0.5,0.383,-0.539,-0.824,0.0,2.0,0.0,0.0,0.0,-0.5464,-0.0498439999999999,,,
-0.321,-0.455,-0.241,-0.02357,-0.221,-0.1428,-0.951,0.0,0.0,0.2406,0.2705,-0.4282,0.0,0.3848,-0.411,-0.1913,0.01189,-0.468,-0.4207,0.3265,-0.2295,-0.3042,-0.615,0.511,0.004814,0.002014,0.0,0.0,0.0176,0.0,-0.0447,-0.4124,0.2053,0.5347,0.0,-0.5,0.0,0.228,-0.3567,-0.667,1.0,0.0,0.0,0.0,0.0,0.4963,-0.4721399999999998,,,
-0.2462,-0.783,-0.322,-0.03943,1.071,-0.2856,-0.951,0.0,0.0,0.3386,0.3594,-0.4421,0.0,0.3853,0.0278,-0.2544,-0.0605,-0.805,-0.4226,-0.8173,-0.2015,0.3262,-0.3042,-0.615,-0.00197,0.001857,0.0,0.0,0.01683,0.0,-0.07513,-0.6694,0.3757,-1.973,0.0,-1.0,-0.5,0.588,-0.6523,-1.159,0.0,1.0,0.0,0.0,0.0,-1.812,0.007514,,,
-0.3364,-0.6064,-0.294,-0.05377,-0.1359,-0.4285,-0.951,0.0,0.0,0.299,0.3333,-0.438,0.0,0.3857,-0.6387,-0.2983,-0.1294,-0.644,-0.424,0.2537999999999999,-0.1694,-0.817,0.3262,-0.3042,-0.006687,0.002825,0.0,0.0,0.015045,0.0,-0.066,-0.6196,0.344,0.333,0.0,-0.5,-0.5,0.4287,-0.502,-0.889,1.0,0.0,0.0,0.0,0.0,0.314,-0.527864,,,
-0.3303,-0.843,-0.355,-0.0698,0.6147,-0.5713,-0.951,0.0,0.0,0.3708,0.4065,-0.4487,0.0,0.3862,-0.1549,-0.313,-0.1948,-0.8906,-0.426,-0.6386000000000001,-0.11,0.2534,-0.817,0.3262,-0.012314,0.003416,0.0,0.0,0.012314,0.0,-0.08936,-0.6694,0.3694,-1.137,0.0,-1.0,-0.5,0.6646,-0.743,-1.084,0.0,1.0,0.0,0.0,0.0,-1.063,-0.1686164,,,
-0.3328,-0.903,-0.3845,-0.09503,0.2173,-0.7144,-0.951,0.0,0.0,0.4062,0.4434,-0.454,0.0,0.3865,-0.2688,-0.2788,-0.2441,-0.9707,-0.429,-0.3356,-0.0529,-0.638,0.2534,-0.817,-0.02158,0.002686,0.0,0.0,0.00803,0.0,-0.1014,-0.9785,0.585,-0.5854,0.0,-1.0,-1.0,0.7354,-0.849,-1.069,0.0,2.0,0.0,0.0,0.0,-0.5586,0.276784,,,
-0.3894,-0.662,-0.354,-0.12476,-0.1797,-0.857,-0.951,0.0,0.0,0.365,0.4102,-0.4497,0.0,0.387,-0.625,-0.2108,-0.2693,-0.7573,-0.4321,0.2794,-0.02505,-0.3354,-0.638,0.2534,-0.02696,0.002508,0.0,0.0,0.004135,0.0,-0.09155,-1.148,0.71,0.3704,0.0,-0.5,-1.0,0.524,-0.6963,-0.841,1.0,0.0,0.0,0.0,0.0,0.3572,-0.241664,,,
-0.4822,-0.737,-0.3862,-0.1494,0.2705,-1.0,-0.951,0.0,0.0,0.3965,0.4578,-0.4556,0.0,0.3875,-0.5933,-0.1293,-0.266,-0.829,-0.4355,-0.3559,0.015594,0.2793,-0.3354,-0.638,-0.0325,0.002172,0.0,0.0,0.0002053,0.0,-0.1043,-1.051,0.635,-0.517,0.0,-0.5,-1.0,0.624,-0.806,-0.884,0.0,1.0,0.0,0.0,0.0,-0.4944,-0.0021356,,,
-0.4937,-0.6104,-0.38,-0.1786,-0.07227,-1.143,-0.951,0.0,0.0,0.388,0.451,-0.4548,0.0,0.388,-0.393,-0.04477,-0.2339,-0.714,-0.439,0.0401,0.04086,-0.356,0.2793,-0.3354,-0.03928,0.000632,0.0,0.0,-0.003872,0.0,-0.1029,-1.251,0.7783,0.0594,0.0,-0.5,-1.0,0.5093,-0.7754,-0.7827,1.0,0.0,0.0,0.0,0.0,0.0574,-0.298368,,,
-0.52,-0.708,-0.4163,-0.2024,0.3303,-1.143,-0.951,0.0,0.0,0.4304,0.499,-0.4614,0.0,0.3884,-0.2805,0.03041,-0.1824,-0.8135,-0.4421,-0.3996,0.0687,0.03998,-0.356,0.2793,-0.04416,-0.001165,0.0,0.0,-0.00871,0.0,-0.11707,-1.162,0.709,-0.6597,0.0,-0.5,-1.0,0.6367,-0.889,-0.842,0.0,1.0,0.0,0.0,0.0,-0.6367,0.5760135999999998,,,
-0.5293,-0.2686,-0.335,-0.2156,-0.6157,-1.143,-0.951,0.0,0.0,0.3313,0.3984,-0.4485,0.0,0.389,0.2163,0.09674,-0.12103,-0.3506,-0.4453,0.8091,0.0712,-0.3994,0.03998,-0.356,-0.0468,-0.002468,0.0,0.0,-0.01176,0.0,-0.0889,-0.7085,0.3977,1.958,1.0,0.0,-0.5,0.2656,-0.4612,-0.5024,1.0,0.0,0.0,0.0,0.0,1.914,0.6424879999999998,,,
-0.551,0.149,-0.2502,-0.217,-2.25,-1.0,-0.951,1.0,0.0,0.2324,0.3,-0.4348,0.0,0.3894,-0.159,0.1388,-0.0651,0.08105,-0.4465,0.8287,0.0376,0.809,-0.3994,0.03998,-0.04327,-0.002232,0.0,0.0,-0.01455,0.0,-0.0594,-0.2566,0.08813,2.34,1.0,0.0,0.0,-0.0716,-0.07825,-0.1559,2.0,0.0,0.0,0.0,0.0,2.232,-0.12417408,,,
-0.5566,0.02536,-0.2834,-0.2278,-0.4404,-0.857,-0.951,1.0,0.0,0.2695,0.339,-0.4407,0.0,0.3896,-0.3425,0.1599,-0.01617,-0.04498,-0.448,-0.3461,-0.0395,0.828,0.809,-0.3994,-0.0398,-0.002647,0.0,0.0,-0.01886,0.0,-0.07214,-0.561,0.2998,-0.507,1.0,0.0,-0.5,0.0628,-0.2494,-0.2573,0.0,1.0,0.0,0.0,0.0,-0.471,-0.0555239999999999,,,
-0.575,-0.0738,-0.3083,-0.2343,-0.86,-0.7144,-0.951,1.0,0.0,0.2966,0.3704,-0.445,0.0,0.3901,-0.5566,0.169,0.02614,-0.1255,-0.45,-0.2721,-0.0762,-0.346,0.828,0.809,-0.03864,-0.004288,0.0,0.0,-0.0222,0.0,-0.0821,-0.4556,0.2201,-0.4624,0.0,-0.5,-0.5,0.167,-0.3618,-0.3477,0.0,2.0,0.0,0.0,0.0,-0.4346,0.3777920000000001,,,
-0.588,0.2443,-0.2416,-0.2319,18.77,-0.5713,-0.951,1.0,0.0,0.2198,0.2932,-0.4346,0.0,0.3906,-0.4253,0.1609,0.05515,0.1976,-0.4502,0.6471,-0.1545,-0.2722,-0.346,0.828,-0.03323,-0.005253,0.0,0.0,-0.02522,0.0,-0.05887,-0.1079,-0.01773,1.393,1.0,0.0,0.0,-0.0878,-0.063,0.04352,1.0,0.0,0.0,0.0,0.0,1.319,-0.658744,,,
-0.5454,-0.0903,-0.3157,-0.2396,-0.9644,-0.5713,-0.951,0.0,0.0,0.3074,0.3767,-0.447,0.0,0.391,-0.1583,0.136,0.07135,-0.1511,-0.451,-0.7494000000000001,-0.189,0.647,-0.2722,-0.346,-0.03125,-0.0077,0.0,0.0,-0.02806,0.0,-0.0864,-0.4587,0.2206,-1.37,0.0,0.0,-0.5,0.2242,-0.3962,-0.365,0.0,1.0,0.0,0.0,0.0,-1.273,-0.4924340000000003,,,
-0.53,-0.2947,-0.3604,-0.2437,18.77,-0.5713,-0.951,0.0,0.0,0.3616,0.4297,-0.4548,0.0,0.3916,0.05884,0.10144,0.0783,-0.344,-0.4521,-0.4723,-0.2097,-0.7495,0.647,-0.2722,-0.0296,-0.01064,0.0,0.0,-0.03125,0.0,-0.10345,-0.3538,0.1382,-0.8975,-1.0,-0.5,-0.5,0.4116,-0.567,-0.621,0.0,2.0,0.0,0.0,0.0,-0.854,0.0435079999999999,,,
-0.534,-0.2234,-0.3503,-0.25,-0.2236,-0.5713,-0.951,0.0,0.0,0.349,0.4177,-0.4536,0.0,0.392,-0.6455,0.05267,0.07556,-0.2837,-0.453,0.08,-0.2208,-0.4722,-0.7495,0.647,-0.03093,-0.013176,0.0,0.0,-0.0337,0.0,-0.10065,-0.4226,0.1885,0.1276,0.0,0.0,-0.5,0.3154,-0.527,-0.527,1.0,0.0,0.0,0.0,0.0,0.12317,0.1074847999999999,,,
-0.574,-0.2401,-0.3542,-0.2505,0.2588,-0.5713,-0.951,0.0,0.0,0.3506,0.4258,-0.4546,0.0,0.3923,-0.6694,-0.01051,0.0618,-0.2961,-0.4534,-0.05968,-0.2693,0.0799,-0.4722,-0.7495,-0.03598,-0.0159,0.0,0.0,-0.03702,0.0,-0.10284,-0.2303,0.0504,-0.1031,0.0,-0.5,-0.5,0.2979,-0.5366,-0.5493,0.0,1.0,0.0,0.0,0.0,-0.0993,-0.0647391999999999,,,
-0.5894,-0.2573,-0.3564,-0.2484,0.2496,-0.5713,-0.951,0.0,0.0,0.3518,0.4294,-0.455,0.0,0.3928,-0.468,-0.0826,0.03918,-0.3147,-0.4534,-0.03985,-0.289,-0.05975,0.0799,-0.4722,-0.0397,-0.01878,0.0,0.0,-0.03943,0.0,-0.1043,-0.1184,-0.03012,-0.0547,-1.0,-0.5,-0.5,0.2744,-0.5366,-0.5435,0.0,2.0,0.0,0.0,0.0,-0.05276,0.09582,,,
-0.6084,-0.111,-0.3245,-0.2455,-0.755,-0.5713,-0.951,0.0,0.0,0.3127,0.3923,-0.4504,0.0,0.3933,-0.749,-0.1575,0.01053,-0.1708,-0.4536,0.2999,-0.305,-0.03992,-0.05975,0.0799,-0.04102,-0.02095,0.0,0.0,-0.04092,0.0,-0.09375,-0.11035,-0.03119,0.3716,0.0,-0.5,-0.5,0.12396,-0.3843,-0.2612,1.0,0.0,0.0,0.0,0.0,0.359,-0.0730236,,,
-0.6157,-0.1938,-0.3374,-0.2399,3.113,-0.5713,-0.951,0.0,0.0,0.3274,0.4087,-0.453,0.0,0.3938,-0.7466,-0.23,-0.0267,-0.252,-0.4534,-0.1583,-0.344,0.2998,-0.03992,-0.05975,-0.04575,-0.02394,0.0,0.0,-0.04315,0.0,-0.0994,-0.02864,-0.092,-0.1571,0.0,-1.0,-0.5,0.1813,-0.431,-0.3706,0.0,1.0,0.0,0.0,0.0,-0.1504,0.034984,,,
-0.6455,-0.2607,-0.3486,-0.2361,0.7695,-0.5713,-0.951,0.0,0.0,0.3381,0.4248,-0.455,0.0,0.3943,-0.82,-0.2937,-0.07025,-0.3267,-0.4531,-0.1392,-0.3452,-0.1583,0.2998,-0.03992,-0.04782,-0.02773,0.0,0.0,-0.0443,0.0,-0.1044,-0.1026,-0.04138,-0.1108,-1.0,-1.0,-1.0,0.2073,-0.485,-0.474,0.0,2.0,0.0,0.0,0.0,-0.10657,-0.0920599999999999,,,
-0.6323,-0.3455,-0.3613,-0.2292,0.638,-0.5713,-0.951,0.0,0.0,0.3542,0.4392,-0.4578,0.0,0.3948,-0.1863,-0.3445,-0.1199,-0.39,-0.4534,-0.1598,-0.3547,-0.1393,-0.1583,0.2998,-0.04855,-0.03075,0.0,0.0,-0.0461,0.0,-0.1101,-0.0014715,-0.116,-0.347,-1.0,-1.0,-1.0,0.2192,-0.565,-0.594,0.0,3.0,0.0,0.0,0.0,-0.3352,-0.6221480000000001,,,
-0.6235,-0.7495,-0.4512,-0.2396,1.767,-0.5713,-0.951,0.0,0.0,0.4658,0.5527,-0.473,0.0,0.395,-0.154,-0.3647,-0.1714,-0.7783,-0.4556,-0.9442,-0.3042,-0.1599,-0.1393,-0.1583,-0.05353,-0.03513,0.0,0.0,-0.0483,0.0,-0.1433,-0.72,0.3823,-2.59,-1.0,-1.5,-1.5,0.5938,-0.9473,-1.262,0.0,4.0,0.0,0.0,0.0,-2.514,-0.2113759999999999,,,
-0.6323,-0.8433,-0.4849,-0.2605,0.2837,-0.7144,-0.951,0.0,0.0,0.5083,0.598,-0.4792,0.0,0.3955,-0.1931,-0.3494,-0.2134,-0.8535,-0.4595,-0.3932,-0.2416,-0.944,-0.1599,-0.1393,-0.0598,-0.039,0.0,0.0,-0.05057,0.0,-0.1567,-1.33,0.8115,-0.8345,-2.0,-1.5,-2.0,0.7,-1.056,-1.269,0.0,5.0,0.0,0.0,0.0,-0.835,-1.164488,,,
-0.457,-1.46,-0.6313,-0.292,0.999,-0.857,-0.951,0.0,0.0,0.7217,0.789,-0.504,0.0,0.396,1.109,-0.2278,-0.2112,-1.347,-0.468,-1.5929,-0.0852,-0.393,-0.944,-0.1599,-0.0722,-0.04413,0.0,0.0,-0.05545,0.0,-0.2104,-1.473,0.918,-7.223,-2.0,-1.5,-2.0,1.401,-1.645,-1.282,0.0,5.0,0.0,1.0,-7.23,-6.73,0.5316760000000003,,,
-0.433,-1.011,-0.556,-0.315,-0.2152,-1.0,-0.951,0.0,0.0,0.6187,0.6787,-0.4922,0.0,0.3965,-0.1377,-0.11584,-0.1875,-0.888,-0.4717,0.7941,-0.02068,-1.592,-0.393,-0.944,-0.0829,-0.04813,0.0,0.0,-0.05878,0.0,-0.1852,-1.076,0.618,1.641,-1.0,-1.5,-1.5,0.936,-1.146,-1.041,1.0,0.0,0.0,0.0,0.0,1.749,-0.0741,,,
-0.4482,-0.761,-0.525,-0.3425,-0.1536,-1.143,-0.951,0.0,0.0,0.5757,0.637,-0.4875,0.0,0.397,-0.282,-0.003428,-0.1407,-0.619,-0.476,0.3014,0.0187,0.794,-1.592,-0.393,-0.09174,-0.05237,0.0,0.0,-0.06174,0.0,-0.1753,-1.274,0.764,0.749,0.0,-1.0,-1.5,0.6973,-0.9507,-0.826,2.0,0.0,0.0,0.0,0.0,0.7793,-0.2881880000000001,,,
-0.351,-0.9,-0.57,-0.3674,0.3516,-1.143,-0.951,0.0,0.0,0.644,0.692,-0.4954,0.0,0.3975,0.932,0.0968,-0.08594,-0.7637,-0.4795,-0.5116,0.0726,0.3013,0.794,-1.592,-0.102,-0.05646,0.0,0.0,-0.0648,0.0,-0.1923,-1.223,0.7197,-1.279,0.0,-1.0,-1.5,0.8506,-1.107,-0.907,0.0,1.0,0.0,0.0,0.0,-1.318,0.5269976,,,
-0.399,-0.4666,-0.4934,-0.3806,-0.4321,-1.143,-0.951,0.0,0.0,0.538,0.5903,-0.4834,0.0,0.398,-0.2637,0.182,-0.03058,-0.3218,-0.4817,0.8021,0.08466,-0.5117,0.3013,0.794,-0.1085,-0.05948,0.0,0.0,-0.068,0.0,-0.1663,-0.732,0.3809,1.507,1.0,-1.0,-1.0,0.475,-0.6377,-0.583,1.0,0.0,0.0,0.0,0.0,1.578,-0.2427415999999999,,,
-0.3594,-0.562,-0.5244,-0.3975,0.3977,-1.143,-0.951,0.0,0.0,0.5815,0.629,-0.4888,0.0,0.3982,-0.2793,0.2505,0.01826,-0.4353,-0.4836,-0.3593,0.0755,0.8013,-0.5117,0.3013,-0.1126,-0.0632,0.0,0.0,-0.0729,0.0,-0.1782,-0.8516,0.4607,-0.512,1.0,-1.0,-1.5,0.5996,-0.733,-0.654,0.0,1.0,0.0,0.0,0.0,-0.5234,0.1390216,,,
-0.3533,-0.4587,-0.515,-0.4128,-0.096,-1.143,-0.951,0.0,0.0,0.57,0.6157,-0.4878,0.0,0.3987,-0.5225,0.304,0.0624,-0.347,-0.4856,0.06425,0.067,-0.3591,0.8013,-0.5117,-0.1148,-0.0659,0.0,0.0,-0.07715,0.0,-0.1761,-0.8096,0.432,0.0804,1.0,-0.5,-1.0,0.523,-0.649,-0.5835,1.0,0.0,0.0,0.0,0.0,0.08307,-0.0813571999999999,,,
-0.32,-0.3772,-0.5103,-0.4282,-0.0975,-1.143,-0.951,0.0,0.0,0.566,0.606,-0.4875,0.0,0.3992,0.01277,0.3381,0.10205,-0.2878,-0.487,0.0214299999999999,0.05884,0.0641,-0.3591,0.8013,-0.1107,-0.069,0.0,0.0,-0.081,0.0,-0.1755,-0.791,0.419,0.031,1.0,0.0,-0.5,0.456,-0.609,-0.532,2.0,0.0,0.0,0.0,0.0,0.03198,-0.0259,,,
-0.2773,-0.3613,-0.5215,-0.4482,0.0758,-1.143,-0.951,0.0,0.0,0.5845,0.618,-0.4897,0.0,0.3997,-0.2505,0.3528,0.1348,-0.3071,-0.4888,-0.1492,0.0155,0.02133,0.0641,-0.3591,-0.1101,-0.0715,0.0,0.0,-0.086,0.0,-0.1804,-0.967,0.542,-0.2007,1.0,0.0,-1.0,0.4785,-0.6323,-0.55,0.0,1.0,0.0,0.0,0.0,-0.2068,-0.0592855999999999,,,
-0.2384,-0.3267,-0.53,-0.469,0.001167,-1.143,-0.951,0.0,0.0,0.5986,0.626,-0.4915,0.0,0.4001,-0.2742,0.3425,0.1609,-0.314,-0.4902,-0.107,-0.00213,-0.1492,0.02133,0.0641,-0.1111,-0.0737,0.0,0.0,-0.09,0.0,-0.184,-0.9536,0.5312,-0.1693,0.0,0.0,-1.0,0.4802,-0.636,-0.5474,0.0,2.0,0.0,0.0,0.0,-0.1753,-0.0836576,,,
-0.1641,-0.2544,-0.53,-0.4888,-0.1813,-1.143,-0.951,0.0,0.0,0.605,0.62,-0.4917,0.0,0.4006,0.132,0.3018,0.182,-0.2788,-0.4917,-0.0214,-0.01015,-0.10706,-0.1492,0.02133,-0.11017,-0.0763,0.0,0.0,-0.0934,0.0,-0.1847,-0.9272,0.512,-0.03955,0.0,0.0,-1.0,0.4407,-0.6094,-0.5137,0.0,3.0,0.0,0.0,0.0,-0.04108,0.2849439999999999,,,
-0.2119,0.02686,-0.4863,-0.503,-1.603,-1.0,-0.951,1.0,0.0,0.544,0.565,-0.485,0.0,0.401,-0.5537,0.2308,0.1987,-0.00295,-0.4934,0.4518,-0.03464,-0.02148,-0.10706,-0.1492,-0.1106,-0.0781,0.0,0.0,-0.0962,0.0,-0.1699,-0.6875,0.3474,0.5547,0.0,0.0,-0.5,0.192,-0.4077,-0.3015,1.0,0.0,0.0,0.0,0.0,0.5767,0.0831923999999999,,,
-0.2595,0.0644,-0.4827,-0.508,0.5044,-0.857,-0.951,1.0,0.0,0.535,0.5645,-0.4846,0.0,0.4014,-0.5273,0.1353,0.2091,0.05734,-0.495,0.02131,-0.0629,0.4514,-0.02148,-0.10706,-0.10956,-0.07996,0.0,0.0,-0.09894,0.0,-0.1693,-0.393,0.1377,0.02956,0.0,0.0,0.0,0.1473,-0.401,-0.2588,2.0,0.0,0.0,0.0,0.0,0.03029,0.4319200000000001,,,
-0.298,0.3877,-0.4167,-0.5024,2.504,-0.7144,-0.951,1.0,0.0,0.4485,0.4812,-0.4744,0.0,0.4019,-0.386,0.0217,0.2073,0.404,-0.4956,0.6781,-0.0945,0.0212,0.4514,-0.02148,-0.1061,-0.08075,0.0,0.0,-0.10065,0.0,-0.1467,0.02405,-0.15,0.902,1.0,0.5,0.5,-0.1808,-0.1542,0.0806,3.0,0.0,0.0,0.0,0.0,0.9243,0.06648,,,
-0.4153,0.3757,-0.4036,-0.4817,0.1064,-0.5713,-0.951,1.0,0.0,0.423,0.474,-0.4724,0.0,0.4023,-0.2334,-0.05893,0.1841,0.3713,-0.4927,0.1246,-0.1454,0.678,0.0212,0.4514,-0.1022,-0.08215,0.0,0.0,-0.10266,0.0,-0.1426,0.934,-0.7974,0.2446,2.0,0.5,1.0,-0.2488,-0.1492,0.2078,4.0,0.0,0.0,0.0,0.0,0.2454,0.3411711999999999,,,
-0.4666,0.483,-0.37,-0.4646,0.384,-0.4285,-0.951,1.0,0.0,0.3782,0.4365,-0.4673,0.0,0.4028,-0.398,-0.142,0.1432,0.4858,-0.4912,0.3308999999999999,-0.186,0.1245,0.678,0.0212,-0.0964,-0.08417,0.0,0.0,-0.10394,0.0,-0.1313,0.81,-0.704,0.4414,3.0,1.0,1.0,-0.3599,-0.0276,0.4639,5.0,0.0,0.0,0.0,0.0,0.4412,0.1299,,,
-0.4988,0.4827,-0.3594,-0.4502,0.1327,-0.2856,-0.951,1.0,0.0,0.3628,0.426,-0.4656,0.0,0.4033,-0.6826,-0.2084,0.08276,0.4924,-0.4897,0.1024,-0.2189,0.3306,0.1245,0.678,-0.0898,-0.0857,0.0,0.0,-0.1049,0.0,-0.1278,0.745,-0.6562,0.1038,3.0,1.0,1.0,-0.393,-0.0348,0.604,5.92,0.0,0.0,0.0,0.0,0.1027,0.2615588000000001,,,
-0.595,0.5366,-0.333,-0.429,0.2352,-0.1428,-0.951,1.0,0.0,0.3237,0.4016,-0.4614,0.0,0.4038,-0.306,-0.2595,0.00202,0.559,-0.4878,0.2652,-0.2314,0.1023,0.3306,0.1245,-0.082,-0.0867,0.0,0.0,-0.1052,0.0,-0.11865,1.289,-1.04,0.4543,3.0,1.0,1.5,-0.4922,0.01767,0.8174,5.92,0.0,0.0,0.0,0.0,0.448,0.0918832,,,
-0.626,0.4277,-0.3447,-0.416,-0.05472,0.0,-0.951,1.0,0.0,0.335,0.4182,-0.4634,0.0,0.404,-0.5576,-0.2922,-0.0924,0.4504,-0.4863,-0.1212999999999999,-0.2101,0.2651,0.1023,0.3306,-0.0764,-0.08844,0.0,0.0,-0.1044,0.0,-0.1229,0.911,-0.7725,-0.1573,2.0,1.0,1.0,-0.4224,-0.08167,0.666,0.0,1.0,0.0,0.0,0.0,-0.1538,0.13508,,,
-0.6284,0.3113,-0.3564,-0.4014,-0.11084,0.1428,-0.951,1.0,0.0,0.3489,0.433,-0.4653,0.0,0.4045,-0.4014,-0.2996,-0.1912,0.3313,-0.4846,-0.1217,-0.1903,-0.12134,0.2651,0.1023,-0.0715,-0.08954,0.0,0.0,-0.1031,0.0,-0.1272,1.195,-0.9775,-0.1798,1.0,1.0,1.0,-0.3455,-0.1577,0.526,0.0,2.0,0.0,0.0,0.0,-0.1765,0.6190032,,,
-0.5835,0.702,-0.2617,-0.378,1.196,0.2856,-0.951,1.0,0.0,0.2427,0.316,-0.45,0.0,0.405,0.2954,-0.2651,-0.2467,0.702,-0.4812,0.9581,-0.1638,-0.12177,-0.12134,0.2651,-0.06525,-0.08923,0.0,0.0,-0.0982,0.0,-0.0941,1.429,-1.129,2.168,1.0,1.5,1.0,-0.6426,0.2573,0.9355,1.0,0.0,0.0,0.0,0.0,2.137,-0.1524636,,,
-0.634,0.53,-0.2788,-0.3555,-0.1015,0.4285,-0.951,1.0,0.0,0.258,0.3403,-0.453,0.0,0.4055,-0.7964,-0.2147,-0.2834,0.553,-0.4795,-0.178,-0.1357,0.9575,-0.12177,-0.12134,-0.0603,-0.0892,0.0,0.0,-0.09467,0.0,-0.1005,1.234,-0.9937,-0.1957,0.0,1.0,0.5,-0.5205,0.1307,0.706,0.0,1.0,0.0,0.0,0.0,-0.1873,0.0448392,,,
-0.6597,0.4167,-0.284,-0.332,-0.06433,0.5713,-0.951,1.0,0.0,0.2617,0.3484,-0.4539,0.0,0.406,-0.6704,-0.15,-0.2861,0.4346,-0.4768,-0.05962,-0.11316,-0.1781,0.9575,-0.12177,-0.05692,-0.0892,0.0,0.0,-0.0916,0.0,-0.10266,1.316,-1.053,-0.1177,-1.0,0.5,0.5,-0.4592,0.06012,0.5815,0.0,2.0,0.0,0.0,0.0,-0.1132,0.0165683999999999,,,
-0.6016,0.2384,-0.3035,-0.3105,-0.2493,0.7144,-0.951,1.0,0.0,0.2888,0.3667,-0.457,0.0,0.4065,0.3167,-0.0765,-0.2593,0.2313,-0.4734,-0.1994,-0.12024,-0.0597,-0.1781,0.9575,-0.05475,-0.0893,0.0,0.0,-0.08813,0.0,-0.10986,1.215,-0.9834,-1.051,-1.0,0.0,0.5,-0.3384,-0.04968,0.4248,0.0,3.0,0.0,0.0,0.0,-1.013,-0.1065632,,,
-0.6055,-0.04285,-0.3467,-0.292,-0.8066,0.857,-0.951,1.0,0.0,0.3389,0.419,-0.4644,0.0,0.4067,-0.1727,-0.00947,-0.2172,-0.0638,-0.471,-0.4413,-0.12164,-0.1993,-0.0597,-0.1781,-0.0555,-0.09015,0.0,0.0,-0.0864,0.0,-0.1255,0.8433,-0.725,-1.052,-1.0,-0.5,0.5,-0.1393,-0.2593,0.1628,0.0,4.0,0.0,0.0,0.0,-1.0205,0.1694704,,,
-0.62,0.03156,-0.3196,-0.2754,2.2,0.857,-0.951,1.0,0.0,0.306,0.3872,-0.46,0.0,0.4072,-0.5874,0.03366,-0.1738,0.02557,-0.4697,0.2645,-0.13,-0.4412,-0.1993,-0.0597,-0.0547,-0.0906,0.0,0.0,-0.0838,0.0,-0.11633,0.791,-0.6836,0.4746,-1.0,-0.5,0.5,-0.2256,-0.142,0.2598,1.0,0.0,0.0,0.0,0.0,0.4668,0.3739364,,,
-0.627,0.1428,-0.283,-0.2563,1.187,0.857,-0.951,1.0,0.0,0.2632,0.3445,-0.454,0.0,0.4077,-0.5195,0.05408,-0.1301,0.1509,-0.468,0.3634,-0.1324,0.2644,-0.4412,-0.1993,-0.05185,-0.0905,0.0,0.0,-0.08075,0.0,-0.1037,0.8975,-0.754,0.821,0.0,-0.5,0.5,-0.3662,-0.02377,0.4004,2.0,0.0,0.0,0.0,0.0,0.8003,0.4122231999999999,,,
-0.6074,0.51,-0.1923,-0.2351,1.883,0.857,-0.943,1.0,1.0,0.1643,0.2391,-0.4397,0.0,0.4082,0.1924,0.05658,-0.0867,0.527,-0.466,0.8981,-0.10565,0.363,0.2644,-0.4412,-0.04922,-0.0894,0.0,0.0,-0.0764,0.0,-0.072,0.9673,-0.79,2.021,1.0,-0.5,0.5,-0.6416,0.3484,0.7554,3.0,0.0,0.0,0.0,0.0,1.95,-0.0898064,,,
-0.63,0.3635,-0.2079,-0.2161,-0.1307,0.857,-0.935,1.0,1.0,0.1794,0.2585,-0.4421,0.0,0.4087,-0.634,0.0632,-0.04684,0.3916,-0.464,-0.1552,-0.10583,0.8975,0.363,0.2644,-0.04648,-0.0875,0.0,0.0,-0.07214,0.0,-0.0777,0.8203,-0.6875,-0.2184,1.0,-0.5,0.0,-0.534,0.2166,0.599,0.0,1.0,0.0,0.0,0.0,-0.2048,0.4253280000000001,,,
-0.643,0.571,-0.1499,-0.1957,0.631,0.857,-0.927,1.0,1.0,0.11633,0.1956,-0.4329,0.0,0.4092,-0.5723,0.06714,-0.01033,0.603,-0.462,0.5655,-0.09784,-0.1552,0.8975,0.363,-0.0411,-0.0847,0.0,0.0,-0.06683,0.0,-0.05734,0.89,-0.7285,1.164,2.0,0.0,0.0,-0.6797,0.4177,0.7876,1.0,0.0,0.0,0.0,0.0,1.098,-0.0412559999999999,,,
-0.6177,0.4617,-0.1589,-0.178,-0.04535,0.857,-0.9185,1.0,1.0,0.128,0.2034,-0.434,0.0,0.4094,-0.45,0.05853,0.01653,0.5273,-0.4607,-0.07656,-0.11426,0.5654,-0.1552,0.8975,-0.03525,-0.08044,0.0,0.0,-0.06158,0.0,-0.06018,0.8105,-0.673,-0.0921,1.0,-0.5,-0.5,-0.5986,0.3118,0.685,0.0,1.0,0.0,0.0,0.0,-0.0853,-0.2758332000000001,,,
-0.5996,0.195,-0.206,-0.167,-0.3914,0.857,-0.9106,1.0,1.0,0.1799,0.254,-0.4417,0.0,0.41,-0.292,0.04617,0.03278,0.2556,-0.459,-0.4419,-0.142,-0.0766,0.5654,-0.1552,-0.02943,-0.0774,0.0,0.0,-0.05765,0.0,-0.0765,0.4512,-0.4236,-0.8193,0.0,-0.5,-1.0,-0.3591,0.0929,0.407,0.0,2.0,0.0,0.0,0.0,-0.7607,0.2414063999999999,,,
-0.587,0.3271,-0.1669,-0.1511,0.644,0.857,-0.9023,1.0,1.0,0.1388,0.2094,-0.435,0.0,0.4104,-0.2793,0.02457,0.03638,0.4011,-0.4575,0.3897,-0.1687,-0.4417,-0.0766,0.5654,-0.02307,-0.07416,0.0,0.0,-0.05316,0.0,-0.06244,0.641,-0.553,0.6646,0.0,0.0,-0.5,-0.4644,0.2308,0.586,1.0,0.0,0.0,0.0,0.0,0.626,0.3910479999999999,,,
-0.607,0.475,-0.1193,-0.1292,0.521,0.857,-0.8945,1.0,1.0,0.0874,0.1598,-0.4272,0.0,0.411,-0.5312,-0.002321,0.02994,0.576,-0.4558,0.4621,-0.1544,0.3894,-0.4417,-0.0766,-0.0162,-0.07,0.0,0.0,-0.04892,0.0,-0.04556,0.83,-0.6807,0.791,1.0,0.5,0.0,-0.6196,0.3452,0.753,2.0,0.0,0.0,0.0,0.0,0.736,-0.0446927999999999,,,
-0.6875,0.4346,-0.11804,-0.1161,0.05518,0.857,-0.886,1.0,1.0,0.07965,0.165,-0.427,0.0,0.4114,-0.7227,-0.02423,0.02487,0.5444,-0.4543,0.01907,-0.1477,0.4617,0.3894,-0.4417,-0.01298,-0.0666,0.0,0.0,-0.0448,0.0,-0.0449,0.5796,-0.501,0.0279,1.0,1.0,0.0,-0.58,0.2854,0.6724,3.0,0.0,0.0,0.0,0.0,0.02557,-0.0418499999999999,,,
-0.6714,0.334,-0.129,-0.1026,-0.07495,0.857,-0.878,1.0,1.0,0.09235,0.1755,-0.4287,0.0,0.4119,-0.6255,-0.0534,0.01554,0.4595,-0.4531,-0.0946999999999999,-0.1434,0.01897,0.4617,0.3894,-0.0095,-0.0629,0.0,0.0,-0.04132,0.0,-0.0485,0.63,-0.5386,-0.1642,1.0,0.5,0.0,-0.4917,0.1946,0.5435,0.0,1.0,0.0,0.0,0.0,-0.1505,-0.2814519999999999,,,
-0.6094,0.0677,-0.1779,-0.09265,-0.552,0.857,-0.87,1.0,1.0,0.1488,0.2235,-0.4365,0.0,0.4124,-0.083,-0.0784,0.001831,0.1888,-0.452,-0.4562,-0.1576,-0.0948,0.01897,0.4617,-0.01041,-0.05975,0.0,0.0,-0.0387,0.0,-0.0655,0.3826,-0.3696,-0.8228,1.0,0.0,0.0,-0.258,-0.02399,0.2388,0.0,2.0,0.0,0.0,0.0,-0.7563,0.3018927999999999,,,
-0.6714,0.2966,-0.1163,-0.0748,1.776,0.857,-0.862,1.0,1.0,0.0791,0.1619,-0.4263,0.0,0.4126,-0.3186,-0.06964,-0.002485,0.353,-0.4475,0.5981,-0.1504,-0.4563,-0.0948,0.01897,-0.00842,-0.05603,0.0,0.0,-0.03552,0.0,-0.04367,0.6787,-0.5713,1.049,1.0,0.0,0.5,-0.4585,0.2039,0.5215,1.0,0.0,0.0,0.0,0.0,0.9775,0.5497911999999998,,,
-0.666,0.661,-0.01525,-0.04367,1.164,0.857,-0.8535,1.0,1.0,-0.0215,0.05716,-0.41,0.0,0.413,0.1394,-0.0317,0.001215,0.6953,-0.443,0.9661,-0.10767,0.5977,-0.4563,-0.0948,-0.0003154,-0.05115,0.0,0.0,-0.03067,0.0,-0.00779,1.139,-0.8843,2.43,1.0,0.5,1.0,-0.745,0.577,0.903,2.0,0.0,0.0,0.0,0.0,2.225,-0.0370199999999999,,,
-0.6167,0.336,-0.06647,-0.0192,-0.3345,0.857,-0.8457,1.0,1.0,0.03293,0.10516,-0.418,0.0,0.4136,-0.309,0.00808,0.007557,0.3687,-0.44,-0.4594,-0.1121,0.9653,0.5977,-0.4563,0.00407,-0.04666,0.0,0.0,-0.0264,0.0,-0.0255,0.8228,-0.666,-0.847,0.0,0.0,0.5,-0.4917,0.3235,0.578,0.0,1.0,0.0,0.0,0.0,-0.753,-0.13344,,,
-0.6064,0.11255,-0.1016,-0.001802,-0.439,0.857,-0.8374,1.0,1.0,0.06934,0.141,-0.4233,0.0,0.414,-0.56,0.04755,0.02094,0.1292,-0.437,-0.317,-0.1055,-0.4595,0.9653,0.5977,0.005062,-0.0425,0.0,0.0,-0.02399,0.0,-0.03754,0.578,-0.4968,-0.4585,0.0,0.0,0.0,-0.3472,0.11456,0.353,0.0,2.0,0.0,0.0,0.0,-0.4133,0.0043939999999999,,,
-0.6626,0.00978,-0.1183,0.005753,-0.433,0.857,-0.829,1.0,1.0,0.0819,0.1632,-0.426,0.0,0.4146,-0.6045,0.07935,0.02998,0.005207,-0.4353,-0.1507,-0.1113,-0.317,-0.4595,0.9653,0.00531,-0.0389,0.0,0.0,-0.02156,0.0,-0.04324,0.2437,-0.2605,-0.1752,0.0,0.0,-0.5,-0.2568,0.01862,0.2333,0.0,3.0,0.0,0.0,0.0,-0.1594,0.0202360399999999,,,
-0.612,-0.04083,-0.1232,0.01401,-0.4604,0.857,-0.8213,1.0,1.0,0.09106,0.1643,-0.4268,0.0,0.415,-0.03226,0.0966,0.03543,-0.03723,-0.4346,-0.0377399999999999,-0.1242,-0.1506,-0.317,-0.4595,0.005806,-0.03537,0.0,0.0,-0.01909,0.0,-0.0447,0.3008,-0.302,-0.0634,-1.0,-0.5,-0.5,-0.2445,-0.0497,0.1771,0.0,4.0,0.0,0.0,0.0,-0.058,0.0717123999999999,,,
-0.598,-0.06207,-0.1262,0.0162,-0.4275,0.857,-0.813,1.0,1.0,0.0953,0.1664,-0.427,0.0,0.4153,-0.246,0.10516,0.04044,-0.0693,-0.4338,-0.01885,-0.1508,-0.03784,-0.1506,-0.317,0.00821,-0.0325,0.0,0.0,-0.01636,0.0,-0.04547,0.0713,-0.1384,-0.0345,-2.0,-1.0,-1.0,-0.2206,-0.0817,0.1312,0.0,5.0,0.0,0.0,0.0,-0.0316,0.0180283999999999,,,
-0.5923,-0.05084,-0.1211,0.01997,0.758,0.857,-0.8047,1.0,1.0,0.0904,0.1604,-0.426,0.0,0.4158,-0.3428,0.0988,0.04248,-0.06052,-0.433,0.057,-0.2129,-0.01894,-0.03784,-0.1506,0.00829,-0.02966,0.0,0.0,-0.0129,0.0,-0.04343,0.1367,-0.1842,0.1078,-1.0,-1.0,-0.5,-0.2449,-0.09717,0.1339,1.0,0.0,0.0,0.0,0.0,0.0988,-0.3464991999999999,,,
-0.5977,-0.2805,-0.1676,0.02444,-7.918,0.7144,-0.797,0.0,1.0,0.1387,0.2112,-0.4336,0.0,0.4163,-0.7163,0.0811,0.03717,-0.2866,-0.4326,-0.4352,-0.278,0.05685,-0.01894,-0.03784,0.002249,-0.02762,0.0,0.0,-0.0105,0.0,-0.0597,0.1367,-0.1914,-0.5566,-1.0,-1.0,-0.5,-0.05164,-0.2954,-0.2458,0.0,1.0,0.0,0.0,0.0,-0.5093,0.0536735999999999,,,
-0.6333,-0.2666,-0.1646,0.02446,0.0585,0.5713,-0.7886,0.0,1.0,0.1327,0.2108,-0.4329,0.0,0.4167,-0.717,0.0513,0.02596,-0.2778,-0.4321,0.0385,-0.333,-0.435,0.05685,-0.01894,-0.001556,-0.02562,0.0,0.0,-0.00856,0.0,-0.05832,-0.02438,-0.0758,0.04938,0.0,-0.5,-0.5,-0.0885,-0.3018,-0.3,1.0,0.0,0.0,0.0,0.0,0.04578,0.3274728,,,
-0.66,-0.0833,-0.1257,0.02339,-0.924,0.4285,-0.7803,0.0,1.0,0.0898,0.171,-0.4263,0.0,0.4172,-0.723,0.011505,0.01069,-0.1008,-0.432,0.3833999999999999,-0.3438,0.03836,-0.435,0.05685,-0.002302,-0.02348,0.0,0.0,-0.007362,0.0,-0.04425,-0.0639,-0.0414,0.444,1.0,-0.5,-0.5,-0.2198,-0.12427,0.0561,2.0,0.0,0.0,0.0,0.0,0.4114,-0.1439604,,,
-0.6216,-0.06744,-0.1228,0.02263,-8.414,0.4285,-0.7725,1.0,1.0,0.0899,0.1647,-0.4258,0.0,0.4177,-0.2246,-0.041,-0.00801,-0.0963,-0.4314,0.03797,-0.3643,0.383,0.03836,-0.435,-0.002218,-0.0212,0.0,0.0,-0.005867,0.0,-0.04294,-0.05386,-0.0479,0.09515,2.0,-0.5,-0.5,-0.2225,-0.1279,0.0598,3.0,0.0,0.0,0.0,0.0,0.0871,-0.3286584000000001,,,
-0.541,-0.4695,-0.2151,0.015236,-14.766,0.2856,-0.7725,0.0,0.0,0.1945,0.2593,-0.4407,0.0,0.4182,0.04837,-0.11316,-0.02953,-0.513,-0.4316,-0.8699,-0.3489,0.03787,0.383,0.03836,-0.005775,-0.0197,0.0,0.0,-0.00657,0.0,-0.07544,-0.41,0.1919,-1.072,1.0,-0.5,-0.5,0.1649,-0.4917,-0.8813,0.0,1.0,0.0,0.0,0.0,-0.98,-0.1837547999999999,,,
-0.566,-0.651,-0.2585,0.00925,0.6333,0.1428,-0.7725,0.0,0.0,0.2406,0.311,-0.4478,0.0,0.4185,-0.553,-0.2123,-0.05865,-0.699,-0.4321,-0.4276,-0.314,-0.8696,0.03787,0.383,-0.01107,-0.01955,0.0,0.0,-0.0078,0.0,-0.091,-0.3953,0.1746,-0.5063,1.0,-0.5,-0.5,0.3118,-0.6646,-1.143,0.0,2.0,0.0,0.0,0.0,-0.4758,0.104216,,,
-0.6104,-0.5396,-0.2418,-0.001235,-0.076,0.0,-0.7725,0.0,0.0,0.2183,0.2954,-0.445,0.0,0.419,-0.803,-0.303,-0.0933,-0.6055,-0.4329,0.1578,-0.3042,-0.4275,-0.8696,0.03787,-0.01596,-0.01907,0.0,0.0,-0.008125,0.0,-0.0854,-0.6426,0.3535,0.1746,1.0,0.0,-0.5,0.1718,-0.606,-0.957,1.0,0.0,0.0,0.0,0.0,0.1663,-0.1277328,,,
-0.6455,-0.5645,-0.263,-0.02354,0.1918,-0.1428,-0.7725,0.0,0.0,0.239,0.3225,-0.4487,0.0,0.4194,-0.279,-0.368,-0.1354,-0.6396,-0.4353,-0.2156,-0.2742,0.1576,-0.4275,-0.8696,-0.01984,-0.01877,0.0,0.0,-0.00935,0.0,-0.0932,-1.467,0.939,-0.2375,0.0,0.0,-1.0,0.221,-0.6865,-1.016,0.0,1.0,0.0,0.0,0.0,-0.2251,-0.0818039999999999,,,
-0.672,-0.52,-0.2664,-0.0419,0.0354,-0.2856,-0.7725,0.0,0.0,0.2407,0.3286,-0.4495,0.0,0.42,-0.4766,-0.3933,-0.1807,-0.5957,-0.4375,-0.0394,-0.246,-0.2156,0.1576,-0.4275,-0.02406,-0.0183,0.0,0.0,-0.01135,0.0,-0.0946,-1.357,0.8594,-0.0539,-1.0,0.0,-1.0,0.1915,-0.6865,-0.92,0.0,2.0,0.0,0.0,0.0,-0.05142,-0.0497387999999999,,,
-0.676,-0.503,-0.2737,-0.05762,0.0913,-0.4285,-0.7725,0.0,0.0,0.2489,0.3376,-0.4507,0.0,0.4204,-0.599,-0.3735,-0.229,-0.591,-0.4392,-0.079,-0.2206,-0.03946,-0.2156,0.1576,-0.03027,-0.01746,0.0,0.0,-0.01349,0.0,-0.0975,-1.28,0.803,-0.072,-1.0,-0.5,-1.0,0.1903,-0.693,-0.868,0.0,3.0,0.0,0.0,0.0,-0.0688,0.0984588,,,
-0.6655,-0.3386,-0.247,-0.0692,-0.283,-0.5713,-0.7725,0.0,0.0,0.2196,0.306,-0.4465,0.0,0.421,-0.3572,-0.3362,-0.28,-0.4321,-0.4404,0.2577,-0.2084,-0.07904,-0.03946,-0.2156,-0.03555,-0.01663,0.0,0.0,-0.01511,0.0,-0.0883,-0.9556,0.5757,0.2896,0.0,0.0,-0.5,0.06836,-0.539,-0.639,1.0,0.0,0.0,0.0,0.0,0.2773,-0.1902879999999999,,,
-0.72,-0.4302,-0.2756,-0.08215,0.514,-0.7144,-0.7725,0.0,0.0,0.2474,0.3435,-0.4514,0.0,0.4211,-0.773,-0.2952,-0.3313,-0.533,-0.442,-0.2949,-0.1873,0.2576,-0.07904,-0.03946,-0.0383,-0.01645,0.0,0.0,-0.01645,0.0,-0.09894,-1.055,0.642,-0.3303,-1.0,-0.5,-0.5,0.1846,-0.6323,-0.7676,0.0,1.0,0.0,0.0,0.0,-0.314,-0.0488803999999999,,,
-0.74,-0.1859,-0.2302,-0.0909,-0.6147,-0.857,-0.7725,0.0,0.0,0.1951,0.2927,-0.444,0.0,0.4216,-0.312,-0.2484,-0.3516,-0.2705,-0.4438,0.4366,-0.1854,-0.2947,0.2576,-0.07904,-0.03738,-0.01672,0.0,0.0,-0.01807,0.0,-0.0835,-0.6914,0.3894,0.692,0.0,-0.5,0.0,0.002544,-0.3987,-0.4614,1.0,0.0,0.0,0.0,0.0,0.6636,0.4280672,,,
-0.745,0.1349,-0.1654,-0.095,-3.145,-0.857,-0.764,1.0,1.0,0.1246,0.221,-0.4338,0.0,0.422,-0.185,-0.2076,-0.3418,0.0648,-0.445,0.6265999999999999,-0.233,0.4363,-0.2947,0.2576,-0.0345,-0.01622,0.0,0.0,-0.02023,0.0,-0.06094,-0.3296,0.141,0.8784,1.0,-0.5,0.0,-0.2417,-0.1215,-0.011856,2.0,0.0,0.0,0.0,0.0,0.831,0.4737991999999998,,,
-0.7256,0.6113,-0.05698,-0.0846,2.488,-0.7144,-0.756,1.0,1.0,0.01472,0.10443,-0.4163,0.0,0.4226,-0.1716,-0.1917,-0.329,0.533,-0.4438,1.0371,-0.2284,0.626,0.4363,-0.2947,-0.02621,-0.015205,0.0,0.0,-0.0201,0.0,-0.02292,0.3608,-0.335,1.9,2.0,0.0,0.5,-0.5713,0.3296,0.7246,3.0,0.0,1.0,0.0,5.652,1.763,-0.2211651999999999,,,
-0.6924,0.4875,-0.0775,-0.0771,-0.05765,-0.5713,-0.748,1.0,1.0,0.03796,0.1229,-0.4197,0.0,0.423,-0.377,-0.1935,-0.3198,0.396,-0.4424,-0.1858,-0.2198,1.036,0.626,0.4363,-0.0186,-0.01432,0.0,0.0,-0.01973,0.0,-0.03004,0.247,-0.2566,-0.339,1.0,0.0,0.0,-0.4575,0.1882,0.563,0.0,1.0,0.0,0.0,0.0,-0.305,0.0267903999999999,,,
-0.679,0.499,-0.07227,-0.07336,0.1552,-0.4285,-0.7397,1.0,1.0,0.03375,0.11633,-0.4187,0.0,0.4236,-0.543,-0.206,-0.3137,0.4048,-0.4417,0.05622,-0.2053,-0.1859,1.036,0.626,-0.01041,-0.01292,0.0,0.0,-0.01906,0.0,-0.02798,0.11926,-0.1647,0.08405,2.0,0.0,0.0,-0.4382,0.1686,0.561,1.0,0.0,0.0,0.0,0.0,0.076,0.1885570399999999,,,
-0.704,0.711,-0.02129,-0.0655,0.524,-0.4285,-0.732,1.0,1.0,-0.01869,0.0664,-0.4102,0.0,0.4238,-0.3914,-0.2306,-0.3103,0.6406,-0.4417,0.4856999999999999,-0.1677,0.0561,-0.1859,1.036,-0.0011425,-0.0114,0.0,0.0,-0.01756,0.0,-0.009705,0.2947,-0.282,0.7627,2.0,0.5,0.0,-0.6035,0.3013,0.7754,2.0,0.0,0.0,0.0,0.0,0.688,-0.0757859999999999,,,
-0.748,0.61,-0.03033,-0.04904,-0.003149,-0.2856,-0.7236,1.0,1.0,-0.013374,0.07916,-0.4114,0.0,0.4243,-0.598,-0.266,-0.3118,0.563,-0.4402,-0.07345,-0.1383,0.4854,0.0561,-0.1859,0.00903,-0.01043,0.0,0.0,-0.01616,0.0,-0.01257,0.771,-0.623,-0.0915,1.0,0.5,0.0,-0.54,0.197,0.6465,0.0,1.0,0.0,0.0,0.0,-0.0813,-0.1788639999999999,,,
-0.7397,0.419,-0.0572,-0.03049,-0.162,-0.1428,-0.7153,1.0,1.0,0.013824,0.10583,-0.4158,0.0,0.4248,-0.7334,-0.3062,-0.317,0.399,-0.4387,-0.2395,-0.12244,-0.07355,0.4854,0.0561,0.01631,-0.009735,0.0,0.0,-0.01522,0.0,-0.02177,0.897,-0.717,-0.2009,0.0,0.5,0.0,-0.3984,0.05603,0.4658,0.0,2.0,0.0,0.0,0.0,-0.1791,0.3474308,,,
-0.694,0.762,0.0367,-0.003752,0.8667,0.0,-0.7075,1.0,1.0,-0.0735,0.0082,-0.4004,0.0,0.4253,0.0485,-0.3335,-0.3235,0.748,-0.4358,0.8731,-0.06537,-0.2395,-0.07355,0.4854,0.02484,-0.00802,0.0,0.0,-0.01223,0.0,0.01132,1.077,-0.831,1.397,1.0,0.5,0.0,-0.664,0.4053,0.797,1.0,0.0,0.0,0.0,0.0,1.254,0.7455368,,,
-0.594,1.256,0.1758,0.03784,0.7593,0.1428,-0.699,1.0,1.0,-0.1918,-0.1302,-0.3777,0.0,0.4258,1.289,-0.24,-0.3035,1.131,-0.4272,1.2661,0.063,0.8726,-0.2395,-0.07355,0.0347,-0.004444,0.0,0.0,-0.007244,0.0,0.06052,1.417,-1.052,5.445,1.0,1.0,0.5,-1.009,0.891,1.081,2.0,0.0,0.0,0.0,0.0,4.758,-0.2297567999999999,,,
-0.5586,0.93,0.1348,0.07635,-0.127,0.2856,-0.691,1.0,1.0,-0.1526,-0.09576,-0.3843,0.0,0.4263,-0.2522,-0.1125,-0.2598,0.8037,-0.4224,-0.3479,0.1384,1.265,0.8726,-0.2395,0.0437,-0.001876,0.0,0.0,-0.003431,0.0,0.04633,1.218,-0.9155,-0.726,0.0,0.5,0.5,-0.7676,0.6655,0.777,0.0,1.0,0.0,0.0,0.0,-0.6104,0.149798,,,
-0.523,0.881,0.1556,0.1176,0.08136,0.4285,-0.683,1.0,1.0,-0.1683,-0.11786,-0.3806,0.0,0.4268,-0.1484,0.001271,-0.2084,0.8193,-0.4197,0.1936,0.211,-0.3477,1.265,0.8726,0.05338,-9.876e-05,0.0,0.0,0.000645,0.0,0.05405,1.286,-0.9614,0.2098,1.0,0.5,1.0,-0.7666,0.6562,0.7207,1.0,0.0,0.0,0.0,0.0,0.1783,-0.1689903999999999,,,
-0.5156,0.6426,0.1304,0.1539,-0.1313,0.5713,-0.675,1.0,1.0,-0.1454,-0.09534,-0.3845,0.0,0.427,-0.4507,0.1078,-0.1477,0.6157,-0.4163,-0.2096,0.2507,0.1934,-0.3477,1.265,0.0599,0.001936,0.0,0.0,0.00572,0.0,0.0455,1.13,-0.8535,-0.2448,1.0,0.0,0.5,-0.6143,0.489,0.56,0.0,1.0,0.0,0.0,0.0,-0.2068,0.16722,,,
-0.5063,0.5713,0.1442,0.1934,0.02809,0.7144,-0.6665,1.0,1.0,-0.1569,-0.10876,-0.382,0.0,0.4275,-0.6523,0.2031,-0.08075,0.594,-0.413,0.1407999999999999,0.2732,-0.2096,0.1934,-0.3477,0.06744,0.004463,0.0,0.0,0.01167,0.0,0.05112,1.307,-0.977,0.1564,1.0,0.5,1.0,-0.6196,0.4653,0.5303,1.0,0.0,0.0,0.0,0.0,0.1329,-0.1864839999999999,,,
-0.4849,0.3218,0.1121,0.2258,-0.2751,0.857,-0.6587,1.0,1.0,-0.1263,-0.08093,-0.387,0.0,0.428,-0.27,0.2883,-0.00503,0.3445,-0.409,-0.2626,0.2773,0.1407,-0.2096,0.1934,0.0748,0.006855,0.0,0.0,0.01695,0.0,0.04047,1.089,-0.8267,-0.3872,0.0,0.0,0.5,-0.4739,0.2786,0.3909,0.0,1.0,0.0,0.0,0.0,-0.328,0.0261599999999999,,,
-0.4917,0.367,0.1438,0.255,0.2532,0.857,-0.6504,1.0,1.0,-0.1554,-0.1096,-0.3813,0.0,0.4285,-0.2352,0.352,0.0707,0.4028,-0.4058,0.3004,0.2727,-0.2627,0.1407,-0.2096,0.0797,0.00962,0.0,0.0,0.02306,0.0,0.0524,1.041,-0.787,0.3247,1.0,0.0,0.5,-0.576,0.3147,0.4312,1.0,0.0,0.0,0.0,0.0,0.277,0.1138175999999999,,,
-0.5264,0.4597,0.1815,0.2773,0.3545,0.857,-0.642,1.0,1.0,-0.1913,-0.141,-0.3748,0.0,0.429,-0.355,0.4075,0.1443,0.4795,-0.402,0.35,0.2646,0.3,-0.2627,0.1407,0.08044,0.0128,0.0,0.0,0.0298,0.0,0.06647,0.9136,-0.6895,0.6177,1.0,0.5,0.5,-0.649,0.4075,0.4854,2.0,0.0,0.0,0.0,0.0,0.5225,0.0521625999999999,,,
-0.4805,0.1771,0.1307,0.2964,-0.4248,0.857,-0.6343,1.0,1.0,-0.1428,-0.0985,-0.3826,0.0,0.4294,-0.03464,0.4504,0.2114,0.1915,-0.3994,-0.4152,0.221,0.3499,0.3,-0.2627,0.0809,0.01544,0.0,0.0,0.03595,0.0,0.04944,0.76,-0.5874,-0.7246,1.0,0.5,0.5,-0.4119,0.1956,0.3083,0.0,1.0,0.0,0.0,0.0,-0.606,0.410674,,,
-0.4736,0.3806,0.1954,0.321,0.9746,0.857,-0.626,1.0,1.0,-0.1991,-0.1578,-0.3716,0.0,0.4297,-0.2515,0.476,0.2722,0.3972,-0.396,0.5961,0.1914,-0.4153,0.3499,0.3,0.0832,0.01921,0.0,0.0,0.04272,0.0,0.07336,0.887,-0.668,1.014,1.0,0.5,0.5,-0.5938,0.399,0.466,1.0,0.0,0.0,0.0,0.0,0.8594,-0.1425828,,,
-0.477,0.1691,0.1586,0.3376,-0.356,0.857,-0.6177,1.0,1.0,-0.1674,-0.1244,-0.3772,0.0,0.4302,-0.81,0.471,0.3206,0.1937,-0.394,-0.2926,0.1112,0.596,-0.4153,0.3499,0.0851,0.02261,0.0,0.0,0.04944,0.0,0.0613,0.616,-0.4795,-0.2708,1.0,0.0,0.0,-0.4138,0.2325,0.3328,0.0,1.0,0.0,0.0,0.0,-0.2252,-0.5051264000000001,,,
-0.4104,-0.2646,0.06464,0.3467,-1.718,0.7144,-0.61,0.0,1.0,-0.07697,-0.0422,-0.392,0.0,0.4307,-0.3733,0.4355,0.351,-0.2382,-0.3926,-0.7992,0.01653,-0.2925,0.596,-0.4153,0.0825,0.0247,0.0,0.0,0.05417,0.0,0.02881,0.274,-0.2496,-0.884,0.0,0.0,0.0,-0.02713,-0.1101,-0.03653,0.0,2.0,0.0,0.0,0.0,-0.742,-0.218324,,,
-0.3948,-0.3887,0.04288,0.3567,0.857,0.5713,-0.6016,0.0,1.0,-0.05533,-0.0225,-0.3953,0.0,0.4312,-0.481,0.363,0.362,-0.3438,-0.3918,-0.1781,-0.05927,-0.799,-0.2925,0.596,0.0804,0.02657,0.0,0.0,0.05765,0.0,0.0217,0.2957,-0.2683,-0.2228,-1.0,-0.5,0.0,0.0176,-0.2273,-0.174,0.0,3.0,0.0,0.0,0.0,-0.1919,-0.2961761560000001,,,
-0.4067,-0.574,-0.002283,0.3538,0.778,0.4285,-0.5933,0.0,1.0,-0.013306,0.02283,-0.4023,0.0,0.4316,-0.289,0.2625,0.362,-0.5522,-0.3909,-0.3942,-0.0836,-0.1781,-0.799,-0.2925,0.07495,0.0289,0.0,0.0,0.05893,0.0,0.00613,-0.1345,0.03195,-0.4548,-1.0,-0.5,-0.5,0.1328,-0.4402,-0.4126,0.0,4.0,0.0,0.0,0.0,-0.3938,0.2434279999999999,,,
-0.5757,-0.4087,0.02565,0.3394,-0.2256,0.2856,-0.5854,0.0,1.0,-0.05356,0.00923,-0.3975,0.0,0.4321,-0.6816,0.193,0.3499,-0.43,-0.3906,0.2723,-0.125,-0.394,-0.1781,-0.799,0.0692,0.03195,0.0,0.0,0.0609,0.0,0.01668,-0.584,0.3572,0.2502,-1.0,-0.5,-0.5,0.003986,-0.3137,-0.3162,1.0,0.0,0.0,0.0,0.0,0.2194,-0.501916,,,
-0.496,-0.689,-0.05157,0.3215,1.05,0.1428,-0.577,0.0,1.0,0.02776,0.0799,-0.41,0.0,0.4324,0.509,0.118,0.317,-0.7017,-0.3928,-0.6835,-0.1495,0.272,-0.394,-0.1781,0.06223,0.03412,0.0,0.0,0.0617,0.0,-0.01021,-0.6885,0.4204,-1.229,-1.0,-0.5,-0.5,0.3037,-0.5757,-0.7695,0.0,1.0,0.0,0.0,0.0,-1.068,-0.1723984,,,
-0.5024,-0.3213,0.02377,0.3086,-0.5137,0.0,-0.5693,0.0,1.0,-0.04593,0.005,-0.3972,0.0,0.4329,0.109,0.0273,0.2625,-0.326,-0.3943,0.7171,-0.1711,-0.683,0.272,-0.394,0.0557,0.03726,0.0,0.0,0.06287,0.0,0.01724,-0.444,0.258,1.1455,0.0,-0.5,-0.5,0.01215,-0.2174,-0.3665,1.0,0.0,0.0,0.0,0.0,1.018,-0.367706,,,
-0.4568,-0.596,-0.05112,0.2917,1.357,-0.1428,-0.561,0.0,1.0,0.03044,0.07623,-0.4092,0.0,0.4333,-0.1853,-0.0694,0.1906,-0.5913,-0.3965,-0.6649,-0.1771,0.717,-0.683,0.272,0.04752,0.0397,0.0,0.0,0.0631,0.0,-0.00893,-0.5776,0.3416,-1.095,0.0,-1.0,-0.5,0.31,-0.4714,-0.819,0.0,1.0,0.0,0.0,0.0,-0.9507,0.3882959999999999,,,
-0.4438,-0.3674,-0.00891,0.2776,-0.3416,-0.2856,-0.5527,0.0,1.0,-0.00987,0.0325,-0.402,0.0,0.4338,-0.2896,-0.1656,0.10114,-0.3718,-0.3975,0.4041,-0.2133,-0.665,0.717,-0.683,0.04495,0.04266,0.0,0.0,0.06433,0.0,0.00655,-0.4731,0.274,0.475,1.0,-0.5,-0.5,0.128,-0.2676,-0.625,1.0,0.0,0.0,0.0,0.0,0.4216,-0.6074332000000001,,,
-0.401,-0.72,-0.1034,0.2576,1.452,-0.4285,-0.545,0.0,1.0,0.0876,0.1259,-0.4172,0.0,0.4343,-0.4976,-0.2358,-0.001514,-0.716,-0.4,-0.8519,-0.1692,0.4038,-0.665,0.717,0.0393,0.04443,0.0,0.0,0.0628,0.0,-0.02667,-0.621,0.365,-1.526,0.0,-1.0,-0.5,0.501,-0.5947,-1.094,0.0,1.0,0.0,0.0,0.0,-1.338,-0.032772,,,
-0.3367,0.2008,0.1027,0.2532,-1.407,-0.4285,-0.5366,1.0,1.0,-0.106,-0.08435,-0.3833,0.0,0.4348,-0.1437,-0.2893,-0.076,0.1599,-0.3987,1.9561,-0.1764,-0.852,0.4038,-0.665,0.0442,0.04858,0.0,0.0,0.0623,0.0,0.0472,-0.1219,0.04126,8.39,1.0,-0.5,-0.5,-0.2272,0.3174,0.1573,1.0,0.0,1.0,0.0,6.363,7.56,-0.2122307999999999,,,
-0.3545,0.1362,0.0809,0.2435,-0.1113,-0.4285,-0.5283,1.0,1.0,-0.0874,-0.0623,-0.3865,0.0,0.4353,-0.648,-0.311,-0.1403,0.0877,-0.3994,-0.1754,-0.178,1.955,-0.852,0.4038,0.04703,0.0521,0.0,0.0,0.06207,0.0,0.04007,-0.2625,0.1384,-0.3442,0.0,-0.5,-1.0,-0.1355,0.1956,0.04236,0.0,1.0,0.0,0.0,0.0,-0.292,0.0788768,,,
-0.418,0.1844,0.08856,0.2393,0.37,-0.4285,-0.5205,1.0,1.0,-0.09955,-0.06433,-0.385,0.0,0.4355,-0.782,-0.3098,-0.2043,0.1371,-0.3994,0.08836,-0.1826,-0.1754,1.955,-0.852,0.05338,0.05508,0.0,0.0,0.0617,0.0,0.04352,-0.1285,0.04446,0.1619,1.0,0.0,-0.5,-0.1709,0.1763,0.11285,1.0,0.0,0.0,0.0,0.0,0.1381,0.3994419999999998,,,
-0.4595,0.4946,0.1554,0.2349,1.381,-0.4285,-0.512,1.0,1.0,-0.1631,-0.1229,-0.3735,0.0,0.436,-0.5737,-0.2988,-0.264,0.4373,-0.3994,0.6161,-0.1656,0.0882,-0.1754,1.955,0.05942,0.05768,0.0,0.0,0.0627,0.0,0.0681,-0.1236,0.0518,1.163,1.0,0.5,-0.5,-0.3682,0.4102,0.4924,2.0,0.0,0.0,0.0,0.0,0.9897,0.1246048,,,
-0.4688,0.382,0.1273,0.2316,-0.07544,-0.4285,-0.504,1.0,1.0,-0.1388,-0.0964,-0.3777,0.0,0.4365,-0.844,-0.2932,-0.3176,0.3162,-0.3992,-0.2244,-0.16,0.6157,0.0882,-0.1754,0.06744,0.06024,0.0,0.0,0.0631,0.0,0.0589,-0.1043,0.03397,-0.3147,1.0,0.0,-0.5,-0.2634,0.2394,0.3271,0.0,1.0,0.0,0.0,0.0,-0.2627,-0.5325575999999997,,,
-0.4436,0.05377,0.05237,0.2307,-0.624,-0.2856,-0.4958,1.0,1.0,-0.0682,-0.02766,-0.3896,0.0,0.437,-0.1313,-0.2976,-0.356,-0.01308,-0.3987,-0.6435,-0.1608,-0.2244,0.6157,0.0882,0.0706,0.062,0.0,0.0,0.0628,0.0,0.0327,-0.05954,-0.00945,-1.088,0.0,0.0,-0.5,0.05075,-0.03552,-0.0938,0.0,2.0,0.0,0.0,0.0,-0.9146,-0.0145508,,,
-0.4612,0.01869,0.0447,0.2312,-0.1442,-0.1428,-0.4878,1.0,1.0,-0.06238,-0.0188,-0.3906,0.0,0.4375,-0.733,-0.312,-0.3813,-0.04465,-0.3984,-0.0531499999999999,-0.1663,-0.643,-0.2244,0.6157,0.0774,0.0632,0.0,0.0,0.06198,0.0,0.03055,-0.0234,-0.03616,-0.05493,0.0,-0.5,-0.5,0.06122,-0.0823,-0.1117,0.0,3.0,0.0,0.0,0.0,-0.04712,-0.0995351999999999,,,
-0.4844,-0.02826,0.03665,0.235,-0.3682,0.0,-0.4797,1.0,1.0,-0.05664,-0.00907,-0.3916,0.0,0.438,-0.62,-0.3418,-0.3926,-0.08075,-0.3982,-0.0532399999999999,-0.184,-0.05322,-0.643,-0.2244,0.07526,0.0644,0.0,0.0,0.06046,0.0,0.02838,0.0809,-0.1115,-0.0678,-1.0,-0.5,-0.5,0.0754,-0.1196,-0.11646,0.0,4.0,0.0,0.0,0.0,-0.0583,0.088224,,,
-0.482,0.0901,0.0661,0.2389,2.518,0.1428,-0.4714,1.0,1.0,-0.084,-0.0377,-0.3865,0.0,0.4382,-0.4702,-0.3894,-0.395,0.04785,-0.3977,0.2850999999999999,-0.1877,-0.0533,-0.05322,-0.643,0.07526,0.06616,0.0,0.0,0.0601,0.0,0.03964,0.08575,-0.11005,0.2803,-1.0,-0.5,-0.5,-0.05637,-0.02502,0.0881,1.0,0.0,0.0,0.0,0.0,0.2412,-0.0014331999999999,,,
-0.5815,0.0287,0.0601,0.25,-0.2494,0.2856,-0.4634,1.0,1.0,-0.0864,-0.02367,-0.3872,0.0,0.4387,-0.844,-0.4255,-0.395,0.005375,-0.397,-0.0351999999999999,-0.216,0.285,-0.0533,-0.05322,0.07465,0.06696,0.0,0.0,0.0587,0.0,0.03818,0.3123,-0.2725,-0.03796,-1.0,-0.5,-0.5,-0.0634,-0.0876,0.10876,0.0,1.0,0.0,0.0,0.0,-0.0324,0.0106619999999999,,,
-0.6343,0.1866,0.10187,0.2585,1.667,0.4285,-0.4553,1.0,1.0,-0.129,-0.05896,-0.3801,0.0,0.4392,-0.4348,-0.4397,-0.397,0.1615,-0.3958,0.3888,-0.222,-0.03528,0.285,-0.0533,0.073,0.06683,0.0,0.0,0.0584,0.0,0.05365,0.2281,-0.2054,0.4888,0.0,-0.5,-0.5,-0.2201,0.04697,0.4153,1.0,0.0,0.0,0.0,0.0,0.4175,-0.725808,,,
-0.566,-0.3447,-0.01559,0.2632,-1.985,0.4285,-0.4473,0.0,1.0,-0.01315,0.04922,-0.3992,0.0,0.4397,0.1362,-0.4268,-0.4026,-0.3625,-0.395,-1.0299,-0.2192,0.3887,-0.03528,0.285,0.0675,0.0659,0.0,0.0,0.05777,0.0,0.01192,0.08325,-0.12036,-2.494,0.0,-0.5,-0.5,0.254,-0.377,-0.3638,0.0,1.0,0.0,0.0,0.0,-2.105,-0.0974296,,,
-0.58,-0.3743,-0.02188,0.264,0.2537,0.4285,-0.439,0.0,1.0,-0.008194,0.05676,-0.4001,0.0,0.4402,-0.4973,-0.4092,-0.411,-0.3972,-0.3945,-0.054,-0.216,-1.029,0.3887,-0.03528,0.0649,0.06476,0.0,0.0,0.05734,0.0,0.009766,-0.0583,-0.02028,-0.04794,0.0,-1.0,-1.0,0.2178,-0.4226,-0.3914,0.0,2.0,0.0,0.0,0.0,-0.0418,0.1196519999999999,,,
-0.6426,-0.342,-0.006237,0.276,0.01584,0.4285,-0.431,0.0,1.0,-0.02838,0.04623,-0.3975,0.0,0.4407,-0.8174,-0.3887,-0.4204,-0.3677,-0.393,0.1445999999999999,-0.2208,-0.0541,-1.029,0.3887,0.0632,0.06396,0.0,0.0,0.05777,0.0,0.01536,0.3186,-0.2866,0.1877,0.0,-1.0,-0.5,0.0534,-0.436,-0.2976,1.0,0.0,0.0,0.0,0.0,0.164,-0.03822224,,,
-0.788,-0.4524,-0.0404,0.263,0.585,0.2856,-0.4229,0.0,1.0,-0.006687,0.09265,-0.403,0.0,0.4412,-0.539,-0.384,-0.438,-0.4688,-0.3948,-0.3059,-0.2151,0.1445,-0.0541,-1.029,0.06024,0.0627,0.0,0.0,0.05728,0.0,0.003302,-0.6636,0.409,-0.463,0.0,-1.0,-1.0,0.1718,-0.547,-0.5083,0.0,1.0,0.0,0.0,0.0,-0.4023,0.1958903999999998,,,
-0.7773,-0.2922,-0.00956,0.2551,-0.328,0.1428,-0.4146,0.0,1.0,-0.03598,0.0607,-0.398,0.0,0.4414,-0.4097,-0.388,-0.4478,-0.3054,-0.3958,0.2905999999999999,-0.2346,-0.3057,0.1445,-0.0541,0.05734,0.062,0.0,0.0,0.05835,0.0,0.01453,-0.4128,0.2349,0.478,0.0,-0.5,-0.5,0.0431,-0.3894,-0.3328,1.0,0.0,0.0,0.0,0.0,0.4197,0.1396239999999999,,,
-0.7656,-0.10614,0.02875,0.2496,-0.8096,0.0,-0.4065,0.0,1.0,-0.0717,0.02187,-0.3914,0.0,0.442,-0.5083,-0.3965,-0.4526,-0.1149,-0.3965,0.3601,-0.2361,0.2905,-0.3057,0.1445,0.05627,0.06137,0.0,0.0,0.0589,0.0,0.02858,-0.2656,0.1361,0.4512,1.0,0.0,-0.5,-0.1219,-0.2437,-0.06573,2.0,0.0,0.0,0.0,0.0,0.3926,-0.2080348,,,
-0.7837,-0.2257,-0.00956,0.2338,5.28,-0.1428,-0.3984,0.0,1.0,-0.03644,0.0612,-0.3975,0.0,0.4424,-0.8174,-0.4033,-0.4526,-0.2362,-0.3982,-0.338,-0.257,0.3599,0.2905,-0.3057,0.05182,0.06,0.0,0.0,0.05994,0.0,0.015144,-0.7705,0.4905,-0.277,1.0,0.0,-1.0,0.02374,-0.386,-0.3733,0.0,1.0,0.0,0.0,0.0,-0.2384,0.2885663999999999,,,
-0.7407,0.0633,0.05035,0.2263,-2.006,-0.1428,-0.3901,1.0,1.0,-0.0901,-0.001154,-0.3875,0.0,0.4429,-0.2468,-0.4053,-0.4514,0.04926,-0.399,0.5577,-0.265,-0.3381,0.3599,0.2905,0.05478,0.0597,0.0,0.0,0.06125,0.0,0.03693,-0.349,0.1995,0.9893,1.0,0.0,-0.5,-0.2087,-0.1517,0.0602,1.0,0.0,0.0,0.0,0.0,0.8604,-0.3784067999999999,,,
-0.7373,-0.1519,-0.001796,0.2214,-1.456,-0.2856,-0.382,0.0,1.0,-0.04022,0.04962,-0.396,0.0,0.4434,-0.2322,-0.4,-0.4524,-0.1553,-0.3997,-0.4596,-0.3293,0.5576,-0.3381,0.3599,0.05588,0.05823,0.0,0.0,0.0632,0.0,0.01854,-0.2632,0.1299,-0.6265,1.0,0.0,-0.5,0.00838,-0.3374,-0.4573,0.0,1.0,0.0,0.0,0.0,-0.5356,0.1816343999999999,,,
-0.7305,0.01224,0.03415,0.2201,-2.354,-0.2856,-0.374,1.0,1.0,-0.07404,0.01368,-0.3896,0.0,0.4438,-0.5327,-0.3928,-0.4504,0.01247,-0.3997,0.3409,-0.3345,-0.4595,0.5576,-0.3381,0.05786,0.05746,0.0,0.0,0.0626,0.0,0.03186,-0.0695,-0.002323,0.5767,1.0,0.0,0.0,-0.1174,-0.1744,-0.0733,1.0,0.0,0.0,0.0,0.0,0.5,-0.144568,,,
-0.713,-0.0726,0.01427,0.219,-0.8354,-0.2856,-0.366,1.0,1.0,-0.0537,0.03174,-0.393,0.0,0.444,-0.4617,-0.3845,-0.449,-0.0707,-0.4,-0.1774,-0.3357,0.3406,-0.4595,0.5576,0.06042,0.0574,0.0,0.0,0.062,0.0,0.02475,-0.127,0.03555,-0.2756,0.0,0.0,0.0,-0.04422,-0.2632,-0.25,0.0,1.0,0.0,0.0,0.0,-0.2365,-0.6249840000000003,,,
-0.6216,-0.426,-0.0743,0.2062,-14.766,-0.4285,-0.3577,0.0,1.0,0.04034,0.1137,-0.4075,0.0,0.4446,0.387,-0.3682,-0.4443,-0.4294,-0.401,-0.8029000000000001,-0.3125,-0.1774,0.3406,-0.4595,0.05792,0.05664,0.0,0.0,0.05997,0.0,-0.007057,-0.5703,0.338,-1.21,0.0,0.0,-0.5,0.3232,-0.5654,-0.9844,0.0,2.0,0.0,0.0,0.0,-1.044,-0.422442,,,
-0.541,-0.706,-0.1503,0.1871,1.002,-0.5713,-0.3496,0.0,1.0,0.1249,0.1875,-0.4202,0.0,0.445,-0.07,-0.3406,-0.4314,-0.72,-0.4028,-0.7139,-0.2788,-0.8027,-0.1774,0.3406,0.05057,0.05557,0.0,0.0,0.05576,0.0,-0.03464,-0.7583,0.46,-1.039,-1.0,-0.5,-0.5,0.6074,-0.8267,-1.282,0.0,3.0,0.0,0.0,0.0,-0.9194,-0.3052395999999999,,,
-0.5303,-0.845,-0.2004,0.1589,0.371,-0.7144,-0.3416,0.0,1.0,0.1793,0.2418,-0.4287,0.0,0.4456,-0.434,-0.302,-0.4067,-0.8823,-0.4053,-0.4867,-0.2157,-0.714,-0.8027,-0.1774,0.04263,0.05365,0.0,0.0,0.05115,0.0,-0.053,-1.06,0.6665,-0.5703,-1.0,-0.5,-1.0,0.7266,-1.016,-1.282,0.0,4.0,0.0,0.0,0.0,-0.516,-0.0187804,,,
-0.583,-0.724,-0.184,0.1434,-0.03598,-0.7144,-0.3333,0.0,1.0,0.1573,0.2279,-0.426,0.0,0.446,-0.224,-0.261,-0.3745,-0.757,-0.4075,0.1522,-0.1647,-0.4866,-0.714,-0.8027,0.03278,0.05267,0.0,0.0,0.04785,0.0,-0.0474,-0.723,0.4294,0.1649,-1.0,-0.5,-0.5,0.5986,-0.8687,-1.101,1.0,0.0,0.0,0.0,0.0,0.1516,-0.0617639999999999,,,
-0.5757,-0.642,-0.1758,0.1289,-0.002874,-0.7144,-0.3252,0.0,1.0,0.1492,0.2183,-0.4248,0.0,0.4465,-0.345,-0.2291,-0.3433,-0.69,-0.4087,0.0758,-0.1295,0.1521,-0.4866,-0.714,0.02542,0.051,0.0,0.0,0.04477,0.0,-0.04462,-0.668,0.3914,0.0649,0.0,-0.5,0.0,0.5073,-0.7783,-0.9253,2.0,0.0,0.0,0.0,0.0,0.05936,-0.0975968,,,
-0.528,-0.649,-0.1893,0.11127,0.1459,-0.7144,-0.3171,0.0,1.0,0.1675,0.2292,-0.427,0.0,0.4468,-0.246,-0.2112,-0.3105,-0.707,-0.4104,-0.1321,-0.09625,0.0757,0.1521,-0.4866,0.0159,0.0499,0.0,0.0,0.0416,0.0,-0.0496,-0.7837,0.4717,-0.1505,0.0,-0.5,-0.5,0.5044,-0.7935,-0.8853,0.0,1.0,0.0,0.0,0.0,-0.1373,-0.1745499999999999,,,
-0.506,-0.7617,-0.2263,0.0934,0.3462,-0.7144,-0.3171,0.0,0.0,0.2096,0.269,-0.433,0.0,0.4473,-0.2346,-0.1849,-0.2761,-0.825,-0.4124,-0.3603,-0.063,-0.1321,0.0757,0.1521,0.005642,0.048,0.0,0.0,0.03735,0.0,-0.06305,-0.794,0.4731,-0.4324,0.0,-1.0,-0.5,0.609,-0.895,-0.947,0.0,2.0,0.0,0.0,0.0,-0.3962,0.105432,,,
-0.518,-0.661,-0.218,0.07324,-0.02472,-0.7144,-0.3171,0.0,0.0,0.1995,0.2607,-0.432,0.0,0.4478,-0.4773,-0.1538,-0.2406,-0.7314,-0.4146,0.0768,-0.0446,-0.36,-0.1321,0.0757,-0.0005636,0.04712,0.0,0.0,0.03333,0.0,-0.06024,-0.9185,0.563,0.07385,1.0,-0.5,-0.5,0.504,-0.8145,-0.82,1.0,0.0,0.0,0.0,0.0,0.0684,-0.32409424,,,
-0.507,-0.4316,-0.1821,0.05283,-0.2896,-0.7144,-0.3088,0.0,1.0,0.1614,0.2196,-0.426,0.0,0.4482,-0.1764,-0.12134,-0.206,-0.5117,-0.4167,0.3443,-0.06683,0.07666,-0.36,-0.1321,-0.002052,0.04453,0.0,0.0,0.02914,0.0,-0.04758,-0.9404,0.5845,0.3462,1.0,-0.5,-0.5,0.3123,-0.614,-0.613,2.0,0.0,0.0,0.0,0.0,0.32,0.0545419999999999,,,
-0.4976,-0.3252,-0.1698,0.0373,-0.1914,-0.7144,-0.3008,0.0,1.0,0.149,0.2052,-0.424,0.0,0.4487,-0.607,-0.0886,-0.176,-0.4136,-0.4185,0.1137,-0.06134,0.3442,0.07666,-0.36,-0.0008945,0.04224,0.0,0.0,0.02689,0.0,-0.0434,-0.775,0.468,0.1443,1.0,0.0,0.0,0.2107,-0.556,-0.5156,3.0,0.0,0.0,0.0,0.0,0.1321,0.0446535999999999,,,
-0.5405,-0.2357,-0.1658,0.01549,-0.2585,-0.857,-0.2927,0.0,1.0,0.1414,0.2043,-0.4233,0.0,0.4492,-0.6074,-0.05066,-0.1442,-0.3154,-0.4214,0.03782,-0.0588,0.1135,0.3442,0.07666,-0.0002327,0.0399,0.0,0.0,0.02478,0.0,-0.04202,-1.13,0.722,0.04272,2.0,0.5,0.0,0.1484,-0.538,-0.4617,4.0,0.0,0.0,0.0,0.0,0.03894,-0.0050274399999999,,,
-0.5405,-0.2317,-0.1776,-0.002607,0.1057,-0.857,-0.2847,0.0,1.0,0.1539,0.2174,-0.4253,0.0,0.4497,-0.2252,-0.01732,-0.1205,-0.313,-0.4233,-0.11294,-0.0604,0.0377,0.1135,0.3442,-0.0003982,0.0367,0.0,0.0,0.02226,0.0,-0.0463,-1.023,0.644,-0.1118,2.0,0.5,0.0,0.1613,-0.577,-0.4785,0.0,1.0,0.0,0.0,0.0,-0.1018,-0.2414196,,,
-0.52,-0.3826,-0.2288,-0.02934,1.205,-1.0,-0.2847,0.0,0.0,0.2112,0.273,-0.4338,0.0,0.45,-0.4263,0.01695,-0.0886,-0.4556,-0.4268,-0.4914,-0.04486,-0.113,0.0377,0.1135,-0.002136,0.0333,0.0,0.0,0.01947,0.0,-0.0647,-1.438,0.932,-0.5464,1.0,0.5,-0.5,0.355,-0.749,-0.6606,0.0,2.0,0.0,0.0,0.0,-0.499,0.0813305199999999,,,
-0.5205,-0.2922,-0.2266,-0.0538,-0.187,-1.143,-0.2847,0.0,0.0,0.2087,0.2705,-0.4336,0.0,0.4504,-0.4028,0.05225,-0.0499,-0.3398,-0.4307,0.0192999999999999,-0.04297,-0.4912,-0.113,0.0377,-0.002218,0.03064,0.0,0.0,0.01625,0.0,-0.064,-1.382,0.8926,0.0441,1.0,0.5,0.0,0.2654,-0.743,-0.6,1.0,0.0,0.0,0.0,0.0,0.0409,0.25094452,,,
-0.61,-0.05878,-0.185,-0.0653,-1.05,-1.0,-0.2764,1.0,1.0,0.1564,0.2314,-0.4268,0.0,0.451,-0.532,0.0742,-0.01695,-0.09717,-0.4324,0.4029,-0.0716,0.0192,-0.4912,-0.113,-0.0008945,0.02844,0.0,0.0,0.013054,0.0,-0.0493,-0.7803,0.4695,0.5654,1.0,0.5,0.5,0.05136,-0.5513,-0.375,2.0,0.0,0.0,0.0,0.0,0.5244,0.0222072,,,
-0.6313,-0.07135,-0.1908,-0.0696,-0.4634,-0.857,-0.2683,1.0,1.0,0.1609,0.2396,-0.4277,0.0,0.4514,-0.34,0.08234,0.009895,-0.09674,-0.4333,-0.0567499999999999,-0.0909,0.4028,0.0192,-0.4912,-0.001308,0.02625,0.0,0.0,0.01032,0.0,-0.05145,-0.4255,0.2155,-0.08295,0.0,0.5,0.5,0.03574,-0.581,-0.369,0.0,1.0,0.0,0.0,0.0,-0.076,0.123184,,,
-0.6167,-0.0906,-0.1948,-0.06946,-1.933,-0.857,-0.2603,0.0,1.0,0.1664,0.2428,-0.4282,0.0,0.452,-0.2676,0.07806,0.02539,-0.11255,-0.4336,-0.03786,-0.1501,-0.05682,0.4028,0.0192,-0.002384,0.0237,0.0,0.0,0.006626,0.0,-0.05292,-0.0774,-0.03363,-0.05823,0.0,0.5,0.5,0.02805,-0.585,-0.3555,0.0,2.0,0.0,0.0,0.0,-0.05344,0.1589768,,,
-0.6504,0.01752,-0.1711,-0.0685,-12.305,-0.7144,-0.252,1.0,1.0,0.1383,0.2194,-0.4243,0.0,0.4524,-0.559,0.06204,0.0307,-0.004013,-0.4333,0.2281,-0.1948,-0.03796,-0.05682,0.4028,-0.002632,0.02142,0.0,0.0,0.004047,0.0,-0.0445,-0.01154,-0.0769,0.3962,1.0,0.5,0.5,-0.0719,-0.4612,-0.1774,1.0,0.0,0.0,0.0,0.0,0.364,0.4318124,,,
-0.6416,0.3696,-0.0907,-0.06064,3.94,-0.5713,-0.2439,1.0,1.0,0.05536,0.1324,-0.4111,0.0,0.4526,-0.1816,0.02396,0.0209,0.3354,-0.4321,0.7741,-0.27,0.2279,-0.03796,-0.05682,0.001008,0.01953,0.0,0.0,0.002111,0.0,-0.01564,0.449,-0.3928,1.408,1.0,0.5,0.5,-0.3472,-0.0993,0.496,2.0,0.0,1.0,0.0,3.703,1.284,0.0928143999999999,,,
-0.66,0.3105,-0.0969,-0.05194,-0.006535,-0.4285,-0.2357,1.0,1.0,0.06018,0.1405,-0.412,0.0,0.4531,-0.528,-0.02731,-0.001895,0.285,-0.4314,-0.05517,-0.3525,0.7734,0.2279,-0.03796,0.006554,0.01874,0.0,0.0,0.0003812,0.0,-0.0178,0.515,-0.441,-0.0706,0.0,0.0,0.5,-0.3184,-0.1624,0.712,0.0,1.0,0.0,0.0,0.0,-0.0629,-0.0089492,,,
-0.6973,0.3008,-0.0893,-0.0387,0.1069,-0.2856,-0.2277,1.0,1.0,0.04947,0.1356,-0.411,0.0,0.4536,-0.7144,-0.08844,-0.03384,0.2917,-0.4304,0.07395,-0.3647,-0.05524,0.7734,0.2279,0.012344,0.0181,0.0,0.0,8.8e-05,0.0,-0.015015,0.912,-0.723,0.0676,1.0,0.0,1.0,-0.329,-0.1512,0.858,1.0,0.0,0.0,0.0,0.0,0.0603,-0.1291659999999999,,,
-0.688,0.1376,-0.1173,-0.02917,-0.323,-0.1428,-0.2195,1.0,1.0,0.07886,0.1643,-0.4153,0.0,0.454,-0.6636,-0.1528,-0.0706,0.1411,-0.4294,-0.2577,-0.3564,0.0738,-0.05524,0.7734,0.01524,0.017,0.0,0.0,0.000528,0.0,-0.02493,0.6025,-0.5063,-0.2942,1.0,0.0,0.5,-0.2126,-0.284,0.5063,0.0,1.0,0.0,0.0,0.0,-0.2617,-0.0717175999999999,,,
-0.651,0.004745,-0.1436,-0.02605,-0.515,0.0,-0.2114,1.0,1.0,0.1091,0.1893,-0.4197,0.0,0.4546,-0.1184,-0.2167,-0.1072,0.01753,-0.4294,-0.2412,-0.3557,-0.2576,0.0738,-0.05524,0.0173,0.01599,0.0,0.0,0.001349,0.0,-0.03418,0.1877,-0.2145,-0.4,0.0,0.0,0.0,-0.10297,-0.387,0.1964,0.0,2.0,0.0,0.0,0.0,-0.359,-0.1177439999999999,,,
-0.621,-0.08984,-0.1641,-0.02634,-1.041,0.0,-0.2032,0.0,1.0,0.133,0.2091,-0.4229,0.0,0.455,-0.301,-0.286,-0.144,-0.07996,-0.4292,-0.1869,-0.3557,-0.2412,-0.2576,0.0738,0.01872,0.01448,0.0,0.0,0.001642,0.0,-0.04126,-0.0395,-0.05542,-0.267,-1.0,-0.5,-0.5,-0.02306,-0.456,-0.0279,0.0,3.0,0.0,0.0,0.0,-0.2415,-0.1430479999999999,,,
-0.5996,-0.151,-0.1786,-0.02847,7.78,0.0,-0.1951,0.0,1.0,0.1503,0.2234,-0.425,0.0,0.4556,-0.3445,-0.342,-0.1852,-0.1396,-0.4292,-0.1316,-0.3557,-0.187,-0.2412,-0.2576,0.01855,0.01242,0.0,0.0,0.001613,0.0,-0.04626,-0.1611,0.02927,-0.2054,-1.0,-1.0,-1.0,0.02162,-0.5015,-0.1765,0.0,4.0,0.0,0.0,0.0,-0.1869,0.1641864,,,
-0.6255,-0.04913,-0.1559,-0.02715,-1.429,0.1428,-0.187,1.0,1.0,0.1241,0.2007,-0.4211,0.0,0.4558,-0.4688,-0.3926,-0.2284,-0.02603,-0.4294,0.2268,-0.356,-0.1316,-0.187,-0.2412,0.01599,0.01098,0.0,0.0,0.00214,0.0,-0.03784,0.0727,-0.1339,0.197,-1.0,-0.5,-0.5,-0.0945,-0.4055,0.06094,1.0,0.0,0.0,0.0,0.0,0.1799,0.1306512,,,
-0.639,0.04446,-0.1294,-0.01808,3.242,0.2856,-0.1788,1.0,1.0,0.0952,0.1732,-0.4167,0.0,0.4563,-0.522,-0.4087,-0.2732,0.082,-0.4287,0.2628,-0.3618,0.2266,-0.1316,-0.187,0.014824,0.0092,0.0,0.0,0.003637,0.0,-0.028,0.639,-0.5337,0.2886,0.0,0.0,0.0,-0.189,-0.2788,0.3171,2.0,0.0,0.0,0.0,0.0,0.2615,-0.12804,,,
-0.63,-0.2109,-0.1813,-0.01402,-2.035,0.2856,-0.1708,0.0,1.0,0.1508,0.2289,-0.425,0.0,0.4568,-0.487,-0.3953,-0.3164,-0.187,-0.4275,-0.4839,-0.3713,0.2625,0.2266,-0.1316,0.011185,0.007427,0.0,0.0,0.004253,0.0,-0.0464,0.2161,-0.2399,-0.5757,0.0,-0.5,-0.5,0.0158,-0.4868,-0.2844,0.0,1.0,0.0,0.0,0.0,-0.518,-0.3550359999999998,,,
-0.627,-0.4016,-0.2247,-0.01764,1.706,0.1428,-0.1708,0.0,0.0,0.1981,0.2773,-0.4321,0.0,0.4573,-0.597,-0.3892,-0.3562,-0.3872,-0.4275,-0.4154,-0.3618,-0.4836,0.2625,0.2266,0.00688,0.00484,0.0,0.0,0.003695,0.0,-0.06195,-0.2964,0.11896,-0.4414,0.0,-1.0,-1.0,0.19,-0.633,-0.7393,0.0,2.0,0.0,0.0,0.0,-0.403,-0.0284928,,,
-0.5684,-0.6914,-0.2937,-0.02747,1.102,0.0,-0.1708,0.0,0.0,0.2803,0.3523,-0.4436,0.0,0.4578,-0.3623,-0.4014,-0.3967,-0.6465,-0.4297,-0.6699,-0.3171,-0.4155,-0.4836,0.2625,0.00076,0.001758,0.0,0.0,0.001936,0.0,-0.0867,-0.59,0.3176,-1.478,0.0,-1.0,-1.0,0.4722,-0.862,-1.22,0.0,3.0,0.0,1.0,-3.65,-1.366,0.1396668,,,
-0.61,-0.662,-0.2937,-0.03653,0.08136,0.0,-0.1708,0.0,0.0,0.2769,0.3555,-0.4436,0.0,0.4583,-0.7554,-0.4175,-0.427,-0.6187,-0.4307,0.0001,-0.2825,-0.6694,-0.4155,-0.4836,-0.004536,-0.0004344,0.0,0.0,0.0001173,0.0,-0.08673,-0.574,0.3064,0.0,-1.0,-1.5,-1.0,0.4102,-0.82,-1.043,0.0,0.0,0.0,0.0,0.0,0.0,-0.255764,,,
-0.567,-0.908,-0.3582,-0.05402,0.587,-0.1428,-0.1708,0.0,0.0,0.3557,0.43,-0.454,0.0,0.4585,-0.344,-0.4211,-0.4478,-0.858,-0.433,-0.6449,-0.2166,0.0,-0.6694,-0.4155,-0.011986,-0.002508,0.0,0.0,-0.002493,0.0,-0.11005,-0.949,0.5635,-1.066,-2.0,-1.5,-1.5,0.627,-1.064,-1.256,0.0,1.0,0.0,1.0,-3.201,-1.008,0.3761235999999999,,,
-0.6113,-0.5137,-0.2876,-0.0737,-0.377,-0.2856,-0.1708,0.0,0.0,0.2698,0.3486,-0.4426,0.0,0.459,-0.2412,-0.374,-0.4368,-0.4316,-0.4365,0.7184,-0.2019,-0.645,0.0,-0.6694,-0.01744,-0.003357,0.0,0.0,-0.003284,0.0,-0.0847,-1.016,0.622,1.612,-1.0,-1.0,-1.5,0.2998,-0.6475,-0.7344,1.0,0.0,0.0,0.0,0.0,1.555,0.5676144000000001,,,
-0.565,-0.02022,-0.1902,-0.08374,-1.086,-0.2856,-0.1626,1.0,1.0,0.1654,0.2333,-0.4263,0.0,0.4595,0.01463,-0.3315,-0.4177,0.05096,-0.4373,0.9757,-0.2052,0.718,-0.645,0.0,-0.01993,-0.003378,0.0,0.0,-0.00264,0.0,-0.04953,-0.441,0.2278,2.148,0.0,-0.5,-1.0,-0.0753,-0.1582,-0.10956,2.0,0.0,1.0,0.0,5.168,2.027,0.0881207999999999,,,
-0.5435,-0.02275,-0.1992,-0.09576,0.0892,-0.2856,-0.1544,1.0,1.0,0.177,0.2417,-0.4277,0.0,0.46,-0.4595,-0.2964,-0.4006,0.02739,-0.4377,-0.07564,-0.2051,0.975,0.718,-0.645,-0.02058,-0.003555,0.0,0.0,-0.002728,0.0,-0.0524,-0.504,0.2715,-0.0979,0.0,-0.5,-1.5,-0.04807,-0.2072,-0.1592,0.0,1.0,0.0,0.0,0.0,-0.0896,0.38888,,,
-0.5547,0.2363,-0.1481,-0.10065,4.86,-0.2856,-0.1464,1.0,1.0,0.1216,0.1864,-0.419,0.0,0.4604,-0.519,-0.272,-0.3867,0.2803,-0.4377,0.5128,-0.2014,-0.07574,0.975,0.718,-0.0172,-0.003061,0.0,0.0,-0.001936,0.0,-0.0334,-0.1772,0.04663,0.643,1.0,-0.5,-1.0,-0.2325,0.01379,0.1686,1.0,0.0,0.0,0.0,0.0,0.59,0.4034676,,,
-0.572,0.554,-0.0773,-0.0955,1.203,-0.2856,-0.1382,1.0,1.0,0.0474,0.1127,-0.407,0.0,0.461,0.2241,-0.2668,-0.3818,0.563,-0.4358,0.6915,-0.1781,0.512,-0.07574,0.975,-0.00784,-0.001462,0.0,0.0,0.0,0.0,-0.007385,0.1763,-0.1942,1.66,2.0,-0.5,-0.5,-0.4521,0.2947,0.558,2.0,0.0,0.0,0.0,0.0,1.499,0.2030928,,,
-0.566,0.889,0.00531,-0.0798,0.697,-0.1428,-0.1301,1.0,1.0,-0.03336,0.02844,-0.393,0.0,0.4612,0.03186,-0.2722,-0.3816,0.8896,-0.4336,0.7867,-0.1176,0.691,0.512,-0.07574,0.005062,0.0009084,0.0,0.0,0.002844,0.0,0.02287,0.4834,-0.4001,1.657,2.0,0.0,0.0,-0.6724,0.5903,0.8706,3.0,0.0,0.0,0.0,0.0,1.465,0.0428427999999999,,,
-0.561,0.8286,0.005756,-0.06204,0.0664,0.0,-0.12195,1.0,1.0,-0.03342,0.0276,-0.3926,0.0,0.4617,-0.3276,-0.279,-0.3816,0.86,-0.4324,0.01795,-0.0744,0.786,0.691,0.512,0.02078,0.002943,0.0,0.0,0.004517,0.0,0.02353,0.545,-0.4436,0.02095,2.0,0.5,0.5,-0.621,0.5127,0.7695,4.0,0.0,0.0,0.0,0.0,0.01807,-0.0111488,,,
-0.5557,0.793,0.009636,-0.04672,0.0915,0.0,-0.11383,1.0,1.0,-0.0367,0.02333,-0.3916,0.0,0.4622,-0.4187,-0.283,-0.381,0.8354,-0.4304,0.05363,-0.03253,0.01784,0.786,0.691,0.03378,0.004917,0.0,0.0,0.006363,0.0,0.02559,0.503,-0.4128,0.0687,3.0,1.0,0.5,-0.5894,0.4558,0.701,5.0,0.0,0.0,0.0,0.0,0.05927,-0.041864,,,
-0.5605,0.7056,-0.000317,-0.0351,0.02684,0.0,-0.1057,1.0,1.0,-0.02753,0.03357,-0.393,0.0,0.4626,-0.641,-0.2854,-0.3796,0.7607,-0.4292,-0.0711,0.0,0.0535,0.01784,0.786,0.0423,0.006775,0.0,0.0,0.00798,0.0,0.02272,0.4,-0.3403,-0.08215,2.0,1.0,0.0,-0.524,0.343,0.599,0.0,1.0,0.0,0.0,0.0,-0.0707,-0.2856164,,,
-0.543,0.4858,-0.037,-0.02092,-0.1653,0.1428,-0.09753,1.0,1.0,0.009605,0.0689,-0.399,0.0,0.4631,-0.431,-0.2874,-0.3762,0.557,-0.428,-0.3212,0.01974,-0.0712,0.0535,0.01784,0.04965,0.00839,0.0,0.0,0.009476,0.0,0.00997,0.468,-0.3945,-0.3984,1.0,1.0,0.0,-0.353,0.1547,0.4097,0.0,2.0,0.0,0.0,0.0,-0.3435,-0.0569924,,,
-0.5337,0.4417,-0.03265,-0.002064,0.0503,0.2856,-0.0894,1.0,1.0,0.00608,0.0638,-0.398,0.0,0.4636,-0.5,-0.277,-0.368,0.5356,-0.4263,0.05418,0.0399,-0.321,-0.0712,0.0535,0.05505,0.01059,0.0,0.0,0.01144,0.0,0.01203,0.689,-0.552,0.0738,1.0,1.0,0.5,-0.3691,0.1089,0.3901,1.0,0.0,0.0,0.0,0.0,0.06433,-0.5679688000000003,,,
-0.4736,-0.01337,-0.11804,0.01567,-0.7964,0.4285,-0.0813,1.0,1.0,0.0968,0.1475,-0.4119,0.0,0.464,-0.4353,-0.2319,-0.3489,0.06158,-0.4233,-0.7739,0.04095,0.05408,-0.321,-0.0712,0.0538,0.01191,0.0,0.0,0.012436,0.0,-0.01843,0.611,-0.509,-2.812,0.0,0.5,0.5,0.01091,-0.2065,0.0398,0.0,1.0,0.0,1.0,-3.129,-2.447,0.1588132,,,
-0.4001,-0.1606,-0.1381,0.03244,-2.182,0.4285,-0.0732,0.0,1.0,0.1235,0.1628,-0.415,0.0,0.4644,0.05896,-0.179,-0.324,-0.07806,-0.4214,-0.1843,0.03906,-0.7734,0.05408,-0.321,0.04816,0.01262,0.0,0.0,0.01334,0.0,-0.02556,0.5186,-0.4463,-0.33,-1.0,0.5,0.5,0.06415,-0.3074,-0.0503,0.0,2.0,0.0,0.0,0.0,-0.2942,0.1557276,,,
-0.2793,-0.09607,-0.1055,0.05878,-0.7363,0.4285,-0.06506,0.0,1.0,0.0995,0.1181,-0.4094,0.0,0.4648,1.339,-0.1196,-0.291,0.005524,-0.419,0.3155,0.0411,-0.1843,-0.7734,0.05408,0.04388,0.013725,0.0,0.0,0.0144,0.0,-0.0136,0.919,-0.7266,0.3328,0.0,0.5,1.0,-0.08514,-0.1882,0.0683,1.0,0.0,0.0,0.0,0.0,0.2983,0.0891384,,,
-0.2617,-0.05322,-0.08075,0.08057,-2.97,0.5713,-0.05692,1.0,1.0,0.07574,0.09064,-0.4053,0.0,0.4653,0.1054,-0.05676,-0.2437,0.00965,-0.415,0.239,0.04675,0.3152,-0.1843,-0.7734,0.0404,0.01513,0.0,0.0,0.01543,0.0,-0.00449,0.8213,-0.653,0.3782,1.0,0.5,1.0,-0.2072,-0.1324,0.1538,2.0,0.0,0.0,0.0,0.0,0.3357,0.1828496,,,
-0.3193,0.244,-0.002022,0.09955,11.445,0.5713,-0.04877,1.0,1.0,-0.006542,0.015335,-0.392,0.0,0.4658,0.007324,-0.001999,-0.1915,0.2935,-0.412,0.7477,0.06665,0.2388,0.3152,-0.1843,0.04065,0.0171,0.0,0.0,0.01842,0.0,0.02437,0.7783,-0.6094,1.23,1.0,0.5,1.0,-0.4475,0.1912,0.4153,3.0,0.0,0.0,0.0,0.0,1.084,0.2926668,,,
-0.2966,0.46,0.0647,0.126,0.843,0.5713,-0.04065,1.0,1.0,-0.0679,-0.05167,-0.3806,0.0,0.4663,0.0712,0.03784,-0.1383,0.537,-0.41,0.6236,0.09644,0.7476,0.2388,0.3152,0.0453,0.01897,0.0,0.0,0.02309,0.0,0.049,0.9736,-0.7383,0.7036,2.0,0.5,1.5,-0.6377,0.4036,0.5864,4.0,0.0,0.0,0.0,0.0,0.606,-0.1836068,,,
-0.2874,0.2201,0.0246,0.1439,-0.3403,0.5713,-0.04065,1.0,1.0,-0.02946,-0.01357,-0.3872,0.0,0.4668,-0.5137,0.06076,-0.0865,0.3037,-0.4077,-0.3495,0.07587,0.6235,0.7476,0.2388,0.048,0.02048,0.0,0.0,0.02818,0.0,0.03485,0.645,-0.51,-0.498,2.0,0.0,1.0,-0.46,0.1831,0.3955,0.0,1.0,0.0,0.0,0.0,-0.4207,0.0519404,,,
-0.3535,0.2299,0.03525,0.1558,0.1683,0.5713,-0.04065,1.0,1.0,-0.04486,-0.0185,-0.3853,0.0,0.467,-0.605,0.0787,-0.03894,0.307,-0.406,0.1061,0.04453,-0.3494,0.6235,0.7476,0.05478,0.02205,0.0,0.0,0.03345,0.0,0.03903,0.4722,-0.3845,0.1353,2.0,0.5,1.0,-0.4934,0.1472,0.3977,1.0,0.0,0.0,0.0,0.0,0.1155,-0.0804296,,,
-0.4087,0.1738,0.02483,0.1587,-0.05905,0.5713,-0.04065,1.0,1.0,-0.0394,-0.003775,-0.387,0.0,0.4675,-0.714,0.08594,-0.003681,0.248,-0.4055,-0.088,-0.05444,0.10596,-0.3494,0.6235,0.06198,0.02377,0.0,0.0,0.03955,0.0,0.03546,0.09406,-0.1163,-0.0956,1.0,0.5,0.5,-0.416,0.0717,0.351,0.0,1.0,0.0,0.0,0.0,-0.08136,0.6398492,,,
-0.3962,0.593,0.1271,0.1711,1.887,0.5713,-0.04065,1.0,1.0,-0.1328,-0.1022,-0.3696,0.0,0.468,0.0903,0.09186,0.0229,0.6367,-0.4028,0.9361,-0.09143,-0.088,0.10596,-0.3494,0.07214,0.02682,0.0,0.0,0.04617,0.0,0.07275,0.4749,-0.3716,2.264,1.0,0.5,0.5,-0.6924,0.4546,0.8,1.0,0.0,0.0,0.0,0.0,1.932,0.2708903999999999,,,
-0.4084,0.7017,0.1626,0.1863,0.3064,0.5713,-0.04065,1.0,1.0,-0.1653,-0.1337,-0.3635,0.0,0.4685,-0.4568,0.09485,0.04254,0.7427,-0.401,0.3261,-0.0711,0.9355,-0.088,0.10596,0.0828,0.03044,0.0,0.0,0.05185,0.0,0.08606,0.5645,-0.4297,0.549,1.0,1.0,0.5,-0.7397,0.5283,0.852,2.0,0.0,0.0,0.0,0.0,0.4553,-0.378836,,,
-0.3499,0.409,0.1048,0.1969,-0.266,0.5713,-0.04065,1.0,1.0,-0.10895,-0.0852,-0.3728,0.0,0.469,-0.1627,0.08575,0.05182,0.4536,-0.3994,-0.4926,-0.10266,0.326,0.9355,-0.088,0.0877,0.03363,0.0,0.0,0.0568,0.0,0.06555,0.3374,-0.2766,-0.7666,1.0,1.0,0.5,-0.4727,0.2664,0.5356,0.0,1.0,0.0,0.0,0.0,-0.6294,0.256892,,,
-0.3281,0.687,0.1831,0.2188,0.739,0.5713,-0.04065,1.0,1.0,-0.1769,-0.1588,-0.3596,0.0,0.4695,-0.03763,0.07776,0.05844,0.715,-0.396,0.7076,-0.08386,-0.4924,0.326,0.9355,0.0931,0.03735,0.0,0.0,0.06216,0.0,0.09436,0.6904,-0.516,1.669,1.0,1.0,1.0,-0.6636,0.532,0.8223,1.0,0.0,0.0,0.0,0.0,1.392,0.0792371999999999,,,
-0.3442,0.6426,0.1891,0.2405,0.0717,0.5713,-0.04065,1.0,1.0,-0.1832,-0.1628,-0.3584,0.0,0.4697,-0.7173,0.06854,0.06775,0.6694,-0.3933,0.0676,-0.04916,0.707,-0.4924,0.326,0.10046,0.04092,0.0,0.0,0.0666,0.0,0.0971,0.695,-0.5176,0.129,2.0,1.0,1.0,-0.657,0.4526,0.7295,2.0,0.0,0.0,0.0,0.0,0.1052,-0.335432,,,
-0.3457,0.3308,0.1371,0.2664,-0.327,0.5713,-0.04065,1.0,1.0,-0.1377,-0.1156,-0.3667,0.0,0.4702,0.1268,0.1041,0.0985,0.261,-0.3865,-0.4379,-0.02908,0.0675,0.707,-0.4924,0.10516,0.04446,0.0,0.0,0.069,0.0,0.0786,0.8525,-0.638,-1.109,1.0,0.5,1.0,-0.4138,0.2244,0.4346,0.0,1.0,0.0,0.0,0.0,-0.9033,-0.1105728,,,
-0.376,0.293,0.1498,0.296,0.03534,0.7144,-0.04065,1.0,1.0,-0.1514,-0.12476,-0.3645,0.0,0.4707,-0.37,0.1367,0.1282,0.2311,-0.383,0.11967,-0.00845,-0.4377,0.0675,0.707,0.1109,0.0486,0.0,0.0,0.0715,0.0,0.0835,0.9785,-0.726,0.1882,1.0,0.5,1.5,-0.429,0.2203,0.4375,1.0,0.0,0.0,0.0,0.0,0.1553,-0.0160284,,,
-0.5186,0.45,0.2084,0.3274,0.582,0.857,-0.04065,1.0,1.0,-0.2139,-0.1656,-0.3545,0.0,0.4712,-0.4685,0.1697,0.1573,0.4048,-0.38,0.5274,0.03058,0.1195,-0.4377,0.0675,0.1148,0.05405,0.0,0.0,0.0749,0.0,0.1053,1.025,-0.75,0.786,2.0,1.0,1.5,-0.5747,0.403,0.603,2.0,0.0,0.0,0.0,0.0,0.6465,0.0006404,,,
-0.544,0.4226,0.2242,0.358,0.07825,0.857,-0.04065,1.0,1.0,-0.2295,-0.1775,-0.3516,0.0,0.4717,-0.2627,0.2177,0.1853,0.3838,-0.3762,0.1507,0.0673,0.5273,0.1195,-0.4377,0.11786,0.05966,0.0,0.0,0.0786,0.0,0.1116,1.013,-0.738,0.2546,2.0,1.0,1.5,-0.604,0.3743,0.582,3.0,0.0,0.0,0.0,0.0,0.2059,-0.111332,,,
-0.5757,0.1825,0.1814,0.376,-0.3757,0.857,-0.04065,1.0,1.0,-0.1952,-0.1368,-0.3584,0.0,0.4722,-0.7173,0.263,0.2074,0.1377,-0.3735,-0.3498,0.074,0.1505,0.5273,0.1195,0.1216,0.0655,0.0,0.0,0.0823,0.0,0.0967,0.644,-0.4817,-0.606,1.0,1.0,1.0,-0.4255,0.1598,0.3728,0.0,1.0,0.0,0.0,0.0,-0.4878,-0.0969248,,,
-0.6484,0.164,0.1852,0.3877,0.05792,0.857,-0.04065,1.0,1.0,-0.2042,-0.1343,-0.3574,0.0,0.4727,-0.844,0.2908,0.2181,0.1312,-0.3723,0.05064,0.0771,-0.3496,0.1505,0.5273,0.12213,0.0707,0.0,0.0,0.08594,0.0,0.09875,0.4766,-0.361,0.06036,2.0,1.0,1.0,-0.4224,0.1243,0.3467,1.0,0.0,0.0,0.0,0.0,0.04916,-0.1187252,,,
-0.6675,0.03882,0.1654,0.4011,-0.4116,0.857,-0.03253,1.0,1.0,-0.1886,-0.11487,-0.3604,0.0,0.473,-0.8433,0.307,0.2261,0.012474,-0.3706,-0.1513,0.03436,0.0505,-0.3496,0.1505,0.12164,0.0747,0.0,0.0,0.09064,0.0,0.0923,0.5913,-0.4458,-0.2944,1.0,0.5,1.0,-0.3254,0.0265,0.2445,0.0,1.0,0.0,0.0,0.0,-0.2393,0.0402051999999999,,,
-0.574,-0.3933,0.06696,0.4048,-3.709,0.7144,-0.03253,0.0,1.0,-0.09216,-0.03088,-0.3765,0.0,0.4734,0.2363,0.3032,0.2228,-0.4153,-0.3699,-0.8446,-0.04413,-0.1512,0.0505,-0.3496,0.11914,0.0778,0.0,0.0,0.0941,0.0,0.05695,0.0967,-0.1082,-1.375,0.0,0.5,0.5,0.07837,-0.316,-0.2097,0.0,2.0,0.0,0.0,0.0,-1.123,-0.109328,,,
-0.535,-0.512,0.04016,0.4065,0.5415,0.5713,-0.02438,0.0,1.0,-0.064,-0.00828,-0.3806,0.0,0.4739,-0.3242,0.2683,0.2097,-0.5215,-0.3699,-0.2255,-0.1147,-0.844,-0.1512,0.0505,0.11505,0.08014,0.0,0.0,0.09674,0.0,0.0477,0.0366,-0.0694,-0.3403,-1.0,0.0,0.5,0.1271,-0.441,-0.4058,0.0,3.0,0.0,0.0,0.0,-0.2854,-0.1521659999999999,,,
-0.567,-0.609,0.00948,0.3948,0.3728,0.4285,-0.01627,0.0,1.0,-0.03745,0.02438,-0.3855,0.0,0.4744,-0.25,0.2183,0.1945,-0.64,-0.37,-0.2621,-0.174,-0.2255,-0.844,-0.1512,0.10706,0.0815,0.0,0.0,0.0985,0.0,0.03705,-0.479,0.294,-0.3767,-1.0,-0.5,0.0,0.2146,-0.54,-0.663,0.0,4.0,0.0,0.0,0.0,-0.3184,0.2726415999999999,,,
-0.5947,-0.43,0.04285,0.3828,-0.2291,0.2856,-0.00813,0.0,1.0,-0.07135,-0.005978,-0.3796,0.0,0.4749,-0.655,0.1481,0.1727,-0.4739,-0.3708,0.3172,-0.2001,-0.262,-0.2255,-0.844,0.0999,0.0823,0.0,0.0,0.0996,0.0,0.0497,-0.4883,0.3062,0.3293,-1.0,0.0,0.0,0.05386,-0.3904,-0.4956,1.0,0.0,0.0,0.0,0.0,0.2805,-0.2473731999999999,,,
-0.6353,-0.3633,0.05432,0.3772,-0.07074,0.1428,0.0,0.0,1.0,-0.0853,-0.01373,-0.3774,0.0,0.4753,-0.6133,0.05255,0.1461,-0.4194,-0.3706,0.12223,-0.2043,0.3171,-0.262,-0.2255,0.09503,0.0832,0.0,0.0,0.0999,0.0,0.05463,-0.2144,0.1128,0.06616,0.0,0.0,0.5,-0.0341,-0.3606,-0.4163,2.0,0.0,0.0,0.0,0.0,0.05582,-0.21380584,,,
-0.666,-0.4946,0.0119,0.3599,0.6304,0.0,0.00813,0.0,1.0,-0.0477,0.03021,-0.3843,0.0,0.4756,-0.3406,-0.05527,0.1122,-0.5703,-0.3716,-0.3649,-0.211,0.1221,0.3171,-0.262,0.08813,0.0837,0.0,0.0,0.10016,0.0,0.0398,-0.8003,0.5244,-0.2,0.0,-0.5,0.0,0.12354,-0.495,-0.7026,0.0,1.0,0.0,0.0,0.0,-0.168,0.0236923999999999,,,
-0.66,-0.4321,0.013695,0.3418,-0.02785,-0.1428,0.01627,0.0,1.0,-0.04895,0.02794,-0.3835,0.0,0.476,-0.6064,-0.1846,0.06934,-0.511,-0.3733,0.03526,-0.2145,-0.365,0.1221,0.3171,0.08215,0.0842,0.0,0.0,0.10034,0.0,0.04114,-0.825,0.543,0.0355,1.0,-0.5,0.0,0.07074,-0.484,-0.685,1.0,0.0,0.0,0.0,0.0,0.03018,-0.1216816,,,
-0.711,-0.519,-0.01743,0.3257,0.398,-0.2856,0.02438,0.0,1.0,-0.023,0.0631,-0.3884,0.0,0.4766,-0.5566,-0.2683,0.01339,-0.6055,-0.3745,-0.2633,-0.2102,0.03516,-0.365,0.1221,0.0791,0.0849,0.0,0.0,0.10016,0.0,0.03055,-0.7534,0.487,-0.1578,1.0,-0.5,0.0,0.1698,-0.573,-0.871,0.0,1.0,0.0,0.0,0.0,-0.134,-0.178338,,,
-0.73,-0.57,-0.04245,0.3062,0.2576,-0.4285,0.03253,0.0,1.0,0.0,0.08997,-0.3923,0.0,0.477,-0.6416,-0.3345,-0.04544,-0.6787,-0.3755,-0.2124,-0.1764,-0.2634,0.03516,-0.365,0.0761,0.0852,0.0,0.0,0.09814,0.0,0.02205,-0.9214,0.6035,-0.166,0.0,-1.0,-0.5,0.2161,-0.6577,-0.91,0.0,2.0,0.0,0.0,0.0,-0.1421,0.3608447999999999,,,
-0.703,-0.1938,0.03056,0.2876,-0.689,-0.5713,0.04065,0.0,1.0,-0.0684,0.01495,-0.3796,0.0,0.4775,0.1787,-0.3555,-0.10913,-0.296,-0.378,0.6954,-0.1755,-0.2124,-0.2634,0.03516,0.07764,0.08716,0.0,0.0,0.0967,0.0,0.0495,-0.819,0.542,0.8877,0.0,-0.5,-0.5,-0.0627,-0.3052,-0.4124,1.0,0.0,0.0,0.0,0.0,0.765,0.1599828,,,
-0.7266,-0.015175,0.0589,0.27,-1.563,-0.5713,0.04877,1.0,1.0,-0.0969,-0.01056,-0.3745,0.0,0.478,-0.4207,-0.3174,-0.18,-0.0997,-0.3804,0.2794,-0.175,0.695,-0.2124,-0.2634,0.079,0.0896,0.0,0.0,0.0965,0.0,0.06073,-0.735,0.487,0.3623,1.0,0.0,-0.5,-0.1775,-0.1931,-0.2179,2.0,0.0,0.0,0.0,0.0,0.3054,0.3233463999999999,,,
-0.737,0.1812,0.09644,0.2605,3.305,-0.5713,0.05692,1.0,1.0,-0.1323,-0.0454,-0.3677,0.0,0.4785,-0.602,-0.269,-0.244,0.11017,-0.3816,0.3634,-0.184,0.279,0.695,-0.2124,0.0814,0.09216,0.0,0.0,0.09576,0.0,0.0755,-0.356,0.2233,0.513,1.0,0.5,0.0,-0.2937,-0.0376,0.0514,3.0,0.0,0.0,0.0,0.0,0.429,0.8364864000000003,,,
-0.674,0.7285,0.2223,0.263,2.363,-0.5713,0.06506,1.0,1.0,-0.2383,-0.165,-0.346,0.0,0.4788,0.1022,-0.2484,-0.3076,0.6235,-0.38,1.1461,-0.1526,0.363,0.279,0.695,0.0912,0.09576,0.0,0.0,0.0969,0.0,0.1227,0.1549,-0.1206,2.436,2.0,1.0,0.0,-0.6562,0.446,0.7764,4.0,0.0,1.0,0.0,4.93,2.014,0.15655616,,,
-0.668,0.818,0.248,0.2705,0.2515,-0.5713,0.0732,1.0,1.0,-0.2595,-0.188,-0.341,0.0,0.4792,-0.691,-0.2445,-0.337,0.724,-0.379,0.2478,-0.1013,1.1455,0.363,0.279,0.10205,0.0989,0.0,0.0,0.0992,0.0,0.1332,0.3179,-0.2322,0.3728,3.0,1.0,0.5,-0.718,0.4468,0.794,5.0,0.0,0.0,0.0,0.0,0.2976,-0.0808132,,,
-0.7246,0.959,0.2964,0.293,0.3008,-0.4285,0.0813,1.0,1.0,-0.3042,-0.2246,-0.3325,0.0,0.4797,-0.4138,-0.2585,-0.3572,0.8354,-0.3748,0.4425,-0.03102,0.2476,1.1455,0.363,0.11633,0.1018,0.0,0.0,0.1021,0.0,0.1521,0.932,-0.662,0.9546,3.0,1.0,1.0,-0.808,0.5635,0.8735,5.92,0.0,0.0,0.0,0.0,0.756,-0.1544103999999999,,,
-0.656,1.528,0.4568,0.3333,0.718,-0.2856,0.0894,1.0,1.0,-0.4248,-0.3604,-0.3047,0.0,0.4802,0.8945,-0.2043,-0.3333,1.234,-0.3635,1.3901,0.1305,0.4421,0.2476,1.1455,0.1388,0.1069,0.0,0.0,0.1066,0.0,0.2125,1.32,-0.9126,5.445,3.0,1.5,1.5,-1.182,1.069,1.113,5.92,0.0,0.0,0.0,0.0,4.254,-0.0935291999999999,,,
-0.61,1.494,0.4846,0.3804,0.1112,-0.1428,0.09753,1.0,1.0,-0.442,-0.3857,-0.299,0.0,0.4807,0.2979,-0.0323,-0.2368,1.069,-0.3523,0.2635,0.2734,1.39,0.4421,0.2476,0.1594,0.1121,0.0,0.0,0.1114,0.0,0.2244,1.504,-1.039,1.108,3.0,1.5,2.0,-1.165,1.045,1.0205,5.92,0.0,0.0,0.0,0.0,0.83,-0.7420478399999998,,,
-0.4778,0.8267,0.3516,0.411,-0.3193,0.0,0.1057,1.0,1.0,-0.329,-0.291,-0.3208,0.0,0.4812,-0.289,0.1375,-0.1367,0.4033,-0.3472,-1.0289,0.3264,0.2632,1.39,0.4421,0.1731,0.11615,0.0,0.0,0.1148,0.0,0.1769,0.8657,-0.6035,-3.875,2.0,1.5,1.5,-0.6167,0.571,0.5635,0.0,1.0,0.0,0.0,0.0,-2.877,-0.050252,,,
-0.3823,0.424,0.2727,0.4326,-0.3403,0.1428,0.11383,1.0,1.0,-0.2573,-0.2329,-0.3335,0.0,0.4814,-0.514,0.2664,-0.0579,0.0667,-0.3462,-0.6189,0.3484,-1.029,0.2632,1.39,0.1819,0.11835,0.0,0.0,0.11694,0.0,0.1492,0.5713,-0.4058,-1.758,1.0,1.5,1.0,-0.2969,0.2676,0.3237,0.0,2.0,0.0,1.0,-3.186,-1.349,0.0390548,,,
-0.3389,0.315,0.265,0.458,-0.0973,0.2856,0.12195,1.0,1.0,-0.2473,-0.2297,-0.334,0.0,0.482,0.1176,0.3752,0.012535,0.006664,-0.3442,-0.0322799999999999,0.3674,-0.6187,-1.029,0.2632,0.1849,0.1202,0.0,0.0,0.1193,0.0,0.1476,0.698,-0.4968,-0.1208,0.0,1.0,1.0,-0.2484,0.2156,0.284,0.0,3.0,0.0,0.0,0.0,-0.0945,0.2452032000000001,,,
-0.2888,0.4116,0.3083,0.4878,0.3936,0.4285,0.1301,1.0,1.0,-0.279,-0.2708,-0.326,0.0,0.4824,0.0,0.4749,0.08374,0.1246,-0.341,0.4051,0.3862,-0.03235,-0.6187,-1.029,0.1888,0.12305,0.0,0.0,0.1239,0.0,0.165,0.769,-0.5396,1.51,0.0,1.0,1.0,-0.3662,0.352,0.3628,1.0,0.0,0.0,0.0,0.0,1.183,0.08251208,,,
-0.10895,-0.388,0.1292,0.5034,-1.6,0.4285,0.1382,0.0,1.0,-0.1117,-0.1278,-0.3557,0.0,0.483,0.8613,0.5405,0.1404,-0.5957,-0.341,-1.4719,0.3691,0.4048,-0.03235,-0.6187,0.1829,0.1233,0.0,0.0,0.1262,0.0,0.1,0.3237,-0.2502,-4.504,-1.0,0.5,1.0,0.3438,-0.2396,-0.12006,0.0,1.0,0.0,0.0,0.0,-3.484,0.002652,,,
-0.07983,-0.5186,0.1091,0.52,0.588,0.4285,0.1464,0.0,1.0,-0.0912,-0.1115,-0.3586,0.0,0.4834,-0.3997,0.576,0.1862,-0.6685,-0.341,-0.1509,0.342,-1.472,0.4048,-0.03235,0.1691,0.1232,0.0,0.0,0.1285,0.0,0.09357,0.3386,-0.2637,-0.3096,-1.0,0.0,1.0,0.3638,-0.3118,-0.1897,0.0,2.0,0.0,0.0,0.0,-0.251,0.009356,,,
-0.08997,-0.5547,0.106,0.529,0.2216,0.4285,0.1544,0.0,1.0,-0.08923,-0.10785,-0.3586,0.0,0.484,0.002806,0.5776,0.223,-0.676,-0.3408,0.0001,0.3225,-0.1509,-1.472,0.4048,0.1538,0.1237,0.0,0.0,0.1305,0.0,0.09344,0.198,-0.1635,0.0,-1.0,-0.5,0.5,0.3293,-0.3035,-0.2089,0.0,0.0,0.0,0.0,0.0,0.0,0.0105976,,,
-0.0824,-0.589,0.101,0.534,0.2113,0.2856,0.1626,0.0,1.0,-0.0841,-0.10376,-0.359,0.0,0.4841,-0.3567,0.5347,0.2524,-0.6885,-0.3406,-0.01675,0.305,0.0,-0.1509,-1.472,0.144,0.1241,0.0,0.0,0.1322,0.0,0.09265,0.1284,-0.11414,-0.03476,-1.0,-1.0,0.0,0.3003,-0.308,-0.2319,0.0,1.0,0.0,0.0,0.0,-0.02832,0.7441696,,,
-0.0632,-0.04156,0.2417,0.5493,-1.019,0.2856,0.1708,1.0,1.0,-0.2058,-0.2324,-0.3345,0.0,0.4846,0.2202,0.4456,0.2747,-0.10913,-0.3398,1.2811,0.2783,-0.01685,0.0,-0.1509,0.1438,0.1252,0.0,0.0,0.1367,0.0,0.1461,0.3335,-0.2369,4.2,-1.0,-1.0,0.0,-0.2131,0.2356,0.1515,1.0,0.0,0.0,0.0,0.0,3.422,-0.068268,,,
-0.1021,-0.0473,0.2408,0.551,-0.02054,0.2856,0.1788,1.0,1.0,-0.2081,-0.2285,-0.3337,0.0,0.485,-0.2087,0.3262,0.2883,-0.1167,-0.3389,0.0325,0.2452,1.281,-0.01685,0.0,0.1439,0.1263,0.0,0.0,0.1412,0.0,0.1473,0.0858,-0.0595,0.08075,0.0,-1.0,0.0,-0.206,0.2042,0.1284,2.0,0.0,0.0,0.0,0.0,0.0633,-0.1357319999999999,,,
-0.0579,-0.1855,0.2039,0.5464,-4.21,0.1428,0.187,0.0,1.0,-0.1731,-0.1997,-0.339,0.0,0.4856,-0.3022,0.1473,0.291,-0.255,-0.3386,-0.2753,0.1849,0.0324,1.281,-0.01685,0.1405,0.1276,0.0,0.0,0.1456,0.0,0.1354,-0.06616,0.04367,-0.3713,0.0,-1.0,-0.5,-0.07623,0.05173,-0.00889,0.0,1.0,0.0,0.0,0.0,-0.2908,-0.4528880000000002,,,
0.03415,-0.5654,0.0986,0.5254,4.027,0.0,0.1951,0.0,1.0,-0.0725,-0.1111,-0.3564,0.0,0.486,0.06152,-0.0903,0.2788,-0.6377,-0.34,-0.8656,0.10266,-0.2751,0.0324,1.281,0.1404,0.1276,0.0,0.0,0.1489,0.0,0.0978,-0.4255,0.2837,-2.6,0.0,-1.0,-1.0,0.2656,-0.3596,-0.413,0.0,2.0,0.0,0.0,0.0,-2.053,0.4061048000000001,,,
-0.07434,-0.2686,0.147,0.493,-0.522,-0.1428,0.2032,0.0,1.0,-0.1247,-0.147,-0.3474,0.0,0.4866,-0.01982,-0.2793,0.2435,-0.3435,-0.3433,0.4703,0.04507,-0.865,-0.2751,0.0324,0.1432,0.1284,0.0,0.0,0.1519,0.0,0.11743,-0.7646,0.5347,1.337,1.0,-0.5,-1.0,0.06757,-0.1346,-0.2617,1.0,0.0,0.0,0.0,0.0,1.085,-0.4630920000000003,,,
-0.04968,-0.5356,0.05402,0.449,1.657,-0.2856,0.2114,0.0,1.0,-0.03812,-0.06177,-0.3625,0.0,0.487,0.2878,-0.3296,0.182,-0.606,-0.3477,-0.7779,0.0158,0.47,-0.865,-0.2751,0.1422,0.1293,0.0,0.0,0.153,0.0,0.08417,-1.024,0.7056,-1.623,0.0,-1.0,-1.5,0.3713,-0.4841,-0.667,0.0,1.0,0.0,0.0,0.0,-1.298,-0.3060880000000001,,,
-0.1257,-0.599,0.01599,0.4146,0.282,-0.4285,0.2195,0.0,1.0,-0.00832,-0.01848,-0.3684,0.0,0.4873,-0.4722,-0.2883,0.0978,-0.664,-0.3513,-0.3051,0.0174,-0.7773,0.47,-0.865,0.1399,0.13,0.0,0.0,0.1528,0.0,0.07135,-0.8755,0.5938,-0.7217,-1.0,-1.0,-1.5,0.451,-0.603,-0.8105,0.0,2.0,0.0,0.0,0.0,-0.592,0.4249492000000001,,,
-0.1837,-0.2361,0.0875,0.3955,-0.6157,-0.5713,0.2277,0.0,1.0,-0.07983,-0.0827,-0.3555,0.0,0.4878,-0.02481,-0.235,0.004314,-0.3096,-0.3528,0.6851,0.02574,-0.3052,-0.7773,0.47,0.1345,0.1318,0.0,0.0,0.152,0.0,0.0995,-0.455,0.3057,1.439,0.0,-0.5,-1.0,0.1683,-0.2402,-0.4692,1.0,0.0,0.0,0.0,0.0,1.191,0.5284612000000002,,,
-0.2457,0.1189,0.162,0.3845,-2.316,-0.5713,0.2357,1.0,1.0,-0.1517,-0.1466,-0.3418,0.0,0.4883,-0.2573,-0.1764,-0.1078,0.0644,-0.3542,0.7041,0.02576,0.6846,-0.3052,-0.7773,0.1324,0.1342,0.0,0.0,0.152,0.0,0.129,-0.2104,0.1442,1.888,1.0,0.0,-0.5,-0.10486,0.07184,-0.1318,2.0,0.0,0.0,0.0,0.0,1.529,0.37575,,,
-0.3025,0.5996,0.2695,0.3796,2.7,-0.5713,0.2439,1.0,1.0,-0.2483,-0.2367,-0.3223,0.0,0.4888,-0.4468,-0.13,-0.2202,0.566,-0.3552,0.9845,0.03763,0.7036,0.6846,-0.3052,0.1367,0.1375,0.0,0.0,0.1528,0.0,0.1711,-0.0452,0.04486,2.928,1.0,0.5,-0.5,-0.491,0.4146,0.328,3.0,0.0,1.0,0.0,5.51,2.322,-0.0642844,,,
-0.3523,0.5225,0.2603,0.3926,0.01239,-0.4285,0.252,1.0,1.0,-0.2445,-0.2247,-0.323,0.0,0.4893,0.1145,-0.1159,-0.2747,0.4766,-0.3523,-0.0317299999999999,-0.00787,0.984,0.7036,0.6846,0.1453,0.1412,0.0,0.0,0.1512,0.0,0.1696,0.4612,-0.3171,-0.11365,1.0,0.0,-0.5,-0.4329,0.3398,0.3699,0.0,1.0,0.0,0.0,0.0,-0.0874,-0.0948091999999999,,,
-0.351,0.3672,0.2324,0.405,-0.1415,-0.2856,0.2603,1.0,1.0,-0.221,-0.2006,-0.327,0.0,0.4897,-0.5215,-0.1157,-0.2793,0.338,-0.3506,-0.1911,-0.0903,-0.0318,0.984,0.7036,0.1504,0.1447,0.0,0.0,0.1487,0.0,0.161,0.4407,-0.3062,-0.4253,1.0,-0.5,-0.5,-0.3035,0.2236,0.3743,0.0,2.0,0.0,0.0,0.0,-0.3274,-0.1390744,,,
-0.3625,0.2349,0.2084,0.4155,-0.1819,-0.1428,0.2683,1.0,1.0,-0.2014,-0.1785,-0.33,0.0,0.49,-0.2751,-0.1257,-0.2773,0.2175,-0.3489,-0.1602,-0.1088,-0.191,-0.0318,0.984,0.1587,0.1482,0.0,0.0,0.1478,0.0,0.1538,0.3743,-0.262,-0.3047,0.0,-0.5,-0.5,-0.1991,0.1293,0.3054,0.0,3.0,0.0,0.0,0.0,-0.2361,0.3166464,,,
-0.3794,0.4797,0.2776,0.4336,0.9604,0.0,0.2764,1.0,1.0,-0.261,-0.2372,-0.3171,0.0,0.4905,-0.3142,-0.1421,-0.2769,0.4802,-0.347,0.6441,-0.0773,-0.1602,-0.191,-0.0318,0.1718,0.1528,0.0,0.0,0.1493,0.0,0.1819,0.5327,-0.3625,1.3545,0.0,0.0,0.0,-0.4512,0.3281,0.6406,1.0,0.0,0.0,0.0,0.0,1.054,0.2889679999999999,,,
-0.4495,0.596,0.309,0.4404,0.3552,0.0,0.2847,1.0,1.0,-0.2925,-0.258,-0.3108,0.0,0.491,-0.4412,-0.163,-0.277,0.5884,-0.345,0.3157999999999999,-0.0306,0.644,-0.1602,-0.191,0.1832,0.157,0.0,0.0,0.1514,0.0,0.1959,0.3113,-0.1984,0.791,0.0,0.0,0.0,-0.512,0.419,0.722,2.0,0.0,0.0,0.0,0.0,0.6035,-0.5963022400000003,,,
-0.3271,0.185,0.2106,0.438,-0.515,0.0,0.2927,1.0,1.0,-0.2004,-0.1833,-0.327,0.0,0.4915,0.948,-0.1854,-0.2795,0.137,-0.3425,-0.7816,-0.032,0.3157,0.644,-0.1602,0.187,0.1599,0.0,0.0,0.1514,0.0,0.1604,0.00947,0.001491,-3.871,0.0,0.0,-0.5,-0.1249,0.0709,0.283,0.0,1.0,0.0,0.0,0.0,-2.926,-0.3730304,,,
-0.3098,-0.014175,0.1614,0.4348,-0.666,0.1428,0.3008,1.0,1.0,-0.1564,-0.1407,-0.3347,0.0,0.492,-0.2886,-0.211,-0.2815,-0.05786,-0.3423,-0.3844,-0.04102,-0.7812,0.3157,0.644,0.1838,0.162,0.0,0.0,0.1532,0.0,0.1433,-0.02628,0.01956,-1.344,0.0,0.0,-0.5,0.02473,-0.1343,0.04446,0.0,2.0,0.0,0.0,0.0,-1.04,-0.540236,,,
-0.279,-0.37,0.07733,0.434,-5.53,0.1428,0.3088,0.0,1.0,-0.0782,-0.0652,-0.3486,0.0,0.4924,0.2328,-0.2229,-0.2827,-0.4119,-0.3416,-0.6972,-0.05472,-0.3845,-0.7812,0.3157,0.1774,0.1617,0.0,0.0,0.1542,0.0,0.1128,0.02515,-0.03049,-1.94,0.0,-0.5,-0.5,0.3252,-0.4192,-0.3625,0.0,3.0,0.0,0.0,0.0,-1.521,-0.0816183999999999,,,
-0.28,-0.4124,0.06256,0.4272,0.2896,0.1428,0.3171,0.0,1.0,-0.0646,-0.051,-0.3506,0.0,0.493,-0.0762,-0.2118,-0.2837,-0.4668,-0.3413,-0.0994,-0.06726,-0.6973,-0.3845,-0.7812,0.1713,0.1613,0.0,0.0,0.1549,0.0,0.10846,-0.147,0.0905,-0.2467,-1.0,-1.0,-1.0,0.308,-0.4724,-0.4373,0.0,4.0,0.0,0.0,0.0,-0.1978,-0.254224,,,
-0.3086,-0.5586,0.02759,0.4265,0.606,0.1428,0.3252,0.0,1.0,-0.034,-0.014755,-0.356,0.0,0.4932,-0.2344,-0.1895,-0.2847,-0.6074,-0.341,-0.2826,-0.0728,-0.0994,-0.6973,-0.3845,0.1647,0.1598,0.0,0.0,0.1552,0.0,0.0964,0.0187,-0.03302,-0.515,-2.0,-1.5,-1.0,0.3982,-0.5664,-0.6074,0.0,5.0,0.0,0.0,0.0,-0.414,0.1915604,,,
-0.2803,-0.772,-0.02364,0.4248,0.611,0.1428,0.3333,0.0,1.0,0.01755,0.03375,-0.3645,0.0,0.4937,-0.3486,-0.1772,-0.2864,-0.822,-0.3406,-0.4362,-0.0438,-0.2827,-0.0994,-0.6973,0.1526,0.1561,0.0,0.0,0.1525,0.0,0.07794,-0.02797,-0.00778,-0.9346,-2.0,-1.5,-1.0,0.534,-0.7314,-0.774,0.0,5.0,0.0,0.0,0.0,-0.7583,0.3131004,,,
-0.255,-1.054,-0.1004,0.4077,0.5693,0.1428,0.3416,0.0,1.0,0.09625,0.1107,-0.3774,0.0,0.4941,-0.526,-0.1902,-0.2957,-1.079,-0.343,-0.6806,0.01313,-0.436,-0.2827,-0.0994,0.1355,0.1514,0.0,0.0,0.1484,0.0,0.04956,-0.4714,0.2964,-2.293,-2.0,-1.5,-1.5,0.7734,-0.9814,-0.983,0.0,5.0,0.0,1.0,-3.715,-1.886,0.128644,,,
-0.2734,-1.055,-0.11774,0.3806,0.1342,0.0,0.3496,0.0,1.0,0.11255,0.1306,-0.3801,0.0,0.4946,-0.5005,-0.226,-0.3088,-1.089,-0.3455,-0.1389,0.06836,-0.68,-0.436,-0.2827,0.12195,0.1477,0.0,0.0,0.1448,0.0,0.04382,-0.811,0.536,-0.3652,-2.0,-1.5,-2.0,0.717,-1.016,-0.9224,0.0,5.0,0.0,0.0,0.0,-0.307,0.724944,,,
-0.3127,-0.561,-0.02219,0.3523,-0.4084,-0.1428,0.3577,0.0,1.0,0.01353,0.03497,-0.3628,0.0,0.495,-0.2018,-0.2756,-0.3184,-0.5938,-0.3486,0.9254,0.07605,-0.139,-0.68,-0.436,0.1148,0.146,0.0,0.0,0.1442,0.0,0.08105,-0.8687,0.5938,2.826,-1.0,-1.5,-2.0,0.3142,-0.4988,-0.513,1.0,0.0,0.0,0.0,0.0,2.385,0.412316,,,
-0.3699,-0.3645,0.00639,0.3271,-0.3044,-0.2856,0.366,0.0,1.0,-0.01869,0.01118,-0.3574,0.0,0.4956,-0.3801,-0.2766,-0.315,-0.3726,-0.3523,0.2887,0.08154,0.925,-0.139,-0.68,0.11255,0.1445,0.0,0.0,0.1433,0.0,0.09296,-0.724,0.4958,0.7773,0.0,-1.5,-1.5,0.1748,-0.3435,-0.3735,2.0,0.0,0.0,0.0,0.0,0.6377,-0.1810684,,,
-0.3313,-0.613,-0.0701,0.297,1.07,-0.4285,0.374,0.0,1.0,0.05945,0.0854,-0.3704,0.0,0.4958,-0.3184,-0.2446,-0.303,-0.641,-0.3542,-0.6729,0.09436,0.2883,0.925,-0.139,0.1075,0.1418,0.0,0.0,0.1426,0.0,0.06464,-0.8335,0.5615,-1.388,0.0,-1.5,-1.5,0.4648,-0.59,-0.648,0.0,1.0,0.0,0.0,0.0,-1.128,-0.196809256,,,
-0.3445,-0.5884,-0.08374,0.2678,0.08466,-0.5713,0.382,0.0,1.0,0.0721,0.1006,-0.3723,0.0,0.4963,-0.4238,-0.1947,-0.2898,-0.6494,-0.356,-0.103,0.10175,-0.6724,0.2883,0.925,0.10333,0.1407,0.0,0.0,0.1422,0.0,0.06033,-0.819,0.5493,-0.1575,0.0,-1.5,-1.5,0.4402,-0.6245,-0.6807,0.0,2.0,0.0,0.0,0.0,-0.1307,-0.2753559999999999,,,
-0.3496,-0.668,-0.1287,0.2261,0.3005,-0.7144,0.3901,0.0,1.0,0.11774,0.1486,-0.3796,0.0,0.4968,-0.4792,-0.1268,-0.2686,-0.7666,-0.359,-0.3964,0.14,-0.103,-0.6724,0.2883,0.0995,0.1395,0.0,0.0,0.14,0.0,0.04404,-1.219,0.8276,-0.682,0.0,-1.5,-2.0,0.57,-0.7515,-0.781,0.0,3.0,0.0,0.0,0.0,-0.5684,-0.5487056,,,
-0.2585,-0.894,-0.2136,0.1722,0.5454,-0.857,0.3901,0.0,0.0,0.2155,0.2343,-0.3943,0.0,0.4973,0.282,-0.01381,-0.2168,-0.967,-0.3657,-0.7849,0.2114,-0.3962,-0.103,-0.6724,0.09515,0.1373,0.0,0.0,0.1353,0.0,0.012115,-1.473,1.017,-3.328,-1.0,-1.5,-2.0,0.8496,-1.05,-0.9478,0.0,4.0,0.0,0.0,0.0,-2.807,-0.161796,,,
-0.3499,-0.9165,-0.2484,0.1252,0.163,-1.0,0.3901,0.0,0.0,0.2465,0.2812,-0.4001,0.0,0.4978,-0.0885,0.126,-0.1315,-0.9395,-0.373,-0.3219,0.2578,-0.7847,-0.3962,-0.103,0.09,0.1349,0.0,0.0,0.1282,0.0,-0.0006647,-1.437,0.9634,-0.657,-2.0,-1.5,-2.0,0.906,-1.115,-0.9365,0.0,5.0,0.0,0.0,0.0,-0.5684,0.1565039999999999,,,
-0.3474,-0.731,-0.233,0.0853,-0.1044,-1.143,0.382,0.0,0.0,0.2296,0.2634,-0.3972,0.0,0.4983,-0.0718,0.2573,-0.03403,-0.746,-0.378,0.1626999999999999,0.2769,-0.3218,-0.7847,-0.3962,0.0813,0.131,0.0,0.0,0.1215,0.0,0.005615,-1.29,0.8613,0.3032,-1.0,-1.0,-2.0,0.7246,-0.988,-0.8022,1.0,0.0,0.0,0.0,0.0,0.265,0.0904104,,,
-0.427,-0.533,-0.2086,0.05634,-0.1915,-1.143,0.382,0.0,1.0,0.1964,0.2426,-0.3926,0.0,0.4985,-0.5293,0.3596,0.05698,-0.5547,-0.3809,0.2517999999999999,0.278,0.1626,-0.3218,-0.7847,0.07227,0.1274,0.0,0.0,0.11554,0.0,0.015434,-1.013,0.668,0.3555,0.0,-0.5,-1.5,0.559,-0.7964,-0.6646,2.0,0.0,0.0,0.0,0.0,0.3088,0.5480559999999999,,,
-0.4407,-0.1165,-0.1309,0.03683,-0.852,-1.143,0.382,0.0,1.0,0.11273,0.1584,-0.3787,0.0,0.499,0.1544,0.4321,0.1383,-0.1348,-0.3833,0.7671,0.2534,0.2517,0.1626,-0.3218,0.07007,0.125,0.0,0.0,0.11115,0.0,0.04572,-0.621,0.4019,1.215,1.0,0.0,-1.0,0.219,-0.391,-0.386,3.0,0.0,0.0,0.0,0.0,1.047,0.2408771999999999,,,
-0.466,0.09204,-0.09406,0.02448,-6.195,-1.0,0.382,1.0,1.0,0.0728,0.12146,-0.3718,0.0,0.4995,-0.3591,0.467,0.2043,0.0733,-0.3843,0.3661,0.1776,0.7666,0.2517,0.1626,0.0702,0.1241,0.0,0.0,0.1062,0.0,0.06046,-0.388,0.242,0.639,2.0,0.0,-0.5,0.05038,-0.2241,-0.2241,4.0,0.0,0.0,0.0,0.0,0.538,0.0493803439999999,,,
-0.321,-0.584,-0.2554,0.000969,-4.035,-1.0,0.374,0.0,0.0,0.2566,0.287,-0.4001,0.0,0.5,0.752,0.469,0.259,-0.6094,-0.3865,-1.4979,0.0886,0.3657,0.7666,0.2517,0.06494,0.12085,0.0,0.0,0.0981,0.0,-0.001024,-0.658,0.408,-3.527,2.0,-0.5,-0.5,0.7207,-0.831,-0.7705,0.0,1.0,0.0,0.0,0.0,-2.936,-0.1368892,,,
-0.3293,-0.7104,-0.295,-0.01822,0.4016,-1.0,0.366,0.0,0.0,0.3008,0.3337,-0.407,0.0,0.5005,-0.2585,0.4626,0.305,-0.711,-0.3894,-0.3793,0.04944,-1.498,0.3657,0.7666,0.06174,0.1181,0.0,0.0,0.0909,0.0,-0.01596,-0.583,0.3477,-1.196,1.0,-0.5,-0.5,0.833,-0.9185,-0.878,0.0,2.0,0.0,0.0,0.0,-1.045,-0.0275787999999999,,,
-0.3496,-0.661,-0.2954,-0.0355,0.0501,-1.0,0.3577,0.0,0.0,0.2998,0.3362,-0.407,0.0,0.501,-0.7183,0.4373,0.3389,-0.671,-0.3909,0.0001,0.01237,-0.3794,-1.498,0.3657,0.06,0.1158,0.0,0.0,0.0843,0.0,-0.016,-0.549,0.3235,0.0,0.0,-0.5,-0.5,0.715,-0.895,-0.834,0.0,0.0,0.0,0.0,0.0,0.0,0.0118087999999999,,,
-0.3674,-0.5645,-0.2922,-0.06287,-0.04553,-1.0,0.3496,0.0,0.0,0.2947,0.334,-0.4062,0.0,0.5015,-0.0989,0.4102,0.3652,-0.5747,-0.394,0.0367,-0.000498,0.0,-0.3794,-1.498,0.05768,0.1127,0.0,0.0,0.0791,0.0,-0.01468,-0.9365,0.6006,0.0751,0.0,0.0,-0.5,0.6226,-0.825,-0.7583,1.0,0.0,0.0,0.0,0.0,0.06635,0.0311319999999999,,,
-0.4004,-0.3438,-0.2637,-0.0907,-0.3547,-1.0,0.3416,0.0,0.0,0.2595,0.3032,-0.4011,0.0,0.502,-0.587,0.3865,0.3845,-0.348,-0.3975,0.2923,-0.0331,0.03656,0.0,-0.3794,0.05554,0.1091,0.0,0.0,0.0745,0.0,-0.003464,-0.945,0.612,0.5737,0.0,0.5,-0.5,0.424,-0.662,-0.5854,2.0,0.0,0.0,0.0,0.0,0.507,0.191402,,,
-0.412,-0.3423,-0.2773,-0.1123,0.1276,-1.0,0.3333,0.0,0.0,0.2742,0.3203,-0.4033,0.0,0.5024,-0.4702,0.3447,0.39,-0.3506,-0.3997,-0.1266,-0.05838,0.2922,0.03656,0.0,0.04926,0.1041,0.0,0.0,0.07025,0.0,-0.00845,-0.805,0.51,-0.1757,0.0,0.5,-0.5,0.4382,-0.6733,-0.6055,0.0,1.0,0.0,0.0,0.0,-0.1537,0.4480583999999999,,,
-0.4224,-0.006226,-0.2158,-0.126,-1.243,-0.857,0.3252,1.0,0.0,0.2048,0.2502,-0.3923,0.0,0.503,-0.2384,0.2725,0.3765,-0.01758,-0.4011,0.6178,-0.0834,-0.1267,0.2922,0.03656,0.04404,0.0999,0.0,0.0,0.0677,0.0,0.01548,-0.491,0.296,0.912,1.0,0.5,0.0,0.158,-0.358,-0.2563,1.0,0.0,0.0,0.0,0.0,0.8013,0.0895663999999999,,,
-0.4307,-0.055,-0.2328,-0.1361,-0.5605,-0.7144,0.3171,1.0,0.0,0.2228,0.2703,-0.3953,0.0,0.503,-0.6387,0.1724,0.3533,-0.07,-0.402,-0.1604,-0.0866,0.6177,-0.1267,0.2922,0.0453,0.0957,0.0,0.0,0.0661,0.0,0.00907,-0.4146,0.2386,-0.2296,1.0,0.0,0.0,0.1776,-0.4465,-0.3186,0.0,1.0,0.0,0.0,0.0,-0.1979,0.0843795999999999,,,
-0.445,-0.4124,-0.314,-0.1458,-14.37,-0.7144,0.3088,0.0,0.0,0.3135,0.3662,-0.4094,0.0,0.5034,-0.0923,0.0937,0.3206,-0.4219,-0.4033,-0.7885,-0.06915,-0.1604,0.6177,-0.1267,0.04462,0.0909,0.0,0.0,0.0634,0.0,-0.02205,-0.409,0.221,-1.512,0.0,-0.5,0.0,0.5103,-0.743,-0.686,0.0,2.0,0.0,0.0,0.0,-1.31,0.310202,,,
-0.497,-0.2472,-0.2815,-0.1488,-0.3997,-0.7144,0.3008,0.0,0.0,0.272,0.3318,-0.4038,0.0,0.504,-0.584,0.04797,0.282,-0.2427,-0.404,0.3308999999999999,-0.1034,-0.788,-0.1604,0.6177,0.04544,0.08563,0.0,0.0,0.05972,0.0,-0.009415,-0.1681,0.05466,0.6777,0.0,-0.5,0.5,0.336,-0.542,-0.4797,1.0,0.0,0.0,0.0,0.0,0.6016,0.2591347999999999,,,
-0.5337,-0.0876,-0.2491,-0.1504,-0.8945,-0.7144,0.2927,0.0,0.0,0.2325,0.2974,-0.398,0.0,0.5044,-0.3872,0.0136,0.2378,-0.0788,-0.4043,0.3275,-0.1798,0.3306,-0.788,-0.1604,0.0476,0.0803,0.0,0.0,0.05606,0.0,0.00321,-0.10754,0.01704,0.6274,1.0,0.0,0.5,0.1774,-0.3674,-0.2559,2.0,0.0,0.0,0.0,0.0,0.5513,-0.29795,,,
-0.512,-0.2903,-0.2974,-0.1595,18.77,-0.7144,0.2847,0.0,0.0,0.289,0.352,-0.4062,0.0,0.505,-0.4434,-0.02007,0.1824,-0.29,-0.405,-0.4679,-0.2131,0.3271,0.3306,-0.788,0.04626,0.07544,0.0,0.0,0.05283,0.0,-0.0152,-0.3584,0.188,-0.7573,0.0,0.0,0.0,0.3394,-0.5684,-0.538,0.0,1.0,0.0,0.0,0.0,-0.6587,0.1216228,,,
-0.5537,0.0007076,-0.245,-0.1719,-1.3545,-0.5713,0.2764,1.0,0.0,0.2264,0.2944,-0.397,0.0,0.5054,-0.09503,-0.0546,0.11255,-0.01218,-0.4058,0.5301,-0.2585,-0.4678,0.3271,0.3306,0.0479,0.07166,0.0,0.0,0.0506,0.0,0.00519,-0.4612,0.2703,1.018,1.0,0.5,0.0,0.1023,-0.3042,-0.10516,1.0,0.0,0.0,0.0,0.0,0.8984,-0.0710303999999999,,,
-0.5713,0.0168,-0.2532,-0.1891,0.343,-0.5713,0.2683,1.0,0.0,0.2341,0.3052,-0.3982,0.0,0.506,-0.568,-0.0977,0.03333,-0.00966,-0.4072,-0.0718,-0.2861,0.5293,-0.4678,0.3271,0.04645,0.06866,0.0,0.0,0.04892,0.0,0.002298,-0.6533,0.4062,-0.1349,1.0,0.0,-0.5,0.04846,-0.4067,-0.1232,0.0,1.0,0.0,0.0,0.0,-0.1172,0.3135475999999999,,,
-0.6523,0.4233,-0.1628,-0.1803,4.562,-0.4285,0.2683,1.0,1.0,0.1293,0.2104,-0.382,0.0,0.5063,0.0961,-0.1527,-0.03366,0.42,-0.407,0.9005,-0.2654,-0.07184,0.5293,-0.4678,0.04984,0.0667,0.0,0.0,0.05002,0.0,0.0375,0.3433,-0.2896,1.791,1.0,0.0,0.0,-0.287,0.00204,0.6143,1.0,0.0,0.0,0.0,0.0,1.559,0.31522572,,,
-0.677,0.512,-0.1333,-0.1641,0.3213,-0.2856,0.2683,1.0,1.0,0.0963,0.1805,-0.3765,0.0,0.507,-0.5054,-0.2133,-0.0859,0.508,-0.4048,0.298,-0.233,0.9,-0.07184,0.5293,0.05826,0.0655,0.0,0.0,0.0522,0.0,0.04944,0.6514,-0.504,0.4302,1.0,0.5,0.5,-0.364,0.1135,0.733,2.0,0.0,0.0,0.0,0.0,0.3643,-0.1754172,,,
-0.607,0.1334,-0.2058,-0.1548,-0.5483,-0.1428,0.2683,1.0,1.0,0.1791,0.2544,-0.3892,0.0,0.5073,-0.11035,-0.2869,-0.1302,0.1324,-0.4036,-0.6769000000000001,-0.2295,0.2976,0.9,-0.07184,0.06198,0.06396,0.0,0.0,0.05292,0.0,0.02185,0.2874,-0.2563,-0.962,1.0,0.0,0.5,-0.0303,-0.1678,0.1703,0.0,1.0,0.0,0.0,0.0,-0.807,-0.0739963999999999,,,
-0.5923,-0.1854,-0.2708,-0.1523,-1.453,-0.1428,0.2603,0.0,0.0,0.2522,0.3271,-0.4004,0.0,0.508,-0.588,-0.3499,-0.1722,-0.1803,-0.403,-0.6205,-0.2288,-0.677,0.2976,0.9,0.06134,0.06256,0.0,0.0,0.05222,0.0,-0.002901,0.01857,-0.07544,-1.037,0.0,0.0,0.0,0.2429,-0.4165,-0.295,0.0,2.0,0.0,1.0,-4.53,-0.8887,-0.3849149999999999,,,
-0.547,-0.3337,-0.3047,-0.157,1.654,-0.1428,0.2603,0.0,0.0,0.2944,0.3635,-0.4062,0.0,0.5083,-0.1448,-0.3884,-0.2135,-0.3357,-0.4033,-0.3253,-0.2476,-0.62,-0.677,0.2976,0.06134,0.061,0.0,0.0,0.0497,0.0,-0.01566,-0.1945,0.071,-0.505,0.0,0.0,-0.5,0.3667,-0.523,-0.5044,0.0,3.0,0.0,0.0,0.0,-0.4414,-0.0060304,,,
-0.547,-0.4016,-0.3223,-0.1621,0.4214,-0.1428,0.2603,0.0,0.0,0.315,0.3845,-0.4092,0.0,0.509,-0.5312,-0.412,-0.26,-0.405,-0.4036,-0.1643,-0.2988,-0.3252,-0.62,-0.677,0.0582,0.05817,0.0,0.0,0.04633,0.0,-0.02206,-0.2063,0.07666,-0.2318,-1.0,-0.5,-0.5,0.381,-0.585,-0.6304,0.0,4.0,0.0,0.0,0.0,-0.2046,0.972768,,,
-0.5166,0.1943,-0.1975,-0.1613,-1.8545,-0.1428,0.2683,1.0,1.0,0.1772,0.2374,-0.387,0.0,0.509,0.1294,-0.423,-0.3096,0.1736,-0.4028,1.2671,-0.2852,-0.1643,-0.3252,-0.62,0.06107,0.05637,0.0,0.0,0.04755,0.0,0.02652,0.001472,-0.0502,3.418,-1.0,-0.5,-0.5,-0.0997,0.03024,0.4868,1.0,0.0,0.0,0.0,0.0,3.033,-0.36814,,,
-0.4119,-0.1975,-0.283,-0.1672,-1.386,-0.2856,0.2683,0.0,0.0,0.2805,0.3267,-0.4019,0.0,0.5093,0.3247,-0.428,-0.353,-0.2203,-0.403,-0.8124,-0.2905,1.267,-0.1643,-0.3252,0.05603,0.05444,0.0,0.0,0.048,0.0,-0.006012,-0.1975,0.0776,-1.528,-1.0,-0.5,-0.5,0.2488,-0.3267,-0.2805,0.0,1.0,0.0,0.0,0.0,-1.305,-0.0099211999999999,,,
-0.4211,0.1868,-0.1951,-0.1555,-3.4,-0.1428,0.2764,1.0,1.0,0.1824,0.2269,-0.386,0.0,0.51,0.1493,-0.4207,-0.4001,0.1765,-0.4019,0.8881,-0.2844,-0.812,1.267,-0.1643,0.05362,0.05362,0.0,0.0,0.04993,0.0,0.02849,0.277,-0.246,1.482,0.0,-0.5,0.0,-0.09143,0.0834,0.4685,1.0,0.0,0.0,0.0,0.0,1.298,0.1884464,,,
-0.4282,0.306,-0.1624,-0.1439,0.608,0.0,0.2847,1.0,1.0,0.1467,0.1915,-0.3796,0.0,0.5103,-0.545,-0.3984,-0.433,0.2905,-0.4001,0.3351,-0.2668,0.8877,-0.812,1.267,0.05603,0.05362,0.0,0.0,0.0523,0.0,0.04184,0.2812,-0.243,0.595,1.0,0.0,0.0,-0.2043,0.2001,0.6655,2.0,0.0,0.0,0.0,0.0,0.5073,0.1373712,,,
-0.377,0.4722,-0.1189,-0.1311,0.592,0.1428,0.2927,1.0,1.0,0.1054,0.1403,-0.3716,0.0,0.5107,0.4192,-0.3623,-0.4358,0.448,-0.398,0.4364,-0.2244,0.335,0.8877,-0.812,0.0634,0.055,0.0,0.0,0.055,0.0,0.0594,0.3103,-0.2559,0.9146,2.0,0.0,0.0,-0.3462,0.3425,0.851,3.0,0.0,0.0,0.0,0.0,0.7715,-0.6820011999999999,,,
-0.2703,-0.015465,-0.2156,-0.1229,-0.808,0.2856,0.2927,1.0,0.0,0.2167,0.2374,-0.3884,0.0,0.511,0.4226,-0.3271,-0.4204,-0.03564,-0.3967,-0.8949,-0.2281,0.436,0.335,0.8877,0.06793,0.05573,0.0,0.0,0.05634,0.0,0.02261,0.1648,-0.1683,-1.6875,1.0,-0.5,0.0,0.07434,-0.04956,0.1164,0.0,1.0,0.0,0.0,0.0,-1.404,-0.0888752,,,
-0.2952,-0.1688,-0.248,-0.1233,-2.355,0.1428,0.2927,0.0,0.0,0.2505,0.2764,-0.394,0.0,0.5117,-0.685,-0.3044,-0.4016,-0.1948,-0.3962,-0.3009,-0.2283,-0.895,0.436,0.335,0.07184,0.0559,0.0,0.0,0.05618,0.0,0.01057,-0.05093,-0.01962,-0.3708,1.0,-0.5,-0.5,0.2122,-0.1666,-0.1134,0.0,2.0,0.0,0.0,0.0,-0.3174,-0.0486071999999999,,,
-0.3,-0.2012,-0.2546,-0.123,0.527,0.0,0.2847,0.0,0.0,0.2573,0.2844,-0.395,0.0,0.512,-0.6616,-0.3,-0.384,-0.2285,-0.3958,-0.05355,-0.2284,-0.301,-0.895,0.436,0.06976,0.0558,0.0,0.0,0.0562,0.0,0.00841,-0.046,-0.02408,-0.0615,0.0,-0.5,-0.5,0.1846,-0.2266,-0.1553,0.0,3.0,0.0,0.0,0.0,-0.05316,0.0280931999999999,,,
-0.3342,-0.136,-0.2461,-0.1309,-0.4473,-0.1428,0.2764,0.0,0.0,0.2452,0.2776,-0.3933,0.0,0.5127,-0.2593,-0.3105,-0.3723,-0.1686,-0.3965,0.08964,-0.2484,-0.05362,-0.301,-0.895,0.0719,0.0549,0.0,0.0,0.05768,0.0,0.01187,-0.2832,0.1469,0.1487,0.0,0.0,-0.5,0.1289,-0.1914,-0.1214,1.0,0.0,0.0,0.0,0.0,0.1287,0.3107759999999999,,,
-0.2732,0.2439,-0.1688,-0.1344,-7.29,-0.1428,0.2764,1.0,1.0,0.166,0.1857,-0.3794,0.0,0.513,0.638,-0.3157,-0.3652,0.2097,-0.3967,0.7681,-0.2445,0.0895,-0.05362,-0.301,0.07355,0.05444,0.0,0.0,0.05988,0.0,0.0421,-0.1401,0.05798,1.749,0.0,0.5,-0.5,-0.1746,0.1294,0.443,2.0,0.0,0.0,0.0,0.0,1.51,-0.3422552000000001,,,
-0.2656,-0.09,-0.2407,-0.1373,-0.964,-0.2856,0.2683,0.0,0.0,0.2448,0.2656,-0.392,0.0,0.5137,-0.463,-0.3198,-0.361,-0.1194,-0.397,-0.6799000000000001,-0.2474,0.7676,0.0895,-0.05362,0.07043,0.05493,0.0,0.0,0.06042,0.0,0.01454,-0.1401,0.04587,-1.016,0.0,0.0,-0.5,0.1271,-0.1755,-0.1309,0.0,1.0,0.0,0.0,0.0,-0.856,-0.3323192,,,
-0.2515,-0.373,-0.301,-0.139,18.77,-0.2856,0.2603,0.0,0.0,0.3142,0.3347,-0.4028,0.0,0.514,-0.3113,-0.3262,-0.3596,-0.406,-0.397,-0.5879,-0.255,-0.6797,0.7676,0.0895,0.0625,0.05518,0.0,0.0,0.06073,0.0,-0.0088,-0.1301,0.02853,-0.908,0.0,0.0,-0.5,0.3782,-0.4055,-0.629,0.0,2.0,0.0,0.0,0.0,-0.782,-0.147408,,,
-0.2983,-0.3232,-0.2886,-0.1359,-0.04956,-0.2856,0.252,0.0,0.0,0.2961,0.324,-0.4004,0.0,0.514,-0.6787,-0.3362,-0.362,-0.3591,-0.3965,0.1271999999999999,-0.2507,-0.588,-0.6797,0.7676,0.05942,0.05557,0.0,0.0,0.06042,0.0,-0.0039,-0.0004544,-0.06186,0.1454,1.0,0.0,0.0,0.2988,-0.326,-0.5117,1.0,0.0,0.0,0.0,0.0,0.1276,-0.0394852,,,
-0.3057,-0.04102,-0.2219,-0.1244,-1.113,-0.1428,0.2439,1.0,0.0,0.2207,0.2476,-0.3884,0.0,0.5146,-0.312,-0.3525,-0.371,-0.06287,-0.3955,0.6691,-0.254,0.127,-0.588,-0.6797,0.06082,0.05667,0.0,0.0,0.06128,0.0,0.02214,0.2188,-0.2069,1.131,1.0,0.0,0.5,-0.015495,-0.0614,0.00931,2.0,0.0,0.0,0.0,0.0,0.9883,0.5865247999999997,,,
-0.3801,0.3564,-0.1334,-0.1169,10.664,-0.1428,0.2439,1.0,1.0,0.12024,0.1561,-0.3726,0.0,0.515,-0.03323,-0.3638,-0.3796,0.32,-0.3943,0.8678,-0.2335,0.6685,0.127,-0.588,0.0665,0.0584,0.0,0.0,0.06213,0.0,0.0566,0.1311,-0.129,1.971,1.0,0.0,0.5,-0.342,0.281,0.6646,3.0,0.0,1.0,0.0,4.92,1.687,0.5276479999999999,,,
-0.4343,0.6987,-0.04297,-0.09015,0.969,0.0,0.2439,1.0,1.0,0.02422,0.06604,-0.3564,0.0,0.5156,-0.297,-0.3574,-0.3674,0.647,-0.3906,0.8623999999999999,-0.1663,0.8677,0.6685,0.127,0.076,0.06128,0.0,0.0,0.06396,0.0,0.0918,0.6167,-0.46,2.293,2.0,0.5,1.0,-0.63,0.578,1.088,4.0,0.0,0.0,0.0,0.0,1.911,-0.0984544,,,
-0.4832,0.529,-0.06915,-0.0759,-0.0994,0.0,0.2439,1.0,1.0,0.04633,0.097,-0.3608,0.0,0.516,-0.6304,-0.3372,-0.3474,0.4746,-0.3887,-0.235,-0.11804,0.862,0.867,0.6685,0.0807,0.0632,0.0,0.0,0.0665,0.0,0.08185,0.3313,-0.2607,-0.3438,2.0,0.5,0.5,-0.4788,0.4092,0.771,0.0,1.0,0.0,0.0,0.0,-0.2788,-0.3994908,,,
-0.441,0.2534,-0.1241,-0.0708,-0.3489,0.0,0.2439,1.0,1.0,0.10565,0.1511,-0.3706,0.0,0.5166,-0.2964,-0.3125,-0.33,0.1984,-0.388,-0.5072,-0.1112,-0.235,0.862,0.867,0.0861,0.0647,0.0,0.0,0.0692,0.0,0.06058,0.05615,-0.07367,-0.871,1.0,0.5,0.0,-0.2249,0.153,0.4011,0.0,2.0,0.0,1.0,-3.072,-0.712,-0.1295848,,,
-0.4668,-0.0831,-0.2006,-0.07855,-0.941,-0.1428,0.2439,0.0,1.0,0.1846,0.2368,-0.3843,0.0,0.517,-0.2744,-0.2952,-0.323,-0.1421,-0.3884,-0.7216,-0.1346,-0.5073,-0.235,0.862,0.0909,0.0662,0.0,0.0,0.0712,0.0,0.0309,-0.296,0.1644,-1.131,0.0,0.0,-0.5,0.0839,-0.1864,-0.0656,0.0,3.0,0.0,0.0,0.0,-0.9395,-0.1778808,,,
-0.524,-0.155,-0.215,-0.07733,18.77,-0.2856,0.2357,0.0,0.0,0.1957,0.2578,-0.387,0.0,0.5176,-0.359,-0.2822,-0.3237,-0.2048,-0.3887,-0.1405,-0.1709,-0.7217,-0.5073,-0.235,0.09436,0.06726,0.0,0.0,0.07324,0.0,0.02516,-0.0657,-0.002274,-0.299,-1.0,-0.5,-0.5,0.1305,-0.2512,-0.1968,0.0,4.0,0.0,0.0,0.0,-0.2542,-0.118492,,,
-0.512,-0.1843,-0.2186,-0.07336,0.5596,-0.2856,0.2277,0.0,0.0,0.2007,0.2607,-0.3875,0.0,0.518,-0.4468,-0.2712,-0.3257,-0.2323,-0.3882,-0.03524,-0.1707,-0.1406,-0.7217,-0.5073,0.0946,0.0679,0.0,0.0,0.0732,0.0,0.02368,0.02559,-0.068,-0.05887,-2.0,-0.5,-0.5,0.1366,-0.259,-0.2191,0.0,5.0,0.0,0.0,0.0,-0.05026,-0.3009492,,,
-0.4077,-0.4697,-0.28,-0.07477,3.092,-0.2856,0.2195,0.0,0.0,0.2776,0.323,-0.3984,0.0,0.5186,0.3838,-0.2668,-0.336,-0.51,-0.3887,-0.6009,-0.1772,-0.0353,-0.1406,-0.7217,0.08795,0.06836,0.0,0.0,0.0735,0.0,-0.0003772,-0.1554,0.05054,-1.158,-2.0,-0.5,-0.5,0.4019,-0.478,-0.6353,0.0,5.0,0.0,0.0,0.0,-0.9893,0.093042,,,
-0.4001,-0.3804,-0.2612,-0.07513,-0.1129,-0.2856,0.2114,0.0,0.0,0.2568,0.3005,-0.3953,0.0,0.519,-0.07574,-0.2732,-0.349,-0.406,-0.3894,0.1803,-0.1699,-0.601,-0.0353,-0.1406,0.07806,0.0685,0.0,0.0,0.07263,0.0,0.006588,-0.1273,0.03363,0.4353,-1.0,-0.5,-0.5,0.2686,-0.4014,-0.491,1.0,0.0,0.0,0.0,0.0,0.3792,-0.7869879999999999,,,
-0.3079,-1.09,-0.4277,-0.1012,2.67,-0.4285,0.2032,0.0,0.0,0.4617,0.4963,-0.425,0.0,0.5195,0.795,-0.2842,-0.3628,-1.061,-0.3945,-1.6479,-0.0822,0.1802,-0.601,-0.0353,0.06165,0.06683,0.0,0.0,0.0685,0.0,-0.05847,-0.7803,0.471,-7.027,-1.0,-1.0,-1.0,1.006,-1.058,-1.252,0.0,1.0,0.0,0.0,0.0,-6.086,-0.2636976000000001,,,
-0.2905,-1.152,-0.4536,-0.1218,0.1995,-0.4285,0.1951,0.0,0.0,0.4954,0.5283,-0.43,0.0,0.52,-0.2406,-0.2844,-0.3655,-1.126,-0.397,-0.2833,-0.01082,-1.647,0.1802,-0.601,0.0465,0.0639,0.0,0.0,0.06323,0.0,-0.0691,-0.696,0.406,-0.5137,-1.0,-1.5,-1.0,1.026,-1.11,-1.162,0.0,2.0,0.0,0.0,0.0,-0.469,-0.0139999999999999,,,
-0.3,-0.925,-0.4124,-0.1321,-0.0935,-0.4285,0.187,0.0,0.0,0.4429,0.4758,-0.4229,0.0,0.52,-0.1827,-0.2708,-0.3594,-0.8936,-0.3987,0.4195,0.03503,-0.2832,-1.647,0.1802,0.03668,0.06107,0.0,0.0,0.06012,0.0,-0.05365,-0.4216,0.2173,0.737,0.0,-1.5,-0.5,0.776,-0.8174,-0.8687,1.0,0.0,0.0,0.0,0.0,0.6787,-0.088202,,,
-0.2537,-0.99,-0.435,-0.1469,0.2158,-0.4285,0.1788,0.0,0.0,0.475,0.501,-0.427,0.0,0.5205,-0.1984,-0.2384,-0.3455,-0.9556,-0.4006,-0.2445,0.0847,0.4192,-0.2832,-1.647,0.02641,0.05875,0.0,0.0,0.05713,0.0,-0.06287,-0.521,0.2842,-0.4358,0.0,-1.5,-1.0,0.794,-0.8804,-0.87,0.0,1.0,0.0,0.0,0.0,-0.3962,-0.8138871999999999,,,
-0.1219,-1.42,-0.545,-0.1802,0.639,-0.5713,0.1708,0.0,0.0,0.629,0.6377,-0.4468,0.0,0.521,0.805,-0.17,-0.3132,-1.384,-0.4048,-1.1559,0.1866,-0.2445,0.4192,-0.2832,0.01127,0.05594,0.0,0.0,0.05243,0.0,-0.10596,-0.9795,0.593,-2.94,-1.0,-1.5,-1.5,1.246,-1.317,-1.106,0.0,2.0,0.0,0.0,0.0,-2.693,0.254372,,,
-0.1716,-0.841,-0.4458,-0.2136,-0.329,-0.7144,0.1626,0.0,0.0,0.495,0.5083,-0.4292,0.0,0.5215,0.0214,-0.0718,-0.262,-0.7935,-0.4094,1.0626,0.222,-1.156,-0.2445,0.4192,0.003408,0.05453,0.0,0.0,0.0492,0.0,-0.06793,-0.9453,0.585,2.479,0.0,-1.0,-1.5,0.696,-0.737,-0.7017,1.0,0.0,0.0,0.0,0.0,2.355,-0.2819160000000001,,,
-0.2059,-0.762,-0.4578,-0.258,0.02303,-0.857,0.1544,0.0,0.0,0.5073,0.527,-0.4316,0.0,0.522,-0.4058,0.04648,-0.1891,-0.7085,-0.415,-0.1332,0.244,1.062,-1.156,-0.2445,-0.00586,0.05316,0.0,0.0,0.04446,0.0,-0.07294,-1.343,0.866,-0.2632,0.0,-1.0,-2.0,0.6895,-0.741,-0.68,0.0,1.0,0.0,0.0,0.0,-0.2421,0.1643215999999999,,,
-0.2152,-0.4768,-0.4243,-0.2969,-0.3147,-1.0,0.1464,0.0,0.0,0.4648,0.4841,-0.4258,0.0,0.5225,-0.557,0.1428,-0.11694,-0.4692,-0.418,0.3443,0.2605,-0.1332,1.062,-1.156,-0.006023,0.0508,0.0,0.0,0.0414,0.0,-0.06027,-1.16,0.7417,0.3298,0.0,-0.5,-1.5,0.4802,-0.5464,-0.5347,1.0,0.0,0.0,0.0,0.0,0.3047,0.11723616,,,
-0.2062,-0.538,-0.46,-0.333,0.2996,-1.143,0.1382,0.0,0.0,0.5103,0.53,-0.4321,0.0,0.523,-0.2363,0.2238,-0.04358,-0.5605,-0.4211,-0.3783,0.2876,0.344,-0.1332,1.062,-0.006603,0.04895,0.0,0.0,0.03873,0.0,-0.07446,-1.132,0.7153,-0.623,0.0,-0.5,-1.5,0.5806,-0.6924,-0.608,0.0,1.0,0.0,0.0,0.0,-0.57,0.0924088,,,
-0.2512,-0.2744,-0.423,-0.3574,-0.4834,-1.143,0.1301,0.0,0.0,0.4602,0.4854,-0.4258,0.0,0.5234,-0.486,0.2888,0.02635,-0.3113,-0.4238,0.3828999999999999,0.3015,-0.3782,0.344,-0.1332,-0.007347,0.0465,0.0,0.0,0.03644,0.0,-0.0604,-0.8345,0.5093,0.7915,1.0,-0.5,-1.0,0.3865,-0.4648,-0.4685,1.0,0.0,0.0,0.0,0.0,0.732,0.3748592,,,
-0.2786,0.0163,-0.377,-0.3757,-1.476,-1.0,0.12195,1.0,0.0,0.4014,0.4294,-0.4177,0.0,0.524,-0.4033,0.3354,0.09204,-0.01767,-0.4263,0.4730999999999999,0.2969,0.3826,-0.3782,0.344,-0.004948,0.0442,0.0,0.0,0.0338,0.0,-0.04282,-0.62,0.3638,0.741,1.0,0.0,-0.5,0.1879,-0.2128,-0.3066,2.0,0.0,0.0,0.0,0.0,0.6777,-0.0883539999999999,,,
-0.2542,-0.02472,-0.3987,-0.3962,-0.3157,-0.857,0.11383,1.0,0.0,0.43,0.4548,-0.4214,0.0,0.5244,-0.2087,0.355,0.1501,-0.0709,-0.4282,-0.2235,0.2646,0.4727,0.3826,-0.3782,0.001505,0.04117,0.0,0.0,0.02939,0.0,-0.05133,-0.6606,0.3892,-0.291,1.0,0.0,-0.5,0.25,-0.3198,-0.3396,0.0,1.0,0.0,0.0,0.0,-0.2622,-0.4645424000000002,,,
-0.2693,-0.3472,-0.476,-0.4165,-5.953,-0.857,0.1057,0.0,0.0,0.526,0.556,-0.4355,0.0,0.525,-0.2303,0.3513,0.1967,-0.4014,-0.4304,-0.8069000000000001,0.1862,-0.2236,0.4727,0.3826,-6.723e-05,0.0383,0.0,0.0,0.02223,0.0,-0.0817,-0.696,0.401,-0.9883,0.0,-0.5,-0.5,0.6025,-0.615,-0.558,0.0,2.0,0.0,0.0,0.0,-0.8965,-0.0720748,,,
-0.2844,-0.3525,-0.493,-0.4407,0.1555,-0.857,0.09753,0.0,0.0,0.5464,0.58,-0.4387,0.0,0.5254,-0.273,0.3298,0.2357,-0.404,-0.4336,-0.1925,0.10004,-0.8066,-0.2235,0.4727,-0.001887,0.03558,0.0,0.0,0.01519,0.0,-0.0888,-0.8013,0.4731,-0.3972,0.0,-0.5,-1.0,0.558,-0.735,-0.5996,0.0,3.0,0.0,0.0,0.0,-0.3696,-0.1815279999999999,,,
-0.3926,-0.4465,-0.517,-0.4495,0.5034,-0.857,0.0894,0.0,0.0,0.5693,0.6216,-0.443,0.0,0.526,-0.289,0.3196,0.2644,-0.4683,-0.4358,-0.2711,0.03038,-0.1925,-0.8066,-0.2235,-0.006355,0.03262,0.0,0.0,0.00862,0.0,-0.09875,-0.459,0.2244,-0.3584,-1.0,-0.5,-1.0,0.622,-0.801,-0.6772,0.0,4.0,0.0,0.0,0.0,-0.3357,0.4129611999999998,,,
-0.4082,-0.2114,-0.4714,-0.4502,-0.5547,-0.857,0.0813,0.0,0.0,0.509,0.5615,-0.4355,0.0,0.526,-0.206,0.294,0.2822,-0.212,-0.437,0.4690999999999999,-0.02481,-0.271,-0.1925,-0.8066,-0.007183,0.03006,0.0,0.0,0.00399,0.0,-0.08185,-0.2023,0.04865,1.234,-1.0,-0.5,-0.5,0.3765,-0.5386,-0.454,1.0,0.0,0.0,0.0,0.0,1.166,-0.0222592,,,
-0.3865,-0.3074,-0.4956,-0.458,0.9214,-0.857,0.0732,0.0,0.0,0.542,0.592,-0.44,0.0,0.5264,-0.002016,0.2444,0.2864,-0.3162,-0.438,-0.2694,-0.083,0.4688,-0.271,-0.1925,-0.010826,0.02637,0.0,0.0,-0.000821,0.0,-0.0918,-0.4385,0.2129,-0.339,-1.0,-0.5,-1.0,0.4575,-0.619,-0.5503,0.0,1.0,0.0,0.0,0.0,-0.3154,-0.2089756,,,
-0.3506,-0.4902,-0.538,-0.468,0.9985,-0.857,0.06506,0.0,0.0,0.601,0.647,-0.4478,0.0,0.527,0.0659,0.17,0.2742,-0.5156,-0.4387,-0.4659,-0.1482,-0.2695,0.4688,-0.271,-0.01852,0.02296,0.0,0.0,-0.006275,0.0,-0.10876,-0.4966,0.247,-0.511,-1.0,-1.0,-1.0,0.577,-0.819,-0.7803,0.0,2.0,0.0,0.0,0.0,-0.48,-0.14490688,,,
-0.435,-0.567,-0.553,-0.4678,0.3337,-0.857,0.05692,0.0,0.0,0.6143,0.675,-0.4507,0.0,0.5273,-0.3252,0.0897,0.2463,-0.5845,-0.4395,-0.1773,-0.1832,-0.4658,-0.2695,0.4688,-0.02597,0.02005,0.0,0.0,-0.010994,0.0,-0.1152,-0.1832,0.0205,-0.3118,-1.0,-1.0,-1.0,0.5537,-0.886,-0.85,0.0,3.0,0.0,0.0,0.0,-0.2969,0.2051830399999999,,,
-0.5054,-0.2612,-0.4968,-0.473,-0.539,-0.857,0.04877,0.0,0.0,0.5337,0.6035,-0.441,0.0,0.528,-0.611,0.01409,0.2029,-0.2876,-0.44,0.5948,-0.2827,-0.1772,-0.4658,-0.2695,-0.02737,0.01758,0.0,0.0,-0.01513,0.0,-0.09406,-0.3843,0.1733,0.9487,0.0,-1.0,-1.0,0.2786,-0.5474,-0.4924,1.0,0.0,0.0,0.0,0.0,0.9087,0.4852680000000001,,,
-0.5195,0.09863,-0.424,-0.4692,-2.004,-0.7144,0.04065,1.0,0.0,0.44,0.509,-0.4282,0.0,0.5283,-0.411,-0.04272,0.1631,0.0776,-0.4402,0.7591,-0.2866,0.594,-0.1772,-0.4658,-0.02472,0.01515,0.0,0.0,-0.01543,0.0,-0.0666,-0.02254,-0.07275,1.374,0.0,-1.0,-0.5,-0.03067,-0.18,0.1509,2.0,0.0,0.0,0.0,0.0,1.292,-0.6306475999999999,,,
-0.4368,-0.3594,-0.52,-0.4788,-2.586,-0.7144,0.03253,0.0,0.0,0.57,0.629,-0.4456,0.0,0.529,0.1343,-0.0984,0.1183,-0.3906,-0.441,-1.0069,-0.2761,0.7583,0.594,-0.1772,-0.0253,0.010704,0.0,0.0,-0.01683,0.0,-0.104,-0.488,0.2429,-2.164,0.0,-1.0,-1.0,0.4194,-0.581,-0.66,0.0,1.0,0.0,0.0,0.0,-1.987,0.0660067999999999,,,
-0.4668,-0.3235,-0.516,-0.484,-0.004757,-0.7144,0.02438,0.0,0.0,0.5625,0.627,-0.445,0.0,0.5293,-0.581,-0.1461,0.06415,-0.353,-0.442,0.0197199999999999,-0.2795,-1.007,0.7583,0.594,-0.02779,0.005295,0.0,0.0,-0.01886,0.0,-0.10333,-0.368,0.1576,0.02516,1.0,-0.5,-0.5,0.3574,-0.554,-0.595,1.0,0.0,0.0,0.0,0.0,0.02386,0.2177744,,,
-0.459,-0.1604,-0.4895,-0.4912,-0.5864,-0.7144,0.01627,0.0,0.0,0.5283,0.59,-0.4407,0.0,0.53,-0.3914,-0.19,0.0003097,-0.1934,-0.4429,0.2748,-0.2844,0.0196,-1.007,0.7583,-0.02795,0.0004346,0.0,0.0,-0.0201,0.0,-0.0935,-0.415,0.1956,0.4604,2.0,0.0,-0.5,0.2039,-0.4158,-0.3406,2.0,0.0,0.0,0.0,0.0,0.4365,0.18474,,,
-0.4663,0.1515,-0.4336,-0.498,-4.082,-0.7144,0.00813,1.0,0.0,0.456,0.5166,-0.431,0.0,0.5303,-0.2148,-0.23,-0.06198,0.11206,-0.4438,0.5836,-0.2935,0.2744,0.0196,-1.007,-0.02365,-0.003239,0.0,0.0,-0.01865,0.0,-0.0724,-0.3757,0.1768,0.803,2.0,0.5,-0.5,-0.02904,-0.1355,0.11505,3.0,0.0,0.0,0.0,0.0,0.755,-0.2741868,,,
-0.4775,-0.004658,-0.4692,-0.506,-0.5835,-0.7144,0.0,1.0,0.0,0.5005,0.5645,-0.4373,0.0,0.531,-0.5425,-0.269,-0.11743,-0.04953,-0.4448,-0.3817,-0.2966,0.583,0.2744,0.0196,-0.02026,-0.006477,0.0,0.0,-0.01938,0.0,-0.08655,-0.422,0.2037,-0.4617,1.0,0.0,-0.5,0.1082,-0.3257,-0.2009,0.0,1.0,0.0,0.0,0.0,-0.426,-0.5401432000000002,,,
-0.4343,-0.3716,-0.5454,-0.513,-4.98,-0.7144,-0.00813,0.0,0.0,0.604,0.664,-0.451,0.0,0.5312,-0.1752,-0.3,-0.1558,-0.4084,-0.446,-0.8114,-0.2788,-0.3818,0.583,0.2744,-0.02283,-0.01039,0.0,0.0,-0.02115,0.0,-0.1162,-0.4165,0.1866,-1.63,1.0,0.0,-0.5,0.4653,-0.6304,-0.8193,0.0,2.0,0.0,0.0,0.0,-1.522,0.1264772,,,
-0.4724,-0.2664,-0.5273,-0.517,-0.2537,-0.7144,-0.01627,0.0,0.0,0.577,0.6426,-0.448,0.0,0.5317,-0.652,-0.3125,-0.1924,-0.308,-0.4465,0.1785999999999999,-0.28,-0.8115,-0.3818,0.583,-0.02786,-0.014084,0.0,0.0,-0.02316,0.0,-0.1099,-0.2896,0.09894,0.1625,1.0,0.5,0.0,0.3474,-0.5166,-0.6226,1.0,0.0,0.0,0.0,0.0,0.1556,0.1107943999999999,,,
-0.4504,-0.505,-0.577,-0.5225,1.509,-0.7144,-0.02438,0.0,0.0,0.6465,0.7104,-0.457,0.0,0.5317,-0.238,-0.3115,-0.2229,-0.547,-0.4473,-0.5521,-0.2534,0.1783,-0.8115,-0.3818,-0.03085,-0.01765,0.0,0.0,-0.02542,0.0,-0.1298,-0.3718,0.1489,-0.767,0.0,0.5,0.0,0.5522,-0.719,-0.9385,0.0,1.0,0.0,0.0,0.0,-0.731,0.2070628,,,
-0.4817,-0.3445,-0.552,-0.531,-0.2712,-0.7144,-0.03253,0.0,0.0,0.6094,0.6772,-0.453,0.0,0.532,-0.4463,-0.3025,-0.248,-0.385,-0.4487,0.2608,-0.2554,-0.552,0.1783,-0.8115,-0.03284,-0.02118,0.0,0.0,-0.0279,0.0,-0.12054,-0.4546,0.2119,0.3618,0.0,0.5,0.0,0.396,-0.5566,-0.6875,1.0,0.0,0.0,0.0,0.0,0.3508,0.7350480000000001,,,
-0.503,0.1093,-0.4622,-0.5273,-1.709,-0.5713,-0.04065,1.0,0.0,0.4895,0.557,-0.4373,0.0,0.5327,0.1377,-0.2976,-0.2715,0.07684,-0.449,0.9557,-0.3022,0.2607,-0.552,0.1783,-0.032,-0.02193,0.0,0.0,-0.02968,0.0,-0.08673,-0.0462,-0.0646,1.978,1.0,0.5,0.5,0.004898,-0.0997,0.10144,2.0,0.0,0.0,0.0,0.0,1.902,-0.3634720000000001,,,
-0.5103,-0.1523,-0.5107,-0.524,-1.333,-0.5713,-0.04877,0.0,0.0,0.552,0.6226,-0.446,0.0,0.533,-0.259,-0.2983,-0.2961,-0.18,-0.449,-0.5219,-0.3442,0.955,0.2607,-0.552,-0.0359,-0.0229,0.0,0.0,-0.03192,0.0,-0.10583,-0.0646,-0.05984,-0.7725,1.0,0.5,0.5,0.2397,-0.3054,-0.3333,0.0,1.0,0.0,0.0,0.0,-0.7217,0.3956863999999999,,,
-0.5483,0.05984,-0.4634,-0.514,-3.059,-0.4285,-0.05692,1.0,0.0,0.4873,0.5625,-0.438,0.0,0.5337,-0.7847,-0.3079,-0.3208,0.04218,-0.4485,0.4913,-0.3477,-0.5215,0.955,0.2607,-0.03607,-0.02383,0.0,0.0,-0.03214,0.0,-0.0882,0.1292,-0.1903,0.2307,1.0,0.5,1.0,0.02356,-0.0918,0.1881,1.0,0.0,0.0,0.0,0.0,0.219,-0.5499867999999999,,,
-0.517,-0.2301,-0.521,-0.5166,-2.062,-0.4285,-0.06506,0.0,0.0,0.565,0.637,-0.4485,0.0,0.534,-0.255,-0.3198,-0.3362,-0.2544,-0.4487,-0.6189,-0.3464,0.491,-0.5215,0.955,-0.0354,-0.02515,0.0,0.0,-0.03302,0.0,-0.11084,-0.2257,0.053,-0.6387,1.0,0.0,0.5,0.2742,-0.3652,-0.4402,0.0,1.0,0.0,0.0,0.0,-0.597,0.341008,,,
-0.5425,-0.03687,-0.4885,-0.524,-1.255,-0.4285,-0.0732,1.0,0.0,0.5205,0.5957,-0.4429,0.0,0.5347,-0.4124,-0.3354,-0.3433,-0.0631,-0.4497,0.3354999999999999,-0.3464,-0.619,0.491,-0.5215,-0.0341,-0.0249,0.0,0.0,-0.033,0.0,-0.0989,-0.367,0.159,0.3574,1.0,0.0,0.5,0.0847,-0.243,-0.09186,1.0,0.0,0.0,0.0,0.0,0.3408,-0.245476,,,
-0.5522,-0.3093,-0.543,-0.527,-6.414,-0.4285,-0.0813,0.0,0.0,0.592,0.671,-0.4526,0.0,0.535,-0.4219,-0.3472,-0.3464,-0.3113,-0.451,-0.5859,-0.3452,0.3352,-0.619,0.491,-0.03293,-0.02632,0.0,0.0,-0.03455,0.0,-0.12006,-0.2368,0.0569,-1.219,0.0,0.0,0.5,0.3484,-0.4556,-0.6504,0.0,1.0,0.0,0.0,0.0,-1.15,-0.3638599999999999,,,
-0.48,-0.5527,-0.5957,-0.5356,1.274,-0.4285,-0.0894,0.0,0.0,0.67,0.7397,-0.462,0.0,0.5356,0.1025,-0.3542,-0.3474,-0.5586,-0.452,-0.5766,-0.3152,-0.5854,0.3352,-0.619,-0.03525,-0.02818,0.0,0.0,-0.03653,0.0,-0.1406,-0.405,0.168,-0.7026,0.0,0.0,0.0,0.5776,-0.6587,-1.056,0.0,2.0,0.0,0.0,0.0,-0.6753,0.4671699999999999,,,
-0.4587,-0.1954,-0.531,-0.541,-0.677,-0.4285,-0.09753,0.0,0.0,0.5825,0.6455,-0.4507,0.0,0.536,0.3472,-0.346,-0.342,-0.1643,-0.454,0.7091,-0.313,-0.5767,-0.5854,0.3352,-0.03864,-0.02971,0.0,0.0,-0.0368,0.0,-0.11597,-0.2695,0.0821,1.871,0.0,0.0,0.0,0.2476,-0.3052,-0.4097,1.0,0.0,0.0,0.0,0.0,1.832,-0.49572,,,
-0.4087,-0.567,-0.6147,-0.56,3.611,-0.5713,-0.1057,0.0,0.0,0.7017,0.7607,-0.4656,0.0,0.5366,0.0607,-0.325,-0.3318,-0.5444,-0.456,-0.9115,-0.2783,0.7085,-0.5767,-0.5854,-0.04358,-0.03174,0.0,0.0,-0.03815,0.0,-0.1484,-0.6743,0.357,-1.54,0.0,0.0,-0.5,0.64,-0.6533,-1.074,0.0,1.0,0.0,0.0,0.0,-1.475,-0.09612736,,,
-0.3418,-0.707,-0.6543,-0.5796,0.4424,-0.7144,-0.11383,0.0,0.0,0.7637,0.8135,-0.4727,0.0,0.537,0.1833,-0.2905,-0.315,-0.6875,-0.4585,-0.4486,-0.2267,-0.911,0.7085,-0.5767,-0.05243,-0.0346,0.0,0.0,-0.04102,0.0,-0.1641,-0.6826,0.3557,-0.8574,-1.0,-0.5,-0.5,0.7607,-0.8174,-1.169,0.0,2.0,0.0,0.0,0.0,-0.845,-0.1127667999999999,,,
-0.3904,-0.6987,-0.6606,-0.5923,0.1189,-0.7144,-0.11383,0.0,0.0,0.7695,0.827,-0.4739,0.0,0.5376,-0.5166,-0.2517,-0.2983,-0.6763,-0.4602,-0.08266,-0.2108,-0.4485,-0.911,0.7085,-0.059,-0.03806,0.0,0.0,-0.04517,0.0,-0.1669,-0.517,0.2366,-0.1169,-1.0,-1.0,-0.5,0.7285,-0.791,-1.084,0.0,3.0,0.0,0.0,0.0,-0.1169,-0.1905316,,,
-0.3958,-0.6084,-0.6523,-0.6055,-0.02257,-0.7144,-0.11383,0.0,0.0,0.757,0.815,-0.4727,0.0,0.5376,-0.649,-0.2178,-0.2817,-0.5996,-0.4614,0.08305,-0.1788,-0.0827,-0.4485,-0.911,-0.0666,-0.04117,0.0,0.0,-0.04764,0.0,-0.1641,-0.553,0.2637,0.09595,0.0,-0.5,-0.5,0.6094,-0.718,-0.9087,1.0,0.0,0.0,0.0,0.0,0.0962,0.0263151999999999,,,
-0.394,-0.549,-0.6455,-0.6123,0.01213,-0.7144,-0.12195,0.0,0.0,0.747,0.805,-0.4717,0.0,0.538,-0.1569,-0.1833,-0.263,-0.522,-0.4631,0.06217,-0.1565,0.08295,-0.0827,-0.4485,-0.0715,-0.04337,0.0,0.0,-0.05002,0.0,-0.162,-0.3865,0.1454,0.11273,0.0,-0.5,0.0,0.523,-0.647,-0.786,2.0,0.0,0.0,0.0,0.0,0.11273,0.3638228000000001,,,
-0.385,-0.1808,-0.578,-0.615,-0.708,-0.7144,-0.1301,0.0,0.0,0.6523,0.706,-0.46,0.0,0.5386,-0.004047,-0.1558,-0.2483,-0.1575,-0.4636,0.7431,-0.1635,0.06204,0.08295,-0.0827,-0.071,-0.04468,0.0,0.0,-0.0518,0.0,-0.1366,-0.228,0.04352,1.399,1.0,0.0,0.0,0.1665,-0.3018,-0.3445,3.0,0.0,0.0,0.0,0.0,1.397,-0.7609604000000002,,,
-0.2261,-0.994,-0.7505,-0.6445,8.875,-0.857,-0.1382,0.0,0.0,0.918,0.9536,-0.4905,0.0,0.539,1.072,-0.1085,-0.2194,-0.9507,-0.4678,-1.8959,-0.1224,0.743,0.06204,0.08295,-0.0812,-0.04755,0.0,0.0,-0.0572,0.0,-0.203,-0.977,0.549,-5.28,1.0,-0.5,-0.5,1.042,-1.057,-1.221,0.0,1.0,0.0,0.0,0.0,-5.15,-0.122874,,,
-0.1772,-1.042,-0.7764,-0.672,0.189,-0.857,-0.1464,0.0,0.0,0.963,0.9917,-0.4954,0.0,0.5396,0.2783,-0.03726,-0.1714,-0.944,-0.4731,-0.3217,-0.0688,-1.896,0.743,0.06204,-0.08875,-0.0512,0.0,0.0,-0.06244,0.0,-0.2136,-0.9375,0.5156,-0.8623,1.0,-0.5,-0.5,1.085,-1.118,-1.163,0.0,2.0,0.0,0.0,0.0,-0.894,0.4967719999999998,,,
-0.1592,-0.5776,-0.7065,-0.6973,-0.3833,-1.0,-0.1464,0.0,0.0,0.8564,0.879,-0.4834,0.0,0.54,-0.1309,0.010826,-0.1288,-0.5303,-0.4749,0.8021,-0.04587,-0.3215,-1.896,0.743,-0.0915,-0.05386,0.0,0.0,-0.06537,0.0,-0.1875,-0.8477,0.4634,1.161,1.0,0.0,-0.5,0.6626,-0.6675,-0.7373,1.0,0.0,0.0,0.0,0.0,1.217,-0.069642,,,
-0.1809,-0.54,-0.713,-0.7173,0.0522,-1.0,-0.1464,0.0,0.0,0.864,0.89,-0.4846,0.0,0.5405,-0.474,0.0427,-0.0912,-0.518,-0.4766,-0.0844299999999999,-0.03006,0.8013,-0.3215,-1.896,-0.09424,-0.05612,0.0,0.0,-0.06866,0.0,-0.1904,-0.742,0.3867,-0.1112,0.0,-0.5,-0.5,0.634,-0.6636,-0.705,0.0,1.0,0.0,0.0,0.0,-0.1136,-0.2040240000000001,,,
-0.0875,-0.487,-0.7188,-0.741,0.01017,-1.143,-0.1544,0.0,0.0,0.8804,0.892,-0.486,0.0,0.541,0.783,0.06433,-0.0571,-0.5054,-0.4783,-0.0847,-0.00823,-0.08453,0.8013,-0.3215,-0.0976,-0.05826,0.0,0.0,-0.0713,0.0,-0.1932,-0.891,0.4917,-0.1256,-1.0,-0.5,-1.0,0.5923,-0.6763,-0.6787,0.0,2.0,0.0,0.0,0.0,-0.1288,0.1283559999999999,,,
-0.0735,-0.3667,-0.708,-0.758,-0.1832,-1.143,-0.1626,0.0,0.0,0.8657,0.874,-0.4844,0.0,0.5415,0.0843,0.08136,-0.02231,-0.3848,-0.4807,0.10636,0.001953,-0.0848,-0.08453,0.8013,-0.1008,-0.0609,0.0,0.0,-0.07416,0.0,-0.1897,-0.7246,0.3748,0.197,0.0,0.0,-0.5,0.475,-0.6064,-0.587,1.0,0.0,0.0,0.0,0.0,0.2024,0.0684824,,,
-0.1012,0.1462,-0.616,-0.7603,-1.787,-1.0,-0.1708,1.0,0.0,0.7285,0.738,-0.4685,0.0,0.542,0.1198,0.0772,0.002127,0.1224,-0.4812,1.0381,-0.03918,0.1062,-0.0848,-0.08453,-0.103,-0.06335,0.0,0.0,-0.07697,0.0,-0.1552,-0.216,0.02678,1.775,1.0,0.5,0.0,0.035,-0.11804,-0.1403,2.0,0.0,0.0,0.0,0.0,1.817,0.198504,,,
-0.1683,0.3477,-0.5835,-0.766,1.079,-0.857,-0.1788,1.0,0.0,0.6777,0.6963,-0.463,0.0,0.5425,-0.252,0.0683,0.01955,0.3362,-0.4824,0.349,-0.06207,1.037,0.1062,-0.0848,-0.09595,-0.06445,0.0,0.0,-0.0785,0.0,-0.1432,-0.3374,0.1188,0.417,1.0,0.5,0.0,-0.1294,-0.01056,0.04193,3.0,0.0,0.0,0.0,0.0,0.4136,0.2830044,,,
-0.1683,0.0674,-0.6357,-0.7676,-0.565,-0.7144,-0.187,1.0,0.0,0.7515,0.7725,-0.4724,0.0,0.543,-0.649,0.05142,0.02611,0.0693,-0.4832,-0.5883,-0.1146,0.3486,1.037,0.1062,-0.0901,-0.0661,0.0,0.0,-0.0816,0.0,-0.1637,-0.2358,0.03726,-0.779,1.0,0.0,0.0,0.1306,-0.266,-0.1873,0.0,1.0,0.0,0.0,0.0,-0.7637,0.1107736,,,
-0.2164,0.1803,-0.6123,-0.7627,0.9443,-0.5713,-0.1951,1.0,0.0,0.714,0.741,-0.4685,0.0,0.543,-0.2927,0.02849,0.02213,0.2029,-0.4836,0.2483,-0.1437,-0.5884,0.3486,1.037,-0.0863,-0.0678,0.0,0.0,-0.0834,0.0,-0.1553,-0.004227,-0.1243,0.255,2.0,0.0,0.5,0.03162,-0.1455,-0.02469,1.0,0.0,0.0,0.0,0.0,0.2546,0.24124144,,,
-0.1903,0.281,-0.5884,-0.7544,0.545,-0.4285,-0.2032,1.0,0.0,0.6826,0.705,-0.4646,0.0,0.5435,-0.06976,-0.00694,0.00901,0.3174,-0.4834,0.2463,-0.1943,0.248,-0.5884,0.3486,-0.0812,-0.0698,0.0,0.0,-0.0854,0.0,-0.1469,0.10187,-0.1963,0.2825,2.0,0.5,1.0,-0.05603,-0.0376,0.1792,2.0,0.0,0.0,0.0,0.0,0.2803,-0.059708,,,
-0.07996,0.0642,-0.626,-0.7515,-0.5063,-0.2856,-0.2114,1.0,0.0,0.7446,0.7505,-0.4714,0.0,0.544,0.4907,-0.05795,-0.01227,0.0944,-0.4832,-0.4274,-0.2231,0.2461,0.248,-0.5884,-0.07745,-0.0719,0.0,0.0,-0.0871,0.0,-0.1616,-0.0688,-0.08105,-0.5474,1.0,0.5,0.5,0.1459,-0.2076,-0.0424,0.0,1.0,0.0,0.0,0.0,-0.5386,-0.2696800000000001,,,
-0.08466,-0.0311,-0.6436,-0.751,-0.5664,-0.1428,-0.2195,1.0,0.0,0.769,0.7764,-0.4746,0.0,0.5444,-0.3333,-0.11975,-0.04126,-0.000615,-0.4834,-0.2063,-0.2329,-0.4272,0.2461,0.248,-0.07495,-0.07336,0.0,0.0,-0.0882,0.0,-0.1687,-0.1512,-0.02531,-0.1823,0.0,0.0,0.0,0.1967,-0.317,-0.1523,0.0,2.0,0.0,0.0,0.0,-0.1818,-0.2168935999999999,,,
-0.07806,-0.1404,-0.67,-0.7603,-2.193,-0.1428,-0.2277,0.0,0.0,0.808,0.816,-0.4795,0.0,0.545,-0.03424,-0.2074,-0.0698,-0.10974,-0.4846,-0.3114,-0.2773,-0.2063,-0.4272,0.2461,-0.07776,-0.07526,0.0,0.0,-0.0908,0.0,-0.1793,-0.497,0.2168,-0.315,0.0,0.0,-0.5,0.228,-0.5244,-0.326,0.0,3.0,0.0,0.0,0.0,-0.3162,-0.20733,,,
-0.1561,-0.2883,-0.693,-0.7534,2.809,-0.1428,-0.2357,0.0,0.0,0.836,0.857,-0.4836,0.0,0.5454,0.1357,-0.2854,-0.1024,-0.2517,-0.4844,-0.2726,-0.2805,-0.3115,-0.2063,-0.4272,-0.08307,-0.0769,0.0,0.0,-0.09247,0.0,-0.1886,0.0933,-0.2085,-0.328,-1.0,0.0,-0.5,0.3137,-0.6177,-0.4922,0.0,4.0,0.0,0.0,0.0,-0.3323,0.2596103999999999,,,
-0.2124,-0.02098,-0.634,-0.7383,-1.246,0.0,-0.2439,1.0,0.0,0.7446,0.7725,-0.4736,0.0,0.546,-0.1266,-0.3315,-0.1411,-0.0315,-0.4814,0.6561,-0.281,-0.2725,-0.3115,-0.2063,-0.0834,-0.0781,0.0,0.0,-0.0925,0.0,-0.1667,0.4678,-0.466,0.5845,-1.0,0.0,0.0,0.01317,-0.3142,0.00903,1.0,0.0,0.0,0.0,0.0,0.5977,0.1710468,,,
-0.2223,-0.2883,-0.6807,-0.7344,-4.605,0.0,-0.252,0.0,0.0,0.812,0.8438,-0.4822,0.0,0.5464,-0.3193,-0.374,-0.1829,-0.3118,-0.4807,-0.5389,-0.2786,0.6553,-0.2725,-0.3115,-0.08685,-0.0809,0.0,0.0,-0.09326,0.0,-0.185,-0.05945,-0.09796,-0.504,-1.0,-0.5,-0.5,0.251,-0.514,-0.3875,0.0,1.0,0.0,0.0,0.0,-0.505,0.4349519999999998,,,
-0.1909,-0.07697,-0.636,-0.726,-0.9575,0.1428,-0.2603,1.0,0.0,0.7505,0.775,-0.4746,0.0,0.547,-0.2026,-0.4028,-0.2299,-0.1103,-0.4797,0.485,-0.2795,-0.5386,0.6553,-0.2725,-0.0894,-0.08264,0.0,0.0,-0.09344,0.0,-0.1688,0.1578,-0.2458,0.599,0.0,-0.5,0.0,0.0519,-0.263,-0.0148,1.0,0.0,0.0,0.0,0.0,0.611,0.4056119999999999,,,
-0.2866,0.1704,-0.5815,-0.7124,18.77,0.2856,-0.2603,1.0,0.0,0.665,0.7026,-0.4653,0.0,0.5474,-0.555,-0.4011,-0.2798,0.129,-0.478,0.6026,-0.2705,0.4846,-0.5386,0.6553,-0.0878,-0.0843,0.0,0.0,-0.0929,0.0,-0.1484,0.3818,-0.3967,1.222,1.0,0.0,0.5,-0.1647,0.01525,0.4185,2.0,0.0,0.0,0.0,0.0,1.227,0.0488271999999999,,,
-0.278,0.146,-0.577,-0.699,0.02931,0.4285,-0.2603,1.0,0.0,0.6597,0.696,-0.4646,0.0,0.548,0.1605,-0.368,-0.3406,0.09454,-0.4763,0.04087,-0.2817,0.602,0.4846,-0.5386,-0.08527,-0.08527,0.0,0.0,-0.09326,0.0,-0.1471,0.3643,-0.3835,0.1091,2.0,0.0,0.5,-0.2101,-0.0401,0.4817,3.0,0.0,0.0,0.0,0.0,0.1075,0.1269799999999999,,,
-0.3293,0.2307,-0.558,-0.6943,0.532,0.4285,-0.2603,1.0,0.0,0.6294,0.673,-0.4614,0.0,0.5483,-0.1788,-0.3308,-0.38,0.1559,-0.475,0.2037,-0.2825,0.04074,0.602,0.4846,-0.0807,-0.08636,0.0,0.0,-0.09064,0.0,-0.1401,0.09674,-0.1896,0.397,2.0,0.0,0.5,-0.2786,0.01578,0.5723,4.0,0.0,0.0,0.0,0.0,0.3906,-0.0093400399999999,,,
-0.3442,0.1897,-0.5654,-0.6934,-0.00735,0.4285,-0.2603,1.0,0.0,0.638,0.6846,-0.4626,0.0,0.549,-0.482,-0.3054,-0.3887,0.118,-0.4753,-0.08083,-0.3118,0.2035,0.04074,0.602,-0.07526,-0.087,0.0,0.0,-0.0877,0.0,-0.143,-0.0853,-0.06085,-0.0814,2.0,0.0,0.0,-0.2483,-0.07104,0.4836,0.0,1.0,0.0,0.0,0.0,-0.0796,-0.1320176,,,
-0.356,0.01808,-0.594,-0.69,-0.5435,0.4285,-0.2603,1.0,0.0,0.6777,0.727,-0.4678,0.0,0.549,-0.7573,-0.2888,-0.3894,-0.04852,-0.475,-0.3244,-0.3198,-0.0809,0.2035,0.04074,-0.0738,-0.08734,0.0,0.0,-0.0863,0.0,-0.1542,0.04135,-0.1562,-0.294,1.0,0.0,0.0,-0.09705,-0.2223,0.1619,0.0,2.0,0.0,0.0,0.0,-0.288,-0.2904628000000001,,,
-0.3708,-0.002087,-0.597,-0.688,-0.08344,0.4285,-0.2683,1.0,0.0,0.68,0.7324,-0.4685,0.0,0.5493,-0.499,-0.2803,-0.3835,-0.07294,-0.4749,-0.0409,-0.3345,-0.3245,-0.0809,0.2035,-0.0703,-0.08844,0.0,0.0,-0.08484,0.0,-0.1556,-0.0945,-0.05988,-0.0511,0.0,0.0,-0.5,-0.0862,-0.2559,0.09,0.0,3.0,0.0,0.0,0.0,-0.05057,0.1200292,,,
-0.418,0.306,-0.5366,-0.6826,4.285,0.4285,-0.2764,1.0,0.0,0.5933,0.6504,-0.458,0.0,0.55,-0.514,-0.2732,-0.3718,0.2195,-0.474,0.6567999999999999,-0.34,-0.04095,-0.3245,-0.0809,-0.0661,-0.088,0.0,0.0,-0.0823,0.0,-0.1332,0.09125,-0.1825,1.477,0.0,0.5,-0.5,-0.3276,0.0222,0.6484,1.0,0.0,0.0,0.0,0.0,1.464,0.3703868,,,
-0.4878,0.4526,-0.5,-0.6694,0.5386,0.4285,-0.2847,1.0,0.0,0.5396,0.6064,-0.452,0.0,0.5503,-0.273,-0.2625,-0.3545,0.3586,-0.4724,0.3821,-0.3296,0.6562,-0.04095,-0.3245,-0.0627,-0.08673,0.0,0.0,-0.07935,0.0,-0.1198,0.4675,-0.4453,1.04,0.0,0.5,0.0,-0.4392,0.158,0.8857,2.0,0.0,0.0,0.0,0.0,1.011,0.097524,,,
-0.49,0.4287,-0.4932,-0.6533,0.0854,0.4285,-0.2927,1.0,0.0,0.531,0.5977,-0.451,0.0,0.551,-0.3745,-0.2524,-0.3345,0.3398,-0.471,0.0597,-0.299,0.3818,0.6562,-0.04095,-0.05923,-0.0853,0.0,0.0,-0.07776,0.0,-0.11774,0.611,-0.5464,0.08936,1.0,1.0,0.5,-0.4365,0.128,0.784,3.0,0.0,0.0,0.0,0.0,0.0858,0.2557159999999999,,,
-0.5273,0.5483,-0.4543,-0.6294,0.3845,0.5713,-0.3008,1.0,0.0,0.4775,0.549,-0.4446,0.0,0.5513,-0.41,-0.2554,-0.3142,0.485,-0.4692,0.3966,-0.2544,0.05957,0.3818,0.6562,-0.05493,-0.0836,0.0,0.0,-0.0761,0.0,-0.10364,0.9263,-0.765,0.474,2.0,1.0,1.0,-0.545,0.2556,0.9165,4.0,0.0,0.0,0.0,0.0,0.4543,0.5974920000000001,,,
-0.5776,0.789,-0.386,-0.5967,0.542,0.7144,-0.3088,1.0,0.0,0.3884,0.4653,-0.4329,0.0,0.552,-0.4038,-0.2485,-0.2876,0.7417,-0.4663,0.7051,-0.1763,0.3965,0.05957,0.3818,-0.0473,-0.08124,0.0,0.0,-0.0725,0.0,-0.0783,1.254,-0.9883,1.302,3.0,1.0,1.5,-0.758,0.488,1.078,5.0,0.0,0.0,0.0,0.0,1.232,0.4309720000000002,,,
-0.599,0.932,-0.3364,-0.5654,0.3086,0.7144,-0.3171,1.0,0.0,0.3274,0.406,-0.4243,0.0,0.5522,-0.298,-0.2144,-0.2578,0.913,-0.4636,0.4984,-0.0842,0.7046,0.3965,0.05957,-0.03622,-0.07904,0.0,0.0,-0.06854,0.0,-0.06,1.237,-0.9683,0.701,3.0,1.0,1.5,-0.876,0.6094,1.046,5.92,0.0,0.0,0.0,0.0,0.6494,-0.0252752,,,
-0.617,0.755,-0.3447,-0.53,-0.0533,0.857,-0.3252,1.0,0.0,0.336,0.4177,-0.426,0.0,0.5527,-0.676,-0.1768,-0.2258,0.7856,-0.4612,-0.09426,-0.01918,0.498,0.7046,0.3965,-0.02539,-0.07513,0.0,0.0,-0.06506,0.0,-0.0636,1.562,-1.201,-0.11896,2.0,0.5,1.5,-0.7793,0.4685,0.818,0.0,1.0,0.0,0.0,0.0,-0.1085,-0.1207479999999999,,,
-0.6494,0.592,-0.3552,-0.5,-0.075,0.857,-0.3333,1.0,0.0,0.3457,0.433,-0.428,0.0,0.553,-0.4114,-0.1373,-0.1929,0.655,-0.459,-0.1135,0.02164,-0.0943,0.498,0.7046,-0.01768,-0.07104,0.0,0.0,-0.06113,0.0,-0.0679,1.3955,-1.085,-0.142,1.0,0.5,1.0,-0.6904,0.326,0.653,0.0,2.0,0.0,0.0,0.0,-0.1299,-0.0514935999999999,,,
-0.675,0.4827,-0.3599,-0.4766,-0.0402,0.857,-0.3416,1.0,0.0,0.3494,0.4412,-0.429,0.0,0.5537,-0.577,-0.0838,-0.1562,0.523,-0.4556,-0.05688,0.04498,-0.1135,-0.0943,0.498,-0.01182,-0.0677,0.0,0.0,-0.05698,0.0,-0.07,1.229,-0.9663,-0.1302,0.0,0.5,0.5,-0.611,0.242,0.5464,0.0,3.0,0.0,0.0,0.0,-0.1195,-0.4015656000000001,,,
-0.6724,0.0663,-0.4304,-0.4612,-0.656,0.857,-0.3496,1.0,0.0,0.4358,0.53,-0.4412,0.0,0.554,-0.537,-0.02536,-0.1251,0.0775,-0.453,-0.7229,0.02876,-0.05695,-0.1135,-0.0943,-0.00933,-0.06506,0.0,0.0,-0.05353,0.0,-0.09686,0.6167,-0.5415,-1.04,-1.0,0.5,0.0,-0.2517,-0.0815,0.2139,0.0,4.0,0.0,1.0,-3.01,-0.9565,-0.0437247999999999,,,
-0.6616,0.00563,-0.4336,-0.448,-0.3057,0.857,-0.3577,1.0,0.0,0.4404,0.5327,-0.442,0.0,0.5547,-0.09546,0.02412,-0.1005,0.00991,-0.4512,-0.03884,-0.006573,-0.7227,-0.05695,-0.1135,-0.008675,-0.06238,0.0,0.0,-0.04974,0.0,-0.0983,0.5205,-0.4734,-0.0657,-2.0,0.0,-0.5,-0.2201,-0.1197,0.1624,0.0,5.0,0.0,0.0,0.0,-0.06183,0.2019492,,,
-0.688,0.0681,-0.4102,-0.432,0.9014,0.857,-0.366,1.0,0.0,0.4092,0.505,-0.438,0.0,0.5547,-0.7603,0.0556,-0.0749,0.0897,-0.4502,0.2339999999999999,-0.021,-0.0389,-0.7227,-0.05695,-0.009995,-0.05954,0.0,0.0,-0.0465,0.0,-0.0899,0.6562,-0.5664,0.2145,-1.0,0.0,0.0,-0.3,-0.04416,0.2258,1.0,0.0,0.0,0.0,0.0,0.2021,-0.1252716000000001,,,
-0.6567,-0.0834,-0.428,-0.414,-0.9497,0.7144,-0.374,0.0,0.0,0.4338,0.5254,-0.4412,0.0,0.555,-0.2925,0.07275,-0.0547,-0.04468,-0.4487,-0.1934,-0.0703,0.2338,-0.0389,-0.7227,-0.0143,-0.0579,0.0,0.0,-0.04282,0.0,-0.097,0.7383,-0.6284,-0.2402,-1.0,-0.5,0.0,-0.194,-0.1401,0.1034,0.0,1.0,0.0,0.0,0.0,-0.2247,1.4206240000000003,,,
-0.5596,0.7456,-0.2379,-0.377,-14.766,0.7144,-0.382,1.0,0.0,0.218,0.2866,-0.4084,0.0,0.5557,1.335,0.0924,-0.0272,0.7866,-0.4448,1.9661,-0.03387,-0.1934,0.2338,-0.0389,-0.009834,-0.05457,0.0,0.0,-0.03683,0.0,-0.02582,1.19,-0.9194,4.984,0.0,-0.5,0.5,-0.847,0.683,0.8955,1.0,0.0,0.0,0.0,0.0,4.69,-0.0407028,,,
-0.524,0.551,-0.2559,-0.3472,-0.11835,0.7144,-0.3901,1.0,0.0,0.2408,0.3042,-0.4119,0.0,0.556,-0.06445,0.1192,0.01073,0.5586,-0.4404,-0.1832,-0.005657,1.966,-0.1934,0.2338,-0.005695,-0.05087,0.0,0.0,-0.03198,0.0,-0.03293,0.9736,-0.768,-0.3193,0.0,-1.0,0.0,-0.706,0.5146,0.692,0.0,1.0,0.0,0.0,0.0,-0.2832,-0.1229564,,,
-0.5347,0.4128,-0.2664,-0.3228,-0.0998,0.7144,-0.3984,1.0,0.0,0.2517,0.3174,-0.4138,0.0,0.5566,-0.5254,0.1511,0.05536,0.3857,-0.4365,-0.1105599999999999,0.004932,-0.1833,1.966,-0.1934,-0.001804,-0.04755,0.0,0.0,-0.02739,0.0,-0.0372,0.828,-0.666,-0.1453,0.0,-1.5,-0.5,-0.595,0.4016,0.5625,0.0,2.0,0.0,0.0,0.0,-0.1295,-0.0376057999999999,,,
-0.4924,0.2654,-0.2805,-0.3003,-0.1859,0.7144,-0.4065,1.0,0.0,0.2712,0.3303,-0.4163,0.0,0.557,0.03864,0.1757,0.0985,0.2288,-0.4336,-0.148,0.00564,-0.1106,-0.1833,1.966,0.004566,-0.0446,0.0,0.0,-0.02332,0.0,-0.0429,0.7275,-0.596,-0.2686,-1.0,-1.5,-1.0,-0.4934,0.2693,0.438,0.0,3.0,0.0,0.0,0.0,-0.2402,0.6994400000000001,,,
-0.4802,0.703,-0.1711,-0.2712,1.483,0.7144,-0.4065,1.0,1.0,0.1519,0.2053,-0.3975,0.0,0.5576,-0.365,0.2612,0.173,0.457,-0.4233,1.0781,0.0414,-0.1481,-0.1106,-0.1833,0.0159,-0.0401,0.0,0.0,-0.01743,0.0,-0.00244,0.887,-0.693,9.62,0.0,-1.0,-1.0,-0.8306,0.662,0.781,1.0,0.0,0.0,0.0,0.0,7.785,-0.4763879999999998,,,
-0.4202,0.347,-0.232,-0.2546,-0.352,0.7144,-0.4146,1.0,0.0,0.2227,0.2686,-0.4082,0.0,0.558,0.11237,0.3208,0.2281,0.11475,-0.4216,-0.5937,0.01564,1.078,-0.1481,-0.1106,0.02351,-0.03604,0.0,0.0,-0.012024,0.0,-0.02579,0.425,-0.3728,-1.021,-1.0,-1.0,-1.5,-0.5186,0.3467,0.4756,0.0,1.0,0.0,0.0,0.0,-0.8877,-0.2172519999999999,,,
-0.3818,0.1598,-0.2644,-0.2461,-0.3335,0.7144,-0.4229,1.0,0.0,0.262,0.3025,-0.414,0.0,0.5586,0.01015,0.3533,0.2634,-0.0713,-0.4207,-0.3297,-0.04105,-0.5933,1.078,-0.1481,0.03047,-0.03204,0.0,0.0,-0.007095,0.0,-0.0386,0.1299,-0.1678,-1.2295,-1.0,-1.0,-2.0,-0.3286,0.1719,0.2996,0.0,2.0,0.0,0.0,0.0,-1.089,-0.5341239999999999,,,
-0.3123,-0.1464,-0.325,-0.243,-1.224,0.5713,-0.431,0.0,0.0,0.3372,0.3687,-0.4248,0.0,0.559,-0.1077,0.3594,0.2798,-0.3704,-0.4207,-0.6112,-0.0874,-0.3298,-0.5933,1.078,0.02632,-0.02846,0.0,0.0,-0.004078,0.0,-0.06195,-0.0688,-0.03635,-1.351,-1.0,-1.0,-2.0,-0.02707,-0.0893,-0.0372,0.0,3.0,0.0,0.0,0.0,-1.209,0.1441784,,,
-0.3027,-0.2383,-0.342,-0.2401,1.645,0.4285,-0.439,0.0,0.0,0.3577,0.3882,-0.428,0.0,0.5596,-0.3875,0.3418,0.2815,-0.4558,-0.421,-0.1887,-0.12354,-0.611,-0.3298,-0.5933,0.02219,-0.02568,0.0,0.0,-0.001906,0.0,-0.0691,-0.0945,-0.0211,-0.3708,-1.0,-1.5,-2.0,0.06256,-0.1685,-0.1765,0.0,4.0,0.0,0.0,0.0,-0.3386,0.7681932000000002,,,
-0.269,0.1946,-0.2444,-0.2272,-2.812,0.4285,-0.4473,1.0,0.0,0.2485,0.27,-0.4114,0.0,0.56,0.2361,0.3179,0.2732,-0.02338,-0.42,0.9689,-0.1531,-0.1887,-0.611,-0.3298,0.02277,-0.02138,0.0,0.0,0.001672,0.0,-0.03317,0.2064,-0.2201,2.346,-1.0,-1.0,-1.5,-0.3032,0.2355,0.3281,1.0,0.0,0.0,0.0,0.0,2.154,0.432544,,,
-0.2925,0.3113,-0.2037,-0.2032,0.5854,0.4285,-0.4473,1.0,1.0,0.2019,0.226,-0.4045,0.0,0.5605,-0.308,0.2883,0.2568,0.127,-0.4185,0.3873,-0.1606,0.9683,-0.1887,-0.611,0.02574,-0.0171,0.0,0.0,0.00528,0.0,-0.01842,0.564,-0.4688,0.729,0.0,-1.0,-1.0,-0.401,0.371,0.5073,2.0,0.0,0.0,0.0,0.0,0.6494,-0.1647744,,,
-0.2874,0.2179,-0.2063,-0.1792,-0.1207,0.4285,-0.4473,1.0,1.0,0.2052,0.2284,-0.4053,0.0,0.5605,-0.1238,0.2485,0.2405,0.05283,-0.4165,-0.03634,-0.1526,0.387,0.9683,-0.1887,0.02376,-0.01345,0.0,0.0,0.00777,0.0,-0.01993,0.564,-0.4692,-0.09216,0.0,-1.0,-1.0,-0.3506,0.2974,0.4248,0.0,1.0,0.0,0.0,0.0,-0.0811,0.0369896,,,
-0.2761,0.3108,-0.1692,-0.1536,0.4648,0.4285,-0.4473,1.0,1.0,0.1661,0.1863,-0.3992,0.0,0.561,-0.4985,0.1866,0.22,0.1902,-0.4155,0.3465,-0.1271,-0.0364,0.387,0.9683,0.02608,-0.00946,0.0,0.0,0.010056,0.0,-0.006577,0.592,-0.4834,0.537,1.0,-0.5,-1.0,-0.4363,0.401,0.556,1.0,0.0,0.0,0.0,0.0,0.4736,-0.1391144,,,
-0.2888,0.2251,-0.1677,-0.1259,-0.1,0.5713,-0.4473,1.0,1.0,0.1637,0.1858,-0.3992,0.0,0.5615,-0.521,0.0998,0.1957,0.1523,-0.414,0.0001,-0.1077,0.3464,-0.0364,0.387,0.02989,-0.00567,0.0,0.0,0.01249,0.0,-0.006634,0.669,-0.5386,0.0,1.0,-0.5,-1.0,-0.479,0.2494,0.4866,0.0,0.0,0.0,0.0,0.0,0.0,-0.1659752,,,
-0.4202,0.10614,-0.1891,-0.12054,-0.2815,0.5713,-0.4473,1.0,1.0,0.1759,0.2202,-0.403,0.0,0.562,-0.4478,0.00952,0.1661,0.02007,-0.413,-0.2163,-0.1022,0.0,0.3464,-0.0364,0.03543,-0.002035,0.0,0.0,0.01475,0.0,-0.015144,0.037,-0.09106,-0.272,0.0,-1.0,-1.5,-0.3496,0.1158,0.3188,0.0,1.0,0.0,0.0,0.0,-0.2372,0.1341452,,,
-0.4248,0.147,-0.1746,-0.11194,0.3657,0.5713,-0.4473,1.0,1.0,0.16,0.2046,-0.401,0.0,0.5625,-0.0872,-0.0793,0.1343,0.07495,-0.4128,0.1273,-0.09814,-0.2164,0.0,0.3464,0.0424,0.002054,0.0,0.0,0.0173,0.0,-0.01028,0.1714,-0.1848,0.2456,0.0,-0.5,-1.0,-0.3665,0.1339,0.342,1.0,0.0,0.0,0.0,0.0,0.2156,0.5871287999999999,,,
-0.4038,0.4612,-0.0964,-0.0948,1.6045,0.5713,-0.4473,1.0,1.0,0.0802,0.1187,-0.3875,0.0,0.563,0.04205,-0.1633,0.1008,0.4055,-0.4116,0.7418,-0.0998,0.1271,-0.2164,0.0,0.0485,0.006992,0.0,0.0,0.02217,0.0,0.01857,0.468,-0.3838,1.733,1.0,0.0,-0.5,-0.586,0.4246,0.6733,2.0,0.0,0.0,0.0,0.0,1.516,0.0033376,,,
-0.4546,0.3943,-0.0979,-0.0769,0.001611,0.5713,-0.4473,1.0,1.0,0.0777,0.1246,-0.3877,0.0,0.5635,-0.6685,-0.258,0.06064,0.367,-0.4106,-0.01758,-0.1212,0.741,0.1271,-0.2164,0.0528,0.01128,0.0,0.0,0.02707,0.0,0.01779,0.531,-0.4287,-0.03317,0.0,0.0,-0.5,-0.573,0.3013,0.611,0.0,1.0,0.0,0.0,0.0,-0.02834,0.1059684,,,
-0.4702,0.556,-0.05637,-0.06665,0.4966,0.5713,-0.4473,1.0,1.0,0.03458,0.0827,-0.3806,0.0,0.564,0.0712,-0.2563,0.00906,0.538,-0.41,0.3893,-0.1262,-0.01767,0.741,0.1271,0.05908,0.01563,0.0,0.0,0.03226,0.0,0.03317,0.3242,-0.2747,1.254,1.0,0.5,-0.5,-0.6797,0.3906,0.7593,1.0,0.0,0.0,0.0,0.0,1.072,0.1764816,,,
-0.5137,0.639,-0.02457,-0.04694,0.2732,0.5713,-0.4473,1.0,1.0,-0.0002357,0.054,-0.3752,0.0,0.5645,-0.3762,-0.2405,-0.05173,0.626,-0.4077,0.2971,-0.1477,0.389,-0.01767,0.741,0.06525,0.02025,0.0,0.0,0.03824,0.0,0.04507,0.7783,-0.5933,0.678,2.0,0.5,0.0,-0.733,0.4429,0.8784,2.0,0.0,0.0,0.0,0.0,0.5728,-0.1005211999999999,,,
-0.558,0.65,-0.004047,-0.02138,0.1492,0.5713,-0.4473,1.0,1.0,-0.02373,0.03708,-0.3716,0.0,0.565,-0.554,-0.2074,-0.1029,0.632,-0.4045,0.1906999999999999,-0.09216,0.297,0.389,-0.01767,0.07227,0.02469,0.0,0.0,0.0416,0.0,0.05276,1.059,-0.79,0.373,2.0,0.5,0.5,-0.7593,0.4277,0.8193,3.0,0.0,0.0,0.0,0.0,0.3123,0.0372507999999999,,,
-0.5605,0.575,0.003286,0.01152,0.02388,0.7144,-0.4473,1.0,1.0,-0.03098,0.03,-0.3704,0.0,0.5654,-0.2104,-0.1577,-0.134,0.5547,-0.4006,0.06895,-0.04868,0.1904,0.297,0.389,0.0806,0.0285,0.0,0.0,0.04535,0.0,0.0555,1.574,-1.161,0.159,2.0,1.0,1.0,-0.7256,0.3792,0.7217,4.0,0.0,0.0,0.0,0.0,0.1323,0.119978,,,
-0.531,0.5244,0.01788,0.04758,0.05072,0.857,-0.4473,1.0,1.0,-0.04254,0.013115,-0.3677,0.0,0.566,-0.04297,-0.0992,-0.1437,0.5117,-0.3965,0.1376,-0.01229,0.06885,0.1904,0.297,0.08905,0.03195,0.0,0.0,0.0495,0.0,0.06104,1.574,-1.299,0.356,3.0,1.0,1.5,-0.753,0.3274,0.6763,5.0,0.0,0.0,0.0,0.0,0.2954,0.3137175999999999,,,
-0.5845,0.694,0.07745,0.07947,0.432,0.857,-0.4473,1.0,1.0,-0.1027,-0.04007,-0.3574,0.0,0.566,-0.2747,-0.02751,-0.1349,0.665,-0.392,0.5475,0.03775,0.1373,0.06885,0.1904,0.09674,0.03613,0.0,0.0,0.05484,0.0,0.0835,1.574,-1.269,1.298,3.0,1.5,1.5,-0.887,0.4883,0.7925,5.92,0.0,0.0,0.0,0.0,1.073,0.1131507999999999,,,
-0.609,0.568,0.069,0.10626,-0.03998,0.857,-0.4473,1.0,1.0,-0.09686,-0.02992,-0.3586,0.0,0.5664,-0.7173,0.03738,-0.0859,0.5576,-0.3894,-0.06716,0.0887,0.547,0.1373,0.06885,0.1042,0.04037,0.0,0.0,0.05835,0.0,0.0806,1.574,-1.179,-0.09454,2.0,1.5,1.0,-0.7866,0.3833,0.6514,0.0,1.0,0.0,0.0,0.0,-0.07684,-0.4323148,,,
-0.5913,0.2391,0.01161,0.1278,-0.4077,0.857,-0.4473,1.0,1.0,-0.04144,0.0243,-0.3684,0.0,0.567,-0.4504,0.0988,-0.03772,0.2361,-0.387,-0.5053,0.09973,-0.06726,0.547,0.1373,0.10736,0.04407,0.0,0.0,0.06198,0.0,0.0594,1.097,-0.814,-0.911,1.0,1.0,1.0,-0.5195,0.118,0.3806,0.0,2.0,0.0,0.0,0.0,-0.742,-1.03948,,,
-0.434,-0.501,-0.1501,0.1302,-2.336,0.7144,-0.4473,0.0,1.0,0.1334,0.1786,-0.3962,0.0,0.5674,0.3547,0.1327,-0.004143,-0.4907,-0.387,-1.4729,0.0785,-0.5054,-0.06726,0.547,0.1019,0.0468,0.0,0.0,0.0636,0.0,-0.00141,-0.02336,-0.04147,-4.836,0.0,0.5,0.5,0.1902,-0.471,-0.258,0.0,3.0,0.0,1.0,-5.465,-4.0,-0.6464068000000001,,,
-0.3633,-0.8804,-0.2378,0.1243,1.1,0.5713,-0.4553,0.0,0.0,0.2336,0.2703,-0.4114,0.0,0.568,-0.01881,0.1368,0.00926,-0.8438,-0.389,-0.8437,0.0467,-1.472,-0.5054,-0.06726,0.0918,0.04868,0.0,0.0,0.06476,0.0,-0.03467,-0.351,0.1777,-2.723,-1.0,0.5,0.5,0.553,-0.7817,-0.645,0.0,4.0,0.0,0.0,0.0,-2.361,-0.014916,,,
-0.3357,-0.9453,-0.2554,0.1192,0.22,0.4285,-0.4634,0.0,0.0,0.2554,0.288,-0.4148,0.0,0.5684,-0.1748,0.12,0.007175,-0.8975,-0.3901,-0.1842,0.00852,-0.8433,-1.472,-0.5054,0.08044,0.05008,0.0,0.0,0.066,0.0,-0.0418,-0.339,0.1661,-0.3494,-2.0,0.0,0.5,0.5825,-0.8037,-0.779,0.0,5.0,0.0,0.0,0.0,-0.3113,0.1757488,,,
-0.364,-0.7925,-0.2233,0.1166,-0.05566,0.2856,-0.4714,0.0,0.0,0.2175,0.254,-0.4094,0.0,0.569,-0.277,0.0844,-0.002632,-0.753,-0.3904,0.2966999999999999,0.0046,-0.1843,-0.8433,-1.472,0.06976,0.05203,0.0,0.0,0.06616,0.0,-0.03056,-0.273,0.1239,0.512,-1.0,0.0,0.5,0.3843,-0.6436,-0.653,1.0,0.0,0.0,0.0,0.0,0.4592,-0.4439880000000001,,,
-0.3408,-1.05,-0.2908,0.09924,0.5195,0.1428,-0.4797,0.0,0.0,0.2952,0.33,-0.4214,0.0,0.5693,0.0743,0.03244,-0.02069,-1.028,-0.392,-0.6796,0.041,0.2966,-0.1843,-0.8433,0.05338,0.05124,0.0,0.0,0.06464,0.0,-0.05673,-0.797,0.4863,-1.393,-1.0,-0.5,0.0,0.666,-0.865,-0.89,0.0,1.0,0.0,0.0,0.0,-1.237,0.3246388,,,
-0.298,-0.844,-0.2544,0.0858,-0.09326,0.0,-0.4878,0.0,0.0,0.2573,0.2842,-0.4158,0.0,0.57,0.0605,-0.03433,-0.04376,-0.811,-0.3945,0.3381,0.05954,-0.6797,0.2966,-0.1843,0.03882,0.051,0.0,0.0,0.0637,0.0,-0.04413,-0.641,0.3809,0.856,0.0,-0.5,0.5,0.4631,-0.6587,-0.719,1.0,0.0,0.0,0.0,0.0,0.7764,0.60317,,,
-0.352,-0.4092,-0.1646,0.0777,-0.4758,-0.1428,-0.4878,0.0,1.0,0.1552,0.1875,-0.401,0.0,0.5703,-0.1781,-0.11475,-0.0708,-0.3784,-0.396,0.8546,0.0609,0.3376,-0.6797,0.2966,0.03055,0.0518,0.0,0.0,0.06354,0.0,-0.01172,-0.4626,0.2678,1.373,1.0,-0.5,0.5,0.105,-0.2283,-0.3677,2.0,0.0,0.0,0.0,0.0,1.232,-0.4892543999999998,,,
-0.2808,-0.701,-0.2407,0.0587,1.085,-0.2856,-0.4958,0.0,0.0,0.2435,0.2668,-0.4143,0.0,0.571,0.1273,-0.1869,-0.0996,-0.675,-0.3984,-0.7599,0.08167,0.854,0.3376,-0.6797,0.02591,0.0519,0.0,0.0,0.06216,0.0,-0.0414,-0.767,0.472,-1.552,1.0,-1.0,0.0,0.4417,-0.516,-0.651,0.0,1.0,0.0,0.0,0.0,-1.356,0.0306799999999999,,,
-0.271,-0.549,-0.2211,0.03824,-0.1295,-0.4285,-0.504,0.0,0.0,0.2225,0.2437,-0.4114,0.0,0.5713,-0.2969,-0.221,-0.1285,-0.537,-0.401,0.1667999999999999,0.0928,-0.7593,0.854,0.3376,0.02591,0.05106,0.0,0.0,0.0614,0.0,-0.03513,-0.7817,0.485,0.2766,1.0,-0.5,0.0,0.3442,-0.4038,-0.5674,1.0,0.0,0.0,0.0,0.0,0.2478,-0.0634039999999999,,,
-0.2852,-0.4385,-0.2112,0.01721,-0.11835,-0.5713,-0.512,0.0,0.0,0.2107,0.2338,-0.4102,0.0,0.572,-0.276,-0.1935,-0.1566,-0.427,-0.4038,0.0738,0.10333,0.1667,-0.7593,0.854,0.02707,0.05093,0.0,0.0,0.06055,0.0,-0.03235,-0.7817,0.4863,0.1268,2.0,0.0,0.0,0.2864,-0.3506,-0.522,2.0,0.0,0.0,0.0,0.0,0.11304,-0.301654,,,
-0.3022,-0.473,-0.2355,-0.007996,0.236,-0.7144,-0.5205,0.0,0.0,0.236,0.2627,-0.4148,0.0,0.572,-0.2913,-0.12476,-0.1749,-0.469,-0.4067,-0.2575,0.1221,0.0737,0.1667,-0.7593,0.02574,0.0509,0.0,0.0,0.0581,0.0,-0.0423,-0.8926,0.561,-0.433,1.0,0.0,-0.5,0.3564,-0.457,-0.5786,0.0,1.0,0.0,0.0,0.0,-0.385,-0.209576,,,
-0.3152,-0.4873,-0.2612,-0.04196,0.173,-0.857,-0.5283,0.0,0.0,0.2637,0.2935,-0.4197,0.0,0.5723,-0.471,-0.0341,-0.1731,-0.485,-0.4111,-0.2779,0.146,-0.2573,0.0737,0.1667,0.02625,0.0512,0.0,0.0,0.0552,0.0,-0.05295,-1.198,0.775,-0.5483,0.0,0.0,-1.0,0.4546,-0.535,-0.6313,0.0,2.0,0.0,0.0,0.0,-0.4915,-0.12849628,,,
-0.3062,-0.3865,-0.2632,-0.0767,-0.1317,-1.0,-0.5366,0.0,0.0,0.2666,0.295,-0.4202,0.0,0.5728,-0.5645,0.04526,-0.154,-0.4214,-0.414,-0.0373,0.1604,-0.278,-0.2573,0.0737,0.02509,0.0517,0.0,0.0,0.05164,0.0,-0.0544,-1.192,0.77,-0.06256,0.0,0.0,-1.0,0.4087,-0.5415,-0.594,0.0,3.0,0.0,0.0,0.0,-0.05652,0.2668312,,,
-0.348,-0.1091,-0.2217,-0.10187,-0.838,-1.143,-0.545,0.0,0.0,0.217,0.2507,-0.4133,0.0,0.573,-0.4097,0.10114,-0.1166,-0.164,-0.4167,0.3933999999999999,0.1516,-0.03738,-0.278,-0.2573,0.02187,0.05157,0.0,0.0,0.0482,0.0,-0.03964,-0.918,0.5806,0.504,0.0,0.0,-0.5,0.1559,-0.405,-0.4214,1.0,0.0,0.0,0.0,0.0,0.4558,0.4343480000000002,,,
-0.4363,0.3528,-0.1234,-0.10065,-14.766,-1.0,-0.545,1.0,1.0,0.1053,0.15,-0.397,0.0,0.5737,0.04047,0.1338,-0.0703,0.3308,-0.4182,0.9435,0.1236,0.393,-0.03738,-0.278,0.02632,0.05203,0.0,0.0,0.0459,0.0,-0.003721,-0.1076,0.01802,2.021,0.0,0.5,0.0,-0.2257,0.002426,-0.05438,2.0,0.0,0.0,0.0,0.0,1.808,0.0446067999999999,,,
-0.4578,0.3647,-0.1128,-0.08923,0.1628,-0.857,-0.545,1.0,1.0,0.09265,0.1405,-0.3953,0.0,0.574,-0.2783,0.1439,-0.0288,0.3667,-0.418,0.08994,0.08936,0.943,0.393,-0.03738,0.03047,0.05264,0.0,0.0,0.04364,0.0,-0.0002606,0.2803,-0.2573,0.1683,1.0,0.5,0.5,-0.2446,0.01175,0.012825,3.0,0.0,0.0,0.0,0.0,0.1462,-0.509608,,,
-0.407,-0.03372,-0.1925,-0.08264,-0.8213,-0.7144,-0.545,1.0,1.0,0.1805,0.2229,-0.4092,0.0,0.5747,0.0916,0.1306,0.001518,-0.0411,-0.417,-0.7704,0.0428,0.0898,0.943,0.393,0.03072,0.05203,0.0,0.0,0.0399,0.0,-0.03067,0.0199,-0.0848,-1.454,1.0,0.0,0.5,0.1119,-0.3093,-0.2632,0.0,1.0,0.0,0.0,0.0,-1.26,0.0909212,,,
-0.4353,0.1327,-0.1522,-0.07556,3.87,-0.5713,-0.545,1.0,1.0,0.1355,0.181,-0.4028,0.0,0.575,-0.471,0.093,0.01834,0.1292,-0.4167,0.3673,-0.06003,-0.77,0.0898,0.943,0.03378,0.05182,0.0,0.0,0.03577,0.0,-0.0166,0.04507,-0.0965,0.5103,2.0,0.5,0.5,-0.05856,-0.1642,-0.0407,1.0,0.0,0.0,0.0,0.0,0.4531,0.4771376000000002,,,
-0.4575,0.494,-0.05927,-0.05255,1.9375,-0.4285,-0.545,1.0,1.0,0.03848,0.0846,-0.3872,0.0,0.5757,0.108,0.03525,0.0172,0.5073,-0.415,0.8717,-0.1687,0.367,-0.77,0.0898,0.04205,0.0528,0.0,0.0,0.0332,0.0,0.0172,0.587,-0.4685,1.51,2.0,0.5,1.0,-0.3638,0.211,0.594,2.0,0.0,0.0,0.0,0.0,1.325,0.4845052000000002,,,
-0.4617,0.766,0.01764,-0.0265,0.6387,-0.2856,-0.545,1.0,1.0,-0.0368,0.007668,-0.3743,0.0,0.576,0.2307,-0.03165,-0.006535,0.7554,-0.4114,0.7071,-0.1967,0.871,0.367,-0.77,0.0538,0.0544,0.0,0.0,0.03268,0.0,0.04532,0.678,-0.521,1.724,2.0,0.5,1.0,-0.6016,0.4456,1.113,3.0,0.0,0.0,0.0,0.0,1.473,0.1812379999999999,,,
-0.483,0.8345,0.04697,-0.006386,0.2195,-0.1428,-0.545,1.0,1.0,-0.0662,-0.01918,-0.3694,0.0,0.5767,-0.3416,-0.1015,-0.0417,0.7793,-0.4075,0.2593999999999999,-0.1166,0.7065,0.871,0.367,0.06506,0.0555,0.0,0.0,0.0351,0.0,0.0558,0.5464,-0.4224,0.753,2.0,1.0,1.0,-0.665,0.4595,1.057,4.0,0.0,0.0,0.0,0.0,0.629,-0.6899700000000003,,,
-0.3572,0.1931,-0.0801,0.00906,-0.6147,0.0,-0.545,1.0,1.0,0.0674,0.09784,-0.391,0.0,0.577,0.609,-0.1516,-0.07666,0.1296,-0.4053,-1.1489,-0.10754,0.2593,0.7065,0.871,0.0665,0.05533,0.0,0.0,0.03696,0.0,0.00836,0.3477,-0.3013,-5.105,2.0,1.0,1.0,-0.0986,-0.02565,0.315,0.0,1.0,0.0,1.0,-4.715,-4.23,0.138904,,,
-0.3704,0.2673,-0.05276,0.02505,0.422,0.1428,-0.545,1.0,1.0,0.039,0.07074,-0.3865,0.0,0.5776,-0.3816,-0.1768,-0.11127,0.2153,-0.404,0.2491,-0.09717,-1.148,0.2593,0.7065,0.0688,0.05496,0.0,0.0,0.0395,0.0,0.01817,0.3716,-0.3142,0.412,2.0,1.5,1.0,-0.1743,0.0709,0.4028,1.0,0.0,0.0,0.0,0.0,0.3542,-0.1914119999999999,,,
-0.3645,0.318,-0.029,0.04303,0.2896,0.2856,-0.545,1.0,1.0,0.01607,0.0461,-0.3826,0.0,0.5776,-0.1449,-0.168,-0.1483,0.2805,-0.4026,0.2118999999999999,-0.07825,0.2489,-1.148,0.2593,0.07556,0.0545,0.0,0.0,0.04193,0.0,0.02657,0.409,-0.337,0.4082,2.0,1.5,1.0,-0.2378,0.1318,0.4592,2.0,0.0,0.0,0.0,0.0,0.3484,-0.0038138399999999,,,
-0.387,0.2303,-0.03345,0.0638,-0.1017,0.4285,-0.545,1.0,1.0,0.0186,0.05246,-0.3835,0.0,0.578,-0.651,-0.1301,-0.1793,0.2075,-0.401,-0.0525,-0.085,0.2117,0.2489,-1.148,0.08044,0.05377,0.0,0.0,0.04538,0.0,0.02438,0.4917,-0.397,-0.0869,1.0,1.0,1.0,-0.2007,0.0695,0.3804,0.0,1.0,0.0,0.0,0.0,-0.07367,0.175568,,,
-0.4077,0.3052,0.002693,0.0916,0.3904,0.5713,-0.545,1.0,1.0,-0.01817,0.01796,-0.3777,0.0,0.5786,-0.635,-0.07367,-0.1943,0.2983,-0.3984,0.3162999999999999,-0.07574,-0.05258,0.2117,0.2489,0.0828,0.0533,0.0,0.0,0.0488,0.0,0.03705,0.6865,-0.5303,0.364,1.0,1.0,1.5,-0.2876,0.1881,0.4883,1.0,0.0,0.0,0.0,0.0,0.309,0.047512,,,
-0.418,0.3267,0.02914,0.12225,0.1923,0.7144,-0.545,1.0,1.0,-0.04422,-0.00724,-0.3735,0.0,0.579,-0.639,-0.02002,-0.1951,0.3481,-0.3962,0.2261999999999999,-0.04697,0.316,-0.05258,0.2117,0.083,0.05298,0.0,0.0,0.05127,0.0,0.0462,0.7515,-0.5728,0.1503,2.0,1.5,2.0,-0.3503,0.2369,0.536,2.0,0.0,0.0,0.0,0.0,0.1263,-0.7261360000000002,,,
-0.3286,-0.1838,-0.07214,0.1387,-1.204,0.7144,-0.545,0.0,1.0,0.06174,0.0873,-0.391,0.0,0.5796,0.2288,0.01465,-0.1804,-0.1569,-0.3945,-0.9325,-0.06274,0.226,0.316,-0.05258,0.07745,0.0509,0.0,0.0,0.05338,0.0,0.008026,0.2776,-0.2512,-1.615,1.0,1.0,1.5,0.06323,-0.1885,0.0159,0.0,1.0,0.0,0.0,0.0,-1.348,0.2480755999999999,,,
-0.394,-0.0745,-0.04172,0.1476,-1.006,0.7144,-0.545,1.0,1.0,0.02618,0.06143,-0.3862,0.0,0.58,-0.493,0.02477,-0.157,-0.05334,-0.3938,0.2668999999999999,-0.0732,-0.932,0.226,0.316,0.0787,0.04922,0.0,0.0,0.05566,0.0,0.01854,0.10095,-0.12054,0.4998,1.0,1.0,1.5,-0.03546,-0.0673,0.1247,1.0,0.0,0.0,0.0,0.0,0.4297,-0.3000163999999999,,,
-0.3936,-0.07574,-0.03577,0.1564,-0.06192,0.7144,-0.545,1.0,1.0,0.02036,0.05536,-0.3855,0.0,0.5806,-0.2722,0.01842,-0.1282,-0.05975,-0.3928,0.03538,-0.0843,0.2666,-0.932,0.226,0.079,0.0482,0.0,0.0,0.0579,0.0,0.0199,0.08466,-0.1083,0.0522,2.0,1.0,1.5,-0.0769,-0.1015,0.11237,2.0,0.0,0.0,0.0,0.0,0.0445,-0.2854703999999999,,,
-0.4375,-0.2324,-0.06012,0.1715,-14.766,0.5713,-0.545,0.0,1.0,0.04095,0.08386,-0.3901,0.0,0.581,-0.6216,-0.000501,-0.0979,-0.2063,-0.3918,-0.2466,-0.1117,0.03528,0.2666,-0.932,0.077,0.04855,0.0,0.0,0.06012,0.0,0.00994,0.2883,-0.258,-0.5264,1.0,0.5,1.5,0.02565,-0.2201,-0.05862,0.0,1.0,0.0,0.0,0.0,-0.4482,-0.3826888,,,
-0.361,-0.4797,-0.11163,0.1768,1.883,0.4285,-0.545,0.0,1.0,0.0992,0.1313,-0.3992,0.0,0.5815,0.2496,-0.04575,-0.076,-0.4458,-0.3918,-0.4972,-0.1561,-0.2466,0.03528,0.2666,0.07306,0.04932,0.0,0.0,0.06198,0.0,-0.009895,-0.0248,-0.04324,-1.042,0.0,0.5,1.0,0.2087,-0.4492,-0.4084,0.0,2.0,0.0,0.0,0.0,-0.8945,0.7584844000000003,,,
-0.2286,0.02176,0.004917,0.1832,-1.212,0.4285,-0.545,1.0,1.0,-0.00597,0.0009623,-0.3796,0.0,0.582,2.174,-0.09985,-0.06186,0.03235,-0.3906,1.0821,-0.2119,-0.497,-0.2466,0.03528,0.0726,0.05145,0.0,0.0,0.0656,0.0,0.03235,0.04633,-0.0754,2.414,1.0,0.5,1.0,-0.2177,0.03455,0.2527,1.0,0.0,0.0,0.0,0.0,2.105,-0.074192,,,
-0.2969,0.2076,0.0479,0.1852,2.06,0.4285,-0.545,1.0,1.0,-0.05222,-0.03546,-0.3726,0.0,0.5825,-0.5317,-0.1475,-0.06232,0.2156,-0.3904,0.3838999999999999,-0.2446,1.082,-0.497,-0.2466,0.0728,0.0537,0.0,0.0,0.06934,0.0,0.04782,-0.06226,0.008934,0.5327,1.0,0.5,1.0,-0.339,0.1729,0.5137,2.0,0.0,0.0,0.0,0.0,0.4495,-0.0383251999999999,,,
-0.299,0.2378,0.05435,0.1847,0.2449,0.4285,-0.545,1.0,1.0,-0.0584,-0.0415,-0.3716,0.0,0.583,-0.3381,-0.1884,-0.07996,0.2695,-0.3914,0.05183,-0.2374,0.3838,1.082,-0.497,0.0778,0.05673,0.0,0.0,0.0716,0.0,0.04987,-0.1414,0.0663,0.07404,1.0,1.0,1.0,-0.3806,0.0973,0.488,3.0,0.0,0.0,0.0,0.0,0.06168,-0.18835892,,,
-0.4,0.081,0.02618,0.1945,-0.3916,0.4285,-0.545,1.0,1.0,-0.03998,-0.005836,-0.3765,0.0,0.5835,-0.2651,-0.2186,-0.1017,0.0935,-0.3896,-0.2582,-0.24,0.0517,0.3838,1.082,0.08026,0.05914,0.0,0.0,0.0733,0.0,0.03925,0.2637,-0.2274,-0.358,1.0,0.5,1.0,-0.2463,-0.04318,0.2385,0.0,1.0,0.0,0.0,0.0,-0.2979,0.0692923999999999,,,
-0.392,0.0936,0.0342,0.2019,0.2164,0.4285,-0.545,1.0,1.0,-0.04697,-0.01431,-0.3752,0.0,0.5835,-0.2673,-0.2512,-0.1288,0.104,-0.3887,0.0695,-0.289,-0.258,0.0517,0.3838,0.08295,0.0607,0.0,0.0,0.0764,0.0,0.042,0.1947,-0.177,0.1107,2.0,0.5,1.0,-0.2607,-0.04367,0.2764,1.0,0.0,0.0,0.0,0.0,0.0929,0.045564,,,
-0.4224,0.02382,0.02077,0.205,-0.293,0.4285,-0.545,1.0,1.0,-0.03662,0.001332,-0.3774,0.0,0.584,-0.5913,-0.2869,-0.1667,0.02693,-0.3882,-0.1211,-0.3284,0.0694,-0.258,0.0517,0.0861,0.0629,0.0,0.0,0.0787,0.0,0.03702,0.04028,-0.0689,-0.1519,1.0,0.5,0.5,-0.1891,-0.11224,0.1282,0.0,1.0,0.0,0.0,0.0,-0.1271,-0.1783382399999999,,,
-0.3777,-0.12286,-0.01179,0.2056,-1.357,0.2856,-0.545,0.0,1.0,-0.001787,0.0299,-0.383,0.0,0.5845,-0.2324,-0.326,-0.2112,-0.1171,-0.3882,-0.2953,-0.3318,-0.12115,0.0694,-0.258,0.0903,0.0647,0.0,0.0,0.07904,0.0,0.02495,-0.0785,0.01061,-0.513,0.0,0.0,0.5,-0.05853,-0.252,-0.2101,0.0,2.0,0.0,0.0,0.0,-0.4312,-0.2884412,,,
-0.3132,-0.344,-0.0666,0.1979,5.816,0.1428,-0.545,0.0,1.0,0.05734,0.0802,-0.3923,0.0,0.585,-0.0592,-0.3613,-0.2512,-0.3445,-0.3887,-0.5089,-0.326,-0.2954,-0.12115,0.0694,0.08704,0.0658,0.0,0.0,0.0774,0.0,0.00442,-0.4402,0.2598,-0.9224,-1.0,-0.5,0.0,0.1628,-0.4543,-0.7036,0.0,3.0,0.0,0.0,0.0,-0.782,0.1806723999999999,,,
-0.2751,-0.10156,-0.0158,0.1927,-0.853,0.0,-0.545,0.0,1.0,0.010315,0.02545,-0.384,0.0,0.5854,0.0784,-0.3875,-0.283,-0.1135,-0.3892,0.4637,-0.345,-0.509,-0.2954,-0.12115,0.08417,0.0676,0.0,0.0,0.0761,0.0,0.0227,-0.3296,0.1888,0.782,0.0,0.0,0.0,-0.0639,-0.2683,-0.1736,1.0,0.0,0.0,0.0,0.0,0.674,-0.140772,,,
-0.3108,-0.1708,-0.02875,0.1963,3.79,0.0,-0.545,0.0,1.0,0.0201,0.0414,-0.3862,0.0,0.586,-0.2935,-0.407,-0.312,-0.1752,-0.3892,-0.12295,-0.3513,0.4634,-0.509,-0.2954,0.08044,0.0697,0.0,0.0,0.07654,0.0,0.01768,0.03644,-0.0745,-0.248,-1.0,0.0,0.0,-0.02066,-0.3289,-0.338,0.0,1.0,0.0,0.0,0.0,-0.2107,0.1816056,,,
-0.3193,-0.0354,0.00419,0.2001,-1.483,0.0,-0.545,1.0,1.0,-0.012535,0.00918,-0.3806,0.0,0.5864,-0.566,-0.4219,-0.3418,-0.0488,-0.3884,0.2999,-0.3528,-0.123,0.4634,-0.509,0.07935,0.0721,0.0,0.0,0.0771,0.0,0.0296,0.0527,-0.0809,0.56,0.0,0.0,0.0,-0.1295,-0.186,0.0005097,1.0,0.0,0.0,0.0,0.0,0.4775,-0.133072,,,
-0.3247,-0.164,-0.02446,0.2003,-2.86,-0.1428,-0.545,0.0,1.0,0.0148,0.03824,-0.3855,0.0,0.587,-0.4717,-0.4346,-0.3738,-0.177,-0.3884,-0.2621,-0.3516,0.2998,-0.123,0.4634,0.0767,0.0738,0.0,0.0,0.0768,0.0,0.01895,-0.0945,0.01955,-0.5024,0.0,-0.5,-0.5,-0.01614,-0.3037,-0.3057,0.0,1.0,0.0,0.0,0.0,-0.4243,0.0363591999999999,,,
-0.3184,-0.04523,0.005856,0.2057,-1.401,0.0,-0.5366,1.0,1.0,-0.014046,0.00744,-0.3804,0.0,0.5874,-0.4126,-0.439,-0.4038,-0.0602,-0.3877,0.2820999999999999,-0.3513,-0.262,0.2998,-0.123,0.076,0.07477,0.0,0.0,0.0771,0.0,0.03017,0.1506,-0.1504,0.5215,1.0,-0.5,0.0,-0.1406,-0.195,0.01971,1.0,0.0,0.0,0.0,0.0,0.444,-0.4091599999999999,,,
-0.3335,-0.327,-0.05402,0.2106,-8.21,0.0,-0.5283,0.0,1.0,0.0432,0.06903,-0.3904,0.0,0.588,-0.2418,-0.4412,-0.4248,-0.3481,-0.3867,-0.5414,-0.3474,0.2817,-0.262,0.2998,0.0741,0.0751,0.0,0.0,0.0759,0.0,0.00822,0.12366,-0.1409,-1.162,0.0,-0.5,0.0,0.0594,-0.4612,-0.5815,0.0,1.0,0.0,0.0,0.0,-0.981,0.2303279999999999,,,
-0.576,-0.1797,-0.02365,0.2067,-0.507,-0.1428,-0.5205,0.0,1.0,-0.00615,0.05823,-0.3853,0.0,0.5884,-0.605,-0.4436,-0.4414,-0.1897,-0.3875,0.2845,-0.3582,-0.5415,0.2817,-0.262,0.07587,0.07654,0.0,0.0,0.0749,0.0,0.01945,-0.2588,0.1371,0.4102,1.0,-0.5,0.0,-0.0719,-0.3333,-0.2192,1.0,0.0,0.0,0.0,0.0,0.3523,0.5182744,,,
-0.565,0.2255,0.0678,0.2075,-4.266,-0.1428,-0.5205,1.0,1.0,-0.0923,-0.03247,-0.3696,0.0,0.589,0.04715,-0.448,-0.4536,0.2186,-0.3877,0.8451,-0.3445,0.2842,-0.5415,0.2817,0.0795,0.07855,0.0,0.0,0.07684,0.0,0.05325,-0.01657,-0.02087,1.385,1.0,0.0,0.0,-0.3616,0.05646,0.6973,2.0,0.0,0.0,0.0,0.0,1.18,-0.09342584,,,
-0.5947,0.1742,0.0561,0.2072,-0.04544,-0.1428,-0.5205,1.0,1.0,-0.0837,-0.01877,-0.3716,0.0,0.589,-0.749,-0.4705,-0.4648,0.1707,-0.3877,-0.10287,-0.334,0.845,0.2842,-0.5415,0.08325,0.0795,0.0,0.0,0.0781,0.0,0.04898,-0.0945,0.03287,-0.08466,1.0,0.0,-0.5,-0.2996,-0.02647,0.502,0.0,1.0,0.0,0.0,0.0,-0.07025,-0.147128,,,
-0.6187,0.141,0.05035,0.2096,-0.005123,-0.1428,-0.5205,1.0,1.0,-0.08026,-0.01123,-0.3726,0.0,0.5894,-0.5967,-0.4766,-0.4744,0.1459,-0.3877,-0.0515399999999999,-0.3271,-0.1029,0.845,0.2842,0.0853,0.0796,0.0,0.0,0.07935,0.0,0.04684,0.013275,-0.04498,-0.05438,0.0,0.0,-0.5,-0.2573,-0.0738,0.3909,0.0,2.0,0.0,0.0,0.0,-0.04526,-0.1191512,,,
-0.6533,0.05673,0.03036,0.2081,-0.2717,-0.1428,-0.512,1.0,1.0,-0.0643,0.01103,-0.3757,0.0,0.59,-0.7676,-0.4778,-0.4807,0.0622,-0.3877,-0.1724,-0.3335,-0.05164,-0.1029,0.845,0.0878,0.0792,0.0,0.0,0.0806,0.0,0.03973,-0.112,0.04135,-0.157,0.0,-0.5,-1.0,-0.1678,-0.1632,0.1663,0.0,3.0,0.0,0.0,0.0,-0.1309,-0.02902,,,
-0.5977,0.02986,0.02364,0.2073,-0.07477,-0.1428,-0.504,1.0,1.0,-0.05344,0.013016,-0.3767,0.0,0.5903,0.0844,-0.477,-0.489,0.03073,-0.3875,-0.0518999999999999,-0.3762,-0.1724,-0.05164,-0.1029,0.08875,0.0801,0.0,0.0,0.08264,0.0,0.0375,-0.07666,0.015205,-0.1442,-1.0,-0.5,-1.0,-0.1487,-0.2097,0.07196,0.0,4.0,0.0,0.0,0.0,-0.1208,0.3412999999999999,,,
-0.6045,0.319,0.0952,0.2167,2.914,0.0,-0.4958,1.0,1.0,-0.12067,-0.0552,-0.3645,0.0,0.591,-0.09216,-0.468,-0.4888,0.3176,-0.3862,0.6597999999999999,-0.3503,-0.05197,-0.1724,-0.05164,0.09534,0.0814,0.0,0.0,0.08405,0.0,0.0642,0.373,-0.294,1.487,-1.0,-0.5,-0.5,-0.3884,0.0596,0.7964,1.0,0.0,0.0,0.0,0.0,1.248,-0.074929936,,,
-0.6235,0.163,0.0691,0.2295,-0.2832,0.1428,-0.4878,1.0,1.0,-0.0981,-0.02882,-0.3687,0.0,0.5913,-0.536,-0.4475,-0.4812,0.1654,-0.3848,-0.2211,-0.3435,0.6597,-0.05197,-0.1724,0.09955,0.0823,0.0,0.0,0.08435,0.0,0.05496,0.5425,-0.4192,-0.5386,-1.0,-0.5,-0.5,-0.2822,-0.07745,0.4941,0.0,1.0,0.0,0.0,0.0,-0.443,0.2776739999999998,,,
-0.6553,0.3071,0.11,0.2415,0.764,0.2856,-0.4797,1.0,1.0,-0.1382,-0.0649,-0.3616,0.0,0.592,-0.2253,-0.417,-0.471,0.301,-0.3828,0.3771,-0.3186,-0.2211,0.6597,-0.05197,0.1016,0.0836,0.0,0.0,0.08527,0.0,0.0704,0.5176,-0.3943,0.8833,0.0,-0.5,-0.5,-0.3953,0.06854,0.8135,1.0,0.0,0.0,0.0,0.0,0.7314,-0.1354479999999999,,,
-0.663,0.542,0.1772,0.2612,0.7793,0.4285,-0.4714,1.0,1.0,-0.1986,-0.1259,-0.3499,0.0,0.5923,-0.2235,-0.3728,-0.4421,0.538,-0.3804,0.6095,-0.2512,0.3767,-0.2211,0.6597,0.1072,0.0853,0.0,0.0,0.0877,0.0,0.0957,0.794,-0.5806,1.363,1.0,0.0,0.0,-0.5796,0.296,1.094,2.0,0.0,0.0,0.0,0.0,1.116,-0.01426624,,,
-0.635,0.7085,0.2311,0.2837,0.4187,0.4285,-0.4634,1.0,1.0,-0.2426,-0.176,-0.3406,0.0,0.593,0.0287,-0.312,-0.4011,0.699,-0.3774,0.4821,-0.1622,0.6094,0.3767,-0.2211,0.11536,0.08734,0.0,0.0,0.0908,0.0,0.116,0.8477,-0.61,1.173,2.0,0.0,0.0,-0.6997,0.4443,1.113,3.0,0.0,0.0,0.0,0.0,0.942,-0.0232975999999999,,,
-0.637,0.614,0.2274,0.3086,0.00486,0.5713,-0.4553,1.0,1.0,-0.2396,-0.1725,-0.3408,0.0,0.5933,-0.5674,-0.2345,-0.3474,0.5884,-0.3735,-0.01627,-0.0977,0.4817,0.6094,0.3767,0.12427,0.0904,0.0,0.0,0.0941,0.0,0.11523,1.008,-0.7246,-0.04132,1.0,-0.5,0.0,-0.643,0.3562,0.884,0.0,1.0,0.0,0.0,0.0,-0.03268,-0.0777527999999999,,,
-0.657,0.5146,0.2194,0.329,-0.01874,0.5713,-0.4473,1.0,1.0,-0.2344,-0.1638,-0.3418,0.0,0.5938,-0.7314,-0.1553,-0.2922,0.4849,-0.3706,-0.04903,-0.05557,-0.01636,0.4817,0.6094,0.1332,0.0931,0.0,0.0,0.09784,0.0,0.113,0.9043,-0.6514,-0.12354,1.0,-0.5,-0.5,-0.5913,0.2505,0.7183,0.0,2.0,0.0,0.0,0.0,-0.0978,-0.0701623999999999,,,
-0.6875,0.4072,0.2135,0.356,-0.05927,0.7144,-0.439,1.0,1.0,-0.2318,-0.1561,-0.3425,0.0,0.594,-0.71,-0.0678,-0.2327,0.3733,-0.367,-0.0327,-0.04395,-0.0491,-0.01636,0.4817,0.1389,0.0957,0.0,0.0,0.10236,0.0,0.11145,1.304,-0.9375,-0.08295,0.0,-0.5,-0.5,-0.541,0.1714,0.6123,0.0,3.0,0.0,0.0,0.0,-0.06573,-0.1452108,,,
-0.6455,0.266,0.1964,0.3782,-0.1755,0.857,-0.431,1.0,1.0,-0.2139,-0.1445,-0.345,0.0,0.5947,-0.1693,0.010445,-0.1757,0.2349,-0.3643,-0.1312,-0.03238,-0.0328,-0.0491,-0.01636,0.1449,0.09845,0.0,0.0,0.1059,0.0,0.1057,1.119,-0.808,-0.3232,-1.0,-0.5,-1.0,-0.4802,0.0349,0.4731,0.0,4.0,0.0,0.0,0.0,-0.2566,-1.2501320000000002,,,
-0.4548,-0.6597,-0.02419,0.3694,-2.715,0.7144,-0.4229,0.0,1.0,0.004105,0.0487,-0.3823,0.0,0.5947,0.11884,0.04416,-0.1438,-0.656,-0.366,-1.8959,-0.0392,-0.1313,-0.0328,-0.0491,0.1396,0.0995,0.0,0.0,0.10626,0.0,0.02443,-0.388,0.2319,-7.85,-2.0,-0.5,-1.5,0.426,-0.725,-0.556,0.0,5.0,0.0,1.0,-7.688,-6.258,0.0183756,,,
-0.424,-0.672,-0.03223,0.3616,0.1555,0.5713,-0.4146,0.0,1.0,0.01446,0.0543,-0.3835,0.0,0.595,-0.3857,0.04935,-0.126,-0.6514,-0.3677,-0.0699999999999999,-0.03467,-1.8955,-0.1313,-0.0328,0.131,0.09924,0.0,0.0,0.10596,0.0,0.02151,-0.3748,0.2214,-0.1803,-2.0,-1.0,-1.5,0.4138,-0.709,-0.584,0.0,5.0,0.0,0.0,0.0,-0.1527,-0.3021559999999998,,,
-0.3772,-0.845,-0.0802,0.3496,0.4473,0.4285,-0.4065,0.0,1.0,0.0659,0.0997,-0.3916,0.0,0.5957,-0.1948,0.03174,-0.1195,-0.8164,-0.3691,-0.4391,-0.02148,-0.07007,-1.8955,-0.1313,0.1179,0.0981,0.0,0.0,0.1054,0.0,0.003788,-0.5093,0.3098,-1.028,-2.0,-1.0,-1.5,0.5693,-0.842,-0.7817,0.0,5.0,0.0,0.0,0.0,-0.873,-0.272212,,,
-0.2756,-1.205,-0.175,0.331,0.6367,0.2856,-0.4065,0.0,1.0,0.1724,0.1927,-0.408,0.0,0.596,0.08856,-0.009735,-0.1245,-1.134,-0.373,-0.8905,0.0453,-0.439,-0.07007,-1.8955,0.10077,0.0959,0.0,0.0,0.1029,0.0,-0.03162,-0.711,0.4382,-3.361,-2.0,-1.5,-1.5,0.9385,-1.134,-1.066,0.0,5.0,0.0,0.0,0.0,-2.893,0.2397215999999998,,,
-0.319,-1.043,-0.1475,0.3162,-0.0208,0.1428,-0.4065,0.0,1.0,0.1398,0.1661,-0.4033,0.0,0.5967,-0.2646,-0.0619,-0.1332,-0.944,-0.3762,0.2567,0.07623,-0.89,-0.439,-0.07007,0.0851,0.09424,0.0,0.0,0.10175,0.0,-0.02187,-0.5894,0.3557,0.958,-1.0,-1.5,-1.0,0.724,-0.953,-0.903,1.0,0.0,0.0,0.0,0.0,0.8486,-0.1267247999999999,,,
-0.3286,-1.069,-0.1698,0.2908,0.1627,0.0,-0.4065,0.0,1.0,0.1627,0.1914,-0.4072,0.0,0.597,-0.2349,-0.10895,-0.1462,-0.9937,-0.3782,-0.218,0.12317,0.2563,-0.89,-0.439,0.06854,0.0923,0.0,0.0,0.0998,0.0,-0.03041,-0.9536,0.612,-0.462,-1.0,-1.5,-1.5,0.749,-0.978,-0.91,0.0,1.0,0.0,0.0,0.0,-0.4058,-0.021296,,,
-0.343,-0.7666,-0.11255,0.273,-0.1937,-0.1428,-0.3984,0.0,1.0,0.1016,0.1309,-0.3975,0.0,0.5977,-0.297,-0.1412,-0.1605,-0.7017,-0.38,0.5491,0.1504,-0.218,0.2563,-0.89,0.0551,0.09106,0.0,0.0,0.0972,0.0,-0.00931,-0.6455,0.4014,1.143,0.0,-1.5,-1.0,0.461,-0.659,-0.6523,1.0,0.0,0.0,0.0,0.0,1.011,-0.2905688,,,
-0.3545,-0.8364,-0.1451,0.2476,0.2422,-0.2856,-0.3901,0.0,1.0,0.1345,0.1666,-0.403,0.0,0.598,-0.4478,-0.146,-0.1738,-0.789,-0.382,-0.3059,0.1849,0.549,-0.218,0.2563,0.04984,0.08984,0.0,0.0,0.0944,0.0,-0.02138,-0.8984,0.5767,-0.6035,0.0,-1.5,-1.5,0.5303,-0.7656,-0.705,0.0,1.0,0.0,0.0,0.0,-0.525,0.2682636,,,
-0.4067,-0.599,-0.1111,0.2183,-0.2025,-0.4285,-0.382,0.0,1.0,0.09503,0.1345,-0.3972,0.0,0.5986,-0.6367,-0.1157,-0.183,-0.5767,-0.3848,0.3271,0.2045,-0.3057,0.549,-0.218,0.04636,0.08954,0.0,0.0,0.09216,0.0,-0.008736,-1.062,0.6987,0.6006,1.0,-1.0,-1.5,0.3374,-0.5835,-0.5557,1.0,0.0,0.0,0.0,0.0,0.527,-0.0146119999999999,,,
-0.4534,-0.5435,-0.1222,0.183,0.01855,-0.5713,-0.382,0.0,1.0,0.1027,0.1501,-0.3992,0.0,0.599,-0.544,-0.0507,-0.1823,-0.542,-0.388,-0.1077999999999999,0.2247,0.327,-0.3057,0.549,0.04443,0.0886,0.0,0.0,0.0901,0.0,-0.01303,-1.385,0.9272,-0.204,0.0,-1.0,-2.0,0.3545,-0.5903,-0.559,0.0,1.0,0.0,0.0,0.0,-0.1772,0.0211479999999999,,,
-0.4849,-0.2678,-0.08234,0.1511,-0.5044,-0.7144,-0.374,0.0,1.0,0.05945,0.1108,-0.3923,0.0,0.5996,-0.7314,0.03047,-0.1669,-0.2747,-0.3914,0.3791,0.234,-0.10785,0.327,-0.3057,0.04843,0.08826,0.0,0.0,0.0886,0.0,0.001725,-1.158,0.772,0.6196,1.0,-0.5,-1.5,0.1844,-0.3772,-0.414,1.0,0.0,0.0,0.0,0.0,0.54,0.3538879999999998,,,
-0.4536,-0.02748,-0.0479,0.1239,-1.244,-0.7144,-0.374,1.0,1.0,0.02753,0.07263,-0.3865,0.0,0.6,-0.1597,0.10486,-0.1359,-0.04593,-0.3943,0.3211,0.2324,0.3787,-0.10785,0.327,0.05273,0.0879,0.0,0.0,0.0867,0.0,0.01434,-0.9766,0.6484,0.709,1.0,0.0,-1.0,0.0546,-0.2112,-0.2866,2.0,0.0,0.0,0.0,0.0,0.6113,-0.0094612,,,
-0.4507,0.0655,-0.04578,0.0975,1.979,-0.7144,-0.374,1.0,1.0,0.02567,0.07025,-0.3862,0.0,0.6006,-0.626,0.158,-0.0913,0.03995,-0.3972,0.01775,0.2323,0.3208,0.3787,-0.10785,0.0581,0.0878,0.0,0.0,0.0851,0.0,0.01498,-0.96,0.6367,0.03497,2.0,0.5,-0.5,0.03943,-0.2084,-0.2646,3.0,0.0,0.0,0.0,0.0,0.02985,0.0009792,,,
-0.4856,0.1619,-0.04153,0.07336,0.835,-0.7144,-0.374,1.0,1.0,0.01866,0.0688,-0.3855,0.0,0.6006,-0.5156,0.1819,-0.03613,0.1406,-0.4004,0.03538,0.2242,0.01764,0.3208,0.3787,0.06116,0.0875,0.0,0.0,0.0829,0.0,0.01633,-0.91,0.602,0.0582,2.0,1.0,0.0,-0.0751,-0.3008,-0.2316,4.0,0.0,0.0,0.0,0.0,0.04962,0.1856219999999999,,,
-0.666,0.2494,-0.0226,0.0731,0.518,-0.5713,-0.366,1.0,1.0,-0.01435,0.0646,-0.3823,0.0,0.601,-0.4758,0.1896,0.01674,0.2617,-0.4016,0.1764,0.1934,0.03528,0.01764,0.3208,0.06647,0.088,0.0,0.0,0.07996,0.0,0.02333,-0.0945,0.02264,0.2242,3.0,1.0,0.5,-0.139,-0.2218,-0.142,5.0,0.0,0.0,0.0,0.0,0.191,0.1130064,,,
-0.6865,0.2954,-0.01154,0.0745,0.2822,-0.4285,-0.3577,1.0,1.0,-0.02675,0.05518,-0.3804,0.0,0.6016,-0.61,0.1747,0.06128,0.3271,-0.402,0.10526,0.1316,0.1761,0.03528,0.01764,0.07074,0.0883,0.0,0.0,0.07635,0.0,0.02751,0.0,-0.04294,0.1469,3.0,1.5,1.0,-0.1902,-0.2036,-0.06152,5.92,0.0,0.0,0.0,0.0,0.1244,-0.4644272,,,
-0.6494,-0.002584,-0.07666,0.0745,-0.712,-0.2856,-0.3496,1.0,1.0,0.04056,0.11847,-0.3914,0.0,0.602,0.05066,0.135,0.09143,0.02657,-0.4019,-0.5937,0.05908,0.1051,0.1761,0.03528,0.07275,0.087,0.0,0.0,0.0718,0.0,0.003437,-0.0854,0.007465,-1.45,2.0,1.0,1.0,0.04382,-0.4822,-0.2546,0.0,1.0,0.0,0.0,0.0,-1.225,-0.209852,,,
-0.706,-0.0994,-0.092,0.08307,-1.181,-0.2856,-0.3416,0.0,1.0,0.05148,0.139,-0.394,0.0,0.6025,-0.7075,0.08984,0.1037,-0.0686,-0.401,-0.1424,-0.02948,-0.5938,0.1051,0.1761,0.0723,0.08563,0.0,0.0,0.0671,0.0,-0.00228,0.38,-0.3271,-0.2869,1.0,1.0,1.0,0.08246,-0.534,-0.2769,0.0,2.0,0.0,0.0,0.0,-0.2467,0.229546,,,
-0.7363,0.1172,-0.03635,0.0947,-12.664,-0.1428,-0.3416,1.0,1.0,-0.00654,0.0842,-0.3845,0.0,0.603,-0.6055,0.03503,0.09125,0.1293,-0.399,0.5186999999999999,-0.1467,-0.1423,-0.5938,0.1051,0.0728,0.0849,0.0,0.0,0.06323,0.0,0.01811,0.5,-0.4038,1.03,1.0,1.0,1.0,-0.12476,-0.2817,0.0759,1.0,0.0,0.0,0.0,0.0,0.89,0.4360886,,,
-0.691,0.644,0.09845,0.12134,2.969,0.0,-0.3333,1.0,1.0,-0.1305,-0.0511,-0.3616,0.0,0.6035,0.1577,-0.0335,0.04782,0.598,-0.3938,1.2491,-0.231,0.518,-0.1423,-0.5938,0.0791,0.08575,0.0,0.0,0.06177,0.0,0.068,1.036,-0.7646,5.652,1.0,1.5,1.5,-0.562,0.2559,1.113,2.0,0.0,1.0,0.0,5.297,4.805,0.1741584,,,
-0.719,0.732,0.1351,0.1451,0.263,0.1428,-0.3252,1.0,1.0,-0.1659,-0.0829,-0.355,0.0,0.604,-0.5938,-0.10046,-0.001207,0.6904,-0.3909,0.3387,-0.1504,1.249,0.518,-0.1423,0.0869,0.0871,0.0,0.0,0.0642,0.0,0.08203,0.9966,-0.73,0.6465,1.0,1.5,1.5,-0.64,0.3418,1.084,3.0,0.0,0.0,0.0,0.0,0.5293,-0.129084,,,
-0.7393,0.581,0.12036,0.1713,-0.0648,0.2856,-0.3171,1.0,1.0,-0.1543,-0.06757,-0.3574,0.0,0.6045,-0.8027,-0.1477,-0.05405,0.562,-0.3884,-0.1172,-0.09375,0.3384,1.249,0.518,0.09326,0.0875,0.0,0.0,0.0666,0.0,0.077,1.127,-0.8247,-0.16,1.0,1.0,1.5,-0.5493,0.2242,0.8354,0.0,1.0,0.0,0.0,0.0,-0.1296,-0.3173180000000001,,,
-0.6777,0.2974,0.06995,0.1895,-0.3242,0.4285,-0.3088,1.0,1.0,-0.1033,-0.0252,-0.3657,0.0,0.605,-0.3682,-0.1604,-0.1073,0.2803,-0.3862,-0.4372,-0.0691,-0.11725,0.3384,1.249,0.097,0.0877,0.0,0.0,0.069,0.0,0.05862,0.7197,-0.5425,-1.079,1.0,0.5,1.0,-0.3164,0.01342,0.5054,0.0,2.0,0.0,1.0,-1.935,-0.877,0.192516,,,
-0.6846,0.399,0.1096,0.2134,0.4194,0.5713,-0.3088,1.0,1.0,-0.1401,-0.0621,-0.359,0.0,0.6055,-0.484,-0.1268,-0.1438,0.3901,-0.3835,0.3583,-0.0576,-0.437,-0.11725,0.3384,0.1053,0.0879,0.0,0.0,0.07336,0.0,0.07336,0.889,-0.657,0.599,1.0,0.5,1.5,-0.429,0.131,0.6167,1.0,0.0,0.0,0.0,0.0,0.4937,0.3028799999999998,,,
-0.649,0.515,0.1534,0.238,0.3916,0.7144,-0.3088,1.0,1.0,-0.1765,-0.10547,-0.3516,0.0,0.606,-0.2837,-0.057,-0.1598,0.495,-0.3804,0.3878,-0.02785,0.358,-0.437,-0.11725,0.1161,0.08777,0.0,0.0,0.07806,0.0,0.0895,0.898,-0.6562,1.001,1.0,0.5,1.5,-0.537,0.2522,0.7095,2.0,0.0,1.0,0.0,3.004,0.816,-0.0250119999999999,,,
-0.6685,0.4397,0.1512,0.2588,-0.0015,0.7144,-0.3088,1.0,1.0,-0.1761,-0.1018,-0.3518,0.0,0.6064,-0.4717,0.02003,-0.1581,0.4192,-0.378,-0.01656,-0.02277,0.3877,0.358,-0.437,0.12445,0.0871,0.0,0.0,0.08307,0.0,0.0887,0.803,-0.589,-0.03253,0.0,0.0,1.0,-0.4841,0.1948,0.619,0.0,1.0,0.0,0.0,0.0,-0.0262,-0.049594,,,
-0.64,0.2964,0.1316,0.277,-0.1606,0.7144,-0.3088,1.0,1.0,-0.1564,-0.0862,-0.355,0.0,0.6064,-0.3623,0.0872,-0.1416,0.2822,-0.3757,-0.1665,-0.01567,-0.01665,0.3877,0.358,0.1261,0.08624,0.0,0.0,0.0869,0.0,0.08154,0.684,-0.507,-0.284,0.0,0.0,0.5,-0.3713,0.089,0.4675,0.0,2.0,0.0,0.0,0.0,-0.2288,-0.6851304000000004,,,
-0.5425,-0.2507,0.01105,0.283,-1.415,0.5713,-0.3088,0.0,1.0,-0.037,0.02084,-0.3755,0.0,0.607,0.234,0.1267,-0.1157,-0.2668,-0.3748,-1.0559,-0.05078,-0.1666,-0.01665,0.3877,0.1209,0.08417,0.0,0.0,0.0894,0.0,0.03702,0.1103,-0.117,-2.781,0.0,0.0,0.0,0.1301,-0.341,-0.1102,0.0,3.0,0.0,0.0,0.0,-2.252,0.1538799999999999,,,
-0.551,-0.1776,0.0316,0.2886,-0.3281,0.4285,-0.3008,0.0,1.0,-0.05716,0.001362,-0.3718,0.0,0.6074,-0.532,0.1377,-0.086,-0.1863,-0.3743,0.1906999999999999,-0.076,-1.055,-0.1666,-0.01665,0.1172,0.08234,0.0,0.0,0.0917,0.0,0.04468,0.1163,-0.11786,0.3923,0.0,0.0,0.0,0.0468,-0.2446,-0.04178,1.0,0.0,0.0,0.0,0.0,0.3286,-0.2107799999999999,,,
-0.5054,-0.2864,0.0083,0.2908,1.34,0.2856,-0.2927,0.0,1.0,-0.0314,0.0205,-0.3757,0.0,0.608,-0.1356,0.12024,-0.05664,-0.2866,-0.3743,-0.2066,-0.1113,0.1906,-1.055,-0.1666,0.1146,0.0805,0.0,0.0,0.0938,0.0,0.03613,-0.003937,-0.0358,-0.4556,-1.0,-0.5,-0.5,0.1081,-0.3489,-0.1976,0.0,1.0,0.0,0.0,0.0,-0.3794,-0.5321159999999999,,,
-0.491,-0.68,-0.0816,0.2908,2.186,0.1428,-0.2847,0.0,1.0,0.05823,0.11053,-0.391,0.0,0.6084,-0.3079,0.0762,-0.03217,-0.674,-0.3745,-0.8149,-0.11414,-0.2065,0.1906,-1.055,0.10645,0.07996,0.0,0.0,0.09393,0.0,0.00288,-0.08826,0.00982,-2.049,-1.0,-1.0,-0.5,0.4685,-0.6514,-0.689,0.0,2.0,0.0,0.0,0.0,-1.717,0.19345412,,,
-0.4502,-0.8335,-0.1178,0.2888,0.407,0.1428,-0.2764,0.0,1.0,0.09845,0.1453,-0.3972,0.0,0.609,-0.343,0.00577,-0.01714,-0.8154,-0.375,-0.3379,-0.09186,-0.8145,-0.2065,0.1906,0.0947,0.0791,0.0,0.0,0.09296,0.0,-0.01063,-0.1549,0.05145,-0.9893,-1.0,-1.0,-0.5,0.5596,-0.763,-0.835,0.0,3.0,0.0,0.0,0.0,-0.8506,0.2129799999999999,,,
-0.4504,-0.507,-0.04465,0.287,-0.3303,0.0,-0.2683,0.0,1.0,0.02457,0.0691,-0.3845,0.0,0.6094,-0.3623,-0.08167,-0.01212,-0.495,-0.375,0.7011,-0.094,-0.338,-0.8145,-0.2065,0.0864,0.0795,0.0,0.0,0.09314,0.0,0.01683,-0.0945,0.02048,1.224,0.0,-0.5,-0.5,0.1967,-0.4426,-0.452,1.0,0.0,0.0,0.0,0.0,1.0625,-0.0824811999999999,,,
-0.5537,-0.45,-0.04227,0.2715,-0.00978,-0.1428,-0.2603,0.0,1.0,0.01391,0.0752,-0.384,0.0,0.61,-0.54,-0.1527,-0.02498,-0.443,-0.3762,0.0353,-0.096,0.7007,-0.338,-0.8145,0.07904,0.081,0.0,0.0,0.09326,0.0,0.01817,-0.593,0.3767,0.05554,0.0,-0.5,-0.5,0.1478,-0.4246,-0.4358,2.0,0.0,0.0,0.0,0.0,0.0472,-0.141592,,,
-0.5415,-0.21,0.002048,0.2566,-0.5625,-0.2856,-0.252,0.0,1.0,-0.02827,0.02965,-0.3762,0.0,0.6104,-0.7017,-0.2222,-0.0518,-0.2161,-0.3774,0.422,-0.10004,0.0352,0.7007,-0.338,0.07886,0.0827,0.0,0.0,0.0938,0.0,0.03506,-0.5576,0.3591,0.6577,1.0,-0.5,-0.5,-0.02112,-0.2153,-0.2058,3.0,0.0,0.0,0.0,0.0,0.5586,-0.1392719999999999,,,
-0.4844,-0.2615,-0.02039,0.241,0.5615,-0.4285,-0.2439,0.0,1.0,-0.00196,0.04733,-0.3796,0.0,0.611,-0.1503,-0.2876,-0.0914,-0.2795,-0.3784,-0.1907,-0.1005,0.4216,0.0352,0.7007,0.0769,0.08435,0.0,0.0,0.0939,0.0,0.02722,-0.58,0.3716,-0.3718,1.0,-0.5,-0.5,0.04385,-0.3113,-0.3179,0.0,1.0,0.0,0.0,0.0,-0.3118,0.3064848000000001,,,
-0.5283,-0.04755,0.02298,0.234,-1.136,-0.4285,-0.2357,1.0,1.0,-0.0472,0.00791,-0.3718,0.0,0.6113,-0.4026,-0.346,-0.142,-0.06714,-0.379,0.4188,-0.12054,-0.1907,0.4216,0.0352,0.0779,0.08594,0.0,0.0,0.09564,0.0,0.0441,-0.229,0.1285,0.55,2.0,0.0,0.0,-0.12494,-0.1285,-0.1055,1.0,0.0,0.0,0.0,0.0,0.4636,-0.13387988,,,
-0.5166,-0.204,-0.02237,0.2195,-4.816,-0.5713,-0.2277,0.0,1.0,-0.00261,0.05197,-0.3794,0.0,0.612,-0.4795,-0.3823,-0.2024,-0.2339,-0.38,-0.3961,-0.1466,0.4187,-0.1907,0.4216,0.0809,0.08734,0.0,0.0,0.0969,0.0,0.02779,-0.5376,0.3418,-0.871,1.0,0.0,-0.5,0.044,-0.306,-0.387,0.0,1.0,0.0,0.0,0.0,-0.725,0.0767759999999999,,,
-0.5454,-0.11285,-0.01452,0.2012,-0.6606,-0.7144,-0.2195,0.0,1.0,-0.01258,0.0465,-0.3777,0.0,0.6123,-0.4597,-0.3625,-0.267,-0.1293,-0.3823,0.0873,-0.155,-0.396,0.4187,-0.1907,0.0858,0.08856,0.0,0.0,0.0976,0.0,0.03123,-0.6997,0.4587,0.1741,1.0,0.0,-0.5,0.00709,-0.2595,-0.3474,1.0,0.0,0.0,0.0,0.0,0.1467,0.190666,,,
-0.574,0.07,0.01614,0.1864,-6.062,-0.7144,-0.2114,1.0,1.0,-0.0444,0.01843,-0.3723,0.0,0.6123,-0.6836,-0.3196,-0.308,0.05853,-0.384,0.2958,-0.161,0.08716,-0.396,0.4187,0.089,0.0902,0.0,0.0,0.0966,0.0,0.04318,-0.5405,0.3506,0.3323,1.0,0.5,0.0,-0.1057,-0.1287,-0.1354,2.0,0.0,0.0,0.0,0.0,0.2793,-0.03455664,,,
-0.5967,0.0472,0.001031,0.1721,-0.0276,-0.7144,-0.2032,1.0,1.0,-0.03168,0.03522,-0.3745,0.0,0.613,-0.6597,-0.279,-0.334,0.03317,-0.3855,-0.1205,-0.1797,0.2957,0.08716,-0.396,0.0914,0.09125,0.0,0.0,0.09485,0.0,0.0382,-0.5234,0.3362,-0.178,1.0,0.5,0.0,-0.09674,-0.2416,-0.1847,0.0,1.0,0.0,0.0,0.0,-0.1483,-0.0148943999999999,,,
-0.6494,0.02956,-0.004345,0.1702,-0.01354,-0.5713,-0.1951,1.0,1.0,-0.03073,0.04492,-0.3752,0.0,0.6133,-0.398,-0.2517,-0.3452,0.03035,-0.386,-0.0344999999999999,-0.1963,-0.1206,0.2957,0.08716,0.0916,0.092,0.0,0.0,0.0932,0.0,0.0367,-0.0856,0.02309,-0.072,0.0,0.5,0.0,-0.08685,-0.2688,-0.1782,0.0,2.0,0.0,0.0,0.0,-0.06018,0.0447208,,,
-0.672,0.05945,0.0,0.1669,0.4214,-0.4285,-0.187,1.0,1.0,-0.0367,0.04245,-0.3743,0.0,0.614,-0.7686,-0.2355,-0.3442,0.06726,-0.3865,0.05204,-0.2007,-0.03458,-0.1206,0.2957,0.093,0.0927,0.0,0.0,0.09247,0.0,0.03876,-0.1593,0.0766,0.0724,1.0,0.5,0.0,-0.11285,-0.258,-0.12427,1.0,0.0,0.0,0.0,0.0,0.0606,0.5189424,,,
-0.6904,0.3567,0.07025,0.1729,2.39,-0.2856,-0.1788,1.0,1.0,-0.10455,-0.02443,-0.3618,0.0,0.6143,-0.1609,-0.2345,-0.3372,0.3728,-0.3857,0.6571,-0.2063,0.05194,-0.03458,-0.1206,0.0956,0.0941,0.0,0.0,0.0922,0.0,0.0655,0.2637,-0.2134,1.121,1.0,0.5,0.5,-0.3713,-0.001424,0.3726,2.0,0.0,0.0,0.0,0.0,0.937,0.00552,,,
-0.7246,0.2455,0.05472,0.1862,-0.1378,-0.1428,-0.1708,1.0,1.0,-0.09283,-0.00671,-0.3643,0.0,0.6147,-0.6484,-0.25,-0.3306,0.273,-0.3843,-0.1185,-0.2375,0.6567,0.05194,-0.03458,0.0995,0.0952,0.0,0.0,0.09106,0.0,0.06052,0.7217,-0.5425,-0.1432,0.0,0.0,0.5,-0.3079,-0.09143,0.3452,0.0,1.0,0.0,0.0,0.0,-0.11725,-0.1298048,,,
-0.76,0.167,0.04858,0.2028,-0.12354,0.0,-0.1626,1.0,1.0,-0.0899,0.002087,-0.3647,0.0,0.615,-0.8403,-0.2737,-0.3298,0.186,-0.3816,-0.0339,-0.2732,-0.1185,0.6567,0.05194,0.1028,0.0962,0.0,0.0,0.0899,0.0,0.05908,0.971,-0.721,-0.03372,0.0,0.0,0.5,-0.3054,-0.1621,0.3977,0.0,2.0,0.0,0.0,0.0,-0.02773,0.1008015999999999,,,
-0.7856,0.2,0.06305,0.2131,0.2756,0.1428,-0.1544,1.0,1.0,-0.1055,-0.00969,-0.3618,0.0,0.6157,-0.5015,-0.3035,-0.334,0.2229,-0.3801,0.1533,-0.294,-0.034,-0.1185,0.6567,0.1054,0.09796,0.0,0.0,0.0893,0.0,0.06537,0.78,-0.582,0.164,1.0,0.0,0.5,-0.3416,-0.1112,0.6035,1.0,0.0,0.0,0.0,0.0,0.1349,-0.0509659999999999,,,
-0.8076,0.1272,0.05322,0.2228,-0.1432,0.2856,-0.1464,1.0,1.0,-0.09814,0.001608,-0.3633,0.0,0.616,-0.844,-0.3213,-0.341,0.1616,-0.3792,-0.06765,-0.2805,0.1531,-0.034,-0.1185,0.10834,0.09985,0.0,0.0,0.0904,0.0,0.0625,0.696,-0.523,-0.057,0.0,0.0,0.0,-0.3108,-0.181,0.4768,0.0,1.0,0.0,0.0,0.0,-0.0467,-0.2008543999999999,,,
-0.841,-0.0453,0.01505,0.2239,-0.7505,0.4285,-0.1382,1.0,1.0,-0.0647,0.04153,-0.3694,0.0,0.6167,-0.794,-0.3298,-0.3503,-0.00842,-0.3787,-0.3224,-0.2786,-0.06775,0.1531,-0.034,0.1098,0.10077,0.0,0.0,0.09064,0.0,0.04907,0.1725,-0.1554,-0.469,-1.0,-0.5,-0.5,-0.16,-0.3274,0.163,0.0,2.0,0.0,0.0,0.0,-0.3848,-0.1541799999999999,,,
-0.8228,-0.1815,-0.015594,0.2241,-3.908,0.4285,-0.1301,0.0,1.0,-0.03372,0.0705,-0.3743,0.0,0.617,-0.00823,-0.327,-0.3599,-0.1492,-0.3782,-0.2572,-0.2786,-0.3225,-0.06775,0.1531,0.1098,0.10004,0.0,0.0,0.09076,0.0,0.03842,0.11664,-0.1203,-0.3765,-1.0,-1.0,-0.5,-0.06232,-0.4485,-0.0807,0.0,3.0,0.0,0.0,0.0,-0.312,-0.1744056,,,
-0.8325,-0.3179,-0.0518,0.2162,1.588,0.2856,-0.12195,0.0,1.0,0.001029,0.1079,-0.3801,0.0,0.6177,-0.6104,-0.324,-0.3706,-0.2898,-0.3784,-0.3112,-0.3008,-0.257,-0.3225,-0.06775,0.10516,0.0985,0.0,0.0,0.09174,0.0,0.02565,-0.416,0.2544,-0.5522,-1.0,-1.0,-1.0,0.0514,-0.579,-0.4175,0.0,4.0,0.0,0.0,0.0,-0.4614,0.0806376,,,
-0.8447,-0.2854,-0.04614,0.2139,-0.01317,0.2856,-0.11383,0.0,1.0,-0.005547,0.10315,-0.3787,0.0,0.6177,-0.612,-0.3176,-0.3801,-0.254,-0.3787,0.0699,-0.356,-0.311,-0.257,-0.3225,0.10144,0.09717,0.0,0.0,0.09344,0.0,0.0284,-0.0655,0.00537,0.1356,-1.0,-0.5,-0.5,0.00476,-0.531,-0.4663,1.0,0.0,0.0,0.0,0.0,0.1144,0.0101511999999999,,,
-0.858,-0.2915,-0.04953,0.2109,0.1649,0.2856,-0.1057,0.0,1.0,-0.003275,0.1077,-0.3792,0.0,0.618,-0.6333,-0.308,-0.3909,-0.267,-0.3784,-0.01733,-0.3672,0.0698,-0.311,-0.257,0.09784,0.0964,0.0,0.0,0.09393,0.0,0.02763,-0.154,0.06824,-0.02855,-1.0,-1.0,-1.0,-0.01572,-0.5386,-0.5264,0.0,1.0,0.0,0.0,0.0,-0.02403,0.3456135999999998,,,
-0.853,-0.04468,0.004738,0.2095,-1.121,0.2856,-0.09753,1.0,1.0,-0.05582,0.05273,-0.3694,0.0,0.6187,-0.5137,-0.3047,-0.3962,-0.02122,-0.3782,0.5231,-0.3818,-0.01741,0.0698,-0.311,0.0959,0.09576,0.0,0.0,0.0953,0.0,0.04874,0.02853,-0.05276,0.717,0.0,-1.0,-1.0,-0.2139,-0.2837,0.11346,1.0,0.0,0.0,0.0,0.0,0.6035,0.0395079999999999,,,
-0.8613,-0.03091,0.00801,0.21,0.535,0.2856,-0.0894,1.0,1.0,-0.0596,0.05014,-0.3684,0.0,0.619,-0.752,-0.31,-0.397,-0.008446,-0.3777,0.05155,-0.382,0.5225,-0.01741,0.0698,0.0946,0.0947,0.0,0.0,0.09595,0.0,0.0508,0.1719,-0.1542,0.0668,1.0,-0.5,-0.5,-0.2256,-0.2695,0.1571,2.0,0.0,0.0,0.0,0.0,0.05536,-0.0250075999999999,,,
-0.879,-0.0669,0.0001513,0.2104,-0.63,0.2856,-0.0813,1.0,1.0,-0.0544,0.0604,-0.3694,0.0,0.6196,-0.794,-0.3245,-0.394,-0.04498,-0.3772,-0.05126,-0.39,0.05142,0.5225,-0.01741,0.0946,0.0937,0.0,0.0,0.0969,0.0,0.04865,0.1562,-0.1439,-0.0672,1.0,-0.5,-0.5,-0.1965,-0.3008,0.05246,0.0,1.0,0.0,0.0,0.0,-0.05563,-0.13377184,,,
-0.823,0.5146,0.1405,0.2249,18.77,0.2856,-0.0732,1.0,1.0,-0.179,-0.0793,-0.3447,0.0,0.62,-0.004166,-0.3306,-0.3765,0.4917,-0.3738,1.3041,-0.3113,-0.05136,0.05142,0.5225,0.1021,0.0943,0.0,0.0,0.09937,0.0,0.1021,0.769,-0.5576,4.56,1.0,-0.5,-0.5,-0.652,0.2522,1.113,1.0,0.0,1.0,0.0,4.69,3.78,-0.0022855999999999,,,
-0.844,0.3423,0.1039,0.228,-0.1753,0.2856,-0.06506,1.0,1.0,-0.1477,-0.04355,-0.3506,0.0,0.6206,-0.536,-0.3313,-0.352,0.2937,-0.3718,-0.2965,-0.287,1.303,-0.05136,0.05142,0.1096,0.0958,0.0,0.0,0.102,0.0,0.0893,0.2695,-0.2068,-0.7075,1.0,-0.5,-1.0,-0.4768,0.0846,0.806,0.0,1.0,0.0,0.0,0.0,-0.5635,0.1567128,,,
-0.8257,0.4094,0.1231,0.2343,0.3025,0.2856,-0.05692,1.0,1.0,-0.1636,-0.063,-0.3467,0.0,0.621,-0.3743,-0.317,-0.325,0.3438,-0.3699,0.1997,-0.2563,-0.2964,1.303,-0.05136,0.11786,0.09735,0.0,0.0,0.1048,0.0,0.09766,0.4539,-0.3347,0.503,1.0,0.0,-0.5,-0.509,0.1351,0.8276,1.0,0.0,0.0,0.0,0.0,0.4043,-0.2397079999999999,,,
-0.7656,0.1667,0.06946,0.236,-0.395,0.2856,-0.04877,1.0,1.0,-0.10986,-0.01747,-0.3555,0.0,0.6216,-0.5513,-0.2913,-0.3044,0.1,-0.3691,-0.4462,-0.2484,0.1995,-0.2964,1.303,0.1239,0.0986,0.0,0.0,0.1063,0.0,0.0785,0.1692,-0.1398,-1.343,0.0,0.0,-0.5,-0.2795,-0.0764,0.3748,0.0,1.0,0.0,0.0,0.0,-1.073,0.243428,,,
-0.786,0.278,0.0961,0.2385,0.613,0.2856,-0.04065,1.0,1.0,-0.136,-0.04105,-0.3503,0.0,0.622,-0.6826,-0.267,-0.2917,0.215,-0.3684,0.2683999999999999,-0.2357,-0.446,0.1995,-0.2964,0.1288,0.1011,0.0,0.0,0.1085,0.0,0.0897,0.2236,-0.1737,0.384,1.0,0.5,-0.5,-0.3538,0.02264,0.529,1.0,0.0,0.0,0.0,0.0,0.3113,0.150528,,,
-0.75,0.3462,0.11523,0.2443,0.3357,0.2856,-0.03253,1.0,1.0,-0.1505,-0.06195,-0.3464,0.0,0.6226,-0.354,-0.2434,-0.2847,0.29,-0.3677,0.1996,-0.2201,0.268,-0.446,0.1995,0.1344,0.1042,0.0,0.0,0.11115,0.0,0.09814,0.3506,-0.2605,0.3792,1.0,0.5,0.0,-0.409,0.0675,0.602,2.0,0.0,0.0,0.0,0.0,0.3047,0.2905445599999999,,,
-0.7197,0.5483,0.172,0.2603,0.6387,0.2856,-0.02438,1.0,1.0,-0.1985,-0.11646,-0.336,0.0,0.623,-0.2458,-0.213,-0.2776,0.4954,-0.3655,0.5291,-0.1792,0.1995,0.268,-0.446,0.143,0.1072,0.0,0.0,0.11456,0.0,0.1206,0.744,-0.5312,1.253,2.0,1.0,0.5,-0.5645,0.26,0.845,3.0,0.0,0.0,0.0,0.0,1.0,0.0001915999999999,,,
-0.7437,0.4075,0.1516,0.2773,-0.1056,0.4285,-0.01627,1.0,1.0,-0.1825,-0.09607,-0.3389,0.0,0.6235,-0.426,-0.176,-0.267,0.362,-0.3633,-0.1461,-0.1473,0.5283,0.1995,0.268,0.1444,0.1099,0.0,0.0,0.11664,0.0,0.11414,0.813,-0.5835,-0.369,1.0,0.5,0.5,-0.4673,0.1403,0.635,0.0,1.0,0.0,0.0,0.0,-0.2898,0.0334799999999999,,,
-0.714,0.2472,0.128,0.2961,-0.2169,0.5713,-0.00813,1.0,1.0,-0.159,-0.0768,-0.3425,0.0,0.6235,-0.3389,-0.1376,-0.248,0.2074,-0.3606,-0.1795,-0.1296,-0.1462,0.5283,0.1995,0.1465,0.11194,0.0,0.0,0.11865,0.0,0.10626,0.898,-0.6475,-0.3643,1.0,0.0,0.5,-0.3535,0.03134,0.4514,0.0,2.0,0.0,0.0,0.0,-0.2874,-0.351096,,,
-0.679,-0.05447,0.0671,0.308,-0.8477,0.7144,0.0,1.0,1.0,-0.10077,-0.02234,-0.3525,0.0,0.624,-0.387,-0.1033,-0.2201,-0.0975,-0.3584,-0.5089,-0.1289,-0.1796,-0.1462,0.5283,0.145,0.1136,0.0,0.0,0.11975,0.0,0.0843,0.532,-0.396,-1.234,0.0,0.0,0.0,-0.09924,-0.1842,0.0975,0.0,3.0,0.0,0.0,0.0,-0.9795,0.3962367999999998,,,
-0.6553,0.1396,0.12366,0.3262,7.855,0.857,0.00813,1.0,1.0,-0.1504,-0.0776,-0.342,0.0,0.6245,-0.1743,-0.0735,-0.1885,0.10565,-0.3562,0.5337999999999999,-0.1142,-0.509,-0.1796,-0.1462,0.1483,0.1154,0.0,0.0,0.1215,0.0,0.10675,0.6997,-0.506,1.394,0.0,0.0,0.5,-0.2993,0.02893,0.3918,1.0,0.0,0.0,0.0,0.0,1.124,-0.1435616,,,
-0.6733,0.0902,0.1202,0.3381,-0.10547,0.857,0.01627,1.0,1.0,-0.1488,-0.0729,-0.342,0.0,0.625,-0.731,-0.0564,-0.1586,0.06885,-0.3547,0.0001,-0.10297,0.5337,-0.509,-0.1796,0.1504,0.1177,0.0,0.0,0.1234,0.0,0.1067,0.5527,-0.401,0.0,-1.0,0.0,0.0,-0.2764,-0.001425,0.347,0.0,0.0,0.0,0.0,0.0,0.0,-0.1502811999999999,,,
-0.654,-0.0998,0.0812,0.3455,-1.051,0.7144,0.02438,0.0,1.0,-0.11176,-0.03784,-0.3484,0.0,0.6255,-0.6426,-0.05536,-0.1343,-0.10504,-0.354,-0.3117,-0.10895,0.0,0.5337,-0.509,0.1499,0.1195,0.0,0.0,0.1254,0.0,0.0932,0.3577,-0.2676,-0.5547,-1.0,-0.5,-0.5,-0.1168,-0.1415,0.1241,0.0,1.0,0.0,0.0,0.0,-0.4402,0.0788239999999999,,,
-0.6426,-0.1372,0.078,0.354,2.297,0.5713,0.03253,0.0,1.0,-0.10785,-0.03577,-0.3484,0.0,0.626,-0.6636,-0.0716,-0.11475,-0.1261,-0.353,0.0001,-0.1274,-0.3118,0.0,0.5337,0.1469,0.121,0.0,0.0,0.1277,0.0,0.09314,0.3845,-0.2866,0.0,-1.0,-0.5,-0.5,-0.1704,-0.22,0.0909,0.0,0.0,0.0,0.0,0.0,0.0,-0.060688,,,
-0.7183,-0.191,0.05954,0.3455,1.159,0.4285,0.04065,0.0,1.0,-0.09686,-0.011856,-0.3508,0.0,0.6265,-0.5776,-0.08105,-0.1041,-0.199,-0.3528,-0.1325,-0.1699,0.0,-0.3118,0.0,0.1438,0.1224,0.0,0.0,0.1304,0.0,0.08746,-0.2764,0.1826,-0.2039,-1.0,-1.0,-1.0,-0.1178,-0.2937,-0.03558,0.0,1.0,0.0,0.0,0.0,-0.1633,-0.01654944,,,
-0.7324,-0.04037,0.0927,0.3438,-1.334,0.4285,0.04877,1.0,1.0,-0.1285,-0.04224,-0.3445,0.0,0.627,-0.605,-0.0953,-0.10205,-0.04517,-0.3525,0.3329,-0.2146,-0.1326,0.0,-0.3118,0.1432,0.12427,0.0,0.0,0.1334,0.0,0.10144,0.0858,-0.06976,0.8306,-1.0,-1.0,-0.5,-0.2389,-0.1514,0.1681,1.0,0.0,0.0,0.0,0.0,0.6685,0.0381985599999999,,,
-0.7646,-0.00694,0.09784,0.3403,1.006,0.4285,0.05692,1.0,1.0,-0.1359,-0.04446,-0.3428,0.0,0.6274,-0.751,-0.113,-0.108,-0.007965,-0.3523,0.08244,-0.2756,0.3328,-0.1326,0.0,0.1458,0.1262,0.0,0.0,0.1367,0.0,0.10486,0.02298,-0.02336,0.1505,0.0,-1.0,-0.5,-0.2744,-0.1528,0.2142,2.0,0.0,0.0,0.0,0.0,0.1198,0.058696,,,
-0.8003,-0.007053,0.09937,0.343,0.1317,0.4285,0.06506,1.0,1.0,-0.1401,-0.04288,-0.3418,0.0,0.628,-0.69,-0.1346,-0.1186,-0.01721,-0.351,0.0494,-0.3103,0.08234,0.3328,-0.1326,0.1458,0.1274,0.0,0.0,0.1392,0.0,0.10693,0.3665,-0.2676,0.07117,1.0,-0.5,0.0,-0.288,-0.1617,0.2334,3.0,0.0,0.0,0.0,0.0,0.05652,0.06828328,,,
-0.7944,0.1646,0.1412,0.3474,2.604,0.4285,0.0732,1.0,1.0,-0.1774,-0.08234,-0.3337,0.0,0.6284,-0.4937,-0.166,-0.1348,0.1576,-0.35,0.4103,-0.3376,0.04926,0.08234,0.3328,0.148,0.1293,0.0,0.0,0.1423,0.0,0.1245,0.441,-0.313,0.7563,2.0,0.0,0.0,-0.4192,-1.42e-05,0.661,4.0,0.0,0.0,0.0,0.0,0.5996,-0.0389891999999999,,,
-0.8286,0.1716,0.1447,0.3503,0.1641,0.4285,0.0813,1.0,1.0,-0.1831,-0.0826,-0.3325,0.0,0.629,-0.7793,-0.208,-0.1581,0.167,-0.349,0.06486,-0.3865,0.41,0.04926,0.08234,0.152,0.1312,0.0,0.0,0.1458,0.0,0.1273,0.3752,-0.2646,0.0763,3.0,0.5,0.0,-0.437,-0.03056,0.8105,5.0,0.0,0.0,0.0,0.0,0.0597,-0.1235551999999999,,,
-0.8193,-0.09564,0.0754,0.3394,-0.9956,0.2856,0.0894,0.0,1.0,-0.1196,-0.01869,-0.3438,0.0,0.6294,-0.668,-0.2554,-0.177,-0.1031,-0.3496,-0.5659,-0.3865,0.06476,0.41,0.04926,0.1532,0.1323,0.0,0.0,0.1458,0.0,0.1025,-0.3528,0.2439,-1.119,2.0,0.0,-0.5,-0.1637,-0.2766,-0.05786,0.0,1.0,0.0,1.0,-2.312,-0.874,0.3088500000000001,,,
-0.826,0.0995,0.1166,0.3345,-14.4,0.2856,0.09753,1.0,1.0,-0.1577,-0.05685,-0.3357,0.0,0.6294,-0.3894,-0.3027,-0.1973,0.0983,-0.3496,0.4115,-0.3826,-0.5654,0.06476,0.41,0.1571,0.134,0.0,0.0,0.1471,0.0,0.12006,0.005203,-0.00384,0.6343,2.0,0.5,0.0,-0.307,-0.1002,0.4902,1.0,0.0,0.0,0.0,0.0,0.5044,-0.432136,,,
-0.7803,-0.2935,0.01855,0.323,-2.188,0.1428,0.1057,0.0,1.0,-0.0632,0.03308,-0.3523,0.0,0.63,-0.1989,-0.3464,-0.2198,-0.287,-0.3503,-0.8285,-0.3745,0.4111,-0.5654,0.06476,0.155,0.1351,0.0,0.0,0.1466,0.0,0.084,-0.3472,0.2318,-2.006,1.0,0.5,0.0,0.0618,-0.456,-0.6997,0.0,1.0,0.0,0.0,0.0,-1.574,0.4678027999999999,,,
-0.761,0.1462,0.12244,0.3284,-2.082,0.1428,0.11383,1.0,1.0,-0.1578,-0.0677,-0.333,0.0,0.6304,-0.413,-0.377,-0.2439,0.1497,-0.349,0.9841,-0.379,-0.828,0.4111,-0.5654,0.1576,0.1376,0.0,0.0,0.1487,0.0,0.1255,0.3616,-0.2556,2.76,1.0,1.0,0.5,-0.312,-0.013535,0.609,1.0,0.0,0.0,0.0,0.0,2.225,0.9238,,,
-0.714,0.6567,0.2473,0.3403,2.53,0.1428,0.12195,1.0,1.0,-0.2627,-0.1836,-0.31,0.0,0.631,0.598,-0.358,-0.2612,0.602,-0.3447,1.1481,-0.2788,0.9834,-0.828,0.4111,0.1656,0.1418,0.0,0.0,0.1523,0.0,0.1754,0.5674,-0.3806,4.895,1.0,1.5,0.5,-0.665,0.4766,1.113,2.0,0.0,0.0,0.0,0.0,3.828,-0.6706759999999999,,,
-0.601,0.0802,0.1141,0.3396,-0.701,0.1428,0.1301,1.0,1.0,-0.1375,-0.0732,-0.3328,0.0,0.6313,0.0742,-0.3245,-0.2788,0.00507,-0.343,-1.0929,-0.2764,1.148,0.9834,-0.828,0.1659,0.1447,0.0,0.0,0.1536,0.0,0.1257,0.06506,-0.04376,-4.746,1.0,1.0,0.5,-0.1311,0.003607,0.2524,0.0,1.0,0.0,0.0,0.0,-3.582,-0.7974799999999999,,,
-0.433,-0.4,-0.001272,0.332,-3.043,0.1428,0.1382,0.0,1.0,-0.01639,0.024,-0.3525,0.0,0.632,0.1162,-0.3254,-0.3074,-0.407,-0.3457,-0.9862,-0.266,-1.093,1.148,0.9834,0.1608,0.1462,0.0,0.0,0.152,0.0,0.0825,-0.1592,0.09735,-6.137,0.0,0.5,0.5,0.3386,-0.3767,-0.657,0.0,2.0,0.0,1.0,-5.938,-4.793,-0.0505628,,,
-0.4004,-0.564,-0.04645,0.3206,0.683,0.1428,0.1464,0.0,1.0,0.03036,0.0668,-0.3599,0.0,0.6323,-0.4614,-0.3318,-0.3364,-0.5664,-0.3467,-0.3837,-0.239,-0.986,-1.093,1.148,0.1566,0.1469,0.0,0.0,0.1501,0.0,0.06616,-0.2646,0.1654,-0.923,0.0,0.0,0.5,0.4875,-0.502,-0.894,0.0,3.0,0.0,0.0,0.0,-0.744,-0.118372,,,
-0.4082,-0.615,-0.06616,0.3086,0.2477,0.1428,0.1544,0.0,1.0,0.04935,0.08765,-0.3628,0.0,0.633,-0.735,-0.3433,-0.3618,-0.6143,-0.3477,-0.1519,-0.2083,-0.3835,-0.986,-1.093,0.1497,0.1472,0.0,0.0,0.1483,0.0,0.05975,-0.269,0.1658,-0.3325,-1.0,-0.5,0.5,0.506,-0.538,-0.906,0.0,4.0,0.0,0.0,0.0,-0.2715,0.0657704,,,
-0.3757,-0.5464,-0.06018,0.2937,-0.004597,0.0,0.1626,0.0,1.0,0.04596,0.0788,-0.3613,0.0,0.6333,-0.1407,-0.3572,-0.3835,-0.5522,-0.3486,0.08494,-0.1915,-0.152,-0.3835,-0.986,0.1473,0.1477,0.0,0.0,0.1475,0.0,0.0632,-0.348,0.2236,0.2031,-1.0,-0.5,0.5,0.4333,-0.4612,-0.7935,1.0,0.0,0.0,0.0,0.0,0.1665,0.2439559999999999,,,
-0.3562,-0.3127,-0.014206,0.283,-0.4036,-0.1428,0.1708,0.0,1.0,0.002289,0.03055,-0.3525,0.0,0.634,-0.2822,-0.3726,-0.399,-0.3232,-0.3494,0.4571,-0.1865,0.0848,-0.152,-0.3835,0.1425,0.1472,0.0,0.0,0.1465,0.0,0.08215,-0.2339,0.1506,1.013,0.0,0.0,0.5,0.2368,-0.215,-0.4333,2.0,0.0,0.0,0.0,0.0,0.8286,-0.0272684,,,
-0.3645,-0.294,-0.01775,0.2715,0.04706,-0.2856,0.1788,0.0,1.0,0.005062,0.0348,-0.3525,0.0,0.6343,-0.785,-0.3787,-0.4104,-0.3115,-0.3499,0.0001,-0.1823,0.4568,0.0848,-0.152,0.1316,0.1471,0.0,0.0,0.1456,0.0,0.08203,-0.2488,0.1613,0.0,0.0,-0.5,0.0,0.2053,-0.226,-0.4106,0.0,0.0,0.0,0.0,0.0,0.0,-0.075552,,,
-0.3538,-0.366,-0.04675,0.2522,0.4954,-0.4285,0.187,0.0,1.0,0.0344,0.06323,-0.357,0.0,0.635,-0.444,-0.3757,-0.419,-0.4,-0.3508,-0.2335,-0.1731,0.0,0.4568,0.0848,0.1254,0.1465,0.0,0.0,0.1448,0.0,0.0721,-0.4392,0.293,-0.4734,0.0,-0.5,-0.5,0.2993,-0.3042,-0.554,0.0,1.0,0.0,0.0,0.0,-0.3818,0.2828055999999999,,,
-0.345,-0.1726,-0.01416,0.2356,-0.593,-0.5713,0.1951,0.0,1.0,0.003136,0.02959,-0.3506,0.0,0.6353,-0.4941,-0.366,-0.4236,-0.2219,-0.3516,0.3363,-0.1719,-0.2335,0.0,0.4568,0.1259,0.1467,0.0,0.0,0.1447,0.0,0.0861,-0.3535,0.2379,0.542,1.0,-0.5,-0.5,0.1334,-0.1592,-0.3118,1.0,0.0,0.0,0.0,0.0,0.4402,0.064884,,,
-0.3855,-0.1755,-0.02173,0.2255,0.1681,-0.5713,0.2032,0.0,1.0,0.007263,0.04053,-0.3513,0.0,0.6353,-0.807,-0.3557,-0.4263,-0.229,-0.3518,-0.0331599999999999,-0.1716,0.336,-0.2335,0.0,0.128,0.1467,0.0,0.0,0.1445,0.0,0.08466,-0.2089,0.134,-0.05292,0.0,-1.0,-0.5,0.1244,-0.1901,-0.3347,0.0,1.0,0.0,0.0,0.0,-0.04254,-0.3240400000000001,,,
-0.364,-0.359,-0.0759,0.2056,2.213,-0.7144,0.2114,0.0,1.0,0.0627,0.0941,-0.3604,0.0,0.6357,-0.5884,-0.3398,-0.4248,-0.425,-0.353,-0.4662,-0.1576,-0.03326,0.336,-0.2335,0.1288,0.1459,0.0,0.0,0.1432,0.0,0.0648,-0.47,0.3118,-1.053,-1.0,-1.0,-1.0,0.2913,-0.4033,-0.62,0.0,2.0,0.0,1.0,-1.968,-0.847,0.2542391999999999,,,
-0.429,-0.2164,-0.0488,0.1985,-0.4153,-0.7144,0.2195,0.0,1.0,0.0304,0.07153,-0.3547,0.0,0.636,-0.6787,-0.3254,-0.4216,-0.281,-0.3533,0.2875,-0.1538,-0.466,-0.03326,0.336,0.1304,0.1447,0.0,0.0,0.1421,0.0,0.0767,-0.1373,0.0796,0.5254,0.0,-0.5,-0.5,0.1186,-0.2979,-0.4019,1.0,0.0,0.0,0.0,0.0,0.429,0.320448,,,
-0.4983,0.003483,-0.00907,0.1846,-1.605,-0.7144,0.2277,1.0,1.0,-0.01408,0.03714,-0.347,0.0,0.6367,-0.6025,-0.306,-0.4119,-0.0663,-0.3542,0.4019999999999999,-0.1553,0.287,-0.466,-0.03326,0.1318,0.1442,0.0,0.0,0.1416,0.0,0.09357,-0.3464,0.2362,0.8,1.0,0.0,-0.5,-0.0888,-0.1641,-0.12024,2.0,0.0,0.0,0.0,0.0,0.6475,-0.042264,,,
-0.61,0.002123,-0.02878,0.1554,0.1162,-0.7144,0.2357,1.0,1.0,-0.00382,0.06616,-0.3499,0.0,0.637,-0.683,-0.2722,-0.3809,-0.03195,-0.3584,-0.1487,-0.1665,0.4016,0.287,-0.466,0.1324,0.1438,0.0,0.0,0.1401,0.0,0.08716,-0.9595,0.671,-0.1627,0.0,0.0,-1.0,-0.07306,-0.2888,-0.1964,0.0,1.0,0.0,0.0,0.0,-0.1301,-0.3030683999999999,,,
-0.667,-0.11115,-0.06635,0.1365,-1.317,-0.857,0.2439,0.0,1.0,0.02875,0.10925,-0.356,0.0,0.6377,-0.593,-0.239,-0.337,-0.09845,-0.362,-0.3156,-0.1788,-0.1488,0.4016,0.287,0.1327,0.1436,0.0,0.0,0.138,0.0,0.0737,-0.701,0.4807,-0.5264,0.0,-0.5,-1.0,0.01912,-0.4617,-0.384,0.0,2.0,0.0,0.0,0.0,-0.4226,0.0497475999999999,,,
-0.8076,-0.1276,-0.07477,0.1293,0.7207,-0.857,0.252,0.0,1.0,0.026,0.1295,-0.357,0.0,0.638,-0.6978,-0.2108,-0.3044,-0.1224,-0.362,-0.0502499999999999,-0.1765,-0.3157,-0.1488,0.4016,0.1311,0.1426,0.0,0.0,0.1367,0.0,0.07153,-0.2467,0.1554,-0.08,0.0,-1.0,-1.0,0.01131,-0.489,-0.3938,0.0,3.0,0.0,0.0,0.0,-0.0649,-0.1552776,,,
-0.733,-0.6133,-0.191,0.1149,11.36,-0.857,0.2603,0.0,1.0,0.153,0.2482,-0.3774,0.0,0.6387,0.1951,-0.1853,-0.273,-0.6025,-0.3633,-1.0589,-0.1442,-0.05032,-0.3157,-0.1488,0.1244,0.1405,0.0,0.0,0.1329,0.0,0.02696,-0.5835,0.3762,-3.031,-1.0,-1.0,-1.0,0.4834,-0.89,-1.001,0.0,4.0,0.0,0.0,0.0,-2.463,0.4844675999999999,,,
-0.722,-0.2896,-0.12354,0.1094,-0.517,-0.857,0.2683,0.0,1.0,0.0826,0.1738,-0.3647,0.0,0.639,-0.3696,-0.1688,-0.2461,-0.2754,-0.3638,0.6778,-0.134,-1.059,-0.05032,-0.3157,0.1232,0.1394,0.0,0.0,0.1318,0.0,0.0544,-0.1428,0.07385,1.182,-1.0,-0.5,-0.5,0.1862,-0.5127,-0.5366,1.0,0.0,0.0,0.0,0.0,0.993,-0.08256704,,,
-0.759,-0.413,-0.157,0.0997,0.767,-0.857,0.2764,0.0,1.0,0.11456,0.2129,-0.3704,0.0,0.6396,-0.6855,-0.1593,-0.2244,-0.4026,-0.364,-0.2892,-0.1404,0.6777,-1.059,-0.05032,0.11926,0.1381,0.0,0.0,0.1284,0.0,0.04236,-0.3103,0.1881,-0.3884,-1.0,-1.0,-1.0,0.2744,-0.623,-0.6665,0.0,1.0,0.0,0.0,0.0,-0.3196,-0.0342583999999999,,,
-0.7686,-0.4734,-0.1809,0.0828,0.3276,-0.857,0.2847,0.0,1.0,0.1393,0.24,-0.3743,0.0,0.64,-0.4429,-0.1497,-0.2128,-0.4607,-0.3657,-0.2061,-0.2632,-0.2893,0.6777,-1.059,0.1123,0.1367,0.0,0.0,0.1227,0.0,0.0338,-0.64,0.4197,-0.505,-1.0,-1.0,-1.5,0.3386,-0.6675,-0.91,0.0,2.0,0.0,0.0,0.0,-0.419,0.7187712,,,
-0.722,0.0406,-0.07214,0.07764,-1.268,-0.7144,0.2927,1.0,1.0,0.03015,0.11975,-0.3542,0.0,0.6406,0.1409,-0.1477,-0.2135,0.0649,-0.3665,1.0721,-0.32,-0.206,-0.2893,0.6777,0.1112,0.1361,0.0,0.0,0.1207,0.0,0.07745,-0.1276,0.0732,3.107,0.0,-0.5,-1.0,-0.0806,-0.1395,0.126,1.0,0.0,0.0,0.0,0.0,2.598,0.2855039999999999,,,
-0.713,0.2644,-0.02127,0.0808,2.096,-0.5713,0.3008,1.0,1.0,-0.01941,0.0671,-0.3445,0.0,0.6406,-0.1704,-0.1587,-0.2142,0.2927,-0.3657,0.5021,-0.3044,1.071,-0.206,-0.2893,0.1142,0.136,0.0,0.0,0.12146,0.0,0.0985,0.1512,-0.1164,1.07,1.0,-0.5,-0.5,-0.261,0.066,0.6147,2.0,0.0,0.0,0.0,0.0,0.865,0.4013404,,,
-0.7046,0.5806,0.0526,0.0882,1.11,-0.4285,0.3088,1.0,1.0,-0.0893,-0.006332,-0.3306,0.0,0.641,-0.639,-0.1858,-0.2241,0.5874,-0.3638,0.7081,-0.2429,0.5015,1.071,-0.206,0.121,0.1367,0.0,0.0,0.12415,0.0,0.1288,0.2717,-0.1891,1.773,1.0,-0.5,-0.5,-0.4744,0.3577,1.034,3.0,0.0,1.0,0.0,4.09,1.411,-0.0060803999999999,,,
-0.7036,0.5264,0.046,0.0961,0.0458,-0.2856,0.3171,1.0,1.0,-0.083,0.0,-0.331,0.0,0.6416,-0.821,-0.2246,-0.2378,0.543,-0.3625,-0.03213,-0.2018,0.708,0.5015,1.071,0.1328,0.1368,0.0,0.0,0.127,0.0,0.1273,0.2717,-0.1897,-0.05,1.0,-0.5,-0.5,-0.4346,0.2695,0.8223,0.0,1.0,0.0,0.0,0.0,-0.03894,-0.038394,,,
-0.729,0.4338,0.0343,0.109,-0.02908,-0.1428,0.3252,1.0,1.0,-0.07404,0.01345,-0.3328,0.0,0.642,-0.698,-0.266,-0.2546,0.461,-0.361,-0.0805,-0.174,-0.03223,0.708,0.5015,0.141,0.1368,0.0,0.0,0.1296,0.0,0.12366,0.441,-0.312,-0.1272,1.0,-0.5,-0.5,-0.3706,0.1803,0.647,0.0,2.0,0.0,0.0,0.0,-0.0991,-0.0737327999999999,,,
-0.7207,0.2798,0.004784,0.11566,-0.1864,0.0,0.3333,1.0,1.0,-0.04526,0.04175,-0.3376,0.0,0.6426,-0.6733,-0.3135,-0.274,0.3018,-0.3596,-0.2425,-0.1584,-0.0806,-0.03223,0.708,0.1494,0.1372,0.0,0.0,0.131,0.0,0.113,0.2413,-0.1742,-0.517,0.0,-0.5,-1.0,-0.2476,0.03458,0.421,0.0,3.0,0.0,0.0,0.0,-0.404,0.4590600000000002,,,
-0.695,0.6616,0.0965,0.1273,1.264,0.0,0.3416,1.0,1.0,-0.129,-0.04895,-0.3206,0.0,0.643,0.0692,-0.3489,-0.294,0.6763,-0.3574,0.8641,-0.0997,-0.2424,-0.0806,-0.03223,0.1631,0.1382,0.0,0.0,0.1338,0.0,0.1503,0.3845,-0.26,2.15,0.0,0.0,-1.0,-0.5195,0.3918,0.8403,1.0,0.0,0.0,0.0,0.0,1.693,-0.1275184,,,
-0.669,0.674,0.10925,0.1423,0.151,0.0,0.3496,1.0,1.0,-0.1385,-0.06305,-0.3176,0.0,0.6436,-0.2542,-0.313,-0.3071,0.6753,-0.3547,0.1429,-0.046,0.8633,-0.2424,-0.0806,0.1725,0.1403,0.0,0.0,0.1375,0.0,0.1565,0.4897,-0.3323,0.368,0.0,0.0,-0.5,-0.5303,0.3835,0.772,2.0,0.0,0.0,0.0,0.0,0.282,-0.4096692,,,
-0.622,0.3257,0.03973,0.1537,-0.3594,0.1428,0.3577,1.0,1.0,-0.0706,-0.0006866,-0.3296,0.0,0.644,-0.3772,-0.2585,-0.3125,0.3315,-0.3528,-0.5844,-0.02815,0.1427,0.8633,-0.2424,0.1763,0.1405,0.0,0.0,0.1393,0.0,0.1302,0.3625,-0.253,-1.31,0.0,0.0,-0.5,-0.2222,0.1188,0.3896,0.0,1.0,0.0,0.0,0.0,-1.0,-0.2672279999999999,,,
-0.603,0.1637,0.00977,0.163,-0.292,0.2856,0.366,1.0,1.0,-0.04062,0.02711,-0.3345,0.0,0.6445,-0.574,-0.2081,-0.3113,0.1786,-0.3516,-0.2412,-0.02026,-0.584,0.1427,0.8633,0.1753,0.139,0.0,0.0,0.1409,0.0,0.1196,0.284,-0.2015,-0.4016,0.0,0.0,-0.5,-0.1398,-0.0505,0.2301,0.0,2.0,0.0,0.0,0.0,-0.3123,0.7784599999999997,,,
-0.6055,0.5464,0.1167,0.1963,1.802,0.4285,0.374,1.0,1.0,-0.1403,-0.07526,-0.3142,0.0,0.645,0.4126,-0.134,-0.284,0.556,-0.347,1.0051,0.0173,-0.2412,-0.584,0.1427,0.1796,0.1401,0.0,0.0,0.145,0.0,0.1632,0.9624,-0.6665,2.611,1.0,0.0,0.0,-0.4927,0.3552,0.655,1.0,0.0,0.0,0.0,0.0,2.047,-0.3474159999999999,,,
-0.585,0.174,0.04553,0.2147,-0.5005,0.5713,0.382,1.0,1.0,-0.07306,-0.00939,-0.3267,0.0,0.6455,-0.6025,-0.0621,-0.2441,0.1865,-0.3442,-0.5969,0.02618,1.005,-0.2412,-0.584,0.1812,0.1417,0.0,0.0,0.1476,0.0,0.1364,0.547,-0.3816,-1.157,0.0,-0.5,-0.5,-0.1925,0.07635,0.3044,0.0,1.0,0.0,0.0,0.0,-0.8794,-0.1259184,,,
-0.549,0.02283,0.0254,0.236,-0.4993,0.7144,0.3901,1.0,1.0,-0.05118,0.007248,-0.3298,0.0,0.646,-0.3364,-0.002573,-0.1991,0.06107,-0.3423,-0.1601,0.03323,-0.597,1.005,-0.2412,0.1831,0.1436,0.0,0.0,0.1492,0.0,0.1293,0.5967,-0.4204,-0.2094,-1.0,-1.0,-0.5,-0.1083,-0.01557,0.1996,0.0,2.0,0.0,0.0,0.0,-0.1621,0.0969047999999999,,,
-0.5728,0.1646,0.0761,0.2651,1.587,0.857,0.3984,1.0,1.0,-0.1005,-0.0397,-0.32,0.0,0.6465,-0.7485,0.05344,-0.1405,0.2039,-0.3386,0.4831,0.051,-0.16,-0.597,1.005,0.1832,0.1461,0.0,0.0,0.1519,0.0,0.1504,0.7886,-0.548,0.5425,0.0,-0.5,0.0,-0.3079,0.1367,0.3862,1.0,0.0,0.0,0.0,0.0,0.4219,0.072176,,,
-0.656,0.1339,0.0804,0.2825,9.096e-05,0.857,0.4065,1.0,1.0,-0.11115,-0.03693,-0.3188,0.0,0.6465,-0.844,0.10175,-0.08,0.1469,-0.335,0.0635,0.05975,0.4827,-0.16,-0.597,0.1829,0.1487,0.0,0.0,0.1552,0.0,0.1532,0.5767,-0.3955,0.04156,1.0,0.0,0.0,-0.3225,0.1069,0.3662,2.0,0.0,0.0,0.0,0.0,0.03186,-0.2045079999999999,,,
-0.6724,-0.02708,0.0492,0.291,-0.666,0.857,0.4146,1.0,1.0,-0.0835,-0.005707,-0.324,0.0,0.647,-0.6655,0.1312,-0.02698,-0.01819,-0.3333,-0.2531,0.05402,0.0634,0.4827,-0.16,0.1843,0.1505,0.0,0.0,0.1582,0.0,0.1418,0.3093,-0.2098,-0.3293,0.0,0.0,-0.5,-0.2145,-0.0532,0.209,0.0,1.0,0.0,0.0,0.0,-0.252,0.09065744,,,
-0.7046,-0.08185,0.0364,0.2908,-0.9463,0.7144,0.4146,0.0,1.0,-0.0741,0.00936,-0.326,0.0,0.6475,-0.6235,0.1447,0.01212,-0.07684,-0.3328,-0.0955999999999999,-0.01707,-0.2532,0.0634,0.4827,0.1864,0.1521,0.0,0.0,0.1628,0.0,0.1376,0.006256,0.004715,-0.1077,0.0,-0.5,-1.0,-0.1558,-0.1087,0.1292,0.0,2.0,0.0,0.0,0.0,-0.08307,0.3322881600000001,,,
-0.6855,0.03983,0.06573,0.2937,-14.766,0.7144,0.4229,1.0,1.0,-0.10004,-0.02052,-0.32,0.0,0.648,-0.4895,0.1387,0.04068,0.0483,-0.3323,0.2880999999999999,-0.05472,-0.0957,-0.2532,0.0634,0.1849,0.1543,0.0,0.0,0.1669,0.0,0.1501,0.138,-0.0836,0.4517,1.0,-0.5,-0.5,-0.2456,0.006973,0.2488,1.0,0.0,0.0,0.0,0.0,0.349,-0.1964717999999999,,,
-0.6543,-0.2214,0.00478,0.2915,-2.17,0.5713,0.431,0.0,1.0,-0.03992,0.03625,-0.3308,0.0,0.6484,-0.5176,0.1168,0.0583,-0.2151,-0.332,-0.5233,-0.1368,0.2878,-0.0957,-0.2532,0.1838,0.1555,0.0,0.0,0.1705,0.0,0.1268,-0.05682,0.04507,-1.097,0.0,-0.5,-0.5,-0.0005345,-0.2196,-0.11176,0.0,1.0,0.0,0.0,0.0,-0.841,0.14135084,,,
-0.648,-0.10974,0.032,0.2947,-0.7183,0.4285,0.439,0.0,1.0,-0.06537,0.008965,-0.3252,0.0,0.649,-0.5034,0.0807,0.06244,-0.0995,-0.3313,0.2743,-0.2786,-0.523,0.2878,-0.0957,0.185,0.1571,0.0,0.0,0.1749,0.0,0.1387,0.1428,-0.09216,0.5557,0.0,0.0,0.0,-0.1375,-0.138,0.03998,1.0,0.0,0.0,0.0,0.0,0.433,0.6146056,,,
-0.6636,0.4336,0.1593,0.301,-14.766,0.4285,0.4473,1.0,1.0,-0.1827,-0.10956,-0.3013,0.0,0.6494,0.2642,0.04083,0.0576,0.4285,-0.3296,1.1831,-0.2844,0.274,-0.523,0.2878,0.1898,0.1608,0.0,0.0,0.1797,0.0,0.1908,0.253,-0.1478,3.361,1.0,0.0,0.0,-0.528,0.3784,1.113,2.0,0.0,0.0,0.0,0.0,2.598,0.2326003999999999,,,
-0.6465,0.2104,0.1084,0.301,-0.3298,0.4285,0.4553,1.0,1.0,-0.136,-0.06415,-0.31,0.0,0.65,-0.2064,0.006287,0.0484,0.1715,-0.3274,-0.4162,-0.2993,1.183,0.274,-0.523,0.192,0.1635,0.0,0.0,0.1827,0.0,0.1715,0.03467,-0.0003638,-1.604,1.0,0.0,-0.5,-0.322,0.1449,0.6265,0.0,1.0,0.0,0.0,0.0,-1.194,0.1301999999999999,,,
-0.6855,0.2773,0.1302,0.3115,0.3782,0.4285,0.4553,1.0,1.0,-0.1588,-0.0811,-0.3054,0.0,0.6504,-0.623,-0.035,0.0383,0.2443,-0.326,0.2186999999999999,-0.2747,-0.416,1.183,0.274,0.1968,0.166,0.0,0.0,0.185,0.0,0.1814,0.3474,-0.2192,0.3503,1.0,0.5,0.0,-0.376,0.198,0.728,1.0,0.0,0.0,0.0,0.0,0.2644,0.2067304,,,
-0.5693,1.069,0.3342,0.3464,2.494,0.4285,0.4553,1.0,1.0,-0.3225,-0.2693,-0.2673,0.0,0.651,1.206,-0.02078,0.05527,0.909,-0.3167,1.8301,-0.08636,0.2185,-0.416,1.183,0.2118,0.171,0.0,0.0,0.1908,0.0,0.2642,0.869,-0.5547,9.62,2.0,0.5,0.5,-0.9717,0.9043,1.113,2.0,0.0,1.0,0.0,7.125,7.785,-0.056276,,,
-0.617,0.8853,0.3057,0.367,-0.0378,0.4285,0.4553,1.0,1.0,-0.3032,-0.2413,-0.272,0.0,0.6514,-0.5044,0.02956,0.0771,0.702,-0.3125,-0.2053,0.00916,1.829,0.2185,-0.416,0.2241,0.1761,0.0,0.0,0.1963,0.0,0.2542,0.585,-0.3564,-0.586,1.0,0.0,0.0,-0.8164,0.701,1.023,0.0,1.0,0.0,0.0,0.0,-0.4155,-0.048082,,,
-0.632,0.872,0.3225,0.3972,0.11884,0.4285,0.4553,1.0,1.0,-0.318,-0.2544,-0.268,0.0,0.652,-0.5825,0.0853,0.09766,0.714,-0.3093,0.1772999999999999,0.08136,-0.2053,1.829,0.2185,0.2401,0.1815,0.0,0.0,0.2026,0.0,0.2627,0.9067,-0.582,0.3127,1.0,0.5,0.5,-0.802,0.685,0.909,1.0,0.0,0.0,0.0,0.0,0.2233,-0.2315764,,,
-0.6006,0.5386,0.2625,0.4233,-0.2407,0.4285,0.4553,1.0,1.0,-0.266,-0.2059,-0.2783,0.0,0.6523,-0.1978,0.1344,0.1169,0.408,-0.3064,-0.4699,0.1234,0.1771,-0.2053,1.829,0.2522,0.1876,0.0,0.0,0.2064,0.0,0.24,0.7383,-0.4722,-0.9756,1.0,0.5,0.5,-0.543,0.415,0.5825,0.0,1.0,0.0,0.0,0.0,-0.6924,-0.02067,,,
-0.6074,0.4521,0.2551,0.443,-0.015335,0.4285,0.4553,1.0,1.0,-0.2605,-0.1991,-0.279,0.0,0.6523,-0.7407,0.181,0.1328,0.3525,-0.3047,-0.0297,0.1573,-0.4697,0.1771,-0.2053,0.2578,0.1929,0.0,0.0,0.21,0.0,0.2384,0.6187,-0.3875,-0.03622,0.0,0.0,0.0,-0.479,0.3428,0.4985,0.0,2.0,0.0,0.0,0.0,-0.0261,-0.0241292,,,
-0.536,0.2935,0.229,0.4604,-0.1847,0.4285,0.4553,1.0,1.0,-0.2329,-0.1823,-0.2832,0.0,0.653,-0.1527,0.2268,0.1426,0.2142,-0.303,-0.1939,0.1626,-0.0298,-0.4697,0.1771,0.2646,0.1981,0.0,0.0,0.2141,0.0,0.2291,0.5093,-0.3132,-0.4646,-1.0,0.0,-0.5,-0.3584,0.2102,0.3623,0.0,3.0,0.0,0.0,0.0,-0.335,0.49788,,,
-0.5283,0.5293,0.3025,0.489,0.806,0.4285,0.4553,1.0,1.0,-0.2935,-0.2461,-0.269,0.0,0.6533,-0.2488,0.2732,0.1498,0.4646,-0.2998,0.6607,0.1788,-0.1938,-0.0298,-0.4697,0.2742,0.2046,0.0,0.0,0.2201,0.0,0.26,0.777,-0.4907,1.956,0.0,0.0,0.0,-0.546,0.4631,0.5693,1.0,0.0,0.0,0.0,0.0,1.419,-0.2083828,,,
-0.4912,0.329,0.273,0.516,-0.2172,0.5713,0.4553,1.0,1.0,-0.266,-0.224,-0.2737,0.0,0.654,-0.2976,0.3088,0.1663,0.288,-0.2969,-0.2205,0.2026,0.66,-0.1938,-0.0298,0.2725,0.2095,0.0,0.0,0.2238,0.0,0.2493,0.714,-0.4502,-0.865,-1.0,-0.5,0.0,-0.407,0.3113,0.4167,0.0,1.0,0.0,0.0,0.0,-0.615,-0.0804411999999999,,,
-0.4893,0.224,0.2627,0.5396,-0.1399,0.5713,0.4553,1.0,1.0,-0.2576,-0.2156,-0.2751,0.0,0.6543,-0.538,0.3296,0.183,0.2031,-0.2947,-0.0591299999999999,0.2002,-0.2205,0.66,-0.1938,0.2715,0.2137,0.0,0.0,0.2284,0.0,0.2463,0.6265,-0.3892,-0.153,-1.0,-0.5,-0.5,-0.3625,0.2173,0.344,0.0,2.0,0.0,0.0,0.0,-0.10944,0.4592640000000001,,,
-0.4734,0.4453,0.3398,0.5776,0.907,0.7144,0.4553,1.0,1.0,-0.3193,-0.2817,-0.2603,0.0,0.655,-0.0784,0.341,0.2025,0.45,-0.2908,0.6827,0.2103,-0.0592,-0.2205,0.66,0.2737,0.218,0.0,0.0,0.2347,0.0,0.2786,1.002,-0.643,1.878,0.0,-0.5,0.0,-0.565,0.4705,0.5547,1.0,0.0,0.0,0.0,0.0,1.347,0.1636651999999999,,,
-0.4817,0.3506,0.3398,0.6133,-0.05887,0.857,0.4553,1.0,1.0,-0.32,-0.281,-0.2595,0.0,0.6553,-0.663,0.343,0.2328,0.367,-0.2866,0.02915,0.2268,0.682,-0.0592,-0.2205,0.2783,0.2224,0.0,0.0,0.2402,0.0,0.2798,0.9634,-0.6147,0.0828,1.0,-0.5,0.0,-0.571,0.3628,0.497,2.0,0.0,0.0,0.0,0.0,0.05814,0.6121624000000001,,,
-0.5225,0.557,0.4077,0.6416,0.645,0.857,0.4553,1.0,1.0,-0.3765,-0.3328,-0.2462,0.0,0.656,-0.1008,0.3447,0.2747,0.552,-0.2817,0.5951,0.2646,0.02904,0.682,-0.0592,0.2866,0.2277,0.0,0.0,0.2467,0.0,0.3086,0.8677,-0.5337,2.316,1.0,0.0,0.0,-0.7314,0.55,0.641,3.0,0.0,0.0,0.0,0.0,1.625,-0.028574,,,
-0.5273,0.365,0.3816,0.6733,-0.1884,0.857,0.4553,1.0,1.0,-0.3567,-0.3113,-0.2505,0.0,0.6562,-0.4363,0.3467,0.3213,0.344,-0.2769,-0.1851,0.2632,0.5947,0.02904,0.682,0.2952,0.2329,0.0,0.0,0.2534,0.0,0.2993,0.9863,-0.6226,-0.6597,1.0,-0.5,0.0,-0.5933,0.4006,0.5024,0.0,1.0,0.0,0.0,0.0,-0.454,0.1013404,,,
-0.473,0.2024,0.3591,0.7,-0.2559,0.857,0.4553,1.0,1.0,-0.3345,-0.2976,-0.2542,0.0,0.6567,-0.05222,0.3252,0.361,0.1873,-0.2732,-0.1575,0.2316,-0.1852,0.5947,0.02904,0.2988,0.2369,0.0,0.0,0.26,0.0,0.2913,0.847,-0.5264,-0.6113,1.0,-0.5,-0.5,-0.5537,0.193,0.3938,0.0,2.0,0.0,0.0,0.0,-0.4233,0.6385160000000003,,,
-0.5835,0.605,0.4663,0.7153,1.65,0.857,0.4553,1.0,1.0,-0.426,-0.3738,-0.2333,0.0,0.657,0.3364,0.357,0.3938,0.5557,-0.2695,0.9221,0.2462,-0.1576,-0.1852,0.5947,0.3093,0.2421,0.0,0.0,0.2678,0.0,0.3362,0.635,-0.355,3.334,1.0,0.0,-0.5,-0.8174,0.5454,0.6826,1.0,0.0,0.0,0.0,0.0,2.32,-0.2915008,,,
-0.534,0.3838,0.4194,0.7275,-0.2113,0.857,0.4553,1.0,1.0,-0.3867,-0.341,-0.2411,0.0,0.6577,0.06885,0.3872,0.4128,0.3289,-0.267,-0.3359,0.1787,0.9214,-0.1576,-0.1852,0.3179,0.2476,0.0,0.0,0.276,0.0,0.319,0.545,-0.2983,-1.256,0.0,0.0,-0.5,-0.609,0.3413,0.5107,0.0,1.0,0.0,0.0,0.0,-0.85,0.272304,,,
-0.514,0.5703,0.4744,0.743,0.5625,0.857,0.4634,1.0,1.0,-0.4268,-0.3857,-0.2297,0.0,0.658,-0.1613,0.4075,0.4165,0.528,-0.265,0.4951,0.1274,-0.3357,0.9214,-0.1576,0.3257,0.254,0.0,0.0,0.2847,0.0,0.3435,0.647,-0.3604,1.501,0.0,0.0,-0.5,-0.7393,0.4807,0.6943,1.0,0.0,0.0,0.0,0.0,1.026,-0.5342220000000001,,,
-0.442,0.1183,0.37,0.7544,-0.608,0.857,0.4714,1.0,1.0,-0.3408,-0.3093,-0.2482,0.0,0.658,0.3152,0.416,0.4082,0.086,-0.263,-0.7939,0.0933,0.4949,-0.3357,0.9214,0.3286,0.2578,0.0,0.0,0.2893,0.0,0.3032,0.4504,-0.2378,-2.967,0.0,0.0,-0.5,-0.3257,0.1278,0.265,0.0,1.0,0.0,0.0,0.0,-1.998,-0.4832255999999998,,,
-0.3484,-0.2842,0.2722,0.7563,-2.021,0.7144,0.4797,0.0,1.0,-0.2542,-0.2352,-0.2656,0.0,0.6587,0.05945,0.395,0.382,-0.2952,-0.2627,-0.7714,0.002766,-0.794,0.4949,-0.3357,0.3237,0.2617,0.0,0.0,0.2935,0.0,0.265,0.11615,-0.01602,-2.482,0.0,0.0,-0.5,0.04346,-0.1952,-0.1833,0.0,2.0,0.0,0.0,0.0,-1.714,0.0071479999999999,,,
-0.3672,-0.3833,0.2484,0.7583,0.655,0.5713,0.4878,0.0,1.0,-0.2358,-0.2133,-0.2693,0.0,0.659,-0.4885,0.35,0.338,-0.3894,-0.262,-0.1609,-0.0893,-0.771,-0.794,0.4949,0.3188,0.2654,0.0,0.0,0.2966,0.0,0.257,0.1274,-0.02753,-0.3125,-1.0,-0.5,-0.5,0.0834,-0.288,-0.3604,0.0,3.0,0.0,0.0,0.0,-0.2212,-0.5064751160000002,,,
-0.3123,-0.7114,0.1581,0.7427,1.295,0.4285,0.4958,0.0,1.0,-0.1537,-0.1376,-0.2854,0.0,0.6597,0.1537,0.2883,0.3113,-0.735,-0.2622,-0.7359,-0.0608,-0.161,-0.771,-0.794,0.3108,0.2673,0.0,0.0,0.295,0.0,0.2217,-0.354,0.3008,-1.872,-1.0,-1.0,-1.0,0.4055,-0.5674,-0.7876,0.0,4.0,0.0,0.0,0.0,-1.331,-0.6185119999999997,,,
-0.1884,-1.275,0.00353,0.7144,1.09,0.2856,0.4958,0.0,1.0,-0.001399,-0.0009985,-0.314,0.0,0.66,-0.2003,0.1998,0.2751,-1.301,-0.2646,-1.3249,0.05606,-0.7354,-0.161,-0.771,0.2903,0.2678,0.0,0.0,0.2913,0.0,0.1594,-0.6333,0.473,-4.453,-2.0,-1.5,-1.0,1.005,-1.049,-1.282,0.0,5.0,0.0,1.0,-7.285,-3.242,0.0872427999999999,,,
-0.1342,-1.239,-0.004467,0.686,0.10077,0.1428,0.504,0.0,1.0,0.01065,0.002472,-0.315,0.0,0.6606,0.1571,0.08405,0.229,-1.259,-0.2676,-0.04702,0.1526,-1.324,-0.7354,-0.161,0.2712,0.2683,0.0,0.0,0.2869,0.0,0.1572,-0.6304,0.4695,-0.1367,-2.0,-1.5,-1.0,0.9077,-1.015,-1.1045,0.0,5.0,0.0,0.0,0.0,-0.10376,0.5635439999999999,,,
-0.09186,-0.845,0.0734,0.6567,-0.2302,0.0,0.512,0.0,1.0,-0.05954,-0.0769,-0.2998,0.0,0.661,0.782,-0.0359,0.1764,-0.8887,-0.2695,0.7394,0.1864,-0.04712,-1.324,-0.7354,0.2534,0.2698,0.0,0.0,0.285,0.0,0.1902,-0.625,0.4802,1.839,-1.0,-1.0,-1.0,0.557,-0.575,-0.742,1.0,0.0,0.0,0.0,0.0,1.398,0.2760596,,,
-0.06216,-0.691,0.0942,0.6304,-0.0823,-0.1428,0.5205,0.0,1.0,-0.07623,-0.09906,-0.2952,0.0,0.6616,-0.1333,-0.1464,0.11475,-0.7573,-0.2712,0.2153999999999999,0.2078,0.7393,-0.04712,-1.324,0.2415,0.2715,0.0,0.0,0.2834,0.0,0.2,-0.5615,0.4395,0.3342,0.0,-1.0,-1.0,0.406,-0.4607,-0.6235,2.0,0.0,0.0,0.0,0.0,0.2484,-0.19693992,,,
-0.08704,-0.6836,0.0736,0.5933,0.12006,-0.2856,0.5283,0.0,1.0,-0.05936,-0.0775,-0.2983,0.0,0.662,-0.4172,-0.2184,0.04465,-0.7764,-0.2737,-0.1526,0.2305,0.2152,0.7393,-0.04712,0.2332,0.2734,0.0,0.0,0.2822,0.0,0.1929,-0.8223,0.622,-0.2369,0.0,-1.0,-1.5,0.4373,-0.4958,-0.6553,0.0,1.0,0.0,0.0,0.0,-0.1749,-0.1418799999999999,,,
-0.05927,-0.792,0.02396,0.554,0.3264,-0.4285,0.5366,0.0,1.0,-0.01058,-0.0318,-0.3071,0.0,0.6626,-0.2695,-0.218,-0.02353,-0.9014,-0.2769,-0.4142,0.275,-0.1527,0.2152,0.7393,0.2234,0.2744,0.0,0.0,0.2788,0.0,0.1737,-0.863,0.643,-0.774,0.0,-1.5,-1.5,0.59,-0.625,-0.747,0.0,2.0,0.0,0.0,0.0,-0.574,-0.0798668,,,
-0.11707,-0.622,0.04297,0.519,-0.12213,-0.5713,0.545,0.0,1.0,-0.03317,-0.04553,-0.303,0.0,0.663,-0.567,-0.158,-0.08435,-0.7305,-0.2805,0.2022,0.3047,-0.4143,-0.1527,0.2152,0.219,0.2744,0.0,0.0,0.2761,0.0,0.1829,-0.755,0.57,0.2798,1.0,-1.0,-1.0,0.4216,-0.532,-0.63,1.0,0.0,0.0,0.0,0.0,0.2102,0.091363,,,
-0.2178,-0.4038,0.06714,0.475,-0.2979,-0.7144,0.5527,0.0,1.0,-0.0638,-0.0605,-0.2979,0.0,0.6636,-0.63,-0.06177,-0.129,-0.5234,-0.285,0.2473,0.323,0.202,-0.4143,-0.1527,0.2231,0.2751,0.0,0.0,0.274,0.0,0.1941,-1.058,0.791,0.2695,1.0,-0.5,-1.0,0.281,-0.3982,-0.514,2.0,0.0,0.0,0.0,0.0,0.2012,0.1306404,,,
-0.2666,-0.499,0.01822,0.4312,0.4485,-0.857,0.5527,0.0,1.0,-0.02173,-0.00904,-0.3064,0.0,0.6636,-0.6416,0.04865,-0.1349,-0.6147,-0.2896,-0.4139,0.3464,0.2471,0.202,-0.4143,0.2252,0.2751,0.0,0.0,0.2698,0.0,0.175,-1.065,0.7886,-0.4329,0.0,-0.5,-1.0,0.4248,-0.559,-0.6084,0.0,1.0,0.0,0.0,0.0,-0.3208,-0.4632999999999999,,,
-0.262,-0.6885,-0.061,0.3723,0.618,-1.0,0.5527,0.0,1.0,0.05588,0.07025,-0.321,0.0,0.664,-0.3286,0.1718,-0.0894,-0.8125,-0.2957,-0.6989,0.391,-0.4138,0.2471,0.202,0.2197,0.2717,0.0,0.0,0.2642,0.0,0.1432,-1.421,1.028,-0.917,0.0,-0.5,-1.5,0.675,-0.8364,-0.7637,0.0,2.0,0.0,0.0,0.0,-0.6885,0.5864848000000001,,,
-0.341,-0.1741,0.03366,0.3345,-0.772,-1.143,0.5527,0.0,1.0,-0.04236,-0.018,-0.3027,0.0,0.6646,-0.2764,0.2983,-0.00103,-0.252,-0.302,0.9054,0.372,-0.6987,-0.4138,0.2471,0.2179,0.27,0.0,0.0,0.2593,0.0,0.1833,-0.885,0.663,1.088,1.0,0.0,-1.0,0.2498,-0.3875,-0.4407,1.0,0.0,0.0,0.0,0.0,0.8354,0.0201736,,,
-0.3325,0.05478,0.07166,0.3123,-2.502,-1.0,0.5527,1.0,1.0,-0.0772,-0.05536,-0.295,0.0,0.665,0.4033,0.4023,0.09564,0.01353,-0.306,0.3707,0.3457,0.905,-0.6987,-0.4138,0.2188,0.2683,0.0,0.0,0.2551,0.0,0.2002,-0.5474,0.4297,0.6543,1.0,0.5,-0.5,0.0918,-0.2015,-0.2878,2.0,0.0,0.0,0.0,0.0,0.4885,0.3943959999999999,,,
-0.3286,0.3845,0.1388,0.3,2.723,-0.857,0.5527,1.0,1.0,-0.1378,-0.11847,-0.2815,0.0,0.6655,-0.4,0.4585,0.177,0.3452,-0.307,0.6261,0.318,0.3706,0.905,-0.6987,0.2253,0.268,0.0,0.0,0.2527,0.0,0.229,-0.2732,0.2467,1.184,1.0,0.5,0.0,-0.165,0.0503,-0.04816,3.0,0.0,0.0,0.0,0.0,0.8735,0.2740604,,,
-0.3694,0.671,0.2074,0.3062,0.79,-0.7144,0.5527,1.0,1.0,-0.2012,-0.177,-0.268,0.0,0.666,-0.1578,0.4695,0.2379,0.6597,-0.3071,0.6291,0.2404,0.6255,0.3706,0.905,0.2343,0.2688,0.0,0.0,0.2495,0.0,0.2585,0.1641,-0.05234,1.12,2.0,0.5,0.5,-0.4224,0.2443,0.2386,4.0,0.0,0.0,0.0,0.0,0.8105,-0.3863214399999999,,,
-0.3867,0.2578,0.1229,0.321,-0.4534,-0.5713,0.5527,1.0,1.0,-0.1283,-0.09906,-0.2834,0.0,0.6665,-0.11444,0.4412,0.2712,0.2466,-0.3047,-0.7049,0.1644,0.6284,0.6255,0.3706,0.2379,0.2688,0.0,0.0,0.2457,0.0,0.2246,0.399,-0.235,-0.945,2.0,0.5,0.5,-0.0687,-0.05447,0.003767,0.0,1.0,0.0,0.0,0.0,-0.671,-0.0506768,,,
-0.444,0.2258,0.1249,0.3362,0.03214,-0.4285,0.5527,1.0,1.0,-0.1346,-0.0961,-0.2825,0.0,0.667,-0.606,0.3862,0.279,0.1908,-0.3013,0.04514,0.01817,-0.7046,0.6284,0.6255,0.244,0.2678,0.0,0.0,0.2408,0.0,0.2267,0.4304,-0.2566,0.05307,2.0,1.0,1.0,-0.1087,-0.08356,0.1227,1.0,0.0,0.0,0.0,0.0,0.0385,-0.5063799999999998,,,
-0.4602,-0.1775,0.03033,0.3325,-1.27,-0.4285,0.5527,0.0,1.0,-0.04874,-0.00491,-0.3,0.0,0.6675,0.1067,0.3152,0.2715,-0.2053,-0.3015,-0.8095,-0.0789,0.04504,-0.7046,0.6284,0.2494,0.2664,0.0,0.0,0.2362,0.0,0.1885,-0.0997,0.1051,-1.523,1.0,0.5,0.5,0.2627,-0.4058,-0.2769,0.0,1.0,0.0,0.0,0.0,-1.1045,0.1216952,,,
-0.4712,-0.0861,0.04834,0.3281,-0.882,-0.4285,0.5527,0.0,1.0,-0.0666,-0.02147,-0.2961,0.0,0.668,-0.1895,0.2241,0.2527,-0.11664,-0.3015,0.1846999999999999,-0.1284,-0.8096,0.04504,-0.7046,0.251,0.2651,0.0,0.0,0.2334,0.0,0.1969,-0.11005,0.1163,0.2983,1.0,0.5,0.5,0.1691,-0.3044,-0.11554,1.0,0.0,0.0,0.0,0.0,0.2218,0.1201695999999999,,,
-0.4863,-0.01352,0.06445,0.328,-14.766,-0.2856,0.5527,1.0,1.0,-0.0829,-0.03577,-0.2925,0.0,0.6685,-0.539,0.1171,0.2178,-0.0431,-0.301,0.1682999999999999,-0.1743,0.1846,-0.8096,0.04504,0.2517,0.2632,0.0,0.0,0.2313,0.0,0.2046,-0.00135,0.0421,0.1921,1.0,1.0,1.0,0.0778,-0.235,0.05823,2.0,0.0,0.0,0.0,0.0,0.142,-0.5584919999999998,,,
-0.4482,-0.3638,-0.01747,0.3245,-5.387,-0.2856,0.5527,0.0,1.0,-0.001915,0.0414,-0.3079,0.0,0.669,-0.11224,0.00118,0.1694,-0.3901,-0.301,-0.7152000000000001,-0.1779,0.1682,0.1846,-0.8096,0.2449,0.26,0.0,0.0,0.2292,0.0,0.1714,-0.1044,0.1011,-1.22,1.0,1.0,1.0,0.3938,-0.507,-0.4639,0.0,1.0,0.0,0.0,0.0,-0.897,-0.02468736,,,
-0.4426,-0.3489,-0.01761,0.3188,0.0773,-0.2856,0.5527,0.0,1.0,-0.001328,0.04108,-0.3074,0.0,0.6694,-0.4841,-0.11865,0.1165,-0.3843,-0.301,0.015664,-0.1888,-0.715,0.1682,0.1846,0.2349,0.2563,0.0,0.0,0.2299,0.0,0.172,-0.1656,0.145,0.0208,1.0,1.0,1.0,0.345,-0.4792,-0.4736,1.0,0.0,0.0,0.0,0.0,0.01564,-0.2093763999999998,,,
-0.4373,-0.4934,-0.0588,0.3052,0.71,-0.2856,0.5527,0.0,1.0,0.03964,0.08246,-0.315,0.0,0.6694,-0.713,-0.2336,0.0643,-0.5347,-0.302,-0.3579,-0.1888,0.01556,-0.715,0.1682,0.2268,0.2524,0.0,0.0,0.2299,0.0,0.1558,-0.3594,0.2761,-0.4775,1.0,0.5,0.5,0.4624,-0.6064,-0.758,0.0,1.0,0.0,0.0,0.0,-0.3591,-0.0714888,,,
-0.4219,-0.4937,-0.06415,0.2966,0.1344,-0.2856,0.5527,0.0,1.0,0.0462,0.0867,-0.3157,0.0,0.67,-0.455,-0.333,0.006405,-0.5356,-0.3025,-0.03136,-0.1692,-0.3577,0.01556,-0.715,0.2184,0.2487,0.0,0.0,0.2284,0.0,0.1543,-0.2429,0.1925,-0.03049,0.0,0.0,0.5,0.4028,-0.6143,-0.722,0.0,2.0,0.0,0.0,0.0,-0.02318,0.653572,,,
-0.411,0.03986,0.0656,0.3113,-1.249,-0.1428,0.5527,1.0,1.0,-0.0779,-0.0431,-0.2903,0.0,0.6704,0.1065,-0.3772,-0.06274,0.01269,-0.3013,1.2291,-0.1655,-0.03146,-0.3577,0.01556,0.2208,0.2452,0.0,0.0,0.2289,0.0,0.2092,0.3716,-0.2219,1.68,0.0,0.0,1.0,-0.1032,-0.0514,0.1847,1.0,0.0,0.0,0.0,0.0,1.278,0.0399668,,,
-0.4329,0.02638,0.06445,0.3147,0.01441,0.0,0.5527,1.0,1.0,-0.07855,-0.0402,-0.29,0.0,0.671,-0.3704,-0.3699,-0.1389,-0.009186,-0.3,0.0152699999999999,-0.1609,1.228,-0.03146,-0.3577,0.2224,0.2422,0.0,0.0,0.2296,0.0,0.2098,0.1245,-0.04526,0.02399,1.0,0.5,1.0,-0.1141,-0.07776,0.1781,2.0,0.0,0.0,0.0,0.0,0.0176,0.0767431999999999,,,
-0.4834,-0.03708,0.0479,0.3115,-0.4963,0.0,0.5527,1.0,1.0,-0.06714,-0.02007,-0.2925,0.0,0.6714,-0.2905,-0.3745,-0.2174,-0.0712,-0.2998,-0.1212,-0.1648,0.01516,1.228,-0.03146,0.2224,0.2384,0.0,0.0,0.231,0.0,0.2041,-0.0535,0.0793,-0.2114,0.0,0.0,0.5,-0.079,-0.1683,0.06134,0.0,1.0,0.0,0.0,0.0,-0.1549,0.1204891999999999,,,
-0.5117,0.1752,0.0926,0.3062,5.258,0.0,0.5527,1.0,1.0,-0.1108,-0.0604,-0.2834,0.0,0.672,-0.2842,-0.3992,-0.2947,0.1443,-0.3003,0.4261,-0.1555,-0.1212,0.01516,1.228,0.2286,0.2362,0.0,0.0,0.2328,0.0,0.2238,-0.131,0.1433,0.5854,1.0,0.5,0.5,-0.25,-0.01188,0.3425,1.0,0.0,0.0,0.0,0.0,0.4307,-0.1724159999999999,,,
-0.5073,0.02077,0.0463,0.288,-0.51,0.0,0.5527,1.0,1.0,-0.06757,-0.01654,-0.292,0.0,0.6724,-0.1577,-0.4448,-0.3655,-0.005714,-0.302,-0.3903,-0.1545,0.4258,-0.1212,0.01516,0.2325,0.2346,0.0,0.0,0.2333,0.0,0.2054,-0.565,0.4448,-0.6064,1.0,0.0,0.0,-0.09045,-0.2158,0.03552,0.0,1.0,0.0,0.0,0.0,-0.44,0.0291144,,,
-0.5396,0.013916,0.03903,0.279,0.0616,0.0,0.5527,1.0,1.0,-0.0633,-0.006832,-0.293,0.0,0.673,-0.443,-0.4644,-0.4219,-0.00825,-0.303,-0.0455,-0.1611,-0.3901,0.4258,-0.1212,0.2383,0.2333,0.0,0.0,0.2345,0.0,0.2032,-0.3066,0.2598,-0.04968,0.0,-0.5,0.0,-0.06757,-0.24,-0.02103,0.0,2.0,0.0,0.0,0.0,-0.0365,-0.3109639999999999,,,
-0.4556,-0.1987,-0.01878,0.2632,-2.252,-0.1428,0.5527,0.0,1.0,-0.001224,0.04333,-0.3037,0.0,0.6733,0.25,-0.4497,-0.4436,-0.232,-0.304,-0.5023,-0.2019,-0.0456,-0.3901,0.4258,0.2413,0.232,0.0,0.0,0.2361,0.0,0.1799,-0.5264,0.4065,-0.651,-1.0,-0.5,-0.5,0.1216,-0.4736,-0.4673,0.0,3.0,0.0,0.0,0.0,-0.479,-0.0167784,,,
-0.528,-0.179,-0.0174,0.2583,-0.0469,-0.1428,0.5527,0.0,1.0,-0.00838,0.04794,-0.303,0.0,0.674,-0.5283,-0.4373,-0.4421,-0.2119,-0.304,0.03103,-0.2015,-0.502,-0.0456,-0.3901,0.238,0.2328,0.0,0.0,0.2361,0.0,0.1812,-0.1656,0.1494,0.04953,0.0,-0.5,0.0,0.08484,-0.451,-0.441,1.0,0.0,0.0,0.0,0.0,0.03705,-0.074464,,,
-0.5513,-0.1677,-0.01944,0.251,0.01074,-0.1428,0.5527,0.0,1.0,-0.00824,0.0519,-0.303,0.0,0.6743,-0.47,-0.426,-0.4465,-0.2053,-0.3044,0.0001,-0.1969,0.03091,-0.502,-0.0456,0.2347,0.2335,0.0,0.0,0.2354,0.0,0.1812,-0.268,0.2225,0.0,-1.0,-0.5,-0.5,0.0625,-0.445,-0.4211,0.0,0.0,0.0,0.0,0.0,0.0,0.6664467999999999,,,
-0.527,0.2886,0.08405,0.2527,-5.51,-0.1428,0.5527,1.0,1.0,-0.1042,-0.05106,-0.2825,0.0,0.675,0.1478,-0.4207,-0.4583,0.2534,-0.304,0.9737,-0.1986,0.0,0.03091,-0.502,0.2373,0.2346,0.0,0.0,0.2352,0.0,0.2255,0.1194,-0.03445,1.382,0.0,0.0,-0.5,-0.3167,-0.0182,0.3777,1.0,0.0,0.0,0.0,0.0,1.031,0.198316,,,
-0.549,0.447,0.1295,0.2688,0.591,0.0,0.5527,1.0,1.0,-0.1472,-0.0918,-0.2732,0.0,0.6753,-0.2612,-0.422,-0.4758,0.416,-0.3018,0.4349,-0.217,0.973,0.0,0.03091,0.24,0.236,0.0,0.0,0.2347,0.0,0.2458,0.6885,-0.4316,0.743,1.0,0.0,0.0,-0.4392,0.1545,0.799,2.0,0.0,0.0,0.0,0.0,0.5386,-0.76932,,,
-0.3994,-0.172,-0.00929,0.27,-1.119,0.0,0.5527,0.0,1.0,-0.005947,0.0292,-0.2993,0.0,0.6753,0.511,-0.4229,-0.4817,-0.1957,-0.3013,-1.1979,-0.2273,0.4346,0.973,0.0,0.238,0.2358,0.0,0.0,0.2333,0.0,0.1886,0.04962,-0.0008006,-2.363,1.0,-0.5,-0.5,0.1242,-0.344,-0.2502,0.0,1.0,0.0,0.0,0.0,-1.689,-0.1004399999999999,,,
-0.3513,-0.3083,-0.03845,0.273,1.739,0.0,0.5527,0.0,1.0,0.0264,0.0546,-0.3047,0.0,0.676,-0.2345,-0.4197,-0.4805,-0.3262,-0.3008,-0.2459,-0.2379,-1.198,0.4346,0.973,0.2351,0.236,0.0,0.0,0.2313,0.0,0.1772,0.0935,-0.03705,-0.3333,0.0,-0.5,-0.5,0.2238,-0.4246,-0.4321,0.0,2.0,0.0,0.0,0.0,-0.2476,0.5265905600000002,,,
-0.3298,0.005882,0.03973,0.2852,-1.346,0.1428,0.5527,1.0,1.0,-0.04718,-0.02484,-0.289,0.0,0.6763,0.142,-0.411,-0.4758,-6.71e-05,-0.2996,0.7438,-0.2338,-0.2458,-1.198,0.4346,0.2388,0.2368,0.0,0.0,0.2323,0.0,0.211,0.334,-0.1937,1.275,1.0,-0.5,0.0,-0.1129,-0.121,0.2169,1.0,0.0,0.0,0.0,0.0,0.9546,-0.3151076,,,
-0.3853,-0.1483,0.0002832,0.2778,-1.757,0.0,0.5527,0.0,1.0,-0.01406,0.01851,-0.2961,0.0,0.677,-0.651,-0.403,-0.4712,-0.1648,-0.2993,-0.3329,-0.2338,0.743,-0.2458,-1.198,0.2406,0.2369,0.0,0.0,0.2323,0.0,0.1954,-0.2031,0.1827,-0.3562,0.0,-0.5,-0.5,0.04636,-0.254,-0.0897,0.0,1.0,0.0,0.0,0.0,-0.2605,-0.4655248000000002,,,
-0.3518,-0.3115,-0.0438,0.2659,2.734,-0.1428,0.5527,0.0,1.0,0.03162,0.06006,-0.3042,0.0,0.6772,-0.1182,-0.405,-0.4705,-0.321,-0.3005,-0.3822,-0.2312,-0.3328,0.743,-0.2458,0.2402,0.237,0.0,0.0,0.2313,0.0,0.1777,-0.3435,0.2751,-0.62,-1.0,-0.5,-1.0,0.2112,-0.3975,-0.411,0.0,2.0,0.0,0.0,0.0,-0.4585,0.0543124,,,
-0.3147,-0.619,-0.1246,0.2465,1.5625,-0.2856,0.5527,0.0,1.0,0.1163,0.1412,-0.3196,0.0,0.6777,-0.1915,-0.4082,-0.469,-0.61,-0.3032,-0.7274,-0.2035,-0.3823,-0.3328,0.743,0.2308,0.2372,0.0,0.0,0.2302,0.0,0.1445,-0.521,0.3872,-1.896,-1.0,-0.5,-1.0,0.5103,-0.6763,-0.969,0.0,3.0,0.0,0.0,0.0,-1.419,-0.091748,,,
-0.2686,-0.611,-0.1381,0.2205,0.1164,-0.4285,0.5527,0.0,1.0,0.1339,0.1519,-0.3218,0.0,0.678,0.2915,-0.3938,-0.457,-0.598,-0.3062,-0.1108,-0.1716,-0.7275,-0.3823,-0.3328,0.2184,0.2361,0.0,0.0,0.2289,0.0,0.1394,-0.7324,0.536,-0.241,-1.0,-1.0,-1.5,0.4973,-0.6924,-0.96,0.0,4.0,0.0,0.0,0.0,-0.1846,0.8882820000000003,,,
-0.2693,0.08014,0.01414,0.2172,-1.261,-0.4285,0.5527,1.0,1.0,-0.01805,-0.004787,-0.292,0.0,0.6787,0.1288,-0.3755,-0.4443,0.0986,-0.3066,1.4631,-0.1884,-0.11084,-0.7275,-0.3823,0.2203,0.2362,0.0,0.0,0.231,0.0,0.2042,-0.0945,0.1092,2.88,-1.0,-0.5,-1.0,-0.0574,0.03072,0.09576,1.0,0.0,0.0,0.0,0.0,2.215,-0.3239679999999999,,,
-0.2356,-0.1028,-0.0314,0.2096,-1.077,-0.5713,0.5527,0.0,1.0,0.02872,0.03787,-0.3003,0.0,0.679,-0.2214,-0.3596,-0.433,-0.0897,-0.307,-0.3952,-0.2118,1.462,-0.11084,-0.7275,0.2213,0.2351,0.0,0.0,0.2324,0.0,0.1859,-0.1963,0.1738,-0.499,-1.0,-1.0,-1.0,0.1105,-0.1543,-0.263,0.0,1.0,0.0,0.0,0.0,-0.3667,-0.1030788,,,
-0.297,-0.05933,-0.0217,0.2097,-2.03,-0.4285,0.5527,1.0,1.0,0.014305,0.03317,-0.298,0.0,0.6797,-0.4756,-0.348,-0.425,-0.03873,-0.307,0.1078,-0.2148,-0.395,1.462,-0.11084,0.219,0.2333,0.0,0.0,0.2317,0.0,0.1908,-0.01504,0.0466,0.151,0.0,-1.0,-0.5,0.0689,-0.1033,-0.1558,1.0,0.0,0.0,0.0,0.0,0.1123,0.4706144000000002,,,
-0.2622,0.468,0.1043,0.2235,18.77,-0.2856,0.5527,1.0,1.0,-0.1015,-0.09204,-0.2732,0.0,0.68,-0.2241,-0.3481,-0.4282,0.4646,-0.304,1.1821,-0.1793,0.1077,-0.395,1.462,0.2249,0.2339,0.0,0.0,0.2332,0.0,0.2449,0.276,-0.1371,3.445,1.0,-0.5,-0.5,-0.3296,0.4272,0.7456,2.0,0.0,1.0,0.0,4.65,2.555,0.150416,,,
-0.1447,-0.1027,-0.02332,0.2235,-0.9766,-0.2856,0.5527,0.0,1.0,0.0281,0.02222,-0.2974,0.0,0.6807,-0.03333,-0.3494,-0.433,-0.1039,-0.3032,-1.1089,-0.1802,1.181,0.1077,-0.395,0.2267,0.2329,0.0,0.0,0.2328,0.0,0.1919,-0.03442,0.06104,-2.426,1.0,-0.5,-0.5,0.1726,-0.0687,-0.1503,0.0,1.0,0.0,0.0,0.0,-1.735,-0.6437163999999999,,,
-0.0773,-0.615,-0.1532,0.1974,18.77,-0.4285,0.5527,0.0,1.0,0.1652,0.1525,-0.3223,0.0,0.681,0.373,-0.347,-0.4358,-0.6357,-0.305,-1.1799,-0.1523,-1.109,1.181,0.1077,0.226,0.2316,0.0,0.0,0.2292,0.0,0.1375,-0.5195,0.3833,-2.156,0.0,-1.0,-1.0,0.705,-0.531,-0.951,0.0,2.0,0.0,0.0,0.0,-1.597,0.5073200000000001,,,
-0.09644,-0.2834,-0.09454,0.172,-0.531,-0.5713,0.5527,0.0,1.0,0.10297,0.09143,-0.3108,0.0,0.681,-0.10724,-0.3364,-0.4292,-0.3188,-0.3071,0.5729,-0.1466,-1.18,-1.109,1.181,0.2288,0.2307,0.0,0.0,0.2275,0.0,0.1628,-0.491,0.374,0.6343,1.0,-0.5,-1.0,0.387,-0.2788,-0.506,1.0,0.0,0.0,0.0,0.0,0.4878,0.0515447999999999,,,
-0.2103,-0.2227,-0.08594,0.164,-0.1879,-0.5713,0.5527,0.0,1.0,0.0851,0.09186,-0.3088,0.0,0.6816,-0.4827,-0.327,-0.42,-0.2542,-0.308,0.0939,-0.1444,0.5728,-1.18,-1.109,0.2244,0.2297,0.0,0.0,0.2261,0.0,0.167,-0.2069,0.1732,0.10297,1.0,0.0,-0.5,0.32,-0.2255,-0.41,2.0,0.0,0.0,0.0,0.0,0.0778,-0.2251519999999999,,,
-0.1187,-0.497,-0.1534,0.1523,2.207,-0.5713,0.5527,0.0,1.0,0.1621,0.1561,-0.3218,0.0,0.682,0.5913,-0.318,-0.4067,-0.5234,-0.3093,-0.6234000000000001,-0.11816,0.09375,0.5728,-1.18,0.219,0.2289,0.0,0.0,0.2245,0.0,0.1387,-0.2915,0.2212,-1.181,0.0,0.0,-0.5,0.5586,-0.4807,-0.783,0.0,1.0,0.0,0.0,0.0,-0.8896,-1.0675663999999996,,,
0.009476,-0.982,-0.2803,0.11755,1.38,-0.7144,0.545,0.0,0.0,0.311,0.2886,-0.3464,0.0,0.6826,0.705,-0.279,-0.367,-0.975,-0.3147,-1.2079,-0.01569,-0.623,0.09375,0.5728,0.2067,0.2264,0.0,0.0,0.2206,0.0,0.085,-0.722,0.505,-3.377,0.0,0.0,-1.0,1.087,-0.9233,-1.259,0.0,2.0,0.0,0.0,0.0,-2.596,-0.53136,,,
0.2004,-1.26,-0.3633,0.078,0.4626,-0.7144,0.5366,0.0,0.0,0.4233,0.3728,-0.3625,0.0,0.683,1.396,-0.1897,-0.2942,-1.208,-0.3213,-0.8259,0.1261,-1.208,-0.623,0.09375,0.1838,0.2236,0.0,0.0,0.2151,0.0,0.0496,-0.7896,0.5376,-2.826,0.0,-0.5,-1.0,1.391,-1.181,-1.282,0.0,3.0,0.0,0.0,0.0,-2.256,0.064714,,,
0.2847,-1.089,-0.3445,0.04532,-0.0217,-0.7144,0.5283,0.0,0.0,0.4077,0.3428,-0.359,0.0,0.6836,1.169,-0.10706,-0.2258,-1.06,-0.3242,0.1866,0.1964,-0.8257,-1.208,-0.623,0.1681,0.221,0.0,0.0,0.2083,0.0,0.05728,-0.68,0.4631,0.3152,0.0,0.0,-0.5,1.171,-1.014,-1.06,1.0,0.0,0.0,0.0,0.0,0.2585,0.4499599999999998,,,
0.2382,-0.881,-0.3108,0.02559,-0.0869,-0.7144,0.5205,0.0,0.0,0.3645,0.306,-0.3525,0.0,0.684,-0.429,-0.03232,-0.1692,-0.8657,-0.3262,0.3373,0.201,0.1865,-0.8257,-1.208,0.1604,0.2172,0.0,0.0,0.201,0.0,0.07135,-0.464,0.315,0.379,0.0,0.0,0.0,0.9473,-0.7573,-0.8535,2.0,0.0,0.0,0.0,0.0,0.3086,0.06956,,,
0.1913,-0.65,-0.269,0.01172,-0.1752,-0.7144,0.512,0.0,0.0,0.313,0.2605,-0.3445,0.0,0.6846,0.05728,0.0412,-0.11884,-0.626,-0.3281,0.4173,0.2219,0.3372,0.1865,-0.8257,0.1517,0.2139,0.0,0.0,0.1969,0.0,0.0889,-0.3408,0.2346,0.8076,1.0,0.0,0.5,0.6484,-0.565,-0.641,3.0,0.0,0.0,0.0,0.0,0.651,-0.210124,,,
0.2269,-1.029,-0.3762,-0.0337,0.845,-0.857,0.504,0.0,0.0,0.4412,0.387,-0.3652,0.0,0.685,0.4656,0.1292,-0.06064,-1.012,-0.333,-1.0539,0.2888,0.417,0.3372,0.1865,0.1373,0.2094,0.0,0.0,0.1915,0.0,0.04367,-0.9272,0.6333,-2.383,1.0,0.0,0.0,1.091,-0.945,-0.9062,0.0,1.0,0.0,0.0,0.0,-1.897,0.1764431199999999,,,
0.1893,-0.8574,-0.3618,-0.0723,-0.0604,-0.857,0.4958,0.0,0.0,0.4207,0.372,-0.3623,0.0,0.6855,-0.4797,0.2144,-0.00603,-0.861,-0.3364,0.1533999999999999,0.309,-1.054,0.417,0.3372,0.1271,0.2046,0.0,0.0,0.1848,0.0,0.04996,-0.819,0.559,0.2656,2.0,0.5,0.5,0.9434,-0.7856,-0.7773,1.0,0.0,0.0,0.0,0.0,0.2186,-0.1440208,,,
0.2617,-1.024,-0.424,-0.11957,0.3635,-1.0,0.4878,0.0,0.0,0.5024,0.4443,-0.3743,0.0,0.686,0.0787,0.2942,0.04703,-1.065,-0.34,-0.6269,0.3567,0.1532,-1.054,0.417,0.11993,0.1996,0.0,0.0,0.1777,0.0,0.02379,-0.9414,0.635,-0.8945,1.0,0.0,0.0,1.112,-1.024,-0.8735,0.0,1.0,0.0,0.0,0.0,-0.733,-0.0425423999999999,,,
0.2031,-0.9385,-0.443,-0.1847,0.03607,-1.143,0.4797,0.0,0.0,0.522,0.4739,-0.3777,0.0,0.6865,-0.1101,0.404,0.1351,-0.923,-0.35,-0.1901,0.4077,-0.627,0.1532,-1.054,0.116,0.1945,0.0,0.0,0.1711,0.0,0.01595,-1.402,0.96,-0.4275,0.0,-0.5,-0.5,1.052,-1.073,-0.8325,0.0,2.0,0.0,0.0,0.0,-0.3574,0.107512,,,
0.198,-1.166,-0.5234,-0.2437,0.4172,-1.143,0.4714,0.0,0.0,0.6255,0.5815,-0.3933,0.0,0.687,-0.012314,0.511,0.2374,-1.1455,-0.3572,-0.8349,0.5005,-0.1901,-0.627,0.1532,0.10724,0.189,0.0,0.0,0.1644,0.0,-0.01797,-1.356,0.9126,-1.492,-1.0,-0.5,-0.5,1.307,-1.384,-0.936,0.0,3.0,0.0,0.0,0.0,-1.254,0.0941384,,,
0.1406,-1.047,-0.524,-0.2876,0.01588,-1.143,0.4634,0.0,0.0,0.621,0.587,-0.3933,0.0,0.687,-0.147,0.6113,0.3445,-1.009,-0.3628,0.0001,0.575,-0.8345,-0.1901,-0.627,0.0968,0.1835,0.0,0.0,0.158,0.0,-0.01804,-1.193,0.797,0.0,-1.0,-0.5,-0.5,1.162,-1.296,-0.8364,0.0,0.0,0.0,0.0,0.0,0.0,0.0309619999999999,,,
0.2201,-0.2905,-0.391,-0.3232,-0.7036,-1.143,0.4553,0.0,0.0,0.4585,0.4058,-0.3674,0.0,0.6875,0.2142,0.6733,0.4307,-0.311,-0.3647,1.4291,0.539,0.0,-0.8345,-0.1901,0.09094,0.1794,0.0,0.0,0.1511,0.0,0.03827,-0.892,0.606,4.36,-1.0,0.0,-0.5,0.5317,-0.5044,-0.461,1.0,0.0,1.0,0.0,6.43,3.764,0.365764,,,
0.3057,-0.4937,-0.4583,-0.368,1.171,-1.143,0.4473,0.0,0.0,0.5493,0.4854,-0.3804,0.0,0.688,0.1803,0.6973,0.5024,-0.573,-0.3674,-0.6835,0.527,1.428,0.0,-0.8345,0.08704,0.1736,0.0,0.0,0.1439,0.0,0.009995,-1.034,0.6953,-1.23,-1.0,-0.5,-1.0,0.784,-0.7603,-0.5864,0.0,1.0,0.0,0.0,0.0,-1.017,0.2019784,,,
0.2128,-0.1548,-0.409,-0.399,-0.7446,-1.143,0.439,0.0,0.0,0.4797,0.429,-0.3706,0.0,0.6885,-0.03714,0.69,0.5625,-0.249,-0.3706,0.5241,0.48,-0.6836,1.428,0.0,0.0849,0.1676,0.0,0.0,0.1373,0.0,0.0311,-0.7495,0.5015,0.9155,0.0,-0.5,-0.5,0.4663,-0.5146,-0.418,1.0,0.0,0.0,0.0,0.0,0.773,0.141776,,,
0.1268,0.04562,-0.3765,-0.4114,-2.781,-1.0,0.431,1.0,0.0,0.4333,0.3953,-0.3643,0.0,0.689,-0.05002,0.669,0.594,-0.053,-0.3718,0.3439,0.315,0.524,-0.6836,1.428,0.08746,0.1637,0.0,0.0,0.129,0.0,0.0451,-0.363,0.2317,0.859,1.0,-0.5,0.0,0.2656,-0.3596,-0.2888,2.0,0.0,1.0,0.0,3.125,0.7134,0.094854,,,
0.09235,0.09534,-0.3672,-0.4124,0.552,-0.857,0.4229,1.0,0.0,0.4194,0.3865,-0.3623,0.0,0.6895,1.032,0.6475,0.602,0.01607,-0.3726,0.10215,0.2092,0.3435,0.524,-0.6836,0.09143,0.1602,0.0,0.0,0.1232,0.0,0.04922,-0.0891,0.038,0.3728,2.0,0.0,0.5,0.2017,-0.3013,-0.2135,3.0,0.0,0.0,0.0,0.0,0.3064,-0.2540680000000001,,,
0.0629,-0.1478,-0.421,-0.4214,-1.338,-0.857,0.4146,0.0,0.0,0.4827,0.4565,-0.3726,0.0,0.69,0.4868,0.6055,0.5957,-0.2185,-0.3738,-0.5424,0.1715,0.102,0.3435,0.524,0.09674,0.155,0.0,0.0,0.11865,0.0,0.02657,-0.3108,0.1863,-1.011,1.0,-0.5,0.0,0.4226,-0.5073,-0.3752,0.0,1.0,0.0,0.0,0.0,-0.828,-0.197012,,,
0.0928,-0.3064,-0.4626,-0.4387,2.678,-0.857,0.4065,0.0,0.0,0.5376,0.5083,-0.3806,0.0,0.6904,-0.3022,0.533,0.5767,-0.4006,-0.3748,-0.4311,0.0891,-0.542,0.102,0.3435,0.1,0.1499,0.0,0.0,0.1123,0.0,0.00887,-0.5376,0.3403,-0.63,1.0,-0.5,-0.5,0.57,-0.6577,-0.5103,0.0,2.0,0.0,0.0,0.0,-0.525,-0.2870564000000001,,,
0.1392,-0.3184,-0.4792,-0.463,0.1901,-0.857,0.3984,0.0,0.0,0.563,0.527,-0.384,0.0,0.691,0.6084,0.436,0.5435,-0.4214,-0.3772,-0.1747,-0.03406,-0.431,-0.542,0.102,0.09576,0.145,0.0,0.0,0.1055,0.0,0.001749,-0.7383,0.4805,-0.3643,0.0,-0.5,-1.0,0.55,-0.7344,-0.585,0.0,3.0,0.0,0.0,0.0,-0.3079,-0.160348,,,
0.1051,-0.4414,-0.5127,-0.478,0.689,-0.857,0.3901,0.0,0.0,0.6035,0.574,-0.3904,0.0,0.6914,-0.1301,0.3333,0.4944,-0.5415,-0.3792,-0.3515,-0.1254,-0.1747,-0.431,-0.542,0.0932,0.1406,0.0,0.0,0.0993,0.0,-0.012405,-0.555,0.3438,-0.4697,-1.0,-0.5,-1.0,0.6587,-0.8247,-0.779,0.0,4.0,0.0,0.0,0.0,-0.399,0.409128,,,
0.0742,-0.1287,-0.4575,-0.4888,-0.7944,-0.857,0.382,0.0,0.0,0.53,0.5034,-0.3796,0.0,0.692,-0.523,0.2053,0.4438,-0.244,-0.38,0.5865,-0.1578,-0.3513,-0.1747,-0.431,0.0909,0.1372,0.0,0.0,0.09625,0.0,0.010864,-0.394,0.2388,0.2573,-1.0,0.0,-1.0,0.357,-0.5156,-0.3926,1.0,0.0,0.0,0.0,0.0,0.2211,-0.4300744,,,
0.11163,-0.5225,-0.5425,-0.502,9.01,-0.857,0.374,0.0,0.0,0.6436,0.6147,-0.3962,0.0,0.6924,-0.00608,0.04666,0.4011,-0.6416,-0.381,-0.8899,-0.13,0.586,-0.3513,-0.1747,0.0827,0.1307,0.0,0.0,0.0932,0.0,-0.02518,-0.4585,0.269,-1.296,-1.0,-0.5,-1.0,0.738,-0.8335,-0.868,0.0,1.0,0.0,0.0,0.0,-1.093,0.0669848,,,
0.07495,-0.2106,-0.4841,-0.507,-0.622,-0.857,0.366,0.0,0.0,0.564,0.5386,-0.385,0.0,0.6924,-0.1406,-0.05713,0.3486,-0.3394,-0.3813,0.6285,-0.137,-0.8896,0.586,-0.3513,0.0769,0.1256,0.0,0.0,0.0909,0.0,-0.000526,-0.2057,0.09955,0.9673,0.0,0.0,-0.5,0.4058,-0.511,-0.4536,1.0,0.0,0.0,0.0,0.0,0.839,0.924636,,,
0.0715,0.2559,-0.383,-0.4902,-3.723,-0.7144,0.3577,1.0,0.0,0.4368,0.4082,-0.3652,0.0,0.693,0.273,-0.1351,0.2766,0.1377,-0.3801,1.0741,-0.1626,0.628,-0.8896,0.586,0.0788,0.1215,0.0,0.0,0.0897,0.0,0.04245,0.3323,-0.2656,1.54,1.0,0.0,0.0,-0.001131,0.02115,0.2551,2.0,0.0,0.0,0.0,0.0,1.311,-0.1271856,,,
0.04086,0.1549,-0.3928,-0.474,-0.1866,-0.5713,0.3496,1.0,0.0,0.4465,0.423,-0.3672,0.0,0.6934,-0.6455,-0.1892,0.1838,0.03497,-0.3782,-0.1021,-0.2266,1.073,0.628,-0.8896,0.0823,0.11584,0.0,0.0,0.0877,0.0,0.03818,0.2976,-0.2427,-0.1148,1.0,-0.5,0.0,-0.01235,-0.10144,0.2869,0.0,1.0,0.0,0.0,0.0,-0.09454,0.1668512000000001,,,
-0.1222,0.2408,-0.3743,-0.4714,0.522,-0.4285,0.3416,1.0,0.0,0.411,0.4133,-0.3635,0.0,0.694,-0.00859,-0.2432,0.0897,0.1503,-0.3792,0.1881,-0.2235,-0.1022,1.073,0.628,0.08746,0.1118,0.0,0.0,0.0878,0.0,0.0459,-0.02586,-0.00835,0.2683,1.0,-0.5,0.0,-0.1054,-0.05753,0.429,1.0,0.0,0.0,0.0,0.0,0.2217,-0.535014,,,
-0.04425,-0.2866,-0.4788,-0.4724,-1.616,-0.4285,0.3333,0.0,0.0,0.5474,0.541,-0.384,0.0,0.6943,0.52,-0.2903,-0.01558,-0.372,-0.3792,-1.0699,-0.2367,0.1879,-0.1022,1.073,0.0891,0.10803,0.0,0.0,0.0859,0.0,0.001381,-0.1538,0.0634,-1.869,1.0,-0.5,0.0,0.3748,-0.496,-0.389,0.0,1.0,0.0,0.0,0.0,-1.534,-0.035134,,,
-0.0755,-0.349,-0.4966,-0.4817,0.4578,-0.4285,0.3252,0.0,0.0,0.568,0.568,-0.3875,0.0,0.695,-0.5137,-0.3188,-0.1357,-0.446,-0.38,-0.1933,-0.2307,-1.069,0.1879,-0.1022,0.08716,0.10333,0.0,0.0,0.08466,0.0,-0.00642,-0.389,0.2278,-0.2355,0.0,-0.5,-0.5,0.417,-0.555,-0.508,0.0,2.0,0.0,0.0,0.0,-0.2,0.6922619999999999,,,
-0.1348,0.1998,-0.3896,-0.483,-2.057,-0.4285,0.3171,1.0,0.0,0.4285,0.4333,-0.3667,0.0,0.6953,-0.10925,-0.341,-0.2161,0.1287,-0.3813,1.1321,-0.2212,-0.1932,-1.069,0.1879,0.09467,0.0998,0.0,0.0,0.08563,0.0,0.03867,-0.1351,0.0665,1.69,0.0,0.0,-0.5,-0.01735,0.002033,0.3408,1.0,0.0,0.0,0.0,0.0,1.445,-0.1096917999999999,,,
-0.2788,0.1533,-0.401,-0.4863,-0.0436,-0.4285,0.3088,1.0,0.0,0.4307,0.4595,-0.3691,0.0,0.696,-0.816,-0.3586,-0.2686,0.11395,-0.383,-0.1194699999999999,-0.2363,1.131,-0.1932,-1.069,0.09875,0.0969,0.0,0.0,0.0879,0.0,0.0337,-0.2009,0.11127,-0.1346,0.0,0.0,-1.0,0.01997,-0.0823,0.2096,0.0,1.0,0.0,0.0,0.0,-0.11115,-0.1031331999999999,,,
-0.2976,-0.1458,-0.462,-0.4902,-1.229,-0.4285,0.3008,0.0,0.0,0.5054,0.54,-0.381,0.0,0.6963,-0.1918,-0.3728,-0.2974,-0.1765,-0.3838,-0.6342,-0.258,-0.1195,1.131,-0.1932,0.09467,0.09485,0.0,0.0,0.089,0.0,0.007526,-0.2247,0.1168,-1.2295,-1.0,-0.5,-1.0,0.2947,-0.3438,-0.3516,0.0,2.0,0.0,0.0,0.0,-1.019,0.2708840000000001,,,
-0.2742,0.1313,-0.403,-0.483,-4.457,-0.2856,0.2927,1.0,0.0,0.4338,0.462,-0.3696,0.0,0.697,0.2844,-0.3926,-0.3276,0.11224,-0.3835,0.6123999999999999,-0.2607,-0.634,-0.1195,1.131,0.094,0.09436,0.0,0.0,0.08875,0.0,0.03217,0.07196,-0.08405,1.127,0.0,0.0,-0.5,0.0519,-0.04727,0.1804,1.0,0.0,0.0,0.0,0.0,0.9526,-0.7751688,,,
-0.2686,-0.314,-0.4915,-0.4841,-2.105,-0.2856,0.2847,0.0,0.0,0.546,0.5767,-0.387,0.0,0.6973,0.196,-0.3992,-0.354,-0.3406,-0.3833,-0.9096,-0.253,0.612,-0.634,-0.1195,0.0881,0.0927,0.0,0.0,0.0882,0.0,-0.005295,-0.1346,0.04697,-1.572,0.0,-0.5,-0.5,0.4617,-0.4067,-0.5933,0.0,1.0,0.0,0.0,0.0,-1.304,-0.107288,,,
-0.2832,-0.1074,-0.446,-0.4766,-0.8154,-0.2856,0.2764,0.0,0.0,0.4866,0.518,-0.3782,0.0,0.6978,-0.2627,-0.4011,-0.3728,-0.1332,-0.3826,0.4769,-0.2554,-0.909,0.612,-0.634,0.08954,0.0911,0.0,0.0,0.0875,0.0,0.0137,0.0727,-0.09265,0.68,0.0,-0.5,0.0,0.2327,-0.1818,-0.1788,1.0,0.0,0.0,0.0,0.0,0.5806,-0.4712563999999999,,,
-0.2249,-0.3552,-0.4976,-0.481,10.28,-0.2856,0.2683,0.0,0.0,0.5576,0.5815,-0.3882,0.0,0.698,-0.001004,-0.4,-0.3901,-0.3833,-0.383,-0.5395,-0.2598,0.4766,-0.909,0.612,0.08936,0.08844,0.0,0.0,0.0853,0.0,-0.00821,-0.2094,0.09906,-0.6543,0.0,-0.5,-0.5,0.429,-0.419,-0.591,0.0,1.0,0.0,0.0,0.0,-0.5503,-0.4436152,,,
-0.2303,-0.6074,-0.5474,-0.4817,1.117,-0.2856,0.2603,0.0,0.0,0.623,0.6504,-0.398,0.0,0.698,-0.523,-0.396,-0.409,-0.6274,-0.3833,-0.5311,-0.2524,-0.539,0.4766,-0.909,0.0814,0.0865,0.0,0.0,0.0821,0.0,-0.02942,-0.11755,0.02422,-0.7007,0.0,-1.0,-0.5,0.6177,-0.6206,-0.941,0.0,2.0,0.0,0.0,0.0,-0.5996,-0.3419612000000001,,,
-0.2438,-0.7427,-0.5806,-0.4934,0.408,-0.2856,0.252,0.0,0.0,0.6675,0.698,-0.4043,0.0,0.6987,-0.4688,-0.39,-0.4255,-0.78,-0.384,-0.3599,-0.2131,-0.531,-0.539,0.4766,0.0724,0.0839,0.0,0.0,0.0792,0.0,-0.04355,-0.3806,0.2057,-0.3784,-1.0,-1.0,-1.0,0.686,-0.766,-1.052,0.0,3.0,0.0,0.0,0.0,-0.3293,0.1992795999999999,,,
-0.3616,-0.56,-0.557,-0.5137,-0.1615,-0.4285,0.2439,0.0,0.0,0.6255,0.6743,-0.4,0.0,0.699,-0.6567,-0.376,-0.4355,-0.613,-0.386,0.2551,-0.1901,-0.3599,-0.531,-0.539,0.0676,0.08234,0.0,0.0,0.0775,0.0,-0.03372,-0.663,0.4116,0.2615,0.0,-0.5,-1.0,0.531,-0.5874,-0.787,1.0,0.0,0.0,0.0,0.0,0.23,-0.1565939999999999,,,
-0.3584,-0.596,-0.5767,-0.535,0.2135,-0.5713,0.2357,0.0,0.0,0.653,0.7017,-0.4038,0.0,0.6997,-0.6753,-0.3672,-0.427,-0.6665,-0.3877,-0.2166,-0.1609,0.2546,-0.3599,-0.531,0.05893,0.08075,0.0,0.0,0.07574,0.0,-0.0422,-0.6865,0.4246,-0.2053,-1.0,-1.0,-1.0,0.581,-0.6353,-0.844,0.0,1.0,0.0,0.0,0.0,-0.1793,-0.1038176,,,
-0.4153,-0.2169,-0.5127,-0.552,-0.654,-0.7144,0.2277,0.0,0.0,0.562,0.6177,-0.3914,0.0,0.7,-0.531,-0.34,-0.4038,-0.2847,-0.3901,0.6910999999999999,-0.1599,-0.2167,0.2546,-0.3599,0.05777,0.0809,0.0,0.0,0.0756,0.0,-0.01544,-0.5176,0.3157,0.857,0.0,-0.5,-1.0,0.232,-0.3198,-0.403,1.0,0.0,0.0,0.0,0.0,0.753,-0.0336879999999999,,,
-0.4724,-0.2269,-0.5176,-0.556,0.2123,-0.7144,0.2195,0.0,0.0,0.564,0.629,-0.3923,0.0,0.7007,-0.1936,-0.316,-0.3787,-0.2756,-0.3914,-0.0533,-0.156,0.691,-0.2167,0.2546,0.05414,0.08093,0.0,0.0,0.07446,0.0,-0.01761,-0.2424,0.1186,-0.08594,0.0,-0.5,-1.0,0.2316,-0.3335,-0.4124,0.0,1.0,0.0,0.0,0.0,-0.074,0.129186,,,
-0.4697,-0.04922,-0.4822,-0.5547,-1.171,-0.5713,0.2114,1.0,0.0,0.5176,0.581,-0.3855,0.0,0.701,-0.3167,-0.3035,-0.3584,-0.0958,-0.3914,0.3746,-0.1659,-0.05338,0.691,-0.2167,0.05478,0.07983,0.0,0.0,0.07544,0.0,-0.002806,-0.06125,-0.004204,0.171,1.0,-0.5,-0.5,0.02782,-0.2021,-0.1935,1.0,0.0,0.0,0.0,0.0,0.1475,0.04824,,,
-0.5586,0.01883,-0.4753,-0.565,2.4,-0.5713,0.2032,1.0,0.0,0.502,0.579,-0.3843,0.0,0.7017,-0.7383,-0.2834,-0.3372,-0.02895,-0.3926,0.0706,-0.166,0.3743,-0.05338,0.691,0.05826,0.0796,0.0,0.0,0.0755,0.0,9e-07,-0.448,0.2732,0.03372,1.0,0.0,-0.5,-0.003222,-0.1755,-0.1478,2.0,0.0,0.0,0.0,0.0,0.02872,-0.5656959999999998,,,
-0.4734,-0.2983,-0.5464,-0.582,-3.252,-0.7144,0.1951,0.0,0.0,0.6025,0.669,-0.3982,0.0,0.702,-0.04715,-0.2546,-0.317,-0.356,-0.3943,-0.7562,-0.1768,0.07043,0.3743,-0.05338,0.05984,0.07794,0.0,0.0,0.0725,0.0,-0.03036,-0.626,0.3867,-0.7393,1.0,-0.5,-0.5,0.3137,-0.4941,-0.603,0.0,1.0,0.0,0.0,0.0,-0.6284,0.0723008,,,
-0.5234,-0.177,-0.528,-0.5894,-0.4644,-0.7144,0.187,0.0,0.0,0.573,0.647,-0.3945,0.0,0.7026,-0.572,-0.2244,-0.3035,-0.2263,-0.3955,0.1982,-0.1947,-0.756,0.07043,0.3743,0.06116,0.07605,0.0,0.0,0.07,0.0,-0.02263,-0.3613,0.2013,0.1617,1.0,0.0,0.0,0.1853,-0.4048,-0.4346,1.0,0.0,0.0,0.0,0.0,0.1407,-0.1195559999999999,,,
-0.6055,-0.2185,-0.5454,-0.6055,0.5967,-0.857,0.1788,0.0,0.0,0.591,0.6787,-0.3982,0.0,0.703,-0.7485,-0.1919,-0.2852,-0.2666,-0.3977,-0.1968,-0.2266,0.198,-0.756,0.07043,0.06256,0.07385,0.0,0.0,0.0669,0.0,-0.03041,-0.696,0.4368,-0.1088,1.0,0.0,-0.5,0.211,-0.511,-0.54,0.0,1.0,0.0,0.0,0.0,-0.0941,-0.5339711999999999,,,
-0.563,-0.4814,-0.603,-0.618,2.182,-0.857,0.1708,0.0,0.0,0.6733,0.757,-0.4094,0.0,0.7036,0.5312,-0.1562,-0.2627,-0.502,-0.4001,-0.6303,-0.1967,-0.1968,0.198,-0.756,0.05792,0.0716,0.0,0.0,0.0646,0.0,-0.05515,-0.6016,0.3586,-0.8945,0.0,0.0,-0.5,0.4565,-0.7524,-0.899,0.0,2.0,0.0,0.0,0.0,-0.779,-0.3931360000000001,,,
-0.5664,-0.676,-0.6543,-0.641,0.6523,-0.857,0.1626,0.0,0.0,0.7456,0.832,-0.4197,0.0,0.704,-0.3064,-0.11505,-0.2301,-0.678,-0.4038,-0.5692,-0.1406,-0.63,-0.1968,0.198,0.051,0.0693,0.0,0.0,0.06168,0.0,-0.077,-1.01,0.64,-0.659,-1.0,-0.5,-1.0,0.651,-0.954,-1.087,0.0,3.0,0.0,0.0,0.0,-0.5854,-0.31235344,,,
-0.5366,-0.8887,-0.7075,-0.664,0.516,-0.857,0.1544,0.0,0.0,0.8276,0.9116,-0.4302,0.0,0.704,0.2155,-0.04733,-0.1755,-0.824,-0.4092,-0.6169,-0.0965,-0.5693,-0.63,-0.1968,0.03958,0.0664,0.0,0.0,0.05594,0.0,-0.1004,-1.018,0.6357,-1.475,-1.0,-0.5,-1.0,0.8535,-1.158,-1.231,0.0,4.0,0.0,0.0,0.0,-1.333,-0.1465599999999999,,,
-0.5127,-0.862,-0.713,-0.6816,0.09753,-0.857,0.1464,0.0,0.0,0.8374,0.918,-0.4316,0.0,0.7046,-0.04538,0.0188,-0.11475,-0.764,-0.4128,-0.0762,-0.0655,-0.617,-0.5693,-0.63,0.02748,0.0639,0.0,0.0,0.05026,0.0,-0.1033,-0.902,0.552,-0.1202,-2.0,-1.0,-1.0,0.7896,-1.12,-1.111,0.0,5.0,0.0,0.0,0.0,-0.1108,-0.401408,,,
-0.4172,-1.144,-0.7783,-0.703,0.5195,-0.857,0.1382,0.0,0.0,0.9463,1.015,-0.4446,0.0,0.705,0.4517,0.08386,-0.0505,-1.019,-0.4167,-0.7645,0.0199,-0.07623,-0.617,-0.5693,0.01566,0.05997,0.0,0.0,0.04453,0.0,-0.1315,-0.9927,0.604,-1.449,-2.0,-1.0,-1.0,1.068,-1.355,-1.215,0.0,5.0,0.0,0.0,0.0,-1.339,0.0990767199999999,,,
-0.3796,-0.802,-0.7246,-0.7207,-0.2104,-0.857,0.1301,0.0,0.0,0.866,0.9253,-0.4346,0.0,0.7056,0.1302,0.1517,0.01238,-0.6455,-0.4204,0.6075,0.0201,-0.764,-0.07623,-0.617,0.005478,0.05765,0.0,0.0,0.03867,0.0,-0.1097,-0.828,0.4963,1.093,-1.0,-1.0,-1.0,0.7305,-0.959,-0.8823,1.0,0.0,0.0,0.0,0.0,1.034,-0.365272,,,
-0.3225,-0.945,-0.763,-0.741,0.3457,-0.857,0.12195,0.0,0.0,0.93,0.982,-0.4421,0.0,0.706,-0.1438,0.2212,0.07336,-0.7603,-0.424,-0.4613,0.06555,0.607,-0.764,-0.07623,-0.005775,0.05414,0.0,0.0,0.03363,0.0,-0.1267,-0.881,0.5264,-0.9565,-1.0,-1.5,-1.0,0.8467,-1.105,-0.945,0.0,1.0,0.0,0.0,0.0,-0.8887,-0.02352,,,
-0.3342,-0.849,-0.7617,-0.769,0.01448,-0.857,0.11383,0.0,0.0,0.927,0.9805,-0.4421,0.0,0.7065,-0.389,0.293,0.1298,-0.6577,-0.428,0.0001,0.0769,-0.4612,0.607,-0.764,-0.01414,0.04944,0.0,0.0,0.02783,0.0,-0.1267,-1.268,0.8022,0.0,-1.0,-1.5,-1.5,0.765,-1.023,-0.8574,0.0,0.0,0.0,0.0,0.0,0.0,0.4893192,,,
-0.3657,-0.3801,-0.6865,-0.7886,-0.5195,-0.857,0.1057,0.0,0.0,0.8096,0.8647,-0.428,0.0,0.707,-0.1964,0.3567,0.1816,-0.1627,-0.4314,0.8581,0.0685,0.0,-0.4612,0.607,-0.01628,0.04572,0.0,0.0,0.02423,0.0,-0.0957,-0.8145,0.493,1.465,0.0,-1.5,-1.0,0.3638,-0.5547,-0.4915,1.0,0.0,0.0,0.0,0.0,1.381,0.1804799999999999,,,
-0.387,-0.2023,-0.667,-0.81,-0.5024,-1.0,0.09753,0.0,0.0,0.7793,0.837,-0.4243,0.0,0.7075,-0.4167,0.3828,0.216,-0.04224,-0.4321,0.2090999999999999,0.0659,0.858,0.0,-0.4612,-0.01479,0.04202,0.0,0.0,0.02182,0.0,-0.088,-0.9043,0.5605,0.5625,1.0,-1.0,-1.0,0.2537,-0.4243,-0.3794,2.0,0.0,0.0,0.0,0.0,0.5166,0.7084959999999998,,,
-0.2394,0.2795,-0.5874,-0.824,-4.12,-1.0,0.0894,1.0,0.0,0.6772,0.7075,-0.4092,0.0,0.708,1.545,0.3718,0.2294,0.359,-0.4312,0.8868,0.06335,0.2089,0.858,0.0,-0.00909,0.04047,0.0,0.0,0.02138,0.0,-0.05496,-0.553,0.3242,2.857,1.0,-0.5,-1.0,-0.1143,-0.033,-0.02022,3.0,0.0,0.0,0.0,0.0,2.605,0.2314989999999999,,,
-0.2078,0.3962,-0.5684,-0.8276,0.4785,-0.857,0.0813,1.0,0.0,0.654,0.6777,-0.4055,0.0,0.7085,0.4731,0.3315,0.2299,0.4314,-0.4302,0.2021,0.05817,0.8867,0.2089,0.858,0.000843,0.03937,0.0,0.0,0.02084,0.0,-0.04727,-0.2446,0.1074,0.54,2.0,0.0,-0.5,-0.1799,0.0345,0.07104,4.0,0.0,0.0,0.0,0.0,0.4792,0.0937474,,,
-0.1675,0.8364,-0.4856,-0.8237,1.118,-0.7144,0.0732,1.0,0.0,0.5464,0.5605,-0.3896,0.0,0.709,0.404,0.2576,0.2164,0.814,-0.428,0.8941,0.0772,0.2019,0.8867,0.2089,0.01226,0.03796,0.0,0.0,0.02211,0.0,-0.01278,-0.006622,-0.0472,2.393,3.0,0.5,-0.5,-0.4692,0.4058,0.4119,5.0,0.0,0.0,0.0,0.0,2.11,-0.0446788,,,
0.0445,0.8013,-0.4885,-0.818,0.0926,-0.5713,0.06506,1.0,0.0,0.5674,0.547,-0.3904,0.0,0.7095,1.88,0.1609,0.1953,0.751,-0.4265,-0.0353999999999999,0.0789,0.8936,0.2019,0.8867,0.0255,0.03665,0.0,0.0,0.0222,0.0,-0.01428,0.0496,-0.08795,-0.1047,2.0,0.5,-0.5,-0.4348,0.3052,0.3948,0.0,1.0,0.0,0.0,0.0,-0.08984,-0.2518892000000001,,,
0.07434,0.845,-0.4712,-0.8037,0.1865,-0.4285,0.05692,1.0,0.0,0.5474,0.5215,-0.3872,0.0,0.71,0.9517,0.04663,0.1653,0.7983,-0.425,0.1777999999999999,0.08856,-0.0355,0.8936,0.2019,0.03958,0.0363,0.0,0.0,0.02267,0.0,-0.007317,0.3506,-0.2996,0.5303,2.0,1.0,0.0,-0.4778,0.308,0.4543,1.0,0.0,0.0,0.0,0.0,0.4556,0.1220608,,,
0.1589,0.658,-0.4937,-0.7847,-0.08234,-0.2856,0.04877,1.0,0.0,0.583,0.5444,-0.3916,0.0,0.71,0.566,-0.07166,0.12164,0.6187,-0.423,-0.2473,0.07654,0.1776,-0.0355,0.8936,0.04883,0.03494,0.0,0.0,0.02211,0.0,-0.01727,0.4897,-0.4033,-0.633,1.0,0.5,0.0,-0.3523,0.1393,0.3682,0.0,1.0,0.0,0.0,0.0,-0.5405,-0.7269559999999999,,,
0.2617,0.1227,-0.583,-0.7695,-0.64,-0.1428,0.04065,1.0,0.0,0.7114,0.6597,-0.4092,0.0,0.7104,0.7607,-0.1584,0.0699,0.0892,-0.4216,-0.9619,0.04144,-0.2473,0.1776,-0.0355,0.05273,0.03357,0.0,0.0,0.01985,0.0,-0.05542,0.3198,-0.2988,-1.619,0.0,0.5,0.0,0.1122,-0.2499,0.003355,0.0,2.0,0.0,0.0,0.0,-1.394,0.4108188,,,
0.2279,0.5225,-0.493,-0.743,2.227,0.0,0.03253,1.0,0.0,0.5874,0.5376,-0.392,0.0,0.711,0.1417,-0.2178,0.01221,0.5215,-0.4202,0.9731,0.05136,-0.9614,-0.2473,0.1776,0.0571,0.0327,0.0,0.0,0.02042,0.0,-0.01807,0.5854,-0.472,1.17,0.0,1.0,0.5,-0.263,0.1642,0.4019,1.0,0.0,0.0,0.0,0.0,1.038,-0.5737839999999998,,,
0.2341,0.1893,-0.537,-0.715,-0.4563,0.1428,0.02438,1.0,0.0,0.647,0.5977,-0.401,0.0,0.7114,0.04922,-0.2296,-0.0516,0.2223,-0.4182,-0.4811,0.04282,0.9727,-0.9614,-0.2473,0.05835,0.03195,0.0,0.0,0.01985,0.0,-0.03717,0.6836,-0.5503,-0.5723,0.0,0.5,0.5,-0.04538,-0.0703,0.2057,0.0,1.0,0.0,0.0,0.0,-0.493,-0.213174,,,
0.1898,0.3208,-0.4958,-0.6875,0.653,0.2856,0.01627,1.0,0.0,0.5884,0.545,-0.393,0.0,0.712,-0.2148,-0.1931,-0.1151,0.3625,-0.4155,0.4341,0.05096,-0.481,0.9727,-0.9614,0.05753,0.03226,0.0,0.0,0.02032,0.0,-0.02028,0.657,-0.5244,0.8457,0.0,0.5,0.5,-0.2069,0.0966,0.3801,1.0,0.0,0.0,0.0,0.0,0.7393,-9.599999999999832e-05,,,
0.188,0.2218,-0.4949,-0.6553,-0.1299,0.4285,0.00813,1.0,0.0,0.587,0.5435,-0.393,0.0,0.7124,-0.2598,-0.1276,-0.169,0.278,-0.4126,0.0001,0.0678,0.434,-0.481,0.9727,0.05685,0.03296,0.0,0.0,0.02182,0.0,-0.02034,0.8604,-0.669,0.0,0.0,0.0,0.5,-0.183,0.0705,0.3484,0.0,0.0,0.0,0.0,0.0,0.0,0.918056,,,
0.2019,0.908,-0.3325,-0.6055,2.553,0.5713,0.0,1.0,0.0,0.387,0.335,-0.3618,0.0,0.713,0.7544,-0.04926,-0.1926,1.006,-0.4084,1.7141,0.1608,0.0,0.434,-0.481,0.0633,0.03525,0.0,0.0,0.02704,0.0,0.04733,1.125,-0.828,3.234,1.0,0.0,1.0,-0.7583,0.7593,0.862,1.0,0.0,0.0,0.0,0.0,2.79,-0.3544799999999999,,,
0.2499,0.4495,-0.399,-0.5713,-0.3623,0.7144,-0.00813,1.0,0.0,0.4705,0.4133,-0.3748,0.0,0.7134,-0.0939,0.01109,-0.1749,0.5703,-0.4055,-0.6776,0.185,1.713,0.0,0.434,0.0676,0.03702,0.0,0.0,0.03204,0.0,0.01907,0.719,-0.5513,-0.8105,0.0,-0.5,0.5,-0.3926,0.431,0.523,0.0,1.0,0.0,0.0,0.0,-0.6636,-0.2495504,,,
0.3208,0.04437,-0.462,-0.547,-0.682,0.857,-0.01627,1.0,0.0,0.555,0.4888,-0.3872,0.0,0.714,-0.0697,0.06396,-0.1293,0.1431,-0.4019,-0.6576,0.1752,-0.6772,1.713,0.0,0.07324,0.03726,0.0,0.0,0.03607,0.0,-0.007805,0.443,-0.3657,-1.198,0.0,-0.5,0.0,-0.0922,0.1032,0.2426,0.0,2.0,0.0,0.0,0.0,-1.003,-0.8275,,,
0.316,-0.4993,-0.565,-0.5435,-4.49,0.7144,-0.02438,0.0,0.0,0.691,0.63,-0.4072,0.0,0.7144,0.6157,0.1022,-0.0753,-0.4429,-0.4001,-1.0959,0.115,-0.657,-0.6772,1.713,0.06934,0.03635,0.0,0.0,0.03943,0.0,-0.0516,-0.0673,-0.02063,-1.933,-1.0,-1.0,-0.5,0.4233,-0.3289,-0.2004,0.0,3.0,0.0,0.0,0.0,-1.65,0.2539993599999999,,,
0.2937,-0.3586,-0.535,-0.5386,-0.2263,0.5713,-0.03253,0.0,0.0,0.6484,0.59,-0.4019,0.0,0.715,0.4158,0.11566,-0.02774,-0.3066,-0.3997,0.3111,0.074,-1.095,-0.657,-0.6772,0.0691,0.03537,0.0,0.0,0.04242,0.0,-0.03967,-0.04083,-0.03427,0.52,0.0,-0.5,-0.5,0.243,-0.2042,-0.1171,1.0,0.0,0.0,0.0,0.0,0.4597,0.1873223999999999,,,
0.2031,-0.1093,-0.4866,-0.538,-0.827,0.4285,-0.04065,0.0,0.0,0.5776,0.5312,-0.3926,0.0,0.7153,-0.3499,0.1128,0.007133,-0.0595,-0.4,0.5074,-6.16e-05,0.311,-1.095,-0.657,0.0692,0.03485,0.0,0.0,0.0469,0.0,-0.01994,-0.1366,0.04272,0.649,0.0,0.0,-0.5,0.05252,0.04034,0.05264,2.0,0.0,0.0,0.0,0.0,0.5684,0.118816,,,
0.0718,0.347,-0.3914,-0.5273,-14.766,0.4285,-0.04877,1.0,0.0,0.4473,0.4187,-0.3745,0.0,0.7153,0.688,0.1094,0.03577,0.3555,-0.3975,0.9991,-0.0736,0.5073,0.311,-1.095,0.0739,0.03632,0.0,0.0,0.053,0.0,0.01949,0.1107,-0.1164,2.238,1.0,0.0,0.0,-0.2874,0.47,0.5127,3.0,0.0,0.0,0.0,0.0,1.929,-0.1019152,,,
0.07007,-0.01613,-0.4614,-0.526,-0.7725,0.4285,-0.05692,1.0,0.0,0.534,0.509,-0.3882,0.0,0.716,0.4438,0.0991,0.0503,-0.0537,-0.3955,-0.7265,-0.1335,0.9985,0.5073,0.311,0.0672,0.03668,0.0,0.0,0.05664,0.0,-0.01023,-0.1063,0.0255,-1.921,1.0,0.0,-0.5,0.0727,0.1537,0.0736,0.0,1.0,0.0,0.0,0.0,-1.605,1.585984,,,
0.0808,1.45,-0.1512,-0.4885,18.77,0.4285,-0.05692,1.0,1.0,0.1758,0.1373,-0.3286,0.0,0.7163,0.5903,0.1455,0.0893,1.249,-0.386,2.7441000000000004,0.01367,-0.726,0.9985,0.5073,0.07904,0.04095,0.0,0.0,0.0653,0.0,0.1194,0.4934,-0.3455,9.62,2.0,0.0,0.0,-0.998,1.452,1.113,1.0,0.0,1.0,0.0,9.375,7.785,-0.8461719999999998,,,
0.1326,0.715,-0.2727,-0.4531,-0.38,0.4285,-0.06506,1.0,0.0,0.3125,0.2695,-0.3518,0.0,0.717,0.408,0.1952,0.1311,0.5225,-0.3816,-1.1559,0.0489,2.744,-0.726,0.9985,0.0881,0.04446,0.0,0.0,0.0705,0.0,0.0685,0.426,-0.3198,-3.186,1.0,0.0,0.0,-0.4153,0.895,0.7017,0.0,1.0,0.0,0.0,0.0,-2.475,-0.179814,,,
0.11084,0.517,-0.2976,-0.431,-0.1321,0.4285,-0.0732,1.0,0.0,0.339,0.3008,-0.3567,0.0,0.7173,-0.381,0.2257,0.1638,0.3374,-0.3794,-0.2499,0.0641,-1.156,2.744,-0.726,0.10095,0.04828,0.0,0.0,0.07495,0.0,0.05783,0.2434,-0.1941,-0.4363,0.0,-0.5,-0.5,-0.2585,0.7124,0.5127,0.0,2.0,0.0,0.0,0.0,-0.3513,0.30074856,,,
0.2325,-0.00965,-0.3914,-0.4138,-0.807,0.4285,-0.0813,1.0,0.0,0.46,0.4053,-0.3748,0.0,0.718,0.8633,0.2369,0.1893,-0.1698,-0.378,-0.9409,0.06525,-0.2499,-1.156,2.744,0.10785,0.05167,0.0,0.0,0.0763,0.0,0.01823,0.1437,-0.1403,-2.184,-1.0,-0.5,-0.5,0.2031,0.3066,0.0728,0.0,3.0,0.0,0.0,0.0,-1.773,0.9040412000000002,,,
0.2803,0.7095,-0.229,-0.3833,10.86,0.4285,-0.0894,1.0,0.0,0.2754,0.2072,-0.3438,0.0,0.7183,1.441,0.2479,0.2131,0.5444,-0.3748,1.6611,0.1199,-0.9404,-0.2499,-1.156,0.1203,0.057,0.0,0.0,0.0805,0.0,0.0859,0.3174,-0.2344,4.043,0.0,0.0,-0.5,-0.346,1.011,0.675,1.0,0.0,0.0,0.0,0.0,3.38,-0.0806068,,,
0.3342,0.4893,-0.2556,-0.3557,-0.1643,0.4285,-0.09753,1.0,0.0,0.3093,0.2332,-0.3489,0.0,0.7188,0.1501,0.2585,0.2328,0.3386,-0.372,-0.2631,0.1531,1.661,-0.9404,-0.2499,0.1268,0.06287,0.0,0.0,0.084,0.0,0.0745,0.2668,-0.2032,-0.4697,-1.0,0.0,-0.5,-0.2378,0.7607,0.4941,0.0,1.0,0.0,0.0,0.0,-0.3735,0.4403280000000001,,,
0.2245,0.775,-0.1882,-0.3403,0.6685,0.4285,-0.09753,1.0,1.0,0.2266,0.1659,-0.336,0.0,0.719,-0.1438,0.2703,0.2454,0.62,-0.37,0.6637,0.206,-0.2632,1.661,-0.9404,0.1401,0.06885,0.0,0.0,0.089,0.0,0.10266,0.1337,-0.0958,1.217,0.0,0.0,-0.5,-0.4392,0.9536,0.6475,1.0,0.0,0.0,0.0,0.0,0.976,0.003188,,,
0.2517,0.6763,-0.1932,-0.3171,0.01031,0.4285,-0.09753,1.0,1.0,0.2341,0.1693,-0.337,0.0,0.7197,0.1443,0.2761,0.2493,0.553,-0.3687,-0.04867,0.2108,0.663,-0.2632,1.661,0.1381,0.07526,0.0,0.0,0.0955,0.0,0.10046,0.2563,-0.1842,-0.0817,0.0,-0.5,-0.5,-0.3762,0.825,0.556,0.0,1.0,0.0,0.0,0.0,-0.0642,-0.0122115999999999,,,
0.2299,0.7334,-0.16,-0.2834,0.214,0.4285,-0.09753,1.0,1.0,0.1969,0.1345,-0.3306,0.0,0.72,-0.214,0.2908,0.2498,0.636,-0.3655,0.3255,0.2495,-0.04874,0.663,-0.2632,0.1434,0.0821,0.0,0.0,0.10114,0.0,0.1145,0.4436,-0.3118,0.6807,1.0,-0.5,0.0,-0.4717,0.8433,0.5864,1.0,0.0,0.0,0.0,0.0,0.5356,0.3461624,,,
0.1575,0.777,-0.11804,-0.232,0.1906,0.5713,-0.09753,1.0,1.0,0.1473,0.0953,-0.3223,0.0,0.7207,-0.2468,0.313,0.2544,0.7207,-0.361,0.4029,0.2776,0.3254,-0.04874,0.663,0.1522,0.0885,0.0,0.0,0.1082,0.0,0.1321,0.7554,-0.5264,0.8877,1.0,0.0,0.5,-0.55,0.928,0.6367,2.0,0.0,0.0,0.0,0.0,0.6914,-0.4038320000000002,,,
0.1475,0.4236,-0.1631,-0.1881,-0.307,0.7144,-0.09753,1.0,1.0,0.1936,0.1447,-0.331,0.0,0.721,-0.1926,0.3276,0.2637,0.3914,-0.3567,-0.4296,0.284,0.4026,0.3254,-0.04874,0.1635,0.09424,0.0,0.0,0.11383,0.0,0.1129,0.6025,-0.4255,-0.8926,1.0,-0.5,0.0,-0.3066,0.677,0.4255,0.0,1.0,0.0,0.0,0.0,-0.6865,-0.8362784000000001,,,
0.2683,-0.1855,-0.2742,-0.1627,-1.156,0.7144,-0.1057,0.0,0.0,0.325,0.26,-0.3525,0.0,0.721,0.347,0.3071,0.27,-0.1937,-0.3545,-1.0639,0.2542,-0.4294,0.4026,0.3254,0.1613,0.09766,0.0,0.0,0.1175,0.0,0.0663,0.2808,-0.2167,-2.238,0.0,-0.5,-0.5,0.1868,0.1968,0.0236,0.0,2.0,0.0,0.0,0.0,-1.745,-0.3311091999999999,,,
0.2104,-0.4426,-0.3228,-0.1547,2.77,0.5713,-0.11383,0.0,0.0,0.3765,0.3228,-0.3618,0.0,0.7217,-0.2886,0.2642,0.2747,-0.4553,-0.3533,-0.4839,0.2542,-1.064,-0.4294,0.4026,0.1578,0.10034,0.0,0.0,0.1175,0.0,0.04572,0.02817,-0.04535,-1.015,0.0,-0.5,-1.0,0.3845,-0.02422,-0.1455,0.0,3.0,0.0,0.0,0.0,-0.8184,-0.0299256,,,
0.203,0.5874,-0.08075,-0.11206,-2.912,0.5713,-0.11383,1.0,1.0,0.113,0.05228,-0.3152,0.0,0.722,0.672,0.2253,0.2927,0.5444,-0.3474,2.4401,0.305,-0.4836,-1.064,-0.4294,0.1632,0.10486,0.0,0.0,0.12286,0.0,0.1471,0.522,-0.3533,9.62,0.0,0.0,-0.5,-0.588,0.8823,0.5977,1.0,0.0,1.0,0.0,8.55,7.785,0.3157972000000001,,,
-0.0446,0.6963,-0.05182,-0.1027,0.3076,0.5713,-0.11383,1.0,1.0,0.06415,0.04288,-0.3093,0.0,0.7227,-0.541,0.2335,0.308,0.641,-0.3457,0.2835,0.337,2.438,-0.4836,-1.064,0.1702,0.1098,0.0,0.0,0.1299,0.0,0.1597,0.11005,-0.05353,0.777,0.0,0.0,-0.5,-0.661,0.8613,0.6045,2.0,0.0,0.0,0.0,0.0,0.591,-0.561048,,,
-0.03812,0.3445,-0.11536,-0.0858,-0.3499,0.5713,-0.11383,1.0,1.0,0.1289,0.1086,-0.3213,0.0,0.723,0.05124,0.2462,0.3162,0.3015,-0.3438,-0.5769,0.2676,0.2832,2.438,-0.4836,0.1725,0.11383,0.0,0.0,0.1377,0.0,0.1334,0.2507,-0.1653,-1.5,0.0,0.0,-0.5,-0.3406,0.5674,0.3745,0.0,1.0,0.0,0.0,0.0,-1.131,0.310558,,,
0.01932,0.2515,-0.1229,-0.06635,-0.10016,0.5713,-0.11383,1.0,1.0,0.1412,0.1119,-0.3228,0.0,0.7236,0.254,0.2495,0.311,0.2214,-0.3418,-0.06344,0.187,-0.577,0.2832,2.438,0.1725,0.11804,0.0,0.0,0.1449,0.0,0.1306,0.2983,-0.2006,-0.1433,0.0,-0.5,-0.5,-0.3062,0.442,0.3228,0.0,2.0,0.0,0.0,0.0,-0.11005,0.1553544000000001,,,
-0.0939,0.3271,-0.0851,-0.0316,0.3762,0.5713,-0.11383,1.0,1.0,0.09357,0.08136,-0.3152,0.0,0.724,-0.7915,0.25,0.2942,0.312,-0.3384,0.3663,0.1254,-0.06354,-0.577,0.2832,0.1765,0.1238,0.0,0.0,0.1519,0.0,0.1467,0.6353,-0.434,0.7954,1.0,0.0,0.0,-0.4612,0.4758,0.437,1.0,0.0,0.0,0.0,0.0,0.612,0.6118747999999999,,,
-0.2384,0.728,0.01778,-0.004566,1.182,0.5713,-0.11383,1.0,1.0,-0.01904,-0.01092,-0.2952,0.0,0.7246,-0.2294,0.2625,0.2783,0.6934,-0.3342,0.9761,0.1509,0.366,-0.06354,-0.577,0.1912,0.1296,0.0,0.0,0.159,0.0,0.1903,0.54,-0.3467,2.547,1.0,0.0,0.0,-0.7397,0.8325,0.7485,2.0,0.0,0.0,0.0,0.0,1.938,0.19592744,,,
-0.2915,0.659,0.02293,0.02661,0.0429,0.5713,-0.11383,1.0,1.0,-0.02821,-0.011604,-0.294,0.0,0.725,-0.595,0.2766,0.2551,0.642,-0.331,0.0612,0.1065,0.9756,0.366,-0.06354,0.2085,0.1362,0.0,0.0,0.1676,0.0,0.193,0.6416,-0.418,0.1652,1.0,0.0,0.5,-0.7085,0.7373,0.729,3.0,0.0,0.0,0.0,0.0,0.12195,-0.0349371999999999,,,
-0.2966,0.641,0.03476,0.05133,0.1073,0.5713,-0.11383,1.0,1.0,-0.0398,-0.02274,-0.2913,0.0,0.7256,-0.2161,0.2844,0.2632,0.6196,-0.3276,0.12205,0.1671,0.06107,0.9756,0.366,0.2146,0.1423,0.0,0.0,0.1709,0.0,0.1985,0.5435,-0.3457,0.3694,2.0,0.5,0.5,-0.675,0.7065,0.676,4.0,0.0,0.0,0.0,0.0,0.2722,-0.0634048,,,
-0.2362,0.2157,-0.04758,0.06744,-0.4958,0.5713,-0.11383,1.0,1.0,0.04462,0.05438,-0.307,0.0,0.726,0.4526,0.2722,0.2737,0.2003,-0.3254,-0.7289,0.1675,0.1219,0.06107,0.9756,0.2153,0.1476,0.0,0.0,0.175,0.0,0.1646,0.298,-0.1852,-2.174,2.0,0.5,0.5,-0.2966,0.3591,0.3184,0.0,1.0,0.0,0.0,0.0,-1.595,0.1568239999999999,,,
-0.205,0.2391,-0.0338,0.0815,0.2175,0.5713,-0.11383,1.0,1.0,0.03354,0.03778,-0.304,0.0,0.7266,0.2118,0.2473,0.2764,0.2347,-0.324,0.1399999999999999,0.1548,-0.7285,0.1219,0.06107,0.2197,0.1511,0.0,0.0,0.1798,0.0,0.1708,0.259,-0.1547,0.3364,2.0,1.0,0.5,-0.3237,0.3582,0.3313,1.0,0.0,0.0,0.0,0.0,0.2527,1.0899839999999998,,,
-0.1985,0.82,0.10895,0.1067,2.07,0.5713,-0.11383,1.0,1.0,-0.1006,-0.1016,-0.2761,0.0,0.727,-0.1825,0.24,0.2766,0.8037,-0.3206,1.3311,0.1384,0.1398,-0.7285,0.1219,0.2317,0.1572,0.0,0.0,0.1887,0.0,0.2313,0.4556,-0.2683,4.184,2.0,1.0,0.5,-0.738,0.8726,0.82,2.0,0.0,1.0,0.0,7.383,3.129,-1.0061124,,,
-0.0683,0.11237,-0.03702,0.12134,-0.7056,0.5713,-0.11383,1.0,1.0,0.04764,0.02974,-0.304,0.0,0.727,0.659,0.2407,0.2761,0.09393,-0.318,-1.2769,0.1262,1.33,0.1398,-0.7285,0.2346,0.1622,0.0,0.0,0.1924,0.0,0.1705,0.1981,-0.1111,-3.658,1.0,0.5,0.5,-0.1351,0.2856,0.202,0.0,1.0,0.0,0.0,0.0,-2.627,0.49439896,,,
-0.1484,0.3335,0.03345,0.1566,1.353,0.7144,-0.11383,1.0,1.0,-0.02673,-0.03372,-0.29,0.0,0.7275,-0.4084,0.2372,0.2756,0.3516,-0.3154,0.6656,0.1164,-1.277,1.33,0.1398,0.236,0.1694,0.0,0.0,0.1976,0.0,0.2007,0.6035,-0.387,1.425,1.0,1.0,1.0,-0.3538,0.528,0.4429,1.0,0.0,0.0,0.0,0.0,1.065,0.0509444,,,
-0.1244,0.0774,-0.0001547,0.1942,-0.5264,0.857,-0.11383,1.0,1.0,0.007267,-0.00262,-0.2961,0.0,0.728,-0.2471,0.2277,0.2747,0.11523,-0.3115,-0.2879,0.11255,0.665,-1.277,1.33,0.2354,0.1759,0.0,0.0,0.2013,0.0,0.1873,0.652,-0.4277,-0.5913,1.0,1.0,1.0,-0.2861,0.255,0.2695,0.0,1.0,0.0,0.0,0.0,-0.4333,-0.2111319999999999,,,
-0.2478,-0.1299,-0.04416,0.1978,-1.262,0.7144,-0.11383,0.0,1.0,0.04028,0.05182,-0.3042,0.0,0.7285,-0.04044,0.2417,0.267,-0.1359,-0.3086,-0.3822,0.09296,-0.2878,0.665,-1.277,0.232,0.1813,0.0,0.0,0.2042,0.0,0.1694,0.06207,-0.01433,-0.878,0.0,0.5,0.5,-0.09454,0.0669,0.0638,0.0,2.0,0.0,0.0,0.0,-0.649,-0.3992436,,,
-0.1672,-0.3699,-0.1009,0.1923,5.42,0.5713,-0.11383,0.0,1.0,0.1037,0.10394,-0.315,0.0,0.729,-0.04062,0.2266,0.2473,-0.3787,-0.3088,-0.5106,0.0792,-0.3823,-0.2878,0.665,0.23,0.1849,0.0,0.0,0.2057,0.0,0.1461,-0.1704,0.1414,-1.253,-1.0,0.0,0.0,0.1256,-0.1676,-0.1934,0.0,3.0,0.0,0.0,0.0,-0.9375,0.21814092,,,
-0.1805,-0.6265,-0.1608,0.1874,1.083,0.4285,-0.11383,0.0,1.0,0.1649,0.1692,-0.3262,0.0,0.7295,-0.4019,0.1897,0.2261,-0.6475,-0.3086,-0.5509000000000001,0.0833,-0.5107,-0.3823,-0.2878,0.2242,0.1887,0.0,0.0,0.2053,0.0,0.12134,-0.1617,0.12427,-1.021,-1.0,-0.5,0.0,0.3728,-0.3694,-0.4448,0.0,4.0,0.0,0.0,0.0,-0.7764,-0.391614612,,,
-0.1781,-0.945,-0.2388,0.1748,0.758,0.2856,-0.12195,0.0,0.0,0.2496,0.256,-0.341,0.0,0.73,-0.09357,0.1215,0.198,-0.954,-0.3103,-0.7362,0.10284,-0.5503,-0.5107,-0.3823,0.2076,0.1879,0.0,0.0,0.2043,0.0,0.08875,-0.3296,0.2299,-2.256,-2.0,-1.0,0.0,0.677,-0.64,-0.7515,0.0,5.0,0.0,0.0,0.0,-1.745,0.0351708,,,
-0.1807,-0.911,-0.2408,0.1582,0.09143,0.1428,-0.1301,0.0,0.0,0.2517,0.2588,-0.3416,0.0,0.7305,-0.5254,0.0429,0.1573,-0.925,-0.3118,-0.01629,0.07153,-0.736,-0.5503,-0.5107,0.198,0.1885,0.0,0.0,0.2054,0.0,0.08795,-0.443,0.3105,-0.0354,-2.0,-1.0,-0.5,0.5835,-0.6465,-0.8022,0.0,5.0,0.0,0.0,0.0,-0.02803,0.13723904,,,
-0.2083,-0.4185,-0.1425,0.1406,-0.501,0.0,-0.1301,0.0,1.0,0.1434,0.1516,-0.3223,0.0,0.731,-0.2068,-0.03387,0.10065,-0.4448,-0.3135,0.9674,-0.0413,-0.01637,-0.736,-0.5503,0.1897,0.1907,0.0,0.0,0.209,0.0,0.1295,-0.4583,0.3396,2.14,-1.0,-1.0,-0.5,0.1903,-0.1462,-0.469,1.0,0.0,0.0,0.0,0.0,1.696,0.4347652,,,
-0.1824,-0.02414,-0.06094,0.132,-1.116,0.0,-0.1301,1.0,1.0,0.0622,0.0636,-0.3064,0.0,0.7314,-0.0949,-0.1071,0.0539,-0.05457,-0.3145,0.7801,-0.0426,0.967,-0.01637,-0.736,0.1871,0.1948,0.0,0.0,0.2097,0.0,0.164,-0.2495,0.2058,2.062,0.0,-1.0,-0.5,-0.09174,0.21,-0.0399,2.0,0.0,0.0,0.0,0.0,1.587,0.3363040000000001,,,
-0.1432,0.1857,-0.01825,0.1263,4.055,0.0,-0.1301,1.0,1.0,0.02327,0.017,-0.298,0.0,0.732,0.508,-0.169,0.00010544,0.1595,-0.3152,0.4039,-0.03683,0.7793,0.967,-0.01637,0.1887,0.1975,0.0,0.0,0.2108,0.0,0.1823,-0.1753,0.161,0.752,1.0,-0.5,-0.5,-0.2435,0.3274,0.1758,3.0,0.0,0.0,0.0,0.0,0.5645,0.0557731999999999,,,
-0.10913,0.1991,-0.01253,0.131,0.1866,0.0,-0.1301,1.0,1.0,0.02045,0.00845,-0.2969,0.0,0.7324,0.889,-0.2284,-0.0586,0.1742,-0.3145,0.06147,-0.0396,0.4038,0.7793,0.967,0.1934,0.2008,0.0,0.0,0.213,0.0,0.1849,0.03482,0.012245,0.12256,2.0,-0.5,0.0,-0.2356,0.3086,0.1791,4.0,0.0,0.0,0.0,0.0,0.0909,-0.5243211999999998,,,
-0.0571,-0.3086,-0.1302,0.1207,-1.802,-0.1428,-0.1301,0.0,1.0,0.1428,0.1261,-0.3196,0.0,0.733,0.02747,-0.2915,-0.1244,-0.3433,-0.315,-1.0719,-0.04407,0.06134,0.4038,0.7793,0.1951,0.2018,0.0,0.0,0.2134,0.0,0.1354,-0.2737,0.2108,-3.336,2.0,-0.5,-0.5,0.2222,-0.1881,-0.4563,0.0,1.0,0.0,0.0,0.0,-2.469,-0.0581188,,,
-0.0219,-0.7295,-0.2454,0.0815,2.11,-0.2856,-0.1382,0.0,0.0,0.2693,0.2507,-0.3418,0.0,0.733,-0.113,-0.3008,-0.1869,-0.761,-0.3196,-1.0929,0.0085,-1.071,0.06134,0.4038,0.1948,0.2014,0.0,0.0,0.2109,0.0,0.0866,-0.8755,0.6187,-2.342,1.0,-0.5,-1.0,0.6587,-0.664,-0.961,0.0,2.0,0.0,1.0,-6.16,-1.793,-0.0223511999999999,,,
-0.118,-0.538,-0.2147,0.0627,-0.1819,-0.4285,-0.1464,0.0,0.0,0.2279,0.2239,-0.336,0.0,0.7334,-0.2664,-0.2595,-0.2328,-0.552,-0.3228,0.2953,0.03064,-1.093,-1.071,0.06134,0.1963,0.2012,0.0,0.0,0.2073,0.0,0.09924,-0.5273,0.376,0.533,1.0,0.0,-0.5,0.4656,-0.5054,-0.7373,1.0,0.0,0.0,0.0,0.0,0.4229,0.7725400000000002,,,
-0.10724,-0.10175,-0.1312,0.04413,-0.887,-0.5713,-0.1464,0.0,1.0,0.1398,0.1312,-0.3198,0.0,0.734,0.06793,-0.2004,-0.2607,-0.128,-0.3245,0.8126,0.02055,0.2952,-1.093,-1.071,0.1969,0.2013,0.0,0.0,0.2048,0.0,0.1344,-0.4912,0.3657,1.705,1.0,0.5,-0.5,0.1287,-0.1048,-0.3113,2.0,0.0,0.0,0.0,0.0,1.34,-1.2629040000000005,,,
0.08777,-0.8354,-0.31,0.00939,18.77,-0.7144,-0.1544,0.0,0.0,0.3516,0.3174,-0.3545,0.0,0.7344,0.7095,-0.1272,-0.2576,-0.8623,-0.3284,-1.6959,0.0718,0.8125,0.2952,-1.093,0.1847,0.1998,0.0,0.0,0.1991,0.0,0.05887,-0.7554,0.521,-3.871,0.0,0.5,-0.5,0.9185,-0.7695,-1.0205,0.0,1.0,0.0,0.0,0.0,-2.965,-0.202949,,,
0.0804,-0.9136,-0.3457,-0.02357,0.2441,-0.7144,-0.1626,0.0,0.0,0.3928,0.361,-0.3616,0.0,0.735,-0.2678,-0.0652,-0.2306,-0.963,-0.3313,-0.3681,0.148,-1.695,0.8125,0.2952,0.1685,0.1993,0.0,0.0,0.1942,0.0,0.0433,-0.7476,0.509,-0.5244,0.0,0.5,-0.5,1.0,-0.867,-1.017,0.0,2.0,0.0,0.0,0.0,-0.4243,-0.169844,,,
0.09894,-0.932,-0.3665,-0.05292,0.1575,-0.7144,-0.1708,0.0,0.0,0.4192,0.3853,-0.3657,0.0,0.7354,0.403,-0.00535,-0.1864,-0.993,-0.3345,-0.22,0.2161,-0.3682,-1.695,0.8125,0.1509,0.1991,0.0,0.0,0.1886,0.0,0.03406,-0.6943,0.4666,-0.3733,0.0,0.0,-0.5,1.001,-0.9014,-0.961,0.0,3.0,0.0,0.0,0.0,-0.3057,0.6140000000000001,,,
0.1339,-0.4397,-0.2688,-0.0648,-0.485,-0.7144,-0.1788,0.0,0.0,0.308,0.2651,-0.347,0.0,0.736,-0.062,0.03415,-0.1355,-0.5024,-0.3362,0.9891,0.1609,-0.22,-0.3682,-1.695,0.1438,0.1971,0.0,0.0,0.1821,0.0,0.0749,-0.3296,0.2241,2.262,0.0,0.0,0.0,0.523,-0.3887,-0.5713,1.0,0.0,1.0,0.0,5.625,1.863,-0.1690620000000001,,,
0.1377,-0.5547,-0.2964,-0.0704,0.4768,-0.7144,-0.187,0.0,0.0,0.34,0.2974,-0.3525,0.0,0.7363,-0.2192,0.05713,-0.0913,-0.625,-0.3367,-0.2811,0.17,0.9883,-0.22,-0.3682,0.1411,0.1945,0.0,0.0,0.1777,0.0,0.06287,-0.2296,0.1476,-0.3909,-1.0,-0.5,0.0,0.622,-0.4587,-0.6274,0.0,1.0,0.0,0.0,0.0,-0.3125,-0.2171679999999999,,,
0.2051,-0.566,-0.3022,-0.0764,0.1578,-0.7144,-0.1951,0.0,0.0,0.352,0.2986,-0.3538,0.0,0.737,0.287,0.0715,-0.0533,-0.633,-0.3376,-0.0667,0.1395,-0.281,0.9883,-0.22,0.1366,0.1925,0.0,0.0,0.172,0.0,0.05994,-0.2405,0.154,-0.1531,-1.0,-1.0,0.0,0.564,-0.4937,-0.6094,0.0,2.0,0.0,0.0,0.0,-0.1234,-0.2253999999999999,,,
0.1365,-0.6084,-0.3232,-0.0967,0.2279,-0.7144,-0.2032,0.0,0.0,0.3708,0.3293,-0.358,0.0,0.7373,-0.7603,0.08673,-0.02219,-0.6836,-0.3398,-0.2173,0.1185,-0.0667,-0.281,0.9883,0.1268,0.1904,0.0,0.0,0.1664,0.0,0.0507,-0.554,0.374,-0.3777,-1.0,-1.0,-0.5,0.5864,-0.577,-0.6484,0.0,3.0,0.0,0.0,0.0,-0.3052,-0.3727039999999999,,,
0.1794,-0.9683,-0.4229,-0.1378,0.863,-0.857,-0.2114,0.0,0.0,0.4944,0.4495,-0.3774,0.0,0.738,-0.1326,0.1183,0.01145,-1.038,-0.3447,-1.0099,0.1511,-0.2173,-0.0667,-0.281,0.1209,0.1866,0.0,0.0,0.1598,0.0,0.0083,-0.9907,0.667,-1.867,-1.0,-1.0,-1.0,1.007,-0.943,-0.948,0.0,4.0,0.0,0.0,0.0,-1.52,0.5251823999999998,,,
0.10895,-0.5337,-0.3545,-0.1764,-0.3904,-1.0,-0.2195,0.0,0.0,0.4055,0.3696,-0.3645,0.0,0.7383,0.0789,0.1542,0.0485,-0.625,-0.3489,0.6954,0.1573,-1.01,-0.2173,-0.0667,0.1202,0.1824,0.0,0.0,0.1553,0.0,0.03647,-0.912,0.623,1.255,-1.0,-1.0,-1.0,0.6665,-0.5264,-0.627,1.0,0.0,0.0,0.0,0.0,1.055,0.4614800000000001,,,
0.0745,-0.06793,-0.2769,-0.2078,-0.967,-1.0,-0.2277,1.0,0.0,0.3125,0.2793,-0.3496,0.0,0.7383,1.153,0.1827,0.0875,-0.1471,-0.3535,0.7827999999999999,0.1542,0.695,-1.01,-0.2173,0.12427,0.179,0.0,0.0,0.1532,0.0,0.06885,-0.698,0.4846,2.014,0.0,-1.0,-1.0,0.282,-0.1743,-0.301,2.0,0.0,0.0,0.0,0.0,1.655,-0.5003387999999999,,,
0.0685,-0.1349,-0.303,-0.2281,-5.227,-1.0,-0.2357,0.0,0.0,0.3418,0.3105,-0.3547,0.0,0.739,0.07916,0.1993,0.1301,-0.1783,-0.3574,-0.2655,0.1613,0.782,0.695,-1.01,0.1223,0.175,0.0,0.0,0.152,0.0,0.0575,-0.539,0.3662,-0.3743,0.0,-1.0,-1.0,0.336,-0.3215,-0.3904,0.0,1.0,0.0,0.0,0.0,-0.3003,-0.146186,,,
-0.002907,-0.1952,-0.3198,-0.2357,1.334,-1.0,-0.2439,0.0,0.0,0.356,0.337,-0.3584,0.0,0.7393,-0.5693,0.2139,0.1626,-0.2372,-0.3586,-0.1841,0.1715,-0.2656,0.782,0.695,0.12085,0.172,0.0,0.0,0.1504,0.0,0.04968,-0.328,0.2122,-0.1523,0.0,-1.0,-1.0,0.3857,-0.3838,-0.441,0.0,2.0,0.0,0.0,0.0,-0.1233,-0.040966,,,
-0.0426,-0.1475,-0.3171,-0.2471,-0.3145,-1.0,-0.252,0.0,0.0,0.3494,0.3367,-0.358,0.0,0.7397,-0.718,0.2195,0.1869,-0.1987,-0.3599,0.01695,0.1648,-0.1841,-0.2656,0.782,0.11975,0.1687,0.0,0.0,0.1472,0.0,0.05035,-0.4172,0.2761,0.02066,1.0,-0.5,-1.0,0.3123,-0.394,-0.4016,1.0,0.0,0.0,0.0,0.0,0.01682,-0.378612,,,
-0.02953,-0.3386,-0.3726,-0.2744,3.22,-1.0,-0.2603,0.0,0.0,0.4163,0.4036,-0.3691,0.0,0.74,0.1534,0.2229,0.2096,-0.3918,-0.3633,-0.5722,0.13,0.01683,-0.1841,-0.2656,0.11694,0.163,0.0,0.0,0.1415,0.0,0.02632,-0.842,0.569,-0.729,0.0,-1.0,-1.5,0.4658,-0.6836,-0.582,0.0,1.0,0.0,0.0,0.0,-0.5933,1.1874640000000003,,,
-0.1345,0.338,-0.2277,-0.2634,-2.676,-0.857,-0.2683,1.0,0.0,0.2408,0.24,-0.3416,0.0,0.7407,0.628,0.2175,0.2178,0.309,-0.3635,1.4571,0.03038,-0.5723,0.01683,-0.1841,0.1261,0.1606,0.0,0.0,0.1376,0.0,0.08624,0.1125,-0.086,2.236,0.0,-0.5,-1.0,-0.0998,0.01778,0.07104,1.0,0.0,0.0,0.0,0.0,1.854,0.3458648,,,
-0.1162,0.445,-0.1941,-0.2446,0.4065,-0.7144,-0.2683,1.0,1.0,0.2056,0.2006,-0.3354,0.0,0.741,0.1,0.1924,0.2003,0.4265,-0.3623,0.3116,-0.0984,1.456,-0.5723,0.01683,0.1335,0.158,0.0,0.0,0.1342,0.0,0.09955,0.3276,-0.2336,0.4612,1.0,0.0,-0.5,-0.2019,0.1328,0.3708,2.0,0.0,0.0,0.0,0.0,0.3655,-0.176892,,,
-0.1127,0.2063,-0.2325,-0.2277,-0.3513,-0.5713,-0.2764,1.0,0.0,0.2479,0.2437,-0.343,0.0,0.7417,0.1578,0.1559,0.1616,0.1946,-0.3608,-0.3895,-0.155,0.3113,1.456,-0.5723,0.1353,0.155,0.0,0.0,0.132,0.0,0.0826,0.261,-0.1935,-0.4014,1.0,0.0,-0.5,-0.04907,-0.08563,0.2031,0.0,1.0,0.0,0.0,0.0,-0.315,-0.020626,,,
-0.1934,0.1461,-0.2427,-0.2238,-0.0905,-0.4285,-0.2847,1.0,0.0,0.2527,0.2617,-0.3455,0.0,0.742,-0.459,0.11084,0.1273,0.153,-0.3613,-0.11495,-0.1589,-0.3894,0.3113,1.456,0.1376,0.1526,0.0,0.0,0.1316,0.0,0.07764,-0.0657,0.03745,-0.1693,0.0,0.0,-1.0,-0.002867,-0.1516,0.1318,0.0,2.0,0.0,0.0,0.0,-0.1345,-0.144068,,,
-0.1754,0.0344,-0.2627,-0.219,-0.3916,-0.2856,-0.2927,1.0,0.0,0.2766,0.2834,-0.3496,0.0,0.7427,-0.1197,0.04114,0.09015,0.03967,-0.361,-0.2144,-0.1764,-0.115,-0.3894,0.3113,0.1399,0.1504,0.0,0.0,0.1304,0.0,0.06836,-0.04205,0.01656,-0.2827,0.0,-0.5,-1.0,0.0942,-0.2367,0.01177,0.0,3.0,0.0,0.0,0.0,-0.2253,0.3158468,,,
-0.2218,0.2163,-0.219,-0.209,1.813,-0.1428,-0.3008,1.0,0.0,0.2244,0.2373,-0.3416,0.0,0.743,-0.1959,-0.0552,0.04422,0.2244,-0.3604,0.4154,-0.2488,-0.2144,-0.115,-0.3894,0.144,0.1495,0.0,0.0,0.1284,0.0,0.08594,0.1151,-0.0879,0.608,0.0,-0.5,-0.5,-0.06573,-0.04962,0.4517,1.0,0.0,0.0,0.0,0.0,0.488,-0.1616215999999999,,,
-0.1577,0.01953,-0.2542,-0.1998,-0.573,0.0,-0.3088,1.0,0.0,0.2683,0.2722,-0.3486,0.0,0.7437,-0.413,-0.173,-5.04e-05,0.03384,-0.3599,-0.3605,-0.2466,0.415,-0.2144,-0.115,0.1493,0.149,0.0,0.0,0.129,0.0,0.0704,0.06192,-0.05673,-0.392,-1.0,-0.5,-0.5,0.05875,-0.246,0.11664,0.0,1.0,0.0,0.0,0.0,-0.3105,0.6595863999999999,,,
-0.1759,0.4045,-0.1547,-0.1683,4.21,0.1428,-0.3088,1.0,1.0,0.1588,0.1622,-0.3298,0.0,0.744,0.3513,-0.27,-0.0471,0.422,-0.3567,0.9621,-0.2113,-0.3606,0.415,-0.2144,0.1522,0.1498,0.0,0.0,0.1318,0.0,0.11127,0.702,-0.4958,1.543,0.0,0.0,0.0,-0.305,0.1637,0.7905,1.0,0.0,0.0,0.0,0.0,1.236,0.1050196,,,
-0.2074,0.3333,-0.1549,-0.1451,-0.02324,0.2856,-0.3088,1.0,1.0,0.1565,0.165,-0.33,0.0,0.744,-0.1942,-0.3125,-0.0912,0.312,-0.3528,-0.016,-0.1946,0.9614,-0.3606,0.415,0.1536,0.1493,0.0,0.0,0.1351,0.0,0.1104,0.542,-0.3816,-0.04852,0.0,-0.5,-0.5,-0.3032,0.0834,0.6704,0.0,1.0,0.0,0.0,0.0,-0.03775,0.049948,,,
-0.2683,0.3276,-0.1462,-0.1295,0.11896,0.2856,-0.3088,1.0,1.0,0.1426,0.1608,-0.3289,0.0,0.7446,0.349,-0.2705,-0.132,0.262,-0.3496,0.0645,-0.1653,-0.0161,0.9614,-0.3606,0.1572,0.148,0.0,0.0,0.1367,0.0,0.1131,0.34,-0.2365,0.2289,1.0,0.0,-0.5,-0.3098,0.06866,0.6294,1.0,0.0,0.0,0.0,0.0,0.1781,-0.3347112,,,
-0.2783,0.08655,-0.1882,-0.1155,-0.4966,0.4285,-0.3088,1.0,1.0,0.1864,0.2075,-0.3374,0.0,0.745,-0.3052,-0.2081,-0.1747,0.01888,-0.348,-0.4179,-0.1571,0.0644,-0.01608,0.9614,0.1593,0.1455,0.0,0.0,0.1381,0.0,0.09467,0.2612,-0.1881,-1.026,0.0,-0.5,-0.5,-0.10474,-0.12134,0.291,0.0,1.0,0.0,0.0,0.0,-0.7974,-0.1204435999999999,,,
-0.244,-0.003286,-0.1976,-0.10004,-0.4385,0.5713,-0.3088,1.0,1.0,0.1992,0.2151,-0.3396,0.0,0.7456,-0.2197,-0.1573,-0.2172,-0.05096,-0.3474,-0.1139,-0.154,-0.4177,0.0644,-0.01608,0.1619,0.143,0.0,0.0,0.1394,0.0,0.08966,0.2922,-0.2124,-0.1726,0.0,-1.0,-0.5,-0.04495,-0.1738,0.1836,0.0,2.0,0.0,0.0,0.0,-0.1359,-0.0134012,,,
-0.1881,-0.0882,-0.2072,-0.0863,-1.029,0.5713,-0.3088,0.0,1.0,0.214,0.2211,-0.3418,0.0,0.746,-0.09235,-0.1137,-0.2484,-0.1337,-0.3464,-0.1143,-0.1587,-0.11395,-0.4177,0.0644,0.1617,0.1416,0.0,0.0,0.1409,0.0,0.08466,0.2328,-0.1722,-0.1777,-1.0,-1.0,-1.0,-0.01689,-0.2505,0.07776,0.0,3.0,0.0,0.0,0.0,-0.1404,-0.4468616,,,
-0.1854,-0.4485,-0.2756,-0.07367,18.77,0.5713,-0.3171,0.0,0.0,0.2903,0.2996,-0.3555,0.0,0.7466,-0.4673,-0.0943,-0.2524,-0.4783,-0.3457,-0.6889,-0.2184,-0.1144,-0.11395,-0.4177,0.16,0.1407,0.0,0.0,0.1428,0.0,0.05496,0.174,-0.1432,-1.127,-1.0,-1.0,-1.0,0.2277,-0.5835,-0.4973,0.0,4.0,0.0,1.0,-4.6,-0.8936,0.0624543999999999,,,
-0.2664,-0.566,-0.3047,-0.08044,0.476,0.4285,-0.3252,0.0,0.0,0.3171,0.3403,-0.3616,0.0,0.747,-0.3955,-0.0983,-0.245,-0.6094,-0.3467,-0.3185,-0.2258,-0.6885,-0.1144,-0.11395,0.152,0.1392,0.0,0.0,0.1431,0.0,0.0415,-0.5864,0.3936,-0.6196,-2.0,-1.0,-1.5,0.3318,-0.6924,-0.7705,0.0,5.0,0.0,0.0,0.0,-0.502,0.5383716000000001,,,
-0.311,-0.3115,-0.2542,-0.0861,-0.4277,0.2856,-0.3333,0.0,0.0,0.256,0.285,-0.3525,0.0,0.7476,-0.1774,-0.1117,-0.2335,-0.364,-0.3477,0.4740999999999999,-0.2236,-0.3184,-0.6885,-0.1144,0.1462,0.1372,0.0,0.0,0.1428,0.0,0.06122,-0.5015,0.3418,0.5903,-1.0,-1.0,-1.5,0.10803,-0.4482,-0.381,1.0,0.0,0.0,0.0,0.0,0.4832,-0.178994,,,
-0.321,-0.4824,-0.2935,-0.0912,0.926,0.1428,-0.3416,0.0,0.0,0.2998,0.3315,-0.3606,0.0,0.748,-0.312,-0.1306,-0.2266,-0.5337,-0.3489,-0.4171,-0.2137,0.4739,-0.3184,-0.6885,0.1381,0.1368,0.0,0.0,0.1423,0.0,0.04352,-0.508,0.3384,-0.6147,-1.0,-1.0,-1.5,0.2783,-0.594,-0.692,0.0,1.0,0.0,0.0,0.0,-0.4958,0.0070052,,,
-0.3254,0.02333,-0.182,-0.0839,-1.214,0.1428,-0.3416,1.0,1.0,0.1759,0.2046,-0.3398,0.0,0.7485,-0.2192,-0.1635,-0.2224,-0.03036,-0.3486,1.0821,-0.2224,-0.417,0.4739,-0.3184,0.1375,0.1382,0.0,0.0,0.144,0.0,0.0886,0.013855,-0.014046,1.868,0.0,-1.0,-1.0,-0.1354,-0.0696,0.1202,1.0,0.0,0.0,0.0,0.0,1.526,0.0164696,,,
-0.3323,-0.00894,-0.1835,-0.0752,-0.1962,0.1428,-0.3416,1.0,1.0,0.1769,0.2067,-0.3406,0.0,0.749,-0.2388,-0.2074,-0.2222,-0.04996,-0.3484,-0.0326,-0.2336,1.081,-0.417,0.4739,0.1372,0.1396,0.0,0.0,0.1456,0.0,0.08716,0.0899,-0.069,-0.04462,0.0,-1.0,-1.0,-0.1279,-0.11804,0.06216,0.0,1.0,0.0,0.0,0.0,-0.03525,0.1249043999999999,,,
-0.384,0.0565,-0.1664,-0.06995,1.1,0.1428,-0.3416,1.0,1.0,0.1545,0.1921,-0.3376,0.0,0.7495,-0.6733,-0.263,-0.2344,0.01813,-0.3484,0.1473999999999999,-0.2832,-0.03268,1.081,-0.417,0.1383,0.1403,0.0,0.0,0.1484,0.0,0.09344,-0.01144,0.006176,0.1918,1.0,-1.0,-1.0,-0.1857,-0.0806,0.1584,1.0,0.0,0.0,0.0,0.0,0.1517,0.198558,,,
-0.4292,0.1708,-0.1344,-0.05768,1.0205,0.1428,-0.3416,1.0,1.0,0.1173,0.1613,-0.3318,0.0,0.75,-0.5566,-0.3406,-0.2517,0.139,-0.3474,0.2933,-0.2727,0.1472,-0.03268,1.081,0.1443,0.1415,0.0,0.0,0.1493,0.0,0.1061,0.27,-0.1892,0.361,1.0,-0.5,-0.5,-0.3171,-0.012245,0.408,2.0,0.0,0.0,0.0,0.0,0.2844,-0.1969563999999999,,,
-0.4453,-0.09393,-0.1951,-0.0647,-0.989,0.0,-0.3416,0.0,1.0,0.1803,0.2289,-0.3435,0.0,0.75,-0.11005,-0.4148,-0.2693,-0.1383,-0.3477,-0.5809,-0.2773,0.2932,0.1472,-0.03268,0.1489,0.1421,0.0,0.0,0.1486,0.0,0.0806,-0.4114,0.2861,-0.657,1.0,-0.5,-1.0,-0.03308,-0.2512,-0.1373,0.0,1.0,0.0,0.0,0.0,-0.5127,-0.5892900000000001,,,
-0.3738,-0.4446,-0.279,-0.0808,18.77,-0.1428,-0.3496,0.0,0.0,0.2793,0.319,-0.3596,0.0,0.7505,0.3655,-0.4448,-0.2883,-0.477,-0.35,-0.8222,-0.255,-0.581,0.2932,0.1472,0.1471,0.1421,0.0,0.0,0.1471,0.0,0.04532,-0.6816,0.4631,-1.487,0.0,-0.5,-1.0,0.3423,-0.562,-0.8394,0.0,2.0,0.0,0.0,0.0,-1.182,0.04543504,,,
-0.4292,-0.1731,-0.2284,-0.0917,-0.665,-0.2856,-0.3577,0.0,0.0,0.2179,0.265,-0.3503,0.0,0.751,-0.05588,-0.4133,-0.314,-0.1869,-0.3525,0.4896,-0.2517,-0.822,-0.581,0.2932,0.1498,0.1437,0.0,0.0,0.1466,0.0,0.06573,-0.4907,0.3362,0.8057,1.0,0.0,-1.0,0.1166,-0.32,-0.3955,1.0,0.0,0.0,0.0,0.0,0.657,-0.0101184,,,
-0.4495,-0.10504,-0.2167,-0.0961,-0.659,-0.4285,-0.366,0.0,0.0,0.2035,0.2534,-0.3484,0.0,0.7515,-0.4968,-0.3748,-0.3406,-0.1047,-0.354,0.09983,-0.253,0.4893,-0.822,-0.581,0.1476,0.1447,0.0,0.0,0.1467,0.0,0.0699,-0.3105,0.2095,0.1565,1.0,0.5,-0.5,0.06604,-0.2688,-0.311,2.0,0.0,0.0,0.0,0.0,0.1257,-0.5145460000000002,,,
-0.4377,-0.3982,-0.2852,-0.1069,13.36,-0.5713,-0.374,0.0,0.0,0.2808,0.3313,-0.3616,0.0,0.752,-0.3955,-0.338,-0.364,-0.4016,-0.3552,-0.6796,-0.2303,0.09973,0.4893,-0.822,0.1422,0.1439,0.0,0.0,0.1449,0.0,0.0409,-0.4875,0.323,-1.181,0.0,0.0,-0.5,0.3684,-0.5225,-0.822,0.0,1.0,0.0,0.0,0.0,-0.946,0.08831,,,
-0.4116,-0.3333,-0.2769,-0.11584,-0.0856,-0.5713,-0.382,0.0,0.0,0.2737,0.3196,-0.3604,0.0,0.7524,0.3035,-0.2988,-0.3784,-0.318,-0.3574,0.06785,-0.2144,-0.679,0.09973,0.4893,0.1365,0.1437,0.0,0.0,0.1439,0.0,0.04364,-0.4268,0.2808,0.12213,1.0,0.5,0.0,0.278,-0.4954,-0.7144,1.0,0.0,0.0,0.0,0.0,0.1,0.0027747999999999,,,
-0.3972,-0.2944,-0.2686,-0.11566,-0.03123,-0.5713,-0.3901,0.0,0.0,0.2654,0.3086,-0.359,0.0,0.753,-0.01773,-0.2715,-0.3706,-0.2644,-0.3582,0.06767,-0.2223,0.0677,-0.679,0.09973,0.1295,0.1436,0.0,0.0,0.1412,0.0,0.0464,-0.1659,0.0959,0.1547,2.0,0.5,0.5,0.213,-0.4531,-0.613,2.0,0.0,0.0,0.0,0.0,0.1263,-0.2596709199999999,,,
-0.38,-0.4807,-0.3079,-0.11584,1.066,-0.5713,-0.3984,0.0,0.0,0.3118,0.3535,-0.3667,0.0,0.7534,-0.3667,-0.246,-0.3464,-0.4316,-0.3594,-0.4047,-0.2194,0.06757,0.0677,-0.679,0.12354,0.1431,0.0,0.0,0.138,0.0,0.02934,-0.1968,0.11053,-1.238,1.0,0.5,0.5,0.3557,-0.6084,-0.8545,0.0,1.0,0.0,0.0,0.0,-1.009,0.7519814400000001,,,
-0.3784,0.02092,-0.199,-0.1104,-1.209,-0.4285,-0.3984,1.0,1.0,0.19,0.2278,-0.3464,0.0,0.754,0.2274,-0.2314,-0.3271,0.06824,-0.359,1.0761,-0.251,-0.4045,0.06757,0.0677,0.127,0.1444,0.0,0.0,0.1364,0.0,0.07367,0.01563,-0.02151,3.672,1.0,0.5,0.5,-0.0727,-0.0924,0.03836,1.0,0.0,0.0,0.0,0.0,3.03,0.3713903999999999,,,
-0.388,0.544,-0.07404,-0.0872,5.598,-0.2856,-0.3984,1.0,1.0,0.0588,0.0941,-0.3228,0.0,0.7544,0.0538,-0.2346,-0.3232,0.5786,-0.356,1.2061,-0.208,1.075,-0.4045,0.06757,0.134,0.1456,0.0,0.0,0.1377,0.0,0.125,0.507,-0.3494,3.625,2.0,0.5,1.0,-0.518,0.3855,0.9395,2.0,0.0,0.0,0.0,0.0,2.895,0.0686388,,,
-0.3735,1.034,0.04575,-0.063,0.9717,-0.2856,-0.3984,1.0,1.0,-0.05634,-0.02704,-0.3,0.0,0.755,0.706,-0.2458,-0.327,1.049,-0.3525,1.1141,-0.072,1.205,1.075,-0.4045,0.1464,0.1477,0.0,0.0,0.1412,0.0,0.1743,0.529,-0.3433,2.98,2.0,1.0,1.0,-0.8286,0.817,1.113,3.0,0.0,0.0,0.0,0.0,2.295,-0.4197119999999998,,,
-0.3608,0.7056,-0.01201,-0.0443,-0.1818,-0.2856,-0.3984,1.0,1.0,-0.0002254,0.02873,-0.311,0.0,0.7554,-0.598,-0.2524,-0.3337,0.7075,-0.3499,-0.5229,-0.011154,1.114,1.205,1.075,0.1592,0.1497,0.0,0.0,0.144,0.0,0.1503,0.3345,-0.2153,-1.286,1.0,1.0,1.0,-0.524,0.5396,0.7925,0.0,1.0,0.0,0.0,0.0,-0.956,-0.067988,,,
-0.347,0.582,-0.02821,-0.0287,-0.03424,-0.2856,-0.3984,1.0,1.0,0.0167,0.04385,-0.3142,0.0,0.756,-0.5947,-0.2496,-0.3394,0.578,-0.348,-0.1563,0.025,-0.523,1.114,1.205,0.171,0.1516,0.0,0.0,0.1477,0.0,0.1431,0.2443,-0.1539,-0.348,1.0,0.5,0.5,-0.4116,0.4067,0.608,0.0,2.0,0.0,0.0,0.0,-0.2632,-0.1325,,,
-0.298,0.6606,-0.001363,-0.01329,0.2603,-0.2856,-0.3984,1.0,1.0,-0.005493,0.01294,-0.3093,0.0,0.756,0.1455,-0.2433,-0.339,0.6626,-0.3464,0.2357999999999999,0.05487,-0.1564,-0.523,1.114,0.1836,0.154,0.0,0.0,0.1525,0.0,0.1536,0.2323,-0.1407,0.4414,1.0,0.5,0.5,-0.4714,0.431,0.627,1.0,0.0,0.0,0.0,0.0,0.3354,-0.42644184,,,
-0.2896,0.303,-0.0688,0.001218,-0.3816,-0.1428,-0.3984,1.0,1.0,0.06146,0.0806,-0.3223,0.0,0.7563,-0.627,-0.2246,-0.332,0.312,-0.3452,-0.6239,0.0615,0.2357,-0.1564,-0.523,0.195,0.1552,0.0,0.0,0.1552,0.0,0.1252,0.2107,-0.1377,-1.353,0.0,0.5,0.5,-0.1824,0.1129,0.2817,0.0,1.0,0.0,0.0,0.0,-1.02,-0.5241320000000002,,,
-0.2922,-0.0217,-0.1274,0.01921,-0.7695,0.0,-0.3984,1.0,1.0,0.121,0.1425,-0.3337,0.0,0.757,-0.02556,-0.1855,-0.317,-0.00462,-0.3435,-0.5569000000000001,0.0419,-0.624,0.2357,-0.1564,0.1982,0.1561,0.0,0.0,0.1576,0.0,0.10046,0.2937,-0.2078,-1.153,-1.0,0.0,0.5,0.06946,-0.1383,-0.011566,0.0,2.0,0.0,0.0,0.0,-0.8867,0.2520299200000001,,,
-0.2961,0.1186,-0.0872,0.03497,2.648,0.1428,-0.3984,1.0,1.0,0.0795,0.1003,-0.3262,0.0,0.7573,0.04086,-0.1416,-0.2983,0.1426,-0.3423,0.3727,0.04724,-0.5566,-0.624,0.2357,0.1973,0.1564,0.0,0.0,0.1588,0.0,0.11664,0.2693,-0.1833,0.612,0.0,0.0,0.5,-0.0642,0.02849,0.1493,1.0,0.0,0.0,0.0,0.0,0.4788,0.2062464,,,
-0.2491,0.541,0.02104,0.06128,2.39,0.2856,-0.3984,1.0,1.0,-0.02303,-0.013245,-0.306,0.0,0.758,0.4111,-0.094,-0.2725,0.581,-0.3398,1.0091,0.0854,0.3723,-0.5566,-0.624,0.1958,0.1578,0.0,0.0,0.162,0.0,0.161,0.476,-0.3113,2.004,1.0,0.5,0.5,-0.4219,0.4321,0.555,2.0,0.0,0.0,0.0,0.0,1.551,-1.177452,,,
-0.007095,-0.442,-0.185,0.0736,-1.555,0.2856,-0.3984,0.0,1.0,0.2046,0.1815,-0.345,0.0,0.7583,0.991,-0.05777,-0.2465,-0.3896,-0.3389,-1.8779,0.08875,1.008,0.3723,-0.5566,0.1871,0.1569,0.0,0.0,0.1614,0.0,0.0755,0.0969,-0.0783,-5.637,0.0,0.0,0.5,0.4966,-0.3108,-0.3186,0.0,1.0,0.0,0.0,0.0,-4.227,-0.2679788,,,
-0.01293,-0.5483,-0.2028,0.08246,0.4482,0.2856,-0.3984,0.0,1.0,0.2234,0.2018,-0.3486,0.0,0.759,0.0869,-0.04062,-0.2207,-0.498,-0.3381,-0.1813,0.094,-1.877,1.008,0.3723,0.1783,0.1561,0.0,0.0,0.1598,0.0,0.0677,0.03903,-0.04037,-0.3184,0.0,-0.5,0.0,0.5503,-0.351,-0.3774,0.0,2.0,0.0,0.0,0.0,-0.2537,-0.0979789879999999,,,
-0.0231,-0.712,-0.2358,0.08685,0.5083,0.2856,-0.4065,0.0,0.0,0.2588,0.24,-0.355,0.0,0.7593,-0.3623,-0.03934,-0.1932,-0.6836,-0.3367,-0.3314,0.1053,-0.1813,-1.877,1.008,0.1666,0.1552,0.0,0.0,0.1587,0.0,0.05353,-0.05118,0.01778,-0.4634,0.0,-1.0,-0.5,0.655,-0.461,-0.502,0.0,3.0,0.0,0.0,0.0,-0.3713,0.3308024000000001,,,
-0.02708,-0.5923,-0.2024,0.0992,-0.06915,0.2856,-0.4065,0.0,1.0,0.2217,0.2025,-0.3489,0.0,0.76,-0.246,-0.05777,-0.1626,-0.5786,-0.335,0.3185,0.09064,-0.3315,-0.1813,-1.877,0.1599,0.1548,0.0,0.0,0.1597,0.0,0.06683,0.1057,-0.0883,0.667,0.0,-0.5,0.0,0.4448,-0.322,-0.385,1.0,0.0,0.0,0.0,0.0,0.54,-0.6902848000000001,,,
0.001387,-0.9395,-0.2834,0.0902,0.859,0.1428,-0.4146,0.0,0.0,0.3142,0.2932,-0.3645,0.0,0.7603,0.2286,-0.09644,-0.1364,-0.9756,-0.3337,-0.7963,0.1134,0.318,-0.3315,-0.1813,0.152,0.1542,0.0,0.0,0.1584,0.0,0.03293,-0.3037,0.189,-1.27,-1.0,-0.5,-0.5,0.7354,-0.66,-0.697,0.0,1.0,0.0,0.0,0.0,-1.018,-0.0974423999999999,,,
-0.02432,-0.9443,-0.2986,0.06604,0.1394,0.0,-0.4229,0.0,0.0,0.3296,0.3132,-0.3677,0.0,0.7607,-0.08594,-0.1451,-0.1238,-1.0205,-0.3352,-0.1701,0.1431,-0.796,0.318,-0.3315,0.1415,0.1538,0.0,0.0,0.1566,0.0,0.02585,-0.677,0.4521,-0.1847,-1.0,-1.0,-1.0,0.702,-0.7305,-0.72,0.0,2.0,0.0,0.0,0.0,-0.1519,0.2668879999999999,,,
-0.1041,-0.7134,-0.2693,0.03099,-0.1526,-0.1428,-0.431,0.0,0.0,0.2896,0.2854,-0.3625,0.0,0.761,0.0747,-0.1986,-0.1294,-0.799,-0.3396,0.2738,0.1448,-0.17,-0.796,0.318,0.127,0.1532,0.0,0.0,0.1566,0.0,0.03708,-0.9966,0.6855,0.4746,0.0,-0.5,-1.0,0.5176,-0.5693,-0.6104,1.0,0.0,0.0,0.0,0.0,0.3923,-0.0494164,,,
-0.0753,-0.641,-0.271,0.00218,0.01109,-0.2856,-0.439,0.0,0.0,0.2937,0.2847,-0.3633,0.0,0.7617,0.03342,-0.2365,-0.1498,-0.7173,-0.3438,-0.0338,0.1498,0.2734,-0.17,-0.796,0.1223,0.1531,0.0,0.0,0.1562,0.0,0.0356,-0.903,0.6177,-0.05923,0.0,-0.5,-1.0,0.485,-0.5483,-0.6177,0.0,1.0,0.0,0.0,0.0,-0.04855,-1.2112796000000003,,,
0.143,-1.302,-0.4385,-0.04245,1.395,-0.4285,-0.4473,0.0,0.0,0.511,0.473,-0.3953,0.0,0.7617,1.163,-0.2101,-0.1719,-1.338,-0.3508,-1.6809,0.2443,-0.0339,0.2734,-0.17,0.1104,0.1497,0.0,0.0,0.1531,0.0,-0.03433,-1.136,0.753,-4.68,-1.0,-1.0,-1.0,1.256,-1.182,-1.111,0.0,2.0,0.0,0.0,0.0,-3.84,0.2841052,,,
0.0803,-0.787,-0.3518,-0.0814,-0.3174,-0.5713,-0.4553,0.0,0.0,0.4001,0.3687,-0.3794,0.0,0.762,0.02449,-0.1208,-0.1843,-0.816,-0.3564,0.8781,0.2705,-1.68,-0.0339,0.2734,0.1042,0.1473,0.0,0.0,0.1519,0.0,0.0001602,-0.939,0.628,2.035,0.0,-1.0,-1.0,0.7905,-0.683,-0.789,1.0,0.0,0.0,0.0,0.0,1.764,-0.425548,,,
0.2356,-1.018,-0.4236,-0.1204,0.4822,-0.7144,-0.4634,0.0,0.0,0.4998,0.4458,-0.3933,0.0,0.7627,0.7734,0.02948,-0.1588,-0.9883,-0.3638,-0.7499,0.3489,0.8774,-1.68,-0.0339,0.09283,0.1439,0.0,0.0,0.1476,0.0,-0.03026,-0.946,0.6196,-2.227,0.0,-1.0,-1.0,1.064,-0.9424,-0.9194,0.0,1.0,0.0,0.0,0.0,-1.877,0.00775296,,,
0.2808,-1.023,-0.4453,-0.1555,0.14,-0.857,-0.4714,0.0,0.0,0.531,0.4702,-0.398,0.0,0.763,0.495,0.1752,-0.1019,-1.006,-0.368,-0.2499,0.412,-0.7495,0.8774,-1.68,0.08435,0.1399,0.0,0.0,0.1409,0.0,-0.0402,-0.8945,0.5786,-0.3428,-1.0,-1.0,-1.0,1.082,-0.972,-0.8804,0.0,2.0,0.0,0.0,0.0,-0.296,0.273864,,,
0.3542,-0.6665,-0.3914,-0.1896,-0.2715,-1.0,-0.4797,0.0,0.0,0.4697,0.3953,-0.3882,0.0,0.7637,1.489,0.315,-0.02328,-0.657,-0.372,0.5401,0.386,-0.2499,-0.7495,0.8774,0.0791,0.1372,0.0,0.0,0.1328,0.0,-0.0191,-0.8564,0.5605,1.357,0.0,-0.5,-1.0,0.7407,-0.6797,-0.681,1.0,0.0,0.0,0.0,0.0,1.181,0.4724055999999999,,,
0.2678,-0.324,-0.3462,-0.2316,-0.4922,-1.143,-0.4878,0.0,0.0,0.4084,0.3464,-0.3801,0.0,0.764,0.02588,0.4475,0.0685,-0.3303,-0.377,0.4427,0.3555,0.5396,-0.2499,-0.7495,0.07465,0.1359,0.0,0.0,0.1266,0.0,-0.0015,-1.076,0.7256,0.6064,1.0,-0.5,-1.0,0.4182,-0.5234,-0.514,2.0,0.0,0.0,0.0,0.0,0.519,0.3449959999999999,,,
0.1003,0.01441,-0.2834,-0.2423,-1.356,-1.0,-0.4958,1.0,0.0,0.322,0.285,-0.3687,0.0,0.7646,0.04507,0.5605,0.1602,0.05594,-0.3806,0.6111,0.3074,0.4424,0.5396,-0.2499,0.07324,0.1348,0.0,0.0,0.1217,0.0,0.02315,-0.4714,0.3047,0.925,1.0,0.0,-0.5,0.1592,-0.2102,-0.2979,3.0,0.0,0.0,0.0,0.0,0.7803,-0.5256159999999998,,,
0.1298,-0.2542,-0.3481,-0.2578,-2.865,-1.0,-0.504,0.0,0.0,0.3997,0.36,-0.3813,0.0,0.765,0.07263,0.6396,0.2412,-0.2214,-0.3823,-0.6679,0.2428,0.611,0.4424,0.5396,0.0768,0.1328,0.0,0.0,0.1152,0.0,-0.004433,-0.5835,0.3726,-1.203,1.0,0.0,-0.5,0.4446,-0.4688,-0.4773,0.0,1.0,0.0,0.0,0.0,-0.9966,-0.5790040000000001,,,
0.2207,-0.577,-0.427,-0.2788,2.129,-1.0,-0.512,0.0,0.0,0.503,0.4517,-0.3965,0.0,0.7656,0.2654,0.686,0.3142,-0.557,-0.3848,-0.8222,0.2241,-0.668,0.611,0.4424,0.0724,0.1306,0.0,0.0,0.10846,0.0,-0.03766,-0.679,0.426,-1.787,1.0,-0.5,-0.5,0.7856,-0.7646,-0.7007,0.0,2.0,0.0,0.0,0.0,-1.511,-0.3982148,,,
0.2927,-0.8247,-0.4973,-0.3118,0.6675,-1.0,-0.5205,0.0,0.0,0.5986,0.538,-0.4102,0.0,0.766,-0.2065,0.713,0.3923,-0.7695,-0.3904,-0.7543,0.249,-0.822,-0.668,0.611,0.0681,0.1276,0.0,0.0,0.1015,0.0,-0.0674,-0.918,0.5835,-2.523,0.0,-0.5,-1.0,1.045,-1.038,-0.8604,0.0,3.0,0.0,1.0,-5.797,-2.19,0.353496,,,
0.2274,-0.5977,-0.4631,-0.331,-0.1929,-1.0,-0.5283,0.0,0.0,0.5493,0.4983,-0.4043,0.0,0.7666,-0.2401,0.6943,0.4612,-0.5405,-0.3933,0.3311,0.2202,-0.754,-0.822,-0.668,0.06647,0.1248,0.0,0.0,0.0945,0.0,-0.05475,-0.6646,0.4084,0.732,0.0,0.0,-0.5,0.8267,-0.793,-0.704,1.0,0.0,0.0,0.0,0.0,0.6504,-0.6061903999999998,,,
0.3333,-1.022,-0.566,-0.36,1.012,-1.0,-0.5366,0.0,0.0,0.694,0.63,-0.424,0.0,0.767,0.1279,0.642,0.518,-0.9844,-0.3965,-1.1099,0.1289,0.3308,-0.754,-0.822,0.05728,0.12134,0.0,0.0,0.08374,0.0,-0.09784,-0.822,0.5015,-2.355,-1.0,-0.5,-0.5,1.292,-1.175,-1.073,0.0,1.0,0.0,0.0,0.0,-2.072,0.1159952,,,
0.2822,-0.87,-0.5547,-0.3916,-0.03934,-1.0,-0.545,0.0,0.0,0.674,0.6177,-0.4224,0.0,0.767,-0.3486,0.576,0.5625,-0.869,-0.3994,0.0944,0.1467,-1.11,0.3308,-0.754,0.04645,0.1167,0.0,0.0,0.0767,0.0,-0.09436,-0.8843,0.548,0.10077,0.0,0.0,-0.5,1.15,-1.018,-0.936,1.0,0.0,0.0,0.0,0.0,0.09186,-0.4063944000000001,,,
0.2712,-1.016,-0.606,-0.429,0.33,-1.0,-0.5527,0.0,0.0,0.7437,0.692,-0.4326,0.0,0.7676,-0.3801,0.4978,0.5957,-1.055,-0.4026,-0.5829,0.1824,0.09424,-1.11,0.3308,0.03014,0.11,0.0,0.0,0.06915,0.0,-0.1162,-0.959,0.592,-0.6753,0.0,0.0,-0.5,1.253,-1.252,-1.013,0.0,1.0,0.0,0.0,0.0,-0.614,0.2185219999999999,,,
0.1305,-0.6997,-0.5513,-0.4414,-0.2277,-1.0,-0.561,0.0,0.0,0.657,0.6255,-0.4229,0.0,0.768,-0.159,0.4316,0.61,-0.735,-0.405,0.5748,0.1844,-0.5825,0.09424,-1.11,0.01955,0.1025,0.0,0.0,0.06305,0.0,-0.0951,-0.4885,0.265,0.6406,1.0,0.0,0.0,0.8853,-0.906,-0.7534,1.0,0.0,0.0,0.0,0.0,0.5933,0.2078,,,
0.1018,-0.4446,-0.5117,-0.4585,-0.3076,-1.0,-0.5693,0.0,0.0,0.602,0.573,-0.416,0.0,0.7686,0.0846,0.3687,0.6006,-0.491,-0.4072,0.3951,0.1387,0.574,-0.5825,0.09424,0.01458,0.0961,0.0,0.0,0.05695,0.0,-0.0803,-0.6514,0.388,0.586,1.0,0.0,0.0,0.627,-0.6797,-0.582,2.0,0.0,0.0,0.0,0.0,0.5327,0.0509991999999999,,,
0.0001168,-0.31,-0.4895,-0.4653,-0.2622,-1.0,-0.577,0.0,0.0,0.565,0.552,-0.4124,0.0,0.769,0.1458,0.3232,0.5625,-0.3655,-0.4084,0.2045999999999999,0.11566,0.395,0.574,-0.5825,0.014,0.09015,0.0,0.0,0.0526,0.0,-0.0726,-0.408,0.2175,0.3384,2.0,0.0,0.5,0.4897,-0.541,-0.4688,3.0,0.0,0.0,0.0,0.0,0.304,0.2626479999999999,,,
-0.05396,-0.10803,-0.4502,-0.4656,-0.8105,-1.0,-0.5854,0.0,0.0,0.5103,0.5044,-0.4055,0.0,0.7695,0.08325,0.269,0.5024,-0.1578,-0.4092,0.3881,0.085,0.2043,0.395,0.574,0.013664,0.0842,0.0,0.0,0.0492,0.0,-0.05783,-0.2198,0.0898,0.53,2.0,0.5,1.0,0.2861,-0.3464,-0.289,4.0,0.0,0.0,0.0,0.0,0.4727,0.4566683999999999,,,
-0.2075,0.2078,-0.3877,-0.4644,-12.49,-0.857,-0.5933,1.0,0.0,0.4202,0.437,-0.3945,0.0,0.77,-0.03204,0.2144,0.434,0.1793,-0.4106,0.6207,0.03073,0.3877,0.2043,0.395,0.0212,0.07983,0.0,0.0,0.04626,0.0,-0.03387,-0.198,0.0847,0.931,3.0,1.0,1.0,0.02727,-0.0614,0.00499,5.0,0.0,0.0,0.0,0.0,0.8213,0.2805391999999999,,,
-0.2744,0.4026,-0.3503,-0.4653,0.853,-0.7144,-0.6016,1.0,0.0,0.3699,0.3962,-0.3882,0.0,0.7705,-0.6685,0.162,0.3542,0.3652,-0.411,0.3581,-0.02548,0.62,0.3877,0.2043,0.02997,0.07654,0.0,0.0,0.044,0.0,-0.0198,-0.2255,0.11053,0.424,3.0,1.5,1.0,-0.12177,0.06366,0.2255,5.92,0.0,0.0,0.0,0.0,0.367,-0.1578524,,,
-0.278,0.3425,-0.3696,-0.4766,0.0009522,-0.7144,-0.61,1.0,0.0,0.3926,0.4202,-0.392,0.0,0.771,-0.05984,0.11145,0.283,0.2957,-0.412,-0.2123,-0.02328,0.358,0.62,0.3877,0.0403,0.0725,0.0,0.0,0.0443,0.0,-0.0283,-0.4937,0.2983,-0.3022,2.0,1.0,0.5,-0.0426,-0.07,0.1153,0.0,1.0,0.0,0.0,0.0,-0.2585,0.5990744,,,
-0.259,0.803,-0.2751,-0.47,1.295,-0.5713,-0.6177,1.0,0.0,0.2837,0.305,-0.3748,0.0,0.7715,0.7764,0.04065,0.2119,0.768,-0.4124,0.9444,-0.013176,-0.2123,0.358,0.62,0.05255,0.0683,0.0,0.0,0.0447,0.0,0.009026,0.012566,-0.04663,1.8125,2.0,1.5,1.0,-0.3938,0.3044,0.5586,1.0,0.0,0.0,0.0,0.0,1.562,0.3353919999999999,,,
-0.295,1.014,-0.2192,-0.4482,0.3872,-0.4285,-0.626,1.0,0.0,0.2186,0.2437,-0.3647,0.0,0.772,0.01544,-0.05173,0.1521,1.029,-0.4119,0.5367,0.0399,0.944,-0.2123,0.358,0.0656,0.06714,0.0,0.0,0.0473,0.0,0.03085,0.4517,-0.3503,0.6997,2.0,1.5,1.5,-0.566,0.4607,0.71,2.0,0.0,0.0,0.0,0.0,0.5854,-0.2725319999999999,,,
-0.3018,0.6978,-0.2651,-0.4236,-0.175,-0.2856,-0.6343,1.0,0.0,0.2693,0.2969,-0.3735,0.0,0.7725,-0.205,-0.1322,0.0826,0.6895,-0.4084,-0.4596,0.06586,0.536,0.944,-0.2123,0.07556,0.0656,0.0,0.0,0.0495,0.0,0.01174,0.5605,-0.4365,-0.8633,1.0,1.5,1.5,-0.3228,0.2216,0.4458,0.0,1.0,0.0,0.0,0.0,-0.7104,-0.08052,,,
-0.2861,0.5938,-0.2732,-0.4045,-0.00902,-0.1428,-0.6343,1.0,0.0,0.2795,0.305,-0.3752,0.0,0.773,-0.1368,-0.2096,0.01024,0.556,-0.4053,-0.08626,0.0826,-0.4595,0.536,0.944,0.0833,0.0644,0.0,0.0,0.0507,0.0,0.00814,0.4458,-0.3562,-0.1863,0.0,1.0,1.0,-0.3022,0.0958,0.3806,0.0,2.0,0.0,0.0,0.0,-0.1555,0.422244,,,
-0.282,1.191,-0.1228,-0.3584,1.08,0.0,-0.626,1.0,1.0,0.117,0.1366,-0.3474,0.0,0.773,0.313,-0.2125,-0.053,1.06,-0.3967,1.4891,0.1641,-0.0863,-0.4595,0.536,0.0954,0.06445,0.0,0.0,0.05365,0.0,0.0687,1.236,-0.894,4.445,1.0,1.0,1.5,-0.763,0.7183,0.8555,1.0,0.0,0.0,0.0,0.0,3.72,-0.178476,,,
-0.2708,0.868,-0.1598,-0.317,-0.1383,0.1428,-0.6177,1.0,1.0,0.1566,0.1755,-0.3542,0.0,0.7734,-0.5527,-0.152,-0.1003,0.777,-0.393,-0.3473,0.1987,1.488,-0.0863,-0.4595,0.1041,0.0651,0.0,0.0,0.05496,0.0,0.05383,1.044,-0.7627,-0.4656,0.0,0.5,1.0,-0.561,0.4875,0.6675,0.0,1.0,0.0,0.0,0.0,-0.3723,0.1668432,,,
-0.2815,0.8535,-0.1283,-0.2656,0.11694,0.2856,-0.61,1.0,1.0,0.1228,0.1425,-0.3484,0.0,0.774,-0.476,-0.04315,-0.1283,0.8022,-0.3884,0.3011,0.2625,-0.3474,1.488,-0.0863,0.1153,0.0663,0.0,0.0,0.05795,0.0,0.06647,1.3545,-0.979,0.4258,0.0,0.5,1.5,-0.6274,0.5317,0.683,1.0,0.0,0.0,0.0,0.0,0.3442,-0.6349568000000001,,,
-0.184,0.303,-0.2172,-0.2295,-0.4958,0.4285,-0.61,1.0,0.0,0.2253,0.232,-0.3647,0.0,0.7744,0.5933,0.071,-0.13,0.2773,-0.385,-0.8449,0.2856,0.301,-0.3474,1.488,0.11786,0.06616,0.0,0.0,0.06082,0.0,0.03046,0.852,-0.636,-1.341,0.0,0.0,1.0,-0.2076,0.1476,0.348,0.0,1.0,0.0,0.0,0.0,-1.074,-0.4817655999999997,,,
-0.1823,-0.0783,-0.28,-0.2048,-0.927,0.5713,-0.61,1.0,0.0,0.2957,0.3042,-0.3765,0.0,0.775,-0.418,0.1733,-0.0954,-0.09686,-0.3823,-0.6129,0.2798,-0.8447,0.301,-0.3474,0.11487,0.0653,0.0,0.0,0.06384,0.0,0.005005,0.528,-0.416,-0.793,0.0,-0.5,0.5,0.0862,-0.11127,0.1179,0.0,2.0,0.0,0.0,0.0,-0.6523,-0.3016512,,,
-0.2123,-0.12177,-0.2744,-0.1818,-14.766,0.5713,-0.61,0.0,0.0,0.2869,0.3003,-0.3755,0.0,0.7754,-0.2886,0.2644,-0.043,-0.1471,-0.3794,0.05216,0.278,-0.6123,-0.8447,0.301,0.1144,0.0665,0.0,0.0,0.06647,0.0,0.007084,0.4983,-0.3938,0.06256,0.0,0.0,0.5,0.05066,-0.1077,0.11017,1.0,0.0,0.0,0.0,0.0,0.05246,-0.2155131999999999,,,
-0.2467,-0.2559,-0.2917,-0.1652,3.676,0.5713,-0.61,0.0,0.0,0.304,0.3235,-0.3787,0.0,0.776,-0.5024,0.3367,0.01602,-0.2852,-0.3774,-0.1731,0.2365,0.05203,-0.6123,-0.8447,0.11346,0.0666,0.0,0.0,0.0706,0.0,0.0,0.3486,-0.2903,-0.1456,0.0,-0.5,0.0,0.1024,-0.2054,0.02028,0.0,1.0,0.0,0.0,0.0,-0.122,-0.1420719999999999,,,
-0.3032,-0.1833,-0.269,-0.1531,-0.3103,0.4285,-0.61,0.0,0.0,0.2734,0.3015,-0.3745,0.0,0.7764,-0.6597,0.3838,0.07434,-0.2222,-0.3755,0.2264999999999999,0.1919,-0.1732,0.05203,-0.6123,0.1065,0.06775,0.0,0.0,0.07495,0.0,0.00915,0.2546,-0.2191,0.1536,0.0,-0.5,0.0,0.001955,-0.11414,0.06323,1.0,0.0,0.0,0.0,0.0,0.1293,-0.5026120000000001,,,
-0.2551,-0.4973,-0.3342,-0.1523,3.42,0.2856,-0.61,0.0,0.0,0.3523,0.375,-0.3865,0.0,0.777,-0.581,0.401,0.1228,-0.5415,-0.375,-0.6399,0.0995,0.2263,-0.1732,0.05203,0.0982,0.0684,0.0,0.0,0.0791,0.0,-0.01698,-0.0675,-0.0006366,-0.5796,0.0,-0.5,-0.5,0.2898,-0.3657,-0.2281,0.0,1.0,0.0,0.0,0.0,-0.4846,0.0873456000000001,,,
-0.3044,-0.4524,-0.3223,-0.148,0.01837,0.1428,-0.61,0.0,0.0,0.3342,0.3645,-0.3843,0.0,0.7773,-0.628,0.3833,0.1628,-0.5107,-0.374,0.12364,0.0246,-0.6396,0.2263,-0.1732,0.08905,0.06866,0.0,0.0,0.0826,0.0,-0.01207,0.03656,-0.07275,0.1084,1.0,0.0,0.0,0.1793,-0.3362,-0.2338,1.0,0.0,0.0,0.0,0.0,0.09247,0.3065668,,,
-0.3833,-0.3418,-0.3008,-0.1508,-0.1855,0.0,-0.61,0.0,0.0,0.3032,0.3455,-0.3804,0.0,0.778,-0.0832,0.3323,0.1923,-0.4373,-0.373,0.2110999999999999,-0.0414,0.12354,-0.6396,0.2263,0.0851,0.06866,0.0,0.0,0.0858,0.0,-0.003635,-0.198,0.0984,0.1898,1.0,0.0,0.0,0.06464,-0.2515,-0.19,2.0,0.0,0.0,0.0,0.0,0.1613,-0.135276,,,
-0.4583,-0.1648,-0.2676,-0.1567,-0.593,-0.1428,-0.61,0.0,0.0,0.2593,0.3125,-0.3743,0.0,0.7783,-0.812,0.2384,0.2084,-0.2776,-0.373,0.3321,-0.10925,0.2109,0.12354,-0.6396,0.08563,0.0683,0.0,0.0,0.0893,0.0,0.00975,-0.277,0.1608,0.2426,2.0,0.5,0.0,-0.07825,-0.1173,-0.0661,3.0,0.0,0.0,0.0,0.0,0.2048,-0.589122,,,
-0.344,-0.6177,-0.3687,-0.1677,5.93,-0.2856,-0.61,0.0,0.0,0.3865,0.4246,-0.393,0.0,0.779,0.7944,0.12146,0.2089,-0.7256,-0.3743,-1.0029,-0.1451,0.3318,0.2109,0.12354,0.0812,0.06757,0.0,0.0,0.0904,0.0,-0.03122,-0.4414,0.26,-1.537,1.0,0.0,0.0,0.3884,-0.504,-0.7295,0.0,1.0,0.0,0.0,0.0,-1.284,-0.1659879999999999,,,
-0.2903,-0.68,-0.389,-0.1796,0.2576,-0.4285,-0.61,0.0,0.0,0.415,0.4456,-0.397,0.0,0.779,0.4695,-0.02425,0.1932,-0.8037,-0.3752,-0.2141,-0.1394,-1.002,0.3318,0.2109,0.07654,0.06757,0.0,0.0,0.0902,0.0,-0.03973,-0.4749,0.28,-0.2301,1.0,0.0,0.0,0.3801,-0.6343,-0.849,0.0,2.0,0.0,0.0,0.0,-0.1985,-0.9014739999999998,,,
-0.316,-1.139,-0.509,-0.221,0.9507,-0.5713,-0.61,0.0,0.0,0.5645,0.604,-0.4192,0.0,0.7793,0.2568,-0.12036,0.1543,-1.1875,-0.383,-1.2399,-0.04443,-0.2141,-1.002,0.3318,0.0651,0.067,0.0,0.0,0.0874,0.0,-0.08844,-1.413,0.928,-1.829,0.0,0.0,-0.5,0.918,-1.1,-1.282,0.0,3.0,0.0,0.0,0.0,-1.589,-0.550664,,,
-0.2708,-1.3125,-0.5703,-0.2654,0.309,-0.7144,-0.61,0.0,0.0,0.6514,0.686,-0.431,0.0,0.78,-0.1667,-0.1445,0.10065,-1.306,-0.3906,-0.6729,0.0743,-1.239,-0.2141,-1.002,0.0538,0.06537,0.0,0.0,0.08386,0.0,-0.1139,-1.446,0.941,-1.236,-1.0,-0.5,-0.5,1.1455,-1.295,-1.282,0.0,4.0,0.0,0.0,0.0,-1.117,0.0595468,,,
-0.2598,-0.8345,-0.4976,-0.3062,-0.2815,-0.857,-0.61,0.0,0.0,0.5547,0.584,-0.4177,0.0,0.7803,0.1588,-0.05515,0.04788,-0.787,-0.3975,0.7827999999999999,0.13,-0.673,-1.239,-0.2141,0.0453,0.0658,0.0,0.0,0.08,0.0,-0.085,-1.246,0.8105,1.204,-1.0,0.0,-0.5,0.705,-0.853,-0.8906,1.0,0.0,0.0,0.0,0.0,1.111,0.13578736,,,
-0.3228,-0.583,-0.4634,-0.3333,-0.2231,-1.0,-0.61,0.0,0.0,0.5054,0.544,-0.4114,0.0,0.781,0.1433,0.08527,0.007664,-0.482,-0.4028,0.3543,0.1514,0.7827,-0.673,-1.239,0.03732,0.06647,0.0,0.0,0.0758,0.0,-0.07166,-0.936,0.595,0.7188,0.0,0.0,0.0,0.4814,-0.6514,-0.694,2.0,0.0,0.0,0.0,0.0,0.6475,-0.4490583999999999,,,
-0.2466,-0.8853,-0.5415,-0.362,0.777,-1.143,-0.61,0.0,0.0,0.6143,0.6436,-0.426,0.0,0.7812,0.2993,0.2288,0.0008316,-0.7686,-0.407,-0.8295,0.2085,0.354,0.7827,-0.673,0.0241,0.06683,0.0,0.0,0.07104,0.0,-0.10345,-0.9673,0.6035,-1.412,0.0,0.0,0.0,0.8315,-0.928,-0.88,0.0,1.0,0.0,0.0,0.0,-1.259,-0.8111119999999999,,,
-0.1613,-1.2295,-0.6333,-0.4006,0.5903,-1.143,-0.61,0.0,0.0,0.7485,0.7676,-0.443,0.0,0.7817,0.3494,0.3857,0.04053,-1.071,-0.4133,-1.0029,0.3037,-0.829,0.354,0.7827,0.01127,0.0656,0.0,0.0,0.0649,0.0,-0.1409,-1.148,0.7163,-2.305,0.0,-0.5,-0.5,1.241,-1.259,-1.031,0.0,2.0,0.0,0.0,0.0,-2.107,0.4423948000000001,,,
-0.131,-0.9033,-0.5884,-0.4333,-0.1698,-1.143,-0.61,0.0,0.0,0.6875,0.6997,-0.435,0.0,0.782,0.2286,0.527,0.12384,-0.73,-0.418,0.4886,0.303,-1.003,-0.829,0.354,0.001505,0.06445,0.0,0.0,0.05692,0.0,-0.1233,-0.9424,0.577,0.9053,1.0,-0.5,0.0,0.939,-0.918,-0.82,1.0,0.0,0.0,0.0,0.0,0.855,-0.3201912,,,
-0.01434,-1.117,-0.656,-0.4753,0.4106,-1.143,-0.61,0.0,0.0,0.7925,0.7886,-0.4478,0.0,0.7827,0.01639,0.6445,0.2189,-0.9697,-0.422,-0.7504,0.3313,0.4883,-1.003,-0.829,-0.005775,0.0623,0.0,0.0,0.04846,0.0,-0.1509,-1.135,0.7026,-1.189,0.0,-1.0,-0.5,1.193,-1.169,-0.929,0.0,1.0,0.0,0.0,0.0,-1.106,0.2247928,,,
0.0476,-0.9097,-0.6343,-0.5073,-0.0806,-1.143,-0.61,0.0,0.0,0.7666,0.752,-0.444,0.0,0.783,0.672,0.74,0.3171,-0.763,-0.426,0.2168999999999999,0.306,-0.75,0.4883,-1.003,-0.00917,0.05994,0.0,0.0,0.03976,0.0,-0.1431,-0.962,0.5825,0.412,0.0,-0.5,0.0,1.006,-0.963,-0.8105,1.0,0.0,0.0,0.0,0.0,0.3923,0.285744,,,
0.1265,-0.625,-0.5977,-0.5366,-0.2336,-1.143,-0.61,0.0,0.0,0.7207,0.6914,-0.4377,0.0,0.7837,0.6733,0.8003,0.4075,-0.4995,-0.4292,0.3917,0.2898,0.2167,-0.75,0.4883,-0.0143,0.0573,0.0,0.0,0.03317,0.0,-0.129,-0.876,0.5273,0.815,1.0,0.0,0.0,0.7686,-0.6978,-0.649,2.0,0.0,0.0,0.0,0.0,0.771,-1.1315999999999995,,,
0.3442,-1.234,-0.743,-0.584,1.33,-1.143,-0.61,0.0,0.0,0.9526,0.895,-0.4648,0.0,0.784,1.672,0.832,0.495,-1.14,-0.4338,-1.6239,0.3523,0.3914,0.2167,-0.75,-0.02795,0.05264,0.0,0.0,0.02516,0.0,-0.1884,-1.163,0.706,-4.094,1.0,0.0,-0.5,1.498,-1.3,-0.9805,0.0,1.0,0.0,0.0,0.0,-3.828,0.3318559999999999,,,
0.4348,-0.861,-0.7007,-0.632,-0.2125,-1.143,-0.61,0.0,0.0,0.895,0.821,-0.4575,0.0,0.7847,0.8223,0.8394,0.5786,-0.783,-0.4392,0.4686,0.368,-1.624,0.3914,0.2167,-0.03598,0.04865,0.0,0.0,0.01775,0.0,-0.1721,-1.139,0.696,1.359,1.0,0.5,-0.5,1.141,-1.002,-0.783,1.0,0.0,0.0,0.0,0.0,1.338,0.1527,,,
0.3618,-0.7603,-0.7046,-0.6685,-0.00476,-1.143,-0.61,0.0,0.0,0.895,0.8325,-0.4585,0.0,0.7847,0.09314,0.8027,0.644,-0.7383,-0.442,-0.06014,0.3743,0.4683,-1.624,0.3914,-0.03986,0.04355,0.0,0.0,0.01053,0.0,-0.1743,-1.009,0.6025,-0.001656,1.0,0.0,-0.5,1.069,-0.9424,-0.7314,0.0,1.0,0.0,0.0,0.0,-0.001607,-0.411092,,,
0.3955,-1.0,-0.7744,-0.71,0.5107,-1.143,-0.61,0.0,0.0,1.006,0.9414,-0.4717,0.0,0.785,0.492,0.717,0.695,-1.026,-0.4453,-0.8246,0.3826,-0.0602,0.4683,-1.624,-0.04922,0.03702,0.0,0.0,0.00173,0.0,-0.2032,-1.081,0.641,-1.149,0.0,-0.5,-0.5,1.323,-1.254,-0.8574,0.0,2.0,0.0,0.0,0.0,-1.118,0.1695439999999999,,,
0.335,-0.833,-0.76,-0.7363,-0.06058,-1.143,-0.61,0.0,0.0,0.978,0.9224,-0.4695,0.0,0.7856,-0.0842,0.641,0.73,-0.8784,-0.4482,0.1445999999999999,0.391,-0.824,-0.0602,0.4683,-0.05475,0.03119,0.0,0.0,-0.005775,0.0,-0.1984,-0.848,0.477,0.1987,0.0,0.0,0.0,1.122,-1.1045,-0.7515,1.0,0.0,0.0,0.0,0.0,0.1984,0.088732,,,
0.3127,-0.6836,-0.7437,-0.7544,-0.0791,-1.143,-0.61,0.0,0.0,0.951,0.8984,-0.4668,0.0,0.786,-0.2444,0.576,0.7437,-0.7407,-0.4504,0.1644999999999999,0.3694,0.1445,-0.824,-0.0602,-0.06055,0.0256,0.0,0.0,-0.01325,0.0,-0.1927,-0.6704,0.3525,0.1825,1.0,0.5,0.5,0.9263,-0.969,-0.6597,2.0,0.0,0.0,0.0,0.0,0.1813,0.401524,,,
0.259,-0.2407,-0.6743,-0.7734,-0.6523,-1.143,-0.61,0.0,0.0,0.842,0.795,-0.4546,0.0,0.7866,0.1584,0.5176,0.7334,-0.3198,-0.4526,0.7774,0.296,0.1644,0.1445,-0.824,-0.0649,0.01906,0.0,0.0,-0.01997,0.0,-0.1659,-0.69,0.3787,0.987,1.0,0.5,0.5,0.5454,-0.533,-0.4307,3.0,0.0,0.0,0.0,0.0,0.9756,-0.293656,,,
0.243,-0.2126,-0.6855,-0.798,-0.05548,-1.143,-0.61,0.0,0.0,0.8564,0.8125,-0.4568,0.0,0.787,-0.03705,0.4663,0.704,-0.29,-0.456,-0.1397,0.1724,0.777,0.1644,0.1445,-0.0628,0.0128,0.0,0.0,-0.02745,0.0,-0.1709,-0.8477,0.4888,-0.1837,1.0,0.5,0.0,0.5264,-0.5913,-0.4456,0.0,1.0,0.0,0.0,0.0,-0.1772,-1.794736,,,
0.557,-1.352,-0.9165,-0.8374,9.4,-1.143,-0.61,0.0,0.0,1.257,1.173,-0.4995,0.0,0.7876,2.188,0.422,0.6626,-1.424,-0.4607,-2.4299,0.1982,-0.1396,0.777,0.1644,-0.07355,0.003574,0.0,0.0,-0.0371,0.0,-0.264,-1.1,0.6274,-4.844,1.0,0.0,0.0,1.768,-1.686,-1.156,0.0,2.0,0.0,0.0,0.0,-4.69,0.9451999999999998,,,
0.4792,-0.777,-0.8257,-0.858,-0.3499,-1.143,-0.61,0.0,0.0,1.096,1.02,-0.4834,0.0,0.788,-0.4763,0.4,0.599,-0.837,-0.4644,1.0931,0.1519,-2.428,-0.1396,0.777,-0.0799,-0.003654,0.0,0.0,-0.04492,0.0,-0.2288,-0.647,0.32,1.499,1.0,0.0,0.5,1.17,-1.012,-0.8013,1.0,0.0,0.0,0.0,0.0,1.584,-0.1563416,,,
0.4536,-0.8335,-0.854,-0.887,0.2201,-1.143,-0.61,0.0,0.0,1.141,1.07,-0.4888,0.0,0.7886,-0.2257,0.382,0.546,-0.9136,-0.4675,-0.3593,0.1646,1.093,-2.428,-0.1396,-0.0843,-0.010506,0.0,0.0,-0.05124,0.0,-0.2407,-0.846,0.457,-0.4255,0.0,0.0,0.0,1.214,-1.099,-0.8306,0.0,1.0,0.0,0.0,0.0,-0.4348,-0.9813639999999996,,,
0.5557,-1.393,-0.9746,-0.9214,0.9277,-1.143,-0.61,0.0,0.0,1.36,1.28,-0.511,0.0,0.789,0.6123,0.3735,0.5083,-1.478,-0.4714,-1.4759,0.2512,-0.3591,1.093,-2.428,-0.095,-0.01878,0.0,0.0,-0.0585,0.0,-0.2896,-0.9297,0.4954,-2.252,-1.0,-0.5,0.0,1.8545,-1.605,-1.087,0.0,2.0,0.0,0.0,0.0,-2.326,-0.1601695999999999,,,
0.584,-1.331,-0.9863,-0.959,0.0832,-1.143,-0.61,0.0,0.0,1.385,1.301,-0.5137,0.0,0.7896,1.161,0.3809,0.487,-1.417,-0.4766,-0.1792,0.2878,-1.475,-0.3591,1.093,-0.107,-0.02702,0.0,0.0,-0.0672,0.0,-0.2952,-1.017,0.5547,-0.2815,-1.0,-0.5,-0.5,1.774,-1.54,-1.008,0.0,3.0,0.0,0.0,0.0,-0.305,-1.06822,,,
0.815,-1.797,-1.1,-1.013,0.5317,-1.143,-0.61,0.0,0.0,1.623,1.509,-0.5347,0.0,0.79,2.107,0.446,0.5024,-1.771,-0.487,-1.4649,0.347,-0.1792,-1.475,-0.3591,-0.1274,-0.0368,0.0,0.0,-0.07837,0.0,-0.341,-1.275,0.7197,-3.465,-1.0,-0.5,-1.0,2.3,-2.066,-1.192,0.0,4.0,0.0,1.0,-7.91,-3.775,-1.805264,,,
1.129,-2.307,-1.309,-1.071,0.769,-1.143,-0.61,0.0,0.0,2.115,1.964,-0.573,0.0,0.79,2.906,0.592,0.557,-2.123,-0.4995,-2.4299,0.5605,-1.465,-0.1792,-1.475,-0.1572,-0.0482,0.0,0.0,-0.09174,0.0,-0.4248,-1.335,0.725,-6.64,-2.0,-1.0,-1.0,2.836,-2.066,-1.282,0.0,5.0,0.0,0.0,0.0,-6.73,0.5294920000000001,,,
1.18,-2.307,-1.283,-1.132,-0.001039,-1.143,-0.61,0.0,0.0,2.059,1.898,-0.5693,0.0,0.7905,2.363,0.8022,0.6577,-2.123,-0.5117,0.3109,0.715,-2.428,-1.465,-0.1792,-0.1752,-0.05948,0.0,0.0,-0.10315,0.0,-0.4165,-1.4,0.775,0.6006,-1.0,-1.0,-1.0,2.836,-2.066,-1.13,1.0,0.0,0.0,0.0,0.0,0.752,0.7137256000000001,,,
1.133,-1.915,-1.221,-1.186,-0.116,-1.143,-0.61,0.0,0.0,1.91,1.753,-0.559,0.0,0.791,0.10364,0.969,0.7515,-1.676,-0.517,0.8468,0.775,0.3105,-2.428,-1.465,-0.1945,-0.0704,0.0,0.0,-0.1144,0.0,-0.393,-1.206,0.647,1.701,0.0,-1.0,-0.5,2.541,-2.035,-0.898,2.0,0.0,0.0,0.0,0.0,2.11,-0.059706,,,
1.372,-1.832,-1.235,-1.233,0.08496,-1.143,-0.61,0.0,0.0,1.963,1.767,-0.562,0.0,0.7915,2.906,1.131,0.851,-1.538,-0.5254,-0.2498,0.837,0.846,0.3105,-2.428,-0.2131,-0.08185,0.0,0.0,-0.1247,0.0,-0.4001,-1.149,0.603,-0.6655,0.0,-1.0,-0.5,2.465,-1.931,-0.8374,0.0,1.0,0.0,0.0,0.0,-0.8037,-0.1359719999999999,,,
1.283,-0.917,-1.109,-1.27,-0.4253,-1.143,-0.61,0.0,0.0,1.681,1.491,-0.5396,0.0,0.792,0.6743,1.252,0.9365,-0.6323,-0.53,1.7381,0.8213,-0.2498,0.846,0.3105,-0.2205,-0.09076,0.0,0.0,-0.1334,0.0,-0.3513,-0.835,0.4004,2.3,1.0,-0.5,-0.5,1.57,-0.878,-0.554,1.0,0.0,0.0,0.0,0.0,2.8,-0.8859584000000001,,,
1.662,-1.416,-1.221,-1.32,0.7715,-1.143,-0.61,0.0,0.0,1.952,1.708,-0.5605,0.0,0.7925,2.906,1.333,1.006,-1.205,-0.534,-1.5289,0.8086,1.737,-0.2498,0.846,-0.2323,-0.10077,0.0,0.0,-0.1445,0.0,-0.3965,-1.001,0.499,-3.191,1.0,-1.0,-1.0,2.213,-1.427,-0.7163,0.0,1.0,0.0,0.0,0.0,-3.686,-0.0543099999999999,,,
2.207,-2.307,-1.44,-1.4,1.003,-1.143,-0.61,0.0,0.0,2.545,2.229,-0.6006,0.0,0.793,2.906,1.399,1.083,-2.123,-0.542,-2.4299,0.933,-1.528,1.737,-0.2498,-0.2491,-0.1118,0.0,0.0,-0.1567,0.0,-0.4841,-1.353,0.7114,-6.19,0.0,-1.0,-1.5,2.836,-2.066,-0.999,0.0,2.0,0.0,0.0,0.0,-6.73,2.0577400000000003,,,
2.137,-1.067,-1.254,-1.461,-0.5,-1.143,-0.61,0.0,0.0,2.064,1.746,-0.5674,0.0,0.7935,2.906,1.445,1.162,-0.9673,-0.549,2.7441000000000004,0.926,-2.428,-1.528,1.737,-0.2477,-0.1201,0.0,0.0,-0.1667,0.0,-0.412,-0.945,0.4521,4.707,0.0,-0.5,-1.0,2.164,-1.1,-0.618,1.0,0.0,0.0,0.0,0.0,6.32,-0.6763999999999999,,,
2.258,-1.498,-1.348,-1.507,0.6006,-1.143,-0.61,0.0,0.0,2.305,1.973,-0.585,0.0,0.794,2.574,1.467,1.228,-1.42,-0.554,-1.3789,0.9326,2.744,-2.428,-1.528,-0.2517,-0.1304,0.0,0.0,-0.1782,0.0,-0.4502,-0.8154,0.343,-2.143,0.0,-0.5,-1.0,2.693,-1.573,-0.727,0.0,1.0,0.0,0.0,0.0,-2.643,1.30506,,,
2.152,-0.3877,-1.206,-1.548,-0.704,-1.143,-0.61,0.0,0.0,1.959,1.634,-0.56,0.0,0.7944,1.021,1.446,1.277,-0.3745,-0.558,2.0551000000000004,0.9014,-1.378,2.744,-2.428,-0.252,-0.1394,0.0,0.0,-0.1863,0.0,-0.3958,-0.72,0.299,3.336,0.0,0.0,-1.0,1.66,-0.4133,-0.4414,1.0,0.0,0.0,0.0,0.0,4.3,-1.3082159999999996,,,
2.37,-0.8125,-1.301,-1.596,1.614,-1.143,-0.61,0.0,0.0,2.197,1.844,-0.5776,0.0,0.795,-0.0625,1.374,1.309,-0.894,-0.5615,-1.3539,0.8735,2.053,-1.378,2.744,-0.2559,-0.1487,0.0,0.0,-0.196,0.0,-0.4338,-0.787,0.3298,-1.608,0.0,0.0,-1.0,2.188,-0.933,-0.5728,0.0,1.0,0.0,0.0,0.0,-1.948,0.608768,,,
2.545,-1.309,-1.403,-1.642,0.859,-1.143,-0.61,0.0,0.0,2.479,2.092,-0.596,0.0,0.7954,1.827,1.259,1.322,-1.441,-0.566,-1.5189,0.85,-1.353,2.053,-1.378,-0.2705,-0.158,0.0,0.0,-0.2078,0.0,-0.4749,-0.7676,0.298,-1.949,0.0,-0.5,-1.0,2.836,-1.404,-0.71,0.0,2.0,0.0,0.0,0.0,-2.467,-0.3205079999999999,,,
2.545,-1.427,-1.451,-1.689,0.236,-1.143,-0.61,0.0,0.0,2.615,2.219,-0.6055,0.0,0.796,1.584,1.108,1.321,-1.585,-0.572,-0.7694,0.771,-1.518,-1.353,2.053,-0.282,-0.1685,0.0,0.0,-0.2214,0.0,-0.4944,-0.8022,0.314,-1.132,-1.0,-1.0,-1.0,2.836,-1.609,-0.7617,0.0,3.0,0.0,0.0,0.0,-1.504,0.108412,,,
2.545,-1.198,-1.441,-1.726,-0.04846,-1.143,-0.61,0.0,0.0,2.584,2.193,-0.604,0.0,0.796,2.906,0.977,1.307,-1.364,-0.5767,0.1127,0.644,-0.769,-1.518,-1.353,-0.2827,-0.178,0.0,0.0,-0.2347,0.0,-0.4917,-0.6704,0.221,0.1411,0.0,-0.5,-0.5,2.582,-1.512,-0.722,1.0,0.0,0.0,0.0,0.0,0.1921,0.6945811199999998,,,
2.545,-1.237,-1.456,-1.739,0.1705,-1.143,-0.61,0.0,0.0,2.62,2.244,-0.6074,0.0,0.7964,2.31,0.875,1.275,-1.39,-0.579,-0.2804,0.626,0.11255,-0.769,-1.518,-0.293,-0.1879,0.0,0.0,-0.2445,0.0,-0.4985,-0.421,0.04004,-0.277,-1.0,-1.0,-0.5,2.533,-1.447,-0.7046,0.0,1.0,0.0,0.0,0.0,-0.376,1.9210812,,,
2.234,0.2273,-1.246,-1.733,-1.221,-1.0,-0.61,1.0,0.0,2.057,1.721,-0.5703,0.0,0.797,2.857,0.804,1.217,0.0789,-0.58,2.7441000000000004,0.479,-0.2805,0.11255,-0.769,-0.2893,-0.196,0.0,0.0,-0.2524,0.0,-0.4182,-0.10266,-0.1519,3.979,0.0,-0.5,-0.5,1.077,0.1724,-0.2001,1.0,0.0,0.0,0.0,0.0,5.445,-0.521996,,,
2.371,-0.2883,-1.327,-1.743,-1.652,-1.0,-0.61,0.0,0.0,2.262,1.909,-0.5854,0.0,0.7974,0.565,0.715,1.132,-0.422,-0.5825,-1.1829,0.3213,2.744,-0.2805,0.11255,-0.2957,-0.2034,0.0,0.0,-0.2612,0.0,-0.4507,-0.3135,-0.01562,-1.316,0.0,-0.5,-1.0,1.621,-0.2341,-0.383,0.0,1.0,0.0,0.0,0.0,-1.636,0.0874519999999999,,,
2.096,-0.10254,-1.306,-1.748,-0.8257,-1.0,-0.61,0.0,0.0,2.186,1.877,-0.582,0.0,0.798,0.8164,0.6406,1.022,-0.1964,-0.585,0.2671,0.2115,-1.183,2.744,-0.2805,-0.2969,-0.2109,0.0,0.0,-0.2676,0.0,-0.4436,-0.26,-0.05063,0.3262,1.0,-0.5,-0.5,1.348,-0.12463,-0.2915,1.0,0.0,0.0,0.0,0.0,0.421,-0.150232,,,
1.987,1.019,-1.15,-1.751,-14.766,-0.857,-0.61,1.0,0.0,1.824,1.522,-0.555,0.0,0.7983,2.645,0.542,0.8857,0.8994,-0.586,2.1971000000000003,0.09155,0.2668,-1.183,2.744,-0.2864,-0.2168,0.0,0.0,-0.2712,0.0,-0.385,-0.2205,-0.0531,3.055,1.0,0.0,-0.5,0.4075,0.813,0.3235,2.0,0.0,0.0,0.0,0.0,3.91,-0.152836,,,
1.761,1.0625,-1.139,-1.739,0.176,-0.7144,-0.61,1.0,0.0,1.78,1.515,-0.5537,0.0,0.799,0.18,0.4275,0.758,1.061,-0.5884,0.124,0.04303,2.197,0.2668,-1.183,-0.2732,-0.2218,0.0,0.0,-0.273,0.0,-0.3813,-0.03516,-0.1838,0.0905,2.0,0.0,0.0,0.2361,0.673,0.4187,3.0,0.0,0.0,0.0,0.0,0.1084,0.240584,,,
1.522,1.334,-1.071,-1.697,0.3872,-0.5713,-0.61,1.0,0.0,1.623,1.392,-0.5425,0.0,0.7993,0.656,0.3115,0.64,1.398,-0.5854,0.8641,0.0875,0.12384,2.197,0.2668,-0.2573,-0.2263,0.0,0.0,-0.2703,0.0,-0.3567,0.481,-0.541,0.891,2.0,0.5,0.5,-0.1589,0.883,0.603,4.0,0.0,0.0,0.0,0.0,1.063,-0.9138379999999998,,,
1.597,0.251,-1.224,-1.691,-0.684,-0.4285,-0.61,1.0,0.0,1.953,1.72,-0.57,0.0,0.8,1.237,0.2026,0.544,0.2693,-0.5845,-2.0429,0.0874,0.8633,0.12384,2.197,-0.2477,-0.2325,0.0,0.0,-0.2703,0.0,-0.4167,-0.11743,-0.1406,-1.866,2.0,0.5,0.0,0.801,0.02615,-0.01482,0.0,1.0,0.0,0.0,0.0,-2.168,-1.5464159999999998,,,
2.201,-1.671,-1.508,-1.703,-6.047,-0.4285,-0.61,0.0,0.0,2.691,2.43,-0.6206,0.0,0.8003,2.906,0.11145,0.4465,-1.618,-0.5874,-2.4299,0.1539,-2.041,0.8633,0.12384,-0.2605,-0.2427,0.0,0.0,-0.276,0.0,-0.5273,-0.4067,0.01706,-6.453,1.0,0.5,0.0,2.836,-1.699,-1.0,0.0,2.0,0.0,1.0,-7.91,-6.73,0.364332,,,
1.863,-1.016,-1.429,-1.724,-0.3071,-0.4285,-0.61,0.0,0.0,2.486,2.225,-0.6074,0.0,0.801,0.2473,0.03204,0.3672,-0.952,-0.5913,1.2041,0.1746,-2.428,-2.041,0.8633,-0.266,-0.252,0.0,0.0,-0.28,0.0,-0.4985,-0.5293,0.11725,0.9478,1.0,0.5,0.0,2.066,-0.972,-0.6665,1.0,0.0,0.0,0.0,0.0,1.346,-1.3653240000000002,,,
2.133,-1.657,-1.533,-1.743,0.867,-0.4285,-0.61,0.0,0.0,2.691,2.514,-0.6265,0.0,0.8013,1.868,-0.04092,0.286,-1.61,-0.594,-1.6699,0.183,1.204,-2.428,-2.041,-0.2776,-0.2595,0.0,0.0,-0.2878,0.0,-0.54,-0.541,0.1074,-1.561,0.0,0.5,0.0,2.746,-1.596,-0.951,0.0,1.0,0.0,0.0,0.0,-2.135,-0.3175799999999998,,,
2.05,-1.652,-1.541,-1.753,0.1301,-0.4285,-0.61,0.0,0.0,2.691,2.545,-0.6284,0.0,0.802,0.829,-0.0958,0.2006,-1.602,-0.5967,-0.1791,0.2242,-1.669,1.204,-2.428,-0.2961,-0.2686,0.0,0.0,-0.294,0.0,-0.5444,-0.4097,0.0117,-0.1396,-1.0,0.0,0.0,2.61,-1.506,-0.8813,0.0,2.0,0.0,0.0,0.0,-0.2017,-1.6928039999999998,,,
2.312,-2.307,-1.562,-1.77,0.6855,-0.4285,-0.61,0.0,0.0,2.691,2.582,-0.638,0.0,0.802,2.025,-0.1039,0.1372,-2.123,-0.5996,-2.1019,0.342,-0.1791,-1.669,1.204,-0.321,-0.2783,0.0,0.0,-0.2986,0.0,-0.556,-0.517,0.06683,-2.438,-1.0,0.0,0.0,2.836,-2.066,-1.111,0.0,3.0,0.0,0.0,0.0,-3.537,2.213572,,,
1.89,-0.57,-1.398,-1.762,-0.7163,-0.4285,-0.61,0.0,0.0,2.408,2.14,-0.605,0.0,0.8022,2.906,-0.0859,0.0884,-0.4805,-0.601,2.7441000000000004,0.3323,-2.102,-0.1791,-1.669,-0.3372,-0.2842,0.0,0.0,-0.302,0.0,-0.4934,-0.10205,-0.1854,6.605,0.0,0.0,0.0,1.519,0.153,-0.3342,1.0,0.0,0.0,0.0,0.0,7.785,-1.634128,,,
2.367,-2.0,-1.562,-1.7705,3.262,-0.4285,-0.61,0.0,0.0,2.691,2.582,-0.638,0.0,0.8027,1.778,-0.05872,0.0498,-1.921,-0.603,-2.4299,0.3987,2.744,-2.102,-0.1791,-0.3557,-0.292,0.0,0.0,-0.3071,0.0,-0.556,-0.335,-0.05453,-2.984,-1.0,-0.5,0.0,2.836,-1.225,-0.8423,0.0,1.0,0.0,0.0,0.0,-4.06,-0.296348,,,
2.17,-2.105,-1.562,-1.807,0.1919,-0.5713,-0.61,0.0,0.0,2.691,2.582,-0.638,0.0,0.803,0.2406,-0.01869,0.02348,-2.086,-0.607,-0.7189,0.4373,-2.428,2.744,-2.102,-0.363,-0.2988,0.0,0.0,-0.3152,0.0,-0.556,-0.6997,0.1987,-0.537,-1.0,-1.0,-0.5,2.836,-1.384,-0.859,0.0,2.0,0.0,0.0,0.0,-0.8115,-0.6928799999999999,,,
2.488,-2.307,-1.562,-1.844,0.386,-0.5713,-0.61,0.0,0.0,2.691,2.582,-0.638,0.0,0.8037,2.73,0.06238,0.02199,-2.123,-0.6133,-1.5999,0.529,-0.7188,-2.428,2.744,-0.378,-0.3044,0.0,0.0,-0.3232,0.0,-0.556,-0.707,0.1884,-1.775,-1.0,-1.5,-0.5,2.836,-1.842,-0.9575,0.0,3.0,0.0,0.0,0.0,-2.744,-1.461736,,,
2.545,-2.307,-1.562,-1.904,0.654,-0.5713,-0.61,0.0,0.0,2.691,2.582,-0.638,0.0,0.804,2.906,0.2084,0.0688,-2.123,-0.623,-2.4299,0.727,-1.599,-0.7188,-2.428,-0.3967,-0.3125,0.0,0.0,-0.3325,0.0,-0.556,-0.9077,0.298,-4.066,-1.0,-1.5,-1.0,2.836,-2.066,-1.173,0.0,4.0,0.0,0.0,0.0,-6.617,-0.5437240000000001,,,
2.545,-2.307,-1.562,-1.985,0.1418,-0.7144,-0.61,0.0,0.0,2.691,2.582,-0.638,0.0,0.8047,2.357,0.4363,0.1909,-2.123,-0.6367,-1.0629,0.9136,-2.428,-1.599,-0.7188,-0.4175,-0.3218,0.0,0.0,-0.342,0.0,-0.556,-1.218,0.5107,-1.275,-2.0,-1.5,-1.5,2.836,-2.066,-1.079,0.0,5.0,0.0,0.0,0.0,-2.342,0.2395200000000001,,,
2.545,-2.307,-1.562,-2.062,-0.0644,-0.857,-0.61,0.0,0.0,2.691,2.582,-0.638,0.0,0.805,1.882,0.6787,0.3418,-2.123,-0.6406,0.8251,1.041,-1.063,-2.428,-1.599,-0.431,-0.3303,0.0,0.0,-0.351,0.0,-0.556,-1.161,0.477,0.847,-1.0,-1.5,-1.5,2.836,-2.066,-0.8945,1.0,0.0,0.0,0.0,0.0,1.608,-0.000448,,,
2.545,-1.976,-1.562,-2.139,-0.273,-1.0,-0.61,0.0,0.0,2.691,2.582,-0.638,0.0,0.8057,0.663,0.897,0.502,-1.838,-0.6406,1.8771,1.11,0.8247,-1.063,-2.428,-0.4517,-0.3394,0.0,0.0,-0.3582,0.0,-0.556,-1.114,0.4583,1.739,0.0,-1.0,-1.5,2.836,-1.447,-0.686,2.0,0.0,0.0,0.0,0.0,3.22,0.016888,,,
2.545,-1.807,-1.562,-2.2,0.03833,-1.143,-0.61,0.0,0.0,2.691,2.582,-0.638,0.0,0.806,1.338,1.065,0.647,-1.769,-0.6406,-0.4704,1.13,1.876,0.8247,-1.063,-0.4644,-0.3474,0.0,0.0,-0.3691,0.0,-0.556,-1.02,0.387,-0.34,0.0,-1.0,-1.5,2.836,-1.697,-0.6636,0.0,1.0,0.0,0.0,0.0,-0.5947,0.0852464,,,
2.16,-0.0445,-1.562,-2.209,-0.958,-1.0,-0.6177,1.0,0.0,2.691,2.582,-0.638,0.0,0.8066,2.906,1.202,0.779,0.12286,-0.6406,2.7441000000000004,1.109,-0.4702,1.876,0.8247,-0.4666,-0.3508,0.0,0.0,-0.3757,0.0,-0.556,-0.3997,-0.02383,3.623,1.0,-0.5,-1.0,1.666,0.1888,-0.343,1.0,0.0,0.0,0.0,0.0,6.43,-0.2425839999999999,,,
2.205,-0.0883,-1.562,-2.229,-1.138,-1.0,-0.6177,0.0,0.0,2.691,2.582,-0.638,0.0,0.807,0.3896,1.295,0.887,0.014404,-0.6406,-0.4931,1.078,2.744,-0.4702,1.876,-0.4658,-0.3567,0.0,0.0,-0.383,0.0,-0.556,-0.562,0.08716,-0.1688,1.0,-1.0,-1.5,1.757,-0.02562,-0.3547,0.0,1.0,0.0,0.0,0.0,-0.268,0.7006387999999998,,,
2.479,-1.03,-1.562,-2.25,18.77,-1.0,-0.6177,0.0,0.0,2.691,2.582,-0.638,0.0,0.8076,1.152,1.352,0.977,-0.951,-0.6406,-2.3379,0.9937,-0.493,2.744,-0.4702,-0.4622,-0.3628,0.0,0.0,-0.395,0.0,-0.556,-0.585,0.082,-1.875,0.0,-1.0,-1.5,2.836,-0.848,-0.522,0.0,2.0,0.0,0.0,0.0,-3.025,0.0929119999999999,,,
2.42,-0.659,-1.562,-2.271,-0.2844,-1.0,-0.6177,0.0,0.0,2.691,2.582,-0.638,0.0,0.8076,1.123,1.367,1.05,-0.6323,-0.6406,0.3963,0.863,-2.336,-0.493,2.744,-0.455,-0.37,0.0,0.0,-0.4065,0.0,-0.556,-0.5366,0.05093,0.2815,0.0,-0.5,-1.0,2.475,-0.612,-0.4548,1.0,0.0,0.0,0.0,0.0,0.4902,1.1054119999999998,,,
2.281,-0.04645,-1.562,-2.27,-0.9995,-0.857,-0.6177,1.0,0.0,2.691,2.582,-0.638,0.0,0.808,2.25,1.344,1.094,0.03946,-0.6406,1.1391,0.621,0.396,-2.336,-0.493,-0.447,-0.376,0.0,0.0,-0.4182,0.0,-0.556,-0.2732,-0.1271,0.7563,1.0,0.0,-0.5,1.632,-0.2035,-0.3123,2.0,0.0,0.0,0.0,0.0,1.301,0.7784639999999999,,,
1.96,0.5386,-1.562,-2.293,18.05,-0.7144,-0.6177,1.0,0.0,2.691,2.582,-0.638,0.0,0.8086,1.962,1.281,1.117,0.637,-0.6406,0.7218,0.4307,1.138,0.396,-2.336,-0.4414,-0.3801,0.0,0.0,-0.427,0.0,-0.556,-0.7065,0.1886,0.864,1.0,0.5,-0.5,1.083,0.002228,-0.1777,3.0,0.0,0.0,0.0,0.0,1.435,-0.343724,,,
1.66,1.389,-1.562,-2.283,1.6,-0.5713,-0.626,1.0,0.0,2.691,2.582,-0.638,0.0,0.809,2.291,1.151,1.119,1.514,-0.6406,1.6121,0.3892,0.721,1.138,0.396,-0.431,-0.3828,0.0,0.0,-0.4294,0.0,-0.556,-0.1791,-0.173,1.547,2.0,1.0,0.0,0.4187,0.7183,0.0829,4.0,0.0,0.0,0.0,0.0,2.512,-0.1796988,,,
1.654,1.405,-1.562,-2.27,0.1448,-0.4285,-0.6343,1.0,0.0,2.691,2.582,-0.638,0.0,0.8096,0.1989,0.9575,1.102,1.522,-0.6406,0.03208,0.3042,1.612,0.721,1.138,-0.4285,-0.3855,0.0,0.0,-0.4333,0.0,-0.556,-0.0907,-0.2357,0.0292,3.0,1.0,0.5,0.3486,0.6226,0.1427,5.0,0.0,0.0,0.0,0.0,0.04514,0.4893240000000002,,,
1.643,1.808,-1.505,-2.24,0.4226,-0.2856,-0.642,1.0,0.0,2.684,2.467,-0.638,0.0,0.81,2.906,0.7124,1.06,1.956,-0.6406,0.9586,0.2788,0.03198,1.612,0.721,-0.4224,-0.3875,0.0,0.0,-0.4346,0.0,-0.556,0.2262,-0.4526,0.9106,3.0,1.0,1.0,-0.1339,0.8325,0.3315,5.92,0.0,0.0,0.0,0.0,1.406,-0.1429119999999999,,,
1.476,1.615,-1.491,-2.19,0.02483,-0.1428,-0.6504,1.0,0.0,2.63,2.44,-0.638,0.0,0.8105,1.045,0.4424,0.9893,1.829,-0.6406,0.1242,0.2593,0.958,0.03198,1.612,-0.4104,-0.3916,0.0,0.0,-0.4353,0.0,-0.556,0.848,-0.895,0.0918,3.0,1.5,1.5,-0.1672,0.7827,0.3738,5.92,0.0,0.0,0.0,0.0,0.1376,-0.5104000000000003,,,
1.532,0.8857,-1.542,-2.137,-0.3262,0.0,-0.6587,1.0,0.0,2.691,2.582,-0.638,0.0,0.811,1.2705,0.22,0.8916,1.067,-0.6406,-0.8959,0.2627,0.124,0.958,0.03198,-0.4014,-0.3955,0.0,0.0,-0.435,0.0,-0.556,0.8413,-0.8994,-0.6567,2.0,1.0,1.5,0.2622,0.3826,0.201,0.0,1.0,0.0,0.0,0.0,-0.9814,0.7036239999999999,,,
1.428,1.261,-1.461,-2.084,0.548,0.1428,-0.6587,1.0,0.0,2.54,2.352,-0.635,0.0,0.8115,1.407,0.04633,0.762,1.396,-0.6406,1.2401,0.1702,-0.896,0.124,0.958,-0.392,-0.3987,0.0,0.0,-0.4377,0.0,-0.556,0.889,-0.9214,0.89,2.0,1.5,1.5,-0.2257,0.8267,0.522,1.0,0.0,0.0,0.0,0.0,1.368,-0.5779839999999998,,,
1.536,0.674,-1.507,-2.045,-0.334,0.2856,-0.6587,1.0,0.0,2.68,2.48,-0.638,0.0,0.812,1.081,-0.0382,0.604,0.7583,-0.6406,-0.7959,0.1678,1.239,-0.896,0.124,-0.3865,-0.404,0.0,0.0,-0.4377,0.0,-0.556,0.571,-0.702,-0.656,1.0,1.5,1.0,0.1729,0.4717,0.3564,0.0,1.0,0.0,0.0,0.0,-0.97,-0.081644,,,
1.375,1.319,-1.39,-1.991,1.047,0.4285,-0.6665,1.0,0.0,2.344,2.158,-0.6255,0.0,0.8125,0.623,-0.0268,0.4268,1.392,-0.6406,1.7581,0.2168,-0.7954,1.239,-0.896,-0.3804,-0.4084,0.0,0.0,-0.4355,0.0,-0.536,0.822,-0.864,2.098,1.0,1.5,1.5,-0.5483,1.033,0.6465,1.0,0.0,0.0,0.0,0.0,3.182,-0.115432,,,
1.185,1.078,-1.399,-1.96,-0.0506,0.4285,-0.675,1.0,0.0,2.354,2.201,-0.628,0.0,0.813,0.75,0.04608,0.2476,1.099,-0.6406,-0.2379,0.2612,1.757,-0.7954,1.239,-0.3748,-0.4136,0.0,0.0,-0.4321,0.0,-0.5415,0.4294,-0.5864,-0.1959,0.0,1.0,1.0,-0.3855,0.842,0.5264,0.0,1.0,0.0,0.0,0.0,-0.2817,-0.9258356,,,
1.453,0.1215,-1.507,-1.936,-0.7485,0.5713,-0.683,1.0,0.0,2.674,2.486,-0.638,0.0,0.813,1.698,0.1209,0.09186,0.1638,-0.6406,-1.7089,0.2213,-0.2379,1.757,-0.7954,-0.3765,-0.4182,0.0,0.0,-0.4272,0.0,-0.556,0.1671,-0.417,-1.087,0.0,0.5,1.0,0.3616,0.05188,0.1614,0.0,2.0,0.0,0.0,0.0,-1.574,-0.01895,,,
1.353,0.02753,-1.494,-1.896,-0.3618,0.7144,-0.691,1.0,0.0,2.63,2.459,-0.638,0.0,0.8135,0.5786,0.2031,0.01002,0.0786,-0.6406,0.09513,0.1382,-1.708,-0.2379,1.757,-0.3784,-0.42,0.0,0.0,-0.4214,0.0,-0.556,0.65,-0.7607,0.07806,0.0,0.5,1.5,0.305,0.08234,0.146,1.0,0.0,0.0,0.0,0.0,0.11945,-0.053408,,,
1.258,-0.0703,-1.484,-1.86,-0.827,0.857,-0.699,1.0,0.0,2.594,2.436,-0.638,0.0,0.814,-0.2566,0.2788,-0.011894,-0.012596,-0.6406,0.0633,0.0568,0.095,-1.708,-0.2379,-0.3777,-0.422,0.0,0.0,-0.4163,0.0,-0.556,0.614,-0.734,0.03613,1.0,0.5,1.5,0.2311,0.05777,0.1256,2.0,0.0,0.0,0.0,0.0,0.05515,0.0839647999999999,,,
1.3125,-0.7764,-1.562,-1.836,-14.766,0.7144,-0.7075,0.0,0.0,2.691,2.582,-0.638,0.0,0.8145,1.193,0.3337,0.01032,-0.752,-0.6406,-1.3549,0.00991,0.0631,0.095,-1.708,-0.3835,-0.424,0.0,0.0,-0.4136,0.0,-0.556,0.1483,-0.4153,-0.6753,0.0,0.0,1.0,0.8438,-0.4822,-0.2455,0.0,1.0,0.0,0.0,0.0,-1.028,-0.1414132,,,
1.093,-0.64,-1.535,-1.814,-0.0762,0.5713,-0.7153,0.0,0.0,2.691,2.582,-0.638,0.0,0.815,-0.4697,0.3513,0.0522,-0.6753,-0.6406,0.3621,-0.06305,-1.3545,0.0631,0.095,-0.3867,-0.4255,0.0,0.0,-0.4104,0.0,-0.556,0.09424,-0.3733,0.0478,1.0,0.0,1.0,0.5806,-0.34,-0.2133,1.0,0.0,0.0,0.0,0.0,0.07605,-0.190728,,,
0.9565,-0.8228,-1.557,-1.805,0.4822,0.4285,-0.7236,0.0,0.0,2.691,2.582,-0.638,0.0,0.8154,0.2052,0.335,0.0973,-0.9434,-0.6406,-0.4555,-0.06204,0.3618,-1.3545,0.0631,-0.3955,-0.4263,0.0,0.0,-0.4104,0.0,-0.556,-0.3032,-0.09406,-0.11096,1.0,0.0,0.5,0.7617,-0.475,-0.3423,0.0,1.0,0.0,0.0,0.0,-0.1746,0.2495279999999998,,,
0.8853,-0.6313,-1.527,-1.794,-0.1425,0.2856,-0.732,0.0,0.0,2.691,2.582,-0.638,0.0,0.816,-0.3032,0.2805,0.1351,-0.7866,-0.6406,0.3631,-0.06805,-0.4553,0.3618,-1.3545,-0.4026,-0.4292,0.0,0.0,-0.4097,0.0,-0.556,-0.2316,-0.1417,0.1449,1.0,0.0,0.5,0.532,-0.3054,-0.2512,1.0,0.0,0.0,0.0,0.0,0.2311,0.5449280000000001,,,
0.5747,-0.0747,-1.45,-1.783,-0.948,0.2856,-0.7397,1.0,0.0,2.441,2.393,-0.638,0.0,0.8164,0.7334,0.1904,0.1611,-0.247,-0.6406,1.1431,-0.1375,0.363,-0.4553,0.3618,-0.402,-0.4294,0.0,0.0,-0.406,0.0,-0.556,-0.1974,-0.1553,0.4153,1.0,0.5,0.5,0.0946,0.2407,0.04077,2.0,0.0,0.0,0.0,0.0,0.6553,0.0282519999999999,,,
0.503,-0.0813,-1.447,-1.771,-0.935,0.2856,-0.748,1.0,0.0,2.426,2.389,-0.638,0.0,0.817,0.1421,0.07904,0.173,-0.2466,-0.6406,-0.0629499999999999,-0.2131,1.142,0.363,-0.4553,-0.402,-0.4292,0.0,0.0,-0.4026,0.0,-0.556,-0.2368,-0.1277,-0.02518,1.0,0.0,0.0,0.09344,0.1516,-0.02916,0.0,1.0,0.0,0.0,0.0,-0.03833,1.352228,,,
0.4202,0.682,-1.33,-1.746,18.77,0.2856,-0.756,1.0,0.0,2.111,2.078,-0.628,0.0,0.8174,1.428,-0.02924,0.1714,0.5493,-0.6406,1.7051,-0.2368,-0.063,1.142,0.363,-0.398,-0.4268,0.0,0.0,-0.3987,0.0,-0.5415,0.2727,-0.4746,0.723,1.0,0.5,0.5,-0.524,0.82,0.64,1.0,0.0,0.0,0.0,0.0,1.104,0.14322,,,
0.342,0.6567,-1.323,-1.727,0.09796,0.2856,-0.764,1.0,0.0,2.088,2.066,-0.628,0.0,0.818,0.3733,-0.11633,0.1467,0.5,-0.6406,0.0001,-0.2498,1.704,-0.063,1.142,-0.3901,-0.4224,0.0,0.0,-0.3953,0.0,-0.5415,0.05402,-0.3186,0.0,1.0,0.5,0.0,-0.492,0.7,0.5854,0.0,0.0,0.0,0.0,0.0,0.0,1.6952679999999998,,,
0.3132,1.882,-1.129,-1.687,1.908,0.2856,-0.7725,1.0,0.0,1.645,1.614,-0.598,0.0,0.8184,2.121,-0.1683,0.1159,1.622,-0.6406,2.7291000000000003,-0.1235,0.0,1.704,-0.063,-0.3755,-0.4155,0.0,0.0,-0.3906,0.0,-0.477,0.686,-0.741,3.225,1.0,0.5,0.5,-1.35,1.664,1.113,1.0,0.0,0.0,0.0,0.0,4.67,-1.448672,,,
0.655,0.409,-1.324,-1.676,-0.6685,0.2856,-0.7803,1.0,0.0,2.115,2.043,-0.63,0.0,0.819,1.938,-0.1943,0.0681,0.1317,-0.64,-2.4299,-0.122,2.727,0.0,1.704,-0.368,-0.4111,0.0,0.0,-0.389,0.0,-0.5464,-0.1705,-0.1604,-3.338,0.0,0.0,0.0,0.002058,0.578,0.2037,0.0,1.0,0.0,0.0,0.0,-4.453,-0.36936,,,
0.6133,0.6143,-1.288,-1.661,0.5806,0.2856,-0.7886,1.0,0.0,2.025,1.958,-0.6255,0.0,0.819,0.5874,-0.2139,0.003576,0.3381,-0.64,0.4225,-0.11084,-2.428,2.727,0.0,-0.3604,-0.4075,0.0,0.0,-0.3877,0.0,-0.536,-0.05954,-0.2354,0.411,1.0,0.5,0.5,-0.1937,0.6343,0.3186,1.0,0.0,0.0,0.0,0.0,0.599,-0.648804,,,
0.612,0.02171,-1.358,-1.643,-0.777,0.2856,-0.797,1.0,0.0,2.2,2.137,-0.6377,0.0,0.8193,0.614,-0.2439,-0.0664,-0.2346,-0.6396,-1.1019,-0.1107,0.4224,-2.428,2.727,-0.3584,-0.404,0.0,0.0,-0.3877,0.0,-0.556,0.0469,-0.3228,-0.8647,0.0,0.0,0.5,0.356,0.1932,-0.0644,0.0,1.0,0.0,0.0,0.0,-1.244,-0.7169239999999999,,,
0.717,-0.5264,-1.43,-1.632,-5.55,0.1428,-0.797,0.0,0.0,2.395,2.32,-0.638,0.0,0.82,0.884,-0.2703,-0.1333,-0.764,-0.64,-1.1419,-0.10864,-1.102,0.4224,-2.428,-0.3596,-0.4036,0.0,0.0,-0.388,0.0,-0.556,-0.1575,-0.1884,-0.99,0.0,0.0,0.0,0.899,-0.2256,-0.4417,0.0,2.0,0.0,0.0,0.0,-1.477,0.3904719999999999,,,
0.8716,-0.242,-1.384,-1.618,-0.55,0.0,-0.797,0.0,0.0,2.285,2.182,-0.638,0.0,0.8203,2.225,-0.2893,-0.1881,-0.4768,-0.64,0.6081,-0.1088,-1.141,-1.102,0.4224,-0.3635,-0.4023,0.0,0.0,-0.3887,0.0,-0.556,-0.07587,-0.2407,0.566,0.0,0.0,0.0,0.5645,0.02792,-0.2332,1.0,0.0,0.0,0.0,0.0,0.875,-1.0764159999999996,,,
0.9956,-0.942,-1.473,-1.604,4.79,0.0,-0.8047,0.0,0.0,2.54,2.424,-0.638,0.0,0.821,0.654,-0.3071,-0.2379,-1.136,-0.6406,-1.4439,-0.09076,0.6074,-1.141,-1.102,-0.3713,-0.4006,0.0,0.0,-0.39,0.0,-0.556,-0.08984,-0.245,-0.943,0.0,-0.5,0.0,1.235,-0.5103,-0.6616,0.0,1.0,0.0,0.0,0.0,-1.431,0.176476,,,
1.123,-0.974,-1.472,-1.591,0.1735,0.0,-0.813,0.0,0.0,2.547,2.412,-0.638,0.0,0.8213,1.032,-0.3218,-0.277,-1.093,-0.6406,-0.0985299999999999,-0.08685,-1.443,0.6074,-1.141,-0.3867,-0.3994,0.0,0.0,-0.393,0.0,-0.556,-0.1558,-0.1989,-0.0803,-1.0,-0.5,-0.5,1.189,-0.4944,-0.6353,0.0,2.0,0.0,0.0,0.0,-0.1277,1.0526279999999997,,,
1.1045,-0.2966,-1.363,-1.566,-0.6772,0.0,-0.8213,0.0,0.0,2.252,2.11,-0.638,0.0,0.822,1.518,-0.331,-0.3093,-0.3508,-0.6406,1.5831,-0.0986,-0.0986,-1.443,0.6074,-0.3904,-0.3977,0.0,0.0,-0.3945,0.0,-0.556,0.12067,-0.3813,1.594,0.0,-0.5,0.0,0.524,0.2815,-0.1401,1.0,0.0,0.0,0.0,0.0,2.541,-2.011028,,,
1.518,-1.439,-1.521,-1.559,5.8,0.0,-0.829,0.0,0.0,2.691,2.527,-0.638,0.0,0.8223,1.96,-0.3398,-0.3467,-1.484,-0.6406,-2.4299,-0.06384,1.582,-0.0986,-1.443,-0.4014,-0.398,0.0,0.0,-0.3965,0.0,-0.556,-0.2491,-0.1415,-1.791,0.0,-0.5,-0.5,1.697,-0.7007,-0.838,0.0,1.0,0.0,0.0,0.0,-2.72,0.353942,,,
1.548,-1.336,-1.51,-1.558,0.0521,-0.1428,-0.8374,0.0,0.0,2.691,2.49,-0.638,0.0,0.8228,1.356,-0.3384,-0.3743,-1.339,-0.6406,0.06815,-0.03522,-2.428,1.582,-0.0986,-0.4092,-0.399,0.0,0.0,-0.3987,0.0,-0.556,-0.3945,-0.03723,0.06836,0.0,-0.5,-0.5,1.565,-0.561,-0.7505,1.0,0.0,0.0,0.0,0.0,0.1124,-0.4500279999999999,,,
1.719,-1.652,-1.561,-1.563,0.4026,-0.2856,-0.8374,0.0,0.0,2.691,2.582,-0.638,0.0,0.823,1.213,-0.3208,-0.384,-1.642,-0.6406,-0.9169,0.01063,0.06805,-2.428,1.582,-0.4163,-0.4006,0.0,0.0,-0.4016,0.0,-0.556,-0.479,0.014725,-0.7275,0.0,-0.5,-0.5,1.85,-0.9155,-0.8823,0.0,1.0,0.0,0.0,0.0,-1.194,0.631704,,,
1.605,-0.6895,-1.435,-1.568,-0.5215,-0.4285,-0.8374,0.0,0.0,2.48,2.264,-0.638,0.0,0.8237,2.686,-0.286,-0.3787,-0.7114,-0.6406,1.9581,0.01099,-0.9165,0.06805,-2.428,-0.4202,-0.4019,0.0,0.0,-0.4016,0.0,-0.556,-0.4697,0.02553,1.461,1.0,-0.5,-0.5,0.987,0.1151,-0.4216,1.0,0.0,0.0,0.0,0.0,2.469,-0.15382,,,
1.615,-0.4128,-1.402,-1.57,-0.3528,-0.5713,-0.8457,0.0,0.0,2.393,2.172,-0.638,0.0,0.824,1.125,-0.2405,-0.3606,-0.4597,-0.6406,0.3954,0.01099,1.957,-0.9165,0.06805,-0.4194,-0.4028,0.0,0.0,-0.4016,0.0,-0.556,-0.416,-0.00918,0.2815,1.0,0.0,0.0,0.659,0.1687,-0.3232,2.0,0.0,0.0,0.0,0.0,0.4482,0.1681296,,,
1.348,0.1459,-1.342,-1.588,-1.667,-0.5713,-0.8457,1.0,0.0,2.217,2.033,-0.638,0.0,0.8247,0.4282,-0.1742,-0.3232,0.1076,-0.6406,0.8136,0.003098,0.395,1.957,-0.9165,-0.4163,-0.4028,0.0,0.0,-0.4004,0.0,-0.556,-0.744,0.2327,0.6084,2.0,0.5,0.0,0.1967,0.379,-0.1343,3.0,0.0,0.0,0.0,0.0,0.957,0.2360439999999999,,,
1.04,0.644,-1.271,-1.58,2.477,-0.5713,-0.8457,1.0,0.0,2.02,1.88,-0.637,0.0,0.8247,-0.04623,-0.1192,-0.2837,0.665,-0.6406,0.9521,0.001437,0.813,0.395,1.957,-0.4146,-0.403,0.0,0.0,-0.3987,0.0,-0.556,-0.2047,-0.143,0.625,2.0,0.5,0.5,-0.137,0.756,0.09186,4.0,0.0,0.0,0.0,0.0,0.9585,-1.7905400000000002,,,
1.3955,-0.4607,-1.434,-1.59,-1.494,-0.7144,-0.8457,0.0,0.0,2.46,2.277,-0.638,0.0,0.825,1.81,-0.0693,-0.2412,-0.4524,-0.6406,-2.4039,0.0144,0.9517,0.813,0.395,-0.4128,-0.404,0.0,0.0,-0.4004,0.0,-0.556,-0.5923,0.1094,-2.355,2.0,0.5,0.0,1.011,-0.2325,-0.527,0.0,1.0,0.0,0.0,0.0,-3.508,-0.563964,,,
1.496,-0.7173,-1.477,-1.596,0.8564,-0.857,-0.8457,0.0,0.0,2.59,2.393,-0.638,0.0,0.8257,1.155,-0.02916,-0.1969,-0.715,-0.6406,-0.7659,0.0383,-2.402,0.9517,0.813,-0.4133,-0.407,0.0,0.0,-0.4026,0.0,-0.556,-0.5435,0.0676,-0.65,1.0,0.5,0.0,1.276,-0.532,-0.6616,0.0,2.0,0.0,0.0,0.0,-1.046,-0.143796,,,
1.456,-0.588,-1.461,-1.594,-0.084,-0.857,-0.8457,0.0,0.0,2.543,2.352,-0.638,0.0,0.826,0.6753,0.003498,-0.1519,-0.557,-0.6406,0.1367,0.03793,-0.766,-2.402,0.9517,-0.4111,-0.4094,0.0,0.0,-0.4062,0.0,-0.556,-0.379,-0.04868,0.1295,1.0,0.5,0.5,1.117,-0.4214,-0.581,1.0,0.0,0.0,0.0,0.0,0.2136,0.4308100000000001,,,
1.261,-0.2452,-1.417,-1.593,-0.5894,-0.857,-0.8457,0.0,0.0,2.406,2.244,-0.638,0.0,0.8267,0.6836,0.025,-0.1079,-0.1936,-0.6406,0.5777,0.02315,0.1365,-0.766,-2.402,-0.4124,-0.4104,0.0,0.0,-0.4094,0.0,-0.556,-0.39,-0.03558,0.4795,1.0,1.0,0.5,0.7617,-0.1677,-0.4119,2.0,0.0,0.0,0.0,0.0,0.7876,0.2608160000000001,,,
1.24,0.147,-1.356,-1.578,-2.424,-0.7144,-0.8457,1.0,0.0,2.244,2.078,-0.638,0.0,0.827,1.902,0.02109,-0.08234,0.1936,-0.6406,0.8346,-0.1259,0.5776,0.1365,-0.766,-0.4124,-0.411,0.0,0.0,-0.4146,0.0,-0.556,-0.04373,-0.275,0.778,1.0,1.0,1.0,0.4204,0.2449,-0.1492,3.0,0.0,0.0,0.0,0.0,1.255,1.0663599999999998,,,
1.157,0.7285,-1.263,-1.557,2.855,-0.5713,-0.8457,1.0,0.0,2.008,1.849,-0.638,0.0,0.8276,1.268,0.001854,-0.0717,0.776,-0.6406,1.3021,-0.1523,0.8345,0.5776,0.1365,-0.4111,-0.411,0.0,0.0,-0.4158,0.0,-0.556,0.1532,-0.403,1.211,2.0,1.5,1.5,-0.10736,0.734,0.3223,4.0,0.0,0.0,0.0,0.0,1.904,0.5027236,,,
0.9976,1.049,-1.208,-1.54,0.556,-0.4285,-0.8457,1.0,0.0,1.869,1.732,-0.635,0.0,0.828,0.1765,-0.03616,-0.0698,1.109,-0.6406,0.6880999999999999,-0.1824,1.301,0.8345,0.5776,-0.4104,-0.4094,0.0,0.0,-0.4165,0.0,-0.5557,0.03918,-0.3147,0.502,3.0,1.5,1.5,-0.4133,0.851,0.6396,5.0,0.0,0.0,0.0,0.0,0.759,-0.5470240000000002,,,
0.954,0.5522,-1.256,-1.512,-0.3362,-0.2856,-0.8457,1.0,0.0,1.977,1.85,-0.638,0.0,0.8286,0.4873,-0.098,-0.0818,0.615,-0.6406,-0.7649,-0.1935,0.6875,1.301,0.8345,-0.4055,-0.4087,0.0,0.0,-0.417,0.0,-0.556,0.356,-0.549,-0.899,2.0,1.0,1.5,-0.00608,0.515,0.3594,0.0,1.0,0.0,0.0,0.0,-1.329,-0.613024,,,
1.132,-0.2917,-1.362,-1.493,-1.29,-0.2856,-0.8457,0.0,0.0,2.25,2.104,-0.638,0.0,0.829,1.823,-0.1603,-0.1027,-0.279,-0.6406,-1.5999,-0.195,-0.7646,0.6875,1.301,-0.4028,-0.4087,0.0,0.0,-0.418,0.0,-0.556,0.0404,-0.339,-2.438,1.0,0.5,1.0,0.7397,-0.1425,-0.2595,0.0,2.0,0.0,0.0,0.0,-3.693,0.0241319999999999,,,
1.116,-0.2341,-1.338,-1.468,-0.1589,-0.2856,-0.8457,0.0,0.0,2.188,2.041,-0.638,0.0,0.8296,1.181,-0.2167,-0.1318,-0.2146,-0.6406,0.2643,-0.2064,-1.599,-0.7646,0.6875,-0.4,-0.4087,0.0,0.0,-0.4192,0.0,-0.556,0.2295,-0.4717,0.2773,1.0,0.5,1.5,0.5195,-0.08514,-0.1334,1.0,0.0,0.0,0.0,0.0,0.4424,-0.8832359999999998,,,
1.133,-0.758,-1.408,-1.461,3.793,-0.2856,-0.8457,0.0,0.0,2.373,2.229,-0.638,0.0,0.83,1.398,-0.2727,-0.1652,-0.713,-0.6406,-1.1454,-0.197,0.264,-1.599,-0.7646,-0.4011,-0.4102,0.0,0.0,-0.4202,0.0,-0.556,-0.2542,-0.1375,-1.833,0.0,0.5,1.0,1.033,-0.512,-0.555,0.0,1.0,0.0,0.0,0.0,-2.9,0.1750851999999999,,,
1.022,-0.5796,-1.382,-1.454,-0.1481,-0.2856,-0.8457,0.0,0.0,2.293,2.166,-0.638,0.0,0.8306,0.1481,-0.333,-0.1963,-0.5254,-0.6406,0.3058,-0.1926,-1.1455,0.264,-1.599,-0.4038,-0.4114,0.0,0.0,-0.4207,0.0,-0.556,-0.272,-0.1219,0.341,0.0,1.0,1.0,0.8145,-0.346,-0.426,1.0,0.0,0.0,0.0,0.0,0.56,-1.6750999999999998,,,
1.477,-1.864,-1.562,-1.468,2.889,-0.4285,-0.8457,0.0,0.0,2.691,2.582,-0.638,0.0,0.8306,1.414,-0.3606,-0.2289,-1.815,-0.6406,-2.4299,-0.1242,0.3054,-1.1455,0.264,-0.4172,-0.4155,0.0,0.0,-0.4253,0.0,-0.556,-0.7935,0.2225,-3.33,0.0,0.5,0.5,2.297,-1.579,-1.252,0.0,1.0,0.0,1.0,-7.91,-5.414,0.2851519999999999,,,
1.536,-1.712,-1.562,-1.488,0.04218,-0.5713,-0.8535,0.0,0.0,2.691,2.582,-0.638,0.0,0.831,1.233,-0.361,-0.2615,-1.711,-0.6406,-0.0742,-0.06165,-2.428,0.3054,-1.1455,-0.4326,-0.4197,0.0,0.0,-0.4275,0.0,-0.556,-1.001,0.37,-0.06183,0.0,0.0,0.0,2.021,-1.583,-1.097,0.0,2.0,0.0,0.0,0.0,-0.111,-0.5813539999999999,,,
1.48,-1.991,-1.562,-1.498,0.3162,-0.5713,-0.8535,0.0,0.0,2.691,2.582,-0.638,0.0,0.8315,1.26,-0.3237,-0.279,-1.967,-0.6406,-0.9306,0.01852,-0.0743,-2.428,0.3054,-0.448,-0.426,0.0,0.0,-0.4307,0.0,-0.556,-0.8228,0.235,-1.012,-1.0,-0.5,0.0,2.309,-1.845,-1.125,0.0,3.0,0.0,0.0,0.0,-1.821,1.173892,,,
1.397,-1.233,-1.5205,-1.495,-0.2908,-0.5713,-0.8535,0.0,0.0,2.691,2.533,-0.638,0.0,0.832,2.148,-0.269,-0.2832,-1.164,-0.6406,1.6101,0.04102,-0.9307,-0.0743,-2.428,-0.4558,-0.4297,0.0,0.0,-0.432,0.0,-0.556,-0.4302,-0.03223,1.882,0.0,-0.5,0.5,1.483,-0.8647,-0.745,1.0,0.0,0.0,0.0,0.0,3.488,-1.1064999999999996,,,
1.592,-1.769,-1.562,-1.5,0.63,-0.5713,-0.8535,0.0,0.0,2.691,2.582,-0.638,0.0,0.8325,1.587,-0.2145,-0.2822,-1.731,-0.6406,-1.4239,0.09863,1.61,-0.9307,-0.0743,-0.4673,-0.4343,0.0,0.0,-0.4358,0.0,-0.556,-0.62,0.0913,-1.25,-1.0,-1.0,0.0,2.086,-1.358,-0.923,0.0,1.0,0.0,0.0,0.0,-2.205,-0.0826055999999999,,,
1.4375,-1.058,-1.51,-1.502,-0.3167,-0.5713,-0.8535,0.0,0.0,2.684,2.498,-0.638,0.0,0.833,0.455,-0.1614,-0.2786,-1.049,-0.6406,1.4141,0.1156,-1.424,1.61,-0.9307,-0.473,-0.4375,0.0,0.0,-0.439,0.0,-0.556,-0.5,0.01717,1.108,0.0,-0.5,0.0,1.337,-0.5664,-0.607,1.0,0.0,0.0,0.0,0.0,2.047,1.84362,,,
1.372,0.1796,-1.34,-1.496,-1.221,-0.5713,-0.8535,1.0,0.0,2.213,2.025,-0.638,0.0,0.8335,2.906,-0.1123,-0.2627,0.1921,-0.6406,2.5981,0.09827,1.413,-1.424,1.61,-0.4734,-0.4385,0.0,0.0,-0.441,0.0,-0.556,-0.261,-0.1315,4.363,1.0,0.0,0.0,0.2563,0.598,-0.0884,2.0,0.0,0.0,0.0,0.0,7.72,-0.0457319999999999,,,
1.254,0.8857,-1.242,-1.49,3.025,-0.5713,-0.862,1.0,0.0,1.969,1.792,-0.638,0.0,0.834,1.367,-0.08093,-0.2522,0.8164,-0.6406,1.3201,0.06555,2.598,1.413,-1.424,-0.4634,-0.4392,0.0,0.0,-0.4424,0.0,-0.556,-0.2659,-0.116,2.807,2.0,0.0,0.0,-0.2095,1.1,0.2266,3.0,0.0,0.0,0.0,0.0,4.59,-0.8975155999999999,,,
1.561,-0.02776,-1.38,-1.5,-0.876,-0.5713,-0.87,1.0,0.0,2.33,2.115,-0.638,0.0,0.8345,1.765,-0.05502,-0.2384,-0.1858,-0.6406,-2.0489,0.06464,1.319,2.598,1.413,-0.458,-0.4402,0.0,0.0,-0.4436,0.0,-0.556,-0.597,0.1011,-3.293,1.0,0.0,-0.5,0.788,0.2698,-0.2328,0.0,1.0,0.0,0.0,0.0,-5.176,-0.804826,,,
1.719,-0.4812,-1.455,-1.511,-8.914,-0.7144,-0.878,0.0,0.0,2.547,2.312,-0.638,0.0,0.835,1.115,-0.0322,-0.2156,-0.661,-0.6406,-1.2499,0.07574,-2.047,1.319,2.598,-0.4539,-0.442,0.0,0.0,-0.445,0.0,-0.556,-0.631,0.11383,-1.343,1.0,-0.5,-0.5,1.296,-0.2642,-0.478,0.0,2.0,0.0,0.0,0.0,-2.254,0.1148079999999999,,,
1.585,-0.3796,-1.447,-1.513,-0.1376,-0.7144,-0.886,0.0,0.0,2.514,2.3,-0.638,0.0,0.8354,0.4338,-0.02087,-0.1857,-0.538,-0.6406,0.0001,0.08527,-1.25,-2.047,1.319,-0.4531,-0.4446,0.0,0.0,-0.4468,0.0,-0.556,-0.4626,-0.00628,0.0,0.0,-0.5,-0.5,1.219,-0.2108,-0.4524,0.0,0.0,0.0,0.0,0.0,0.0,1.0322680000000002,,,
1.431,0.4607,-1.334,-1.508,-2.875,-0.5713,-0.8945,1.0,0.0,2.203,2.006,-0.638,0.0,0.836,1.131,-0.036,-0.1562,0.2837,-0.6406,1.6261,0.0821,0.0,-1.25,-2.047,-0.4456,-0.4448,0.0,0.0,-0.4475,0.0,-0.556,-0.2861,-0.1182,1.299,0.0,0.0,-0.5,0.504,0.512,-0.1138,1.0,0.0,0.0,0.0,0.0,2.268,-0.2341359999999999,,,
1.404,0.05582,-1.388,-1.501,-0.6646,-0.4285,-0.9023,1.0,0.0,2.338,2.148,-0.638,0.0,0.8364,0.4429,-0.0645,-0.1309,-0.11597,-0.6406,-0.8939,0.07166,1.626,0.0,-1.25,-0.4429,-0.4456,0.0,0.0,-0.45,0.0,-0.556,-0.2522,-0.1506,-0.8096,-1.0,0.0,-0.5,0.9243,0.1731,-0.278,0.0,1.0,0.0,0.0,0.0,-1.346,-0.4550879999999997,,,
1.71,-0.439,-1.46,-1.503,-3.723,-0.4285,-0.9023,0.0,0.0,2.559,2.326,-0.638,0.0,0.8364,2.635,-0.1049,-0.10834,-0.6147,-0.6406,-1.2029,0.03867,-0.894,1.626,0.0,-0.4492,-0.4465,0.0,0.0,-0.4543,0.0,-0.556,-0.4153,-0.04477,-1.949,-1.0,-0.5,-1.0,1.329,-0.4146,-0.4937,0.0,2.0,0.0,0.0,0.0,-3.334,-0.0325976,,,
1.637,-0.646,-1.48,-1.489,0.7524,-0.4285,-0.9023,0.0,0.0,2.613,2.395,-0.638,0.0,0.837,1.611,-0.1473,-0.0941,-0.8228,-0.6406,-0.4411,-0.0295,-1.202,-0.894,1.626,-0.4597,-0.4487,0.0,0.0,-0.46,0.0,-0.556,-0.10834,-0.2676,-0.3093,-1.0,-0.5,-1.0,1.473,-0.5044,-0.5635,0.0,3.0,0.0,0.0,0.0,-0.55,0.162766,,,
1.464,0.397,-1.321,-1.463,-1.84,-0.2856,-0.9023,1.0,0.0,2.174,1.97,-0.638,0.0,0.8374,1.718,-0.1906,-0.09406,0.2418,-0.6406,2.3871,-0.09845,-0.441,-1.202,-0.894,-0.4595,-0.45,0.0,0.0,-0.463,0.0,-0.556,0.1624,-0.441,2.11,0.0,-0.5,-0.5,0.4749,0.598,0.0656,1.0,0.0,0.0,0.0,0.0,3.8,0.9155240000000002,,,
1.332,0.894,-1.223,-1.425,1.244,-0.1428,-0.9023,1.0,0.0,1.931,1.741,-0.638,0.0,0.838,0.805,-0.2313,-0.1133,0.775,-0.6406,1.3181,-0.10486,2.385,-0.441,-1.202,-0.4534,-0.451,0.0,0.0,-0.4631,0.0,-0.556,0.407,-0.6035,1.13,0.0,-0.5,0.0,-0.0433,1.072,0.46,2.0,0.0,0.0,0.0,0.0,1.894,1.1443639999999995,,,
1.175,1.64,-1.086,-1.385,0.9497,0.0,-0.9106,1.0,0.0,1.625,1.451,-0.638,0.0,0.8384,1.687,-0.2664,-0.152,1.53,-0.6406,1.7991,-0.0665,1.317,2.385,-0.441,-0.4426,-0.4514,0.0,0.0,-0.462,0.0,-0.556,0.443,-0.613,1.78,1.0,-0.5,0.0,-0.6416,1.679,0.9097,3.0,0.0,0.0,0.0,0.0,2.867,0.8295760000000001,,,
1.06,2.1,-0.97,-1.328,0.4197,0.1428,-0.9185,1.0,0.0,1.393,1.23,-0.6304,0.0,0.839,1.03,-0.2788,-0.1976,2.002,-0.6406,1.4201,0.04062,1.799,1.317,2.385,-0.432,-0.4495,0.0,0.0,-0.4585,0.0,-0.5444,0.761,-0.8257,1.931,2.0,0.0,0.5,-1.036,2.059,1.041,4.0,0.0,0.0,0.0,0.0,2.943,-0.4852944,,,
1.113,1.606,-1.0,-1.282,-0.10876,0.2856,-0.927,1.0,0.0,1.453,1.284,-0.6357,0.0,0.8394,0.4875,-0.2454,-0.2423,1.528,-0.6406,-0.4831,0.1068,1.419,1.799,1.317,-0.4204,-0.4473,0.0,0.0,-0.4558,0.0,-0.5557,0.582,-0.7026,-0.761,2.0,0.0,0.0,-0.7886,1.633,0.784,0.0,1.0,0.0,0.0,0.0,-1.111,0.4641819999999999,,,
0.8135,1.888,-0.9263,-1.245,0.3115,0.2856,-0.935,1.0,0.0,1.294,1.17,-0.627,0.0,0.84,0.5566,-0.1854,-0.2666,1.81,-0.6406,0.8281,0.1791,-0.4832,1.419,1.799,-0.404,-0.4448,0.0,0.0,-0.4497,0.0,-0.536,0.45,-0.6,0.916,2.0,0.5,0.0,-0.993,1.776,0.805,1.0,0.0,0.0,0.0,0.0,1.357,0.181532,,,
0.7236,2.0,-0.882,-1.213,0.1943,0.2856,-0.943,1.0,0.0,1.209,1.097,-0.622,0.0,0.8403,0.4204,-0.1238,-0.2686,1.954,-0.6406,0.4486,0.2435,0.8276,-0.4832,1.419,-0.3853,-0.4421,0.0,0.0,-0.443,0.0,-0.526,0.3677,-0.5366,0.5244,2.0,0.5,0.0,-1.094,1.712,0.756,2.0,0.0,0.0,0.0,0.0,0.7573,-0.478288,,,
0.6816,1.5625,-0.91,-1.172,-0.09106,0.2856,-0.943,1.0,0.0,1.255,1.151,-0.627,0.0,0.841,0.4062,-0.05307,-0.2457,1.577,-0.6406,-0.442,0.2568,0.4482,0.8276,-0.4832,-0.3728,-0.4404,0.0,0.0,-0.436,0.0,-0.536,0.664,-0.753,-0.3784,1.0,0.5,0.0,-0.8228,1.366,0.5864,0.0,1.0,0.0,0.0,0.0,-0.539,-0.9955708,,,
0.905,0.6074,-1.021,-1.133,-0.4875,0.4285,-0.943,1.0,0.0,1.477,1.343,-0.638,0.0,0.8413,2.219,0.0267,-0.2035,0.622,-0.6406,-1.4649,0.2522,-0.442,0.4482,0.8276,-0.368,-0.4404,0.0,0.0,-0.432,0.0,-0.556,0.577,-0.706,-1.541,0.0,0.5,0.0,-0.0586,0.7617,0.2615,0.0,2.0,0.0,0.0,0.0,-2.227,1.7373599999999991,,,
0.8535,1.687,-0.8057,-1.078,1.807,0.5713,-0.943,1.0,0.0,1.092,0.9546,-0.615,0.0,0.842,1.043,0.1092,-0.1461,1.751,-0.6406,2.6621,0.2666,-1.464,-0.442,0.4482,-0.3604,-0.4392,0.0,0.0,-0.424,0.0,-0.5107,0.8203,-0.8535,2.617,1.0,1.0,0.5,-0.9355,1.728,0.666,1.0,0.0,0.0,0.0,0.0,3.963,-0.1285012,,,
0.9385,0.793,-0.9126,-1.041,-0.4065,0.5713,-0.943,1.0,0.0,1.279,1.134,-0.6304,0.0,0.842,0.0818,0.177,-0.0873,0.8877,-0.6406,-1.3589,0.256,2.662,-1.464,-0.442,-0.3604,-0.4385,0.0,0.0,-0.4185,0.0,-0.544,0.4375,-0.5947,-1.027,0.0,0.5,0.0,-0.2428,1.109,0.3486,0.0,1.0,0.0,0.0,0.0,-1.436,0.6846760000000001,,,
0.9043,1.183,-0.8066,-0.991,0.609,0.5713,-0.943,1.0,0.0,1.098,0.952,-0.6177,0.0,0.8423,0.8013,0.2426,-0.0204,1.288,-0.6406,1.2081,0.2954,-1.358,2.662,-1.464,-0.3557,-0.436,0.0,0.0,-0.414,0.0,-0.5156,0.689,-0.7617,1.595,0.0,0.5,0.5,-0.6226,1.482,0.5073,1.0,0.0,0.0,0.0,0.0,2.328,-0.2002275999999999,,,
0.754,1.792,-0.6436,-0.9233,0.649,0.7144,-0.943,1.0,0.0,0.836,0.707,-0.597,0.0,0.843,1.486,0.3328,0.0764,1.792,-0.6406,1.8341,0.3845,1.208,-1.358,2.662,-0.348,-0.4324,0.0,0.0,-0.409,0.0,-0.4712,1.019,-0.9775,2.535,1.0,0.5,1.0,-1.112,2.082,0.723,2.0,0.0,0.0,0.0,0.0,3.564,-0.8214080000000001,,,
0.7817,0.901,-0.732,-0.8604,-0.375,0.857,-0.943,1.0,0.0,0.97,0.841,-0.61,0.0,0.8433,-0.1729,0.4065,0.1724,0.985,-0.6387,-1.0729,0.409,1.833,1.208,-1.358,-0.345,-0.4287,0.0,0.0,-0.4028,0.0,-0.4988,0.87,-0.884,-0.9673,1.0,0.0,1.0,-0.584,1.486,0.4612,0.0,1.0,0.0,0.0,0.0,-1.287,-0.3498471999999999,,,
0.934,-0.0949,-0.8643,-0.82,-0.95,0.7144,-0.951,0.0,0.0,1.196,1.049,-0.628,0.0,0.8438,0.7896,0.458,0.2593,-0.02896,-0.635,-1.6229,0.3716,-1.073,1.833,1.208,-0.3452,-0.4265,0.0,0.0,-0.3977,0.0,-0.539,0.436,-0.5913,-1.43,0.0,0.0,0.5,0.2041,0.778,0.1459,0.0,2.0,0.0,1.0,-7.305,-1.968,0.255648,,,
0.8677,-0.0834,-0.8325,-0.784,-0.772,0.5713,-0.9595,0.0,0.0,1.138,0.9995,-0.6255,0.0,0.844,0.02461,0.4863,0.3298,-0.01628,-0.6323,0.2701,0.3252,-1.623,-1.073,1.833,-0.3408,-0.4224,0.0,0.0,-0.392,0.0,-0.5327,0.351,-0.528,0.2102,1.0,0.0,0.5,0.06256,0.7715,0.1564,1.0,0.0,0.0,0.0,0.0,0.305,0.2505579999999999,,,
0.7583,-0.133,-0.82,-0.7583,18.77,0.4285,-0.9673,0.0,0.0,1.108,0.987,-0.625,0.0,0.8447,0.1729,0.4927,0.3835,-0.08386,-0.6304,0.0298499999999999,0.3018,0.27,-1.623,-1.073,-0.3433,-0.418,0.0,0.0,-0.3877,0.0,-0.5317,0.1708,-0.3992,0.02298,1.0,0.0,0.5,0.02597,0.6675,0.1288,2.0,0.0,0.0,0.0,0.0,0.03305,1.14949,,,
0.6846,0.7593,-0.64,-0.729,-14.766,0.4285,-0.9756,1.0,0.0,0.8257,0.7075,-0.603,0.0,0.845,0.9316,0.4941,0.4229,0.785,-0.628,2.0211,0.2795,0.02974,0.27,-1.623,-0.3362,-0.4119,0.0,0.0,-0.3806,0.0,-0.4836,0.2534,-0.437,1.801,1.0,0.5,0.5,-0.6265,1.447,0.452,3.0,0.0,1.0,0.0,9.375,2.588,0.4948884000000001,,,
0.6074,1.14,-0.5376,-0.69,0.616,0.4285,-0.984,1.0,0.0,0.677,0.567,-0.591,0.0,0.8457,0.2168,0.4988,0.4473,1.168,-0.625,1.0341,0.2239,2.02,0.02974,0.27,-0.3293,-0.4058,0.0,0.0,-0.3716,0.0,-0.4575,0.449,-0.565,1.069,2.0,1.0,1.0,-0.8936,1.719,0.6206,4.0,0.0,0.0,0.0,0.0,1.444,-0.4281919999999999,,,
0.6777,0.6904,-0.5903,-0.6606,-0.2598,0.4285,-0.9917,1.0,0.0,0.755,0.6357,-0.599,0.0,0.846,0.527,0.4907,0.4568,0.712,-0.6226,-0.6771,0.086,1.034,2.02,0.02974,-0.3298,-0.3994,0.0,0.0,-0.3628,0.0,-0.4753,0.2454,-0.4275,-0.5977,2.0,0.5,0.5,-0.4927,1.346,0.4805,0.0,1.0,0.0,0.0,0.0,-0.782,-1.0279840000000002,,,
1.112,-0.7144,-0.836,-0.6533,-1.812,0.2856,-1.0,0.0,0.0,1.163,0.985,-0.632,0.0,0.8467,1.802,0.4482,0.4443,-0.707,-0.623,-2.4299,-0.02388,-0.677,1.034,2.02,-0.3354,-0.396,0.0,0.0,-0.359,0.0,-0.5464,-0.197,-0.1431,-3.559,1.0,0.5,0.0,0.9136,0.2505,-0.3418,0.0,2.0,0.0,1.0,-7.91,-4.76,0.6349080000000002,,,
1.035,-0.4348,-0.776,-0.6396,-0.3386,0.1428,-1.008,0.0,0.0,1.059,0.8906,-0.6255,0.0,0.847,0.062,0.378,0.4167,-0.4236,-0.623,0.6065,-0.1079,-2.428,-0.677,1.034,-0.3347,-0.3933,0.0,0.0,-0.3555,0.0,-0.532,-0.0776,-0.2222,0.4373,1.0,0.5,0.5,0.5938,0.4673,-0.236,1.0,0.0,0.0,0.0,0.0,0.641,1.468652,,,
0.8286,0.4307,-0.588,-0.6035,-2.482,0.1428,-1.017,1.0,0.0,0.7637,0.62,-0.6025,0.0,0.8477,0.7544,0.2983,0.384,0.47,-0.6206,2.0821,-0.125,0.606,-2.428,-0.677,-0.3289,-0.3901,0.0,0.0,-0.3518,0.0,-0.483,0.3127,-0.4788,1.568,1.0,0.5,1.0,-0.2422,1.216,0.4346,2.0,0.0,1.0,0.0,9.26,2.256,0.116484,,,
0.693,0.4683,-0.562,-0.582,0.212,0.1428,-1.024,1.0,0.0,0.7173,0.5947,-0.6006,0.0,0.8477,0.2201,0.2118,0.3499,0.4988,-0.6196,0.1677,-0.1146,2.082,0.606,-2.428,-0.3228,-0.3857,0.0,0.0,-0.349,0.0,-0.4788,0.07324,-0.3062,0.1262,1.0,1.0,1.0,-0.2903,1.135,0.437,3.0,0.0,0.0,0.0,0.0,0.1703,0.547548,,,
0.685,0.697,-0.489,-0.5483,0.577,0.1428,-1.032,1.0,0.0,0.619,0.4949,-0.593,0.0,0.848,1.009,0.1072,0.3196,0.74,-0.617,0.6950999999999999,-0.10175,0.1675,2.082,0.606,-0.32,-0.38,0.0,0.0,-0.3452,0.0,-0.461,0.359,-0.5024,0.915,2.0,1.5,1.5,-0.504,1.289,0.6084,4.0,0.0,0.0,0.0,0.0,1.2295,-0.1702931999999999,,,
0.7627,0.1912,-0.565,-0.529,-0.561,0.1428,-1.041,1.0,0.0,0.7266,0.593,-0.603,0.0,0.8486,0.16,-0.006657,0.2837,0.2289,-0.616,-0.8974,-0.10187,0.6943,0.1675,2.082,-0.3232,-0.3748,0.0,0.0,-0.343,0.0,-0.4841,0.0781,-0.3123,-0.782,2.0,1.0,1.0,-0.099,0.8013,0.237,0.0,1.0,0.0,0.0,0.0,-1.028,0.5955039999999999,,,
0.612,0.726,-0.4531,-0.5146,2.23,0.1428,-1.041,1.0,0.0,0.567,0.4531,-0.5903,0.0,0.849,0.554,-0.0725,0.2338,0.778,-0.6157,1.1191,-0.0758,-0.897,0.6943,0.1675,-0.321,-0.3699,0.0,0.0,-0.34,0.0,-0.456,-0.008545,-0.2379,0.773,2.0,1.0,1.0,-0.4783,1.167,0.5566,1.0,0.0,0.0,0.0,0.0,1.045,-0.1091324,,,
0.619,0.779,-0.421,-0.4907,0.2032,0.1428,-1.049,1.0,0.0,0.5273,0.411,-0.5874,0.0,0.8496,0.4731,-0.11993,0.175,0.8496,-0.6147,0.2433999999999999,-0.05618,1.119,-0.897,0.6943,-0.3096,-0.364,0.0,0.0,-0.3367,0.0,-0.4497,0.2048,-0.3875,0.2349,2.0,1.0,1.5,-0.5522,1.097,0.5586,2.0,0.0,0.0,0.0,0.0,0.307,-1.0197876,,,
0.809,-0.3604,-0.617,-0.4707,-1.282,0.1428,-1.049,0.0,0.0,0.8027,0.6636,-0.613,0.0,0.85,1.281,-0.1503,0.1122,-0.295,-0.6133,-2.1199,-0.11346,0.2433,1.119,-0.897,-0.3066,-0.3594,0.0,0.0,-0.3337,0.0,-0.5054,0.1008,-0.3376,-2.22,1.0,0.5,1.5,0.5054,0.2544,-0.2277,0.0,1.0,0.0,0.0,0.0,-2.88,-0.082868,,,
0.8403,-0.2435,-0.577,-0.4507,-0.3142,0.1428,-1.049,0.0,0.0,0.75,0.6035,-0.609,0.0,0.8506,0.6826,-0.1748,0.04794,-0.1718,-0.6123,0.3450999999999999,-0.11554,-2.12,0.2433,1.119,-0.308,-0.354,0.0,0.0,-0.3333,0.0,-0.4968,0.1121,-0.342,0.3276,1.0,1.0,1.5,0.3765,0.412,-0.1129,1.0,0.0,0.0,0.0,0.0,0.4553,0.0263268,,,
0.9053,0.167,-0.4746,-0.4238,-2.572,0.2856,-1.049,1.0,0.0,0.618,0.4573,-0.597,0.0,0.851,1.835,-0.1934,-0.02441,0.2413,-0.611,1.0231,-0.1377,0.3447,-2.12,0.2433,-0.3074,-0.3494,0.0,0.0,-0.3303,0.0,-0.4714,0.2349,-0.4185,1.046,2.0,1.5,1.5,-0.06555,0.7476,0.2253,2.0,0.0,0.0,0.0,0.0,1.437,0.1739336,,,
0.9014,-0.05298,-0.508,-0.4133,-0.813,0.2856,-1.049,1.0,0.0,0.661,0.502,-0.6025,0.0,0.8516,1.211,-0.213,-0.10034,0.01936,-0.6104,-0.4409,-0.1432,1.023,0.3447,-2.12,-0.31,-0.3457,0.0,0.0,-0.3289,0.0,-0.4827,-0.0902,-0.1914,-0.443,1.0,1.0,1.0,0.129,0.4922,0.02672,0.0,1.0,0.0,0.0,0.0,-0.59,-0.04460624,,,
0.8916,0.3003,-0.4346,-0.407,13.445,0.2856,-1.049,1.0,0.0,0.566,0.406,-0.594,0.0,0.852,0.7803,-0.2268,-0.1476,0.3772,-0.611,0.6980999999999999,-0.1398,-0.4407,1.023,0.3447,-0.3076,-0.3425,0.0,0.0,-0.3286,0.0,-0.465,-0.1426,-0.1462,0.577,1.0,1.0,1.0,-0.1219,0.735,0.2961,1.0,0.0,0.0,0.0,0.0,0.7793,-0.2882148,,,
0.893,0.1466,-0.4553,-0.397,-0.2969,0.2856,-1.049,1.0,0.0,0.5923,0.4329,-0.598,0.0,0.8525,0.418,-0.2357,-0.1855,0.2195,-0.611,-0.3007,-0.1364,0.698,-0.4407,1.023,-0.3096,-0.3406,0.0,0.0,-0.3276,0.0,-0.4727,-0.081,-0.1936,-0.2256,1.0,0.5,1.0,-0.0774,0.43,0.1533,0.0,1.0,0.0,0.0,0.0,-0.298,-0.299252,,,
0.73,-0.1835,-0.4949,-0.371,-1.414,0.2856,-1.049,0.0,0.0,0.6304,0.499,-0.604,0.0,0.853,0.3035,-0.2441,-0.2096,-0.12085,-0.6084,-0.4967,-0.169,-0.3005,0.698,-0.4407,-0.314,-0.3386,0.0,0.0,-0.3254,0.0,-0.4854,0.3728,-0.523,-0.318,0.0,0.0,1.0,0.153,0.191,-0.08167,0.0,2.0,0.0,0.0,0.0,-0.4243,0.0988711999999999,,,
0.749,-0.02036,-0.4397,-0.346,-1.573,0.4285,-1.049,1.0,0.0,0.561,0.4243,-0.598,0.0,0.8535,0.6606,-0.2576,-0.2258,0.04565,-0.6064,0.5045,-0.1968,-0.4966,-0.3005,0.698,-0.31,-0.337,0.0,0.0,-0.323,0.0,-0.4727,0.3643,-0.511,0.3713,0.0,0.5,1.0,-0.1086,0.302,0.0946,1.0,0.0,0.0,0.0,0.0,0.5034,1.3206919999999998,,,
0.653,0.742,-0.2678,-0.3228,13.5,0.4285,-1.049,1.0,0.0,0.3484,0.2208,-0.578,0.0,0.8535,1.223,-0.2544,-0.2363,0.787,-0.6045,1.7111,-0.1918,0.5044,-0.4966,-0.3005,-0.3022,-0.3342,0.0,0.0,-0.3188,0.0,-0.429,0.329,-0.467,1.882,1.0,0.5,1.0,-0.6514,1.003,0.7734,2.0,0.0,0.0,0.0,0.0,2.51,0.072432,,,
0.7036,0.6343,-0.2676,-0.301,-0.0067,0.4285,-1.049,1.0,0.0,0.3525,0.2167,-0.579,0.0,0.854,0.7,-0.2495,-0.2416,0.692,-0.603,-0.0785,-0.1614,1.71,0.5044,-0.4966,-0.2974,-0.3313,0.0,0.0,-0.3167,0.0,-0.4312,0.2817,-0.4343,-0.05493,0.0,0.0,0.5,-0.5654,0.849,0.6323,0.0,1.0,0.0,0.0,0.0,-0.0695,1.140478,,,
0.6084,1.309,-0.105,-0.2732,1.141,0.4285,-1.041,1.0,1.0,0.17,0.04422,-0.56,0.0,0.8545,0.7695,-0.2255,-0.2338,1.366,-0.601,1.5231,-0.07697,-0.07855,1.71,0.5044,-0.2866,-0.3262,0.0,0.0,-0.3137,0.0,-0.3901,0.423,-0.517,1.346,1.0,0.5,0.5,-1.019,1.364,1.021,1.0,0.0,0.0,0.0,0.0,1.708,-0.9016079999999996,,,
0.7007,0.7188,-0.1959,-0.246,-0.3203,0.4285,-1.032,1.0,1.0,0.273,0.1351,-0.5723,0.0,0.855,1.089,-0.1885,-0.215,0.7583,-0.598,-0.9271,-0.0434,1.522,-0.07855,1.71,-0.281,-0.3237,0.0,0.0,-0.3113,0.0,-0.4163,0.3977,-0.5103,-0.969,1.0,0.0,0.5,-0.55,0.8765,0.579,0.0,1.0,0.0,0.0,0.0,-1.175,0.5696080000000001,,,
0.6426,1.018,-0.1112,-0.2222,0.532,0.4285,-1.024,1.0,1.0,0.1792,0.04794,-0.5625,0.0,0.8555,0.37,-0.1559,-0.198,1.049,-0.596,0.7486,-0.05743,-0.9272,1.522,-0.07855,-0.272,-0.3196,0.0,0.0,-0.3052,0.0,-0.3958,0.3528,-0.4695,0.7134,1.0,0.0,0.5,-0.7314,1.1045,0.7676,1.0,0.0,0.0,0.0,0.0,0.89,-1.3245880000000003,,,
0.979,-0.0719,-0.3267,-0.2158,-0.926,0.4285,-1.024,1.0,0.0,0.4424,0.264,-0.59,0.0,0.856,2.723,-0.1311,-0.1891,-0.0779,-0.595,-2.0939,-0.11487,0.7485,-0.9272,1.522,-0.2683,-0.3179,0.0,0.0,-0.302,0.0,-0.4543,-0.1257,-0.1536,-2.982,0.0,0.0,0.0,0.2166,0.1608,-0.04575,0.0,1.0,0.0,0.0,0.0,-3.635,0.1261476,,,
0.922,-0.0907,-0.3086,-0.193,-1.999,0.4285,-1.024,0.0,0.0,0.4167,0.2468,-0.5884,0.0,0.8564,1.086,-0.1091,-0.1782,-0.07697,-0.594,0.1081,-0.12164,-2.092,0.7485,-0.9272,-0.2659,-0.3174,0.0,0.0,-0.3005,0.0,-0.4514,0.3064,-0.461,0.109,1.0,0.0,0.5,0.1688,0.1854,-0.02574,1.0,0.0,0.0,0.0,0.0,0.1422,-0.15008,,,
0.962,-0.2844,-0.3315,-0.1753,18.77,0.4285,-1.024,0.0,0.0,0.4465,0.271,-0.592,0.0,0.857,0.801,-0.09076,-0.1678,-0.2754,-0.593,-0.2959,-0.1273,0.1079,-2.092,0.7485,-0.2693,-0.3162,0.0,0.0,-0.2998,0.0,-0.4592,0.1858,-0.3782,-0.2961,0.0,0.0,0.0,0.2659,0.01689,-0.1567,0.0,1.0,0.0,0.0,0.0,-0.3853,-0.4233220000000001,,,
0.998,-0.666,-0.4055,-0.1703,2.14,0.2856,-1.024,0.0,0.0,0.5386,0.3599,-0.6016,0.0,0.8574,1.484,-0.0823,-0.1608,-0.6523,-0.593,-0.8144,-0.1206,-0.296,0.1079,-2.092,-0.2751,-0.3147,0.0,0.0,-0.3005,0.0,-0.4802,-0.1643,-0.1376,-1.105,0.0,0.0,-0.5,0.624,-0.302,-0.4575,0.0,2.0,0.0,0.0,0.0,-1.451,-1.0058799999999997,,,
1.12,-1.269,-0.5312,-0.1714,1.235,0.1428,-1.024,0.0,0.0,0.7095,0.516,-0.6177,0.0,0.858,0.9844,-0.09796,-0.1641,-1.218,-0.5947,-1.3649,-0.09,-0.814,-0.296,0.1079,-0.2898,-0.3142,0.0,0.0,-0.302,0.0,-0.5146,-0.3228,-0.03967,-2.05,-1.0,-0.5,-0.5,1.222,-0.8247,-0.899,0.0,3.0,0.0,0.0,0.0,-2.762,0.3863599999999998,,,
1.057,-1.12,-0.505,-0.1759,0.0,0.0,-1.024,0.0,0.0,0.6694,0.485,-0.615,0.0,0.8584,0.3162,-0.1351,-0.1772,-1.082,-0.596,0.2037999999999999,-0.0624,-1.364,-0.814,-0.296,-0.3008,-0.3135,0.0,0.0,-0.3042,0.0,-0.51,-0.4258,0.03595,0.2002,0.0,-0.5,-0.5,1.043,-0.6514,-0.756,1.0,0.0,0.0,0.0,0.0,0.2815,-0.5968260000000002,,,
1.152,-1.507,-0.5923,-0.1842,0.531,-0.1428,-1.024,0.0,0.0,0.7954,0.599,-0.6265,0.0,0.859,0.6675,-0.1921,-0.1967,-1.454,-0.598,-1.0119,-0.01198,0.2036,-1.364,-0.814,-0.3171,-0.315,0.0,0.0,-0.3076,0.0,-0.5347,-0.5254,0.0962,-1.097,-1.0,-0.5,-0.5,1.449,-0.997,-0.9463,0.0,1.0,0.0,0.0,0.0,-1.533,0.15776788,,,
1.051,-0.937,-0.4727,-0.1814,-0.294,-0.1428,-1.024,0.0,0.0,0.627,0.4424,-0.6133,0.0,0.8594,-0.05383,-0.2428,-0.2169,-0.8813,-0.599,1.2251,-0.01143,-1.012,0.2036,-1.364,-0.323,-0.3164,0.0,0.0,-0.3079,0.0,-0.5054,-0.2295,-0.10223,0.8994,0.0,-0.5,0.0,0.8594,-0.3328,-0.595,1.0,0.0,0.0,0.0,0.0,1.298,0.0564552,,,
0.9824,-0.8823,-0.4617,-0.1816,0.065,-0.2856,-1.024,0.0,0.0,0.608,0.4338,-0.613,0.0,0.8594,-0.091,-0.2869,-0.2384,-0.842,-0.6,0.02886,-0.005592,1.224,-1.012,0.2036,-0.3293,-0.3171,0.0,0.0,-0.308,0.0,-0.505,-0.3167,-0.03967,0.01923,1.0,0.0,0.0,0.7144,-0.3665,-0.577,2.0,0.0,0.0,0.0,0.0,0.02672,-0.2195879999999999,,,
0.941,-0.9844,-0.497,-0.1967,0.2695,-0.4285,-1.024,0.0,0.0,0.65,0.4841,-0.618,0.0,0.86,0.732,-0.3054,-0.2563,-0.964,-0.602,-0.4596,0.01741,0.02875,1.224,-1.012,-0.3362,-0.3164,0.0,0.0,-0.31,0.0,-0.516,-0.7617,0.273,-0.4458,1.0,-0.5,-0.5,0.889,-0.498,-0.663,0.0,1.0,0.0,0.0,0.0,-0.619,-0.0774428,,,
1.002,-1.291,-0.5786,-0.2168,0.4966,-0.5713,-1.024,0.0,0.0,0.7646,0.5923,-0.629,0.0,0.8604,0.7554,-0.2915,-0.2732,-1.304,-0.605,-0.9623,0.06042,-0.4597,0.02875,1.224,-0.343,-0.3167,0.0,0.0,-0.3123,0.0,-0.5396,-0.8657,0.337,-0.7954,0.0,-0.5,-0.5,1.22,-0.9004,-0.846,0.0,2.0,0.0,0.0,0.0,-1.121,0.2224068,,,
0.8984,-1.061,-0.5615,-0.248,-0.0702,-0.7144,-1.024,0.0,0.0,0.7324,0.5767,-0.628,0.0,0.861,0.1848,-0.2346,-0.2844,-1.136,-0.608,0.0903,0.09546,-0.962,-0.4597,0.02875,-0.3457,-0.318,0.0,0.0,-0.3154,0.0,-0.537,-1.293,0.643,0.0497,1.0,-0.5,-0.5,1.042,-0.8213,-0.75,1.0,0.0,0.0,0.0,0.0,0.07227,0.7777839999999996,,,
0.824,-0.565,-0.4797,-0.2664,-0.408,-0.857,-1.024,0.0,0.0,0.618,0.471,-0.6196,0.0,0.8613,1.217,-0.1522,-0.2793,-0.6357,-0.612,0.7794,0.11066,0.09015,-0.962,-0.4597,-0.3467,-0.3193,0.0,0.0,-0.3174,0.0,-0.519,-0.957,0.411,0.777,1.0,0.0,0.0,0.6353,-0.414,-0.53,2.0,0.0,0.0,0.0,0.0,1.126,0.2452372,,,
0.846,-0.1993,-0.4282,-0.2874,-0.6743,-1.0,-1.024,0.0,0.0,0.5547,0.4016,-0.6147,0.0,0.862,1.293,-0.0683,-0.2484,-0.2952,-0.615,0.4391,0.11786,0.779,0.09015,-0.962,-0.3438,-0.3206,0.0,0.0,-0.3184,0.0,-0.5083,-1.077,0.5015,0.5615,1.0,0.5,0.0,0.3179,-0.2961,-0.4097,3.0,0.0,0.0,0.0,0.0,0.7944,0.5040200000000001,,,
0.5825,0.1647,-0.3574,-0.2883,-3.162,-1.0,-1.024,1.0,0.0,0.447,0.334,-0.6074,0.0,0.8623,0.2118,0.00607,-0.2034,0.11957,-0.6177,0.6354,0.11914,0.4387,0.779,0.09015,-0.3423,-0.3208,0.0,0.0,-0.319,0.0,-0.4927,-0.5024,0.0982,0.5996,2.0,1.0,0.5,0.07056,0.01207,-0.2461,4.0,0.0,0.0,0.0,0.0,0.837,-0.2414887999999999,,,
0.5273,0.1727,-0.359,-0.2908,0.1683,-0.857,-1.024,1.0,0.0,0.4443,0.3406,-0.609,0.0,0.863,0.4312,0.05655,-0.1565,0.12164,-0.619,-0.1130999999999999,0.09827,0.635,0.4387,0.779,-0.341,-0.322,0.0,0.0,-0.322,0.0,-0.4956,-0.562,0.1393,-0.11816,2.0,0.5,0.0,0.11334,-0.053,-0.2449,0.0,1.0,0.0,0.0,0.0,-0.1616,1.4722648,,,
0.4497,1.271,-0.1244,-0.2751,4.754,-0.7144,-1.024,1.0,1.0,0.1774,0.07794,-0.583,0.0,0.8633,1.086,0.0698,-0.1186,1.221,-0.6187,2.2731000000000003,0.09143,-0.11316,0.635,0.4387,-0.332,-0.3218,0.0,0.0,-0.3223,0.0,-0.439,0.0736,-0.2893,2.357,2.0,1.0,0.5,-0.6733,0.8906,0.337,1.0,0.0,0.0,0.0,0.0,3.236,-0.174402,,,
0.4688,0.6235,-0.2404,-0.2622,-0.3784,-0.5713,-1.032,1.0,0.0,0.3032,0.2046,-0.597,0.0,0.864,0.0689,0.06033,-0.08746,0.596,-0.6187,-1.1929,0.01154,2.271,-0.11316,0.635,-0.324,-0.3208,0.0,0.0,-0.3257,0.0,-0.4707,-0.01955,-0.2368,-1.192,1.0,0.5,0.5,-0.1257,0.319,0.07526,0.0,1.0,0.0,0.0,0.0,-1.528,-0.492816,,,
0.4429,0.2598,-0.2944,-0.2435,-0.4182,-0.4285,-1.041,1.0,0.0,0.362,0.2695,-0.605,0.0,0.8643,-0.1164,0.03726,-0.0677,0.2461,-0.618,-0.6339,-0.042,-1.193,2.271,-0.11316,-0.318,-0.3206,0.0,0.0,-0.3286,0.0,-0.487,0.147,-0.3628,-0.5337,0.0,0.0,0.5,0.1826,0.05167,-0.06793,0.0,2.0,0.0,1.0,-4.207,-0.7104,0.36635896,,,
0.381,0.4348,-0.2389,-0.224,0.6816,-0.2856,-1.041,1.0,0.0,0.2944,0.2101,-0.5996,0.0,0.8647,-0.2018,-0.002035,-0.05978,0.4326,-0.617,0.4498,-0.1493,-0.6333,-1.193,2.271,-0.3132,-0.3206,0.0,0.0,-0.332,0.0,-0.4756,0.1953,-0.3923,0.3545,0.0,0.5,0.5,-0.01979,0.2004,0.1871,1.0,0.0,0.0,0.0,0.0,0.4814,-0.2226479999999999,,,
0.535,-0.3757,-0.3877,-0.2084,-1.545,-0.2856,-1.041,0.0,0.0,0.4797,0.3757,-0.6177,0.0,0.8647,0.7666,-0.04514,-0.0617,-0.3745,-0.616,-1.5519,-0.1685,0.4495,-0.6333,-1.193,-0.314,-0.3215,0.0,0.0,-0.3345,0.0,-0.515,0.05954,-0.3127,-1.792,0.0,0.5,0.5,0.673,-0.457,-0.406,0.0,1.0,0.0,0.0,0.0,-2.4,-0.23114,,,
0.5205,-0.5186,-0.4119,-0.203,0.6504,-0.2856,-1.041,0.0,0.0,0.5083,0.4072,-0.6216,0.0,0.865,-0.0993,-0.0996,-0.0724,-0.523,-0.6167,-0.3495,-0.1934,-1.552,0.4495,-0.6333,-0.3176,-0.3232,0.0,0.0,-0.3374,0.0,-0.5234,-0.2551,-0.09204,-0.3315,-1.0,0.0,0.0,0.795,-0.543,-0.5103,0.0,2.0,0.0,0.0,0.0,-0.467,0.2444599999999999,,,
0.4849,-0.2705,-0.3533,-0.1948,-0.4727,-0.2856,-1.041,0.0,0.0,0.434,0.337,-0.616,0.0,0.8657,-0.117,-0.1716,-0.09467,-0.2664,-0.617,0.5005999999999999,-0.2213,-0.3494,-1.552,0.4495,-0.3196,-0.3242,0.0,0.0,-0.3396,0.0,-0.5117,-0.1536,-0.1592,0.7256,0.0,0.0,0.0,0.5366,-0.2754,-0.2615,1.0,0.0,0.0,0.0,0.0,1.033,0.1142299999999999,,,
0.4854,-0.4197,-0.3745,-0.1853,0.9766,-0.2856,-1.041,0.0,0.0,0.4597,0.3633,-0.6196,0.0,0.866,0.4834,-0.2484,-0.12415,-0.4,-0.6177,-0.3189,-0.2278,0.5005,-0.3494,-1.552,-0.3289,-0.3252,0.0,0.0,-0.3413,0.0,-0.519,-0.12445,-0.1833,-0.3215,0.0,-0.5,0.0,0.6104,-0.4148,-0.3767,0.0,1.0,0.0,0.0,0.0,-0.4507,0.1245088,,,
0.3818,-0.1482,-0.2986,-0.1656,-0.724,-0.2856,-1.041,0.0,0.0,0.362,0.2795,-0.6123,0.0,0.8667,-0.0931,-0.3303,-0.1562,-0.10864,-0.617,0.6741,-0.229,-0.3188,0.5005,-0.3494,-0.3328,-0.3262,0.0,0.0,-0.3408,0.0,-0.503,0.2195,-0.4216,0.69,0.0,-0.5,0.5,0.3264,-0.0647,-0.07214,1.0,0.0,0.0,0.0,0.0,0.977,0.2159675999999999,,,
0.3362,-0.0922,-0.2656,-0.1449,-0.7603,-0.2856,-1.041,0.0,0.0,0.3208,0.2446,-0.61,0.0,0.867,-0.2803,-0.405,-0.1937,-0.02469,-0.6167,0.2296,-0.2284,0.6733,-0.3188,0.5005,-0.334,-0.3281,0.0,0.0,-0.3403,0.0,-0.4973,0.2455,-0.4377,0.1809,1.0,0.0,0.5,0.1992,0.01053,0.02596,2.0,0.0,0.0,0.0,0.0,0.2507,-0.293304,,,
0.2751,-0.2898,-0.293,-0.1316,18.77,-0.2856,-1.041,0.0,0.0,0.3472,0.282,-0.614,0.0,0.8677,0.02074,-0.451,-0.2299,-0.2272,-0.616,-0.3703,-0.2433,0.2294,0.6733,-0.3188,-0.3376,-0.3303,0.0,0.0,-0.3394,0.0,-0.5063,0.0126,-0.2756,-0.3252,1.0,-0.5,0.0,0.349,-0.1471,-0.1823,0.0,1.0,0.0,0.0,0.0,-0.4475,-0.1715939999999999,,,
0.2095,-0.551,-0.3406,-0.12463,1.47,-0.2856,-1.041,0.0,0.0,0.397,0.3442,-0.6206,0.0,0.868,0.0809,-0.459,-0.2717,-0.5044,-0.616,-0.5759,-0.2384,-0.37,0.2294,0.6733,-0.3384,-0.334,0.0,0.0,-0.3398,0.0,-0.5205,-0.2063,-0.1256,-0.4746,0.0,-0.5,-0.5,0.5737,-0.379,-0.4482,0.0,2.0,0.0,0.0,0.0,-0.661,0.1123447999999999,,,
0.2234,-0.46,-0.319,-0.1221,-0.07294,-0.4285,-1.041,0.0,0.0,0.373,0.3171,-0.619,0.0,0.8687,0.517,-0.4583,-0.3228,-0.4146,-0.6167,0.1175,-0.2355,-0.576,-0.37,0.2294,-0.3376,-0.3367,0.0,0.0,-0.3403,0.0,-0.5176,-0.33,-0.03595,0.126,1.0,0.0,-0.5,0.491,-0.2927,-0.376,1.0,0.0,0.0,0.0,0.0,0.1786,-0.3957400000000002,,,
0.1692,-0.559,-0.3384,-0.1207,0.4126,-0.5713,-1.041,0.0,0.0,0.3914,0.345,-0.6226,0.0,0.869,-0.3938,-0.466,-0.3748,-0.5337,-0.617,-0.2924,-0.2308,0.1173,-0.576,-0.37,-0.339,-0.3403,0.0,0.0,-0.3408,0.0,-0.525,-0.3645,-0.014496,-0.1737,0.0,-0.5,-0.5,0.4836,-0.4998,-0.502,0.0,1.0,0.0,0.0,0.0,-0.2455,0.1288731999999999,,,
-0.02298,-0.2563,-0.2888,-0.1335,-0.5435,-0.7144,-1.041,0.0,0.0,0.318,0.3013,-0.6177,0.0,0.8696,-0.295,-0.4585,-0.423,-0.248,-0.6196,0.4130999999999999,-0.2488,-0.2922,0.1173,-0.576,-0.3386,-0.342,0.0,0.0,-0.3398,0.0,-0.5146,-0.9575,0.413,0.324,0.0,0.0,-0.5,0.2351,-0.3376,-0.3435,1.0,0.0,0.0,0.0,0.0,0.4622,-1.0148532,,,
0.03123,-0.826,-0.4211,-0.1469,3.611,-0.857,-1.041,0.0,0.0,0.4805,0.4597,-0.6333,0.0,0.87,0.6675,-0.426,-0.4539,-0.827,-0.6216,-1.3979,-0.2333,0.4128,-0.2922,0.1173,-0.344,-0.345,0.0,0.0,-0.3403,0.0,-0.549,-0.9717,0.4084,-1.164,0.0,0.0,-0.5,0.851,-0.893,-0.9897,0.0,1.0,0.0,0.0,0.0,-1.639,0.300508,,,
-0.01301,-0.5947,-0.3796,-0.1531,-0.1989,-1.0,-1.041,0.0,0.0,0.4258,0.4106,-0.63,0.0,0.8706,0.2308,-0.3848,-0.4546,-0.606,-0.623,0.3353,-0.2155,-1.397,0.4128,-0.2922,-0.349,-0.3472,0.0,0.0,-0.3413,0.0,-0.541,-0.731,0.2397,0.2637,1.0,0.0,0.0,0.6333,-0.6807,-0.781,1.0,0.0,0.0,0.0,0.0,0.3882,0.3794424,,,
-0.02327,-0.2491,-0.314,-0.1586,-0.586,-1.143,-1.041,0.0,0.0,0.3474,0.3315,-0.6235,0.0,0.8706,-0.09296,-0.3442,-0.435,-0.2795,-0.6245,0.5729,-0.2084,0.335,-1.397,0.4128,-0.3518,-0.3486,0.0,0.0,-0.342,0.0,-0.5273,-0.699,0.223,0.3862,1.0,0.5,0.0,0.2937,-0.444,-0.503,2.0,0.0,0.0,0.0,0.0,0.563,0.222372,,,
-0.1473,-0.004555,-0.2551,-0.1506,-1.424,-1.0,-1.041,1.0,0.0,0.2703,0.2722,-0.618,0.0,0.871,0.03577,-0.315,-0.414,-0.01614,-0.625,0.5035,-0.2106,0.5728,0.335,-1.397,-0.351,-0.3486,0.0,0.0,-0.343,0.0,-0.5156,-0.10406,-0.1964,0.2837,2.0,0.5,0.5,0.0753,-0.2008,-0.2612,3.0,0.0,0.0,0.0,0.0,0.4062,0.1225264,,,
-0.1422,-0.09564,-0.265,-0.1421,-1.135,-1.0,-1.041,0.0,0.0,0.2815,0.2832,-0.62,0.0,0.8716,-0.1414,-0.2976,-0.3994,-0.11743,-0.6245,-0.1748,-0.2112,0.5034,0.5728,0.335,-0.3513,-0.3489,0.0,0.0,-0.344,0.0,-0.5195,-0.04532,-0.2401,-0.3013,1.0,0.0,0.5,0.1273,-0.2888,-0.3171,0.0,1.0,0.0,0.0,0.0,-0.4246,0.363672,,,
-0.1609,0.10284,-0.215,-0.1339,-14.67,-0.857,-1.041,1.0,0.0,0.2247,0.2277,-0.6157,0.0,0.872,-0.119,-0.2842,-0.3865,0.0899,-0.625,0.4105,-0.3013,-0.1749,0.5034,0.5728,-0.3496,-0.3481,0.0,0.0,-0.3472,0.0,-0.51,-0.0746,-0.215,0.2345,2.0,0.5,0.5,-0.0404,-0.10486,-0.053,1.0,0.0,0.0,0.0,0.0,0.3323,-0.0452247999999999,,,
-0.1731,0.03625,-0.2191,-0.12494,-0.253,-0.7144,-1.041,1.0,0.0,0.2283,0.2334,-0.6167,0.0,0.8726,0.2502,-0.2756,-0.3765,0.02525,-0.6245,-0.1157,-0.3416,0.4102,-0.1748,0.5034,-0.3494,-0.3484,0.0,0.0,-0.3489,0.0,-0.5127,-0.001791,-0.268,-0.08887,1.0,0.5,0.5,-0.01441,-0.1908,-0.0631,0.0,1.0,0.0,0.0,0.0,-0.1243,0.377484,,,
-0.1713,0.2101,-0.1753,-0.11816,1.713,-0.5713,-1.032,1.0,1.0,0.181,0.1844,-0.613,0.0,0.873,0.1256,-0.2751,-0.3694,0.1884,-0.6245,0.3487,-0.3582,-0.1157,0.4102,-0.1748,-0.3442,-0.3484,0.0,0.0,-0.3496,0.0,-0.504,-0.1162,-0.1827,0.2998,1.0,0.5,0.5,-0.144,-0.04352,0.2269,1.0,0.0,0.0,0.0,0.0,0.4211,0.01679,,,
-0.1395,0.2205,-0.1671,-0.1126,0.1716,-0.4285,-1.024,1.0,1.0,0.1749,0.1727,-0.613,0.0,0.8735,0.1256,-0.2847,-0.3662,0.1781,-0.6245,0.0001,-0.4006,0.3484,-0.1157,0.4102,-0.3398,-0.3481,0.0,0.0,-0.3508,0.0,-0.504,-0.2078,-0.11743,0.0,0.0,0.5,0.0,-0.1478,-0.08,0.36,0.0,0.0,0.0,0.0,0.0,0.0,0.3118639999999998,,,
-0.10675,0.3767,-0.12415,-0.1035,0.686,-0.2856,-1.017,1.0,1.0,0.1324,0.1236,-0.609,0.0,0.874,0.7183,-0.3062,-0.3677,0.3257,-0.624,0.3450999999999999,-0.388,0.0,0.3484,-0.1157,-0.3362,-0.347,0.0,0.0,-0.3499,0.0,-0.4954,0.0762,-0.3164,0.431,1.0,0.5,0.5,-0.2805,0.03394,0.5947,1.0,0.0,0.0,0.0,0.0,0.5986,-0.47558,,,
-0.001038,-0.08435,-0.213,-0.096,-0.9424,-0.2856,-1.017,0.0,0.0,0.2355,0.2123,-0.6196,0.0,0.8745,0.8496,-0.3384,-0.3704,-0.1384,-0.6235,-0.9096,-0.3894,0.3447,0.0,0.3484,-0.3364,-0.3464,0.0,0.0,-0.3499,0.0,-0.518,-0.06238,-0.2274,-0.933,0.0,0.5,0.5,0.1515,-0.3323,-0.2112,0.0,1.0,0.0,0.0,0.0,-1.282,-0.2534904,,,
0.006535,-0.3628,-0.2688,-0.0932,18.77,-0.2856,-1.017,0.0,0.0,0.2979,0.2754,-0.6265,0.0,0.875,0.2532,-0.374,-0.3728,-0.4226,-0.624,-0.6146,-0.3818,-0.909,0.3447,0.0,-0.3381,-0.3467,0.0,0.0,-0.3506,0.0,-0.5327,-0.3118,-0.05585,-0.5156,0.0,0.0,0.0,0.409,-0.565,-0.677,0.0,2.0,0.0,0.0,0.0,-0.7295,-0.1891902799999999,,,
-0.00398,-0.0445,-0.1923,-0.0847,-1.075,-0.1428,-1.008,1.0,1.0,0.2126,0.1893,-0.6187,0.0,0.8755,-0.3657,-0.4233,-0.3752,-0.09845,-0.624,0.6861,-0.382,-0.6143,-0.909,0.3447,-0.3389,-0.347,0.0,0.0,-0.3506,0.0,-0.5166,0.00811,-0.277,0.6226,0.0,0.0,0.5,0.1117,-0.2266,-0.1255,1.0,0.0,0.0,0.0,0.0,0.898,0.1182199999999999,,,
0.00915,0.02504,-0.17,-0.078,2.15,0.0,-1.0,1.0,1.0,0.19,0.1637,-0.617,0.0,0.876,-0.04083,-0.4634,-0.3813,-0.02928,-0.624,0.1460999999999999,-0.3872,0.686,-0.6143,-0.909,-0.3389,-0.3477,0.0,0.0,-0.351,0.0,-0.513,-0.0751,-0.2162,0.1111,1.0,0.0,0.5,-0.01452,-0.228,0.01677,2.0,0.0,0.0,0.0,0.0,0.1569,1.0088252000000002,,,
-0.01668,0.5283,-0.03568,-0.05402,5.19,0.1428,-0.9917,1.0,1.0,0.05048,0.02414,-0.6035,0.0,0.8765,0.9355,-0.4744,-0.3928,0.5034,-0.6226,1.2221,-0.368,0.146,0.686,-0.6143,-0.3367,-0.3474,0.0,0.0,-0.3503,0.0,-0.4834,0.8228,-0.8438,1.36,1.0,0.5,1.0,-0.4397,0.3093,0.9316,3.0,0.0,0.0,0.0,0.0,1.911,-0.09549424,,,
-0.0799,0.7314,0.03848,-0.02759,0.489,0.2856,-0.984,1.0,1.0,-0.02599,-0.04425,-0.596,0.0,0.8765,-0.3142,-0.4417,-0.4075,0.7114,-0.62,0.6161,-0.3171,1.221,0.146,0.686,-0.3323,-0.3481,0.0,0.0,-0.3489,0.0,-0.4678,0.8833,-0.8804,0.585,2.0,0.5,1.0,-0.625,0.5083,1.086,4.0,0.0,0.0,0.0,0.0,0.7915,0.9025364,,,
-0.07715,1.511,0.2493,0.00729,1.157,0.4285,-0.9756,1.0,1.0,-0.2133,-0.2378,-0.5747,0.0,0.877,0.4187,-0.3523,-0.402,1.399,-0.615,1.8411,-0.1777,0.6157,1.221,0.146,-0.3235,-0.3467,0.0,0.0,-0.3447,0.0,-0.4204,1.091,-1.007,3.916,3.0,1.0,1.0,-1.163,1.201,1.113,5.0,0.0,1.0,0.0,7.793,5.203,0.8365080000000004,,,
-0.0533,1.913,0.384,0.0449,0.4036,0.4285,-0.9673,1.0,1.0,-0.3206,-0.3525,-0.5605,0.0,0.8774,0.804,-0.2578,-0.3665,1.797,-0.611,1.1171,-0.0213,1.84,0.6157,1.221,-0.3086,-0.344,0.0,0.0,-0.3394,0.0,-0.3901,1.175,-1.055,1.657,3.0,1.0,1.0,-1.395,1.53,1.113,5.92,0.0,0.0,0.0,0.0,2.08,-0.2062844,,,
-0.004177,1.623,0.367,0.08307,-0.02196,0.5713,-0.9595,1.0,1.0,-0.3032,-0.3428,-0.563,0.0,0.878,0.2126,-0.1558,-0.3083,1.508,-0.607,-0.1757,0.0749,1.117,1.84,0.6157,-0.2925,-0.3418,0.0,0.0,-0.334,0.0,-0.395,1.164,-1.049,-0.2119,2.0,1.0,1.0,-1.196,1.3,0.9497,0.0,1.0,0.0,0.0,0.0,-0.257,0.1676799999999999,,,
-0.01674,1.599,0.4077,0.1205,0.1182,0.5713,-0.951,1.0,1.0,-0.3362,-0.3745,-0.559,0.0,0.8784,-0.241,-0.0679,-0.2457,1.55,-0.604,0.3031,0.1633,-0.1757,1.117,1.84,-0.2773,-0.3384,0.0,0.0,-0.3289,0.0,-0.3865,1.158,-1.04,0.2595,2.0,1.0,1.0,-1.173,1.288,0.8433,1.0,0.0,0.0,0.0,0.0,0.3167,0.1119643999999999,,,
0.0008116,1.46,0.4226,0.1584,0.0448,0.5713,-0.943,1.0,1.0,-0.3462,-0.388,-0.558,0.0,0.879,0.3198,0.02034,-0.1776,1.44,-0.6006,0.10014,0.2114,0.3027,-0.1757,1.117,-0.2622,-0.3345,0.0,0.0,-0.322,0.0,-0.3838,1.216,-1.08,0.1339,2.0,1.5,1.5,-1.098,1.182,0.739,2.0,0.0,0.0,0.0,0.0,0.1617,0.003054,,,
0.02725,1.795,0.553,0.2017,0.366,0.5713,-0.935,1.0,1.0,-0.4412,-0.49,-0.5444,0.0,0.8794,0.877,0.1099,-0.1065,1.814,-0.5967,1.0471,0.2874,0.1,0.3027,-0.1757,-0.247,-0.33,0.0,0.0,-0.3142,0.0,-0.354,1.293,-1.123,1.268,2.0,1.5,1.5,-1.307,1.495,0.826,3.0,0.0,0.0,0.0,0.0,1.527,0.2510812,,,
0.01717,1.862,0.627,0.2484,0.1714,0.5713,-0.927,1.0,1.0,-0.494,-0.543,-0.5366,0.0,0.88,0.12396,0.2112,-0.02663,1.88,-0.5913,0.5797,0.3716,1.047,0.1,0.3027,-0.2317,-0.325,0.0,0.0,-0.3064,0.0,-0.3372,1.347,-1.153,0.7466,2.0,1.5,2.0,-1.361,1.569,0.7974,4.0,0.0,0.0,0.0,0.0,0.871,-0.1189532,,,
0.06146,1.274,0.533,0.2856,-0.1896,0.5713,-0.9185,1.0,1.0,-0.424,-0.478,-0.5464,0.0,0.8804,-0.18,0.3108,0.05417,1.292,-0.587,-0.7113,0.4124,0.579,1.047,0.1,-0.2244,-0.3208,0.0,0.0,-0.2998,0.0,-0.3584,1.033,-0.939,-0.8643,2.0,1.5,1.5,-0.9575,1.145,0.558,0.0,1.0,0.0,0.0,0.0,-0.99,0.339688,,,
0.002996,1.192,0.5684,0.3313,0.06854,0.7144,-0.9106,1.0,1.0,-0.454,-0.4995,-0.5425,0.0,0.881,-0.0689,0.4,0.1334,1.27,-0.5825,0.2910999999999999,0.443,-0.711,0.579,1.047,-0.2197,-0.317,0.0,0.0,-0.2927,0.0,-0.3499,1.367,-1.174,0.2766,2.0,1.5,2.0,-0.97,1.127,0.538,1.0,0.0,0.0,0.0,0.0,0.3242,0.104564,,,
-0.000645,1.022,0.589,0.3833,-0.008896,0.857,-0.9023,1.0,1.0,-0.4688,-0.514,-0.54,0.0,0.8813,0.01506,0.4766,0.2113,1.166,-0.578,0.1682999999999999,0.4707,0.2908,-0.711,0.579,-0.2137,-0.3123,0.0,0.0,-0.286,0.0,-0.345,1.574,-1.342,0.1438,2.0,1.5,2.0,-0.9463,1.055,0.4995,2.0,0.0,0.0,0.0,0.0,0.167,0.2573359999999999,,,
0.01697,1.056,0.6577,0.4346,0.165,0.857,-0.8945,1.0,1.0,-0.515,-0.565,-0.5327,0.0,0.882,0.23,0.5444,0.2917,1.226,-0.5728,0.5501,0.4968,0.1681,0.2908,-0.711,-0.207,-0.307,0.0,0.0,-0.2783,0.0,-0.3286,1.574,-1.335,0.652,2.0,1.5,2.0,-1.025,1.174,0.53,3.0,0.0,0.0,0.0,0.0,0.753,0.1679619999999999,,,
0.0852,0.835,0.6636,0.486,-0.0739,0.857,-0.886,1.0,1.0,-0.5137,-0.574,-0.5317,0.0,0.8823,0.6113,0.599,0.3735,1.021,-0.567,0.0471,0.5137,0.55,0.1681,0.2908,-0.2004,-0.3015,0.0,0.0,-0.271,0.0,-0.3271,1.574,-1.331,0.0647,2.0,1.5,2.0,-0.98,1.0205,0.4734,4.0,0.0,0.0,0.0,0.0,0.0735,-0.08645208,,,
0.02014,0.823,0.7134,0.5317,0.11945,0.857,-0.878,1.0,1.0,-0.5522,-0.6035,-0.5264,0.0,0.8823,0.005783,0.6465,0.4565,0.9863,-0.561,0.3991,0.526,0.047,0.55,0.1681,-0.1958,-0.2957,0.0,0.0,-0.2632,0.0,-0.3152,1.563,-1.299,0.4907,3.0,1.5,2.0,-1.031,1.054,0.4832,5.0,0.0,0.0,0.0,0.0,0.5566,-0.0276184799999999,,,
0.009445,0.86,0.773,0.575,0.1766,0.857,-0.87,1.0,1.0,-0.5923,-0.643,-0.5195,0.0,0.883,-0.2998,0.674,0.5312,1.065,-0.5566,0.4869,0.542,0.3987,0.047,0.55,-0.1915,-0.2898,0.0,0.0,-0.2551,0.0,-0.3005,1.562,-1.291,0.431,3.0,1.5,2.0,-1.156,1.065,0.506,5.92,0.0,0.0,0.0,0.0,0.4827,-0.1389852000000001,,,
-0.0791,0.633,0.7485,0.6055,-0.1244,0.857,-0.862,1.0,1.0,-0.5835,-0.6196,-0.522,0.0,0.8833,-0.4392,0.7144,0.6025,0.7666,-0.5513,-0.1597,0.5073,0.4866,0.3987,0.047,-0.1853,-0.283,0.0,0.0,-0.2462,0.0,-0.3054,1.317,-1.118,-0.12384,2.0,1.5,2.0,-1.026,0.8374,0.4265,0.0,1.0,0.0,0.0,0.0,-0.1367,-0.245336,,,
-0.11414,0.3013,0.681,0.6226,-0.3625,0.857,-0.8535,1.0,1.0,-0.5415,-0.5703,-0.529,0.0,0.884,-0.0757,0.739,0.656,0.4028,-0.548,-0.4819,0.4114,-0.1598,0.4866,0.3987,-0.1819,-0.2769,0.0,0.0,-0.2374,0.0,-0.3203,0.845,-0.788,-0.3435,1.0,1.0,1.5,-0.734,0.562,0.3015,0.0,2.0,0.0,0.0,0.0,-0.3809,-0.5244179999999998,,,
-0.0641,-0.1337,0.582,0.636,-1.081,0.7144,-0.8457,0.0,1.0,-0.469,-0.504,-0.539,0.0,0.8843,0.312,0.7466,0.689,-0.0622,-0.5454,-0.7455,0.2974,-0.4817,-0.1598,0.4866,-0.1816,-0.2717,0.0,0.0,-0.2302,0.0,-0.3428,0.5386,-0.5796,-0.808,0.0,0.5,1.5,-0.352,0.2108,0.10974,0.0,3.0,0.0,0.0,0.0,-0.9097,-0.1000119999999999,,,
-0.0624,-0.0664,0.6133,0.649,-1.239,0.7144,-0.8374,1.0,1.0,-0.4907,-0.5264,-0.5356,0.0,0.885,-0.11694,0.7207,0.6987,0.005917,-0.544,0.2626,0.1538,-0.745,-0.4817,-0.1598,-0.1824,-0.2666,0.0,0.0,-0.2228,0.0,-0.335,0.5327,-0.572,0.2445,0.0,1.0,1.5,-0.4092,0.2861,0.1426,1.0,0.0,0.0,0.0,0.0,0.282,0.0514239999999999,,,
-0.0991,-0.1126,0.6123,0.66,-3.184,0.5713,-0.829,0.0,1.0,-0.4932,-0.523,-0.535,0.0,0.8853,-0.2069,0.6763,0.6924,-0.0722,-0.5415,0.02375,0.02728,0.2622,-0.745,-0.4817,-0.1832,-0.2615,0.0,0.0,-0.2166,0.0,-0.3342,0.514,-0.558,0.02377,0.0,1.0,1.5,-0.4248,0.1973,0.11914,2.0,0.0,0.0,0.0,0.0,0.02718,-0.6906088000000002,,,
-0.1414,-0.4678,0.5146,0.6567,12.26,0.4285,-0.8213,0.0,1.0,-0.4265,-0.4473,-0.5454,0.0,0.8857,-0.0913,0.6045,0.6655,-0.443,-0.541,-0.7329,-0.11365,0.02365,0.2622,-0.745,-0.188,-0.257,0.0,0.0,-0.2119,0.0,-0.3562,-0.12177,-0.11395,-1.168,0.0,0.5,1.0,-0.0872,-0.1396,-0.2152,0.0,1.0,0.0,0.0,0.0,-1.335,0.794028,,,
-0.137,0.02574,0.644,0.657,-1.231,0.4285,-0.813,1.0,1.0,-0.518,-0.5425,-0.531,0.0,0.886,0.313,0.5244,0.6333,0.02538,-0.54,1.0641,-0.1779,-0.7324,0.02365,0.2622,-0.1909,-0.252,0.0,0.0,-0.208,0.0,-0.3252,0.04816,-0.2216,2.158,1.0,0.5,1.0,-0.4717,0.2966,0.2167,1.0,0.0,0.0,0.0,0.0,2.525,0.4419479999999998,,,
-0.2042,0.3171,0.7334,0.669,3.043,0.4285,-0.8047,1.0,1.0,-0.5835,-0.5986,-0.521,0.0,0.8867,-0.00946,0.4365,0.596,0.3132,-0.538,0.7261,-0.1886,1.064,-0.7324,0.02365,-0.1907,-0.2463,0.0,0.0,-0.2043,0.0,-0.3032,0.5576,-0.5757,0.959,2.0,0.5,1.5,-0.6787,0.5566,0.532,2.0,0.0,0.0,0.0,0.0,1.085,-0.5963121599999999,,,
-0.1156,-0.1846,0.6035,0.6724,-1.212,0.2856,-0.797,0.0,1.0,-0.4883,-0.515,-0.5347,0.0,0.887,0.4739,0.3325,0.5513,-0.1953,-0.537,-0.9613,-0.2369,0.7256,1.064,-0.7324,-0.1921,-0.2416,0.0,0.0,-0.2018,0.0,-0.333,0.0854,-0.2515,-1.351,1.0,0.0,1.0,-0.1941,0.1375,-0.03043,0.0,1.0,0.0,0.0,0.0,-1.495,-0.4794828,,,
-0.03723,-0.657,0.471,0.6655,5.027,0.1428,-0.7886,0.0,1.0,-0.3857,-0.4224,-0.5483,0.0,0.8877,-0.1744,0.2103,0.489,-0.667,-0.5376,-1.0149,-0.2676,-0.9614,0.7256,1.064,-0.1945,-0.2379,0.0,0.0,-0.2008,0.0,-0.3633,-0.2678,-0.012794,-1.07,0.0,-0.5,0.5,0.2683,-0.2898,-0.7114,0.0,2.0,0.0,1.0,-6.152,-1.221,0.3453208000000001,,,
-0.11945,-0.3506,0.5444,0.6587,-0.4353,0.0,-0.7803,0.0,1.0,-0.4465,-0.4714,-0.5405,0.0,0.8877,-0.555,0.08405,0.4148,-0.3748,-0.538,0.6095,-0.3115,-1.015,-0.9614,0.7256,-0.1958,-0.233,0.0,0.0,-0.1992,0.0,-0.3457,-0.2537,-0.01525,0.502,1.0,0.0,0.5,0.0368,0.00743,-0.4082,1.0,0.0,0.0,0.0,0.0,0.592,-0.0230663999999999,,,
-0.2009,-0.4045,0.5225,0.652,0.3474,-0.1428,-0.7725,0.0,1.0,-0.437,-0.4482,-0.5425,0.0,0.888,-0.461,-0.04233,0.3281,-0.411,-0.539,-0.1674,-0.3142,0.6094,-1.015,-0.9614,-0.1976,-0.2279,0.0,0.0,-0.1991,0.0,-0.3506,-0.3098,0.0228,-0.183,0.0,0.0,0.0,0.1007,-0.0839,-0.5425,0.0,1.0,0.0,0.0,0.0,-0.2117,0.3461640000000001,,,
-0.263,-0.1926,0.57,0.6445,-0.5674,-0.2856,-0.764,0.0,1.0,-0.4763,-0.4785,-0.5376,0.0,0.8887,-0.53,-0.1516,0.2399,-0.1982,-0.54,0.3848999999999999,-0.314,-0.1674,0.6094,-1.015,-0.1957,-0.223,0.0,0.0,-0.1992,0.0,-0.339,-0.3171,0.0329,0.2332,0.0,0.5,0.0,-0.0568,0.065,-0.2499,1.0,0.0,0.0,0.0,0.0,0.271,0.5800799999999999,,,
-0.267,0.1531,0.6543,0.6387,-3.186,-0.2856,-0.756,1.0,1.0,-0.5356,-0.5386,-0.5283,0.0,0.889,0.01125,-0.2554,0.1475,0.1458,-0.5405,0.6656,-0.3237,0.3845,-0.1674,0.6094,-0.1951,-0.2175,0.0,0.0,-0.1976,0.0,-0.3196,-0.2676,0.00627,0.5947,1.0,0.5,0.0,-0.2764,0.341,0.2186,2.0,0.0,0.0,0.0,0.0,0.683,0.0127997199999999,,,
-0.1721,-0.10944,0.573,0.628,-1.063,-0.4285,-0.748,0.0,1.0,-0.4714,-0.4885,-0.5366,0.0,0.8896,0.453,-0.3223,0.04907,-0.1398,-0.541,-0.6054,-0.3303,0.665,0.3845,-0.1674,-0.1991,-0.2135,0.0,0.0,-0.1971,0.0,-0.338,-0.3738,0.074,-0.75,1.0,0.0,0.0,0.00921,0.05893,-0.2893,0.0,1.0,0.0,0.0,0.0,-0.8438,-0.360916,,,
-0.1423,-0.3367,0.4993,0.615,8.766,-0.5713,-0.7397,0.0,1.0,-0.4153,-0.4355,-0.5444,0.0,0.89,0.02744,-0.3706,-0.05316,-0.3752,-0.542,-0.5459,-0.323,-0.605,0.665,0.3845,-0.2015,-0.2103,0.0,0.0,-0.1975,0.0,-0.354,-0.3843,0.07434,-0.6655,0.0,0.0,0.0,0.2324,-0.1929,-0.7026,0.0,2.0,0.0,0.0,0.0,-0.763,0.0506815999999999,,,
-0.2102,-0.248,0.5166,0.611,-0.2375,-0.5713,-0.732,0.0,1.0,-0.4336,-0.443,-0.542,0.0,0.8906,-0.432,-0.3958,-0.1517,-0.273,-0.5425,0.1691,-0.3171,-0.5454,-0.605,0.665,-0.2,-0.2084,0.0,0.0,-0.1984,0.0,-0.349,-0.153,-0.0886,0.221,1.0,0.0,0.5,0.1498,-0.11774,-0.535,1.0,0.0,0.0,0.0,0.0,0.2578,0.0753467999999999,,,
-0.2433,-0.2642,0.503,0.6025,0.2358,-0.7144,-0.7236,0.0,1.0,-0.4263,-0.43,-0.543,0.0,0.891,-0.5513,-0.4016,-0.2423,-0.283,-0.543,-0.0718999999999999,-0.3113,0.169,-0.5454,-0.605,-0.2006,-0.2073,0.0,0.0,-0.1993,0.0,-0.3513,-0.2474,-0.02213,-0.089,0.0,-0.5,0.0,0.179,-0.1423,-0.5493,0.0,1.0,0.0,0.0,0.0,-0.10333,0.0788352,,,
-0.1953,-0.266,0.4922,0.5938,0.1445,-0.7144,-0.7153,0.0,1.0,-0.4143,-0.4258,-0.5435,0.0,0.8916,0.389,-0.3896,-0.3152,-0.2942,-0.5435,-0.0480299999999999,-0.313,-0.072,0.169,-0.5454,-0.2008,-0.206,0.0,0.0,-0.2009,0.0,-0.3525,-0.2668,-0.008896,-0.0629,-1.0,-0.5,-0.5,0.1587,-0.1951,-0.54,0.0,2.0,0.0,0.0,0.0,-0.0732,-0.06638,,,
-0.2197,-0.3677,0.459,0.5884,0.7207,-0.7144,-0.7075,0.0,1.0,-0.3916,-0.3982,-0.5464,0.0,0.892,-0.5454,-0.3787,-0.378,-0.3975,-0.5435,-0.2168,-0.3325,-0.04813,-0.072,0.169,-0.2031,-0.2053,0.0,0.0,-0.2034,0.0,-0.359,-0.1229,-0.1144,-0.1678,-1.0,-0.5,-0.5,0.1985,-0.3252,-0.6675,0.0,3.0,0.0,0.0,0.0,-0.1956,-0.2878332,,,
-0.2177,-0.6,0.3809,0.572,1.001,-0.857,-0.699,0.0,1.0,-0.3313,-0.3364,-0.5547,0.0,0.8926,0.556,-0.357,-0.408,-0.6226,-0.5454,-0.6069,-0.3315,-0.2168,-0.04813,-0.072,-0.2098,-0.2051,0.0,0.0,-0.2063,0.0,-0.3767,-0.6475,0.2522,-0.78,-1.0,-1.0,-1.0,0.4277,-0.578,-1.051,0.0,4.0,0.0,0.0,0.0,-0.9146,0.1524215999999999,,,
-0.259,-0.472,0.3882,0.5483,-0.1307,-1.0,-0.691,0.0,1.0,-0.3403,-0.3389,-0.553,0.0,0.893,-0.379,-0.3286,-0.41,-0.4941,-0.548,0.09904,-0.3237,-0.6064,-0.2168,-0.04813,-0.214,-0.2057,0.0,0.0,-0.2085,0.0,-0.3738,-0.9307,0.4556,0.11127,-1.0,-0.5,-1.0,0.3047,-0.548,-0.8765,1.0,0.0,0.0,0.0,0.0,0.133,0.0373899999999999,,,
-0.3508,-0.2269,0.4365,0.536,-0.5366,-1.0,-0.683,0.0,1.0,-0.385,-0.3699,-0.5474,0.0,0.8936,-0.3909,-0.307,-0.3933,-0.2355,-0.549,0.4438999999999999,-0.3186,0.0989,-0.6064,-0.2168,-0.2148,-0.2063,0.0,0.0,-0.2092,0.0,-0.361,-0.463,0.1273,0.3625,0.0,-0.5,-0.5,0.0672,-0.3633,-0.507,2.0,0.0,0.0,0.0,0.0,0.4321,0.5349107999999999,,,
-0.4363,0.0985,0.5195,0.537,-2.254,-0.857,-0.675,1.0,1.0,-0.4539,-0.4265,-0.5376,0.0,0.8936,-0.41,-0.3005,-0.3774,0.10004,-0.549,0.7296,-0.3206,0.4436,0.0989,-0.6064,-0.2137,-0.2058,0.0,0.0,-0.2095,0.0,-0.3398,0.2272,-0.3557,0.4873,1.0,-0.5,0.0,-0.2222,-0.04626,0.0523,3.0,0.0,0.0,0.0,0.0,0.5728,0.3774816000000001,,,
-0.4536,0.3423,0.5786,0.536,1.582,-0.7144,-0.6665,1.0,1.0,-0.4978,-0.469,-0.5303,0.0,0.894,-0.3945,-0.3076,-0.3655,0.348,-0.5483,0.5471,-0.3127,0.7295,0.4436,0.0989,-0.2106,-0.2051,0.0,0.0,-0.209,0.0,-0.3237,0.2103,-0.3367,0.4783,2.0,0.0,0.0,-0.3962,0.1757,0.448,4.0,0.0,0.0,0.0,0.0,0.55,0.2601944,,,
-0.442,0.5483,0.634,0.54,0.653,-0.5713,-0.6587,1.0,1.0,-0.535,-0.51,-0.5234,0.0,0.8945,-0.1189,-0.32,-0.3594,0.562,-0.547,0.5141,-0.2888,0.547,0.7295,0.4436,-0.2053,-0.2041,0.0,0.0,-0.207,0.0,-0.308,0.458,-0.507,0.507,3.0,0.5,0.5,-0.5493,0.3489,0.7104,5.0,0.0,0.0,0.0,0.0,0.5728,0.1483720000000001,,,
-0.37,0.2286,0.5464,0.536,-0.4092,-0.4285,-0.6504,1.0,1.0,-0.468,-0.4521,-0.5317,0.0,0.895,0.0794,-0.336,-0.359,0.2164,-0.546,-0.5979,-0.2898,0.514,0.547,0.7295,-0.2015,-0.204,0.0,0.0,-0.2072,0.0,-0.3264,0.0645,-0.2339,-1.01,2.0,0.0,0.0,-0.2666,0.04596,0.2832,0.0,1.0,0.0,0.0,0.0,-1.123,-0.3138531999999999,,,
-0.3677,0.096,0.4993,0.525,-0.3237,-0.4285,-0.642,1.0,1.0,-0.4333,-0.417,-0.5356,0.0,0.8955,-0.08636,-0.3518,-0.3647,0.0652,-0.546,-0.3049,-0.3228,-0.598,0.514,0.547,-0.1968,-0.2042,0.0,0.0,-0.2085,0.0,-0.3357,-0.311,0.03004,-0.2974,1.0,0.0,-0.5,-0.1367,-0.1236,0.1333,0.0,2.0,0.0,0.0,0.0,-0.3372,-0.0197523999999999,,,
-0.3965,-0.1349,0.4287,0.515,-1.258,-0.4285,-0.6343,0.0,1.0,-0.3828,-0.3599,-0.5425,0.0,0.896,-0.189,-0.3687,-0.375,-0.1487,-0.5464,-0.4969,-0.3257,-0.3047,-0.598,0.514,-0.194,-0.2052,0.0,0.0,-0.2092,0.0,-0.3503,-0.2676,-0.007378,-0.7393,0.0,0.0,-0.5,0.07153,-0.3474,-0.2372,0.0,3.0,0.0,0.0,0.0,-0.846,0.1583464,,,
-0.442,-0.08466,0.4373,0.512,-0.8687,-0.4285,-0.626,0.0,1.0,-0.3928,-0.3628,-0.541,0.0,0.8965,-0.494,-0.3845,-0.3865,-0.08636,-0.547,0.12034,-0.3328,-0.497,-0.3047,-0.598,-0.1924,-0.2065,0.0,0.0,-0.2085,0.0,-0.347,0.009995,-0.204,0.1406,0.0,0.5,0.0,0.01236,-0.2903,-0.1659,1.0,0.0,0.0,0.0,0.0,0.1635,0.2301851999999999,,,
-0.4597,-0.04367,0.4421,0.5083,-12.95,-0.2856,-0.6177,1.0,1.0,-0.398,-0.3652,-0.5396,0.0,0.897,-0.616,-0.4004,-0.4016,-0.04938,-0.5464,0.0959,-0.3328,0.1202,-0.497,-0.3047,-0.1929,-0.2076,0.0,0.0,-0.2085,0.0,-0.344,-0.02028,-0.1812,0.1444,0.0,1.0,0.0,-0.028,-0.2451,-0.0901,2.0,0.0,0.0,0.0,0.0,0.1672,-0.242598,,,
-0.3687,-0.4438,0.3289,0.4973,-11.234,-0.2856,-0.61,0.0,1.0,-0.302,-0.2812,-0.5513,0.0,0.8975,0.11066,-0.414,-0.413,-0.444,-0.547,-0.8599,-0.3206,0.09576,0.1202,-0.497,-0.1982,-0.209,0.0,0.0,-0.2092,0.0,-0.3694,-0.332,0.03015,-1.532,0.0,0.5,0.0,0.3662,-0.5693,-0.733,0.0,1.0,0.0,0.0,0.0,-1.769,0.0311664,,,
-0.4426,-0.4243,0.3218,0.487,0.07544,-0.2856,-0.6016,0.0,1.0,-0.3022,-0.2693,-0.5513,0.0,0.898,-0.5063,-0.4277,-0.4224,-0.4167,-0.548,0.0001,-0.3105,-0.8594,0.09576,0.1202,-0.2054,-0.2097,0.0,0.0,-0.2104,0.0,-0.3694,-0.3154,0.01845,0.0,0.0,0.0,0.0,0.3228,-0.5464,-0.672,0.0,0.0,0.0,0.0,0.0,0.0,-0.5431259999999998,,,
-0.3503,-0.8174,0.2074,0.4722,1.357,-0.2856,-0.5933,0.0,1.0,-0.1996,-0.1787,-0.5635,0.0,0.8984,-0.2942,-0.4316,-0.4238,-0.7617,-0.5503,-0.9079,-0.2856,0.0,-0.8594,0.09576,-0.2135,-0.2114,0.0,0.0,-0.2136,0.0,-0.3955,-0.5225,0.1548,-2.146,0.0,-0.5,0.0,0.6904,-0.896,-1.143,0.0,1.0,0.0,1.0,-4.02,-2.547,0.0198188,,,
-0.384,-0.1274,0.3801,0.4736,-0.868,-0.2856,-0.5854,0.0,1.0,-0.344,-0.322,-0.5435,0.0,0.899,0.298,-0.4268,-0.428,-0.05075,-0.5503,1.5411,-0.2893,-0.9077,0.0,-0.8594,-0.2156,-0.2119,0.0,0.0,-0.2142,0.0,-0.3525,0.1519,-0.3076,2.715,0.0,-0.5,0.5,0.0808,-0.11273,-0.1274,1.0,0.0,0.0,0.0,0.0,3.314,-0.1218239999999999,,,
-0.3787,-0.1853,0.3657,0.4746,1.471,-0.2856,-0.577,0.0,1.0,-0.3323,-0.3108,-0.5444,0.0,0.8994,-0.3662,-0.422,-0.4353,-0.11566,-0.5493,-0.0722,-0.2893,1.54,-0.9077,0.0,-0.2161,-0.2119,0.0,0.0,-0.2144,0.0,-0.3547,0.10175,-0.273,-0.0989,-1.0,-1.0,0.0,0.09296,-0.1636,-0.1764,0.0,1.0,0.0,0.0,0.0,-0.1152,-0.3719932,,,
-0.3013,-0.4329,0.2961,0.4678,2.678,-0.2856,-0.5693,0.0,1.0,-0.2703,-0.2595,-0.552,0.0,0.8994,0.328,-0.419,-0.4421,-0.364,-0.55,-0.5311,-0.2834,-0.07227,1.54,-0.9077,-0.2188,-0.2131,0.0,0.0,-0.2152,0.0,-0.37,-0.1877,-0.07306,-0.6865,-1.0,-1.0,-0.5,0.2988,-0.3967,-0.5083,0.0,2.0,0.0,0.0,0.0,-0.802,0.229276,,,
-0.3215,-0.3098,0.315,0.457,-0.2402,-0.4285,-0.561,0.0,1.0,-0.287,-0.2737,-0.5493,0.0,0.9,-0.4795,-0.4124,-0.4473,-0.2537,-0.5503,0.1966,-0.2812,-0.5312,-0.07227,1.54,-0.2212,-0.2148,0.0,0.0,-0.2157,0.0,-0.3645,-0.3652,0.0561,0.2072,0.0,-0.5,-0.5,0.1792,-0.3108,-0.3608,1.0,0.0,0.0,0.0,0.0,0.246,0.7044672000000002,,,
-0.3003,0.1761,0.4263,0.4492,-2.139,-0.4285,-0.5527,1.0,1.0,-0.373,-0.366,-0.536,0.0,0.9004,-0.562,-0.4058,-0.4536,0.2153,-0.5503,0.9767,-0.276,0.1964,-0.5312,-0.07227,-0.2173,-0.215,0.0,0.0,-0.2151,0.0,-0.3362,-0.2258,-0.03102,0.9473,1.0,0.0,-0.5,-0.1951,0.1232,0.2588,2.0,0.0,1.0,0.0,4.652,1.117,0.2690199999999999,,,
-0.3027,-0.03067,0.3567,0.4324,-0.725,-0.4285,-0.545,1.0,1.0,-0.319,-0.3096,-0.5435,0.0,0.901,-0.369,-0.3984,-0.4614,-0.01604,-0.551,-0.5214,-0.2766,0.976,0.1964,-0.5312,-0.2152,-0.2147,0.0,0.0,-0.2148,0.0,-0.3518,-0.547,0.1912,-0.4265,0.0,-0.5,-1.0,0.0334,-0.1245,-0.09753,0.0,1.0,0.0,0.0,0.0,-0.4885,0.173064,,,
-0.31,0.1097,0.3806,0.4233,3.096,-0.4285,-0.5366,1.0,1.0,-0.3386,-0.3286,-0.54,0.0,0.9014,0.1353,-0.3936,-0.4585,0.1415,-0.552,0.2408999999999999,-0.2874,-0.521,0.976,0.1964,-0.2092,-0.2146,0.0,0.0,-0.2135,0.0,-0.3447,-0.295,0.01457,0.3113,1.0,-0.5,-0.5,-0.06305,-0.03253,0.0305,1.0,0.0,0.0,0.0,0.0,0.3625,-0.8149679999999998,,,
-0.2009,-0.419,0.2336,0.4072,-2.824,-0.5713,-0.5283,0.0,1.0,-0.2101,-0.2141,-0.556,0.0,0.902,0.718,-0.3892,-0.4475,-0.402,-0.5527,-1.1709,-0.2817,0.2407,-0.521,0.976,-0.2124,-0.2155,0.0,0.0,-0.2137,0.0,-0.3794,-0.518,0.1588,-1.88,1.0,-0.5,-0.5,0.4666,-0.508,-0.757,0.0,1.0,0.0,0.0,0.0,-2.172,-0.5522420000000003,,,
-0.2054,-0.617,0.1696,0.3923,0.7617,-0.5713,-0.5205,0.0,1.0,-0.1552,-0.1567,-0.5625,0.0,0.9023,-0.581,-0.3755,-0.4314,-0.602,-0.554,-0.5209,-0.2515,-1.171,0.2407,-0.521,-0.217,-0.217,0.0,0.0,-0.2151,0.0,-0.394,-0.518,0.1522,-0.6855,0.0,-0.5,-0.5,0.671,-0.673,-0.972,0.0,2.0,0.0,1.0,-6.145,-0.8223,0.1123919999999999,,,
-0.2092,-0.4731,0.1893,0.3777,-0.1542,-0.5713,-0.512,0.0,1.0,-0.1727,-0.1742,-0.56,0.0,0.903,-0.3962,-0.3582,-0.4119,-0.4578,-0.5557,0.2019,-0.235,-0.521,-1.171,0.2407,-0.2191,-0.219,0.0,0.0,-0.2172,0.0,-0.3884,-0.494,0.1375,0.3066,0.0,0.0,-0.5,0.5405,-0.5254,-0.7715,1.0,0.0,0.0,0.0,0.0,0.3738,-0.076068,,,
-0.1799,0.013565,0.2974,0.369,-1.194,-0.5713,-0.504,1.0,1.0,-0.2615,-0.2705,-0.5474,0.0,0.9033,-0.2074,-0.3484,-0.3938,0.03017,-0.556,0.9776,-0.2524,0.2017,-0.521,-1.171,-0.2188,-0.2196,0.0,0.0,-0.2186,0.0,-0.3608,-0.2411,-0.031,1.004,1.0,0.0,-0.5,0.11163,-0.07587,-0.1929,2.0,0.0,1.0,0.0,4.863,1.216,-0.0329768,,,
-0.2262,-0.1522,0.252,0.3645,-1.734,-0.5713,-0.4958,0.0,1.0,-0.2275,-0.228,-0.5522,0.0,0.904,-0.567,-0.3442,-0.381,-0.1288,-0.5566,-0.3405,-0.297,0.977,0.2017,-0.521,-0.2228,-0.2201,0.0,0.0,-0.2213,0.0,-0.3708,-0.10754,-0.1306,-0.2322,0.0,0.0,-0.5,0.2688,-0.2004,-0.3677,0.0,1.0,0.0,0.0,0.0,-0.273,0.1725284,,,
-0.2115,-0.07275,0.2676,0.3613,-1.063,-0.4285,-0.4878,1.0,1.0,-0.2393,-0.2424,-0.55,0.0,0.9043,-0.2325,-0.3438,-0.376,-0.04254,-0.5566,0.1722,-0.322,-0.3403,0.977,0.2017,-0.2245,-0.2206,0.0,0.0,-0.2229,0.0,-0.3657,-0.0626,-0.1605,0.2157,1.0,0.5,0.0,0.1508,-0.1565,-0.2094,1.0,0.0,0.0,0.0,0.0,0.2563,0.3207328,,,
-0.2651,0.04648,0.302,0.3677,15.05,-0.2856,-0.4797,1.0,1.0,-0.272,-0.2676,-0.5454,0.0,0.905,-0.3042,-0.3442,-0.3804,0.05896,-0.5547,0.3424,-0.3376,0.172,-0.3403,0.977,-0.2258,-0.2207,0.0,0.0,-0.2238,0.0,-0.356,0.2883,-0.4065,0.4685,2.0,0.5,0.5,-0.04688,-0.07324,0.0905,2.0,0.0,0.0,0.0,0.0,0.5537,0.581124,,,
-0.3164,0.4927,0.4111,0.3691,3.863,-0.1428,-0.4714,1.0,1.0,-0.3628,-0.3525,-0.532,0.0,0.9053,0.4946,-0.3503,-0.387,0.4812,-0.5537,0.9681,-0.314,0.3423,0.172,-0.3403,-0.2197,-0.22,0.0,0.0,-0.2228,0.0,-0.3276,0.1616,-0.3037,1.621,2.0,0.5,0.5,-0.3687,0.3518,0.7666,3.0,0.0,1.0,0.0,5.418,1.8955,-0.133748,,,
-0.2969,0.261,0.3528,0.368,-0.2979,0.0,-0.4634,1.0,1.0,-0.3154,-0.3071,-0.538,0.0,0.9053,-0.3494,-0.3638,-0.396,0.258,-0.553,-0.4225,-0.309,0.9673,0.3423,0.172,-0.2135,-0.2195,0.0,0.0,-0.2225,0.0,-0.3403,0.04483,-0.2261,-0.471,1.0,0.5,0.5,-0.1638,0.1285,0.4236,0.0,1.0,0.0,0.0,0.0,-0.5347,-0.0221635999999999,,,
-0.3625,0.5215,0.4238,0.3762,0.946,0.1428,-0.4553,1.0,1.0,-0.3762,-0.359,-0.5293,0.0,0.906,-0.2499,-0.374,-0.4087,0.5093,-0.5513,0.6426999999999999,-0.2834,-0.4226,0.9673,0.3423,-0.2056,-0.2179,0.0,0.0,-0.2217,0.0,-0.3213,0.3787,-0.4558,1.111,2.0,0.5,1.0,-0.3672,0.3835,0.7905,1.0,0.0,0.0,0.0,0.0,1.278,-0.09701424,,,
-0.3513,0.3364,0.3835,0.381,-0.1943,0.2856,-0.4473,1.0,1.0,-0.344,-0.3274,-0.533,0.0,0.9062,-0.5073,-0.3765,-0.4194,0.3315,-0.5503,-0.2799,-0.2688,0.642,-0.4226,0.9673,-0.2019,-0.2167,0.0,0.0,-0.22,0.0,-0.3298,0.2373,-0.3586,-0.2607,1.0,0.5,0.5,-0.246,0.1866,0.519,0.0,1.0,0.0,0.0,0.0,-0.294,-0.3823123999999998,,,
-0.3533,0.0986,0.3179,0.3743,-0.475,0.2856,-0.439,1.0,1.0,-0.292,-0.2734,-0.54,0.0,0.9067,-0.1351,-0.3806,-0.4282,0.098,-0.551,-0.494,-0.2678,-0.2798,0.642,-0.4226,-0.1989,-0.2163,0.0,0.0,-0.219,0.0,-0.3447,-0.1809,-0.06683,-0.4773,0.0,0.5,0.0,-0.02034,-0.05048,0.1661,0.0,2.0,0.0,0.0,0.0,-0.543,-0.0382487999999999,,,
-0.3562,0.2654,0.359,0.3755,1.124,0.2856,-0.431,1.0,1.0,-0.3252,-0.3071,-0.5347,0.0,0.907,-0.2373,-0.379,-0.429,0.2778,-0.551,0.3827,-0.2876,-0.4941,-0.2798,0.642,-0.1951,-0.2161,0.0,0.0,-0.2163,0.0,-0.3333,0.09644,-0.2598,0.3384,0.0,0.5,0.5,-0.1554,0.1035,0.3757,1.0,0.0,0.0,0.0,0.0,0.3909,-0.1185759999999999,,,
-0.369,0.1749,0.3342,0.3733,-0.1453,0.2856,-0.4229,1.0,1.0,-0.3064,-0.2856,-0.537,0.0,0.9077,-0.11273,-0.371,-0.4292,0.1877,-0.5503,-0.1653,-0.283,0.3823,-0.4941,-0.2798,-0.193,-0.2164,0.0,0.0,-0.2158,0.0,-0.3384,-0.02774,-0.1733,-0.1398,0.0,0.0,0.0,-0.1176,-0.0422,0.2385,0.0,1.0,0.0,0.0,0.0,-0.1595,-0.6393819999999998,,,
-0.3455,-0.2573,0.2318,0.3757,-1.669,0.2856,-0.4146,0.0,1.0,-0.22,-0.2004,-0.5483,0.0,0.908,0.561,-0.3594,-0.4304,-0.2415,-0.55,-0.8309,-0.2815,-0.1653,0.3823,-0.4941,-0.1971,-0.218,0.0,0.0,-0.2162,0.0,-0.363,0.08466,-0.2644,-0.9653,-1.0,0.0,0.0,0.251,-0.39,-0.3184,0.0,2.0,0.0,0.0,0.0,-1.108,0.1990095999999999,,,
-0.3535,-0.1737,0.2588,0.383,-0.3745,0.2856,-0.4065,0.0,1.0,-0.2434,-0.2234,-0.545,0.0,0.9087,-0.4263,-0.343,-0.4265,-0.1593,-0.5483,0.2681,-0.2864,-0.8306,-0.1653,0.3823,-0.1989,-0.2189,0.0,0.0,-0.2156,0.0,-0.3552,0.3499,-0.4502,0.269,0.0,0.0,0.5,0.1273,-0.2532,-0.1586,1.0,0.0,0.0,0.0,0.0,0.317,-0.1111544,,,
-0.2817,-0.518,0.1755,0.3838,4.12,0.2856,-0.3984,0.0,1.0,-0.1665,-0.1559,-0.554,0.0,0.909,0.15,-0.3281,-0.4163,-0.5312,-0.5474,-0.6769000000000001,-0.28,0.268,-0.8306,-0.1653,-0.2052,-0.22,0.0,0.0,-0.216,0.0,-0.375,0.0484,-0.2438,-0.6895,0.0,-0.5,0.0,0.3853,-0.549,-0.595,0.0,1.0,0.0,0.0,0.0,-0.805,-0.1108543999999999,,,
-0.3071,-0.524,0.1658,0.3757,0.147,0.1428,-0.3901,0.0,1.0,-0.16,-0.1449,-0.5547,0.0,0.9097,-0.0343,-0.3286,-0.408,-0.547,-0.5474,-0.0493,-0.2778,-0.677,0.268,-0.8306,-0.2107,-0.2207,0.0,0.0,-0.2177,0.0,-0.3765,-0.2842,-0.006985,-0.05023,-1.0,-1.0,-0.5,0.3584,-0.551,-0.578,0.0,2.0,0.0,0.0,0.0,-0.05997,-0.052536,,,
-0.1962,-0.857,0.07355,0.3645,0.938,0.1428,-0.382,0.0,1.0,-0.068,-0.06836,-0.5645,0.0,0.91,0.4414,-0.343,-0.4014,-0.888,-0.548,-0.7669,-0.248,-0.04938,-0.677,0.268,-0.2169,-0.2222,0.0,0.0,-0.2196,0.0,-0.3982,-0.4097,0.0729,-0.65,-1.0,-1.0,-0.5,0.679,-0.8184,-0.9395,0.0,3.0,0.0,0.0,0.0,-0.777,-0.1212572,,,
0.07367,-1.096,-0.00082,0.3474,0.4622,0.0,-0.374,0.0,1.0,0.02377,-0.01833,-0.5728,0.0,0.9106,2.848,-0.375,-0.399,-1.13,-0.5493,-0.6339,-0.2019,-0.7666,-0.04938,-0.677,-0.2266,-0.2241,0.0,0.0,-0.2225,0.0,-0.4158,-0.6323,0.224,-0.58,-1.0,-1.5,-1.0,0.906,-1.02,-1.095,0.0,4.0,0.0,0.0,0.0,-0.711,0.8319799999999998,,,
0.04617,-0.608,0.10236,0.334,-0.3804,-0.1428,-0.366,0.0,1.0,-0.075,-0.11566,-0.5605,0.0,0.911,-0.0802,-0.3997,-0.3982,-0.66,-0.5503,0.9825,-0.1954,-0.6333,-0.7666,-0.04938,-0.2325,-0.2247,0.0,0.0,-0.2229,0.0,-0.389,-0.423,0.0864,0.8047,-1.0,-1.0,-1.0,0.4202,-0.519,-0.5923,1.0,0.0,0.0,0.0,0.0,1.006,-0.0420936,,,
0.1103,-1.147,-0.05728,0.3025,1.229,-0.2856,-0.3577,0.0,1.0,0.08203,0.03568,-0.578,0.0,0.911,0.6313,-0.399,-0.3992,-1.188,-0.5537,-1.3799,-0.1504,0.982,-0.6333,-0.7666,-0.2402,-0.2263,0.0,0.0,-0.2244,0.0,-0.4277,-1.041,0.5107,-1.427,-1.0,-1.0,-1.5,1.029,-1.044,-1.135,0.0,1.0,0.0,0.0,0.0,-1.7295,0.1984252,,,
0.11456,-0.9365,-0.03214,0.277,-0.0784,-0.4285,-0.3496,0.0,1.0,0.0575,0.00969,-0.575,0.0,0.9116,-0.03757,-0.3672,-0.3967,-0.977,-0.556,0.2623,-0.11755,-1.379,0.982,-0.6333,-0.2479,-0.227,0.0,0.0,-0.2257,0.0,-0.4207,-0.8735,0.394,0.2231,0.0,-1.0,-1.0,0.8105,-0.861,-0.934,1.0,0.0,0.0,0.0,0.0,0.2827,-0.5964828000000002,,,
0.2227,-1.285,-0.1517,0.2375,0.569,-0.5713,-0.3416,0.0,1.0,0.1876,0.1261,-0.5884,0.0,0.912,-0.1649,-0.2578,-0.361,-1.239,-0.563,-1.0659,-0.0419,0.262,-1.379,0.982,-0.2566,-0.2297,0.0,0.0,-0.2294,0.0,-0.4497,-1.286,0.676,-1.678,0.0,-1.0,-1.5,1.249,-1.226,-1.133,0.0,1.0,0.0,0.0,0.0,-2.11,-0.2435959999999999,,,
0.2177,-1.091,-0.1412,0.2014,-0.03937,-0.7144,-0.3333,0.0,1.0,0.1763,0.1152,-0.587,0.0,0.9126,-0.506,-0.1497,-0.3083,-1.047,-0.567,0.1346,0.01354,-1.065,0.262,-1.379,-0.265,-0.2323,0.0,0.0,-0.2325,0.0,-0.446,-1.198,0.6143,0.1433,1.0,-0.5,-1.0,1.066,-1.077,-0.9536,1.0,0.0,0.0,0.0,0.0,0.1863,0.7951719999999998,,,
0.1628,-0.443,-0.0162,0.1776,-0.5522,-0.857,-0.3252,0.0,1.0,0.0458,-0.01033,-0.572,0.0,0.913,-0.1445,-0.05807,-0.255,-0.4094,-0.569,1.2321,0.02701,0.1344,-1.065,0.262,-0.2666,-0.2335,0.0,0.0,-0.2345,0.0,-0.4136,-0.703,0.2754,1.014,1.0,-0.5,-0.5,0.507,-0.4163,-0.54,2.0,0.0,0.0,0.0,0.0,1.3125,0.184728,,,
0.1602,-0.3445,-0.02022,0.1514,-0.1581,-1.0,-0.3171,0.0,1.0,0.0495,-0.006092,-0.572,0.0,0.9136,-0.177,0.02156,-0.2002,-0.3345,-0.571,0.0001,0.03482,1.231,0.1344,-1.065,-0.2664,-0.235,0.0,0.0,-0.2369,0.0,-0.4136,-0.8364,0.3706,0.0,1.0,-0.5,-1.0,0.4656,-0.3906,-0.5024,0.0,0.0,0.0,0.0,0.0,0.0,0.914276,,,
0.1504,0.4197,0.1383,0.1373,-2.97,-1.0,-0.3088,1.0,1.0,-0.099,-0.1576,-0.553,0.0,0.914,0.2708,0.08276,-0.1522,0.416,-0.572,1.4961,0.0094,0.0,1.231,0.1344,-0.2644,-0.236,0.0,0.0,-0.2388,0.0,-0.3728,-0.371,0.05658,1.705,1.0,0.0,-0.5,-0.1256,0.2742,-0.015045,1.0,0.0,0.0,0.0,0.0,2.125,0.13746,,,
0.09827,0.4556,0.1393,0.1309,0.21,-0.857,-0.3008,1.0,1.0,-0.1041,-0.1543,-0.5522,0.0,0.9146,-0.04083,0.124,-0.1121,0.4604,-0.5723,0.0494,-0.006435,1.495,0.0,1.231,-0.2578,-0.2366,0.0,0.0,-0.2401,0.0,-0.3713,-0.1686,-0.08734,0.05725,2.0,0.5,0.0,-0.1283,0.2515,0.02318,2.0,0.0,0.0,0.0,0.0,0.0682,0.07992652,,,
0.0999,0.7646,0.2051,0.1273,0.749,-0.7144,-0.2927,1.0,1.0,-0.1615,-0.2137,-0.5444,0.0,0.915,-0.458,0.1312,-0.088,0.7046,-0.571,0.6151,-0.0368,0.04926,1.495,0.0,-0.25,-0.2368,0.0,0.0,-0.2415,0.0,-0.3535,-0.08264,-0.141,1.181,2.0,1.0,0.0,-0.344,0.4614,0.2744,3.0,0.0,0.0,0.0,0.0,1.404,-0.623906,,,
0.1624,0.2416,0.07947,0.1203,-0.5273,-0.5713,-0.2847,1.0,1.0,-0.04474,-0.10364,-0.558,0.0,0.9155,0.1956,0.11237,-0.07196,0.1692,-0.5703,-1.0379,-0.07056,0.6147,0.04926,1.495,-0.2423,-0.2369,0.0,0.0,-0.2437,0.0,-0.384,-0.1687,-0.0929,-1.522,1.0,0.5,0.0,0.1719,0.04034,-0.0725,0.0,1.0,0.0,0.0,0.0,-1.776,-0.1732659999999999,,,
0.1586,0.136,0.0464,0.1115,-0.2161,-0.4285,-0.2764,1.0,1.0,-0.014305,-0.0716,-0.5615,0.0,0.916,-0.2355,0.07623,-0.0597,0.05963,-0.571,-0.2494,-0.09216,-1.037,0.6147,0.04926,-0.2358,-0.2368,0.0,0.0,-0.2456,0.0,-0.391,-0.2118,-0.0652,-0.3948,1.0,0.5,0.0,0.2507,-0.095,-0.1372,0.0,2.0,0.0,0.0,0.0,-0.476,0.402016,,,
0.06714,0.508,0.133,0.115,1.961,-0.2856,-0.2683,1.0,1.0,-0.1011,-0.146,-0.551,0.0,0.9165,-0.4458,0.01929,-0.0543,0.4446,-0.5703,0.8297,-0.1251,-0.2494,-1.037,0.6147,-0.2305,-0.2362,0.0,0.0,-0.2471,0.0,-0.3677,0.1445,-0.3093,0.924,1.0,0.5,0.5,-0.07477,0.2563,0.2384,1.0,0.0,0.0,0.0,0.0,1.123,-0.0911584,,,
-0.1741,0.3188,0.0972,0.1216,-0.2091,-0.1428,-0.2603,1.0,1.0,-0.088,-0.09265,-0.554,0.0,0.9165,-0.532,-0.05435,-0.05713,0.255,-0.569,-0.2694,-0.1592,0.8296,-0.2494,-1.037,-0.2261,-0.2367,0.0,0.0,-0.2487,0.0,-0.3755,0.2341,-0.3767,-0.2651,0.0,0.5,0.5,0.02472,0.0837,0.1705,0.0,1.0,0.0,0.0,0.0,-0.314,0.0897639999999999,,,
-0.2201,0.2098,0.0703,0.11957,-0.158,0.0,-0.252,1.0,1.0,-0.06696,-0.06335,-0.557,0.0,0.917,-0.684,-0.1538,-0.06647,0.1426,-0.5684,-0.1977,-0.1698,-0.2695,0.8296,-0.2494,-0.227,-0.2369,0.0,0.0,-0.2494,0.0,-0.381,-0.0256,-0.1937,-0.1608,-1.0,0.0,0.0,0.05847,-0.0745,0.0988,0.0,2.0,0.0,0.0,0.0,-0.1921,-0.5164247999999998,,,
-0.2035,-0.2854,-0.03885,0.122,-1.685,0.0,-0.2439,0.0,1.0,0.03864,0.0428,-0.5693,0.0,0.9175,-0.2161,-0.253,-0.0853,-0.3337,-0.5684,-0.9452,-0.1903,-0.1976,-0.2695,0.8296,-0.2313,-0.2382,0.0,0.0,-0.2517,0.0,-0.408,0.0899,-0.288,-0.897,-1.0,-0.5,0.0,0.4888,-0.4414,-0.315,0.0,3.0,0.0,1.0,-3.852,-1.078,-0.16758,,,
-0.2041,-0.5312,-0.09717,0.1191,1.42,0.0,-0.2357,0.0,1.0,0.097,0.1031,-0.5757,0.0,0.918,-0.5264,-0.3677,-0.11566,-0.5703,-0.5684,-0.5126000000000001,-0.1892,-0.945,-0.1976,-0.2695,-0.2394,-0.24,0.0,0.0,-0.2537,0.0,-0.422,-0.1073,-0.1534,-0.5957,-1.0,-0.5,-0.5,0.6445,-0.656,-0.5205,0.0,4.0,0.0,0.0,0.0,-0.738,0.2346556,,,
-0.272,-0.4268,-0.06696,0.1261,-0.1146,0.0,-0.2277,0.0,1.0,0.06107,0.0773,-0.572,0.0,0.9185,-0.4038,-0.4048,-0.1556,-0.504,-0.5664,0.3126,-0.1946,-0.512,-0.945,-0.1976,-0.2428,-0.2424,0.0,0.0,-0.2551,0.0,-0.4136,0.262,-0.4133,0.2169,-1.0,-0.5,0.0,0.4746,-0.4595,-0.3423,1.0,0.0,0.0,0.0,0.0,0.2732,-0.1850531999999999,,,
-0.29,-0.5234,-0.0847,0.1305,0.4329,0.0,-0.2195,0.0,1.0,0.07745,0.0971,-0.573,0.0,0.919,-0.6934,-0.3909,-0.2029,-0.6055,-0.565,-0.1289,-0.191,0.3125,-0.512,-0.945,-0.2458,-0.2446,0.0,0.0,-0.2559,0.0,-0.417,0.192,-0.365,-0.0958,-1.0,-1.0,-0.5,0.4424,-0.536,-0.3855,0.0,1.0,0.0,0.0,0.0,-0.11945,0.0958999999999999,,,
-0.3787,-0.4275,-0.06635,0.1274,-0.0983,0.0,-0.2114,0.0,1.0,0.0519,0.0854,-0.571,0.0,0.9194,-0.6323,-0.3672,-0.2532,-0.529,-0.5645,0.2072999999999999,-0.1925,-0.1289,0.3125,-0.512,-0.251,-0.2471,0.0,0.0,-0.2556,0.0,-0.4114,-0.0706,-0.1749,0.08307,0.0,-1.0,-0.5,0.3333,-0.3997,-0.2905,1.0,0.0,0.0,0.0,0.0,0.104,0.03849432,,,
-0.3489,-0.5903,-0.10925,0.1213,0.636,0.0,-0.2032,0.0,1.0,0.0978,0.1278,-0.575,0.0,0.92,-0.03656,-0.3528,-0.313,-0.699,-0.5645,-0.3603,-0.1898,0.2072,-0.1289,0.3125,-0.2563,-0.2496,0.0,0.0,-0.257,0.0,-0.4211,-0.1779,-0.1028,-0.1677,0.0,-1.0,-0.5,0.4016,-0.59,-0.4343,0.0,1.0,0.0,0.0,0.0,-0.2086,-0.1385032,,,
-0.4656,-0.509,-0.1077,0.1042,-0.0386,-0.1428,-0.1951,0.0,1.0,0.08685,0.1359,-0.5747,0.0,0.9204,-0.5283,-0.3562,-0.366,-0.6343,-0.5654,0.05216,-0.1946,-0.36,0.2072,-0.1289,-0.261,-0.2517,0.0,0.0,-0.2568,0.0,-0.42,-0.725,0.2883,0.0379,1.0,-0.5,-0.5,0.3452,-0.53,-0.42,1.0,0.0,0.0,0.0,0.0,0.04767,0.6061504,,,
-0.4548,0.2181,0.04633,0.09607,-1.685,-0.1428,-0.187,1.0,1.0,-0.0634,-0.02089,-0.556,0.0,0.921,0.4685,-0.372,-0.4165,0.1001,-0.5664,1.5071,-0.1924,0.05203,-0.36,0.2072,-0.2576,-0.2532,0.0,0.0,-0.2551,0.0,-0.379,-0.1779,-0.08417,2.562,1.0,-0.5,-0.5,-0.2324,0.1598,0.268,2.0,0.0,1.0,0.0,6.35,3.217,-0.096724,,,
-0.507,0.377,0.07007,0.085,0.6997,-0.1428,-0.1788,1.0,1.0,-0.08966,-0.03946,-0.5522,0.0,0.9214,-0.5044,-0.3813,-0.4304,0.304,-0.5684,0.2731,-0.2202,1.507,0.05203,-0.36,-0.2517,-0.254,0.0,0.0,-0.2517,0.0,-0.371,-0.2935,0.001818,0.2637,2.0,0.0,-0.5,-0.35,0.1964,0.3704,3.0,0.0,0.0,0.0,0.0,0.3164,0.1334228,,,
-0.5615,0.4407,0.0823,0.08344,0.2822,-0.1428,-0.1708,1.0,1.0,-0.10535,-0.0465,-0.5503,0.0,0.922,-0.5396,-0.391,-0.432,0.3853,-0.5684,0.1722999999999999,-0.2502,0.273,1.507,0.05203,-0.2461,-0.2542,0.0,0.0,-0.2484,0.0,-0.3662,0.1348,-0.3018,0.1654,2.0,0.5,0.0,-0.3853,0.2235,0.4333,4.0,0.0,0.0,0.0,0.0,0.1968,0.2831636,,,
-0.5356,0.6943,0.1442,0.089,0.6523,-0.1428,-0.1626,1.0,1.0,-0.1592,-0.1063,-0.542,0.0,0.9224,0.2922,-0.4067,-0.4307,0.6353,-0.567,0.6121,-0.2288,0.1721,0.273,1.507,-0.238,-0.254,0.0,0.0,-0.2457,0.0,-0.3486,0.423,-0.4998,0.6665,3.0,1.0,0.5,-0.59,0.4146,0.681,5.0,0.0,0.0,0.0,0.0,0.7886,-0.03204,,,
-0.542,0.59,0.11755,0.0862,-0.0108,-0.1428,-0.1544,1.0,1.0,-0.1359,-0.08124,-0.5444,0.0,0.9224,-0.367,-0.421,-0.4314,0.515,-0.566,-0.168,-0.2205,0.6113,0.1721,0.273,-0.2312,-0.2534,0.0,0.0,-0.2433,0.0,-0.3535,0.09784,-0.2698,-0.1816,2.0,1.0,0.0,-0.474,0.2805,0.5117,0.0,1.0,0.0,0.0,0.0,-0.2108,0.06508108,,,
-0.511,0.6406,0.1298,0.08734,0.215,-0.1428,-0.1464,1.0,1.0,-0.1444,-0.09515,-0.542,0.0,0.923,-0.1,-0.4253,-0.435,0.573,-0.5654,0.1691,-0.2019,-0.168,0.6113,0.1721,-0.2228,-0.2524,0.0,0.0,-0.2423,0.0,-0.3486,0.2776,-0.3958,0.1646,2.0,1.0,0.5,-0.4954,0.2983,0.5493,1.0,0.0,0.0,0.0,0.0,0.192,0.2457491999999999,,,
-0.4849,0.7915,0.1702,0.09424,0.356,-0.1428,-0.1382,1.0,1.0,-0.178,-0.1342,-0.5366,0.0,0.9233,-0.2039,-0.4236,-0.4407,0.733,-0.564,0.4083,-0.1718,0.169,-0.168,0.6113,-0.213,-0.2507,0.0,0.0,-0.2408,0.0,-0.3364,0.4983,-0.548,0.3909,2.0,1.5,1.0,-0.629,0.3828,0.673,2.0,0.0,0.0,0.0,0.0,0.4536,-0.33554,,,
-0.4985,0.4958,0.1158,0.10583,-0.2286,0.0,-0.1301,1.0,1.0,-0.1307,-0.0832,-0.5425,0.0,0.924,-0.1293,-0.4058,-0.4326,0.433,-0.562,-0.4267,-0.168,0.408,0.169,-0.168,-0.2095,-0.249,0.0,0.0,-0.2406,0.0,-0.349,0.7607,-0.7407,-0.434,1.0,1.0,1.0,-0.41,0.1454,0.4512,0.0,1.0,0.0,0.0,0.0,-0.4976,0.071396,,,
-0.485,0.482,0.1285,0.1218,0.1076,0.1428,-0.12195,1.0,1.0,-0.1412,-0.0962,-0.54,0.0,0.9243,-0.1652,-0.3704,-0.4133,0.414,-0.559,0.1682999999999999,-0.1488,-0.4265,0.408,0.169,-0.2063,-0.2477,0.0,0.0,-0.239,0.0,-0.3442,1.113,-0.99,0.11926,1.0,1.5,1.5,-0.4448,0.168,0.4734,1.0,0.0,0.0,0.0,0.0,0.1385,0.2970215999999998,,,
-0.5073,0.595,0.1704,0.1382,0.3484,0.2856,-0.11383,1.0,1.0,-0.18,-0.1326,-0.534,0.0,0.925,-0.4167,-0.321,-0.3909,0.5513,-0.557,0.4305,-0.1209,0.1681,-0.4265,0.408,-0.2023,-0.245,0.0,0.0,-0.2366,0.0,-0.3315,1.142,-1.005,0.3452,2.0,1.5,1.5,-0.555,0.3152,0.5835,2.0,0.0,0.0,0.0,0.0,0.3987,0.0033359999999999,,,
-0.481,0.454,0.1552,0.155,-0.08936,0.4285,-0.1057,1.0,1.0,-0.1647,-0.121,-0.535,0.0,0.9253,-0.4446,-0.2637,-0.3618,0.427,-0.5547,-0.07064,-0.0991,0.4302,0.1681,-0.4265,-0.2006,-0.2427,0.0,0.0,-0.2351,0.0,-0.3337,1.175,-1.03,-0.05194,1.0,1.0,1.5,-0.484,0.2257,0.498,0.0,1.0,0.0,0.0,0.0,-0.0592,0.011032,,,
-0.4224,0.4236,0.165,0.172,0.07245,0.5713,-0.09753,1.0,1.0,-0.1686,-0.1348,-0.533,0.0,0.926,0.1139,-0.1959,-0.3218,0.387,-0.552,0.1419,-0.0749,-0.07074,0.4302,0.1681,-0.1978,-0.2393,0.0,0.0,-0.2333,0.0,-0.3296,1.166,-1.021,0.2322,1.0,1.0,1.5,-0.505,0.226,0.4954,1.0,0.0,0.0,0.0,0.0,0.2654,-0.0276796,,,
-0.4346,0.0478,0.0937,0.187,-0.662,0.7144,-0.0894,1.0,1.0,-0.1056,-0.0678,-0.541,0.0,0.9263,-0.494,-0.1367,-0.286,0.05292,-0.551,-0.5649,-0.06744,0.1417,-0.07074,0.4302,-0.1975,-0.2365,0.0,0.0,-0.2318,0.0,-0.3464,1.003,-0.9126,-0.3813,1.0,0.5,1.5,-0.2136,-0.02574,0.2365,0.0,1.0,0.0,0.0,0.0,-0.4338,0.5569968000000002,,,
-0.4414,0.254,0.1592,0.2062,1.839,0.857,-0.0813,1.0,1.0,-0.165,-0.1279,-0.532,0.0,0.927,-0.3909,-0.0794,-0.2474,0.2788,-0.5483,0.6471,-0.06223,-0.5645,0.1417,-0.07074,-0.1964,-0.234,0.0,0.0,-0.2284,0.0,-0.3274,1.117,-0.986,0.6904,1.0,0.5,1.5,-0.4802,0.1749,0.4324,1.0,0.0,0.0,0.0,0.0,0.7993,0.4880692000000001,,,
-0.5527,0.4297,0.2106,0.2177,0.694,0.857,-0.0732,1.0,1.0,-0.2185,-0.1647,-0.5254,0.0,0.9272,-0.8403,-0.01955,-0.204,0.4114,-0.545,0.5166999999999999,-0.06494,0.6465,-0.5645,0.1417,-0.192,-0.2312,0.0,0.0,-0.2239,0.0,-0.3118,0.9434,-0.8545,0.3672,1.0,1.0,1.5,-0.623,0.351,0.569,2.0,0.0,1.0,0.0,3.748,0.4167,0.2056728,,,
-0.5674,0.4653,0.2302,0.2297,0.2078,0.857,-0.06506,1.0,1.0,-0.2365,-0.1809,-0.522,0.0,0.9277,-0.7563,0.02092,-0.1587,0.449,-0.5425,0.2312,-0.0622,0.5166,0.6465,-0.5645,-0.1874,-0.2294,0.0,0.0,-0.2194,0.0,-0.3047,0.9375,-0.8477,0.1853,2.0,1.0,1.5,-0.6523,0.387,0.587,3.0,0.0,1.0,0.0,1.604,0.2069,-0.1854143999999999,,,
-0.5586,0.4016,0.2263,0.2411,0.008965,0.857,-0.05692,1.0,1.0,-0.2324,-0.1781,-0.5215,0.0,0.928,-0.3535,0.0497,-0.1137,0.383,-0.5405,0.02305,-0.07666,0.231,0.5166,0.6465,-0.1842,-0.2274,0.0,0.0,-0.2147,0.0,-0.304,0.902,-0.822,0.02246,2.0,1.0,1.5,-0.631,0.3032,0.5396,4.0,0.0,0.0,0.0,0.0,0.0249,0.013516,,,
-0.661,0.4016,0.2339,0.2491,0.1332,0.857,-0.04877,1.0,1.0,-0.2471,-0.1763,-0.52,0.0,0.928,-0.844,0.0661,-0.075,0.4026,-0.5396,0.1147,-0.09393,0.02293,0.231,0.5166,-0.1803,-0.226,0.0,0.0,-0.2101,0.0,-0.3005,0.7646,-0.7227,0.03763,3.0,1.5,1.5,-0.6235,0.2888,0.5337,5.0,0.0,0.0,0.0,0.0,0.04172,-0.3533519999999999,,,
-0.6445,0.1893,0.1915,0.2566,-0.3364,0.857,-0.04065,1.0,1.0,-0.2095,-0.1401,-0.5244,0.0,0.9287,-0.3186,0.06903,-0.04196,0.2017,-0.5386,-0.3197,-0.155,0.11456,0.02293,0.231,-0.1781,-0.2239,0.0,0.0,-0.2054,0.0,-0.3103,0.646,-0.642,-0.171,2.0,1.0,1.5,-0.44,0.1106,0.3772,0.0,1.0,0.0,0.0,0.0,-0.1888,-0.0866279999999999,,,
-0.6733,0.01688,0.1545,0.2605,-0.5474,0.857,-0.03253,1.0,1.0,-0.1794,-0.10443,-0.5283,0.0,0.929,-0.603,0.05673,-0.01653,0.02138,-0.537,-0.2768,-0.2485,-0.3198,0.11456,0.02293,-0.1748,-0.2219,0.0,0.0,-0.2013,0.0,-0.3188,0.4016,-0.4714,-0.11884,1.0,0.5,1.0,-0.302,-0.04855,0.2351,0.0,2.0,0.0,0.0,0.0,-0.1326,0.6284415999999998,,,
-0.6836,0.3354,0.2349,0.267,3.602,0.857,-0.02438,1.0,1.0,-0.2496,-0.1753,-0.518,0.0,0.9297,-0.10315,0.03204,0.001388,0.3374,-0.5356,0.7451,-0.2595,-0.2769,-0.3198,0.11456,-0.1711,-0.2198,0.0,0.0,-0.1979,0.0,-0.2964,0.528,-0.552,0.4343,1.0,1.0,1.0,-0.5483,0.2448,0.6406,1.0,0.0,0.0,0.0,0.0,0.4885,-0.1059792,,,
-0.71,0.1464,0.1982,0.2751,-0.3516,0.857,-0.01627,1.0,1.0,-0.2205,-0.1407,-0.522,0.0,0.93,-0.6123,0.003157,0.007397,0.153,-0.5347,-0.2729,-0.2786,0.7446,-0.2769,-0.3198,-0.1704,-0.2179,0.0,0.0,-0.1951,0.0,-0.3047,0.615,-0.617,-0.144,0.0,0.5,1.0,-0.3901,0.0889,0.4204,0.0,1.0,0.0,0.0,0.0,-0.1583,0.6154600000000001,,,
-0.672,0.4788,0.2886,0.2883,1.693,0.857,-0.00813,1.0,1.0,-0.2935,-0.2224,-0.5103,0.0,0.9307,0.2712,-0.0162,0.01047,0.4668,-0.5317,0.8261,-0.2678,-0.273,0.7446,-0.2769,-0.1674,-0.2151,0.0,0.0,-0.1915,0.0,-0.2793,0.806,-0.7427,0.8906,0.0,1.0,1.0,-0.6504,0.4043,0.8633,1.0,0.0,0.0,0.0,0.0,0.988,-0.3017572,,,
-0.6514,0.3018,0.2532,0.2954,-0.2041,0.857,0.0,1.0,1.0,-0.2627,-0.194,-0.5137,0.0,0.931,-0.2837,-0.0368,0.01176,0.28,-0.5303,-0.246,-0.2576,0.8257,-0.273,0.7446,-0.1654,-0.2117,0.0,0.0,-0.189,0.0,-0.287,0.5425,-0.5576,-0.2218,0.0,0.5,0.5,-0.4883,0.2515,0.603,0.0,1.0,0.0,0.0,0.0,-0.2399,-0.0410708,,,
-0.6426,0.2162,0.2406,0.3035,-0.1055,0.857,0.00813,1.0,1.0,-0.2512,-0.1837,-0.5146,0.0,0.9316,-0.395,-0.05756,0.007866,0.1945,-0.529,-0.0674999999999999,-0.2622,-0.246,0.8257,-0.273,-0.1641,-0.208,0.0,0.0,-0.1863,0.0,-0.2893,0.5425,-0.5586,-0.05466,0.0,0.0,0.5,-0.4214,0.1722,0.4988,0.0,2.0,0.0,0.0,0.0,-0.05954,-0.2501455999999999,,,
-0.68,0.01335,0.1958,0.3071,-0.595,0.857,0.01627,1.0,1.0,-0.216,-0.1411,-0.5195,0.0,0.932,-0.5293,-0.0705,-0.00228,-0.02791,-0.5273,-0.3388,-0.276,-0.06757,-0.246,0.8257,-0.1628,-0.2048,0.0,0.0,-0.1842,0.0,-0.2998,0.313,-0.3997,-0.4294,-1.0,-0.5,0.0,-0.2615,-0.0188,0.2334,0.0,3.0,0.0,0.0,0.0,-0.469,0.7686259999999997,,,
-0.6416,0.52,0.3333,0.326,5.85,0.857,0.02438,1.0,1.0,-0.3274,-0.2625,-0.502,0.0,0.9326,0.07935,-0.07074,-0.00872,0.4353,-0.5234,1.2321,-0.2385,-0.3386,-0.06757,-0.246,-0.1561,-0.2004,0.0,0.0,-0.1812,0.0,-0.2617,0.932,-0.825,2.957,0.0,-0.5,0.5,-0.6753,0.4783,0.8843,1.0,0.0,0.0,0.0,0.0,3.264,0.0225575999999999,,,
-0.6196,0.772,0.4126,0.3462,0.5815,0.857,0.03253,1.0,1.0,-0.3882,-0.3289,-0.4917,0.0,0.933,0.0778,-0.04095,-0.003073,0.6196,-0.5186,0.7037,-0.189,1.232,-0.3386,-0.06757,-0.1494,-0.1957,0.0,0.0,-0.1765,0.0,-0.2393,0.9546,-0.831,1.432,0.0,-0.5,0.5,-0.8633,0.695,1.059,2.0,0.0,0.0,0.0,0.0,1.521,-0.8387600000000001,,,
-0.4373,0.0001457,0.2314,0.349,-0.833,0.857,0.04065,1.0,1.0,-0.227,-0.1926,-0.5137,0.0,0.9336,0.848,-0.010864,0.0007796,-0.1508,-0.5176,-1.4409,-0.2074,0.703,1.232,-0.3386,-0.1472,-0.1919,0.0,0.0,-0.1742,0.0,-0.2864,0.1628,-0.2866,-3.594,0.0,-0.5,0.0,-0.1523,0.0857,0.1938,0.0,1.0,0.0,0.0,0.0,-3.736,0.1309779999999999,,,
-0.3777,0.05133,0.2444,0.3506,0.8047,0.857,0.04877,1.0,1.0,-0.2333,-0.2089,-0.511,0.0,0.934,0.1617,0.005722,-0.003138,-0.08636,-0.517,0.1578,-0.2145,-1.44,0.703,1.232,-0.1475,-0.188,0.0,0.0,-0.172,0.0,-0.2815,0.1438,-0.271,0.2339,1.0,0.0,0.0,-0.1868,0.1343,0.2454,1.0,0.0,0.0,0.0,0.0,0.2546,8.79999999999881e-06,,,
-0.3733,0.1078,0.26,0.3535,0.5884,0.857,0.05692,1.0,1.0,-0.2461,-0.2228,-0.509,0.0,0.934,-0.2383,0.01378,-0.01186,-0.0138,-0.5166,0.1793999999999999,-0.2246,0.1576,-1.44,0.703,-0.1462,-0.1852,0.0,0.0,-0.1697,0.0,-0.276,0.1877,-0.2998,0.2861,2.0,0.0,0.0,-0.2291,0.1836,0.3083,2.0,0.0,0.0,0.0,0.0,0.31,-0.807496,,,
-0.1772,-0.5557,0.0928,0.344,-3.615,0.7144,0.06506,0.0,1.0,-0.08417,-0.0882,-0.529,0.0,0.9346,0.715,-0.000811,-0.02708,-0.6465,-0.5176,-1.3819,-0.2332,0.1792,0.1576,-1.44,-0.1498,-0.1837,0.0,0.0,-0.1692,0.0,-0.3196,-0.2554,-0.00284,-2.969,1.0,0.0,-0.5,0.423,-0.3726,-0.5537,0.0,1.0,0.0,0.0,0.0,-3.197,0.3888783999999999,,,
-0.2087,-0.299,0.1521,0.3428,-0.4448,0.5713,0.0732,0.0,1.0,-0.1401,-0.1406,-0.521,0.0,0.935,-0.4697,-0.0277,-0.05,-0.3804,-0.518,0.5591,-0.2761,-1.381,0.1792,0.1576,-0.15,-0.1819,0.0,0.0,-0.1675,0.0,-0.3027,-0.03075,-0.1556,0.4663,1.0,0.0,0.0,0.1841,-0.0974,-0.284,1.0,0.0,0.0,0.0,0.0,0.525,-0.3492104,,,
-0.1682,-0.4912,0.1047,0.3413,1.077,0.4285,0.0813,0.0,1.0,-0.0943,-0.10016,-0.5264,0.0,0.9355,-0.548,-0.0667,-0.07635,-0.5474,-0.5186,-0.3891,-0.2888,0.559,-1.381,0.1792,-0.1562,-0.1809,0.0,0.0,-0.1669,0.0,-0.3147,-0.06018,-0.1399,-0.4343,1.0,0.0,0.0,0.3232,-0.2756,-0.587,0.0,1.0,0.0,0.0,0.0,-0.4805,-0.1445176,,,
-0.1047,-0.6978,0.04416,0.3289,0.6714,0.2856,0.0894,0.0,1.0,-0.0333,-0.04773,-0.5337,0.0,0.936,0.4404,-0.1173,-0.10144,-0.757,-0.5195,-0.5099,-0.2708,-0.3892,0.559,-1.381,-0.167,-0.1803,0.0,0.0,-0.1676,0.0,-0.3303,-0.3765,0.079,-0.739,0.0,0.0,-0.5,0.5293,-0.4604,-0.8823,0.0,2.0,0.0,0.0,0.0,-0.8276,-1.6871295999999998,,,
0.1991,-1.655,-0.2074,0.3,1.794,0.1428,0.09753,0.0,1.0,0.2454,0.1895,-0.5645,0.0,0.9365,1.235,-0.1753,-0.1337,-1.633,-0.5244,-2.2379,-0.125,-0.51,-0.3892,0.559,-0.1799,-0.1816,0.0,0.0,-0.1715,0.0,-0.3972,-0.723,0.2969,-6.074,-1.0,0.0,-0.5,1.566,-1.358,-1.282,0.0,3.0,0.0,1.0,-7.91,-6.73,-0.0612567999999999,,,
0.1266,-1.524,-0.2073,0.2646,0.04443,0.0,0.1057,0.0,1.0,0.2394,0.1953,-0.564,0.0,0.937,-0.1337,-0.197,-0.1621,-1.4795,-0.5293,0.0254299999999999,-0.02548,-2.236,-0.51,-0.3892,-0.1935,-0.1833,0.0,0.0,-0.1753,0.0,-0.3965,-0.9575,0.4646,0.05286,0.0,0.0,-0.5,1.418,-1.226,-1.253,1.0,0.0,0.0,0.0,0.0,0.0647,-0.2442656,,,
0.1328,-1.4,-0.2062,0.2327,0.0413,-0.1428,0.11383,0.0,1.0,0.2388,0.1936,-0.5635,0.0,0.9375,-0.071,-0.1744,-0.184,-1.356,-0.5327,0.0254,0.04968,0.02531,-2.236,-0.51,-0.2075,-0.1847,0.0,0.0,-0.1793,0.0,-0.3958,-0.915,0.4343,0.04904,0.0,0.0,0.0,1.293,-1.097,-1.058,2.0,0.0,0.0,0.0,0.0,0.05997,0.5057963999999999,,,
0.1102,-0.8726,-0.1063,0.2084,-0.294,-0.2856,0.12195,0.0,1.0,0.1315,0.0868,-0.5513,0.0,0.938,-0.0753,-0.12354,-0.196,-0.8413,-0.535,0.9864,0.0788,0.0253,0.02531,-2.236,-0.2133,-0.1853,0.0,0.0,-0.1818,0.0,-0.3684,-0.6426,0.2522,1.578,1.0,0.5,0.5,0.805,-0.534,-0.6987,3.0,0.0,0.0,0.0,0.0,1.929,-0.5115639999999998,,,
0.2937,-1.257,-0.2197,0.1796,0.6523,-0.4285,0.12195,0.0,0.0,0.2664,0.1956,-0.565,0.0,0.9385,1.112,-0.04715,-0.1919,-1.227,-0.538,-1.0549,0.1373,0.986,0.0253,0.02531,-0.2245,-0.1873,0.0,0.0,-0.185,0.0,-0.3987,-0.7393,0.3079,-2.002,1.0,0.0,0.5,1.201,-0.9565,-0.9043,0.0,1.0,0.0,0.0,0.0,-2.373,-0.7162519999999999,,,
0.3923,-1.575,-0.333,0.1316,0.422,-0.5713,0.12195,0.0,0.0,0.4028,0.32,-0.579,0.0,0.939,1.063,0.05765,-0.1613,-1.563,-0.543,-1.0909,0.2228,-1.055,0.986,0.0253,-0.2379,-0.1898,0.0,0.0,-0.1906,0.0,-0.429,-1.212,0.632,-1.463,1.0,-0.5,0.0,1.616,-1.337,-1.024,0.0,2.0,0.0,0.0,0.0,-1.794,0.6742480000000002,,,
0.3098,-0.996,-0.2451,0.0842,-0.2805,-0.7144,0.12195,0.0,0.0,0.2957,0.2231,-0.568,0.0,0.9395,-0.1873,0.164,-0.105,-1.009,-0.548,0.8931,0.2637,-1.09,-1.055,0.986,-0.2466,-0.192,0.0,0.0,-0.1947,0.0,-0.405,-1.197,0.6323,0.914,1.0,0.0,0.0,1.062,-0.8574,-0.743,1.0,0.0,0.0,0.0,0.0,1.16,-0.0614567999999999,,,
0.1575,-0.873,-0.2485,0.05002,-0.01034,-0.857,0.12195,0.0,0.0,0.2874,0.2396,-0.5684,0.0,0.9395,-0.4756,0.2654,-0.02882,-0.86,-0.5527,-0.02544,0.283,0.8926,-1.09,-1.055,-0.2477,-0.1936,0.0,0.0,-0.2,0.0,-0.4055,-1.02,0.505,-0.02861,0.0,-0.5,0.0,0.987,-0.7915,-0.6846,0.0,1.0,0.0,0.0,0.0,-0.03534,-0.4512039999999999,,,
0.1619,-0.9873,-0.31,0.0091,0.2874,-1.0,0.12195,0.0,0.0,0.3574,0.3113,-0.5757,0.0,0.94,-0.0683,0.358,0.057,-0.9766,-0.557,-0.5879,0.3125,-0.02554,0.8926,-1.09,-0.2507,-0.1963,0.0,0.0,-0.2056,0.0,-0.4219,-1.142,0.585,-1.105,-1.0,-0.5,-0.5,1.19,-0.951,-0.739,0.0,2.0,0.0,0.0,0.0,-1.366,0.13975936,,,
0.3047,-1.362,-0.4358,-0.04205,0.576,-1.143,0.12195,0.0,0.0,0.5205,0.456,-0.5913,0.0,0.9404,0.661,0.4497,0.1554,-1.346,-0.563,-1.2499,0.369,-0.588,-0.02554,0.8926,-0.2576,-0.2003,0.0,0.0,-0.2125,0.0,-0.4556,-1.318,0.696,-2.6,-1.0,-0.5,-1.0,1.647,-1.443,-0.8877,0.0,3.0,0.0,0.0,0.0,-3.271,0.6789920000000003,,,
0.2137,-0.7144,-0.3245,-0.0726,-0.4075,-1.143,0.12195,0.0,0.0,0.3787,0.3245,-0.577,0.0,0.941,0.6924,0.538,0.258,-0.6343,-0.5684,1.1661,0.3843,-1.25,-0.588,-0.02554,-0.2644,-0.2037,0.0,0.0,-0.2177,0.0,-0.4253,-0.8457,0.372,2.502,0.0,0.0,-0.5,1.039,-0.7666,-0.6133,1.0,0.0,0.0,0.0,0.0,3.277,-0.2652895999999999,,,
0.2405,-0.751,-0.367,-0.11096,0.1957,-1.143,0.12195,0.0,0.0,0.4312,0.3743,-0.5825,0.0,0.9414,-0.2477,0.5854,0.3418,-0.756,-0.5703,-0.4184,0.3618,1.165,-1.25,-0.588,-0.2688,-0.2074,0.0,0.0,-0.225,0.0,-0.4365,-1.063,0.523,-0.3823,-1.0,-0.5,-1.0,1.146,-0.871,-0.6436,0.0,1.0,0.0,0.0,0.0,-0.4832,0.150634,,,
0.2389,-0.51,-0.3467,-0.1442,-0.2517,-1.143,0.12195,0.0,0.0,0.4067,0.3494,-0.58,0.0,0.942,-0.0557,0.597,0.4045,-0.574,-0.5728,0.2120999999999999,0.2795,-0.4182,1.165,-1.25,-0.269,-0.211,0.0,0.0,-0.2329,0.0,-0.431,-0.9546,0.4473,0.2246,0.0,-0.5,-0.5,0.954,-0.7095,-0.5723,1.0,0.0,0.0,0.0,0.0,0.2876,-0.112756,,,
0.135,-0.2905,-0.3267,-0.1718,-0.4136,-1.143,0.12195,0.0,0.0,0.3748,0.3335,-0.577,0.0,0.9424,-0.5234,0.576,0.4531,-0.3765,-0.575,0.2107,0.2391,0.2119,-0.4182,1.165,-0.2715,-0.2142,0.0,0.0,-0.2388,0.0,-0.4253,-0.8228,0.3555,0.183,1.0,-0.5,0.0,0.6846,-0.671,-0.4885,2.0,0.0,0.0,0.0,0.0,0.2329,0.4096439999999999,,,
-0.02731,0.02695,-0.2654,-0.1764,-1.488,-1.0,0.12195,1.0,0.0,0.2915,0.2744,-0.5693,0.0,0.943,0.2683,0.5503,0.4856,-0.0108,-0.577,0.6275,0.1672,0.2104,0.2119,-0.4182,-0.2717,-0.2168,0.0,0.0,-0.244,0.0,-0.4082,-0.1992,-0.0819,0.5864,2.0,0.0,0.5,0.404,-0.3179,-0.3098,3.0,0.0,0.0,0.0,0.0,0.741,0.1137264,,,
0.0293,0.0424,-0.2666,-0.181,0.286,-0.857,0.12195,1.0,0.0,0.2974,0.271,-0.5693,0.0,0.9434,0.591,0.5137,0.4988,0.02681,-0.578,0.0001,0.06247,0.6274,0.2104,0.2119,-0.2703,-0.22,0.0,0.0,-0.2495,0.0,-0.4082,-0.2062,-0.077,0.0,1.0,0.0,0.0,0.3796,-0.294,-0.2705,0.0,0.0,0.0,0.0,0.0,0.0,0.66718,,,
0.000754,0.621,-0.1426,-0.176,5.13,-0.7144,0.1301,1.0,1.0,0.1603,0.1345,-0.554,0.0,0.944,0.02591,0.4583,0.4966,0.643,-0.5786,1.2311,0.01389,0.0,0.6274,0.2104,-0.2607,-0.2219,0.0,0.0,-0.2517,0.0,-0.3743,0.078,-0.265,1.382,2.0,0.0,0.0,-0.11694,0.2373,0.1406,1.0,0.0,0.0,0.0,0.0,1.713,0.0849955999999999,,,
-0.00915,0.6763,-0.1333,-0.1782,0.2174,-0.5713,0.1382,1.0,1.0,0.1498,0.1254,-0.5527,0.0,0.9443,-0.00895,0.374,0.4744,0.7007,-0.5786,0.0989,-0.07306,1.23,0.0,0.6274,-0.2544,-0.2245,0.0,0.0,-0.2546,0.0,-0.3716,-0.1262,-0.1179,0.134,2.0,0.5,0.0,-0.1781,0.1968,0.269,2.0,0.0,0.0,0.0,0.0,0.1599,-0.6659972000000001,,,
0.01481,0.2783,-0.2139,-0.1766,-0.4277,-0.4285,0.1301,1.0,0.0,0.2375,0.2119,-0.5625,0.0,0.945,0.275,0.2654,0.4321,0.3154,-0.5786,-0.7629,-0.166,0.09875,1.23,0.0,-0.2494,-0.2274,0.0,0.0,-0.258,0.0,-0.3933,-0.04852,-0.183,-1.863,1.0,0.5,0.0,0.1423,-0.1656,0.05716,0.0,1.0,0.0,0.0,0.0,-2.217,-0.1935248,,,
-0.0568,0.02216,-0.2607,-0.1705,-0.628,-0.2856,0.12195,1.0,0.0,0.284,0.2715,-0.5684,0.0,0.9453,-0.3142,0.1487,0.3691,0.0798,-0.5786,-0.4539,-0.2534,-0.763,0.09875,1.23,-0.2465,-0.2307,0.0,0.0,-0.2612,0.0,-0.406,0.1328,-0.3179,-0.696,0.0,0.5,0.0,0.3037,-0.3745,-0.08386,0.0,2.0,0.0,0.0,0.0,-0.8486,0.06917972,,,
-0.097,-0.03452,-0.2734,-0.1716,-0.452,-0.1428,0.11383,1.0,0.0,0.295,0.2896,-0.5703,0.0,0.9453,-0.601,0.02972,0.306,0.013695,-0.578,-0.1278,-0.2554,-0.4539,-0.763,0.09875,-0.2446,-0.2338,0.0,0.0,-0.2617,0.0,-0.4097,-0.1494,-0.1181,-0.1509,0.0,0.0,-0.5,0.3403,-0.4004,-0.1447,0.0,3.0,0.0,0.0,0.0,-0.1865,-0.7623200000000001,,,
0.03867,-0.5454,-0.3882,-0.1816,-11.53,-0.1428,0.11383,0.0,0.0,0.4404,0.4172,-0.5845,0.0,0.946,0.5605,-0.0871,0.2432,-0.508,-0.579,-1.1309,-0.2416,-0.1279,-0.4539,-0.763,-0.2484,-0.2388,0.0,0.0,-0.2634,0.0,-0.4407,-0.434,0.0714,-1.769,-1.0,0.0,-0.5,0.8237,-0.8384,-0.7256,0.0,4.0,0.0,0.0,0.0,-2.195,0.29984,,,
0.00894,-0.2158,-0.321,-0.1824,-0.6255,-0.1428,0.11383,0.0,0.0,0.3582,0.3372,-0.576,0.0,0.9463,-0.0346,-0.2054,0.1754,-0.1799,-0.579,0.6925,-0.2434,-1.13,-0.1279,-0.4539,-0.25,-0.244,0.0,0.0,-0.2646,0.0,-0.4224,-0.10126,-0.1581,0.8853,-1.0,0.0,0.0,0.4426,-0.5034,-0.329,1.0,0.0,0.0,0.0,0.0,1.14,-0.2119719999999999,,,
-0.0606,-0.3164,-0.3347,-0.1747,0.932,-0.1428,0.11383,0.0,0.0,0.3684,0.3594,-0.5776,0.0,0.947,-0.227,-0.2996,0.09344,-0.2896,-0.578,-0.1303,-0.2766,0.692,-1.13,-0.1279,-0.256,-0.2479,0.0,0.0,-0.267,0.0,-0.4258,0.2316,-0.3972,-0.1445,-1.0,-0.5,0.0,0.4138,-0.5767,-0.3667,0.0,1.0,0.0,0.0,0.0,-0.1821,-0.0501007999999999,,,
-0.1471,-0.292,-0.3303,-0.1755,0.02277,-0.1428,0.11383,0.0,0.0,0.3564,0.3613,-0.577,0.0,0.9473,-0.36,-0.356,0.0007467,-0.305,-0.5767,0.05244,-0.2803,-0.1302,0.692,-1.13,-0.2625,-0.252,0.0,0.0,-0.268,0.0,-0.4243,-0.0854,-0.1703,0.0422,0.0,-0.5,0.0,0.339,-0.536,-0.3079,1.0,0.0,0.0,0.0,0.0,0.0534,0.4639584,,,
-0.1877,-0.003166,-0.2646,-0.1692,-1.331,0.0,0.11383,1.0,0.0,0.2778,0.2869,-0.5684,0.0,0.9478,-0.5713,-0.408,-0.0916,-0.0001256,-0.576,0.6791,-0.282,0.05234,-0.1302,0.692,-0.264,-0.2556,0.0,0.0,-0.267,0.0,-0.406,0.2808,-0.4236,0.569,1.0,0.0,0.5,0.06024,-0.1956,0.0854,2.0,0.0,0.0,0.0,0.0,0.7188,-0.1580223999999999,,,
-0.1967,-0.1279,-0.287,-0.1658,-1.573,0.0,0.11383,0.0,0.0,0.3025,0.314,-0.5713,0.0,0.948,-0.308,-0.4424,-0.1809,-0.1212,-0.5757,-0.2046,-0.2837,0.679,0.05234,-0.1302,-0.2644,-0.258,0.0,0.0,-0.2673,0.0,-0.4116,0.1412,-0.3264,-0.2384,1.0,-0.5,0.0,0.1414,-0.2795,-0.03537,0.0,1.0,0.0,0.0,0.0,-0.295,-0.134068,,,
-0.1958,-0.1799,-0.297,-0.1649,1.323,0.0,0.11383,0.0,0.0,0.314,0.3254,-0.5723,0.0,0.9487,-0.5654,-0.4438,-0.2664,-0.1719,-0.5757,-0.0771999999999999,-0.2856,-0.2046,0.679,0.05234,-0.265,-0.2612,0.0,0.0,-0.2678,0.0,-0.4138,0.04803,-0.261,-0.0679,0.0,-1.0,-0.5,0.1365,-0.3315,-0.07416,0.0,2.0,0.0,0.0,0.0,-0.08453,-0.292668,,,
-0.2018,-0.3245,-0.3323,-0.1707,1.7,-0.1428,0.11383,0.0,0.0,0.3545,0.3682,-0.576,0.0,0.949,0.03195,-0.4373,-0.3481,-0.3225,-0.5757,-0.3356,-0.2854,-0.0772,-0.2046,0.679,-0.263,-0.2644,0.0,0.0,-0.2678,0.0,-0.4229,-0.2903,-0.02338,-0.4736,0.0,-1.0,-1.0,0.279,-0.4436,-0.285,0.0,3.0,0.0,0.0,0.0,-0.5913,0.0210919999999999,,,
-0.3018,-0.2708,-0.326,-0.1758,-0.10236,-0.2856,0.11383,0.0,0.0,0.3389,0.369,-0.575,0.0,0.9497,-0.593,-0.4336,-0.408,-0.2742,-0.576,0.07835,-0.318,-0.3354,-0.0772,-0.2046,-0.2627,-0.2668,0.0,0.0,-0.2664,0.0,-0.4207,-0.2603,-0.04395,0.09564,0.0,-0.5,-0.5,0.1661,-0.4492,-0.296,1.0,0.0,0.0,0.0,0.0,0.1206,0.1532708,,,
-0.3767,-0.13,-0.3096,-0.1893,-0.6606,-0.4285,0.11383,0.0,0.0,0.314,0.3552,-0.573,0.0,0.95,-0.5312,-0.4348,-0.4404,-0.1536,-0.5767,0.1822,-0.3208,0.07825,-0.3354,-0.0772,-0.2617,-0.2673,0.0,0.0,-0.266,0.0,-0.4158,-0.752,0.3093,0.2764,0.0,0.0,-0.5,0.07916,-0.349,-0.1802,2.0,0.0,0.0,0.0,0.0,0.3477,-0.0788144,,,
-0.4272,-0.1555,-0.3298,-0.2054,0.694,-0.5713,0.11383,0.0,0.0,0.3333,0.3838,-0.575,0.0,0.9507,-0.658,-0.4355,-0.467,-0.1837,-0.5786,-0.1811,-0.3315,0.1821,0.07825,-0.3354,-0.2612,-0.268,0.0,0.0,-0.2654,0.0,-0.4207,-0.863,0.3862,-0.2285,0.0,0.0,-1.0,0.112,-0.4497,-0.3396,0.0,1.0,0.0,0.0,0.0,-0.286,0.340342,,,
-0.55,0.1622,-0.27,-0.211,-4.445,-0.5713,0.11383,1.0,0.0,0.2546,0.3228,-0.5674,0.0,0.951,-0.3164,-0.4333,-0.4827,0.1442,-0.579,0.6246,-0.3381,-0.181,0.1821,0.07825,-0.261,-0.2683,0.0,0.0,-0.2644,0.0,-0.4038,-0.2651,-0.033,1.12,1.0,0.0,-0.5,-0.142,-0.1655,0.09296,1.0,0.0,0.0,0.0,0.0,1.409,-0.1709896,,,
-0.56,0.01834,-0.303,-0.2148,-0.498,-0.5713,0.11383,1.0,0.0,0.2915,0.3625,-0.5713,0.0,0.951,-0.4692,-0.4287,-0.4846,0.003452,-0.579,-0.3063,-0.3428,0.6245,-0.181,0.1821,-0.261,-0.2695,0.0,0.0,-0.2637,0.0,-0.412,-0.2002,-0.08307,-0.488,1.0,0.0,-0.5,-0.001308,-0.2944,-0.164,0.0,1.0,0.0,0.0,0.0,-0.602,-0.1956795999999999,,,
-0.543,-0.0369,-0.3174,-0.2184,-0.459,-0.5713,0.11383,1.0,0.0,0.3096,0.3784,-0.573,0.0,0.9517,-0.4336,-0.4233,-0.4822,-0.05377,-0.5796,-0.1288,-0.3423,-0.3062,0.6245,-0.181,-0.2612,-0.27,0.0,0.0,-0.2642,0.0,-0.4158,-0.2002,-0.08466,-0.1666,0.0,-0.5,-0.5,-0.002907,-0.4004,-0.2537,0.0,2.0,0.0,0.0,0.0,-0.2075,0.0026099999999999,,,
-0.6104,-0.2217,-0.3523,-0.2153,-4.312,-0.5713,0.11383,0.0,0.0,0.3452,0.4263,-0.577,0.0,0.952,-0.5566,-0.4229,-0.4805,-0.2285,-0.579,-0.3363,-0.3381,-0.1288,-0.3062,0.6245,-0.2615,-0.27,0.0,0.0,-0.265,0.0,-0.4248,0.2161,-0.3857,-0.4087,-1.0,-1.0,-0.5,0.10834,-0.554,-0.4856,0.0,3.0,0.0,0.0,0.0,-0.511,0.4338679999999998,,,
-0.659,0.04077,-0.2969,-0.2134,-1.865,-0.4285,0.11383,1.0,0.0,0.2766,0.3635,-0.5703,0.0,0.9526,-0.3103,-0.4243,-0.48,0.03397,-0.5786,0.5751,-0.375,-0.3362,-0.1288,-0.3062,-0.2603,-0.27,0.0,0.0,-0.2664,0.0,-0.4094,0.1664,-0.3435,0.871,0.0,-0.5,-0.5,-0.11664,-0.268,0.02081,1.0,0.0,0.0,0.0,0.0,1.102,0.4664544,,,
-0.6978,0.2659,-0.2433,-0.2056,2.104,-0.2856,0.1057,1.0,0.0,0.213,0.3042,-0.5635,0.0,0.953,-0.4846,-0.4243,-0.4805,0.2544,-0.5776,0.5397,-0.4192,0.575,-0.3362,-0.1288,-0.2578,-0.2698,0.0,0.0,-0.2673,0.0,-0.3945,0.4817,-0.562,0.7754,0.0,0.0,0.0,-0.2988,-0.02403,0.727,2.0,0.0,0.0,0.0,0.0,0.9624,0.1792039999999999,,,
-0.703,0.1923,-0.2524,-0.1992,-0.0933,-0.1428,0.1057,1.0,0.0,0.2227,0.3152,-0.5645,0.0,0.9536,-0.483,-0.4248,-0.4807,0.1885,-0.577,-0.0757,-0.424,0.539,0.575,-0.3362,-0.255,-0.269,0.0,0.0,-0.2673,0.0,-0.3965,0.413,-0.514,-0.0745,0.0,0.0,-0.5,-0.2751,-0.1121,0.6685,0.0,1.0,0.0,0.0,0.0,-0.091,-0.385436,,,
-0.6724,0.0168,-0.29,-0.2009,-0.5522,-0.1428,0.1057,1.0,0.0,0.2676,0.3564,-0.569,0.0,0.954,-0.1525,-0.4263,-0.4805,0.005226,-0.5767,-0.3544,-0.4246,-0.07574,0.539,0.575,-0.2551,-0.2678,0.0,0.0,-0.2673,0.0,-0.4065,-0.1085,-0.146,-0.4607,0.0,-0.5,-1.0,-0.1092,-0.272,0.2443,0.0,2.0,0.0,0.0,0.0,-0.564,0.2084084,,,
-0.658,0.3489,-0.2167,-0.1956,3.75,0.0,0.1057,1.0,0.0,0.1868,0.2708,-0.5596,0.0,0.9546,0.1058,-0.429,-0.4792,0.348,-0.576,0.7428,-0.3992,-0.3545,-0.07574,0.539,-0.2522,-0.2666,0.0,0.0,-0.2664,0.0,-0.386,0.35,-0.4644,1.012,1.0,-0.5,-0.5,-0.3608,0.0638,0.9165,1.0,0.0,0.0,0.0,0.0,1.253,0.929404,,,
-0.6113,0.8467,-0.1011,-0.1819,1.369,0.1428,0.11383,1.0,1.0,0.0683,0.1409,-0.5444,0.0,0.955,0.332,-0.4167,-0.472,0.8267,-0.574,1.1511,-0.3335,0.742,-0.3545,-0.07574,-0.2449,-0.2644,0.0,0.0,-0.263,0.0,-0.3535,0.749,-0.735,2.424,1.0,0.0,0.0,-0.7236,0.5293,1.113,2.0,0.0,0.0,0.0,0.0,2.932,-0.4584542399999998,,,
-0.608,0.4778,-0.1656,-0.1703,-0.2915,0.2856,0.12195,1.0,1.0,0.1359,0.21,-0.5522,0.0,0.9556,-0.2573,-0.3835,-0.4558,0.4492,-0.5723,-0.5795,-0.3074,1.15,0.742,-0.3545,-0.2385,-0.2627,0.0,0.0,-0.2607,0.0,-0.3704,0.605,-0.639,-1.089,0.0,-0.5,0.0,-0.4065,0.25,0.791,0.0,1.0,0.0,0.0,0.0,-1.271,0.19271496,,,
-0.576,0.596,-0.1273,-0.156,0.36,0.4285,0.1301,1.0,1.0,0.09814,0.1658,-0.5474,0.0,0.956,-0.3608,-0.3325,-0.4272,0.55,-0.57,0.3937,-0.2747,-0.5796,1.15,0.742,-0.2327,-0.2607,0.0,0.0,-0.2578,0.0,-0.3591,0.6836,-0.6904,0.814,1.0,0.0,0.0,-0.5063,0.375,0.874,1.0,0.0,0.0,0.0,0.0,0.968,0.0141897599999999,,,
-0.5312,0.5796,-0.1175,-0.1423,0.10736,0.5713,0.1382,1.0,1.0,0.09155,0.1516,-0.5454,0.0,0.9565,0.09216,-0.2773,-0.3945,0.534,-0.568,0.1216,-0.2465,0.3936,-0.5796,1.15,-0.2281,-0.2593,0.0,0.0,-0.2551,0.0,-0.3557,0.672,-0.6807,0.2,2.0,0.5,0.0,-0.505,0.366,0.7935,2.0,0.0,0.0,0.0,0.0,0.2349,0.095296,,,
-0.525,0.6094,-0.09467,-0.1252,0.181,0.7144,0.1464,1.0,1.0,0.0687,0.127,-0.5425,0.0,0.957,-0.5522,-0.2233,-0.3577,0.5728,-0.5654,0.2423,-0.2075,0.12146,0.3936,-0.5796,-0.2225,-0.2576,0.0,0.0,-0.2527,0.0,-0.3486,0.814,-0.7793,0.3699,2.0,1.0,0.5,-0.5645,0.3894,0.777,3.0,0.0,0.0,0.0,0.0,0.4329,0.1970479999999999,,,
-0.517,0.6963,-0.06168,-0.11005,0.268,0.7144,0.1544,1.0,1.0,0.0361,0.09204,-0.5376,0.0,0.957,-0.141,-0.1652,-0.3132,0.629,-0.5625,0.3364999999999999,-0.1654,0.2421,0.12146,0.3936,-0.2145,-0.2566,0.0,0.0,-0.2496,0.0,-0.3386,0.7603,-0.7363,0.7324,2.0,1.0,0.5,-0.6357,0.4666,0.791,4.0,0.0,0.0,0.0,0.0,0.8506,0.0372415999999999,,,
-0.5024,0.6245,-0.05972,-0.0924,0.03418,0.7144,0.1626,1.0,1.0,0.03537,0.0888,-0.537,0.0,0.9575,-0.2917,-0.10315,-0.2617,0.5293,-0.5596,0.04768,-0.1332,0.3362,0.2421,0.12146,-0.2089,-0.2559,0.0,0.0,-0.2465,0.0,-0.3372,0.934,-0.86,0.1085,3.0,1.0,1.0,-0.5967,0.4155,0.6895,5.0,0.0,0.0,0.0,0.0,0.1247,-0.1141055999999999,,,
-0.442,0.3901,-0.09375,-0.07623,-0.2211,0.7144,0.1708,1.0,1.0,0.07446,0.11914,-0.541,0.0,0.958,0.1383,-0.04852,-0.2103,0.296,-0.557,-0.2849,-0.1266,0.04755,0.3362,0.2421,-0.2079,-0.2544,0.0,0.0,-0.2433,0.0,-0.3457,0.837,-0.794,-0.592,2.0,1.0,1.0,-0.4316,0.2379,0.4915,0.0,1.0,0.0,0.0,0.0,-0.679,0.1785552,,,
-0.4517,0.4802,-0.05365,-0.0543,0.3372,0.857,0.1788,1.0,1.0,0.0334,0.07837,-0.5356,0.0,0.9585,-0.533,0.0,-0.1595,0.407,-0.5547,0.4073,-0.1129,-0.285,0.04755,0.3362,-0.2036,-0.2524,0.0,0.0,-0.2397,0.0,-0.3337,1.099,-0.9756,0.6626,2.0,1.5,1.5,-0.5522,0.3496,0.5864,1.0,0.0,0.0,0.0,0.0,0.7676,0.0405556,,,
-0.4768,0.3418,-0.0674,-0.0376,-0.1301,0.857,0.187,1.0,1.0,0.04507,0.0946,-0.5366,0.0,0.959,-0.7397,0.0387,-0.1124,0.2822,-0.5527,-0.0945,-0.1066,0.4072,-0.285,0.04755,-0.2009,-0.2505,0.0,0.0,-0.2365,0.0,-0.3364,0.937,-0.862,-0.08746,1.0,1.0,1.0,-0.4846,0.2335,0.479,0.0,1.0,0.0,0.0,0.0,-0.10004,0.1818632,,,
-0.4617,0.3804,-0.04535,-0.02301,0.2307,0.857,0.1951,1.0,1.0,0.02435,0.07074,-0.5337,0.0,0.9595,-0.2404,0.06946,-0.0722,0.332,-0.551,0.2374,-0.1063,-0.0946,0.4072,-0.285,-0.1979,-0.2473,0.0,0.0,-0.2327,0.0,-0.3293,0.876,-0.815,0.2773,1.0,1.0,1.0,-0.524,0.2905,0.515,1.0,0.0,0.0,0.0,0.0,0.318,-0.1459519999999999,,,
-0.4314,0.03513,-0.11035,-0.0129,-0.6655,0.857,0.2032,1.0,1.0,0.0923,0.1357,-0.5415,0.0,0.96,-0.644,0.0854,-0.041,0.009285,-0.55,-0.5653,-0.11127,0.2372,-0.0946,0.4072,-0.1976,-0.2451,0.0,0.0,-0.2302,0.0,-0.3464,0.5854,-0.6147,-0.9307,0.0,1.0,1.0,-0.2433,0.02013,0.2317,0.0,1.0,0.0,0.0,0.0,-1.06,0.2302348,,,
-0.4856,0.105,-0.081,0.00251,0.775,0.857,0.2114,1.0,1.0,0.05804,0.10944,-0.537,0.0,0.9604,-0.769,0.08563,-0.01575,0.10364,-0.5483,0.3119,-0.12317,-0.565,0.2372,-0.0946,-0.1975,-0.2427,0.0,0.0,-0.2272,0.0,-0.3372,0.848,-0.7983,0.2668,1.0,1.0,1.5,-0.361,0.10175,0.3223,1.0,0.0,0.0,0.0,0.0,0.3093,0.323448,,,
-0.525,0.2203,-0.044,0.015396,0.7944,0.857,0.2195,1.0,1.0,0.01799,0.0746,-0.5317,0.0,0.961,-0.303,0.0712,0.004353,0.2225,-0.5464,0.3801,-0.1384,0.3115,-0.565,0.2372,-0.1962,-0.24,0.0,0.0,-0.2234,0.0,-0.326,0.773,-0.7397,0.5146,1.0,1.0,1.5,-0.5107,0.1823,0.4429,2.0,0.0,0.0,0.0,0.0,0.591,0.2790096,,,
-0.5986,0.371,-0.004574,0.02255,0.6675,0.857,0.2277,1.0,1.0,-0.02644,0.04095,-0.5264,0.0,0.9614,-0.4312,0.0538,0.01909,0.361,-0.545,0.3991,-0.1688,0.3796,0.3115,-0.565,-0.1924,-0.2374,0.0,0.0,-0.2189,0.0,-0.314,0.567,-0.5874,0.641,2.0,1.0,1.5,-0.628,0.2874,0.5913,3.0,0.0,0.0,0.0,0.0,0.7275,0.7788,,,
-0.559,0.957,0.1456,0.04556,1.518,0.857,0.2357,1.0,1.0,-0.1624,-0.1057,-0.507,0.0,0.962,0.1481,0.04953,0.03784,0.9106,-0.5405,1.4141,-0.1231,0.3987,0.3796,0.3115,-0.185,-0.2334,0.0,0.0,-0.2131,0.0,-0.271,1.292,-1.086,3.682,2.0,1.0,2.0,-1.042,0.83,1.063,4.0,0.0,1.0,0.0,6.27,4.125,-0.0868068,,,
-0.5874,0.7734,0.1232,0.06433,-0.05588,0.857,0.2439,1.0,1.0,-0.1447,-0.08276,-0.509,0.0,0.9624,-0.602,0.04886,0.05542,0.738,-0.538,-0.1553,-0.09125,1.413,0.3987,0.3796,-0.178,-0.2296,0.0,0.0,-0.2081,0.0,-0.276,1.115,-0.962,-0.2136,2.0,0.5,1.5,-0.886,0.6675,0.835,0.0,1.0,0.0,0.0,0.0,-0.2292,0.0308184,,,
-0.627,0.6973,0.1236,0.08246,0.0381,0.857,0.252,1.0,1.0,-0.1481,-0.0799,-0.5083,0.0,0.9624,-0.491,0.0501,0.07135,0.6562,-0.535,0.04472,-0.0777,-0.1553,1.413,0.3987,-0.1715,-0.2255,0.0,0.0,-0.2031,0.0,-0.2744,1.102,-0.9517,0.0898,2.0,1.0,1.5,-0.8306,0.587,0.7456,1.0,0.0,0.0,0.0,0.0,0.09674,-0.0676664,,,
-0.587,0.5444,0.104,0.0976,-0.0763,0.857,0.252,1.0,1.0,-0.1272,-0.06494,-0.5103,0.0,0.963,-0.1223,0.04605,0.07874,0.52,-0.5337,-0.1336,-0.10266,0.0446,-0.1553,1.413,-0.1636,-0.2214,0.0,0.0,-0.1978,0.0,-0.2786,0.955,-0.849,-0.205,1.0,0.5,1.0,-0.7144,0.4424,0.6377,0.0,1.0,0.0,0.0,0.0,-0.2206,-0.0445907999999999,,,
-0.629,0.6406,0.1398,0.113,0.2976,0.857,0.252,1.0,1.0,-0.1628,-0.09467,-0.505,0.0,0.9634,-0.6074,0.0456,0.07825,0.6255,-0.5312,0.3581,-0.0991,-0.1335,0.0446,-0.1553,-0.1554,-0.2173,0.0,0.0,-0.1929,0.0,-0.2673,0.966,-0.852,0.3928,1.0,1.0,1.0,-0.7695,0.5312,0.7085,1.0,0.0,0.0,0.0,0.0,0.4248,0.0242147999999999,,,
-0.614,0.526,0.1278,0.1276,-0.03622,0.857,0.252,1.0,1.0,-0.1509,-0.08484,-0.506,0.0,0.964,-0.1882,0.05078,0.0764,0.5244,-0.5293,-0.06625,-0.0771,0.3577,-0.1335,0.0446,-0.1488,-0.2131,0.0,0.0,-0.1893,0.0,-0.2695,0.9087,-0.812,-0.07666,0.0,0.5,0.5,-0.6846,0.4182,0.5864,0.0,1.0,0.0,0.0,0.0,-0.082,0.0456928,,,
-0.6094,0.374,0.1079,0.143,-0.134,0.857,0.2603,1.0,1.0,-0.1326,-0.0667,-0.508,0.0,0.9644,-0.01593,0.06073,0.0749,0.3684,-0.527,-0.1329,-0.08527,-0.06635,0.3577,-0.1335,-0.144,-0.2095,0.0,0.0,-0.1853,0.0,-0.2737,1.003,-0.881,-0.2642,0.0,0.5,0.5,-0.5854,0.2854,0.4722,0.0,2.0,0.0,0.0,0.0,-0.283,0.0398348,,,
-0.6074,0.4075,0.1279,0.1565,0.2123,0.857,0.2683,1.0,1.0,-0.1505,-0.08545,-0.505,0.0,0.965,-0.4133,0.0722,0.07355,0.4043,-0.525,0.2226,-0.08374,-0.1329,-0.06635,0.3577,-0.1436,-0.2054,0.0,0.0,-0.1815,0.0,-0.2666,0.9644,-0.8506,0.315,0.0,0.5,0.5,-0.6133,0.327,0.504,1.0,0.0,0.0,0.0,0.0,0.3389,-0.1537775999999999,,,
-0.5776,0.2135,0.0955,0.1692,-0.2908,0.857,0.2683,1.0,1.0,-0.1188,-0.05774,-0.5083,0.0,0.9653,-0.491,0.07776,0.0677,0.2338,-0.5234,-0.2431,-0.0945,0.2225,-0.1329,-0.06635,-0.1434,-0.2014,0.0,0.0,-0.1781,0.0,-0.2744,0.8525,-0.774,-0.2524,0.0,0.0,0.5,-0.465,0.1715,0.3506,0.0,1.0,0.0,0.0,0.0,-0.2698,-0.5265012000000001,,,
-0.511,-0.291,-0.01642,0.1721,-1.695,0.7144,0.2683,0.0,1.0,-0.00799,0.04556,-0.5225,0.0,0.966,0.1672,0.07355,0.05652,-0.2715,-0.5225,-0.9579,-0.11584,-0.243,0.2225,-0.1329,-0.147,-0.1981,0.0,0.0,-0.1763,0.0,-0.305,0.2292,-0.3425,-1.721,-1.0,-0.5,0.0,-0.0227,-0.2488,-0.10925,0.0,2.0,0.0,0.0,0.0,-1.853,0.1149184,,,
-0.5137,-0.2137,0.010185,0.1825,-0.2603,0.5713,0.2683,0.0,1.0,-0.03384,0.0193,-0.5186,0.0,0.9663,-0.3599,0.05984,0.0469,-0.1971,-0.521,0.2757,-0.13,-0.9575,-0.243,0.2225,-0.149,-0.195,0.0,0.0,-0.1746,0.0,-0.2964,0.5977,-0.6016,0.3828,0.0,-0.5,0.5,-0.1326,-0.136,-0.0123,1.0,0.0,0.0,0.0,0.0,0.4248,0.42499,,,
-0.505,-0.0444,0.0593,0.1945,-1.233,0.5713,0.2683,1.0,1.0,-0.0795,-0.02925,-0.5117,0.0,0.967,-0.4856,0.03476,0.03833,-0.003593,-0.52,0.4780999999999999,-0.1411,0.2754,-0.9575,-0.243,-0.1506,-0.1918,0.0,0.0,-0.1722,0.0,-0.2815,0.649,-0.632,0.5835,1.0,0.0,0.5,-0.303,0.05423,0.1782,2.0,0.0,0.0,0.0,0.0,0.6416,-0.7889916000000001,,,
-0.413,-0.5835,-0.06287,0.1954,-14.766,0.4285,0.2683,0.0,1.0,0.04565,0.08466,-0.5273,0.0,0.9673,0.3577,-0.001869,0.02692,-0.5503,-0.519,-1.0759,-0.1661,0.4778,0.2754,-0.9575,-0.156,-0.1895,0.0,0.0,-0.171,0.0,-0.3154,0.02946,-0.2045,-1.652,0.0,-0.5,0.0,0.1947,-0.3918,-0.3904,0.0,1.0,0.0,0.0,0.0,-1.791,0.328076,,,
-0.4204,-0.3572,-0.00947,0.1976,-0.3481,0.2856,0.2683,0.0,1.0,-0.00745,0.03111,-0.52,0.0,0.968,-0.2993,-0.0525,0.01374,-0.338,-0.518,0.5108,-0.1841,-1.076,0.4778,0.2754,-0.159,-0.1865,0.0,0.0,-0.1696,0.0,-0.2998,0.0677,-0.225,0.5103,1.0,0.0,0.0,-0.06964,-0.2102,-0.1635,1.0,0.0,0.0,0.0,0.0,0.5728,-0.0196342399999999,,,
-0.3374,-0.951,-0.1631,0.1764,2.434,0.1428,0.2683,0.0,1.0,0.1547,0.1847,-0.5396,0.0,0.9683,0.6743,-0.10913,-0.012535,-0.907,-0.521,-1.3939,-0.1764,0.5103,-1.076,0.4778,-0.1681,-0.1853,0.0,0.0,-0.1698,0.0,-0.343,-0.922,0.4622,-3.021,1.0,-0.5,-0.5,0.5776,-0.752,-0.888,0.0,1.0,0.0,0.0,0.0,-3.336,-0.3608222399999999,,,
-0.2798,-1.056,-0.206,0.1537,0.262,0.0,0.2683,0.0,1.0,0.2056,0.2275,-0.5454,0.0,0.9683,-0.03049,-0.1721,-0.0479,-1.011,-0.524,-0.4059,-0.1461,-1.393,0.5103,-1.076,-0.1775,-0.1853,0.0,0.0,-0.1709,0.0,-0.355,-0.97,0.4915,-0.591,0.0,-0.5,-0.5,0.7163,-0.8545,-1.004,0.0,2.0,0.0,0.0,0.0,-0.682,-0.927296,,,
0.05136,-1.503,-0.3335,0.1213,0.6235,-0.1428,0.2603,0.0,0.0,0.3762,0.3489,-0.5615,0.0,0.9688,2.906,-0.2115,-0.094,-1.379,-0.53,-1.2339,-0.0723,-0.406,-1.393,0.5103,-0.1876,-0.1859,0.0,0.0,-0.1727,0.0,-0.3909,-1.191,0.6333,-2.982,-1.0,-0.5,-1.0,1.25,-1.284,-1.282,0.0,3.0,0.0,0.0,0.0,-3.486,-0.5265239999999999,,,
0.1589,-1.608,-0.3853,0.08673,0.2124,-0.2856,0.252,0.0,0.0,0.4465,0.4036,-0.5684,0.0,0.969,1.036,-0.1923,-0.1361,-1.438,-0.5356,-0.5282,0.02399,-1.233,-0.406,-1.393,-0.2004,-0.1873,0.0,0.0,-0.1755,0.0,-0.4058,-1.238,0.6606,-1.071,-1.0,-1.0,-1.0,1.384,-1.401,-1.27,0.0,4.0,0.0,0.0,0.0,-1.304,0.418056,,,
0.2269,-0.731,-0.2122,0.06204,-0.4807,-0.4285,0.2439,0.0,0.0,0.2527,0.1925,-0.5464,0.0,0.9697,0.399,-0.1387,-0.1691,-0.579,-0.538,1.7661,0.04492,-0.5283,-1.233,-0.406,-0.2092,-0.1873,0.0,0.0,-0.1769,0.0,-0.357,-0.7935,0.3645,2.56,-1.0,-0.5,-1.0,0.6123,-0.4343,-0.6777,1.0,0.0,1.0,0.0,9.375,3.166,0.1062599999999999,,,
0.2683,-0.453,-0.1698,0.04065,-0.324,-0.5713,0.2439,0.0,1.0,0.2104,0.142,-0.5405,0.0,0.97,0.709,-0.0691,-0.19,-0.3152,-0.54,0.4125,0.05774,1.765,-0.5283,-1.233,-0.2128,-0.1871,0.0,0.0,-0.1781,0.0,-0.345,-0.663,0.2769,0.848,0.0,0.0,-0.5,0.4175,-0.2064,-0.5205,2.0,0.0,0.0,0.0,0.0,0.994,0.3856412,,,
0.2102,0.0653,-0.0678,0.02817,-1.356,-0.5713,0.2439,1.0,1.0,0.1005,0.03827,-0.5273,0.0,0.9707,-0.02068,0.001571,-0.1866,0.2092,-0.5415,0.9815,0.04562,0.412,1.765,-0.5283,-0.2146,-0.1865,0.0,0.0,-0.18,0.0,-0.3162,-0.3882,0.09326,1.794,1.0,0.0,0.0,0.04224,0.2495,-0.1852,3.0,0.0,0.0,0.0,0.0,2.076,-0.6099559999999998,,,
0.362,-0.4548,-0.2028,0.003864,-3.656,-0.7144,0.2439,0.0,1.0,0.2534,0.1708,-0.545,0.0,0.971,0.6064,0.06744,-0.1666,-0.3433,-0.5435,-1.2539,0.0506,0.981,0.412,1.765,-0.216,-0.187,0.0,0.0,-0.1833,0.0,-0.3542,-0.647,0.261,-1.63,1.0,-0.5,-0.5,0.6367,-0.2405,-0.5576,0.0,1.0,0.0,0.0,0.0,-1.83,0.142296,,,
0.4568,-0.666,-0.272,-0.02309,0.738,-0.857,0.2357,0.0,0.0,0.3376,0.2421,-0.554,0.0,0.9717,0.02591,0.1278,-0.1316,-0.584,-0.546,-0.6769000000000001,0.0652,-1.254,0.981,0.412,-0.2181,-0.1879,0.0,0.0,-0.1874,0.0,-0.3738,-0.701,0.2913,-1.014,1.0,-0.5,-0.5,0.8765,-0.515,-0.705,0.0,2.0,0.0,0.0,0.0,-1.185,0.1375415999999999,,,
0.4084,-0.3374,-0.2139,-0.0373,-0.4673,-0.857,0.2277,0.0,0.0,0.269,0.1794,-0.5464,0.0,0.972,0.0952,0.1782,-0.08923,-0.2421,-0.548,0.5680999999999999,0.06207,-0.677,-1.254,0.981,-0.2142,-0.1885,0.0,0.0,-0.1907,0.0,-0.3577,-0.4307,0.1052,0.564,1.0,-0.5,0.0,0.598,-0.2043,-0.492,1.0,0.0,0.0,0.0,0.0,0.673,-0.3857018799999999,,,
0.5103,-0.5273,-0.273,-0.05804,0.9277,-0.857,0.2195,0.0,0.0,0.343,0.2386,-0.554,0.0,0.9727,0.524,0.209,-0.04456,-0.4573,-0.55,-0.5824,0.05435,0.568,-0.677,-1.254,-0.2107,-0.1896,0.0,0.0,-0.1952,0.0,-0.3745,-0.58,0.2043,-0.807,0.0,-0.5,-0.5,0.822,-0.4167,-0.622,0.0,1.0,0.0,0.0,0.0,-0.9463,-0.1719064,,,
0.537,-0.3313,-0.2517,-0.0812,-0.3367,-1.0,0.2114,0.0,0.0,0.321,0.2118,-0.552,0.0,0.973,0.0808,0.2206,0.0011015,-0.2852,-0.552,0.1979,0.0345,-0.582,0.568,-0.677,-0.212,-0.1907,0.0,0.0,-0.1993,0.0,-0.369,-0.6514,0.2578,0.384,0.0,0.0,-0.5,0.642,-0.3357,-0.5195,1.0,0.0,0.0,0.0,0.0,0.4587,-0.6940683999999999,,,
0.631,-0.6323,-0.3328,-0.101,1.422,-1.0,0.2032,0.0,0.0,0.4216,0.3,-0.5625,0.0,0.9736,0.9707,0.2156,0.04828,-0.561,-0.555,-0.8104,0.02858,0.1976,-0.582,0.568,-0.2177,-0.1919,0.0,0.0,-0.2042,0.0,-0.392,-0.5996,0.2107,-2.047,0.0,0.0,-0.5,0.9683,-0.631,-0.7197,0.0,1.0,0.0,0.0,0.0,-2.43,0.2818159999999999,,,
0.6987,-0.491,-0.324,-0.1249,-0.141,-1.0,0.1951,0.0,0.0,0.4167,0.284,-0.5615,0.0,0.974,0.7124,0.1777,0.0902,-0.442,-0.557,0.0757,-0.002886,-0.8105,0.1976,-0.582,-0.2263,-0.1935,0.0,0.0,-0.2094,0.0,-0.3901,-0.713,0.2922,0.1643,1.0,0.5,-0.5,0.8,-0.6084,-0.6533,1.0,0.0,0.0,0.0,0.0,0.2002,-0.379368,,,
0.61,-0.6924,-0.3806,-0.1414,0.6587,-1.0,0.187,0.0,0.0,0.477,0.3606,-0.569,0.0,0.974,-0.3135,0.1329,0.1244,-0.647,-0.559,-0.5779,-0.02322,0.07556,-0.8105,0.1976,-0.2324,-0.1957,0.0,0.0,-0.2148,0.0,-0.4062,-0.5693,0.1827,-0.6245,0.0,0.0,-0.5,1.001,-0.792,-0.792,0.0,1.0,0.0,0.0,0.0,-0.759,0.2662748,,,
0.639,-0.4297,-0.3345,-0.1511,-0.3262,-1.0,0.1788,0.0,0.0,0.4243,0.3013,-0.563,0.0,0.9746,0.7837,0.07385,0.1488,-0.378,-0.5605,0.4611,-0.03128,-0.578,0.07556,-0.8105,-0.2347,-0.1979,0.0,0.0,-0.2185,0.0,-0.3936,-0.384,0.0561,0.6206,1.0,0.0,0.0,0.693,-0.562,-0.587,1.0,0.0,0.0,0.0,0.0,0.7686,-0.33292,,,
0.4226,-0.5947,-0.3708,-0.1534,0.64,-1.0,0.1708,0.0,0.0,0.4502,0.364,-0.568,0.0,0.975,0.10175,0.0295,0.1538,-0.568,-0.5605,-0.3786,-0.05005,0.4607,-0.578,0.07556,-0.2402,-0.2017,0.0,0.0,-0.223,0.0,-0.404,-0.2041,-0.07697,-0.4822,0.0,-0.5,0.0,0.7983,-0.6816,-0.671,0.0,1.0,0.0,0.0,0.0,-0.5884,0.1482544,,,
0.3076,0.0202,-0.2327,-0.142,-1.146,-0.857,0.1626,1.0,0.0,0.2817,0.209,-0.5503,0.0,0.9756,-0.2932,-0.00658,0.1367,0.02937,-0.559,1.4051,-0.1272,-0.3784,0.4607,-0.578,-0.2391,-0.2041,0.0,0.0,-0.2266,0.0,-0.3652,0.2069,-0.3533,1.582,1.0,0.0,0.5,0.1548,-0.0591,-0.1134,1.0,0.0,0.0,0.0,0.0,1.953,-0.14906,,,
0.1958,-0.1373,-0.2693,-0.1464,-1.524,-0.857,0.1544,0.0,0.0,0.3137,0.2605,-0.555,0.0,0.976,-0.1578,-0.04483,0.10333,-0.1326,-0.559,-0.3671,-0.1608,1.404,-0.3784,0.4607,-0.24,-0.207,0.0,0.0,-0.229,0.0,-0.376,-0.2588,-0.02539,-0.3435,0.0,0.0,0.0,0.3022,-0.2147,-0.2368,0.0,1.0,0.0,0.0,0.0,-0.4062,-0.3898048,,,
0.1844,-0.4707,-0.3506,-0.1597,6.492,-0.857,0.1464,0.0,0.0,0.407,0.3586,-0.5654,0.0,0.9766,0.09424,-0.08124,0.05173,-0.4712,-0.561,-0.8169,-0.2227,-0.367,1.404,-0.3784,-0.2407,-0.2103,0.0,0.0,-0.2332,0.0,-0.3992,-0.543,0.1672,-0.908,0.0,-0.5,-0.5,0.6206,-0.5596,-0.609,0.0,2.0,0.0,0.0,0.0,-1.087,0.2573419999999998,,,
0.12067,-0.0761,-0.2844,-0.1769,-0.9497,-0.857,0.1382,1.0,0.0,0.3247,0.2844,-0.557,0.0,0.977,-0.1831,-0.11475,0.001206,-0.06903,-0.5635,0.6607,-0.238,-0.8164,-0.367,1.404,-0.2397,-0.2135,0.0,0.0,-0.2347,0.0,-0.3809,-0.653,0.2537,0.6763,0.0,0.0,-0.5,0.2717,-0.2737,-0.2256,1.0,0.0,0.0,0.0,0.0,0.83,0.2613648000000001,,,
0.015495,0.1608,-0.239,-0.1807,18.77,-0.7144,0.1301,1.0,0.0,0.2654,0.2405,-0.5513,0.0,0.9775,-0.352,-0.152,-0.05545,0.1807,-0.564,0.4481,-0.2444,0.66,-0.8164,-0.367,-0.2352,-0.2163,0.0,0.0,-0.2354,0.0,-0.3682,-0.2295,-0.04297,0.4766,1.0,0.0,0.0,0.06445,-0.08594,0.04468,2.0,0.0,0.0,0.0,0.0,0.573,-0.6869799999999998,,,
0.08777,-0.3674,-0.3538,-0.187,-2.2,-0.7144,0.12195,0.0,0.0,0.4028,0.3704,-0.5664,0.0,0.978,0.3203,-0.189,-0.0962,-0.3533,-0.565,-1.1289,-0.2379,0.4478,0.66,-0.8164,-0.2361,-0.2198,0.0,0.0,-0.2357,0.0,-0.4006,-0.3374,0.01979,-1.27,0.0,0.0,0.0,0.5664,-0.5405,-0.597,0.0,1.0,0.0,0.0,0.0,-1.507,-0.4508415999999999,,,
0.1737,-0.7603,-0.4504,-0.2053,1.601,-0.7144,0.11383,0.0,0.0,0.529,0.4858,-0.579,0.0,0.9785,0.6016,-0.2218,-0.1201,-0.7817,-0.566,-0.9919,-0.2095,-1.129,0.4478,0.66,-0.2389,-0.2244,0.0,0.0,-0.2367,0.0,-0.428,-0.705,0.27,-0.985,0.0,-0.5,-0.5,0.971,-0.9106,-1.048,0.0,2.0,0.0,0.0,0.0,-1.212,0.2906784,,,
0.1012,-0.5127,-0.409,-0.2156,-0.2563,-0.7144,0.1057,0.0,0.0,0.4707,0.4382,-0.5737,0.0,0.979,-0.008896,-0.249,-0.1405,-0.527,-0.5674,0.4203,-0.1954,-0.9917,-1.129,0.4478,-0.2449,-0.2284,0.0,0.0,-0.2391,0.0,-0.4167,-0.4692,0.10675,0.3867,1.0,0.0,0.0,0.728,-0.6357,-0.76,1.0,0.0,0.0,0.0,0.0,0.4907,-0.436184,,,
0.1512,-0.627,-0.4448,-0.2299,0.4165,-0.7144,0.09753,0.0,0.0,0.5195,0.4802,-0.5786,0.0,0.9795,0.5337,-0.2632,-0.158,-0.646,-0.5693,-0.3889,-0.1869,0.42,-0.9917,-1.129,-0.251,-0.2318,0.0,0.0,-0.2426,0.0,-0.4272,-0.6025,0.1973,-0.3838,0.0,-0.5,-0.5,0.8174,-0.7725,-0.8584,0.0,1.0,0.0,0.0,0.0,-0.481,0.7734919999999998,,,
0.03683,-0.192,-0.3582,-0.2317,-0.7188,-0.7144,0.0894,0.0,0.0,0.404,0.38,-0.5674,0.0,0.98,-0.2522,-0.2632,-0.1791,-0.2091,-0.57,0.8921,-0.2625,-0.3887,0.42,-0.9917,-0.2515,-0.2349,0.0,0.0,-0.2462,0.0,-0.4033,-0.1921,-0.0851,0.9907,0.0,0.0,0.0,0.4272,-0.2861,-0.423,1.0,0.0,0.0,0.0,0.0,1.257,0.3064628,,,
-0.03705,0.009,-0.3171,-0.2316,-1.808,-0.5713,0.0813,1.0,0.0,0.3499,0.3362,-0.5625,0.0,0.98,0.052,-0.2593,-0.2035,-0.00867,-0.57,0.4085,-0.2861,0.8916,-0.3887,0.42,-0.2527,-0.2379,0.0,0.0,-0.2478,0.0,-0.392,-0.1122,-0.1372,0.3496,1.0,0.0,0.0,0.2292,-0.1021,-0.1412,2.0,0.0,0.0,0.0,0.0,0.4314,-0.1130496,,,
-0.0497,-0.00879,-0.3164,-0.2267,-0.07715,-0.4285,0.0732,1.0,0.0,0.348,0.3364,-0.5625,0.0,0.9805,-0.423,-0.2576,-0.2297,-0.02675,-0.5693,0.0001,-0.292,0.4082,0.8916,-0.3887,-0.2556,-0.2401,0.0,0.0,-0.2485,0.0,-0.392,0.03114,-0.2395,0.0,1.0,0.0,0.0,0.2012,-0.1208,-0.1201,0.0,0.0,0.0,0.0,0.0,0.0,0.9497340000000004,,,
-0.11676,0.6426,-0.1727,-0.215,9.73,-0.2856,0.0732,1.0,1.0,0.1826,0.177,-0.544,0.0,0.981,0.6934,-0.2625,-0.261,0.6006,-0.568,1.4371,-0.284,0.0,0.4082,0.8916,-0.2499,-0.2416,0.0,0.0,-0.2483,0.0,-0.3518,0.2386,-0.3699,1.923,1.0,0.5,0.0,-0.3105,0.5083,0.8013,1.0,0.0,0.0,0.0,0.0,2.342,0.1075023999999999,,,
-0.1384,0.722,-0.1401,-0.198,0.2512,-0.1428,0.0732,1.0,1.0,0.1465,0.1433,-0.5396,0.0,0.9814,-0.0759,-0.2764,-0.2957,0.7007,-0.5664,0.3136,-0.2474,1.437,0.0,0.4082,-0.2399,-0.2416,0.0,0.0,-0.2471,0.0,-0.3425,0.3992,-0.4805,0.3228,2.0,0.5,0.5,-0.4353,0.526,0.858,2.0,0.0,0.0,0.0,0.0,0.3762,0.0316263999999999,,,
-0.1827,0.704,-0.1378,-0.1918,0.10925,-0.1428,0.0732,1.0,1.0,0.1406,0.1445,-0.5396,0.0,0.982,-0.01683,-0.3088,-0.3284,0.696,-0.566,0.0239799999999999,-0.2179,0.3135,1.437,0.0,-0.2311,-0.2412,0.0,0.0,-0.2458,0.0,-0.3418,0.12354,-0.2834,0.02042,2.0,0.5,0.5,-0.4075,0.4585,0.7676,3.0,0.0,0.0,0.0,0.0,0.02357,-0.1160523999999999,,,
-0.2003,0.5923,-0.1534,-0.184,-0.01889,0.0,0.0732,1.0,1.0,0.1556,0.163,-0.5415,0.0,0.9824,-0.4934,-0.3464,-0.3516,0.593,-0.565,-0.1431,-0.1926,0.02388,0.3135,1.437,-0.2216,-0.24,0.0,0.0,-0.244,0.0,-0.3462,0.1908,-0.3333,-0.1221,1.0,0.5,0.5,-0.3347,0.3125,0.595,0.0,1.0,0.0,0.0,0.0,-0.1409,-0.0513208,,,
-0.2015,0.4338,-0.174,-0.1711,-0.1178,0.1428,0.0732,1.0,1.0,0.1772,0.1854,-0.544,0.0,0.983,-0.0948,-0.3716,-0.3677,0.4531,-0.564,-0.1917,-0.1769,-0.1432,0.02388,0.3135,-0.2156,-0.2384,0.0,0.0,-0.2424,0.0,-0.3518,0.3992,-0.4844,-0.1533,1.0,0.5,0.5,-0.2416,0.1683,0.4397,0.0,2.0,0.0,0.0,0.0,-0.1776,-0.4136909200000001,,,
-0.1431,0.1716,-0.2242,-0.1669,-0.4106,0.1428,0.06506,1.0,0.0,0.2363,0.2367,-0.5503,0.0,0.9834,0.2615,-0.37,-0.377,0.1766,-0.563,-0.4823,-0.1799,-0.1918,-0.1432,0.02388,-0.2125,-0.2386,0.0,0.0,-0.2407,0.0,-0.366,0.0634,-0.251,-0.433,0.0,0.0,0.0,-0.01805,-0.05908,0.1676,0.0,3.0,0.0,0.0,0.0,-0.505,0.0133895999999999,,,
-0.12286,0.2367,-0.2087,-0.1647,0.408,0.1428,0.06506,1.0,1.0,0.221,0.2175,-0.5483,0.0,0.984,-0.02121,-0.3618,-0.3813,0.2385,-0.563,0.1470999999999999,-0.1764,-0.4822,-0.1918,-0.1432,-0.2089,-0.2391,0.0,0.0,-0.2394,0.0,-0.3616,-0.02388,-0.1869,0.1399,0.0,0.5,0.0,-0.1169,-0.0607,0.2101,1.0,0.0,0.0,0.0,0.0,0.1655,-0.4339835999999999,,,
-0.101,-0.2175,-0.2983,-0.1597,-1.394,0.1428,0.05692,0.0,0.0,0.323,0.319,-0.56,0.0,0.9844,0.01336,-0.349,-0.3865,-0.2092,-0.5625,-0.8773,-0.1837,0.1469,-0.4822,-0.1918,-0.213,-0.2412,0.0,0.0,-0.2388,0.0,-0.387,0.06018,-0.258,-0.9224,-1.0,0.0,0.0,0.2495,-0.451,-0.2378,0.0,1.0,0.0,0.0,0.0,-1.087,0.1878144,,,
-0.1355,-0.05365,-0.2493,-0.1431,-1.152,0.2856,0.04877,1.0,0.0,0.2646,0.2646,-0.554,0.0,0.985,0.3364,-0.3303,-0.3967,-0.01308,-0.5615,0.4764,-0.1863,-0.8774,0.1469,-0.4822,-0.2167,-0.2417,0.0,0.0,-0.239,0.0,-0.3735,0.583,-0.6255,1.22,0.0,0.0,0.5,0.04083,-0.2245,0.001997,1.0,0.0,0.0,0.0,0.0,1.478,-0.081116,,,
-0.1367,-0.2407,-0.2786,-0.1323,-7.098,0.2856,0.04065,0.0,0.0,0.2974,0.2986,-0.558,0.0,0.9854,-0.2441,-0.309,-0.401,-0.204,-0.56,-0.2963,-0.1865,0.476,-0.8774,0.1469,-0.2214,-0.242,0.0,0.0,-0.2394,0.0,-0.382,0.3438,-0.4583,-0.2566,0.0,0.0,0.0,0.155,-0.3513,-0.1399,0.0,1.0,0.0,0.0,0.0,-0.3062,-0.7518571999999999,,,
-0.06537,-0.8667,-0.4055,-0.128,4.33,0.2856,0.03253,0.0,0.0,0.4536,0.4478,-0.574,0.0,0.986,0.05835,-0.3062,-0.4004,-0.7993,-0.5605,-1.2709,-0.1718,-0.2961,0.476,-0.8774,-0.2299,-0.2437,0.0,0.0,-0.2401,0.0,-0.418,0.006775,-0.2336,-1.996,0.0,-0.5,0.0,0.6987,-0.87,-0.727,0.0,2.0,0.0,1.0,-5.156,-2.404,-0.6983136000000001,,,
-0.0188,-1.1875,-0.4797,-0.1364,0.57,0.2856,0.02438,0.0,0.0,0.551,0.5405,-0.584,0.0,0.986,0.325,-0.3206,-0.3972,-1.12,-0.562,-0.7789,-0.1301,-1.2705,-0.2961,0.476,-0.2401,-0.2455,0.0,0.0,-0.2426,0.0,-0.4392,-0.4976,0.11707,-1.028,-1.0,-1.0,-0.5,0.9907,-1.131,-0.949,0.0,3.0,0.0,0.0,0.0,-1.29,0.136048,,,
-0.005444,-1.156,-0.4834,-0.1482,0.1031,0.1428,0.01627,0.0,0.0,0.556,0.544,-0.585,0.0,0.9863,0.2607,-0.3489,-0.3972,-1.069,-0.564,-0.05312,-0.09827,-0.7783,-1.2705,-0.2961,-0.2489,-0.2474,0.0,0.0,-0.2456,0.0,-0.4407,-0.669,0.2389,-0.0726,-1.0,-1.5,-1.0,0.929,-1.057,-0.863,0.0,4.0,0.0,0.0,0.0,-0.0934,0.0220824,,,
0.01863,-1.101,-0.4817,-0.1599,0.07776,0.0,0.00813,0.0,0.0,0.556,0.54,-0.585,0.0,0.987,-0.07434,-0.3774,-0.397,-1.007,-0.566,0.0001,-0.0694,-0.0532,-0.7783,-1.2705,-0.258,-0.2489,0.0,0.0,-0.2472,0.0,-0.4404,-0.669,0.2389,0.0,-2.0,-1.5,-1.0,0.773,-1.052,-0.7935,0.0,0.0,0.0,0.0,0.0,0.0,-0.5662607999999999,,,
0.02725,-1.249,-0.5356,-0.1874,0.2896,-0.1428,0.0,0.0,0.0,0.6284,0.613,-0.592,0.0,0.9873,0.664,-0.3618,-0.3906,-1.146,-0.5693,-0.5863,-0.03824,0.0,-0.0532,-0.7783,-0.2664,-0.2507,0.0,0.0,-0.2484,0.0,-0.456,-1.473,0.838,-0.882,-2.0,-1.5,-1.5,0.964,-1.222,-0.9336,0.0,1.0,0.0,0.0,0.0,-1.137,0.8763599999999997,,,
-0.0014925,-0.644,-0.4312,-0.21,-0.4204,-0.2856,-0.00813,0.0,0.0,0.4905,0.4753,-0.5786,0.0,0.988,0.3691,-0.3098,-0.3757,-0.54,-0.5723,1.1131,-0.0316,-0.586,0.0,-0.0532,-0.2725,-0.2512,0.0,0.0,-0.2489,0.0,-0.427,-1.121,0.5674,1.437,-1.0,-1.0,-1.5,0.468,-0.5884,-0.5547,1.0,0.0,0.0,0.0,0.0,1.885,-0.0947759999999999,,,
0.003834,-0.6333,-0.4507,-0.2346,0.1125,-0.4285,-0.01627,0.0,0.0,0.5156,0.5005,-0.581,0.0,0.9883,0.0478,-0.2473,-0.3547,-0.554,-0.5747,-0.2099,-0.02719,1.112,-0.586,0.0,-0.2786,-0.2524,0.0,0.0,-0.2491,0.0,-0.4326,-1.169,0.5986,-0.281,-1.0,-1.5,-2.0,0.5195,-0.6343,-0.6177,0.0,1.0,0.0,0.0,0.0,-0.3562,0.2082199999999999,,,
-0.00805,-0.3052,-0.4016,-0.254,-0.502,-0.5713,-0.02438,0.0,0.0,0.4531,0.438,-0.575,0.0,0.989,-0.2664,-0.1853,-0.3286,-0.251,-0.576,0.5021,-0.02103,-0.2098,1.112,-0.586,-0.2786,-0.253,0.0,0.0,-0.2498,0.0,-0.4192,-0.9194,0.4268,0.472,0.0,-1.0,-1.5,0.2866,-0.3608,-0.4375,1.0,0.0,0.0,0.0,0.0,0.6025,0.174296,,,
-0.0328,-0.2083,-0.398,-0.2715,-0.3293,-0.7144,-0.03253,0.0,0.0,0.4468,0.4355,-0.5747,0.0,0.9893,-0.2998,-0.1306,-0.2993,-0.1858,-0.5776,0.0260999999999999,-0.01476,0.5015,-0.2098,1.112,-0.2764,-0.2544,0.0,0.0,-0.251,0.0,-0.4185,-0.8677,0.3904,0.01817,1.0,-1.0,-1.0,0.2319,-0.3555,-0.409,2.0,0.0,0.0,0.0,0.0,0.02284,0.2616532,,,
-0.1054,0.1056,-0.3442,-0.2812,-2.51,-0.7144,-0.04065,1.0,0.0,0.3762,0.3748,-0.568,0.0,0.9897,-0.733,-0.08795,-0.2695,0.11206,-0.5786,0.5455,-0.01399,0.026,0.5015,-0.2098,-0.272,-0.2551,0.0,0.0,-0.2515,0.0,-0.4038,-0.532,0.1575,0.649,2.0,-0.5,-0.5,0.01659,-0.0907,-0.2214,3.0,0.0,0.0,0.0,0.0,0.815,0.0151384,,,
-0.1271,0.1724,-0.341,-0.2922,0.515,-0.7144,-0.04877,1.0,0.0,0.3706,0.3726,-0.5674,0.0,0.99,-0.2201,-0.05643,-0.2401,0.1549,-0.5796,0.02564,-0.03378,0.5454,0.026,0.5015,-0.2676,-0.2551,0.0,0.0,-0.2534,0.0,-0.403,-0.582,0.1931,0.02785,2.0,0.0,-0.5,-0.03305,-0.1343,-0.184,4.0,0.0,0.0,0.0,0.0,0.0344,-0.1472296,,,
-0.1575,0.1111,-0.3574,-0.2966,-0.12476,-0.5713,-0.05692,1.0,0.0,0.3877,0.3953,-0.57,0.0,0.9907,-0.2788,-0.03674,-0.2133,0.09515,-0.58,-0.1786,-0.0674,0.02553,0.5454,0.026,-0.262,-0.256,0.0,0.0,-0.2563,0.0,-0.408,-0.373,0.0419,-0.1832,2.0,0.0,-0.5,0.02878,-0.2316,-0.2108,0.0,1.0,0.0,0.0,0.0,-0.226,-0.5898823999999998,,,
-0.1858,-0.1633,-0.4246,-0.3103,-1.391,-0.7144,-0.06506,0.0,0.0,0.4673,0.482,-0.5786,0.0,0.991,-0.3564,-0.02116,-0.1818,-0.1449,-0.5825,-0.6929,-0.1036,-0.1786,0.02553,0.5454,-0.262,-0.2576,0.0,0.0,-0.2598,0.0,-0.427,-0.7773,0.3218,-0.7383,1.0,0.0,-1.0,0.3303,-0.504,-0.4312,0.0,2.0,0.0,0.0,0.0,-0.916,0.207672,,,
-0.2362,0.1207,-0.3752,-0.3176,-3.566,-0.5713,-0.0732,1.0,0.0,0.4028,0.4238,-0.5723,0.0,0.991,-0.565,-0.02989,-0.1545,0.1293,-0.5835,0.4986,-0.149,-0.693,-0.1786,0.02553,-0.2598,-0.258,0.0,0.0,-0.2627,0.0,-0.4136,-0.4873,0.12085,0.336,1.0,0.5,-0.5,0.06055,-0.31,-0.197,1.0,0.0,0.0,0.0,0.0,0.4263,-0.1050676,,,
-0.2551,0.0677,-0.3848,-0.3167,-0.1472,-0.4285,-0.0813,1.0,0.0,0.4126,0.437,-0.5737,0.0,0.9917,0.317,-0.0562,-0.1338,0.10364,-0.584,-0.10323,-0.1959,0.4983,-0.693,-0.1786,-0.2593,-0.2578,0.0,0.0,-0.2654,0.0,-0.4163,-0.073,-0.176,-0.1209,0.0,0.5,-0.5,0.06195,-0.383,-0.1996,0.0,1.0,0.0,0.0,0.0,-0.151,-0.285842,,,
-0.2212,-0.1279,-0.4197,-0.3123,-1.27,-0.4285,-0.0894,0.0,0.0,0.4583,0.4785,-0.578,0.0,0.992,0.532,-0.10315,-0.1236,-0.09735,-0.5835,-0.3627,-0.2278,-0.1033,0.4983,-0.693,-0.2603,-0.258,0.0,0.0,-0.2678,0.0,-0.4263,0.11584,-0.3152,-0.5566,-1.0,0.0,-0.5,0.215,-0.5103,-0.3403,0.0,2.0,0.0,0.0,0.0,-0.6978,0.3257500000000001,,,
-0.2593,0.15,-0.3557,-0.303,-6.242,-0.2856,-0.09753,1.0,0.0,0.3777,0.4016,-0.5703,0.0,0.9927,-0.3428,-0.1624,-0.12366,0.1691,-0.582,0.6554,-0.2778,-0.3628,-0.1033,0.4983,-0.261,-0.2576,0.0,0.0,-0.2698,0.0,-0.4087,0.3735,-0.4912,0.7266,0.0,0.5,0.0,-0.03592,-0.1774,0.07477,1.0,0.0,0.0,0.0,0.0,0.9204,0.0785564,,,
-0.2786,0.1793,-0.3398,-0.292,0.2686,-0.1428,-0.1057,1.0,0.0,0.3572,0.3838,-0.5684,0.0,0.993,-0.2827,-0.2349,-0.1324,0.2072,-0.5815,0.1543,-0.2927,0.6553,-0.3628,-0.1033,-0.261,-0.2576,0.0,0.0,-0.2705,0.0,-0.4043,0.4211,-0.5234,0.11334,1.0,0.5,0.5,-0.1135,-0.14,0.2057,2.0,0.0,0.0,0.0,0.0,0.1407,0.031468,,,
-0.3376,0.1709,-0.3267,-0.2761,0.0989,0.0,-0.11383,1.0,0.0,0.337,0.3726,-0.5664,0.0,0.9937,-0.1266,-0.2944,-0.1528,0.1979,-0.5796,0.1278999999999999,-0.3286,0.154,0.6553,-0.3628,-0.2603,-0.2578,0.0,0.0,-0.2717,0.0,-0.401,0.7617,-0.765,0.10394,1.0,0.5,1.0,-0.2006,-0.1471,0.3835,3.0,0.0,0.0,0.0,0.0,0.1284,0.1875719999999999,,,
-0.3733,0.1954,-0.3132,-0.267,0.2378,0.1428,-0.12195,1.0,0.0,0.3186,0.3596,-0.565,0.0,0.994,-0.06726,-0.3362,-0.1871,0.2086,-0.578,0.1273999999999999,-0.3506,0.1278,0.154,0.6553,-0.2568,-0.258,0.0,0.0,-0.2722,0.0,-0.3972,0.469,-0.5547,0.1267,2.0,0.5,1.0,-0.2412,-0.11273,0.557,4.0,0.0,0.0,0.0,0.0,0.1559,-0.4004399999999998,,,
-0.3472,-0.1543,-0.3782,-0.2612,-1.217,0.1428,-0.1301,0.0,0.0,0.3975,0.4368,-0.573,0.0,0.9946,0.02264,-0.3572,-0.2288,-0.1517,-0.577,-0.6596,-0.35,0.1273,0.1278,0.154,-0.257,-0.2598,0.0,0.0,-0.2722,0.0,-0.4155,0.1953,-0.3672,-0.634,2.0,0.0,1.0,0.04843,-0.3997,0.01071,0.0,1.0,0.0,0.0,0.0,-0.7773,-0.6944247999999998,,,
-0.2205,-0.6396,-0.4805,-0.2659,7.246,0.1428,-0.1382,0.0,0.0,0.535,0.558,-0.587,0.0,0.995,0.8066,-0.3694,-0.275,-0.623,-0.578,-1.0619,-0.3442,-0.659,0.1273,0.1278,-0.2603,-0.2627,0.0,0.0,-0.2725,0.0,-0.4446,-0.482,0.10333,-1.981,1.0,0.0,0.5,0.5317,-0.7944,-0.8184,0.0,2.0,0.0,0.0,0.0,-2.48,-0.2773932,,,
-0.2067,-0.7725,-0.514,-0.2737,0.3875,0.1428,-0.1464,0.0,0.0,0.5806,0.602,-0.5913,0.0,0.9956,-0.361,-0.3774,-0.3193,-0.741,-0.58,-0.3749,-0.3267,-1.062,-0.659,0.1273,-0.2637,-0.2659,0.0,0.0,-0.273,0.0,-0.4543,-0.61,0.1906,-0.4888,0.0,0.0,0.0,0.6294,-0.9146,-1.018,0.0,3.0,0.0,0.0,0.0,-0.633,0.3553560000000001,,,
-0.2206,-0.4617,-0.4587,-0.2815,-0.3474,0.0,-0.1544,0.0,0.0,0.5073,0.5293,-0.5845,0.0,0.996,-0.544,-0.382,-0.3655,-0.4333,-0.581,0.5694,-0.3274,-0.3748,-1.062,-0.659,-0.2673,-0.2683,0.0,0.0,-0.273,0.0,-0.4395,-0.61,0.197,0.5645,0.0,0.0,0.0,0.3628,-0.576,-0.621,1.0,0.0,1.0,0.0,3.002,0.7393,-0.32894,,,
-0.1874,-0.641,-0.505,-0.293,0.637,-0.1428,-0.1626,0.0,0.0,0.57,0.5884,-0.591,0.0,0.9966,-0.3625,-0.3801,-0.3962,-0.6,-0.583,-0.5059,-0.3315,0.569,-0.3748,-1.062,-0.273,-0.2712,0.0,0.0,-0.273,0.0,-0.453,-0.757,0.296,-0.5967,-1.0,0.0,-0.5,0.557,-0.742,-1.001,0.0,1.0,0.0,1.0,-2.717,-0.768,0.2387656,,,
-0.1744,-0.525,-0.4905,-0.3027,-0.08826,-0.2856,-0.1708,0.0,0.0,0.5522,0.5674,-0.589,0.0,0.997,0.006252,-0.372,-0.414,-0.4924,-0.584,0.1354,-0.315,-0.506,0.569,-0.3748,-0.2786,-0.2737,0.0,0.0,-0.274,0.0,-0.4495,-0.6494,0.221,0.11694,0.0,0.5,0.0,0.4224,-0.663,-0.826,1.0,0.0,0.0,0.0,0.0,0.153,-0.160728,,,
-0.1698,-0.568,-0.504,-0.3079,0.2373,-0.2856,-0.1788,0.0,0.0,0.57,0.585,-0.591,0.0,0.997,-0.3276,-0.3616,-0.4219,-0.539,-0.585,-0.1615,-0.2966,0.1353,-0.506,0.569,-0.2854,-0.2761,0.0,0.0,-0.2747,0.0,-0.4536,-0.4878,0.1035,-0.1163,0.0,0.0,0.0,0.4324,-0.709,-0.8574,0.0,1.0,0.0,0.0,0.0,-0.1514,-0.1933867999999999,,,
-0.1735,-0.4812,-0.4941,-0.3162,-0.05704,-0.4285,-0.187,0.0,0.0,0.557,0.5728,-0.59,0.0,0.9976,-0.5337,-0.3484,-0.4216,-0.4673,-0.586,0.08134,-0.282,-0.1616,0.1353,-0.506,-0.2896,-0.278,0.0,0.0,-0.2761,0.0,-0.4514,-0.6997,0.2556,0.06335,1.0,0.0,0.0,0.356,-0.6304,-0.736,1.0,0.0,0.0,0.0,0.0,0.08295,-0.1385776,,,
-0.2448,-0.4004,-0.485,-0.3237,-0.0829,-0.5713,-0.1951,0.0,0.0,0.5396,0.5664,-0.589,0.0,0.998,-0.434,-0.336,-0.4177,-0.4111,-0.5864,0.08115,-0.272,0.08124,-0.1616,0.1353,-0.29,-0.28,0.0,0.0,-0.2773,0.0,-0.4492,-0.624,0.2025,0.03683,1.0,0.0,0.5,0.2737,-0.574,-0.6343,2.0,0.0,0.0,0.0,0.0,0.0481,-0.5097548000000001,,,
-0.2212,-0.7803,-0.57,-0.3347,1.405,-0.5713,-0.2032,0.0,0.0,0.6543,0.681,-0.6,0.0,0.9985,0.2175,-0.3035,-0.4028,-0.7534,-0.589,-0.9159,-0.2454,0.081,0.08124,-0.1616,-0.2922,-0.2827,0.0,0.0,-0.2803,0.0,-0.4734,-0.7783,0.302,-1.139,1.0,-0.5,0.5,0.6416,-0.9326,-1.013,0.0,1.0,0.0,0.0,0.0,-1.483,-0.0122523999999999,,,
-0.1787,-1.088,-0.6494,-0.3567,0.603,-0.7144,-0.2114,0.0,0.0,0.7705,0.7935,-0.6104,0.0,0.999,-0.3145,-0.2502,-0.3745,-1.051,-0.592,-0.8876000000000001,-0.1938,-0.9155,0.081,0.08124,-0.2988,-0.285,0.0,0.0,-0.2842,0.0,-0.4958,-1.319,0.6787,-0.884,0.0,-0.5,0.0,0.9985,-1.225,-1.212,0.0,2.0,0.0,1.0,-5.082,-1.185,0.0218512,,,
-0.178,-1.034,-0.6606,-0.3809,0.07715,-0.857,-0.2195,0.0,0.0,0.786,0.8096,-0.612,0.0,0.9995,-0.2382,-0.1825,-0.3337,-0.988,-0.595,-0.1426,-0.1499,-0.887,-0.9155,0.081,-0.3044,-0.2866,0.0,0.0,-0.2878,0.0,-0.4993,-1.435,0.759,-0.1857,0.0,-0.5,-0.5,0.9683,-1.188,-1.084,0.0,3.0,0.0,0.0,0.0,-0.256,-0.03367864,,,
-0.2137,-0.8975,-0.6562,-0.4065,-0.02023,-1.0,-0.2277,0.0,0.0,0.7773,0.806,-0.612,0.0,1.0,-0.419,-0.1235,-0.2888,-0.888,-0.597,0.02876,-0.10944,-0.1426,-0.887,-0.9155,-0.3103,-0.2883,0.0,0.0,-0.291,0.0,-0.4985,-1.473,0.8057,0.02113,0.0,0.0,-0.5,0.8623,-1.086,-0.9385,1.0,0.0,0.0,0.0,0.0,0.02928,0.1845615999999999,,,
-0.2273,-0.7173,-0.6445,-0.4324,-0.10284,-1.143,-0.2357,0.0,0.0,0.7593,0.79,-0.6104,0.0,1.0,-0.02756,-0.07117,-0.239,-0.726,-0.6,0.11466,-0.08923,0.02866,-0.1426,-0.887,-0.3152,-0.2898,0.0,0.0,-0.2944,0.0,-0.4958,-1.473,0.819,0.1019,0.0,0.0,-0.5,0.704,-0.9844,-0.8076,2.0,0.0,0.0,0.0,0.0,0.1411,0.343584,,,
-0.286,-0.3862,-0.597,-0.4495,-0.4229,-1.143,-0.2439,0.0,0.0,0.687,0.725,-0.6045,0.0,1.001,-0.4702,-0.03558,-0.1901,-0.4058,-0.602,0.5138,-0.0866,0.1145,0.02866,-0.1426,-0.3188,-0.2905,0.0,0.0,-0.297,0.0,-0.483,-1.107,0.5327,0.367,1.0,0.5,0.0,0.3933,-0.725,-0.5806,3.0,0.0,0.0,0.0,0.0,0.5063,-0.0501848,,,
-0.3862,-0.3467,-0.5986,-0.4595,-0.005013,-1.143,-0.252,0.0,0.0,0.6816,0.736,-0.605,0.0,1.001,-0.3638,-0.00408,-0.1421,-0.3308,-0.6045,-0.02798,-0.0815,0.513,0.1145,0.02866,-0.323,-0.2922,0.0,0.0,-0.2996,0.0,-0.4836,-0.8276,0.3328,-0.01677,1.0,0.0,0.0,0.3462,-0.713,-0.5454,0.0,1.0,0.0,0.0,0.0,-0.02277,-0.1020479999999999,,,
-0.3699,-0.332,-0.603,-0.4668,0.0739,-1.143,-0.2603,0.0,0.0,0.6885,0.74,-0.6055,0.0,1.002,-0.07904,0.01776,-0.1017,-0.3113,-0.6055,-0.0561,-0.0949,-0.02808,0.513,0.1145,-0.3242,-0.2937,0.0,0.0,-0.3027,0.0,-0.485,-0.7153,0.2522,-0.05835,1.0,0.0,0.0,0.3047,-0.725,-0.523,0.0,2.0,0.0,0.0,0.0,-0.0792,-0.253534,,,
-0.3396,-0.612,-0.6714,-0.484,1.326,-1.143,-0.2683,0.0,0.0,0.789,0.8394,-0.6143,0.0,1.002,0.02188,0.03784,-0.06323,-0.5796,-0.608,-0.7602,-0.1059,-0.05618,-0.02808,0.513,-0.3254,-0.2961,0.0,0.0,-0.307,0.0,-0.504,-1.345,0.6924,-0.978,0.0,-0.5,-0.5,0.597,-1.009,-0.7354,0.0,3.0,0.0,0.0,0.0,-1.331,0.0532764,,,
-0.3545,-0.6704,-0.696,-0.499,0.2512,-1.143,-0.2764,0.0,0.0,0.824,0.878,-0.6177,0.0,1.003,-0.2593,0.0596,-0.0309,-0.625,-0.61,-0.2882,-0.1279,-0.76,-0.05618,-0.02808,-0.3267,-0.2986,0.0,0.0,-0.3115,0.0,-0.511,-1.289,0.65,-0.35,-1.0,-1.0,-0.5,0.663,-1.061,-0.7886,0.0,4.0,0.0,0.0,0.0,-0.488,-0.4079775999999999,,,
-0.2979,-1.101,-0.7964,-0.522,0.915,-1.143,-0.2847,0.0,0.0,0.985,1.034,-0.6304,0.0,1.003,-0.07007,0.0892,0.001152,-1.019,-0.614,-1.1639,-0.1355,-0.2883,-0.76,-0.05618,-0.3315,-0.3025,0.0,0.0,-0.3174,0.0,-0.5396,-1.473,0.8525,-1.982,-2.0,-1.0,-1.0,1.151,-1.464,-1.126,0.0,5.0,0.0,1.0,-5.613,-2.79,0.28158,,,
-0.2617,-0.832,-0.7637,-0.5415,-0.1484,-1.143,-0.2927,0.0,0.0,0.936,0.978,-0.6265,0.0,1.004,0.4048,0.1153,0.02826,-0.7285,-0.6167,0.3626,-0.1464,-1.164,-0.2883,-0.76,-0.3357,-0.3062,0.0,0.0,-0.3223,0.0,-0.531,-1.34,0.6772,0.509,-1.0,-0.5,-0.5,0.901,-1.168,-0.9253,1.0,0.0,0.0,0.0,0.0,0.7427,-0.15378,,,
-0.2112,-0.9595,-0.8076,-0.564,0.3147,-1.143,-0.3008,0.0,0.0,1.01,1.046,-0.6323,0.0,1.004,-0.1015,0.1307,0.05286,-0.8784,-0.619,-0.5375,-0.1167,0.3623,-1.164,-0.2883,-0.3428,-0.3098,0.0,0.0,-0.3264,0.0,-0.5435,-1.47,0.7646,-0.6055,-1.0,-0.5,-1.0,1.071,-1.295,-0.9883,0.0,1.0,0.0,0.0,0.0,-0.8735,0.3266951999999999,,,
-0.16,-0.621,-0.7637,-0.584,-0.2783,-1.143,-0.3088,0.0,0.0,0.9443,0.9697,-0.627,0.0,1.005,0.558,0.1252,0.0738,-0.5786,-0.621,0.4861,-0.1042,-0.537,0.3623,-1.164,-0.3484,-0.3127,0.0,0.0,-0.3296,0.0,-0.532,-1.261,0.62,0.495,0.0,-0.5,-1.0,0.741,-1.003,-0.746,1.0,0.0,0.0,0.0,0.0,0.7266,-0.3932132000000001,,,
-0.194,-0.83,-0.8174,-0.601,0.547,-1.143,-0.3171,0.0,0.0,1.027,1.062,-0.6343,0.0,1.005,-0.2101,0.1162,0.09106,-0.798,-0.6235,-0.6579,-0.09814,0.4858,-0.537,0.3623,-0.356,-0.3167,0.0,0.0,-0.3342,0.0,-0.548,-1.202,0.572,-0.4783,0.0,-1.0,-1.0,0.9395,-1.239,-0.882,0.0,1.0,0.0,0.0,0.0,-0.692,0.3089848,,,
-0.2081,-0.8916,-0.841,-0.6143,0.2208,-1.143,-0.3252,0.0,0.0,1.064,1.102,-0.6377,0.0,1.006,0.03244,0.11,0.10736,-0.8486,-0.6255,-0.3053,-0.08093,-0.658,0.4858,-0.537,-0.3618,-0.3206,0.0,0.0,-0.3384,0.0,-0.5547,-1.076,0.4788,-0.4004,0.0,-1.5,-1.0,0.9893,-1.271,-0.8823,0.0,2.0,0.0,0.0,0.0,-0.591,0.7179519999999999,,,
-0.1777,-0.36,-0.751,-0.62,-0.5674,-1.143,-0.3333,0.0,0.0,0.923,0.95,-0.6265,0.0,1.006,0.2546,0.10297,0.11597,-0.3171,-0.6265,1.0491,-0.102,-0.3054,-0.658,0.4858,-0.364,-0.3235,0.0,0.0,-0.3418,0.0,-0.531,-0.5493,0.1134,1.388,0.0,-1.0,-0.5,0.5117,-0.6636,-0.5127,1.0,0.0,0.0,0.0,0.0,2.07,0.33021264,,,
-0.1914,-0.2067,-0.728,-0.6245,-0.4548,-1.143,-0.3416,0.0,0.0,0.8857,0.9146,-0.624,0.0,1.006,-0.4272,0.0859,0.1142,-0.1693,-0.6274,0.239,-0.1294,1.048,-0.3054,-0.658,-0.3625,-0.3267,0.0,0.0,-0.3447,0.0,-0.525,-0.4666,0.05673,0.2083,1.0,-0.5,-0.5,0.3762,-0.508,-0.396,2.0,0.0,0.0,0.0,0.0,0.3005,0.2418479999999998,,,
-0.2247,0.09045,-0.677,-0.6265,-2.4,-1.0,-0.3496,1.0,0.0,0.806,0.838,-0.6177,0.0,1.007,-0.1118,0.0635,0.1015,0.1231,-0.628,0.5630999999999999,-0.1721,0.2388,1.048,-0.3054,-0.3604,-0.3298,0.0,0.0,-0.3474,0.0,-0.5117,-0.3054,-0.05237,0.4243,1.0,0.0,-0.5,0.1205,-0.238,-0.1489,3.0,0.0,0.0,0.0,0.0,0.608,-0.3441559999999999,,,
-0.2042,-0.0813,-0.716,-0.635,-0.935,-1.0,-0.3577,0.0,0.0,0.866,0.8965,-0.623,0.0,1.007,-0.3923,0.0335,0.0765,-0.07153,-0.629,-0.4659,-0.2283,0.563,0.2388,1.048,-0.358,-0.3333,0.0,0.0,-0.3503,0.0,-0.523,-0.6216,0.1683,-0.67,1.0,0.0,-1.0,0.327,-0.4045,-0.3022,0.0,1.0,0.0,0.0,0.0,-0.9434,-0.5658480000000001,,,
-0.1207,-0.3472,-0.776,-0.648,18.77,-1.0,-0.366,0.0,0.0,0.9663,0.986,-0.631,0.0,1.008,0.3489,-0.0001894,0.04846,-0.3682,-0.63,-0.7094,-0.2472,-0.4658,0.563,0.2388,-0.3586,-0.3372,0.0,0.0,-0.3533,0.0,-0.5396,-0.7686,0.2656,-0.9683,1.0,0.0,-1.0,0.6333,-0.649,-0.592,0.0,2.0,0.0,0.0,0.0,-1.383,0.316728,,,
-0.1334,0.004135,-0.722,-0.6577,-1.278,-0.857,-0.374,1.0,0.0,0.8823,0.9014,-0.6245,0.0,1.008,0.05838,-0.04684,0.02138,-0.02655,-0.631,0.6046,-0.2542,-0.709,-0.4658,0.563,-0.3562,-0.3403,0.0,0.0,-0.3545,0.0,-0.5254,-0.5513,0.1169,0.646,1.0,0.0,-0.5,0.3264,-0.353,-0.274,1.0,0.0,0.0,0.0,0.0,0.944,-0.0937039999999999,,,
-0.11365,-0.09906,-0.7466,-0.663,-1.157,-0.857,-0.382,0.0,0.0,0.921,0.9375,-0.6274,0.0,1.009,0.1459,-0.0967,-0.002478,-0.1194,-0.6323,-0.2965,-0.2578,0.6045,-0.709,-0.4658,-0.3535,-0.3428,0.0,0.0,-0.356,0.0,-0.5327,-0.4385,0.03336,-0.3047,0.0,0.0,-0.5,0.428,-0.4558,-0.3896,0.0,1.0,0.0,0.0,0.0,-0.437,0.3491003999999998,,,
-0.1514,0.06934,-0.7188,-0.665,-10.0,-0.7144,-0.3901,1.0,0.0,0.875,0.897,-0.6245,0.0,1.009,-0.65,-0.1539,-0.02924,0.05435,-0.633,0.2996999999999999,-0.266,-0.2966,0.6045,-0.709,-0.353,-0.3447,0.0,0.0,-0.357,0.0,-0.5254,-0.2708,-0.0833,0.3096,0.0,0.0,0.0,0.231,-0.3455,-0.2133,1.0,0.0,0.0,0.0,0.0,0.4482,0.0422919999999999,,,
-0.1744,0.4963,-0.632,-0.6533,3.162,-0.5713,-0.3984,1.0,0.0,0.745,0.7666,-0.614,0.0,1.01,0.4539,-0.2062,-0.05957,0.4978,-0.632,0.9791,-0.2717,0.2993,-0.2966,0.6045,-0.3503,-0.3464,0.0,0.0,-0.3574,0.0,-0.502,0.354,-0.519,1.1455,1.0,0.5,0.5,-0.1409,0.1043,0.3088,2.0,0.0,0.0,0.0,0.0,1.644,0.3008092,,,
-0.2206,0.359,-0.6484,-0.645,-0.1211,-0.4285,-0.4065,1.0,0.0,0.765,0.795,-0.6157,0.0,1.01,-0.4092,-0.255,-0.09576,0.3584,-0.6313,-0.2014,-0.2974,0.9785,0.2993,-0.2966,-0.3499,-0.3481,0.0,0.0,-0.3584,0.0,-0.507,0.1959,-0.4082,-0.176,1.0,0.5,0.0,-0.05536,-0.0187,0.2568,0.0,1.0,0.0,0.0,0.0,-0.2449,0.0066255999999999,,,
-0.2313,0.3582,-0.6367,-0.6323,0.132,-0.2856,-0.4146,1.0,0.0,0.7476,0.7783,-0.6147,0.0,1.011,-0.231,-0.3013,-0.1364,0.375,-0.6304,0.116,-0.3232,-0.2014,0.9785,0.2993,-0.3477,-0.3496,0.0,0.0,-0.3591,0.0,-0.5044,0.4185,-0.566,0.1156,1.0,0.5,0.5,-0.1069,-0.00283,0.3962,1.0,0.0,0.0,0.0,0.0,0.1619,0.058196,,,
-0.2852,0.2362,-0.65,-0.623,-0.1632,-0.1428,-0.4229,1.0,0.0,0.7627,0.803,-0.6167,0.0,1.011,-0.262,-0.347,-0.1865,0.2452,-0.6294,-0.1731,-0.354,0.11584,-0.2014,0.9785,-0.344,-0.3513,0.0,0.0,-0.36,0.0,-0.5083,0.2272,-0.4312,-0.1866,1.0,0.0,0.0,-0.04614,-0.1158,0.373,0.0,1.0,0.0,0.0,0.0,-0.2603,0.235676,,,
-0.293,0.3655,-0.612,-0.607,0.5684,0.0,-0.431,1.0,0.0,0.707,0.747,-0.612,0.0,1.012,-0.1661,-0.3816,-0.2394,0.4045,-0.6284,0.4063,-0.3481,-0.1731,0.11584,-0.2014,-0.341,-0.3525,0.0,0.0,-0.36,0.0,-0.4985,0.603,-0.6953,0.3591,1.0,0.0,0.5,-0.1931,0.0489,0.644,1.0,0.0,0.0,0.0,0.0,0.504,0.3101647999999999,,,
-0.3406,0.4019,-0.586,-0.587,0.2202,0.1428,-0.439,1.0,0.0,0.6675,0.714,-0.609,0.0,1.012,-0.532,-0.3872,-0.2954,0.4302,-0.626,0.2581,-0.329,0.4062,-0.1731,0.11584,-0.3362,-0.3538,0.0,0.0,-0.3591,0.0,-0.4922,0.7993,-0.8325,0.3206,1.0,0.5,1.0,-0.308,0.09186,0.7344,2.0,0.0,0.0,0.0,0.0,0.444,0.1565075999999999,,,
-0.411,0.226,-0.607,-0.575,-0.2559,0.2856,-0.4473,1.0,0.0,0.691,0.75,-0.612,0.0,1.012,-0.3462,-0.3743,-0.339,0.2499,-0.625,-0.2558,-0.3223,0.2578,0.4062,-0.1731,-0.333,-0.3545,0.0,0.0,-0.3577,0.0,-0.4983,0.423,-0.567,-0.248,1.0,0.5,0.5,-0.1774,-0.04303,0.4915,0.0,1.0,0.0,0.0,0.0,-0.3408,0.3911880000000001,,,
-0.3564,0.3591,-0.571,-0.5625,0.597,0.4285,-0.4553,1.0,0.0,0.645,0.694,-0.608,0.0,1.013,0.391,-0.3496,-0.3694,0.3853,-0.624,0.3727,-0.304,-0.2559,0.2578,0.4062,-0.3315,-0.3542,0.0,0.0,-0.356,0.0,-0.4893,0.4656,-0.5933,0.389,1.0,0.5,0.5,-0.3147,0.08154,0.6284,1.0,0.0,0.0,0.0,0.0,0.539,0.6703240000000001,,,
-0.371,0.774,-0.4805,-0.5474,1.139,0.4285,-0.4634,1.0,0.0,0.5234,0.5703,-0.5967,0.0,1.013,-0.3135,-0.3171,-0.3848,0.804,-0.6226,0.9635,-0.265,0.3723,-0.2559,0.2578,-0.3267,-0.3535,0.0,0.0,-0.3525,0.0,-0.465,0.5815,-0.665,0.9966,2.0,1.0,0.5,-0.6265,0.4595,0.973,2.0,0.0,0.0,0.0,0.0,1.365,-0.2691904,,,
-0.3782,0.5703,-0.5015,-0.531,-0.1211,0.5713,-0.4714,1.0,0.0,0.5503,0.599,-0.5996,0.0,1.014,-0.5503,-0.2812,-0.3857,0.6206,-0.6216,-0.2475,-0.2394,0.963,0.3723,-0.2559,-0.323,-0.3528,0.0,0.0,-0.35,0.0,-0.4714,0.68,-0.7383,-0.1442,1.0,0.5,0.5,-0.4922,0.2725,0.7056,0.0,1.0,0.0,0.0,0.0,-0.1917,0.3577975999999999,,,
-0.42,0.7163,-0.45,-0.506,0.3735,0.7144,-0.4797,1.0,0.0,0.4805,0.534,-0.5938,0.0,1.014,-0.0816,-0.2344,-0.3647,0.767,-0.6187,0.5271,-0.218,-0.2474,0.963,0.3723,-0.3171,-0.3516,0.0,0.0,-0.3464,0.0,-0.458,1.175,-1.085,0.5396,1.0,0.5,1.0,-0.648,0.4304,0.827,1.0,0.0,0.0,0.0,0.0,0.723,-0.0252359999999999,,,
-0.434,0.5527,-0.461,-0.4856,-0.08606,0.7144,-0.4878,1.0,0.0,0.4934,0.55,-0.595,0.0,1.015,-0.1798,-0.1885,-0.3313,0.6006,-0.6167,-0.1363,-0.2247,0.5264,-0.2474,0.963,-0.3127,-0.351,0.0,0.0,-0.3425,0.0,-0.4617,0.9805,-0.948,-0.1456,1.0,0.5,0.5,-0.543,0.3037,0.6875,0.0,1.0,0.0,0.0,0.0,-0.192,0.084072,,,
-0.4424,0.4497,-0.4587,-0.4631,-0.0401,0.857,-0.4958,1.0,0.0,0.49,0.548,-0.595,0.0,1.015,-0.0766,-0.1466,-0.2913,0.4934,-0.6143,0.0001,-0.2125,-0.1362,0.5264,-0.2474,-0.309,-0.3506,0.0,0.0,-0.3398,0.0,-0.4617,1.169,-1.083,0.0,0.0,0.0,0.5,-0.508,0.2354,0.5977,0.0,0.0,0.0,0.0,0.0,0.0,0.0939491999999999,,,
-0.4316,0.3965,-0.4487,-0.4421,0.02621,0.857,-0.504,1.0,0.0,0.478,0.5337,-0.594,0.0,1.016,-0.4229,-0.11383,-0.2499,0.4438,-0.6123,0.08225,-0.2004,0.0,-0.1362,0.5264,-0.3047,-0.3499,0.0,0.0,-0.3372,0.0,-0.4595,1.131,-1.055,0.07184,0.0,0.5,0.5,-0.5356,0.1755,0.5547,1.0,0.0,0.0,0.0,0.0,0.0951,-0.3235912,,,
-0.437,0.056,-0.504,-0.432,-0.628,0.857,-0.512,1.0,0.0,0.5483,0.6074,-0.601,0.0,1.016,0.0477,-0.09,-0.212,0.0884,-0.611,-0.6009,-0.1976,0.0821,0.0,-0.1362,-0.303,-0.349,0.0,0.0,-0.3357,0.0,-0.4749,0.442,-0.57,-0.4607,0.0,0.0,0.0,-0.2367,-0.09735,0.2397,0.0,1.0,0.0,0.0,0.0,-0.608,0.723706,,,
-0.4304,0.4807,-0.405,-0.4136,3.44,0.857,-0.5205,1.0,0.0,0.4236,0.4773,-0.5894,0.0,1.017,-0.23,-0.07025,-0.1759,0.515,-0.609,1.0301,-0.1821,-0.6006,0.0821,0.0,-0.301,-0.3474,0.0,0.0,-0.3325,0.0,-0.4487,0.874,-0.8667,1.032,0.0,0.0,0.5,-0.567,0.3455,0.6123,1.0,0.0,0.0,0.0,0.0,1.39,-0.115284,,,
-0.4226,0.2384,-0.4368,-0.3982,-0.3274,0.857,-0.5283,1.0,0.0,0.4636,0.5176,-0.5938,0.0,1.017,-0.527,-0.0562,-0.1439,0.2708,-0.6074,-0.3505,-0.2048,1.029,-0.6006,0.0821,-0.2996,-0.345,0.0,0.0,-0.329,0.0,-0.458,0.6377,-0.702,-0.3284,0.0,0.0,0.0,-0.3696,0.157,0.4146,0.0,1.0,0.0,0.0,0.0,-0.428,0.0208355999999999,,,
-0.442,0.1683,-0.4343,-0.381,-0.10095,0.857,-0.5366,1.0,0.0,0.459,0.5156,-0.5938,0.0,1.018,-0.5615,-0.0467,-0.11676,0.196,-0.606,0.0001,-0.2178,-0.3503,1.029,-0.6006,-0.2996,-0.343,0.0,0.0,-0.3264,0.0,-0.458,0.731,-0.7686,0.0,0.0,-0.5,0.0,-0.3542,0.09875,0.3699,0.0,0.0,0.0,0.0,0.0,0.0,0.260906,,,
-0.429,0.2251,-0.408,-0.3652,0.3765,0.857,-0.545,1.0,0.0,0.4272,0.481,-0.591,0.0,1.018,0.04556,-0.04486,-0.097,0.2527,-0.604,0.2455,-0.2445,0.0,-0.3503,1.029,-0.2983,-0.3406,0.0,0.0,-0.323,0.0,-0.4517,0.694,-0.7393,0.309,0.0,-0.5,0.0,-0.418,0.1643,0.4553,1.0,0.0,0.0,0.0,0.0,0.4072,0.06921,,,
-0.4426,0.1693,-0.4053,-0.3508,-0.06125,0.857,-0.5527,1.0,0.0,0.4229,0.4788,-0.591,0.0,1.018,-0.737,-0.0406,-0.0844,0.1901,-0.6025,0.0001,-0.2717,0.2454,0.0,-0.3503,-0.297,-0.3381,0.0,0.0,-0.32,0.0,-0.4517,0.6216,-0.688,0.0,0.0,-0.5,-0.5,-0.3933,0.1107,0.4238,0.0,0.0,0.0,0.0,0.0,0.0,0.206894,,,
-0.4456,0.279,-0.366,-0.3323,0.6006,0.857,-0.561,1.0,0.0,0.375,0.4297,-0.586,0.0,1.019,-0.272,-0.04074,-0.0745,0.3076,-0.601,0.3791,-0.266,0.0,0.2454,0.0,-0.2952,-0.3352,0.0,0.0,-0.3174,0.0,-0.4417,0.8823,-0.8696,0.3406,0.0,-0.5,0.0,-0.504,0.2284,0.564,1.0,0.0,0.0,0.0,0.0,0.4456,0.0160676,,,
-0.5054,0.2261,-0.361,-0.3162,-0.02348,0.857,-0.5693,1.0,0.0,0.364,0.4285,-0.586,0.0,1.019,-0.4407,-0.04636,-0.0669,0.2499,-0.5996,0.02685,-0.2725,0.3787,0.0,0.2454,-0.2913,-0.332,0.0,0.0,-0.3147,0.0,-0.441,0.796,-0.8076,0.0219,1.0,0.0,0.0,-0.514,0.1434,0.52,2.0,0.0,0.0,0.0,0.0,0.02829,0.0696924,,,
-0.5483,0.11914,-0.3745,-0.308,-0.2384,0.857,-0.577,1.0,0.0,0.377,0.4487,-0.588,0.0,1.02,-0.538,-0.06235,-0.065,0.1357,-0.5986,-0.1602,-0.2866,0.02673,0.3787,0.0,-0.2908,-0.3298,0.0,0.0,-0.3123,0.0,-0.445,0.3464,-0.4888,-0.1289,1.0,0.0,-0.5,-0.4155,0.02924,0.3838,0.0,1.0,0.0,0.0,0.0,-0.1665,0.2436599999999999,,,
-0.561,0.219,-0.343,-0.296,0.6655,0.857,-0.5854,1.0,0.0,0.3381,0.411,-0.584,0.0,1.02,-0.6113,-0.08984,-0.06854,0.2474,-0.5977,0.2955,-0.3088,-0.1603,0.02673,0.3787,-0.2883,-0.3274,0.0,0.0,-0.3093,0.0,-0.4375,0.651,-0.7026,0.293,1.0,0.0,0.0,-0.5083,0.104,0.5303,1.0,0.0,0.0,0.0,0.0,0.3804,-0.1458383999999999,,,
-0.576,0.10504,-0.359,-0.2888,-0.272,0.857,-0.5933,1.0,0.0,0.356,0.4316,-0.5864,0.0,1.0205,-0.372,-0.11676,-0.0786,0.1316,-0.597,-0.1862,-0.3293,0.2952,-0.1603,0.02673,-0.2866,-0.3254,0.0,0.0,-0.3071,0.0,-0.4424,0.279,-0.4395,-0.1292,1.0,0.0,-0.5,-0.3953,-0.01167,0.3723,0.0,1.0,0.0,0.0,0.0,-0.1661,0.1823312,,,
-0.5312,-0.1295,-0.4006,-0.2832,-1.212,0.7144,-0.6016,0.0,0.0,0.4102,0.48,-0.592,0.0,1.0205,0.1864,-0.1467,-0.0899,-0.10596,-0.5967,-0.4549,-0.3535,-0.1862,0.2952,-0.1603,-0.2869,-0.3235,0.0,0.0,-0.3054,0.0,-0.4543,0.06076,-0.2888,-0.609,0.0,-0.5,-0.5,-0.1649,-0.2073,0.00723,0.0,2.0,0.0,0.0,0.0,-0.788,-0.1511824,,,
-0.5645,0.05746,-0.3555,-0.2751,-4.01,0.7144,-0.61,1.0,0.0,0.3528,0.4265,-0.587,0.0,1.021,-0.4387,-0.1736,-0.1055,0.0785,-0.596,0.4344,-0.394,-0.4548,-0.1862,0.2952,-0.286,-0.3208,0.0,0.0,-0.3032,0.0,-0.4429,0.2678,-0.4316,0.3516,0.0,0.0,0.0,-0.3079,-0.0191,0.3435,1.0,0.0,0.0,0.0,0.0,0.4612,-0.0504508,,,
-0.572,-0.01343,-0.3633,-0.268,-0.4124,0.7144,-0.6177,1.0,0.0,0.3616,0.4365,-0.588,0.0,1.021,-0.5713,-0.1998,-0.1267,0.010185,-0.5957,-0.1071,-0.431,0.4343,-0.4548,-0.1862,-0.2864,-0.3186,0.0,0.0,-0.3015,0.0,-0.4458,0.1686,-0.362,-0.0774,0.0,0.0,-0.5,-0.2664,-0.1155,0.2286,0.0,1.0,0.0,0.0,0.0,-0.1002,0.1801403999999999,,,
-0.605,0.2286,-0.3,-0.253,3.943,0.7144,-0.626,1.0,0.0,0.2844,0.3625,-0.5806,0.0,1.022,-0.1863,-0.2275,-0.1505,0.2664,-0.5947,0.6181,-0.4175,-0.1071,0.4343,-0.4548,-0.285,-0.3157,0.0,0.0,-0.3,0.0,-0.4294,0.786,-0.7954,0.5576,0.0,0.0,0.0,-0.505,0.0966,0.802,1.0,0.0,0.0,0.0,0.0,0.7246,-0.156772,,,
-0.683,0.2272,-0.2915,-0.2439,0.1283,0.7144,-0.6343,1.0,0.0,0.2686,0.3591,-0.58,0.0,1.022,-0.844,-0.254,-0.179,0.2634,-0.594,0.05283,-0.415,0.618,-0.1071,0.4343,-0.283,-0.313,0.0,0.0,-0.298,0.0,-0.4282,0.418,-0.532,0.0329,1.0,0.5,0.0,-0.501,0.0608,0.758,2.0,0.0,0.0,0.0,0.0,0.04193,-0.0544355999999999,,,
-0.6865,0.11426,-0.304,-0.2329,-0.2578,0.7144,-0.642,1.0,0.0,0.2825,0.374,-0.582,0.0,1.023,-0.482,-0.2795,-0.2042,0.1552,-0.5933,-0.1579,-0.4087,0.0527,0.618,-0.1071,-0.2825,-0.311,0.0,0.0,-0.297,0.0,-0.4324,0.58,-0.65,-0.0922,1.0,0.0,0.0,-0.3958,-0.03525,0.51,0.0,1.0,0.0,0.0,0.0,-0.1173,0.168868,,,
-0.677,0.262,-0.2615,-0.2201,0.9404,0.7144,-0.6504,1.0,0.0,0.235,0.3235,-0.577,0.0,1.023,-0.3271,-0.3003,-0.2279,0.316,-0.5923,0.3968,-0.3948,-0.1578,0.0527,0.618,-0.28,-0.3088,0.0,0.0,-0.2954,0.0,-0.4219,0.7515,-0.7676,0.236,1.0,0.0,0.5,-0.5127,0.10516,0.7783,1.0,0.0,0.0,0.0,0.0,0.3018,0.0109208,,,
-0.738,0.2341,-0.256,-0.2089,0.04663,0.7144,-0.6587,1.0,0.0,0.2241,0.3225,-0.5767,0.0,1.023,-0.7544,-0.3132,-0.246,0.275,-0.5913,0.02624,-0.3853,0.3967,-0.1578,0.0527,-0.2761,-0.3064,0.0,0.0,-0.2937,0.0,-0.4211,0.6655,-0.7056,0.0168,2.0,0.5,0.5,-0.4827,0.0748,0.6904,2.0,0.0,0.0,0.0,0.0,0.02121,0.0137128,,,
-0.7397,0.3137,-0.2269,-0.1956,0.4033,0.7144,-0.6665,1.0,0.0,0.1915,0.289,-0.573,0.0,1.024,-0.6934,-0.3215,-0.261,0.3694,-0.5903,0.2613,-0.3691,0.02612,0.3967,-0.1578,-0.2727,-0.3037,0.0,0.0,-0.292,0.0,-0.414,0.7715,-0.7783,0.1481,2.0,0.5,1.0,-0.5513,0.1357,0.7847,3.0,0.0,0.0,0.0,0.0,0.1868,0.075236,,,
-0.746,0.3008,-0.2198,-0.1855,0.0982,0.7144,-0.675,1.0,0.0,0.1831,0.2815,-0.5728,0.0,1.024,-0.3694,-0.3206,-0.276,0.3499,-0.5894,0.0519,-0.3804,0.261,0.02612,0.3967,-0.2688,-0.3015,0.0,0.0,-0.2893,0.0,-0.4126,0.642,-0.6855,0.04343,2.0,1.0,1.0,-0.528,0.11237,0.776,4.0,0.0,0.0,0.0,0.0,0.05435,0.3069295999999998,,,
-0.769,0.3948,-0.1886,-0.1735,0.3958,0.7144,-0.675,1.0,1.0,0.1473,0.2484,-0.5693,0.0,1.025,-0.667,-0.3115,-0.2883,0.4536,-0.5884,0.2845,-0.355,0.0518,0.261,0.02612,-0.266,-0.299,0.0,0.0,-0.2876,0.0,-0.4048,0.7515,-0.7603,0.1692,3.0,1.5,1.0,-0.59,0.1908,0.846,5.0,0.0,0.0,0.0,0.0,0.2115,0.158196,,,
-0.7705,0.412,-0.1709,-0.1593,0.1727,0.7144,-0.675,1.0,1.0,0.1283,0.229,-0.5674,0.0,1.025,-0.5415,-0.3003,-0.298,0.4866,-0.5874,0.1538999999999999,-0.3384,0.2842,0.0518,0.261,-0.2627,-0.2964,0.0,0.0,-0.2852,0.0,-0.4006,0.9507,-0.9004,0.09827,3.0,1.5,1.5,-0.6084,0.1954,0.8203,5.92,0.0,0.0,0.0,0.0,0.12177,0.1179815999999999,,,
-0.754,0.7783,-0.0766,-0.1411,0.926,0.7144,-0.675,1.0,1.0,0.03217,0.1271,-0.556,0.0,1.026,-0.467,-0.2778,-0.299,0.8423,-0.585,0.8926999999999999,-0.287,0.1537,0.2842,0.0518,-0.256,-0.2932,0.0,0.0,-0.2817,0.0,-0.3757,1.126,-1.015,0.7603,3.0,1.5,1.5,-0.858,0.5337,1.113,5.92,0.0,1.0,0.0,4.543,0.937,0.1222208,,,
-0.7744,0.794,-0.05313,-0.1212,0.153,0.7144,-0.675,1.0,1.0,0.006996,0.1045,-0.553,0.0,1.026,-0.6274,-0.2457,-0.2905,0.8555,-0.5825,0.2234,-0.2373,0.8926,0.1537,0.2842,-0.25,-0.2905,0.0,0.0,-0.2783,0.0,-0.3694,1.331,-1.158,0.1814,3.0,1.5,2.0,-0.8765,0.5303,1.005,5.92,0.0,0.0,0.0,0.0,0.2175,-0.2415824,,,
-0.813,0.469,-0.1013,-0.1013,-0.2634,0.857,-0.675,1.0,1.0,0.05246,0.1577,-0.559,0.0,1.027,-0.5557,-0.1968,-0.267,0.4824,-0.579,-0.4435,-0.2217,0.2233,0.8926,0.1537,-0.2455,-0.288,0.0,0.0,-0.2754,0.0,-0.382,1.309,-1.147,-0.394,2.0,1.5,2.0,-0.631,0.2732,0.648,0.0,1.0,0.0,0.0,0.0,-0.4692,-0.0097708,,,
-0.799,0.412,-0.09625,-0.0841,0.02321,0.857,-0.675,1.0,1.0,0.04837,0.1512,-0.558,0.0,1.027,-0.212,-0.1475,-0.2372,0.4106,-0.5767,0.0501,-0.2041,-0.4434,0.2233,0.8926,-0.2416,-0.286,0.0,0.0,-0.273,0.0,-0.3809,1.233,-1.094,0.0384,2.0,1.5,2.0,-0.6006,0.2341,0.5835,1.0,0.0,0.0,0.0,0.0,0.04636,-0.023462,,,
-0.7837,0.362,-0.08795,-0.06506,0.02496,0.857,-0.675,1.0,1.0,0.04123,0.1414,-0.557,0.0,1.028,-0.402,-0.1029,-0.2031,0.361,-0.5747,0.0749,-0.19,0.04996,-0.4434,0.2233,-0.2377,-0.2834,0.0,0.0,-0.2705,0.0,-0.3787,1.35,-1.176,0.0626,2.0,1.5,2.0,-0.6055,0.1842,0.541,2.0,0.0,0.0,0.0,0.0,0.0755,-0.3922064,,,
-0.7563,0.04172,-0.1466,-0.05524,-0.6387,0.857,-0.6665,1.0,1.0,0.1039,0.2014,-0.5645,0.0,1.028,-0.642,-0.0646,-0.1715,0.0258,-0.5728,-0.5479,-0.1973,0.0748,0.04996,-0.4434,-0.2363,-0.2817,0.0,0.0,-0.2683,0.0,-0.394,0.671,-0.6978,-0.4397,1.0,1.5,2.0,-0.3206,-0.0654,0.23,0.0,1.0,0.0,0.0,0.0,-0.5293,-0.0264943999999999,,,
-0.7305,-0.04752,-0.1578,-0.04712,-0.6416,0.857,-0.6587,1.0,1.0,0.11774,0.2115,-0.5654,0.0,1.028,-0.576,-0.03943,-0.1455,-0.05923,-0.572,-0.1012,-0.2029,-0.5474,0.0748,0.04996,-0.236,-0.2798,0.0,0.0,-0.2666,0.0,-0.397,0.57,-0.627,-0.07806,0.0,1.0,1.5,-0.2612,-0.1344,0.1473,0.0,2.0,0.0,0.0,0.0,-0.0956,0.0427039999999999,,,
-0.7373,-0.0689,-0.1526,-0.03696,-0.5425,0.857,-0.6504,1.0,1.0,0.1117,0.2064,-0.565,0.0,1.029,-0.6094,-0.02438,-0.12396,-0.07764,-0.571,0.0509,-0.2152,-0.10126,-0.5474,0.0748,-0.2383,-0.2776,0.0,0.0,-0.2646,0.0,-0.3955,0.713,-0.7285,0.03357,1.0,1.0,2.0,-0.281,-0.1493,0.1388,1.0,0.0,0.0,0.0,0.0,0.04123,-0.097628,,,
-0.7266,-0.2744,-0.1925,-0.03253,-14.766,0.7144,-0.642,0.0,1.0,0.155,0.2494,-0.57,0.0,1.029,-0.3435,-0.02179,-0.1092,-0.2856,-0.5703,-0.3803,-0.25,0.05078,-0.10126,-0.5474,-0.2426,-0.2766,0.0,0.0,-0.2627,0.0,-0.4062,0.2471,-0.4006,-0.3413,0.0,0.5,1.5,-0.0958,-0.3079,-0.10394,0.0,1.0,0.0,0.0,0.0,-0.4185,-0.202332,,,
-0.6846,-0.3848,-0.214,-0.0301,0.7446,0.5713,-0.642,0.0,0.0,0.1818,0.2698,-0.5723,0.0,1.03,-0.3052,-0.02878,-0.1008,-0.3982,-0.57,-0.2052,-0.2737,-0.3804,0.05078,-0.10126,-0.2461,-0.2751,0.0,0.0,-0.2615,0.0,-0.4119,0.0977,-0.2966,-0.1573,-1.0,0.0,1.0,-0.01549,-0.3984,-0.2637,0.0,2.0,0.0,0.0,0.0,-0.1952,0.0585491999999999,,,
-0.6284,-0.0769,-0.1432,-0.02536,-0.9507,0.5713,-0.6343,1.0,1.0,0.11053,0.1871,-0.5635,0.0,1.03,-0.1345,-0.04645,-0.0982,-0.0923,-0.5693,0.6979,-0.3054,-0.2053,-0.3804,0.05078,-0.2474,-0.2734,0.0,0.0,-0.2593,0.0,-0.3928,0.303,-0.4348,0.7837,0.0,0.0,1.0,-0.263,-0.0685,0.1266,1.0,0.0,0.0,0.0,0.0,0.9785,0.0758323999999999,,,
-0.6445,-0.2393,-0.1755,-0.02261,-14.766,0.4285,-0.626,0.0,1.0,0.1434,0.2238,-0.5674,0.0,1.031,-0.701,-0.0737,-0.0992,-0.26,-0.5684,-0.3034,-0.3215,0.6973,-0.2053,-0.3804,-0.25,-0.272,0.0,0.0,-0.258,0.0,-0.4011,0.10535,-0.2974,-0.27,0.0,-0.5,0.5,-0.1222,-0.2147,-0.119,0.0,1.0,0.0,0.0,0.0,-0.3298,0.042974,,,
-0.6216,-0.2437,-0.1761,-0.02225,0.1628,0.2856,-0.6177,0.0,1.0,0.146,0.2225,-0.5674,0.0,1.031,-0.3806,-0.11597,-0.10645,-0.2605,-0.5684,0.0001,-0.3389,-0.3032,0.6973,-0.2053,-0.251,-0.2705,0.0,0.0,-0.2568,0.0,-0.4011,-0.02783,-0.2024,0.0,-1.0,-0.5,0.0,-0.1235,-0.23,-0.1572,0.0,0.0,0.0,0.0,0.0,0.0,-0.2645015999999999,,,
-0.6094,-0.3806,-0.2085,-0.02518,1.035,0.1428,-0.61,0.0,1.0,0.1818,0.2576,-0.5713,0.0,1.032,-0.7607,-0.1749,-0.1201,-0.4023,-0.569,-0.3063,-0.363,0.0,-0.3032,0.6973,-0.2524,-0.2698,0.0,0.0,-0.2559,0.0,-0.4097,-0.2617,-0.0392,-0.1852,-1.0,-1.0,-0.5,-0.025,-0.3975,-0.4622,0.0,1.0,0.0,0.0,0.0,-0.2285,0.05360296,,,
-0.636,-0.1317,-0.161,-0.03162,-0.7554,0.0,-0.6016,0.0,1.0,0.1287,0.2072,-0.5654,0.0,1.032,-0.3208,-0.2416,-0.1405,-0.1636,-0.5693,0.4639999999999999,-0.3782,-0.3062,0.0,-0.3032,-0.2527,-0.2686,0.0,0.0,-0.255,0.0,-0.397,-0.5234,0.1532,0.2637,0.0,-1.0,-0.5,-0.202,-0.1852,-0.1028,1.0,0.0,0.0,0.0,0.0,0.3286,-0.0755056,,,
-0.647,-0.1665,-0.1771,-0.0406,0.869,-0.1428,-0.5933,0.0,1.0,0.1449,0.2257,-0.5674,0.0,1.033,-0.7974,-0.3132,-0.1655,-0.2058,-0.57,-0.1524,-0.3943,0.4636,-0.3062,0.0,-0.252,-0.2673,0.0,0.0,-0.2542,0.0,-0.4011,-0.751,0.3137,-0.0321,-1.0,-1.0,-1.0,-0.1456,-0.278,-0.2922,0.0,1.0,0.0,0.0,0.0,-0.03943,0.090328,,,
-0.649,-0.1542,-0.1798,-0.0462,-0.02103,-0.2856,-0.5854,0.0,1.0,0.1477,0.2289,-0.568,0.0,1.033,-0.5723,-0.3674,-0.1971,-0.1804,-0.571,-0.02543,-0.403,-0.1523,0.4636,-0.3062,-0.251,-0.2664,0.0,0.0,-0.2537,0.0,-0.4019,-0.5557,0.174,-0.02223,-1.0,-1.0,-1.0,-0.1321,-0.2952,-0.3506,0.0,2.0,0.0,0.0,0.0,-0.02744,-0.3367615999999999,,,
-0.6704,-0.2318,-0.2031,-0.0532,1.271,-0.4285,-0.5854,0.0,1.0,0.171,0.2563,-0.571,0.0,1.034,-0.6,-0.4067,-0.2335,-0.2507,-0.5723,-0.2299,-0.4072,-0.02551,-0.1523,0.4636,-0.2527,-0.2654,0.0,0.0,-0.2534,0.0,-0.4082,-0.7046,0.2773,-0.1581,-1.0,-1.5,-1.5,-0.02962,-0.3875,-0.6123,0.0,3.0,0.0,0.0,0.0,-0.1952,0.6030428000000001,,,
-0.665,0.1992,-0.11224,-0.05444,-2.928,-0.4285,-0.5854,1.0,1.0,0.0755,0.1571,-0.56,0.0,1.034,-0.6484,-0.4263,-0.2751,0.1744,-0.5723,0.8751,-0.4065,-0.2299,-0.02551,-0.1523,-0.2507,-0.2634,0.0,0.0,-0.2527,0.0,-0.3843,-0.1968,-0.0744,0.6313,0.0,-1.0,-1.5,-0.3594,-0.00565,0.2834,1.0,0.0,1.0,0.0,3.82,0.785,0.224864,,,
-0.673,0.3481,-0.0753,-0.04926,0.7007,-0.4285,-0.577,1.0,1.0,0.0373,0.11896,-0.555,0.0,1.034,-0.06354,-0.4338,-0.3228,0.3271,-0.572,0.3507,-0.3962,0.8745,-0.2299,-0.02551,-0.2476,-0.2615,0.0,0.0,-0.2515,0.0,-0.3743,0.2812,-0.4111,0.2339,0.0,-0.5,-1.0,-0.455,0.1213,0.577,2.0,0.0,0.0,0.0,0.0,0.2832,0.1695095999999999,,,
-0.6763,0.4915,-0.03613,-0.04074,0.4902,-0.4285,-0.5693,1.0,1.0,-0.001919,0.0791,-0.5503,0.0,1.035,-0.508,-0.4377,-0.3704,0.4863,-0.5713,0.3717,-0.3801,0.3506,0.8745,-0.2299,-0.2422,-0.259,0.0,0.0,-0.251,0.0,-0.3638,0.496,-0.5596,0.2069,1.0,-0.5,-0.5,-0.5444,0.2482,0.861,3.0,0.0,0.0,0.0,0.0,0.2477,0.0178427999999999,,,
-0.686,0.4043,-0.0476,-0.03342,-0.02919,-0.4285,-0.561,1.0,1.0,0.00861,0.09155,-0.552,0.0,1.035,-0.8145,-0.438,-0.4163,0.4219,-0.571,-0.09786,-0.3762,0.3716,0.3506,0.8745,-0.2386,-0.2573,0.0,0.0,-0.251,0.0,-0.3665,0.4148,-0.503,-0.0438,1.0,-0.5,-1.0,-0.4734,0.143,0.7446,0.0,1.0,0.0,0.0,0.0,-0.05185,0.0052088,,,
-0.6987,0.319,-0.05695,-0.02429,-0.0542,-0.2856,-0.5527,1.0,1.0,0.01688,0.1022,-0.5527,0.0,1.036,-0.566,-0.437,-0.4473,0.3362,-0.5693,-0.0736,-0.3643,-0.0979,0.3716,0.3506,-0.2349,-0.2556,0.0,0.0,-0.2502,0.0,-0.3687,0.6123,-0.645,-0.04984,1.0,-0.5,-1.0,-0.4124,0.064,0.6104,0.0,2.0,0.0,0.0,0.0,-0.05917,0.1539552,,,
-0.746,0.3213,-0.0447,-0.012314,0.1388,-0.1428,-0.545,1.0,1.0,0.000924,0.09357,-0.5513,0.0,1.036,-0.844,-0.4307,-0.4663,0.3481,-0.5684,0.1232,-0.3499,-0.07367,-0.0979,0.3716,-0.2305,-0.254,0.0,0.0,-0.2496,0.0,-0.365,0.8022,-0.779,0.06903,1.0,0.0,-0.5,-0.4543,0.04965,0.6475,1.0,0.0,0.0,0.0,0.0,0.08215,0.4917000000000001,,,
-0.8125,0.5586,0.01761,-0.0013275,0.764,-0.1428,-0.5366,1.0,1.0,-0.0649,0.03668,-0.5435,0.0,1.037,-0.7017,-0.417,-0.4705,0.5903,-0.567,0.5891,-0.3132,0.12305,-0.07367,-0.0979,-0.2235,-0.2517,0.0,0.0,-0.2484,0.0,-0.3481,0.778,-0.754,0.3665,1.0,0.0,-0.5,-0.6294,0.2654,0.9385,2.0,0.0,1.0,0.0,2.232,0.4346,0.0476684,,,
-0.8125,0.581,0.0373,0.01353,0.1707,0.0,-0.5283,1.0,1.0,-0.08356,0.01744,-0.5405,0.0,1.037,-0.675,-0.391,-0.4597,0.6196,-0.5654,0.1926999999999999,-0.2732,0.5884,0.12305,-0.07367,-0.2186,-0.2496,0.0,0.0,-0.2463,0.0,-0.3425,1.085,-0.9707,0.1053,1.0,0.5,0.0,-0.6416,0.297,0.8716,3.0,0.0,0.0,0.0,0.0,0.12256,0.240374,,,
-0.8237,0.3484,-0.0009427,0.02617,-0.242,0.1428,-0.5205,1.0,1.0,-0.04797,0.05594,-0.5454,0.0,1.038,-0.669,-0.3528,-0.4395,0.378,-0.5635,-0.3351,-0.2559,0.1926,0.5884,0.12305,-0.2161,-0.2479,0.0,0.0,-0.2444,0.0,-0.3523,0.8037,-0.7744,-0.1763,1.0,0.5,0.0,-0.4565,0.1051,0.564,0.0,1.0,0.0,0.0,0.0,-0.204,0.140288,,,
-0.8525,0.3662,0.01906,0.04254,0.1775,0.2856,-0.512,1.0,1.0,-0.06946,0.03854,-0.5425,0.0,1.038,-0.844,-0.306,-0.4114,0.3992,-0.5615,0.1936999999999999,-0.2357,-0.335,0.1926,0.5884,-0.214,-0.2461,0.0,0.0,-0.2424,0.0,-0.3467,1.093,-0.978,0.1018,2.0,1.0,0.5,-0.507,0.131,0.589,1.0,0.0,0.0,0.0,0.0,0.119,0.0639888,,,
-0.864,0.1917,-0.00864,0.05347,-0.2834,0.4285,-0.504,1.0,1.0,-0.04376,0.0669,-0.546,0.0,1.039,-0.5464,-0.259,-0.382,0.2224,-0.56,-0.2404,-0.2343,0.1935,-0.335,0.1926,-0.2125,-0.2446,0.0,0.0,-0.2402,0.0,-0.3538,0.7607,-0.7446,-0.1348,1.0,0.5,0.0,-0.369,-0.005707,0.3945,0.0,1.0,0.0,0.0,0.0,-0.1567,0.3875223999999999,,,
-0.8545,0.3335,0.03754,0.0687,0.6885,0.5713,-0.4958,1.0,1.0,-0.08716,0.02065,-0.54,0.0,1.039,-0.586,-0.2196,-0.3547,0.4006,-0.559,0.4364,-0.2311,-0.2404,0.1935,-0.335,-0.2094,-0.2429,0.0,0.0,-0.2373,0.0,-0.341,1.012,-0.918,0.2004,1.0,0.5,0.5,-0.4885,0.1637,0.5703,1.0,0.0,0.0,0.0,0.0,0.2347,0.2276503999999999,,,
-0.837,0.5127,0.0967,0.08844,0.594,0.7144,-0.4878,1.0,1.0,-0.1405,-0.03738,-0.5327,0.0,1.04,-0.4197,-0.1616,-0.311,0.516,-0.5547,0.5501,-0.1986,0.436,-0.2404,0.1935,-0.2046,-0.2416,0.0,0.0,-0.2345,0.0,-0.325,1.159,-1.016,0.602,1.0,0.5,1.0,-0.64,0.3572,0.743,2.0,0.0,1.0,0.0,3.262,0.6953,0.09235376,,,
-0.834,0.398,0.0922,0.10986,-0.073,0.857,-0.4797,1.0,1.0,-0.1362,-0.03345,-0.5327,0.0,1.04,-0.567,-0.1029,-0.2598,0.3816,-0.552,-0.0234,-0.1825,0.55,0.436,-0.2404,-0.2019,-0.2404,0.0,0.0,-0.2313,0.0,-0.3257,1.311,-1.124,-0.01659,1.0,0.5,1.0,-0.614,0.2446,0.6313,0.0,1.0,0.0,0.0,0.0,-0.01883,0.3327991999999999,,,
-0.858,0.664,0.172,0.1301,0.727,0.857,-0.4714,1.0,1.0,-0.2096,-0.10504,-0.523,0.0,1.04,-0.322,-0.04492,-0.2042,0.6245,-0.5483,0.7291,-0.1455,-0.02348,0.55,0.436,-0.1974,-0.2382,0.0,0.0,-0.2273,0.0,-0.3037,1.298,-1.105,0.601,1.0,1.0,1.0,-0.8164,0.4998,0.8374,1.0,0.0,0.0,0.0,0.0,0.6836,0.2031476,,,
-0.879,0.6743,0.1936,0.1497,0.1475,0.857,-0.4634,1.0,1.0,-0.2313,-0.12146,-0.52,0.0,1.041,-0.5576,0.006115,-0.1503,0.6367,-0.546,0.207,-0.12366,0.7285,-0.02348,0.55,-0.1909,-0.2358,0.0,0.0,-0.2227,0.0,-0.2974,1.275,-1.087,0.116,2.0,1.0,1.0,-0.83,0.4968,0.803,2.0,0.0,0.0,0.0,0.0,0.1289,0.0722803999999999,,,
-0.879,0.5923,0.1913,0.166,0.01733,0.857,-0.4553,1.0,1.0,-0.2312,-0.11743,-0.52,0.0,1.041,-0.844,0.04413,-0.10254,0.5728,-0.5444,0.0001,-0.1026,0.2069,0.7285,-0.02348,-0.1852,-0.2335,0.0,0.0,-0.2185,0.0,-0.2974,1.198,-1.032,0.0,1.0,0.5,0.5,-0.7637,0.4143,0.6914,0.0,0.0,0.0,0.0,0.0,0.0,0.1453824,,,
-0.879,0.5933,0.2098,0.1846,0.1353,0.857,-0.4473,1.0,1.0,-0.2465,-0.1348,-0.5176,0.0,1.042,-0.6187,0.06726,-0.06158,0.605,-0.5425,0.1828,-0.0918,0.0,0.2069,0.7285,-0.1779,-0.2307,0.0,0.0,-0.214,0.0,-0.2917,1.328,-1.122,0.06805,1.0,0.5,1.0,-0.762,0.423,0.6763,1.0,0.0,0.0,0.0,0.0,0.07513,0.0386658,,,
-0.879,0.521,0.2124,0.204,0.01894,0.857,-0.439,1.0,1.0,-0.2505,-0.135,-0.5166,0.0,1.042,-0.844,0.08484,-0.02591,0.5503,-0.5405,0.04554,-0.09424,0.1827,0.0,0.2069,-0.1719,-0.2277,0.0,0.0,-0.2094,0.0,-0.2903,1.404,-1.176,0.01859,2.0,1.0,1.5,-0.718,0.367,0.6216,2.0,0.0,0.0,0.0,0.0,0.0204,-0.0029,,,
-0.879,0.4521,0.2152,0.223,0.0112,0.857,-0.431,1.0,1.0,-0.253,-0.1375,-0.516,0.0,1.043,-0.844,0.0952,0.00236,0.501,-0.5386,0.04548,-0.1205,0.0454,0.1827,0.0,-0.1677,-0.2247,0.0,0.0,-0.2043,0.0,-0.2888,1.392,-1.166,0.01593,2.0,1.0,1.5,-0.6997,0.2925,0.595,3.0,0.0,0.0,0.0,0.0,0.01747,-0.057058,,,
-0.879,0.3918,0.2157,0.2378,0.01278,0.857,-0.4229,1.0,1.0,-0.2556,-0.1354,-0.5156,0.0,1.043,-0.844,0.09607,0.02377,0.45,-0.5366,0.02276,-0.1257,0.04535,0.0454,0.1827,-0.1633,-0.2214,0.0,0.0,-0.2004,0.0,-0.288,1.274,-1.082,0.00751,2.0,1.5,1.5,-0.66,0.2319,0.5415,4.0,0.0,0.0,0.0,0.0,0.008224,-0.0576744,,,
-0.879,0.2434,0.1924,0.2494,-0.2021,0.857,-0.4146,1.0,1.0,-0.2362,-0.11426,-0.5186,0.0,1.044,-0.8174,0.08826,0.03873,0.309,-0.5356,-0.1811,-0.1349,0.02264,0.04535,0.0454,-0.1621,-0.2181,0.0,0.0,-0.197,0.0,-0.294,1.017,-0.9004,-0.06018,2.0,1.0,1.0,-0.5464,0.0948,0.4058,0.0,1.0,0.0,0.0,0.0,-0.06586,-0.0634748,,,
-0.879,0.1854,0.1927,0.264,-0.05746,0.857,-0.4065,1.0,1.0,-0.2349,-0.1162,-0.518,0.0,1.044,-0.4463,0.0778,0.05026,0.2456,-0.533,0.0228699999999999,-0.1396,-0.181,0.02264,0.04535,-0.1616,-0.2153,0.0,0.0,-0.1941,0.0,-0.2932,1.402,-1.176,0.01454,2.0,1.0,1.5,-0.523,0.05176,0.3674,1.0,0.0,0.0,0.0,0.0,0.016,0.084446,,,
-0.879,0.02902,0.1672,0.2754,-0.4932,0.857,-0.3984,1.0,1.0,-0.2112,-0.0948,-0.521,0.0,1.045,-0.7,0.0645,0.05634,0.0746,-0.5312,-0.2046,-0.1584,0.02275,-0.181,0.02264,-0.1619,-0.2125,0.0,0.0,-0.1913,0.0,-0.2996,1.09,-0.955,-0.1976,1.0,1.0,1.0,-0.408,-0.0743,0.2308,0.0,1.0,0.0,0.0,0.0,-0.2173,-0.3454859999999999,,,
-0.879,-0.2524,0.1112,0.286,-2.592,0.7144,-0.3984,0.0,1.0,-0.16,-0.04453,-0.528,0.0,1.045,-0.6333,0.0378,0.0564,-0.1993,-0.5303,-0.4806,-0.1921,-0.2047,0.02275,-0.181,-0.1646,-0.2101,0.0,0.0,-0.1891,0.0,-0.3142,0.814,-0.765,-0.681,0.0,0.5,1.0,-0.1893,-0.3008,-0.04926,0.0,2.0,0.0,0.0,0.0,-0.754,0.2090739999999999,,,
-0.879,-0.147,0.1442,0.2947,-0.525,0.5713,-0.3984,0.0,1.0,-0.1879,-0.0767,-0.5234,0.0,1.046,-0.3784,-0.00923,0.05066,-0.094,-0.529,0.3023,-0.2262,-0.4807,-0.2047,0.02275,-0.1663,-0.2072,0.0,0.0,-0.1865,0.0,-0.3052,0.7646,-0.726,0.3274,0.0,0.5,1.0,-0.313,-0.1938,0.0763,1.0,0.0,0.0,0.0,0.0,0.3677,0.007818,,,
-0.879,-0.0965,0.1614,0.3005,-0.688,0.4285,-0.3984,0.0,1.0,-0.2053,-0.0903,-0.5215,0.0,1.046,-0.5557,-0.04373,0.03964,-0.06143,-0.528,0.1614,-0.2426,0.302,-0.4807,-0.2047,-0.1676,-0.2045,0.0,0.0,-0.1846,0.0,-0.3003,0.5786,-0.591,0.1008,1.0,1.0,1.0,-0.3523,-0.1373,0.1368,2.0,0.0,0.0,0.0,0.0,0.11224,-0.1753056,,,
-0.879,-0.3225,0.1106,0.303,16.03,0.2856,-0.3984,0.0,1.0,-0.1582,-0.04526,-0.5273,0.0,1.046,-0.4878,-0.0776,0.02167,-0.282,-0.5273,-0.4352,-0.2588,0.1611,0.302,-0.4807,-0.1707,-0.202,0.0,0.0,-0.1833,0.0,-0.3137,0.1876,-0.3176,-0.3792,0.0,0.5,1.0,-0.1738,-0.3582,-0.1667,0.0,1.0,0.0,0.0,0.0,-0.4197,0.46662,,,
-0.879,0.010475,0.191,0.3054,-1.342,0.2856,-0.3984,1.0,1.0,-0.2312,-0.1169,-0.5176,0.0,1.047,-0.5044,-0.10645,-0.001386,0.0434,-0.527,0.7201,-0.2864,-0.435,0.1611,0.302,-0.1704,-0.1989,0.0,0.0,-0.1809,0.0,-0.2917,0.1876,-0.308,0.7124,1.0,0.5,1.0,-0.4238,-0.03705,0.2664,1.0,0.0,0.0,0.0,0.0,0.8,0.3457191999999999,,,
-0.879,0.1904,0.2372,0.3093,2.229,0.2856,-0.3984,1.0,1.0,-0.2717,-0.1567,-0.5117,0.0,1.047,-0.598,-0.1344,-0.02893,0.2258,-0.5264,0.4090999999999999,-0.304,0.7197,-0.435,0.1611,-0.1687,-0.1953,0.0,0.0,-0.1781,0.0,-0.279,0.309,-0.3892,0.206,2.0,0.5,1.0,-0.5312,0.1203,0.52,2.0,0.0,0.0,0.0,0.0,0.2262,-0.2093327999999999,,,
-0.879,0.1488,0.2307,0.313,-0.0307,0.2856,-0.3984,1.0,1.0,-0.266,-0.1511,-0.512,0.0,1.048,-0.844,-0.1667,-0.06323,0.1873,-0.526,-0.0447599999999999,-0.3506,0.4087,0.7197,-0.435,-0.1665,-0.1924,0.0,0.0,-0.175,0.0,-0.2805,0.273,-0.364,-0.02478,1.0,0.0,1.0,-0.4805,0.0506,0.4956,0.0,1.0,0.0,0.0,0.0,-0.02687,0.1580416,,,
-0.7993,1.245,0.5117,0.3347,5.227,0.2856,-0.3984,1.0,1.0,-0.477,-0.3906,-0.4773,0.0,1.048,0.721,-0.157,-0.0865,1.138,-0.5195,2.4261000000000004,-0.2202,-0.04483,0.4087,0.7197,-0.1536,-0.1876,0.0,0.0,-0.1693,0.0,-0.2042,1.02,-0.8633,5.266,1.0,0.5,1.0,-1.204,1.057,1.113,1.0,0.0,1.0,0.0,7.887,5.72,-0.1451008,,,
-0.742,1.02,0.4773,0.3542,-0.0487,0.2856,-0.3984,1.0,1.0,-0.447,-0.3691,-0.4812,0.0,1.049,-0.2947,-0.1095,-0.08405,0.8276,-0.514,-0.2504,-0.148,2.424,-0.04483,0.4087,-0.1427,-0.1833,0.0,0.0,-0.1647,0.0,-0.2128,0.8545,-0.749,-0.539,1.0,0.0,0.5,-0.988,0.848,1.091,0.0,1.0,0.0,0.0,0.0,-0.5444,0.1131883999999999,,,
-0.7124,0.9595,0.4824,0.3738,0.075,0.2856,-0.3984,1.0,1.0,-0.4485,-0.3755,-0.4802,0.0,1.049,-0.5605,-0.05084,-0.06836,0.7407,-0.5107,0.0632,-0.0979,-0.2505,2.424,-0.04483,-0.1322,-0.1791,0.0,0.0,-0.1599,0.0,-0.2107,0.859,-0.7515,0.1091,1.0,0.5,0.5,-0.915,0.7725,0.915,1.0,0.0,0.0,0.0,0.0,0.1109,-0.0212739999999999,,,
-0.619,0.697,0.4355,0.3901,-0.1364,0.2856,-0.3984,1.0,1.0,-0.4058,-0.347,-0.4856,0.0,1.05,0.1412,-0.00319,-0.04968,0.501,-0.5093,-0.3569,-0.06537,0.0631,-0.2505,2.424,-0.1215,-0.1749,0.0,0.0,-0.1565,0.0,-0.2227,0.6567,-0.613,-0.4766,0.0,0.5,0.0,-0.6836,0.5474,0.636,0.0,1.0,0.0,0.0,0.0,-0.4836,-0.05516,,,
-0.601,0.5645,0.42,0.4067,-0.04843,0.2856,-0.3984,1.0,1.0,-0.3923,-0.336,-0.4873,0.0,1.05,-0.6577,0.02988,-0.03323,0.408,-0.5083,-0.1061,-0.04202,-0.357,0.0631,-0.2505,-0.11383,-0.171,0.0,0.0,-0.1536,0.0,-0.2262,0.69,-0.6377,-0.08514,0.0,0.0,0.0,-0.5728,0.4375,0.513,0.0,2.0,0.0,0.0,0.0,-0.0874,-0.1081912,,,
-0.5996,0.847,0.511,0.43,0.602,0.2856,-0.3984,1.0,1.0,-0.4607,-0.4067,-0.4756,0.0,1.051,-0.2006,0.06088,-0.01842,0.728,-0.5063,0.7671,0.004322,-0.10614,-0.357,0.0631,-0.1047,-0.1669,0.0,0.0,-0.1495,0.0,-0.2008,0.8516,-0.7417,0.689,0.0,0.0,0.0,-0.7754,0.705,0.706,1.0,0.0,0.0,0.0,0.0,0.71,0.0260788,,,
-0.583,0.734,0.5083,0.4553,0.002848,0.2856,-0.3984,1.0,1.0,-0.4573,-0.406,-0.4756,0.0,1.051,-0.5405,0.09686,-0.001373,0.634,-0.5034,0.0001,0.04175,0.7666,-0.10614,-0.357,-0.0953,-0.163,0.0,0.0,-0.1458,0.0,-0.2008,0.9478,-0.8105,0.0,0.0,0.0,0.0,-0.719,0.5967,0.607,0.0,0.0,0.0,0.0,0.0,0.0,0.0881712,,,
-0.587,0.694,0.5293,0.4866,0.0808,0.4285,-0.3984,1.0,1.0,-0.473,-0.4214,-0.4727,0.0,1.052,-0.571,0.1407,0.02472,0.5938,-0.4995,0.1873999999999999,0.07764,0.0,0.7666,-0.10614,-0.0941,-0.1586,0.0,0.0,-0.1417,0.0,-0.1945,1.226,-1.006,0.1584,0.0,0.0,0.5,-0.724,0.589,0.584,1.0,0.0,0.0,0.0,0.0,0.1594,0.7012440000000001,,,
-0.5557,1.192,0.694,0.528,0.8203,0.5713,-0.3984,1.0,1.0,-0.5854,-0.5425,-0.452,0.0,1.052,0.501,0.2007,0.06464,1.078,-0.4944,1.3241,0.1647,0.1873,0.0,0.7666,-0.0867,-0.153,0.0,0.0,-0.136,0.0,-0.1494,1.356,-1.08,2.068,1.0,0.0,0.5,-1.079,1.075,0.856,2.0,0.0,0.0,0.0,0.0,2.068,-0.3301727999999999,,,
-0.4644,0.7026,0.605,0.5615,-0.2773,0.7144,-0.3984,1.0,1.0,-0.517,-0.4875,-0.4626,0.0,1.052,0.2317,0.2607,0.1086,0.606,-0.4905,-0.6559,0.2004,1.323,0.1873,0.0,-0.0822,-0.148,0.0,0.0,-0.1311,0.0,-0.1727,1.008,-0.841,-1.056,1.0,0.0,0.0,-0.7095,0.7183,0.555,0.0,1.0,0.0,0.0,0.0,-1.014,0.017536,,,
-0.4114,0.4717,0.582,0.5977,-0.1818,0.857,-0.3984,1.0,1.0,-0.4968,-0.475,-0.4653,0.0,1.053,0.05984,0.313,0.1554,0.3875,-0.4863,-0.1621,0.2161,-0.6553,1.323,0.1873,-0.077,-0.1433,0.0,0.0,-0.1263,0.0,-0.1783,1.111,-0.9175,-0.2559,0.0,-0.5,0.0,-0.596,0.5474,0.4434,0.0,2.0,0.0,0.0,0.0,-0.251,0.5996160000000001,,,
-0.4011,0.8516,0.7173,0.6377,0.8677,0.857,-0.3984,1.0,1.0,-0.589,-0.572,-0.448,0.0,1.053,0.1907,0.3572,0.207,0.7803,-0.482,1.0801,0.262,-0.1622,-0.6553,1.323,-0.067,-0.1382,0.0,0.0,-0.12,0.0,-0.141,1.17,-0.9424,1.545,1.0,0.0,0.0,-0.8994,0.93,0.6567,1.0,0.0,0.0,0.0,0.0,1.522,0.0788107999999999,,,
-0.3833,0.8228,0.748,0.6763,0.1007,0.857,-0.3984,1.0,1.0,-0.6074,-0.5938,-0.4438,0.0,1.054,-0.3372,0.3794,0.2576,0.798,-0.4785,0.2563999999999999,0.2954,1.08,-0.1622,-0.6553,-0.0589,-0.1328,0.0,0.0,-0.113,0.0,-0.1318,1.157,-0.929,0.3948,1.0,0.0,0.0,-0.89,0.9375,0.6333,2.0,0.0,0.0,0.0,0.0,0.3762,-0.2314879999999999,,,
-0.3237,0.4683,0.6904,0.7114,-0.2856,0.857,-0.3984,1.0,1.0,-0.5645,-0.5596,-0.4507,0.0,1.054,-0.375,0.3687,0.3,0.505,-0.4758,-0.4109,0.2776,0.2563,1.08,-0.1622,-0.05252,-0.1284,0.0,0.0,-0.106,0.0,-0.1467,0.987,-0.8145,-0.564,0.0,0.0,0.0,-0.727,0.5825,0.4624,0.0,1.0,0.0,0.0,0.0,-0.533,-0.0129967999999999,,,
-0.4678,0.731,0.778,0.7314,0.6445,0.857,-0.3984,1.0,1.0,-0.634,-0.607,-0.4392,0.0,1.055,-0.07666,0.3816,0.3374,0.7485,-0.4727,0.6940999999999999,0.2778,-0.4106,0.2563,1.08,-0.044,-0.1234,0.0,0.0,-0.0984,0.0,-0.122,0.7285,-0.619,0.6987,1.0,0.5,0.0,-0.892,0.7983,0.587,1.0,0.0,0.0,0.0,0.0,0.669,-0.1935947999999999,,,
-0.453,0.543,0.7485,0.7524,-0.1139,0.857,-0.3984,1.0,1.0,-0.614,-0.589,-0.4426,0.0,1.055,-0.2656,0.407,0.3704,0.545,-0.4692,-0.1939,0.255,0.6934,-0.4106,0.2563,-0.0416,-0.1187,0.0,0.0,-0.09125,0.0,-0.129,0.748,-0.636,-0.205,1.0,0.0,0.0,-0.725,0.635,0.477,0.0,1.0,0.0,0.0,0.0,-0.1921,-0.3842475999999999,,,
-0.4165,0.2477,0.686,0.768,-0.3723,0.857,-0.3984,1.0,1.0,-0.569,-0.549,-0.45,0.0,1.056,-0.3513,0.4294,0.392,0.2351,-0.4666,-0.4486,0.1748,-0.1938,0.6934,-0.4106,-0.0384,-0.1146,0.0,0.0,-0.0842,0.0,-0.1454,0.5234,-0.4834,-0.5103,0.0,0.0,-0.5,-0.4746,0.3838,0.3145,0.0,2.0,0.0,0.0,0.0,-0.4814,-0.4958727999999998,,,
-0.4211,-0.09607,0.6074,0.7817,-0.9834,0.7144,-0.3984,0.0,1.0,-0.5156,-0.4927,-0.4595,0.0,1.056,-0.411,0.4346,0.4014,-0.1192,-0.4644,-0.5739,0.0948,-0.4487,-0.1938,0.6934,-0.0369,-0.11115,0.0,0.0,-0.079,0.0,-0.1658,0.4248,-0.4219,-0.796,-1.0,-0.5,-0.5,-0.1755,0.1228,0.0917,0.0,3.0,0.0,0.0,0.0,-0.7617,0.2238503999999999,,,
-0.3877,0.0712,0.669,0.801,-11.98,0.7144,-0.3984,1.0,1.0,-0.555,-0.539,-0.4514,0.0,1.057,-0.0498,0.4116,0.3933,0.0796,-0.463,0.5041,0.02214,-0.5737,-0.4487,-0.1938,-0.03772,-0.1072,0.0,0.0,-0.07355,0.0,-0.1482,0.5776,-0.523,0.632,0.0,-0.5,0.0,-0.3584,0.287,0.2428,1.0,0.0,0.0,0.0,0.0,0.615,-0.1050132,,,
-0.4094,-0.0813,0.6377,0.811,-0.935,0.7144,-0.3984,1.0,1.0,-0.5356,-0.515,-0.4548,0.0,1.057,-0.619,0.3628,0.3657,-0.0664,-0.4614,-0.2182,-0.0868,0.5034,-0.5737,-0.4487,-0.04053,-0.10345,0.0,0.0,-0.06836,0.0,-0.156,0.322,-0.344,-0.1892,-1.0,-0.5,-0.5,-0.2225,0.1676,0.1257,0.0,1.0,0.0,0.0,0.0,-0.1814,0.2219519999999999,,,
-0.4294,0.04593,0.6826,0.824,18.77,0.7144,-0.3984,1.0,1.0,-0.568,-0.5454,-0.4487,0.0,1.058,-0.6514,0.2976,0.3481,0.06335,-0.4597,0.3797,-0.08966,-0.2181,0.5034,-0.5737,-0.04004,-0.0992,0.0,0.0,-0.0658,0.0,-0.1426,0.4165,-0.4058,0.328,0.0,0.0,0.0,-0.3323,0.3003,0.2715,1.0,0.0,0.0,0.0,0.0,0.3167,-0.1464067999999999,,,
-0.4336,-0.0778,0.6587,0.834,-0.9062,0.7144,-0.3984,1.0,1.0,-0.552,-0.5283,-0.4514,0.0,1.058,-0.723,0.2229,0.3328,-0.04617,-0.4587,-0.1579,-0.1084,0.3794,-0.2181,0.5034,-0.0431,-0.09515,0.0,0.0,-0.0631,0.0,-0.1482,0.313,-0.3342,-0.129,0.0,-0.5,-0.5,-0.2869,0.1337,0.1572,0.0,1.0,0.0,0.0,0.0,-0.12317,0.114016,,,
-0.499,0.1278,0.7134,0.835,18.77,0.7144,-0.3984,1.0,1.0,-0.5938,-0.5605,-0.4438,0.0,1.058,-0.1896,0.1564,0.3142,0.1396,-0.4575,0.4564,-0.1212,-0.1578,0.3794,-0.2181,-0.04343,-0.09045,0.0,0.0,-0.05978,0.0,-0.1321,0.0802,-0.161,0.5557,1.0,-0.5,-0.5,-0.4434,0.2742,0.3484,1.0,0.0,0.0,0.0,0.0,0.5327,0.228376,,,
-0.547,0.15,0.726,0.8433,0.2467,0.7144,-0.3984,1.0,1.0,-0.6064,-0.5654,-0.4417,0.0,1.059,-0.3655,0.0885,0.2864,0.1719,-0.4563,0.1371,-0.1571,0.456,-0.1578,0.3794,-0.04126,-0.0852,0.0,0.0,-0.05582,0.0,-0.1271,0.4011,-0.388,0.1257,1.0,0.0,0.0,-0.454,0.2812,0.3894,2.0,0.0,0.0,0.0,0.0,0.11896,0.175306,,,
-0.6045,0.1437,0.733,0.8535,0.10425,0.7144,-0.3901,1.0,1.0,-0.615,-0.5654,-0.44,0.0,1.059,-0.6855,0.02759,0.247,0.1726,-0.4548,0.0975,-0.2148,0.1368,0.456,-0.1578,-0.03632,-0.0801,0.0,0.0,-0.0515,0.0,-0.1236,0.507,-0.4617,0.0823,2.0,0.0,0.5,-0.4944,0.2219,0.4375,3.0,0.0,0.0,0.0,0.0,0.07745,0.1027848,,,
-0.4973,-0.599,0.519,0.8384,-3.395,0.5713,-0.382,0.0,1.0,-0.4583,-0.4211,-0.4663,0.0,1.06,0.4216,-0.03348,0.1907,-0.578,-0.4556,-1.5729,-0.2401,0.09735,0.1368,0.456,-0.0401,-0.0767,0.0,0.0,-0.0507,0.0,-0.1808,-0.487,0.2225,-2.736,1.0,0.0,0.0,0.2554,-0.419,-0.6924,0.0,1.0,0.0,0.0,0.0,-2.568,0.0026143999999999,,,
-0.4507,-0.5713,0.51,0.821,0.0753,0.4285,-0.374,0.0,1.0,-0.448,-0.4182,-0.4668,0.0,1.06,0.2695,-0.10284,0.11914,-0.5386,-0.4575,-0.04076,-0.2666,-1.572,0.09735,0.1368,-0.04318,-0.07306,0.0,0.0,-0.0499,0.0,-0.1823,-0.611,0.31,-0.0649,1.0,0.0,-0.5,0.2319,-0.435,-0.7925,0.0,2.0,0.0,0.0,0.0,-0.064,0.3893999999999999,,,
-0.4668,-0.3662,0.5547,0.811,-0.314,0.2856,-0.374,0.0,1.0,-0.482,-0.4504,-0.4607,0.0,1.061,-0.358,-0.1794,0.04218,-0.325,-0.4587,0.3888,-0.2976,-0.04083,-1.572,0.09735,-0.04623,-0.0696,0.0,0.0,-0.0488,0.0,-0.1688,-0.3213,0.1095,0.4712,1.0,0.5,0.0,0.0399,-0.2683,-0.573,1.0,0.0,0.0,0.0,0.0,0.4658,0.4474148000000001,,,
-0.495,-0.0591,0.6255,0.801,-1.019,0.2856,-0.374,1.0,1.0,-0.534,-0.4998,-0.4514,0.0,1.061,-0.1495,-0.2505,-0.02943,-0.02379,-0.4595,0.5861,-0.2976,0.3884,-0.04083,-1.572,-0.04623,-0.0659,0.0,0.0,-0.04874,0.0,-0.1484,-0.3708,0.1538,0.7734,1.0,0.5,0.0,-0.1754,-0.002941,-0.08105,2.0,0.0,0.0,0.0,0.0,0.7554,0.4525212,,,
-0.512,0.2393,0.7,0.797,14.49,0.2856,-0.374,1.0,1.0,-0.586,-0.551,-0.4412,0.0,1.062,-0.2437,-0.3079,-0.09955,0.266,-0.4592,0.6151,-0.2998,0.586,0.3884,-0.04083,-0.04556,-0.06158,0.0,0.0,-0.0468,0.0,-0.1266,-0.06665,-0.0537,1.085,1.0,1.0,0.5,-0.3875,0.2336,0.395,3.0,0.0,0.0,0.0,0.0,1.041,-0.1178159999999999,,,
-0.4512,0.01305,0.6357,0.7935,-0.6206,0.2856,-0.366,1.0,1.0,-0.5376,-0.5107,-0.4487,0.0,1.062,0.2173,-0.3523,-0.1642,0.0164,-0.4583,-0.4477,-0.321,0.6147,0.586,0.3884,-0.0474,-0.05984,0.0,0.0,-0.04532,0.0,-0.1428,-0.06665,-0.06085,-1.041,1.0,0.5,0.5,-0.1786,0.00173,-0.0382,0.0,1.0,0.0,0.0,0.0,-0.9795,0.3224020000000001,,,
-0.4746,0.1879,0.687,0.8,2.113,0.4285,-0.3577,1.0,1.0,-0.574,-0.5444,-0.4417,0.0,1.0625,-0.39,-0.3826,-0.2192,0.1974,-0.4573,0.4344,-0.3145,-0.4475,0.6147,0.586,-0.04782,-0.05743,0.0,0.0,-0.0447,0.0,-0.1273,0.2974,-0.314,0.559,2.0,1.0,1.0,-0.332,0.1544,0.3403,1.0,0.0,0.0,0.0,0.0,0.5337,0.6842760000000001,,,
-0.4978,0.552,0.7905,0.8086,1.578,0.4285,-0.3496,1.0,1.0,-0.644,-0.613,-0.4277,0.0,1.0625,-0.197,-0.4014,-0.2668,0.5576,-0.4556,0.8375,-0.2737,0.434,-0.4475,0.6147,-0.03796,-0.05423,0.0,0.0,-0.04324,0.0,-0.097,0.3967,-0.3713,1.004,2.0,1.0,1.0,-0.5874,0.4836,0.9175,2.0,0.0,1.0,0.0,4.527,0.9453,0.0686136,,,
-0.4822,0.385,0.7534,0.818,-0.1486,0.4285,-0.3416,1.0,1.0,-0.619,-0.5894,-0.4316,0.0,1.063,-0.55,-0.408,-0.312,0.407,-0.4543,-0.2277,-0.25,0.8374,0.434,-0.4475,-0.02895,-0.05093,0.0,0.0,-0.04153,0.0,-0.1055,0.3884,-0.3691,-0.2266,1.0,0.5,1.0,-0.4473,0.321,0.6265,0.0,1.0,0.0,0.0,0.0,-0.2079,-0.7809976000000001,,,
-0.2688,-0.34,0.5522,0.8086,-1.528,0.2856,-0.3333,0.0,1.0,-0.4639,-0.4648,-0.4565,0.0,1.063,1.348,-0.4067,-0.352,-0.3267,-0.4543,-1.4719,-0.2515,-0.2277,0.8374,0.434,-0.02786,-0.04907,0.0,0.0,-0.0431,0.0,-0.1599,-0.2311,0.04904,-2.535,0.0,0.0,0.5,0.2637,-0.2727,-0.462,0.0,2.0,0.0,0.0,0.0,-2.342,-0.3510926799999999,,,
-0.2301,-0.482,0.504,0.798,0.7183,0.1428,-0.3252,0.0,1.0,-0.4258,-0.432,-0.462,0.0,1.063,-0.4067,-0.4087,-0.3862,-0.458,-0.4553,-0.3407,-0.2421,-1.472,-0.2277,0.8374,-0.0306,-0.04822,0.0,0.0,-0.04483,0.0,-0.1719,-0.2778,0.0773,-0.6377,0.0,0.0,0.5,0.383,-0.4075,-0.6523,0.0,3.0,0.0,0.0,0.0,-0.6177,-0.6715343999999999,,,
-0.1481,-0.886,0.3752,0.773,1.212,0.0,-0.3171,0.0,1.0,-0.3213,-0.3374,-0.4778,0.0,1.064,0.356,-0.406,-0.4155,-0.845,-0.4583,-0.9926,-0.187,-0.3406,-1.472,-0.2277,-0.03995,-0.04837,0.0,0.0,-0.04736,0.0,-0.2065,-0.6416,0.3218,-2.096,-1.0,0.0,0.0,0.8213,-0.763,-1.128,0.0,4.0,0.0,0.0,0.0,-2.05,-0.60062,,,
-0.11273,-1.121,0.2854,0.741,0.4458,-0.1428,-0.3088,0.0,1.0,-0.2462,-0.2659,-0.4888,0.0,1.064,-0.4407,-0.3848,-0.4302,-1.093,-0.4612,-0.7109,-0.10583,-0.992,-0.3406,-1.472,-0.0502,-0.04935,0.0,0.0,-0.05002,0.0,-0.2305,-0.809,0.4307,-1.041,-2.0,-0.5,-0.5,1.097,-0.9756,-1.257,0.0,5.0,0.0,0.0,0.0,-1.052,0.12902588,,,
-0.06537,-0.986,0.292,0.7085,-0.00594,-0.2856,-0.3008,0.0,1.0,-0.2477,-0.2754,-0.4875,0.0,1.065,0.01277,-0.3567,-0.428,-0.9946,-0.4634,0.0856,-0.0444,-0.7104,-0.992,-0.3406,-0.06195,-0.05154,0.0,0.0,-0.0533,0.0,-0.2277,-0.816,0.4365,0.087,-1.0,-0.5,-0.5,0.8936,-0.9346,-1.039,1.0,0.0,0.0,0.0,0.0,0.0899,0.0334224,,,
-0.1835,-0.979,0.279,0.692,0.1251,-0.2856,-0.2927,0.0,1.0,-0.2466,-0.2546,-0.4888,0.0,1.065,-0.4944,-0.3245,-0.4126,-0.994,-0.4646,-0.08517,0.00953,0.0855,-0.7104,-0.992,-0.0776,-0.05313,0.0,0.0,-0.0564,0.0,-0.2305,-0.5103,0.2173,-0.0847,-1.0,-1.0,-0.5,0.8584,-0.8896,-0.9453,0.0,1.0,0.0,0.0,0.0,-0.08734,0.0564531999999999,,,
-0.1499,-1.008,0.2559,0.6743,0.1674,-0.2856,-0.2847,0.0,1.0,-0.2246,-0.2375,-0.4915,0.0,1.066,0.6714,-0.2788,-0.3835,-1.011,-0.4668,-0.1709,0.05783,-0.08527,0.0855,-0.7104,-0.0929,-0.05472,0.0,0.0,-0.06027,0.0,-0.2362,-0.5386,0.235,-0.2256,-1.0,-1.0,-0.5,0.8496,-0.9014,-0.893,0.0,2.0,0.0,0.0,0.0,-0.2332,-0.388362,,,
-0.0565,-1.334,0.1469,0.6445,0.51,-0.2856,-0.2764,0.0,1.0,-0.1232,-0.1484,-0.505,0.0,1.066,0.3655,-0.2186,-0.3435,-1.34,-0.4697,-0.9029,0.1372,-0.171,-0.08527,0.0855,-0.1053,-0.0582,0.0,0.0,-0.0651,0.0,-0.2659,-0.848,0.443,-1.369,-1.0,-1.5,-1.0,1.1875,-1.215,-1.036,0.0,3.0,0.0,0.0,0.0,-1.423,0.6359080000000001,,,
-0.0801,-0.8784,0.2377,0.6167,-0.2551,-0.4285,-0.2683,0.0,1.0,-0.2037,-0.2275,-0.4932,0.0,1.067,-0.4336,-0.1577,-0.3027,-0.9175,-0.4717,0.8185,0.16,-0.9023,-0.171,-0.08527,-0.1133,-0.06122,0.0,0.0,-0.0696,0.0,-0.2397,-0.79,0.413,0.7744,0.0,-1.5,-1.0,0.7485,-0.7437,-0.715,1.0,0.0,0.0,0.0,0.0,0.828,0.1897848,,,
-0.1028,-0.76,0.2377,0.5825,-0.02583,-0.5713,-0.2603,0.0,1.0,-0.2056,-0.2257,-0.4927,0.0,1.067,-0.38,-0.08405,-0.2546,-0.8057,-0.4753,0.0216799999999999,0.1692,0.818,-0.9023,-0.171,-0.11707,-0.0638,0.0,0.0,-0.0742,0.0,-0.239,-1.021,0.578,0.026,0.0,-1.0,-1.0,0.6577,-0.697,-0.6494,2.0,0.0,0.0,0.0,0.0,0.02711,0.1976516,,,
-0.1542,-0.3164,0.3271,0.5596,-0.565,-0.7144,-0.252,0.0,1.0,-0.2837,-0.2976,-0.4807,0.0,1.068,-0.4275,-0.00429,-0.2035,-0.3274,-0.479,0.7975,0.1494,0.02156,0.818,-0.9023,-0.115,-0.0663,0.0,0.0,-0.07794,0.0,-0.2129,-0.6504,0.3252,0.642,1.0,-0.5,-0.5,0.2961,-0.2886,-0.3755,3.0,0.0,0.0,0.0,0.0,0.6685,0.2172551999999999,,,
-0.17,-0.3245,0.2979,0.5293,0.1697,-0.857,-0.2439,0.0,1.0,-0.261,-0.2717,-0.4841,0.0,1.068,-0.635,0.0635,-0.1538,-0.3557,-0.4812,-0.2102,0.1581,0.7974,0.02156,0.818,-0.1141,-0.06885,0.0,0.0,-0.0795,0.0,-0.22,-0.854,0.467,-0.1418,1.0,-0.5,-1.0,0.3308,-0.3967,-0.4202,0.0,1.0,0.0,0.0,0.0,-0.1442,0.0211908,,,
-0.1981,-0.151,0.3062,0.4922,-0.629,-1.0,-0.2357,0.0,1.0,-0.27,-0.2766,-0.4824,0.0,1.069,-0.1862,0.1224,-0.097,-0.1984,-0.4846,0.10593,0.1641,-0.2102,0.7974,0.02156,-0.1124,-0.0708,0.0,0.0,-0.08093,0.0,-0.2164,-1.185,0.7046,0.1138,2.0,0.0,-1.0,0.257,-0.335,-0.3694,1.0,0.0,0.0,0.0,0.0,0.1164,0.2165692,,,
-0.2153,0.2332,0.372,0.4622,-5.758,-1.0,-0.2277,1.0,1.0,-0.3242,-0.3293,-0.4734,0.0,1.069,-0.3877,0.1582,-0.04263,0.158,-0.487,0.5911,0.1614,0.1058,-0.2102,0.7974,-0.1078,-0.07166,0.0,0.0,-0.0821,0.0,-0.1968,-0.8887,0.5024,0.5566,2.0,0.5,-0.5,-0.04648,-0.128,-0.1741,2.0,0.0,0.0,0.0,0.0,0.568,-0.0990927999999998,,,
-0.379,0.2627,0.3652,0.4475,0.2341,-0.857,-0.2195,1.0,1.0,-0.3318,-0.3103,-0.4736,0.0,1.069,-0.6216,0.1765,0.01005,0.2263,-0.4895,-0.02062,0.1475,0.5903,0.1058,-0.2102,-0.0998,-0.073,0.0,0.0,-0.0841,0.0,-0.1974,-0.5103,0.2319,-0.01852,1.0,0.0,-0.5,-0.04825,-0.1617,-0.1588,0.0,1.0,0.0,0.0,0.0,-0.01854,0.0157819999999999,,,
-0.4153,0.3286,0.371,0.4375,0.3374,-0.7144,-0.2114,1.0,1.0,-0.3394,-0.3123,-0.4724,0.0,1.07,-0.805,0.1793,0.05728,0.3328,-0.4915,0.08305,0.1111,-0.0207,0.5903,0.1058,-0.0945,-0.0741,0.0,0.0,-0.0869,0.0,-0.1946,-0.358,0.12445,0.0631,1.0,0.5,0.0,-0.12244,-0.1836,-0.09937,1.0,0.0,0.0,0.0,0.0,0.06323,0.0270496,,,
-0.4695,0.536,0.4243,0.4412,0.6753,-0.5713,-0.2032,1.0,1.0,-0.3853,-0.3503,-0.4648,0.0,1.07,-0.0946,0.1683,0.09033,0.5767,-0.4917,0.4757,0.0898,0.0829,-0.0207,0.5903,-0.08734,-0.0751,0.0,0.0,-0.0884,0.0,-0.1785,0.2708,-0.3171,0.514,2.0,1.0,0.5,-0.3113,-0.00916,0.086,2.0,0.0,0.0,0.0,0.0,0.5137,0.0262151999999999,,,
-0.4797,0.5083,0.4282,0.453,0.08484,-0.4285,-0.2032,1.0,1.0,-0.389,-0.3525,-0.4639,0.0,1.071,-0.4033,0.1394,0.1051,0.5693,-0.4905,0.06123,0.04974,0.4753,0.0829,-0.0207,-0.08307,-0.07587,0.0,0.0,-0.0904,0.0,-0.1763,0.714,-0.6323,0.0454,2.0,1.5,1.0,-0.3118,-0.01168,0.1483,3.0,0.0,0.0,0.0,0.0,0.0447,-0.1356139999999999,,,
-0.513,0.348,0.3972,0.4622,-0.1575,-0.2856,-0.2032,1.0,1.0,-0.3677,-0.3252,-0.4675,0.0,1.071,-0.552,0.0932,0.1007,0.4165,-0.4893,-0.2235,-0.05557,0.0611,0.4753,0.0829,-0.07886,-0.0773,0.0,0.0,-0.094,0.0,-0.1841,0.535,-0.5083,-0.1674,1.0,1.0,0.5,-0.1925,-0.1229,0.1555,0.0,1.0,0.0,0.0,0.0,-0.1646,-0.2384572,,,
-0.484,0.2125,0.3716,0.4705,-0.2035,-0.1428,-0.2032,1.0,1.0,-0.3455,-0.307,-0.4705,0.0,1.072,-0.2373,0.02615,0.07776,0.281,-0.488,-0.1842,-0.1768,-0.2236,0.0611,0.4753,-0.0758,-0.07904,0.0,0.0,-0.09753,0.0,-0.1904,0.4712,-0.4656,-0.1523,1.0,0.5,0.5,-0.10486,-0.2135,0.1996,0.0,2.0,0.0,0.0,0.0,-0.1509,-0.1809303999999999,,,
-0.5557,0.04077,0.3362,0.478,-0.4912,0.0,-0.2032,1.0,1.0,-0.323,-0.272,-0.4746,0.0,1.072,-0.4114,-0.05392,0.0384,0.07574,-0.4856,-0.2677,-0.2114,-0.1842,-0.2236,0.0611,-0.0761,-0.0812,0.0,0.0,-0.0992,0.0,-0.1996,0.4102,-0.4258,-0.363,0.0,0.0,0.5,-0.02237,-0.365,0.095,0.0,3.0,0.0,0.0,0.0,-0.3613,0.3840319999999998,,,
-0.635,0.0947,0.3652,0.4958,0.6055,0.1428,-0.2032,1.0,1.0,-0.3525,-0.2893,-0.4705,0.0,1.073,-0.6255,-0.1296,-0.01273,0.1084,-0.4827,0.2701,-0.2288,-0.2676,-0.1842,-0.2236,-0.07526,-0.0814,0.0,0.0,-0.0999,0.0,-0.1904,1.099,-0.913,0.2382,0.0,0.5,1.0,-0.1587,-0.2734,0.3015,1.0,0.0,0.0,0.0,0.0,0.2391,0.26084,,,
-0.687,0.2505,0.4163,0.5103,1.078,0.2856,-0.1951,1.0,1.0,-0.3965,-0.326,-0.4634,0.0,1.073,-0.4556,-0.1975,-0.063,0.2632,-0.4805,0.4532,-0.2087,0.2698,-0.2676,-0.1842,-0.07294,-0.0812,0.0,0.0,-0.09863,0.0,-0.1749,1.017,-0.8477,0.3904,0.0,0.5,1.0,-0.308,-0.0692,0.5366,2.0,0.0,0.0,0.0,0.0,0.3887,-0.1833496,,,
-0.633,-0.051,0.3503,0.52,-0.8374,0.4285,-0.1951,1.0,1.0,-0.3406,-0.2773,-0.4714,0.0,1.074,-0.0797,-0.227,-0.1091,-0.04333,-0.4788,-0.5079,-0.2115,0.453,0.2698,-0.2676,-0.07465,-0.08185,0.0,0.0,-0.09705,0.0,-0.1926,0.609,-0.5645,-0.6055,0.0,0.0,0.5,-0.0976,-0.319,0.1782,0.0,1.0,0.0,0.0,0.0,-0.594,0.20701,,,
-0.65,-0.2502,0.2993,0.5186,-6.887,0.4285,-0.187,0.0,1.0,-0.3008,-0.2334,-0.4775,0.0,1.074,-0.249,-0.2223,-0.1525,-0.247,-0.4783,-0.3919,-0.2177,-0.5073,0.453,0.2698,-0.07806,-0.08344,0.0,0.0,-0.0961,0.0,-0.206,0.02235,-0.152,-0.2676,0.0,0.0,0.0,0.06964,-0.4763,-0.09076,0.0,2.0,0.0,0.0,0.0,-0.2668,-0.0009376,,,
-0.6514,-0.2457,0.301,0.5195,0.1049,0.4285,-0.1788,0.0,1.0,-0.302,-0.2346,-0.4768,0.0,1.075,-0.6436,-0.2034,-0.1964,-0.2336,-0.478,0.04188,-0.2268,-0.3918,-0.5073,0.453,-0.0805,-0.08563,0.0,0.0,-0.09503,0.0,-0.2046,0.1742,-0.2598,0.033,1.0,0.0,0.5,0.03555,-0.4465,-0.08813,1.0,0.0,0.0,0.0,0.0,0.0333,-0.2894168,,,
-0.6235,-0.5396,0.2231,0.514,2.043,0.4285,-0.1708,0.0,1.0,-0.235,-0.17,-0.4866,0.0,1.075,-0.3105,-0.1798,-0.2361,-0.533,-0.478,-0.6259,-0.2356,0.04178,-0.3918,-0.5073,-0.08466,-0.08795,0.0,0.0,-0.0946,0.0,-0.2258,-0.2336,0.02208,-0.68,0.0,-0.5,0.0,0.2817,-0.702,-0.5186,0.0,1.0,0.0,0.0,0.0,-0.686,-0.0753623999999999,,,
-0.6157,-0.652,0.1824,0.4995,0.396,0.2856,-0.1626,0.0,1.0,-0.1992,-0.1344,-0.4915,0.0,1.075,-0.3823,-0.1685,-0.2676,-0.6514,-0.479,-0.3192,-0.2842,-0.6255,0.04178,-0.3918,-0.0889,-0.09094,0.0,0.0,-0.0934,0.0,-0.2365,-0.7354,0.3752,-0.3225,-1.0,-1.0,-0.5,0.3938,-0.7876,-0.8623,0.0,2.0,0.0,0.0,0.0,-0.3318,-0.1350319999999999,,,
-0.6133,-0.708,0.1537,0.4827,0.2384,0.1428,-0.1544,0.0,1.0,-0.174,-0.10864,-0.4946,0.0,1.076,-0.73,-0.1776,-0.2961,-0.6885,-0.4812,-0.2149,-0.279,-0.319,-0.6255,0.04178,-0.09515,-0.09503,0.0,0.0,-0.0935,0.0,-0.2435,-0.8047,0.4216,-0.261,-1.0,-1.0,-0.5,0.4458,-0.827,-1.006,0.0,3.0,0.0,0.0,0.0,-0.271,0.1365252,,,
-0.5854,-0.717,0.1351,0.464,0.1483,0.0,-0.1464,0.0,1.0,-0.1552,-0.09393,-0.4966,0.0,1.076,-0.4822,-0.2072,-0.3137,-0.69,-0.4832,-0.1298,-0.2668,-0.2148,-0.319,-0.6255,-0.10364,-0.09906,0.0,0.0,-0.0939,0.0,-0.2477,-0.906,0.492,-0.1517,-1.0,-1.0,-1.0,0.4336,-0.852,-1.055,0.0,4.0,0.0,0.0,0.0,-0.1588,-0.1350283999999999,,,
-0.5996,-0.8774,0.07227,0.4365,0.4028,-0.1428,-0.1382,0.0,1.0,-0.0991,-0.03387,-0.5044,0.0,1.077,-0.719,-0.2404,-0.319,-0.837,-0.4863,-0.5214,-0.2107,-0.1298,-0.2148,-0.319,-0.1121,-0.1019,0.0,0.0,-0.096,0.0,-0.2646,-1.407,0.843,-0.629,-2.0,-1.0,-1.5,0.627,-1.005,-1.18,0.0,5.0,0.0,1.0,-2.818,-0.66,0.1299812,,,
-0.615,-0.665,0.10065,0.4106,-0.1515,-0.2856,-0.1301,0.0,1.0,-0.1265,-0.05942,-0.5,0.0,1.077,-0.4214,-0.2559,-0.3174,-0.641,-0.4885,0.2870999999999999,-0.1798,-0.5215,-0.1298,-0.2148,-0.1179,-0.1043,0.0,0.0,-0.0975,0.0,-0.2554,-1.243,0.729,0.2444,-1.0,-1.0,-1.5,0.4463,-0.808,-0.9106,1.0,0.0,0.0,0.0,0.0,0.261,0.813842,,,
-0.541,0.05066,0.262,0.3997,-1.177,-0.2856,-0.12195,1.0,1.0,-0.261,-0.2106,-0.4785,0.0,1.078,-0.4312,-0.258,-0.3127,0.0596,-0.489,1.4671,-0.1807,0.287,-0.5215,-0.1298,-0.1183,-0.1043,0.0,0.0,-0.0971,0.0,-0.2083,-0.3704,0.1273,1.665,0.0,-1.0,-1.0,-0.11725,-0.08307,-0.1086,2.0,0.0,1.0,0.0,5.598,1.762,-0.0744431999999999,,,
-0.5645,0.0405,0.2502,0.3896,0.0511,-0.2856,-0.11383,1.0,1.0,-0.253,-0.1984,-0.4795,0.0,1.078,-0.588,-0.2451,-0.3079,0.0544,-0.4897,-0.0626999999999999,-0.1826,1.466,0.287,-0.5215,-0.1165,-0.10376,0.0,0.0,-0.09766,0.0,-0.2103,-0.327,0.09534,-0.05112,0.0,-1.0,-1.0,-0.09094,-0.1334,-0.1335,0.0,1.0,0.0,0.0,0.0,-0.05173,0.2345048000000001,,,
-0.597,0.0997,0.2583,0.3835,0.6523,-0.2856,-0.1057,1.0,1.0,-0.2625,-0.2028,-0.4778,0.0,1.079,-0.774,-0.2185,-0.3052,0.1288,-0.4905,0.10496,-0.1846,-0.06274,1.466,0.287,-0.11304,-0.10315,0.0,0.0,-0.0981,0.0,-0.2068,-0.18,-0.00781,0.07513,1.0,-0.5,-0.5,-0.1323,-0.1083,-0.0645,1.0,0.0,0.0,0.0,0.0,0.0762,0.4346151999999999,,,
-0.6025,0.414,0.3298,0.3806,1.99,-0.2856,-0.09753,1.0,1.0,-0.3218,-0.263,-0.4678,0.0,1.079,-0.4485,-0.1951,-0.308,0.4412,-0.4905,0.6481,-0.1791,0.1048,-0.06274,1.466,-0.10614,-0.10187,0.0,0.0,-0.09766,0.0,-0.1849,-0.03058,-0.10486,0.684,2.0,-0.5,-0.5,-0.363,0.1521,0.3003,2.0,0.0,0.0,0.0,0.0,0.691,0.5090044000000001,,,
-0.6123,0.721,0.4014,0.3792,0.796,-0.2856,-0.0894,1.0,1.0,-0.379,-0.3203,-0.4578,0.0,1.08,-0.3125,-0.1854,-0.3137,0.7393,-0.4897,0.6354,-0.1628,0.648,0.1048,-0.06274,-0.0962,-0.0998,0.0,0.0,-0.097,0.0,-0.1631,0.037,-0.1434,0.6895,2.0,0.0,-0.5,-0.5654,0.375,0.631,3.0,0.0,0.0,0.0,0.0,0.6826,-0.0377848959999999,,,
-0.61,0.4692,0.34,0.3787,-0.2021,-0.2856,-0.0813,1.0,1.0,-0.3306,-0.2708,-0.4653,0.0,1.08,-0.0939,-0.1943,-0.3179,0.4736,-0.4888,-0.4621,-0.1652,0.635,0.648,0.1048,-0.0862,-0.0974,0.0,0.0,-0.0971,0.0,-0.1793,0.05353,-0.1625,-0.6636,1.0,0.0,-0.5,-0.3284,0.1338,0.3691,0.0,1.0,0.0,0.0,0.0,-0.644,-0.0806007999999999,,,
-0.6265,0.4404,0.3357,0.3816,0.0772,-0.1428,-0.0732,1.0,1.0,-0.3281,-0.2656,-0.4653,0.0,1.08,-0.478,-0.2175,-0.3218,0.423,-0.4873,0.0001,-0.1616,-0.462,0.635,0.648,-0.0773,-0.0957,0.0,0.0,-0.0969,0.0,-0.1794,0.2231,-0.2834,0.0,1.0,0.0,-0.5,-0.299,0.0974,0.361,0.0,0.0,0.0,0.0,0.0,0.0,-0.8286935999999997,,,
-0.515,-0.10266,0.1991,0.374,-0.979,-0.1428,-0.06506,0.0,1.0,-0.2056,-0.1576,-0.4827,0.0,1.081,-0.2119,-0.2515,-0.3228,-0.1268,-0.4873,-1.1009,-0.1652,0.0,-0.462,0.635,-0.07837,-0.0951,0.0,0.0,-0.098,0.0,-0.2175,-0.2198,0.01596,-1.685,0.0,0.0,-1.0,0.2002,-0.371,-0.2423,0.0,1.0,0.0,0.0,0.0,-1.66,0.1845836,,,
-0.5654,-0.0254,0.2172,0.3743,-3.732,0.0,-0.05692,1.0,1.0,-0.2252,-0.1694,-0.4797,0.0,1.081,-0.64,-0.2983,-0.3215,-0.04358,-0.487,0.1901999999999999,-0.1665,-1.101,0.0,-0.462,-0.0784,-0.09503,0.0,0.0,-0.0985,0.0,-0.2112,0.06235,-0.1827,0.2009,0.0,0.5,-0.5,0.1015,-0.2812,-0.128,1.0,0.0,0.0,0.0,0.0,0.2051,-0.3920280000000001,,,
-0.4043,-0.1952,0.1766,0.3745,-3.113,0.0,-0.04877,0.0,1.0,-0.1774,-0.1467,-0.4846,0.0,1.082,1.497,-0.3499,-0.3223,-0.2229,-0.4863,-0.3146,-0.1707,0.19,-1.101,0.0,-0.08014,-0.09503,0.0,0.0,-0.0998,0.0,-0.2218,0.06235,-0.1874,-0.7036,-1.0,0.0,-0.5,0.2274,-0.4006,-0.2793,0.0,1.0,0.0,0.0,0.0,-0.714,-0.1355679999999999,,,
-0.3423,-0.342,0.1411,0.3743,1.51,0.0,-0.04065,0.0,1.0,-0.141,-0.11957,-0.4888,0.0,1.082,-0.01073,-0.3887,-0.3276,-0.369,-0.4858,-0.2755,-0.1866,-0.3147,0.19,-1.101,-0.0855,-0.09546,0.0,0.0,-0.1021,0.0,-0.231,0.03857,-0.1744,-0.437,-1.0,-0.5,-0.5,0.3293,-0.4897,-0.3972,0.0,2.0,0.0,0.0,0.0,-0.4478,0.395192,,,
-0.3225,-0.1018,0.2032,0.3806,-0.851,0.0,-0.03253,0.0,1.0,-0.1938,-0.1772,-0.4802,0.0,1.083,-0.4812,-0.4028,-0.3398,-0.1309,-0.4846,0.5771,-0.1937,-0.2754,-0.3147,0.19,-0.09125,-0.0959,0.0,0.0,-0.1029,0.0,-0.2119,0.2573,-0.3223,0.605,0.0,0.0,0.0,0.0735,-0.216,-0.04773,1.0,0.0,0.0,0.0,0.0,0.625,0.1263743999999999,,,
-0.3254,-0.3372,0.1534,0.3882,12.38,0.0,-0.02438,0.0,1.0,-0.1506,-0.1322,-0.4863,0.0,1.083,-0.6587,-0.3787,-0.354,-0.3694,-0.4832,-0.3989,-0.1938,0.577,-0.2754,-0.3147,-0.0966,-0.0966,0.0,0.0,-0.1037,0.0,-0.2253,0.298,-0.3572,-0.3694,0.0,-0.5,0.0,0.239,-0.374,-0.2686,0.0,1.0,0.0,0.0,0.0,-0.3748,0.0336088,,,
-0.3506,-0.3489,0.155,0.3936,0.1829,0.0,-0.01627,0.0,1.0,-0.1539,-0.1315,-0.4856,0.0,1.084,-0.7397,-0.3535,-0.3699,-0.3704,-0.4824,0.04264,-0.1953,-0.399,0.577,-0.2754,-0.10187,-0.0975,0.0,0.0,-0.1045,0.0,-0.224,0.2327,-0.3098,0.04303,0.0,-0.5,0.0,0.135,-0.4119,-0.2272,1.0,0.0,0.0,0.0,0.0,0.04422,-0.1858188,,,
-0.4658,-0.4663,0.1178,0.3833,0.6016,-0.1428,-0.00813,0.0,1.0,-0.13,-0.08777,-0.4902,0.0,1.084,-0.6,-0.3425,-0.3894,-0.4917,-0.4832,-0.2973,-0.1926,0.0425,-0.399,0.577,-0.10376,-0.099,0.0,0.0,-0.1048,0.0,-0.2339,-0.4126,0.1464,-0.3071,0.0,-1.0,-0.5,0.2532,-0.51,-0.394,0.0,1.0,0.0,0.0,0.0,-0.3152,-0.0633967999999999,,,
-0.4807,-0.2808,0.1554,0.3762,-0.3813,-0.2856,0.0,0.0,1.0,-0.1648,-0.1212,-0.4846,0.0,1.085,-0.554,-0.3423,-0.4067,-0.3093,-0.4834,0.3646,-0.1976,-0.297,0.0425,-0.399,-0.105,-0.1003,0.0,0.0,-0.1042,0.0,-0.2219,-0.2283,0.02007,0.3977,1.0,-0.5,0.0,0.09503,-0.3162,-0.1962,1.0,0.0,0.0,0.0,0.0,0.412,-0.353572,,,
-0.4304,-0.542,0.0812,0.3623,1.532,-0.4285,0.00813,0.0,1.0,-0.0938,-0.0563,-0.4941,0.0,1.085,-0.4048,-0.3552,-0.4163,-0.5825,-0.4841,-0.6146,-0.1987,0.3643,-0.297,0.0425,-0.10736,-0.10187,0.0,0.0,-0.1041,0.0,-0.2423,-0.477,0.1887,-0.5845,0.0,-0.5,-0.5,0.3364,-0.5723,-0.5654,0.0,1.0,0.0,0.0,0.0,-0.5986,-0.5233776000000002,,,
-0.41,-0.753,0.00965,0.3372,0.622,-0.5713,0.01627,0.0,1.0,-0.02502,0.01125,-0.503,0.0,1.086,-0.4163,-0.376,-0.4214,-0.8135,-0.4858,-0.6049,-0.1833,-0.6143,0.3643,-0.297,-0.111,-0.1039,0.0,0.0,-0.10474,0.0,-0.2622,-0.9375,0.509,-0.642,0.0,-0.5,-1.0,0.554,-0.805,-0.877,0.0,2.0,0.0,0.0,0.0,-0.6704,-0.0406791999999999,,,
-0.4148,-0.857,-0.04422,0.302,0.2986,-0.7144,0.02438,0.0,1.0,0.027,0.0657,-0.51,0.0,1.086,-0.4883,-0.3809,-0.4187,-0.9263,-0.4893,-0.4625,-0.1658,-0.605,-0.6143,0.3643,-0.11865,-0.106,0.0,0.0,-0.1052,0.0,-0.2769,-1.386,0.822,-0.653,-1.0,-1.0,-1.5,0.695,-0.955,-1.08,0.0,3.0,0.0,0.0,0.0,-0.695,0.25809776,,,
-0.4702,-0.5737,-0.00162,0.275,-0.2566,-0.857,0.03253,0.0,1.0,-0.01903,0.0274,-0.504,0.0,1.086,-0.4983,-0.3516,-0.4084,-0.6475,-0.492,0.4249,-0.1571,-0.4624,-0.605,-0.6143,-0.1231,-0.10803,0.0,0.0,-0.1055,0.0,-0.2634,-1.063,0.5977,0.4348,0.0,-0.5,-1.0,0.4753,-0.6777,-0.837,1.0,0.0,0.0,0.0,0.0,0.4697,-0.311696,,,
-0.4321,-0.654,-0.04593,0.2446,0.3066,-1.0,0.04065,0.0,1.0,0.02728,0.06885,-0.5093,0.0,1.087,-0.0966,-0.2834,-0.3813,-0.709,-0.4956,-0.3749,-0.1203,0.4246,-0.4624,-0.605,-0.1292,-0.11084,0.0,0.0,-0.10834,0.0,-0.2756,-1.136,0.644,-0.4338,-1.0,-0.5,-1.0,0.5483,-0.84,-0.9087,0.0,1.0,0.0,0.0,0.0,-0.4626,-0.2461779999999999,,,
-0.4758,-0.83,-0.1068,0.2205,0.463,-1.0,0.04877,0.0,1.0,0.0851,0.1357,-0.517,0.0,1.087,-0.3623,-0.211,-0.3464,-0.8823,-0.498,-0.5355,-0.0683,-0.3748,0.4246,-0.4624,-0.136,-0.11365,0.0,0.0,-0.11176,0.0,-0.2925,-1.002,0.541,-0.5483,-1.0,-1.0,-1.0,0.7383,-1.0,-1.001,0.0,2.0,0.0,0.0,0.0,-0.5913,0.07709384,,,
-0.4185,-1.045,-0.1818,0.1891,0.4392,-1.143,0.05692,0.0,1.0,0.1681,0.2119,-0.527,0.0,1.088,-0.635,-0.1289,-0.3005,-1.098,-0.5015,-0.6809000000000001,0.000979,-0.5356,-0.3748,0.4246,-0.1467,-0.11664,0.0,0.0,-0.11615,0.0,-0.3137,-1.24,0.702,-0.8413,-1.0,-1.0,-1.5,0.979,-1.212,-1.083,0.0,3.0,0.0,1.0,-3.969,-0.923,-0.0617919999999999,,,
-0.5894,-1.031,-0.2032,0.1593,0.11847,-1.143,0.06506,0.0,1.0,0.1776,0.25,-0.5293,0.0,1.088,-0.455,-0.0218,-0.2322,-1.018,-0.507,-0.1854,0.04443,-0.6807,-0.5356,-0.3748,-0.1558,-0.1199,0.0,0.0,-0.1217,0.0,-0.3193,-1.214,0.6807,-0.2659,-1.0,-1.5,-1.5,0.9634,-1.203,-1.005,0.0,4.0,0.0,0.0,0.0,-0.298,0.2997375999999999,,,
-0.5796,-0.79,-0.1699,0.1344,-0.138,-1.143,0.0732,0.0,1.0,0.1426,0.2122,-0.5244,0.0,1.089,0.3484,0.08765,-0.1555,-0.7246,-0.511,0.35,0.02838,-0.1854,-0.6807,-0.5356,-0.1613,-0.12213,0.0,0.0,-0.1278,0.0,-0.3086,-0.98,0.5186,0.5396,-1.0,-1.0,-1.0,0.7134,-0.968,-0.826,1.0,0.0,0.0,0.0,0.0,0.6084,-0.306004,,,
-0.5913,-0.911,-0.226,0.09955,0.316,-1.143,0.0732,0.0,0.0,0.2023,0.2756,-0.5317,0.0,1.089,-0.3333,0.1843,-0.0796,-0.8545,-0.514,-0.5079,0.03543,0.3499,-0.1854,-0.6807,-0.1667,-0.12463,0.0,0.0,-0.1338,0.0,-0.3242,-1.398,0.8105,-0.4966,-1.0,-1.5,-1.5,0.8667,-1.118,-0.9106,0.0,1.0,0.0,0.0,0.0,-0.5537,-0.1772439999999999,,,
-0.5684,-1.021,-0.2793,0.0646,0.276,-1.143,0.0732,0.0,0.0,0.2637,0.3352,-0.5386,0.0,1.09,-0.4985,0.2615,-0.00751,-0.9844,-0.5176,-0.4923,0.04254,-0.5073,0.3499,-0.1854,-0.1757,-0.1273,0.0,0.0,-0.1404,0.0,-0.339,-1.405,0.8086,-0.4763,-1.0,-1.5,-1.5,1.021,-1.227,-0.9775,0.0,2.0,0.0,0.0,0.0,-0.54,0.5119008000000003,,,
-0.5576,-0.5415,-0.198,0.03568,-0.412,-1.143,0.0813,0.0,1.0,0.1746,0.2415,-0.5273,0.0,1.09,-0.43,0.3167,0.0598,-0.517,-0.52,0.8336,0.04733,-0.4922,-0.5073,0.3499,-0.1802,-0.1292,0.0,0.0,-0.1444,0.0,-0.3145,-1.021,0.546,0.73,0.0,-1.0,-1.5,0.605,-0.7383,-0.647,1.0,0.0,0.0,0.0,0.0,0.8403,-1.1761488,,,
-0.3882,-1.178,-0.3687,-0.003273,1.611,-1.143,0.0813,0.0,0.0,0.3826,0.428,-0.55,0.0,1.091,0.8125,0.3772,0.1355,-1.11,-0.5254,-1.6249,0.0952,0.833,-0.4922,-0.5073,-0.1886,-0.1318,0.0,0.0,-0.1508,0.0,-0.3638,-1.218,0.664,-3.86,0.0,-1.0,-1.5,1.332,-1.351,-1.035,0.0,1.0,0.0,0.0,0.0,-4.33,-0.103408,,,
-0.3948,-0.955,-0.3538,-0.04404,-0.08417,-1.143,0.0813,0.0,0.0,0.3643,0.4104,-0.5474,0.0,1.091,-0.452,0.4265,0.2102,-0.893,-0.53,0.1712,0.1259,-1.624,0.833,-0.4922,-0.1938,-0.1348,0.0,0.0,-0.1565,0.0,-0.359,-1.313,0.7344,0.2434,0.0,-1.0,-1.5,1.118,-1.181,-0.8804,1.0,0.0,0.0,0.0,0.0,0.2876,-0.30724,,,
-0.3992,-1.029,-0.4011,-0.0826,0.2247,-1.143,0.0813,0.0,0.0,0.4214,0.47,-0.5537,0.0,1.092,-0.5645,0.452,0.2766,-1.007,-0.5327,-0.4621,0.1655,0.1711,-1.624,0.833,-0.2001,-0.1394,0.0,0.0,-0.1624,0.0,-0.372,-1.285,0.708,-0.3743,0.0,-1.0,-1.5,1.214,-1.297,-0.8984,0.0,1.0,0.0,0.0,0.0,-0.44,-0.0173023999999999,,,
-0.42,-0.9844,-0.4197,-0.11694,0.08264,-1.143,0.0813,0.0,0.0,0.4426,0.495,-0.556,0.0,1.092,-0.6543,0.4568,0.3313,-0.999,-0.5356,-0.1726,0.1737,-0.462,0.1711,-1.624,-0.2081,-0.144,0.0,0.0,-0.1692,0.0,-0.3772,-1.219,0.659,-0.1066,0.0,-1.0,-1.5,1.168,-1.279,-0.86,0.0,2.0,0.0,0.0,0.0,-0.1272,0.1339919999999999,,,
-0.413,-0.724,-0.3884,-0.1449,-0.1746,-1.143,0.0813,0.0,0.0,0.4045,0.4548,-0.5513,0.0,1.092,-0.4756,0.4565,0.374,-0.739,-0.5386,0.3475,0.168,-0.1727,-0.462,0.1711,-0.2131,-0.1486,0.0,0.0,-0.175,0.0,-0.3672,-0.9976,0.5054,0.3564,0.0,-0.5,-1.0,0.911,-1.022,-0.7095,1.0,0.0,0.0,0.0,0.0,0.4275,-0.60426,,,
-0.3672,-0.932,-0.4622,-0.1824,0.4785,-1.143,0.0813,0.0,0.0,0.5005,0.546,-0.561,0.0,1.093,-0.2993,0.4463,0.405,-0.98,-0.5415,-0.7362,0.1669,0.3472,-0.1727,-0.462,-0.2189,-0.1542,0.0,0.0,-0.1819,0.0,-0.3884,-1.301,0.712,-0.6133,0.0,-0.5,-1.5,1.17,-1.25,-0.8296,0.0,1.0,0.0,0.0,0.0,-0.7275,0.1912024,,,
-0.4072,-0.751,-0.4526,-0.216,-0.0943,-1.143,0.0813,0.0,0.0,0.4849,0.5366,-0.5596,0.0,1.093,-0.429,0.434,0.4277,-0.819,-0.5444,0.1256999999999999,0.1549,-0.7363,0.3472,-0.1727,-0.2272,-0.1604,0.0,0.0,-0.1882,0.0,-0.3848,-1.192,0.636,0.11884,0.0,-0.5,-1.0,0.9917,-1.111,-0.7373,1.0,0.0,0.0,0.0,0.0,0.1443,-0.2677587999999998,,,
-0.378,-0.865,-0.5024,-0.2484,0.3157,-1.143,0.0813,0.0,0.0,0.552,0.6006,-0.566,0.0,1.094,-0.1284,0.4087,0.4395,-0.949,-0.5474,-0.5004,0.1205,0.1256,-0.7363,0.3472,-0.2313,-0.1665,0.0,0.0,-0.1956,0.0,-0.399,-1.178,0.6196,-0.432,0.0,-0.5,-1.0,1.11,-1.256,-0.8193,0.0,1.0,0.0,0.0,0.0,-0.5225,-0.1406639999999999,,,
-0.3887,-0.8784,-0.529,-0.277,0.1514,-1.143,0.0813,0.0,0.0,0.5854,0.637,-0.5693,0.0,1.094,-0.3127,0.3706,0.4373,-0.9883,-0.55,-0.2541,0.1015,-0.5005,0.1256,-0.7363,-0.2368,-0.1729,0.0,0.0,-0.2024,0.0,-0.406,-1.101,0.5615,-0.1503,0.0,-0.5,-1.0,1.126,-1.261,-0.8276,0.0,2.0,0.0,0.0,0.0,-0.1847,0.327992,,,
-0.3896,-0.533,-0.4783,-0.2998,-0.3293,-1.143,0.0813,0.0,0.0,0.519,0.569,-0.562,0.0,1.095,-0.4238,0.3442,0.4263,-0.6377,-0.5527,0.5640999999999999,0.07477,-0.2542,-0.5005,0.1256,-0.239,-0.1777,0.0,0.0,-0.2076,0.0,-0.3904,-0.8335,0.378,0.5156,0.0,-0.5,-0.5,0.797,-0.8965,-0.626,1.0,0.0,0.0,0.0,0.0,0.6387,-0.1452296,,,
-0.4485,-0.582,-0.5117,-0.3281,0.2488,-1.143,0.0813,0.0,0.0,0.558,0.6187,-0.5664,0.0,1.095,-0.3833,0.324,0.414,-0.685,-0.5557,-0.3273,0.06073,0.5635,-0.2542,-0.5005,-0.2417,-0.183,0.0,0.0,-0.2128,0.0,-0.3997,-1.045,0.525,-0.2898,0.0,-0.5,-1.0,0.8574,-0.9795,-0.6694,0.0,1.0,0.0,0.0,0.0,-0.3528,0.0580336,,,
-0.4648,-0.605,-0.5376,-0.3542,0.1827,-1.143,0.0813,0.0,0.0,0.5913,0.6562,-0.5693,0.0,1.096,-0.4087,0.2993,0.3958,-0.7207,-0.558,-0.2543,0.0178,-0.3271,0.5635,-0.2542,-0.2463,-0.1881,0.0,0.0,-0.2188,0.0,-0.4067,-0.993,0.4846,-0.2014,-1.0,-1.0,-1.0,0.8784,-1.027,-0.708,0.0,2.0,0.0,0.0,0.0,-0.2478,-0.0911148,,,
-0.431,-0.5923,-0.5537,-0.3767,0.1075,-1.143,0.0813,0.0,0.0,0.6157,0.676,-0.5713,0.0,1.096,-0.0807,0.2666,0.375,-0.714,-0.56,-0.1538,-0.02264,-0.2544,-0.3271,0.5635,-0.2489,-0.1932,0.0,0.0,-0.2244,0.0,-0.411,-0.922,0.432,-0.12384,-1.0,-1.0,-1.0,0.83,-1.052,-0.7197,0.0,3.0,0.0,0.0,0.0,-0.1536,-0.0616687999999999,,,
-0.4653,-0.4648,-0.553,-0.4058,-0.1337,-1.143,0.0813,0.0,0.0,0.6123,0.6777,-0.5713,0.0,1.097,-0.5347,0.2247,0.3474,-0.6143,-0.5625,0.02587,-0.0558,-0.1538,-0.2544,-0.3271,-0.252,-0.1987,0.0,0.0,-0.2292,0.0,-0.4102,-1.357,0.743,0.02065,0.0,-0.5,-1.0,0.655,-1.055,-0.671,1.0,0.0,0.0,0.0,0.0,0.02571,0.1718399999999999,,,
-0.575,-0.11035,-0.4932,-0.416,-0.8545,-1.143,0.0813,0.0,0.0,0.5234,0.6045,-0.5625,0.0,1.097,-0.10547,0.2051,0.3184,-0.1869,-0.5654,0.6695,-0.08527,0.02576,-0.1538,-0.2544,-0.2512,-0.2034,0.0,0.0,-0.2325,0.0,-0.3918,-0.5522,0.1764,0.429,0.0,-0.5,-0.5,0.3376,-0.666,-0.395,2.0,0.0,0.0,0.0,0.0,0.534,-0.0448396,,,
-0.59,-0.1837,-0.519,-0.4297,2.834,-1.143,0.0813,0.0,0.0,0.556,0.64,-0.566,0.0,1.098,-0.7036,0.1909,0.2942,-0.2395,-0.5674,-0.2521,-0.1125,0.6694,0.02576,-0.1538,-0.2502,-0.2083,0.0,0.0,-0.2358,0.0,-0.399,-0.7363,0.305,-0.1316,0.0,-0.5,-1.0,0.3948,-0.7495,-0.4563,0.0,1.0,0.0,0.0,0.0,-0.1604,0.166778,,,
-0.544,0.0565,-0.4783,-0.4368,-2.373,-1.0,0.0813,1.0,0.0,0.507,0.582,-0.56,0.0,1.098,0.2024,0.1672,0.2676,0.01387,-0.5684,0.4579,-0.173,-0.2522,0.6694,0.02576,-0.2498,-0.2125,0.0,0.0,-0.239,0.0,-0.3862,-0.3208,0.0139,0.4067,1.0,-0.5,-0.5,0.1818,-0.4941,-0.2274,1.0,0.0,0.0,0.0,0.0,0.4998,0.012022,,,
-0.466,-0.3462,-0.566,-0.4487,-2.988,-1.0,0.0813,0.0,0.0,0.6294,0.6953,-0.572,0.0,1.098,-0.0473,0.1342,0.2365,-0.3826,-0.5693,-0.9022,-0.2079,0.4575,-0.2522,0.6694,-0.2512,-0.2179,0.0,0.0,-0.2427,0.0,-0.4116,-0.5767,0.185,-1.636,1.0,-0.5,-0.5,0.565,-0.8354,-0.625,0.0,1.0,0.0,0.0,0.0,-1.982,0.5566835999999998,,,
-0.4695,0.00922,-0.506,-0.4587,-1.301,-0.857,0.0813,1.0,0.0,0.549,0.613,-0.5635,0.0,1.099,0.1186,0.0983,0.2007,-0.013275,-0.571,0.6711,-0.2407,-0.902,0.4575,-0.2522,-0.2496,-0.2222,0.0,0.0,-0.245,0.0,-0.3933,-0.4397,0.0955,0.6167,1.0,0.0,-0.5,0.2338,-0.4973,-0.2493,1.0,0.0,0.0,0.0,0.0,0.7686,0.0889056,,,
-0.507,0.0731,-0.4963,-0.462,0.8877,-0.7144,0.0813,1.0,0.0,0.533,0.603,-0.5615,0.0,1.099,-0.5825,0.055,0.1553,0.0615,-0.5713,0.1263999999999999,-0.3494,0.6704,-0.902,0.4575,-0.2472,-0.2257,0.0,0.0,-0.248,0.0,-0.3896,-0.1154,-0.1343,0.0817,1.0,0.0,0.0,0.1597,-0.419,-0.0968,2.0,0.0,0.0,0.0,0.0,0.0998,0.0788924,,,
-0.5186,0.03326,-0.5073,-0.466,-0.1425,-0.5713,0.0813,1.0,0.0,0.547,0.619,-0.563,0.0,1.1,-0.5806,0.008194,0.1157,0.02957,-0.572,-0.10055,-0.3682,0.1262,0.6704,-0.902,-0.2451,-0.2289,0.0,0.0,-0.2493,0.0,-0.3926,-0.21,-0.06805,-0.0737,1.0,0.0,-0.5,0.1643,-0.466,-0.1394,0.0,1.0,0.0,0.0,0.0,-0.08966,0.4518459999999997,,,
-0.532,0.4167,-0.429,-0.4604,3.709,-0.4285,0.0813,1.0,0.0,0.445,0.516,-0.5522,0.0,1.1,-0.1035,-0.04684,0.0749,0.413,-0.571,0.8585,-0.3835,-0.10065,0.1262,0.6704,-0.2423,-0.2319,0.0,0.0,-0.2498,0.0,-0.3684,0.3284,-0.4417,0.829,1.0,0.5,0.0,-0.1621,-0.05966,0.703,1.0,0.0,0.0,0.0,0.0,1.012,0.4296576,,,
-0.521,0.6885,-0.365,-0.4475,0.7173,-0.2856,0.0813,1.0,0.0,0.3677,0.4348,-0.543,0.0,1.101,0.05383,-0.11346,0.02846,0.715,-0.57,0.6886,-0.3457,0.858,-0.10065,0.1262,-0.2365,-0.2339,0.0,0.0,-0.2488,0.0,-0.3486,0.642,-0.6567,0.4346,2.0,1.0,0.5,-0.4058,0.2098,1.113,2.0,0.0,0.0,0.0,0.0,0.516,-0.384264,,,
-0.5166,0.4062,-0.4148,-0.4426,-0.2585,-0.1428,0.0813,1.0,0.0,0.4287,0.4968,-0.5493,0.0,1.101,-0.3254,-0.1831,-0.02342,0.4407,-0.569,-0.4813,-0.3323,0.688,0.858,-0.10065,-0.2338,-0.236,0.0,0.0,-0.2482,0.0,-0.3628,0.2632,-0.3928,-0.3406,1.0,0.5,0.0,-0.1694,-0.02058,0.6406,0.0,1.0,0.0,0.0,0.0,-0.3962,-0.052746,,,
-0.515,0.3022,-0.4287,-0.4358,-0.09454,0.0,0.0813,1.0,0.0,0.446,0.5146,-0.5513,0.0,1.102,-0.476,-0.2476,-0.07745,0.3499,-0.5684,-0.1221,-0.3315,-0.4812,0.688,0.858,-0.2284,-0.2374,0.0,0.0,-0.2482,0.0,-0.3665,0.3516,-0.4573,-0.09094,0.0,0.0,0.0,-0.1101,-0.0963,0.5405,0.0,2.0,0.0,0.0,0.0,-0.1074,0.6595432000000001,,,
-0.4949,0.7046,-0.3367,-0.4197,1.254,0.1428,0.0813,1.0,0.0,0.336,0.3977,-0.538,0.0,1.102,-0.0803,-0.3066,-0.1338,0.7563,-0.5664,0.9811,-0.2786,-0.12213,-0.4812,0.688,-0.2219,-0.2379,0.0,0.0,-0.2461,0.0,-0.3381,0.7197,-0.7075,0.8574,1.0,0.5,0.5,-0.436,0.3293,1.01,1.0,0.0,1.0,0.0,4.754,1.017,-0.443388,,,
-0.4465,0.2274,-0.419,-0.4087,-0.515,0.2856,0.0813,1.0,0.0,0.4397,0.4966,-0.5493,0.0,1.103,-0.2954,-0.3486,-0.1882,0.2837,-0.5645,-0.8089000000000001,-0.267,0.9805,-0.12213,-0.4812,-0.2188,-0.2394,0.0,0.0,-0.2451,0.0,-0.362,0.428,-0.5103,-0.664,0.0,0.0,0.5,-0.02943,-0.00909,0.4211,0.0,1.0,0.0,0.0,0.0,-0.764,0.09896624,,,
-0.3591,0.03226,-0.4492,-0.4001,-0.542,0.4285,0.0813,1.0,0.0,0.4844,0.5283,-0.553,0.0,1.103,0.3945,-0.3525,-0.238,0.0747,-0.563,-0.2929,-0.2659,-0.8086,0.9805,-0.12213,-0.2162,-0.2407,0.0,0.0,-0.2439,0.0,-0.3706,0.314,-0.4324,-0.312,-1.0,0.0,0.0,0.08215,-0.1611,0.2043,0.0,2.0,0.0,0.0,0.0,-0.3684,-0.3353000000000001,,,
-0.3,-0.377,-0.531,-0.4023,-3.717,0.4285,0.0813,0.0,0.0,0.595,0.6323,-0.564,0.0,1.104,-0.10187,-0.3362,-0.286,-0.326,-0.563,-0.8379,-0.2722,-0.293,-0.8086,0.9805,-0.2192,-0.2423,0.0,0.0,-0.2434,0.0,-0.3945,-0.1229,-0.1311,-1.276,-1.0,-0.5,-0.5,0.457,-0.4841,-0.3342,0.0,3.0,0.0,1.0,-6.023,-1.5205,-0.3303407999999999,,,
-0.2402,-0.608,-0.5786,-0.4062,0.9683,0.4285,0.0813,0.0,0.0,0.665,0.695,-0.5703,0.0,1.104,-0.2128,-0.322,-0.3276,-0.5454,-0.564,-0.5062,-0.2627,-0.8374,-0.293,-0.8086,-0.2263,-0.2449,0.0,0.0,-0.2443,0.0,-0.4087,-0.1908,-0.08887,-0.571,-1.0,-1.0,-0.5,0.6387,-0.6636,-0.612,0.0,4.0,0.0,0.0,0.0,-0.698,-0.237308,,,
-0.2369,-0.774,-0.619,-0.4167,0.47,0.2856,0.0813,0.0,0.0,0.722,0.7534,-0.576,0.0,1.104,0.06366,-0.315,-0.3604,-0.72,-0.5645,-0.4369,-0.2451,-0.506,-0.8374,-0.293,-0.233,-0.2466,0.0,0.0,-0.2451,0.0,-0.4207,-0.4326,0.0784,-0.52,-2.0,-1.0,-1.0,0.7495,-0.8267,-0.809,0.0,5.0,0.0,0.0,0.0,-0.6465,0.4125864000000001,,,
-0.2722,-0.559,-0.5776,-0.4167,-0.1984,0.2856,0.0813,0.0,0.0,0.661,0.6963,-0.5703,0.0,1.1045,-0.2458,-0.312,-0.3848,-0.5073,-0.5645,0.4693,-0.2441,-0.437,-0.506,-0.8374,-0.2379,-0.2479,0.0,0.0,-0.2451,0.0,-0.408,-0.05792,-0.1835,0.479,-1.0,-1.0,-0.5,0.483,-0.57,-0.5474,1.0,0.0,0.0,0.0,0.0,0.6035,-0.4888260000000002,,,
-0.2898,-0.7114,-0.614,-0.4248,0.4749,0.1428,0.0813,0.0,0.0,0.71,0.7495,-0.575,0.0,1.1045,-0.2664,-0.3203,-0.4016,-0.665,-0.565,-0.3852,-0.2369,0.469,-0.437,-0.506,-0.2474,-0.2493,0.0,0.0,-0.2455,0.0,-0.4185,-0.3682,0.0333,-0.4,-1.0,-1.5,-1.0,0.619,-0.6807,-0.7417,0.0,1.0,0.0,0.0,0.0,-0.4966,0.8546464,,,
-0.2742,-0.2678,-0.53,-0.427,-0.6187,0.0,0.0813,0.0,0.0,0.596,0.6294,-0.5635,0.0,1.105,-0.199,-0.336,-0.4087,-0.225,-0.5654,0.9361,-0.2454,-0.3853,0.469,-0.437,-0.251,-0.2496,0.0,0.0,-0.2448,0.0,-0.393,-0.1288,-0.1263,0.624,0.0,-1.0,-1.0,0.2307,-0.192,-0.2554,1.0,0.0,0.0,0.0,0.0,0.784,0.1139496,,,
-0.275,-0.233,-0.524,-0.4282,-0.06647,-0.1428,0.0813,0.0,0.0,0.5884,0.6216,-0.5625,0.0,1.105,-0.55,-0.3623,-0.4082,-0.1886,-0.5654,0.0759,-0.2455,0.9355,-0.3853,0.469,-0.2534,-0.2502,0.0,0.0,-0.2448,0.0,-0.3909,-0.08075,-0.1597,0.0537,1.0,-0.5,-0.5,0.1515,-0.1927,-0.2129,2.0,0.0,0.0,0.0,0.0,0.0656,0.0297832,,,
-0.2996,0.06696,-0.4688,-0.4314,-1.9795,-0.1428,0.0813,1.0,0.0,0.514,0.549,-0.5547,0.0,1.106,0.02788,-0.3892,-0.4072,0.1126,-0.5654,0.6051,-0.2462,0.07574,0.9355,-0.3853,-0.251,-0.25,0.0,0.0,-0.2438,0.0,-0.374,-0.1514,-0.10187,0.455,2.0,-0.5,-0.5,-0.09894,0.0551,0.10846,3.0,0.0,0.0,0.0,0.0,0.5547,0.1657488,,,
-0.3484,0.3481,-0.4185,-0.436,2.16,-0.1428,0.0813,1.0,0.0,0.4468,0.4878,-0.5474,0.0,1.106,-0.2686,-0.4133,-0.4072,0.3743,-0.5654,0.5445,-0.2354,0.6045,0.07574,0.9355,-0.2451,-0.2493,0.0,0.0,-0.2426,0.0,-0.3584,-0.1959,-0.0632,0.5107,2.0,0.0,-0.5,-0.2917,0.258,0.3823,4.0,0.0,0.0,0.0,0.0,0.6104,0.0395712,,,
-0.3484,0.2861,-0.432,-0.4377,-0.02089,-0.1428,0.0813,1.0,0.0,0.4634,0.505,-0.5493,0.0,1.107,-0.3875,-0.4373,-0.4097,0.3186,-0.5654,-0.12154,-0.2427,0.544,0.6045,0.07574,-0.2383,-0.2482,0.0,0.0,-0.2405,0.0,-0.362,-0.08685,-0.1426,-0.08,2.0,0.0,-0.5,-0.209,0.1707,0.2712,0.0,1.0,0.0,0.0,0.0,-0.09406,0.0086791999999999,,,
-0.3606,0.2808,-0.433,-0.4385,0.1178,-0.1428,0.0813,1.0,0.0,0.464,0.508,-0.5493,0.0,1.107,-0.6025,-0.4604,-0.4177,0.3142,-0.5654,0.0001,-0.2399,-0.1216,0.544,0.6045,-0.2329,-0.247,0.0,0.0,-0.2393,0.0,-0.362,-0.0479,-0.1704,0.0,1.0,0.0,-0.5,-0.2303,0.08777,0.237,0.0,0.0,0.0,0.0,0.0,0.0,-0.5256048,,,
-0.31,-0.2119,-0.542,-0.4553,-1.32,-0.2856,0.0813,0.0,0.0,0.61,0.6494,-0.564,0.0,1.108,-0.006477,-0.4558,-0.4292,-0.1941,-0.567,-1.1229,-0.2379,0.0,-0.1216,0.544,-0.2301,-0.2471,0.0,0.0,-0.2395,0.0,-0.3945,-0.7026,0.2825,-1.293,0.0,0.0,-1.0,0.2668,-0.3977,-0.409,0.0,1.0,0.0,1.0,-4.746,-1.525,-0.1109124,,,
-0.319,-0.3547,-0.5806,-0.4683,1.303,-0.4285,0.0813,0.0,0.0,0.661,0.704,-0.5693,0.0,1.108,-0.1516,-0.4377,-0.4443,-0.344,-0.568,-0.4047,-0.2296,-1.123,0.0,-0.1216,-0.2316,-0.2473,0.0,0.0,-0.24,0.0,-0.4058,-0.597,0.2025,-0.3374,-1.0,0.0,-1.0,0.4185,-0.543,-0.6094,0.0,2.0,0.0,0.0,0.0,-0.4126,-0.1834851999999999,,,
-0.3596,-0.4954,-0.618,-0.482,0.682,-0.5713,0.0813,0.0,0.0,0.711,0.762,-0.574,0.0,1.109,-0.2352,-0.4136,-0.4492,-0.468,-0.57,-0.4101,-0.2125,-0.4048,-1.123,0.0,-0.2346,-0.2476,0.0,0.0,-0.2421,0.0,-0.417,-0.622,0.2151,-0.44,-2.0,-0.5,-1.0,0.532,-0.7085,-0.7515,0.0,3.0,0.0,0.0,0.0,-0.545,0.21920256,,,
-0.3555,-0.4563,-0.616,-0.4885,0.03253,-0.5713,0.0813,0.0,0.0,0.7085,0.759,-0.574,0.0,1.109,0.318,-0.3923,-0.4443,-0.4253,-0.571,0.02607,-0.2168,-0.41,-0.4048,-1.123,-0.2396,-0.2477,0.0,0.0,-0.2449,0.0,-0.4163,-0.3765,0.0402,0.02232,-1.0,0.0,-0.5,0.4507,-0.674,-0.6816,1.0,0.0,0.0,0.0,0.0,0.02802,-0.1027786399999999,,,
-0.3323,-0.7354,-0.6753,-0.4958,0.9287,-0.5713,0.0813,0.0,0.0,0.7954,0.8447,-0.582,0.0,1.109,-0.4814,-0.3694,-0.432,-0.6963,-0.572,-0.6483,-0.1945,0.02596,-0.41,-0.4048,-0.2484,-0.2484,0.0,0.0,-0.2478,0.0,-0.4338,-0.4153,0.0601,-0.5996,-1.0,-0.5,-0.5,0.693,-0.902,-0.8994,0.0,1.0,0.0,0.0,0.0,-0.752,0.2545295999999999,,,
-0.3564,-0.569,-0.645,-0.4973,-0.1385,-0.5713,0.0813,0.0,0.0,0.7495,0.8013,-0.578,0.0,1.11,-0.06155,-0.3472,-0.4158,-0.512,-0.5723,0.3443,-0.187,-0.6484,0.02596,-0.41,-0.2559,-0.2493,0.0,0.0,-0.2502,0.0,-0.4248,-0.1488,-0.126,0.3372,0.0,-0.5,0.0,0.4812,-0.6924,-0.674,1.0,0.0,0.0,0.0,0.0,0.4316,-0.8641679999999998,,,
-0.1592,-1.396,-0.816,-0.516,1.946,-0.5713,0.0813,0.0,0.0,1.028,1.056,-0.6016,0.0,1.11,0.644,-0.3071,-0.3843,-1.305,-0.575,-1.9119,-0.1454,0.344,-0.6484,0.02596,-0.2693,-0.2515,0.0,0.0,-0.256,0.0,-0.4763,-0.809,0.3228,-2.885,0.0,-1.0,-0.5,1.358,-1.433,-1.282,0.0,1.0,0.0,0.0,0.0,-3.654,-0.0532423999999999,,,
-0.005444,-1.376,-0.825,-0.532,0.11676,-0.5713,0.0813,0.0,0.0,1.055,1.059,-0.603,0.0,1.111,1.67,-0.2446,-0.3408,-1.224,-0.579,-0.1113499999999999,-0.0933,-1.911,0.344,-0.6484,-0.279,-0.2542,0.0,0.0,-0.2607,0.0,-0.479,-0.753,0.281,-0.17,0.0,-1.5,-0.5,1.245,-1.403,-1.153,0.0,2.0,0.0,0.0,0.0,-0.229,-0.7649700000000003,,,
0.0655,-1.688,-0.9062,-0.562,0.3916,-0.5713,0.0813,0.0,0.0,1.199,1.195,-0.6143,0.0,1.111,0.5293,-0.1544,-0.2825,-1.483,-0.584,-0.9784,-0.01199,-0.1114,-1.911,0.344,-0.2908,-0.2566,0.0,0.0,-0.2664,0.0,-0.504,-1.301,0.661,-1.625,-1.0,-1.5,-1.0,1.619,-1.6875,-1.224,0.0,3.0,0.0,0.0,0.0,-2.197,0.1121999999999999,,,
0.1236,-1.141,-0.8237,-0.586,-0.2312,-0.5713,0.0813,0.0,0.0,1.063,1.045,-0.603,0.0,1.112,0.8965,-0.05832,-0.2167,-0.882,-0.5884,1.0101,0.02498,-0.978,-0.1114,-1.911,-0.2979,-0.259,0.0,0.0,-0.27,0.0,-0.479,-0.957,0.427,1.594,0.0,-1.0,-1.0,1.058,-1.068,-0.827,1.0,0.0,0.0,0.0,0.0,2.223,-0.45042,,,
0.1757,-1.241,-0.867,-0.618,0.2349,-0.7144,0.0813,0.0,0.0,1.141,1.116,-0.609,0.0,1.112,0.504,0.03574,-0.1486,-0.9844,-0.5923,-0.5311,0.0736,1.009,-0.978,-0.1114,-0.307,-0.262,0.0,0.0,-0.2734,0.0,-0.4922,-1.272,0.646,-0.8745,-1.0,-1.0,-1.5,1.198,-1.216,-0.8716,0.0,1.0,0.0,0.0,0.0,-1.182,0.9928999999999996,,,
0.1918,-0.508,-0.7563,-0.6455,-0.542,-0.857,0.0813,0.0,0.0,0.961,0.9287,-0.5938,0.0,1.113,0.948,0.1161,-0.0833,-0.2595,-0.595,1.3361,0.08594,-0.531,1.009,-0.978,-0.3098,-0.264,0.0,0.0,-0.275,0.0,-0.459,-1.022,0.4822,1.876,0.0,-0.5,-1.5,0.599,-0.4744,-0.4949,1.0,0.0,0.0,0.0,0.0,2.578,-0.14286,,,
0.2463,-0.5283,-0.784,-0.6743,0.1852,-1.0,0.0813,0.0,0.0,1.009,0.969,-0.5977,0.0,1.113,0.1741,0.1736,-0.02881,-0.3499,-0.5967,-0.3273,0.1,1.336,-0.531,1.009,-0.315,-0.2666,0.0,0.0,-0.2776,0.0,-0.4675,-1.048,0.4966,-0.2627,0.0,-0.5,-1.5,0.7144,-0.5537,-0.5425,0.0,1.0,0.0,0.0,0.0,-0.3464,0.2618700000000001,,,
0.2257,-0.05963,-0.72,-0.698,-0.987,-1.0,0.0813,1.0,0.0,0.9077,0.868,-0.589,0.0,1.114,-0.2646,0.2065,0.01718,0.0594,-0.598,0.7447,0.10376,-0.3274,1.336,-0.531,-0.3118,-0.2695,0.0,0.0,-0.2788,0.0,-0.4485,-0.819,0.3418,0.393,1.0,-0.5,-1.0,0.3347,-0.219,-0.333,1.0,0.0,0.0,0.0,0.0,0.524,-0.1906388,,,
0.2144,-0.2207,-0.764,-0.7163,-7.805,-1.0,0.0813,0.0,0.0,0.975,0.9395,-0.595,0.0,1.114,-0.0422,0.2302,0.05838,-0.1032,-0.6,-0.5119,0.1025,0.744,-0.3274,1.336,-0.3096,-0.2722,0.0,0.0,-0.2817,0.0,-0.462,-0.7046,0.2542,-0.337,0.0,-0.5,-1.0,0.536,-0.414,-0.4336,0.0,1.0,0.0,0.0,0.0,-0.4387,-0.3164339999999999,,,
0.2542,-0.2195,-0.778,-0.7324,0.1243,-1.0,0.0813,0.0,0.0,0.9995,0.958,-0.597,0.0,1.115,0.31,0.238,0.0909,-0.1285,-0.6016,-0.1642,0.0979,-0.5117,0.744,-0.3274,-0.3054,-0.2751,0.0,0.0,-0.2847,0.0,-0.466,-0.6577,0.2188,-0.08514,0.0,-1.0,-1.0,0.557,-0.462,-0.4404,0.0,2.0,0.0,0.0,0.0,-0.1127,-1.0833408000000002,,,
0.4866,-0.9404,-0.9243,-0.7563,5.707,-1.0,0.0732,0.0,0.0,1.265,1.193,-0.6177,0.0,1.115,0.2896,0.2437,0.1207,-0.8643,-0.604,-1.7339,0.10876,-0.1642,-0.5117,0.744,-0.309,-0.2798,0.0,0.0,-0.2905,0.0,-0.5107,-0.8574,0.3418,-1.495,-1.0,-1.0,-1.0,1.372,-1.1,-0.811,0.0,3.0,0.0,1.0,-7.91,-1.989,-0.3815368799999998,,,
0.49,-1.032,-0.963,-0.784,0.2483,-1.0,0.06506,0.0,0.0,1.334,1.265,-0.623,0.0,1.115,0.165,0.2365,0.145,-0.999,-0.6064,-0.4948,0.0965,-1.733,-0.1642,-0.5117,-0.3125,-0.2844,0.0,0.0,-0.2974,0.0,-0.5225,-0.9253,0.385,-0.3643,-1.0,-1.0,-1.5,1.478,-1.222,-0.8623,0.0,4.0,0.0,0.0,0.0,-0.512,0.2515287999999999,,,
0.485,-0.8657,-0.9517,-0.805,-0.05386,-1.0,0.05692,0.0,0.0,1.313,1.243,-0.6216,0.0,1.116,-0.0623,0.2117,0.162,-0.869,-0.6084,0.1183,0.0633,-0.4946,-1.733,-0.1642,-0.3196,-0.2886,0.0,0.0,-0.304,0.0,-0.5195,-0.8037,0.2993,0.07166,-1.0,-0.5,-1.0,1.299,-1.06,-0.7856,1.0,0.0,0.0,0.0,0.0,0.1024,1.2814463999999994,,,
0.4575,0.003126,-0.8135,-0.8184,-1.05,-0.857,0.04877,1.0,0.0,1.073,1.001,-0.603,0.0,1.116,1.002,0.1605,0.169,-0.01233,-0.61,1.7081,-0.02437,0.11816,-0.4946,-1.733,-0.321,-0.291,0.0,0.0,-0.3088,0.0,-0.4788,-0.494,0.09644,1.244,0.0,-0.5,-1.0,0.471,-0.262,-0.3125,2.0,0.0,0.0,0.0,0.0,1.7705,-0.1568935999999999,,,
0.3704,-0.0951,-0.831,-0.819,-1.109,-0.857,0.04065,0.0,0.0,1.095,1.037,-0.6055,0.0,1.117,0.0625,0.09827,0.1683,-0.0763,-0.6113,-0.2235,-0.0739,1.707,0.11816,-0.4946,-0.3252,-0.293,0.0,0.0,-0.3125,0.0,-0.4844,-0.1682,-0.1385,-0.177,0.0,-0.5,-1.0,0.546,-0.3237,-0.3472,0.0,1.0,0.0,0.0,0.0,-0.2393,-1.4378039999999996,,,
0.3909,-0.7925,-0.959,-0.8286,18.77,-0.857,0.03253,0.0,0.0,1.319,1.265,-0.6235,0.0,1.117,-0.1683,0.03604,0.1615,-0.761,-0.613,-1.5489,-0.08954,-0.2236,1.707,0.11816,-0.3325,-0.296,0.0,0.0,-0.3174,0.0,-0.523,-0.4326,0.0331,-1.573,0.0,-1.0,-1.0,1.221,-0.941,-0.8154,0.0,2.0,0.0,0.0,0.0,-2.14,0.4018979999999999,,,
0.334,-0.4443,-0.8984,-0.8267,-0.3896,-0.857,0.02438,0.0,0.0,1.206,1.158,-0.615,0.0,1.118,0.3887,-0.01604,0.1467,-0.4077,-0.613,0.7398,-0.11957,-1.548,-0.2236,1.707,-0.3372,-0.2986,0.0,0.0,-0.321,0.0,-0.5054,-0.111,-0.1886,0.501,1.0,-0.5,-0.5,0.8027,-0.5435,-0.5312,1.0,0.0,0.0,0.0,0.0,0.7163,0.0536732,,,
0.2045,0.0164,-0.819,-0.8257,-1.223,-0.7144,0.01627,1.0,0.0,1.0625,1.031,-0.6045,0.0,1.118,-0.11743,-0.0631,0.11865,0.03568,-0.613,0.9547,-0.1715,0.7393,-1.548,-0.2236,-0.3337,-0.3005,0.0,0.0,-0.3237,0.0,-0.4822,-0.12213,-0.1704,0.4832,1.0,-0.5,-0.5,0.3787,-0.0713,-0.1377,2.0,0.0,1.0,0.0,7.25,0.6753,-0.000492,,,
0.138,0.04095,-0.811,-0.821,0.4019,-0.5713,0.00813,1.0,0.0,1.043,1.022,-0.6035,0.0,1.119,-0.2964,-0.10364,0.0773,0.071,-0.613,0.0843,-0.2052,0.954,0.7393,-1.548,-0.3289,-0.303,0.0,0.0,-0.3257,0.0,-0.48,0.00351,-0.2593,0.05743,1.0,0.0,0.0,0.2715,-0.09143,-0.05862,3.0,0.0,0.0,0.0,0.0,0.078,-0.156672,,,
0.074,-0.0576,-0.833,-0.827,-0.728,-0.4285,0.0,1.0,0.0,1.075,1.066,-0.607,0.0,1.119,0.03162,-0.1346,0.02249,-0.01578,-0.614,-0.2799,-0.2646,0.0842,0.954,0.7393,-0.325,-0.3057,0.0,0.0,-0.3284,0.0,-0.487,-0.35,-0.00986,-0.1965,1.0,0.0,-0.5,0.3767,-0.2034,-0.1333,0.0,1.0,0.0,0.0,0.0,-0.266,0.14975376,,,
0.1019,-0.365,-0.8936,-0.8354,-13.71,-0.4285,-0.00813,0.0,0.0,1.18,1.169,-0.615,0.0,1.12,0.098,-0.1655,-0.03418,-0.319,-0.615,-0.7349,-0.2607,-0.28,0.0842,0.954,-0.3281,-0.3093,0.0,0.0,-0.3296,0.0,-0.5054,-0.426,0.0362,-0.4248,1.0,0.0,-0.5,0.667,-0.4993,-0.494,0.0,2.0,0.0,0.0,0.0,-0.58,-0.4245439999999999,,,
0.1278,-0.5713,-0.9443,-0.854,0.911,-0.5713,-0.00813,0.0,0.0,1.2705,1.259,-0.6226,0.0,1.12,-0.6533,-0.197,-0.0875,-0.555,-0.6167,-0.6359,-0.2445,-0.7344,-0.28,0.0842,-0.3325,-0.314,0.0,0.0,-0.3313,0.0,-0.521,-0.736,0.2505,-0.3506,0.0,0.0,-1.0,0.8994,-0.722,-0.749,0.0,3.0,0.0,1.0,-5.16,-0.49,-0.105828,,,
0.1525,-0.7124,-0.9824,-0.871,0.4404,-0.5713,-0.01627,0.0,0.0,1.344,1.329,-0.628,0.0,1.121,-0.4556,-0.2135,-0.12396,-0.688,-0.619,-0.5014,-0.218,-0.6357,-0.7344,-0.28,-0.3335,-0.3186,0.0,0.0,-0.3325,0.0,-0.5327,-0.727,0.239,-0.3794,-1.0,-0.5,-1.0,1.068,-0.8535,-0.902,0.0,4.0,0.0,1.0,-2.646,-0.541,0.7710044,,,
0.077,-0.0682,-0.882,-0.8794,-0.9575,-0.4285,-0.02438,1.0,0.0,1.157,1.149,-0.6143,0.0,1.121,-0.413,-0.2329,-0.1504,-0.05154,-0.6206,1.2591,-0.2188,-0.5015,-0.6357,-0.7344,-0.3333,-0.3228,0.0,0.0,-0.3337,0.0,-0.5034,-0.3953,0.01517,1.056,-1.0,-0.5,-0.5,0.4387,-0.2751,-0.3186,1.0,0.0,1.0,0.0,5.617,1.53,-0.1645867999999999,,,
0.01674,-0.393,-0.937,-0.88,-14.766,-0.4285,-0.03253,0.0,0.0,1.249,1.255,-0.622,0.0,1.121,0.2722,-0.2488,-0.1711,-0.3782,-0.6206,-0.6923,-0.2075,1.259,-0.5015,-0.6357,-0.338,-0.3262,0.0,0.0,-0.3347,0.0,-0.52,-0.183,-0.1438,-0.545,-1.0,-0.5,-0.5,0.718,-0.5347,-0.5977,0.0,1.0,0.0,0.0,0.0,-0.7593,-0.2311519999999999,,,
0.0529,-0.5537,-0.964,-0.8794,0.684,-0.4285,-0.04065,0.0,0.0,1.301,1.303,-0.626,0.0,1.122,0.4016,-0.2595,-0.1888,-0.533,-0.621,-0.3537,-0.2114,-0.692,1.259,-0.5015,-0.3435,-0.3296,0.0,0.0,-0.3376,0.0,-0.529,-0.1522,-0.1694,-0.2944,-1.0,-0.5,-0.5,0.832,-0.6216,-0.6953,0.0,2.0,0.0,0.0,0.0,-0.4194,0.2855920000000001,,,
0.01229,-0.37,-0.9316,-0.877,-0.2822,-0.4285,-0.04877,0.0,0.0,1.239,1.245,-0.6216,0.0,1.122,-0.3213,-0.2664,-0.2084,-0.332,-0.6216,0.3876,-0.22,-0.3535,-0.692,1.259,-0.3474,-0.3325,0.0,0.0,-0.3398,0.0,-0.5195,-0.0945,-0.2067,0.3015,0.0,-0.5,-0.5,0.547,-0.468,-0.4849,1.0,0.0,0.0,0.0,0.0,0.4343,0.3529199999999999,,,
-0.1365,-0.10156,-0.892,-0.8833,-0.8604,-0.5713,-0.05692,0.0,0.0,1.158,1.186,-0.6167,0.0,1.123,-0.6265,-0.269,-0.2308,-0.0837,-0.622,0.4713,-0.2666,0.3875,-0.3535,-0.692,-0.3477,-0.3352,0.0,0.0,-0.3423,0.0,-0.5083,-0.3928,0.011246,0.4724,1.0,-0.5,-0.5,0.3293,-0.2189,-0.228,2.0,0.0,1.0,0.0,3.766,0.6724,0.354732,,,
-0.1666,0.2358,-0.836,-0.884,-14.766,-0.4285,-0.06506,1.0,0.0,1.061,1.091,-0.609,0.0,1.123,0.0753,-0.2754,-0.2534,0.2374,-0.622,0.6676,-0.2974,0.471,0.3875,-0.3535,-0.3442,-0.3367,0.0,0.0,-0.3438,0.0,-0.4917,-0.169,-0.1414,0.75,1.0,-0.5,0.0,0.00101,0.02075,0.1881,3.0,0.0,0.0,0.0,0.0,1.053,0.7597559999999999,,,
-0.2461,0.7397,-0.7354,-0.8657,1.832,-0.2856,-0.0732,1.0,0.0,0.893,0.931,-0.595,0.0,1.124,-0.3855,-0.2878,-0.2852,0.734,-0.6196,1.1941,-0.2917,0.6675,0.471,0.3875,-0.336,-0.338,0.0,0.0,-0.3435,0.0,-0.4622,0.512,-0.6147,1.155,2.0,0.0,0.5,-0.425,0.506,0.88,4.0,0.0,1.0,0.0,5.996,1.587,-0.16752,,,
-0.2786,0.5454,-0.7583,-0.854,-0.11975,-0.1428,-0.0813,1.0,0.0,0.926,0.97,-0.5986,0.0,1.124,-0.2391,-0.3054,-0.315,0.523,-0.618,-0.2741,-0.2712,1.193,0.6675,0.471,-0.332,-0.3376,0.0,0.0,-0.3418,0.0,-0.4692,0.284,-0.4546,-0.2274,2.0,0.0,0.0,-0.2974,0.3052,0.613,0.0,1.0,0.0,0.0,0.0,-0.3013,-0.5697588,,,
-0.2041,0.08356,-0.8374,-0.855,-0.6543,-0.1428,-0.0894,1.0,0.0,1.06,1.096,-0.61,0.0,1.125,-0.531,-0.3298,-0.3394,0.05472,-0.618,-0.9399,-0.2778,-0.274,1.193,0.6675,-0.3289,-0.3381,0.0,0.0,-0.3406,0.0,-0.4932,-0.2128,-0.1107,-0.618,1.0,0.0,-0.5,0.1628,-0.0768,0.05402,0.0,2.0,0.0,1.0,-4.75,-0.8257,0.0400039999999999,,,
-0.1626,-0.02794,-0.8594,-0.858,-0.5894,-0.1428,-0.09753,1.0,0.0,1.1,1.131,-0.613,0.0,1.125,0.08954,-0.364,-0.3594,-0.0709,-0.6187,-0.2849,-0.285,-0.9395,-0.274,1.193,-0.3257,-0.338,0.0,0.0,-0.3398,0.0,-0.5,-0.304,-0.0488,-0.1749,0.0,0.0,-1.0,0.2778,-0.194,-0.1273,0.0,3.0,0.0,0.0,0.0,-0.2408,-0.5263400000000001,,,
-0.1134,-0.3762,-0.9243,-0.8643,-6.84,-0.2856,-0.1057,0.0,0.0,1.216,1.242,-0.622,0.0,1.126,0.2352,-0.3965,-0.3743,-0.423,-0.6196,-0.8046,-0.287,-0.2847,-0.9395,-0.274,-0.3257,-0.339,0.0,0.0,-0.3416,0.0,-0.52,-0.4148,0.0216,-0.6562,-1.0,-0.5,-1.0,0.6055,-0.521,-0.5396,0.0,4.0,0.0,0.0,0.0,-0.911,-1.0555559999999995,,,
0.04102,-1.003,-1.039,-0.8745,2.402,-0.2856,-0.11383,0.0,0.0,1.44,1.448,-0.6377,0.0,1.126,0.538,-0.4194,-0.3835,-1.012,-0.622,-1.4439,-0.2471,-0.804,-0.2847,-0.9395,-0.331,-0.3408,0.0,0.0,-0.3445,0.0,-0.5547,-0.5396,0.09534,-1.662,-2.0,-0.5,-1.0,1.236,-1.073,-1.126,0.0,5.0,0.0,1.0,-7.91,-2.37,0.3912384,,,
0.10516,-0.6514,-0.9814,-0.876,-0.274,-0.2856,-0.12195,0.0,0.0,1.337,1.331,-0.6304,0.0,1.126,0.9927,-0.4282,-0.3875,-0.654,-0.6226,0.7101,-0.2343,-1.444,-0.804,-0.2847,-0.3367,-0.3433,0.0,0.0,-0.3452,0.0,-0.538,-0.253,-0.1019,0.5254,-1.0,0.0,-0.5,0.847,-0.653,-0.7524,1.0,0.0,0.0,0.0,0.0,0.7837,0.1502187999999999,,,
0.1832,-0.9224,-1.029,-0.8774,0.641,-0.2856,-0.1301,0.0,0.0,1.434,1.418,-0.637,0.0,1.127,0.6123,-0.4155,-0.3909,-0.9087,-0.6235,-0.6342,-0.2014,0.71,-1.444,-0.804,-0.3472,-0.3455,0.0,0.0,-0.3472,0.0,-0.553,-0.2761,-0.09186,-0.6997,-1.0,-0.5,-0.5,1.03,-0.901,-0.9224,0.0,1.0,0.0,0.0,0.0,-1.021,0.9541303999999998,,,
0.2073,-0.3079,-0.9287,-0.88,-0.6475,-0.4285,-0.1382,0.0,0.0,1.249,1.224,-0.624,0.0,1.127,1.025,-0.3997,-0.3977,-0.305,-0.6245,1.2641,-0.2096,-0.634,0.71,-1.444,-0.3538,-0.3477,0.0,0.0,-0.3489,0.0,-0.524,-0.283,-0.0743,1.374,0.0,-0.5,-0.5,0.4553,-0.2588,-0.3665,1.0,0.0,0.0,0.0,0.0,2.047,-0.4653499999999999,,,
0.229,-0.541,-0.969,-0.8813,1.234,-0.4285,-0.1464,0.0,0.0,1.325,1.298,-0.63,0.0,1.128,0.1929,-0.3833,-0.4092,-0.533,-0.625,-0.5336,-0.216,1.263,-0.634,0.71,-0.359,-0.3499,0.0,0.0,-0.3513,0.0,-0.5366,-0.2479,-0.10486,-0.456,0.0,-1.0,-0.5,0.665,-0.4502,-0.5557,0.0,1.0,0.0,0.0,0.0,-0.6533,0.0416008,,,
0.2181,-0.516,-0.9644,-0.8794,0.0747,-0.4285,-0.1544,0.0,0.0,1.314,1.289,-0.6294,0.0,1.128,0.3052,-0.3655,-0.4172,-0.4885,-0.6255,0.03025,-0.2207,-0.533,1.263,-0.634,-0.363,-0.3518,0.0,0.0,-0.3533,0.0,-0.536,-0.1671,-0.1622,0.03366,1.0,-1.0,0.0,0.5933,-0.4119,-0.501,1.0,0.0,0.0,0.0,0.0,0.04904,0.4990984,,,
0.2827,-0.84,-1.024,-0.8857,0.9287,-0.4285,-0.1626,0.0,0.0,1.433,1.399,-0.6377,0.0,1.129,-0.0439,-0.3467,-0.4211,-0.829,-0.6265,-0.7829,-0.2014,0.03014,-0.533,1.263,-0.3672,-0.353,0.0,0.0,-0.3555,0.0,-0.554,-0.4124,0.004646,-0.625,0.0,-1.0,-0.5,0.9067,-0.6943,-0.7686,0.0,1.0,0.0,0.0,0.0,-0.91,-1.1833080000000007,,,
0.498,-1.463,-1.144,-0.904,1.012,-0.4285,-0.1708,0.0,0.0,1.69,1.63,-0.638,0.0,1.129,1.079,-0.311,-0.4084,-1.449,-0.629,-1.5739,-0.1334,-0.7827,0.03014,-0.533,-0.3713,-0.355,0.0,0.0,-0.3582,0.0,-0.556,-0.769,0.2434,-1.661,0.0,-1.0,-1.0,1.593,-1.287,-1.169,0.0,2.0,0.0,0.0,0.0,-2.479,0.9717680000000002,,,
0.4744,-0.758,-1.04,-0.9185,-0.4119,-0.5713,-0.1788,0.0,0.0,1.478,1.415,-0.638,0.0,1.13,0.9844,-0.2576,-0.376,-0.718,-0.632,1.3641,-0.11633,-1.574,-0.7827,0.03014,-0.374,-0.3562,0.0,0.0,-0.3594,0.0,-0.556,-0.6323,0.1589,1.305,0.0,-0.5,-1.0,0.8887,-0.5703,-0.671,1.0,0.0,0.0,0.0,0.0,2.047,0.5524220000000001,,,
0.4294,-0.1798,-0.96,-0.9355,-0.78,-0.7144,-0.187,0.0,0.0,1.323,1.264,-0.6304,0.0,1.13,0.727,-0.2026,-0.3354,-0.1354,-0.635,0.9967,-0.11926,1.363,-1.574,-0.7827,-0.3723,-0.3577,0.0,0.0,-0.3608,0.0,-0.538,-0.7026,0.219,0.7104,1.0,0.0,-1.0,0.4534,-0.05984,-0.312,2.0,0.0,0.0,0.0,0.0,1.069,0.2744744,,,
0.423,0.1422,-0.9185,-0.9478,-3.36,-0.7144,-0.1951,1.0,0.0,1.248,1.187,-0.6255,0.0,1.131,0.1368,-0.1619,-0.296,0.182,-0.6367,0.4833,-0.11957,0.996,1.363,-1.574,-0.3726,-0.359,0.0,0.0,-0.361,0.0,-0.527,-0.5493,0.11444,0.3909,1.0,0.5,-0.5,0.2157,0.12256,-0.1387,3.0,0.0,0.0,0.0,0.0,0.571,-0.0313719999999999,,,
0.3945,0.1387,-0.925,-0.953,0.1169,-0.7144,-0.2032,1.0,0.0,1.258,1.201,-0.6265,0.0,1.131,0.0669,-0.1383,-0.2634,0.1536,-0.637,-0.1188999999999999,-0.11945,0.4832,0.996,1.363,-0.3718,-0.3591,0.0,0.0,-0.3613,0.0,-0.5293,-0.4067,0.01154,-0.08606,1.0,0.0,-0.5,0.2603,0.05884,-0.1797,0.0,1.0,0.0,0.0,0.0,-0.1238,0.5957136000000005,,,
0.3486,0.596,-0.8496,-0.9517,2.355,-0.7144,-0.2114,1.0,0.0,1.124,1.071,-0.6167,0.0,1.132,-0.261,-0.1307,-0.2368,0.611,-0.6377,0.8961,-0.1166,-0.11896,0.4832,0.996,-0.3684,-0.3594,0.0,0.0,-0.3608,0.0,-0.5083,-0.1628,-0.1532,0.5254,2.0,0.5,0.0,-0.09186,0.4177,0.1263,1.0,0.0,0.0,0.0,0.0,0.7583,-0.1124267999999999,,,
0.2986,0.5376,-0.8535,-0.945,0.04068,-0.5713,-0.2195,1.0,0.0,1.127,1.082,-0.6177,0.0,1.132,-0.478,-0.134,-0.2148,0.5815,-0.6377,-0.08706,-0.1176,0.8955,-0.11896,0.4832,-0.3633,-0.36,0.0,0.0,-0.3608,0.0,-0.5103,-0.01535,-0.2593,-0.04767,1.0,0.0,0.0,-0.09143,0.2747,0.0976,0.0,1.0,0.0,0.0,0.0,-0.0669,0.6279496,,,
0.182,0.906,-0.7734,-0.9224,0.769,-0.4285,-0.2277,1.0,0.0,0.987,0.957,-0.6074,0.0,1.132,-0.03726,-0.1469,-0.2046,0.965,-0.636,0.9321,-0.1146,-0.0871,0.8955,-0.11896,-0.3513,-0.3604,0.0,0.0,-0.3608,0.0,-0.4878,0.5063,-0.622,0.71,1.0,0.5,0.5,-0.4124,0.6245,0.4265,1.0,0.0,0.0,0.0,0.0,1.0,0.4916640000000001,,,
0.09155,1.205,-0.7026,-0.899,0.4575,-0.2856,-0.2357,1.0,0.0,0.8706,0.852,-0.598,0.0,1.133,0.2112,-0.172,-0.2078,1.273,-0.634,0.7926,-0.12396,0.9316,-0.0871,0.8955,-0.3406,-0.3599,0.0,0.0,-0.361,0.0,-0.468,0.5293,-0.6294,0.671,1.0,0.5,0.5,-0.646,0.8765,0.7397,2.0,0.0,0.0,0.0,0.0,0.9175,-0.1227388,,,
0.04437,1.098,-0.6953,-0.8716,0.04385,-0.1428,-0.2439,1.0,0.0,0.8555,0.844,-0.5977,0.0,1.133,-0.1378,-0.2013,-0.2236,1.194,-0.632,0.05534,-0.121,0.792,0.9316,-0.0871,-0.3323,-0.3586,0.0,0.0,-0.3608,0.0,-0.4666,0.7188,-0.764,0.03662,2.0,1.0,1.0,-0.6416,0.7534,0.7534,3.0,0.0,0.0,0.0,0.0,0.04892,-0.4939880000000001,,,
-0.05475,0.7275,-0.7437,-0.856,-0.2019,0.0,-0.252,1.0,0.0,0.9214,0.9287,-0.6045,0.0,1.134,-0.435,-0.2313,-0.2443,0.831,-0.6304,-0.5789,-0.1107,0.0552,0.792,0.9316,-0.327,-0.3577,0.0,0.0,-0.3606,0.0,-0.4814,0.3318,-0.4944,-0.4724,1.0,1.0,0.5,-0.339,0.4485,0.51,0.0,1.0,0.0,0.0,0.0,-0.6294,0.027454,,,
-0.077,1.002,-0.6753,-0.832,0.4956,0.1428,-0.2603,1.0,0.0,0.8164,0.824,-0.5957,0.0,1.134,0.2356,-0.255,-0.2678,1.126,-0.6284,0.7584,-0.07416,-0.5786,0.0552,0.792,-0.319,-0.3557,0.0,0.0,-0.359,0.0,-0.4622,0.63,-0.6987,0.638,2.0,1.0,1.0,-0.547,0.732,0.6987,1.0,0.0,0.0,0.0,0.0,0.866,-0.3887679999999999,,,
-0.08374,0.6514,-0.717,-0.8115,-0.2124,0.2856,-0.2683,1.0,0.0,0.8774,0.888,-0.6016,0.0,1.135,-0.1963,-0.2634,-0.2893,0.7837,-0.627,-0.4939,-0.05106,0.758,-0.5786,0.0552,-0.3152,-0.355,0.0,0.0,-0.3572,0.0,-0.4749,0.4685,-0.5894,-0.262,1.0,0.5,0.5,-0.2974,0.4504,0.4695,0.0,1.0,0.0,0.0,0.0,-0.3474,0.0197252,,,
-0.01819,0.3357,-0.751,-0.789,-0.3267,0.4285,-0.2764,1.0,0.0,0.935,0.937,-0.6064,0.0,1.135,0.3853,-0.2527,-0.299,0.4902,-0.625,-0.4179,-0.05347,-0.4937,0.758,-0.5786,-0.3123,-0.354,0.0,0.0,-0.3542,0.0,-0.4856,0.5625,-0.6606,-0.2537,0.0,0.0,0.5,-0.1385,0.1793,0.2893,0.0,2.0,0.0,0.0,0.0,-0.3418,0.8693279999999998,,,
-0.0837,0.651,-0.6606,-0.7495,0.941,0.5713,-0.2847,1.0,0.0,0.794,0.8022,-0.5947,0.0,1.136,0.1975,-0.1838,-0.2888,0.7783,-0.62,1.0171,-0.02812,-0.4177,-0.4937,0.758,-0.309,-0.352,0.0,0.0,-0.351,0.0,-0.4602,1.213,-1.113,0.744,0.0,0.5,1.0,-0.512,0.543,0.539,1.0,0.0,0.0,0.0,0.0,1.015,0.3953280000000002,,,
-0.187,0.8115,-0.6,-0.714,0.3677,0.7144,-0.2927,1.0,0.0,0.6987,0.721,-0.587,0.0,1.136,-0.4043,-0.0799,-0.251,0.8843,-0.615,0.6567999999999999,-0.001991,1.016,-0.4177,-0.4937,-0.3062,-0.35,0.0,0.0,-0.3464,0.0,-0.443,1.158,-1.067,0.368,1.0,0.5,1.0,-0.713,0.7227,0.646,2.0,0.0,0.0,0.0,0.0,0.4866,-0.255748,,,
-0.2374,0.4563,-0.639,-0.688,-0.292,0.857,-0.3008,1.0,0.0,0.751,0.7827,-0.593,0.0,1.137,-0.358,0.01575,-0.2001,0.507,-0.612,-0.4557,0.01903,0.6562,1.016,-0.4177,-0.3047,-0.3486,0.0,0.0,-0.3435,0.0,-0.455,0.837,-0.8438,-0.2666,0.0,0.5,0.5,-0.4604,0.4614,0.4426,0.0,1.0,0.0,0.0,0.0,-0.3455,0.1592159999999999,,,
-0.2413,0.4556,-0.617,-0.663,0.132,0.857,-0.3088,1.0,0.0,0.719,0.751,-0.59,0.0,1.137,0.07733,0.09564,-0.1417,0.4873,-0.609,0.2176,0.03287,-0.4556,0.6562,1.016,-0.301,-0.3474,0.0,0.0,-0.34,0.0,-0.4495,0.7993,-0.8145,0.1333,1.0,0.5,0.5,-0.4866,0.4966,0.4448,1.0,0.0,0.0,0.0,0.0,0.1752,0.965096,,,
-0.2128,1.219,-0.4443,-0.625,1.652,0.857,-0.3171,1.0,0.0,0.4897,0.51,-0.5674,0.0,1.138,0.5483,0.1763,-0.0697,1.228,-0.6045,1.8911,0.09955,0.2175,-0.4556,0.6562,-0.2937,-0.3457,0.0,0.0,-0.3345,0.0,-0.4001,1.107,-1.012,1.693,2.0,0.5,1.0,-1.069,1.2,0.8223,2.0,0.0,1.0,0.0,8.01,2.21,0.280372,,,
-0.242,1.159,-0.4229,-0.591,0.08435,0.857,-0.3252,1.0,0.0,0.4607,0.4844,-0.5645,0.0,1.138,-0.2274,0.2399,0.003393,1.196,-0.6016,0.2042,0.1366,1.891,0.2175,-0.4556,-0.2844,-0.3435,0.0,0.0,-0.3276,0.0,-0.3945,1.038,-0.9604,0.1298,2.0,0.5,1.0,-1.025,1.16,0.752,3.0,0.0,0.0,0.0,0.0,0.16,-0.4154128,,,
-0.1852,0.624,-0.493,-0.56,-0.3276,0.857,-0.3333,1.0,0.0,0.5547,0.572,-0.574,0.0,1.138,-0.2678,0.2832,0.0744,0.67,-0.5986,-0.7602,0.0711,0.204,1.891,0.2175,-0.2761,-0.3413,0.0,0.0,-0.3206,0.0,-0.4155,0.7725,-0.78,-0.5464,1.0,0.5,1.0,-0.6294,0.7437,0.5225,0.0,1.0,0.0,0.0,0.0,-0.669,-0.0404712,,,
-0.132,0.03387,-0.5874,-0.5435,-0.7607,0.857,-0.3416,1.0,0.0,0.686,0.698,-0.5874,0.0,1.139,-0.4375,0.3105,0.1343,0.06494,-0.5967,-1.0379,0.008896,-0.7603,0.204,1.891,-0.2742,-0.3398,0.0,0.0,-0.3157,0.0,-0.4438,0.2974,-0.4534,-0.854,1.0,0.0,0.5,-0.1313,0.2646,0.1914,0.0,2.0,0.0,1.0,-5.547,-1.072,0.3192532,,,
-0.1947,0.1484,-0.554,-0.53,1.196,0.857,-0.3496,1.0,0.0,0.6357,0.6567,-0.5835,0.0,1.139,-0.4456,0.3215,0.1796,0.1628,-0.595,0.3221,-0.0301,-1.038,-0.76,0.204,-0.2734,-0.3374,0.0,0.0,-0.3115,0.0,-0.4353,0.2103,-0.3875,0.2008,1.0,0.5,0.5,-0.2166,0.3772,0.255,1.0,0.0,0.0,0.0,0.0,0.2605,0.6045879999999999,,,
-0.1794,0.496,-0.4727,-0.511,1.75,0.857,-0.3577,1.0,0.0,0.529,0.5444,-0.573,0.0,1.14,0.4443,0.32,0.2109,0.5166,-0.5938,0.8501,-0.04822,0.3218,-1.038,-0.76,-0.2683,-0.3335,0.0,0.0,-0.3066,0.0,-0.4128,0.367,-0.4895,0.568,1.0,1.0,0.5,-0.4917,0.6836,0.4856,2.0,0.0,0.0,0.0,0.0,0.729,0.108156,,,
-0.1605,0.4749,-0.455,-0.487,0.09406,0.857,-0.366,1.0,0.0,0.508,0.5195,-0.5713,0.0,1.14,-0.04922,0.3032,0.2328,0.506,-0.5913,0.1553999999999999,-0.0821,0.8496,0.3218,-1.038,-0.2637,-0.3298,0.0,0.0,-0.3018,0.0,-0.4084,0.558,-0.624,0.0752,1.0,1.0,1.0,-0.515,0.6455,0.501,3.0,0.0,0.0,0.0,0.0,0.09406,0.0829358,,,
-0.2032,0.39,-0.454,-0.4683,-0.02998,0.857,-0.374,1.0,0.0,0.503,0.522,-0.5713,0.0,1.141,-0.4045,0.2742,0.2445,0.4077,-0.5894,-0.02566,-0.1004,0.1552,0.8496,0.3218,-0.2646,-0.326,0.0,0.0,-0.2976,0.0,-0.4092,0.4197,-0.5254,-0.01427,1.0,0.5,0.5,-0.4644,0.5435,0.4436,0.0,1.0,0.0,0.0,0.0,-0.01776,0.2298144,,,
-0.2416,0.576,-0.3943,-0.4414,0.5566,0.857,-0.382,1.0,0.0,0.4255,0.448,-0.564,0.0,1.141,-0.4517,0.2295,0.2446,0.6187,-0.5874,0.5931,-0.1183,-0.02574,0.1552,0.8496,-0.2644,-0.3223,0.0,0.0,-0.2927,0.0,-0.393,0.6885,-0.7104,0.3623,2.0,1.0,1.0,-0.6235,0.7236,0.619,1.0,0.0,0.0,0.0,0.0,0.4514,-0.8714103999999998,,,
-0.1667,-0.1427,-0.5137,-0.421,-1.035,0.7144,-0.3901,0.0,0.0,0.5835,0.5986,-0.58,0.0,1.142,-0.2534,0.1664,0.2406,-0.10724,-0.5854,-1.2659,-0.1439,0.593,-0.02574,0.1552,-0.266,-0.3193,0.0,0.0,-0.2903,0.0,-0.4282,0.3987,-0.519,-1.123,1.0,0.5,1.0,-0.03067,0.1525,0.06024,0.0,1.0,0.0,0.0,0.0,-1.373,0.2446843999999999,,,
-0.2295,-0.05298,-0.4824,-0.4045,-1.428,0.7144,-0.3984,1.0,0.0,0.537,0.5615,-0.5767,0.0,1.142,-0.1967,0.11053,0.231,-0.02882,-0.5835,0.2899,-0.1512,-1.265,0.593,-0.02574,-0.2632,-0.316,0.0,0.0,-0.2883,0.0,-0.4204,0.2722,-0.425,0.1688,1.0,0.5,1.0,-0.1442,0.231,0.1495,1.0,0.0,0.0,0.0,0.0,0.215,0.4434747999999999,,,
-0.2185,0.4854,-0.36,-0.3845,18.77,0.7144,-0.4065,1.0,0.0,0.386,0.4036,-0.561,0.0,1.143,0.2373,0.069,0.2166,0.5166,-0.582,1.2531,-0.1339,0.2898,-1.265,0.593,-0.2576,-0.3113,0.0,0.0,-0.285,0.0,-0.3865,0.394,-0.4973,0.7803,1.0,0.5,1.0,-0.5557,0.731,0.5986,2.0,0.0,0.0,0.0,0.0,0.985,-0.01164,,,
-0.1692,0.1713,-0.4033,-0.3647,-0.4587,0.7144,-0.4146,1.0,0.0,0.4424,0.4536,-0.5674,0.0,1.143,-0.0607,0.0277,0.1931,0.2168,-0.5806,-0.4772,-0.1543,1.253,0.2898,-1.265,-0.256,-0.3062,0.0,0.0,-0.2815,0.0,-0.4,0.3792,-0.4924,-0.2627,1.0,0.5,1.0,-0.287,0.4832,0.3513,0.0,1.0,0.0,0.0,0.0,-0.319,0.1436816,,,
-0.1553,0.2241,-0.3743,-0.344,0.3572,0.7144,-0.4229,1.0,0.0,0.4082,0.416,-0.564,0.0,1.144,0.3115,-0.01385,0.1631,0.2798,-0.579,0.2552,-0.155,-0.4773,1.253,0.2898,-0.2542,-0.3013,0.0,0.0,-0.2788,0.0,-0.3928,0.3884,-0.496,0.1559,1.0,1.0,1.0,-0.4172,0.4521,0.4102,1.0,0.0,0.0,0.0,0.0,0.1921,-0.0798256,,,
-0.2358,0.01605,-0.412,-0.3398,-0.5947,0.7144,-0.431,1.0,0.0,0.4478,0.4702,-0.5693,0.0,1.144,-0.05405,-0.0444,0.1212,0.0513,-0.5786,-0.4301,-0.1863,0.255,-0.4773,1.253,-0.2537,-0.2976,0.0,0.0,-0.276,0.0,-0.405,-0.144,-0.12134,-0.3687,1.0,0.5,0.5,-0.1871,0.2374,0.1819,0.0,1.0,0.0,0.0,0.0,-0.451,-0.9398792,,,
0.1073,-1.078,-0.6406,-0.355,-11.875,0.5713,-0.439,0.0,0.0,0.781,0.757,-0.6,0.0,1.144,1.646,-0.09357,0.05542,-0.993,-0.582,-2.4099,-0.21,-0.43,0.255,-0.4773,-0.263,-0.2961,0.0,0.0,-0.2751,0.0,-0.4712,-0.6973,0.2444,-3.621,0.0,0.0,0.0,0.959,-0.7505,-1.04,0.0,2.0,0.0,1.0,-7.91,-4.49,-0.5871132000000003,,,
0.1818,-1.368,-0.71,-0.3694,0.4446,0.4285,-0.4473,0.0,0.0,0.8887,0.856,-0.61,0.0,1.145,0.1493,-0.1433,-0.01228,-1.268,-0.585,-0.8319,-0.1597,-2.41,-0.43,0.255,-0.2705,-0.2952,0.0,0.0,-0.2766,0.0,-0.4924,-0.6973,0.2351,-0.6455,-1.0,-0.5,0.0,1.241,-1.06,-1.249,0.0,3.0,0.0,0.0,0.0,-0.8657,-0.3020456,,,
0.2347,-1.719,-0.789,-0.382,0.4243,0.2856,-0.4553,0.0,0.0,1.017,0.9785,-0.6206,0.0,1.145,-0.1394,-0.189,-0.0748,-1.598,-0.588,-0.9682,-0.06213,-0.832,-2.41,-0.43,-0.2817,-0.2954,0.0,0.0,-0.2795,0.0,-0.516,-0.673,0.2072,-0.7646,-1.0,-0.5,0.0,1.612,-1.359,-1.282,0.0,4.0,0.0,1.0,-5.47,-1.053,-0.14552372,,,
0.3452,-2.012,-0.864,-0.4033,0.3247,0.1428,-0.4634,0.0,0.0,1.147,1.096,-0.631,0.0,1.1455,0.3506,-0.2115,-0.1355,-1.862,-0.5923,-0.9399,0.05127,-0.968,-0.832,-2.41,-0.2996,-0.2961,0.0,0.0,-0.2832,0.0,-0.539,-0.8794,0.3447,-0.819,-2.0,-1.0,-0.5,1.917,-1.656,-1.282,0.0,5.0,0.0,0.0,0.0,-1.163,-0.695776,,,
0.3765,-2.307,-0.948,-0.438,0.297,0.0,-0.4714,0.0,0.0,1.299,1.246,-0.638,0.0,1.1455,0.013115,-0.1772,-0.1832,-2.123,-0.597,-1.0899,0.1881,-0.9395,-0.968,-0.832,-0.3188,-0.2983,0.0,0.0,-0.2878,0.0,-0.556,-1.231,0.5845,-0.872,-2.0,-1.0,-1.0,2.322,-1.952,-1.261,0.0,5.0,0.0,1.0,-6.67,-1.275,0.0290159999999999,,,
0.3547,-2.191,-0.955,-0.4746,0.07684,-0.1428,-0.4797,0.0,0.0,1.309,1.261,-0.638,0.0,1.146,-0.1785,-0.10876,-0.2018,-2.113,-0.6,-0.1565,0.289,-1.089,-0.9395,-0.968,-0.3394,-0.301,0.0,0.0,-0.295,0.0,-0.556,-1.293,0.627,-0.05643,-2.0,-1.5,-1.5,2.217,-1.816,-1.09,0.0,5.0,0.0,0.0,0.0,-0.08545,0.6361559999999999,,,
0.368,-1.699,-0.889,-0.5063,-0.1154,-0.2856,-0.4878,0.0,0.0,1.193,1.139,-0.6367,0.0,1.146,-0.04855,-0.00885,-0.1877,-1.636,-0.6045,0.7555,0.337,-0.1566,-1.089,-0.9395,-0.3564,-0.3035,0.0,0.0,-0.3013,0.0,-0.551,-1.104,0.4993,0.5586,-1.0,-1.5,-1.0,1.701,-1.283,-0.853,1.0,0.0,0.0,0.0,0.0,0.85,-0.4353315999999999,,,
0.397,-1.695,-0.921,-0.5454,0.1306,-0.4285,-0.4958,0.0,0.0,1.251,1.194,-0.638,0.0,1.147,-0.2664,0.1107,-0.1395,-1.652,-0.6094,-0.4613,0.3936,0.7554,-0.1566,-1.089,-0.3672,-0.3057,0.0,0.0,-0.3074,0.0,-0.556,-1.316,0.647,-0.354,-1.0,-1.5,-1.5,1.7295,-1.413,-0.8335,0.0,1.0,0.0,0.0,0.0,-0.526,1.1072083999999998,,,
0.3013,-0.8433,-0.7812,-0.565,-0.4307,-0.4285,-0.504,0.0,0.0,1.009,0.9604,-0.6245,0.0,1.147,0.09564,0.2301,-0.0713,-0.756,-0.614,1.6541,0.414,-0.4612,0.7554,-0.1566,-0.3708,-0.3074,0.0,0.0,-0.3108,0.0,-0.524,-0.785,0.2837,1.707,0.0,-1.5,-1.0,0.951,-0.492,-0.5312,1.0,0.0,0.0,0.0,0.0,2.576,-0.309532,,,
0.288,-0.7173,-0.7783,-0.5864,-0.04355,-0.5713,-0.512,0.0,0.0,1.003,0.956,-0.6245,0.0,1.148,-0.239,0.3274,-0.000271,-0.6616,-0.6167,-0.02956,0.428,1.653,-0.4612,0.7554,-0.3718,-0.3088,0.0,0.0,-0.3145,0.0,-0.5244,-0.8643,0.3398,-0.01921,0.0,-1.5,-1.5,0.8374,-0.518,-0.4995,0.0,1.0,0.0,0.0,0.0,-0.02754,0.025264,,,
0.2064,-0.449,-0.757,-0.616,-0.3174,-0.7144,-0.5205,0.0,0.0,0.963,0.928,-0.6226,0.0,1.148,-0.2075,0.404,0.0727,-0.4539,-0.6196,0.1783,0.4226,-0.02966,1.653,-0.4612,-0.3696,-0.3098,0.0,0.0,-0.319,0.0,-0.5205,-1.192,0.576,0.12067,1.0,-1.0,-1.5,0.6904,-0.4065,-0.4353,1.0,0.0,0.0,0.0,0.0,0.1732,0.4165639999999998,,,
0.1449,-0.0671,-0.7104,-0.639,-0.9766,-0.7144,-0.5283,1.0,0.0,0.886,0.8594,-0.6177,0.0,1.149,-0.4421,0.451,0.1417,-0.1309,-0.6216,0.4728,0.4023,0.1781,-0.02966,1.653,-0.3633,-0.3113,0.0,0.0,-0.3232,0.0,-0.5093,-0.9976,0.442,0.2913,1.0,-0.5,-1.0,0.4631,-0.1565,-0.3271,2.0,0.0,0.0,0.0,0.0,0.4158,0.215152,,,
0.03943,0.2363,-0.6797,-0.6636,18.77,-0.7144,-0.5366,1.0,0.0,0.832,0.821,-0.6143,0.0,1.149,-0.594,0.4622,0.2047,0.1109,-0.624,0.2910999999999999,0.3745,0.4724,0.1781,-0.02966,-0.3555,-0.313,0.0,0.0,-0.3271,0.0,-0.502,-0.9976,0.445,0.156,2.0,0.0,-1.0,0.315,-0.02724,-0.2488,3.0,0.0,0.0,0.0,0.0,0.2195,0.190496,,,
0.0245,0.597,-0.6343,-0.6816,1.349,-0.7144,-0.545,1.0,0.0,0.764,0.7534,-0.609,0.0,1.149,0.1825,0.4429,0.263,0.4712,-0.627,0.4614999999999999,0.3215,0.291,0.4724,0.1781,-0.3484,-0.314,0.0,0.0,-0.331,0.0,-0.4907,-0.807,0.3142,0.3606,2.0,0.5,-0.5,0.01193,0.04593,-0.1328,4.0,0.0,0.0,0.0,0.0,0.5024,-0.4733,,,
-0.1481,0.1694,-0.716,-0.687,-0.5405,-0.5713,-0.5527,1.0,0.0,0.871,0.892,-0.62,0.0,1.15,0.1902,0.4211,0.3135,0.12164,-0.63,-0.9669,0.3005,0.4612,0.291,0.4724,-0.343,-0.3157,0.0,0.0,-0.3347,0.0,-0.5146,-0.5264,0.10315,-0.6436,2.0,0.5,-0.5,0.4277,-0.3677,-0.287,0.0,1.0,0.0,0.0,0.0,-0.8843,0.0545451999999999,,,
-0.1631,0.595,-0.6357,-0.681,1.947,-0.4285,-0.561,1.0,0.0,0.752,0.7715,-0.611,0.0,1.15,0.476,0.3762,0.3467,0.57,-0.631,0.8501,0.2642,-0.9663,0.4612,0.291,-0.3396,-0.3184,0.0,0.0,-0.338,0.0,-0.4941,-0.1155,-0.1812,0.4617,2.0,1.0,0.0,0.0531,0.001807,-0.0973,1.0,0.0,0.0,0.0,0.0,0.6543,-0.16804,,,
0.02202,-0.3577,-0.804,-0.68,-1.372,-0.4285,-0.5693,0.0,0.0,1.023,1.021,-0.633,0.0,1.151,0.931,0.3088,0.362,-0.3804,-0.6313,-1.9419,0.1852,0.8496,-0.9663,0.4612,-0.3416,-0.3225,0.0,0.0,-0.3442,0.0,-0.542,-0.3276,-0.0508,-1.966,1.0,0.5,0.0,0.9443,-0.795,-0.4575,0.0,1.0,0.0,0.0,0.0,-2.715,-0.0252056,,,
-0.03296,-0.38,-0.803,-0.674,0.2186,-0.4285,-0.577,0.0,0.0,1.018,1.024,-0.6333,0.0,1.151,-0.3662,0.2317,0.3582,-0.3833,-0.632,-0.0607199999999999,0.104,-1.941,0.8496,-0.9663,-0.3442,-0.3262,0.0,0.0,-0.3503,0.0,-0.5435,-0.1428,-0.1833,-0.07104,0.0,0.5,0.0,0.849,-0.802,-0.4397,0.0,2.0,0.0,0.0,0.0,-0.10443,-0.0625892,,,
-0.06604,-0.64,-0.841,-0.6626,1.065,-0.4285,-0.5854,0.0,0.0,1.077,1.091,-0.638,0.0,1.152,-0.4294,0.1543,0.3289,-0.6465,-0.632,-0.5179,-0.0182,-0.0608,-1.941,0.8496,-0.3499,-0.3293,0.0,0.0,-0.3572,0.0,-0.5557,-0.006386,-0.286,-0.3372,-1.0,0.0,0.0,1.025,-0.938,-0.557,0.0,3.0,0.0,0.0,0.0,-0.4963,-0.2884412000000001,,,
-0.02277,-0.8477,-0.87,-0.653,0.53,-0.4285,-0.5933,0.0,0.0,1.13,1.138,-0.638,0.0,1.152,0.0945,0.0616,0.278,-0.8296,-0.632,-0.4335,-0.1605,-0.5176,-0.0608,-1.941,-0.3572,-0.333,0.0,0.0,-0.3638,0.0,-0.556,-0.0731,-0.2427,-0.3225,-1.0,0.0,0.0,1.118,-1.06,-0.736,0.0,4.0,0.0,0.0,0.0,-0.4827,0.3851824,,,
-0.08466,-0.636,-0.827,-0.6455,-0.1614,-0.4285,-0.6016,0.0,0.0,1.053,1.068,-0.638,0.0,1.153,-0.196,-0.03096,0.2224,-0.619,-0.6323,0.4396,-0.1993,-0.4333,-0.5176,-0.0608,-0.365,-0.337,0.0,0.0,-0.3672,0.0,-0.555,-0.1461,-0.1863,0.328,-1.0,0.0,0.0,0.84,-0.773,-0.545,1.0,0.0,0.0,0.0,0.0,0.4976,-0.3508479999999999,,,
-0.01336,-0.9165,-0.873,-0.6396,0.673,-0.4285,-0.61,0.0,0.0,1.135,1.143,-0.638,0.0,1.153,0.2612,-0.11206,0.1577,-0.918,-0.632,-0.6189,-0.2054,0.4392,-0.4333,-0.5176,-0.3713,-0.3416,0.0,0.0,-0.3706,0.0,-0.556,-0.1814,-0.1672,-0.3142,-1.0,-0.5,0.0,0.991,-1.033,-0.739,0.0,1.0,0.0,0.0,0.0,-0.4702,0.599016,,,
-0.0732,-0.456,-0.792,-0.6396,-0.4558,-0.4285,-0.6177,0.0,0.0,0.9956,1.009,-0.6357,0.0,1.154,-0.012276,-0.1758,0.0863,-0.4614,-0.633,0.9156,-0.2091,-0.619,0.4392,-0.4333,-0.3777,-0.3455,0.0,0.0,-0.3718,0.0,-0.549,-0.378,-0.01794,1.085,0.0,-0.5,0.0,0.571,-0.505,-0.3367,1.0,0.0,0.0,0.0,0.0,1.656,-0.2850804,,,
-0.0369,-0.721,-0.8438,-0.6436,0.8896,-0.4285,-0.626,0.0,0.0,1.084,1.094,-0.638,0.0,1.154,-0.1433,-0.235,0.01584,-0.7227,-0.6343,-0.6752,-0.1982,0.915,-0.619,0.4392,-0.3804,-0.35,0.0,0.0,-0.373,0.0,-0.556,-0.5117,0.0706,-0.685,0.0,-1.0,0.0,0.8438,-0.7275,-0.5854,0.0,1.0,0.0,0.0,0.0,-1.017,0.1187167999999999,,,
-0.06793,-0.2045,-0.753,-0.6436,-0.7295,-0.4285,-0.6343,0.0,0.0,0.934,0.9443,-0.6323,0.0,1.155,-0.02518,-0.2834,-0.0462,-0.1976,-0.6353,1.0351,-0.2083,-0.675,0.915,-0.619,-0.3801,-0.3533,0.0,0.0,-0.372,0.0,-0.541,-0.2957,-0.07324,0.8936,1.0,-0.5,0.0,0.3826,-0.2002,-0.1901,1.0,0.0,0.0,0.0,0.0,1.3545,0.3575828000000001,,,
-0.0974,0.2412,-0.672,-0.641,-3.732,-0.4285,-0.642,1.0,0.0,0.8096,0.8203,-0.623,0.0,1.155,-0.1693,-0.329,-0.114,0.2468,-0.6357,0.8811,-0.22,1.034,-0.675,0.915,-0.3762,-0.3562,0.0,0.0,-0.37,0.0,-0.5205,-0.2041,-0.1296,0.4832,1.0,-0.5,0.0,0.04144,0.2053,0.1522,2.0,0.0,0.0,0.0,0.0,0.7095,0.1034264,,,
-0.0929,0.284,-0.6646,-0.6406,0.2751,-0.4285,-0.6504,1.0,0.0,0.7993,0.809,-0.6226,0.0,1.155,-0.5044,-0.3687,-0.1777,0.283,-0.636,0.02966,-0.2212,0.8804,1.034,-0.675,-0.3708,-0.3599,0.0,0.0,-0.369,0.0,-0.52,-0.2668,-0.0846,0.01182,2.0,0.0,0.0,0.02438,0.1748,0.1376,3.0,0.0,0.0,0.0,0.0,0.01689,-0.4674387999999997,,,
-0.0901,0.04062,-0.7153,-0.647,-0.5786,-0.4285,-0.6587,1.0,0.0,0.8745,0.886,-0.6294,0.0,1.156,-0.07336,-0.3801,-0.2279,0.03113,-0.637,-0.6199,-0.234,0.02956,0.8804,1.034,-0.3684,-0.3638,0.0,0.0,-0.3677,0.0,-0.5347,-0.506,0.0794,-0.266,1.0,0.0,-0.5,0.2747,-0.12054,-0.172,0.0,1.0,0.0,0.0,0.0,-0.3796,0.1893535999999999,,,
-0.1647,0.1544,-0.6953,-0.6465,1.131,-0.4285,-0.6665,1.0,0.0,0.8384,0.8613,-0.6274,0.0,1.156,-0.607,-0.3682,-0.2656,0.1561,-0.638,0.1808,-0.2352,-0.62,0.02956,0.8804,-0.3638,-0.3677,0.0,0.0,-0.3682,0.0,-0.5303,-0.2583,-0.0952,0.06464,2.0,0.5,0.0,0.1586,-0.07446,-0.08124,1.0,0.0,0.0,0.0,0.0,0.0941,0.1128952,,,
-0.2646,0.2522,-0.6826,-0.6504,0.576,-0.4285,-0.675,1.0,0.0,0.812,0.85,-0.6265,0.0,1.157,-0.721,-0.3545,-0.2996,0.2358,-0.639,0.08994,-0.236,0.1807,-0.62,0.02956,-0.3616,-0.371,0.0,0.0,-0.3682,0.0,-0.5283,-0.4763,0.06116,0.02603,2.0,1.0,0.0,0.0246,-0.1421,-0.03485,2.0,0.0,0.0,0.0,0.0,0.0377,0.1836256,,,
-0.3953,0.2177,-0.6807,-0.641,0.02293,-0.2856,-0.683,1.0,0.0,0.7983,0.858,-0.627,0.0,1.157,-0.1572,-0.345,-0.3284,0.2272,-0.639,-0.02976,-0.2384,0.0898,0.1807,-0.62,-0.3574,-0.3728,0.0,0.0,-0.3687,0.0,-0.5293,0.09,-0.3433,-0.014534,1.0,0.5,0.0,0.03757,-0.1588,-0.03925,0.0,1.0,0.0,0.0,0.0,-0.02098,0.2220491999999998,,,
-0.426,0.2788,-0.6597,-0.63,0.3516,-0.1428,-0.691,1.0,0.0,0.765,0.8286,-0.625,0.0,1.158,-0.6865,-0.3406,-0.3555,0.307,-0.6387,0.1793999999999999,-0.2474,-0.02985,0.0898,0.1807,-0.3555,-0.3735,0.0,0.0,-0.3694,0.0,-0.525,0.1671,-0.3965,0.0843,1.0,1.0,0.5,-0.04898,-0.1038,0.0664,1.0,0.0,0.0,0.0,0.0,0.1218,0.2126091999999999,,,
-0.4365,0.3284,-0.636,-0.614,0.2805,0.0,-0.699,1.0,0.0,0.73,0.7944,-0.6226,0.0,1.158,-0.5044,-0.349,-0.381,0.3691,-0.638,0.2082,-0.2622,0.1793,-0.02985,0.0898,-0.3555,-0.3738,0.0,0.0,-0.37,0.0,-0.52,0.433,-0.584,0.1301,2.0,1.0,1.0,-0.1339,-0.0379,0.2006,2.0,0.0,0.0,0.0,0.0,0.187,0.4674320000000002,,,
-0.4675,0.505,-0.5835,-0.592,0.594,0.1428,-0.7075,1.0,0.0,0.6533,0.72,-0.6167,0.0,1.159,-0.1515,-0.3628,-0.4004,0.5537,-0.636,0.5317999999999999,-0.2847,0.208,0.1793,-0.02985,-0.3538,-0.3728,0.0,0.0,-0.3708,0.0,-0.5073,0.7544,-0.8076,0.387,2.0,1.5,1.5,-0.3203,0.1678,0.5376,3.0,0.0,0.0,0.0,0.0,0.5522,0.6732620000000002,,,
-0.4895,0.8784,-0.4905,-0.5664,0.814,0.2856,-0.7153,1.0,0.0,0.527,0.5938,-0.606,0.0,1.159,-0.006084,-0.37,-0.4087,0.8936,-0.6333,0.9586,-0.2461,0.5312,0.208,0.1793,-0.348,-0.3706,0.0,0.0,-0.3694,0.0,-0.484,0.8643,-0.876,0.9775,2.0,1.5,1.5,-0.633,0.5303,0.9087,4.0,0.0,0.0,0.0,0.0,1.373,0.5524159999999998,,,
-0.517,1.094,-0.4165,-0.532,0.373,0.4285,-0.7236,1.0,0.0,0.4307,0.499,-0.5977,0.0,1.16,-0.311,-0.341,-0.402,1.068,-0.6294,0.7335,-0.1985,0.9585,0.5312,0.208,-0.3403,-0.368,0.0,0.0,-0.3684,0.0,-0.4656,1.265,-1.154,0.8716,3.0,1.5,2.0,-0.847,0.74,1.087,5.0,0.0,1.0,0.0,5.26,1.188,0.0172713599999999,,,
-0.5713,1.109,-0.3823,-0.5015,0.1477,0.5713,-0.732,1.0,0.0,0.3845,0.4602,-0.594,0.0,1.16,-0.0796,-0.272,-0.3748,1.052,-0.6255,0.3033,-0.1289,0.733,0.9585,0.5312,-0.332,-0.3652,0.0,0.0,-0.3647,0.0,-0.4578,1.197,-1.103,0.2147,3.0,1.5,2.0,-0.8926,0.7515,0.9575,5.92,0.0,0.0,0.0,0.0,0.2861,0.200606,,,
-0.5957,1.0625,-0.3533,-0.4644,0.09125,0.7144,-0.7397,1.0,0.0,0.3477,0.4263,-0.5913,0.0,1.161,-0.4973,-0.1744,-0.3254,0.978,-0.621,0.2458999999999999,-0.0672,0.3032,0.733,0.9585,-0.323,-0.362,0.0,0.0,-0.361,0.0,-0.4514,1.574,-1.395,0.1504,3.0,1.5,2.0,-0.9307,0.7183,0.8535,5.92,0.0,0.0,0.0,0.0,0.1985,0.0033952,,,
-0.5747,0.5337,-0.4282,-0.4392,-0.3608,0.857,-0.748,1.0,0.0,0.441,0.519,-0.601,0.0,1.161,-0.1282,-0.07477,-0.2676,0.405,-0.6177,-0.8129,-0.0534,0.2457,0.3032,0.733,-0.317,-0.3608,0.0,0.0,-0.3577,0.0,-0.4724,0.9546,-0.9355,-0.5747,2.0,1.5,2.0,-0.5327,0.3003,0.4983,0.0,1.0,0.0,0.0,0.0,-0.753,0.490896,,,
-0.567,0.8267,-0.3481,-0.415,0.643,0.857,-0.756,1.0,0.0,0.344,0.4177,-0.592,0.0,1.161,-0.6323,0.02423,-0.2031,0.638,-0.6143,0.7791,-0.03503,-0.813,0.2457,0.3032,-0.3088,-0.3586,0.0,0.0,-0.353,0.0,-0.4526,0.9487,-0.923,0.8906,2.0,1.5,2.0,-0.7397,0.5933,0.6562,1.0,0.0,0.0,0.0,0.0,1.197,0.653896,,,
-0.543,1.165,-0.2524,-0.3848,0.531,0.857,-0.764,1.0,0.0,0.2355,0.302,-0.581,0.0,1.162,-0.1191,0.1163,-0.1371,0.967,-0.6113,0.9234,0.01212,0.7783,-0.813,0.2457,-0.2998,-0.3562,0.0,0.0,-0.3477,0.0,-0.4287,1.108,-1.026,0.916,2.0,1.5,2.0,-0.991,0.888,0.801,2.0,0.0,0.0,0.0,0.0,1.202,0.31642548,,,
-0.562,1.247,-0.1971,-0.3472,0.2039,0.857,-0.764,1.0,1.0,0.1732,0.2408,-0.5747,0.0,1.162,-0.365,0.1976,-0.0698,1.084,-0.6084,0.5015999999999999,0.0447,0.923,0.7783,-0.813,-0.2917,-0.3535,0.0,0.0,-0.3413,0.0,-0.4153,1.496,-1.297,0.3906,2.0,1.5,2.0,-1.062,0.992,0.8164,3.0,0.0,0.0,0.0,0.0,0.4983,0.345272,,,
-0.5576,1.276,-0.1498,-0.3076,0.1567,0.857,-0.764,1.0,1.0,0.1231,0.1885,-0.5693,0.0,1.163,-0.4731,0.2708,0.0002148,1.135,-0.6045,0.4159,0.09467,0.501,0.923,0.7783,-0.2844,-0.3508,0.0,0.0,-0.3352,0.0,-0.404,1.52,-1.309,0.4192,2.0,1.5,2.0,-1.093,1.055,0.789,4.0,0.0,0.0,0.0,0.0,0.5264,-0.484218,,,
-0.486,0.7803,-0.2124,-0.2727,-0.257,0.857,-0.7725,1.0,0.0,0.1959,0.2517,-0.5776,0.0,1.163,-0.0954,0.322,0.06445,0.69,-0.602,-0.6409,0.085,0.4155,0.501,0.923,-0.2803,-0.3489,0.0,0.0,-0.3293,0.0,-0.4216,1.153,-1.055,-0.6245,2.0,1.5,2.0,-0.7124,0.7217,0.546,0.0,1.0,0.0,0.0,0.0,-0.7744,-0.0295308,,,
-0.4944,0.7383,-0.1838,-0.2366,0.08136,0.857,-0.7725,1.0,1.0,0.1643,0.2205,-0.5747,0.0,1.164,-0.2998,0.3489,0.12036,0.723,-0.6,0.2357,0.0939,-0.641,0.4155,0.501,-0.2761,-0.3462,0.0,0.0,-0.3242,0.0,-0.4153,1.197,-1.083,0.0995,2.0,1.5,2.0,-0.7217,0.735,0.538,1.0,0.0,0.0,0.0,0.0,0.1259,0.0788218,,,
-0.4702,0.645,-0.1663,-0.2008,0.01202,0.857,-0.7725,1.0,1.0,0.1475,0.1991,-0.573,0.0,1.164,-0.4011,0.3535,0.1703,0.688,-0.5977,0.1299999999999999,0.11237,0.2355,-0.641,0.4155,-0.269,-0.344,0.0,0.0,-0.3196,0.0,-0.4116,1.193,-1.079,0.07135,2.0,1.5,2.0,-0.6973,0.699,0.502,2.0,0.0,0.0,0.0,0.0,0.0896,0.0541959999999999,,,
-0.435,0.5435,-0.1514,-0.1658,-0.0159,0.857,-0.7725,1.0,1.0,0.1346,0.18,-0.572,0.0,1.165,-0.1121,0.3433,0.2175,0.602,-0.594,0.1036,0.1242,0.1299,0.2355,-0.641,-0.264,-0.34,0.0,0.0,-0.315,0.0,-0.409,1.184,-1.071,0.0785,2.0,1.5,2.0,-0.6807,0.6396,0.465,3.0,0.0,0.0,0.0,0.0,0.0982,-0.2764980000000001,,,
-0.4082,0.2042,-0.1936,-0.1378,-0.447,0.857,-0.7725,1.0,1.0,0.1818,0.2242,-0.577,0.0,1.165,-0.1293,0.3206,0.2583,0.2494,-0.5913,-0.4384,0.10095,0.10345,0.1299,0.2355,-0.263,-0.3367,0.0,0.0,-0.3103,0.0,-0.421,0.9023,-0.8755,-0.429,1.0,1.0,2.0,-0.4622,0.366,0.306,0.0,1.0,0.0,0.0,0.0,-0.5347,-0.3263280000000001,,,
-0.4207,-0.0841,-0.236,-0.1196,-0.946,0.7144,-0.7803,0.0,0.0,0.227,0.273,-0.583,0.0,1.166,-0.68,0.2893,0.2888,-0.068,-0.589,-0.4445,0.0649,-0.4382,0.10345,0.1299,-0.265,-0.3333,0.0,0.0,-0.3062,0.0,-0.4329,0.5312,-0.616,-0.3596,1.0,1.0,1.5,-0.2522,0.1203,0.1493,0.0,2.0,0.0,1.0,-3.674,-0.4546,0.3319111999999999,,,
-0.4653,0.1373,-0.1727,-0.1027,-14.766,0.7144,-0.7803,1.0,1.0,0.1548,0.2059,-0.5757,0.0,1.166,-0.494,0.2588,0.3066,0.1294,-0.587,0.5836,0.02876,-0.4443,-0.4382,0.10345,-0.2666,-0.3293,0.0,0.0,-0.3015,0.0,-0.4172,0.5063,-0.5913,0.4395,1.0,1.0,1.5,-0.4353,0.3396,0.2776,1.0,0.0,0.0,0.0,0.0,0.5635,0.4263319999999999,,,
-0.4817,0.43,-0.0909,-0.08276,1.563,0.7144,-0.7803,1.0,1.0,0.06836,0.1194,-0.5664,0.0,1.167,-0.2554,0.224,0.311,0.429,-0.585,0.7555,-0.007214,0.583,-0.4443,-0.4382,-0.2637,-0.3247,0.0,0.0,-0.2961,0.0,-0.397,0.614,-0.6587,0.566,1.0,1.0,1.5,-0.6504,0.614,0.4685,2.0,0.0,1.0,0.0,3.799,0.7124,0.168932,,,
-0.4905,0.4402,-0.0692,-0.0636,0.1548,0.7144,-0.7803,1.0,1.0,0.04578,0.0976,-0.564,0.0,1.167,-0.579,0.1918,0.3008,0.4558,-0.5835,0.1782,-0.05154,0.755,0.583,-0.4443,-0.261,-0.3198,0.0,0.0,-0.2905,0.0,-0.3918,0.6025,-0.649,0.1043,1.0,1.0,1.5,-0.679,0.578,0.4949,3.0,0.0,0.0,0.0,0.0,0.1283,0.0382679999999999,,,
-0.529,0.51,-0.02571,-0.0356,0.276,0.7144,-0.7803,1.0,1.0,-0.0003176,0.05637,-0.559,0.0,1.167,-0.681,0.1624,0.2805,0.5513,-0.581,0.3797,-0.0988,0.1781,0.755,0.583,-0.2573,-0.3152,0.0,0.0,-0.285,0.0,-0.3813,1.041,-0.957,0.2202,2.0,1.0,2.0,-0.7705,0.635,0.6064,4.0,0.0,0.0,0.0,0.0,0.2693,-0.3205119999999999,,,
-0.5312,0.2047,-0.071,-0.0155,-0.4182,0.7144,-0.7803,1.0,1.0,0.04434,0.1028,-0.565,0.0,1.168,-0.2905,0.1385,0.2527,0.2267,-0.5786,-0.4501,-0.1599,0.3794,0.1781,0.755,-0.2556,-0.3103,0.0,0.0,-0.2803,0.0,-0.394,0.6665,-0.696,-0.3433,2.0,1.0,1.5,-0.544,0.3523,0.4104,0.0,1.0,0.0,0.0,0.0,-0.4148,0.282948,,,
-0.5796,0.3115,-0.0319,0.0002218,0.5327,0.7144,-0.7803,1.0,1.0,0.001642,0.06683,-0.5605,0.0,1.168,-0.458,0.1113,0.2192,0.329,-0.577,0.3298999999999999,-0.189,-0.45,0.3794,0.1781,-0.2515,-0.3062,0.0,0.0,-0.2761,0.0,-0.3848,0.5293,-0.5938,0.1517,2.0,1.0,1.5,-0.6255,0.4192,0.5234,1.0,0.0,0.0,0.0,0.0,0.186,0.3343436000000001,,,
-0.5806,0.574,0.0425,0.01704,0.8477,0.7144,-0.7803,1.0,1.0,-0.0699,-0.006813,-0.5522,0.0,1.169,-0.0717,0.08514,0.188,0.5806,-0.575,0.6531,-0.181,0.3296,-0.45,0.3794,-0.2437,-0.3018,0.0,0.0,-0.272,0.0,-0.3665,0.578,-0.62,0.618,2.0,1.0,1.5,-0.7993,0.6245,0.7407,2.0,0.0,0.0,0.0,0.0,0.75,0.20198,,,
-0.5967,0.652,0.0763,0.03314,0.2603,0.7144,-0.7803,1.0,1.0,-0.10266,-0.03796,-0.549,0.0,1.169,-0.603,0.0626,0.155,0.669,-0.574,0.2709,-0.1655,0.6523,0.3296,-0.45,-0.2368,-0.297,0.0,0.0,-0.2678,0.0,-0.3586,0.5435,-0.5923,0.167,2.0,1.0,1.5,-0.8423,0.6294,0.756,3.0,0.0,0.0,0.0,0.0,0.1986,-0.1488063999999999,,,
-0.6113,0.385,0.0369,0.0517,-0.2556,0.7144,-0.7803,1.0,1.0,-0.0671,0.001197,-0.554,0.0,1.17,-0.502,0.03894,0.1261,0.4065,-0.5723,-0.3903,-0.1685,0.2705,0.6523,0.3296,-0.2336,-0.2927,0.0,0.0,-0.2644,0.0,-0.37,0.6646,-0.6836,-0.222,1.0,1.0,1.5,-0.608,0.3992,0.5063,0.0,1.0,0.0,0.0,0.0,-0.262,0.04292,,,
-0.6,0.3037,0.03546,0.06775,-0.05292,0.7144,-0.7803,1.0,1.0,-0.0648,0.001629,-0.5547,0.0,1.17,-0.2208,0.006237,0.0964,0.339,-0.5713,-0.0493,-0.2191,-0.3901,0.2705,0.6523,-0.2312,-0.288,0.0,0.0,-0.2603,0.0,-0.3713,0.5728,-0.6187,-0.02637,1.0,1.0,1.0,-0.536,0.314,0.47,0.0,2.0,0.0,0.0,0.0,-0.0315,-0.0355648,,,
-0.5854,0.1835,0.02315,0.0817,-0.2004,0.7144,-0.7803,1.0,1.0,-0.05194,0.01245,-0.5566,0.0,1.171,-0.3098,-0.03146,0.0671,0.2206,-0.5703,-0.1483,-0.2542,-0.04938,-0.3901,0.2705,-0.2306,-0.284,0.0,0.0,-0.257,0.0,-0.3757,0.4517,-0.534,-0.1187,0.0,0.5,0.5,-0.4275,0.2031,0.3623,0.0,3.0,0.0,0.0,0.0,-0.142,0.1671092,,,
-0.61,0.1758,0.0347,0.0947,0.1019,0.7144,-0.7803,1.0,1.0,-0.0649,0.003202,-0.5557,0.0,1.171,-0.4365,-0.06396,0.03693,0.2151,-0.5693,0.0747,-0.262,-0.1483,-0.04938,-0.3901,-0.2281,-0.2795,0.0,0.0,-0.255,0.0,-0.3735,0.4436,-0.5273,0.04504,0.0,0.5,0.5,-0.4343,0.1718,0.3604,1.0,0.0,0.0,0.0,0.0,0.0541,0.4802015999999998,,,
-0.6357,0.4685,0.12305,0.11694,1.351,0.7144,-0.7803,1.0,1.0,-0.1483,-0.0786,-0.5454,0.0,1.172,-0.3337,-0.08044,0.011444,0.502,-0.567,0.7686999999999999,-0.239,0.0745,-0.1483,-0.04938,-0.2242,-0.2747,0.0,0.0,-0.2522,0.0,-0.3516,0.8916,-0.8374,0.583,0.0,0.5,1.0,-0.67,0.4534,0.7036,2.0,0.0,0.0,0.0,0.0,0.6987,-0.2683796,,,
-0.4417,0.1164,0.0656,0.1382,-0.551,0.857,-0.7803,1.0,1.0,-0.0803,-0.04056,-0.5527,0.0,1.172,1.755,-0.06494,0.004196,0.0491,-0.562,-0.5326,-0.2318,0.768,0.0745,-0.1483,-0.2244,-0.2705,0.0,0.0,-0.2507,0.0,-0.3672,0.8203,-0.7935,-0.9927,0.0,0.0,1.0,-0.402,0.1708,0.3462,0.0,1.0,0.0,0.0,0.0,-1.162,-0.4520400000000001,,,
-0.3804,-0.262,-0.00823,0.1498,-1.912,0.7144,-0.7803,0.0,1.0,-0.005447,0.02657,-0.5615,0.0,1.173,0.08154,-0.05463,-0.005173,-0.3298,-0.5605,-0.6894,-0.2485,-0.532,0.768,0.0745,-0.2277,-0.267,0.0,0.0,-0.2493,0.0,-0.387,0.3171,-0.443,-0.798,0.0,0.0,0.5,-0.0937,-0.1565,-0.07416,0.0,2.0,0.0,0.0,0.0,-0.9497,0.1025452,,,
-0.4333,-0.05963,0.04764,0.1595,-1.063,0.7144,-0.7803,1.0,1.0,-0.06287,-0.02393,-0.5557,0.0,1.173,-0.4988,-0.05518,-0.0207,-0.1257,-0.56,0.4780999999999999,-0.2578,-0.689,-0.532,0.768,-0.2281,-0.264,0.0,0.0,-0.2474,0.0,-0.3735,0.2361,-0.3792,0.5713,1.0,0.0,0.5,-0.258,0.0471,0.1672,1.0,0.0,0.0,0.0,0.0,0.695,-0.1497639999999999,,,
-0.3708,-0.2625,0.006847,0.1647,-9.87,0.5713,-0.7803,0.0,1.0,-0.0192,0.01079,-0.5605,0.0,1.173,0.015335,-0.07104,-0.04266,-0.3145,-0.56,-0.3966,-0.2695,0.478,-0.689,-0.532,-0.2297,-0.2617,0.0,0.0,-0.2463,0.0,-0.3848,0.001672,-0.2169,-0.3813,0.0,-0.5,0.0,-0.0752,-0.1425,-0.1002,0.0,1.0,0.0,0.0,0.0,-0.457,-0.2604467999999998,,,
-0.365,-0.3823,-0.01999,0.1649,0.8403,0.4285,-0.7803,0.0,1.0,0.00721,0.03708,-0.5645,0.0,1.174,-0.5146,-0.093,-0.0654,-0.4404,-0.5605,-0.276,-0.2788,-0.3965,0.478,-0.689,-0.2317,-0.26,0.0,0.0,-0.2457,0.0,-0.3926,-0.2512,-0.03992,-0.1499,-1.0,-1.0,-0.5,0.03384,-0.2754,-0.2942,0.0,2.0,0.0,0.0,0.0,-0.1819,0.2297831999999999,,,
-0.3806,-0.497,-0.0442,0.1666,0.5405,0.2856,-0.7803,0.0,1.0,0.02968,0.06287,-0.5674,0.0,1.174,-0.4768,-0.1162,-0.0877,-0.5557,-0.5605,-0.2531,-0.3003,-0.2761,-0.3965,0.478,-0.2347,-0.2585,0.0,0.0,-0.2449,0.0,-0.3997,-0.1758,-0.0968,-0.2092,-1.0,-1.0,-0.5,0.1284,-0.3823,-0.506,0.0,3.0,0.0,0.0,0.0,-0.256,-0.0051353199999999,,,
-0.3835,-0.4453,-0.03217,0.1666,0.000441,0.1428,-0.7803,0.0,1.0,0.01764,0.0509,-0.5664,0.0,1.175,-0.4465,-0.1472,-0.1124,-0.5034,-0.561,0.0767,-0.3508,-0.2532,-0.2761,-0.3965,-0.2401,-0.2563,0.0,0.0,-0.2434,0.0,-0.3975,-0.2864,-0.01701,0.0625,0.0,-0.5,-0.5,0.0555,-0.368,-0.58,1.0,0.0,0.0,0.0,0.0,0.0771,-0.2898808,,,
-0.3604,-0.7603,-0.11444,0.1553,1.058,0.0,-0.7803,0.0,1.0,0.1022,0.1343,-0.5767,0.0,1.175,-0.09827,-0.1849,-0.1428,-0.8105,-0.563,-0.7895,-0.3472,0.07654,-0.2532,-0.2761,-0.2462,-0.2556,0.0,0.0,-0.2434,0.0,-0.4194,-0.8745,0.393,-0.9116,-1.0,-0.5,-1.0,0.397,-0.671,-1.208,0.0,1.0,0.0,0.0,0.0,-1.122,-0.0944832,,,
-0.3594,-0.699,-0.11395,0.1412,0.0378,-0.1428,-0.7803,0.0,1.0,0.10175,0.1337,-0.577,0.0,1.176,-0.557,-0.2275,-0.1777,-0.767,-0.5645,-0.02601,-0.3196,-0.789,0.07654,-0.2532,-0.25,-0.2554,0.0,0.0,-0.2444,0.0,-0.42,-1.045,0.514,-0.02036,-1.0,-1.0,-1.5,0.3499,-0.6616,-1.083,0.0,2.0,0.0,0.0,0.0,-0.02568,-0.0297404,,,
-0.3496,-0.662,-0.1165,0.1298,0.0693,-0.2856,-0.7803,0.0,1.0,0.10516,0.1356,-0.5776,0.0,1.176,-0.3586,-0.264,-0.2164,-0.726,-0.566,-0.05218,-0.2917,-0.0261,-0.789,0.07654,-0.2559,-0.2554,0.0,0.0,-0.2456,0.0,-0.4214,-0.952,0.4478,-0.05832,-1.0,-1.5,-1.5,0.3357,-0.6455,-0.989,0.0,3.0,0.0,0.0,0.0,-0.07367,-0.3901743999999998,,,
-0.3376,-0.821,-0.1659,0.11536,0.4253,-0.4285,-0.7803,0.0,1.0,0.1577,0.1877,-0.584,0.0,1.177,-0.378,-0.2888,-0.252,-0.888,-0.568,-0.4972,-0.2485,-0.05225,-0.0261,-0.789,-0.2617,-0.2563,0.0,0.0,-0.2479,0.0,-0.4348,-1.0625,0.521,-0.4731,-1.0,-1.5,-1.5,0.525,-0.8057,-1.097,0.0,4.0,0.0,0.0,0.0,-0.5986,-0.0203167999999999,,,
-0.3435,-0.773,-0.1682,0.10156,0.0641,-0.5713,-0.7803,0.0,1.0,0.1597,0.1908,-0.5845,0.0,1.177,-0.343,-0.292,-0.2793,-0.847,-0.57,-0.0530599999999999,-0.2118,-0.497,-0.05225,-0.0261,-0.2668,-0.2568,0.0,0.0,-0.2496,0.0,-0.4363,-1.038,0.503,-0.05118,-2.0,-1.5,-1.5,0.4954,-0.7754,-0.987,0.0,5.0,0.0,0.0,0.0,-0.06573,0.2002792,,,
-0.3662,-0.5923,-0.1403,0.0885,-0.146,-0.7144,-0.7803,0.0,1.0,0.1284,0.1624,-0.5815,0.0,1.178,-0.5825,-0.2744,-0.3,-0.6865,-0.5713,0.2397999999999999,-0.189,-0.05316,-0.497,-0.05225,-0.2703,-0.257,0.0,0.0,-0.2515,0.0,-0.43,-0.947,0.4402,0.178,-1.0,-1.5,-1.5,0.3206,-0.6523,-0.786,1.0,0.0,0.0,0.0,0.0,0.2291,0.1114443999999999,,,
-0.407,-0.3904,-0.1129,0.07056,-0.2888,-0.857,-0.7803,0.0,1.0,0.0968,0.1365,-0.5786,0.0,1.178,-0.554,-0.2334,-0.309,-0.5137,-0.5728,0.238,-0.1857,0.2396,-0.05316,-0.497,-0.2734,-0.2576,0.0,0.0,-0.254,0.0,-0.4236,-1.3125,0.704,0.1864,0.0,-1.0,-1.5,0.1732,-0.5327,-0.62,2.0,0.0,0.0,0.0,0.0,0.2382,0.191824,,,
-0.5957,-0.10834,-0.06073,0.06015,-0.842,-1.0,-0.7803,0.0,1.0,0.02888,0.09753,-0.5728,0.0,1.178,-0.2394,-0.169,-0.2974,-0.1465,-0.5767,0.4725,-0.2024,0.2378,0.2396,-0.05316,-0.2725,-0.2576,0.0,0.0,-0.256,0.0,-0.4106,-0.8516,0.3806,0.257,1.0,-0.5,-1.0,-0.04932,-0.325,-0.3647,3.0,0.0,0.0,0.0,0.0,0.3262,0.0216203999999999,,,
-0.6562,-0.066,-0.0558,0.05566,-1.542,-0.857,-0.7803,1.0,1.0,0.0191,0.0975,-0.5723,0.0,1.179,-0.63,-0.12134,-0.276,-0.08826,-0.578,0.02596,-0.212,0.4722,0.2378,0.2396,-0.2712,-0.2573,0.0,0.0,-0.2578,0.0,-0.4102,-0.5693,0.1796,0.013664,2.0,0.0,-0.5,-0.0847,-0.3372,-0.3208,4.0,0.0,0.0,0.0,0.0,0.01707,0.1224808,,,
-0.678,0.1224,-0.02058,0.04935,13.24,-0.857,-0.7725,1.0,1.0,-0.0173,0.06354,-0.5684,0.0,1.179,-0.668,-0.0872,-0.2482,0.1125,-0.579,0.3101,-0.2246,0.02585,0.4722,0.2378,-0.2688,-0.2563,0.0,0.0,-0.259,0.0,-0.4016,-0.698,0.2751,0.2386,3.0,0.0,-0.5,-0.2124,-0.2126,-0.1359,5.0,0.0,0.0,0.0,0.0,0.2979,0.0619548,,,
-0.74,0.1915,-0.00809,0.04663,0.4958,-0.7144,-0.764,1.0,1.0,-0.0344,0.05615,-0.5674,0.0,1.18,-0.7017,-0.0686,-0.22,0.1855,-0.5796,0.10246,-0.2351,0.3098,0.02585,0.4722,-0.2646,-0.2559,0.0,0.0,-0.26,0.0,-0.3987,-0.4238,0.0805,0.0717,3.0,0.5,0.0,-0.2507,-0.1915,-0.05746,5.92,0.0,0.0,0.0,0.0,0.0887,0.3437043999999998,,,
-0.7295,0.4937,0.0633,0.05115,1.317,-0.5713,-0.764,1.0,1.0,-0.1012,-0.01454,-0.559,0.0,1.18,-0.304,-0.0693,-0.1957,0.4912,-0.5796,0.6378,-0.2413,0.1023,0.3098,0.02585,-0.2583,-0.2554,0.0,0.0,-0.2603,0.0,-0.381,0.1437,-0.3167,0.398,3.0,1.0,0.5,-0.4636,0.07465,0.3076,5.92,0.0,0.0,0.0,0.0,0.4907,0.0084676,,,
-0.7363,0.5044,0.0721,0.05725,0.1534,-0.4285,-0.756,1.0,1.0,-0.1099,-0.02235,-0.558,0.0,1.181,-0.557,-0.0906,-0.1775,0.503,-0.579,0.0751,-0.2776,0.637,0.1023,0.3098,-0.2522,-0.2551,0.0,0.0,-0.2615,0.0,-0.379,0.359,-0.4695,0.0674,3.0,1.5,1.0,-0.4573,0.06683,0.436,5.92,0.0,0.0,0.0,0.0,0.0814,0.0309943999999999,,,
-0.752,0.492,0.0753,0.06305,0.1103,-0.2856,-0.748,1.0,1.0,-0.1142,-0.02419,-0.558,0.0,1.181,-0.6514,-0.1279,-0.1703,0.5107,-0.5786,0.02505,-0.2908,0.075,0.637,0.1023,-0.247,-0.255,0.0,0.0,-0.262,0.0,-0.3782,0.3337,-0.4512,0.01245,3.0,1.5,1.0,-0.4695,-0.001272,0.491,5.92,0.0,0.0,0.0,0.0,0.015015,-0.1000031999999999,,,
-0.7896,0.2976,0.04218,0.07245,-0.2286,-0.1428,-0.7397,1.0,1.0,-0.0863,0.01079,-0.5615,0.0,1.182,-0.709,-0.1719,-0.1729,0.3289,-0.578,-0.2989,-0.2908,0.02493,0.075,0.637,-0.2441,-0.255,0.0,0.0,-0.262,0.0,-0.3867,0.753,-0.754,-0.1963,2.0,1.5,1.0,-0.3071,-0.1455,0.2913,0.0,1.0,0.0,0.0,0.0,-0.2365,0.072392,,,
-0.7827,0.266,0.04523,0.0822,0.04434,0.0,-0.732,1.0,1.0,-0.0886,0.00726,-0.5615,0.0,1.182,-0.4883,-0.2223,-0.1844,0.3062,-0.577,0.0252599999999999,-0.3032,-0.299,0.02493,0.075,-0.2413,-0.255,0.0,0.0,-0.2625,0.0,-0.386,0.7896,-0.78,0.012955,2.0,1.5,1.5,-0.3,-0.1562,0.342,1.0,0.0,0.0,0.0,0.0,0.01576,-0.0531243999999999,,,
-0.781,0.139,0.0262,0.0912,-0.2576,0.1428,-0.7236,1.0,1.0,-0.0705,0.0256,-0.5635,0.0,1.183,-0.4524,-0.2737,-0.2028,0.177,-0.576,-0.1759,-0.3076,0.02516,-0.299,0.02493,-0.2401,-0.2556,0.0,0.0,-0.2627,0.0,-0.3909,0.6655,-0.6934,-0.1387,1.0,1.5,1.5,-0.2286,-0.2651,0.2335,0.0,1.0,0.0,0.0,0.0,-0.1686,0.0924856,,,
-0.811,0.1293,0.03745,0.1043,0.08606,0.2856,-0.7153,1.0,1.0,-0.08356,0.01714,-0.5625,0.0,1.183,-0.645,-0.3176,-0.2275,0.1599,-0.574,0.10124,-0.3052,-0.1759,0.02516,-0.299,-0.2389,-0.2563,0.0,0.0,-0.2625,0.0,-0.3882,1.233,-1.098,0.06027,1.0,1.5,2.0,-0.2566,-0.2302,0.2952,1.0,0.0,0.0,0.0,0.0,0.07367,0.6117407999999999,,,
-0.818,0.3792,0.11273,0.12286,1.402,0.4285,-0.7075,1.0,1.0,-0.1536,-0.054,-0.5537,0.0,1.184,-0.5645,-0.3357,-0.2576,0.395,-0.572,0.6808,-0.2817,0.1011,-0.1759,0.02516,-0.2374,-0.2563,0.0,0.0,-0.2612,0.0,-0.3691,1.458,-1.249,0.4587,1.0,1.5,2.0,-0.4832,0.0591,0.665,2.0,0.0,1.0,0.0,3.35,0.5586,-0.1948536,,,
-0.8164,0.1405,0.0732,0.1367,-0.4204,0.5713,-0.699,1.0,1.0,-0.1174,-0.0168,-0.558,0.0,1.184,-0.682,-0.3228,-0.2888,0.1462,-0.57,-0.3454,-0.272,0.68,0.1011,-0.1759,-0.2374,-0.2566,0.0,0.0,-0.2605,0.0,-0.379,1.039,-0.955,-0.2515,1.0,1.0,2.0,-0.307,-0.1158,0.4011,0.0,1.0,0.0,0.0,0.0,-0.2998,0.1506892,,,
-0.714,-0.3284,-0.02748,0.1421,-2.125,0.5713,-0.691,0.0,1.0,-0.01341,0.0734,-0.57,0.0,1.184,0.3662,-0.2932,-0.3132,-0.324,-0.5693,-0.8979,-0.2773,-0.3455,0.68,0.1011,-0.2405,-0.2573,0.0,0.0,-0.2598,0.0,-0.4043,0.2612,-0.411,-1.066,0.0,0.5,1.5,0.0962,-0.4949,-0.1794,0.0,2.0,0.0,1.0,-4.08,-1.286,0.0429411999999999,,,
-0.736,-0.3132,-0.02156,0.1445,0.0679,0.5713,-0.683,0.0,1.0,-0.02097,0.0693,-0.5693,0.0,1.185,-0.506,-0.2622,-0.3318,-0.305,-0.569,0.05143,-0.284,-0.898,-0.3455,0.68,-0.2424,-0.2583,0.0,0.0,-0.2593,0.0,-0.4028,0.066,-0.271,0.03394,1.0,0.5,1.5,0.06055,-0.4539,-0.168,1.0,0.0,0.0,0.0,0.0,0.0421,-0.0268919999999999,,,
-0.739,-0.3564,-0.02979,0.1461,0.332,0.4285,-0.675,0.0,1.0,-0.013176,0.0778,-0.5703,0.0,1.185,-0.6978,-0.241,-0.342,-0.3494,-0.569,-0.0768,-0.292,0.05133,-0.898,-0.3455,-0.2446,-0.2598,0.0,0.0,-0.2585,0.0,-0.405,0.006256,-0.2292,-0.045,0.0,0.0,1.0,0.0671,-0.485,-0.2388,0.0,1.0,0.0,0.0,0.0,-0.05576,0.0679588,,,
-0.7397,-0.2947,-0.01584,0.1461,-0.1064,0.2856,-0.6665,0.0,1.0,-0.02686,0.06384,-0.5684,0.0,1.186,-0.6035,-0.2329,-0.3445,-0.2896,-0.569,0.1284999999999999,-0.318,-0.07684,0.05133,-0.898,-0.2458,-0.2607,0.0,0.0,-0.257,0.0,-0.4014,-0.0945,-0.1558,0.08295,0.0,0.0,1.0,0.002565,-0.4136,-0.2024,1.0,0.0,0.0,0.0,0.0,0.10297,-0.044354,,,
-0.6846,-0.59,-0.0883,0.1404,1.612,0.1428,-0.6587,0.0,1.0,0.0495,0.1335,-0.577,0.0,1.186,-0.2286,-0.2404,-0.343,-0.5835,-0.5693,-0.6654,-0.34,0.1284,-0.07684,0.05133,-0.2496,-0.2615,0.0,0.0,-0.2563,0.0,-0.42,-0.4873,0.1165,-0.5264,0.0,0.0,0.5,0.2666,-0.6904,-0.7534,0.0,1.0,0.0,0.0,0.0,-0.6514,-0.2056908,,,
-0.6973,-0.751,-0.1382,0.1265,0.4712,0.0,-0.6504,0.0,1.0,0.09973,0.1875,-0.583,0.0,1.187,-0.5137,-0.2605,-0.3428,-0.742,-0.5713,-0.4704,-0.3357,-0.665,0.1284,-0.07684,-0.257,-0.2632,0.0,0.0,-0.2566,0.0,-0.4326,-1.093,0.543,-0.3794,0.0,-0.5,0.0,0.4478,-0.8384,-1.092,0.0,2.0,0.0,0.0,0.0,-0.479,0.1622219999999999,,,
-0.711,-0.7207,-0.1456,0.11176,0.0856,-0.1428,-0.642,0.0,1.0,0.10645,0.1967,-0.584,0.0,1.187,-0.712,-0.2847,-0.3428,-0.715,-0.5728,-0.0795,-0.3198,-0.4702,-0.665,0.1284,-0.2637,-0.2646,0.0,0.0,-0.257,0.0,-0.4346,-1.175,0.6006,-0.04727,-1.0,-0.5,-0.5,0.435,-0.818,-1.074,0.0,3.0,0.0,0.0,0.0,-0.0606,-0.2888912,,,
-0.6846,-0.8506,-0.1923,0.09357,0.3503,-0.2856,-0.6343,0.0,1.0,0.1581,0.2455,-0.5894,0.0,1.1875,-0.7383,-0.3093,-0.3442,-0.8516,-0.5747,-0.4519,-0.277,-0.0795,-0.4702,-0.665,-0.2686,-0.266,0.0,0.0,-0.2585,0.0,-0.4465,-1.299,0.684,-0.301,-1.0,-1.0,-1.0,0.584,-0.9585,-1.17,0.0,4.0,0.0,1.0,-2.467,-0.387,-0.1150404,,,
-0.6543,-0.907,-0.2216,0.076,0.2118,-0.4285,-0.6343,0.0,0.0,0.1925,0.276,-0.593,0.0,1.1875,-0.3914,-0.3176,-0.346,-0.9097,-0.577,-0.2965,-0.2291,-0.452,-0.0795,-0.4702,-0.2747,-0.2678,0.0,0.0,-0.2603,0.0,-0.4543,-1.294,0.677,-0.2026,-2.0,-1.5,-1.0,0.662,-1.01,-1.136,0.0,5.0,0.0,0.0,0.0,-0.2642,0.1920264,,,
-0.665,-0.623,-0.1733,0.06085,-0.234,-0.5713,-0.626,0.0,1.0,0.1394,0.223,-0.5874,0.0,1.188,-0.5723,-0.3074,-0.3484,-0.645,-0.5786,0.4631,-0.205,-0.2966,-0.452,-0.0795,-0.279,-0.269,0.0,0.0,-0.262,0.0,-0.4424,-1.01,0.4795,0.2305,-1.0,-1.0,-1.0,0.4192,-0.723,-0.814,1.0,0.0,0.0,0.0,0.0,0.3032,-0.04398,,,
-0.669,-0.3818,-0.1305,0.0502,-0.3428,-0.7144,-0.6177,0.0,1.0,0.094,0.1768,-0.5825,0.0,1.188,-0.281,-0.2817,-0.349,-0.4143,-0.5796,0.4027,-0.1947,0.4626,-0.2966,-0.452,-0.2825,-0.2693,0.0,0.0,-0.2634,0.0,-0.4316,-0.731,0.2854,0.169,0.0,-0.5,-0.5,0.2286,-0.4905,-0.578,2.0,0.0,0.0,0.0,0.0,0.2191,-0.5335335999999999,,,
-0.62,-0.647,-0.2048,0.03387,1.077,-0.857,-0.61,0.0,1.0,0.1769,0.2542,-0.5913,0.0,1.189,-0.2588,-0.2437,-0.3445,-0.7026,-0.581,-0.7152000000000001,-0.1776,0.4023,0.4626,-0.2966,-0.2861,-0.2703,0.0,0.0,-0.2664,0.0,-0.4507,-0.9697,0.4473,-0.3235,0.0,-1.0,-1.0,0.503,-0.777,-0.8237,0.0,1.0,0.0,0.0,0.0,-0.4146,-0.0281331999999999,,,
-0.6494,-0.4727,-0.1869,0.01325,-0.1963,-1.0,-0.6016,0.0,1.0,0.1552,0.2367,-0.5894,0.0,1.189,-0.501,-0.1958,-0.3289,-0.5425,-0.583,0.1626999999999999,-0.1741,-0.7153,0.4023,0.4626,-0.2878,-0.271,0.0,0.0,-0.269,0.0,-0.4465,-1.29,0.6777,0.07886,1.0,-0.5,-1.0,0.3774,-0.666,-0.689,1.0,0.0,0.0,0.0,0.0,0.10333,0.1738436,,,
-0.639,-0.1819,-0.1378,-0.00101,-0.6606,-1.143,-0.5933,0.0,1.0,0.104,0.1823,-0.584,0.0,1.189,-0.4448,-0.1523,-0.305,-0.2499,-0.585,0.4586,-0.186,0.1626,-0.7153,0.4023,-0.2878,-0.271,0.0,0.0,-0.2715,0.0,-0.4346,-0.9404,0.4333,0.2347,2.0,-0.5,-0.5,0.1298,-0.459,-0.4485,2.0,0.0,0.0,0.0,0.0,0.306,-0.341292,,,
-0.7056,-0.3591,-0.1863,-0.01107,2.016,-1.143,-0.5854,0.0,1.0,0.15,0.2406,-0.59,0.0,1.19,-0.67,-0.1131,-0.2722,-0.3948,-0.5874,-0.4784,-0.1859,0.4583,0.1626,-0.7153,-0.2878,-0.2712,0.0,0.0,-0.274,0.0,-0.4473,-0.811,0.3354,-0.2634,1.0,-0.5,-0.5,0.3306,-0.6235,-0.616,0.0,1.0,0.0,0.0,0.0,-0.3386,0.081372,,,
-0.707,-0.2773,-0.179,-0.02144,-0.1809,-1.143,-0.577,0.0,1.0,0.142,0.2327,-0.589,0.0,1.19,-0.4678,-0.0862,-0.2385,-0.3235,-0.5884,0.0541,-0.1927,-0.4783,0.4583,0.1626,-0.2869,-0.2717,0.0,0.0,-0.2766,0.0,-0.4458,-0.811,0.3362,0.02606,1.0,0.0,-0.5,0.2742,-0.566,-0.5474,1.0,0.0,0.0,0.0,0.0,0.034,-0.2477559999999999,,,
-0.686,-0.3455,-0.2052,-0.0331,0.504,-1.143,-0.5693,0.0,1.0,0.172,0.26,-0.5923,0.0,1.191,-0.4954,-0.0711,-0.2042,-0.3977,-0.59,-0.2694,-0.1946,0.05396,-0.4783,0.4583,-0.288,-0.2725,0.0,0.0,-0.279,0.0,-0.453,-0.8643,0.371,-0.1345,1.0,0.0,-0.5,0.3638,-0.644,-0.6196,0.0,1.0,0.0,0.0,0.0,-0.1752,-0.3387284,,,
-0.6455,-0.5103,-0.256,-0.04874,0.8,-1.143,-0.5693,0.0,0.0,0.2313,0.3147,-0.598,0.0,1.191,-0.726,-0.06238,-0.1674,-0.555,-0.5923,-0.5159,-0.1929,-0.2693,0.05396,-0.4783,-0.2922,-0.2742,0.0,0.0,-0.2825,0.0,-0.4663,-1.065,0.5083,-0.3162,0.0,0.0,-1.0,0.533,-0.841,-0.785,0.0,2.0,0.0,1.0,-3.42,-0.415,-0.0548707999999999,,,
-0.672,-0.56,-0.279,-0.06134,0.258,-1.143,-0.5693,0.0,0.0,0.2554,0.3438,-0.601,0.0,1.192,-0.582,-0.05884,-0.133,-0.589,-0.594,-0.2484,-0.2249,-0.516,-0.2693,0.05396,-0.2947,-0.276,0.0,0.0,-0.2866,0.0,-0.4727,-0.957,0.4285,-0.1299,-1.0,0.0,-1.0,0.5723,-0.9067,-0.867,0.0,3.0,0.0,0.0,0.0,-0.1733,0.2762880000000001,,,
-0.695,-0.3232,-0.235,-0.06775,-0.3953,-1.143,-0.5693,0.0,0.0,0.204,0.2944,-0.596,0.0,1.192,-0.6943,-0.06024,-0.1077,-0.3447,-0.5957,0.4175999999999999,-0.2676,-0.2485,-0.516,-0.2693,-0.2966,-0.2776,0.0,0.0,-0.29,0.0,-0.462,-0.5854,0.1678,0.1765,0.0,0.0,-0.5,0.3606,-0.6465,-0.6465,1.0,0.0,0.0,0.0,0.0,0.2374,0.4247119999999998,,,
-0.661,0.0823,-0.1495,-0.0686,-1.657,-1.0,-0.561,1.0,1.0,0.11456,0.1968,-0.587,0.0,1.193,-0.03476,-0.0705,-0.09265,0.0676,-0.596,0.8240999999999999,-0.2896,0.4175,-0.2485,-0.516,-0.2974,-0.2788,0.0,0.0,-0.2917,0.0,-0.441,-0.1864,-0.1076,0.477,0.0,0.0,0.0,0.013466,-0.2441,-0.1458,2.0,0.0,0.0,0.0,0.0,0.634,0.2014683999999999,,,
-0.687,0.185,-0.1236,-0.06464,0.8047,-0.857,-0.5527,1.0,1.0,0.08545,0.171,-0.584,0.0,1.193,-0.6787,-0.0902,-0.08875,0.1744,-0.5957,0.2412,-0.3176,0.824,0.4175,-0.2485,-0.296,-0.2803,0.0,0.0,-0.293,0.0,-0.4346,0.08575,-0.299,0.1289,1.0,0.5,0.5,-0.08624,-0.1455,0.05692,3.0,0.0,0.0,0.0,0.0,0.1669,-0.010664,,,
-0.7134,0.1092,-0.1344,-0.05954,-0.1709,-0.7144,-0.545,1.0,1.0,0.0946,0.1848,-0.585,0.0,1.194,-0.7773,-0.11597,-0.0963,0.10284,-0.595,-0.1062,-0.3481,0.241,0.824,0.4175,-0.295,-0.2817,0.0,0.0,-0.2944,0.0,-0.4373,0.169,-0.3596,-0.0449,1.0,0.0,0.5,-0.05356,-0.2169,0.04385,0.0,1.0,0.0,0.0,0.0,-0.0577,-0.2723440000000001,,,
-0.7144,-0.0568,-0.1703,-0.0599,-0.798,-0.5713,-0.5366,1.0,1.0,0.1322,0.2238,-0.5894,0.0,1.194,-0.535,-0.1489,-0.11383,-0.0689,-0.595,-0.3466,-0.3967,-0.1063,0.241,0.824,-0.2942,-0.2837,0.0,0.0,-0.2961,0.0,-0.4465,-0.1617,-0.1277,-0.1859,1.0,-0.5,0.0,0.0861,-0.3694,-0.1707,0.0,2.0,0.0,0.0,0.0,-0.2396,0.0987304,,,
-0.7515,-0.0983,-0.1836,-0.0644,-1.676,-0.5713,-0.5283,0.0,1.0,0.1436,0.2416,-0.591,0.0,1.195,-0.8384,-0.1892,-0.1377,-0.1153,-0.5957,-0.1348,-0.418,-0.3467,-0.1063,0.241,-0.2922,-0.2856,0.0,0.0,-0.2974,0.0,-0.45,-0.4016,0.04205,-0.0669,0.0,-0.5,-0.5,0.10046,-0.4475,-0.2615,0.0,3.0,0.0,1.0,-2.072,-0.08716,-0.5988208,,,
-0.725,-0.4438,-0.261,-0.0681,18.77,-0.5713,-0.5283,0.0,0.0,0.2306,0.327,-0.6,0.0,1.195,-0.166,-0.235,-0.1628,-0.4553,-0.596,-0.7582,-0.4087,-0.1348,-0.3467,-0.1063,-0.292,-0.2878,0.0,0.0,-0.299,0.0,-0.4697,-0.4116,0.04056,-0.4338,-1.0,-1.0,-0.5,0.4287,-0.7275,-0.9585,0.0,4.0,0.0,0.0,0.0,-0.568,-0.0206464,,,
-0.6826,-0.7227,-0.3296,-0.07764,0.9546,-0.5713,-0.5283,0.0,0.0,0.3127,0.4045,-0.608,0.0,1.195,-0.2847,-0.2725,-0.1866,-0.7266,-0.5977,-0.6933,-0.3733,-0.758,-0.1348,-0.3467,-0.295,-0.2905,0.0,0.0,-0.3013,0.0,-0.4873,-0.7124,0.2474,-0.4573,-2.0,-1.0,-1.0,0.6895,-0.975,-1.282,0.0,5.0,0.0,1.0,-4.57,-0.6133,-0.0957568,,,
-0.7036,-0.7656,-0.3525,-0.09186,0.2057,-0.5713,-0.5283,0.0,0.0,0.3384,0.4346,-0.611,0.0,1.196,-0.7437,-0.2957,-0.2052,-0.7637,-0.6,-0.255,-0.3315,-0.6934,-0.758,-0.1348,-0.301,-0.2935,0.0,0.0,-0.3032,0.0,-0.4937,-1.026,0.4685,-0.1498,-2.0,-1.0,-1.5,0.7188,-1.03,-1.221,0.0,5.0,0.0,0.0,0.0,-0.2053,0.1611064,,,
-0.693,-0.7427,-0.3584,-0.1027,0.0975,-0.5713,-0.5283,0.0,0.0,0.346,0.4407,-0.612,0.0,1.196,-0.3462,-0.2983,-0.2169,-0.7217,-0.602,-0.08565,-0.2952,-0.2551,-0.6934,-0.758,-0.3083,-0.297,0.0,0.0,-0.305,0.0,-0.4958,-0.9233,0.394,-0.05472,-2.0,-1.0,-1.5,0.687,-0.9907,-1.083,0.0,5.0,0.0,0.0,0.0,-0.0756,-0.1801587999999999,,,
-0.6772,-0.778,-0.3784,-0.11554,0.19,-0.5713,-0.5283,0.0,0.0,0.371,0.464,-0.6147,0.0,1.197,-0.3035,-0.2903,-0.2251,-0.7485,-0.604,-0.2291,-0.262,-0.0857,-0.2551,-0.6934,-0.316,-0.3005,0.0,0.0,-0.3074,0.0,-0.5015,-1.013,0.4556,-0.128,-2.0,-1.5,-2.0,0.7144,-1.023,-1.04,0.0,5.0,0.0,0.0,0.0,-0.1775,-0.1270455999999999,,,
-0.67,-0.7393,-0.3813,-0.1267,0.0742,-0.5713,-0.5283,0.0,0.0,0.3752,0.467,-0.615,0.0,1.197,-0.3745,-0.2703,-0.2307,-0.694,-0.606,-0.05764,-0.2444,-0.2291,-0.0857,-0.2551,-0.3225,-0.3032,0.0,0.0,-0.3103,0.0,-0.503,-0.9565,0.4148,-0.0426,-2.0,-1.5,-2.0,0.6455,-1.001,-0.9487,0.0,5.0,0.0,0.0,0.0,-0.05945,-0.2180016,,,
-0.6953,-0.7925,-0.4016,-0.1364,0.2194,-0.5713,-0.5283,0.0,0.0,0.3982,0.4949,-0.6177,0.0,1.198,-0.588,-0.2386,-0.2352,-0.7383,-0.6074,-0.2312,-0.2141,-0.0577,-0.2291,-0.0857,-0.3293,-0.3064,0.0,0.0,-0.3127,0.0,-0.5083,-0.8706,0.351,-0.1674,-2.0,-1.5,-2.0,0.677,-1.034,-0.9316,0.0,5.0,0.0,0.0,0.0,-0.234,-0.2324115999999999,,,
-0.693,-0.783,-0.4082,-0.1449,0.1194,-0.5713,-0.5283,0.0,0.0,0.4065,0.503,-0.6187,0.0,1.198,-0.5493,-0.2048,-0.2363,-0.737,-0.6084,-0.0873,-0.1908,-0.2312,-0.0577,-0.2291,-0.334,-0.3093,0.0,0.0,-0.3154,0.0,-0.5107,-0.819,0.3132,-0.03574,-2.0,-1.5,-2.0,0.6284,-1.019,-0.8643,0.0,5.0,0.0,0.0,0.0,-0.0503,-0.2219023999999999,,,
-0.666,-0.8975,-0.4458,-0.1592,0.3074,-0.5713,-0.5283,0.0,0.0,0.4556,0.5493,-0.6235,0.0,1.199,-0.3171,-0.1681,-0.2319,-0.86,-0.6104,-0.4089,-0.1729,-0.08734,-0.2312,-0.0577,-0.338,-0.3125,0.0,0.0,-0.319,0.0,-0.5205,-1.215,0.5913,-0.2362,-2.0,-1.5,-2.0,0.713,-1.155,-0.9253,0.0,5.0,0.0,0.0,0.0,-0.3335,-0.3154783999999997,,,
-0.689,-0.985,-0.4863,-0.1821,0.248,-0.7144,-0.5283,0.0,0.0,0.5054,0.6045,-0.628,0.0,1.199,-0.304,-0.1247,-0.217,-0.96,-0.613,-0.4437,-0.1398,-0.4087,-0.08734,-0.2312,-0.3423,-0.3157,0.0,0.0,-0.3225,0.0,-0.531,-1.473,1.147,-0.2434,-2.0,-1.5,-2.0,0.836,-1.265,-0.9644,0.0,5.0,0.0,0.0,0.0,-0.3481,0.0162687999999999,,,
-0.6455,-1.091,-0.535,-0.2106,0.2583,-0.857,-0.5283,0.0,0.0,0.5737,0.6675,-0.634,0.0,1.2,-0.2495,-0.0747,-0.1927,-1.073,-0.616,-0.5399,-0.10156,-0.4436,-0.4087,-0.08734,-0.348,-0.3188,0.0,0.0,-0.3267,0.0,-0.5435,-1.473,1.333,-0.3477,-2.0,-1.5,-2.0,1.004,-1.394,-1.009,0.0,5.0,0.0,0.0,0.0,-0.5044,0.0146279999999999,,,
-0.5786,-1.106,-0.567,-0.2402,0.1499,-1.0,-0.5283,0.0,0.0,0.622,0.7065,-0.6377,0.0,1.2,-0.005127,-0.02414,-0.1598,-1.104,-0.6196,-0.3661,-0.0595,-0.54,-0.4436,-0.4087,-0.354,-0.322,0.0,0.0,-0.3306,0.0,-0.5522,-1.473,1.329,-0.261,-2.0,-1.5,-2.0,1.0625,-1.454,-0.9834,0.0,5.0,0.0,0.0,0.0,-0.385,0.6565743999999999,,,
-0.5713,-0.566,-0.4807,-0.263,-0.4302,-1.143,-0.5283,0.0,0.0,0.508,0.5874,-0.628,0.0,1.201,-0.00236,0.02202,-0.11884,-0.5566,-0.6226,0.9264,-0.04465,-0.366,-0.54,-0.4436,-0.3572,-0.3245,0.0,0.0,-0.3335,0.0,-0.531,-1.473,0.8213,0.6826,-1.0,-1.5,-2.0,0.6094,-0.893,-0.646,1.0,0.0,0.0,0.0,0.0,1.019,-0.0487252,,,
-0.4866,-0.612,-0.5137,-0.2866,0.2349,-1.143,-0.5283,0.0,0.0,0.5576,0.625,-0.632,0.0,1.201,0.2025,0.05942,-0.0746,-0.6177,-0.6255,-0.3599,-0.0241,0.926,-0.366,-0.54,-0.3608,-0.327,0.0,0.0,-0.3362,0.0,-0.5396,-1.473,0.837,-0.2361,-1.0,-1.5,-2.0,0.6787,-1.015,-0.6895,0.0,1.0,0.0,0.0,0.0,-0.3423,0.2817407999999999,,,
-0.5005,-0.3389,-0.476,-0.3032,-0.4165,-1.143,-0.5283,0.0,0.0,0.5073,0.575,-0.628,0.0,1.201,-0.07886,0.0846,-0.032,-0.3389,-0.6274,0.3946,-0.022,-0.3599,0.926,-0.366,-0.3633,-0.3293,0.0,0.0,-0.339,0.0,-0.5303,-1.182,0.563,0.2834,0.0,-1.5,-2.0,0.4307,-0.7905,-0.532,1.0,0.0,0.0,0.0,0.0,0.4155,-0.2609107999999999,,,
-0.426,-0.6675,-0.557,-0.3193,1.498,-1.143,-0.5283,0.0,0.0,0.621,0.68,-0.637,0.0,1.202,0.4573,0.1041,0.008095,-0.6504,-0.63,-0.8689,-0.02948,0.3943,-0.3599,0.926,-0.3667,-0.3328,0.0,0.0,-0.3435,0.0,-0.551,-1.206,0.572,-0.8066,0.0,-1.5,-2.0,0.7837,-1.095,-0.7246,0.0,1.0,0.0,0.0,0.0,-1.169,0.22224,,,
-0.4197,-0.3696,-0.5107,-0.3313,-0.41,-1.143,-0.5283,0.0,0.0,0.559,0.615,-0.632,0.0,1.202,-0.3696,0.11346,0.0382,-0.3674,-0.631,0.4931,-0.0688,-0.869,0.3943,-0.3599,-0.3677,-0.3352,0.0,0.0,-0.348,0.0,-0.539,-0.8667,0.3345,0.2144,1.0,-1.0,-2.0,0.5234,-0.777,-0.549,1.0,0.0,0.0,0.0,0.0,0.319,0.3276039999999999,,,
-0.4446,-0.0751,-0.4612,-0.3389,-0.9585,-1.0,-0.5283,1.0,0.0,0.4927,0.551,-0.6265,0.0,1.203,-0.496,0.1125,0.05673,-0.08057,-0.632,0.5161,-0.126,0.493,-0.869,0.3943,-0.366,-0.3374,0.0,0.0,-0.3518,0.0,-0.5273,-0.591,0.1431,0.3008,1.0,-0.5,-1.5,0.2778,-0.4893,-0.3538,2.0,0.0,0.0,0.0,0.0,0.441,-0.2464,,,
-0.4136,-0.3767,-0.531,-0.3494,-14.766,-1.0,-0.5283,0.0,0.0,0.5864,0.642,-0.635,0.0,1.203,-0.3628,0.104,0.0658,-0.39,-0.6333,-0.7465,-0.1736,0.5156,0.493,-0.869,-0.365,-0.3406,0.0,0.0,-0.3557,0.0,-0.545,-0.724,0.2303,-0.6455,1.0,-0.5,-1.5,0.5996,-0.7485,-0.5957,0.0,1.0,0.0,0.0,0.0,-0.9316,-0.2562504,,,
-0.411,-0.4932,-0.566,-0.3618,0.5537,-1.0,-0.5283,0.0,0.0,0.634,0.691,-0.638,0.0,1.204,-0.4685,0.095,0.07007,-0.4883,-0.6353,-0.3974,-0.2264,-0.746,0.5156,0.493,-0.3677,-0.3435,0.0,0.0,-0.36,0.0,-0.554,-0.8,0.2803,-0.3728,0.0,-0.5,-1.5,0.723,-0.858,-0.7437,0.0,2.0,0.0,0.0,0.0,-0.551,-0.7827497600000002,,,
-0.315,-0.8677,-0.6553,-0.3787,1.105,-1.0,-0.5283,0.0,0.0,0.7676,0.813,-0.638,0.0,1.204,-0.04202,0.0881,0.07306,-0.823,-0.638,-0.9906,-0.2305,-0.3975,-0.746,0.5156,-0.372,-0.3472,0.0,0.0,-0.3645,0.0,-0.556,-0.9414,0.3713,-1.208,0.0,-0.5,-1.5,1.137,-1.185,-1.088,0.0,3.0,0.0,0.0,0.0,-1.808,0.2786202,,,
-0.3328,-0.6475,-0.6274,-0.3933,-0.166,-1.0,-0.5283,0.0,0.0,0.7266,0.7734,-0.638,0.0,1.205,-0.5703,0.06537,0.0707,-0.628,-0.6396,0.2877,-0.2312,-0.99,-0.3975,-0.746,-0.377,-0.3506,0.0,0.0,-0.3682,0.0,-0.556,-0.819,0.2869,0.179,0.0,0.0,-1.0,0.91,-0.9624,-0.884,1.0,0.0,0.0,0.0,0.0,0.2764,0.5551559999999999,,,
-0.3533,-0.3093,-0.5723,-0.4026,-0.505,-1.0,-0.5283,0.0,0.0,0.6475,0.6953,-0.638,0.0,1.205,-0.2311,0.02931,0.0651,-0.2905,-0.6406,0.6017,-0.247,0.2874,-0.99,-0.3975,-0.3777,-0.353,0.0,0.0,-0.3706,0.0,-0.556,-0.5293,0.08594,0.4138,0.0,0.0,-0.5,0.5894,-0.6147,-0.579,2.0,0.0,0.0,0.0,0.0,0.6333,0.3701719999999999,,,
-0.3564,0.2311,-0.4692,-0.4026,-2.4,-0.857,-0.5283,1.0,0.0,0.5103,0.5547,-0.6284,0.0,1.206,-0.19,-0.01822,0.0531,0.2524,-0.6406,1.1191,-0.2744,0.6016,0.2874,-0.99,-0.3767,-0.3547,0.0,0.0,-0.3723,0.0,-0.5312,-0.10223,-0.2076,0.7754,1.0,0.5,0.0,0.1213,-0.0738,-0.01252,3.0,0.0,1.0,0.0,5.863,1.165,-0.1057016,,,
-0.3608,0.1571,-0.4805,-0.3997,-0.1199,-0.7144,-0.5283,1.0,0.0,0.5244,0.57,-0.63,0.0,1.206,-0.3752,-0.0694,0.03375,0.1805,-0.6406,-0.12,-0.2986,1.118,0.6016,0.2874,-0.3774,-0.3567,0.0,0.0,-0.3735,0.0,-0.534,0.01133,-0.2898,-0.0922,1.0,0.0,0.0,0.1588,-0.1376,-0.03217,0.0,1.0,0.0,0.0,0.0,-0.1339,0.3781768,,,
-0.402,0.3376,-0.4368,-0.3909,0.943,-0.5713,-0.5283,1.0,0.0,0.465,0.5156,-0.625,0.0,1.207,-0.35,-0.11993,0.00813,0.3855,-0.6406,0.4522,-0.3208,-0.12006,1.118,0.6016,-0.375,-0.3591,0.0,0.0,-0.3745,0.0,-0.5234,0.2275,-0.4395,0.2345,2.0,0.5,0.5,-0.04736,0.02689,0.2805,1.0,0.0,0.0,0.0,0.0,0.3418,-0.4084999999999999,,,
-0.3857,0.0915,-0.4841,-0.391,-0.4946,-0.4285,-0.5283,1.0,0.0,0.5273,0.5767,-0.6304,0.0,1.207,-0.0321,-0.1667,-0.02438,0.1292,-0.6406,-0.5053,-0.3425,0.452,-0.12006,1.118,-0.3728,-0.3618,0.0,0.0,-0.3757,0.0,-0.5356,-0.1537,-0.1727,-0.2632,1.0,0.0,0.0,0.178,-0.1898,0.0118,0.0,1.0,0.0,0.0,0.0,-0.378,0.0126143999999999,,,
-0.4456,0.418,-0.4155,-0.3855,2.152,-0.2856,-0.5283,1.0,0.0,0.4355,0.492,-0.6226,0.0,1.207,-0.2446,-0.2124,-0.06744,0.4634,-0.64,0.7251,-0.353,-0.505,0.452,-0.12006,-0.3662,-0.3643,0.0,0.0,-0.376,0.0,-0.5186,0.1398,-0.3748,0.4255,1.0,0.0,0.5,-0.0995,0.13,0.537,1.0,0.0,0.0,0.0,0.0,0.621,-0.070014,,,
-0.4648,0.3037,-0.4353,-0.3833,-0.11096,-0.1428,-0.5283,1.0,0.0,0.4583,0.519,-0.625,0.0,1.208,-0.4248,-0.2566,-0.11835,0.3467,-0.6396,-0.2067,-0.3562,0.7246,-0.505,0.452,-0.3606,-0.3665,0.0,0.0,-0.3762,0.0,-0.5234,-0.02013,-0.2627,-0.11523,0.0,0.0,0.0,-0.02925,-0.01224,0.4016,0.0,1.0,0.0,0.0,0.0,-0.1646,-0.009044,,,
-0.5415,0.29,-0.4287,-0.3745,0.09515,0.0,-0.5283,1.0,0.0,0.444,0.5166,-0.6245,0.0,1.208,-0.538,-0.2942,-0.1727,0.3467,-0.639,0.05955,-0.3503,-0.2067,0.7246,-0.505,-0.3567,-0.3684,0.0,0.0,-0.3757,0.0,-0.522,0.274,-0.472,0.03555,1.0,0.5,0.5,-0.06287,-0.02214,0.418,1.0,0.0,0.0,0.0,0.0,0.0511,0.2692789199999999,,,
-0.5327,0.5522,-0.3682,-0.365,0.888,0.1428,-0.5283,1.0,0.0,0.3704,0.4395,-0.6177,0.0,1.209,0.03342,-0.333,-0.2252,0.607,-0.638,0.6231,-0.3271,0.05942,-0.2067,0.7246,-0.3538,-0.3694,0.0,0.0,-0.3743,0.0,-0.5073,0.3113,-0.4922,0.5273,1.0,1.0,0.5,-0.288,0.2225,0.7207,2.0,0.0,0.0,0.0,0.0,0.7563,0.1056987999999999,,,
-0.557,0.535,-0.3647,-0.359,0.10455,0.1428,-0.5283,1.0,0.0,0.3645,0.4373,-0.617,0.0,1.209,-0.6987,-0.3733,-0.2725,0.6,-0.6377,0.0292,-0.3115,0.623,0.05942,-0.2067,-0.3506,-0.37,0.0,0.0,-0.3723,0.0,-0.5063,0.1857,-0.402,0.015205,2.0,1.0,0.5,-0.301,0.16,0.634,3.0,0.0,0.0,0.0,0.0,0.0214,0.4914359999999999,,,
-0.5796,0.721,-0.3135,-0.3447,0.456,0.2856,-0.5283,1.0,0.0,0.302,0.3767,-0.6113,0.0,1.21,-0.348,-0.4065,-0.3137,0.8125,-0.6367,0.5235,-0.2786,0.0291,0.623,0.05942,-0.3472,-0.37,0.0,0.0,-0.3708,0.0,-0.4937,0.6235,-0.709,0.2803,2.0,1.0,1.0,-0.4639,0.3428,0.799,4.0,0.0,0.0,0.0,0.0,0.3938,0.929404,,,
-0.554,1.128,-0.2085,-0.3215,0.674,0.4285,-0.5205,1.0,1.0,0.1862,0.253,-0.599,0.0,1.21,-0.5156,-0.375,-0.3445,1.165,-0.633,1.0591,-0.2092,0.523,0.0291,0.623,-0.339,-0.3694,0.0,0.0,-0.368,0.0,-0.4675,1.001,-0.9673,1.138,3.0,1.0,1.5,-0.8057,0.71,1.047,5.0,0.0,1.0,0.0,5.0,1.574,-0.3946768,,,
-0.458,0.4482,-0.3179,-0.2993,-0.4673,0.5713,-0.5205,1.0,0.0,0.3171,0.372,-0.612,0.0,1.211,0.8047,-0.287,-0.3486,0.4097,-0.6284,-1.0529,-0.1908,1.058,0.523,0.0291,-0.3364,-0.3691,0.0,0.0,-0.3665,0.0,-0.4944,0.9224,-0.9224,-0.928,2.0,1.0,1.5,-0.2754,0.2438,0.4895,0.0,1.0,0.0,0.0,0.0,-1.242,0.2803952,,,
-0.4624,0.4277,-0.298,-0.277,0.0922,0.7144,-0.5205,1.0,0.0,0.2937,0.3489,-0.6094,0.0,1.211,-0.603,-0.2014,-0.3245,0.3704,-0.625,0.2004999999999999,-0.1781,-1.052,1.058,0.523,-0.3323,-0.3687,0.0,0.0,-0.364,0.0,-0.4895,0.9126,-0.9136,0.2208,2.0,1.0,1.5,-0.3367,0.269,0.5034,1.0,0.0,0.0,0.0,0.0,0.3057,-0.5121016,,,
-0.4075,-0.07007,-0.384,-0.2644,-0.9116,0.857,-0.5205,1.0,0.0,0.3997,0.449,-0.619,0.0,1.212,-0.4016,-0.1332,-0.2893,-0.1353,-0.6235,-0.8534,-0.178,0.2003,-1.052,1.058,-0.331,-0.369,0.0,0.0,-0.3628,0.0,-0.5107,0.4553,-0.5967,-0.554,1.0,1.0,1.0,0.03415,-0.1351,0.1181,0.0,1.0,0.0,1.0,-3.357,-0.762,0.0613991999999999,,,
-0.48,-0.0334,-0.37,-0.258,3.621,0.857,-0.5205,1.0,0.0,0.3772,0.4375,-0.6177,0.0,1.212,-0.698,-0.0833,-0.253,-0.109,-0.6226,0.1462999999999999,-0.1742,-0.8535,0.2003,-1.052,-0.331,-0.3687,0.0,0.0,-0.3618,0.0,-0.507,0.2325,-0.436,0.0781,1.0,1.0,1.0,-0.0203,-0.07574,0.1589,1.0,0.0,0.0,0.0,0.0,0.11035,0.2590112,,,
-0.5,0.1128,-0.3306,-0.248,3.393,0.857,-0.5205,1.0,0.0,0.3284,0.3906,-0.613,0.0,1.213,-0.4883,-0.0457,-0.216,0.04044,-0.621,0.4075999999999999,-0.1727,0.1461,-0.8535,0.2003,-0.33,-0.3682,0.0,0.0,-0.3599,0.0,-0.497,0.3845,-0.54,0.1516,1.0,1.5,1.5,-0.1747,0.0805,0.2844,2.0,0.0,0.0,0.0,0.0,0.2133,-0.02436,,,
-0.505,0.02213,-0.342,-0.2417,-0.3657,0.857,-0.5205,1.0,0.0,0.3416,0.405,-0.6143,0.0,1.213,-0.558,-0.02148,-0.1823,-0.04282,-0.6206,-0.1148,-0.1837,0.4072,0.1461,-0.8535,-0.3308,-0.3672,0.0,0.0,-0.3577,0.0,-0.5,0.2242,-0.427,-0.05542,1.0,1.0,1.0,-0.1261,-0.010666,0.2002,0.0,1.0,0.0,0.0,0.0,-0.07697,0.6218920000000001,,,
-0.5225,0.443,-0.2394,-0.225,4.48,0.857,-0.5205,1.0,0.0,0.2225,0.2852,-0.6025,0.0,1.213,-0.5093,-0.006706,-0.1523,0.4026,-0.619,1.0381,-0.2133,-0.1149,0.4072,0.1461,-0.3315,-0.3655,0.0,0.0,-0.3535,0.0,-0.4746,0.6714,-0.735,0.548,1.0,1.0,1.5,-0.492,0.404,0.6045,1.0,0.0,1.0,0.0,4.85,0.764,-0.2935907999999999,,,
-0.5146,0.157,-0.2874,-0.2156,-0.4497,0.857,-0.5205,1.0,0.0,0.2773,0.3403,-0.608,0.0,1.214,-0.3914,-0.001854,-0.1282,0.1192,-0.618,-0.4748,-0.2605,1.038,-0.1149,0.4072,-0.3306,-0.3635,0.0,0.0,-0.35,0.0,-0.4866,0.318,-0.488,-0.2017,1.0,0.5,1.0,-0.2411,0.1714,0.3635,0.0,1.0,0.0,0.0,0.0,-0.2722,0.3679812,,,
-0.5273,0.351,-0.2329,-0.2013,1.004,0.857,-0.5205,1.0,0.0,0.2151,0.2783,-0.602,0.0,1.214,-0.4055,-0.01014,-0.1116,0.3442,-0.617,0.5387,-0.285,-0.4746,1.038,-0.1149,-0.3286,-0.362,0.0,0.0,-0.3467,0.0,-0.4731,0.5254,-0.63,0.11395,1.0,0.5,1.5,-0.3965,0.3806,0.616,1.0,0.0,0.0,0.0,0.0,0.1561,-0.34947424,,,
-0.4988,0.08624,-0.276,-0.1908,-0.521,0.857,-0.5205,1.0,0.0,0.2656,0.3257,-0.607,0.0,1.215,-0.3945,-0.02805,-0.0989,0.0791,-0.616,-0.4181,-0.292,0.5386,-0.4746,1.038,-0.3257,-0.3604,0.0,0.0,-0.3447,0.0,-0.4836,0.3535,-0.512,-0.2379,0.0,0.0,1.0,-0.1951,0.1526,0.3271,0.0,1.0,0.0,0.0,0.0,-0.3206,-0.4710980000000001,,,
-0.4678,-0.3096,-0.356,-0.1897,-2.39,0.7144,-0.5205,0.0,0.0,0.361,0.419,-0.6157,0.0,1.215,-0.1544,-0.0574,-0.09125,-0.3398,-0.615,-0.7909,-0.313,-0.4182,0.5386,-0.4746,-0.3252,-0.3596,0.0,0.0,-0.3433,0.0,-0.5034,-0.0541,-0.2299,-0.4739,0.0,0.0,0.5,0.1893,-0.1626,-0.1819,0.0,2.0,0.0,0.0,0.0,-0.647,-0.0240319999999999,,,
-0.4558,-0.3525,-0.3647,-0.1897,0.334,0.5713,-0.5205,0.0,0.0,0.3726,0.4287,-0.6167,0.0,1.216,-0.5894,-0.11005,-0.0906,-0.3862,-0.615,-0.0868,-0.3237,-0.791,-0.4182,0.5386,-0.3262,-0.3584,0.0,0.0,-0.3425,0.0,-0.5054,-0.0865,-0.2076,-0.03894,-1.0,-0.5,0.0,0.1967,-0.2157,-0.2644,0.0,3.0,0.0,0.0,0.0,-0.05453,0.1584001599999999,,,
-0.3157,-0.7266,-0.451,-0.1995,1.606,0.4285,-0.5205,0.0,0.0,0.49,0.527,-0.6265,0.0,1.216,0.7427,-0.1956,-0.10315,-0.7197,-0.617,-0.8715,-0.3354,-0.08685,-0.791,-0.4182,-0.3293,-0.3582,0.0,0.0,-0.3423,0.0,-0.527,-0.4556,0.04636,-0.9175,-1.0,-0.5,-0.5,0.5405,-0.5903,-0.8726,0.0,4.0,0.0,0.0,0.0,-1.288,-0.112846,,,
-0.3623,-0.829,-0.491,-0.2189,0.3035,0.2856,-0.5205,0.0,0.0,0.5376,0.584,-0.631,0.0,1.217,-0.524,-0.2766,-0.1265,-0.8096,-0.6196,-0.4181,-0.3135,-0.871,-0.08685,-0.791,-0.3367,-0.3584,0.0,0.0,-0.343,0.0,-0.5366,-0.9136,0.3691,-0.2024,-2.0,-1.0,-1.0,0.638,-0.7656,-1.039,0.0,5.0,0.0,0.0,0.0,-0.292,0.2509084,,,
-0.428,-1.035,-0.548,-0.2346,0.428,0.1428,-0.5205,0.0,0.0,0.6084,0.6675,-0.6377,0.0,1.217,-0.394,-0.3223,-0.1586,-0.98,-0.6226,-0.6049,-0.2744,-0.418,-0.871,-0.08685,-0.344,-0.3586,0.0,0.0,-0.3442,0.0,-0.551,-0.813,0.291,-0.3806,-2.0,-1.5,-1.0,0.862,-0.9517,-1.208,0.0,5.0,0.0,0.0,0.0,-0.5566,0.1682868,,,
-0.4434,-0.806,-0.516,-0.2493,-0.1233,0.0,-0.5205,0.0,0.0,0.5645,0.6245,-0.634,0.0,1.218,-0.5947,-0.3274,-0.1956,-0.732,-0.6245,0.3394999999999999,-0.252,-0.605,-0.418,-0.871,-0.3523,-0.3582,0.0,0.0,-0.345,0.0,-0.543,-0.766,0.2607,0.153,-1.0,-1.0,-1.0,0.6177,-0.757,-0.9497,1.0,0.0,0.0,0.0,0.0,0.228,-0.0243064,,,
-0.4846,-0.8945,-0.5444,-0.26,0.2637,-0.1428,-0.5205,0.0,0.0,0.599,0.667,-0.637,0.0,1.218,-0.5884,-0.3103,-0.2336,-0.8296,-0.6255,-0.3051,-0.2173,0.339,-0.605,-0.418,-0.36,-0.3574,0.0,0.0,-0.347,0.0,-0.55,-0.6333,0.1628,-0.1054,-1.0,-1.5,-1.0,0.7017,-0.824,-0.9634,0.0,1.0,0.0,0.0,0.0,-0.1554,0.06974,,,
-0.464,-0.822,-0.5415,-0.2715,0.03796,-0.2856,-0.5205,0.0,0.0,0.596,0.661,-0.6367,0.0,1.219,-0.3955,-0.2793,-0.2751,-0.7573,-0.627,0.03092,-0.1892,-0.3052,0.339,-0.605,-0.3655,-0.357,0.0,0.0,-0.3486,0.0,-0.5493,-0.682,0.198,0.01407,0.0,-1.0,-1.0,0.609,-0.768,-0.853,1.0,0.0,0.0,0.0,0.0,0.02095,0.619756,,,
-0.4531,-0.3608,-0.459,-0.2808,-0.532,-0.4285,-0.5205,0.0,0.0,0.489,0.549,-0.6274,0.0,1.219,0.07056,-0.2432,-0.3154,-0.2974,-0.628,0.8926999999999999,-0.1859,0.0308,-0.3052,0.339,-0.3682,-0.3562,0.0,0.0,-0.35,0.0,-0.529,-0.5073,0.08234,0.4326,1.0,-1.0,-1.0,0.2318,-0.2944,-0.4607,2.0,0.0,0.0,0.0,0.0,0.644,0.1922039999999999,,,
-0.4375,-0.2925,-0.4543,-0.2898,-0.1278,-0.5713,-0.5205,0.0,0.0,0.4846,0.5415,-0.627,0.0,1.219,-0.2324,-0.209,-0.3337,-0.2352,-0.629,0.06,-0.2089,0.8926,0.0308,-0.3052,-0.3682,-0.3562,0.0,0.0,-0.3525,0.0,-0.5273,-0.4553,0.04584,0.03445,2.0,-0.5,-0.5,0.1428,-0.3093,-0.4004,3.0,0.0,0.0,0.0,0.0,0.04987,-0.1609584,,,
-0.4497,-0.4722,-0.509,-0.3086,1.042,-0.7144,-0.5205,0.0,0.0,0.554,0.615,-0.633,0.0,1.22,-0.2141,-0.1709,-0.3232,-0.4243,-0.631,-0.5679,-0.2025,0.05988,0.8926,0.0308,-0.3687,-0.3562,0.0,0.0,-0.3545,0.0,-0.5405,-1.031,0.4514,-0.297,1.0,-0.5,-1.0,0.3687,-0.537,-0.5967,0.0,1.0,0.0,0.0,0.0,-0.4292,0.0743551999999999,,,
-0.42,-0.421,-0.5146,-0.3242,-0.006332,-0.857,-0.5205,0.0,0.0,0.564,0.6206,-0.634,0.0,1.22,0.0178,-0.1354,-0.2986,-0.3784,-0.6323,-0.0607799999999999,-0.202,-0.568,0.05988,0.8926,-0.3677,-0.357,0.0,0.0,-0.3567,0.0,-0.542,-0.9404,0.3855,-0.02905,1.0,-0.5,-1.0,0.3367,-0.557,-0.5737,0.0,2.0,0.0,0.0,0.0,-0.04272,-0.219084,,,
-0.4075,-0.4707,-0.5454,-0.3452,0.2898,-1.0,-0.5205,0.0,0.0,0.6064,0.662,-0.637,0.0,1.221,-0.3174,-0.1093,-0.2705,-0.4844,-0.634,-0.3353,-0.1876,-0.06085,-0.568,0.05988,-0.3687,-0.3572,0.0,0.0,-0.3584,0.0,-0.55,-1.31,0.6455,-0.151,0.0,-0.5,-1.5,0.4387,-0.6753,-0.658,0.0,3.0,0.0,0.0,0.0,-0.2225,0.2713460000000001,,,
-0.4055,-0.2502,-0.5195,-0.3616,-0.4717,-1.143,-0.5205,0.0,0.0,0.572,0.626,-0.6343,0.0,1.221,-0.1718,-0.09326,-0.2386,-0.2651,-0.6357,0.2774,-0.1819,-0.3352,-0.06085,-0.568,-0.368,-0.358,0.0,0.0,-0.3599,0.0,-0.5435,-1.072,0.479,0.1812,0.0,0.0,-1.0,0.256,-0.5444,-0.5093,1.0,0.0,0.0,0.0,0.0,0.2698,0.379032,,,
-0.4368,0.04358,-0.4702,-0.369,-1.726,-1.0,-0.5205,1.0,0.0,0.505,0.5625,-0.629,0.0,1.222,-0.189,-0.0963,-0.2094,0.03195,-0.6367,0.5196,-0.1888,0.277,-0.3352,-0.06085,-0.3657,-0.3582,0.0,0.0,-0.3613,0.0,-0.5312,-0.583,0.1351,0.2605,0.0,0.5,-0.5,0.0432,-0.2754,-0.276,2.0,0.0,0.0,0.0,0.0,0.3848,0.4191700000000001,,,
-0.4207,0.441,-0.3958,-0.371,3.533,-0.857,-0.5205,1.0,0.0,0.413,0.4648,-0.6206,0.0,1.222,-0.02975,-0.1233,-0.186,0.4275,-0.637,0.7817999999999999,-0.1952,0.519,0.277,-0.3352,-0.364,-0.358,0.0,0.0,-0.3618,0.0,-0.513,-0.2135,-0.1205,0.3765,1.0,0.5,0.0,-0.2725,0.04208,0.05988,3.0,0.0,0.0,0.0,0.0,0.547,-0.0537383999999999,,,
-0.5244,0.3103,-0.4182,-0.3682,-0.1338,-0.7144,-0.5205,1.0,0.0,0.4321,0.502,-0.623,0.0,1.223,-0.3923,-0.1595,-0.1714,0.3008,-0.6367,-0.2346,-0.2328,0.7812,0.519,0.277,-0.363,-0.3584,0.0,0.0,-0.3638,0.0,-0.5186,0.03906,-0.3032,-0.137,1.0,0.5,0.0,-0.164,-0.0913,0.011,0.0,1.0,0.0,0.0,0.0,-0.1942,0.214198,,,
-0.5347,0.3792,-0.3972,-0.361,0.3213,-0.5713,-0.5205,1.0,0.0,0.4055,0.4758,-0.6206,0.0,1.223,-0.619,-0.1981,-0.1664,0.3755,-0.636,0.207,-0.2566,-0.2346,0.7812,0.519,-0.3599,-0.3584,0.0,0.0,-0.365,0.0,-0.5137,0.3098,-0.4944,0.0877,2.0,0.5,0.5,-0.2505,-0.04202,0.1534,1.0,0.0,0.0,0.0,0.0,0.1254,0.1165172,,,
-0.564,0.3638,-0.3877,-0.349,0.09766,-0.4285,-0.5205,1.0,0.0,0.3916,0.4663,-0.6196,0.0,1.224,-0.5474,-0.2356,-0.1724,0.362,-0.6353,0.08823,-0.308,0.2068,-0.2346,0.7812,-0.3562,-0.3591,0.0,0.0,-0.3665,0.0,-0.5117,0.677,-0.7554,0.04102,2.0,0.5,1.0,-0.2766,-0.0403,0.305,2.0,0.0,0.0,0.0,0.0,0.05823,0.134032,,,
-0.502,0.3164,-0.387,-0.3398,0.01938,-0.2856,-0.5205,1.0,0.0,0.3958,0.4604,-0.6196,0.0,1.224,0.1521,-0.2693,-0.1907,0.312,-0.634,0.0001,-0.3477,0.0881,0.2068,-0.2346,-0.3518,-0.3604,0.0,0.0,-0.3677,0.0,-0.5117,0.57,-0.6787,0.0,1.0,0.0,0.5,-0.2698,-0.07947,0.4163,0.0,0.0,0.0,0.0,0.0,0.0,0.6626199999999999,,,
-0.486,0.6646,-0.3005,-0.3225,1.069,-0.1428,-0.5205,1.0,0.0,0.2947,0.3535,-0.61,0.0,1.225,-0.351,-0.3047,-0.2213,0.6865,-0.633,0.8791,-0.3286,0.0,0.0881,0.2068,-0.3457,-0.36,0.0,0.0,-0.3672,0.0,-0.4905,1.019,-0.9897,0.3389,1.0,0.5,1.0,-0.544,0.2979,0.9326,1.0,0.0,0.0,0.0,0.0,0.4797,0.2166676,,,
-0.4834,0.655,-0.283,-0.3047,0.1196,0.0,-0.5205,1.0,0.0,0.275,0.3328,-0.608,0.0,1.225,-0.4626,-0.3286,-0.2632,0.669,-0.6304,0.1711,-0.302,0.8784,0.0,0.0881,-0.3403,-0.36,0.0,0.0,-0.3665,0.0,-0.486,1.05,-1.011,0.09424,2.0,1.0,1.0,-0.5933,0.2776,0.9146,2.0,0.0,0.0,0.0,0.0,0.1299,1.2731520000000005,,,
-0.4692,1.377,-0.1149,-0.282,1.181,0.1428,-0.512,1.0,1.0,0.09393,0.1437,-0.589,0.0,1.225,0.2433,-0.3105,-0.2988,1.312,-0.626,1.6731,-0.1898,0.171,0.8784,0.0,-0.3323,-0.3582,0.0,0.0,-0.363,0.0,-0.4446,1.205,-1.103,1.6045,2.0,1.5,1.0,-1.074,0.9473,1.113,3.0,0.0,0.0,0.0,0.0,2.2,0.2129255999999999,,,
-0.4792,1.3125,-0.10095,-0.258,0.08594,0.2856,-0.504,1.0,1.0,0.0788,0.1298,-0.5874,0.0,1.226,-0.4036,-0.2673,-0.318,1.278,-0.624,0.1349,-0.1075,1.672,0.171,0.8784,-0.3232,-0.3564,0.0,0.0,-0.359,0.0,-0.441,1.218,-1.11,0.0595,2.0,1.5,1.0,-1.04,0.8667,1.022,4.0,0.0,0.0,0.0,0.0,0.0775,-0.003564,,,
-0.509,1.117,-0.10944,-0.2308,-0.01584,0.4285,-0.4958,1.0,1.0,0.08514,0.1412,-0.5884,0.0,1.226,-0.7397,-0.1958,-0.3115,1.089,-0.621,-0.0804,-0.0591,0.1346,1.672,0.171,-0.315,-0.355,0.0,0.0,-0.3545,0.0,-0.443,1.519,-1.325,-0.04703,2.0,1.0,1.0,-0.911,0.731,0.8193,0.0,1.0,0.0,0.0,0.0,-0.061,-0.18395,,,
-0.557,1.044,-0.0926,-0.2023,0.068,0.5713,-0.4878,1.0,1.0,0.064,0.1274,-0.5864,0.0,1.227,-0.675,-0.11804,-0.2832,1.047,-0.618,0.1614999999999999,-0.01469,-0.08044,0.1346,1.672,-0.3064,-0.3533,0.0,0.0,-0.35,0.0,-0.4387,1.574,-1.365,0.06207,2.0,1.0,1.5,-0.8926,0.6934,0.7354,1.0,0.0,0.0,0.0,0.0,0.0807,-0.2499384,,,
-0.5586,0.6973,-0.1326,-0.174,-0.1959,0.7144,-0.4797,1.0,1.0,0.10504,0.1699,-0.591,0.0,1.227,-0.6,-0.04068,-0.2417,0.726,-0.615,-0.3747,-0.0008254,0.1614,-0.08044,0.1346,-0.299,-0.3525,0.0,0.0,-0.346,0.0,-0.4487,1.516,-1.326,-0.1595,1.0,1.0,1.5,-0.6616,0.4624,0.538,0.0,1.0,0.0,0.0,0.0,-0.2063,-0.1177639999999999,,,
-0.5522,0.4312,-0.16,-0.1483,-0.232,0.857,-0.4714,1.0,1.0,0.1343,0.1991,-0.594,0.0,1.228,-0.3198,0.033,-0.1877,0.441,-0.6123,-0.2707,-0.002823,-0.3745,0.1614,-0.08044,-0.295,-0.3516,0.0,0.0,-0.342,0.0,-0.4558,1.295,-1.172,-0.12,0.0,0.5,1.0,-0.5054,0.2761,0.4006,0.0,2.0,0.0,0.0,0.0,-0.1571,0.148134,,,
-0.593,0.437,-0.133,-0.1242,0.146,0.857,-0.4634,1.0,1.0,0.1028,0.1733,-0.5913,0.0,1.228,-0.5996,0.0934,-0.1306,0.449,-0.6094,0.2458999999999999,0.00948,-0.2708,-0.3745,0.1614,-0.2908,-0.351,0.0,0.0,-0.3389,0.0,-0.4495,1.261,-1.145,0.111,0.0,0.5,1.0,-0.576,0.2993,0.418,1.0,0.0,0.0,0.0,0.0,0.1466,0.3987656,,,
-0.4956,0.5737,-0.081,-0.1024,0.4146,0.857,-0.4553,1.0,1.0,0.05722,0.1102,-0.5854,0.0,1.229,1.27,0.1455,-0.0698,0.5566,-0.6064,0.4879,0.02802,0.2457,-0.2708,-0.3745,-0.2898,-0.3496,0.0,0.0,-0.3352,0.0,-0.4368,1.225,-1.113,0.62,1.0,1.0,1.0,-0.697,0.4524,0.4944,2.0,0.0,0.0,0.0,0.0,0.812,0.0788901999999999,,,
-0.5107,0.482,-0.0754,-0.07916,-0.01607,0.857,-0.4473,1.0,1.0,0.05032,0.10565,-0.585,0.0,1.229,-0.6436,0.185,-0.01103,0.4705,-0.6035,0.0535,0.02791,0.4878,0.2457,-0.2708,-0.289,-0.348,0.0,0.0,-0.3308,0.0,-0.4353,1.396,-1.235,0.0318,1.0,1.0,1.5,-0.6606,0.3977,0.451,3.0,0.0,0.0,0.0,0.0,0.04102,-0.1355527999999999,,,
-0.5215,0.3345,-0.08386,-0.05774,-0.1464,0.857,-0.439,1.0,1.0,0.05804,0.11536,-0.586,0.0,1.2295,-0.7764,0.208,0.04092,0.3442,-0.6016,-0.07986,0.014,0.05338,0.4878,0.2457,-0.2883,-0.346,0.0,0.0,-0.3264,0.0,-0.4373,1.303,-1.169,-0.04477,1.0,0.5,1.0,-0.5713,0.3018,0.3792,0.0,1.0,0.0,0.0,0.0,-0.05768,-0.4330944,,,
-0.4849,-0.003157,-0.1375,-0.03995,-0.7344,0.857,-0.431,1.0,1.0,0.116,0.1691,-0.592,0.0,1.2295,-0.3596,0.2173,0.08527,0.01266,-0.5996,-0.5079,-0.03052,-0.07996,0.05338,0.4878,-0.2898,-0.3438,0.0,0.0,-0.3223,0.0,-0.4507,0.9214,-0.9033,-0.3142,1.0,0.0,0.5,-0.2979,0.06744,0.1893,0.0,2.0,0.0,0.0,0.0,-0.4058,0.0005192,,,
-0.542,-0.0851,-0.1365,-0.02205,-0.987,0.7144,-0.4229,0.0,1.0,0.1104,0.1729,-0.592,0.0,1.2295,-0.6665,0.2115,0.1195,-0.06946,-0.5977,0.0001,-0.07904,-0.5073,-0.07996,0.05338,-0.29,-0.3413,0.0,0.0,-0.3184,0.0,-0.4507,0.9214,-0.9033,0.0,0.0,-0.5,0.5,-0.3115,-0.00627,0.155,0.0,0.0,0.0,0.0,0.0,0.0,0.1351752,,,
-0.5874,-0.11346,-0.1299,-0.00974,8.12,0.5713,-0.4146,0.0,1.0,0.0999,0.1694,-0.5913,0.0,1.23,-0.6675,0.1836,0.1401,-0.08344,-0.5967,0.05442,-0.1215,0.0,-0.5073,-0.07996,-0.2893,-0.3386,0.0,0.0,-0.315,0.0,-0.4492,0.7134,-0.7544,0.02856,0.0,0.0,0.5,-0.3135,-0.01653,0.1395,1.0,0.0,0.0,0.0,0.0,0.03748,-0.051536,,,
-0.6147,-0.1991,-0.1372,0.0011425,2.982,0.4285,-0.4065,0.0,1.0,0.10535,0.1796,-0.5923,0.0,1.23,-0.7686,0.1406,0.1489,-0.1598,-0.5957,-0.0812,-0.1487,0.0543,0.0,-0.5073,-0.2896,-0.336,0.0,0.0,-0.3125,0.0,-0.4514,0.6016,-0.6753,-0.04376,-1.0,-0.5,0.0,-0.3335,-0.159,0.0728,0.0,1.0,0.0,0.0,0.0,-0.05734,0.1615451999999999,,,
-0.7124,-0.3738,-0.1794,-0.003078,1.719,0.2856,-0.3984,0.0,1.0,0.1422,0.2336,-0.597,0.0,1.231,-0.5205,0.0972,0.1438,-0.3545,-0.5957,-0.4076,-0.1932,-0.0813,0.0543,0.0,-0.2925,-0.3335,0.0,0.0,-0.31,0.0,-0.462,-0.5933,0.1727,-0.2551,-1.0,-0.5,-0.5,-0.1401,-0.3362,-0.1434,0.0,2.0,0.0,0.0,0.0,-0.3352,-0.0091919999999999,,,
-0.7324,-0.3337,-0.1757,-0.00795,-0.01325,0.1428,-0.3901,0.0,1.0,0.1365,0.2312,-0.5967,0.0,1.231,-0.6245,0.0363,0.1249,-0.32,-0.596,0.02763,-0.2393,-0.4075,-0.0813,0.0543,-0.2957,-0.331,0.0,0.0,-0.308,0.0,-0.4612,-0.695,0.2457,0.01605,0.0,0.0,-0.5,-0.152,-0.3296,-0.1857,1.0,0.0,0.0,0.0,0.0,0.02135,0.0990311999999999,,,
-0.7134,-0.2233,-0.154,-0.010284,-0.3342,0.0,-0.382,0.0,1.0,0.1152,0.2059,-0.594,0.0,1.232,-0.422,-0.03085,0.0953,-0.2075,-0.597,0.1926,-0.2937,0.02751,-0.4075,-0.0813,-0.2979,-0.329,0.0,0.0,-0.3057,0.0,-0.4563,-0.4734,0.08984,0.08966,1.0,0.0,0.0,-0.2234,-0.2507,-0.1471,2.0,0.0,0.0,0.0,0.0,0.1192,-0.5190663999999998,,,
-0.673,-0.4836,-0.2186,-0.0183,2.094,-0.1428,-0.382,0.0,0.0,0.1877,0.2742,-0.602,0.0,1.232,-0.6157,-0.10565,0.0539,-0.4817,-0.5977,-0.6289,-0.3591,0.1924,0.02751,-0.4075,-0.3005,-0.3276,0.0,0.0,-0.3042,0.0,-0.4727,-0.9224,0.4033,-0.3035,0.0,-0.5,-0.5,0.05054,-0.5156,-0.7153,0.0,1.0,0.0,0.0,0.0,-0.4011,0.2970851999999999,,,
-0.66,-0.18,-0.154,-0.01935,-0.673,-0.2856,-0.374,0.0,1.0,0.1193,0.2015,-0.5947,0.0,1.233,-0.4902,-0.1838,0.001929,-0.1794,-0.598,0.6134,-0.3987,-0.6284,0.1924,0.02751,-0.3013,-0.3252,0.0,0.0,-0.3027,0.0,-0.457,-0.289,-0.04196,0.32,1.0,-0.5,0.0,-0.1891,-0.2252,-0.3264,1.0,0.0,0.0,0.0,0.0,0.4314,0.1264056,,,
-0.667,-0.11646,-0.1385,-0.01775,-0.555,-0.4285,-0.366,0.0,1.0,0.1026,0.1854,-0.5933,0.0,1.233,-0.3564,-0.2554,-0.0564,-0.1057,-0.598,0.1369,-0.4421,0.6133,-0.6284,0.1924,-0.3018,-0.3228,0.0,0.0,-0.3013,0.0,-0.4534,-0.04395,-0.2155,0.1156,2.0,0.0,0.5,-0.2391,-0.1842,-0.2988,2.0,0.0,0.0,0.0,0.0,0.1528,0.0058943999999999,,,
-0.657,-0.1355,-0.1447,-0.01959,0.712,-0.5713,-0.3577,0.0,1.0,0.1097,0.191,-0.5938,0.0,1.234,-0.4578,-0.3247,-0.1088,-0.1285,-0.598,-0.0543699999999999,-0.4424,0.1367,0.6133,-0.6284,-0.302,-0.32,0.0,0.0,-0.3018,0.0,-0.4548,-0.237,-0.07825,-0.03397,1.0,0.0,0.0,-0.2263,-0.245,-0.3423,0.0,1.0,0.0,0.0,0.0,-0.04474,0.3649024,,,
-0.8125,0.12396,-0.091,-0.02191,-4.984,-0.5713,-0.3496,1.0,1.0,0.042,0.1469,-0.588,0.0,1.234,-0.572,-0.3809,-0.1652,0.1092,-0.598,0.5186999999999999,-0.4429,-0.05447,0.1367,0.6133,-0.2996,-0.3174,0.0,0.0,-0.3018,0.0,-0.4414,-0.2181,-0.08575,0.4875,1.0,0.5,0.0,-0.3938,-0.01776,0.3147,1.0,0.0,0.0,0.0,0.0,0.643,0.0107257599999999,,,
-0.7847,0.07086,-0.1068,-0.02602,-0.143,-0.5713,-0.3416,1.0,1.0,0.06033,0.1613,-0.5894,0.0,1.235,-0.501,-0.423,-0.2203,0.05612,-0.598,-0.1342,-0.444,0.518,-0.05447,0.1367,-0.2979,-0.315,0.0,0.0,-0.302,0.0,-0.445,-0.336,-0.003244,-0.1073,1.0,0.0,-0.5,-0.311,-0.1007,0.1493,0.0,1.0,0.0,0.0,0.0,-0.1393,-0.1922988,,,
-0.7563,-0.1289,-0.1573,-0.0331,-1.27,-0.7144,-0.3333,0.0,1.0,0.1151,0.213,-0.5947,0.0,1.235,-0.559,-0.4504,-0.2761,-0.1503,-0.5986,-0.4584,-0.4485,-0.1343,0.518,-0.05447,-0.2979,-0.3132,0.0,0.0,-0.3027,0.0,-0.457,-0.5293,0.1294,-0.3064,0.0,0.0,-0.5,-0.11194,-0.3184,-0.4065,0.0,2.0,0.0,0.0,0.0,-0.3994,-0.0371628,,,
-0.77,-0.17,-0.1709,-0.03766,1.054,-0.857,-0.3252,0.0,1.0,0.1284,0.229,-0.596,0.0,1.235,-0.5566,-0.4565,-0.3313,-0.1876,-0.599,-0.1093399999999999,-0.446,-0.4583,-0.1343,0.518,-0.2964,-0.3118,0.0,0.0,-0.3032,0.0,-0.4597,-0.3206,-0.0208,-0.0672,-1.0,0.0,-0.5,-0.06168,-0.3599,-0.514,0.0,3.0,0.0,0.0,0.0,-0.0889,-0.149062,,,
-0.766,-0.2197,-0.1873,-0.0432,0.7324,-0.857,-0.3171,0.0,1.0,0.1462,0.2468,-0.5977,0.0,1.236,-0.6577,-0.449,-0.3794,-0.2394,-0.5996,-0.1372,-0.4414,-0.1094,-0.4583,-0.1343,-0.297,-0.3103,0.0,0.0,-0.3035,0.0,-0.4634,-0.3955,0.03111,-0.0774,-1.0,-0.5,-0.5,-0.005672,-0.4104,-0.653,0.0,4.0,0.0,0.0,0.0,-0.10266,0.01615496,,,
-0.7354,0.10956,-0.11774,-0.04425,-2.408,-0.7144,-0.3088,1.0,1.0,0.0755,0.1687,-0.59,0.0,1.236,-0.05948,-0.445,-0.4236,0.0928,-0.5996,0.6896,-0.44,-0.1372,-0.1094,-0.4583,-0.2961,-0.3083,0.0,0.0,-0.3032,0.0,-0.4456,-0.02347,-0.2266,0.4949,-1.0,-0.5,-0.5,-0.253,-0.0844,0.1895,1.0,0.0,0.0,0.0,0.0,0.6597,0.0111663999999999,,,
-0.7153,0.3494,-0.0632,-0.0412,1.476,-0.5713,-0.3008,1.0,1.0,0.02171,0.1099,-0.583,0.0,1.237,-0.346,-0.4539,-0.457,0.3167,-0.5986,0.5401,-0.433,0.689,-0.1372,-0.1094,-0.2935,-0.3062,0.0,0.0,-0.3032,0.0,-0.4314,0.2634,-0.4253,0.629,0.0,0.0,0.0,-0.4363,0.1223,0.8105,2.0,0.0,0.0,0.0,0.0,0.821,-0.0677496,,,
-0.7095,0.1716,-0.0964,-0.03647,-0.3076,-0.4285,-0.2927,1.0,1.0,0.05566,0.144,-0.587,0.0,1.237,-0.6406,-0.4666,-0.4795,0.1509,-0.598,-0.2919,-0.438,0.5396,0.689,-0.1372,-0.2932,-0.3047,0.0,0.0,-0.3032,0.0,-0.4392,0.3245,-0.4722,-0.1576,0.0,-0.5,0.0,-0.273,-0.02242,0.484,0.0,1.0,0.0,0.0,0.0,-0.2023,-0.4774739999999999,,,
-0.6646,-0.1421,-0.1636,-0.0362,-1.192,-0.4285,-0.2847,0.0,1.0,0.129,0.2123,-0.594,0.0,1.238,-0.3884,-0.476,-0.4927,-0.1626,-0.5977,-0.6159,-0.4468,-0.2917,0.5396,0.689,-0.2944,-0.304,0.0,0.0,-0.304,0.0,-0.4556,-0.00201,-0.2462,-0.447,0.0,-1.0,-0.5,0.01677,-0.281,-0.2484,0.0,2.0,0.0,0.0,0.0,-0.579,-0.3145199999999999,,,
-0.6167,-0.4028,-0.2246,-0.04108,4.715,-0.4285,-0.2847,0.0,0.0,0.1987,0.2761,-0.601,0.0,1.238,-0.548,-0.4834,-0.4966,-0.413,-0.598,-0.5736,-0.4355,-0.6157,-0.2917,0.5396,-0.2961,-0.3047,0.0,0.0,-0.305,0.0,-0.4702,-0.3098,-0.03317,-0.4858,0.0,-1.0,-1.0,0.2443,-0.5254,-0.882,0.0,3.0,0.0,1.0,-3.443,-0.641,-0.009592,,,
-0.6284,-0.48,-0.2423,-0.0423,0.3896,-0.4285,-0.2847,0.0,0.0,0.2174,0.2974,-0.603,0.0,1.239,-0.6846,-0.486,-0.496,-0.485,-0.5986,-0.1668,-0.4214,-0.573,-0.6157,-0.2917,-0.2979,-0.3057,0.0,0.0,-0.306,0.0,-0.4746,-0.1298,-0.1635,-0.0798,-1.0,-1.5,-1.0,0.2654,-0.594,-0.9434,0.0,4.0,0.0,0.0,0.0,-0.10724,0.00422044,,,
-0.6626,-0.4443,-0.24,-0.04752,0.03787,-0.4285,-0.2847,0.0,0.0,0.212,0.2976,-0.6025,0.0,1.239,-0.6147,-0.4856,-0.496,-0.4487,-0.599,0.02805,-0.4114,-0.1667,-0.573,-0.6157,-0.299,-0.3064,0.0,0.0,-0.307,0.0,-0.4739,-0.4126,0.0387,0.0227,-1.0,-1.0,-1.0,0.2197,-0.5566,-0.8184,1.0,0.0,0.0,0.0,0.0,0.03069,-0.174312,,,
-0.689,-0.5293,-0.2659,-0.0552,0.3833,-0.4285,-0.2847,0.0,0.0,0.2389,0.3296,-0.6055,0.0,1.24,-0.8223,-0.4822,-0.4998,-0.5503,-0.5996,-0.2514,-0.3955,0.02795,-0.1667,-0.573,-0.303,-0.3076,0.0,0.0,-0.308,0.0,-0.4802,-0.586,0.1598,-0.0993,-1.0,-1.0,-1.5,0.3074,-0.627,-0.9385,0.0,1.0,0.0,0.0,0.0,-0.134,-0.3044544,,,
-0.649,-0.7583,-0.3262,-0.0668,0.6787,-0.4285,-0.2847,0.0,0.0,0.3115,0.3977,-0.6123,0.0,1.24,-0.1292,-0.4714,-0.501,-0.79,-0.6006,-0.5912000000000001,-0.359,-0.2512,0.02795,-0.1667,-0.3105,-0.309,0.0,0.0,-0.3096,0.0,-0.4949,-0.757,0.2751,-0.322,-1.0,-1.0,-1.5,0.524,-0.847,-1.209,0.0,2.0,0.0,0.0,0.0,-0.4382,-0.0697812,,,
-0.651,-0.7007,-0.329,-0.0819,0.0426,-0.5713,-0.2847,0.0,0.0,0.3145,0.4014,-0.613,0.0,1.241,-0.453,-0.4478,-0.491,-0.739,-0.602,-0.02859,-0.329,-0.591,-0.2512,0.02795,-0.3171,-0.31,0.0,0.0,-0.311,0.0,-0.4956,-1.085,0.509,-0.01433,-1.0,-1.0,-2.0,0.478,-0.809,-1.053,0.0,3.0,0.0,0.0,0.0,-0.01987,0.3591767999999999,,,
-0.6606,-0.4448,-0.287,-0.09424,-0.308,-0.7144,-0.2847,0.0,0.0,0.2654,0.3523,-0.608,0.0,1.241,-0.2498,-0.421,-0.476,-0.4949,-0.6035,0.4308,-0.3179,-0.02867,-0.591,-0.2512,-0.3206,-0.311,0.0,0.0,-0.312,0.0,-0.485,-0.7866,0.3008,0.2018,0.0,-1.0,-1.5,0.2515,-0.575,-0.701,1.0,0.0,0.0,0.0,0.0,0.28,-0.1456592,,,
-0.6504,-0.5586,-0.3225,-0.10547,0.4675,-0.7144,-0.2847,0.0,0.0,0.307,0.3933,-0.612,0.0,1.241,-0.635,-0.39,-0.4563,-0.603,-0.6045,-0.3399,-0.3003,0.4304,-0.02867,-0.591,-0.3232,-0.3127,0.0,0.0,-0.313,0.0,-0.4934,-0.744,0.2666,-0.2095,-1.0,-1.5,-1.5,0.3752,-0.68,-0.845,0.0,1.0,0.0,0.0,0.0,-0.2869,-0.0631527999999999,,,
-0.6357,-0.564,-0.335,-0.1168,0.1455,-0.7144,-0.2847,0.0,0.0,0.3228,0.4072,-0.613,0.0,1.242,-0.38,-0.36,-0.4368,-0.619,-0.6055,-0.1144599999999999,-0.2817,-0.3398,0.4304,-0.02867,-0.326,-0.3145,0.0,0.0,-0.3147,0.0,-0.4963,-0.744,0.2654,-0.0556,-1.0,-1.5,-1.5,0.3833,-0.69,-0.82,0.0,2.0,0.0,0.0,0.0,-0.07697,0.1059748,,,
-0.642,-0.4685,-0.325,-0.1267,-0.07764,-0.7144,-0.2847,0.0,0.0,0.3105,0.3955,-0.612,0.0,1.242,-0.671,-0.3308,-0.4172,-0.5264,-0.6064,0.115,-0.2712,-0.1145,-0.3398,0.4304,-0.3281,-0.316,0.0,0.0,-0.3164,0.0,-0.4934,-0.635,0.1886,0.05988,0.0,-1.0,-1.0,0.2678,-0.6313,-0.6895,1.0,0.0,0.0,0.0,0.0,0.0831,0.0359944,,,
-0.704,-0.4163,-0.3289,-0.1415,-0.010704,-0.857,-0.2847,0.0,0.0,0.31,0.4055,-0.612,0.0,1.243,-0.7783,-0.3003,-0.3965,-0.4885,-0.608,-0.02854,-0.2627,0.1149,-0.1145,-0.3398,-0.3298,-0.3171,0.0,0.0,-0.3179,0.0,-0.4941,-1.101,0.521,-0.01395,0.0,-1.0,-1.5,0.2218,-0.64,-0.647,0.0,1.0,0.0,0.0,0.0,-0.0193,-0.1854671999999999,,,
-0.7285,-0.4075,-0.3474,-0.1616,0.10516,-1.0,-0.2847,0.0,0.0,0.33,0.43,-0.614,0.0,1.243,-0.631,-0.2532,-0.3628,-0.43,-0.6113,-0.1719,-0.265,-0.02863,0.1149,-0.1145,-0.3303,-0.3186,0.0,0.0,-0.3203,0.0,-0.4983,-1.473,0.8926,-0.1375,-1.0,-1.0,-2.0,0.256,-0.691,-0.68,0.0,2.0,0.0,0.0,0.0,-0.1904,0.056488,,,
-0.742,-0.2874,-0.3398,-0.1786,-0.2603,-1.143,-0.2847,0.0,0.0,0.3198,0.4219,-0.613,0.0,1.244,-0.669,-0.2144,-0.3303,-0.326,-0.613,0.0865,-0.2705,-0.1719,-0.02863,0.1149,-0.3303,-0.3198,0.0,0.0,-0.3225,0.0,-0.4963,-1.473,0.791,0.03656,0.0,-1.0,-1.5,0.1599,-0.6494,-0.5864,1.0,0.0,0.0,0.0,0.0,0.0509,0.1532432,,,
-0.7676,-0.3857,-0.375,-0.1936,0.644,-1.143,-0.2847,0.0,0.0,0.3599,0.4675,-0.6167,0.0,1.244,-0.844,-0.1804,-0.2969,-0.4146,-0.6143,-0.3449,-0.2622,0.0864,-0.1719,-0.02863,-0.3328,-0.3213,0.0,0.0,-0.3245,0.0,-0.505,-1.406,0.734,-0.1526,0.0,-1.0,-1.5,0.2615,-0.785,-0.705,0.0,1.0,0.0,1.0,-2.22,-0.212,-0.0687368,,,
-0.815,-0.4807,-0.407,-0.2059,0.467,-1.143,-0.2847,0.0,0.0,0.395,0.511,-0.6206,0.0,1.245,-0.6567,-0.1498,-0.2642,-0.501,-0.616,-0.3195,-0.2485,-0.3447,0.0864,-0.1719,-0.335,-0.3228,0.0,0.0,-0.3267,0.0,-0.512,-1.325,0.673,-0.1714,-1.0,-1.0,-1.5,0.363,-0.877,-0.7866,0.0,2.0,0.0,0.0,0.0,-0.2407,0.0308503999999999,,,
-0.8213,-0.428,-0.407,-0.2167,-0.007698,-1.143,-0.2847,0.0,0.0,0.3948,0.512,-0.6206,0.0,1.245,-0.6196,-0.1298,-0.2346,-0.4553,-0.617,0.0001,-0.2374,-0.3193,-0.3447,0.0864,-0.337,-0.3242,0.0,0.0,-0.3286,0.0,-0.512,-1.269,0.6323,0.0,-1.0,-1.0,-1.5,0.316,-0.8286,-0.716,0.0,0.0,0.0,0.0,0.0,0.0,-0.1163592,,,
-0.8335,-0.3086,-0.3928,-0.2268,-0.235,-1.143,-0.2847,0.0,0.0,0.3765,0.4954,-0.6187,0.0,1.246,-0.733,-0.11505,-0.2069,-0.326,-0.6187,0.1467999999999999,-0.2517,0.0,-0.3193,-0.3447,-0.3386,-0.3257,0.0,0.0,-0.3313,0.0,-0.509,-1.14,0.542,0.05502,0.0,-1.0,-1.5,0.2091,-0.7266,-0.602,1.0,0.0,0.0,0.0,0.0,0.078,-0.0180463999999999,,,
-0.824,-0.3335,-0.4075,-0.2362,0.2502,-1.143,-0.2847,0.0,0.0,0.395,0.513,-0.6206,0.0,1.246,-0.6567,-0.11206,-0.1864,-0.361,-0.6196,-0.1459,-0.2986,0.1466,0.0,-0.3193,-0.3408,-0.327,0.0,0.0,-0.3347,0.0,-0.512,-1.095,0.5083,-0.0676,-1.0,-1.0,-1.5,0.2133,-0.781,-0.669,0.0,1.0,0.0,0.0,0.0,-0.09546,0.1727872,,,
-0.878,-0.2297,-0.3909,-0.2404,-0.3062,-1.143,-0.2847,0.0,0.0,0.3704,0.4963,-0.6187,0.0,1.247,-0.7334,-0.1173,-0.1724,-0.245,-0.62,0.1760999999999999,-0.3523,-0.146,0.1466,0.0,-0.342,-0.3284,0.0,0.0,-0.3376,0.0,-0.5083,-0.5806,0.1432,0.10016,0.0,-0.5,-1.0,0.1153,-0.659,-0.5684,1.0,0.0,0.0,0.0,0.0,0.1421,0.4619243999999999,,,
-0.8623,0.1034,-0.3232,-0.2399,-2.266,-1.0,-0.2847,1.0,0.0,0.2908,0.4116,-0.611,0.0,1.247,-0.09827,-0.1302,-0.1677,0.08405,-0.62,0.7001,-0.392,0.176,-0.146,0.1466,-0.3413,-0.3293,0.0,0.0,-0.339,0.0,-0.4912,0.02625,-0.2822,0.421,1.0,-0.5,-0.5,-0.1719,-0.3242,0.01239,2.0,0.0,0.0,0.0,0.0,0.5938,0.0350584,,,
-0.879,0.06012,-0.3352,-0.243,-0.11707,-0.857,-0.2847,1.0,0.0,0.3015,0.4294,-0.612,0.0,1.247,-0.7783,-0.1516,-0.1683,0.03336,-0.62,-0.11416,-0.412,0.7,0.176,-0.146,-0.34,-0.3306,0.0,0.0,-0.34,0.0,-0.494,-0.3857,0.010574,-0.07605,1.0,-0.5,-1.0,-0.1343,-0.3892,-0.03827,0.0,1.0,0.0,0.0,0.0,-0.105,0.209524,,,
-0.879,0.10046,-0.3271,-0.2433,0.4385,-0.7144,-0.2847,1.0,0.0,0.2905,0.4216,-0.611,0.0,1.248,-0.78,-0.1794,-0.1757,0.07477,-0.62,0.0861,-0.4282,-0.1142,0.7,0.176,-0.3376,-0.3318,0.0,0.0,-0.3408,0.0,-0.492,-0.0451,-0.2317,0.0546,1.0,0.0,-0.5,-0.1703,-0.3535,0.1026,1.0,0.0,0.0,0.0,0.0,0.0756,-0.4249984,,,
-0.846,-0.3657,-0.4268,-0.249,-2.607,-0.7144,-0.2847,0.0,0.0,0.4172,0.5396,-0.6226,0.0,1.248,0.348,-0.2141,-0.1865,-0.3877,-0.6206,-0.9999,-0.4373,0.08594,-0.1142,0.7,-0.3381,-0.334,0.0,0.0,-0.3425,0.0,-0.5166,-0.624,0.1708,-0.795,1.0,-0.5,-0.5,0.285,-0.7417,-0.9453,0.0,1.0,0.0,0.0,0.0,-1.098,-0.1031079999999999,,,
-0.8477,-0.3064,-0.421,-0.255,-0.0893,-0.7144,-0.2847,0.0,0.0,0.41,0.532,-0.6216,0.0,1.249,-0.6543,-0.257,-0.2019,-0.3325,-0.6216,0.05912,-0.4436,-1.0,0.08594,-0.1142,-0.3389,-0.3354,0.0,0.0,-0.344,0.0,-0.515,-0.6704,0.2043,0.03214,1.0,0.0,-0.5,0.2262,-0.6753,-0.8267,1.0,0.0,0.0,0.0,0.0,0.04584,-0.0130548,,,
-0.811,-0.3557,-0.4373,-0.2612,0.3674,-0.7144,-0.2847,0.0,0.0,0.4333,0.5503,-0.6235,0.0,1.249,-0.3906,-0.3064,-0.2192,-0.3782,-0.622,-0.1767,-0.4326,0.059,-1.0,0.08594,-0.3398,-0.3372,0.0,0.0,-0.3452,0.0,-0.5195,-0.736,0.2493,-0.0967,0.0,0.0,-0.5,0.2678,-0.7188,-0.911,0.0,1.0,0.0,0.0,0.0,-0.1376,-0.15821,,,
-0.7817,-0.4717,-0.4675,-0.268,0.5845,-0.7144,-0.2847,0.0,0.0,0.4739,0.587,-0.627,0.0,1.25,-0.3442,-0.3328,-0.2352,-0.495,-0.623,-0.3256,-0.4133,-0.1766,0.059,-1.0,-0.342,-0.339,0.0,0.0,-0.3464,0.0,-0.527,-0.7964,0.2888,-0.1738,0.0,0.0,-0.5,0.3794,-0.81,-1.071,0.0,2.0,0.0,0.0,0.0,-0.2488,0.1166824,,,
-0.7627,-0.4412,-0.469,-0.2756,0.04974,-0.7144,-0.2847,0.0,0.0,0.4773,0.5874,-0.6274,0.0,1.25,-0.4187,-0.3523,-0.2517,-0.463,-0.624,-0.02982,-0.4082,-0.3257,-0.1766,0.059,-0.3464,-0.3413,0.0,0.0,-0.3481,0.0,-0.528,-0.877,0.3462,-0.02174,-1.0,-0.5,-1.0,0.3315,-0.7935,-0.987,0.0,3.0,0.0,0.0,0.0,-0.03146,0.165622,,,
-0.7573,-0.448,-0.476,-0.2812,0.1542,-0.7144,-0.2847,0.0,0.0,0.4868,0.5967,-0.6284,0.0,1.251,-0.605,-0.3606,-0.2686,-0.4688,-0.625,-0.08974,-0.3965,-0.0299,-0.3257,-0.1766,-0.3506,-0.344,0.0,0.0,-0.3499,0.0,-0.53,-0.769,0.2683,-0.06046,-1.0,-0.5,-1.0,0.316,-0.802,-0.943,0.0,4.0,0.0,0.0,0.0,-0.0875,-0.0468856,,,
-0.747,-0.4897,-0.489,-0.286,0.2551,-0.7144,-0.2847,0.0,0.0,0.5044,0.6133,-0.63,0.0,1.251,-0.564,-0.3613,-0.288,-0.5107,-0.626,-0.15,-0.3823,-0.0898,-0.0299,-0.3257,-0.3555,-0.3467,0.0,0.0,-0.3513,0.0,-0.533,-0.6875,0.2084,-0.0839,-2.0,-1.0,-1.0,0.3447,-0.815,-0.9424,0.0,5.0,0.0,0.0,0.0,-0.1218,0.8048264000000002,,,
-0.69,0.00796,-0.3882,-0.2837,-1.169,-0.5713,-0.2847,1.0,0.0,0.382,0.4773,-0.6187,0.0,1.252,0.442,-0.3623,-0.3125,-0.005688,-0.626,1.0561,-0.3901,-0.1501,-0.0898,-0.0299,-0.3545,-0.3481,0.0,0.0,-0.352,0.0,-0.509,-0.01955,-0.2573,0.9956,-1.0,-1.0,-0.5,-0.0716,-0.2776,-0.06683,1.0,0.0,0.0,0.0,0.0,1.452,-0.2015679999999999,,,
-0.6514,-0.1788,-0.4263,-0.2847,-2.104,-0.5713,-0.2847,0.0,0.0,0.4321,0.523,-0.6235,0.0,1.252,-0.3542,-0.3596,-0.3403,-0.1952,-0.626,-0.4089,-0.3967,1.056,-0.1501,-0.0898,-0.355,-0.3496,0.0,0.0,-0.353,0.0,-0.5186,-0.292,-0.06714,-0.2498,-1.0,-1.0,-1.0,0.10736,-0.438,-0.3843,0.0,1.0,0.0,0.0,0.0,-0.3525,0.6837215999999999,,,
-0.597,0.2039,-0.3447,-0.2793,-4.06,-0.4285,-0.2927,1.0,0.0,0.3374,0.416,-0.6143,0.0,1.253,0.3118,-0.3591,-0.3584,0.1979,-0.626,0.8287,-0.3972,-0.4087,1.056,-0.1501,-0.3525,-0.3503,0.0,0.0,-0.353,0.0,-0.4988,0.1388,-0.366,0.444,0.0,-1.0,-0.5,-0.2002,-0.046,0.3474,1.0,0.0,0.0,0.0,0.0,0.635,0.707652,,,
-0.546,0.6816,-0.2375,-0.2678,1.923,-0.2856,-0.3008,1.0,0.0,0.2188,0.2852,-0.602,0.0,1.253,0.2966,-0.3647,-0.3787,0.6704,-0.625,1.0671,-0.363,0.828,-0.4087,1.056,-0.3462,-0.3503,0.0,0.0,-0.352,0.0,-0.4727,0.428,-0.561,0.836,1.0,-0.5,-0.5,-0.571,0.3804,1.057,2.0,0.0,0.0,0.0,0.0,1.165,0.286306,,,
-0.429,-0.02293,-0.3816,-0.271,-0.8535,-0.2856,-0.3008,1.0,0.0,0.395,0.4478,-0.6187,0.0,1.253,0.2217,-0.3745,-0.395,-0.04657,-0.625,-1.4239,-0.3638,1.066,0.828,-0.4087,-0.344,-0.351,0.0,0.0,-0.3523,0.0,-0.509,-0.3257,-0.03882,-1.212,1.0,-1.0,-1.0,0.1218,-0.1995,-0.06247,0.0,1.0,0.0,0.0,0.0,-1.635,-0.8255383999999999,,,
-0.2715,-0.603,-0.508,-0.2817,-10.484,-0.4285,-0.3088,0.0,0.0,0.5674,0.599,-0.6333,0.0,1.254,0.591,-0.3826,-0.4045,-0.6245,-0.6265,-1.3139,-0.3425,-1.423,1.066,0.828,-0.3452,-0.3523,0.0,0.0,-0.3533,0.0,-0.54,-0.6143,0.1532,-1.387,0.0,-1.0,-1.0,0.7334,-0.6953,-0.9355,0.0,2.0,0.0,0.0,0.0,-1.958,0.5896448000000001,,,
-0.2416,-0.3052,-0.457,-0.2896,-0.4763,-0.5713,-0.3171,0.0,0.0,0.504,0.529,-0.628,0.0,1.254,-0.1542,-0.3926,-0.41,-0.3396,-0.6274,0.5181,-0.3362,-1.313,-1.423,1.066,-0.3447,-0.3533,0.0,0.0,-0.354,0.0,-0.5283,-0.4841,0.0656,0.2583,1.0,-0.5,-1.0,0.4368,-0.4453,-0.5576,1.0,0.0,0.0,0.0,0.0,0.3804,-0.1394856,,,
-0.321,-0.3418,-0.466,-0.2913,0.3074,-0.5713,-0.3252,0.0,0.0,0.5093,0.5474,-0.629,0.0,1.255,-0.6797,-0.4023,-0.411,-0.3755,-0.628,-0.1198299999999999,-0.329,0.5176,-1.313,-1.423,-0.3472,-0.3545,0.0,0.0,-0.355,0.0,-0.5312,-0.2708,-0.088,-0.04257,0.0,-0.5,-1.0,0.459,-0.4597,-0.5913,0.0,1.0,0.0,0.0,0.0,-0.06168,-0.2477259999999999,,,
-0.281,-0.5205,-0.507,-0.2964,0.867,-0.5713,-0.3333,0.0,0.0,0.565,0.5986,-0.634,0.0,1.255,-0.3645,-0.4111,-0.4102,-0.564,-0.6284,-0.4513,-0.313,-0.1199,0.5176,-1.313,-0.35,-0.356,0.0,0.0,-0.3562,0.0,-0.5415,-0.3982,-0.001701,-0.2223,-1.0,-0.5,-1.5,0.6294,-0.6035,-0.795,0.0,2.0,0.0,0.0,0.0,-0.3232,0.1846172,,,
-0.2627,-0.651,-0.539,-0.3027,0.45,-0.5713,-0.3333,0.0,0.0,0.6094,0.641,-0.6377,0.0,1.256,-0.2766,-0.4136,-0.407,-0.704,-0.6294,-0.3661,-0.2908,-0.4512,-0.1199,0.5176,-0.356,-0.3574,0.0,0.0,-0.358,0.0,-0.5503,-0.4385,0.02338,-0.2162,-1.0,-0.5,-1.5,0.7393,-0.71,-0.893,0.0,3.0,0.0,0.0,0.0,-0.3188,0.0056336,,,
-0.2578,-0.699,-0.5537,-0.3076,0.2241,-0.5713,-0.3416,0.0,0.0,0.6294,0.661,-0.638,0.0,1.256,-0.349,-0.4072,-0.4038,-0.7466,-0.6304,-0.1852,-0.2812,-0.366,-0.4512,-0.1199,-0.3657,-0.3591,0.0,0.0,-0.3606,0.0,-0.554,-0.405,-0.002398,-0.12335,-1.0,-1.0,-1.5,0.769,-0.72,-0.8926,0.0,4.0,0.0,0.0,0.0,-0.1841,0.3725488,,,
-0.1841,-0.865,-0.5938,-0.315,0.4211,-0.5713,-0.3496,0.0,0.0,0.6904,0.712,-0.638,0.0,1.257,0.2979,-0.38,-0.3948,-0.873,-0.6323,-0.4657,-0.2622,-0.1852,-0.366,-0.4512,-0.3723,-0.361,0.0,0.0,-0.3635,0.0,-0.556,-0.4958,0.0578,-0.4836,-2.0,-1.0,-1.5,0.9287,-0.84,-0.9976,0.0,5.0,0.0,0.0,0.0,-0.726,0.6834936,,,
-0.1697,-0.529,-0.5303,-0.3174,-0.3257,-0.5713,-0.3577,0.0,0.0,0.6055,0.6216,-0.6377,0.0,1.257,-0.0439,-0.353,-0.388,-0.5317,-0.6333,0.6617,-0.2715,-0.4656,-0.1852,-0.366,-0.3733,-0.3625,0.0,0.0,-0.366,0.0,-0.55,-0.3013,-0.07465,0.4338,-1.0,-1.0,-1.0,0.6064,-0.454,-0.6313,1.0,0.0,0.0,0.0,0.0,0.6606,0.0510619999999999,,,
-0.1831,-0.4631,-0.5186,-0.318,-0.02303,-0.5713,-0.366,0.0,0.0,0.5884,0.6064,-0.6367,0.0,1.258,-0.6665,-0.3306,-0.3823,-0.469,-0.634,0.09275,-0.266,0.6616,-0.4656,-0.1852,-0.3757,-0.364,0.0,0.0,-0.3674,0.0,-0.548,-0.2451,-0.1137,0.0427,0.0,-1.0,-0.5,0.4797,-0.4263,-0.542,2.0,0.0,0.0,0.0,0.0,0.0637,0.0077884,,,
-0.2654,-0.3508,-0.5044,-0.3254,-0.181,-0.7144,-0.374,0.0,0.0,0.563,0.5938,-0.6357,0.0,1.258,-0.4375,-0.3083,-0.3752,-0.364,-0.635,0.12327,-0.2651,0.0926,0.6616,-0.4656,-0.3774,-0.3652,0.0,0.0,-0.3687,0.0,-0.545,-0.5103,0.0766,0.04626,1.0,-0.5,-0.5,0.3823,-0.3567,-0.4465,3.0,0.0,0.0,0.0,0.0,0.0688,0.1527895999999999,,,
-0.274,-0.3525,-0.51,-0.3303,0.1405,-0.7144,-0.382,0.0,0.0,0.57,0.602,-0.6367,0.0,1.259,-0.4736,-0.289,-0.367,-0.3762,-0.6353,-0.0919,-0.2625,0.1231,0.0926,0.6616,-0.378,-0.3662,0.0,0.0,-0.3699,0.0,-0.5474,-0.436,0.02278,-0.02762,1.0,-0.5,-0.5,0.358,-0.4114,-0.459,0.0,1.0,0.0,0.0,0.0,-0.04095,0.028854,,,
-0.3472,-0.1841,-0.4863,-0.339,-0.5303,-0.857,-0.3901,0.0,0.0,0.5327,0.576,-0.6343,0.0,1.259,-0.402,-0.273,-0.357,-0.2297,-0.636,0.2153999999999999,-0.261,-0.092,0.1231,0.0926,-0.3772,-0.3672,0.0,0.0,-0.3704,0.0,-0.542,-0.656,0.182,0.0905,2.0,-0.5,-0.5,0.1995,-0.3435,-0.3347,1.0,0.0,0.0,0.0,0.0,0.1345,-0.1839736,,,
-0.4268,-0.2319,-0.5146,-0.357,0.63,-1.0,-0.3984,0.0,0.0,0.5635,0.621,-0.6377,0.0,1.259,-0.7036,-0.2551,-0.3367,-0.2756,-0.639,-0.3359,-0.2559,0.2152,-0.092,0.1231,-0.3767,-0.3682,0.0,0.0,-0.3713,0.0,-0.55,-1.212,0.575,-0.14,1.0,-0.5,-1.0,0.2607,-0.5376,-0.4714,0.0,1.0,0.0,0.0,0.0,-0.2067,0.6372999999999999,,,
-0.5083,0.1649,-0.442,-0.3606,-2.682,-1.0,-0.4065,1.0,0.0,0.4631,0.5312,-0.63,0.0,1.26,0.1943,-0.2383,-0.3125,0.1622,-0.6406,0.7411,-0.256,-0.336,0.2152,-0.092,-0.3728,-0.369,0.0,0.0,-0.3716,0.0,-0.533,-0.5015,0.0756,0.363,1.0,0.0,-0.5,-0.09125,-0.235,-0.1104,1.0,0.0,0.0,0.0,0.0,0.542,0.2755839999999999,,,
-0.606,0.3484,-0.3982,-0.353,0.929,-0.857,-0.4146,1.0,0.0,0.4011,0.4834,-0.6255,0.0,1.26,-0.685,-0.2257,-0.2922,0.3926,-0.6406,0.4225,-0.2546,0.7407,-0.336,0.2152,-0.3699,-0.3694,0.0,0.0,-0.371,0.0,-0.523,0.2399,-0.449,0.1777,1.0,0.5,0.0,-0.257,-0.07007,0.0866,2.0,0.0,1.0,0.0,4.883,0.2593,0.0145448,,,
-0.665,0.327,-0.3982,-0.3489,0.0798,-0.7144,-0.4229,1.0,0.0,0.3965,0.488,-0.626,0.0,1.261,-0.844,-0.224,-0.2795,0.3638,-0.6406,-0.02969,-0.2637,0.4224,0.7407,-0.336,-0.367,-0.37,0.0,0.0,-0.3718,0.0,-0.524,-0.001351,-0.277,-0.0176,1.0,0.5,-0.5,-0.2308,-0.108,0.09393,0.0,1.0,0.0,0.0,0.0,-0.02533,-0.165348,,,
-0.6436,0.2189,-0.4155,-0.3452,-0.1493,-0.5713,-0.431,1.0,0.0,0.4194,0.5083,-0.628,0.0,1.261,-0.4924,-0.2329,-0.2722,0.2527,-0.6406,-0.2085,-0.2676,-0.02977,0.4224,0.7407,-0.365,-0.3713,0.0,0.0,-0.372,0.0,-0.529,-0.0489,-0.2454,-0.08624,0.0,0.5,-0.5,-0.1442,-0.2256,0.0,0.0,2.0,0.0,0.0,0.0,-0.12427,-0.2186816,,,
-0.6543,0.5034,-0.3484,-0.334,1.146,-0.4285,-0.439,1.0,0.0,0.3372,0.4253,-0.621,0.0,1.262,-0.2861,-0.2532,-0.272,0.548,-0.64,0.6601,-0.2832,-0.2086,-0.02977,0.4224,-0.361,-0.3718,0.0,0.0,-0.3728,0.0,-0.513,0.485,-0.6196,0.3518,1.0,0.5,0.0,-0.378,0.0528,0.38,1.0,0.0,0.0,0.0,0.0,0.5103,-0.1754439999999999,,,
-0.6743,0.3362,-0.3687,-0.3223,-0.1726,-0.2856,-0.4473,1.0,0.0,0.3599,0.4517,-0.6235,0.0,1.262,-0.6514,-0.2827,-0.2827,0.388,-0.639,-0.2351,-0.3657,0.6597,-0.2086,-0.02977,-0.3584,-0.3718,0.0,0.0,-0.3748,0.0,-0.5186,0.5605,-0.676,-0.1141,0.0,0.0,0.0,-0.253,-0.0739,0.4607,0.0,1.0,0.0,0.0,0.0,-0.1621,0.225454,,,
-0.7056,0.4053,-0.3398,-0.308,0.3105,-0.1428,-0.4553,1.0,0.0,0.323,0.419,-0.6206,0.0,1.263,-0.693,-0.3171,-0.3003,0.4707,-0.638,0.2667,-0.3716,-0.2351,0.6597,-0.2086,-0.354,-0.3718,0.0,0.0,-0.375,0.0,-0.512,0.766,-0.82,0.10065,0.0,0.0,0.5,-0.3467,0.0053,0.6904,1.0,0.0,0.0,0.0,0.0,0.144,0.2956320000000001,,,
-0.782,0.434,-0.3137,-0.2893,0.1968,0.0,-0.4634,1.0,0.0,0.2864,0.3938,-0.618,0.0,1.263,-0.6973,-0.336,-0.3188,0.459,-0.6357,0.2350999999999999,-0.3499,0.2664,-0.2351,0.6597,-0.3508,-0.3716,0.0,0.0,-0.3735,0.0,-0.507,1.161,-1.099,0.088,1.0,0.5,1.0,-0.4297,0.0515,0.7334,2.0,0.0,0.0,0.0,0.0,0.1249,0.0686312,,,
-0.8145,0.4768,-0.288,-0.2732,0.2218,0.1428,-0.4714,1.0,0.0,0.2542,0.366,-0.6157,0.0,1.264,-0.4465,-0.338,-0.3352,0.4807,-0.6333,0.2334,-0.3247,0.2349,0.2664,-0.2351,-0.3484,-0.3708,0.0,0.0,-0.3723,0.0,-0.501,1.068,-1.03,0.10156,2.0,0.5,1.0,-0.4795,0.1187,0.766,3.0,0.0,0.0,0.0,0.0,0.1431,0.0587384,,,
-0.8164,0.446,-0.277,-0.2573,0.0746,0.2856,-0.4797,1.0,0.0,0.2415,0.3533,-0.6147,0.0,1.264,-0.739,-0.3206,-0.348,0.4355,-0.632,0.08695,-0.3,0.2332,0.2349,0.2664,-0.3455,-0.37,0.0,0.0,-0.371,0.0,-0.499,1.068,-1.029,0.04138,2.0,1.0,1.0,-0.4763,0.11115,0.703,4.0,0.0,0.0,0.0,0.0,0.0579,-0.0171424,,,
-0.8286,0.39,-0.2722,-0.2424,0.01935,0.4285,-0.4878,1.0,0.0,0.2349,0.3484,-0.6143,0.0,1.265,-0.6304,-0.284,-0.3533,0.369,-0.63,0.02897,-0.2805,0.0868,0.2332,0.2349,-0.3418,-0.3691,0.0,0.0,-0.3694,0.0,-0.4983,1.044,-1.012,0.01572,3.0,1.0,1.0,-0.453,0.079,0.6177,5.0,0.0,0.0,0.0,0.0,0.02193,0.0531399999999999,,,
-0.807,0.3433,-0.2642,-0.2263,0.02762,0.5713,-0.4958,1.0,0.0,0.2277,0.3374,-0.614,0.0,1.265,-0.2336,-0.2394,-0.349,0.3274,-0.6284,0.05778,-0.2695,0.02885,0.0868,0.2332,-0.34,-0.3682,0.0,0.0,-0.3672,0.0,-0.4968,1.14,-1.08,0.0393,3.0,1.0,1.5,-0.4473,0.05664,0.565,5.92,0.0,0.0,0.0,0.0,0.0548,-0.0244096,,,
-0.8193,0.2356,-0.2712,-0.2126,-0.1377,0.7144,-0.504,1.0,0.0,0.2346,0.3467,-0.6147,0.0,1.265,-0.63,-0.1941,-0.336,0.229,-0.627,-0.08626,-0.2698,0.05765,0.02885,0.0868,-0.3376,-0.368,0.0,0.0,-0.3647,0.0,-0.499,1.001,-0.982,-0.03032,2.0,1.0,1.0,-0.3918,-0.02806,0.4585,0.0,1.0,0.0,0.0,0.0,-0.0422,0.1248707999999999,,,
-0.81,0.2002,-0.261,-0.1963,0.01418,0.857,-0.512,1.0,0.0,0.2236,0.3337,-0.614,0.0,1.266,-0.595,-0.1538,-0.3127,0.2075,-0.6255,0.0867,-0.2888,-0.0863,0.05765,0.02885,-0.336,-0.3672,0.0,0.0,-0.362,0.0,-0.4968,1.348,-1.229,0.03708,2.0,1.5,1.5,-0.428,-0.0551,0.4653,1.0,0.0,0.0,0.0,0.0,0.05173,0.0928012,,,
-0.858,0.24,-0.2389,-0.1833,0.2842,0.857,-0.5205,1.0,0.0,0.1952,0.3125,-0.6113,0.0,1.266,-0.4197,-0.12384,-0.2844,0.2338,-0.624,0.2016,-0.2905,0.08655,-0.0863,0.05765,-0.334,-0.3672,0.0,0.0,-0.3596,0.0,-0.492,1.219,-1.134,0.0979,2.0,1.5,1.5,-0.4878,-0.01372,0.5166,2.0,0.0,0.0,0.0,0.0,0.1362,0.4477520000000001,,,
-0.8687,0.4053,-0.191,-0.1705,0.683,0.857,-0.5205,1.0,1.0,0.1421,0.2595,-0.606,0.0,1.267,-0.6797,-0.1043,-0.2542,0.3987,-0.6226,0.4579,-0.2832,0.2014,0.08655,-0.0863,-0.3318,-0.3674,0.0,0.0,-0.357,0.0,-0.4805,1.236,-1.142,0.2378,2.0,1.5,1.5,-0.608,0.1595,0.684,3.0,0.0,0.0,0.0,0.0,0.3289,0.3349636,,,
-0.8457,0.394,-0.1783,-0.1569,0.1089,0.857,-0.5205,1.0,1.0,0.1304,0.2435,-0.605,0.0,1.267,-0.5757,-0.09143,-0.2231,0.3892,-0.621,0.11295,-0.2773,0.4575,0.2014,0.08655,-0.329,-0.3665,0.0,0.0,-0.354,0.0,-0.4778,1.305,-1.188,0.05188,2.0,1.5,2.0,-0.609,0.1508,0.657,4.0,0.0,0.0,0.0,0.0,0.0707,0.2366407999999999,,,
-0.776,0.476,-0.1423,-0.1394,0.3176,0.857,-0.5205,1.0,1.0,0.09784,0.1984,-0.601,0.0,1.268,0.4312,-0.08075,-0.188,0.4485,-0.6187,0.3374999999999999,-0.272,0.1128,0.4575,0.2014,-0.326,-0.3645,0.0,0.0,-0.3508,0.0,-0.4692,1.574,-1.416,0.4998,3.0,1.5,2.0,-0.705,0.2219,0.7456,5.0,0.0,0.0,0.0,0.0,0.679,-0.0902404,,,
-0.783,0.2427,-0.1792,-0.1287,-0.3142,0.857,-0.5205,1.0,1.0,0.1362,0.2393,-0.605,0.0,1.268,-0.575,-0.08167,-0.157,0.2212,-0.6177,-0.3615,-0.281,0.3372,0.1128,0.4575,-0.3237,-0.363,0.0,0.0,-0.3481,0.0,-0.4785,1.004,-0.9746,-0.09125,2.0,1.5,2.0,-0.5063,0.02356,0.4888,0.0,1.0,0.0,0.0,0.0,-0.1226,0.1469192,,,
-0.7876,0.2104,-0.1719,-0.1156,0.02716,0.857,-0.5205,1.0,1.0,0.128,0.2316,-0.6045,0.0,1.269,-0.7173,-0.0928,-0.1342,0.2013,-0.6167,0.05637,-0.3108,-0.3613,0.3372,0.1128,-0.321,-0.3616,0.0,0.0,-0.3452,0.0,-0.477,1.314,-1.196,0.02171,2.0,1.5,2.0,-0.5024,-0.002228,0.498,1.0,0.0,0.0,0.0,0.0,0.02953,0.0005408,,,
-0.7534,0.108,-0.1821,-0.10504,-0.242,0.857,-0.5205,1.0,1.0,0.1417,0.24,-0.606,0.0,1.269,-0.326,-0.1147,-0.1213,0.1061,-0.6157,-0.1122,-0.3252,0.05624,-0.3613,0.3372,-0.319,-0.3599,0.0,0.0,-0.343,0.0,-0.4797,1.068,-1.021,-0.05908,1.0,1.0,2.0,-0.4312,-0.0915,0.3865,0.0,1.0,0.0,0.0,0.0,-0.0802,-0.2383599999999999,,,
-0.7437,-0.0465,-0.2067,-0.0976,-0.739,0.857,-0.5205,1.0,1.0,0.1691,0.2666,-0.609,0.0,1.27,-0.6753,-0.1333,-0.1169,-0.04492,-0.615,-0.2536,-0.3367,-0.1123,0.05624,-0.3613,-0.3184,-0.3582,0.0,0.0,-0.3413,0.0,-0.486,0.63,-0.7114,-0.11975,0.0,0.5,1.5,-0.3044,-0.2245,0.1807,0.0,2.0,0.0,0.0,0.0,-0.1631,0.4144079999999999,,,
-0.752,0.1647,-0.1522,-0.0884,6.617,0.857,-0.5205,1.0,1.0,0.1101,0.2072,-0.603,0.0,1.27,-0.4033,-0.1527,-0.1187,0.1759,-0.6143,0.5111,-0.344,-0.2534,-0.1123,0.05624,-0.3176,-0.356,0.0,0.0,-0.3394,0.0,-0.4734,0.7793,-0.8125,0.2214,0.0,1.0,1.5,-0.4653,-0.00745,0.4832,1.0,0.0,0.0,0.0,0.0,0.304,0.8400823999999999,,,
-0.713,0.641,-0.03323,-0.0721,2.203,0.857,-0.5205,1.0,1.0,-0.007717,0.07916,-0.59,0.0,1.2705,-0.4658,-0.1663,-0.1245,0.6543,-0.613,1.1181,-0.3242,0.511,-0.2534,-0.1123,-0.3137,-0.3525,0.0,0.0,-0.336,0.0,-0.445,1.139,-1.056,0.689,1.0,1.0,1.5,-0.798,0.4597,1.078,2.0,0.0,1.0,0.0,5.715,0.931,-0.0787164,,,
-0.7026,0.526,-0.0405,-0.05643,-0.03714,0.857,-0.5205,1.0,1.0,0.0002553,0.0857,-0.591,0.0,1.2705,-0.566,-0.1768,-0.1343,0.5576,-0.612,-0.08095,-0.3015,1.118,0.511,-0.2534,-0.3113,-0.3496,0.0,0.0,-0.3333,0.0,-0.4473,1.057,-0.9985,-0.03485,0.0,0.5,1.0,-0.6978,0.3547,0.8506,0.0,1.0,0.0,0.0,0.0,-0.0455,0.0073592,,,
-0.7354,0.4548,-0.0389,-0.0412,0.00817,0.857,-0.5205,1.0,1.0,-0.00391,0.0868,-0.591,0.0,1.2705,-0.702,-0.1841,-0.1466,0.492,-0.6104,0.0001,-0.296,-0.081,1.118,0.511,-0.3076,-0.347,0.0,0.0,-0.33,0.0,-0.4473,1.041,-0.9873,0.0,0.0,0.0,0.5,-0.6436,0.2866,0.7466,0.0,0.0,0.0,0.0,0.0,0.0,-0.2524152,,,
-0.656,0.2043,-0.0785,-0.02808,-0.366,0.857,-0.5205,1.0,1.0,0.04187,0.1209,-0.595,0.0,1.271,-0.1445,-0.194,-0.1631,0.256,-0.609,-0.3791,-0.3025,0.0,-0.081,1.118,-0.3054,-0.3445,0.0,0.0,-0.328,0.0,-0.4573,0.79,-0.8125,-0.2698,0.0,-0.5,0.5,-0.4292,0.0905,0.456,0.0,1.0,0.0,0.0,0.0,-0.353,-0.2584776000000001,,,
-0.6396,-0.0531,-0.1238,-0.01851,-0.8296,0.857,-0.5205,1.0,1.0,0.08936,0.1672,-0.6006,0.0,1.271,-0.653,-0.206,-0.1758,0.00399,-0.6084,-0.4384,-0.3152,-0.379,0.0,-0.081,-0.304,-0.3423,0.0,0.0,-0.3264,0.0,-0.4685,0.4558,-0.579,-0.1757,-1.0,-1.0,0.0,-0.2103,-0.11487,0.1436,0.0,2.0,0.0,0.0,0.0,-0.2327,0.3316105600000001,,,
-0.654,0.129,-0.0722,-0.00728,7.035,0.857,-0.5205,1.0,1.0,0.0357,0.1142,-0.595,0.0,1.272,-0.455,-0.2163,-0.1868,0.1891,-0.607,0.4725,-0.3179,-0.4382,-0.379,0.0,-0.3005,-0.3398,0.0,0.0,-0.3245,0.0,-0.4565,0.5522,-0.643,0.2524,-1.0,-0.5,0.0,-0.3772,0.06323,0.4,1.0,0.0,0.0,0.0,0.0,0.3389,0.0346215999999999,,,
-0.6426,0.04544,-0.0824,0.0001033,-0.2913,0.857,-0.5205,1.0,1.0,0.04688,0.12384,-0.596,0.0,1.272,-0.4524,-0.2281,-0.197,0.09973,-0.6064,-0.10946,-0.3245,0.4722,-0.4382,-0.379,-0.2988,-0.3374,0.0,0.0,-0.3228,0.0,-0.4592,0.3235,-0.4807,-0.05344,-1.0,-1.0,-0.5,-0.3037,-0.015114,0.2852,0.0,1.0,0.0,0.0,0.0,-0.07074,0.11149856,,,
-0.67,0.108,-0.05984,0.008354,0.66,0.857,-0.5205,1.0,1.0,0.02203,0.1028,-0.594,0.0,1.273,-0.844,-0.2411,-0.2072,0.1652,-0.6055,0.1924999999999999,-0.3303,-0.1095,0.4722,-0.4382,-0.2998,-0.3352,0.0,0.0,-0.321,0.0,-0.4543,0.3567,-0.5024,0.07526,0.0,-0.5,-0.5,-0.3616,0.03029,0.3694,1.0,0.0,0.0,0.0,0.0,0.1,0.1419404,,,
-0.75,0.1376,-0.0464,0.01478,0.3005,0.857,-0.5205,1.0,1.0,0.002293,0.0956,-0.593,0.0,1.273,-0.5625,-0.2374,-0.2141,0.1458,-0.604,0.10935,-0.337,0.1923,-0.1095,0.4722,-0.3005,-0.3333,0.0,0.0,-0.319,0.0,-0.4514,0.2654,-0.4358,0.04193,1.0,0.0,-0.5,-0.3877,0.03065,0.398,2.0,0.0,0.0,0.0,0.0,0.05536,0.0857272,,,
-0.7456,0.1255,-0.0394,0.02364,0.0744,0.857,-0.5205,1.0,1.0,-0.00427,0.08813,-0.5923,0.0,1.274,-0.4954,-0.2373,-0.2234,0.1469,-0.6035,0.05454,-0.3503,0.1092,0.1923,-0.1095,-0.3008,-0.331,0.0,0.0,-0.3171,0.0,-0.45,0.5264,-0.6216,0.02753,2.0,0.0,0.0,-0.3792,0.02058,0.3975,3.0,0.0,0.0,0.0,0.0,0.03622,0.3361848,,,
-0.7036,0.2878,0.008675,0.03506,0.9717,0.857,-0.5205,1.0,1.0,-0.0476,0.03647,-0.587,0.0,1.274,-0.06744,-0.2339,-0.231,0.3,-0.602,0.4349,-0.3557,0.0544,0.1092,0.1923,-0.2986,-0.3286,0.0,0.0,-0.3147,0.0,-0.4387,0.6675,-0.7173,0.3293,2.0,0.0,0.0,-0.501,0.1827,0.6636,4.0,0.0,0.0,0.0,0.0,0.4326,-0.0677844,,,
-0.6704,0.812,0.1475,0.0559,1.651,0.857,-0.5205,1.0,1.0,-0.173,-0.09827,-0.572,0.0,1.275,0.4065,-0.2053,-0.2236,0.7476,-0.5977,1.2601,-0.3032,0.4346,0.0544,0.1092,-0.2913,-0.3257,0.0,0.0,-0.311,0.0,-0.4055,1.064,-0.986,1.695,3.0,0.5,0.5,-0.877,0.6826,1.113,5.0,0.0,0.0,0.0,0.0,2.197,0.4596599999999999,,,
-0.6055,1.004,0.2211,0.0831,0.3628,0.857,-0.5205,1.0,1.0,-0.2317,-0.1696,-0.5635,0.0,1.275,0.2786,-0.1156,-0.1808,0.7446,-0.5903,0.6451,-0.2252,1.26,0.4346,0.0544,-0.2832,-0.322,0.0,0.0,-0.3074,0.0,-0.388,1.324,-1.163,1.612,3.0,1.0,1.0,-1.023,0.8506,1.113,5.92,0.0,0.0,0.0,0.0,2.01,0.1070519999999999,,,
-0.623,0.955,0.2379,0.1076,0.0855,0.857,-0.5205,1.0,1.0,-0.2474,-0.183,-0.5615,0.0,1.275,-0.646,-0.04297,-0.1384,0.719,-0.5874,0.1518,-0.1635,0.6445,1.26,0.4346,-0.2744,-0.3184,0.0,0.0,-0.3035,0.0,-0.3835,1.279,-1.129,0.11664,3.0,1.5,1.0,-1.026,0.7583,0.99,5.92,0.0,0.0,0.0,0.0,0.1426,-0.0876272,,,
-0.685,0.857,0.2339,0.1237,0.03177,0.857,-0.5205,1.0,1.0,-0.249,-0.1743,-0.562,0.0,1.276,-0.772,0.01636,-0.09717,0.6343,-0.586,-0.02506,-0.1158,0.1516,0.6445,1.26,-0.266,-0.315,0.0,0.0,-0.2998,0.0,-0.3843,1.06,-0.973,-0.01526,2.0,1.5,0.5,-0.9272,0.6455,0.805,0.0,1.0,0.0,0.0,0.0,-0.01855,-0.2142595999999999,,,
-0.673,0.649,0.2035,0.1385,-0.10315,0.857,-0.5205,1.0,1.0,-0.222,-0.1486,-0.5654,0.0,1.276,-0.545,0.06067,-0.063,0.4536,-0.5845,-0.2519,-0.09607,-0.02516,0.1516,0.6445,-0.259,-0.3118,0.0,0.0,-0.2961,0.0,-0.3914,0.9214,-0.878,-0.1378,1.0,1.0,0.5,-0.738,0.47,0.6064,0.0,2.0,0.0,0.0,0.0,-0.1677,0.5419327999999998,,,
-0.635,0.8477,0.2698,0.1573,0.4238,0.857,-0.5205,1.0,1.0,-0.275,-0.2095,-0.558,0.0,1.277,-0.4949,0.1024,-0.02974,0.65,-0.5825,0.5841,-0.0647,-0.2517,-0.02516,0.1516,-0.2502,-0.3083,0.0,0.0,-0.292,0.0,-0.3752,1.061,-0.9697,0.5796,1.0,1.5,1.0,-0.878,0.6387,0.7114,1.0,0.0,0.0,0.0,0.0,0.711,0.1863387999999999,,,
-0.694,0.889,0.306,0.1812,0.1812,0.857,-0.512,1.0,1.0,-0.3096,-0.2354,-0.5537,0.0,1.277,-0.5645,0.1407,0.003014,0.7065,-0.5796,0.3241,-0.03693,0.5835,-0.2517,-0.02516,-0.2418,-0.3047,0.0,0.0,-0.2874,0.0,-0.366,1.373,-1.189,0.1938,1.0,1.5,1.5,-0.922,0.674,0.714,2.0,0.0,0.0,0.0,0.0,0.2335,-0.2356504,,,
-0.6724,0.561,0.2573,0.2054,-0.2278,0.857,-0.512,1.0,1.0,-0.2678,-0.1957,-0.559,0.0,1.278,-0.713,0.1661,0.02953,0.4395,-0.578,-0.3947,-0.04367,0.324,0.5835,-0.2517,-0.2385,-0.3013,0.0,0.0,-0.2827,0.0,-0.3772,1.373,-1.194,-0.1981,0.0,1.0,1.5,-0.691,0.4253,0.51,0.0,1.0,0.0,0.0,0.0,-0.2363,0.111072,,,
-0.6816,0.526,0.2737,0.2277,0.075,0.857,-0.512,1.0,1.0,-0.282,-0.209,-0.557,0.0,1.278,-0.5903,0.1824,0.05148,0.4338,-0.576,0.15,-0.0431,-0.3948,0.324,0.5835,-0.2368,-0.2979,0.0,0.0,-0.2786,0.0,-0.373,1.33,-1.161,0.08636,1.0,1.0,1.5,-0.6836,0.4207,0.4993,1.0,0.0,0.0,0.0,0.0,0.1043,0.0213851999999999,,,
-0.6978,0.4705,0.2866,0.2512,0.03574,0.857,-0.512,1.0,1.0,-0.294,-0.2185,-0.555,0.0,1.279,-0.686,0.1857,0.07104,0.4248,-0.574,0.1245,-0.02464,0.1499,-0.3948,0.324,-0.2351,-0.2942,0.0,0.0,-0.2754,0.0,-0.3696,1.431,-1.231,0.06464,2.0,1.0,2.0,-0.6724,0.4011,0.476,2.0,0.0,0.0,0.0,0.0,0.07776,0.0282391999999999,,,
-0.6646,0.6597,0.3608,0.2783,0.4995,0.857,-0.512,1.0,1.0,-0.3513,-0.2832,-0.547,0.0,1.279,-0.27,0.1768,0.0895,0.6514,-0.572,0.6441,0.00511,0.1243,0.1499,-0.3948,-0.2312,-0.2903,0.0,0.0,-0.2715,0.0,-0.351,1.492,-1.268,0.589,2.0,1.0,2.0,-0.826,0.6177,0.6055,3.0,0.0,0.0,0.0,0.0,0.705,-0.1325759999999999,,,
-0.63,0.3342,0.309,0.3018,-0.336,0.857,-0.512,1.0,1.0,-0.3071,-0.2433,-0.5522,0.0,1.28,-0.35,0.1588,0.1056,0.3655,-0.57,-0.4127,0.01335,0.644,0.1243,0.1499,-0.2279,-0.287,0.0,0.0,-0.268,0.0,-0.3633,1.181,-1.051,-0.304,1.0,0.5,1.5,-0.574,0.3901,0.408,0.0,1.0,0.0,0.0,0.0,-0.3567,0.761084,,,
-0.606,0.7,0.43,0.332,1.074,0.857,-0.512,1.0,1.0,-0.4004,-0.3435,-0.5386,0.0,1.28,-0.01866,0.1294,0.12317,0.746,-0.5664,1.0331,0.03604,-0.4126,0.644,0.1243,-0.223,-0.283,0.0,0.0,-0.263,0.0,-0.3335,1.323,-1.139,1.3,2.0,0.5,1.5,-0.8726,0.7646,0.651,1.0,0.0,0.0,0.0,0.0,1.545,0.006732,,,
-0.6426,0.542,0.4214,0.3591,-0.0828,0.857,-0.512,1.0,1.0,-0.3967,-0.3337,-0.5396,0.0,1.281,-0.677,0.0877,0.1389,0.6055,-0.5635,-0.0475699999999999,0.02867,1.033,-0.4126,0.644,-0.2194,-0.2793,0.0,0.0,-0.2573,0.0,-0.335,1.242,-1.082,-0.03796,1.0,0.5,1.0,-0.823,0.595,0.569,0.0,1.0,0.0,0.0,0.0,-0.04373,-0.0896839999999999,,,
-0.6885,0.3406,0.3892,0.3748,-0.212,0.857,-0.512,1.0,1.0,-0.3755,-0.3042,-0.5425,0.0,1.281,-0.34,0.06192,0.1534,0.366,-0.5605,-0.2385,0.01421,-0.04764,1.033,-0.4126,-0.2153,-0.2754,0.0,0.0,-0.2527,0.0,-0.342,0.874,-0.8223,-0.1965,0.0,0.5,0.5,-0.676,0.3992,0.4375,0.0,2.0,0.0,0.0,0.0,-0.2268,0.1192008,,,
-0.7354,0.6284,0.4766,0.3909,0.8623,0.857,-0.504,1.0,1.0,-0.446,-0.3691,-0.5327,0.0,1.281,-0.3015,0.09546,0.1682,0.586,-0.5566,0.7457,0.004826,-0.2386,-0.04764,1.033,-0.2091,-0.271,0.0,0.0,-0.2468,0.0,-0.32,0.9087,-0.8374,0.698,0.0,0.5,0.5,-0.864,0.657,0.6216,1.0,0.0,0.0,0.0,0.0,0.812,0.0929959999999999,,,
-0.7197,0.6035,0.4875,0.4067,0.0957,0.857,-0.4958,1.0,1.0,-0.453,-0.379,-0.531,0.0,1.282,-0.4521,0.1262,0.1742,0.5605,-0.554,0.1176,-0.01193,0.745,-0.2386,-0.04764,-0.2029,-0.2666,0.0,0.0,-0.2411,0.0,-0.3167,0.903,-0.8315,0.088,1.0,0.5,0.5,-0.823,0.6216,0.6025,2.0,0.0,0.0,0.0,0.0,0.1,0.0612455999999999,,,
-0.703,0.518,0.484,0.4229,0.000547,0.857,-0.4878,1.0,1.0,-0.449,-0.3774,-0.531,0.0,1.282,-0.599,0.1461,0.1732,0.4927,-0.5527,0.0001,-0.044,0.11743,0.745,-0.2386,-0.1989,-0.2617,0.0,0.0,-0.2355,0.0,-0.3167,0.9185,-0.843,0.0,0.0,0.5,0.5,-0.759,0.5254,0.5586,0.0,0.0,0.0,0.0,0.0,0.0,0.1700496,,,
-0.722,0.546,0.5127,0.4434,0.1823,0.857,-0.4878,1.0,1.0,-0.4717,-0.398,-0.5273,0.0,1.283,-0.7505,0.1539,0.1608,0.548,-0.551,0.2577,-0.0872,0.0,0.11743,0.745,-0.1924,-0.257,0.0,0.0,-0.2296,0.0,-0.3088,1.134,-0.993,0.1705,1.0,0.5,1.0,-0.8003,0.5366,0.627,1.0,0.0,0.0,0.0,0.0,0.193,0.2218936,,,
-0.7393,0.594,0.5444,0.462,0.216,0.857,-0.4878,1.0,1.0,-0.496,-0.4204,-0.5234,0.0,1.283,-0.2627,0.1665,0.1443,0.568,-0.5474,0.2789,-0.12354,0.2576,0.0,0.11743,-0.1886,-0.2532,0.0,0.0,-0.2239,0.0,-0.3003,1.081,-0.9517,0.321,2.0,0.5,1.0,-0.834,0.567,0.7085,2.0,0.0,0.0,0.0,0.0,0.3604,-0.0759628,,,
-0.718,0.3506,0.4976,0.4749,-0.2517,0.857,-0.4878,1.0,1.0,-0.4602,-0.3867,-0.5283,0.0,1.284,-0.4568,0.1725,0.1293,0.339,-0.546,-0.3454,-0.1367,0.2786,0.2576,0.0,-0.1858,-0.2494,0.0,0.0,-0.22,0.0,-0.311,0.7617,-0.7285,-0.2177,1.0,0.0,0.5,-0.63,0.3464,0.4958,0.0,1.0,0.0,0.0,0.0,-0.2423,0.1750609199999999,,,
-0.716,0.4321,0.5376,0.4937,0.3347,0.857,-0.4878,1.0,1.0,-0.4895,-0.4172,-0.5234,0.0,1.284,-0.4365,0.1674,0.1339,0.4504,-0.5444,0.3490999999999999,-0.1278,-0.3452,0.2786,0.2576,-0.1809,-0.2452,0.0,0.0,-0.2163,0.0,-0.3003,1.108,-0.9707,0.2181,1.0,0.5,1.0,-0.696,0.4363,0.578,1.0,0.0,0.0,0.0,0.0,0.2455,-0.5847360000000003,,,
-0.663,0.02213,0.4473,0.5054,-0.7197,0.857,-0.4878,1.0,1.0,-0.418,-0.3523,-0.533,0.0,1.285,-0.2114,0.1532,0.1365,0.04758,-0.5425,-0.6909,-0.1407,0.349,-0.3452,0.2786,-0.181,-0.2415,0.0,0.0,-0.2137,0.0,-0.3215,0.6235,-0.6343,-0.554,1.0,0.0,0.5,-0.3367,0.11926,0.2192,0.0,1.0,0.0,0.0,0.0,-0.6167,0.1926724,,,
-0.5615,-0.3994,0.3452,0.51,-4.22,0.7144,-0.4797,0.0,1.0,-0.3306,-0.2788,-0.5444,0.0,1.285,0.05777,0.1205,0.1301,-0.3552,-0.5425,-0.8002,-0.1644,-0.6904,0.349,-0.3452,-0.1844,-0.238,0.0,0.0,-0.2122,0.0,-0.3455,0.201,-0.3435,-0.8076,0.0,0.0,0.0,0.02399,-0.2385,-0.1897,0.0,2.0,0.0,1.0,-4.746,-0.919,0.4644904000000001,,,
-0.579,-0.06235,0.4343,0.5146,-0.999,0.7144,-0.4714,1.0,1.0,-0.4016,-0.349,-0.5337,0.0,1.286,-0.3582,0.07983,0.11633,-0.02776,-0.541,0.7726,-0.1993,-0.8,-0.6904,0.349,-0.1852,-0.2343,0.0,0.0,-0.2092,0.0,-0.323,0.2451,-0.365,0.3884,0.0,0.5,0.0,-0.2617,0.09735,0.1481,1.0,0.0,0.0,0.0,0.0,0.4534,0.243804,,,
-0.4822,-0.4731,0.332,0.516,-14.766,0.5713,-0.4634,0.0,1.0,-0.3137,-0.2744,-0.545,0.0,1.286,0.5156,0.02448,0.09796,-0.4397,-0.5405,-0.8012,-0.2202,0.772,-0.8,-0.6904,-0.1896,-0.2311,0.0,0.0,-0.2081,0.0,-0.347,0.0886,-0.2637,-0.7056,0.0,0.0,0.0,0.0774,-0.2773,-0.32,0.0,1.0,0.0,0.0,0.0,-0.8037,0.4141184,,,
-0.5176,-0.02951,0.4438,0.517,-1.076,0.5713,-0.4553,1.0,1.0,-0.404,-0.3618,-0.5317,0.0,1.287,-0.362,-0.02963,0.07776,-0.01581,-0.5396,0.9674,-0.2314,-0.8013,0.772,-0.8,-0.1918,-0.2273,0.0,0.0,-0.2062,0.0,-0.3186,0.0739,-0.2408,1.211,0.0,0.0,0.0,-0.261,0.1703,0.1809,1.0,0.0,0.0,0.0,0.0,1.415,0.3920811999999999,,,
-0.5054,0.0689,0.4712,0.52,2.164,0.5713,-0.4473,1.0,1.0,-0.4236,-0.384,-0.5283,0.0,1.287,-0.4275,-0.0847,0.05154,0.0811,-0.539,0.2581,-0.2583,0.967,-0.8013,0.772,-0.1918,-0.2234,0.0,0.0,-0.2034,0.0,-0.311,0.1694,-0.3057,0.2261,1.0,0.5,0.5,-0.3303,0.243,0.2996,2.0,0.0,0.0,0.0,0.0,0.2563,-0.0310184,,,
-0.529,0.0006022,0.4578,0.5244,-0.3525,0.5713,-0.439,1.0,1.0,-0.4155,-0.3718,-0.5293,0.0,1.287,-0.6895,-0.1351,0.0217,0.008766,-0.5376,-0.0697,-0.2896,0.258,0.967,-0.8013,-0.1932,-0.2196,0.0,0.0,-0.2009,0.0,-0.313,0.2319,-0.351,-0.05377,1.0,0.0,0.5,-0.2993,0.1398,0.2233,0.0,1.0,0.0,0.0,0.0,-0.0605,0.331112,,,
-0.5356,-0.1354,0.4187,0.5205,-1.641,0.4285,-0.431,0.0,1.0,-0.386,-0.3403,-0.533,0.0,1.288,-0.4185,-0.1743,-0.01599,-0.1296,-0.5376,-0.2799,-0.3281,-0.0698,0.258,0.967,-0.1932,-0.2163,0.0,0.0,-0.1989,0.0,-0.3215,-0.11163,-0.10974,-0.2045,0.0,-0.5,0.0,-0.1505,0.000912,-0.01996,0.0,2.0,0.0,0.0,0.0,-0.2306,-0.223429336,,,
-0.5576,-0.151,0.4084,0.515,0.4417,0.2856,-0.4229,0.0,1.0,-0.38,-0.3303,-0.5337,0.0,1.288,-0.743,-0.2163,-0.05893,-0.1477,-0.538,-0.0469599999999999,-0.3447,-0.2798,-0.0698,0.258,-0.1907,-0.214,0.0,0.0,-0.1978,0.0,-0.323,-0.1725,-0.06696,-0.02155,0.0,-0.5,-0.5,-0.1125,-0.03452,-0.0951,0.0,3.0,0.0,0.0,0.0,-0.02452,0.4251920000000001,,,
-0.573,0.03748,0.4524,0.5127,-2.758,0.2856,-0.4146,1.0,1.0,-0.4148,-0.3638,-0.5283,0.0,1.289,-0.779,-0.2627,-0.10864,0.03903,-0.5376,0.4007,-0.385,-0.04706,-0.2798,-0.0698,-0.1892,-0.2118,0.0,0.0,-0.1956,0.0,-0.311,-0.02962,-0.1636,0.2197,0.0,-0.5,0.0,-0.2485,0.121,0.2345,1.0,0.0,1.0,0.0,2.309,0.2502,-0.1688159999999999,,,
-0.556,-0.03458,0.427,0.5063,-0.515,0.2856,-0.4065,1.0,1.0,-0.394,-0.3452,-0.531,0.0,1.289,-0.5996,-0.3113,-0.1572,-0.04056,-0.5376,-0.1629,-0.3892,0.4006,-0.04706,-0.2798,-0.1855,-0.21,0.0,0.0,-0.1948,0.0,-0.316,-0.1769,-0.0607,-0.1071,-1.0,-0.5,-0.5,-0.1631,0.0185,0.03552,0.0,1.0,0.0,0.0,0.0,-0.12054,-0.1041057959999999,,,
-0.549,-0.1445,0.3872,0.4956,-2.38,0.1428,-0.3984,0.0,1.0,-0.3628,-0.3142,-0.5347,0.0,1.29,-0.2678,-0.3467,-0.2076,-0.1473,-0.5386,-0.2807,-0.3953,-0.1628,0.4006,-0.04706,-0.1863,-0.2083,0.0,0.0,-0.1943,0.0,-0.3245,-0.3745,0.0766,-0.2394,-1.0,-0.5,-1.0,-0.03638,-0.12164,-0.2893,0.0,2.0,0.0,0.0,0.0,-0.2708,-0.0003339999999999,,,
-0.5483,-0.1396,0.379,0.487,0.05115,0.0,-0.3901,0.0,1.0,-0.3562,-0.3076,-0.5347,0.0,1.29,-0.445,-0.3813,-0.2563,-0.144,-0.539,-0.0235,-0.4106,-0.2808,-0.1628,0.4006,-0.1879,-0.2064,0.0,0.0,-0.1937,0.0,-0.325,-0.2683,0.0006156,-0.01507,-1.0,-1.0,-1.0,-0.03714,-0.1562,-0.3667,0.0,3.0,0.0,0.0,0.0,-0.01718,0.107076,,,
-0.5845,-0.1323,0.3684,0.4758,-0.000286,-0.1428,-0.382,0.0,1.0,-0.3508,-0.296,-0.5356,0.0,1.291,-0.844,-0.4094,-0.2961,-0.1464,-0.5396,-0.0471399999999999,-0.409,-0.02359,-0.2808,-0.1628,-0.1895,-0.2051,0.0,0.0,-0.194,0.0,-0.3264,-0.4338,0.11804,-0.01955,-1.0,-1.0,-1.5,-0.0465,-0.2172,-0.4072,0.0,4.0,0.0,0.0,0.0,-0.02232,-0.1226679999999999,,,
-0.609,-0.2554,0.329,0.4683,2.705,-0.2856,-0.374,0.0,1.0,-0.3215,-0.2617,-0.5396,0.0,1.291,-0.6167,-0.4265,-0.3347,-0.2656,-0.54,-0.2839,-0.4016,-0.0472,-0.02359,-0.2808,-0.191,-0.2042,0.0,0.0,-0.1947,0.0,-0.335,-0.283,0.006756,-0.1334,-2.0,-1.5,-1.5,0.04388,-0.368,-0.681,0.0,5.0,0.0,0.0,0.0,-0.1525,0.281868,,,
-0.671,-0.02124,0.3901,0.4717,-1.304,-0.1428,-0.366,1.0,1.0,-0.3748,-0.3064,-0.5317,0.0,1.292,-0.3325,-0.4468,-0.3728,-0.0341,-0.539,0.5491,-0.4019,-0.2837,-0.0472,-0.02359,-0.1906,-0.2025,0.0,0.0,-0.1948,0.0,-0.3186,0.3025,-0.404,0.317,-1.0,-1.5,-1.0,-0.191,-0.1431,-0.06256,1.0,0.0,0.0,0.0,0.0,0.3655,0.0248091999999999,,,
-0.7256,0.02724,0.3987,0.4692,0.996,-0.1428,-0.3577,1.0,1.0,-0.386,-0.3088,-0.5303,0.0,1.292,-0.844,-0.46,-0.4102,0.01137,-0.539,0.1174,-0.405,0.549,-0.2837,-0.0472,-0.191,-0.2009,0.0,0.0,-0.1951,0.0,-0.3152,0.0376,-0.2134,0.053,0.0,-1.0,-1.0,-0.258,-0.1453,0.087,2.0,0.0,0.0,0.0,0.0,0.06015,-0.0421363999999999,,,
-0.7324,-0.4053,0.2883,0.467,-4.125,-0.1428,-0.3496,0.0,1.0,-0.2983,-0.2173,-0.5425,0.0,1.293,0.1123,-0.4697,-0.435,-0.4082,-0.539,-0.8649,-0.4065,0.1173,0.549,-0.2837,-0.194,-0.2001,0.0,0.0,-0.1968,0.0,-0.3413,8.3e-07,-0.1981,-0.8794,0.0,-1.0,-1.0,0.1024,-0.5356,-0.8486,0.0,1.0,0.0,0.0,0.0,-0.994,-0.5122479999999999,,,
-0.747,-0.6587,0.2103,0.4521,0.969,-0.2856,-0.3416,0.0,1.0,-0.2339,-0.1486,-0.551,0.0,1.293,-0.631,-0.4695,-0.4583,-0.6753,-0.5396,-0.6249,-0.3733,-0.8647,0.1173,0.549,-0.1981,-0.2003,0.0,0.0,-0.1987,0.0,-0.3596,-0.836,0.3906,-0.3386,0.0,-1.0,-1.5,0.3584,-0.767,-1.255,0.0,2.0,0.0,1.0,-4.812,-0.3933,0.0122744,,,
-0.7383,-0.7007,0.1807,0.4333,0.2113,-0.4285,-0.3333,0.0,1.0,-0.2076,-0.1228,-0.5537,0.0,1.293,-0.3472,-0.4392,-0.469,-0.688,-0.5425,-0.2205,-0.3508,-0.6245,-0.8647,0.1173,-0.203,-0.2004,0.0,0.0,-0.2015,0.0,-0.366,-1.104,0.5786,-0.2156,0.0,-1.5,-2.0,0.416,-0.811,-1.235,0.0,3.0,0.0,0.0,0.0,-0.2554,0.4663999999999999,,,
-0.7285,-0.4026,0.2388,0.419,-0.3809,-0.5713,-0.3252,0.0,1.0,-0.2566,-0.1749,-0.5464,0.0,1.294,-0.3623,-0.4043,-0.4614,-0.3772,-0.544,0.5431,-0.3408,-0.2205,-0.6245,-0.8647,-0.2058,-0.2009,0.0,0.0,-0.2028,0.0,-0.3503,-0.7104,0.305,0.3752,0.0,-1.0,-1.5,0.1635,-0.5166,-0.7075,1.0,0.0,0.0,0.0,0.0,0.4475,-0.3188575999999998,,,
-0.726,-0.608,0.1715,0.4023,0.816,-0.5713,-0.3171,0.0,1.0,-0.1986,-0.1155,-0.5537,0.0,1.294,-0.595,-0.3716,-0.446,-0.589,-0.5454,-0.5336,-0.3174,0.5425,-0.2205,-0.6245,-0.2094,-0.2018,0.0,0.0,-0.2036,0.0,-0.366,-0.7896,0.3545,-0.2925,-1.0,-1.0,-1.5,0.3867,-0.6987,-1.031,0.0,1.0,0.0,0.0,0.0,-0.3433,0.4835704000000001,,,
-0.71,-0.2323,0.2517,0.3918,-0.629,-0.5713,-0.3088,0.0,1.0,-0.2659,-0.1877,-0.544,0.0,1.295,-0.398,-0.3442,-0.4263,-0.214,-0.546,0.7401,-0.3147,-0.5337,0.5425,-0.2205,-0.2125,-0.2019,0.0,0.0,-0.2045,0.0,-0.3447,-0.394,0.08154,0.5557,0.0,-0.5,-1.0,0.0666,-0.3274,-0.4507,1.0,0.0,0.0,0.0,0.0,0.6626,0.14201376,,,
-0.7236,-0.1273,0.2637,0.3794,-0.61,-0.7144,-0.3008,0.0,1.0,-0.277,-0.197,-0.542,0.0,1.295,-0.734,-0.3223,-0.406,-0.11725,-0.547,0.1449,-0.318,0.74,-0.5337,0.5425,-0.2155,-0.2024,0.0,0.0,-0.2042,0.0,-0.3406,-0.521,0.1742,0.0848,1.0,0.0,-1.0,0.0,-0.2598,-0.353,2.0,0.0,0.0,0.0,0.0,0.0988,0.1763364,,,
-0.7407,-0.01096,0.282,0.3704,-2.57,-0.7144,-0.2927,1.0,1.0,-0.2937,-0.2112,-0.5396,0.0,1.296,-0.737,-0.3054,-0.3862,0.00249,-0.5474,0.1921999999999999,-0.3215,0.1447,0.74,-0.5337,-0.2147,-0.2029,0.0,0.0,-0.2048,0.0,-0.335,-0.3674,0.06696,0.1143,2.0,0.5,-0.5,-0.08246,-0.1836,-0.1859,3.0,0.0,0.0,0.0,0.0,0.1327,0.0201983999999999,,,
-0.741,0.01256,0.2803,0.3638,0.4907,-0.5713,-0.2847,1.0,1.0,-0.2922,-0.2096,-0.539,0.0,1.296,-0.2576,-0.288,-0.368,0.0452,-0.5483,0.02396,-0.332,0.192,0.1447,0.74,-0.2117,-0.2035,0.0,0.0,-0.2058,0.0,-0.3342,-0.2437,-0.02106,0.01407,2.0,0.5,0.0,-0.0861,-0.18,-0.1376,4.0,0.0,0.0,0.0,0.0,0.01624,0.1325343999999999,,,
-0.7603,0.0998,0.2957,0.3586,1.126,-0.4285,-0.2764,1.0,1.0,-0.3064,-0.2211,-0.5366,0.0,1.297,-0.6206,-0.277,-0.3555,0.1332,-0.549,0.1671,-0.3416,0.02386,0.192,0.1447,-0.2074,-0.204,0.0,0.0,-0.2065,0.0,-0.3293,-0.1566,-0.081,0.11053,3.0,0.5,0.5,-0.14,-0.11115,0.0254,5.0,0.0,0.0,0.0,0.0,0.1274,-0.0191662399999999,,,
-0.7285,-0.02762,0.2573,0.3518,-0.618,-0.2856,-0.2683,1.0,1.0,-0.2722,-0.1909,-0.5405,0.0,1.297,-0.585,-0.2705,-0.347,-0.001669,-0.549,-0.2846,-0.3452,0.1669,0.02386,0.192,-0.2059,-0.2051,0.0,0.0,-0.2072,0.0,-0.3376,-0.2527,-0.01625,-0.1759,2.0,0.5,0.5,-0.01473,-0.2428,-0.1942,0.0,1.0,0.0,0.0,0.0,-0.2017,-0.2757735999999999,,,
-0.706,-0.1553,0.2195,0.3452,-2.406,-0.2856,-0.2603,0.0,1.0,-0.2385,-0.16,-0.5444,0.0,1.298,-0.427,-0.2673,-0.341,-0.1335,-0.549,-0.2873,-0.3464,-0.2847,0.1669,0.02386,-0.2036,-0.206,0.0,0.0,-0.2081,0.0,-0.3462,-0.2527,-0.01997,-0.1361,1.0,0.5,0.5,0.0876,-0.3784,-0.407,0.0,2.0,0.0,0.0,0.0,-0.1575,-0.089472,,,
-0.7217,-0.2211,0.1904,0.3325,1.086,-0.4285,-0.252,0.0,1.0,-0.2147,-0.1328,-0.5474,0.0,1.298,-0.574,-0.2727,-0.3364,-0.2057,-0.55,-0.2173,-0.3574,-0.287,-0.2847,0.1669,-0.2045,-0.2075,0.0,0.0,-0.2098,0.0,-0.3525,-0.601,0.2258,-0.1726,0.0,0.5,0.0,0.1696,-0.4536,-0.552,0.0,3.0,0.0,0.0,0.0,-0.2015,0.073292,,,
-0.707,-0.09985,0.2062,0.32,-0.7935,-0.5713,-0.2439,0.0,1.0,-0.2272,-0.1482,-0.5454,0.0,1.299,-0.6084,-0.2874,-0.3333,-0.0951,-0.551,0.1704,-0.3694,-0.2173,-0.287,-0.2847,-0.2053,-0.2083,0.0,0.0,-0.2112,0.0,-0.3477,-0.575,0.2096,0.06885,0.0,0.5,0.0,0.04697,-0.4016,-0.3657,1.0,0.0,0.0,0.0,0.0,0.08093,-0.0138159999999999,,,
-0.7397,-0.11426,0.1971,0.3147,0.9604,-0.5713,-0.2357,0.0,1.0,-0.2219,-0.1373,-0.546,0.0,1.299,-0.3027,-0.3113,-0.3281,-0.08344,-0.552,-0.0482999999999999,-0.3743,0.1702,-0.2173,-0.287,-0.207,-0.2084,0.0,0.0,-0.2123,0.0,-0.349,-0.2327,-0.0354,-0.02751,-1.0,0.5,0.0,0.02747,-0.4429,-0.3774,0.0,1.0,0.0,0.0,0.0,-0.03217,0.268124,,,
-0.7153,0.07043,0.2439,0.3179,-5.86,-0.4285,-0.2277,1.0,1.0,-0.26,-0.1805,-0.54,0.0,1.299,0.1353,-0.348,-0.3276,0.11334,-0.5513,0.4364,-0.3809,-0.04837,0.1702,-0.2173,-0.2073,-0.2087,0.0,0.0,-0.2126,0.0,-0.3364,0.34,-0.4387,0.3638,0.0,0.5,0.5,-0.1447,-0.2372,0.0655,1.0,0.0,0.0,0.0,0.0,0.4263,0.0415959999999999,,,
-0.7124,-0.0527,0.218,0.3218,-0.734,-0.2856,-0.2195,1.0,1.0,-0.2378,-0.1582,-0.5425,0.0,1.3,-0.4004,-0.3772,-0.3323,-0.02618,-0.55,-0.1912,-0.3877,0.436,-0.04837,0.1702,-0.2087,-0.2086,0.0,0.0,-0.2134,0.0,-0.342,0.3562,-0.4526,-0.148,0.0,0.0,0.5,-0.079,-0.3428,-0.09973,0.0,1.0,0.0,0.0,0.0,-0.171,0.6808415999999999,,,
-0.683,0.4932,0.3574,0.331,18.77,-0.1428,-0.2195,1.0,1.0,-0.35,-0.2788,-0.5264,0.0,1.3,0.3833,-0.4014,-0.3408,0.5127,-0.5483,1.2271,-0.355,-0.1912,0.436,-0.04837,-0.2051,-0.2083,0.0,0.0,-0.2122,0.0,-0.306,0.615,-0.6216,1.017,1.0,0.0,0.5,-0.5156,0.192,0.941,1.0,0.0,0.0,0.0,0.0,1.182,-0.0900639999999999,,,
-0.6797,0.4087,0.3503,0.344,-0.02362,0.0,-0.2114,1.0,1.0,-0.3442,-0.2732,-0.5264,0.0,1.301,-0.4602,-0.4128,-0.3567,0.4373,-0.547,-0.02306,-0.3389,1.226,-0.1912,0.436,-0.2004,-0.2081,0.0,0.0,-0.2117,0.0,-0.3066,0.967,-0.873,-0.014656,0.0,-0.5,0.5,-0.4973,0.0995,0.835,0.0,1.0,0.0,0.0,0.0,-0.0164,-0.1383492,,,
-0.6753,0.1787,0.2988,0.3481,-0.3684,0.1428,-0.2032,1.0,1.0,-0.3022,-0.2308,-0.5317,0.0,1.301,-0.421,-0.4114,-0.3777,0.2076,-0.546,-0.3939,-0.3428,-0.02315,1.226,-0.1912,-0.1964,-0.2083,0.0,0.0,-0.2118,0.0,-0.3186,0.4114,-0.4817,-0.1566,0.0,-1.0,0.0,-0.293,-0.0907,0.511,0.0,2.0,0.0,0.0,0.0,-0.1755,-0.366184,,,
-0.593,-0.1938,0.2057,0.3445,-1.397,0.1428,-0.1951,0.0,1.0,-0.2175,-0.1571,-0.5425,0.0,1.302,0.0217,-0.4036,-0.403,-0.1694,-0.546,-0.7509,-0.3428,-0.3938,-0.02315,1.226,-0.1957,-0.2089,0.0,0.0,-0.2118,0.0,-0.3413,-0.10626,-0.12225,-0.7007,-1.0,-1.0,-0.5,0.05618,-0.3992,-0.1356,0.0,3.0,0.0,0.0,0.0,-0.7944,0.220276,,,
-0.599,-0.02383,0.2437,0.3423,-1.481,0.1428,-0.187,1.0,1.0,-0.2502,-0.1898,-0.5376,0.0,1.302,-0.769,-0.3933,-0.429,0.001699,-0.5454,0.3605,-0.35,-0.7505,-0.3938,-0.02315,-0.1935,-0.209,0.0,0.0,-0.2106,0.0,-0.3306,-0.02658,-0.1744,0.2133,0.0,-0.5,-0.5,-0.08026,-0.2194,0.1338,1.0,0.0,0.0,0.0,0.0,0.2477,-0.5975560000000001,,,
-0.5356,-0.473,0.1262,0.3325,-8.21,0.0,-0.1788,0.0,1.0,-0.1432,-0.08984,-0.551,0.0,1.303,0.07776,-0.3867,-0.443,-0.4531,-0.5464,-0.9739,-0.3577,0.3604,-0.7505,-0.3938,-0.1963,-0.2103,0.0,0.0,-0.2103,0.0,-0.3596,-0.432,0.10205,-0.9,-1.0,-0.5,-1.0,0.3643,-0.5977,-0.7515,0.0,1.0,0.0,0.0,0.0,-1.034,-0.3318224,,,
-0.4924,-0.5796,0.0872,0.3188,0.4246,-0.1428,-0.1708,0.0,1.0,-0.1043,-0.05692,-0.555,0.0,1.303,-0.189,-0.3853,-0.4517,-0.565,-0.5474,-0.3185,-0.3396,-0.9736,0.3604,-0.7505,-0.1993,-0.2119,0.0,0.0,-0.211,0.0,-0.3687,-0.606,0.2223,-0.2404,-1.0,-1.0,-1.5,0.4636,-0.6973,-0.9375,0.0,2.0,0.0,0.0,0.0,-0.2847,-0.0547015999999999,,,
-0.456,-0.5327,0.08777,0.3083,0.03323,-0.2856,-0.1626,0.0,1.0,-0.10187,-0.06042,-0.5547,0.0,1.304,-0.09644,-0.3855,-0.4568,-0.512,-0.5483,0.02485,-0.337,-0.3186,-0.9736,0.3604,-0.2067,-0.2131,0.0,0.0,-0.2112,0.0,-0.3682,-0.5063,0.1515,0.0168,0.0,-0.5,-1.0,0.3972,-0.655,-0.9062,1.0,0.0,0.0,0.0,0.0,0.0201,0.2841920000000001,,,
-0.462,-0.3433,0.1267,0.3027,-0.315,-0.2856,-0.1544,0.0,1.0,-0.1377,-0.09644,-0.55,0.0,1.304,-0.3247,-0.3853,-0.4595,-0.3179,-0.549,0.3711,-0.3303,0.02475,-0.3186,-0.9736,-0.2126,-0.214,0.0,0.0,-0.2117,0.0,-0.3574,-0.2457,-0.02985,0.222,1.0,-0.5,-0.5,0.2164,-0.4485,-0.58,2.0,0.0,0.0,0.0,0.0,0.2654,0.3462948,,,
-0.4463,0.04446,0.2211,0.3057,-1.448,-0.1428,-0.1464,1.0,1.0,-0.219,-0.1827,-0.5386,0.0,1.305,-0.1991,-0.3882,-0.4612,0.0705,-0.5483,0.8561,-0.329,0.3708,0.02475,-0.3186,-0.2142,-0.2142,0.0,0.0,-0.2114,0.0,-0.3328,0.1432,-0.2966,0.4797,1.0,0.0,0.0,-0.1083,-0.03757,0.0819,3.0,0.0,0.0,0.0,0.0,0.567,0.4723104000000001,,,
-0.4492,0.2441,0.273,0.3105,1.83,0.0,-0.1382,1.0,1.0,-0.263,-0.2275,-0.5317,0.0,1.305,-0.4504,-0.3958,-0.4614,0.2783,-0.548,0.4764,-0.32,0.8555,0.3708,0.02475,-0.2117,-0.2137,0.0,0.0,-0.2107,0.0,-0.3186,0.2368,-0.3572,0.266,2.0,0.0,0.0,-0.2598,0.1641,0.4238,4.0,0.0,0.0,0.0,0.0,0.3064,0.4154268,,,
-0.433,0.7695,0.4124,0.325,1.858,0.1428,-0.1301,1.0,1.0,-0.373,-0.3438,-0.515,0.0,1.305,0.2588,-0.4038,-0.4536,0.7725,-0.545,1.2211,-0.2598,0.476,0.8555,0.3708,-0.2059,-0.2126,0.0,0.0,-0.2085,0.0,-0.282,0.5527,-0.5664,1.439,3.0,0.5,0.5,-0.653,0.651,1.051,5.0,0.0,1.0,0.0,5.676,1.633,-0.1097239999999999,,,
-0.4412,0.6914,0.4043,0.3357,0.03534,0.1428,-0.12195,1.0,1.0,-0.3674,-0.337,-0.5156,0.0,1.306,-0.05276,-0.3965,-0.436,0.6733,-0.5425,-0.0225,-0.2147,1.22,0.476,0.8555,-0.1969,-0.2118,0.0,0.0,-0.2065,0.0,-0.2827,0.4524,-0.495,-0.0229,2.0,0.5,0.0,-0.5825,0.5576,0.8525,0.0,1.0,0.0,0.0,0.0,-0.02502,0.5431816,,,
-0.4424,0.8965,0.4702,0.3523,0.4167,0.1428,-0.11383,1.0,1.0,-0.4177,-0.3884,-0.507,0.0,1.306,-0.2139,-0.3606,-0.4077,0.8706,-0.54,0.5885,-0.1493,-0.0226,1.22,0.476,-0.1847,-0.2096,0.0,0.0,-0.2036,0.0,-0.2644,0.653,-0.63,0.5684,2.0,1.0,0.5,-0.7695,0.688,0.941,1.0,0.0,0.0,0.0,0.0,0.6216,0.193552,,,
-0.5264,0.962,0.4941,0.3606,0.2048,0.1428,-0.1057,1.0,1.0,-0.4421,-0.4,-0.5034,0.0,1.307,-0.637,-0.3208,-0.3796,0.9453,-0.5386,0.2445,-0.08997,0.588,-0.0226,1.22,-0.1716,-0.2068,0.0,0.0,-0.1998,0.0,-0.2566,0.449,-0.4812,0.1476,2.0,1.0,0.5,-0.7734,0.7114,0.8604,2.0,0.0,0.0,0.0,0.0,0.1584,-0.0426068,,,
-0.5146,0.8574,0.476,0.3682,0.02649,0.1428,-0.09753,1.0,1.0,-0.428,-0.3872,-0.505,0.0,1.307,-0.3855,-0.2737,-0.351,0.831,-0.5366,-0.0881,-0.05307,0.2443,0.588,-0.0226,-0.16,-0.2037,0.0,0.0,-0.1959,0.0,-0.2595,0.4202,-0.462,-0.0733,1.0,1.0,0.5,-0.677,0.576,0.6953,0.0,1.0,0.0,0.0,0.0,-0.0781,0.5813359999999999,,,
-0.5166,1.122,0.557,0.3853,0.4343,0.1428,-0.0894,1.0,1.0,-0.4873,-0.448,-0.4944,0.0,1.308,-0.1868,-0.2175,-0.3196,1.101,-0.534,0.7076,0.00659,-0.08813,0.2443,0.588,-0.1488,-0.2006,0.0,0.0,-0.1914,0.0,-0.2368,0.7515,-0.6885,0.618,1.0,1.5,1.0,-0.8726,0.776,0.8135,1.0,0.0,0.0,0.0,0.0,0.6606,0.1101224,,,
-0.526,1.035,0.5605,0.4092,0.05615,0.2856,-0.0813,1.0,1.0,-0.4907,-0.4497,-0.4932,0.0,1.308,-0.1896,-0.142,-0.2788,0.997,-0.5303,0.0866,0.0526,0.707,-0.08813,0.2443,-0.1389,-0.1969,0.0,0.0,-0.1865,0.0,-0.234,1.129,-0.9565,0.08136,2.0,1.5,1.5,-0.8315,0.7036,0.7144,2.0,0.0,0.0,0.0,0.0,0.085,0.000586,,,
-0.52,0.8965,0.5474,0.4297,0.0008965,0.2856,-0.0732,1.0,1.0,-0.481,-0.4407,-0.4937,0.0,1.309,-0.677,-0.0724,-0.2394,0.8965,-0.5283,-0.0430199999999999,0.0908,0.0865,0.707,-0.08813,-0.1334,-0.1938,0.0,0.0,-0.1824,0.0,-0.2355,1.047,-0.899,-0.02231,1.0,1.0,1.0,-0.777,0.5537,0.6016,0.0,1.0,0.0,0.0,0.0,-0.02325,-0.19899824,,,
-0.581,0.6553,0.516,0.457,-0.1301,0.4285,-0.06506,1.0,1.0,-0.463,-0.412,-0.4966,0.0,1.309,-0.837,0.00091,-0.1919,0.674,-0.525,-0.1942,0.10876,-0.04312,0.0865,0.707,-0.1287,-0.191,0.0,0.0,-0.1782,0.0,-0.2418,1.519,-1.238,-0.0958,0.0,0.5,1.0,-0.636,0.394,0.4695,0.0,2.0,0.0,0.0,0.0,-0.1,0.2338991999999998,,,
-0.5728,0.6396,0.545,0.4895,0.1104,0.5713,-0.05692,1.0,1.0,-0.483,-0.434,-0.4924,0.0,1.31,-0.10986,0.07947,-0.1323,0.659,-0.5205,0.2825999999999999,0.143,-0.1943,-0.04312,0.0865,-0.12494,-0.1882,0.0,0.0,-0.1752,0.0,-0.2327,1.574,-1.413,0.2444,1.0,0.5,1.5,-0.673,0.4575,0.4944,1.0,0.0,0.0,0.0,0.0,0.2566,0.0511416,,,
-0.6187,0.5537,0.5566,0.523,0.00611,0.7144,-0.04877,1.0,1.0,-0.495,-0.4392,-0.4902,0.0,1.31,-0.7617,0.1528,-0.06476,0.5874,-0.516,0.1508999999999999,0.1761,0.2825,-0.1943,-0.04312,-0.1215,-0.1852,0.0,0.0,-0.1719,0.0,-0.2277,1.574,-1.417,0.0857,1.0,0.5,1.5,-0.6763,0.4404,0.477,2.0,0.0,0.0,0.0,0.0,0.08923,0.2306039999999999,,,
-0.658,0.456,0.5625,0.5537,-0.03117,0.857,-0.04065,1.0,1.0,-0.5024,-0.4404,-0.4885,0.0,1.311,-0.844,0.2107,0.002628,0.5254,-0.5127,0.1073,0.2023,0.1508,0.2825,-0.1943,-0.1174,-0.1823,0.0,0.0,-0.168,0.0,-0.2241,1.574,-1.405,0.04062,1.0,1.0,1.5,-0.6875,0.381,0.4468,3.0,0.0,0.0,0.0,0.0,0.04208,-0.35511,,,
-0.6665,0.05524,0.4792,0.5728,-0.6636,0.857,-0.03253,1.0,1.0,-0.4424,-0.377,-0.4976,0.0,1.311,-0.508,0.2507,0.06464,0.1364,-0.5103,-0.5979,0.1919,0.1071,0.1508,0.2825,-0.1182,-0.1797,0.0,0.0,-0.164,0.0,-0.2439,1.186,-1.001,-0.3184,1.0,0.5,1.0,-0.3882,0.0821,0.2345,0.0,1.0,0.0,0.0,0.0,-0.3289,0.106648,,,
-0.664,0.07275,0.4993,0.59,0.2705,0.857,-0.02438,1.0,1.0,-0.457,-0.3923,-0.4944,0.0,1.311,-0.5127,0.2737,0.12195,0.1512,-0.5073,0.2178999999999999,0.1874,-0.598,0.1071,0.1508,-0.1185,-0.1766,0.0,0.0,-0.16,0.0,-0.2369,1.142,-0.967,0.2201,2.0,0.5,1.0,-0.4856,0.08624,0.2578,1.0,0.0,0.0,0.0,0.0,0.2317,-0.0346566,,,
-0.721,0.0335,0.495,0.5967,-0.1389,0.857,-0.01627,1.0,1.0,-0.4587,-0.3845,-0.4941,0.0,1.312,-0.4048,0.2966,0.1738,0.06476,-0.5044,0.02172,0.1445,0.2177,-0.598,0.1071,-0.11865,-0.1733,0.0,0.0,-0.1549,0.0,-0.2362,0.829,-0.743,0.02075,2.0,1.0,1.0,-0.457,0.05502,0.2275,2.0,0.0,0.0,0.0,0.0,0.02168,-0.274772,,,
-0.671,-0.1549,0.4512,0.602,-1.62,0.7144,-0.00813,0.0,1.0,-0.4216,-0.3547,-0.4985,0.0,1.312,0.4258,0.3066,0.213,-0.1416,-0.503,-0.3024,0.06635,0.02162,0.2177,-0.598,-0.11914,-0.1705,0.0,0.0,-0.1498,0.0,-0.2461,0.5864,-0.5747,-0.412,1.0,0.5,1.0,-0.318,-0.1214,0.098,0.0,1.0,0.0,0.0,0.0,-0.4304,0.2964132000000001,,,
-0.6577,0.12067,0.5254,0.6074,-3.87,0.7144,0.0,1.0,1.0,-0.4758,-0.4126,-0.4888,0.0,1.3125,0.1505,0.306,0.2373,0.1252,-0.5015,0.6551,-0.02617,-0.3025,0.02162,0.2177,-0.1182,-0.167,0.0,0.0,-0.1438,0.0,-0.225,0.6216,-0.5903,0.898,1.0,0.5,1.0,-0.5283,0.145,0.307,1.0,0.0,0.0,0.0,0.0,0.947,0.0716427999999999,,,
-0.661,0.03723,0.5054,0.6094,-0.308,0.7144,0.00813,1.0,1.0,-0.4614,-0.3972,-0.4905,0.0,1.3125,-0.7344,0.2817,0.2455,0.04498,-0.5005,-0.10683,-0.136,0.6543,-0.3025,0.02162,-0.1183,-0.164,0.0,0.0,-0.1384,0.0,-0.2284,0.4355,-0.4592,-0.06415,1.0,0.5,0.5,-0.4446,0.05746,0.2556,0.0,1.0,0.0,0.0,0.0,-0.0663,-0.3035751999999999,,,
-0.6587,-0.2314,0.4346,0.6084,-2.29,0.5713,0.01627,0.0,1.0,-0.4082,-0.3428,-0.4983,0.0,1.313,-0.5615,0.235,0.2395,-0.2213,-0.5,-0.5145,-0.2335,-0.1069,0.6543,-0.3025,-0.1208,-0.1613,0.0,0.0,-0.1348,0.0,-0.2454,0.1417,-0.257,-0.4224,0.0,0.5,0.5,-0.2175,-0.2029,-0.06256,0.0,2.0,0.0,0.0,0.0,-0.438,-0.0012547999999999,,,
-0.6367,-0.35,0.3938,0.5986,0.9785,0.4285,0.02438,0.0,1.0,-0.375,-0.3123,-0.5024,0.0,1.313,-0.002672,0.169,0.2185,-0.3577,-0.5,-0.2833,-0.3313,-0.5146,-0.1069,0.6543,-0.122,-0.1598,0.0,0.0,-0.1322,0.0,-0.2546,-0.4238,0.1426,-0.1864,-1.0,0.0,0.0,-0.084,-0.3237,-0.3818,0.0,3.0,0.0,0.0,0.0,-0.1964,0.069448,,,
-0.6626,-0.2695,0.4045,0.5894,-0.187,0.2856,0.03253,0.0,1.0,-0.3855,-0.3186,-0.5005,0.0,1.314,-0.4482,0.0952,0.1888,-0.2585,-0.501,0.1321,-0.3657,-0.2832,-0.5146,-0.1069,-0.1236,-0.1582,0.0,0.0,-0.1309,0.0,-0.2502,-0.3938,0.12305,0.124,0.0,0.0,0.0,-0.132,-0.2634,-0.34,1.0,0.0,0.0,0.0,0.0,0.1318,-0.1201788,,,
-0.672,-0.3523,0.3726,0.5786,0.6035,0.1428,0.04065,0.0,1.0,-0.361,-0.2922,-0.504,0.0,1.314,-0.844,0.001113,0.1517,-0.3472,-0.5015,-0.219,-0.4058,0.132,-0.2832,-0.5146,-0.1261,-0.1565,0.0,0.0,-0.1298,0.0,-0.2573,-0.4795,0.181,-0.133,-1.0,-0.5,0.0,-0.039,-0.3596,-0.7144,0.0,1.0,0.0,0.0,0.0,-0.1409,0.5197999999999999,,,
-0.639,0.0284,0.467,0.5776,-1.367,0.1428,0.04065,1.0,1.0,-0.4312,-0.3696,-0.4917,0.0,1.315,-0.463,-0.09863,0.11084,0.03735,-0.5015,0.8165,-0.421,-0.219,0.132,-0.2832,-0.1243,-0.1534,0.0,0.0,-0.1284,0.0,-0.2313,0.0661,-0.1969,0.629,0.0,0.0,0.5,-0.334,0.00796,0.266,1.0,0.0,1.0,0.0,2.836,0.671,0.4606124,,,
-0.6777,-0.04196,0.4436,0.5723,-0.552,0.1428,0.04065,1.0,1.0,-0.4165,-0.3484,-0.4941,0.0,1.315,-0.6494,-0.1891,0.06018,-0.03726,-0.5015,-0.1504,-0.431,0.816,-0.219,0.132,-0.1256,-0.1508,0.0,0.0,-0.1276,0.0,-0.2362,-0.1497,-0.045,-0.1167,0.0,-0.5,0.0,-0.2488,-0.08264,0.0218,0.0,1.0,0.0,0.0,0.0,-0.12134,0.8263977599999999,,,
-0.6104,0.409,0.558,0.574,12.38,0.1428,0.04065,1.0,1.0,-0.4958,-0.4412,-0.4795,0.0,1.316,0.3083,-0.2625,0.003246,0.3967,-0.5005,0.9728,-0.4084,-0.1505,0.816,-0.219,-0.12286,-0.1465,0.0,0.0,-0.1252,0.0,-0.2045,0.2107,-0.2883,1.181,1.0,-0.5,0.0,-0.559,0.3333,1.113,1.0,0.0,0.0,0.0,0.0,1.233,0.2012873599999999,,,
-0.586,0.3384,0.5396,0.574,-0.02078,0.1428,0.04065,1.0,1.0,-0.4805,-0.4294,-0.4812,0.0,1.316,-0.6387,-0.3208,-0.0572,0.2969,-0.4988,-0.1047599999999999,-0.385,0.972,-0.1505,0.816,-0.11847,-0.142,0.0,0.0,-0.124,0.0,-0.208,0.1182,-0.2238,-0.1469,0.0,-0.5,-0.5,-0.4917,0.2091,0.8257,0.0,1.0,0.0,0.0,0.0,-0.1488,0.4648576,,,
-0.599,0.5234,0.595,0.584,0.6045,0.1428,0.04065,1.0,1.0,-0.521,-0.469,-0.4736,0.0,1.316,-0.465,-0.3638,-0.111,0.4783,-0.497,0.4841,-0.3394,-0.1048,0.972,-0.1505,-0.1111,-0.1371,0.0,0.0,-0.1223,0.0,-0.1919,0.605,-0.564,0.651,1.0,-0.5,0.0,-0.6196,0.3706,1.049,1.0,0.0,0.0,0.0,0.0,0.662,0.048384,,,
-0.621,0.5806,0.6177,0.5938,0.2341,0.1428,0.04065,1.0,1.0,-0.5386,-0.4836,-0.47,0.0,1.317,-0.626,-0.3762,-0.1685,0.5303,-0.4954,0.2281,-0.2915,0.484,-0.1048,0.972,-0.10333,-0.1322,0.0,0.0,-0.1202,0.0,-0.1841,0.6113,-0.565,0.281,1.0,0.0,0.0,-0.64,0.4119,0.982,2.0,0.0,0.0,0.0,0.0,0.2815,-0.6324207999999999,,,
-0.5723,0.1447,0.509,0.5957,-0.5703,0.1428,0.04065,1.0,1.0,-0.4568,-0.4072,-0.4827,0.0,1.317,-0.1323,-0.3623,-0.2239,0.09357,-0.4941,-0.8026,-0.288,0.2279,0.484,-0.1048,-0.09796,-0.1288,0.0,0.0,-0.1189,0.0,-0.2117,0.1884,-0.2754,-0.868,1.0,0.0,-0.5,-0.2416,0.0482,0.2908,0.0,1.0,0.0,0.0,0.0,-0.864,0.0217288,,,
-0.612,-0.08655,0.451,0.5977,-0.96,0.1428,0.04065,0.0,1.0,-0.417,-0.3596,-0.4893,0.0,1.318,-0.2788,-0.337,-0.267,-0.1512,-0.493,-0.4223,-0.2883,-0.8022,0.2279,0.484,-0.0973,-0.1262,0.0,0.0,-0.1186,0.0,-0.2257,0.1348,-0.2433,-0.4473,0.0,0.0,-0.5,-0.06076,-0.1642,-0.0474,0.0,2.0,0.0,0.0,0.0,-0.4565,0.779744,,,
-0.636,0.4373,0.5884,0.603,-14.766,0.1428,0.04065,1.0,1.0,-0.5195,-0.4612,-0.4717,0.0,1.318,0.0767,-0.3044,-0.2947,0.3596,-0.4917,1.1551,-0.259,-0.422,-0.8022,0.2279,-0.09155,-0.12354,0.0,0.0,-0.11694,0.0,-0.1876,0.2908,-0.338,0.896,1.0,0.0,-0.5,-0.448,0.348,0.715,1.0,0.0,0.0,0.0,0.0,0.927,-0.0324959999999999,,,
-0.626,0.3638,0.5747,0.609,-0.01797,0.1428,0.04065,1.0,1.0,-0.509,-0.452,-0.4727,0.0,1.319,-0.649,-0.275,-0.312,0.3027,-0.491,-0.0618499999999999,-0.237,1.155,-0.422,-0.8022,-0.08984,-0.1209,0.0,0.0,-0.1155,0.0,-0.1898,0.308,-0.351,-0.03784,0.0,0.0,-0.5,-0.3992,0.2488,0.586,0.0,1.0,0.0,0.0,0.0,-0.03775,-0.0460599999999999,,,
-0.6,0.04398,0.4978,0.6147,-0.6343,0.2856,0.04065,1.0,1.0,-0.451,-0.3967,-0.4814,0.0,1.319,-0.532,-0.2471,-0.3213,-0.003967,-0.49,-0.5585,-0.24,-0.06192,1.155,-0.422,-0.0899,-0.1194,0.0,0.0,-0.114,0.0,-0.2089,0.2822,-0.341,-0.3118,-1.0,-0.5,-0.5,-0.12415,-0.008026,0.1732,0.0,2.0,0.0,0.0,0.0,-0.3118,0.1740863999999999,,,
-0.562,0.05316,0.5083,0.624,0.2117,0.4285,0.04065,1.0,1.0,-0.4556,-0.4077,-0.4795,0.0,1.32,0.4666,-0.2162,-0.3174,0.0,-0.488,0.1263999999999999,-0.2384,-0.5586,-0.06192,1.155,-0.09143,-0.1179,0.0,0.0,-0.1127,0.0,-0.2046,0.4321,-0.4463,0.1917,0.0,0.0,0.0,-0.1584,0.02684,0.2242,1.0,0.0,0.0,0.0,0.0,0.195,0.17098,,,
-0.5693,0.3394,0.594,0.6387,2.408,0.5713,0.04065,1.0,1.0,-0.518,-0.471,-0.4683,0.0,1.32,-0.2932,-0.188,-0.3,0.2915,-0.486,0.7341,-0.2169,0.1263,-0.5586,-0.06192,-0.09094,-0.11566,0.0,0.0,-0.11035,0.0,-0.1799,0.5806,-0.5415,0.5312,1.0,0.0,0.0,-0.3977,0.3286,0.6167,2.0,0.0,0.0,0.0,0.0,0.5386,-0.3096159999999999,,,
-0.5083,0.0761,0.538,0.6514,-0.535,0.7144,0.04065,1.0,1.0,-0.4731,-0.4348,-0.4744,0.0,1.321,-0.2815,-0.1682,-0.278,0.05124,-0.4846,-0.3895,-0.221,0.734,0.1263,-0.5586,-0.08875,-0.11444,0.0,0.0,-0.10815,0.0,-0.1934,0.503,-0.492,-0.2632,0.0,0.0,0.0,-0.2201,0.1029,0.3188,0.0,1.0,0.0,0.0,0.0,-0.2607,0.0533956,,,
-0.518,0.3867,0.629,0.6636,2.242,0.7144,0.04065,1.0,1.0,-0.538,-0.5,-0.4624,0.0,1.321,-0.3806,-0.1523,-0.2517,0.367,-0.483,0.7681,-0.1888,-0.3894,0.734,0.1263,-0.0819,-0.11255,0.0,0.0,-0.1057,0.0,-0.1672,0.503,-0.4805,0.652,1.0,0.0,0.0,-0.4597,0.4146,0.6904,1.0,0.0,0.0,0.0,0.0,0.654,0.3866159999999999,,,
-0.5107,0.4924,0.6714,0.6807,0.3743,0.7144,0.04065,1.0,1.0,-0.567,-0.531,-0.456,0.0,1.322,-0.4412,-0.1404,-0.2219,0.4878,-0.4807,0.3851,-0.1477,0.7676,-0.3894,0.734,-0.07794,-0.1103,0.0,0.0,-0.1026,0.0,-0.1539,0.647,-0.577,0.35,2.0,0.0,0.5,-0.583,0.4836,0.768,2.0,0.0,0.0,0.0,0.0,0.343,0.0928779999999999,,,
-0.541,0.185,0.594,0.684,-0.4392,0.7144,0.04065,1.0,1.0,-0.5156,-0.4731,-0.4648,0.0,1.322,-0.2482,-0.1292,-0.192,0.159,-0.4788,-0.5409,-0.1508,0.385,0.7676,-0.3894,-0.0759,-0.10834,0.0,0.0,-0.0996,0.0,-0.173,0.2064,-0.2712,-0.6997,1.0,0.0,0.0,-0.291,0.2257,0.4119,0.0,1.0,0.0,0.0,0.0,-0.6772,-0.1091279999999999,,,
-0.4004,-0.444,0.4236,0.677,-2.39,0.5713,0.04877,0.0,1.0,-0.3792,-0.3555,-0.4854,0.0,1.322,0.1136,-0.1311,-0.1715,-0.471,-0.4788,-1.2829,-0.1827,-0.5405,0.385,0.7676,-0.07697,-0.1079,0.0,0.0,-0.098,0.0,-0.2174,-0.1683,-0.02336,-1.561,0.0,0.0,0.0,0.3079,-0.3052,-0.3452,0.0,2.0,0.0,1.0,-6.105,-1.536,-0.06226,,,
-0.3801,-0.4092,0.4211,0.665,0.03041,0.4285,0.04877,0.0,1.0,-0.3755,-0.3552,-0.485,0.0,1.323,-0.1805,-0.1473,-0.1664,-0.4246,-0.48,0.02132,-0.2133,-1.283,-0.5405,0.385,-0.07837,-0.1076,0.0,0.0,-0.0966,0.0,-0.2167,-0.3052,0.0747,0.0297,1.0,0.0,0.0,0.2705,-0.288,-0.3828,1.0,0.0,0.0,0.0,0.0,0.03047,-0.138898,,,
-0.3655,-0.4712,0.39,0.6494,0.3352,0.2856,0.04877,0.0,1.0,-0.3503,-0.3315,-0.4883,0.0,1.323,-0.5757,-0.1714,-0.1738,-0.4846,-0.4814,-0.2121,-0.2568,0.02121,-1.283,-0.5405,-0.0835,-0.10754,0.0,0.0,-0.0952,0.0,-0.2238,-0.4326,0.1625,-0.1879,0.0,0.0,-0.5,0.311,-0.3943,-0.6035,0.0,1.0,0.0,0.0,0.0,-0.1926,0.4464839999999999,,,
-0.4058,-0.1846,0.46,0.647,-0.6523,0.1428,0.04877,0.0,1.0,-0.4072,-0.3835,-0.4788,0.0,1.324,-0.457,-0.2009,-0.188,-0.1908,-0.4814,0.6191,-0.2747,-0.212,0.02121,-1.283,-0.08466,-0.10645,0.0,0.0,-0.09406,0.0,-0.2034,-0.01997,-0.123,0.492,0.0,0.5,0.0,0.05032,-0.1037,-0.2057,1.0,0.0,0.0,0.0,0.0,0.508,-0.317844,,,
-0.3518,-0.4912,0.3772,0.643,3.309,0.1428,0.04877,0.0,1.0,-0.339,-0.3223,-0.4885,0.0,1.324,0.0958,-0.2334,-0.2091,-0.4968,-0.4812,-0.6283,-0.2888,0.619,-0.212,0.02121,-0.0913,-0.1061,0.0,0.0,-0.09357,0.0,-0.2245,-0.0824,-0.0877,-0.7383,0.0,0.0,0.0,0.2847,-0.3997,-0.72,0.0,1.0,0.0,0.0,0.0,-0.7476,0.107322,,,
-0.4133,-0.511,0.357,0.6274,0.1857,0.0,0.04877,0.0,1.0,-0.3281,-0.3008,-0.4905,0.0,1.325,-0.546,-0.2678,-0.2344,-0.5415,-0.4817,-0.1281,-0.273,-0.628,0.619,-0.212,-0.1001,-0.10583,0.0,0.0,-0.09454,0.0,-0.2288,-0.4985,0.2074,-0.07477,0.0,-0.5,-0.5,0.3193,-0.4275,-0.757,0.0,2.0,0.0,0.0,0.0,-0.0772,0.0724479999999999,,,
-0.384,-0.4626,0.3547,0.6123,0.01259,-0.1428,0.04877,0.0,1.0,-0.324,-0.3013,-0.4902,0.0,1.325,-0.2499,-0.3076,-0.2637,-0.4695,-0.484,0.02155,-0.2603,-0.1282,-0.628,0.619,-0.10657,-0.10535,0.0,0.0,-0.0954,0.0,-0.228,-0.4731,0.1896,0.03326,0.0,0.0,0.0,0.2588,-0.4226,-0.696,1.0,0.0,0.0,0.0,0.0,0.0345,-0.18544,,,
-0.354,-0.5386,0.324,0.6006,0.3464,-0.2856,0.04877,0.0,1.0,-0.2969,-0.2783,-0.4934,0.0,1.326,-0.189,-0.3484,-0.2917,-0.557,-0.4841,-0.2143,-0.243,0.02144,-0.1282,-0.628,-0.10864,-0.1056,0.0,0.0,-0.09717,0.0,-0.2351,-0.369,0.1121,-0.1195,0.0,-0.5,0.0,0.3298,-0.4863,-0.7656,0.0,1.0,0.0,0.0,0.0,-0.12384,-0.1523504,,,
-0.4277,-0.5083,0.319,0.5874,0.06186,-0.4285,0.04877,0.0,1.0,-0.2988,-0.2683,-0.4934,0.0,1.326,-0.406,-0.3716,-0.3167,-0.522,-0.4854,0.0001,-0.2339,-0.2142,0.02144,-0.1282,-0.1108,-0.1058,0.0,0.0,-0.09924,0.0,-0.2351,-0.4202,0.1487,0.0,-1.0,-1.0,-0.5,0.2651,-0.4978,-0.698,0.0,0.0,0.0,0.0,0.0,0.0,0.1796507999999999,,,
-0.4397,-0.2798,0.3608,0.5713,-0.438,-0.5713,0.04877,0.0,1.0,-0.3333,-0.3018,-0.4875,0.0,1.327,-0.2284,-0.3713,-0.3408,-0.317,-0.486,0.3885,-0.23,0.0,-0.2142,0.02144,-0.1106,-0.10516,0.0,0.0,-0.09973,0.0,-0.2224,-0.5776,0.2666,0.1329,0.0,-0.5,-0.5,0.08344,-0.3093,-0.4333,1.0,0.0,0.0,0.0,0.0,0.1387,0.3995124,,,
-0.4631,-0.03937,0.4128,0.563,-1.161,-0.5713,0.04877,1.0,1.0,-0.3757,-0.3418,-0.4805,0.0,1.327,-0.3489,-0.3574,-0.3618,-0.07556,-0.4868,0.4693,-0.2367,0.3884,0.0,-0.2142,-0.111,-0.1038,0.0,0.0,-0.09894,0.0,-0.2069,-0.2457,0.0366,0.2451,1.0,0.0,0.0,-0.1256,-0.12427,-0.1493,2.0,0.0,0.0,0.0,0.0,0.2527,0.046432,,,
-0.4824,-0.07465,0.3872,0.546,-0.766,-0.5713,0.04877,1.0,1.0,-0.3577,-0.3198,-0.4832,0.0,1.327,-0.2644,-0.3325,-0.3762,-0.11957,-0.4878,-0.168,-0.2412,0.469,0.3884,0.0,-0.1096,-0.1027,0.0,0.0,-0.0999,0.0,-0.2125,-0.6646,0.333,-0.108,0.0,-0.5,-0.5,-0.05984,-0.2183,-0.2388,0.0,1.0,0.0,0.0,0.0,-0.1096,0.3467612000000001,,,
-0.4646,0.4866,0.515,0.5347,18.77,-0.5713,0.04877,1.0,1.0,-0.453,-0.421,-0.4663,0.0,1.328,-0.3228,-0.318,-0.388,0.4092,-0.4878,1.0991,-0.2306,-0.1681,0.469,0.3884,-0.1034,-0.1004,0.0,0.0,-0.09937,0.0,-0.1759,-0.3376,0.1159,1.819,1.0,0.0,-0.5,-0.4534,0.2489,0.4695,1.0,0.0,0.0,0.0,0.0,1.858,-0.1619072,,,
-0.415,1.102,0.672,0.5396,1.29,-0.5713,0.05692,1.0,1.0,-0.5596,-0.539,-0.4456,0.0,1.328,0.899,-0.3325,-0.4016,0.981,-0.4854,1.3081,-0.1534,1.098,-0.1681,0.469,-0.092,-0.0976,0.0,0.0,-0.0961,0.0,-0.1307,0.3208,-0.3342,2.553,2.0,0.0,0.0,-0.8955,0.711,1.028,2.0,0.0,0.0,0.0,0.0,2.52,0.260306,,,
-0.518,1.185,0.7124,0.561,0.2083,-0.4285,0.06506,1.0,1.0,-0.5947,-0.5586,-0.4392,0.0,1.329,-0.7104,-0.3538,-0.4104,1.085,-0.483,0.3729,-0.07184,1.307,1.098,-0.1681,-0.0782,-0.0943,0.0,0.0,-0.09247,0.0,-0.1174,1.049,-0.8477,0.361,2.0,0.5,0.5,-0.932,0.7827,0.9688,3.0,0.0,0.0,0.0,0.0,0.3425,0.1902599999999999,,,
-0.562,1.233,0.747,0.585,0.1746,-0.2856,0.0732,1.0,1.0,-0.6216,-0.5786,-0.4338,0.0,1.329,-0.692,-0.3516,-0.4084,1.15,-0.4797,0.3298999999999999,0.00968,0.3726,1.307,1.098,-0.0629,-0.0915,0.0,0.0,-0.08936,0.0,-0.1054,1.106,-0.884,0.2334,2.0,1.0,0.5,-0.9585,0.8203,0.9165,4.0,0.0,0.0,0.0,0.0,0.2188,-0.331988,,,
-0.5503,0.9243,0.6904,0.6074,-0.11755,-0.1428,0.0813,1.0,1.0,-0.5825,-0.5405,-0.44,0.0,1.33,-0.588,-0.317,-0.395,0.867,-0.4768,-0.3646,0.0589,0.3296,0.3726,1.307,-0.05078,-0.089,0.0,0.0,-0.08624,0.0,-0.11884,1.003,-0.816,-0.2395,2.0,0.5,0.5,-0.7397,0.5674,0.653,0.0,1.0,0.0,0.0,0.0,-0.2222,0.3784488,,,
-0.5767,0.935,0.7095,0.6255,0.1445,0.0,0.0894,1.0,1.0,-0.5977,-0.552,-0.4365,0.0,1.33,-0.738,-0.2686,-0.373,0.9062,-0.4749,0.2137,0.10657,-0.3645,0.3296,0.3726,-0.03952,-0.08673,0.0,0.0,-0.0839,0.0,-0.1111,0.9336,-0.7627,0.12164,2.0,1.0,0.5,-0.768,0.555,0.6494,1.0,0.0,0.0,0.0,0.0,0.11414,0.0979992,,,
-0.639,0.914,0.7285,0.652,0.1115,0.1428,0.09753,1.0,1.0,-0.615,-0.5596,-0.4329,0.0,1.331,-0.7407,-0.2024,-0.34,0.915,-0.4717,0.2123,0.1531,0.2135,-0.3645,0.3296,-0.0267,-0.0844,0.0,0.0,-0.0818,0.0,-0.10333,1.3545,-1.06,0.115,2.0,1.5,1.0,-0.7725,0.5664,0.6504,2.0,0.0,0.0,0.0,0.0,0.1072,-0.1549619999999999,,,
-0.6255,0.6616,0.687,0.6772,-0.1378,0.2856,0.1057,1.0,1.0,-0.5864,-0.532,-0.437,0.0,1.331,-0.543,-0.1274,-0.2998,0.6978,-0.469,-0.249,0.1901,0.2122,0.2135,-0.3645,-0.01926,-0.08167,0.0,0.0,-0.0793,0.0,-0.1125,1.259,-0.9956,-0.1842,1.0,1.0,1.0,-0.5947,0.402,0.505,0.0,1.0,0.0,0.0,0.0,-0.1705,0.062256,,,
-0.649,0.541,0.678,0.702,-0.04,0.4285,0.11383,1.0,1.0,-0.5825,-0.5244,-0.437,0.0,1.332,-0.6396,-0.02396,-0.2347,0.521,-0.4634,0.0001,0.2113,-0.249,0.2122,0.2135,-0.0171,-0.0785,0.0,0.0,-0.0749,0.0,-0.11255,1.256,-0.9937,0.0,0.0,0.5,0.5,-0.5483,0.3308,0.4426,0.0,0.0,0.0,0.0,0.0,0.0,-0.271452,,,
-0.627,0.2252,0.6167,0.725,-0.4087,0.5713,0.12195,1.0,1.0,-0.5386,-0.4824,-0.4438,0.0,1.332,-0.1649,0.0671,-0.17,0.2369,-0.4607,-0.4054,0.2139,0.0,-0.249,0.2122,-0.01826,-0.0768,0.0,0.0,-0.07117,0.0,-0.1273,1.115,-0.8994,-0.2502,0.0,0.5,0.5,-0.3198,0.1332,0.2732,0.0,1.0,0.0,0.0,0.0,-0.2336,-0.234246,,,
-0.6274,0.03638,0.5864,0.7466,-0.525,0.7144,0.1301,1.0,1.0,-0.517,-0.4602,-0.4468,0.0,1.333,-0.5547,0.1455,-0.10626,0.0656,-0.458,-0.1759,0.2019,-0.4055,0.0,-0.249,-0.02158,-0.0752,0.0,0.0,-0.06744,0.0,-0.1337,1.008,-0.8257,-0.1091,-1.0,0.0,0.5,-0.2286,0.01778,0.1835,0.0,2.0,0.0,0.0,0.0,-0.1031,0.0101856,,,
-0.615,-0.1943,0.538,0.7617,-1.961,0.7144,0.1382,0.0,1.0,-0.4817,-0.4258,-0.452,0.0,1.333,-0.273,0.1995,-0.05048,-0.13,-0.4565,-0.3146,0.1947,-0.176,-0.4055,0.0,-0.02464,-0.07336,0.0,0.0,-0.065,0.0,-0.145,0.7534,-0.649,-0.1791,-2.0,-0.5,0.0,-0.0882,-0.1426,0.05975,0.0,3.0,0.0,0.0,0.0,-0.1703,0.05338068,,,
-0.6313,-0.2274,0.538,0.7725,0.447,0.5713,0.1464,0.0,1.0,-0.483,-0.4243,-0.451,0.0,1.333,-0.5737,0.231,-0.0004346,-0.1453,-0.455,0.0597,0.1687,-0.3147,-0.176,-0.4055,-0.02837,-0.07166,0.0,0.0,-0.06158,0.0,-0.143,0.6577,-0.58,0.02618,-1.0,-0.5,0.0,-0.1089,-0.1318,0.04758,1.0,0.0,0.0,0.0,0.0,0.02515,0.12473068,,,
-0.663,-0.2944,0.5303,0.785,0.623,0.4285,0.1544,0.0,1.0,-0.4797,-0.416,-0.451,0.0,1.334,-0.723,0.2354,0.04514,-0.1982,-0.4531,0.0001,0.1316,0.05957,-0.3147,-0.176,-0.033,-0.0706,0.0,0.0,-0.058,0.0,-0.143,0.7495,-0.6455,0.0,-1.0,-1.0,0.0,-0.151,-0.1981,0.01427,0.0,0.0,0.0,0.0,0.0,0.0,0.021562,,,
-0.733,-0.4238,0.495,0.785,0.7812,0.2856,0.1626,0.0,1.0,-0.4595,-0.3835,-0.4546,0.0,1.334,-0.7197,0.2281,0.09064,-0.4082,-0.4495,-0.218,0.08636,0.0,0.05957,-0.3147,-0.03748,-0.0694,0.0,0.0,-0.05478,0.0,-0.1506,0.2712,-0.3074,-0.08563,-1.0,-1.0,-0.5,-0.10864,-0.3562,-0.0974,0.0,1.0,0.0,0.0,0.0,-0.0821,0.4149516399999999,,,
-0.831,-0.183,0.5493,0.7773,-0.618,0.1428,0.1708,0.0,1.0,-0.507,-0.4163,-0.4465,0.0,1.335,-0.4807,0.2102,0.1282,-0.2195,-0.448,0.4994,0.02322,-0.218,0.0,0.05957,-0.03986,-0.0684,0.0,0.0,-0.05054,0.0,-0.133,-0.1317,-0.01219,0.3474,0.0,-1.0,-0.5,-0.2979,-0.1423,0.0471,1.0,0.0,0.0,0.0,0.0,0.3352,0.0975657199999999,,,
-0.822,-0.12366,0.5537,0.7666,-0.4902,0.0,0.1788,0.0,1.0,-0.5093,-0.4202,-0.4448,0.0,1.335,-0.557,0.1719,0.1486,-0.1637,-0.4482,0.09837,-0.05774,0.499,-0.218,0.0,-0.0401,-0.06775,0.0,0.0,-0.04614,0.0,-0.1295,-0.324,0.1266,0.06744,1.0,-1.0,-0.5,-0.3298,-0.1338,0.04855,2.0,0.0,0.0,0.0,0.0,0.0641,0.197276,,,
-0.812,0.05054,0.5874,0.7554,-4.266,0.0,0.187,1.0,1.0,-0.5327,-0.4458,-0.4392,0.0,1.336,-0.613,0.122,0.1538,0.00334,-0.4485,0.3334,-0.1337,0.09827,0.499,-0.218,-0.0382,-0.06616,0.0,0.0,-0.04175,0.0,-0.11755,-0.324,0.1318,0.2278,1.0,-0.5,-0.5,-0.4407,-0.02065,0.1794,3.0,0.0,0.0,0.0,0.0,0.2157,-0.1279104,,,
-0.8037,-0.1018,0.5366,0.745,-1.102,-0.1428,0.1951,0.0,1.0,-0.4958,-0.4092,-0.4448,0.0,1.336,-0.779,0.05942,0.1433,-0.1395,-0.449,-0.3297,-0.2057,0.333,0.09827,0.499,-0.03638,-0.0637,0.0,0.0,-0.03854,0.0,-0.1295,-0.2996,0.10913,-0.2424,1.0,-0.5,-0.5,-0.276,-0.1841,-0.05533,0.0,1.0,0.0,0.0,0.0,-0.2273,-0.161524,,,
-0.7827,-0.28,0.4746,0.7285,9.414,-0.2856,0.2032,0.0,1.0,-0.4482,-0.3635,-0.452,0.0,1.337,-0.5225,-0.0216,0.1127,-0.32,-0.45,-0.4311,-0.3213,-0.3296,0.333,0.09827,-0.03665,-0.0617,0.0,0.0,-0.0357,0.0,-0.1451,-0.708,0.394,-0.2368,1.0,-0.5,-1.0,-0.07916,-0.3706,-0.528,0.0,2.0,0.0,0.0,0.0,-0.2242,-0.0901812,,,
-0.784,-0.1864,0.482,0.711,-0.37,-0.4285,0.2114,0.0,1.0,-0.4539,-0.3694,-0.45,0.0,1.337,-0.6997,-0.11053,0.0648,-0.2314,-0.4512,0.1193,-0.3723,-0.431,-0.3296,0.333,-0.03638,-0.05936,0.0,0.0,-0.03424,0.0,-0.1409,-0.7925,0.456,0.07117,1.0,0.0,-1.0,-0.1357,-0.3252,-0.5464,1.0,0.0,0.0,0.0,0.0,0.06836,-0.1996602399999999,,,
-0.772,-0.401,0.4082,0.6914,2.314,-0.5713,0.2195,0.0,1.0,-0.397,-0.3125,-0.4587,0.0,1.338,-0.5386,-0.2087,0.00921,-0.4387,-0.453,-0.5339,-0.347,0.11914,-0.431,-0.3296,-0.03748,-0.05814,0.0,0.0,-0.03546,0.0,-0.1599,-0.908,0.5303,-0.4167,0.0,0.0,-1.0,0.1083,-0.5264,-1.014,0.0,1.0,0.0,0.0,0.0,-0.3987,-0.2608904,,,
-0.72,-0.572,0.3425,0.667,0.704,-0.7144,0.2277,0.0,1.0,-0.3413,-0.2637,-0.4666,0.0,1.338,-0.1166,-0.2634,-0.05212,-0.5835,-0.4558,-0.4831,-0.3035,-0.534,0.11914,-0.431,-0.0426,-0.0568,0.0,0.0,-0.03793,0.0,-0.1769,-1.069,0.637,-0.6353,-1.0,-0.5,-1.0,0.2903,-0.712,-1.219,0.0,2.0,0.0,0.0,0.0,-0.618,0.0742299999999999,,,
-0.766,-0.5063,0.3406,0.647,-0.008545,-0.857,0.2357,0.0,1.0,-0.3433,-0.258,-0.4658,0.0,1.339,-0.682,-0.2888,-0.11206,-0.507,-0.4578,0.04096,-0.285,-0.483,-0.534,0.11914,-0.04797,-0.0553,0.0,0.0,-0.04083,0.0,-0.1755,-0.898,0.516,0.02849,0.0,0.0,-0.5,0.2314,-0.664,-1.037,1.0,0.0,0.0,0.0,0.0,0.02815,-0.1238668,,,
-0.7876,-0.4846,0.3289,0.6284,0.07855,-1.0,0.2439,0.0,1.0,-0.3357,-0.2467,-0.4666,0.0,1.339,-0.81,-0.2793,-0.169,-0.4856,-0.4592,-0.0407299999999999,-0.2615,0.04086,-0.483,-0.534,-0.05493,-0.05386,0.0,0.0,-0.0432,0.0,-0.1769,-0.8438,0.4766,-0.02301,0.0,0.0,-0.5,0.2036,-0.6646,-0.9385,0.0,1.0,0.0,0.0,0.0,-0.0227,0.0921996,,,
-0.796,-0.3816,0.3413,0.6143,-0.1399,-1.0,0.252,0.0,1.0,-0.3464,-0.2563,-0.4639,0.0,1.339,-0.3013,-0.254,-0.2244,-0.3782,-0.4602,0.1636,-0.2588,-0.0408,0.04086,-0.483,-0.0598,-0.05206,0.0,0.0,-0.04572,0.0,-0.1713,-0.5703,0.2842,0.0829,0.0,0.0,0.0,0.114,-0.5576,-0.7476,1.0,0.0,0.0,0.0,0.0,0.0819,-0.0351564,,,
-0.7983,-0.3542,0.3342,0.599,0.03592,-1.0,0.2603,0.0,1.0,-0.3408,-0.2502,-0.4639,0.0,1.34,-0.5825,-0.2188,-0.2693,-0.3457,-0.4612,0.0001,-0.2727,0.1635,-0.0408,0.04086,-0.06287,-0.05026,0.0,0.0,-0.04852,0.0,-0.1713,-0.618,0.3184,0.0,0.0,-0.5,-0.5,0.0941,-0.5356,-0.7007,0.0,0.0,0.0,0.0,0.0,0.0,-0.6381100000000002,,,
-0.726,-0.7007,0.2275,0.5767,1.489,-1.0,0.2683,0.0,1.0,-0.2468,-0.1653,-0.4773,0.0,1.34,-0.4333,-0.1774,-0.2986,-0.697,-0.463,-0.8334,-0.2438,0.0,0.1635,-0.0408,-0.0698,-0.04962,0.0,0.0,-0.0522,0.0,-0.2002,-0.945,0.5386,-0.612,0.0,-1.0,-0.5,0.4512,-0.847,-1.15,0.0,1.0,0.0,0.0,0.0,-0.601,0.3314232,,,
-0.5767,-0.379,0.2937,0.562,-0.4219,-1.0,0.2764,0.0,1.0,-0.2903,-0.2347,-0.4675,0.0,1.341,1.378,-0.1387,-0.2908,-0.3386,-0.465,0.6265999999999999,-0.2551,-0.8335,0.0,0.1635,-0.0721,-0.04886,0.0,0.0,-0.05493,0.0,-0.1791,-0.4792,0.2156,1.219,0.0,-0.5,0.0,0.1547,-0.5215,-0.671,1.0,0.0,0.0,0.0,0.0,1.23,-0.13574152,,,
-0.593,-0.3982,0.2698,0.541,0.2025,-1.0,0.2847,0.0,1.0,-0.2717,-0.213,-0.4697,0.0,1.341,-0.368,-0.1122,-0.2673,-0.3525,-0.467,-0.1432,-0.2517,0.626,-0.8335,0.0,-0.0729,-0.04803,0.0,0.0,-0.05728,0.0,-0.1841,-0.8467,0.4758,-0.1495,0.0,-0.5,-0.5,0.1946,-0.558,-0.709,0.0,1.0,0.0,0.0,0.0,-0.148,-0.098826,,,
-0.6016,-0.3357,0.2659,0.5195,-0.0774,-1.0,0.2927,0.0,1.0,-0.269,-0.2089,-0.4695,0.0,1.342,-0.627,-0.0935,-0.236,-0.3,-0.4683,0.02067,-0.2483,-0.1433,0.626,-0.8335,-0.0738,-0.04822,0.0,0.0,-0.05933,0.0,-0.1833,-0.9043,0.517,0.01233,0.0,-0.5,-0.5,0.1461,-0.5415,-0.6377,1.0,0.0,0.0,0.0,0.0,0.01226,0.1104903999999999,,,
-0.607,-0.28,0.2568,0.4944,-0.1006,-1.143,0.3008,0.0,1.0,-0.262,-0.2006,-0.4697,0.0,1.342,-0.497,-0.08185,-0.2014,-0.257,-0.4702,-0.02045,-0.2408,0.02055,-0.1433,0.626,-0.07465,-0.0497,0.0,0.0,-0.06094,0.0,-0.1841,-1.182,0.7144,-0.015335,0.0,-0.5,-1.0,0.1172,-0.5454,-0.6016,0.0,1.0,0.0,0.0,0.0,-0.015236,0.2384424,,,
-0.6304,-0.124,0.277,0.475,-0.7056,-1.143,0.3088,0.0,1.0,-0.2808,-0.2161,-0.4663,0.0,1.343,-0.836,-0.07996,-0.1683,-0.1101,-0.4714,0.2264,-0.2418,-0.02055,0.02055,-0.1433,-0.0752,-0.05136,0.0,0.0,-0.06232,0.0,-0.1763,-0.883,0.505,0.1399,1.0,0.0,-0.5,-0.003906,-0.4407,-0.4124,1.0,0.0,0.0,0.0,0.0,0.139,0.001884,,,
-0.6445,-0.1298,0.2617,0.46,0.2786,-1.143,0.3171,0.0,1.0,-0.269,-0.2018,-0.4675,0.0,1.343,-0.706,-0.0894,-0.1411,-0.126,-0.4722,-0.0815999999999999,-0.2434,0.2262,-0.02055,0.02055,-0.0761,-0.0534,0.0,0.0,-0.06384,0.0,-0.1791,-0.7305,0.395,-0.03763,0.0,-0.5,-0.5,0.01755,-0.4675,-0.4346,0.0,1.0,0.0,0.0,0.0,-0.03714,-0.2371639999999999,,,
-0.6235,-0.2494,0.2145,0.4397,2.77,-1.143,0.3252,0.0,1.0,-0.2275,-0.1624,-0.473,0.0,1.344,-0.5444,-0.1074,-0.1248,-0.262,-0.4731,-0.348,-0.2345,-0.08167,0.2262,-0.02055,-0.075,-0.05542,0.0,0.0,-0.0655,0.0,-0.1912,-0.9766,0.565,-0.1718,0.0,-0.5,-1.0,0.1365,-0.6157,-0.624,0.0,2.0,0.0,0.0,0.0,-0.17,-0.4643212,,,
-0.5664,-0.573,0.1167,0.417,2.191,-1.143,0.3333,0.0,1.0,-0.1371,-0.0785,-0.4854,0.0,1.344,-0.4465,-0.1241,-0.116,-0.5874,-0.4749,-0.7865,-0.2126,-0.348,-0.08167,0.2262,-0.0796,-0.0584,0.0,0.0,-0.06903,0.0,-0.2179,-1.053,0.608,-0.5293,-1.0,-1.0,-1.0,0.4526,-0.9194,-1.015,0.0,3.0,0.0,1.0,-3.89,-0.53,-0.208788,,,
-0.6147,-0.6357,0.0846,0.3975,0.2698,-1.143,0.3416,0.0,1.0,-0.11176,-0.04434,-0.4888,0.0,1.345,-0.763,-0.125,-0.10864,-0.636,-0.477,-0.2334,-0.196,-0.786,-0.348,-0.08167,-0.0845,-0.06183,0.0,0.0,-0.073,0.0,-0.2257,-0.9614,0.539,-0.1829,-1.0,-1.0,-1.0,0.5073,-0.9556,-1.029,0.0,4.0,0.0,0.0,0.0,-0.1875,-0.0820439999999999,,,
-0.62,-0.417,0.12195,0.3809,-0.2883,-1.143,0.3496,0.0,1.0,-0.1461,-0.07886,-0.4832,0.0,1.345,-0.583,-0.1238,-0.1068,-0.4185,-0.4783,0.3848999999999999,-0.2294,-0.2334,-0.786,-0.348,-0.08795,-0.06464,0.0,0.0,-0.07697,0.0,-0.213,-0.704,0.361,0.2925,-1.0,-0.5,-1.0,0.3108,-0.7095,-0.7744,1.0,0.0,0.0,0.0,0.0,0.3022,0.06923,,,
-0.586,-0.5034,0.0848,0.3618,0.4084,-1.143,0.3577,0.0,1.0,-0.1096,-0.04688,-0.4873,0.0,1.345,-0.5234,-0.1251,-0.10986,-0.512,-0.4795,-0.2746,-0.2461,0.3848,-0.2334,-0.786,-0.0924,-0.0677,0.0,0.0,-0.0808,0.0,-0.2222,-0.79,0.4185,-0.1674,-1.0,-1.0,-1.0,0.3933,-0.784,-0.9004,0.0,1.0,0.0,0.0,0.0,-0.1709,0.1807868,,,
-0.6074,-0.3582,0.10254,0.343,-0.2349,-1.143,0.366,0.0,1.0,-0.1276,-0.0618,-0.4841,0.0,1.346,-0.4487,-0.1345,-0.1182,-0.3872,-0.4802,0.2132,-0.2588,-0.2744,0.3848,-0.2334,-0.097,-0.0701,0.0,0.0,-0.0837,0.0,-0.2152,-0.7617,0.4014,0.1156,0.0,-0.5,-1.0,0.274,-0.634,-0.7065,1.0,0.0,0.0,0.0,0.0,0.1191,0.6602000000000001,,,
-0.583,0.1687,0.2174,0.3335,-1.9,-1.0,0.374,1.0,1.0,-0.2268,-0.1682,-0.4675,0.0,1.346,0.143,-0.1533,-0.1323,0.1423,-0.4807,1.0801,-0.299,0.213,-0.2744,0.3848,-0.097,-0.0714,0.0,0.0,-0.08527,0.0,-0.1792,-0.189,0.00849,1.017,1.0,-0.5,-0.5,-0.1716,-0.1412,0.1298,2.0,0.0,0.0,0.0,0.0,1.041,0.0191551999999999,,,
-0.642,0.2031,0.2242,0.333,0.2805,-0.857,0.382,1.0,1.0,-0.2373,-0.1694,-0.4656,0.0,1.347,-0.785,-0.183,-0.1522,0.1895,-0.4805,0.12296,-0.3123,1.079,0.213,-0.2744,-0.09503,-0.0722,0.0,0.0,-0.0859,0.0,-0.1749,0.2644,-0.3132,0.0745,2.0,0.0,0.0,-0.2324,-0.13,0.2683,3.0,0.0,0.0,0.0,0.0,0.0737,-0.2139064,,,
-0.77,0.03845,0.1769,0.3237,-0.485,-0.7144,0.3901,1.0,1.0,-0.2068,-0.1167,-0.471,0.0,1.347,-0.3396,-0.2069,-0.1671,0.04562,-0.4812,-0.3466,-0.3157,0.1228,1.079,0.213,-0.09143,-0.0734,0.0,0.0,-0.0863,0.0,-0.187,-0.2112,0.02087,-0.2428,1.0,-0.5,-0.5,-0.0693,-0.2808,-0.02336,0.0,1.0,0.0,0.0,0.0,-0.2394,0.128728,,,
-0.8115,0.1168,0.189,0.3174,0.8325,-0.5713,0.3984,1.0,1.0,-0.2206,-0.12415,-0.4685,0.0,1.348,-0.834,-0.2317,-0.1829,0.13,-0.4814,0.1651,-0.3186,-0.3467,0.1228,1.079,-0.0862,-0.0745,0.0,0.0,-0.08655,0.0,-0.1813,-0.0523,-0.09,0.1068,2.0,0.0,0.0,-0.1263,-0.2053,0.1321,1.0,0.0,0.0,0.0,0.0,0.10645,0.4203888,,,
-0.799,0.4814,0.274,0.3179,2.1,-0.4285,0.4065,1.0,1.0,-0.2917,-0.1996,-0.4558,0.0,1.348,-0.3662,-0.2632,-0.2034,0.501,-0.4807,0.8004,-0.295,0.1649,-0.3467,0.1228,-0.0792,-0.0746,0.0,0.0,-0.0856,0.0,-0.1538,0.2795,-0.3147,0.4478,2.0,0.5,0.0,-0.3904,0.1538,0.7427,2.0,0.0,1.0,0.0,3.363,0.444,0.04362184,,,
-0.8003,0.4023,0.2546,0.3179,-0.01678,-0.2856,0.4146,1.0,1.0,-0.2756,-0.1829,-0.4575,0.0,1.349,-0.5654,-0.2952,-0.2301,0.4236,-0.4797,-0.0999999999999999,-0.2815,0.8,0.1649,-0.3467,-0.07166,-0.07526,0.0,0.0,-0.08496,0.0,-0.1573,0.2385,-0.287,-0.07544,1.0,0.5,0.0,-0.322,0.0681,0.608,0.0,1.0,0.0,0.0,0.0,-0.073,-0.0462399999999999,,,
-0.804,0.3823,0.2473,0.3154,0.0889,-0.1428,0.4229,1.0,1.0,-0.2698,-0.1761,-0.4575,0.0,1.349,-0.818,-0.3286,-0.2617,0.408,-0.4792,0.0001,-0.2688,-0.10004,0.8,0.1649,-0.0649,-0.07605,0.0,0.0,-0.0844,0.0,-0.1573,0.1531,-0.2261,0.0,0.0,0.5,-0.5,-0.2979,0.033,0.5635,0.0,0.0,0.0,0.0,0.0,0.0,0.0788036,,,
-0.793,0.3406,0.2351,0.3135,0.03717,0.0,0.431,1.0,1.0,-0.2588,-0.1665,-0.458,0.0,1.35,-0.59,-0.3672,-0.2954,0.3718,-0.4788,-0.04006,-0.2576,0.0,-0.10004,0.8,-0.06247,-0.0772,0.0,0.0,-0.08264,0.0,-0.1588,0.1737,-0.2413,-0.02106,0.0,0.0,-0.5,-0.2717,-0.02768,0.4663,0.0,1.0,0.0,0.0,0.0,-0.02043,0.065452,,,
-0.7993,0.344,0.2374,0.3162,0.1418,0.1428,0.439,1.0,1.0,-0.2612,-0.168,-0.4568,0.0,1.35,-0.6167,-0.4048,-0.3264,0.3743,-0.4778,0.08054,-0.2434,-0.04013,0.0,-0.10004,-0.0602,-0.07794,0.0,0.0,-0.0817,0.0,-0.156,0.395,-0.3982,0.05536,0.0,0.5,0.0,-0.3154,-0.05527,0.4756,1.0,0.0,0.0,0.0,0.0,0.0538,0.1640445199999999,,,
-0.8574,0.2327,0.2189,0.3254,-0.1462,0.2856,0.4473,1.0,1.0,-0.25,-0.1469,-0.4585,0.0,1.351,-0.844,-0.415,-0.3545,0.2664,-0.4758,-0.1002,-0.2332,0.0804,-0.04013,0.0,-0.057,-0.0783,0.0,0.0,-0.0807,0.0,-0.1595,0.86,-0.7314,-0.0701,-1.0,0.0,0.0,-0.2598,-0.1278,0.3645,0.0,1.0,0.0,0.0,0.0,-0.06793,0.2578272000000001,,,
-0.826,0.4512,0.2842,0.3425,0.877,0.4285,0.4553,1.0,1.0,-0.3022,-0.2059,-0.4485,0.0,1.351,-0.23,-0.3752,-0.3743,0.4866,-0.4731,0.6236,-0.2017,-0.1002,0.0804,-0.04013,-0.05185,-0.0782,0.0,0.0,-0.0788,0.0,-0.1377,1.205,-0.9683,0.4402,0.0,0.0,0.5,-0.47,0.1215,0.6797,1.0,0.0,0.0,0.0,0.0,0.428,0.0098507999999999,,,
-0.8003,0.2622,0.2488,0.3538,-0.2458,0.5713,0.4634,1.0,1.0,-0.2708,-0.1777,-0.4524,0.0,1.351,-0.3723,-0.3145,-0.376,0.2847,-0.4705,-0.2367,-0.1847,0.6235,-0.1002,0.0804,-0.05096,-0.0778,0.0,0.0,-0.0772,0.0,-0.1461,0.923,-0.7705,-0.1274,0.0,-0.5,0.0,-0.3413,-0.01772,0.466,0.0,1.0,0.0,0.0,0.0,-0.1215,0.0410279999999999,,,
-0.7803,0.0374,0.2047,0.365,-0.566,0.7144,0.4714,1.0,1.0,-0.2318,-0.1409,-0.4575,0.0,1.352,-0.3635,-0.2496,-0.3591,0.0524,-0.468,-0.3179,-0.1781,-0.2367,0.6235,-0.1002,-0.05096,-0.0773,0.0,0.0,-0.0764,0.0,-0.1575,0.876,-0.742,-0.2598,0.0,-0.5,0.0,-0.1848,-0.171,0.248,0.0,2.0,0.0,0.0,0.0,-0.2495,0.6681772000000001,,,
-0.7954,0.03412,0.2119,0.3752,0.10376,0.857,0.4797,1.0,1.0,-0.2391,-0.1459,-0.4556,0.0,1.352,-0.6436,-0.1934,-0.3323,0.05914,-0.4663,0.1206,-0.1696,-0.3179,-0.2367,0.6235,-0.05045,-0.07666,0.0,0.0,-0.0753,0.0,-0.1532,0.8525,-0.723,0.0851,0.0,-0.5,0.0,-0.2656,-0.1823,0.2896,1.0,0.0,0.0,0.0,0.0,0.0825,2.3971232,,,
-0.681,1.332,0.5425,0.4023,12.15,0.857,0.4878,1.0,1.0,-0.4902,-0.4236,-0.4082,0.0,1.353,0.0663,0.08234,-0.157,0.8374,-0.446,2.7441000000000004,0.001469,0.1204,-0.3179,-0.2367,-0.03772,-0.07306,0.0,0.0,-0.06946,0.0,-0.05035,1.245,-0.958,9.62,1.0,-0.5,0.0,-1.171,1.056,1.113,2.0,0.0,1.0,0.0,9.375,7.785,0.7236063999999999,,,
-0.61,1.547,0.6235,0.4353,0.2957,0.857,0.4958,1.0,1.0,-0.5415,-0.4885,-0.3955,0.0,1.353,0.3079,0.3076,-0.001139,0.998,-0.4395,0.7151,0.1533,2.744,0.1204,-0.3179,-0.02208,-0.0689,0.0,0.0,-0.0613,0.0,-0.02289,1.328,-1.006,1.797,1.0,0.0,0.0,-1.295,1.222,1.113,3.0,0.0,0.0,0.0,0.0,1.592,-0.247748,,,
-0.6113,1.31,0.597,0.4707,-0.02277,0.857,0.504,1.0,1.0,-0.5234,-0.4697,-0.398,0.0,1.354,-0.523,0.481,0.1304,0.813,-0.4355,-0.1254,0.237,0.7144,2.744,0.1204,-0.006603,-0.0649,0.0,0.0,-0.05307,0.0,-0.02786,1.44,-1.088,-0.1567,1.0,0.0,0.0,-1.126,1.037,0.924,0.0,1.0,0.0,0.0,0.0,-0.1357,-0.141252,,,
-0.5596,0.999,0.549,0.5015,-0.1049,0.857,0.512,1.0,1.0,-0.4849,-0.4382,-0.4033,0.0,1.354,-0.356,0.613,0.242,0.566,-0.4326,-0.3059,0.2837,-0.1255,0.7144,2.744,0.004898,-0.06036,0.0,0.0,-0.04587,0.0,-0.0399,1.233,-0.9453,-0.3271,1.0,0.0,-0.5,-0.9233,0.779,0.703,0.0,2.0,0.0,0.0,0.0,-0.2847,-0.0403428,,,
-0.563,0.8213,0.5234,0.5234,-0.04245,0.857,0.5205,1.0,1.0,-0.4668,-0.4192,-0.4055,0.0,1.3545,-0.4211,0.708,0.3345,0.4358,-0.4302,-0.1271,0.293,-0.306,-0.1255,0.7144,0.01682,-0.0566,0.0,0.0,-0.03848,0.0,-0.04486,1.04,-0.809,-0.1443,0.0,-0.5,-1.0,-0.7856,0.6353,0.5854,0.0,3.0,0.0,0.0,0.0,-0.1268,-0.18357836,,,
-0.552,0.656,0.501,0.545,-0.06238,0.857,0.5283,1.0,1.0,-0.4492,-0.4028,-0.4075,0.0,1.3545,-0.533,0.7734,0.4116,0.3154,-0.428,-0.1094,0.2861,-0.1272,-0.306,-0.1255,0.02956,-0.05283,0.0,0.0,-0.03156,0.0,-0.0491,1.028,-0.803,-0.106,-1.0,-0.5,-1.0,-0.6636,0.516,0.4907,0.0,4.0,0.0,0.0,0.0,-0.0935,-0.2023231999999998,,,
-0.5103,0.583,0.501,0.5674,0.02785,0.857,0.5366,1.0,1.0,-0.446,-0.4065,-0.4062,0.0,1.355,-0.3054,0.8076,0.4744,0.291,-0.426,0.07334,0.3013,-0.10944,-0.1272,-0.306,0.04214,-0.04895,0.0,0.0,-0.02602,0.0,-0.04633,1.043,-0.812,0.0862,-1.0,-0.5,-0.5,-0.626,0.4773,0.4504,1.0,0.0,0.0,0.0,0.0,0.0763,-0.208392,,,
-0.497,0.3186,0.4512,0.5864,-0.292,0.857,0.545,1.0,1.0,-0.408,-0.3691,-0.412,0.0,1.355,-0.6206,0.806,0.5234,0.085,-0.4243,-0.3288,0.2986,0.0732,-0.10944,-0.1272,0.04114,-0.04544,0.0,0.0,-0.02118,0.0,-0.05902,0.876,-0.6987,-0.3115,-1.0,-0.5,-0.5,-0.4255,0.2935,0.3066,0.0,1.0,0.0,0.0,0.0,-0.275,0.250104,,,
-0.4958,0.4302,0.4973,0.61,0.4314,0.857,0.5527,1.0,1.0,-0.4421,-0.4048,-0.4043,0.0,1.356,-0.4688,0.7734,0.558,0.2483,-0.4226,0.443,0.2876,-0.3286,0.0732,-0.10944,0.0389,-0.0417,0.0,0.0,-0.01513,0.0,-0.0421,0.9473,-0.7417,0.3518,0.0,0.0,-0.5,-0.5347,0.4412,0.389,1.0,0.0,0.0,0.0,0.0,0.3137,0.262214,,,
-0.4001,0.4868,0.5337,0.6377,0.2517,0.857,0.5527,1.0,1.0,-0.4614,-0.4404,-0.398,0.0,1.356,0.4045,0.7144,0.581,0.3584,-0.4202,0.3641,0.2808,0.4429,-0.3286,0.0732,0.0389,-0.0374,0.0,0.0,-0.008736,0.0,-0.02805,1.057,-0.814,0.4407,1.0,0.0,0.0,-0.628,0.514,0.4443,2.0,0.0,0.0,0.0,0.0,0.3877,-0.3118376,,,
-0.36,0.1637,0.4663,0.6553,-0.4746,0.857,0.5527,1.0,1.0,-0.4082,-0.392,-0.4062,0.0,1.356,-0.03003,0.631,0.593,0.0683,-0.418,-0.4679,0.273,0.364,0.4429,-0.3286,0.03815,-0.03336,0.0,0.0,-0.004253,0.0,-0.04642,0.7173,-0.5796,-0.576,1.0,-0.5,-0.5,-0.3718,0.2722,0.2576,0.0,1.0,0.0,0.0,0.0,-0.5015,-0.2107280000000001,,,
-0.333,-0.07166,0.4197,0.672,-0.893,0.857,0.5527,1.0,1.0,-0.3706,-0.358,-0.4119,0.0,1.357,-0.2499,0.511,0.5903,-0.1118,-0.417,-0.3104,0.2484,-0.4678,0.364,0.4429,0.0366,-0.02887,0.0,0.0,-0.0001173,0.0,-0.05844,0.6753,-0.5547,-0.315,0.0,-1.0,-0.5,-0.2095,0.1038,0.1273,0.0,2.0,0.0,0.0,0.0,-0.278,0.8449260000000003,,,
-0.3293,0.2954,0.5356,0.7017,18.77,0.857,0.5527,1.0,1.0,-0.4568,-0.4473,-0.394,0.0,1.357,-0.1682,0.349,0.5757,0.3135,-0.4148,1.0151,0.2391,-0.3103,-0.4678,0.364,0.04007,-0.02309,0.0,0.0,0.00563,0.0,-0.01965,0.992,-0.764,0.799,1.0,-0.5,0.0,-0.5283,0.526,0.3982,1.0,0.0,0.0,0.0,0.0,0.712,0.088432,,,
-0.305,0.2625,0.5513,0.732,0.04007,0.857,0.5527,1.0,1.0,-0.466,-0.4612,-0.3904,0.0,1.358,-0.3088,0.099,0.547,0.348,-0.4126,0.1968,0.2208,1.014,-0.3103,-0.4678,0.04413,-0.01744,0.0,0.0,0.01176,0.0,-0.0119,1.006,-0.7705,0.1339,1.0,0.0,0.0,-0.665,0.4094,0.4133,2.0,0.0,0.0,0.0,0.0,0.1157,0.106816,,,
-0.504,0.309,0.5645,0.7354,0.278,0.857,0.5527,1.0,1.0,-0.4915,-0.4543,-0.3872,0.0,1.358,-0.2473,0.04715,0.508,0.3406,-0.4092,0.1777999999999999,0.1959,0.1965,1.014,-0.3103,0.05048,-0.01134,0.0,0.0,0.01807,0.0,-0.004868,0.4468,-0.3684,0.1266,1.0,0.5,0.0,-0.698,0.3875,0.4253,3.0,0.0,0.0,0.0,0.0,0.10876,-0.2743672,,,
-0.546,0.06232,0.4922,0.726,-0.542,0.857,0.5527,1.0,1.0,-0.4424,-0.3967,-0.3962,0.0,1.359,-0.4346,0.01826,0.4497,0.0878,-0.409,-0.4948,0.1335,0.1776,0.1965,1.014,0.05255,-0.005985,0.0,0.0,0.0237,0.0,-0.02464,-0.1119,0.02171,-0.4333,1.0,0.5,-0.5,-0.429,0.1414,0.2162,0.0,1.0,0.0,0.0,0.0,-0.37,0.1132859199999999,,,
-0.549,0.1741,0.5146,0.7207,0.965,0.857,0.5527,1.0,1.0,-0.4592,-0.4138,-0.3916,0.0,1.359,-0.5083,-0.006313,0.3762,0.1975,-0.4084,0.2512999999999999,0.0914,-0.4946,0.1776,0.1965,0.05414,-0.001363,0.0,0.0,0.02882,0.0,-0.01479,0.06616,-0.101,0.2488,2.0,0.5,0.0,-0.4915,0.2001,0.2747,1.0,0.0,0.0,0.0,0.0,0.2158,-0.0467943999999999,,,
-0.5547,0.2576,0.535,0.7217,0.4824,0.857,0.5527,1.0,1.0,-0.4749,-0.4287,-0.3875,0.0,1.36,-0.358,-0.02896,0.2861,0.2886,-0.4075,0.2317,0.02338,0.2512,-0.4946,0.1776,0.05893,0.003397,0.0,0.0,0.0347,0.0,-0.005646,0.3264,-0.2827,0.1985,2.0,1.0,0.5,-0.5327,0.2532,0.3423,2.0,0.0,0.0,0.0,0.0,0.1708,-0.0333224,,,
-0.588,0.1888,0.518,0.7236,-0.0833,0.857,0.5527,1.0,1.0,-0.4646,-0.4128,-0.3887,0.0,1.36,-0.844,-0.05276,0.1736,0.2239,-0.4065,-0.07064,-0.107,0.2314,0.2512,-0.4946,0.0648,0.008415,0.0,0.0,0.04092,0.0,-0.008484,0.3577,-0.3062,-0.04758,1.0,0.5,0.5,-0.461,0.1721,0.3171,0.0,1.0,0.0,0.0,0.0,-0.04065,-0.1363223999999999,,,
-0.583,0.00481,0.4695,0.723,-0.5947,0.857,0.5527,1.0,1.0,-0.4285,-0.3762,-0.3945,0.0,1.361,-0.6167,-0.0768,0.0201,0.039,-0.4055,-0.3187,-0.3232,-0.0707,0.2314,0.2512,0.06464,0.01292,0.0,0.0,0.04642,0.0,-0.02121,0.2373,-0.226,-0.2098,0.0,0.0,0.5,-0.2847,0.01208,0.1606,0.0,2.0,0.0,0.0,0.0,-0.1797,0.1957495999999999,,,
-0.6245,0.1451,0.5054,0.725,1.874,0.857,0.5527,1.0,1.0,-0.4585,-0.4004,-0.3882,0.0,1.361,-0.713,-0.0994,-0.03076,0.1782,-0.4043,0.3581,-0.3203,-0.3188,-0.0707,0.2314,0.06525,0.01704,0.0,0.0,0.04825,0.0,-0.007114,0.3433,-0.2954,0.2869,1.0,0.5,0.5,-0.3975,0.1332,0.4707,1.0,0.0,0.0,0.0,0.0,0.2483,-0.926196,,,
-0.498,-0.4475,0.3486,0.7183,-2.664,0.7144,0.5527,0.0,1.0,-0.3284,-0.287,-0.41,0.0,1.362,0.278,-0.1306,-0.06445,-0.417,-0.4038,-1.1859,-0.3088,0.358,-0.3188,-0.0707,0.05942,0.01994,0.0,0.0,0.04697,0.0,-0.0544,-0.04797,-0.03693,-1.326,0.0,0.5,0.5,0.1544,-0.363,-0.703,0.0,1.0,0.0,0.0,0.0,-1.134,0.5656920000000001,,,
-0.5044,-0.0945,0.4338,0.715,-0.897,0.5713,0.5527,0.0,1.0,-0.3953,-0.355,-0.3962,0.0,1.362,-0.5474,-0.1666,-0.0927,-0.06384,-0.4033,0.7721,-0.3083,-1.186,0.358,-0.3188,0.05942,0.02368,0.0,0.0,0.0471,0.0,-0.02481,0.063,-0.1031,0.6753,0.0,0.5,0.5,-0.1436,-0.00965,0.03705,1.0,0.0,0.0,0.0,0.0,0.6,-0.1517472,,,
-0.582,-0.1953,0.3992,0.705,8.33,0.4285,0.5527,0.0,1.0,-0.3748,-0.321,-0.4001,0.0,1.362,-0.77,-0.2013,-0.1195,-0.1741,-0.403,-0.2152,-0.31,0.7715,-1.186,0.358,0.05728,0.02722,0.0,0.0,0.0474,0.0,-0.0333,-0.1396,0.0378,-0.1339,0.0,0.0,0.0,-0.05417,-0.1302,-0.1847,0.0,1.0,0.0,0.0,0.0,-0.11615,0.0993695999999999,,,
-0.6543,-0.1827,0.398,0.701,0.01511,0.2856,0.5527,0.0,1.0,-0.3796,-0.3142,-0.3992,0.0,1.363,-0.844,-0.2343,-0.1466,-0.1636,-0.4026,0.0543,-0.315,-0.2153,0.7715,-1.186,0.0543,0.03073,0.0,0.0,0.04797,0.0,-0.03119,0.05777,-0.1022,0.02975,1.0,0.0,0.5,-0.0815,-0.1289,-0.1497,1.0,0.0,0.0,0.0,0.0,0.02599,0.3138855999999999,,,
-0.673,0.02046,0.4514,0.7056,-2.008,0.2856,0.5527,1.0,1.0,-0.422,-0.355,-0.3901,0.0,1.363,-0.3987,-0.268,-0.1694,0.03146,-0.4006,0.5055,-0.3176,0.0542,-0.2153,0.7715,0.05396,0.0349,0.0,0.0,0.04956,0.0,-0.01145,0.3535,-0.3047,0.4333,1.0,0.5,1.0,-0.2947,0.04218,0.3135,2.0,0.0,0.0,0.0,0.0,0.3777,-0.0384562399999999,,,
-0.709,-0.0925,0.4148,0.6973,-1.053,0.1428,0.5527,0.0,1.0,-0.3972,-0.323,-0.3943,0.0,1.364,-0.46,-0.2979,-0.1931,-0.0897,-0.4004,-0.2307,-0.325,0.505,0.0542,-0.2153,0.05405,0.0382,0.0,0.0,0.05066,0.0,-0.02063,-0.1022,0.01665,-0.1119,1.0,0.0,0.5,-0.1763,-0.0792,0.04572,0.0,1.0,0.0,0.0,0.0,-0.09607,-0.027378,,,
-0.74,-0.1013,0.4028,0.686,0.9653,0.0,0.5527,0.0,1.0,-0.3904,-0.3108,-0.395,0.0,1.364,-0.7065,-0.3235,-0.2212,-0.1066,-0.4004,-0.03567,-0.351,-0.2308,0.505,0.0542,0.0523,0.0417,0.0,0.0,0.05222,0.0,-0.02206,-0.2056,0.0898,-0.02919,0.0,-0.5,0.0,-0.1544,-0.118,-0.03384,0.0,2.0,0.0,0.0,0.0,-0.02524,-0.1771511999999999,,,
-0.765,-0.2164,0.3608,0.671,6.29,-0.1428,0.5527,0.0,1.0,-0.3594,-0.275,-0.4001,0.0,1.365,-0.6562,-0.3335,-0.253,-0.2288,-0.4011,-0.2865,-0.3572,-0.03577,-0.2308,0.505,0.05478,0.0452,0.0,0.0,0.05258,0.0,-0.0334,-0.405,0.2272,-0.205,0.0,-0.5,-0.5,-0.039,-0.2627,-0.3896,0.0,3.0,0.0,0.0,0.0,-0.1774,0.0188464,,,
-0.7983,-0.1683,0.3652,0.6626,-0.2473,-0.2856,0.5527,0.0,1.0,-0.3655,-0.276,-0.3984,0.0,1.365,-0.8164,-0.3518,-0.2837,-0.1736,-0.4014,0.09043,-0.3567,-0.2864,-0.03577,-0.2308,0.0542,0.04868,0.0,0.0,0.05252,0.0,-0.02986,-0.1537,0.04938,0.05307,0.0,0.0,0.0,-0.0827,-0.2341,-0.2798,1.0,0.0,0.0,0.0,0.0,0.04636,0.0550436,,,
-0.7793,-0.1389,0.363,0.652,-0.2274,-0.4285,0.5527,0.0,1.0,-0.3623,-0.2756,-0.398,0.0,1.366,-0.2062,-0.3767,-0.3147,-0.1346,-0.4023,0.03614,-0.3699,0.09033,-0.2864,-0.03577,0.05478,0.0493,0.0,0.0,0.05328,0.0,-0.02847,-0.2632,0.128,0.02983,0.0,0.0,0.0,-0.1033,-0.2338,-0.274,2.0,0.0,0.0,0.0,0.0,0.02599,0.1488584,,,
-0.797,0.003307,0.3892,0.641,-2.504,-0.4285,0.5527,1.0,1.0,-0.3843,-0.2952,-0.393,0.0,1.366,-0.4841,-0.4026,-0.351,0.007015,-0.4026,0.2701,-0.4077,0.036,0.09033,-0.2864,0.05637,0.04947,0.0,0.0,0.055,0.0,-0.0179,-0.2441,0.11914,0.1487,1.0,0.5,0.0,-0.195,-0.1163,0.02626,3.0,0.0,0.0,0.0,0.0,0.1294,-0.0553976,,,
-0.6895,-0.4458,0.2612,0.621,-5.54,-0.5713,0.5527,0.0,1.0,-0.2725,-0.1976,-0.4111,0.0,1.367,0.1426,-0.4216,-0.3845,-0.4482,-0.4038,-0.9994,-0.3718,0.2698,0.036,0.09033,0.051,0.04865,0.0,0.0,0.05344,0.0,-0.05743,-0.596,0.353,-0.8647,1.0,0.0,0.0,0.2603,-0.521,-1.225,0.0,1.0,0.0,0.0,0.0,-0.746,0.4485499999999999,,,
-0.6646,-0.09515,0.3398,0.612,-0.8945,-0.7144,0.5527,0.0,1.0,-0.3345,-0.2659,-0.3984,0.0,1.367,-0.04648,-0.4285,-0.412,-0.08795,-0.4048,0.7189,-0.3745,-0.999,0.2698,0.036,0.0499,0.04895,0.0,0.0,0.0527,0.0,-0.02994,-0.176,0.0653,0.644,2.0,0.5,0.5,-0.03375,-0.1758,-0.3008,1.0,0.0,0.0,0.0,0.0,0.5737,0.0049719999999999,,,
-0.6475,-0.0341,0.3445,0.5996,-4.582,-0.7144,0.5527,1.0,1.0,-0.337,-0.2712,-0.397,0.0,1.368,-0.4563,-0.4216,-0.4238,-0.03064,-0.4053,0.0902,-0.385,0.7183,-0.999,0.2698,0.0494,0.04947,0.0,0.0,0.05182,0.0,-0.02643,-0.2869,0.146,0.0638,2.0,0.5,0.5,-0.1213,-0.2031,-0.1514,2.0,0.0,0.0,0.0,0.0,0.05557,-0.2551820000000001,,,
-0.7334,-0.1901,0.3037,0.5977,-3.398,-0.7144,0.5527,0.0,1.0,-0.311,-0.2302,-0.402,0.0,1.368,-0.814,-0.4167,-0.437,-0.1824,-0.4048,-0.2875,-0.3809,0.0901,0.7183,-0.999,0.04892,0.0498,0.0,0.0,0.0513,0.0,-0.03775,0.1109,-0.1428,-0.1603,1.0,0.0,0.5,-0.0232,-0.357,-0.513,0.0,1.0,0.0,0.0,0.0,-0.1392,-0.018008,,,
-0.7676,-0.1543,0.3042,0.588,-0.2183,-0.7144,0.5527,0.0,1.0,-0.3142,-0.2278,-0.4011,0.0,1.368,-0.6323,-0.4087,-0.449,-0.1449,-0.405,0.0545,-0.3823,-0.2874,0.0901,0.7183,0.04825,0.05014,0.0,0.0,0.05045,0.0,-0.03564,-0.2461,0.11285,0.04456,1.0,0.5,0.5,-0.05756,-0.338,-0.4082,1.0,0.0,0.0,0.0,0.0,0.03906,-0.1238276,,,
-0.742,-0.2426,0.2747,0.579,1.425,-0.7144,0.5527,0.0,1.0,-0.2878,-0.2048,-0.4045,0.0,1.369,-0.3997,-0.4006,-0.4578,-0.2369,-0.4053,-0.199,-0.3892,0.05438,-0.2874,0.0901,0.0465,0.05057,0.0,0.0,0.0489,0.0,-0.04343,-0.2367,0.1027,-0.178,1.0,0.5,0.5,0.02719,-0.412,-0.628,0.0,1.0,0.0,0.0,0.0,-0.1556,-0.0802692,,,
-0.6504,-0.2646,0.2607,0.569,0.2805,-0.7144,0.5527,0.0,1.0,-0.2688,-0.2004,-0.406,0.0,1.369,0.1987,-0.3887,-0.4592,-0.2479,-0.4062,-0.0728,-0.3943,-0.199,0.05438,-0.2874,0.0432,0.05048,0.0,0.0,0.04733,0.0,-0.04626,-0.307,0.1515,-0.077,0.0,0.5,0.0,0.02513,-0.4565,-0.677,0.0,2.0,0.0,0.0,0.0,-0.0678,-0.6479999999999998,,,
-0.5757,-0.712,0.1312,0.542,2.738,-0.857,0.5527,0.0,1.0,-0.1509,-0.0911,-0.4248,0.0,1.37,0.2482,-0.3652,-0.4434,-0.685,-0.409,-1.0589,-0.3218,-0.0728,-0.199,0.05438,0.03973,0.04886,0.0,0.0,0.04462,0.0,-0.0872,-1.044,0.6597,-1.206,-1.0,0.0,-0.5,0.494,-0.8623,-1.282,0.0,3.0,0.0,0.0,0.0,-1.063,0.004842,,,
-0.5874,-0.754,0.1014,0.5166,0.2047,-0.857,0.5527,0.0,1.0,-0.1249,-0.06238,-0.4287,0.0,1.37,-0.6494,-0.3374,-0.4177,-0.741,-0.4106,-0.2265,-0.2686,-1.059,-0.0728,-0.199,0.03204,0.0475,0.0,0.0,0.04095,0.0,-0.0957,-1.039,0.6523,-0.1481,-1.0,-0.5,-0.5,0.5464,-0.8955,-1.282,0.0,4.0,0.0,0.0,0.0,-0.1351,0.0532107999999999,,,
-0.592,-0.682,0.0995,0.4915,0.01918,-0.857,0.5527,0.0,1.0,-0.1235,-0.06024,-0.4282,0.0,1.371,-0.721,-0.3008,-0.3838,-0.6685,-0.413,0.01911,-0.2208,-0.2264,-1.059,-0.0728,0.02402,0.04648,0.0,0.0,0.03928,0.0,-0.09503,-1.016,0.636,0.0142,-1.0,-0.5,0.0,0.469,-0.8423,-1.15,1.0,0.0,0.0,0.0,0.0,0.01305,0.5835067999999999,,,
-0.5786,-0.2617,0.1891,0.4773,-0.6143,-0.857,0.5527,0.0,1.0,-0.2021,-0.1436,-0.414,0.0,1.371,-0.1295,-0.266,-0.3508,-0.2396,-0.4146,0.8365,-0.2172,0.01901,-0.2264,-1.059,0.02095,0.04526,0.0,0.0,0.03766,0.0,-0.06396,-0.4395,0.2384,0.7935,0.0,0.0,0.5,0.11975,-0.3953,-0.518,2.0,0.0,0.0,0.0,0.0,0.729,0.0557052,,,
-0.5776,-0.2479,0.1805,0.4624,0.052,-0.857,0.5527,0.0,1.0,-0.1946,-0.1359,-0.4148,0.0,1.372,-0.804,-0.2401,-0.322,-0.2354,-0.4155,-0.03695,-0.211,0.836,0.01901,-0.2264,0.01747,0.04376,0.0,0.0,0.03635,0.0,-0.0654,-0.5,0.281,-0.01804,0.0,-0.5,0.0,0.12164,-0.3965,-0.5083,0.0,1.0,0.0,0.0,0.0,-0.01614,0.2051635999999999,,,
-0.636,-0.1981,0.1804,0.4475,-0.1857,-0.857,0.5527,0.0,1.0,-0.1992,-0.131,-0.414,0.0,1.372,-0.844,-0.2183,-0.297,-0.1924,-0.4163,0.03718,-0.2083,-0.03702,0.836,0.01901,0.015076,0.0421,0.0,0.0,0.03497,0.0,-0.064,-0.5,0.2817,0.01544,1.0,-0.5,0.0,0.0815,-0.3796,-0.4492,1.0,0.0,0.0,0.0,0.0,0.01384,0.2629599999999999,,,
-0.6284,0.05246,0.2292,0.4343,-2.158,-0.857,0.5527,1.0,1.0,-0.2405,-0.1749,-0.406,0.0,1.373,-0.1913,-0.2048,-0.2803,0.04492,-0.417,0.4632,-0.2272,0.03708,-0.03702,0.836,0.015076,0.04153,0.0,0.0,0.03354,0.0,-0.0464,-0.4072,0.2231,0.4165,2.0,0.0,0.0,-0.1406,-0.2064,-0.09155,2.0,0.0,0.0,0.0,0.0,0.3728,-0.2770547999999999,,,
-0.6836,-0.1,0.1886,0.4292,-1.084,-0.857,0.5527,0.0,1.0,-0.2101,-0.1344,-0.4114,0.0,1.373,-0.691,-0.1951,-0.2695,-0.0952,-0.4172,-0.3102,-0.2378,0.463,0.03708,-0.03702,0.01846,0.04034,0.0,0.0,0.03198,0.0,-0.0584,-0.1036,0.001212,-0.2194,1.0,-0.5,0.0,-0.0294,-0.3674,-0.2932,0.0,1.0,0.0,0.0,0.0,-0.1935,0.3724108,,,
-0.7476,-0.1161,0.174,0.4155,1.059,-0.857,0.5527,0.0,1.0,-0.2024,-0.1159,-0.413,0.0,1.374,-0.844,-0.1884,-0.2625,-0.12006,-0.418,-0.09206,-0.2487,-0.3103,0.463,0.03708,0.02245,0.03876,0.0,0.0,0.03035,0.0,-0.06192,-0.572,0.3337,-0.02322,0.0,-0.5,-0.5,0.002644,-0.4011,-0.331,0.0,2.0,0.0,0.0,0.0,-0.02069,0.1182436,,,
-0.766,-0.2435,0.1295,0.3972,4.047,-1.0,0.5527,0.0,1.0,-0.1646,-0.0738,-0.4192,0.0,1.374,-0.844,-0.182,-0.2544,-0.2527,-0.4194,-0.3512,-0.2457,-0.09216,-0.3103,0.463,0.02475,0.03693,0.0,0.0,0.02863,0.0,-0.0754,-0.7793,0.476,-0.1898,0.0,-0.5,-1.0,0.1394,-0.5396,-0.561,0.0,3.0,0.0,1.0,-1.948,-0.1697,-0.101766,,,
-0.7383,-0.2012,0.1278,0.3826,-0.1459,-1.0,0.5527,0.0,1.0,-0.1609,-0.0745,-0.419,0.0,1.374,-0.3545,-0.1847,-0.2471,-0.2087,-0.4207,0.0187899999999999,-0.249,-0.351,-0.09216,-0.3103,0.02351,0.03543,0.0,0.0,0.02678,0.0,-0.07465,-0.6484,0.383,0.01543,0.0,0.0,-0.5,0.10974,-0.5117,-0.505,1.0,0.0,0.0,0.0,0.0,0.01394,0.2160508,,,
-0.636,-0.597,0.0159,0.3574,3.666,-1.0,0.5527,0.0,1.0,-0.04913,0.02379,-0.4355,0.0,1.375,0.3262,-0.1763,-0.2299,-0.574,-0.424,-0.9525,-0.2172,0.01869,-0.351,-0.09216,0.01822,0.03256,0.0,0.0,0.02338,0.0,-0.11066,-1.009,0.624,-1.677,-1.0,0.0,-1.0,0.5254,-0.868,-1.072,0.0,1.0,0.0,0.0,0.0,-1.514,-0.1452064,,,
-0.622,-0.631,-0.01112,0.332,0.203,-1.0,0.5527,0.0,1.0,-0.022,0.04944,-0.439,0.0,1.375,-0.2479,-0.1663,-0.2078,-0.597,-0.427,-0.2117,-0.199,-0.9526,0.01869,-0.351,0.01185,0.03078,0.0,0.0,0.01921,0.0,-0.11847,-1.009,0.6206,-0.2051,-1.0,-0.5,-1.0,0.5674,-0.896,-1.076,0.0,2.0,0.0,0.0,0.0,-0.1909,0.4221483999999998,,,
-0.697,-0.2844,0.05518,0.3137,-0.54,-1.0,0.5527,0.0,1.0,-0.09106,-0.00945,-0.4282,0.0,1.376,-0.6973,-0.1594,-0.1838,-0.2446,-0.4287,0.6396999999999999,-0.1873,-0.2117,-0.9526,0.01869,0.006138,0.02882,0.0,0.0,0.01765,0.0,-0.0952,-0.6284,0.3594,0.5215,0.0,-0.5,-0.5,0.2269,-0.587,-0.6094,1.0,0.0,0.0,0.0,0.0,0.4888,-0.02951184,,,
-0.737,-0.2773,0.05106,0.3066,0.0959,-1.0,0.5527,0.0,1.0,-0.0904,-0.002172,-0.4282,0.0,1.376,-0.2437,-0.1487,-0.1642,-0.2181,-0.4297,0.0001,-0.198,0.6396,-0.2117,-0.9526,0.001836,0.0271,0.0,0.0,0.01495,0.0,-0.0952,-0.2017,0.0551,0.0,0.0,-0.5,-0.5,0.1891,-0.5703,-0.565,0.0,0.0,0.0,0.0,0.0,0.0,0.0086956,,,
-0.727,-0.278,0.0474,0.3025,0.1368,-1.0,0.5527,0.0,1.0,-0.08624,0.00057,-0.4282,0.0,1.377,-0.5303,-0.144,-0.1517,-0.2081,-0.4302,0.0001,-0.2203,0.0,0.6396,-0.2117,-0.002052,0.02531,0.0,0.0,0.012115,0.0,-0.0952,-0.0842,-0.02876,0.0,-1.0,-1.0,-0.5,0.1641,-0.545,-0.528,0.0,0.0,0.0,0.0,0.0,0.0,0.3196736,,,
-0.729,-0.278,0.04388,0.298,0.1333,-1.0,0.5527,0.0,1.0,-0.08307,0.004135,-0.4282,0.0,1.377,-0.745,-0.1416,-0.1508,-0.2103,-0.43,0.0001,-0.2355,0.0,0.0,0.6396,-0.00437,0.023,0.0,0.0,0.009735,0.0,-0.0953,-0.0945,-0.02141,0.0,-1.0,-1.5,-1.0,0.10065,-0.567,-0.4888,0.0,0.0,0.0,0.0,0.0,0.0,-0.017004,,,
-0.7847,-0.3435,0.01724,0.2832,0.4893,-1.0,0.5527,0.0,1.0,-0.0623,0.03476,-0.432,0.0,1.378,-0.844,-0.1395,-0.1548,-0.2864,-0.431,-0.209,-0.2546,0.0,0.0,0.0,-0.00768,0.0207,0.0,0.0,0.00695,0.0,-0.103,-0.77,0.4573,-0.1394,-1.0,-1.5,-1.5,0.1741,-0.626,-0.6035,0.0,1.0,0.0,0.0,0.0,-0.128,-0.1154796,,,
-0.7744,-0.3262,0.009514,0.2678,0.06335,-1.0,0.5527,0.0,1.0,-0.05408,0.04147,-0.4326,0.0,1.378,-0.669,-0.1425,-0.1659,-0.2842,-0.4316,-0.0381699999999999,-0.27,-0.209,0.0,0.0,-0.006935,0.0184,0.0,0.0,0.00443,0.0,-0.10443,-0.77,0.4565,-0.02437,-2.0,-1.5,-1.5,0.1638,-0.6143,-0.5913,0.0,2.0,0.0,0.0,0.0,-0.02252,-0.1177347999999999,,,
-0.7686,-0.3237,-0.00239,0.2517,0.1217,-1.0,0.5527,0.0,1.0,-0.04214,0.0528,-0.4338,0.0,1.379,-0.8364,-0.149,-0.181,-0.2974,-0.4324,-0.0765,-0.2866,-0.03824,-0.209,0.0,-0.00561,0.01636,0.0,0.0,0.001906,0.0,-0.1073,-0.8354,0.502,-0.06076,-2.0,-1.5,-2.0,0.1499,-0.642,-0.6133,0.0,3.0,0.0,0.0,0.0,-0.05624,-0.2317427999999999,,,
-0.8076,-0.1469,0.02365,0.2332,-0.646,-1.143,0.5527,0.0,1.0,-0.07025,0.03035,-0.4292,0.0,1.379,-0.5527,-0.1582,-0.1893,-0.12463,-0.434,0.2689,-0.2842,-0.0766,-0.03824,-0.209,-0.00586,0.01448,0.0,0.0,0.001495,0.0,-0.0974,-1.026,0.6426,0.1647,-1.0,-1.5,-2.0,0.01433,-0.5034,-0.3699,1.0,0.0,0.0,0.0,0.0,0.1528,0.2506392,,,
-0.794,0.08777,0.06824,0.2222,-3.691,-1.0,0.5527,1.0,1.0,-0.111,-0.01394,-0.4219,0.0,1.379,-0.3499,-0.1775,-0.1963,0.11,-0.4348,0.4381,-0.2856,0.2686,-0.0766,-0.03824,-0.004204,0.013016,0.0,0.0,0.002111,0.0,-0.08124,-0.4941,0.27,0.3618,0.0,-1.0,-1.5,-0.154,-0.287,-0.01196,2.0,0.0,0.0,0.0,0.0,0.3328,0.0475759999999999,,,
-0.7734,-0.02351,0.03293,0.2092,-0.57,-0.857,0.5527,1.0,1.0,-0.0763,0.01845,-0.4268,0.0,1.38,-0.6753,-0.2102,-0.2017,-0.02242,-0.435,-0.2816,-0.2869,0.4377,0.2686,-0.0766,-0.00379,0.01096,0.0,0.0,0.002258,0.0,-0.0918,-0.591,0.3342,-0.1873,0.0,-1.0,-1.5,-0.04105,-0.4155,-0.262,0.0,1.0,0.0,0.0,0.0,-0.1699,0.5410548000000001,,,
-0.7456,0.2593,0.0939,0.2058,5.363,-0.7144,0.5527,1.0,1.0,-0.1307,-0.04227,-0.4167,0.0,1.38,-0.2412,-0.2546,-0.2102,0.2499,-0.4346,0.5875,-0.2908,-0.2815,0.4377,0.2686,-0.000812,0.01063,0.0,0.0,0.002024,0.0,-0.06995,-0.005787,-0.07355,0.74,1.0,-1.0,-1.0,-0.249,-0.1345,0.2588,1.0,0.0,0.0,0.0,0.0,0.678,0.089572,,,
-0.769,0.53,0.1564,0.208,0.982,-0.5713,0.5527,1.0,1.0,-0.1887,-0.0982,-0.4062,0.0,1.381,-0.604,-0.3147,-0.2245,0.5244,-0.4338,0.5951,-0.271,0.587,-0.2815,0.4377,0.005726,0.010155,0.0,0.0,0.002787,0.0,-0.04742,0.2788,-0.2668,0.4343,2.0,-0.5,-1.0,-0.4795,0.07184,0.714,2.0,0.0,0.0,0.0,0.0,0.3906,-0.1253191999999999,,,
-0.8574,0.3655,0.1266,0.2179,-0.1543,-0.4285,0.5527,1.0,1.0,-0.1693,-0.0636,-0.4102,0.0,1.381,-0.844,-0.3604,-0.2438,0.3816,-0.4329,-0.2191,-0.2634,0.595,0.587,-0.2815,0.01144,0.00934,0.0,0.0,0.003138,0.0,-0.05588,0.807,-0.6475,-0.07184,1.0,-0.5,-1.0,-0.3577,-0.05652,0.503,0.0,1.0,0.0,0.0,0.0,-0.0634,0.1179799999999999,,,
-0.879,0.348,0.1327,0.2312,0.0914,-0.2856,0.5527,1.0,1.0,-0.1794,-0.06433,-0.4084,0.0,1.382,-0.844,-0.3877,-0.2693,0.3875,-0.4314,0.0921,-0.2708,-0.2191,0.595,0.587,0.01788,0.00895,0.0,0.0,0.002903,0.0,-0.05237,1.028,-0.8037,0.0255,1.0,0.0,-0.5,-0.3945,-0.07324,0.6006,1.0,0.0,0.0,0.0,0.0,0.02266,0.1697096,,,
-0.879,0.298,0.1262,0.2378,0.00969,-0.1428,0.5527,1.0,1.0,-0.1764,-0.0557,-0.409,0.0,1.382,-0.844,-0.3987,-0.3008,0.353,-0.4307,-0.01824,-0.265,0.0919,-0.2191,0.595,0.0231,0.00848,0.0,0.0,0.003138,0.0,-0.05307,0.775,-0.623,-0.00486,1.0,0.0,-1.0,-0.361,-0.1076,0.5664,0.0,1.0,0.0,0.0,0.0,-0.004307,0.14249,,,
-0.879,0.3088,0.1339,0.2451,0.1636,0.0,0.5527,1.0,1.0,-0.1874,-0.05853,-0.407,0.0,1.383,-0.844,-0.398,-0.3367,0.38,-0.4297,0.1102,-0.2515,-0.01833,0.0919,-0.2191,0.0269,0.00833,0.0,0.0,0.003695,0.0,-0.04886,0.825,-0.657,0.02872,1.0,0.5,-0.5,-0.3757,-0.08057,0.6133,1.0,0.0,0.0,0.0,0.0,0.02548,0.1343359999999999,,,
-0.879,0.4255,0.1682,0.2556,0.453,0.1428,0.5527,1.0,1.0,-0.2186,-0.0888,-0.401,0.0,1.383,-0.633,-0.3816,-0.3718,0.503,-0.428,0.3475,-0.2157,0.11005,-0.01833,0.0919,0.03354,0.00865,0.0,0.0,0.005367,0.0,-0.03546,0.9614,-0.7485,0.1398,1.0,1.0,0.0,-0.4678,0.0538,0.757,2.0,0.0,0.0,0.0,0.0,0.12354,-0.2718864,,,
-0.879,0.2588,0.1359,0.2634,-0.2181,0.2856,0.5527,1.0,1.0,-0.1881,-0.0613,-0.405,0.0,1.384,-0.5137,-0.354,-0.4026,0.3416,-0.4265,-0.2351,-0.1963,0.3474,0.11005,-0.01833,0.0365,0.00986,0.0,0.0,0.006626,0.0,-0.04465,0.738,-0.5933,-0.1345,1.0,0.5,0.0,-0.34,-0.07886,0.5225,0.0,1.0,0.0,0.0,0.0,-0.1176,-0.0126103999999999,,,
-0.879,0.1703,0.12256,0.273,-0.145,0.4285,0.5527,1.0,1.0,-0.175,-0.05023,-0.4062,0.0,1.384,-0.7188,-0.3137,-0.4058,0.254,-0.4246,-0.0728,-0.1973,-0.2351,0.3474,0.11005,0.0365,0.011215,0.0,0.0,0.00927,0.0,-0.0475,0.854,-0.6772,-0.036,0.0,0.0,0.0,-0.287,-0.1317,0.417,0.0,2.0,0.0,0.0,0.0,-0.0317,-0.3336040000000001,,,
-0.879,-0.06775,0.072,0.2786,-0.8774,0.5713,0.5527,1.0,1.0,-0.1276,-0.00412,-0.4133,0.0,1.385,-0.5723,-0.2698,-0.388,0.01022,-0.423,-0.4018,-0.223,-0.0729,-0.2351,0.3474,0.03568,0.01213,0.0,0.0,0.01158,0.0,-0.063,0.5435,-0.4624,-0.2917,0.0,0.0,0.0,-0.0937,-0.302,0.1037,0.0,3.0,0.0,0.0,0.0,-0.2576,0.2713276,,,
-0.879,-0.04132,0.084,0.287,2.21,0.7144,0.5527,1.0,1.0,-0.1388,-0.01523,-0.411,0.0,1.385,-0.844,-0.223,-0.3586,0.02678,-0.4211,0.1480999999999999,-0.2267,-0.4016,-0.0729,-0.2351,0.0351,0.01232,0.0,0.0,0.01317,0.0,-0.05737,0.658,-0.542,0.0865,0.0,0.0,0.5,-0.1565,-0.2473,0.1783,1.0,0.0,0.0,0.0,0.0,0.07733,0.1035491999999999,,,
-0.879,-0.0363,0.0897,0.2937,0.268,0.857,0.5527,1.0,1.0,-0.1445,-0.02019,-0.4092,0.0,1.385,-0.6235,-0.1857,-0.3274,0.03111,-0.4197,0.09214,-0.2311,0.148,-0.4016,-0.0729,0.035,0.01266,0.0,0.0,0.0149,0.0,-0.05386,0.5933,-0.494,0.05334,0.0,0.0,0.5,-0.2026,-0.234,0.2103,2.0,0.0,0.0,0.0,0.0,0.04745,0.0035276,,,
-0.879,-0.0781,0.08105,0.2954,-0.859,0.857,0.5527,1.0,1.0,-0.1394,-0.00902,-0.41,0.0,1.386,-0.831,-0.1571,-0.2947,-0.03055,-0.418,-0.0366,-0.239,0.09204,0.148,-0.4016,0.03427,0.01292,0.0,0.0,0.01657,0.0,-0.0553,0.365,-0.3318,-0.0235,0.0,0.0,0.0,-0.1908,-0.2725,0.149,0.0,1.0,0.0,0.0,0.0,-0.02084,0.1416447999999999,,,
-0.879,-0.05313,0.09094,0.3015,8.445,0.857,0.5527,1.0,1.0,-0.1497,-0.01726,-0.4075,0.0,1.386,-0.8325,-0.1371,-0.262,-0.00918,-0.4165,0.1288,-0.2476,-0.0367,0.09204,0.148,0.03253,0.01282,0.0,0.0,0.01845,0.0,-0.05035,0.6733,-0.55,0.07416,1.0,0.0,0.5,-0.256,-0.2505,0.2109,1.0,0.0,0.0,0.0,0.0,0.06586,-0.1751632,,,
-0.879,-0.1959,0.05573,0.2986,-5.28,0.7144,0.5527,0.0,1.0,-0.1193,0.01865,-0.4124,0.0,1.387,-0.6665,-0.1219,-0.2295,-0.1871,-0.415,-0.2746,-0.273,0.1287,-0.0367,0.09204,0.03062,0.01276,0.0,0.0,0.0202,0.0,-0.06097,0.09265,-0.1398,-0.1823,1.0,0.0,0.0,-0.1521,-0.3955,-0.04514,0.0,1.0,0.0,0.0,0.0,-0.1613,0.4790720000000001,,,
-0.879,0.0742,0.11475,0.2952,-2.385,0.7144,0.5527,1.0,1.0,-0.1729,-0.03793,-0.4023,0.0,1.387,-0.2435,-0.11945,-0.2036,0.07404,-0.4146,0.5724,-0.2969,-0.2744,0.1287,-0.0367,0.03162,0.01341,0.0,0.0,0.02293,0.0,-0.03912,0.0794,-0.12067,0.502,1.0,0.0,0.0,-0.357,-0.139,0.4084,1.0,0.0,0.0,0.0,0.0,0.4482,0.4678247999999997,,,
-0.879,0.3076,0.1711,0.2993,1.737,0.7144,0.5527,1.0,1.0,-0.2195,-0.09326,-0.3926,0.0,1.388,-0.3723,-0.11755,-0.1796,0.2942,-0.4128,0.5445,-0.3123,0.5723,-0.2744,0.1287,0.03693,0.01503,0.0,0.0,0.02666,0.0,-0.01797,0.604,-0.4858,0.472,1.0,0.0,0.5,-0.522,0.08466,0.863,2.0,0.0,0.0,0.0,0.0,0.4138,-0.3755996000000001,,,
-0.879,0.02716,0.10443,0.2969,-0.637,0.7144,0.5527,1.0,1.0,-0.1559,-0.0361,-0.4023,0.0,1.388,-0.6084,-0.1225,-0.165,0.01507,-0.4124,-0.5349,-0.348,0.544,0.5723,-0.2744,0.03906,0.01604,0.0,0.0,0.0291,0.0,-0.03915,0.11945,-0.1493,-0.2776,1.0,0.0,0.0,-0.2482,-0.1511,0.3042,0.0,1.0,0.0,0.0,0.0,-0.2393,-0.0787519999999999,,,
-0.879,-0.05197,0.0832,0.2932,-0.646,0.7144,0.5527,1.0,1.0,-0.1348,-0.01784,-0.405,0.0,1.389,-0.6514,-0.1394,-0.1603,-0.06046,-0.412,-0.145,-0.3677,-0.535,0.544,0.5723,0.04013,0.0179,0.0,0.0,0.03061,0.0,-0.0448,0.03592,-0.09216,-0.1006,0.0,0.0,0.0,-0.1741,-0.2261,0.1031,0.0,2.0,0.0,0.0,0.0,-0.0882,-0.084856,,,
-0.879,-0.006092,0.0905,0.2896,1.805,0.7144,0.5527,1.0,1.0,-0.1407,-0.02567,-0.403,0.0,1.389,-0.7446,-0.1675,-0.1637,-0.01164,-0.4119,0.1095,-0.4167,-0.145,-0.535,0.544,0.04187,0.02008,0.0,0.0,0.03275,0.0,-0.0406,0.03592,-0.0903,0.0459,1.0,0.5,0.0,-0.2205,-0.2025,0.235,1.0,0.0,0.0,0.0,0.0,0.04044,0.0263264,,,
-0.879,0.03983,0.096,0.2832,0.7856,0.7144,0.5527,1.0,1.0,-0.1475,-0.02899,-0.4014,0.0,1.39,-0.844,-0.2,-0.1735,0.03047,-0.4119,0.0909,-0.4297,0.1093,-0.145,-0.535,0.04346,0.02173,0.0,0.0,0.03415,0.0,-0.03708,-0.11786,0.02101,0.03833,1.0,0.5,0.0,-0.2517,-0.1852,0.3474,2.0,0.0,0.0,0.0,0.0,0.03366,-0.2172296,,,
-0.879,-0.07495,0.06476,0.2769,-0.879,0.7144,0.5527,1.0,1.0,-0.11914,0.001173,-0.4055,0.0,1.39,-0.844,-0.2382,-0.1891,-0.08185,-0.4119,-0.2354,-0.4297,0.09076,0.1093,-0.145,0.0452,0.0231,0.0,0.0,0.03418,0.0,-0.04626,-0.11786,0.01698,-0.1422,0.0,0.0,0.0,-0.1368,-0.29,-0.0661,0.0,1.0,0.0,0.0,0.0,-0.1245,-0.38044148,,,
-0.879,-0.375,-0.012375,0.2656,-14.766,0.5713,0.5527,0.0,1.0,-0.04138,0.0719,-0.4172,0.0,1.391,-0.4272,-0.2825,-0.2118,-0.359,-0.4136,-0.6566,-0.412,-0.2354,0.09076,0.1093,0.04138,0.02377,0.0,0.0,0.03354,0.0,-0.0717,-0.4336,0.2311,-0.941,0.0,0.0,0.0,0.1449,-0.561,-1.061,0.0,2.0,0.0,0.0,0.0,-0.83,-0.6800280000000001,,,
-0.8057,-0.742,-0.1072,0.2502,1.47,0.4285,0.5527,0.0,1.0,0.05902,0.1633,-0.432,0.0,1.391,0.1236,-0.3281,-0.239,-0.7065,-0.4155,-0.8383,-0.3335,-0.6567,-0.2354,0.09076,0.03137,0.02356,0.0,0.0,0.03143,0.0,-0.10345,-0.6084,0.342,-0.9204,0.0,-0.5,0.0,0.506,-0.8667,-1.282,0.0,3.0,0.0,0.0,0.0,-0.8286,0.0754503999999999,,,
-0.788,-0.6772,-0.1044,0.2338,0.02821,0.2856,0.5527,0.0,1.0,0.05753,0.1589,-0.431,0.0,1.391,-0.5986,-0.3599,-0.2703,-0.6406,-0.417,0.0575,-0.283,-0.838,-0.6567,-0.2354,0.0241,0.02362,0.0,0.0,0.02945,0.0,-0.1014,-0.6655,0.3835,0.03934,0.0,0.0,0.0,0.428,-0.787,-1.223,1.0,0.0,0.0,0.0,0.0,0.03638,-0.0662975999999999,,,
-0.799,-0.653,-0.112,0.2153,0.0891,0.1428,0.5527,0.0,1.0,0.0645,0.1678,-0.4316,0.0,1.392,-0.742,-0.3726,-0.304,-0.624,-0.4182,-0.0380999999999999,-0.242,0.05737,-0.838,-0.6567,0.0173,0.02368,0.0,0.0,0.02722,0.0,-0.1028,-0.7383,0.4348,-0.02388,-1.0,-0.5,-0.5,0.399,-0.755,-1.064,0.0,1.0,0.0,0.0,0.0,-0.02203,0.15411252,,,
-0.7876,-0.569,-0.10535,0.1985,-0.02316,0.0,0.5527,0.0,1.0,0.05856,0.1599,-0.43,0.0,1.392,-0.648,-0.3586,-0.3335,-0.5415,-0.4197,0.0957,-0.2211,-0.03818,0.05737,-0.838,0.010445,0.02393,0.0,0.0,0.02458,0.0,-0.0993,-0.6655,0.3845,0.06866,0.0,-0.5,0.0,0.3157,-0.67,-0.882,1.0,0.0,0.0,0.0,0.0,0.0635,0.1095695999999999,,,
-0.7383,-0.492,-0.10114,0.1804,-0.03525,-0.1428,0.5527,0.0,1.0,0.05826,0.1514,-0.4287,0.0,1.393,-0.1713,-0.3123,-0.3516,-0.4304,-0.4224,0.07633,-0.2046,0.0956,-0.03818,0.05737,0.00349,0.02396,0.0,0.0,0.02243,0.0,-0.0965,-0.7007,0.4111,0.1071,1.0,0.0,0.0,0.2399,-0.611,-0.75,2.0,0.0,0.0,0.0,0.0,0.0987,0.0290644,,,
-0.7295,-0.511,-0.1173,0.1641,0.1831,-0.1428,0.5527,0.0,1.0,0.07556,0.1677,-0.4307,0.0,1.393,-0.575,-0.2515,-0.35,-0.4143,-0.425,-0.1139999999999999,-0.187,0.07623,0.0956,-0.03818,-0.00288,0.02342,0.0,0.0,0.02023,0.0,-0.10077,-0.6377,0.3643,-0.1984,1.0,0.0,0.0,0.2344,-0.6553,-0.749,0.0,1.0,0.0,0.0,0.0,-0.1823,0.0176368,,,
-0.7764,-0.4392,-0.1173,0.142,-0.04562,-0.2856,0.5527,0.0,1.0,0.0718,0.1716,-0.43,0.0,1.394,-0.7676,-0.1896,-0.33,-0.3354,-0.4272,0.03828,-0.1705,-0.1141,0.07623,0.0956,-0.006107,0.02322,0.0,0.0,0.01874,0.0,-0.09937,-1.042,0.6533,0.0495,1.0,0.0,0.0,0.1624,-0.6353,-0.6704,1.0,0.0,0.0,0.0,0.0,0.04565,0.2667036,,,
-0.8066,-0.2722,-0.099,0.1161,-0.3655,-0.4285,0.5527,0.0,1.0,0.05063,0.1548,-0.4263,0.0,1.394,-0.485,-0.1309,-0.294,-0.1674,-0.4297,0.2098,-0.1635,0.03815,-0.1141,0.07623,-0.0047,0.02263,0.0,0.0,0.01733,0.0,-0.0916,-1.379,0.897,0.2384,2.0,0.0,0.0,0.03476,-0.5376,-0.5054,2.0,0.0,0.0,0.0,0.0,0.2196,0.2896383999999999,,,
-0.818,-0.0879,-0.0705,0.0996,-0.8984,-0.5713,0.5527,0.0,1.0,0.02086,0.126,-0.4211,0.0,1.395,-0.5396,-0.09,-0.2583,0.0017395,-0.4304,0.3031,-0.1642,0.2096,0.03815,-0.1141,-0.002218,0.02173,0.0,0.0,0.01625,0.0,-0.0803,-0.8726,0.541,0.1685,2.0,0.5,0.5,-0.093,-0.3848,-0.2983,3.0,0.0,0.0,0.0,0.0,0.1542,-0.0045543999999999,,,
-0.8164,0.0558,-0.048,0.0874,-14.766,-0.5713,0.5527,1.0,1.0,-0.001425,0.1027,-0.417,0.0,1.395,-0.545,-0.06494,-0.2256,0.1385,-0.4312,0.244,-0.1669,0.303,0.2096,0.03815,0.001505,0.02132,0.0,0.0,0.0156,0.0,-0.07117,-0.576,0.333,0.2173,2.0,1.0,1.0,-0.1849,-0.2727,-0.1345,4.0,0.0,0.0,0.0,0.0,0.197,0.275076,,,
-0.825,0.144,-0.03717,0.076,0.8213,-0.5713,0.5527,1.0,1.0,-0.01282,0.0924,-0.4148,0.0,1.3955,-0.804,-0.05722,-0.1985,0.2102,-0.4314,0.1304999999999999,-0.1719,0.2438,0.303,0.2096,0.005394,0.02094,0.0,0.0,0.01495,0.0,-0.0663,-0.56,0.324,0.0719,3.0,1.5,1.0,-0.2274,-0.2238,-0.03876,5.0,0.0,0.0,0.0,0.0,0.0647,0.7222658000000002,,,
-0.7383,0.623,0.0656,0.07336,2.406,-0.5713,0.5527,1.0,1.0,-0.1041,-0.01607,-0.3975,0.0,1.3955,0.4941,-0.078,-0.1859,0.6353,-0.4294,0.9831,-0.1501,0.1302,0.2438,0.303,0.013336,0.02162,0.0,0.0,0.01631,0.0,-0.02892,0.02625,-0.0781,1.622,3.0,1.5,1.0,-0.5547,0.2014,0.5283,5.92,0.0,0.0,0.0,0.0,1.454,0.182588,,,
-0.732,0.717,0.08795,0.076,0.275,-0.5713,0.5527,1.0,1.0,-0.1242,-0.0378,-0.3933,0.0,1.396,-0.506,-0.12134,-0.1829,0.697,-0.4275,0.2339999999999999,-0.1304,0.9824,0.1302,0.2438,0.02286,0.02246,0.0,0.0,0.01712,0.0,-0.01978,0.2878,-0.2607,0.3135,3.0,1.5,1.5,-0.619,0.224,0.625,5.92,0.0,0.0,0.0,0.0,0.2725,0.8351436000000001,,,
-0.639,1.476,0.276,0.1036,1.149,-0.4285,0.5527,1.0,1.0,-0.2805,-0.2144,-0.3623,0.0,1.396,1.459,-0.1654,-0.1931,1.376,-0.4211,1.7151,-0.01041,0.2338,0.9824,0.1302,0.04013,0.02481,0.0,0.0,0.01988,0.0,0.04788,1.244,-0.9136,4.035,3.0,1.5,2.0,-1.147,0.876,1.113,5.92,0.0,0.0,0.0,0.0,3.482,0.056342,,,
-0.6387,1.397,0.2888,0.1416,0.0801,-0.2856,0.5527,1.0,1.0,-0.291,-0.2253,-0.3594,0.0,1.396,0.02533,-0.1652,-0.2007,1.281,-0.4153,0.1527,0.108,1.714,0.2338,0.9824,0.05728,0.02759,0.0,0.0,0.02379,0.0,0.0542,1.574,-1.403,0.265,3.0,1.5,2.0,-1.096,0.828,1.032,5.92,0.0,0.0,0.0,0.0,0.217,-0.196624,,,
-0.636,1.152,0.2622,0.1775,-0.04398,-0.1428,0.5527,1.0,1.0,-0.2688,-0.2028,-0.3628,0.0,1.397,-0.7134,-0.1228,-0.1996,1.077,-0.4119,-0.1854,0.1917,0.1525,1.714,0.2338,0.07214,0.03024,0.0,0.0,0.0276,0.0,0.0464,1.574,-1.272,-0.2001,2.0,1.5,2.0,-0.921,0.657,0.7983,0.0,1.0,0.0,0.0,0.0,-0.1632,0.0366523999999999,,,
-0.609,0.9253,0.2377,0.212,-0.0633,0.0,0.5527,1.0,1.0,-0.2461,-0.1838,-0.3662,0.0,1.397,-0.5176,-0.05096,-0.1875,0.896,-0.4087,-0.1696,0.252,-0.1854,0.1525,1.714,0.08514,0.0331,0.0,0.0,0.03094,0.0,0.0393,1.574,-1.186,-0.1731,1.0,1.5,2.0,-0.7705,0.505,0.641,0.0,2.0,0.0,0.0,0.0,-0.142,0.2726286799999999,,,
-0.616,0.9883,0.2808,0.2499,0.2006,0.1428,0.5527,1.0,1.0,-0.2827,-0.2205,-0.3584,0.0,1.398,-0.654,0.04507,-0.1593,0.995,-0.4048,0.4095,0.324,-0.1696,-0.1854,0.1525,0.09955,0.03632,0.0,0.0,0.03485,0.0,0.0562,1.574,-1.201,0.5156,1.0,1.5,2.0,-0.8374,0.609,0.6743,1.0,0.0,0.0,0.0,0.0,0.425,0.1481978399999999,,,
-0.642,0.9326,0.2979,0.2888,0.07764,0.2856,0.5527,1.0,1.0,-0.2988,-0.2327,-0.3547,0.0,1.398,-0.5522,0.1686,-0.1061,0.9326,-0.3992,0.1853999999999999,0.395,0.4092,-0.1696,-0.1854,0.1105,0.03964,0.0,0.0,0.03943,0.0,0.0639,1.574,-1.205,0.2162,1.0,1.5,2.0,-0.826,0.6025,0.633,2.0,0.0,0.0,0.0,0.0,0.176,-0.1373952,,,
-0.6357,0.755,0.2869,0.3289,-0.05392,0.4285,0.5527,1.0,1.0,-0.2893,-0.224,-0.3557,0.0,1.399,-0.5933,0.311,-0.0227,0.721,-0.3926,-0.0501299999999999,0.4453,0.1852,0.4092,-0.1696,0.12006,0.04294,0.0,0.0,0.045,0.0,0.06177,1.574,-1.236,-0.05338,0.0,1.0,2.0,-0.731,0.5015,0.537,0.0,1.0,0.0,0.0,0.0,-0.0432,-0.2512943999999999,,,
-0.603,0.568,0.2722,0.3674,-0.10583,0.5713,0.5527,1.0,1.0,-0.2747,-0.2142,-0.3574,0.0,1.399,-0.4436,0.4443,0.0737,0.5366,-0.3875,-0.08376,0.4597,-0.05023,0.1852,0.4092,0.12134,0.046,0.0,0.0,0.05176,0.0,0.05823,1.574,-1.186,-0.08044,0.0,0.5,1.5,-0.6377,0.39,0.451,0.0,2.0,0.0,0.0,0.0,-0.0652,0.1313548,,,
-0.582,0.496,0.2834,0.4053,0.015366,0.7144,0.5527,1.0,1.0,-0.2822,-0.2256,-0.3547,0.0,1.4,-0.2576,0.5605,0.178,0.4597,-0.382,0.1346,0.4663,-0.0838,-0.05023,0.1852,0.1225,0.04953,0.0,0.0,0.05865,0.0,0.06384,1.574,-1.18,0.1581,1.0,0.5,1.5,-0.6377,0.3738,0.43,1.0,0.0,0.0,0.0,0.0,0.1284,-0.1702571999999999,,,
-0.5854,0.2979,0.2607,0.438,-0.2334,0.857,0.5527,1.0,1.0,-0.2634,-0.2058,-0.3577,0.0,1.4,-0.7817,0.637,0.2717,0.317,-0.3796,-0.1507,0.4514,0.1345,-0.0838,-0.05023,0.1238,0.05225,0.0,0.0,0.06537,0.0,0.05743,1.472,-1.071,-0.1454,0.0,0.0,1.0,-0.527,0.2478,0.3416,0.0,1.0,0.0,0.0,0.0,-0.1177,-0.067548,,,
-0.5913,0.1471,0.2461,0.4675,-0.2917,0.857,0.5527,1.0,1.0,-0.2517,-0.1926,-0.3594,0.0,1.401,-0.717,0.6816,0.3594,0.1865,-0.3762,-0.0839999999999999,0.4236,-0.1506,0.1345,-0.0838,0.1255,0.05426,0.0,0.0,0.0717,0.0,0.0539,1.371,-1.001,-0.098,-1.0,-0.5,0.5,-0.4504,0.162,0.277,0.0,2.0,0.0,0.0,0.0,-0.0797,-0.2852171999999999,,,
-0.5396,-0.149,0.1921,0.491,-1.252,0.7144,0.5527,0.0,1.0,-0.2017,-0.1494,-0.3674,0.0,1.401,-0.516,0.6787,0.4312,-0.0635,-0.3748,-0.4215,0.3757,-0.0841,-0.1506,0.1345,0.1232,0.0564,0.0,0.0,0.0773,0.0,0.03622,1.031,-0.766,-0.3057,-1.0,-1.0,0.0,-0.2708,-0.0796,0.12103,0.0,3.0,0.0,0.0,0.0,-0.2493,0.034348,,,
-0.615,-0.1038,0.2133,0.506,-0.5806,0.5713,0.5527,0.0,1.0,-0.2258,-0.1619,-0.3633,0.0,1.402,-0.4573,0.6567,0.4944,-0.0531,-0.3708,0.2224,0.3118,-0.4216,-0.0841,-0.1506,0.1211,0.05896,0.0,0.0,0.0834,0.0,0.04538,0.8574,-0.6387,0.1963,0.0,-0.5,0.0,-0.338,-0.009415,0.152,1.0,0.0,0.0,0.0,0.0,0.1622,0.245356,,,
-0.6055,0.0943,0.2737,0.5254,-9.27,0.5713,0.5527,1.0,1.0,-0.276,-0.2152,-0.3525,0.0,1.402,-0.2192,0.606,0.544,0.1421,-0.368,0.5601,0.2426,0.2222,-0.4216,-0.0841,0.1219,0.06204,0.0,0.0,0.0904,0.0,0.0686,0.9507,-0.695,0.7705,0.0,0.0,0.0,-0.579,0.1321,0.2986,2.0,0.0,0.0,0.0,0.0,0.6323,0.0256776,,,
-0.782,0.2369,0.31,0.5293,1.001,0.5713,0.5527,1.0,1.0,-0.32,-0.2314,-0.3457,0.0,1.402,-0.6865,0.5615,0.575,0.2443,-0.3652,0.3504,0.1709,0.56,0.2222,-0.4216,0.1249,0.0654,0.0,0.0,0.09766,0.0,0.0834,0.4983,-0.3655,0.3733,1.0,0.0,0.0,-0.6587,0.2368,0.393,3.0,0.0,0.0,0.0,0.0,0.301,0.1774,,,
-0.8438,0.4097,0.3557,0.5356,0.714,0.5713,0.5527,1.0,1.0,-0.3616,-0.2642,-0.3374,0.0,1.403,-0.7144,0.5195,0.589,0.4004,-0.363,0.4293,0.1062,0.3503,0.56,0.2222,0.1294,0.0696,0.0,0.0,0.1053,0.0,0.1017,0.63,-0.4514,0.578,2.0,0.0,0.0,-0.756,0.3652,0.5327,4.0,0.0,1.0,0.0,2.773,0.4612,-0.2649060000000001,,,
-0.8022,0.1647,0.2988,0.5396,-0.4001,0.5713,0.5527,1.0,1.0,-0.3125,-0.2205,-0.3457,0.0,1.403,-0.334,0.459,0.5806,0.1566,-0.3618,-0.4232,0.0083,0.429,0.3503,0.56,0.1324,0.074,0.0,0.0,0.11176,0.0,0.0833,0.4314,-0.3176,-0.401,2.0,0.0,0.0,-0.519,0.1401,0.3345,0.0,1.0,0.0,0.0,0.0,-0.3157,-0.3701427999999999,,,
-0.7764,-0.0626,0.2446,0.5405,-0.854,0.5713,0.5527,1.0,1.0,-0.2654,-0.1761,-0.3538,0.0,1.404,-0.3433,0.3745,0.5483,-0.06976,-0.3608,-0.4125,-0.134,-0.4233,0.429,0.3503,0.1338,0.07874,0.0,0.0,0.11725,0.0,0.0657,0.2585,-0.2019,-0.4055,1.0,0.0,0.0,-0.3167,-0.0735,0.10254,0.0,2.0,0.0,0.0,0.0,-0.3235,0.364996,,,
-0.7397,0.2175,0.3135,0.544,16.12,0.5713,0.5527,1.0,1.0,-0.3196,-0.2379,-0.3416,0.0,1.404,-0.01054,0.271,0.4998,0.2136,-0.3599,0.6354,-0.2129,-0.4124,-0.4233,0.429,0.1404,0.08417,0.0,0.0,0.1223,0.0,0.0924,0.3613,-0.2634,0.5146,1.0,0.0,0.0,-0.5156,0.1842,0.5347,1.0,0.0,0.0,0.0,0.0,0.4158,0.0860044,,,
-0.6143,-0.2847,0.1857,0.534,-1.662,0.4285,0.5527,0.0,1.0,-0.2019,-0.1375,-0.3618,0.0,1.405,0.6694,0.1633,0.4304,-0.2966,-0.3599,-1.0329,-0.3262,0.6353,-0.4124,-0.4233,0.1407,0.08844,0.0,0.0,0.1251,0.0,0.04794,-0.254,0.1559,-1.624,0.0,0.0,-0.5,-0.01224,-0.2399,-0.4656,0.0,1.0,0.0,0.0,0.0,-1.286,-0.0902444,,,
-0.6143,-0.3953,0.15,0.522,0.716,0.2856,0.5527,0.0,1.0,-0.1707,-0.1052,-0.3672,0.0,1.405,-0.6885,0.06696,0.36,-0.4053,-0.3606,-0.2709,-0.3176,-1.032,0.6353,-0.4124,0.1371,0.0923,0.0,0.0,0.1247,0.0,0.03662,-0.3376,0.2107,-0.278,-1.0,0.0,-0.5,0.1062,-0.3438,-0.7334,0.0,2.0,0.0,0.0,0.0,-0.2277,0.217508,,,
-0.633,-0.1802,0.1968,0.5156,-0.5986,0.1428,0.5527,0.0,1.0,-0.2131,-0.1459,-0.3586,0.0,1.406,-0.781,-0.01971,0.2915,-0.1982,-0.3606,0.4443999999999999,-0.3179,-0.271,-1.032,0.6353,0.1337,0.0965,0.0,0.0,0.12476,0.0,0.05493,-0.12054,0.06384,0.2347,0.0,0.5,0.0,-0.0651,-0.1321,-0.2593,1.0,0.0,0.0,0.0,0.0,0.1938,0.337888,,,
-0.6475,0.12317,0.2683,0.5156,-3.146,0.1428,0.5527,1.0,1.0,-0.275,-0.2073,-0.346,0.0,1.406,-0.2091,-0.08704,0.2157,0.11475,-0.3606,0.6571,-0.3137,0.444,-0.271,-1.032,0.1315,0.1017,0.0,0.0,0.1263,0.0,0.08246,0.0663,-0.05734,0.5537,1.0,0.5,0.0,-0.289,0.1539,0.4004,2.0,0.0,0.0,0.0,0.0,0.4512,0.0965152,,,
-0.6113,0.1777,0.2834,0.519,0.418,0.1428,0.5527,1.0,1.0,-0.2844,-0.223,-0.3428,0.0,1.407,-0.2145,-0.1544,0.1326,0.1599,-0.3591,0.1653,-0.3127,0.6567,0.444,-0.271,0.1322,0.107,0.0,0.0,0.1284,0.0,0.0894,0.1787,-0.1345,0.2192,1.0,0.5,0.5,-0.3188,0.192,0.5137,3.0,0.0,0.0,0.0,0.0,0.1749,0.70381544,,,
-0.556,0.6904,0.4185,0.5366,2.248,0.1428,0.5527,1.0,1.0,-0.3875,-0.3384,-0.3196,0.0,1.407,0.3857,-0.1932,0.05164,0.6357,-0.355,1.1831,-0.2189,0.165,0.6567,0.444,0.141,0.1135,0.0,0.0,0.132,0.0,0.1401,0.523,-0.358,2.635,2.0,0.5,1.0,-0.6934,0.658,1.113,4.0,0.0,0.0,0.0,0.0,2.092,-0.2032484,,,
-0.5107,0.586,0.4087,0.5586,-0.01155,0.2856,0.5527,1.0,1.0,-0.3765,-0.3345,-0.32,0.0,1.408,0.1284,-0.2015,-0.00986,0.4902,-0.35,-0.03158,-0.1536,1.183,0.165,0.6567,0.1465,0.1197,0.0,0.0,0.1351,0.0,0.1387,0.6797,-0.4702,-0.0687,2.0,0.0,1.0,-0.6187,0.558,0.9478,0.0,1.0,0.0,0.0,0.0,-0.05264,0.1186907999999999,,,
-0.459,0.4539,0.3892,0.5767,-0.0779,0.4285,0.5527,1.0,1.0,-0.3572,-0.3232,-0.3223,0.0,1.408,0.09314,-0.1776,-0.049,0.3699,-0.3474,-0.1109,-0.1116,-0.03168,1.183,0.165,0.1566,0.1255,0.0,0.0,0.1381,0.0,0.1337,0.5835,-0.4038,-0.1405,1.0,0.0,0.5,-0.5327,0.4224,0.7275,0.0,2.0,0.0,0.0,0.0,-0.10767,0.252452,,,
-0.491,0.592,0.4338,0.5933,0.4087,0.4285,0.5527,1.0,1.0,-0.3943,-0.3562,-0.314,0.0,1.408,-0.4966,-0.1324,-0.06995,0.5044,-0.3447,0.4139,-0.05527,-0.11096,-0.03168,1.183,0.1702,0.1316,0.0,0.0,0.142,0.0,0.152,0.557,-0.377,0.45,1.0,0.5,0.5,-0.6323,0.531,0.8164,1.0,0.0,0.0,0.0,0.0,0.346,-0.5023624000000001,,,
-0.382,0.1632,0.332,0.5967,-0.547,0.4285,0.5527,1.0,1.0,-0.3057,-0.283,-0.33,0.0,1.409,0.3118,-0.0829,-0.0744,0.0637,-0.3428,-0.7855,-0.04654,0.4136,-0.11096,-0.03168,0.1774,0.1357,0.0,0.0,0.1443,0.0,0.1167,0.1504,-0.1022,-1.077,0.0,0.0,0.0,-0.2426,0.1644,0.3123,0.0,1.0,0.0,0.0,0.0,-0.8184,-0.2103176,,,
-0.3567,0.02437,0.2942,0.5913,-0.4734,0.4285,0.5527,1.0,1.0,-0.273,-0.2532,-0.3357,0.0,1.409,-0.471,-0.04477,-0.0827,-0.08124,-0.3423,-0.2736,-0.05078,-0.785,0.4136,-0.11096,0.18,0.1392,0.0,0.0,0.1462,0.0,0.1046,-0.0684,0.0487,-0.2812,-1.0,0.0,-0.5,-0.1128,0.01316,0.1289,0.0,2.0,0.0,0.0,0.0,-0.219,0.5342935999999999,,,
-0.3618,0.3691,0.3833,0.6006,3.621,0.4285,0.5527,1.0,1.0,-0.3447,-0.3264,-0.3198,0.0,1.41,-0.05157,-0.01327,-0.0868,0.276,-0.3413,0.7961,-0.03613,-0.2737,-0.785,0.4136,0.1859,0.1418,0.0,0.0,0.1498,0.0,0.1392,0.3008,-0.1995,0.822,0.0,0.5,0.0,-0.3857,0.3352,0.505,1.0,0.0,0.0,0.0,0.0,0.645,0.0331039999999999,,,
-0.37,0.4844,0.424,0.619,0.4067,0.4285,0.5527,1.0,1.0,-0.377,-0.3584,-0.312,0.0,1.41,-0.3215,0.0195,-0.08905,0.4067,-0.3389,0.3805,-0.02983,0.7954,-0.2737,-0.785,0.1879,0.1447,0.0,0.0,0.1548,0.0,0.1561,0.5444,-0.366,0.4177,1.0,0.5,0.5,-0.4998,0.4272,0.6343,2.0,0.0,0.0,0.0,0.0,0.32,0.1818216,,,
-0.4133,0.5776,0.4565,0.634,0.3093,0.4285,0.5527,1.0,1.0,-0.4053,-0.3804,-0.3054,0.0,1.411,-0.467,0.05307,-0.07947,0.503,-0.3364,0.3132999999999999,-0.009476,0.3801,0.7954,-0.2737,0.1915,0.1482,0.0,0.0,0.16,0.0,0.1702,0.4785,-0.3127,0.4255,1.0,0.5,0.5,-0.6,0.4575,0.702,3.0,0.0,0.0,0.0,0.0,0.3223,0.113116,,,
-0.514,0.5996,0.4834,0.6646,0.1688,0.5713,0.5527,1.0,1.0,-0.4333,-0.3928,-0.3,0.0,1.411,-0.6475,0.0913,-0.0558,0.5396,-0.3328,0.2638,0.03357,0.3132,0.3801,0.7954,0.1973,0.1522,0.0,0.0,0.1648,0.0,0.1821,1.013,-0.6885,0.2688,2.0,0.5,1.0,-0.641,0.4988,0.716,4.0,0.0,0.0,0.0,0.0,0.2015,-0.1362432,,,
-0.4905,0.515,0.4873,0.6997,0.00125,0.7144,0.5527,1.0,1.0,-0.4343,-0.3977,-0.2983,0.0,1.412,-0.4172,0.1335,-0.01464,0.455,-0.3276,0.077,0.0766,0.2637,0.3132,0.3801,0.2013,0.1559,0.0,0.0,0.1691,0.0,0.1855,1.172,-0.8003,0.1288,3.0,0.5,1.5,-0.624,0.4438,0.6445,5.0,0.0,0.0,0.0,0.0,0.0957,-0.6929156000000001,,,
-0.3755,-0.01538,0.369,0.7188,-0.817,0.857,0.5527,1.0,1.0,-0.3347,-0.3137,-0.3176,0.0,1.412,0.4802,0.1532,0.02443,-0.04333,-0.326,-0.9059,0.08264,0.0769,0.2637,0.3132,0.2045,0.1581,0.0,0.0,0.1709,0.0,0.1439,0.6006,-0.4116,-1.184,2.0,0.5,1.0,-0.1937,0.0256,0.183,0.0,1.0,0.0,0.0,0.0,-0.8784,-0.3288492,,,
-0.3828,-0.2223,0.3213,0.725,-3.219,0.7144,0.5527,0.0,1.0,-0.297,-0.274,-0.3247,0.0,1.413,-0.5044,0.1434,0.0568,-0.2422,-0.3245,-0.3473,0.07385,-0.9053,0.0769,0.2637,0.2073,0.16,0.0,0.0,0.1729,0.0,0.1283,0.283,-0.1915,-0.2983,1.0,0.5,0.5,-0.0256,-0.13,-0.0005407,0.0,2.0,0.0,0.0,0.0,-0.2278,-0.2737071159999999,,,
-0.3862,-0.382,0.2815,0.726,1.346,0.5713,0.5527,0.0,1.0,-0.265,-0.2401,-0.3306,0.0,1.413,-0.4165,0.1122,0.0822,-0.4084,-0.3232,-0.2873,0.0481,-0.3474,-0.9053,0.0769,0.2046,0.1616,0.0,0.0,0.1749,0.0,0.1156,0.11835,-0.07965,-0.3027,0.0,0.0,0.0,0.05206,-0.3035,-0.1628,0.0,3.0,0.0,0.0,0.0,-0.2335,-0.0969995999999999,,,
-0.4832,-0.263,0.3027,0.715,-0.2898,0.4285,0.5527,0.0,1.0,-0.29,-0.25,-0.326,0.0,1.414,-0.7036,0.08325,0.1005,-0.3247,-0.3223,0.2256999999999999,0.04047,-0.2874,-0.3474,-0.9053,0.201,0.1635,0.0,0.0,0.1763,0.0,0.1255,-0.2262,0.1707,0.1775,0.0,0.5,0.0,-0.03397,-0.1926,-0.07275,1.0,0.0,0.0,0.0,0.0,0.1383,-1.0319512000000002,,,
-0.3845,-0.9023,0.127,0.6885,3.893,0.2856,0.5527,0.0,1.0,-0.1318,-0.103,-0.355,0.0,1.414,0.775,0.04556,0.09564,-0.9375,-0.3257,-1.4399,0.02185,0.2255,-0.2874,-0.3474,0.1884,0.1636,0.0,0.0,0.1769,0.0,0.0619,-0.6562,0.4495,-2.346,-1.0,0.5,0.0,0.639,-0.748,-0.8057,0.0,1.0,0.0,0.0,0.0,-1.813,0.1693332,,,
-0.3933,-0.8276,0.1284,0.663,0.0357,0.1428,0.5527,0.0,1.0,-0.1337,-0.1036,-0.3542,0.0,1.414,0.07776,-0.002045,0.07166,-0.871,-0.3276,0.05036,-0.01848,-1.439,0.2255,-0.2874,0.1746,0.164,0.0,0.0,0.1781,0.0,0.06396,-0.609,0.4167,0.0485,0.0,0.5,0.5,0.546,-0.6895,-0.846,1.0,0.0,0.0,0.0,0.0,0.03928,0.074698,,,
-0.3633,-0.8345,0.10504,0.631,0.1433,0.0,0.5527,0.0,1.0,-0.1102,-0.08435,-0.3574,0.0,1.415,-0.1477,-0.0489,0.03342,-0.915,-0.329,-0.1671,-0.02238,0.05023,-1.439,0.2255,0.1594,0.1646,0.0,0.0,0.1782,0.0,0.05692,-0.826,0.569,-0.08734,0.0,0.0,0.0,0.5356,-0.748,-0.94,0.0,1.0,0.0,0.0,0.0,-0.0706,0.145674,,,
-0.3389,-0.9067,0.07056,0.606,0.236,-0.1428,0.5527,0.0,1.0,-0.07666,-0.05374,-0.3625,0.0,1.415,0.565,-0.0895,-0.02408,-0.8994,-0.3352,-0.2689,0.01956,-0.1672,0.05023,-1.439,0.148,0.1646,0.0,0.0,0.1768,0.0,0.04553,-0.6914,0.4678,-0.6045,0.0,-0.5,0.0,0.599,-0.8135,-0.9917,0.0,2.0,0.0,0.0,0.0,-0.4915,-0.011342,,,
-0.3245,-0.8184,0.0777,0.585,0.01904,-0.2856,0.5527,0.0,1.0,-0.0821,-0.06177,-0.3606,0.0,1.416,-0.2057,-0.1199,-0.0874,-0.788,-0.338,0.10185,0.05658,-0.269,-0.1672,0.05023,0.1388,0.1641,0.0,0.0,0.175,0.0,0.04974,-0.569,0.3818,0.1351,0.0,-0.5,0.5,0.4663,-0.75,-0.874,1.0,0.0,0.0,0.0,0.0,0.1108,-0.069876,,,
-0.368,-0.6987,0.0867,0.5557,-0.03983,-0.4285,0.5527,0.0,1.0,-0.0939,-0.06665,-0.3584,0.0,1.416,-0.4636,-0.1301,-0.1383,-0.688,-0.3398,0.11845,0.0875,0.1017,-0.269,-0.1672,0.1317,0.1633,0.0,0.0,0.1716,0.0,0.05466,-0.9263,0.639,0.0953,1.0,-0.5,0.5,0.3584,-0.6655,-0.7446,2.0,0.0,0.0,0.0,0.0,0.0778,0.0919675999999999,,,
-0.3962,-0.51,0.1108,0.5244,-0.1936,-0.5713,0.5527,0.0,1.0,-0.1181,-0.08704,-0.3535,0.0,1.417,-0.4907,-0.10254,-0.1647,-0.5093,-0.3425,0.2527999999999999,0.1028,0.1183,0.1017,-0.269,0.12463,0.1624,0.0,0.0,0.1686,0.0,0.0652,-1.016,0.7075,0.2095,1.0,0.0,0.5,0.2153,-0.5225,-0.5874,3.0,0.0,0.0,0.0,0.0,0.1705,0.1083664,,,
-0.3916,-0.2644,0.1481,0.494,-0.4788,-0.7144,0.5527,0.0,1.0,-0.1511,-0.1219,-0.3464,0.0,1.417,-0.1879,-0.04248,-0.1725,-0.267,-0.3455,0.3678,0.10626,0.2524,0.1183,0.1017,0.1268,0.1622,0.0,0.0,0.1664,0.0,0.0807,-0.9956,0.7,0.3267,2.0,0.5,0.5,0.04898,-0.3381,-0.4028,4.0,0.0,0.0,0.0,0.0,0.2637,-0.0952158,,,
-0.3865,-0.2654,0.12305,0.4578,0.1394,-0.857,0.5527,0.0,1.0,-0.1283,-0.0992,-0.3499,0.0,1.418,-0.62,0.03473,-0.1599,-0.289,-0.3481,-0.1817,0.1004,0.3674,0.2524,0.1183,0.1279,0.1625,0.0,0.0,0.1631,0.0,0.07294,-1.218,0.8555,-0.1324,2.0,0.5,0.0,0.11993,-0.4016,-0.4443,0.0,1.0,0.0,0.0,0.0,-0.10583,0.0592344,,,
-0.399,-0.0848,0.1418,0.4236,-0.915,-1.0,0.5527,0.0,1.0,-0.1461,-0.1155,-0.346,0.0,1.418,-0.4167,0.1259,-0.1202,-0.0702,-0.353,0.1994,0.10394,-0.1816,0.3674,0.2524,0.1309,0.1622,0.0,0.0,0.1617,0.0,0.08136,-1.142,0.805,0.1892,2.0,0.5,0.0,-0.011894,-0.3457,-0.34,1.0,0.0,0.0,0.0,0.0,0.1519,-0.6397039999999999,,,
-0.328,-0.5996,-0.002026,0.3882,18.77,-1.143,0.5527,0.0,1.0,-0.00722,0.01604,-0.3704,0.0,1.419,0.4155,0.2205,-0.05884,-0.5464,-0.3582,-1.2379,0.1475,0.1993,-0.1816,0.3674,0.1289,0.1617,0.0,0.0,0.1586,0.0,0.0284,-1.198,0.822,-2.043,1.0,0.5,0.0,0.5425,-0.833,-0.792,0.0,1.0,0.0,1.0,-4.953,-1.631,-0.009976,,,
-0.2883,-0.482,0.005215,0.3584,-0.10895,-1.143,0.5527,0.0,1.0,-0.01102,0.00559,-0.3687,0.0,1.419,0.08813,0.2898,0.00725,-0.4412,-0.3608,0.086,0.1674,-1.238,0.1993,-0.1816,0.1268,0.1616,0.0,0.0,0.1542,0.0,0.0319,-1.066,0.7295,0.07935,1.0,0.5,0.5,0.4436,-0.751,-0.692,1.0,0.0,0.0,0.0,0.0,0.06586,0.5584000000000002,,,
-0.3008,-0.11,0.0781,0.3396,-0.859,-1.143,0.5527,0.0,1.0,-0.0806,-0.0641,-0.3557,0.0,1.42,-0.277,0.3267,0.073,-0.06573,-0.363,0.6851,0.1448,0.0859,-1.238,0.1993,0.1274,0.1617,0.0,0.0,0.1501,0.0,0.0601,-0.6147,0.4192,0.742,1.0,1.0,1.0,0.145,-0.3894,-0.3967,2.0,0.0,0.0,0.0,0.0,0.6147,-0.1003092,,,
-0.28,-0.0637,0.0736,0.3176,-1.592,-1.0,0.5527,1.0,1.0,-0.07477,-0.06152,-0.356,0.0,1.42,-0.4243,0.3254,0.1337,-0.03226,-0.3645,-0.01667,0.09607,0.685,0.0859,-1.238,0.1268,0.1611,0.0,0.0,0.1456,0.0,0.05933,-0.74,0.509,-0.0238,1.0,1.0,0.5,0.0633,-0.4624,-0.3682,0.0,1.0,0.0,0.0,0.0,-0.0193,-0.2692411999999999,,,
-0.3574,-0.1993,0.03738,0.3103,-8.1,-1.0,0.5527,0.0,1.0,-0.04718,-0.02028,-0.3618,0.0,1.42,-0.3313,0.3135,0.1838,-0.1498,-0.3657,-0.3019,0.01663,-0.01677,0.685,0.0859,0.1228,0.16,0.0,0.0,0.14,0.0,0.0466,-0.284,0.1774,-0.412,0.0,0.5,0.5,0.1849,-0.5635,-0.4705,0.0,2.0,0.0,0.0,0.0,-0.3342,0.099264,,,
-0.4236,-0.1242,0.05014,0.304,-0.547,-1.0,0.5527,0.0,1.0,-0.06445,-0.02716,-0.3594,0.0,1.421,-0.6743,0.2773,0.2139,-0.07526,-0.3662,0.1356,-0.10803,-0.302,-0.01677,0.685,0.1204,0.1576,0.0,0.0,0.1345,0.0,0.05222,-0.2358,0.1455,0.1094,1.0,0.5,0.5,0.1051,-0.482,-0.3853,1.0,0.0,0.0,0.0,0.0,0.08954,0.102584,,,
-0.4478,-0.11304,0.04956,0.2996,-0.1447,-1.0,0.5527,0.0,1.0,-0.06586,-0.0246,-0.359,0.0,1.421,-0.4414,0.2119,0.2272,-0.06226,-0.3662,0.01698,-0.1768,0.1355,-0.302,-0.01677,0.1171,0.1552,0.0,0.0,0.1307,0.0,0.0529,-0.1404,0.0777,0.01214,1.0,0.5,1.0,0.0696,-0.471,-0.3425,2.0,0.0,0.0,0.0,0.0,0.009895,0.119914,,,
-0.5312,-0.2036,0.0266,0.2964,3.18,-1.0,0.5527,0.0,1.0,-0.0509,0.00462,-0.3625,0.0,1.422,-0.5645,0.1575,0.2213,-0.172,-0.3655,-0.1853,-0.2316,0.01686,0.1355,-0.302,0.1191,0.1527,0.0,0.0,0.1273,0.0,0.0451,-0.0945,0.04156,-0.1487,0.0,0.0,1.0,0.1346,-0.5303,-0.4495,0.0,1.0,0.0,0.0,0.0,-0.12115,0.1095035999999999,,,
-0.5625,-0.1007,0.0483,0.2942,-0.7656,-1.0,0.5527,0.0,1.0,-0.07385,-0.01395,-0.3584,0.0,1.422,-0.506,0.0932,0.196,-0.07733,-0.365,0.2206,-0.2822,-0.1854,0.01686,0.1355,0.1217,0.15,0.0,0.0,0.12476,0.0,0.05426,-0.03084,0.0001681,0.206,1.0,0.5,1.0,0.03174,-0.41,-0.2258,1.0,0.0,0.0,0.0,0.0,0.1688,-0.0141099999999999,,,
-0.497,0.1511,0.10706,0.2964,-13.74,-0.857,0.5527,1.0,1.0,-0.1228,-0.0752,-0.3477,0.0,1.423,0.5635,0.01074,0.1483,0.1643,-0.364,0.5558,-0.373,0.2203,-0.1854,0.01686,0.1238,0.1489,0.0,0.0,0.1228,0.0,0.0775,0.1761,-0.1373,0.936,2.0,0.5,1.0,-0.1814,-0.1526,0.567,2.0,0.0,0.0,0.0,0.0,0.762,0.0304088,,,
-0.505,0.1328,0.10187,0.2954,0.04907,-0.7144,0.5527,1.0,1.0,-0.1187,-0.0697,-0.348,0.0,1.423,-0.6016,-0.08167,0.0974,0.1401,-0.3633,-0.01646,-0.3633,0.5557,0.2203,-0.1854,0.1259,0.1482,0.0,0.0,0.1235,0.0,0.0767,0.0527,-0.04953,-0.01869,1.0,0.5,0.5,-0.1804,-0.1913,0.4902,0.0,1.0,0.0,0.0,0.0,-0.01495,-0.07179496,,,
-0.5537,0.2576,0.1284,0.293,0.7563,-0.5713,0.5527,1.0,1.0,-0.1466,-0.0904,-0.3428,0.0,1.424,-0.751,-0.1808,0.038,0.259,-0.363,0.2652,-0.342,-0.01656,0.5557,0.2203,0.1307,0.1469,0.0,0.0,0.1245,0.0,0.088,0.003084,-0.009155,0.279,1.0,0.5,0.5,-0.2698,-0.0884,0.724,1.0,0.0,0.0,0.0,0.0,0.2234,-0.3677636000000001,,,
-0.4883,-0.0297,0.05804,0.2861,-0.7725,-0.4285,0.5527,1.0,1.0,-0.077,-0.02945,-0.3545,0.0,1.424,-0.04776,-0.293,-0.03308,-0.03305,-0.363,-0.5912000000000001,-0.3418,0.265,-0.01656,0.5557,0.132,0.1443,0.0,0.0,0.12476,0.0,0.06256,-0.2072,0.1298,-0.981,1.0,0.0,0.5,0.005024,-0.3362,-0.01067,0.0,1.0,0.0,0.0,0.0,-0.779,-0.1068811999999999,,,
-0.5024,-0.1366,0.02522,0.2737,-2.078,-0.4285,0.5527,0.0,1.0,-0.0473,0.003584,-0.3596,0.0,1.425,-0.6953,-0.3816,-0.0876,-0.1445,-0.3638,-0.2677,-0.3452,-0.5913,0.265,-0.01656,0.1318,0.141,0.0,0.0,0.125,0.0,0.0512,-0.4277,0.2822,-0.3186,0.0,0.0,0.0,0.05814,-0.4985,-0.3452,0.0,2.0,0.0,0.0,0.0,-0.2578,-0.315272,,,
-0.5747,-0.3545,-0.0257,0.2717,4.348,-0.4285,0.5527,0.0,1.0,-0.004017,0.06015,-0.3682,0.0,1.425,-0.1929,-0.4236,-0.1428,-0.3618,-0.3635,-0.4389,-0.3318,-0.2676,-0.5913,0.265,0.1304,0.1368,0.0,0.0,0.1243,0.0,0.03284,-0.02689,-0.01196,-0.546,-1.0,0.0,0.0,0.2396,-0.652,-0.8135,0.0,3.0,0.0,0.0,0.0,-0.4456,1.8628384,,,
-0.497,0.8,0.2537,0.2969,-4.383,-0.2856,0.5527,1.0,1.0,-0.2507,-0.207,-0.3188,0.0,1.425,0.5234,-0.3835,-0.2043,0.72,-0.3577,2.6021,-0.2161,-0.4387,-0.2676,-0.5913,0.1405,0.1355,0.0,0.0,0.1279,0.0,0.14,0.805,-0.5586,7.723,0.0,0.0,0.0,-0.678,0.51,1.113,1.0,0.0,1.0,0.0,9.36,6.387,0.0186399999999999,,,
-0.4873,0.662,0.2332,0.3125,-0.03375,-0.1428,0.5527,1.0,1.0,-0.2325,-0.19,-0.3218,0.0,1.426,-0.1879,-0.3184,-0.2595,0.5815,-0.3552,-0.1424,-0.1478,2.6,-0.4387,-0.2676,0.1471,0.1353,0.0,0.0,0.1307,0.0,0.1335,0.5747,-0.397,-0.1947,-1.0,-0.5,-0.5,-0.553,0.39,0.959,0.0,1.0,0.0,0.0,0.0,-0.1489,-0.1482624,,,
-0.4585,0.41,0.1829,0.3237,-0.2291,-0.1428,0.5527,1.0,1.0,-0.1871,-0.1478,-0.3298,0.0,1.426,-0.2756,-0.2566,-0.2998,0.3293,-0.353,-0.3974,-0.11945,-0.1423,2.6,-0.4387,0.1517,0.135,0.0,0.0,0.1323,0.0,0.1159,0.388,-0.2712,-0.4424,-1.0,-0.5,-0.5,-0.3398,0.1771,0.604,0.0,2.0,0.0,0.0,0.0,-0.3398,-0.2413655999999999,,,
-0.498,0.4482,0.203,0.3403,0.2169,0.0,0.5527,1.0,1.0,-0.2076,-0.1626,-0.3257,0.0,1.427,-0.7847,-0.2057,-0.3196,0.3933,-0.3516,0.2092999999999999,-0.0825,-0.3972,-0.1423,2.6,0.1561,0.1353,0.0,0.0,0.1345,0.0,0.125,0.5815,-0.4058,0.1321,0.0,-0.5,0.0,-0.383,0.229,0.6416,1.0,0.0,0.0,0.0,0.0,0.1027,-0.2409719999999999,,,
-0.4822,0.3042,0.1787,0.3535,-0.1571,0.1428,0.5527,1.0,1.0,-0.1853,-0.1421,-0.329,0.0,1.427,-0.5796,-0.164,-0.3047,0.2683,-0.35,-0.1758,-0.0599,0.2092,-0.3972,-0.1423,0.1626,0.1351,0.0,0.0,0.136,0.0,0.11725,0.4624,-0.324,-0.1366,0.0,-1.0,-0.5,-0.268,0.1247,0.4822,0.0,1.0,0.0,0.0,0.0,-0.10565,0.157572,,,
-0.5146,0.3618,0.2021,0.3691,0.2927,0.2856,0.5527,1.0,1.0,-0.2083,-0.1604,-0.3242,0.0,1.428,-0.8257,-0.1318,-0.272,0.3533,-0.3486,0.2413,-0.05325,-0.1758,0.2092,-0.3972,0.1716,0.137,0.0,0.0,0.1401,0.0,0.1278,0.5225,-0.362,0.143,0.0,-0.5,-0.5,-0.3306,0.1951,0.5474,1.0,0.0,0.0,0.0,0.0,0.1111,0.56038,,,
-0.495,0.692,0.297,0.3962,0.9287,0.4285,0.5527,1.0,1.0,-0.2864,-0.2443,-0.307,0.0,1.428,-0.01622,-0.08704,-0.227,0.694,-0.3452,0.8621,-0.003366,0.2411,-0.1758,0.2092,0.1873,0.1399,0.0,0.0,0.1458,0.0,0.1659,0.7954,-0.5405,1.438,1.0,-0.5,0.0,-0.592,0.532,0.8647,2.0,0.0,0.0,0.0,0.0,1.11,-0.0157304,,,
-0.4993,0.568,0.2844,0.4202,-0.03787,0.5713,0.5527,1.0,1.0,-0.2764,-0.2332,-0.308,0.0,1.429,-0.64,-0.0388,-0.1788,0.5854,-0.3423,-0.06206,0.0451,0.8613,0.2411,-0.1758,0.19,0.1428,0.0,0.0,0.1501,0.0,0.163,0.725,-0.4912,-0.0734,1.0,-0.5,-0.5,-0.5293,0.4165,0.701,0.0,1.0,0.0,0.0,0.0,-0.05518,-0.1492399999999999,,,
-0.569,0.306,0.2316,0.4326,-0.2979,0.5713,0.5527,1.0,1.0,-0.2377,-0.1819,-0.3167,0.0,1.429,-0.5728,0.013466,-0.1306,0.3062,-0.3394,-0.4047,0.06128,-0.06213,0.8613,0.2411,0.1913,0.1456,0.0,0.0,0.1537,0.0,0.1447,0.4219,-0.283,-0.556,0.0,-0.5,-1.0,-0.2988,0.2162,0.4377,0.0,2.0,0.0,0.0,0.0,-0.4185,0.005408,,,
-0.58,0.1843,0.2103,0.4438,-0.2023,0.5713,0.5527,1.0,1.0,-0.2205,-0.1622,-0.3196,0.0,1.43,-0.8286,0.05362,-0.0909,0.1958,-0.3376,-0.1419,0.0555,-0.4048,-0.06213,0.8613,0.194,0.1482,0.0,0.0,0.1575,0.0,0.1382,0.3699,-0.2485,-0.12085,0.0,-0.5,-1.0,-0.215,0.11597,0.324,0.0,3.0,0.0,0.0,0.0,-0.0921,0.4169631999999998,,,
-0.5513,0.3835,0.266,0.458,0.9346,0.5713,0.5527,1.0,1.0,-0.2654,-0.2133,-0.3088,0.0,1.43,-0.1498,0.0807,-0.05814,0.4143,-0.3362,0.5231,0.06696,-0.1418,-0.4048,-0.06213,0.1982,0.1511,0.0,0.0,0.1621,0.0,0.1615,0.4375,-0.2866,0.474,0.0,-0.5,-1.0,-0.3943,0.2954,0.5054,1.0,0.0,0.0,0.0,0.0,0.363,0.9677839999999998,,,
-0.5405,0.9517,0.425,0.495,1.44,0.5713,0.5527,1.0,1.0,-0.3914,-0.3452,-0.2795,0.0,1.431,0.517,0.1439,-0.000792,0.9087,-0.3281,1.4031,0.1548,0.5225,-0.1418,-0.4048,0.2109,0.1556,0.0,0.0,0.1693,0.0,0.2249,0.945,-0.621,3.986,0.0,0.0,-0.5,-0.8193,0.8506,0.946,2.0,0.0,0.0,0.0,0.0,3.002,0.0353005599999999,,,
-0.495,0.9062,0.4443,0.5386,0.0865,0.7144,0.5527,1.0,1.0,-0.4026,-0.364,-0.2751,0.0,1.431,-0.10944,0.2198,0.0745,0.841,-0.321,0.2092,0.2195,1.402,0.5225,-0.1418,0.2235,0.16,0.0,0.0,0.1772,0.0,0.2346,1.085,-0.7163,0.4258,1.0,0.5,0.0,-0.8203,0.8276,0.864,3.0,0.0,0.0,0.0,0.0,0.3071,0.158094,,,
-0.5063,0.8955,0.4778,0.591,0.1213,0.857,0.5527,1.0,1.0,-0.4285,-0.389,-0.268,0.0,1.431,-0.3423,0.3083,0.1641,0.826,-0.3137,0.3265,0.288,0.209,1.402,0.5225,0.2334,0.165,0.0,0.0,0.1854,0.0,0.25,1.313,-0.8726,0.6143,2.0,0.5,0.5,-0.952,0.7563,0.832,4.0,0.0,0.0,0.0,0.0,0.4404,0.0586692,,,
-0.7056,0.833,0.4783,0.6143,0.0651,0.857,0.5527,1.0,1.0,-0.4448,-0.3728,-0.2666,0.0,1.432,-0.7676,0.4175,0.2522,0.734,-0.3088,0.05885,0.3533,0.3262,0.209,1.402,0.244,0.1698,0.0,0.0,0.1927,0.0,0.253,0.969,-0.6255,0.04163,3.0,1.0,0.5,-0.889,0.6787,0.722,5.0,0.0,0.0,0.0,0.0,0.02956,-0.0771367999999999,,,
-0.746,0.799,0.4875,0.6406,0.0934,0.857,0.5527,1.0,1.0,-0.455,-0.3767,-0.2637,0.0,1.432,-0.7515,0.507,0.3281,0.723,-0.3057,0.1321,0.4036,0.05872,0.3262,0.209,0.2576,0.1764,0.0,0.0,0.2003,0.0,0.2593,1.088,-0.708,0.1034,3.0,1.0,1.0,-0.868,0.6284,0.6597,5.92,0.0,0.0,0.0,0.0,0.07324,-0.0378704,,,
-0.7905,0.6694,0.477,0.672,-0.02339,0.857,0.5527,1.0,1.0,-0.4507,-0.365,-0.2644,0.0,1.433,-0.844,0.5806,0.3943,0.6216,-0.302,-0.0291,0.441,0.1318,0.05872,0.3262,0.2715,0.1827,0.0,0.0,0.2074,0.0,0.2578,1.34,-0.8887,-0.025,2.0,0.5,1.0,-0.7866,0.5225,0.5645,0.0,1.0,0.0,0.0,0.0,-0.01764,-0.127064,,,
-0.779,0.5645,0.4702,0.7007,-0.01642,0.857,0.5527,1.0,1.0,-0.4446,-0.3606,-0.2644,0.0,1.433,-0.6772,0.6304,0.446,0.555,-0.2993,0.0001,0.4348,-0.02919,0.1318,0.05872,0.283,0.1882,0.0,0.0,0.2156,0.0,0.2578,1.308,-0.865,0.0,1.0,0.5,0.5,-0.7246,0.437,0.5015,0.0,0.0,0.0,0.0,0.0,0.0,-0.0917268,,,
-0.7603,0.3586,0.4377,0.729,-0.2072,0.857,0.5527,1.0,1.0,-0.4187,-0.337,-0.269,0.0,1.434,-0.4705,0.657,0.4807,0.3845,-0.2964,-0.2045,0.3823,0.0,-0.02919,0.1318,0.2856,0.1936,0.0,0.0,0.2238,0.0,0.2478,1.271,-0.8438,-0.202,0.0,0.5,0.5,-0.5835,0.2852,0.3936,0.0,1.0,0.0,0.0,0.0,-0.1427,0.0739732,,,
-0.7207,0.688,0.5425,0.7646,0.933,0.857,0.5527,1.0,1.0,-0.4932,-0.4202,-0.2489,0.0,1.434,-0.2225,0.663,0.5034,0.7554,-0.293,0.9117,0.3127,-0.2045,0.0,-0.02919,0.2922,0.2004,0.0,0.0,0.2346,0.0,0.2915,1.382,-0.9033,1.104,0.0,1.0,0.5,-0.867,0.5938,0.6704,1.0,0.0,0.0,0.0,0.0,0.7847,-0.1126211999999999,,,
-0.7603,0.5767,0.5303,0.7896,-0.02129,0.857,0.5527,1.0,1.0,-0.4878,-0.4082,-0.2495,0.0,1.435,-0.617,0.666,0.537,0.6396,-0.2886,-0.0285,0.352,0.911,-0.2045,0.0,0.297,0.2072,0.0,0.0,0.2408,0.0,0.29,1.228,-0.7935,-0.02104,-1.0,0.5,0.0,-0.781,0.4968,0.5713,0.0,1.0,0.0,0.0,0.0,-0.01454,0.0696015999999999,,,
-0.7427,0.5728,0.548,0.818,0.1273,0.857,0.5527,1.0,1.0,-0.4988,-0.4224,-0.245,0.0,1.435,-0.4067,0.66,0.5684,0.6484,-0.2847,0.2004,0.3813,-0.02858,0.911,-0.2045,0.3025,0.2141,0.0,0.0,0.2478,0.0,0.2998,1.313,-0.8506,0.2084,0.0,0.5,0.5,-0.7954,0.4917,0.5615,1.0,0.0,0.0,0.0,0.0,0.1442,-0.065844,,,
-0.7305,0.3745,0.518,0.849,-0.1906,0.857,0.5527,1.0,1.0,-0.476,-0.4011,-0.2489,0.0,1.436,-0.546,0.6504,0.599,0.4482,-0.2798,-0.1706,0.3667,0.2003,-0.02858,0.911,0.3064,0.2211,0.0,0.0,0.2551,0.0,0.2915,1.488,-0.979,-0.2095,0.0,0.0,0.5,-0.659,0.3503,0.4458,0.0,1.0,0.0,0.0,0.0,-0.144,0.11029,,,
-0.7256,0.3196,0.526,0.884,0.00467,0.857,0.5527,1.0,1.0,-0.4817,-0.4075,-0.246,0.0,1.436,-0.7637,0.6157,0.623,0.4197,-0.2756,0.1288,0.3499,-0.1705,0.2003,-0.02858,0.311,0.2279,0.0,0.0,0.2625,0.0,0.2976,1.574,-1.073,0.1545,1.0,0.0,1.0,-0.6685,0.3215,0.4387,1.0,0.0,0.0,0.0,0.0,0.1068,0.291872,,,
-0.7593,0.4094,0.5703,0.918,0.3726,0.857,0.5527,1.0,1.0,-0.516,-0.4377,-0.2366,0.0,1.437,-0.54,0.555,0.643,0.5093,-0.2705,0.4130999999999999,0.322,0.1287,-0.1705,0.2003,0.3184,0.2347,0.0,0.0,0.2708,0.0,0.318,1.574,-1.061,0.74,1.0,0.0,1.0,-0.8105,0.3782,0.5347,2.0,0.0,0.0,0.0,0.0,0.51,-0.1355019999999999,,,
-0.856,0.4385,0.589,0.937,0.1963,0.857,0.5527,1.0,1.0,-0.5376,-0.4434,-0.2317,0.0,1.437,-0.738,0.553,0.668,0.4392,-0.263,0.211,0.295,0.4128,0.1287,-0.1705,0.3276,0.2418,0.0,0.0,0.279,0.0,0.3286,1.452,-0.937,0.4102,2.0,0.0,1.0,-0.8237,0.3918,0.5586,3.0,0.0,0.0,0.0,0.0,0.2788,-0.146136,,,
-0.855,0.2646,0.5522,0.9507,-0.2238,0.857,0.5527,1.0,1.0,-0.511,-0.4165,-0.2368,0.0,1.437,-0.2214,0.5728,0.6895,0.226,-0.2583,-0.2234,0.283,0.2108,0.4128,0.1287,0.3308,0.2483,0.0,0.0,0.2854,0.0,0.3171,1.127,-0.7095,-0.41,1.0,0.0,0.5,-0.6772,0.2251,0.417,0.0,1.0,0.0,0.0,0.0,-0.2766,-0.0231635999999999,,,
-0.867,0.11804,0.518,0.957,-0.3196,0.857,0.5527,1.0,1.0,-0.487,-0.39,-0.2417,0.0,1.4375,-0.5884,0.6025,0.6997,0.05908,-0.2554,-0.2108,0.2437,-0.2234,0.2108,0.4128,0.3328,0.2551,0.0,0.0,0.2915,0.0,0.3066,0.773,-0.4617,-0.2394,1.0,0.0,0.0,-0.5366,0.09094,0.293,0.0,2.0,0.0,0.0,0.0,-0.1627,-0.0194824,,,
-0.83,-0.0313,0.4807,0.96,-0.667,0.857,0.5527,1.0,1.0,-0.4568,-0.3645,-0.2472,0.0,1.4375,-0.3862,0.614,0.6904,-0.07733,-0.2544,-0.2406,0.1493,-0.2109,-0.2234,0.2108,0.3323,0.262,0.0,0.0,0.2979,0.0,0.2944,0.5093,-0.2788,-0.2896,0.0,0.0,-0.5,-0.3984,-0.04492,0.1608,0.0,3.0,0.0,0.0,0.0,-0.1981,0.0556424,,,
-0.835,-0.0698,0.4702,0.9604,-0.69,0.857,0.5527,1.0,1.0,-0.4492,-0.356,-0.2479,0.0,1.438,-0.816,0.598,0.6562,-0.1053,-0.254,-0.02843,0.003004,-0.2406,-0.2109,-0.2234,0.3325,0.2693,0.0,0.0,0.3042,0.0,0.293,0.415,-0.2123,-0.02438,-1.0,-0.5,-1.0,-0.3606,-0.086,0.1204,0.0,4.0,0.0,0.0,0.0,-0.01682,0.0854667999999999,,,
-0.8076,0.001864,0.4897,0.9644,6.81,0.857,0.5527,1.0,1.0,-0.4617,-0.3733,-0.243,0.0,1.438,-0.5337,0.5654,0.5967,-0.02615,-0.2527,0.2143,-0.1389,-0.02852,-0.2406,-0.2109,0.3333,0.274,0.0,0.0,0.3103,0.0,0.3037,0.552,-0.3052,0.2233,-1.0,0.0,-0.5,-0.4094,-0.01185,0.2482,1.0,0.0,0.0,0.0,0.0,0.154,0.0941696,,,
-0.804,0.03992,0.502,0.97,0.622,0.857,0.5527,1.0,1.0,-0.4705,-0.3828,-0.2395,0.0,1.439,-0.679,0.5137,0.5454,0.01874,-0.2512,0.1561,-0.1738,0.2141,-0.02852,-0.2406,0.3325,0.279,0.0,0.0,0.3137,0.0,0.3113,0.624,-0.3533,0.132,0.0,0.0,0.0,-0.4426,0.01828,0.336,2.0,0.0,0.0,0.0,0.0,0.0905,0.0609048,,,
-0.834,0.0781,0.5176,0.9814,0.4702,0.857,0.5527,1.0,1.0,-0.4844,-0.3923,-0.2352,0.0,1.439,-0.823,0.4436,0.5,0.07184,-0.2495,0.1835999999999999,-0.1981,0.156,0.2141,-0.02852,0.3315,0.2847,0.0,0.0,0.3174,0.0,0.3206,0.88,-0.5317,0.1111,1.0,0.5,0.5,-0.5156,0.0212,0.451,3.0,0.0,0.0,0.0,0.0,0.0758,-0.0336912,,,
-0.879,0.07,0.5137,0.9805,0.07886,0.857,0.5527,1.0,1.0,-0.4863,-0.3843,-0.2346,0.0,1.44,-0.8413,0.358,0.463,0.06088,-0.2484,0.02816,-0.2096,0.1835,0.156,0.2141,0.332,0.2903,0.0,0.0,0.3206,0.0,0.3218,0.4614,-0.2327,0.01459,2.0,0.5,0.5,-0.4912,-0.00584,0.4272,4.0,0.0,0.0,0.0,0.0,0.009895,0.0979176,,,
-0.8594,0.1433,0.5327,0.9834,0.6504,0.857,0.5527,1.0,1.0,-0.4973,-0.4016,-0.2297,0.0,1.44,-0.1438,0.266,0.4272,0.1296,-0.2468,0.2103999999999999,-0.2156,0.02806,0.1835,0.156,0.3352,0.2964,0.0,0.0,0.3237,0.0,0.3325,0.622,-0.3428,0.2744,3.0,0.5,1.0,-0.538,0.0449,0.559,5.0,0.0,0.0,0.0,0.0,0.1859,-0.273228,,,
-0.858,-0.02115,0.487,0.979,-0.649,0.857,0.5527,1.0,1.0,-0.4636,-0.367,-0.2368,0.0,1.441,-0.4866,0.1631,0.3845,-0.04422,-0.2457,-0.3063,-0.235,0.2102,0.02806,0.1835,0.338,0.3018,0.0,0.0,0.3262,0.0,0.317,0.187,-0.039,-0.4683,2.0,0.0,0.5,-0.3748,-0.1152,0.2307,0.0,1.0,0.0,0.0,0.0,-0.3152,0.5047864,,,
-0.838,0.2993,0.5723,0.987,5.824,0.857,0.5527,1.0,1.0,-0.524,-0.4326,-0.2197,0.0,1.441,-0.1066,0.06793,0.3403,0.2698,-0.2435,0.7457,-0.2236,-0.3064,0.2102,0.02806,0.345,0.307,0.0,0.0,0.3303,0.0,0.3542,0.7417,-0.4182,1.306,2.0,0.5,1.0,-0.6045,0.195,0.8447,1.0,0.0,0.0,0.0,0.0,0.8877,-0.331408,,,
-0.7866,0.003658,0.4946,0.9854,-0.697,0.857,0.5527,1.0,1.0,-0.4636,-0.379,-0.2327,0.0,1.442,-0.684,-0.03345,0.2878,-0.02623,-0.2424,-0.5499,-0.2573,0.745,-0.3064,0.2102,0.3477,0.3115,0.0,0.0,0.3333,0.0,0.326,0.2418,-0.07404,-0.7583,1.0,0.5,0.5,-0.3362,-0.0751,0.272,0.0,1.0,0.0,0.0,0.0,-0.504,0.1237427999999999,,,
-0.8013,-0.01503,0.4856,0.9795,-0.1016,0.857,0.5527,1.0,1.0,-0.458,-0.3706,-0.2333,0.0,1.442,-0.7363,-0.1272,0.2257,-0.0547,-0.2417,-0.02787,-0.3303,-0.55,0.745,-0.3064,0.3494,0.3167,0.0,0.0,0.3364,0.0,0.3245,-0.003176,0.10016,-0.02425,0.0,0.5,0.0,-0.3118,-0.12115,0.2386,0.0,2.0,0.0,0.0,0.0,-0.01639,0.089476,,,
-0.8086,0.1214,0.5166,0.9756,2.332,0.857,0.5527,1.0,1.0,-0.4814,-0.3938,-0.2266,0.0,1.442,-0.7935,-0.1707,0.1553,0.08405,-0.2415,0.2941,-0.3257,-0.02795,-0.55,0.745,0.3516,0.3223,0.0,0.0,0.3384,0.0,0.339,0.04803,0.0701,0.2747,0.0,1.0,0.0,-0.4023,-0.01785,0.564,1.0,0.0,0.0,0.0,0.0,0.1858,0.1295472,,,
-0.808,-0.002829,0.4814,0.9717,-0.5215,0.857,0.5527,1.0,1.0,-0.4556,-0.367,-0.232,0.0,1.443,-0.2983,-0.1935,0.081,-0.03204,-0.2415,-0.2357,-0.3372,0.294,-0.02795,-0.55,0.352,0.327,0.0,0.0,0.34,0.0,0.3271,0.03857,0.0716,-0.2379,0.0,0.5,0.0,-0.2808,-0.1449,0.2059,0.0,1.0,0.0,0.0,0.0,-0.1595,-0.0590446,,,
-0.804,-0.0431,0.469,0.969,-0.4148,0.857,0.5527,1.0,1.0,-0.4458,-0.3577,-0.2333,0.0,1.443,-0.5605,-0.2034,0.003893,-0.0798,-0.2405,-0.0557999999999999,-0.3428,-0.2357,0.294,-0.02795,0.3513,0.3298,0.0,0.0,0.341,0.0,0.3242,0.147,-0.007004,-0.096,-1.0,0.0,0.0,-0.251,-0.1965,0.096,0.0,2.0,0.0,0.0,0.0,-0.0648,-0.09205428,,,
-0.811,-0.1151,0.4497,0.969,-1.88,0.7144,0.5527,0.0,1.0,-0.432,-0.342,-0.2358,0.0,1.444,-0.523,-0.215,-0.0685,-0.1566,-0.2394,-0.1119,-0.361,-0.05588,-0.2357,0.294,0.3516,0.3323,0.0,0.0,0.3423,0.0,0.3186,0.2437,-0.0784,-0.12036,-1.0,-0.5,0.0,-0.1895,-0.2532,-0.1058,0.0,3.0,0.0,0.0,0.0,-0.0814,0.1775824,,,
-0.8105,0.013,0.484,0.973,-3.918,0.7144,0.5527,1.0,1.0,-0.4575,-0.3684,-0.2284,0.0,1.444,-0.722,-0.2318,-0.1405,-0.0213,-0.2384,0.3231,-0.3682,-0.11194,-0.05588,-0.2357,0.3494,0.3347,0.0,0.0,0.3438,0.0,0.3347,0.4355,-0.2084,0.3557,0.0,-0.5,0.5,-0.302,-0.1219,0.3533,1.0,0.0,0.0,0.0,0.0,0.2415,-0.061124,,,
-0.8145,-0.06616,0.4626,0.973,-0.7637,0.7144,0.5527,1.0,1.0,-0.442,-0.3518,-0.2313,0.0,1.445,-0.633,-0.25,-0.2026,-0.1025,-0.2374,-0.1249999999999999,-0.3667,0.323,-0.11194,-0.05588,0.3496,0.3367,0.0,0.0,0.3442,0.0,0.3284,0.2316,-0.0655,-0.087,-1.0,-1.0,0.0,-0.2354,-0.1962,0.1302,0.0,1.0,0.0,0.0,0.0,-0.05847,-0.3893535999999999,,,
-0.768,-0.326,0.3896,0.963,-14.766,0.5713,0.5527,0.0,1.0,-0.382,-0.2979,-0.244,0.0,1.445,-0.1936,-0.28,-0.2386,-0.3403,-0.2386,-0.5443,-0.3586,-0.1251,0.323,-0.11194,0.347,0.338,0.0,0.0,0.3433,0.0,0.3008,-0.208,0.2362,-1.294,-1.0,-1.0,-0.5,0.012886,-0.4204,-0.682,0.0,2.0,0.0,0.0,0.0,-0.873,-0.6570104000000001,,,
-0.6636,-0.708,0.2778,0.9395,1.803,0.4285,0.5527,0.0,1.0,-0.284,-0.214,-0.2642,0.0,1.446,0.2032,-0.3162,-0.2664,-0.7114,-0.2411,-0.8803,-0.2793,-0.5444,-0.1251,0.323,0.3372,0.338,0.0,0.0,0.3406,0.0,0.2568,-0.7046,0.5713,-1.597,-1.0,-1.5,-1.0,0.4092,-0.746,-1.282,0.0,3.0,0.0,0.0,0.0,-1.096,-0.1447248,,,
-0.6484,-0.755,0.2496,0.913,0.2131,0.2856,0.5527,0.0,1.0,-0.2593,-0.191,-0.2686,0.0,1.446,-0.711,-0.352,-0.2896,-0.772,-0.2428,-0.2044,-0.2042,-0.8804,-0.5444,-0.1251,0.328,0.3376,0.0,0.0,0.3381,0.0,0.247,-0.788,0.6265,-0.1927,-1.0,-1.5,-1.5,0.4507,-0.7896,-1.282,0.0,4.0,0.0,0.0,0.0,-0.136,-0.4017215999999999,,,
-0.5986,-1.04,0.1544,0.874,0.585,0.1428,0.5527,0.0,1.0,-0.1733,-0.1105,-0.286,0.0,1.447,0.0787,-0.3074,-0.304,-0.974,-0.2507,-0.7792,-0.0756,-0.2043,-0.8804,-0.5444,0.3145,0.3367,0.0,0.0,0.3347,0.0,0.2095,-1.119,0.846,-2.271,-2.0,-1.5,-2.0,0.757,-1.06,-1.282,0.0,5.0,0.0,1.0,-3.5,-1.614,-0.00532824,,,
-0.5645,-0.8853,0.173,0.841,-0.039,0.0,0.5527,0.0,1.0,-0.1869,-0.1302,-0.2815,0.0,1.447,0.07056,-0.2144,-0.2974,-0.795,-0.2551,0.1959999999999999,0.003536,-0.779,-0.2043,-0.8804,0.3027,0.3347,0.0,0.0,0.3318,0.0,0.2186,-0.932,0.7173,0.3223,-1.0,-1.5,-1.5,0.5728,-0.9277,-1.134,1.0,0.0,0.0,0.0,0.0,0.2346,-0.0665455999999999,,,
-0.588,-0.9053,0.1405,0.7954,0.1604,-0.1428,0.5527,0.0,1.0,-0.1602,-0.0987,-0.287,0.0,1.448,-0.393,-0.1057,-0.2656,-0.8345,-0.259,-0.2545,0.0875,0.1958,-0.779,-0.2043,0.2878,0.3325,0.0,0.0,0.3276,0.0,0.2065,-1.473,1.116,-0.2222,-1.0,-1.5,-2.0,0.604,-0.9956,-1.081,0.0,1.0,0.0,0.0,0.0,-0.1608,0.1066107999999999,,,
-0.5938,-0.7666,0.1528,0.7593,-0.0467,-0.2856,0.5527,0.0,1.0,-0.1716,-0.10956,-0.2842,0.0,1.448,-0.2456,-0.00554,-0.2186,-0.7144,-0.2617,0.1359999999999999,0.1451,-0.2544,0.1958,-0.779,0.2744,0.33,0.0,0.0,0.3237,0.0,0.2129,-1.282,0.9644,0.1163,0.0,-1.0,-1.5,0.4905,-0.863,-0.8975,1.0,0.0,0.0,0.0,0.0,0.08484,-0.3365216,,,
-0.555,-0.9014,0.0951,0.718,0.3438,-0.4285,0.5527,0.0,1.0,-0.1165,-0.05914,-0.2944,0.0,1.448,-0.4028,0.0902,-0.1595,-0.872,-0.265,-0.4809,0.2173,0.1357,-0.2544,0.1958,0.2615,0.3271,0.0,0.0,0.3184,0.0,0.1903,-1.374,1.0205,-0.5513,0.0,-1.0,-1.5,0.6494,-1.011,-0.9663,0.0,1.0,0.0,0.0,0.0,-0.4006,0.1357963999999999,,,
-0.548,-0.7144,0.1143,0.6743,-0.1108,-0.5713,0.5527,0.0,1.0,-0.1334,-0.0778,-0.2903,0.0,1.449,-0.5225,0.1793,-0.0951,-0.718,-0.268,0.1984999999999999,0.2607,-0.4807,0.1357,-0.2544,0.255,0.3245,0.0,0.0,0.3132,0.0,0.1995,-1.463,1.087,0.1663,1.0,-1.0,-1.5,0.499,-0.856,-0.798,1.0,0.0,0.0,0.0,0.0,0.1226,0.0107264,,,
-0.574,-0.599,0.1182,0.6353,-0.06076,-0.7144,0.5527,0.0,1.0,-0.139,-0.0792,-0.289,0.0,1.449,-0.524,0.2578,-0.03061,-0.635,-0.2705,0.06077,0.283,0.1982,-0.4807,0.1357,0.2495,0.3213,0.0,0.0,0.3079,0.0,0.2021,-1.37,1.022,0.03937,1.0,-0.5,-1.0,0.4226,-0.774,-0.706,2.0,0.0,0.0,0.0,0.0,0.02887,-0.261976,,,
-0.555,-0.708,0.06586,0.592,0.3582,-0.857,0.5527,0.0,1.0,-0.08966,-0.03137,-0.2983,0.0,1.45,-0.4365,0.3372,0.04257,-0.7407,-0.2754,-0.4389,0.3247,0.06064,0.1982,-0.4807,0.2463,0.3174,0.0,0.0,0.3022,0.0,0.1818,-1.438,1.0625,-0.3838,1.0,-0.5,-1.0,0.5776,-0.901,-0.7837,0.0,1.0,0.0,0.0,0.0,-0.2808,0.4014208799999998,,,
-0.5557,-0.403,0.11615,0.5557,-0.3865,-0.857,0.5527,0.0,1.0,-0.1357,-0.07886,-0.2883,0.0,1.45,-0.2773,0.3984,0.1122,-0.4497,-0.2786,0.4759,0.301,-0.4387,0.06064,0.1982,0.2446,0.3142,0.0,0.0,0.2961,0.0,0.2035,-1.106,0.835,0.4526,1.0,0.0,-0.5,0.3318,-0.6274,-0.572,1.0,0.0,0.0,0.0,0.0,0.3357,-0.4634459999999999,,,
-0.4482,-0.621,0.0346,0.506,0.8564,-1.0,0.5527,0.0,1.0,-0.05185,-0.01006,-0.3032,0.0,1.451,0.3853,0.4443,0.1821,-0.688,-0.283,-0.6959,0.3213,0.4756,-0.4387,0.06064,0.2405,0.3103,0.0,0.0,0.2898,0.0,0.171,-1.448,1.064,-0.9546,1.0,0.0,-1.0,0.6177,-0.8647,-0.751,0.0,1.0,0.0,0.0,0.0,-0.6978,0.07650052,,,
-0.45,-0.4126,0.05606,0.461,-0.2793,-1.143,0.5527,0.0,1.0,-0.0721,-0.03069,-0.2988,0.0,1.451,-0.4941,0.4565,0.2445,-0.5254,-0.2856,0.2165,0.3188,-0.6953,0.4756,-0.4387,0.2367,0.3071,0.0,0.0,0.2837,0.0,0.1809,-1.297,0.961,0.1685,1.0,0.5,-0.5,0.4517,-0.73,-0.6226,1.0,0.0,0.0,0.0,0.0,0.1259,0.07685572,,,
-0.4612,-0.1467,0.09717,0.4277,-0.724,-1.143,0.5527,0.0,1.0,-0.1109,-0.06885,-0.2903,0.0,1.452,-0.2175,0.4653,0.3115,-0.2163,-0.2913,0.3993,0.274,0.2163,-0.6953,0.4756,0.2378,0.3047,0.0,0.0,0.278,0.0,0.1992,-0.9507,0.7217,0.3184,1.0,0.5,0.0,0.2184,-0.542,-0.4448,2.0,0.0,1.0,0.0,2.979,0.2363,-0.13754,,,
-0.502,-0.2279,0.0635,0.4038,1.46,-1.143,0.5527,0.0,1.0,-0.0832,-0.0335,-0.2961,0.0,1.452,-0.3625,0.4612,0.3728,-0.2668,-0.2947,-0.2729,0.2366,0.3992,0.2163,-0.6953,0.2363,0.3015,0.0,0.0,0.2722,0.0,0.1865,-0.769,0.5864,-0.2047,1.0,0.5,0.0,0.3088,-0.6294,-0.5083,0.0,1.0,0.0,0.0,0.0,-0.15,0.1033008,,,
-0.519,-0.1418,0.0707,0.3838,-0.4941,-1.143,0.5527,0.0,1.0,-0.09125,-0.03903,-0.2942,0.0,1.453,-0.844,0.4192,0.416,-0.1877,-0.2964,0.0919,0.1849,-0.273,0.3992,0.2163,0.235,0.298,0.0,0.0,0.2666,0.0,0.1907,-0.6465,0.501,0.0743,1.0,0.5,0.5,0.2035,-0.594,-0.4368,1.0,0.0,0.0,0.0,0.0,0.05493,0.1930156,,,
-0.6104,-0.003809,0.09827,0.3774,-2.305,-1.0,0.5527,1.0,1.0,-0.12384,-0.05762,-0.2883,0.0,1.453,-0.7524,0.3955,0.4395,-0.03134,-0.2974,0.2748,0.1197,0.09174,-0.273,0.3992,0.2375,0.295,0.0,0.0,0.262,0.0,0.2034,-0.1575,0.1576,0.269,2.0,1.0,1.0,0.0713,-0.4456,-0.2856,2.0,0.0,0.0,0.0,0.0,0.1982,1.5367216,,,
-0.5635,0.9214,0.321,0.3933,12.89,-0.857,0.5527,1.0,1.0,-0.3113,-0.2585,-0.2452,0.0,1.454,-0.2275,0.3281,0.4202,0.7964,-0.2913,2.0121,0.06024,0.2744,0.09174,-0.273,0.2485,0.2942,0.0,0.0,0.2605,0.0,0.297,0.52,-0.285,4.566,2.0,1.0,1.0,-0.618,0.46,0.7266,3.0,0.0,1.0,0.0,7.098,3.34,-0.3704119999999999,,,
-0.524,0.59,0.252,0.4055,-0.22,-0.7144,0.5527,1.0,1.0,-0.2515,-0.2034,-0.2576,0.0,1.454,-0.1554,0.2468,0.3716,0.447,-0.288,-0.5404,-0.02827,2.01,0.2744,0.09174,0.2603,0.2925,0.0,0.0,0.258,0.0,0.2703,0.38,-0.1964,-0.858,1.0,0.5,1.0,-0.3281,0.1992,0.562,0.0,1.0,0.0,0.0,0.0,-0.59,-0.035368,,,
-0.5635,0.5107,0.2395,0.4148,0.00752,-0.5713,0.5527,1.0,1.0,-0.244,-0.1892,-0.2593,0.0,1.454,-0.809,0.156,0.3064,0.3838,-0.2869,-0.0723,-0.0768,-0.5405,2.01,0.2744,0.2703,0.291,0.0,0.0,0.2566,0.0,0.2666,0.3108,-0.1487,-0.0606,1.0,0.5,0.5,-0.2852,0.1112,0.601,0.0,2.0,0.0,0.0,0.0,-0.0424,-0.1351239999999999,,,
-0.5786,0.3496,0.2098,0.4277,-0.1576,-0.4285,0.5527,1.0,1.0,-0.22,-0.162,-0.2642,0.0,1.455,-0.7144,0.06335,0.2285,0.2317,-0.2852,-0.2174,-0.0768,-0.0723,-0.5405,2.01,0.277,0.2883,0.0,0.0,0.2566,0.0,0.256,0.4214,-0.2323,-0.1958,0.0,0.0,0.5,-0.1696,-0.007347,0.4568,0.0,3.0,0.0,0.0,0.0,-0.1372,0.1639456,,,
-0.601,0.5093,0.2566,0.4434,0.53,-0.2856,0.5527,1.0,1.0,-0.2615,-0.2009,-0.2544,0.0,1.455,-0.6675,-0.02357,0.1339,0.3967,-0.2827,0.4382999999999999,-0.0452,-0.2175,-0.0723,-0.5405,0.2876,0.287,0.0,0.0,0.258,0.0,0.277,0.4897,-0.2717,0.4526,0.0,0.5,0.5,-0.3037,0.1714,0.6753,1.0,0.0,0.0,0.0,0.0,0.3196,0.0775576,,,
-0.613,0.4314,0.2472,0.458,-0.007805,-0.1428,0.5527,1.0,1.0,-0.2544,-0.1919,-0.2554,0.0,1.456,-0.7207,-0.0998,0.0603,0.3394,-0.2812,-0.0431,-0.01185,0.438,-0.2175,-0.0723,0.2976,0.2856,0.0,0.0,0.2607,0.0,0.275,0.454,-0.2473,-0.0302,-1.0,0.0,0.0,-0.2737,0.09875,0.5635,0.0,1.0,0.0,0.0,0.0,-0.02103,-0.1444868,,,
-0.6353,0.3267,0.2347,0.4773,-0.0851,0.0,0.5527,1.0,1.0,-0.2457,-0.1791,-0.2568,0.0,1.456,-0.7925,-0.127,-0.005432,0.25,-0.2788,-0.0720399999999999,0.01357,-0.0432,0.438,-0.2175,0.3057,0.284,0.0,0.0,0.263,0.0,0.2715,0.6226,-0.3691,-0.0649,-1.0,-0.5,0.0,-0.2369,0.01912,0.463,0.0,2.0,0.0,0.0,0.0,-0.04526,0.2339719999999999,,,
-0.679,0.3489,0.2487,0.492,0.1918,0.1428,0.5527,1.0,1.0,-0.261,-0.1876,-0.2534,0.0,1.457,-0.8125,-0.11273,-0.06116,0.2778,-0.2766,0.1591,0.0396,-0.0721,-0.0432,0.438,0.3037,0.2827,0.0,0.0,0.2659,0.0,0.279,0.5435,-0.309,0.1268,0.0,0.0,0.0,-0.3022,0.0327,0.4844,1.0,0.0,0.0,0.0,0.0,0.0886,0.0690812,,,
-0.7437,0.5337,0.3115,0.5234,0.5933,0.2856,0.5527,1.0,1.0,-0.318,-0.2358,-0.2405,0.0,1.457,-0.3586,-0.0461,-0.102,0.4646,-0.2725,0.5758,0.0932,0.1589,-0.0721,-0.0432,0.3079,0.2822,0.0,0.0,0.27,0.0,0.3074,1.07,-0.673,0.554,1.0,0.0,0.5,-0.479,0.2563,0.677,2.0,0.0,0.0,0.0,0.0,0.3855,0.0916116,,,
-0.7544,0.551,0.3354,0.5557,0.1628,0.4285,0.5527,1.0,1.0,-0.3381,-0.255,-0.2349,0.0,1.458,-0.612,0.04037,-0.118,0.501,-0.2688,0.2402999999999999,0.1381,0.575,0.1589,-0.0721,0.3142,0.2822,0.0,0.0,0.2754,0.0,0.3193,1.079,-0.6733,0.2041,1.0,0.0,0.5,-0.533,0.2979,0.6807,3.0,0.0,0.0,0.0,0.0,0.1394,-0.0109524,,,
-0.7935,0.664,0.3823,0.588,0.325,0.5713,0.5527,1.0,1.0,-0.3784,-0.29,-0.2249,0.0,1.458,-0.5337,0.1313,-0.0999,0.612,-0.264,0.4349,0.2024,0.2401,0.575,0.1589,0.3242,0.2825,0.0,0.0,0.2812,0.0,0.341,1.092,-0.6733,0.644,2.0,0.0,0.5,-0.6406,0.4277,0.7456,4.0,0.0,0.0,0.0,0.0,0.4368,-0.1509611999999999,,,
-0.793,0.431,0.3467,0.6206,-0.201,0.7144,0.5527,1.0,1.0,-0.3503,-0.261,-0.2307,0.0,1.459,-0.703,0.2003,-0.05594,0.402,-0.2603,-0.249,0.2352,0.4348,0.2401,0.575,0.3303,0.2825,0.0,0.0,0.2866,0.0,0.3284,1.092,-0.679,-0.2861,2.0,0.0,0.5,-0.4778,0.2722,0.5503,0.0,1.0,0.0,0.0,0.0,-0.1914,-0.0059503999999999,,,
-0.789,0.3103,0.3364,0.6514,-0.1184,0.857,0.5527,1.0,1.0,-0.3418,-0.253,-0.2317,0.0,1.459,-0.844,0.249,0.01111,0.295,-0.2563,-0.04174,0.2355,-0.249,0.4348,0.2401,0.3362,0.2832,0.0,0.0,0.2925,0.0,0.3262,1.049,-0.649,-0.0516,1.0,0.0,0.0,-0.4275,0.1956,0.4707,0.0,2.0,0.0,0.0,0.0,-0.0348,-0.4134708,,,
-0.7573,-0.01161,0.271,0.672,-0.745,0.857,0.5527,1.0,1.0,-0.286,-0.2004,-0.2433,0.0,1.46,-0.5156,0.2678,0.0852,-0.02612,-0.253,-0.5029,0.2247,-0.04184,-0.249,0.4348,0.3398,0.2844,0.0,0.0,0.2966,0.0,0.3008,0.6904,-0.4043,-0.588,0.0,0.0,-0.5,-0.2595,-0.1287,0.2189,0.0,3.0,0.0,0.0,0.0,-0.397,0.2218892,,,
-0.879,0.1276,0.3022,0.6694,2.268,0.857,0.5527,1.0,1.0,-0.3245,-0.2137,-0.2362,0.0,1.46,-0.611,0.292,0.1481,0.10614,-0.2522,0.3124,0.1772,-0.5024,-0.04184,-0.249,0.3442,0.2864,0.0,0.0,0.3027,0.0,0.3162,0.1276,0.004044,0.3054,0.0,0.0,-0.5,-0.3752,-0.03075,0.3145,1.0,0.0,0.0,0.0,0.0,0.2095,-0.106038,,,
-0.879,0.03638,0.2817,0.6724,-0.3333,0.857,0.5527,1.0,1.0,-0.311,-0.1926,-0.2391,0.0,1.46,-0.768,0.308,0.2002,0.01448,-0.2507,-0.1264,0.12164,0.312,-0.5024,-0.04184,0.3445,0.2893,0.0,0.0,0.308,0.0,0.3098,0.4111,-0.2012,-0.1205,-1.0,0.0,-0.5,-0.2966,-0.10876,0.222,0.0,1.0,0.0,0.0,0.0,-0.08185,0.07027136,,,
-0.879,-0.1299,0.2411,0.673,-1.377,0.7144,0.5527,0.0,1.0,-0.276,-0.1593,-0.246,0.0,1.461,-0.6562,0.3018,0.2319,-0.1508,-0.2498,-0.2963,0.0707,-0.1265,0.312,-0.5024,0.3416,0.2915,0.0,0.0,0.3123,0.0,0.295,0.247,-0.0904,-0.3508,-1.0,0.0,-0.5,-0.1564,-0.249,0.04028,0.0,2.0,0.0,0.0,0.0,-0.2391,-0.065796,,,
-0.879,-0.2155,0.2213,0.6753,2.016,0.5713,0.5527,0.0,1.0,-0.2593,-0.1417,-0.2489,0.0,1.461,-0.7974,0.2793,0.242,-0.2339,-0.2487,-0.1281,-0.01775,-0.2961,-0.1265,0.312,0.3354,0.2937,0.0,0.0,0.3164,0.0,0.2886,0.3062,-0.1355,-0.08795,-1.0,-0.5,-0.5,-0.1141,-0.3262,-0.0763,0.0,3.0,0.0,0.0,0.0,-0.06055,0.5781040000000001,,,
-0.879,0.136,0.3093,0.6816,-2.666,0.5713,0.5527,1.0,1.0,-0.33,-0.2197,-0.2307,0.0,1.462,-0.10724,0.2471,0.2349,0.1166,-0.2472,0.8011,-0.10895,-0.128,-0.2961,-0.1265,0.3354,0.297,0.0,0.0,0.3223,0.0,0.3281,0.4702,-0.2351,0.9395,0.0,-0.5,-0.5,-0.3853,0.0412,0.4058,1.0,0.0,0.0,0.0,0.0,0.6494,-0.6050991999999998,,,
-0.8403,-0.306,0.1996,0.6772,-2.04,0.4285,0.5527,0.0,1.0,-0.232,-0.1312,-0.2512,0.0,1.462,-0.3093,0.1913,0.2047,-0.319,-0.247,-0.8789,-0.2229,0.8003,-0.128,-0.2961,0.3306,0.2998,0.0,0.0,0.3254,0.0,0.2834,-0.01164,0.0892,-1.008,-1.0,-1.0,-0.5,0.037,-0.3167,-0.36,0.0,1.0,0.0,0.0,0.0,-0.679,0.0865024,,,
-0.801,-0.4753,0.1537,0.6694,0.9395,0.2856,0.5527,0.0,1.0,-0.189,-0.0932,-0.2593,0.0,1.463,-0.4082,0.11633,0.182,-0.487,-0.2471,-0.3585,-0.2091,-0.8784,0.8003,-0.128,0.3264,0.3015,0.0,0.0,0.3242,0.0,0.2659,-0.1366,0.1707,-0.3926,-1.0,-1.5,-0.5,0.1865,-0.4517,-0.649,0.0,2.0,0.0,0.0,0.0,-0.2722,0.0051911999999999,,,
-0.7666,-0.261,0.2023,0.6655,-0.448,0.1428,0.5527,0.0,1.0,-0.2285,-0.1396,-0.2489,0.0,1.463,-0.2405,0.02,0.1564,-0.269,-0.2471,0.4641,-0.2188,-0.3584,-0.8784,0.8003,0.3232,0.304,0.0,0.0,0.3252,0.0,0.2883,-0.01484,0.0936,0.3586,0.0,-1.0,-0.5,-0.02295,-0.2437,-0.2532,1.0,0.0,0.0,0.0,0.0,0.2515,0.0868799999999999,,,
-0.791,-0.1969,0.2107,0.655,-0.2479,0.0,0.5527,0.0,1.0,-0.2378,-0.1451,-0.2462,0.0,1.464,-0.62,-0.0762,0.12006,-0.2114,-0.2472,0.1145,-0.2336,0.4639,-0.3584,-0.8784,0.3215,0.3071,0.0,0.0,0.3262,0.0,0.294,-0.2063,0.2327,0.1128,1.0,-0.5,-0.5,-0.0744,-0.2034,-0.1754,2.0,0.0,0.0,0.0,0.0,0.07794,-0.0417359999999999,,,
-0.8105,-0.0833,0.2305,0.643,-0.917,-0.1428,0.5527,0.0,1.0,-0.256,-0.1609,-0.2415,0.0,1.464,-0.784,-0.1769,0.07574,-0.10187,-0.2476,0.2138,-0.265,0.1143,0.4639,-0.3584,0.3225,0.31,0.0,0.0,0.3284,0.0,0.3044,-0.2194,0.2467,0.1813,1.0,0.0,-0.5,-0.1655,-0.1322,-0.005604,3.0,0.0,0.0,0.0,0.0,0.1249,0.0347546799999999,,,
-0.8345,-0.0902,0.217,0.6245,3.883,-0.2856,0.5527,0.0,1.0,-0.2467,-0.1472,-0.243,0.0,1.465,-0.837,-0.2656,0.02335,-0.1077,-0.2488,-0.07064,-0.2751,0.2136,0.1143,0.4639,0.3242,0.3137,0.0,0.0,0.3293,0.0,0.301,-0.4724,0.4258,-0.06946,1.0,-0.5,-1.0,-0.1346,-0.1847,-0.1087,0.0,1.0,0.0,0.0,0.0,-0.04752,-0.0853447999999999,,,
-0.778,-0.4653,0.1113,0.5977,18.77,-0.4285,0.5527,0.0,1.0,-0.1492,-0.05597,-0.2627,0.0,1.465,-0.3306,-0.342,-0.04065,-0.489,-0.2505,-0.8649,-0.2551,-0.07074,0.2136,0.1143,0.316,0.316,0.0,0.0,0.3286,0.0,0.2578,-0.684,0.558,-0.751,1.0,-0.5,-1.0,0.2673,-0.5176,-0.9976,0.0,2.0,0.0,1.0,-3.475,-0.5146,-0.43644,,,
-0.7095,-0.62,0.05554,0.5654,0.564,-0.5713,0.5527,0.0,1.0,-0.0924,-0.00874,-0.2727,0.0,1.466,-0.1317,-0.3662,-0.1121,-0.6304,-0.2542,-0.4519,-0.2042,-0.8647,-0.07074,0.2136,0.3103,0.3171,0.0,0.0,0.3271,0.0,0.236,-0.797,0.629,-0.564,0.0,-0.5,-1.0,0.4246,-0.689,-1.246,0.0,3.0,0.0,0.0,0.0,-0.3972,0.3928619999999999,,,
-0.7305,-0.361,0.10535,0.547,-0.3801,-0.7144,0.5527,0.0,1.0,-0.1399,-0.05432,-0.2622,0.0,1.466,-0.588,-0.341,-0.189,-0.3682,-0.2559,0.4881,-0.1881,-0.4517,-0.8647,-0.07074,0.3096,0.319,0.0,0.0,0.3264,0.0,0.2593,-0.4177,0.3684,0.3367,0.0,0.0,-0.5,0.1945,-0.4294,-0.7764,1.0,0.0,0.0,0.0,0.0,0.2406,0.05105,,,
-0.6924,-0.6157,0.02707,0.5156,1.105,-0.857,0.5527,0.0,1.0,-0.0643,0.01749,-0.2766,0.0,1.466,-0.331,-0.295,-0.253,-0.6353,-0.2578,-0.6552,-0.1283,0.4878,-0.4517,-0.8647,0.3025,0.32,0.0,0.0,0.3232,0.0,0.2274,-0.7524,0.5933,-0.5454,-1.0,-0.5,-1.0,0.4739,-0.6636,-1.111,0.0,1.0,0.0,0.0,0.0,-0.384,0.081744,,,
-0.6904,-0.4084,0.06055,0.4905,-0.281,-1.0,0.5527,0.0,1.0,-0.0956,-0.01514,-0.2693,0.0,1.467,-0.6553,-0.2402,-0.299,-0.4365,-0.2598,0.3421,-0.10956,-0.6553,0.4878,-0.4517,0.2966,0.3213,0.0,0.0,0.32,0.0,0.2437,-0.568,0.4688,0.2285,0.0,0.0,-0.5,0.294,-0.4712,-0.781,1.0,0.0,0.0,0.0,0.0,0.1642,0.0687728,,,
-0.675,-0.3662,0.05783,0.4697,-0.00425,-1.0,0.5527,0.0,1.0,-0.09174,-0.01382,-0.269,0.0,1.467,-0.4336,-0.1849,-0.3113,-0.3901,-0.2617,0.01481,-0.122,0.3418,-0.6553,0.4878,0.2896,0.3198,0.0,0.0,0.3162,0.0,0.2444,-0.4736,0.4019,0.00945,1.0,0.5,0.0,0.2573,-0.4446,-0.7163,2.0,0.0,0.0,0.0,0.0,0.00672,0.0231341599999999,,,
-0.6655,-0.4275,0.03053,0.448,0.3635,-1.0,0.5527,0.0,1.0,-0.06537,0.01188,-0.2734,0.0,1.468,-0.7446,-0.1354,-0.2976,-0.4539,-0.2632,-0.2058,-0.1192,0.01471,0.3418,-0.6553,0.2817,0.3188,0.0,0.0,0.3123,0.0,0.2345,-0.4954,0.413,-0.1766,1.0,0.0,0.0,0.2888,-0.5425,-0.7905,0.0,1.0,0.0,0.0,0.0,-0.1256,-0.4964135999999998,,,
-0.6147,-0.7925,-0.0797,0.403,1.26,-1.143,0.5527,0.0,1.0,0.04636,0.1187,-0.2944,0.0,1.468,0.2683,-0.0648,-0.2466,-0.802,-0.2683,-0.9619,-0.05774,-0.2058,0.01471,0.3418,0.2737,0.317,0.0,0.0,0.3064,0.0,0.1885,-1.111,0.8325,-1.408,0.0,-0.5,-0.5,0.667,-0.933,-1.225,0.0,2.0,0.0,0.0,0.0,-1.008,0.01513816,,,
-0.5986,-1.015,-0.1533,0.3628,0.4663,-1.143,0.5527,0.0,1.0,0.12354,0.1957,-0.3083,0.0,1.469,0.02594,0.05164,-0.1565,-0.9395,-0.2764,-0.6561,0.05453,-0.9614,-0.2058,0.01471,0.2646,0.314,0.0,0.0,0.3005,0.0,0.1581,-1.054,0.7783,-1.425,0.0,-1.0,-0.5,0.8984,-1.143,-1.281,0.0,3.0,0.0,0.0,0.0,-1.051,0.053606,,,
-0.6245,-0.8,-0.1223,0.3315,-0.11224,-1.143,0.5527,0.0,1.0,0.0891,0.1644,-0.3018,0.0,1.469,-0.549,0.1523,-0.0709,-0.716,-0.2798,0.3272,0.0991,-0.656,-0.9614,-0.2058,0.2546,0.3113,0.0,0.0,0.2947,0.0,0.1729,-0.8115,0.612,0.3113,0.0,-0.5,0.0,0.6694,-0.918,-0.983,1.0,0.0,0.0,0.0,0.0,0.2345,-0.1443332,,,
-0.621,-0.814,-0.1482,0.2915,0.1542,-1.143,0.5527,0.0,1.0,0.11633,0.1919,-0.3062,0.0,1.47,-0.193,0.2327,0.00683,-0.754,-0.2827,-0.2159,0.144,0.3271,-0.656,-0.9614,0.247,0.308,0.0,0.0,0.2886,0.0,0.163,-1.109,0.82,-0.1848,-1.0,-0.5,-0.5,0.703,-0.9404,-0.954,0.0,1.0,0.0,0.0,0.0,-0.1378,-0.1788751999999999,,,
-0.575,-0.8784,-0.1886,0.2456,0.2273,-1.143,0.5527,0.0,1.0,0.163,0.2324,-0.3137,0.0,1.47,-0.12195,0.3127,0.0889,-0.812,-0.2878,-0.3571,0.2045,-0.2158,0.3271,-0.656,0.2357,0.3047,0.0,0.0,0.2825,0.0,0.1467,-1.242,0.907,-0.4778,-1.0,-0.5,-1.0,0.796,-1.0205,-0.9673,0.0,2.0,0.0,0.0,0.0,-0.3586,-0.0800558399999999,,,
-0.53,-0.2351,-0.0647,0.2114,-0.729,-1.143,0.5527,0.0,1.0,0.0381,0.0961,-0.2883,0.0,1.471,0.2737,0.3748,0.1642,-0.169,-0.2913,1.2251,0.2007,-0.357,-0.2158,0.3271,0.2307,0.3025,0.0,0.0,0.2788,0.0,0.2017,-0.784,0.605,1.756,0.0,-0.5,-1.0,0.2808,-0.3633,-0.4478,1.0,0.0,0.0,0.0,0.0,1.333,-0.157152,,,
-0.4646,-0.3538,-0.11316,0.1736,0.958,-1.143,0.5527,0.0,1.0,0.09247,0.1415,-0.2974,0.0,1.471,-0.1681,0.4243,0.231,-0.2932,-0.295,-0.4232,0.1602,1.225,-0.357,-0.2158,0.2246,0.299,0.0,0.0,0.273,0.0,0.1819,-0.8555,0.647,-0.653,0.0,-0.5,-1.0,0.4111,-0.5503,-0.582,0.0,1.0,0.0,0.0,0.0,-0.4773,-0.9312426400000002,,,
-0.2896,-1.016,-0.2844,0.1285,2.729,-1.143,0.545,0.0,0.0,0.292,0.3184,-0.331,0.0,1.472,0.963,0.4966,0.3108,-0.889,-0.3025,-1.5939,0.242,-0.4233,1.225,-0.357,0.2152,0.2932,0.0,0.0,0.2656,0.0,0.1084,-0.971,0.6973,-4.582,-1.0,-1.0,-1.0,1.126,-1.164,-1.078,0.0,2.0,0.0,1.0,-6.727,-3.393,-0.7520216,,,
-0.1547,-1.561,-0.4338,0.0729,0.757,-1.143,0.5366,0.0,0.0,0.4814,0.4912,-0.3606,0.0,1.472,0.9204,0.6226,0.4158,-1.34,-0.3132,-1.4679,0.4167,-1.593,-0.4233,1.225,0.2019,0.285,0.0,0.0,0.2563,0.0,0.0441,-1.1045,0.7646,-4.363,-1.0,-1.5,-1.0,1.744,-1.689,-1.277,0.0,3.0,0.0,0.0,0.0,-3.4,0.56626816,,,
-0.1332,-1.115,-0.367,0.01848,-0.1884,-1.143,0.5283,0.0,0.0,0.4011,0.405,-0.347,0.0,1.472,-0.1036,0.7246,0.509,-0.9185,-0.3179,0.7101,0.4792,-1.467,-1.593,-0.4233,0.1903,0.2778,0.0,0.0,0.2476,0.0,0.07367,-1.057,0.743,1.12,0.0,-1.0,-1.0,1.282,-1.214,-0.9463,1.0,0.0,0.0,0.0,0.0,0.915,0.2203799999999999,,,
-0.0789,-0.941,-0.3538,-0.02531,-0.04654,-1.143,0.5205,0.0,0.0,0.3896,0.3843,-0.344,0.0,1.473,0.532,0.8184,0.5967,-0.7114,-0.3242,0.1488999999999999,0.501,0.71,-1.467,-1.593,0.1807,0.271,0.0,0.0,0.2386,0.0,0.07996,-0.9077,0.6396,0.362,0.0,-0.5,-0.5,1.102,-1.047,-0.8213,2.0,0.0,0.0,0.0,0.0,0.2896,0.517926,,,
-0.02402,-0.5073,-0.284,-0.0653,-0.4055,-1.143,0.512,0.0,0.0,0.3127,0.296,-0.3298,0.0,1.473,0.5737,0.8706,0.6626,-0.3135,-0.3267,0.7241,0.457,0.1488,0.71,-1.467,0.1765,0.2656,0.0,0.0,0.2307,0.0,0.11096,-0.799,0.5757,1.024,1.0,0.0,-0.5,0.743,-0.602,-0.5806,3.0,0.0,0.0,0.0,0.0,0.8154,0.0729828,,,
-0.007057,-0.3994,-0.2842,-0.10547,-0.1371,-1.143,0.504,0.0,0.0,0.3145,0.2947,-0.3296,0.0,1.474,-0.1346,0.876,0.706,-0.269,-0.3284,0.0162,0.3943,0.724,0.1488,0.71,0.166,0.26,0.0,0.0,0.2229,0.0,0.11163,-0.799,0.576,0.0232,2.0,0.0,-0.5,0.674,-0.55,-0.5386,4.0,0.0,0.0,0.0,0.0,0.01805,0.2586999999999999,,,
0.01295,-0.1688,-0.2554,-0.1395,-0.6416,-1.143,0.4958,0.0,0.0,0.2834,0.2595,-0.3232,0.0,1.474,-0.2654,0.8364,0.7324,-0.07825,-0.3303,0.3058,0.359,0.01608,0.724,0.1488,0.1594,0.255,0.0,0.0,0.2174,0.0,0.125,-0.6694,0.4895,0.2583,3.0,0.5,0.0,0.4644,-0.4106,-0.4077,5.0,0.0,0.0,0.0,0.0,0.2009,0.7761072,,,
-0.05487,0.3916,-0.1431,-0.1478,-6.715,-1.0,0.4958,1.0,1.0,0.1562,0.1396,-0.3003,0.0,1.475,0.088,0.7754,0.746,0.4963,-0.3313,1.1321,0.3281,0.3057,0.01608,0.724,0.1672,0.2515,0.0,0.0,0.2148,0.0,0.175,-0.161,0.1486,1.712,3.0,1.0,0.5,0.004463,0.10675,-0.01459,5.92,0.0,0.0,0.0,0.0,1.318,-0.3376039999999999,,,
-0.04694,0.1691,-0.1926,-0.153,-0.3696,-0.857,0.4958,1.0,1.0,0.2096,0.1932,-0.3098,0.0,1.475,-0.1481,0.721,0.741,0.2922,-0.332,-0.4462,0.265,1.131,0.3057,0.01608,0.1802,0.2478,0.0,0.0,0.2106,0.0,0.1545,-0.1096,0.10297,-0.5747,2.0,0.5,0.5,0.206,-0.0864,-0.1318,0.0,1.0,0.0,0.0,0.0,-0.4275,-0.2266116,,,
-0.0254,0.4778,-0.129,-0.1547,1.451,-0.7144,0.4958,1.0,1.0,0.144,0.12213,-0.2964,0.0,1.476,-0.112,0.634,0.715,0.581,-0.331,0.6401,0.236,-0.4463,1.131,0.3057,0.1931,0.2438,0.0,0.0,0.2087,0.0,0.1833,-0.03595,0.06305,1.044,2.0,1.0,0.5,-0.03152,0.199,0.13,1.0,0.0,0.0,0.0,0.0,0.7876,0.2183279999999999,,,
-0.01843,0.5254,-0.1175,-0.1519,0.2238,-0.5713,0.4958,1.0,1.0,0.1327,0.1092,-0.2935,0.0,1.476,-0.04025,0.5093,0.6655,0.607,-0.3293,0.1377999999999999,0.1881,0.6396,-0.4463,1.131,0.206,0.2412,0.0,0.0,0.2065,0.0,0.1897,0.0494,0.004936,0.2369,2.0,1.5,1.0,-0.0768,0.221,0.2258,2.0,0.0,0.0,0.0,0.0,0.1752,-0.0338159999999999,,,
-0.04358,0.5254,-0.11237,-0.1436,0.1338,-0.4285,0.4958,1.0,1.0,0.1254,0.10583,-0.292,0.0,1.477,-0.4253,0.374,0.597,0.6377,-0.3289,0.0763,0.1362,0.1377,0.6396,-0.4463,0.2157,0.2393,0.0,0.0,0.2045,0.0,0.1931,0.1605,-0.0728,0.0695,2.0,1.5,1.5,-0.1392,0.1661,0.308,3.0,0.0,0.0,0.0,0.0,0.0512,0.3445616,,,
-0.1421,0.6816,-0.0817,-0.1471,0.4087,-0.2856,0.4958,1.0,1.0,0.0863,0.0818,-0.2852,0.0,1.477,-0.755,0.2136,0.509,0.805,-0.329,0.3193999999999999,0.1066,0.0762,0.1377,0.6396,0.227,0.237,0.0,0.0,0.2035,0.0,0.208,-0.05222,0.0855,0.3054,2.0,1.5,1.5,-0.2457,0.2627,0.4875,4.0,0.0,0.0,0.0,0.0,0.2245,0.2081011999999999,,,
-0.1729,0.8237,-0.04785,-0.1403,0.332,-0.1428,0.4958,1.0,1.0,0.04996,0.0494,-0.2776,0.0,1.477,-0.386,0.01432,0.4158,0.9854,-0.3293,0.3463,0.1403,0.319,0.0762,0.1377,0.2388,0.2351,0.0,0.0,0.205,0.0,0.2241,0.166,-0.06305,0.337,3.0,1.5,2.0,-0.4072,0.299,0.597,5.0,0.0,0.0,0.0,0.0,0.2452,0.050932,,,
-0.2898,0.629,-0.0733,-0.1152,-0.0965,0.0,0.4958,1.0,1.0,0.066,0.08527,-0.2822,0.0,1.478,-0.2861,-0.1813,0.3313,0.815,-0.327,-0.2084,0.1708,0.346,0.319,0.0762,0.2434,0.2327,0.0,0.0,0.2074,0.0,0.2142,0.689,-0.4404,-0.2478,2.0,1.5,2.0,-0.341,0.10583,0.4517,0.0,1.0,0.0,0.0,0.0,-0.1783,0.835772,,,
-0.336,1.019,0.0437,-0.0587,0.7183,0.1428,0.4958,1.0,1.0,-0.05142,-0.02818,-0.2578,0.0,1.478,-0.08215,-0.2289,0.2338,1.145,-0.3171,1.1241,0.2585,-0.2084,0.346,0.319,0.2566,0.2317,0.0,0.0,0.2113,0.0,0.267,1.574,-1.078,1.801,2.0,1.5,2.0,-0.7095,0.541,0.7886,1.0,0.0,1.0,0.0,5.44,1.305,0.0942528,,,
-0.3877,0.9434,0.059,-0.008415,0.06085,0.2856,0.4958,1.0,1.0,-0.0698,-0.03864,-0.2542,0.0,1.479,-0.6133,-0.1465,0.1355,1.076,-0.3108,0.1737999999999999,0.3445,1.124,-0.2084,0.346,0.2673,0.2322,0.0,0.0,0.2161,0.0,0.2754,1.574,-1.048,0.1857,2.0,1.5,2.0,-0.7056,0.5386,0.726,2.0,0.0,0.0,0.0,0.0,0.13,0.0358272,,,
-0.4517,0.697,0.0342,0.03778,-0.12384,0.4285,0.4958,1.0,1.0,-0.05173,-0.00939,-0.2583,0.0,1.479,-0.573,0.0528,0.0752,0.74,-0.3013,-0.1872,0.402,0.1737,1.124,-0.2084,0.2764,0.2332,0.0,0.0,0.2211,0.0,0.2664,1.434,-0.9487,-0.2084,1.0,1.0,2.0,-0.5894,0.3665,0.5703,0.0,1.0,0.0,0.0,0.0,-0.145,0.5961331999999999,,,
-0.517,0.936,0.115,0.0851,0.4617,0.5713,0.4958,1.0,1.0,-0.1316,-0.08093,-0.2411,0.0,1.4795,-0.1267,0.2465,0.05704,0.9775,-0.295,0.7676999999999999,0.4941,-0.1871,0.1737,1.124,0.2896,0.2344,0.0,0.0,0.2253,0.0,0.3037,1.448,-0.9434,0.7314,1.0,1.5,2.0,-0.7856,0.648,0.719,1.0,0.0,0.0,0.0,0.0,0.512,0.0379116,,,
-0.543,0.771,0.1073,0.1316,-0.0401,0.7144,0.4958,1.0,1.0,-0.1267,-0.07166,-0.2417,0.0,1.4795,-0.606,0.4307,0.0905,0.8145,-0.2886,-0.02819,0.574,0.7676,-0.1871,0.1737,0.3005,0.2366,0.0,0.0,0.2303,0.0,0.3022,1.428,-0.929,-0.0313,1.0,1.0,1.5,-0.7114,0.5415,0.6167,0.0,1.0,0.0,0.0,0.0,-0.0214,-0.1957948,,,
-0.5327,0.5264,0.0771,0.171,-0.1735,0.857,0.4958,1.0,1.0,-0.09827,-0.04398,-0.247,0.0,1.48,-0.3328,0.58,0.17,0.607,-0.2847,-0.2265,0.6,-0.02827,0.7676,-0.1871,0.3083,0.2379,0.0,0.0,0.238,0.0,0.2908,1.241,-0.801,-0.1748,0.0,0.5,1.0,-0.5967,0.335,0.4812,0.0,2.0,0.0,0.0,0.0,-0.11957,0.3084959999999999,,,
-0.5576,0.5713,0.10394,0.1993,0.2128,0.857,0.4958,1.0,1.0,-0.1248,-0.06726,-0.2405,0.0,1.48,-0.1809,0.71,0.281,0.6304,-0.2795,0.2853,0.544,-0.2264,-0.02827,0.7676,0.319,0.2396,0.0,0.0,0.2489,0.0,0.305,1.113,-0.703,0.2832,0.0,0.5,1.0,-0.658,0.384,0.517,1.0,0.0,0.0,0.0,0.0,0.1952,-0.075236,,,
-0.5806,0.398,0.08453,0.2319,-0.1506,0.857,0.4958,1.0,1.0,-0.1089,-0.04706,-0.2433,0.0,1.481,-0.587,0.8096,0.3914,0.4705,-0.2754,-0.1271,0.4917,0.2852,-0.2264,-0.02827,0.3228,0.2415,0.0,0.0,0.2583,0.0,0.2986,1.329,-0.8604,-0.0971,0.0,0.0,1.0,-0.574,0.245,0.4338,0.0,1.0,0.0,0.0,0.0,-0.06635,0.1223603999999999,,,
-0.617,0.279,0.07153,0.2554,-0.1317,0.857,0.4958,1.0,1.0,-0.09985,-0.03174,-0.245,0.0,1.481,-0.4783,0.891,0.4944,0.3298,-0.2708,-0.0708999999999999,0.416,-0.1272,0.2852,-0.2264,0.3252,0.2445,0.0,0.0,0.2673,0.0,0.295,1.153,-0.7363,-0.06586,-1.0,-0.5,0.5,-0.502,0.1609,0.3762,0.0,2.0,0.0,0.0,0.0,-0.04517,0.071124,,,
-0.6426,0.2866,0.08716,0.2795,0.1562,0.857,0.4958,1.0,1.0,-0.11633,-0.04446,-0.2407,0.0,1.482,-0.3938,0.9604,0.592,0.3037,-0.2656,0.185,0.3662,-0.0709,-0.1272,0.2852,0.3296,0.2487,0.0,0.0,0.2754,0.0,0.3042,1.166,-0.7417,0.2397,0.0,0.0,0.5,-0.526,0.1973,0.398,1.0,0.0,0.0,0.0,0.0,0.1648,0.2349320800000001,,,
-0.5835,0.336,0.1138,0.3064,0.2761,0.857,0.4958,1.0,1.0,-0.1357,-0.07434,-0.2343,0.0,1.482,0.3562,0.9946,0.6753,0.3599,-0.2617,0.2828,0.3025,0.1848,-0.0709,-0.1272,0.3313,0.2527,0.0,0.0,0.284,0.0,0.318,1.213,-0.7686,0.3955,1.0,0.0,0.5,-0.591,0.2627,0.4639,2.0,0.0,0.0,0.0,0.0,0.2703,-0.243472,,,
-0.5264,0.03433,0.05484,0.3228,-0.639,0.857,0.4958,1.0,1.0,-0.0771,-0.02318,-0.2452,0.0,1.482,-0.317,0.9785,0.74,0.05914,-0.2588,-0.4765,0.2117,0.2827,0.1848,-0.0709,0.3303,0.2563,0.0,0.0,0.291,0.0,0.2942,0.7705,-0.4636,-0.514,0.0,-0.5,0.0,-0.3486,0.02202,0.2471,0.0,1.0,0.0,0.0,0.0,-0.3481,0.1969535999999999,,,
-0.5303,0.1137,0.0815,0.3384,0.8667,0.857,0.4958,1.0,1.0,-0.1021,-0.0483,-0.2388,0.0,1.483,-0.3606,0.903,0.7856,0.1394,-0.256,0.2848,0.1825,-0.4763,0.2827,0.1848,0.3325,0.261,0.0,0.0,0.2966,0.0,0.308,0.758,-0.4482,0.2583,1.0,0.0,0.0,-0.4268,0.1124,0.3276,1.0,0.0,0.0,0.0,0.0,0.1776,0.0139448,,,
-0.5703,-0.011765,0.06232,0.3552,-0.554,0.857,0.4958,1.0,1.0,-0.0876,-0.02676,-0.2417,0.0,1.483,-0.844,0.782,0.8154,0.001924,-0.2527,-0.1269,0.10016,0.2844,-0.4763,0.2827,0.332,0.264,0.0,0.0,0.3027,0.0,0.3018,0.808,-0.4868,-0.1188,1.0,-0.5,0.0,-0.389,-0.0286,0.2415,0.0,1.0,0.0,0.0,0.0,-0.08093,0.1999567999999999,,,
-0.6685,-0.010895,0.06384,0.3582,0.1467,0.857,0.4958,1.0,1.0,-0.09686,-0.02013,-0.2405,0.0,1.484,-0.6606,0.6753,0.827,-0.008705,-0.251,0.05674,0.0445,-0.1268,0.2844,-0.4763,0.333,0.2673,0.0,0.0,0.3079,0.0,0.3047,0.4158,-0.2057,0.05,1.0,0.0,0.0,-0.3892,-0.04105,0.2367,1.0,0.0,0.0,0.0,0.0,0.0342,0.272812,,,
-0.682,0.11615,0.09534,0.363,2.06,0.857,0.4958,1.0,1.0,-0.127,-0.0489,-0.233,0.0,1.484,-0.649,0.554,0.822,0.1216,-0.2496,0.3253,-0.008705,0.0566,-0.1268,0.2844,0.336,0.2732,0.0,0.0,0.3132,0.0,0.3208,0.4917,-0.2527,0.3022,1.0,0.5,0.0,-0.4805,0.0702,0.385,2.0,0.0,0.0,0.0,0.0,0.2065,0.2810383999999999,,,
-0.677,0.3206,0.15,0.3777,1.239,0.857,0.4958,1.0,1.0,-0.1757,-0.1001,-0.2207,0.0,1.485,-0.3474,0.4697,0.798,0.324,-0.247,0.5317999999999999,-0.05115,0.325,0.0566,-0.1268,0.341,0.2817,0.0,0.0,0.3198,0.0,0.3474,0.8535,-0.499,0.682,2.0,0.5,0.5,-0.6562,0.2339,0.6724,3.0,0.0,0.0,0.0,0.0,0.4614,-0.07789416,,,
-0.737,0.2825,0.1437,0.3826,0.03183,0.857,0.4958,1.0,1.0,-0.1749,-0.0893,-0.221,0.0,1.485,-0.844,0.3894,0.7466,0.285,-0.2455,-0.01366,-0.0935,0.5312,0.325,0.0566,0.3445,0.2896,0.0,0.0,0.3254,0.0,0.3467,0.535,-0.2722,-0.01159,1.0,0.5,0.0,-0.6006,0.1716,0.6313,0.0,1.0,0.0,0.0,0.0,-0.00771,0.8432379999999996,,,
-0.7173,0.657,0.2391,0.3994,1.235,0.857,0.4958,1.0,1.0,-0.256,-0.1761,-0.2003,0.0,1.486,-0.2195,0.33,0.6685,0.6455,-0.2421,0.8814,-0.05786,-0.013756,0.5312,0.325,0.356,0.2983,0.0,0.0,0.3325,0.0,0.3918,0.9136,-0.5225,1.264,2.0,1.0,0.5,-0.85,0.505,1.064,1.0,0.0,1.0,0.0,3.557,0.841,-0.097766,,,
-0.72,0.6973,0.2627,0.4243,0.1914,0.857,0.4958,1.0,1.0,-0.2761,-0.1964,-0.1945,0.0,1.486,-0.3442,0.27,0.57,0.7017,-0.239,0.2413,-0.05038,0.881,-0.013756,0.5312,0.3672,0.3066,0.0,0.0,0.3406,0.0,0.4045,1.172,-0.701,0.2323,2.0,1.0,1.0,-0.8687,0.5195,1.089,2.0,0.0,0.0,0.0,0.0,0.1505,-0.1804648,,,
-0.742,0.43,0.2098,0.4397,-0.2338,0.857,0.4958,1.0,1.0,-0.2332,-0.1484,-0.2045,0.0,1.487,-0.6543,0.2216,0.4878,0.4368,-0.2365,-0.4123,-0.02687,0.2411,0.881,-0.013756,0.3767,0.3142,0.0,0.0,0.3452,0.0,0.3826,0.74,-0.4028,-0.4226,1.0,0.5,0.5,-0.6235,0.2893,0.694,0.0,1.0,0.0,0.0,0.0,-0.2717,0.1362051999999999,,,
-0.754,0.4517,0.2258,0.459,0.1785,0.857,0.4958,1.0,1.0,-0.2477,-0.1615,-0.2003,0.0,1.487,-0.708,0.1774,0.4075,0.47,-0.234,0.1752999999999999,0.002674,-0.412,0.2411,0.881,0.387,0.3218,0.0,0.0,0.35,0.0,0.3918,0.892,-0.5073,0.1829,1.0,1.0,1.0,-0.6323,0.3086,0.6924,1.0,0.0,0.0,0.0,0.0,0.1191,0.5613895999999999,,,
-0.729,0.832,0.3333,0.4924,0.896,0.857,0.4958,1.0,1.0,-0.3345,-0.2551,-0.177,0.0,1.488,-0.0534,0.1716,0.363,0.827,-0.2283,0.9651,0.0866,0.175,-0.412,0.2411,0.4014,0.329,0.0,0.0,0.3577,0.0,0.4424,1.174,-0.6855,1.672,2.0,1.0,1.5,-0.8975,0.6685,1.024,2.0,0.0,0.0,0.0,0.0,1.083,-0.1467283999999999,,,
-0.713,0.6147,0.2986,0.52,-0.1209,0.857,0.4958,1.0,1.0,-0.3052,-0.2275,-0.1831,0.0,1.488,-0.3242,0.1963,0.3333,0.6123,-0.2241,-0.2471,0.1493,0.9644,0.175,-0.412,0.411,0.337,0.0,0.0,0.3628,0.0,0.429,0.9624,-0.541,-0.256,1.0,1.0,1.0,-0.723,0.4812,0.741,0.0,1.0,0.0,0.0,0.0,-0.161,0.3311368,,,
-0.746,0.93,0.393,0.5557,0.6177,0.857,0.4958,1.0,1.0,-0.3833,-0.3027,-0.1624,0.0,1.488,0.0857,0.2693,0.3347,0.871,-0.2166,0.8391,0.2615,-0.2471,0.9644,0.175,0.426,0.3452,0.0,0.0,0.3699,0.0,0.474,1.082,-0.6064,1.639,1.0,1.0,1.0,-0.948,0.7554,0.927,1.0,0.0,0.0,0.0,0.0,1.038,-0.2453215999999999,,,
-0.6304,0.3123,0.2637,0.5835,-0.5195,0.857,0.4958,1.0,1.0,-0.2698,-0.2047,-0.1882,0.0,1.489,0.76,0.355,0.3464,0.2314,-0.211,-1.0209,0.2676,0.8384,-0.2471,0.9644,0.429,0.3516,0.0,0.0,0.3752,0.0,0.4175,0.7446,-0.3901,-1.985,1.0,0.5,1.0,-0.4277,0.2915,0.4084,0.0,1.0,0.0,0.0,0.0,-1.226,0.1618207999999999,,,
-0.622,0.347,0.2869,0.6104,0.2273,0.857,0.4958,1.0,1.0,-0.2883,-0.2252,-0.1825,0.0,1.489,-0.2262,0.4277,0.3638,0.279,-0.2076,0.2375999999999999,0.2854,-1.021,0.8384,-0.2471,0.4321,0.3582,0.0,0.0,0.3806,0.0,0.4302,0.739,-0.3804,0.3167,1.0,0.5,1.0,-0.4702,0.3457,0.4487,1.0,0.0,0.0,0.0,0.0,0.202,-0.6022332,,,
-0.521,-0.13,0.1832,0.6274,-1.057,0.7144,0.4958,0.0,1.0,-0.1924,-0.1431,-0.2031,0.0,1.49,-0.04657,0.4866,0.3777,-0.1835,-0.2053,-0.8383,0.2615,0.2374,-1.021,0.8384,0.4324,0.3633,0.0,0.0,0.3843,0.0,0.385,0.4136,-0.1685,-0.9087,0.0,0.5,1.0,-0.0503,-0.007057,0.0588,0.0,1.0,0.0,0.0,0.0,-0.575,0.1086784,,,
-0.4905,-0.1775,0.1807,0.6436,1.174,0.5713,0.4958,0.0,1.0,-0.1877,-0.1432,-0.2029,0.0,1.49,-0.3005,0.5244,0.3916,-0.2238,-0.203,0.01355,0.228,-0.838,0.2374,-1.021,0.432,0.3677,0.0,0.0,0.388,0.0,0.3857,0.4038,-0.1611,0.010284,1.0,0.5,1.0,-0.0584,-0.03065,0.0328,1.0,0.0,0.0,0.0,0.0,0.006683,-0.04757352,,,
-0.4314,-0.2993,0.1564,0.653,1.486,0.4285,0.4958,0.0,1.0,-0.1617,-0.1262,-0.207,0.0,1.491,-0.006504,0.5327,0.4055,-0.3386,-0.2014,-0.1747,0.1958,0.01344,-0.838,0.2374,0.424,0.3723,0.0,0.0,0.391,0.0,0.3765,0.256,-0.05972,-0.2466,0.0,0.0,0.5,0.00597,-0.1337,-0.0752,0.0,1.0,0.0,0.0,0.0,-0.1603,0.1013996,,,
-0.382,-0.482,0.1106,0.6494,1.03,0.2856,0.4958,0.0,1.0,-0.11676,-0.08795,-0.2158,0.0,1.491,0.09375,0.5205,0.413,-0.533,-0.2003,-0.3649,0.1744,-0.1747,0.01344,-0.838,0.4158,0.375,0.0,0.0,0.3928,0.0,0.3572,-0.02728,0.1342,-0.537,0.0,0.0,0.0,0.175,-0.2715,-0.2664,0.0,2.0,0.0,0.0,0.0,-0.351,0.4845047999999999,,,
-0.2766,-0.2109,0.1775,0.655,-0.5894,0.1428,0.4958,0.0,1.0,-0.1678,-0.1581,-0.2009,0.0,1.492,0.6914,0.4731,0.409,-0.236,-0.2004,0.6291,0.1215,-0.3647,-0.1747,0.01344,0.4058,0.3782,0.0,0.0,0.3967,0.0,0.3896,0.1598,0.014915,1.56,0.0,0.0,0.5,-0.0968,-0.01536,-0.006775,1.0,0.0,0.0,0.0,0.0,1.03,0.5457031999999998,,,
-0.2837,0.158,0.267,0.659,-2.908,0.1428,0.4958,1.0,1.0,-0.2448,-0.2363,-0.1812,0.0,1.492,0.1995,0.4143,0.3982,0.131,-0.1991,0.8180999999999999,0.0966,0.629,-0.3647,-0.1747,0.4077,0.3828,0.0,0.0,0.4019,0.0,0.4326,0.1488,0.04163,1.413,1.0,0.0,0.5,-0.3713,0.328,0.371,2.0,0.0,0.0,0.0,0.0,0.916,0.4451239999999999,,,
-0.3103,0.469,0.3472,0.6704,1.522,0.1428,0.4958,1.0,1.0,-0.312,-0.3013,-0.1633,0.0,1.493,-0.5396,0.3474,0.3884,0.4336,-0.1968,0.7191,0.08734,0.818,0.629,-0.3647,0.4126,0.3877,0.0,0.0,0.409,0.0,0.4712,0.2754,-0.03168,1.358,1.0,0.5,0.5,-0.588,0.581,0.69,3.0,0.0,1.0,0.0,5.93,0.8584,-0.0696079999999999,,,
-0.304,0.3367,0.324,0.686,-0.12354,0.1428,0.4958,1.0,1.0,-0.293,-0.2825,-0.1672,0.0,1.493,-0.6816,0.2656,0.3728,0.3113,-0.1945,-0.1533,0.04742,0.7188,0.818,0.629,0.4219,0.392,0.0,0.0,0.4158,0.0,0.4626,0.3643,-0.0987,-0.2361,1.0,0.0,0.5,-0.466,0.451,0.5605,0.0,1.0,0.0,0.0,0.0,-0.1459,0.4329920000000001,,,
-0.2974,0.5923,0.397,0.7075,0.7866,0.1428,0.4958,1.0,1.0,-0.3503,-0.3428,-0.1508,0.0,1.494,-0.3762,0.1696,0.3518,0.569,-0.1912,0.6554,0.0582,-0.1534,0.7188,0.818,0.435,0.398,0.0,0.0,0.423,0.0,0.4985,0.4758,-0.1626,1.191,2.0,0.5,0.5,-0.676,0.6353,0.8403,1.0,0.0,0.0,0.0,0.0,0.74,-0.02984992,,,
-0.3467,0.5537,0.3914,0.715,0.072,0.1428,0.4958,1.0,1.0,-0.3499,-0.3342,-0.1508,0.0,1.494,-0.582,0.08417,0.3245,0.5376,-0.1897,0.0001,0.08075,0.6553,-0.1534,0.7188,0.4495,0.4036,0.0,0.0,0.4294,0.0,0.4985,0.25,-0.00142,0.0,1.0,0.0,0.0,-0.6177,0.5464,0.729,0.0,0.0,0.0,0.0,0.0,0.0,-0.066096,,,
-0.381,0.4172,0.363,0.724,-0.096,0.1428,0.4958,1.0,1.0,-0.3303,-0.3083,-0.1555,0.0,1.494,-0.844,-0.01423,0.2812,0.4375,-0.1895,-0.1887,0.0695,0.0,0.6553,-0.1534,0.4648,0.409,0.0,0.0,0.4353,0.0,0.488,0.27,-0.02025,-0.05737,0.0,0.0,0.0,-0.5127,0.3687,0.5557,0.0,1.0,0.0,0.0,0.0,-0.0349,0.0144219999999999,,,
-0.4443,0.3718,0.3481,0.7183,0.03607,0.1428,0.4958,1.0,1.0,-0.3237,-0.291,-0.1575,0.0,1.495,-0.752,-0.0804,0.2289,0.4126,-0.1901,-0.0759,0.08563,-0.1888,0.0,0.6553,0.4758,0.414,0.0,0.0,0.4392,0.0,0.4836,-0.0219,0.1862,-0.03235,-1.0,-0.5,-0.5,-0.48,0.2322,0.4478,0.0,2.0,0.0,0.0,0.0,-0.0198,-0.0876568,,,
-0.555,0.3982,0.3606,0.73,0.1954,0.1428,0.4958,1.0,1.0,-0.3425,-0.292,-0.1536,0.0,1.495,-0.643,-0.12006,0.1691,0.478,-0.1896,0.1523999999999999,0.1095,-0.076,-0.1888,0.0,0.483,0.4194,0.0,0.0,0.4429,0.0,0.4922,0.516,-0.194,0.094,0.0,0.0,0.0,-0.4993,0.2427,0.4685,1.0,0.0,0.0,0.0,0.0,0.0577,0.0899619999999999,,,
-0.5933,0.3035,0.3413,0.7373,-0.07745,0.1428,0.4958,1.0,1.0,-0.33,-0.273,-0.1565,0.0,1.496,-0.7847,-0.146,0.10065,0.3965,-0.1884,-0.1135999999999999,0.10455,0.1523,-0.076,-0.1888,0.4846,0.4243,0.0,0.0,0.4473,0.0,0.4858,0.373,-0.0947,-0.0784,-1.0,0.0,-0.5,-0.4458,0.11035,0.3562,0.0,1.0,0.0,0.0,0.0,-0.04788,-0.1844839999999999,,,
-0.6133,0.06073,0.2905,0.7524,-0.541,0.2856,0.4958,1.0,1.0,-0.2905,-0.229,-0.1663,0.0,1.496,-0.408,-0.1606,0.0232,0.1696,-0.1864,-0.3803,0.0879,-0.1137,0.1523,-0.076,0.4849,0.429,0.0,0.0,0.4504,0.0,0.4646,0.6387,-0.2937,-0.2793,-1.0,-0.5,-0.5,-0.2426,-0.0656,0.11163,0.0,2.0,0.0,0.0,0.0,-0.1713,0.0669284,,,
-0.6147,0.03275,0.2917,0.7676,-0.07715,0.4285,0.4958,1.0,1.0,-0.2917,-0.23,-0.1649,0.0,1.497,-0.345,-0.1661,-0.0444,0.1667,-0.185,0.05143,0.0928,-0.3804,-0.1137,0.1523,0.4814,0.4336,0.0,0.0,0.4514,0.0,0.4673,0.6514,-0.3015,0.03674,0.0,-0.5,-0.5,-0.2499,-0.071,0.1255,1.0,0.0,0.0,0.0,0.0,0.0228,-0.5219292,,,
-0.5713,-0.4941,0.1665,0.772,-4.8,0.4285,0.4958,0.0,1.0,-0.1819,-0.1238,-0.1909,0.0,1.497,0.001105,-0.1654,-0.1088,-0.3716,-0.1832,-1.0249,0.0997,0.05133,-0.3804,-0.1137,0.471,0.4365,0.0,0.0,0.4507,0.0,0.411,0.1719,0.0159,-1.214,0.0,-1.0,-0.5,0.219,-0.4905,-0.44,0.0,1.0,0.0,0.0,0.0,-0.752,-0.974424,,,
-0.4907,-1.062,0.02545,0.765,1.603,0.4285,0.4958,0.0,1.0,-0.04654,0.002392,-0.2203,0.0,1.498,0.603,-0.1807,-0.1525,-0.9277,-0.1841,-1.2049,0.1605,-1.024,0.05133,-0.3804,0.4546,0.4377,0.0,0.0,0.4456,0.0,0.3467,-0.1589,0.2238,-2.38,-1.0,-1.0,-0.5,0.7354,-0.965,-0.9517,0.0,2.0,0.0,0.0,0.0,-1.522,0.12727296,,,
-0.5967,-0.9067,0.05615,0.753,-0.0355,0.4285,0.4958,0.0,1.0,-0.084,-0.01865,-0.2133,0.0,1.498,-0.476,-0.2134,-0.1799,-0.798,-0.1836,0.3028,0.198,-1.204,-1.024,0.05133,0.4402,0.439,0.0,0.0,0.4434,0.0,0.362,-0.2788,0.3162,0.4595,0.0,-1.0,-0.5,0.5156,-0.789,-0.75,1.0,0.0,0.0,0.0,0.0,0.3054,0.7906552000000001,,,
-0.6323,-0.4229,0.167,0.7427,-0.4932,0.2856,0.4958,0.0,1.0,-0.187,-0.11914,-0.189,0.0,1.499,-0.168,-0.2585,-0.2035,-0.3198,-0.184,1.0221,0.2004,0.3025,-1.204,-1.024,0.4312,0.441,0.0,0.0,0.4426,0.0,0.4148,-0.2074,0.2883,1.664,1.0,-0.5,-0.5,0.0698,-0.292,-0.2747,2.0,0.0,1.0,0.0,4.895,1.097,-0.1083736,,,
-0.649,-0.3762,0.1663,0.7217,-0.01281,0.1428,0.4958,0.0,1.0,-0.1877,-0.1171,-0.1882,0.0,1.499,-0.517,-0.3066,-0.2303,-0.2693,-0.1859,0.02651,0.1842,1.021,0.3025,-1.204,0.423,0.4429,0.0,0.0,0.444,0.0,0.4163,-0.504,0.5005,0.02322,1.0,0.0,-0.5,0.04648,-0.2815,-0.28,3.0,0.0,0.0,0.0,0.0,0.014824,-0.5075424000000001,,,
-0.57,-0.69,0.07495,0.692,1.2705,0.0,0.4958,0.0,1.0,-0.09924,-0.03888,-0.207,0.0,1.5,0.04446,-0.3438,-0.258,-0.5713,-0.1893,-0.7649,0.1917,0.0264,1.021,0.3025,0.4128,0.4426,0.0,0.0,0.4436,0.0,0.3752,-0.682,0.61,-0.9697,1.0,0.0,-0.5,0.3606,-0.5996,-0.6396,0.0,1.0,0.0,0.0,0.0,-0.6187,-0.4188639999999999,,,
-0.4875,-0.81,0.02235,0.6465,0.3442,-0.1428,0.4958,0.0,1.0,-0.04337,0.00516,-0.2178,0.0,1.5,0.5967,-0.305,-0.2783,-0.667,-0.1953,-0.4459,0.2152,-0.765,0.0264,1.021,0.3992,0.4412,0.0,0.0,0.4426,0.0,0.3518,-1.124,0.915,-0.6323,1.0,-0.5,-1.0,0.535,-0.732,-0.816,0.0,2.0,0.0,0.0,0.0,-0.4133,-0.3163859999999999,,,
-0.464,-0.9053,-0.02669,0.5957,0.273,-0.2856,0.4958,0.0,1.0,0.00581,0.052,-0.2278,0.0,1.5,-0.426,-0.1774,-0.264,-0.715,-0.2032,-0.4249,0.2479,-0.4458,-0.765,0.0264,0.39,0.4397,0.0,0.0,0.4417,0.0,0.3298,-1.2,0.9595,-0.905,0.0,-0.5,-1.0,0.6772,-0.854,-0.9595,0.0,3.0,0.0,0.0,0.0,-0.5996,0.066462,,,
-0.4148,-0.6206,0.01807,0.554,-0.236,-0.4285,0.4958,0.0,1.0,-0.03345,0.003363,-0.2178,0.0,1.501,-0.4197,-0.05896,-0.2319,-0.4487,-0.2067,0.4308,0.2778,-0.4248,-0.4458,-0.765,0.3904,0.4387,0.0,0.0,0.44,0.0,0.3518,-0.9565,0.7954,1.093,0.0,0.0,-0.5,0.4565,-0.5854,-0.7397,1.0,0.0,0.0,0.0,0.0,0.734,0.222536,,,
-0.3782,-0.4521,0.03708,0.5166,-0.2002,-0.5713,0.4958,0.0,1.0,-0.04852,-0.01825,-0.2133,0.0,1.501,-0.1677,0.0482,-0.1853,-0.306,-0.2092,0.1919999999999999,0.3064,0.4304,-0.4248,-0.4458,0.3904,0.4365,0.0,0.0,0.4373,0.0,0.3616,-0.8545,0.727,0.3113,0.0,0.0,0.0,0.3418,-0.4617,-0.6157,2.0,0.0,0.0,0.0,0.0,0.2063,0.216116,,,
-0.3755,-0.271,0.059,0.4795,-0.389,-0.7144,0.4958,0.0,1.0,-0.06885,-0.03964,-0.208,0.0,1.502,-0.464,0.1409,-0.1311,-0.164,-0.2112,0.2181,0.309,0.1919,0.4304,-0.4248,0.3855,0.4348,0.0,0.0,0.433,0.0,0.3728,-0.8306,0.715,0.291,1.0,0.5,0.0,0.2314,-0.336,-0.4888,3.0,0.0,0.0,0.0,0.0,0.1917,0.6401039999999998,,,
-0.334,0.2231,0.1599,0.456,-2.65,-0.7144,0.4958,1.0,1.0,-0.157,-0.1373,-0.1857,0.0,1.502,0.1747,0.2102,-0.0813,0.2988,-0.2118,0.9341,0.298,0.2179,0.1919,0.4304,0.3862,0.4336,0.0,0.0,0.4314,0.0,0.4214,-0.4463,0.4622,1.202,2.0,1.0,0.5,-0.1272,0.09045,-0.0954,4.0,0.0,0.0,0.0,0.0,0.786,0.0327099999999999,,,
-0.3052,0.4343,0.2013,0.4436,0.8745,-0.7144,0.4958,1.0,1.0,-0.1907,-0.1769,-0.176,0.0,1.503,0.1573,0.253,-0.0396,0.499,-0.212,0.3946,0.26,0.9336,0.2179,0.1919,0.3943,0.4343,0.0,0.0,0.4292,0.0,0.4424,-0.2118,0.304,0.5,3.0,1.0,1.0,-0.2449,0.2461,0.1017,5.0,0.0,0.0,0.0,0.0,0.3179,-0.292556,,,
-0.2656,0.14,0.1208,0.421,-0.4766,-0.7144,0.4958,1.0,1.0,-0.1167,-0.1071,-0.1925,0.0,1.503,-0.3298,0.2708,-0.006363,0.172,-0.2123,-0.6625,0.2117,0.3943,0.9336,0.2179,0.4006,0.4336,0.0,0.0,0.4253,0.0,0.4065,-0.401,0.423,-0.896,2.0,0.5,0.5,0.03394,-0.083,-0.1588,0.0,1.0,0.0,0.0,0.0,-0.5625,0.0285711999999999,,,
-0.3152,0.2217,0.1368,0.4167,0.528,-0.5713,0.4958,1.0,1.0,-0.135,-0.11786,-0.1882,0.0,1.504,-0.434,0.2598,0.02176,0.2717,-0.213,0.1725999999999999,0.1682,-0.662,0.3943,0.9336,0.4106,0.4346,0.0,0.0,0.4224,0.0,0.4155,-0.06207,0.1853,0.1345,2.0,0.5,1.0,-0.0814,-0.0732,-0.04425,1.0,0.0,0.0,0.0,0.0,0.0863,0.0013024,,,
-0.3098,-0.2339,0.03235,0.4167,-1.473,-0.5713,0.4958,0.0,1.0,-0.0386,-0.0193,-0.21,0.0,1.504,-0.2405,0.2286,0.0433,-0.1702,-0.2128,-0.8842,0.1322,0.1724,-0.662,0.3943,0.4128,0.434,0.0,0.0,0.4177,0.0,0.3682,0.04135,0.09076,-1.195,1.0,0.5,1.0,0.3206,-0.4268,-0.4426,0.0,1.0,0.0,0.0,0.0,-0.762,-0.2457947999999998,,,
-0.2443,-0.3545,0.0003629,0.4092,0.979,-0.5713,0.4958,0.0,1.0,-0.002838,0.00677,-0.2162,0.0,1.505,0.2146,0.1637,0.05618,-0.3088,-0.212,-0.2577,0.0779,-0.884,0.1724,-0.662,0.412,0.4336,0.0,0.0,0.4119,0.0,0.3547,-0.1329,0.2092,-0.274,0.0,0.5,0.5,0.3645,-0.5522,-0.5386,0.0,2.0,0.0,0.0,0.0,-0.1796,0.3413640000000001,,,
-0.284,-0.1688,0.0327,0.3909,-0.5933,-0.5713,0.4958,0.0,1.0,-0.0369,-0.02179,-0.2084,0.0,1.505,-0.12354,0.07056,0.06476,-0.1252,-0.2134,0.3285,0.004547,-0.2578,-0.884,0.1724,0.4119,0.434,0.0,0.0,0.4072,0.0,0.3716,-0.3792,0.3926,0.2717,0.0,1.0,0.5,0.2147,-0.363,-0.326,1.0,0.0,0.0,0.0,0.0,0.1797,0.0752768,,,
-0.1698,-0.6187,-0.08746,0.3577,5.63,-0.5713,0.4958,0.0,1.0,0.08984,0.0901,-0.2336,0.0,1.506,0.39,-0.04315,0.067,-0.598,-0.2153,-1.0569,-0.006817,0.3281,-0.2578,-0.884,0.3997,0.4321,0.0,0.0,0.4011,0.0,0.3167,-0.6646,0.572,-1.355,0.0,0.5,0.0,0.6553,-0.7896,-0.9023,0.0,1.0,0.0,0.0,0.0,-0.887,-0.064704,,,
-0.1781,-0.569,-0.0875,0.3364,0.0343,-0.5713,0.4958,0.0,1.0,0.0893,0.0908,-0.233,0.0,1.506,0.00173,-0.1672,0.06323,-0.536,-0.2178,0.02812,-0.04767,-1.056,0.3281,-0.2578,0.385,0.429,0.0,0.0,0.395,0.0,0.3179,-0.4583,0.4253,0.03763,0.0,0.5,0.5,0.5664,-0.74,-0.848,1.0,0.0,0.0,0.0,0.0,0.02547,0.4150908,,,
-0.273,-0.1836,-0.00268,0.3328,-0.7114,-0.5713,0.4958,0.0,1.0,-0.002205,0.01217,-0.2139,0.0,1.506,-0.1497,-0.27,0.04355,-0.1342,-0.2185,0.8258,-0.0595,0.028,-1.056,0.3281,0.3796,0.4258,0.0,0.0,0.3928,0.0,0.3596,-0.04276,0.1471,0.9263,1.0,0.5,1.0,0.2015,-0.3186,-0.2825,2.0,0.0,0.0,0.0,0.0,0.6265,0.0561592,,,
-0.2922,-0.09924,0.01918,0.3384,-0.7476,-0.5713,0.4958,0.0,1.0,-0.02469,-0.007866,-0.2084,0.0,1.507,-0.549,-0.3188,0.00951,-0.063,-0.2164,0.2319999999999999,-0.0678,0.825,0.028,-1.056,0.3745,0.4233,0.0,0.0,0.394,0.0,0.3713,0.1716,-0.000701,0.3308,2.0,0.5,1.5,0.0852,-0.2174,-0.1418,3.0,0.0,0.0,0.0,0.0,0.218,0.0481024,,,
-0.3135,0.0955,0.0663,0.3445,-11.46,-0.4285,0.4958,1.0,1.0,-0.0707,-0.0518,-0.1974,0.0,1.507,-0.1059,-0.3535,-0.0437,0.1345,-0.2152,0.4604999999999999,-0.065,0.2318,0.825,0.028,0.3777,0.4204,0.0,0.0,0.3955,0.0,0.3955,0.1832,0.001564,0.5967,2.0,0.5,1.5,-0.0875,-0.009735,0.1553,4.0,0.0,0.0,0.0,0.0,0.3906,0.304508,,,
-0.314,0.2433,0.10406,0.3528,1.026,-0.2856,0.4958,1.0,1.0,-0.1054,-0.08746,-0.1882,0.0,1.508,-0.01959,-0.3708,-0.11816,0.2546,-0.2122,0.3739,-0.0638,0.4602,0.2318,0.825,0.3848,0.4182,0.0,0.0,0.3955,0.0,0.415,0.2356,-0.02711,0.629,3.0,1.0,1.5,-0.2126,0.1359,0.4165,5.0,0.0,0.0,0.0,0.0,0.4058,-0.422528,,,
-0.2328,-0.2319,-0.00816,0.3447,-1.431,-0.2856,0.4958,0.0,1.0,0.006317,0.014305,-0.2119,0.0,1.508,-0.2722,-0.3743,-0.2052,-0.2274,-0.2119,-0.9633,-0.0815,0.3735,0.4602,0.2318,0.384,0.4148,0.0,0.0,0.3933,0.0,0.3635,-0.1407,0.2189,-1.137,2.0,0.5,1.0,0.2068,-0.2935,-0.2388,0.0,1.0,0.0,0.0,0.0,-0.725,0.706696,,,
-0.2817,0.2773,0.102,0.336,-3.48,-0.2856,0.4958,1.0,1.0,-0.10095,-0.08826,-0.187,0.0,1.509,0.1273,-0.3765,-0.3003,0.2834,-0.2123,1.0481,-0.05978,-0.963,0.3735,0.4602,0.3958,0.4128,0.0,0.0,0.3953,0.0,0.4177,-0.1097,0.2206,1.14,2.0,1.0,1.0,-0.1863,0.179,0.455,1.0,0.0,0.0,0.0,0.0,0.7495,-0.1297179999999999,,,
-0.3467,0.2815,0.0945,0.3213,0.1458,-0.2856,0.4958,1.0,1.0,-0.0993,-0.0758,-0.1876,0.0,1.509,-0.6504,-0.378,-0.3809,0.2727,-0.2124,-0.02625,-0.04962,1.047,-0.963,0.3735,0.4075,0.411,0.0,0.0,0.398,0.0,0.4163,-0.2383,0.3118,-0.0396,1.0,1.0,0.5,-0.1815,0.1042,0.3833,0.0,1.0,0.0,0.0,0.0,-0.02522,0.14279056,,,
-0.3298,0.2009,0.0726,0.3147,-0.104,-0.2856,0.4958,1.0,1.0,-0.0778,-0.0564,-0.1915,0.0,1.51,-0.03116,-0.3787,-0.417,0.1963,-0.2125,-0.1581,-0.0696,-0.02634,1.047,-0.963,0.413,0.4087,0.0,0.0,0.4011,0.0,0.4077,-0.0816,0.1962,-0.3162,0.0,0.5,0.5,-0.09644,0.01349,0.2356,0.0,2.0,0.0,0.0,0.0,-0.2014,-0.2317384,,,
-0.3154,0.1935,0.0655,0.3054,0.10516,-0.2856,0.4958,1.0,1.0,-0.0701,-0.05087,-0.1921,0.0,1.51,-0.2634,-0.3755,-0.4373,0.1719,-0.2119,-0.0264,-0.0755,-0.1582,-0.02634,1.047,0.4172,0.4072,0.0,0.0,0.4036,0.0,0.4062,-0.1473,0.2424,-0.0345,-1.0,0.5,0.0,-0.11383,-0.06067,0.1825,0.0,3.0,0.0,0.0,0.0,-0.0221,0.047694,,,
-0.3706,0.1732,0.06274,0.3093,0.0547,-0.1428,0.4958,1.0,1.0,-0.072,-0.0437,-0.1919,0.0,1.511,-0.5303,-0.368,-0.443,0.1571,-0.2109,0.0133599999999999,-0.07764,-0.02649,-0.1582,-0.02634,0.4187,0.4055,0.0,0.0,0.4055,0.0,0.407,0.19,0.002104,0.01721,0.0,0.5,0.5,-0.1183,-0.082,0.1615,1.0,0.0,0.0,0.0,0.0,0.01103,0.1926784,,,
-0.437,0.11914,0.0542,0.3164,-0.0936,0.0,0.4958,1.0,1.0,-0.06934,-0.02998,-0.1929,0.0,1.511,-0.6797,-0.3577,-0.44,0.12024,-0.2101,-0.0396599999999999,-0.0772,0.01325,-0.02649,-0.1582,0.4175,0.4053,0.0,0.0,0.4067,0.0,0.4048,0.2854,-0.06696,-0.04556,-1.0,0.0,0.5,-0.1045,-0.1266,0.1097,0.0,1.0,0.0,0.0,0.0,-0.02919,0.7668140000000001,,,
-0.3833,0.6006,0.1721,0.334,2.7,0.1428,0.4958,1.0,1.0,-0.1716,-0.1444,-0.1659,0.0,1.512,0.9785,-0.303,-0.41,0.556,-0.2051,1.1021,-0.02878,-0.03973,0.01325,-0.02649,0.4292,0.4087,0.0,0.0,0.4087,0.0,0.4631,0.5103,-0.2015,3.225,0.0,0.0,0.5,-0.514,0.3079,0.7935,1.0,0.0,0.0,0.0,0.0,2.068,0.13069128,,,
-0.4136,0.6196,0.1965,0.3706,0.1632,0.2856,0.4958,1.0,1.0,-0.1953,-0.1637,-0.1594,0.0,1.512,-0.01507,-0.2064,-0.3472,0.563,-0.1992,0.2567,0.01944,1.102,-0.03973,0.01325,0.4363,0.4119,0.0,0.0,0.4102,0.0,0.477,1.11,-0.624,0.626,1.0,0.0,1.0,-0.5527,0.3706,0.8623,2.0,0.0,0.0,0.0,0.0,0.3882,-0.3186128000000001,,,
-0.43,0.3784,0.1592,0.4028,-0.2341,0.4285,0.4958,1.0,1.0,-0.1641,-0.1288,-0.1666,0.0,1.512,-0.44,-0.10925,-0.2722,0.3254,-0.1946,-0.2799,0.06067,0.2566,1.102,-0.03973,0.4417,0.4133,0.0,0.0,0.4124,0.0,0.4617,0.9346,-0.5054,-0.4153,1.0,-0.5,0.5,-0.4155,0.1747,0.603,0.0,1.0,0.0,0.0,0.0,-0.2554,-0.0259930399999999,,,
-0.4688,0.5776,0.2205,0.4324,0.5957,0.5713,0.4958,1.0,1.0,-0.2202,-0.1804,-0.152,0.0,1.513,-0.454,-0.0239,-0.1978,0.538,-0.1909,0.5777,0.136,-0.2798,0.2566,1.102,0.452,0.4155,0.0,0.0,0.4158,0.0,0.4932,0.8965,-0.4639,0.8,1.0,0.0,0.5,-0.5806,0.3835,0.7954,1.0,0.0,0.0,0.0,0.0,0.4963,-0.2626056,,,
-0.4478,0.3406,0.1775,0.4536,-0.251,0.7144,0.4958,1.0,1.0,-0.1815,-0.1438,-0.1604,0.0,1.513,-0.478,0.05807,-0.127,0.314,-0.188,-0.3279,0.1687,0.5776,-0.2798,0.2566,0.46,0.4185,0.0,0.0,0.4202,0.0,0.4749,0.657,-0.3013,-0.4058,1.0,-0.5,0.0,-0.4045,0.1864,0.5376,0.0,1.0,0.0,0.0,0.0,-0.2473,-0.261928,,,
-0.4429,0.1749,0.145,0.4648,-0.2864,0.7144,0.4958,1.0,1.0,-0.1526,-0.11487,-0.1666,0.0,1.514,-0.2786,0.1282,-0.06128,0.1478,-0.1857,-0.242,0.1698,-0.328,0.5776,-0.2798,0.4663,0.4214,0.0,0.0,0.4248,0.0,0.4614,0.4055,-0.1276,-0.539,0.0,-0.5,-0.5,-0.2783,0.0405,0.364,0.0,2.0,0.0,0.0,0.0,-0.332,0.0096556,,,
-0.4788,0.2266,0.1608,0.4727,0.3489,0.7144,0.4958,1.0,1.0,-0.1693,-0.1262,-0.162,0.0,1.514,-0.4282,0.1913,-0.005753,0.2052,-0.1841,0.1798999999999999,0.1832,-0.2421,-0.328,0.5776,0.474,0.4255,0.0,0.0,0.429,0.0,0.4712,0.3467,-0.0813,0.2473,0.0,0.0,-0.5,-0.3608,0.04562,0.3992,1.0,0.0,0.0,0.0,0.0,0.1536,0.4276520000000001,,,
-0.512,0.4958,0.2402,0.5054,1.068,0.857,0.4958,1.0,1.0,-0.2405,-0.1941,-0.1433,0.0,1.515,-0.1489,0.253,0.04797,0.4993,-0.1807,0.7408,0.1666,0.1797,-0.2421,-0.328,0.48,0.4302,0.0,0.0,0.437,0.0,0.512,1.105,-0.605,1.317,1.0,0.5,0.0,-0.625,0.2976,0.6973,2.0,0.0,0.0,0.0,0.0,0.813,-0.0255731999999999,,,
-0.415,-0.2349,0.0687,0.5015,-1.22,0.7144,0.4958,0.0,1.0,-0.08105,-0.04572,-0.1802,0.0,1.515,0.4275,0.29,0.0853,-0.2401,-0.1793,-1.4229,0.0674,0.74,0.1797,-0.2421,0.4746,0.4321,0.0,0.0,0.442,0.0,0.4314,0.013916,0.1389,-2.877,0.0,0.0,-0.5,0.06824,-0.2798,-0.0954,0.0,1.0,0.0,0.0,0.0,-1.735,-0.3192902399999999,,,
-0.3816,-0.3745,0.03336,0.4958,1.1045,0.5713,0.4958,0.0,1.0,-0.04532,-0.01434,-0.1873,0.0,1.516,-0.435,0.2974,0.10596,-0.382,-0.1791,-0.2873,0.02086,-1.422,0.74,0.1797,0.4695,0.4333,0.0,0.0,0.4443,0.0,0.4158,-0.0896,0.2059,-0.364,0.0,0.0,-0.5,0.1855,-0.388,-0.305,0.0,2.0,0.0,0.0,0.0,-0.2297,-0.1818999999999999,,,
-0.4368,-0.433,0.01703,0.4912,0.3472,0.4285,0.4958,0.0,1.0,-0.03424,0.006195,-0.1902,0.0,1.516,-0.7812,0.2812,0.12354,-0.463,-0.1777,-0.1185,-0.012764,-0.287,-1.422,0.74,0.4597,0.433,0.0,0.0,0.446,0.0,0.4094,-0.07465,0.1925,-0.1202,0.0,-0.5,-0.5,0.2224,-0.4158,-0.417,0.0,3.0,0.0,0.0,0.0,-0.07654,-0.3134455999999999,,,
-0.4275,-0.5947,-0.0255,0.4814,0.624,0.2856,0.4958,0.0,1.0,0.007565,0.0478,-0.199,0.0,1.517,-0.3052,0.2295,0.1282,-0.6104,-0.179,-0.3571,-0.009796,-0.1185,-0.287,-1.422,0.4497,0.4316,0.0,0.0,0.4458,0.0,0.3904,-0.1931,0.2686,-0.6475,-1.0,-1.0,-0.5,0.3674,-0.529,-0.643,0.0,4.0,0.0,0.0,0.0,-0.414,0.1100959999999999,,,
-0.4417,-0.479,-0.00241,0.4749,-0.10736,0.1428,0.4958,0.0,1.0,-0.01598,0.02585,-0.1931,0.0,1.517,-0.596,0.1504,0.1316,-0.501,-0.1787,0.2408999999999999,-0.004417,-0.357,-0.1185,-0.287,0.443,0.4316,0.0,0.0,0.4453,0.0,0.403,-0.1126,0.2168,0.2374,-1.0,-0.5,-0.5,0.2488,-0.3828,-0.48,1.0,0.0,0.0,0.0,0.0,0.1536,-0.5032587999999999,,,
-0.376,-0.821,-0.08966,0.4583,1.051,0.0,0.4958,0.0,1.0,0.07556,0.10944,-0.2119,0.0,1.518,-0.2722,0.02925,0.12445,-0.8506,-0.1794,-0.7699,-0.004417,0.2407,-0.357,-0.1185,0.4302,0.4302,0.0,0.0,0.4453,0.0,0.362,-0.3342,0.357,-0.896,-1.0,-1.0,-0.5,0.5337,-0.7134,-0.9688,0.0,1.0,0.0,0.0,0.0,-0.5747,0.2209927999999999,,,
-0.509,-0.7886,-0.09955,0.4246,0.08734,-0.1428,0.4958,0.0,1.0,0.07495,0.1307,-0.2135,0.0,1.518,-0.5786,-0.0967,0.1,-0.825,-0.1825,-0.06795,0.04456,-0.7695,0.2407,-0.357,0.4124,0.43,0.0,0.0,0.4429,0.0,0.3584,-0.7935,0.683,-0.1079,-1.0,-1.0,-1.0,0.5054,-0.703,-0.909,0.0,2.0,0.0,0.0,0.0,-0.071,-0.1051099999999999,,,
-0.5527,-0.5312,-0.05685,0.393,-0.2554,-0.2856,0.4958,0.0,1.0,0.02844,0.09,-0.2035,0.0,1.518,-0.3167,-0.1908,0.06046,-0.5483,-0.1869,0.4226999999999999,0.0645,-0.068,-0.7695,0.2407,0.4062,0.4307,0.0,0.0,0.4414,0.0,0.3801,-0.726,0.6445,0.59,0.0,-0.5,-1.0,0.2937,-0.468,-0.633,1.0,0.0,0.0,0.0,0.0,0.3887,-0.0395957199999999,,,
-0.567,-0.2007,0.00862,0.3748,-0.652,-0.4285,0.4958,0.0,1.0,-0.03662,0.02524,-0.1882,0.0,1.519,-0.6,-0.2408,0.01018,-0.2156,-0.1887,0.6324,0.0621,0.4224,-0.068,-0.7695,0.406,0.432,0.0,0.0,0.442,0.0,0.4133,-0.39,0.4192,0.927,1.0,-0.5,-0.5,0.0177,-0.1769,-0.2832,2.0,0.0,1.0,0.0,4.348,0.6025,0.1897516,,,
-0.593,0.04706,0.0532,0.3533,-2.084,-0.4285,0.4958,1.0,1.0,-0.0809,-0.01614,-0.1776,0.0,1.519,-0.576,-0.2457,-0.04834,0.02551,-0.1903,0.4356,0.0569,0.6323,0.4224,-0.068,0.4094,0.4353,0.0,0.0,0.443,0.0,0.4365,-0.4514,0.4734,0.568,1.0,-0.5,-0.5,-0.1482,0.005165,-0.05014,3.0,0.0,0.0,0.0,0.0,0.362,-0.3352523999999999,,,
-0.5854,-0.1433,-0.002151,0.33,-1.452,-0.5713,0.4958,0.0,1.0,-0.02774,0.03745,-0.1892,0.0,1.52,-0.682,-0.2163,-0.1128,-0.1715,-0.192,-0.4687,0.05463,0.4353,0.6323,0.4224,0.4119,0.438,0.0,0.0,0.4434,0.0,0.4111,-0.4885,0.4888,-0.6206,1.0,-0.5,-0.5,0.0681,-0.1965,-0.3284,0.0,1.0,0.0,0.0,0.0,-0.3906,0.0629984,,,
-0.559,-0.01548,0.01807,0.3142,-2.068,-0.5713,0.4958,1.0,1.0,-0.045,0.0153,-0.1841,0.0,1.52,0.2378,-0.1628,-0.1827,-0.02135,-0.1945,0.2115,0.04828,-0.4685,0.4353,0.6323,0.414,0.44,0.0,0.0,0.444,0.0,0.4224,-0.335,0.3843,0.4895,2.0,0.0,0.0,-0.0168,-0.10565,-0.2173,1.0,0.0,0.0,0.0,0.0,0.3125,-0.2712760000000001,,,
-0.561,-0.158,-0.02599,0.2913,-2.18,-0.7144,0.4958,0.0,1.0,-0.002659,0.05933,-0.1935,0.0,1.5205,-0.579,-0.1056,-0.2263,-0.1711,-0.1962,-0.3805,0.0466,0.2113,-0.4685,0.4353,0.419,0.4407,0.0,0.0,0.4417,0.0,0.4019,-0.5137,0.5024,-0.3738,1.0,0.0,-0.5,0.1237,-0.2925,-0.4094,0.0,1.0,0.0,0.0,0.0,-0.2372,0.042784,,,
-0.6255,-0.0623,-0.02216,0.2578,-1.2,-0.7144,0.4958,1.0,1.0,-0.01155,0.06076,-0.1921,0.0,1.5205,-0.844,-0.0433,-0.225,-0.07935,-0.1996,0.05323,0.02924,-0.3804,0.2113,-0.4685,0.4243,0.4412,0.0,0.0,0.4387,0.0,0.4045,-0.8257,0.7266,0.0922,1.0,0.5,-0.5,0.02084,-0.34,-0.3457,1.0,0.0,0.0,0.0,0.0,0.0592,-0.2315079999999999,,,
-0.7104,-0.1356,-0.04553,0.2445,-3.988,-0.7144,0.4958,0.0,1.0,0.0046,0.09143,-0.197,0.0,1.521,-0.4082,0.007584,-0.1959,-0.1329,-0.2017,-0.1989,0.02469,0.0531,-0.3804,0.2113,0.426,0.4404,0.0,0.0,0.436,0.0,0.3938,-0.4175,0.4307,-0.228,0.0,0.0,-0.5,0.0902,-0.4229,-0.43,0.0,1.0,0.0,0.0,0.0,-0.1461,0.0046936,,,
-0.7227,-0.1641,-0.05722,0.2344,0.6924,-0.7144,0.4958,0.0,1.0,0.015236,0.10443,-0.1993,0.0,1.521,-0.5405,0.03653,-0.1615,-0.1688,-0.2021,-0.0933,-0.018,-0.1989,0.0531,-0.3804,0.423,0.4414,0.0,0.0,0.4316,0.0,0.389,-0.3345,0.3691,-0.1101,0.0,0.0,-0.5,0.11365,-0.4497,-0.4514,0.0,2.0,0.0,0.0,0.0,-0.071,-1.0066024000000002,,,
-0.507,-0.923,-0.2413,0.2028,9.93,-0.7144,0.4878,0.0,0.0,0.2261,0.2864,-0.2405,0.0,1.522,1.329,0.0646,-0.1115,-0.9067,-0.2064,-1.6989,0.0662,-0.0934,-0.1989,0.0531,0.4072,0.438,0.0,0.0,0.4243,0.0,0.299,-0.8384,0.6895,-4.344,-1.0,0.0,-0.5,0.891,-1.117,-1.269,0.0,3.0,0.0,0.0,0.0,-2.81,-0.3077179999999999,,,
-0.421,-1.007,-0.275,0.1722,0.2401,-0.7144,0.4797,0.0,0.0,0.2708,0.318,-0.2479,0.0,1.522,0.6914,0.133,-0.0342,-0.9106,-0.214,-0.3251,0.1586,-1.699,-0.0934,-0.1989,0.392,0.4343,0.0,0.0,0.417,0.0,0.2827,-0.8257,0.673,-1.06,-1.0,-0.5,-0.5,0.9526,-1.17,-1.194,0.0,4.0,0.0,0.0,0.0,-0.724,0.5436592000000002,,,
-0.4082,-0.6675,-0.2135,0.146,-0.2585,-0.7144,0.4714,0.0,0.0,0.2034,0.2465,-0.234,0.0,1.523,-0.1199,0.1818,0.03824,-0.568,-0.2172,0.6141,0.1665,-0.325,-1.699,-0.0934,0.3794,0.432,0.0,0.0,0.4106,0.0,0.313,-0.6724,0.577,1.151,-1.0,-0.5,-0.5,0.599,-0.8193,-0.8306,1.0,0.0,0.0,0.0,0.0,0.7944,-0.28793264,,,
-0.4248,-0.6733,-0.2229,0.13,0.1444,-0.7144,0.4634,0.0,0.0,0.2123,0.2585,-0.2358,0.0,1.523,-0.417,0.2053,0.0952,-0.567,-0.2192,-0.08395,0.08875,0.614,-0.325,-1.699,0.3687,0.4292,0.0,0.0,0.402,0.0,0.3088,-0.4756,0.4348,-0.1544,-1.0,-1.0,-0.5,0.58,-0.796,-0.853,0.0,1.0,0.0,0.0,0.0,-0.10455,-0.2090383999999999,,,
-0.421,-0.7715,-0.2534,0.1119,0.3105,-0.7144,0.4553,0.0,0.0,0.2463,0.293,-0.2427,0.0,1.523,-0.6587,0.2219,0.1393,-0.6685,-0.2211,-0.2949,0.123,-0.08405,0.614,-0.325,0.3557,0.426,0.0,0.0,0.3965,0.0,0.294,-0.541,0.475,-0.3838,-1.0,-1.0,-0.5,0.6445,-0.8755,-0.8955,0.0,2.0,0.0,0.0,0.0,-0.2605,-0.0098483999999999,,,
-0.4204,-0.822,-0.278,0.08453,0.2114,-0.7144,0.4473,0.0,0.0,0.2742,0.3215,-0.2482,0.0,1.524,-0.367,0.2484,0.1758,-0.7324,-0.2235,-0.2409,0.1692,-0.295,-0.08405,0.614,0.3425,0.4226,0.0,0.0,0.3909,0.0,0.2817,-0.802,0.656,-0.3628,-1.0,-1.5,-1.0,0.6655,-0.94,-0.897,0.0,3.0,0.0,0.0,0.0,-0.2485,0.045421144,,,
-0.434,-0.8125,-0.2952,0.04593,0.1198,-0.7144,0.439,0.0,0.0,0.2927,0.343,-0.2522,0.0,1.524,-0.507,0.2703,0.2019,-0.7554,-0.2264,-0.1713,0.2147,-0.241,-0.295,-0.08405,0.329,0.4175,0.0,0.0,0.3855,0.0,0.2734,-1.195,0.933,-0.1481,-1.0,-1.5,-1.5,0.6597,-0.9634,-0.8677,0.0,4.0,0.0,0.0,0.0,-0.1022,-0.1016323999999999,,,
-0.44,-0.776,-0.3108,-0.001412,0.08,-0.857,0.431,0.0,0.0,0.3103,0.362,-0.2556,0.0,1.525,-0.666,0.314,0.2404,-0.6987,-0.2329,-0.1579,0.2659,-0.1714,-0.241,-0.295,0.3252,0.4116,0.0,0.0,0.3801,0.0,0.2654,-1.473,1.162,-0.471,-2.0,-1.5,-2.0,0.6445,-0.983,-0.835,0.0,5.0,0.0,0.0,0.0,-0.327,0.0442679999999999,,,
-0.422,-0.7886,-0.3352,-0.04465,0.1527,-0.857,0.4229,0.0,0.0,0.34,0.39,-0.2612,0.0,1.525,-0.3694,0.3645,0.279,-0.7046,-0.2384,-0.2453,0.31,-0.158,-0.1714,-0.241,0.3218,0.4058,0.0,0.0,0.374,0.0,0.2534,-1.473,1.128,-0.6504,-2.0,-1.5,-2.0,0.6846,-1.021,-0.835,0.0,5.0,0.0,0.0,0.0,-0.4539,0.3903508,,,
-0.5103,-0.4294,-0.2786,-0.08344,-0.4094,-1.0,0.4146,0.0,0.0,0.2676,0.3296,-0.2485,0.0,1.526,-0.4924,0.4172,0.3147,-0.345,-0.243,0.5675,0.334,-0.2452,-0.158,-0.1714,0.318,0.4,0.0,0.0,0.3708,0.0,0.2808,-1.261,0.983,0.9355,-1.0,-1.5,-2.0,0.391,-0.695,-0.5786,1.0,0.0,0.0,0.0,0.0,0.6577,0.0471555999999999,,,
-0.507,-0.2646,-0.2595,-0.11395,-0.3718,-1.0,0.4065,0.0,0.0,0.2463,0.3071,-0.2443,0.0,1.526,-0.4075,0.4443,0.3442,-0.2108,-0.2452,0.1858999999999999,0.3481,0.567,-0.2452,-0.158,0.316,0.3948,0.0,0.0,0.368,0.0,0.29,-1.056,0.841,0.2482,0.0,-1.0,-1.5,0.2825,-0.566,-0.4783,2.0,0.0,0.0,0.0,0.0,0.1715,0.0320964,,,
-0.4875,-0.1927,-0.2607,-0.1456,-0.2861,-1.143,0.3984,0.0,0.0,0.2493,0.307,-0.2446,0.0,1.527,-0.6035,0.4692,0.3787,-0.1444,-0.2488,-0.01411,0.3513,0.1857,0.567,-0.2452,0.3154,0.39,0.0,0.0,0.3643,0.0,0.289,-1.095,0.868,-0.016,0.0,-1.0,-2.0,0.25,-0.552,-0.4492,0.0,1.0,0.0,0.0,0.0,-0.010994,0.0295552,,,
-0.512,-0.23,-0.2852,-0.1777,0.4907,-1.143,0.3901,0.0,0.0,0.275,0.3374,-0.2502,0.0,1.527,-0.7607,0.4744,0.4045,-0.2114,-0.251,-0.2416,0.3289,-0.014206,0.1857,0.567,0.315,0.3845,0.0,0.0,0.3586,0.0,0.277,-1.102,0.8677,-0.2013,0.0,-1.5,-2.0,0.33,-0.6196,-0.4973,0.0,2.0,0.0,0.0,0.0,-0.1383,-0.250858,,,
-0.523,-0.2368,-0.3037,-0.2109,0.1821,-1.143,0.382,0.0,0.0,0.2954,0.3604,-0.2544,0.0,1.528,-0.7036,0.4465,0.4224,-0.2456,-0.2537,-0.1861,0.268,-0.2416,-0.014206,0.1857,0.3145,0.378,0.0,0.0,0.3518,0.0,0.2678,-1.121,0.878,-0.2135,0.0,-1.5,-2.0,0.2917,-0.7534,-0.5312,0.0,3.0,0.0,0.0,0.0,-0.1478,0.3629256,,,
-0.6523,0.01138,-0.2532,-0.2128,-1.572,-1.0,0.374,1.0,0.0,0.2277,0.312,-0.243,0.0,1.528,-0.07025,0.4106,0.429,0.03754,-0.2556,0.5045,0.2117,-0.1862,-0.2416,-0.014206,0.3176,0.374,0.0,0.0,0.347,0.0,0.2925,-0.1594,0.2024,0.6987,0.0,-1.0,-1.5,0.06116,-0.489,-0.295,1.0,0.0,0.0,0.0,0.0,0.4866,-0.7406359999999999,,,
-0.658,-0.4307,-0.3496,-0.2222,-4.965,-1.0,0.366,0.0,0.0,0.3384,0.427,-0.2646,0.0,1.528,-0.3098,0.3984,0.4275,-0.3882,-0.2573,-0.9499,0.1483,0.504,-0.1862,-0.2416,0.3167,0.3694,0.0,0.0,0.3396,0.0,0.2451,-0.4568,0.3938,-2.957,-1.0,-1.0,-1.5,0.4568,-0.8706,-0.6743,0.0,1.0,0.0,0.0,0.0,-2.027,-0.5447775999999999,,,
-0.66,-0.6387,-0.4053,-0.247,0.7695,-1.0,0.3577,0.0,0.0,0.4053,0.4966,-0.2773,0.0,1.529,-0.517,0.386,0.42,-0.5957,-0.2605,-0.5702,0.122,-0.9497,0.504,-0.1862,0.3093,0.364,0.0,0.0,0.332,0.0,0.2175,-1.04,0.798,-1.073,-1.0,-1.0,-2.0,0.6704,-1.042,-0.8755,0.0,2.0,0.0,0.0,0.0,-0.758,0.3487952000000001,,,
-0.677,-0.3997,-0.3655,-0.2656,-0.325,-1.0,0.3496,0.0,0.0,0.3557,0.448,-0.2686,0.0,1.529,-0.7847,0.359,0.4097,-0.3596,-0.2627,0.4019999999999999,0.03976,-0.57,-0.9497,0.504,0.3032,0.3599,0.0,0.0,0.325,0.0,0.2366,-0.7617,0.608,0.4797,0.0,-0.5,-1.5,0.4414,-0.789,-0.6724,1.0,0.0,0.0,0.0,0.0,0.345,0.6360199999999997,,,
-0.6167,-0.01285,-0.2886,-0.2703,-1.165,-0.857,0.3416,1.0,0.0,0.2703,0.35,-0.2515,0.0,1.53,-0.1467,0.3,0.384,0.01092,-0.2627,0.7794,-0.0784,0.4016,-0.57,-0.9497,0.3013,0.3562,0.0,0.0,0.32,0.0,0.274,-0.257,0.264,2.115,1.0,0.0,-1.0,0.10846,-0.3818,-0.2096,2.0,0.0,1.0,0.0,2.814,1.503,-0.215364,,,
-0.629,0.005295,-0.2852,-0.2708,0.4165,-0.7144,0.3333,1.0,0.0,0.2656,0.3472,-0.2507,0.0,1.53,-0.508,0.216,0.3364,0.03336,-0.2632,0.0288,-0.2389,0.779,0.4016,-0.57,0.3013,0.3538,0.0,0.0,0.3154,0.0,0.2751,-0.1448,0.1844,0.03064,1.0,0.0,-0.5,0.0778,-0.3645,-0.1134,3.0,0.0,0.0,0.0,0.0,0.02126,-0.0668739999999999,,,
-0.63,-0.0884,-0.305,-0.272,-1.022,-0.7144,0.3252,0.0,0.0,0.2883,0.3708,-0.2554,0.0,1.531,-0.7207,0.10675,0.2837,-0.05844,-0.2634,-0.2006,-0.2466,0.02869,0.779,0.4016,0.301,0.3513,0.0,0.0,0.314,0.0,0.2654,-0.157,0.1888,-0.1729,1.0,-0.5,-0.5,0.1514,-0.4365,-0.2827,0.0,1.0,0.0,0.0,0.0,-0.1198,0.07579332,,,
-0.5737,-0.3315,-0.3574,-0.277,18.77,-0.7144,0.3171,0.0,0.0,0.3545,0.4297,-0.2673,0.0,1.531,-0.1404,0.01677,0.2446,-0.311,-0.2637,-0.5336,-0.2297,-0.2007,0.02869,0.779,0.2947,0.3474,0.0,0.0,0.3123,0.0,0.2391,-0.3037,0.282,-0.7026,1.0,-0.5,-0.5,0.3687,-0.6323,-0.743,0.0,2.0,0.0,0.0,0.0,-0.49,-1.0729424,,,
-0.2087,-1.531,-0.6206,-0.313,5.258,-0.7144,0.3088,0.0,0.0,0.726,0.753,-0.3267,0.0,1.532,0.585,0.3032,0.3535,-0.902,-0.297,-2.4299,0.0332,-0.5337,-0.2007,0.02869,0.279,0.3389,0.0,0.0,0.304,0.0,0.10944,-0.9077,0.6562,-9.51,0.0,-0.5,-0.5,1.649,-1.725,-1.282,0.0,3.0,0.0,1.0,-7.91,-6.73,0.07586,,,
-0.1992,-1.372,-0.6084,-0.3555,0.01637,-0.7144,0.3008,0.0,0.0,0.71,0.735,-0.3242,0.0,1.532,-0.2438,0.524,0.448,-0.743,-0.3022,0.1122,0.1775,-2.428,-0.5337,-0.2007,0.2668,0.33,0.0,0.0,0.296,0.0,0.1142,-1.096,0.7925,0.518,0.0,0.0,-0.5,1.45,-1.522,-1.282,1.0,0.0,0.0,0.0,0.0,0.4011,-0.0357759999999999,,,
-0.2068,-1.275,-0.611,-0.4006,0.05338,-0.7144,0.2927,0.0,0.0,0.713,0.739,-0.3252,0.0,1.533,-0.4834,0.6885,0.522,-0.687,-0.3057,-0.0477799999999999,0.289,0.11206,-2.428,-0.5337,0.2524,0.3218,0.0,0.0,0.2886,0.0,0.112,-1.186,0.856,-0.1247,-1.0,-0.5,-1.0,1.348,-1.405,-1.144,0.0,1.0,0.0,0.0,0.0,-0.0962,-0.269264,,,
-0.1912,-1.306,-0.641,-0.45,0.1602,-0.7144,0.2847,0.0,0.0,0.757,0.7817,-0.3325,0.0,1.533,-0.698,0.821,0.5806,-0.7754,-0.309,-0.3515,0.3997,-0.04785,0.11206,-2.428,0.2318,0.3127,0.0,0.0,0.2808,0.0,0.09644,-1.2295,0.8804,-0.9707,-1.0,-0.5,-1.0,1.392,-1.435,-1.072,0.0,2.0,0.0,0.0,0.0,-0.75,0.3665,,,
-0.1967,-1.053,-0.6113,-0.4924,-0.0875,-0.7144,0.2764,0.0,0.0,0.7144,0.739,-0.3262,0.0,1.534,-0.663,0.9146,0.6206,-0.585,-0.3113,0.3072,0.4685,-0.3516,-0.04785,0.11206,0.2125,0.3044,0.0,0.0,0.2742,0.0,0.10974,-1.075,0.776,0.6904,0.0,0.0,-0.5,1.144,-1.162,-0.868,1.0,0.0,0.0,0.0,0.0,0.5396,-0.081404,,,
-0.2024,-1.012,-0.624,-0.534,0.08826,-0.7144,0.2683,0.0,0.0,0.732,0.758,-0.3296,0.0,1.534,-0.802,0.976,0.657,-0.6196,-0.313,-0.1599,0.5317,0.307,-0.3516,-0.04785,0.1936,0.2961,0.0,0.0,0.2673,0.0,0.10266,-1.068,0.768,-0.1968,0.0,-0.5,-0.5,1.098,-1.151,-0.8193,0.0,1.0,0.0,0.0,0.0,-0.1522,-0.6350975999999998,,,
-0.1812,-1.24,-0.6978,-0.5923,0.396,-0.857,0.2603,0.0,0.0,0.841,0.8667,-0.3464,0.0,1.534,-0.1671,1.018,0.696,-0.9346,-0.3167,-0.8363,0.6284,-0.16,0.307,-0.3516,0.1733,0.287,0.0,0.0,0.2598,0.0,0.0659,-1.391,0.982,-1.923,-1.0,-1.0,-1.0,1.362,-1.444,-0.92,0.0,2.0,0.0,1.0,-3.586,-1.495,0.0368811999999999,,,
-0.262,-1.051,-0.682,-0.6353,-0.04102,-0.857,0.252,0.0,0.0,0.8115,0.8496,-0.3435,0.0,1.535,-0.4407,1.044,0.7383,-0.765,-0.321,0.1488,0.678,-0.8364,-0.16,0.307,0.1691,0.2783,0.0,0.0,0.2512,0.0,0.0722,-1.202,0.85,0.2922,0.0,-1.0,-0.5,1.155,-1.276,-0.7964,1.0,0.0,0.0,0.0,0.0,0.2333,0.095524,,,
-0.2761,-0.8696,-0.6646,-0.6694,-0.06683,-0.857,0.2439,0.0,0.0,0.784,0.8237,-0.3398,0.0,1.535,-0.2808,1.046,0.7676,-0.6294,-0.3232,0.181,0.6924,0.1487,-0.8364,-0.16,0.165,0.2722,0.0,0.0,0.2424,0.0,0.0799,-1.028,0.73,0.2097,1.0,-0.5,0.0,0.9634,-1.1,-0.69,2.0,0.0,0.0,0.0,0.0,0.1667,0.08019088,,,
-0.3093,-0.6626,-0.644,-0.7075,-0.1471,-0.857,0.2357,0.0,0.0,0.752,0.796,-0.3357,0.0,1.536,-0.8384,1.019,0.7876,-0.49,-0.3252,0.2125999999999999,0.6797,0.1808,0.1487,-0.8364,0.1625,0.2668,0.0,0.0,0.2343,0.0,0.08905,-1.129,0.8057,0.2705,1.0,0.0,0.0,0.757,-0.9507,-0.5913,3.0,0.0,0.0,0.0,0.0,0.2137,0.0085123999999999,,,
-0.4275,-0.3596,-0.6094,-0.7515,-0.4238,-1.0,0.2277,0.0,0.0,0.693,0.755,-0.3281,0.0,1.536,-0.7827,0.9546,0.804,-0.2109,-0.3296,0.3736,0.6514,0.2125,0.1808,0.1487,0.1636,0.2612,0.0,0.0,0.2272,0.0,0.1052,-1.366,0.9824,0.5757,2.0,0.5,0.0,0.551,-0.697,-0.4636,4.0,0.0,0.0,0.0,0.0,0.4521,-0.01961256,,,
-0.458,-0.2507,-0.613,-0.798,-0.2842,-1.143,0.2195,0.0,0.0,0.6953,0.762,-0.329,0.0,1.537,-0.8223,0.829,0.8086,-0.1931,-0.3313,-0.0481,0.619,0.3735,0.2125,0.1808,0.1627,0.2554,0.0,0.0,0.2203,0.0,0.1031,-1.39,0.998,-0.06088,2.0,0.0,-0.5,0.515,-0.6763,-0.4382,0.0,1.0,0.0,0.0,0.0,-0.04724,-0.07180376,,,
-0.4766,-0.09534,-0.606,-0.84,-0.8467,-1.143,0.2114,0.0,0.0,0.6846,0.754,-0.328,0.0,1.537,-0.722,0.6147,0.798,-0.1306,-0.3325,0.06443,0.54,-0.04816,0.3735,0.2125,0.1632,0.2502,0.0,0.0,0.2126,0.0,0.10583,-1.324,0.952,0.1266,2.0,0.5,0.0,0.418,-0.6294,-0.3867,1.0,0.0,0.0,0.0,0.0,0.0984,-0.0252555999999999,,,
-0.5195,-0.04126,-0.6157,-0.8765,-3.99,-1.0,0.2032,1.0,0.0,0.6943,0.771,-0.33,0.0,1.538,-0.619,0.2355,0.7734,-0.1423,-0.3342,-0.11227,0.5024,0.0643,-0.04816,0.3735,0.1674,0.2452,0.0,0.0,0.2068,0.0,0.10077,-1.247,0.895,-0.2874,1.0,0.5,0.0,0.2854,-0.7905,-0.382,0.0,1.0,0.0,0.0,0.0,-0.223,0.20932264,,,
-0.765,0.214,-0.5654,-0.8706,6.945,-0.857,0.1951,1.0,0.0,0.6045,0.719,-0.319,0.0,1.538,-0.3115,0.183,0.7354,0.1353,-0.335,0.5475,0.4739,-0.1123,0.0643,-0.04816,0.1736,0.2412,0.0,0.0,0.203,0.0,0.12463,0.1359,-0.0813,2.504,1.0,0.5,0.5,0.04932,-0.4924,-0.2025,1.0,0.0,1.0,0.0,2.072,1.949,-0.0144115999999999,,,
-0.7964,0.1975,-0.5664,-0.866,0.07367,-0.7144,0.187,1.0,0.0,0.6035,0.723,-0.3196,0.0,1.539,-0.6094,0.1373,0.6816,0.1451,-0.3357,-0.01574,0.4202,0.5474,-0.1123,0.0643,0.1787,0.2373,0.0,0.0,0.1984,0.0,0.12384,0.06003,-0.02745,-0.03238,0.0,0.5,0.0,0.0401,-0.4856,-0.1741,0.0,1.0,0.0,0.0,0.0,-0.02477,-0.1067804,,,
-0.7896,0.04092,-0.5947,-0.865,-0.4668,-0.5713,0.1788,1.0,0.0,0.643,0.763,-0.326,0.0,1.539,-0.4424,0.0842,0.5977,-0.02037,-0.3352,-0.3169,0.2976,-0.01582,0.5474,-0.1123,0.1813,0.2333,0.0,0.0,0.1917,0.0,0.1097,-0.1136,0.0902,-0.5864,0.0,0.5,0.0,0.1533,-0.609,-0.2295,0.0,2.0,0.0,0.0,0.0,-0.449,-0.0900892,,,
-0.8125,-0.02896,-0.6055,-0.8613,-0.4775,-0.4285,0.1708,1.0,0.0,0.6567,0.781,-0.3286,0.0,1.54,-0.843,0.02701,0.4785,-0.0934,-0.3347,-0.1279,0.1317,-0.3167,-0.01582,0.5474,0.1812,0.2284,0.0,0.0,0.1846,0.0,0.104,0.02737,-0.01284,-0.1871,-1.0,0.0,0.0,0.1724,-0.6475,-0.2291,0.0,3.0,0.0,0.0,0.0,-0.1447,-0.205304,,,
-0.8027,0.1505,-0.5703,-0.857,3.795,-0.2856,0.1626,1.0,0.0,0.6084,0.7295,-0.3208,0.0,1.54,-0.369,-0.04138,0.3108,0.092,-0.3347,0.3856,-0.0816,-0.1279,-0.3167,-0.01582,0.1833,0.2238,0.0,0.0,0.1787,0.0,0.1209,0.0742,-0.03882,0.377,0.0,0.0,0.0,0.002943,-0.4429,0.0533,1.0,0.0,0.0,0.0,0.0,0.2927,-0.019532,,,
-0.8037,0.1278,-0.571,-0.85,0.02872,-0.1428,0.1544,1.0,0.0,0.6094,0.7305,-0.321,0.0,1.54,-0.8276,-0.1274,0.0554,0.07697,-0.3345,-0.01577,-0.3442,0.3855,-0.1279,-0.3167,0.185,0.2191,0.0,0.0,0.1738,0.0,0.1202,0.1746,-0.1108,-0.01762,-1.0,-0.5,0.0,-0.0407,-0.4832,0.384,0.0,1.0,0.0,0.0,0.0,-0.01352,-0.1331612,,,
-0.83,-0.02579,-0.5923,-0.837,-0.6514,0.0,0.1464,1.0,0.0,0.6367,0.763,-0.326,0.0,1.541,-0.523,-0.2152,-0.01061,-0.07367,-0.333,-0.2382,-0.3438,-0.01587,0.3855,-0.1279,0.1862,0.2145,0.0,0.0,0.1738,0.0,0.1095,0.6973,-0.4883,-0.3013,-1.0,-1.0,0.0,0.05026,-0.57,0.07654,0.0,2.0,0.0,0.0,0.0,-0.2313,0.2797520000000001,,,
-0.82,0.1982,-0.541,-0.819,4.445,0.1428,0.1382,1.0,0.0,0.5674,0.69,-0.3147,0.0,1.541,-0.1796,-0.279,-0.0716,0.1469,-0.3308,0.5601,-0.3245,-0.2382,-0.01587,0.3855,0.1873,0.2108,0.0,0.0,0.1748,0.0,0.1342,0.8774,-0.6064,0.7646,0.0,-0.5,0.0,-0.1686,-0.295,0.692,1.0,0.0,0.0,0.0,0.0,0.5913,-0.0999784,,,
-0.8457,0.1685,-0.5376,-0.802,0.0195,0.2856,0.1301,1.0,0.0,0.5605,0.687,-0.314,0.0,1.542,-0.635,-0.3296,-0.1305,0.12286,-0.3293,0.03156,-0.3047,0.5596,-0.2382,-0.01587,0.1887,0.2065,0.0,0.0,0.1758,0.0,0.1355,0.821,-0.565,0.04913,1.0,-0.5,0.0,-0.1846,-0.2966,0.64,2.0,0.0,0.0,0.0,0.0,0.03732,-0.3077908000000001,,,
-0.824,-0.03568,-0.571,-0.792,-0.7397,0.4285,0.12195,1.0,0.0,0.6074,0.732,-0.3213,0.0,1.542,-0.508,-0.3645,-0.1844,-0.07404,-0.3284,-0.3612,-0.3032,0.03143,0.5596,-0.2382,0.1898,0.203,0.0,0.0,0.1768,0.0,0.11926,0.3838,-0.2603,-0.546,0.0,-0.5,-0.5,-0.035,-0.4563,0.2064,0.0,1.0,0.0,0.0,0.0,-0.4146,0.22232,,,
-0.8247,0.08264,-0.544,-0.783,2.904,0.5713,0.11383,1.0,0.0,0.571,0.6943,-0.3157,0.0,1.543,-0.6333,-0.3516,-0.239,0.04883,-0.328,0.2862,-0.2908,-0.361,0.03143,0.5596,0.1931,0.2007,0.0,0.0,0.1777,0.0,0.132,0.34,-0.2236,0.2832,1.0,-0.5,-0.5,-0.1444,-0.3142,0.465,1.0,0.0,0.0,0.0,0.0,0.2175,0.02806,,,
-0.7817,0.10956,-0.533,-0.7725,0.3086,0.7144,0.1057,1.0,0.0,0.5596,0.676,-0.3132,0.0,1.543,-0.2605,-0.3274,-0.2957,0.08344,-0.327,0.1103,-0.2761,0.286,-0.361,0.03143,0.1951,0.198,0.0,0.0,0.1792,0.0,0.1368,0.4407,-0.2932,0.1484,2.0,0.0,0.0,-0.1824,-0.2688,0.509,2.0,0.0,0.0,0.0,0.0,0.113,0.039054,,,
-0.7812,0.06995,-0.5347,-0.761,-0.0885,0.857,0.09753,1.0,0.0,0.562,0.6777,-0.314,0.0,1.544,-0.7334,-0.3003,-0.3396,0.0456,-0.3262,-0.03127,-0.3057,0.11017,0.286,-0.361,0.1969,0.1942,0.0,0.0,0.1821,0.0,0.1354,0.38,-0.2505,-0.02428,1.0,0.0,-0.5,-0.1671,-0.2937,0.4521,0.0,1.0,0.0,0.0,0.0,-0.01842,0.3124943999999999,,,
-0.7383,-0.1738,-0.577,-0.7544,-1.589,0.7144,0.0894,0.0,0.0,0.623,0.734,-0.3237,0.0,1.544,-0.345,-0.2793,-0.3584,-0.2024,-0.3252,-0.4711,-0.3457,-0.03137,0.11017,0.286,0.1974,0.1897,0.0,0.0,0.184,0.0,0.11414,0.1031,-0.06223,-0.705,0.0,0.0,-0.5,0.02328,-0.503,-0.1298,0.0,2.0,0.0,1.0,-2.574,-0.5356,0.0790679999999999,,,
-0.8105,-0.10126,-0.563,-0.753,-0.7046,0.5713,0.0813,0.0,0.0,0.5977,0.7197,-0.3208,0.0,1.545,-0.6484,-0.2754,-0.3696,-0.1107,-0.3262,0.1437,-0.3801,-0.4712,-0.03137,0.11017,0.1959,0.1858,0.0,0.0,0.1857,0.0,0.1205,-0.1503,0.12134,0.153,1.0,0.0,-0.5,-0.04068,-0.4211,0.01219,1.0,0.0,0.0,0.0,0.0,0.11786,-0.2824820000000001,,,
-0.7817,-0.3008,-0.6025,-0.7563,10.836,0.4285,0.0732,0.0,0.0,0.655,0.774,-0.3298,0.0,1.545,-0.377,-0.2852,-0.3752,-0.314,-0.3267,-0.4445,-0.397,0.1434,-0.4712,-0.03137,0.1918,0.1819,0.0,0.0,0.1862,0.0,0.1007,-0.4077,0.2964,-0.562,0.0,0.0,-0.5,0.1384,-0.5977,-0.73,0.0,1.0,0.0,0.0,0.0,-0.4312,0.0554519999999999,,,
-0.7993,-0.2654,-0.595,-0.755,-0.0391,0.2856,0.06506,0.0,0.0,0.643,0.7646,-0.3286,0.0,1.546,-0.641,-0.3008,-0.3708,-0.2764,-0.3271,0.0645,-0.3965,-0.4443,0.1434,-0.4712,0.19,0.1818,0.0,0.0,0.1862,0.0,0.10345,-0.179,0.1344,0.0676,0.0,0.5,0.0,0.08655,-0.549,-0.623,1.0,0.0,0.0,0.0,0.0,0.0526,0.1589759999999999,,,
-0.8,-0.1716,-0.5747,-0.749,-0.411,0.1428,0.05692,0.0,0.0,0.6147,0.7354,-0.3242,0.0,1.546,-0.844,-0.3198,-0.3657,-0.1843,-0.3267,0.209,-0.403,0.06433,-0.4443,0.1434,0.1877,0.1818,0.0,0.0,0.1866,0.0,0.1126,0.03943,-0.0174,0.2461,1.0,0.5,0.5,-0.02368,-0.45,-0.3115,2.0,0.0,0.0,0.0,0.0,0.191,0.0207816,,,
-0.8003,-0.3533,-0.6113,-0.7534,2.281,0.0,0.04877,0.0,0.0,0.6655,0.788,-0.3328,0.0,1.546,-0.4949,-0.3496,-0.364,-0.37,-0.3274,-0.4149,-0.3914,0.2087,0.06433,-0.4443,0.1827,0.1814,0.0,0.0,0.1862,0.0,0.09424,-0.4722,0.3396,-0.573,1.0,0.0,0.0,0.1553,-0.5967,-0.939,0.0,1.0,0.0,0.0,0.0,-0.4421,0.1523288,,,
-0.7954,-0.4495,-0.6333,-0.76,0.511,-0.1428,0.04065,0.0,0.0,0.6973,0.82,-0.338,0.0,1.547,-0.837,-0.3904,-0.3687,-0.471,-0.3281,-0.2587,-0.3674,-0.4148,0.2087,0.06433,0.1766,0.181,0.0,0.0,0.1854,0.0,0.0829,-0.5903,0.419,-0.26,0.0,0.0,0.0,0.2377,-0.6816,-1.182,0.0,2.0,0.0,0.0,0.0,-0.2032,0.0218319999999999,,,
-0.7847,-0.364,-0.618,-0.761,-0.1144,-0.2856,0.03253,0.0,0.0,0.677,0.797,-0.335,0.0,1.547,-0.329,-0.4248,-0.3772,-0.3774,-0.3293,0.1467999999999999,-0.3518,-0.2585,-0.4148,0.2087,0.1738,0.1805,0.0,0.0,0.1841,0.0,0.08923,-0.3687,0.2637,0.1874,1.0,0.0,0.5,0.1262,-0.608,-0.8687,1.0,0.0,0.0,0.0,0.0,0.1476,0.04778,,,
-0.8315,-0.2498,-0.6,-0.7676,-0.2988,-0.4285,0.02438,0.0,0.0,0.6475,0.7744,-0.3315,0.0,1.548,-0.6787,-0.43,-0.3904,-0.2666,-0.3303,0.1785999999999999,-0.347,0.1466,-0.2585,-0.4148,0.171,0.1804,0.0,0.0,0.183,0.0,0.0969,-0.6655,0.4788,0.1686,1.0,0.0,0.5,0.03934,-0.4993,-0.589,2.0,0.0,0.0,0.0,0.0,0.1323,-0.2118255999999999,,,
-0.8086,-0.4236,-0.6387,-0.779,1.236,-0.5713,0.01627,0.0,0.0,0.704,0.829,-0.3406,0.0,1.548,-0.465,-0.398,-0.3994,-0.43,-0.3328,-0.4519,-0.3188,0.1785,0.1466,-0.2585,0.1683,0.1807,0.0,0.0,0.1816,0.0,0.07715,-0.89,0.6304,-0.6875,0.0,0.0,0.0,0.213,-0.675,-1.013,0.0,1.0,0.0,0.0,0.0,-0.5366,0.3989259999999999,,,
-0.8286,-0.1726,-0.593,-0.7803,-0.6504,-0.7144,0.00813,0.0,0.0,0.637,0.7637,-0.3308,0.0,1.549,-0.679,-0.3606,-0.4028,-0.1685,-0.334,0.4911,-0.3167,-0.4517,0.1785,0.1466,0.1677,0.1815,0.0,0.0,0.1814,0.0,0.09827,-0.3674,0.2666,0.641,1.0,0.5,0.5,-0.002983,-0.4236,-0.4512,1.0,0.0,0.0,0.0,0.0,0.5073,-0.0099285879999999,,,
-0.834,-0.2339,-0.6084,-0.7876,0.8516,-0.857,0.0,0.0,0.0,0.6587,0.7866,-0.3347,0.0,1.549,-0.7373,-0.3252,-0.4023,-0.2384,-0.335,-0.1934,-0.3096,0.491,-0.4517,0.1785,0.165,0.1818,0.0,0.0,0.1802,0.0,0.0897,-0.6646,0.475,-0.2708,1.0,0.0,0.0,0.07025,-0.4924,-0.617,0.0,1.0,0.0,0.0,0.0,-0.2109,0.1511751999999999,,,
-0.879,-0.0948,-0.586,-0.794,-0.841,-1.0,-0.00813,0.0,0.0,0.624,0.7583,-0.33,0.0,1.55,-0.7407,-0.2915,-0.394,-0.0988,-0.3362,0.2271,-0.3096,-0.1934,0.491,-0.4517,0.1658,0.1821,0.0,0.0,0.1793,0.0,0.0996,-0.5815,0.4202,0.2462,1.0,0.5,0.0,-0.02551,-0.3696,-0.3438,1.0,0.0,0.0,0.0,0.0,0.1931,0.0647748,,,
-0.877,0.006493,-0.5693,-0.7983,-7.89,-1.0,-0.01627,1.0,0.0,0.601,0.7344,-0.327,0.0,1.55,-0.6426,-0.2686,-0.379,-0.005905,-0.3367,0.1611,-0.3096,0.2269,-0.1934,0.491,0.1686,0.1823,0.0,0.0,0.1792,0.0,0.1066,-0.4568,0.3342,0.1465,1.0,0.5,0.5,-0.11035,-0.3142,-0.1632,2.0,0.0,0.0,0.0,0.0,0.1141,0.01097816,,,
-0.879,0.11456,-0.547,-0.794,1.448,-0.857,-0.02438,1.0,0.0,0.5703,0.703,-0.3223,0.0,1.551,-0.4868,-0.2646,-0.3645,0.0918,-0.3362,0.2244999999999999,-0.3218,0.161,0.2269,-0.1934,0.1718,0.1826,0.0,0.0,0.1786,0.0,0.11646,-0.0557,0.05234,0.3572,2.0,0.5,1.0,-0.1931,-0.2178,0.11725,3.0,0.0,0.0,0.0,0.0,0.2766,-0.1086199999999999,,,
-0.879,0.08813,-0.5513,-0.7925,-0.010666,-0.7144,-0.03253,1.0,0.0,0.576,0.7095,-0.3237,0.0,1.551,-0.7056,-0.2642,-0.352,0.062,-0.3364,-0.0635599999999999,-0.338,0.2242,0.161,0.2269,0.1738,0.1829,0.0,0.0,0.1776,0.0,0.1136,-0.1838,0.1426,-0.057,1.0,0.5,0.5,-0.1776,-0.2756,0.0828,0.0,1.0,0.0,0.0,0.0,-0.04385,-0.2125588,,,
-0.859,-0.1274,-0.591,-0.7905,-1.227,-0.7144,-0.04065,0.0,0.0,0.6323,0.7637,-0.3328,0.0,1.552,-0.1697,-0.2676,-0.3416,-0.1493,-0.3367,-0.4464,-0.3381,-0.0636,0.2242,0.161,0.1758,0.1827,0.0,0.0,0.1766,0.0,0.0938,-0.1838,0.1339,-0.6353,1.0,0.5,0.5,0.02643,-0.451,-0.4377,0.0,2.0,0.0,0.0,0.0,-0.4895,0.03428216,,,
-0.788,-0.5386,-0.673,-0.7993,9.65,-0.7144,-0.04877,0.0,0.0,0.7554,0.8784,-0.3513,0.0,1.552,-0.4097,-0.2686,-0.3289,-0.5547,-0.3381,-0.9219,-0.3013,-0.4463,-0.0636,0.2242,0.1705,0.1808,0.0,0.0,0.1735,0.0,0.05353,-0.654,0.4517,-1.519,0.0,0.0,0.0,0.4312,-0.8013,-1.282,0.0,3.0,0.0,1.0,-4.71,-1.1875,-0.1015012,,,
-0.7686,-0.4856,-0.6694,-0.811,0.00951,-0.7144,-0.05692,0.0,0.0,0.752,0.8716,-0.3508,0.0,1.552,-0.5146,-0.2712,-0.314,-0.5024,-0.34,0.01675,-0.2876,-0.9214,-0.4463,-0.0636,0.1664,0.1788,0.0,0.0,0.17,0.0,0.0542,-0.78,0.542,0.0212,0.0,0.0,0.0,0.358,-0.767,-1.119,1.0,0.0,0.0,0.0,0.0,0.01706,-0.2332648,,,
-0.7695,-0.2406,-0.625,-0.813,-0.514,-0.7144,-0.06506,0.0,0.0,0.6875,0.805,-0.3416,0.0,1.553,-0.5874,-0.2788,-0.3037,-0.2559,-0.341,0.4828,-0.3088,0.01665,-0.9214,-0.4463,0.1636,0.1779,0.0,0.0,0.1675,0.0,0.07465,-0.3176,0.221,0.5034,0.0,0.5,0.5,0.1334,-0.5054,-0.6064,2.0,0.0,0.0,0.0,0.0,0.405,0.207628,,,
-0.7754,-0.1606,-0.6084,-0.8096,-0.4028,-0.7144,-0.0732,0.0,0.0,0.6636,0.7817,-0.3381,0.0,1.553,-0.844,-0.2932,-0.3015,-0.1746,-0.341,0.1641,-0.3145,0.4824,0.01665,-0.9214,0.1606,0.1774,0.0,0.0,0.1661,0.0,0.08167,-0.10297,0.07086,0.1205,1.0,0.5,1.0,0.05,-0.415,-0.3948,3.0,0.0,0.0,0.0,0.0,0.09546,-0.2784984000000001,,,
-0.7593,-0.406,-0.6562,-0.8135,3.438,-0.7144,-0.0813,0.0,0.0,0.734,0.8516,-0.3494,0.0,1.554,-0.287,-0.3115,-0.3003,-0.4343,-0.3413,-0.5546,-0.3083,0.1638,0.4824,0.01665,0.1538,0.1755,0.0,0.0,0.1636,0.0,0.05765,-0.4336,0.2964,-0.5225,1.0,0.5,0.5,0.2844,-0.621,-0.9126,0.0,1.0,0.0,0.0,0.0,-0.4119,-0.031344,,,
-0.706,-0.4495,-0.669,-0.822,0.2764,-0.7144,-0.0894,0.0,0.0,0.757,0.866,-0.3525,0.0,1.554,-0.0515,-0.3186,-0.2952,-0.463,-0.3435,-0.1659,-0.283,-0.554,0.1638,0.4824,0.1464,0.1737,0.0,0.0,0.1615,0.0,0.05054,-0.597,0.41,-0.279,1.0,0.0,0.0,0.3066,-0.6753,-0.9507,0.0,2.0,0.0,0.0,0.0,-0.2239,-0.6040684000000001,,,
-0.6294,-0.89,-0.759,-0.836,1.412,-0.7144,-0.09753,0.0,0.0,0.8984,1.0,-0.3726,0.0,1.555,-0.11993,-0.296,-0.2842,-0.888,-0.3462,-1.0339,-0.1891,-0.1659,-0.554,0.1638,0.1362,0.1708,0.0,0.0,0.1576,0.0,0.00675,-0.778,0.5195,-1.563,0.0,-0.5,0.0,0.736,-1.067,-1.282,0.0,3.0,0.0,0.0,0.0,-1.261,-0.1350512,,,
-0.614,-0.8423,-0.7607,-0.857,0.0703,-0.7144,-0.1057,0.0,0.0,0.9033,1.003,-0.3735,0.0,1.555,-0.3784,-0.2583,-0.2717,-0.8545,-0.3486,-0.0516299999999999,-0.128,-1.034,-0.1659,-0.554,0.1305,0.1672,0.0,0.0,0.1531,0.0,0.0046,-1.091,0.742,-0.05667,-1.0,-1.0,-0.5,0.678,-1.0205,-1.209,0.0,4.0,0.0,0.0,0.0,-0.04724,0.2657600000000001,,,
-0.5894,-0.589,-0.722,-0.872,-0.2228,-0.7144,-0.11383,0.0,0.0,0.845,0.9385,-0.3655,0.0,1.556,-0.6685,-0.2113,-0.2544,-0.5947,-0.3513,0.4321,-0.0985,-0.0517,-1.034,-0.1659,0.1268,0.1641,0.0,0.0,0.1501,0.0,0.0222,-0.7803,0.5283,0.6104,-1.0,-0.5,0.0,0.4421,-0.7505,-0.84,1.0,0.0,0.0,0.0,0.0,0.51,0.7058760000000004,,,
-0.5166,-0.1217,-0.64,-0.879,-0.85,-0.7144,-0.12195,0.0,0.0,0.7295,0.807,-0.348,0.0,1.556,0.3352,-0.1692,-0.2389,-0.1333,-0.3525,0.9205,-0.0978,0.4316,-0.0517,-1.034,0.1251,0.1625,0.0,0.0,0.1493,0.0,0.06024,-0.445,0.3057,1.576,0.0,0.0,0.0,0.0663,-0.2764,-0.2808,2.0,0.0,0.0,0.0,0.0,1.298,0.187616,,,
-0.448,-0.4006,-0.7007,-0.8965,7.508,-0.857,-0.1301,0.0,0.0,0.824,0.8936,-0.3616,0.0,1.557,-0.05508,-0.1267,-0.2206,-0.4187,-0.3545,-0.6959,-0.08307,0.92,0.4316,-0.0517,0.11914,0.1597,0.0,0.0,0.1469,0.0,0.03055,-0.718,0.4875,-1.551,0.0,0.0,-0.5,0.3699,-0.5425,-0.6455,0.0,1.0,0.0,0.0,0.0,-1.242,-0.03266296,,,
-0.433,-0.574,-0.7466,-0.9224,0.715,-1.0,-0.1382,0.0,0.0,0.8955,0.9644,-0.3718,0.0,1.557,-0.2294,-0.07275,-0.1888,-0.575,-0.3586,-0.5419,-0.0542,-0.6953,0.92,0.4316,0.11334,0.1561,0.0,0.0,0.1432,0.0,0.00793,-0.945,0.6396,-0.9575,0.0,-0.5,-1.0,0.5884,-0.717,-0.854,0.0,2.0,0.0,0.0,0.0,-0.7837,0.1183928,,,
-0.2686,-1.025,-0.8486,-0.9604,1.111,-1.143,-0.1464,0.0,0.0,1.073,1.12,-0.3945,0.0,1.558,0.6426,0.00666,-0.1321,-1.002,-0.3645,-1.2059,0.04816,-0.5415,-0.6953,0.92,0.1026,0.1511,0.0,0.0,0.1383,0.0,-0.04153,-1.136,0.7544,-3.008,0.0,-1.0,-1.0,1.098,-1.162,-1.21,0.0,3.0,0.0,1.0,-5.9,-2.504,0.0295999999999999,,,
-0.3188,-0.9966,-0.861,-0.9946,0.1006,-1.143,-0.1544,0.0,0.0,1.09,1.146,-0.398,0.0,1.558,-0.7715,0.0823,-0.07086,-0.9917,-0.3684,-0.1789,0.12415,-1.205,-0.5415,-0.6953,0.0962,0.1466,0.0,0.0,0.1322,0.0,-0.0486,-1.09,0.718,-0.178,-1.0,-1.5,-1.0,1.04,-1.187,-1.091,0.0,4.0,0.0,0.0,0.0,-0.1539,-0.0131959999999999,,,
-0.3767,-0.9155,-0.8594,-1.019,0.03912,-1.143,-0.1626,0.0,0.0,1.082,1.147,-0.398,0.0,1.558,-0.6357,0.1511,-0.01259,-0.9224,-0.3713,0.0001,0.1831,-0.179,-1.205,-0.5415,0.08997,0.142,0.0,0.0,0.1265,0.0,-0.0486,-0.914,0.5923,0.0,-2.0,-1.5,-1.0,0.9478,-1.087,-0.953,0.0,0.0,0.0,0.0,0.0,0.0,-0.0623199999999999,,,
-0.3896,-0.7866,-0.8486,-1.043,-0.03183,-1.143,-0.1708,0.0,0.0,1.063,1.131,-0.396,0.0,1.559,-0.5703,0.2084,0.0397,-0.8228,-0.3733,0.1081,0.2115,0.0,-0.179,-1.205,0.08215,0.138,0.0,0.0,0.12054,0.0,-0.0444,-0.875,0.567,0.0752,-1.0,-1.0,-1.0,0.7983,-0.972,-0.8237,1.0,0.0,0.0,0.0,0.0,0.06537,-0.4065438399999999,,,
-0.368,-0.9575,-0.8975,-1.078,0.3918,-1.143,-0.1788,0.0,0.0,1.148,1.215,-0.407,0.0,1.559,-0.557,0.259,0.09094,-1.026,-0.3767,-0.6099,0.2462,0.108,0.0,-0.179,0.06714,0.1332,0.0,0.0,0.1133,0.0,-0.0684,-1.215,0.7983,-0.544,-1.0,-1.0,-1.5,1.012,-1.144,-0.922,0.0,1.0,0.0,1.0,-3.049,-0.4717,0.1708608,,,
-0.346,-0.6533,-0.8613,-1.111,-0.2373,-1.143,-0.187,0.0,0.0,1.089,1.149,-0.3994,0.0,1.56,-0.3394,0.2927,0.135,-0.7676,-0.3794,0.4208,0.2288,-0.61,0.108,0.0,0.05743,0.1285,0.0,0.0,0.1063,0.0,-0.05222,-1.108,0.73,0.4097,0.0,-0.5,-1.5,0.7363,-0.8745,-0.7295,1.0,0.0,0.0,0.0,0.0,0.362,-0.3942039999999999,,,
-0.3076,-0.8413,-0.912,-1.145,0.4841,-1.143,-0.1951,0.0,0.0,1.179,1.235,-0.411,0.0,1.56,-0.02022,0.3118,0.1754,-0.978,-0.3828,-0.6319,0.2216,0.4204,-0.61,0.108,0.04752,0.1238,0.0,0.0,0.0984,0.0,-0.0769,-1.111,0.721,-0.6807,0.0,-1.0,-1.5,0.967,-1.061,-0.8657,0.0,1.0,0.0,0.0,0.0,-0.594,0.0674376,,,
-0.3472,-0.7275,-0.908,-1.175,-0.02632,-1.143,-0.2032,0.0,0.0,1.169,1.232,-0.4104,0.0,1.561,-0.414,0.3347,0.2161,-0.863,-0.387,0.01852,0.2166,-0.6313,0.4204,-0.61,0.04346,0.1194,0.0,0.0,0.0914,0.0,-0.07623,-1.074,0.695,0.0245,1.0,-1.0,-1.0,0.8203,-1.023,-0.791,1.0,0.0,0.0,0.0,0.0,0.0218,0.4976520000000001,,,
-0.3806,-0.4648,-0.87,-1.188,-0.3013,-1.143,-0.2114,0.0,0.0,1.101,1.168,-0.4028,0.0,1.561,0.0308,0.3486,0.2515,-0.598,-0.3894,0.4417999999999999,0.2205,0.0184,-0.6313,0.4204,0.0422,0.11523,0.0,0.0,0.08673,0.0,-0.05933,-0.6577,0.405,0.4487,1.0,-0.5,-0.5,0.581,-0.731,-0.5938,2.0,0.0,0.0,0.0,0.0,0.3992,-0.023796,,,
-0.3997,-0.4668,-0.8794,-1.205,0.1392,-1.143,-0.2114,0.0,0.0,1.115,1.186,-0.405,0.0,1.562,-0.6743,0.3494,0.2805,-0.608,-0.3914,-0.127,0.2185,0.4414,0.0184,-0.6313,0.0404,0.1108,0.0,0.0,0.08185,0.0,-0.0643,-0.6753,0.4155,-0.11084,1.0,-0.5,-0.5,0.5684,-0.75,-0.5864,0.0,1.0,0.0,0.0,0.0,-0.0972,-0.0352087999999999,,,
-0.4485,-0.3765,-0.8755,-1.227,-0.11743,-1.143,-0.2114,0.0,0.0,1.1045,1.183,-0.4043,0.0,1.562,-0.766,0.3428,0.303,-0.525,-0.394,0.03654,0.1818,-0.1271,0.4414,0.0184,0.03824,0.1069,0.0,0.0,0.0761,0.0,-0.0629,-0.862,0.549,0.03278,1.0,0.0,-0.5,0.456,-0.731,-0.5347,1.0,0.0,0.0,0.0,0.0,0.02888,-0.2491222399999999,,,
-0.5415,-0.441,-0.906,-1.263,0.3672,-1.143,-0.2114,0.0,0.0,1.149,1.244,-0.4111,0.0,1.5625,-0.598,0.3354,0.3257,-0.5728,-0.3992,-0.3822,0.1278,0.03644,-0.1271,0.4414,0.03717,0.102,0.0,0.0,0.0695,0.0,-0.07776,-1.473,0.9805,-0.4487,1.0,0.0,-1.0,0.5522,-0.8716,-0.6333,0.0,1.0,0.0,0.0,0.0,-0.395,-0.194124,,,
-0.5684,-0.511,-0.9346,-1.294,0.342,-1.143,-0.2114,0.0,0.0,1.198,1.299,-0.4177,0.0,1.5625,-0.4268,0.338,0.3508,-0.59,-0.405,-0.3683,0.10205,-0.382,0.03644,-0.1271,0.03253,0.0969,0.0,0.0,0.06335,0.0,-0.09186,-1.414,0.9307,-0.339,0.0,0.0,-1.0,0.6416,-0.9863,-0.72,0.0,2.0,0.0,0.0,0.0,-0.302,-0.259568,,,
-0.5635,-0.6978,-0.9824,-1.324,0.597,-1.143,-0.2114,0.0,0.0,1.286,1.389,-0.4282,0.0,1.563,-0.3152,0.36,0.3804,-0.7397,-0.4104,-0.6149,0.09296,-0.3684,-0.382,0.03644,0.02806,0.09094,0.0,0.0,0.0565,0.0,-0.1152,-1.417,0.9224,-0.748,-1.0,-0.5,-1.0,0.804,-1.23,-0.882,0.0,3.0,0.0,0.0,0.0,-0.674,-0.020148,,,
-0.6753,-0.467,-0.9507,-1.337,-0.2666,-1.143,-0.2114,0.0,0.0,1.219,1.338,-0.4219,0.0,1.563,-0.515,0.399,0.407,-0.471,-0.414,0.3802,0.1015,-0.6147,-0.3684,-0.382,0.02516,0.08514,0.0,0.0,0.05203,0.0,-0.1011,-0.868,0.537,0.3538,0.0,0.0,-0.5,0.573,-0.9634,-0.676,1.0,0.0,0.0,0.0,0.0,0.325,-0.1498479999999999,,,
-0.6313,-0.5713,-0.976,-1.351,0.4219,-1.143,-0.2114,0.0,0.0,1.269,1.382,-0.4277,0.0,1.563,-0.3164,0.425,0.4229,-0.581,-0.4158,-0.338,0.11414,0.38,-0.6147,-0.3684,0.0188,0.07874,0.0,0.0,0.04712,0.0,-0.11383,-0.914,0.564,-0.3076,-1.0,-0.5,-0.5,0.6724,-1.029,-0.733,0.0,1.0,0.0,0.0,0.0,-0.2793,-0.1000192,,,
-0.648,-0.4048,-0.954,-1.36,-0.2299,-1.143,-0.2195,0.0,0.0,1.227,1.342,-0.4233,0.0,1.564,-0.726,0.4365,0.43,-0.4124,-0.4177,0.2468999999999999,0.08673,-0.338,0.38,-0.6147,0.014084,0.07263,0.0,0.0,0.04187,0.0,-0.1047,-0.7627,0.46,0.2345,0.0,0.0,0.0,0.5093,-0.8413,-0.5986,1.0,0.0,0.0,0.0,0.0,0.2151,0.8439159999999997,,,
-0.6074,0.1696,-0.859,-1.361,-1.764,-1.0,-0.2277,1.0,0.0,1.063,1.167,-0.4033,0.0,1.564,0.03226,0.419,0.4172,0.1545,-0.4182,1.1681,-0.0508,0.2467,-0.338,0.38,0.01433,0.06836,0.0,0.0,0.03687,0.0,-0.06094,-0.2542,0.11646,1.201,1.0,0.0,0.0,0.01773,-0.2683,-0.0772,2.0,0.0,1.0,0.0,4.95,1.094,-0.4594720000000001,,,
-0.5864,-0.0555,-0.896,-1.359,-0.825,-0.857,-0.2357,1.0,0.0,1.129,1.23,-0.4119,0.0,1.565,-0.5283,0.3838,0.3887,-0.06537,-0.4187,-0.4723,-0.16,1.167,0.2467,-0.338,0.01417,0.06464,0.0,0.0,0.03232,0.0,-0.0793,-0.2014,0.0707,-0.6973,1.0,-0.5,0.0,0.2095,-0.4631,-0.278,0.0,1.0,0.0,0.0,0.0,-0.6123,-0.0993559999999999,,,
-0.5825,-0.0645,-0.9,-1.362,-0.2395,-0.7144,-0.2439,1.0,0.0,1.136,1.237,-0.413,0.0,1.565,-0.2942,0.3335,0.3562,-0.07416,-0.4197,-0.0737,-0.2524,-0.4724,1.167,0.2467,0.01532,0.06085,0.0,0.0,0.0286,0.0,-0.08215,-0.4136,0.221,-0.078,0.0,-0.5,-0.5,0.1906,-0.5034,-0.2893,0.0,2.0,0.0,0.0,0.0,-0.0696,-0.3711799999999999,,,
-0.5825,-0.2703,-0.9355,-1.363,-12.95,-0.7144,-0.252,0.0,0.0,1.198,1.302,-0.4211,0.0,1.566,-0.1858,0.272,0.3281,-0.2795,-0.4204,-0.4621,-0.2612,-0.0737,-0.4724,1.167,0.01714,0.056,0.0,0.0,0.02618,0.0,-0.0998,-0.3464,0.1653,-0.5737,0.0,-1.0,-0.5,0.3816,-0.6553,-0.6104,0.0,3.0,0.0,0.0,0.0,-0.5127,-0.486776,,,
-0.4702,-0.5957,-0.9946,-1.371,1.972,-0.7144,-0.2603,0.0,0.0,1.315,1.404,-0.4346,0.0,1.566,0.05774,0.2316,0.309,-0.5293,-0.4248,-0.7689,-0.2335,-0.462,-0.0737,-0.4724,0.013916,0.05014,0.0,0.0,0.02287,0.0,-0.1288,-0.6035,0.336,-2.326,-1.0,-1.0,-1.0,0.684,-0.9355,-1.063,0.0,4.0,0.0,1.0,-4.64,-2.11,0.7398800000000001,,,
-0.4907,-0.203,-0.933,-1.377,-0.682,-0.7144,-0.2683,0.0,0.0,1.201,1.289,-0.4219,0.0,1.567,0.1459,0.1779,0.285,-0.1396,-0.426,0.7496,-0.2452,-0.769,-0.462,-0.0737,0.0154,0.04572,0.0,0.0,0.0207,0.0,-0.1013,-0.482,0.2612,0.757,-1.0,-0.5,-1.0,0.3438,-0.5137,-0.481,1.0,0.0,0.0,0.0,0.0,0.703,-0.077756,,,
-0.3987,-0.594,-1.006,-1.391,3.57,-0.7144,-0.2764,0.0,0.0,1.343,1.42,-0.438,0.0,1.567,-0.03085,0.10535,0.2532,-0.5493,-0.4277,-0.9389,-0.2297,0.7495,-0.769,-0.462,0.01168,0.0405,0.0,0.0,0.01689,0.0,-0.1366,-0.6875,0.3923,-1.016,-1.0,-0.5,-1.0,0.757,-0.843,-1.064,0.0,1.0,0.0,0.0,0.0,-0.9224,-0.0019879999999999,,,
-0.351,-0.6055,-1.017,-1.405,0.1562,-0.7144,-0.2847,0.0,0.0,1.366,1.437,-0.441,0.0,1.568,-0.2198,0.01979,0.2203,-0.5747,-0.4297,-0.1741,-0.1931,-0.9385,0.7495,-0.769,0.002085,0.03632,0.0,0.0,0.01381,0.0,-0.143,-0.7393,0.4265,-0.1672,-1.0,-1.0,-1.5,0.7563,-0.863,-1.022,0.0,2.0,0.0,0.0,0.0,-0.1565,-0.4656459999999998,,,
-0.2766,-0.943,-1.083,-1.424,0.8213,-0.7144,-0.2927,0.0,0.0,1.503,1.564,-0.4558,0.0,1.568,-0.2406,-0.04382,0.1862,-0.9263,-0.4321,-0.8949,-0.129,-0.1741,-0.9385,0.7495,-0.00917,0.0313,0.0,0.0,0.00871,0.0,-0.1754,-0.8335,0.4795,-0.788,-1.0,-1.0,-1.5,1.105,-1.165,-1.282,0.0,3.0,0.0,0.0,0.0,-0.741,-0.6523307999999999,,,
-0.1858,-1.303,-1.155,-1.447,0.58,-0.7144,-0.3008,0.0,0.0,1.66,1.712,-0.472,0.0,1.569,0.2593,-0.05515,0.1583,-1.285,-0.436,-1.0009,-0.002901,-0.8945,-0.1741,-0.9385,-0.02423,0.02481,0.0,0.0,0.003168,0.0,-0.2107,-0.932,0.534,-1.291,-1.0,-1.5,-1.5,1.475,-1.502,-1.282,0.0,4.0,0.0,0.0,0.0,-1.248,-0.3335840000000001,,,
0.069,-1.553,-1.209,-1.472,0.3518,-0.7144,-0.3088,0.0,0.0,1.799,1.8125,-0.4844,0.0,1.569,2.533,0.02156,0.1599,-1.43,-0.4438,-0.7849,0.1345,-1.0,-0.8945,-0.1741,-0.04037,0.0165,0.0,0.0,-0.00352,0.0,-0.2375,-0.9473,0.533,-1.721,-2.0,-1.5,-1.5,1.724,-1.709,-1.282,0.0,5.0,0.0,0.0,0.0,-1.718,0.0119674799999999,,,
0.1763,-1.665,-1.245,-1.504,0.2147,-0.7144,-0.3171,0.0,0.0,1.888,1.888,-0.4927,0.0,1.569,0.812,0.1255,0.1711,-1.533,-0.4492,-0.5509000000000001,0.251,-0.7847,-1.0,-0.8945,-0.05527,0.00849,0.0,0.0,-0.01167,0.0,-0.2559,-1.159,0.677,-0.906,-2.0,-1.5,-2.0,1.836,-1.796,-1.221,0.0,5.0,0.0,0.0,0.0,-0.9272,0.3437759999999999,,,
0.182,-1.185,-1.18,-1.525,-0.1907,-0.7144,-0.3252,0.0,0.0,1.742,1.736,-0.4797,0.0,1.57,0.4414,0.2461,0.1925,-0.987,-0.4553,0.8623999999999999,0.294,-0.5503,-0.7847,-1.0,-0.07007,0.001916,0.0,0.0,-0.01845,0.0,-0.2277,-0.841,0.4617,2.055,-1.0,-1.5,-1.5,1.329,-1.208,-0.88,1.0,0.0,0.0,0.0,0.0,2.14,0.714488,,,
0.212,-0.4475,-1.068,-1.537,-0.5806,-0.7144,-0.3333,0.0,0.0,1.514,1.495,-0.457,0.0,1.57,0.3672,0.3384,0.2043,-0.259,-0.4573,1.4691,0.2751,0.862,-0.5503,-0.7847,-0.07495,-0.001896,0.0,0.0,-0.02322,0.0,-0.1783,-0.5244,0.2576,2.023,0.0,-1.0,-1.5,0.6167,-0.46,-0.4524,2.0,0.0,1.0,0.0,8.36,2.053,-0.3286994000000001,,,
0.1321,-0.2908,-1.058,-1.56,-0.3237,-0.857,-0.3416,0.0,0.0,1.484,1.479,-0.4556,0.0,1.571,-0.392,0.4045,0.2208,-0.1447,-0.4595,0.10044,0.2593,1.469,0.862,-0.5503,-0.0787,-0.005413,0.0,0.0,-0.02724,0.0,-0.1748,-0.841,0.485,0.0735,1.0,-0.5,-1.5,0.514,-0.3975,-0.3901,3.0,0.0,0.0,0.0,0.0,0.0712,-0.0126679999999999,,,
0.10126,-0.10834,-1.038,-1.576,-0.7974,-1.0,-0.3496,0.0,0.0,1.444,1.442,-0.4524,0.0,1.571,-0.3474,0.45,0.2485,0.0344,-0.4624,0.2002,0.2457,0.1003,1.469,0.862,-0.07776,-0.00873,0.0,0.0,-0.03038,0.0,-0.1677,-0.6943,0.3838,0.2144,2.0,-0.5,-1.0,0.4058,-0.2722,-0.3042,4.0,0.0,0.0,0.0,0.0,0.2073,-0.7271200000000002,,,
0.2277,-0.569,-1.127,-1.602,18.34,-1.143,-0.3577,0.0,0.0,1.633,1.615,-0.4717,0.0,1.572,0.362,0.4758,0.2832,-0.4705,-0.4648,-1.1919,0.2659,0.2,0.1003,1.469,-0.0777,-0.01335,0.0,0.0,-0.0343,0.0,-0.2101,-0.867,0.4885,-1.43,2.0,-0.5,-1.0,0.93,-0.7275,-0.606,0.0,1.0,0.0,0.0,0.0,-1.374,0.5978564000000002,,,
0.1971,-0.2888,-1.094,-1.619,-0.4807,-1.143,-0.366,0.0,0.0,1.562,1.548,-0.4656,0.0,1.572,-0.1957,0.4792,0.3193,-0.2019,-0.4678,0.3923999999999999,0.262,-1.192,0.2,0.1003,-0.0729,-0.01692,0.0,0.0,-0.03827,0.0,-0.1968,-0.6865,0.3655,0.3318,2.0,0.0,-0.5,0.6763,-0.5127,-0.4597,1.0,0.0,0.0,0.0,0.0,0.331,-0.383708,,,
0.1147,-0.1483,-1.077,-1.627,-0.59,-1.143,-0.374,0.0,0.0,1.522,1.5205,-0.463,0.0,1.573,-0.252,0.493,0.3557,-0.0088,-0.4714,0.1633,0.258,0.392,-1.192,0.2,-0.06525,-0.0208,0.0,0.0,-0.04147,0.0,-0.191,-0.5015,0.2358,0.1415,2.0,0.5,0.0,0.532,-0.4294,-0.3833,2.0,0.0,0.0,0.0,0.0,0.1394,-0.5332319999999998,,,
0.1333,-0.4006,-1.13,-1.649,4.152,-1.143,-0.382,0.0,0.0,1.633,1.631,-0.4749,0.0,1.573,-0.228,0.4854,0.387,-0.2988,-0.4739,-0.7509,0.258,0.1631,0.392,-1.192,-0.064,-0.0247,0.0,0.0,-0.04614,0.0,-0.2172,-0.856,0.4775,-0.7515,1.0,0.5,-0.5,0.8037,-0.7314,-0.552,0.0,1.0,0.0,1.0,-4.586,-0.7373,0.4456904,,,
0.0629,-0.004948,-1.073,-1.655,-1.19,-1.0,-0.3901,1.0,0.0,1.512,1.518,-0.4639,0.0,1.574,-0.7866,0.451,0.4055,0.0915,-0.4756,0.7066,0.1833,-0.7505,0.1631,0.392,-0.06573,-0.02797,0.0,0.0,-0.0516,0.0,-0.1932,-0.4792,0.219,0.675,1.0,1.0,0.0,0.4766,-0.3403,-0.3184,1.0,0.0,0.0,0.0,0.0,0.6777,-0.45814676,,,
0.10254,-0.2053,-1.111,-1.665,-2.67,-1.0,-0.3984,0.0,0.0,1.592,1.594,-0.4727,0.0,1.574,-0.0247,0.3894,0.41,-0.1342,-0.477,-0.5489,0.1261,0.7065,-0.7505,0.1631,-0.0701,-0.03223,0.0,0.0,-0.05713,0.0,-0.2123,-0.548,0.2595,-0.554,1.0,1.0,0.0,0.66,-0.566,-0.456,0.0,1.0,0.0,0.0,0.0,-0.5444,0.1287756,,,
0.10596,-0.0748,-1.092,-1.663,-0.9907,-0.857,-0.4065,1.0,0.0,1.552,1.552,-0.4695,0.0,1.575,0.1483,0.2983,0.4,-0.00783,-0.478,0.207,0.05026,-0.549,0.7065,-0.7505,-0.0745,-0.03616,0.0,0.0,-0.06223,0.0,-0.2052,-0.305,0.0893,0.205,1.0,1.0,0.5,0.4868,-0.4727,-0.353,1.0,0.0,0.0,0.0,0.0,0.205,0.0803632,,,
0.05048,-0.1366,-1.097,-1.652,-10.08,-0.857,-0.4146,0.0,0.0,1.557,1.566,-0.4714,0.0,1.575,-0.5205,0.1849,0.372,-0.05496,-0.4783,-0.12325,-0.01456,0.2068,-0.549,0.7065,-0.07446,-0.04025,0.0,0.0,-0.0668,0.0,-0.2095,-0.0834,-0.0706,-0.08374,0.0,0.5,0.5,0.4712,-0.524,-0.3652,0.0,1.0,0.0,0.0,0.0,-0.0832,0.3890920000000001,,,
-0.207,-0.072,-1.077,-1.632,-1.115,-0.7144,-0.4229,1.0,0.0,1.496,1.547,-0.4683,0.0,1.575,-0.6797,0.0869,0.3354,-0.02605,-0.476,0.2065,-0.0524,-0.1233,0.2068,-0.549,-0.07513,-0.04373,0.0,0.0,-0.0698,0.0,-0.2024,0.2057,-0.274,0.1349,1.0,0.5,1.0,0.3347,-0.416,-0.2434,1.0,0.0,0.0,0.0,0.0,0.1345,0.5986096000000001,,,
-0.3179,0.1704,-1.022,-1.6,18.77,-0.5713,-0.431,1.0,0.0,1.38,1.445,-0.4578,0.0,1.576,-0.565,-0.007668,0.28,0.2222,-0.4739,0.6563,-0.1521,0.2063,-0.1233,0.2068,-0.0738,-0.04617,0.0,0.0,-0.07306,0.0,-0.1798,0.5435,-0.505,0.557,1.0,0.5,1.5,0.03946,-0.1268,0.1512,2.0,0.0,0.0,0.0,0.0,0.5522,0.3872699999999999,,,
-0.3916,0.3518,-0.9785,-1.57,0.9033,-0.4285,-0.439,1.0,0.0,1.292,1.366,-0.4497,0.0,1.576,-0.327,-0.07605,0.2051,0.3423,-0.4697,0.5025,-0.1853,0.656,0.2063,-0.1233,-0.0673,-0.0475,0.0,0.0,-0.07416,0.0,-0.1622,0.478,-0.4507,0.4004,2.0,1.0,1.5,-0.2006,0.02686,0.5015,3.0,0.0,0.0,0.0,0.0,0.389,-0.1201379999999999,,,
-0.454,0.1969,-0.997,-1.558,-0.2488,-0.2856,-0.4473,1.0,0.0,1.322,1.407,-0.4546,0.0,1.577,-0.268,-0.1432,0.11816,0.1704,-0.469,-0.2965,-0.2212,0.502,0.656,0.2063,-0.06494,-0.04947,0.0,0.0,-0.0754,0.0,-0.1729,-0.03616,-0.0882,-0.3123,1.0,0.5,1.0,-0.0521,-0.10754,0.3884,0.0,1.0,0.0,0.0,0.0,-0.2986,-0.1793268,,,
-0.4417,0.1118,-1.007,-1.548,-0.1936,-0.1428,-0.4553,1.0,0.0,1.341,1.425,-0.4575,0.0,1.577,-0.313,-0.204,0.01999,0.0761,-0.4688,-0.1796,-0.2236,-0.2966,0.502,0.656,-0.06104,-0.0513,0.0,0.0,-0.0755,0.0,-0.1792,-0.1377,-0.01851,-0.2886,1.0,0.0,0.5,0.02647,-0.1918,0.2734,0.0,2.0,0.0,0.0,0.0,-0.2786,-0.3420559999999999,,,
-0.3933,-0.1447,-1.047,-1.545,-1.285,-0.1428,-0.4634,0.0,0.0,1.422,1.501,-0.4668,0.0,1.578,0.012634,-0.2515,-0.0838,-0.1855,-0.4695,-0.5824,-0.2258,-0.1796,-0.2966,0.502,-0.0604,-0.05392,0.0,0.0,-0.0751,0.0,-0.1997,-0.3992,0.1592,-0.5664,0.0,0.0,0.0,0.2324,-0.4731,-0.1305,0.0,3.0,0.0,0.0,0.0,-0.55,0.205598,,,
-0.3562,-0.656,-1.127,-1.539,8.76,-0.1428,-0.4714,0.0,0.0,1.586,1.664,-0.4844,0.0,1.578,0.324,-0.286,-0.162,-0.678,-0.471,-1.1044,-0.2258,-0.582,-0.1796,-0.2966,-0.0637,-0.05887,0.0,0.0,-0.0751,0.0,-0.2378,-0.3635,0.11694,-1.39,-1.0,-0.5,0.0,0.712,-0.894,-0.8667,0.0,4.0,0.0,0.0,0.0,-1.374,-0.5968888,,,
-0.29,-1.073,-1.198,-1.546,0.91,-0.1428,-0.4797,0.0,0.0,1.746,1.818,-0.5,0.0,1.579,0.184,-0.3054,-0.2251,-1.097,-0.4731,-1.0379,-0.1936,-1.104,-0.582,-0.1796,-0.0719,-0.0643,0.0,0.0,-0.07574,0.0,-0.2725,-0.7686,0.3909,-1.097,-2.0,-0.5,-0.5,1.144,-1.244,-1.282,0.0,5.0,0.0,0.0,0.0,-1.123,0.20032,,,
-0.2666,-0.9204,-1.181,-1.554,-0.03117,-0.1428,-0.4878,0.0,0.0,1.708,1.775,-0.4976,0.0,1.579,0.3677,-0.3013,-0.26,-0.9175,-0.4766,0.1752999999999999,-0.1438,-1.037,-1.104,-0.582,-0.0821,-0.0694,0.0,0.0,-0.07733,0.0,-0.2668,-0.7686,0.3933,0.2113,-1.0,-0.5,-0.5,0.938,-1.093,-1.138,1.0,0.0,0.0,0.0,0.0,0.2236,-0.1334559999999999,,,
-0.2318,-0.9575,-1.189,-1.556,0.1805,-0.1428,-0.4958,0.0,0.0,1.73,1.792,-0.5005,0.0,1.58,0.4053,-0.2854,-0.2903,-0.9478,-0.4785,-0.1958,-0.0931,0.175,-1.037,-1.104,-0.09503,-0.0743,0.0,0.0,-0.08124,0.0,-0.2732,-0.636,0.296,-0.2101,-1.0,-0.5,-0.5,0.912,-1.12,-1.055,0.0,1.0,0.0,0.0,0.0,-0.2211,-0.3931319999999998,,,
-0.2366,-1.099,-1.221,-1.57,0.305,-0.2856,-0.504,0.0,0.0,1.8,1.865,-0.508,0.0,1.58,-0.4355,-0.2386,-0.301,-1.044,-0.4832,-0.5039,-0.0353,-0.1959,0.175,-1.037,-0.1087,-0.07874,0.0,0.0,-0.086,0.0,-0.2893,-1.061,0.592,-0.905,-1.0,-1.0,-1.0,1.043,-1.262,-1.089,0.0,2.0,0.0,0.0,0.0,-0.958,0.1949424,,,
-0.269,-0.852,-1.187,-1.575,-0.1252,-0.2856,-0.512,0.0,0.0,1.722,1.789,-0.502,0.0,1.58,-0.1416,-0.1829,-0.2961,-0.7896,-0.4856,0.4007,-0.01851,-0.5034,-0.1959,0.175,-0.1201,-0.0836,0.0,0.0,-0.0905,0.0,-0.2766,-0.7603,0.383,0.41,0.0,-1.0,-0.5,0.787,-0.9717,-0.838,1.0,0.0,0.0,0.0,0.0,0.441,0.294304,,,
-0.3298,-0.648,-1.159,-1.58,-0.1498,-0.4285,-0.5205,0.0,0.0,1.657,1.733,-0.4976,0.0,1.581,-0.4805,-0.12164,-0.2783,-0.5815,-0.4878,0.308,0.003471,0.4004,-0.5034,-0.1959,-0.1279,-0.0873,0.0,0.0,-0.0929,0.0,-0.2668,-0.7227,0.3606,0.4163,1.0,-1.0,-0.5,0.597,-0.7524,-0.661,2.0,0.0,0.0,0.0,0.0,0.4421,0.2759436,,,
-0.3171,-0.61,-1.157,-1.584,0.0612,-0.4285,-0.5283,0.0,0.0,1.654,1.728,-0.4983,0.0,1.581,-0.3425,-0.06027,-0.2527,-0.5513,-0.4895,-0.0434499999999999,0.01779,0.3076,0.4004,-0.5034,-0.1316,-0.09076,0.0,0.0,-0.0958,0.0,-0.268,-0.702,0.345,-0.04666,0.0,-1.0,-0.5,0.555,-0.7246,-0.623,0.0,1.0,0.0,0.0,0.0,-0.0491,0.165432,,,
-0.2805,-0.2834,-1.109,-1.585,-0.5264,-0.5713,-0.5366,0.0,0.0,1.556,1.62,-0.4895,0.0,1.582,0.0986,-0.002459,-0.2213,-0.2358,-0.4907,0.5891,0.012146,-0.04352,0.3076,0.4004,-0.1288,-0.09283,0.0,0.0,-0.09827,0.0,-0.2491,-0.5513,0.246,0.516,1.0,-0.5,-0.5,0.2615,-0.429,-0.3733,1.0,0.0,0.0,0.0,0.0,0.544,0.3173400000000001,,,
-0.2542,-0.0576,-1.077,-1.588,-1.061,-0.5713,-0.545,1.0,0.0,1.494,1.552,-0.4844,0.0,1.582,0.1908,0.0471,-0.1875,-0.02267,-0.4922,0.3426,0.012276,0.5884,-0.04352,0.3076,-0.1254,-0.09357,0.0,0.0,-0.0991,0.0,-0.2378,-0.6924,0.3518,0.4968,2.0,0.0,-0.5,0.09283,-0.2727,-0.2301,2.0,0.0,0.0,0.0,0.0,0.514,0.3092428,,,
-0.2603,0.1576,-1.049,-1.593,9.83,-0.5713,-0.5527,1.0,0.0,1.4375,1.494,-0.4797,0.0,1.583,-0.1917,0.0707,-0.1539,0.1636,-0.4937,0.2966999999999999,0.0002534,0.3423,0.5884,-0.04352,-0.1201,-0.0933,0.0,0.0,-0.1005,0.0,-0.228,-0.799,0.432,0.2498,2.0,0.5,-0.5,-0.03275,-0.1439,-0.09503,3.0,0.0,0.0,0.0,0.0,0.2556,0.32078,,,
-0.2693,0.362,-1.02,-1.593,1.048,-0.5713,-0.561,1.0,0.0,1.378,1.436,-0.4749,0.0,1.583,-0.1759,0.0747,-0.1214,0.3574,-0.4946,0.3151,-0.00117,0.2964,0.3423,0.5884,-0.1117,-0.0922,0.0,0.0,-0.1007,0.0,-0.2174,-0.572,0.2744,0.3474,2.0,1.0,0.0,-0.1456,-0.01353,0.0337,4.0,0.0,0.0,0.0,0.0,0.3523,0.2713375999999999,,,
-0.287,0.6753,-0.968,-1.584,0.8877,-0.5713,-0.5693,1.0,0.0,1.28,1.337,-0.4658,0.0,1.584,-0.2206,0.06464,-0.0866,0.716,-0.4968,0.5821,0.003082,0.3147,0.2964,0.3423,-0.1024,-0.0914,0.0,0.0,-0.1004,0.0,-0.1976,-0.2793,0.0744,0.424,3.0,1.0,0.5,-0.3562,0.2026,0.261,5.0,0.0,0.0,0.0,0.0,0.426,-0.1144111999999999,,,
-0.304,0.6533,-0.965,-1.57,0.10266,-0.4285,-0.577,1.0,0.0,1.273,1.333,-0.4666,0.0,1.584,-0.2194,0.0329,-0.05698,0.706,-0.497,-0.0407299999999999,0.00816,0.5815,0.3147,0.2964,-0.0945,-0.0919,0.0,0.0,-0.1,0.0,-0.1991,-0.08673,-0.0636,-0.0396,2.0,1.0,0.5,-0.3577,0.08936,0.2351,0.0,1.0,0.0,0.0,0.0,-0.0391,-0.1553551999999999,,,
-0.4004,0.562,-0.967,-1.547,0.0006776,-0.2856,-0.5854,1.0,0.0,1.27,1.346,-0.4683,0.0,1.585,-0.7827,-0.01903,-0.0359,0.6562,-0.497,-0.1021,0.00816,-0.0408,0.5815,0.3147,-0.0868,-0.0927,0.0,0.0,-0.1,0.0,-0.2026,0.378,-0.3967,-0.05698,1.0,1.0,0.5,-0.3318,-0.0351,0.1938,0.0,2.0,0.0,0.0,0.0,-0.05627,-0.0045992,,,
-0.3743,0.04214,-1.036,-1.522,-0.73,-0.1428,-0.5933,1.0,0.0,1.402,1.478,-0.4832,0.0,1.585,-0.1847,-0.0885,-0.02855,0.1401,-0.496,-0.9433,-0.01646,-0.1022,-0.0408,0.5815,-0.08514,-0.0946,0.0,0.0,-0.10223,0.0,-0.2351,0.413,-0.436,-1.087,0.0,0.5,0.5,0.11096,-0.4182,-0.1552,0.0,3.0,0.0,0.0,0.0,-1.077,0.4148240000000001,,,
-0.4294,0.2974,-0.9805,-1.494,2.342,0.0,-0.6016,1.0,0.0,1.293,1.374,-0.4734,0.0,1.586,-0.1012,-0.1602,-0.04376,0.3882,-0.4941,0.6341,-0.06494,-0.943,-0.1022,-0.0408,-0.08234,-0.09467,0.0,0.0,-0.10443,0.0,-0.214,0.56,-0.5317,0.81,0.0,0.5,0.5,-0.131,-0.11694,0.1576,1.0,0.0,0.0,0.0,0.0,0.827,0.63024,,,
-0.471,0.502,-0.9287,-1.459,0.71,0.1428,-0.61,1.0,0.0,1.195,1.279,-0.4644,0.0,1.586,0.0318,-0.2426,-0.0745,0.579,-0.4912,0.5801,-0.08936,0.6333,-0.943,-0.1022,-0.07837,-0.0946,0.0,0.0,-0.1053,0.0,-0.1942,0.814,-0.704,0.9395,0.0,1.0,1.0,-0.3403,0.1125,0.4622,2.0,0.0,0.0,0.0,0.0,0.941,0.167192,,,
-0.4504,0.504,-0.9043,-1.418,0.1368,0.2856,-0.6177,1.0,0.0,1.154,1.234,-0.4607,0.0,1.586,-0.1548,-0.2756,-0.1171,0.5596,-0.487,0.2239999999999999,-0.098,0.5796,0.6333,-0.943,-0.0747,-0.0945,0.0,0.0,-0.1056,0.0,-0.1864,1.1455,-0.937,0.2327,1.0,1.0,1.5,-0.4028,0.1616,0.588,3.0,0.0,0.0,0.0,0.0,0.2289,0.0720228,,,
-0.447,0.3882,-0.902,-1.38,-0.07764,0.4285,-0.626,1.0,0.0,1.15,1.2295,-0.4614,0.0,1.587,-0.2043,-0.2666,-0.1635,0.4568,-0.4846,-0.0402999999999999,-0.0864,0.2238,0.5796,0.6333,-0.07355,-0.0936,0.0,0.0,-0.1051,0.0,-0.1879,1.047,-0.8677,-0.02927,1.0,0.5,1.0,-0.3633,0.0926,0.544,0.0,1.0,0.0,0.0,0.0,-0.02858,0.3453360000000001,,,
-0.4248,0.661,-0.834,-1.34,0.7544,0.5713,-0.6343,1.0,0.0,1.036,1.108,-0.449,0.0,1.587,0.1685,-0.2064,-0.2036,0.7114,-0.4807,0.7686999999999999,-0.03018,-0.0404,0.2238,0.5796,-0.0691,-0.0927,0.0,0.0,-0.10187,0.0,-0.161,1.141,-0.923,0.9756,2.0,0.5,1.0,-0.5884,0.4036,0.764,1.0,0.0,0.0,0.0,0.0,0.954,-0.144044,,,
-0.352,0.435,-0.8486,-1.302,-0.1919,0.7144,-0.642,1.0,0.0,1.067,1.128,-0.453,0.0,1.588,0.3792,-0.112,-0.2196,0.451,-0.4763,-0.2369,-0.01415,0.7686,-0.0404,0.2238,-0.0652,-0.09155,0.0,0.0,-0.0976,0.0,-0.1696,1.016,-0.8374,-0.3286,1.0,0.0,1.0,-0.4563,0.2316,0.574,0.0,1.0,0.0,0.0,0.0,-0.3137,0.1283788,,,
-0.343,0.4814,-0.821,-1.267,0.2291,0.857,-0.6504,1.0,0.0,1.021,1.079,-0.4485,0.0,1.588,0.2163,0.001291,-0.1951,0.442,-0.4717,0.2787,0.007282,-0.2369,0.7686,-0.0404,-0.05634,-0.0903,0.0,0.0,-0.09314,0.0,-0.1597,0.963,-0.7954,0.5947,1.0,0.0,1.0,-0.5234,0.2957,0.602,1.0,0.0,0.0,0.0,0.0,0.5723,0.2714078,,,
-0.3901,0.6113,-0.7773,-1.2295,0.3801,0.857,-0.6587,1.0,0.0,0.947,1.011,-0.441,0.0,1.589,-0.2932,0.1102,-0.1464,0.556,-0.4683,0.454,0.02986,0.2786,-0.2369,0.7686,-0.04807,-0.0884,0.0,0.0,-0.08777,0.0,-0.1436,0.992,-0.809,0.4617,1.0,0.5,1.0,-0.6387,0.433,0.6855,2.0,0.0,0.0,0.0,0.0,0.4404,-0.0150795999999999,,,
-0.3386,0.422,-0.79,-1.197,-0.1584,0.857,-0.6665,1.0,0.0,0.9717,1.027,-0.4446,0.0,1.589,0.2795,0.1974,-0.08636,0.386,-0.466,-0.2139,0.004837,0.4536,0.2786,-0.2369,-0.043,-0.0869,0.0,0.0,-0.082,0.0,-0.1512,0.7993,-0.675,-0.162,1.0,0.5,0.5,-0.5015,0.2786,0.547,0.0,1.0,0.0,0.0,0.0,-0.1522,-0.081158,,,
-0.334,0.2993,-0.795,-1.169,-0.1276,0.857,-0.675,1.0,0.0,0.98,1.035,-0.4465,0.0,1.59,-0.2338,0.265,-0.0255,0.262,-0.464,-0.1173999999999999,-0.02359,-0.2139,0.4536,0.2786,-0.03937,-0.08624,0.0,0.0,-0.07697,0.0,-0.1555,0.653,-0.572,-0.1156,0.0,0.5,0.0,-0.4316,0.1573,0.4531,0.0,2.0,0.0,0.0,0.0,-0.10944,0.054416,,,
-0.3276,0.5015,-0.745,-1.143,0.7017,0.857,-0.683,1.0,0.0,0.902,0.9536,-0.4377,0.0,1.59,0.0656,0.301,0.02983,0.4783,-0.4626,0.5311,-0.0333,-0.1175,-0.2139,0.4536,-0.03333,-0.0855,0.0,0.0,-0.07153,0.0,-0.1365,0.647,-0.5596,0.4858,1.0,0.5,0.0,-0.5723,0.3552,0.6206,1.0,0.0,0.0,0.0,0.0,0.4614,0.2458263999999999,,,
-0.3333,0.618,-0.707,-1.112,0.3467,0.857,-0.691,1.0,0.0,0.8433,0.894,-0.4312,0.0,1.591,-0.1661,0.3164,0.08154,0.6045,-0.4604,0.3868,-0.0461,0.531,-0.1175,-0.2139,-0.02878,-0.0841,0.0,0.0,-0.0654,0.0,-0.1224,0.7734,-0.6436,0.3936,1.0,0.5,0.5,-0.652,0.4666,0.7256,2.0,0.0,0.0,0.0,0.0,0.368,-0.1788888,,,
-0.3203,0.5625,-0.6973,-1.08,0.04834,0.857,-0.699,1.0,0.0,0.8296,0.878,-0.4302,0.0,1.591,-0.6235,0.3052,0.126,0.586,-0.459,0.0574,-0.0474,0.3865,0.531,-0.1175,-0.02298,-0.08246,0.0,0.0,-0.0601,0.0,-0.1203,0.8438,-0.693,0.04294,1.0,0.5,1.0,-0.653,0.378,0.672,3.0,0.0,0.0,0.0,0.0,0.03967,0.1812868,,,
-0.3845,0.5527,-0.6724,-1.036,0.1171,0.857,-0.7075,1.0,0.0,0.7876,0.845,-0.4263,0.0,1.592,-0.8184,0.2812,0.167,0.6123,-0.456,0.2289999999999999,-0.03937,0.0573,0.3865,0.531,-0.01736,-0.07996,0.0,0.0,-0.05484,0.0,-0.1118,1.511,-1.165,0.1248,2.0,1.0,1.5,-0.699,0.3877,0.6875,4.0,0.0,0.0,0.0,0.0,0.11505,0.0876039999999999,,,
-0.421,0.547,-0.6494,-0.9966,0.1238,0.857,-0.7153,1.0,0.0,0.7505,0.813,-0.4229,0.0,1.592,-0.561,0.2522,0.2056,0.608,-0.4524,0.2085,-0.02502,0.2288,0.0573,0.3865,-0.012726,-0.07623,0.0,0.0,-0.04968,0.0,-0.10406,1.461,-1.126,0.1437,3.0,1.0,1.5,-0.7334,0.3875,0.686,5.0,0.0,0.0,0.0,0.0,0.1315,-0.175296,,,
-0.4668,0.3418,-0.6655,-0.9634,-0.2156,0.857,-0.7236,1.0,0.0,0.771,0.8413,-0.427,0.0,1.592,-0.746,0.2252,0.2391,0.3801,-0.449,-0.2445,-0.02383,0.2083,0.2288,0.0573,-0.008255,-0.0718,0.0,0.0,-0.04535,0.0,-0.1133,1.137,-0.899,-0.1929,2.0,1.0,1.0,-0.5767,0.2238,0.5063,0.0,1.0,0.0,0.0,0.0,-0.1754,0.0377056,,,
-0.4817,0.2167,-0.6704,-0.933,-0.1825,0.857,-0.732,1.0,0.0,0.7764,0.8496,-0.429,0.0,1.593,-0.4575,0.2008,0.2573,0.2588,-0.4468,-0.1137,-0.01779,-0.2445,0.2083,0.2288,-0.00379,-0.06757,0.0,0.0,-0.042,0.0,-0.1175,0.9814,-0.79,-0.0772,1.0,0.5,0.5,-0.482,0.1304,0.399,0.0,2.0,0.0,0.0,0.0,-0.07074,0.36845,,,
-0.494,0.358,-0.6245,-0.899,0.6396,0.857,-0.7397,1.0,0.0,0.709,0.782,-0.4211,0.0,1.593,-0.2329,0.1648,0.2625,0.4268,-0.445,0.4569,-0.004036,-0.1137,-0.2445,0.2083,0.0004292,-0.06274,0.0,0.0,-0.0379,0.0,-0.1006,1.131,-0.8887,0.3552,1.0,0.5,1.0,-0.63,0.2573,0.5303,1.0,0.0,0.0,0.0,0.0,0.3267,-0.3293775999999999,,,
-0.5083,0.08936,-0.6597,-0.8765,-0.52,0.857,-0.748,1.0,0.0,0.7583,0.8354,-0.429,0.0,1.594,-0.2903,0.1326,0.2546,0.1422,-0.4429,-0.4501,-0.01738,0.4565,-0.1137,-0.2445,0.001008,-0.05792,0.0,0.0,-0.03433,0.0,-0.11755,0.5596,-0.489,-0.4114,0.0,0.5,0.5,-0.3933,0.02974,0.2861,0.0,1.0,0.0,0.0,0.0,-0.3728,-0.12626868,,,
-0.582,-0.004276,-0.663,-0.8535,-0.453,0.857,-0.756,1.0,0.0,0.758,0.847,-0.4307,0.0,1.594,-0.647,0.1058,0.2347,0.05692,-0.4417,-0.09505,-0.0935,-0.45,0.4565,-0.1137,0.0009255,-0.05356,0.0,0.0,-0.02959,0.0,-0.1211,0.659,-0.5615,-0.06247,-1.0,0.5,0.5,-0.335,-0.05136,0.2177,0.0,2.0,0.0,0.0,0.0,-0.05746,0.039314,,,
-0.643,-0.01516,-0.6533,-0.833,-0.01758,0.857,-0.764,1.0,0.0,0.7383,0.837,-0.4297,0.0,1.595,-0.5522,0.0956,0.2079,0.02493,-0.4395,0.05735,-0.1511,-0.0951,-0.45,0.4565,9.83e-05,-0.0494,0.0,0.0,-0.02563,0.0,-0.11896,0.576,-0.501,0.02815,0.0,0.5,0.5,-0.3525,-0.0742,0.2194,1.0,0.0,0.0,0.0,0.0,0.02597,-0.2948516,,,
-0.639,-0.2644,-0.6924,-0.8213,-3.89,0.7144,-0.7725,0.0,0.0,0.7964,0.8965,-0.438,0.0,1.595,-0.4443,0.08545,0.1742,-0.2379,-0.4387,-0.4953,-0.1948,0.05722,-0.0951,-0.45,-0.00379,-0.04572,0.0,0.0,-0.02325,0.0,-0.1373,0.00792,-0.1038,-0.647,0.0,0.0,0.0,-0.119,-0.2917,-0.1203,0.0,1.0,0.0,0.0,0.0,-0.5957,0.6092600000000002,,,
-0.6143,0.3372,-0.567,-0.7954,-3.379,0.7144,-0.7803,1.0,0.0,0.619,0.709,-0.415,0.0,1.596,0.2688,0.0776,0.146,0.3438,-0.4363,1.3741,-0.2023,-0.495,0.05722,-0.0951,-0.000729,-0.04117,0.0,0.0,-0.01912,0.0,-0.0873,0.6934,-0.5713,1.895,0.0,0.0,0.5,-0.577,0.323,0.6973,1.0,0.0,1.0,0.0,4.484,1.771,0.712508,,,
-0.577,0.7,-0.4773,-0.7593,1.061,0.7144,-0.7886,1.0,0.0,0.503,0.5835,-0.399,0.0,1.596,0.498,0.07733,0.1191,0.7075,-0.433,0.9278,-0.169,1.373,-0.495,0.05722,0.006966,-0.03598,0.0,0.0,-0.01346,0.0,-0.05203,0.989,-0.766,1.055,1.0,0.0,1.0,-0.85,0.6514,1.107,2.0,0.0,0.0,0.0,0.0,0.946,0.1258908,,,
-0.611,0.6855,-0.4592,-0.7266,0.1132,0.7144,-0.797,1.0,0.0,0.477,0.562,-0.3962,0.0,1.597,-0.3896,0.08124,0.1025,0.674,-0.4294,0.1444,-0.11414,0.9272,1.373,-0.495,0.013336,-0.03087,0.0,0.0,-0.00868,0.0,-0.04642,0.9136,-0.71,0.1661,2.0,0.0,1.0,-0.836,0.6104,0.9634,3.0,0.0,0.0,0.0,0.0,0.1448,0.3669899999999998,,,
-0.6436,0.874,-0.4016,-0.6914,0.396,0.7144,-0.8047,1.0,0.0,0.4023,0.4907,-0.3862,0.0,1.597,-0.4485,0.0921,0.09845,0.8525,-0.426,0.5567,-0.0523,0.1442,0.9272,1.373,0.02426,-0.02545,0.0,0.0,-0.00264,0.0,-0.02455,0.958,-0.7324,0.524,2.0,0.5,1.0,-0.9404,0.769,1.028,4.0,0.0,0.0,0.0,0.0,0.4543,0.0441359999999999,,,
-0.642,0.839,-0.385,-0.6553,0.0943,0.7144,-0.813,1.0,0.0,0.382,0.4695,-0.384,0.0,1.598,-0.6284,0.1031,0.1088,0.8115,-0.4224,0.1236,0.001999,0.556,0.1442,0.9272,0.03616,-0.02046,0.0,0.0,0.003197,0.0,-0.01964,0.9736,-0.741,0.1207,3.0,1.0,1.0,-0.9023,0.716,0.898,5.0,0.0,0.0,0.0,0.0,0.1029,0.0223704,,,
-0.6074,0.7324,-0.3835,-0.621,0.00981,0.7144,-0.8213,1.0,0.0,0.383,0.4648,-0.3845,0.0,1.598,-0.4287,0.1182,0.1252,0.7104,-0.4197,-0.0350599999999999,0.04752,0.1234,0.556,0.1442,0.04767,-0.015465,0.0,0.0,0.0083,0.0,-0.02107,0.9033,-0.692,-0.0363,2.0,0.5,0.5,-0.813,0.602,0.7427,0.0,1.0,0.0,0.0,0.0,-0.03082,0.0230644,,,
-0.539,0.6113,-0.3877,-0.5913,-0.02621,0.7144,-0.829,1.0,0.0,0.3938,0.4644,-0.3862,0.0,1.598,0.2166,0.135,0.1372,0.6113,-0.4177,-0.08785,0.0653,-0.03513,0.1234,0.556,0.0609,-0.01047,0.0,0.0,0.01358,0.0,-0.02461,0.799,-0.6187,-0.054,1.0,0.5,0.0,-0.712,0.478,0.614,0.0,2.0,0.0,0.0,0.0,-0.04593,0.3669040000000001,,,
-0.4873,0.734,-0.3398,-0.553,0.3232,0.7144,-0.8374,1.0,0.0,0.3403,0.401,-0.3782,0.0,1.599,0.0436,0.162,0.1497,0.75,-0.4148,0.4412999999999999,0.08514,-0.08795,-0.03513,0.1234,0.0704,-0.00407,0.0,0.0,0.01976,0.0,-0.007,1.049,-0.7896,0.3948,1.0,1.0,0.5,-0.7954,0.598,0.6978,1.0,0.0,0.0,0.0,0.0,0.3367,0.1198735999999999,,,
-0.4846,0.6865,-0.3228,-0.5127,0.0713,0.7144,-0.8457,1.0,0.0,0.3206,0.3801,-0.3757,0.0,1.599,-0.4407,0.1925,0.1613,0.7163,-0.4116,0.1219,0.11346,0.441,-0.08795,-0.03513,0.07623,0.001876,0.0,0.0,0.02536,0.0,-0.002085,1.144,-0.8545,0.115,1.0,1.0,1.0,-0.782,0.5493,0.647,2.0,0.0,0.0,0.0,0.0,0.0967,0.2476324,,,
-0.509,0.733,-0.2888,-0.4744,0.1978,0.7144,-0.8535,1.0,0.0,0.2793,0.3416,-0.3704,0.0,1.6,-0.4912,0.2151,0.1698,0.802,-0.4092,0.2948,0.1534,0.12177,0.441,-0.08795,0.0828,0.007603,0.0,0.0,0.03088,0.0,0.0099,1.12,-0.8325,0.1132,1.0,1.5,1.0,-0.827,0.581,0.6562,3.0,0.0,0.0,0.0,0.0,0.0949,0.24163008,,,
-0.536,0.7354,-0.2583,-0.4282,0.1365,0.7144,-0.862,1.0,0.0,0.2426,0.308,-0.3655,0.0,1.6,-0.7754,0.2478,0.1818,0.8057,-0.4048,0.2577,0.1927,0.2947,0.12177,0.441,0.08813,0.01341,0.0,0.0,0.03674,0.0,0.02046,1.472,-1.079,0.2378,2.0,1.5,1.5,-0.84,0.61,0.6484,4.0,0.0,0.0,0.0,0.0,0.1974,0.372104,,,
-0.5156,0.9336,-0.1829,-0.3735,0.3926,0.7144,-0.862,1.0,1.0,0.1615,0.2212,-0.3523,0.0,1.601,-0.1779,0.2922,0.2073,1.0,-0.3992,0.6988,0.26,0.2576,0.2947,0.12177,0.09625,0.02007,0.0,0.0,0.04346,0.0,0.04935,1.574,-1.167,0.9414,3.0,1.5,2.0,-0.9883,0.8296,0.759,5.0,0.0,0.0,0.0,0.0,0.7754,-0.0149904,,,
-0.518,0.7373,-0.1871,-0.3203,-0.0732,0.7144,-0.862,1.0,1.0,0.166,0.2261,-0.3538,0.0,1.601,-0.7,0.333,0.239,0.8506,-0.3955,-0.0833,0.3074,0.698,0.2576,0.2947,0.1041,0.02588,0.0,0.0,0.0497,0.0,0.0458,1.546,-1.121,-0.071,2.0,1.0,1.5,-0.882,0.677,0.627,0.0,1.0,0.0,0.0,0.0,-0.0572,-0.2663108,,,
-0.445,0.2788,-0.2462,-0.2676,-0.465,0.857,-0.87,1.0,0.0,0.2365,0.2866,-0.3657,0.0,1.602,0.10315,0.3862,0.291,0.3418,-0.3884,-0.6186,0.306,-0.0834,0.698,0.2576,0.1093,0.03119,0.0,0.0,0.05524,0.0,0.01965,1.415,-1.039,-0.742,1.0,0.5,1.5,-0.5933,0.3093,0.373,0.0,2.0,0.0,0.0,0.0,-0.6,-0.0520793999999999,,,
-0.5664,0.3967,-0.1938,-0.2239,0.4832,0.857,-0.87,1.0,1.0,0.1693,0.2375,-0.357,0.0,1.602,-0.5073,0.4448,0.3489,0.422,-0.383,0.4604999999999999,0.3047,-0.618,-0.0834,0.698,0.1147,0.03674,0.0,0.0,0.06177,0.0,0.03867,1.311,-0.9556,0.4402,1.0,0.5,1.5,-0.7344,0.4146,0.4612,1.0,0.0,0.0,0.0,0.0,0.3628,-0.2987584,,,
-0.6445,0.2229,-0.2095,-0.1924,-0.2551,0.857,-0.87,1.0,1.0,0.18,0.2615,-0.3608,0.0,1.603,-0.673,0.498,0.4028,0.2122,-0.379,-0.2016,0.2986,0.4602,-0.618,-0.0834,0.1185,0.04163,0.0,0.0,0.0672,0.0,0.03018,0.9697,-0.7163,-0.2212,0.0,0.5,1.0,-0.591,0.2686,0.3472,0.0,1.0,0.0,0.0,0.0,-0.1797,0.0766836,,,
-0.6416,0.1874,-0.1969,-0.1613,0.008644,0.857,-0.87,1.0,1.0,0.1666,0.2472,-0.3596,0.0,1.603,-0.377,0.54,0.4482,0.1659,-0.3757,0.0678,0.2632,-0.2017,0.4602,-0.618,0.1212,0.0468,0.0,0.0,0.0735,0.0,0.033,0.9507,-0.7017,0.05658,0.0,1.0,1.0,-0.59,0.2169,0.328,1.0,0.0,0.0,0.0,0.0,0.04626,-0.0167539999999999,,,
-0.6084,0.1996,-0.1775,-0.135,0.182,0.857,-0.87,1.0,1.0,0.1484,0.223,-0.357,0.0,1.604,-0.02159,0.5674,0.4805,0.169,-0.3733,0.1351,0.2085,0.0676,-0.2017,0.4602,0.1234,0.05225,0.0,0.0,0.08014,0.0,0.0386,0.828,-0.612,0.1483,1.0,1.0,1.0,-0.593,0.2205,0.3376,2.0,0.0,0.0,0.0,0.0,0.12103,-0.259144,,,
-0.5884,-0.0676,-0.2212,-0.11566,-0.883,0.857,-0.878,1.0,0.0,0.1974,0.27,-0.3662,0.0,1.604,-0.668,0.5757,0.499,-0.0979,-0.372,-0.4706,0.1226,0.135,0.0676,-0.2017,0.1198,0.05664,0.0,0.0,0.0859,0.0,0.01881,0.4185,-0.3281,-0.503,1.0,0.5,0.5,-0.3406,-0.0007935,0.131,0.0,1.0,0.0,0.0,0.0,-0.4084,-0.4439299999999999,,,
-0.5435,-0.4348,-0.291,-0.1036,-14.766,0.7144,-0.886,0.0,0.0,0.279,0.347,-0.3801,0.0,1.604,-0.4568,0.5586,0.4963,-0.4663,-0.3713,-0.7333000000000001,-0.04324,-0.4705,0.135,0.0676,0.1131,0.05975,0.0,0.0,0.0911,0.0,-0.01156,0.01656,-0.05444,-0.7944,0.0,0.0,0.5,0.01104,-0.3018,-0.2634,0.0,2.0,0.0,1.0,-3.477,-0.6553,-0.3675755999999999,,,
-0.536,-0.6553,-0.332,-0.09467,0.801,0.5713,-0.8945,0.0,0.0,0.3274,0.3955,-0.3887,0.0,1.6045,0.1117,0.5034,0.4756,-0.662,-0.3726,-0.4713,-0.1224,-0.7334,-0.4705,0.135,0.10724,0.0623,0.0,0.0,0.0935,0.0,-0.03064,-0.1532,0.05835,-0.5884,0.0,-0.5,0.5,0.2001,-0.4963,-0.6177,0.0,3.0,0.0,0.0,0.0,-0.4963,0.6439860000000001,,,
-0.5723,-0.3179,-0.2546,-0.0848,-0.4949,0.4285,-0.9023,0.0,0.0,0.2356,0.307,-0.3755,0.0,1.6045,-0.3757,0.4258,0.4446,-0.3223,-0.3726,0.7267,-0.1636,-0.4712,-0.7334,-0.4705,0.10254,0.06537,0.0,0.0,0.09564,0.0,-0.00174,-0.03876,-0.01062,0.917,0.0,-0.5,0.5,-0.0794,-0.1392,-0.2325,1.0,0.0,0.0,0.0,0.0,0.7856,0.0740739999999999,,,
-0.5605,-0.2876,-0.2424,-0.0758,-0.004093,0.2856,-0.9106,0.0,0.0,0.223,0.292,-0.3743,0.0,1.605,-0.269,0.3296,0.4058,-0.2827,-0.3728,0.06944,-0.2041,0.726,-0.4712,-0.7334,0.0991,0.06836,0.0,0.0,0.09766,0.0,0.001053,-0.05933,0.0053,0.0794,0.0,0.0,0.5,-0.1105,-0.131,-0.2374,2.0,0.0,0.0,0.0,0.0,0.06647,0.04552112,,,
-0.4783,-0.6226,-0.315,-0.07837,1.869,0.1428,-0.9185,0.0,0.0,0.312,0.37,-0.3884,0.0,1.605,0.2445,0.2009,0.359,-0.6235,-0.3738,-0.7606,-0.199,0.0693,0.726,-0.4712,0.0918,0.0707,0.0,0.0,0.0974,0.0,-0.03001,-0.4568,0.2754,-0.788,0.0,0.0,0.0,0.2332,-0.4363,-0.789,0.0,1.0,0.0,0.0,0.0,-0.6587,-0.0415039999999999,,,
-0.4717,-0.5503,-0.303,-0.08356,-0.009346,0.0,-0.927,0.0,0.0,0.2986,0.3552,-0.3872,0.0,1.606,-0.4695,0.05722,0.3015,-0.5117,-0.377,0.07096,-0.1925,-0.7603,0.0693,0.726,0.0841,0.07324,0.0,0.0,0.0971,0.0,-0.02725,-0.5425,0.338,0.1594,1.0,0.0,0.0,0.1516,-0.42,-0.722,1.0,0.0,0.0,0.0,0.0,0.1365,0.389264,,,
-0.508,-0.1587,-0.2235,-0.0889,-0.759,-0.1428,-0.935,0.0,0.0,0.2063,0.266,-0.3735,0.0,1.606,-0.3784,-0.0744,0.2369,-0.12463,-0.3784,0.7421,-0.2048,0.0708,-0.7603,0.0693,0.08215,0.0761,0.0,0.0,0.09814,0.0,0.002367,-0.5347,0.345,0.534,2.0,0.5,0.0,-0.1249,-0.0615,-0.2229,2.0,0.0,0.0,0.0,0.0,0.4565,0.2117132,,,
-0.4946,0.06537,-0.1766,-0.08966,-2.959,-0.1428,-0.935,1.0,1.0,0.1565,0.2125,-0.3657,0.0,1.607,-0.3467,-0.2118,0.1619,0.0984,-0.3794,0.4147,-0.2218,0.7417,0.0708,-0.7603,0.0858,0.08,0.0,0.0,0.1,0.0,0.01929,-0.3276,0.2048,0.3042,2.0,0.5,0.5,-0.2847,0.0809,0.05307,3.0,0.0,0.0,0.0,0.0,0.254,0.1875959999999999,,,
-0.5356,0.3228,-0.1139,-0.0771,2.008,-0.1428,-0.935,1.0,1.0,0.0875,0.1482,-0.355,0.0,1.607,-0.215,-0.2957,0.0821,0.3657,-0.379,0.5626,-0.2129,0.4143,0.7417,0.0708,0.0944,0.0846,0.0,0.0,0.10205,0.0,0.04254,0.11584,-0.10144,0.666,2.0,0.5,1.0,-0.469,0.2827,0.4365,4.0,0.0,0.0,0.0,0.0,0.549,0.1505156,,,
-0.5674,0.3347,-0.1061,-0.0691,0.1648,-0.1428,-0.935,1.0,1.0,0.07697,0.1425,-0.3545,0.0,1.608,-0.844,-0.3242,-0.001058,0.3965,-0.3794,0.0336,-0.2037,0.5625,0.4143,0.7417,0.0998,0.0892,0.0,0.0,0.104,0.0,0.04395,-0.0395,0.010056,0.00849,3.0,1.0,1.0,-0.4458,0.2386,0.4067,5.0,0.0,0.0,0.0,0.0,0.006878,-0.0869304,,,
-0.524,0.2367,-0.12085,-0.06003,-0.1183,-0.1428,-0.935,1.0,1.0,0.0957,0.1545,-0.358,0.0,1.608,-0.2101,-0.3179,-0.0953,0.316,-0.38,-0.184,-0.1984,0.0335,0.5625,0.4143,0.10394,0.09406,0.0,0.0,0.1051,0.0,0.03616,-0.0324,0.001591,-0.11847,2.0,1.0,1.0,-0.3267,0.12494,0.2361,0.0,1.0,0.0,0.0,0.0,-0.0958,0.3235455999999999,,,
-0.5386,0.4358,-0.0695,-0.04657,0.8027,-0.1428,-0.935,1.0,1.0,0.04224,0.1019,-0.3496,0.0,1.609,-0.4119,-0.308,-0.1875,0.5146,-0.3792,0.4377999999999999,-0.1787,-0.1841,0.0335,0.5625,0.1139,0.098,0.0,0.0,0.10657,0.0,0.05447,0.1054,-0.08875,0.376,2.0,1.5,1.0,-0.4492,0.2832,0.503,1.0,0.0,0.0,0.0,0.0,0.306,0.0669356,,,
-0.5503,0.1885,-0.11835,-0.04068,-0.378,-0.1428,-0.935,1.0,1.0,0.09094,0.154,-0.3594,0.0,1.609,-0.3774,-0.3027,-0.2659,0.2788,-0.38,-0.4982,-0.189,0.4375,-0.1841,0.0335,0.121,0.10046,0.0,0.0,0.1059,0.0,0.0333,-0.1368,0.0749,-0.2566,1.0,1.0,0.5,-0.2083,0.03375,0.1616,0.0,1.0,0.0,0.0,0.0,-0.2059,-0.382576,,,
-0.539,-0.05014,-0.165,-0.0344,-0.8115,-0.1428,-0.935,1.0,1.0,0.1407,0.2036,-0.3687,0.0,1.609,-0.6226,-0.308,-0.341,0.0453,-0.3801,-0.4892,-0.2007,-0.498,0.4375,-0.1841,0.12225,0.1021,0.0,0.0,0.10455,0.0,0.01282,-0.1428,0.0701,-0.3347,0.0,0.5,0.5,-0.003504,-0.206,-0.17,0.0,2.0,0.0,0.0,0.0,-0.273,-0.2437628000000001,,,
-0.5312,-0.2269,-0.1959,-0.02365,-5.926,-0.1428,-0.935,0.0,1.0,0.1743,0.2369,-0.3752,0.0,1.61,-0.659,-0.3254,-0.379,-0.12085,-0.3801,-0.3424,-0.1968,-0.489,-0.498,0.4375,0.1198,0.1028,0.0,0.0,0.1037,0.0,-0.001323,0.002243,-0.03958,-0.3545,-1.0,0.5,0.5,0.1298,-0.3582,-0.4033,0.0,3.0,0.0,1.0,-2.584,-0.2935,-0.0781476,,,
-0.579,-0.2362,-0.1873,-0.007168,0.2018,-0.1428,-0.935,0.0,1.0,0.1611,0.2312,-0.3745,0.0,1.61,-0.5073,-0.3462,-0.391,-0.1353,-0.379,0.03474,-0.2026,-0.3425,-0.489,-0.498,0.11487,0.1034,0.0,0.0,0.1021,0.0,6.974e-05,0.212,-0.1887,0.0251,0.0,0.5,1.0,0.07025,-0.3672,-0.3477,1.0,0.0,0.0,0.0,0.0,0.02101,-0.7379624000000001,,,
-0.4028,-0.831,-0.3184,-0.01296,4.24,-0.1428,-0.943,0.0,0.0,0.322,0.3682,-0.3992,0.0,1.611,0.9976,-0.3577,-0.38,-0.677,-0.3826,-1.3139,-0.1494,0.0346,-0.3425,-0.489,0.10345,0.1025,0.0,0.0,0.09863,0.0,-0.0536,-0.552,0.3328,-2.898,-1.0,0.0,0.5,0.676,-0.864,-1.106,0.0,1.0,0.0,1.0,-4.832,-2.422,-0.6414818800000001,,,
-0.3179,-1.196,-0.4065,-0.0292,0.6533,-0.1428,-0.951,0.0,0.0,0.4343,0.4697,-0.416,0.0,1.611,0.1313,-0.3484,-0.3545,-1.03,-0.386,-0.9379,-0.04932,-1.314,0.0346,-0.3425,0.0886,0.10065,0.0,0.0,0.09357,0.0,-0.09033,-0.804,0.497,-1.175,-1.0,-0.5,0.0,1.027,-1.211,-1.282,0.0,2.0,0.0,0.0,0.0,-1.024,-0.281836,,,
-0.2722,-1.48,-0.4775,-0.04623,0.4062,-0.1428,-0.951,0.0,0.0,0.5273,0.558,-0.4297,0.0,1.612,0.525,-0.2585,-0.2969,-1.21,-0.3933,-0.7809,0.0708,-0.9375,-1.314,0.0346,0.0682,0.09753,0.0,0.0,0.087,0.0,-0.12,-0.797,0.4785,-1.729,-1.0,-1.0,0.0,1.314,-1.427,-1.282,0.0,3.0,0.0,0.0,0.0,-1.553,-0.021694,,,
-0.2056,-1.496,-0.4927,-0.0664,0.1449,-0.1428,-0.951,0.0,0.0,0.5522,0.573,-0.433,0.0,1.612,0.3196,-0.1367,-0.2292,-1.178,-0.3984,-0.2095,0.1785,-0.7803,-0.9375,-1.314,0.04932,0.09406,0.0,0.0,0.08093,0.0,-0.1278,-0.866,0.5244,-0.3423,-1.0,-1.5,-0.5,1.262,-1.429,-1.159,0.0,4.0,0.0,0.0,0.0,-0.3152,-0.051848,,,
-0.1769,-1.337,-0.4749,-0.09296,0.01334,-0.1428,-0.951,0.0,0.0,0.5317,0.547,-0.431,0.0,1.613,0.2651,-0.02757,-0.1674,-1.037,-0.4016,0.1344,0.2605,-0.2095,-0.7803,-0.9375,0.03345,0.09033,0.0,0.0,0.0763,0.0,-0.12286,-1.148,0.7285,0.1298,-1.0,-1.0,-0.5,1.075,-1.264,-0.9717,1.0,0.0,0.0,0.0,0.0,0.12024,-0.7259439999999999,,,
0.004463,-1.668,-0.5693,-0.1344,0.4153,-0.2856,-0.951,0.0,0.0,0.672,0.6616,-0.4487,0.0,1.613,1.458,0.11035,-0.0836,-1.347,-0.4084,-1.0499,0.3838,0.1342,-0.2095,-0.7803,0.01466,0.08527,0.0,0.0,0.07086,0.0,-0.1617,-1.473,0.962,-1.952,-1.0,-1.5,-1.0,1.467,-1.619,-1.094,0.0,1.0,0.0,0.0,0.0,-1.802,1.0394840000000003,,,
0.00887,-1.006,-0.4536,-0.1715,-0.3125,-0.4285,-0.951,0.0,0.0,0.5195,0.504,-0.429,0.0,1.614,0.738,0.2532,0.00784,-0.6543,-0.4143,1.2041,0.4277,-1.05,0.1342,-0.2095,0.00076,0.08057,0.0,0.0,0.06604,0.0,-0.11865,-1.264,0.812,1.695,0.0,-1.0,-1.0,0.8804,-0.8867,-0.7163,1.0,0.0,0.0,0.0,0.0,1.618,-0.9276903999999998,,,
0.2401,-1.473,-0.5815,-0.2228,0.6724,-0.5713,-0.951,0.0,0.0,0.7075,0.659,-0.4526,0.0,1.614,0.1781,0.3901,0.09906,-1.169,-0.4194,-1.3889,0.52,1.204,-1.05,0.1342,-0.01289,0.0746,0.0,0.0,0.05896,0.0,-0.1702,-1.425,0.905,-2.46,0.0,-1.0,-1.5,1.487,-1.375,-0.9355,0.0,1.0,0.0,0.0,0.0,-2.264,0.5018520000000001,,,
0.2355,-0.9927,-0.5093,-0.2651,-0.2352,-0.7144,-0.951,0.0,0.0,0.6094,0.559,-0.4407,0.0,1.615,-0.1715,0.5073,0.1832,-0.7363,-0.4233,0.7361,0.572,-1.389,1.204,-1.05,-0.01918,0.07,0.0,0.0,0.05423,0.0,-0.1442,-1.158,0.726,1.056,1.0,-0.5,-1.0,1.059,-0.908,-0.708,1.0,0.0,0.0,0.0,0.0,1.016,-0.147032,,,
0.2876,-0.889,-0.519,-0.3142,0.011826,-0.857,-0.951,0.0,0.0,0.6265,0.568,-0.443,0.0,1.615,0.3003,0.614,0.2754,-0.6616,-0.429,-0.1554,0.62,0.736,-1.389,1.204,-0.02266,0.06476,0.0,0.0,0.04916,0.0,-0.1498,-1.344,0.8555,-0.2961,0.0,-1.0,-1.5,1.024,-0.912,-0.6816,0.0,1.0,0.0,0.0,0.0,-0.2783,0.4661447999999999,,,
0.32,-0.3535,-0.434,-0.3496,-0.5747,-1.0,-0.951,0.0,0.0,0.5195,0.4524,-0.429,0.0,1.615,0.7617,0.685,0.3533,-0.2036,-0.431,0.8601,0.625,-0.1555,0.736,-1.389,-0.02158,0.0606,0.0,0.0,0.04413,0.0,-0.1188,-0.9985,0.623,1.035,1.0,-0.5,-1.0,0.601,-0.4458,-0.4668,1.0,0.0,0.0,0.0,0.0,0.977,0.1712504,,,
0.3418,-0.02806,-0.3855,-0.3743,-1.145,-1.0,-0.951,1.0,0.0,0.4614,0.389,-0.4211,0.0,1.616,-0.06793,0.718,0.4165,0.05908,-0.4324,0.4569,0.6035,0.8594,-0.1555,0.736,-0.0191,0.05685,0.0,0.0,0.03912,0.0,-0.10187,-0.782,0.4763,0.4473,1.0,0.0,-0.5,0.379,-0.2098,-0.3394,2.0,0.0,0.0,0.0,0.0,0.4114,-0.1198,,,
0.318,-0.05417,-0.4062,-0.3972,-0.3909,-0.857,-0.951,1.0,0.0,0.485,0.417,-0.4258,0.0,1.616,-0.629,0.715,0.4666,-0.00827,-0.4346,-0.2626,0.555,0.4565,0.8594,-0.1555,-0.01322,0.05264,0.0,0.0,0.0327,0.0,-0.11176,-0.7646,0.4592,-0.1714,1.0,0.0,-0.5,0.4817,-0.2888,-0.3623,0.0,1.0,0.0,0.0,0.0,-0.1554,-0.0257323999999999,,,
0.3118,0.4314,-0.3208,-0.4126,18.77,-0.7144,-0.951,1.0,0.0,0.3823,0.312,-0.4114,0.0,1.617,-0.1346,0.6523,0.502,0.4233,-0.4355,0.8321,0.4841,-0.2625,0.4565,0.8594,-0.00876,0.0499,0.0,0.0,0.02757,0.0,-0.08075,-0.547,0.3174,0.9233,1.0,0.5,-0.5,0.0911,0.04633,-0.1372,1.0,0.0,0.0,0.0,0.0,0.844,-0.2839947999999999,,,
0.2078,0.2328,-0.3643,-0.418,-0.2808,-0.5713,-0.951,1.0,0.0,0.425,0.3733,-0.42,0.0,1.617,0.02339,0.574,0.529,0.2585,-0.438,-0.4791,0.4114,0.832,-0.2625,0.4565,-0.0003982,0.04745,0.0,0.0,0.02197,0.0,-0.0991,-0.3738,0.186,-0.435,1.0,0.0,-0.5,0.2703,-0.1874,-0.2197,0.0,1.0,0.0,0.0,0.0,-0.3877,-0.4423488,,,
0.2908,-0.11475,-0.435,-0.421,-1.049,-0.5713,-0.951,0.0,0.0,0.5186,0.456,-0.433,0.0,1.618,0.9463,0.4646,0.536,-0.1042,-0.4387,-0.7675,0.2974,-0.479,0.832,-0.2625,0.001505,0.04477,0.0,0.0,0.0144,0.0,-0.128,-0.331,0.1427,-0.9536,0.0,0.0,-0.5,0.578,-0.503,-0.3892,0.0,2.0,0.0,0.0,0.0,-0.8623,1.2714439999999998,,,
0.2355,0.7324,-0.2515,-0.3972,-14.766,-0.4285,-0.951,1.0,0.0,0.2969,0.2366,-0.4019,0.0,1.618,0.712,0.3557,0.5234,0.764,-0.4377,1.8601,0.1932,-0.767,-0.479,0.832,0.01209,0.04315,0.0,0.0,0.01056,0.0,-0.05963,0.2505,-0.2421,2.436,0.0,0.0,0.0,-0.115,0.371,0.2247,1.0,0.0,0.0,0.0,0.0,2.258,0.066264,,,
0.1937,0.6646,-0.2477,-0.372,0.0445,-0.2856,-0.951,1.0,0.0,0.289,0.2356,-0.4019,0.0,1.619,-0.2903,0.2358,0.49,0.732,-0.4365,0.0001,0.1085,1.859,-0.767,-0.479,0.01904,0.04147,0.0,0.0,0.007565,0.0,-0.05963,0.3025,-0.2793,0.0,0.0,0.0,0.0,-0.0897,0.3298,0.3022,0.0,0.0,0.0,0.0,0.0,0.0,-0.191718,,,
0.2627,0.0876,-0.3547,-0.36,-0.6934,-0.1428,-0.951,1.0,0.0,0.4182,0.3572,-0.4211,0.0,1.619,-0.2094,0.08734,0.436,0.1655,-0.436,-1.0869,0.01678,0.0,1.859,-0.767,0.01904,0.0395,0.0,0.0,0.003403,0.0,-0.102,0.01715,-0.0943,-0.907,-1.0,-0.5,-0.5,0.3909,-0.1473,-0.06464,0.0,1.0,0.0,0.0,0.0,-0.795,0.1124144,,,
0.1366,0.2365,-0.3062,-0.3323,1.075,0.0,-0.951,1.0,0.0,0.351,0.3088,-0.4133,0.0,1.62,0.03195,-0.04898,0.3486,0.3345,-0.4343,0.4503,-0.1002,-1.087,0.0,1.859,0.02219,0.03787,0.0,0.0,-0.0001173,0.0,-0.0851,0.334,-0.313,0.2942,0.0,0.0,0.0,0.159,0.01584,0.25,1.0,0.0,0.0,0.0,0.0,0.2666,0.481992,,,
0.04932,0.4517,-0.2482,-0.3105,0.857,0.1428,-0.951,1.0,0.0,0.278,0.248,-0.404,0.0,1.62,-0.0806,-0.1665,0.2494,0.5464,-0.4326,0.5367,-0.1132,0.45,-1.087,0.0,0.0241,0.036,0.0,0.0,-0.0005574,0.0,-0.06464,0.2267,-0.2274,0.526,1.0,0.0,0.0,-0.09125,0.1852,0.569,2.0,0.0,0.0,0.0,0.0,0.4705,-0.9491552,,,
0.112,-0.304,-0.3862,-0.2886,-1.382,0.1428,-0.951,0.0,0.0,0.444,0.409,-0.429,0.0,1.621,0.714,-0.2502,0.1355,-0.2493,-0.4292,-1.4009,-0.118,0.536,0.45,-1.087,0.02177,0.03217,0.0,0.0,-0.00173,0.0,-0.11896,0.2078,-0.2377,-1.652,0.0,-0.5,0.0,0.551,-0.391,-0.2103,0.0,1.0,0.0,0.0,0.0,-1.453,-0.7231119999999999,,,
0.2295,-0.8564,-0.4966,-0.2854,2.783,0.1428,-0.951,0.0,0.0,0.5923,0.5425,-0.449,0.0,1.621,0.4912,-0.307,0.03534,-0.8066,-0.4294,-1.1799,-0.0897,-1.4,0.536,0.45,0.01772,0.02644,0.0,0.0,-0.00349,0.0,-0.1627,-0.1973,0.03207,-1.268,0.0,-0.5,-0.5,1.079,-0.8125,-0.788,0.0,2.0,0.0,1.0,-7.54,-1.165,-0.0524667999999999,,,
0.2598,-0.9224,-0.5083,-0.2827,0.2241,0.1428,-0.951,0.0,0.0,0.6104,0.556,-0.452,0.0,1.621,0.5757,-0.3054,-0.0603,-0.913,-0.4287,-0.1778,-0.05945,-1.179,-1.4,0.536,0.004898,0.02051,0.0,0.0,-0.00519,0.0,-0.1691,-0.201,0.03195,-0.1655,0.0,-1.0,-0.5,1.045,-0.8438,-0.8057,0.0,3.0,0.0,0.0,0.0,-0.1581,0.027276,,,
0.1742,-0.9727,-0.5254,-0.2935,0.1973,0.1428,-0.951,0.0,0.0,0.6265,0.5864,-0.4556,0.0,1.622,-0.367,-0.3,-0.1644,-0.981,-0.43,-0.2184,-0.02325,-0.1777,-1.179,-1.4,-0.008835,0.01456,0.0,0.0,-0.00742,0.0,-0.1769,-0.4385,0.1981,-0.1908,-1.0,-1.0,-1.0,1.05,-0.87,-0.8237,0.0,4.0,0.0,0.0,0.0,-0.1832,-0.5329879999999998,,,
0.2141,-1.209,-0.5874,-0.3152,0.417,0.0,-0.951,0.0,0.0,0.7134,0.67,-0.4668,0.0,1.622,0.03833,-0.3005,-0.2495,-1.227,-0.4326,-0.6999,0.02422,-0.2184,-0.1777,-1.179,-0.02051,0.00741,0.0,0.0,-0.00906,0.0,-0.2015,-0.674,0.3552,-0.5215,-2.0,-1.0,-1.5,1.301,-1.072,-1.027,0.0,5.0,0.0,1.0,-4.05,-0.5044,0.6574236000000002,,,
0.2423,-0.7656,-0.5054,-0.3267,-0.2869,-0.1428,-0.951,0.0,0.0,0.605,0.553,-0.4534,0.0,1.623,0.3552,-0.3008,-0.315,-0.797,-0.4343,0.8591,0.0465,-0.6997,-0.2184,-0.1777,-0.03069,0.001678,0.0,0.0,-0.01126,0.0,-0.172,-0.4263,0.1914,0.486,-1.0,-1.0,-1.0,0.834,-0.5986,-0.64,1.0,0.0,0.0,0.0,0.0,0.4805,0.701878,,,
0.2384,-0.1093,-0.3792,-0.335,-0.8916,-0.2856,-0.951,0.0,0.0,0.4456,0.3894,-0.432,0.0,1.623,0.773,-0.2986,-0.3591,-0.1348,-0.4363,1.3141,0.02562,0.8584,-0.6997,-0.2184,-0.0378,-0.002172,0.0,0.0,-0.009384,0.0,-0.1254,-0.331,0.1439,1.943,0.0,-0.5,-1.0,0.2815,0.0429,-0.155,2.0,0.0,1.0,0.0,7.87,1.87,0.4898519999999998,,,
0.195,0.2795,-0.2979,-0.3298,-14.695,-0.2856,-0.951,1.0,0.0,0.3462,0.2942,-0.4182,0.0,1.624,-0.0976,-0.3057,-0.3896,0.262,-0.4365,0.8038,0.02599,1.313,0.8584,-0.6997,-0.03506,-0.0048,0.0,0.0,-0.007362,0.0,-0.0958,-0.07623,-0.02483,0.6616,1.0,0.0,-0.5,-0.039,0.366,0.1537,3.0,0.0,0.0,0.0,0.0,0.612,0.072988,,,
0.07025,0.274,-0.2898,-0.3164,0.1173,-0.1428,-0.951,1.0,0.0,0.327,0.2947,-0.4172,0.0,1.624,-0.638,-0.3186,-0.397,0.2825,-0.4363,0.0561,0.02176,0.803,1.313,0.8584,-0.02696,-0.00741,0.0,0.0,-0.005016,0.0,-0.0937,0.0967,-0.1473,0.0513,2.0,0.0,0.0,-0.12085,0.263,0.1475,4.0,0.0,0.0,0.0,0.0,0.04626,1.4046248,,,
0.07666,1.349,-0.06158,-0.3008,3.363,-0.1428,-0.943,1.0,1.0,0.0836,0.0429,-0.3782,0.0,1.625,0.1092,-0.3162,-0.3896,1.16,-0.4287,2.2541,0.1185,0.05597,0.803,1.313,-0.008095,-0.006123,0.0,0.0,-0.0004106,0.0,-0.00839,0.1786,-0.1682,5.656,3.0,0.0,0.0,-0.823,1.196,0.8984,5.0,0.0,1.0,0.0,7.926,5.094,0.298764,,,
0.06104,1.475,-0.0213,-0.281,0.2279,-0.1428,-0.935,1.0,1.0,0.04263,0.003202,-0.3713,0.0,1.625,-0.4468,-0.2935,-0.367,1.261,-0.4255,0.3656,0.2183,2.254,0.05597,0.803,0.01342,-0.003397,0.0,0.0,0.004105,0.0,0.006397,0.2449,-0.209,0.4272,3.0,0.5,0.5,-0.8916,1.185,0.8535,5.92,0.0,0.0,0.0,0.0,0.3594,-0.26853,,,
0.007565,1.296,-0.0353,-0.2507,0.01046,-0.1428,-0.927,1.0,1.0,0.05203,0.02174,-0.3738,0.0,1.626,-0.5737,-0.2583,-0.3357,1.109,-0.423,-0.1376,0.2908,0.3652,2.254,0.05597,0.03717,0.0,0.0,0.0,0.0088,0.0,0.0007267,0.4824,-0.381,-0.1282,2.0,0.5,0.5,-0.7495,1.004,0.684,0.0,1.0,0.0,0.0,0.0,-0.1066,0.0704695999999999,,,
0.00572,1.361,-0.0004783,-0.2216,0.1838,-0.1428,-0.9185,1.0,1.0,0.018,-0.01305,-0.3682,0.0,1.626,0.1082,-0.213,-0.3022,1.208,-0.421,0.3111,0.3662,-0.1376,0.3652,2.254,0.05893,0.00397,0.0,0.0,0.012726,0.0,0.013405,0.4648,-0.363,0.2554,2.0,1.0,0.5,-0.786,1.015,0.679,1.0,0.0,0.0,0.0,0.0,0.2133,0.2014311999999999,,,
-0.0352,1.45,0.03815,-0.1942,0.1992,-0.1428,-0.9106,1.0,1.0,-0.02208,-0.04764,-0.3616,0.0,1.626,-0.4595,-0.1633,-0.2742,1.332,-0.4192,0.3424,0.4485,0.3108,-0.1376,0.3652,0.0769,0.008194,0.0,0.0,0.018,0.0,0.0275,0.4377,-0.3374,0.2686,2.0,1.5,0.5,-0.87,0.991,0.668,2.0,0.0,0.0,0.0,0.0,0.2222,-0.0445976,,,
-0.1592,1.395,0.05972,-0.1498,0.09454,0.0,-0.9023,1.0,1.0,-0.05225,-0.05826,-0.358,0.0,1.627,-0.8022,-0.09424,-0.2397,1.323,-0.4155,0.1863999999999999,0.5156,0.342,0.3108,-0.1376,0.0923,0.013725,0.0,0.0,0.02481,0.0,0.03525,0.9204,-0.678,0.1555,2.0,1.5,1.0,-0.8877,0.912,0.6177,3.0,0.0,0.0,0.0,0.0,0.1272,-0.136004,,,
-0.2478,1.092,0.03635,-0.09534,-0.0857,0.1428,-0.8945,1.0,1.0,-0.0374,-0.02832,-0.3623,0.0,1.627,-0.4797,0.004784,-0.1848,1.045,-0.4102,-0.2188,0.5693,0.1862,0.342,0.3108,0.1063,0.01779,0.0,0.0,0.02838,0.0,0.02605,1.292,-0.9478,-0.1664,1.0,1.5,1.0,-0.71,0.731,0.5024,0.0,1.0,0.0,0.0,0.0,-0.1354,0.0006728,,,
-0.3193,1.311,0.1309,-0.03,0.3328,0.2856,-0.886,1.0,1.0,-0.13,-0.11206,-0.346,0.0,1.628,-0.4375,0.1342,-0.1082,1.294,-0.4036,0.8478,0.6553,-0.2188,0.1862,0.342,0.1145,0.02429,0.0,0.0,0.03342,0.0,0.0613,1.447,-1.043,0.6743,2.0,1.5,1.5,-0.9155,1.005,0.623,1.0,0.0,0.0,0.0,0.0,0.5527,0.1605251999999999,,,
-0.3174,1.179,0.1542,0.04016,0.032,0.4285,-0.878,1.0,1.0,-0.1506,-0.1335,-0.342,0.0,1.628,-0.4011,0.2822,-0.0156,1.201,-0.397,0.1982,0.7324,0.847,-0.2188,0.1862,0.12195,0.0303,0.0,0.0,0.0406,0.0,0.06976,1.552,-1.114,0.1814,2.0,1.5,2.0,-0.9106,0.9536,0.5796,2.0,0.0,0.0,0.0,0.0,0.1448,-0.1395976,,,
-0.366,0.893,0.1475,0.1165,-0.1087,0.5713,-0.87,1.0,1.0,-0.1486,-0.1234,-0.3435,0.0,1.629,-0.7505,0.4275,0.0886,0.983,-0.3904,-0.0655999999999999,0.7954,0.1981,0.847,-0.2188,0.1298,0.03638,0.0,0.0,0.04694,0.0,0.0669,1.574,-1.312,-0.04327,1.0,1.0,2.0,-0.8223,0.791,0.4954,0.0,1.0,0.0,0.0,0.0,-0.03433,-0.0871536,,,
-0.4216,0.6294,0.1368,0.1831,-0.1558,0.7144,-0.862,1.0,1.0,-0.1436,-0.109,-0.3455,0.0,1.629,-0.666,0.5522,0.1942,0.7856,-0.3853,-0.0986,0.847,-0.0656,0.1981,0.847,0.1355,0.04147,0.0,0.0,0.05222,0.0,0.0626,1.574,-1.25,-0.0712,0.0,0.5,1.5,-0.7505,0.608,0.4219,0.0,2.0,0.0,0.0,0.0,-0.0566,-0.2580764,,,
-0.5273,0.5015,0.1467,0.2375,-0.05875,0.857,-0.8535,1.0,1.0,-0.1608,-0.1094,-0.3438,0.0,1.63,-0.606,0.6787,0.322,0.5894,-0.3765,0.08256,0.8716,-0.09863,-0.0656,0.1981,0.1401,0.0462,0.0,0.0,0.05994,0.0,0.06616,1.574,-1.204,0.06107,1.0,0.5,1.5,-0.7397,0.5283,0.3855,1.0,0.0,0.0,0.0,0.0,0.0487,-0.921272,,,
-0.4668,-0.1465,0.02385,0.272,-1.055,0.7144,-0.8457,0.0,1.0,-0.04312,0.001995,-0.3652,0.0,1.63,0.1445,0.764,0.4368,-0.06757,-0.3723,-1.0859,0.817,0.08246,-0.09863,-0.0656,0.1383,0.0499,0.0,0.0,0.06757,0.0,0.01955,0.9014,-0.6714,-1.132,0.0,0.5,1.0,-0.193,0.0674,0.1296,0.0,1.0,0.0,0.0,0.0,-0.9,0.3213811999999999,,,
-0.45,0.05743,0.09827,0.3127,-3.21,0.7144,-0.8374,1.0,1.0,-0.111,-0.07086,-0.3525,0.0,1.631,-0.5337,0.812,0.544,0.1376,-0.3677,0.6641,0.7495,-1.085,0.08246,-0.09863,0.1407,0.0535,0.0,0.0,0.07654,0.0,0.04706,1.009,-0.7363,0.524,0.0,0.5,1.0,-0.4956,0.235,0.2285,1.0,0.0,0.0,0.0,0.0,0.4314,0.4166464000000001,,,
-0.672,0.315,0.1741,0.337,2.117,0.7144,-0.829,1.0,1.0,-0.1965,-0.1223,-0.3396,0.0,1.631,-0.343,0.878,0.6416,0.339,-0.3628,0.6676,0.6636,0.664,-1.085,0.08246,0.1425,0.05838,0.0,0.0,0.08704,0.0,0.07526,0.732,-0.5264,0.819,1.0,0.5,1.0,-0.688,0.4685,0.3386,2.0,0.0,0.0,0.0,0.0,0.66,0.0069845999999999,,,
-0.6797,0.6113,0.263,0.366,0.933,0.7144,-0.8213,1.0,1.0,-0.273,-0.2,-0.3242,0.0,1.632,-0.2438,0.9253,0.721,0.612,-0.3586,0.7681,0.517,0.667,0.664,-1.085,0.147,0.065,0.0,0.0,0.0999,0.0,0.10834,0.835,-0.5854,0.9614,2.0,0.5,1.0,-0.879,0.732,0.51,3.0,0.0,0.0,0.0,0.0,0.76,-0.0335435999999999,,,
-0.6816,0.4214,0.2389,0.3943,-0.1598,0.7144,-0.813,1.0,1.0,-0.253,-0.179,-0.3286,0.0,1.632,-0.7217,0.9463,0.7803,0.4182,-0.3552,-0.2074,0.357,0.768,0.667,0.664,0.1508,0.06946,0.0,0.0,0.1112,0.0,0.0992,0.79,-0.557,-0.1986,1.0,0.5,1.0,-0.7207,0.5547,0.4482,0.0,1.0,0.0,0.0,0.0,-0.1532,0.03021,,,
-0.7554,0.3413,0.2373,0.4185,-0.03687,0.7144,-0.8047,1.0,1.0,-0.2576,-0.1715,-0.3289,0.0,1.632,-0.844,0.934,0.8154,0.3333,-0.3523,-0.01597,0.2339,-0.2074,0.768,0.667,0.155,0.0739,0.0,0.0,0.12054,0.0,0.09845,0.71,-0.5,-0.013565,1.0,0.0,0.5,-0.6616,0.457,0.4316,0.0,2.0,0.0,0.0,0.0,-0.01053,0.1051779999999999,,,
-0.7715,0.3936,0.2659,0.4417,0.2651,0.7144,-0.797,1.0,1.0,-0.2827,-0.1948,-0.324,0.0,1.633,-0.625,0.8833,0.8286,0.3757,-0.3494,0.2412,0.1337,-0.01605,-0.2074,0.768,0.16,0.07983,0.0,0.0,0.1292,0.0,0.10895,0.6885,-0.4802,0.2864,1.0,0.0,0.5,-0.688,0.489,0.5107,1.0,0.0,0.0,0.0,0.0,0.2224,0.1182393599999999,,,
-0.7256,0.502,0.3093,0.467,0.378,0.7144,-0.7886,1.0,1.0,-0.315,-0.2355,-0.3167,0.0,1.633,-0.1367,0.8047,0.821,0.4797,-0.3462,0.3671,0.001824,0.241,-0.01605,-0.2074,0.1725,0.08575,0.0,0.0,0.1382,0.0,0.1251,0.7383,-0.509,0.4124,1.0,0.5,0.5,-0.754,0.572,0.7134,2.0,0.0,0.0,0.0,0.0,0.3179,0.1694564,,,
-0.733,0.5737,0.3486,0.499,0.2644,0.7144,-0.7803,1.0,1.0,-0.3472,-0.2676,-0.3098,0.0,1.634,-0.521,0.7217,0.825,0.54,-0.342,0.3314,0.02072,0.3667,0.241,-0.01605,0.1833,0.0915,0.0,0.0,0.1444,0.0,0.1399,0.935,-0.6426,0.551,1.0,1.0,1.0,-0.8296,0.599,0.772,3.0,0.0,0.0,0.0,0.0,0.42,0.1238664,,,
-0.737,0.6836,0.3933,0.525,0.3125,0.7144,-0.7725,1.0,1.0,-0.3826,-0.3035,-0.302,0.0,1.634,-0.1803,0.6387,0.82,0.6436,-0.3386,0.3749,0.06207,0.331,0.3667,0.241,0.193,0.09924,0.0,0.0,0.1506,0.0,0.1569,0.841,-0.568,0.4453,2.0,1.0,1.0,-0.884,0.673,0.816,4.0,0.0,0.0,0.0,0.0,0.336,0.04154,,,
-0.7437,0.647,0.4019,0.55,0.08203,0.7144,-0.764,1.0,1.0,-0.39,-0.3098,-0.3003,0.0,1.635,-0.5117,0.556,0.8003,0.626,-0.3364,0.07725,0.0793,0.3745,0.331,0.3667,0.1991,0.10834,0.0,0.0,0.1573,0.0,0.1603,0.813,-0.5464,0.0503,3.0,1.5,1.0,-0.8306,0.615,0.745,5.0,0.0,0.0,0.0,0.0,0.0375,-0.400008,,,
-0.6685,0.2053,0.3074,0.5654,-0.5146,0.7144,-0.756,1.0,1.0,-0.3086,-0.2385,-0.3167,0.0,1.635,-0.1367,0.4744,0.7627,0.1892,-0.3345,-0.7694,0.0558,0.0771,0.3745,0.331,0.2021,0.1166,0.0,0.0,0.162,0.0,0.125,0.4136,-0.277,-0.8438,2.0,1.0,1.0,-0.4233,0.2595,0.334,0.0,1.0,0.0,0.0,0.0,-0.628,-0.06494536,,,
-0.61,0.06024,0.2825,0.58,-0.4075,0.7144,-0.748,1.0,1.0,-0.2837,-0.2224,-0.3208,0.0,1.636,-0.02985,0.3809,0.7017,0.0597,-0.3333,-0.205,0.03235,-0.769,0.0771,0.3745,0.2042,0.12476,0.0,0.0,0.1656,0.0,0.1158,0.3618,-0.244,-0.2438,1.0,0.5,1.0,-0.2957,0.1381,0.1981,0.0,2.0,0.0,0.0,0.0,-0.1858,0.021838,,,
-0.635,0.0565,0.2917,0.5947,0.10516,0.7144,-0.7397,1.0,1.0,-0.2932,-0.2283,-0.319,0.0,1.636,-0.844,0.3184,0.624,0.0684,-0.332,0.07945,0.01128,-0.205,-0.769,0.0771,0.2054,0.1338,0.0,0.0,0.1692,0.0,0.1193,0.3618,-0.2426,0.03604,1.0,0.5,1.0,-0.3447,0.0851,0.2009,1.0,0.0,0.0,0.0,0.0,0.02765,0.3029527999999998,,,
-0.659,0.258,0.3643,0.6294,1.695,0.857,-0.732,1.0,1.0,-0.3538,-0.2866,-0.3064,0.0,1.637,0.002712,0.2617,0.545,0.294,-0.329,0.6178,-0.010475,0.07935,-0.205,-0.769,0.208,0.1427,0.0,0.0,0.1743,0.0,0.1469,1.08,-0.7427,0.407,1.0,1.0,1.5,-0.551,0.2998,0.4717,2.0,0.0,0.0,0.0,0.0,0.3115,0.3486329999999998,,,
-0.663,0.4998,0.4475,0.6646,0.8945,0.857,-0.7236,1.0,1.0,-0.4182,-0.3525,-0.292,0.0,1.637,-0.5015,0.2219,0.473,0.5425,-0.3252,0.6990999999999999,0.0311,0.617,0.07935,-0.205,0.2125,0.1512,0.0,0.0,0.1792,0.0,0.1785,1.098,-0.7417,0.7446,1.0,1.5,1.5,-0.7603,0.5254,0.723,3.0,0.0,1.0,0.0,4.99,0.559,-0.0738569999999999,,,
-0.6616,0.5156,0.4722,0.6943,0.1626,0.857,-0.7153,1.0,1.0,-0.4368,-0.3718,-0.2874,0.0,1.638,-0.2598,0.2115,0.4153,0.5337,-0.3203,0.213,0.0772,0.6987,0.617,0.07935,0.2163,0.1593,0.0,0.0,0.1841,0.0,0.1884,1.017,-0.679,0.2703,2.0,1.5,1.5,-0.796,0.507,0.706,4.0,0.0,0.0,0.0,0.0,0.1986,0.2529603999999999,,,
-0.6724,0.6206,0.5156,0.719,0.3213,0.857,-0.7075,1.0,1.0,-0.4697,-0.404,-0.2795,0.0,1.638,-0.2522,0.2139,0.3674,0.635,-0.3171,0.3626,0.1285,0.2128,0.6987,0.617,0.2216,0.1676,0.0,0.0,0.19,0.0,0.2052,0.9326,-0.6123,0.3792,3.0,1.5,1.5,-0.8525,0.5815,0.744,5.0,0.0,0.0,0.0,0.0,0.2769,-0.2304612000000001,,,
-0.652,0.3594,0.4666,0.742,-0.2644,0.857,-0.699,1.0,1.0,-0.432,-0.3684,-0.2878,0.0,1.638,-0.639,0.2155,0.321,0.3887,-0.3147,-0.3732,0.1378,0.3623,0.2128,0.6987,0.229,0.1731,0.0,0.0,0.1951,0.0,0.1876,0.806,-0.53,-0.2637,2.0,1.0,1.5,-0.617,0.3699,0.5034,0.0,1.0,0.0,0.0,0.0,-0.1903,-0.1939496,,,
-0.6235,0.1344,0.424,0.761,-0.412,0.857,-0.691,1.0,1.0,-0.3972,-0.3374,-0.295,0.0,1.639,-0.767,0.212,0.2957,0.1729,-0.3125,-0.3322,0.1257,-0.373,0.3623,0.2128,0.2356,0.1779,0.0,0.0,0.1996,0.0,0.172,0.608,-0.3948,-0.2605,1.0,0.5,1.5,-0.428,0.1807,0.3105,0.0,2.0,0.0,1.0,-2.377,-0.1903,-0.068216,,,
-0.615,0.1622,0.443,0.7793,0.271,0.857,-0.683,1.0,1.0,-0.4111,-0.3533,-0.2913,0.0,1.639,-0.4832,0.2068,0.2715,0.1991,-0.3103,0.1681,0.03372,-0.3323,-0.373,0.3623,0.2427,0.1829,0.0,0.0,0.2062,0.0,0.1798,0.5894,-0.3782,0.1282,1.0,0.5,1.5,-0.4636,0.1969,0.3706,1.0,0.0,0.0,0.0,0.0,0.0946,0.2537528,,,
-0.6304,-0.06195,0.3933,0.7886,-0.85,0.857,-0.675,1.0,1.0,-0.374,-0.3123,-0.2998,0.0,1.64,-0.6475,0.1957,0.248,-0.03342,-0.3086,-0.3947,-0.04715,0.1678,-0.3323,-0.373,0.2444,0.187,0.0,0.0,0.211,0.0,0.1614,0.2544,-0.1472,-0.3171,0.0,0.5,1.0,-0.265,-0.00512,0.1327,0.0,1.0,0.0,0.0,0.0,-0.2329,0.0810768,,,
-0.605,-0.08563,0.3906,0.793,-1.173,0.7144,-0.6665,0.0,1.0,-0.3699,-0.3123,-0.3,0.0,1.64,-0.222,0.191,0.229,-0.08295,-0.307,-0.01527,-0.09875,-0.3948,0.1678,-0.3323,0.2423,0.1908,0.0,0.0,0.2146,0.0,0.1606,0.12,-0.05164,-0.01152,-1.0,0.5,0.5,-0.2542,-0.05496,0.0874,0.0,2.0,0.0,0.0,0.0,-0.00856,0.1347951999999999,,,
-0.6387,0.01585,0.4177,0.796,-14.766,0.7144,-0.6587,1.0,1.0,-0.3936,-0.331,-0.2952,0.0,1.641,-0.7666,0.1832,0.2096,0.003405,-0.3057,0.2309,-0.1119,-0.015366,-0.3948,0.1678,0.2404,0.1946,0.0,0.0,0.2172,0.0,0.1713,0.0602,-0.004326,0.2754,0.0,0.5,0.5,-0.3167,0.0265,0.2015,1.0,0.0,0.0,0.0,0.0,0.2047,0.13861248,,,
-0.655,0.0002449,0.4148,0.798,-0.0383,0.7144,-0.6504,1.0,1.0,-0.3928,-0.3276,-0.2954,0.0,1.641,-0.728,0.162,0.1853,-0.01196,-0.3054,-0.015174,-0.1425,0.2307,-0.015366,-0.3948,0.2363,0.1987,0.0,0.0,0.2202,0.0,0.1705,0.01753,0.02583,-0.01104,0.0,0.0,0.0,-0.322,-0.04895,0.1559,0.0,1.0,0.0,0.0,0.0,-0.00815,0.2915705600000001,,,
-0.6914,0.2294,0.4844,0.816,3.135,0.7144,-0.642,1.0,1.0,-0.4485,-0.379,-0.2832,0.0,1.642,-0.4355,0.136,0.1609,0.2244,-0.3035,0.5807,-0.1642,-0.01527,0.2307,-0.015366,0.2374,0.2025,0.0,0.0,0.2244,0.0,0.1973,0.708,-0.455,0.4238,0.0,0.0,0.5,-0.5024,0.1815,0.53,1.0,0.0,0.0,0.0,0.0,0.3132,0.13366,,,
-0.6704,0.284,0.5137,0.8394,0.3208,0.7144,-0.6343,1.0,1.0,-0.4683,-0.4028,-0.2776,0.0,1.642,0.2502,0.11096,0.1442,0.2554,-0.2993,0.2552,-0.1696,0.5806,-0.01527,0.2307,0.2418,0.2064,0.0,0.0,0.2285,0.0,0.2092,0.927,-0.606,0.4102,1.0,0.0,1.0,-0.5493,0.2484,0.6543,2.0,0.0,0.0,0.0,0.0,0.2976,-0.0887459999999999,,,
-0.6626,0.2075,0.5093,0.8613,-0.0899,0.7144,-0.626,1.0,1.0,-0.4644,-0.4001,-0.278,0.0,1.643,-0.835,0.06934,0.128,0.2015,-0.2974,-0.01479,-0.1669,0.2551,0.5806,-0.01527,0.2452,0.2104,0.0,0.0,0.232,0.0,0.2085,0.895,-0.5835,-0.01642,1.0,-0.5,0.5,-0.525,0.1605,0.568,0.0,1.0,0.0,0.0,0.0,-0.01181,0.1408547999999999,,,
-0.7007,0.2219,0.524,0.8774,0.1865,0.7144,-0.6177,1.0,1.0,-0.478,-0.408,-0.2751,0.0,1.643,-0.4824,0.02719,0.1177,0.2236,-0.2954,0.1341,-0.1511,-0.014885,0.2551,0.5806,0.2515,0.2147,0.0,0.0,0.2351,0.0,0.2147,0.7524,-0.479,0.1119,1.0,0.0,0.5,-0.561,0.1401,0.5845,1.0,0.0,0.0,0.0,0.0,0.08057,-0.0792974,,,
-0.7183,-0.0528,0.4546,0.8784,-0.835,0.7144,-0.61,1.0,1.0,-0.4282,-0.3535,-0.2869,0.0,1.644,-0.583,-0.01302,0.10583,-0.0564,-0.2947,-0.5339,-0.1504,0.134,-0.014885,0.2551,0.255,0.2181,0.0,0.0,0.2366,0.0,0.1893,0.0504,0.01075,-0.586,1.0,0.0,0.0,-0.2937,-0.10956,0.1512,0.0,1.0,0.0,0.0,0.0,-0.42,-0.05904208,,,
-0.7417,-0.09503,0.4414,0.875,-1.45,0.5713,-0.6016,0.0,1.0,-0.42,-0.3413,-0.2886,0.0,1.644,-0.581,-0.04425,0.0863,-0.0991,-0.2947,-0.0904,-0.151,-0.5337,0.134,-0.014885,0.2566,0.2229,0.0,0.0,0.2375,0.0,0.185,-0.132,0.139,-0.1086,0.0,-0.5,-0.5,-0.2527,-0.1827,0.06366,0.0,2.0,0.0,0.0,0.0,-0.07916,-0.2968800000000001,,,
-0.7554,-0.2109,0.4038,0.8633,9.15,0.4285,-0.5933,0.0,1.0,-0.3923,-0.3103,-0.295,0.0,1.644,-0.4985,-0.07697,0.05728,-0.2267,-0.2952,-0.2875,-0.1863,-0.0905,-0.5337,0.134,0.2568,0.2263,0.0,0.0,0.2396,0.0,0.1716,-0.5444,0.4275,-0.2253,-1.0,-0.5,-1.0,-0.1296,-0.3237,-0.1951,0.0,3.0,0.0,0.0,0.0,-0.1648,0.157028,,,
-0.751,-0.0961,0.429,0.8584,-0.813,0.2856,-0.5854,0.0,1.0,-0.4114,-0.3308,-0.29,0.0,1.645,-0.504,-0.11414,0.01627,-0.1097,-0.2957,0.2291,-0.2473,-0.2874,-0.0905,-0.5337,0.2551,0.2294,0.0,0.0,0.2423,0.0,0.1821,-0.1647,0.1611,0.1823,0.0,0.0,-0.5,-0.2229,-0.236,-0.06122,1.0,0.0,0.0,0.0,0.0,0.1344,0.0441611999999999,,,
-0.749,-0.2141,0.3965,0.855,8.64,0.1428,-0.577,0.0,1.0,-0.386,-0.305,-0.2952,0.0,1.645,-0.7476,-0.1534,-0.03677,-0.228,-0.2957,-0.2425,-0.319,0.2289,-0.2874,-0.0905,0.2505,0.2312,0.0,0.0,0.2445,0.0,0.1709,-0.1048,0.11346,-0.144,-1.0,-0.5,-0.5,-0.1129,-0.345,-0.41,0.0,1.0,0.0,0.0,0.0,-0.1055,0.2421852,,,
-0.7456,0.01912,0.4553,0.8555,-1.743,0.1428,-0.5693,1.0,1.0,-0.431,-0.3518,-0.2844,0.0,1.6455,-0.3962,-0.1881,-0.0911,0.00133,-0.295,0.5041,-0.348,-0.2424,0.2289,-0.2874,0.2489,0.2339,0.0,0.0,0.2465,0.0,0.1941,0.1014,-0.02347,0.4048,0.0,0.0,-0.5,-0.304,-0.1306,0.1656,1.0,0.0,0.0,0.0,0.0,0.2988,0.0898376,,,
-0.7563,0.097,0.4807,0.865,0.962,0.1428,-0.561,1.0,1.0,-0.451,-0.3706,-0.2795,0.0,1.6455,-0.59,-0.2207,-0.1393,0.08563,-0.294,0.2256999999999999,-0.3403,0.504,-0.2424,0.2289,0.2478,0.2368,0.0,0.0,0.2477,0.0,0.2047,0.5127,-0.3123,0.1897,1.0,0.0,0.0,-0.3623,-0.04672,0.4192,2.0,0.0,0.0,0.0,0.0,0.1378,-0.75354,,,
-0.705,-0.3545,0.365,0.863,-2.572,0.1428,-0.5527,0.0,1.0,-0.358,-0.2832,-0.2993,0.0,1.646,-0.1458,-0.254,-0.1776,-0.3586,-0.294,-0.9109,-0.3276,0.2255,0.504,-0.2424,0.2445,0.2384,0.0,0.0,0.2466,0.0,0.1616,-0.0791,0.09106,-0.882,1.0,-0.5,0.0,0.06256,-0.4224,-0.733,0.0,1.0,0.0,0.0,0.0,-0.636,-0.415728,,,
-0.649,-0.5815,0.2996,0.8506,1.021,0.0,-0.545,0.0,1.0,-0.3008,-0.2336,-0.3103,0.0,1.646,-0.265,-0.2986,-0.2151,-0.5664,-0.296,-0.5224,-0.2947,-0.9106,0.2255,0.504,0.239,0.2388,0.0,0.0,0.2438,0.0,0.1376,-0.4338,0.3337,-0.673,0.0,-0.5,-0.5,0.2898,-0.6064,-1.156,0.0,2.0,0.0,1.0,-3.852,-0.4998,-0.0794039999999999,,,
-0.629,-0.6685,0.267,0.835,0.3188,-0.1428,-0.5366,0.0,1.0,-0.2725,-0.2078,-0.3157,0.0,1.647,-0.554,-0.361,-0.253,-0.654,-0.297,-0.2499,-0.244,-0.5225,-0.9106,0.2255,0.2336,0.2384,0.0,0.0,0.2412,0.0,0.1262,-0.521,0.3909,-0.2505,0.0,-1.0,-0.5,0.3447,-0.6997,-1.169,0.0,3.0,0.0,0.0,0.0,-0.1891,-0.13172,,,
-0.633,-0.7627,0.2257,0.808,0.3052,-0.2856,-0.5283,0.0,1.0,-0.2378,-0.1714,-0.3223,0.0,1.647,-0.527,-0.3982,-0.2896,-0.736,-0.3005,-0.3307,-0.1793,-0.2499,-0.5225,-0.9106,0.2255,0.2372,0.0,0.0,0.2388,0.0,0.1114,-0.974,0.708,-0.464,-1.0,-1.0,-1.0,0.4475,-0.8,-1.202,0.0,4.0,0.0,0.0,0.0,-0.3533,-0.385182,,,
-0.687,-0.8667,0.177,0.773,0.2961,-0.4285,-0.5205,0.0,1.0,-0.2002,-0.12366,-0.3306,0.0,1.648,-0.619,-0.3423,-0.3132,-0.8384,-0.3042,-0.3979,-0.0993,-0.3306,-0.2499,-0.5225,0.2164,0.2354,0.0,0.0,0.2352,0.0,0.09375,-1.249,0.896,-0.4026,-2.0,-1.0,-1.5,0.5864,-0.903,-1.214,0.0,5.0,0.0,0.0,0.0,-0.3096,-0.0035676,,,
-0.6772,-0.7837,0.1749,0.7383,0.02081,-0.5713,-0.512,0.0,1.0,-0.1976,-0.1226,-0.3306,0.0,1.648,-0.6797,-0.259,-0.3179,-0.763,-0.3076,0.0001,-0.03717,-0.3977,-0.3306,-0.2499,0.2046,0.2345,0.0,0.0,0.2324,0.0,0.0937,-1.245,0.8936,0.0,-2.0,-1.0,-1.5,0.5215,-0.848,-1.047,0.0,0.0,0.0,0.0,0.0,0.0,-0.0415808,,,
-0.7007,-0.6816,0.1761,0.7017,-0.0224,-0.7144,-0.504,0.0,1.0,-0.2006,-0.12177,-0.3298,0.0,1.649,-0.7007,-0.1768,-0.2996,-0.6836,-0.3105,0.03233,0.012375,0.0,-0.3977,-0.3306,0.1918,0.2339,0.0,0.0,0.2297,0.0,0.0951,-1.323,0.9497,0.0188,-1.0,-1.0,-1.5,0.429,-0.807,-0.915,1.0,0.0,0.0,0.0,0.0,0.01463,-0.0219276,,,
-0.731,-0.5977,0.1776,0.6724,-0.01554,-0.857,-0.4958,0.0,1.0,-0.2042,-0.1206,-0.329,0.0,1.649,-0.8223,-0.10034,-0.265,-0.609,-0.3132,0.0323,0.05185,0.03223,0.0,-0.3977,0.1842,0.2333,0.0,0.0,0.2267,0.0,0.0965,-1.169,0.8403,0.01493,0.0,-0.5,-1.0,0.3667,-0.747,-0.8096,2.0,0.0,0.0,0.0,0.0,0.01161,0.062292,,,
-0.7573,-0.468,0.1915,0.646,-0.1354,-0.857,-0.4878,0.0,1.0,-0.2185,-0.131,-0.3262,0.0,1.649,-0.824,-0.02074,-0.2155,-0.4631,-0.3167,0.1449,0.07825,0.03217,0.03223,0.0,0.1802,0.232,0.0,0.0,0.2239,0.0,0.1028,-1.035,0.7476,0.1395,1.0,-0.5,-0.5,0.2595,-0.6494,-0.68,3.0,0.0,0.0,0.0,0.0,0.1084,-0.0488172,,,
-0.7695,-0.3948,0.1945,0.624,-0.0688,-0.857,-0.4797,0.0,1.0,-0.222,-0.1324,-0.3252,0.0,1.65,-0.604,0.0565,-0.156,-0.371,-0.3196,0.04813,0.0845,0.1447,0.03217,0.03223,0.1776,0.23,0.0,0.0,0.2201,0.0,0.10486,-0.9053,0.656,0.0817,2.0,-0.5,0.0,0.1996,-0.606,-0.6055,4.0,0.0,0.0,0.0,0.0,0.06323,0.0235423999999999,,,
-0.6997,-0.6084,0.12195,0.592,0.8604,-0.857,-0.4714,0.0,1.0,-0.1525,-0.0723,-0.3376,0.0,1.65,0.2277,0.1277,-0.09406,-0.5957,-0.3225,-0.6073000000000001,0.0973,0.048,0.1447,0.03217,0.1738,0.2269,0.0,0.0,0.2146,0.0,0.078,-1.257,0.8945,-0.595,2.0,-0.5,-0.5,0.442,-0.8228,-0.8027,0.0,1.0,0.0,0.0,0.0,-0.46,-0.0634463999999999,,,
-0.7085,-0.5527,0.11615,0.563,0.0207,-0.857,-0.4634,0.0,1.0,-0.148,-0.0662,-0.3381,0.0,1.651,-0.837,0.186,-0.0372,-0.558,-0.3247,-0.0324999999999999,0.09796,-0.607,0.048,0.1447,0.1718,0.2234,0.0,0.0,0.2091,0.0,0.0766,-1.202,0.8555,-0.02705,1.0,-0.5,-0.5,0.383,-0.8135,-0.7495,0.0,2.0,0.0,0.0,0.0,-0.0213,0.2412812,,,
-0.7305,-0.2896,0.1582,0.5317,-0.4631,-1.0,-0.4553,0.0,1.0,-0.1873,-0.1031,-0.3306,0.0,1.651,-0.3557,0.2299,0.01416,-0.3142,-0.3274,0.3915,0.0614,-0.03256,-0.607,0.048,0.1718,0.2208,0.0,0.0,0.2041,0.0,0.0935,-1.319,0.9463,0.2487,1.0,0.0,-0.5,0.1879,-0.59,-0.539,1.0,0.0,0.0,0.0,0.0,0.196,-0.1605628,,,
-0.715,-0.3557,0.11707,0.4932,0.473,-1.143,-0.4473,0.0,1.0,-0.1493,-0.0665,-0.3374,0.0,1.652,-0.4485,0.2551,0.06274,-0.4048,-0.3303,-0.3383,0.05496,0.3914,-0.03256,-0.607,0.1699,0.2183,0.0,0.0,0.1996,0.0,0.0787,-1.473,1.136,-0.219,0.0,0.0,-1.0,0.2688,-0.744,-0.6445,0.0,1.0,0.0,0.0,0.0,-0.1705,0.1020076,,,
-0.758,-0.0869,0.166,0.472,-0.9136,-1.143,-0.439,0.0,1.0,-0.1963,-0.1079,-0.3281,0.0,1.652,-0.2175,0.2588,0.1062,-0.1324,-0.3328,0.4561,0.02995,-0.3381,0.3914,-0.03256,0.1702,0.216,0.0,0.0,0.196,0.0,0.0984,-0.954,0.688,0.373,0.0,0.5,-0.5,0.0458,-0.5166,-0.3948,1.0,0.0,0.0,0.0,0.0,0.2937,-0.0322516,,,
-0.809,-0.06335,0.161,0.4565,-4.363,-1.0,-0.431,1.0,1.0,-0.1959,-0.0991,-0.3286,0.0,1.653,-0.6006,0.2467,0.1425,-0.1003,-0.3345,-0.01595,0.01211,0.4558,-0.3381,0.3914,0.1696,0.2142,0.0,0.0,0.193,0.0,0.09766,-0.7285,0.5264,-0.01886,0.0,0.5,-0.5,0.02534,-0.5205,-0.3687,0.0,1.0,0.0,0.0,0.0,-0.01464,1.2055471999999998,,,
-0.5493,1.95,0.6616,0.495,18.77,-0.857,-0.4229,1.0,1.0,-0.5635,-0.521,-0.2395,0.0,1.653,0.669,0.1586,0.12244,1.493,-0.314,2.7441000000000004,0.2177,-0.01605,0.4558,-0.3381,0.1915,0.2179,0.0,0.0,0.1975,0.0,0.2915,1.038,-0.649,9.62,1.0,0.5,0.0,-1.361,1.343,1.113,1.0,0.0,1.0,0.0,9.375,7.785,0.09004,,,
-0.5605,1.961,0.6987,0.542,0.139,-0.7144,-0.4146,1.0,1.0,-0.5894,-0.546,-0.2317,0.0,1.654,-0.808,0.1328,0.10455,1.413,-0.304,0.3389999999999999,0.4126,2.744,-0.01605,0.4558,0.2185,0.2218,0.0,0.0,0.2032,0.0,0.3083,1.246,-0.7896,0.793,1.0,0.5,0.5,-1.35,1.321,1.113,2.0,0.0,0.0,0.0,0.0,0.541,0.4509784,,,
-0.5596,2.156,0.8,0.605,0.2515,-0.5713,-0.4065,1.0,1.0,-0.6553,-0.614,-0.2125,0.0,1.654,-0.2712,0.2101,0.1046,1.624,-0.295,0.8240999999999999,0.6323,0.3386,2.744,-0.01605,0.2507,0.2268,0.0,0.0,0.2097,0.0,0.3499,1.526,-0.9717,1.493,2.0,0.5,1.0,-1.454,1.521,1.084,3.0,0.0,0.0,0.0,0.0,1.008,0.1070024,,,
-0.537,2.08,0.8237,0.672,0.0831,-0.4285,-0.3984,1.0,1.0,-0.6685,-0.6313,-0.207,0.0,1.655,-0.3972,0.3591,0.1274,1.568,-0.2878,0.2314999999999999,0.824,0.8237,0.3386,2.744,0.2822,0.2314,0.0,0.0,0.2163,0.0,0.3618,1.545,-0.98,0.333,2.0,0.5,1.5,-1.394,1.457,0.9414,4.0,0.0,0.0,0.0,0.0,0.2192,0.1336007999999998,,,
-0.5405,1.899,0.8286,0.7393,0.04385,-0.2856,-0.3901,1.0,1.0,-0.672,-0.6343,-0.2048,0.0,1.655,-0.7896,0.535,0.1749,1.476,-0.282,0.0947,0.9995,0.2313,0.8237,0.3386,0.316,0.236,0.0,0.0,0.2249,0.0,0.3667,1.551,-0.9814,0.11475,3.0,1.0,1.5,-1.284,1.344,0.8013,5.0,0.0,0.0,0.0,0.0,0.07495,0.4488092,,,
-0.4873,2.15,0.9497,0.8193,0.269,-0.1428,-0.382,1.0,1.0,-0.742,-0.7153,-0.1818,0.0,1.655,0.03616,0.741,0.262,1.782,-0.274,0.9571,1.212,0.0946,0.2313,0.8237,0.3535,0.2418,0.0,0.0,0.2366,0.0,0.4167,1.574,-1.004,1.751,3.0,1.5,1.5,-1.451,1.593,0.8325,5.92,0.0,0.0,0.0,0.0,1.141,-0.011344,,,
-0.4653,1.875,0.937,0.897,0.001434,0.0,-0.374,1.0,1.0,-0.733,-0.7095,-0.1825,0.0,1.656,-0.6377,0.9653,0.3865,1.544,-0.2646,-0.02607,1.373,0.9565,0.0946,0.2313,0.3906,0.2474,0.0,0.0,0.2487,0.0,0.4153,1.574,-0.99,-0.05,2.0,1.0,1.0,-1.294,1.42,0.698,0.0,1.0,0.0,0.0,0.0,-0.03162,0.0965736,,,
-0.473,1.598,0.9204,0.9727,-0.01842,0.1428,-0.366,1.0,1.0,-0.723,-0.698,-0.1837,0.0,1.656,-0.8345,1.19,0.5405,1.299,-0.2554,-0.0523,1.489,-0.02617,0.9565,0.0946,0.405,0.2537,0.0,0.0,0.2612,0.0,0.4124,1.563,-0.97,-0.05573,1.0,1.0,0.5,-1.164,1.23,0.593,0.0,2.0,0.0,0.0,0.0,-0.03528,0.0066039999999999,,,
-0.538,1.425,0.9365,1.059,0.0235,0.2856,-0.3577,1.0,1.0,-0.7383,-0.703,-0.1792,0.0,1.657,-0.844,1.403,0.713,1.179,-0.2461,0.1838,1.575,-0.05237,-0.02617,0.9565,0.4185,0.2605,0.0,0.0,0.275,0.0,0.422,1.574,-1.164,0.3357,1.0,1.0,1.0,-1.104,1.178,0.5435,1.0,0.0,0.0,0.0,0.0,0.2128,-0.1010095999999999,,,
-0.505,1.077,0.9033,1.143,-0.1131,0.4285,-0.3496,1.0,1.0,-0.7153,-0.685,-0.1835,0.0,1.657,-0.6533,1.579,0.8853,0.919,-0.2385,-0.1695,1.621,0.1836,-0.05237,-0.02617,0.4258,0.267,0.0,0.0,0.288,0.0,0.4128,1.574,-1.111,-0.2798,0.0,1.0,1.0,-0.934,0.982,0.4507,0.0,1.0,0.0,0.0,0.0,-0.1764,-0.254596,,,
-0.496,0.7026,0.8545,1.218,-0.2123,0.5713,-0.3416,1.0,1.0,-0.6846,-0.655,-0.1906,0.0,1.658,-0.5317,1.691,1.043,0.65,-0.233,-0.2885,1.629,-0.1696,0.1836,-0.05237,0.43,0.2732,0.0,0.0,0.3008,0.0,0.3972,1.574,-0.9946,-0.3962,-1.0,0.5,0.5,-0.7275,0.765,0.3525,0.0,2.0,0.0,0.0,0.0,-0.2512,0.0198575999999999,,,
-0.5146,0.4749,0.8447,1.296,-0.177,0.7144,-0.3333,1.0,1.0,-0.68,-0.647,-0.1906,0.0,1.658,-0.831,1.722,1.182,0.5454,-0.2281,0.0001,1.614,-0.2883,-0.1696,0.1836,0.4336,0.2795,0.0,0.0,0.3132,0.0,0.3972,1.574,-1.103,0.0,-1.0,0.0,0.5,-0.668,0.66,0.3083,0.0,0.0,0.0,0.0,0.0,0.0,0.0132175999999999,,,
-0.557,0.3037,0.845,1.368,-0.1954,0.857,-0.3252,1.0,1.0,-0.6836,-0.6436,-0.1886,0.0,1.659,-0.844,1.662,1.302,0.4722,-0.2229,0.0795,1.583,0.0,-0.2883,-0.1696,0.432,0.2854,0.0,0.0,0.3257,0.0,0.4014,1.574,-1.09,0.0639,0.0,0.0,0.5,-0.6245,0.6177,0.2798,1.0,0.0,0.0,0.0,0.0,0.0409,0.0427375999999999,,,
-0.535,0.2123,0.868,1.445,-0.1203,0.857,-0.3171,1.0,1.0,-0.6963,-0.66,-0.1825,0.0,1.659,-0.3413,1.503,1.411,0.4338,-0.2151,0.2507999999999999,1.539,0.07935,0.0,-0.2883,0.432,0.2915,0.0,0.0,0.3386,0.0,0.4148,1.574,-1.099,0.301,0.0,0.0,1.0,-0.82,0.4607,0.281,2.0,0.0,0.0,0.0,0.0,0.192,-0.3890720000000001,,,
-0.837,-0.0818,0.7944,1.46,-0.937,0.7144,-0.3088,0.0,1.0,-0.674,-0.5874,-0.1937,0.0,1.66,-0.4285,1.4795,1.52,-0.0243,-0.2039,-0.4584,1.42,0.2507,0.07935,0.0,0.4294,0.2979,0.0,0.0,0.3518,0.0,0.3901,0.9517,-0.5435,-0.5874,0.0,-0.5,0.5,-0.569,0.2084,0.1648,0.0,1.0,0.0,0.0,0.0,-0.3718,-0.2752919999999999,,,
-0.841,-0.2141,0.761,1.469,18.77,0.5713,-0.3008,0.0,1.0,-0.653,-0.565,-0.198,0.0,1.66,-0.743,1.45,1.593,-0.1957,-0.1995,-0.1726,1.259,-0.4583,0.2507,0.07935,0.4246,0.3047,0.0,0.0,0.3645,0.0,0.3809,0.707,-0.3728,-0.1945,0.0,-1.0,0.0,-0.487,0.05438,0.09735,0.0,2.0,0.0,0.0,0.0,-0.1249,-0.1743665575999999,,,
-0.849,-0.355,0.7163,1.463,1.268,0.4285,-0.2927,0.0,1.0,-0.624,-0.534,-0.2045,0.0,1.661,-0.5356,1.392,1.618,-0.3547,-0.1979,-0.2672,1.075,-0.1727,-0.4583,0.2507,0.4192,0.3115,0.0,0.0,0.3757,0.0,0.3667,0.1292,0.0334,-0.3882,0.0,-1.0,-0.5,-0.3457,-0.0924,0.004387,0.0,3.0,0.0,0.0,0.0,-0.2507,0.0845559999999999,,,
-0.8574,-0.3828,0.7007,1.453,0.2415,0.2856,-0.2847,0.0,1.0,-0.6143,-0.5225,-0.2058,0.0,1.661,-0.5176,1.291,1.586,-0.3855,-0.1976,-0.0538,0.807,-0.267,-0.1727,-0.4583,0.4153,0.3186,0.0,0.0,0.3877,0.0,0.3638,-0.0567,0.1648,-0.074,-1.0,-1.0,-1.0,-0.3044,-0.1412,-0.05826,0.0,4.0,0.0,0.0,0.0,-0.04816,-0.0721855999999999,,,
-0.8354,-0.3875,0.6904,1.441,0.1499,0.1428,-0.2764,0.0,1.0,-0.6055,-0.517,-0.206,0.0,1.661,-0.517,1.139,1.491,-0.385,-0.198,-0.0134,0.4883,-0.05386,-0.267,-0.1727,0.4114,0.3262,0.0,0.0,0.399,0.0,0.363,-0.1333,0.2191,-0.01704,-2.0,-1.5,-1.5,-0.3281,-0.2181,-0.1323,0.0,5.0,0.0,0.0,0.0,-0.01112,-0.1959344,,,
-0.879,-0.5103,0.6353,1.41,0.5625,0.0,-0.2683,0.0,1.0,-0.5728,-0.4734,-0.2145,0.0,1.662,-0.749,0.9497,1.317,-0.4966,-0.2008,-0.3509,-0.04608,-0.01349,-0.05386,-0.267,0.4048,0.3333,0.0,0.0,0.4092,0.0,0.3447,-1.321,1.059,-0.765,-2.0,-1.5,-2.0,-0.1575,-0.366,-0.547,0.0,5.0,0.0,0.0,0.0,-0.4993,-0.10284968,,,
-0.879,-0.3445,0.6616,1.384,-0.2798,-0.1428,-0.2603,0.0,1.0,-0.59,-0.4934,-0.208,0.0,1.662,-0.6855,0.7515,1.185,-0.3374,-0.2024,0.2731,-0.1339,-0.3508,-0.01349,-0.05386,0.3982,0.3406,0.0,0.0,0.4119,0.0,0.3586,-0.9663,0.8115,0.3462,-1.0,-1.0,-1.5,-0.252,-0.2415,-0.467,1.0,0.0,0.0,0.0,0.0,0.2284,0.1227108,,,
-0.879,-0.1888,0.688,1.362,-0.4983,-0.2856,-0.252,0.0,1.0,-0.608,-0.5117,-0.2015,0.0,1.663,-0.7744,0.5586,1.051,-0.1902,-0.2034,0.2709,-0.213,0.273,-0.3508,-0.01349,0.3962,0.3484,0.0,0.0,0.4148,0.0,0.3728,-0.656,0.596,0.2052,0.0,-0.5,-1.0,-0.3418,-0.1373,-0.3403,2.0,0.0,0.0,0.0,0.0,0.1343,0.1978095999999999,,,
-0.858,-0.07196,0.703,1.339,-1.028,-0.2856,-0.2439,1.0,1.0,-0.6157,-0.524,-0.197,0.0,1.663,-0.425,0.3845,0.912,-0.06506,-0.2051,0.188,-0.2345,0.2705,0.273,-0.3508,0.3965,0.3562,0.0,0.0,0.416,0.0,0.3826,-0.656,0.6006,0.2167,1.0,-0.5,-1.0,-0.3938,-0.081,-0.1924,3.0,0.0,0.0,0.0,0.0,0.1406,0.54494,,,
-0.855,0.281,0.7896,1.329,18.77,-0.2856,-0.2357,1.0,1.0,-0.6724,-0.583,-0.1792,0.0,1.664,-0.591,0.2286,0.7656,0.2952,-0.2053,0.7341,-0.2288,0.1879,0.2705,0.273,0.4028,0.3652,0.0,0.0,0.4187,0.0,0.4214,0.01631,0.1381,0.8,2.0,-0.5,-0.5,-0.6255,0.2117,0.506,4.0,0.0,0.0,0.0,0.0,0.516,-0.9073584,,,
-0.683,-0.5186,0.555,1.3,-2.225,-0.4285,-0.2277,0.0,1.0,-0.4993,-0.4326,-0.221,0.0,1.664,0.1549,0.07733,0.5996,-0.4692,-0.2089,-1.6829,-0.1852,0.7334,0.1879,0.2705,0.399,0.3723,0.0,0.0,0.4172,0.0,0.33,-0.6587,0.58,-6.125,2.0,-0.5,-0.5,0.1893,-0.4646,-1.11,0.0,1.0,0.0,1.0,-5.3,-3.861,-0.193198,,,
-0.5273,-1.051,0.3833,1.254,1.436,-0.5713,-0.2195,0.0,1.0,-0.3582,-0.3127,-0.2515,0.0,1.665,0.5566,-0.04922,0.431,-0.9907,-0.2136,-1.2939,-0.02544,-1.682,0.7334,0.1879,0.3875,0.3777,0.0,0.0,0.411,0.0,0.2637,-0.9907,0.7876,-2.535,1.0,-0.5,-0.5,0.779,-0.947,-1.282,0.0,2.0,0.0,0.0,0.0,-1.6875,0.6447860000000002,,,
-0.4924,-0.5645,0.4893,1.218,-0.4028,-0.7144,-0.2114,0.0,1.0,-0.4358,-0.399,-0.2303,0.0,1.665,-0.5283,-0.1193,0.274,-0.519,-0.216,0.9327,0.00677,-1.294,-1.682,0.7334,0.3833,0.3838,0.0,0.0,0.4065,0.0,0.3096,-0.639,0.5566,1.173,1.0,0.0,-0.5,0.36,-0.441,-0.8765,1.0,0.0,0.0,0.0,0.0,0.8135,0.3172268,,,
-0.4917,-0.11444,0.589,1.189,-0.862,-0.857,-0.2032,0.0,1.0,-0.508,-0.4734,-0.2103,0.0,1.666,-0.3425,-0.10016,0.1375,-0.08356,-0.2174,0.8644,-0.003378,0.932,-1.294,-1.682,0.3828,0.3914,0.0,0.0,0.404,0.0,0.3533,-0.4294,0.4265,1.098,1.0,0.5,-0.5,0.006958,-0.03598,-0.3337,2.0,0.0,1.0,0.0,4.434,0.7393,0.5639959999999998,,,
-0.5083,0.162,0.6514,1.177,-8.78,-0.7144,-0.1951,1.0,1.0,-0.5527,-0.5166,-0.197,0.0,1.666,-0.3914,-0.0458,0.03207,0.2018,-0.2181,0.5567,-0.02739,0.8643,0.932,-1.294,0.384,0.3994,0.0,0.0,0.4026,0.0,0.382,-0.133,0.2277,0.559,1.0,1.0,0.0,-0.185,0.2007,0.0406,3.0,0.0,0.0,0.0,0.0,0.3667,0.0204426399999999,,,
-0.5073,0.1114,0.629,1.165,-0.0889,-0.5713,-0.187,1.0,1.0,-0.537,-0.501,-0.1996,0.0,1.667,-0.7754,-0.01823,-0.04562,0.1556,-0.2185,-0.10665,-0.046,0.556,0.8643,0.932,0.3833,0.4072,0.0,0.0,0.4011,0.0,0.3765,-0.11395,0.2115,-0.0914,1.0,1.0,0.0,-0.1234,0.1187,-0.004017,0.0,1.0,0.0,0.0,0.0,-0.05893,0.0266923999999999,,,
-0.5156,0.0734,0.612,1.156,-0.07697,-0.4285,-0.1788,1.0,1.0,-0.526,-0.488,-0.2013,0.0,1.667,-0.606,-0.01624,-0.1031,0.1251,-0.2186,-0.06686,-0.05457,-0.1067,0.556,0.8643,0.3777,0.4097,0.0,0.0,0.4001,0.0,0.3728,-0.05453,0.1676,-0.05814,1.0,0.5,0.0,-0.0752,0.0693,-0.03314,0.0,2.0,0.0,0.0,0.0,-0.03763,0.2357292,,,
-0.5137,0.165,0.631,1.151,0.7656,-0.2856,-0.1708,1.0,1.0,-0.539,-0.502,-0.196,0.0,1.667,-0.4092,-0.03552,-0.1407,0.2294,-0.2185,0.2148,-0.06073,-0.0669,-0.1067,0.556,0.384,0.4119,0.0,0.0,0.3997,0.0,0.3843,0.02278,0.1173,0.2047,1.0,0.5,0.5,-0.1335,0.1493,0.1251,1.0,0.0,0.0,0.0,0.0,0.1327,0.3003711999999999,,,
-0.523,0.328,0.6714,1.151,0.84,-0.1428,-0.1626,1.0,1.0,-0.5674,-0.53,-0.1866,0.0,1.668,-0.4856,-0.07794,-0.1589,0.3977,-0.2175,0.3866,-0.0574,0.2146,-0.0669,-0.1067,0.4006,0.4133,0.0,0.0,0.3997,0.0,0.4045,0.1288,0.05066,0.3877,1.0,0.5,1.0,-0.26,0.2817,0.39,2.0,0.0,0.0,0.0,0.0,0.2496,0.0756252,,,
-0.5054,0.677,0.7705,1.167,1.044,0.0,-0.1544,1.0,1.0,-0.6323,-0.599,-0.1659,0.0,1.668,-0.376,-0.12366,-0.1606,0.748,-0.2142,0.8431,-0.00923,0.3862,0.2146,-0.0669,0.417,0.416,0.0,0.0,0.4011,0.0,0.4497,0.4297,-0.1442,1.203,1.0,0.5,1.5,-0.519,0.605,0.87,3.0,0.0,0.0,0.0,0.0,0.766,0.17511276,,,
-0.5356,0.746,0.7964,1.183,0.2313,0.1428,-0.1464,1.0,1.0,-0.6514,-0.614,-0.1588,0.0,1.669,-0.767,-0.169,-0.1635,0.835,-0.2115,0.2823,0.0716,0.8423,0.3862,0.2146,0.4302,0.4187,0.0,0.0,0.4043,0.0,0.465,0.435,-0.1411,0.3225,2.0,1.0,1.5,-0.5645,0.65,0.8726,4.0,0.0,1.0,0.0,2.947,0.2,0.2781936000000001,,,
-0.5415,0.838,0.829,1.199,0.2522,0.2856,-0.1382,1.0,1.0,-0.6724,-0.635,-0.1504,0.0,1.669,-0.7246,-0.2062,-0.1788,0.9434,-0.2087,0.3307,0.168,0.2822,0.8423,0.3862,0.4421,0.4207,0.0,0.0,0.4087,0.0,0.4834,0.4507,-0.1443,0.3672,3.0,1.5,1.5,-0.6177,0.7153,0.867,5.0,0.0,0.0,0.0,0.0,0.2256,0.35780996,,,
-0.5537,1.067,0.9014,1.222,0.3994,0.2856,-0.1301,1.0,1.0,-0.7183,-0.68,-0.1342,0.0,1.67,-0.3936,-0.1956,-0.1963,1.163,-0.2039,0.6295,0.2993,0.3306,0.2822,0.8423,0.4587,0.4236,0.0,0.0,0.415,0.0,0.5186,0.5386,-0.1915,1.0625,3.0,1.5,1.5,-0.7856,0.876,0.938,5.92,0.0,0.0,0.0,0.0,0.6465,0.2532468,,,
-0.569,1.111,0.9204,1.236,0.1747,0.2856,-0.12195,1.0,1.0,-0.731,-0.6904,-0.128,0.0,1.67,-0.4766,-0.141,-0.2039,1.193,-0.1996,0.2345999999999999,0.4194,0.629,0.3306,0.2822,0.4775,0.427,0.0,0.0,0.422,0.0,0.5317,0.4507,-0.12286,0.376,3.0,1.5,1.5,-0.8555,0.7993,0.846,5.92,0.0,0.0,0.0,0.0,0.2244,0.2029359999999999,,,
-0.6978,1.112,0.9478,1.281,0.1339,0.4285,-0.11383,1.0,1.0,-0.758,-0.697,-0.12024,0.0,1.671,-0.6514,0.015594,-0.1666,1.154,-0.1907,0.2943,0.536,0.2345,0.629,0.3306,0.4968,0.4307,0.0,0.0,0.43,0.0,0.549,1.193,-0.6455,0.371,3.0,1.5,2.0,-0.9214,0.773,0.7935,5.92,0.0,0.0,0.0,0.0,0.2198,-0.1981463999999999,,,
-0.7983,1.067,0.978,1.351,0.093,0.5713,-0.1057,1.0,1.0,-0.7837,-0.707,-0.1118,0.0,1.671,-0.8237,0.265,-0.04443,1.048,-0.1777,0.3157999999999999,0.6396,0.294,0.2345,0.629,0.516,0.4348,0.0,0.0,0.4392,0.0,0.567,1.574,-1.182,0.4656,3.0,1.5,2.0,-0.974,0.7734,0.7573,5.92,0.0,1.0,0.0,2.504,0.2732,-0.14932912,,,
-0.8135,0.7705,0.929,1.402,-0.1426,0.7144,-0.09753,1.0,1.0,-0.756,-0.676,-0.11865,0.0,1.672,-0.485,0.5254,0.11707,0.705,-0.1674,-0.2523,0.7046,0.3157,0.294,0.2345,0.5283,0.4392,0.0,0.0,0.4473,0.0,0.5522,1.574,-1.0205,-0.4465,2.0,1.5,2.0,-0.814,0.5493,0.581,0.0,1.0,0.0,0.0,0.0,-0.2595,0.1080335999999999,,,
-0.868,0.787,0.96,1.447,0.1545,0.857,-0.0894,1.0,1.0,-0.7783,-0.69,-0.1102,0.0,1.672,-0.7188,0.753,0.28,0.722,-0.1603,0.3152999999999999,0.779,-0.2524,0.3157,0.294,0.5405,0.4443,0.0,0.0,0.4556,0.0,0.5703,1.574,-0.9883,0.3389,2.0,1.5,2.0,-0.8677,0.584,0.5864,1.0,0.0,0.0,0.0,0.0,0.1986,-0.0476487999999999,,,
-0.845,0.4238,0.877,1.477,-0.3137,0.857,-0.0813,1.0,1.0,-0.7266,-0.64,-0.12384,0.0,1.673,-0.3271,0.942,0.4355,0.354,-0.1545,-0.5039,0.811,0.315,-0.2524,0.3157,0.5474,0.4482,0.0,0.0,0.4622,0.0,0.541,1.205,-0.657,-0.8174,1.0,1.5,1.5,-0.5786,0.3208,0.3833,0.0,1.0,0.0,0.0,0.0,-0.474,0.1266675999999999,,,
-0.8433,0.3977,0.8877,1.51,0.07794,0.857,-0.0732,1.0,1.0,-0.733,-0.6475,-0.11926,0.0,1.673,-0.7437,1.079,0.573,0.371,-0.151,0.1709,0.8545,-0.504,0.315,-0.2524,0.5513,0.452,0.0,0.0,0.4675,0.0,0.551,1.31,-0.727,0.09845,1.0,1.5,2.0,-0.587,0.3389,0.3845,1.0,0.0,0.0,0.0,0.0,0.05804,0.0181619999999999,,,
-0.8555,0.352,0.8955,1.547,0.0317,0.857,-0.06506,1.0,1.0,-0.739,-0.6514,-0.1154,0.0,1.673,-0.746,1.177,0.6978,0.3599,-0.1467,0.1455999999999999,0.8384,0.1707,-0.504,0.315,0.554,0.4568,0.0,0.0,0.477,0.0,0.559,1.379,-0.773,0.1094,1.0,1.5,2.0,-0.592,0.337,0.3755,2.0,0.0,0.0,0.0,0.0,0.06415,0.2211879999999999,,,
-0.879,0.4207,0.936,1.587,0.3022,0.857,-0.05692,1.0,1.0,-0.7656,-0.675,-0.10504,0.0,1.674,-0.692,1.243,0.811,0.4414,-0.1409,0.3866,0.719,0.1455,0.1707,-0.504,0.558,0.4624,0.0,0.0,0.4905,0.0,0.5815,1.406,-0.7827,0.5054,2.0,1.5,2.0,-0.683,0.4346,0.4553,3.0,0.0,0.0,0.0,0.0,0.2947,0.0621207999999999,,,
-0.879,0.3594,0.9385,1.623,0.003012,0.857,-0.04877,1.0,1.0,-0.7666,-0.6763,-0.1021,0.0,1.674,-0.5146,1.274,0.91,0.3967,-0.1357,0.10746,0.635,0.3862,0.1455,0.1707,0.5605,0.4688,0.0,0.0,0.502,0.0,0.588,1.371,-0.7554,0.12225,2.0,1.5,2.0,-0.6953,0.3748,0.4514,4.0,0.0,0.0,0.0,0.0,0.0705,-0.3247696,,,
-0.879,0.1189,0.8804,1.642,-0.4497,0.857,-0.04065,1.0,1.0,-0.7334,-0.637,-0.1112,0.0,1.675,-0.688,1.279,0.9937,0.142,-0.131,-0.3329,0.5645,0.1073,0.3862,0.1455,0.5625,0.4744,0.0,0.0,0.511,0.0,0.568,0.952,-0.4646,-0.3066,2.0,1.0,2.0,-0.5044,0.1793,0.3018,0.0,1.0,0.0,0.0,0.0,-0.1761,-0.3884231999999999,,,
-0.879,-0.1259,0.8135,1.648,-1.173,0.7144,-0.03253,0.0,1.0,-0.69,-0.5967,-0.1219,0.0,1.675,-0.4517,1.237,1.053,-0.1017,-0.1283,-0.3964,0.4966,-0.3328,0.1073,0.3862,0.5596,0.4795,0.0,0.0,0.5176,0.0,0.545,0.59,-0.2164,-0.3862,1.0,0.5,1.5,-0.304,-0.0245,0.126,0.0,2.0,0.0,0.0,0.0,-0.2242,-0.0630096,,,
-0.879,-0.174,0.799,1.65,1.288,0.5713,-0.02438,0.0,1.0,-0.6807,-0.586,-0.1225,0.0,1.676,-0.8335,1.143,1.088,-0.1527,-0.1262,-0.02424,0.3997,-0.3962,-0.3328,0.1073,0.56,0.485,0.0,0.0,0.525,0.0,0.5435,0.4585,-0.1232,-0.01717,0.0,0.0,1.0,-0.3003,-0.0917,0.08057,0.0,3.0,0.0,0.0,0.0,-0.01009,-0.153912,,,
-0.876,-0.354,0.739,1.638,2.21,0.4285,-0.01627,0.0,1.0,-0.641,-0.547,-0.1322,0.0,1.676,-0.3645,1.004,1.095,-0.3499,-0.125,-0.3651,0.2637,-0.02432,-0.3962,-0.3328,0.5566,0.4897,0.0,0.0,0.5312,0.0,0.522,-0.0535,0.2329,-0.4172,-1.0,0.0,0.5,-0.1292,-0.259,-0.1226,0.0,4.0,0.0,0.0,0.0,-0.2455,0.2376089599999999,,,
-0.879,-0.222,0.765,1.625,-0.3838,0.2856,-0.00813,0.0,1.0,-0.66,-0.563,-0.1248,0.0,1.677,-0.6943,0.808,1.073,-0.2317,-0.1241,0.2833,0.1111,-0.365,-0.02432,-0.3962,0.554,0.4946,0.0,0.0,0.5376,0.0,0.538,-0.02701,0.2211,0.1716,-1.0,0.0,0.5,-0.2361,-0.1475,-0.0403,1.0,0.0,0.0,0.0,0.0,0.1022,0.174084,,,
-0.879,-0.12274,0.7817,1.611,-0.6206,0.1428,0.0,0.0,1.0,-0.673,-0.572,-0.11926,0.0,1.677,-0.844,0.5986,1.023,-0.1409,-0.1236,0.2075999999999999,-0.04584,0.2832,-0.365,-0.02432,0.551,0.4993,0.0,0.0,0.5435,0.0,0.5503,-0.0738,0.2598,0.1113,0.0,0.5,0.5,-0.3076,-0.0838,0.0409,2.0,0.0,0.0,0.0,0.0,0.0657,0.3895479999999999,,,
-0.879,0.1285,0.8423,1.601,-6.35,0.1428,0.00813,1.0,1.0,-0.71,-0.6123,-0.10504,0.0,1.678,-0.512,0.4336,0.953,0.1137,-0.1234,0.5337999999999999,-0.1268,0.2074,0.2832,-0.365,0.55,0.504,0.0,0.0,0.5493,0.0,0.581,0.04257,0.1904,0.4043,1.0,0.5,0.5,-0.478,0.1254,0.4377,3.0,0.0,1.0,0.0,2.562,0.237,0.1922916,,,
-0.879,0.1216,0.834,1.595,0.0977,0.1428,0.01627,1.0,1.0,-0.708,-0.604,-0.1044,0.0,1.678,-0.844,0.3052,0.8594,0.1187,-0.12305,0.02396,-0.2059,0.5337,0.2074,0.2832,0.552,0.5107,0.0,0.0,0.554,0.0,0.5825,0.2101,0.0715,0.015274,2.0,0.5,1.0,-0.4634,0.07794,0.4702,4.0,0.0,0.0,0.0,0.0,0.008804,0.1133088,,,
-0.879,0.092,0.816,1.583,-0.02249,0.1428,0.02438,1.0,1.0,-0.6978,-0.5913,-0.10565,0.0,1.678,-0.844,0.191,0.74,0.0901,-0.1228,-0.0475999999999999,-0.2776,0.02385,0.5337,0.2074,0.5557,0.52,0.0,0.0,0.558,0.0,0.5796,0.00971,0.2133,-0.0368,2.0,0.0,0.5,-0.4321,-0.004753,0.4329,0.0,1.0,0.0,0.0,0.0,-0.02121,0.1188875999999999,,,
-0.879,-0.1399,0.744,1.572,-1.297,0.0,0.03253,0.0,1.0,-0.652,-0.5435,-0.118,0.0,1.679,-0.501,0.08765,0.6035,-0.1475,-0.1219,-0.4535,-0.3066,-0.04767,0.02385,0.5337,0.5566,0.527,0.0,0.0,0.5596,0.0,0.5527,0.04135,0.1788,-0.315,1.0,-0.5,0.5,-0.2095,-0.2112,-0.2225,0.0,2.0,0.0,0.0,0.0,-0.1816,0.4303080000000001,,,
-0.879,0.0828,0.7993,1.566,-3.93,0.0,0.04065,1.0,1.0,-0.686,-0.5815,-0.10474,0.0,1.679,-0.3774,-0.02682,0.4421,0.0755,-0.12103,0.4967,-0.311,-0.4536,-0.04767,0.02385,0.564,0.533,0.0,0.0,0.5615,0.0,0.582,0.2161,0.0669,0.414,1.0,0.0,0.5,-0.3738,-8.4e-05,0.4446,1.0,0.0,0.0,0.0,0.0,0.2424,0.3021664000000001,,,
-0.879,0.2654,0.8457,1.565,1.321,0.0,0.04877,1.0,1.0,-0.7153,-0.612,-0.093,0.0,1.68,-0.7144,-0.139,0.2844,0.2524,-0.11926,0.4295,-0.2732,0.4963,-0.4536,-0.04767,0.572,0.5396,0.0,0.0,0.564,0.0,0.607,0.348,-0.01604,0.4714,1.0,0.5,0.5,-0.5083,0.1465,0.8765,2.0,0.0,0.0,0.0,0.0,0.2717,0.1213055999999999,,,
-0.879,0.4072,0.8804,1.563,0.5713,0.0,0.05692,1.0,1.0,-0.736,-0.6353,-0.0837,0.0,1.68,-0.6616,-0.2151,0.1669,0.3728,-0.11664,0.3414,-0.2067,0.4292,0.4963,-0.4536,0.581,0.5464,0.0,0.0,0.567,0.0,0.6274,0.3325,0.003983,0.415,1.0,1.0,0.5,-0.586,0.2524,1.0205,3.0,0.0,1.0,0.0,2.271,0.2361,-0.2207184,,,
-0.879,0.2468,0.8296,1.555,-0.2177,0.0,0.06506,1.0,1.0,-0.705,-0.6016,-0.09174,0.0,1.681,-0.789,-0.2615,0.0775,0.2153,-0.11597,-0.2909,-0.1836,0.341,0.4292,0.4963,0.5845,0.553,0.0,0.0,0.5693,0.0,0.61,0.1031,0.1599,-0.2228,1.0,1.0,0.0,-0.4265,0.0786,0.6,0.0,1.0,0.0,0.0,0.0,-0.1254,0.1473904,,,
-0.879,0.2593,0.8296,1.554,0.1737,0.0,0.0732,1.0,1.0,-0.7046,-0.602,-0.0895,0.0,1.681,-0.6133,-0.2666,0.00456,0.2261,-0.1143,0.0824,-0.1556,-0.291,0.341,0.4292,0.5884,0.5596,0.0,0.0,0.571,0.0,0.6147,0.3455,-0.01089,0.0954,2.0,1.0,0.5,-0.44,0.0589,0.5967,1.0,0.0,0.0,0.0,0.0,0.0542,0.2968759999999999,,,
-0.879,0.4275,0.8804,1.566,0.6616,0.1428,0.0813,1.0,1.0,-0.738,-0.6333,-0.07684,0.0,1.682,-0.5933,-0.2134,-0.04248,0.3518,-0.10895,0.4571,-0.1096,0.0822,-0.291,0.341,0.5957,0.5664,0.0,0.0,0.575,0.0,0.642,0.8022,-0.3247,1.076,2.0,1.0,1.0,-0.5596,0.2302,0.855,2.0,0.0,0.0,0.0,0.0,0.61,1.2461708,,,
-0.8076,1.417,1.177,1.615,2.21,0.2856,0.0894,1.0,1.0,-0.897,-0.8223,-0.01336,0.0,1.682,0.245,0.1713,0.0642,0.9814,-0.0828,2.2661,0.2316,0.4568,0.0822,-0.291,0.6226,0.5757,0.0,0.0,0.585,0.0,0.7803,1.285,-0.6084,9.62,2.0,1.0,1.5,-1.234,1.132,1.113,3.0,0.0,1.0,0.0,8.734,7.785,0.154408,,,
-0.7744,0.9937,1.086,1.661,-0.1688,0.4285,0.09753,1.0,1.0,-0.8438,-0.773,-0.02924,0.0,1.683,-0.3367,0.4927,0.2096,0.517,-0.0722,-0.5289,0.3765,2.264,0.4568,0.0822,0.6416,0.5835,0.0,0.0,0.593,0.0,0.745,1.162,-0.536,-1.898,1.0,0.5,1.5,-0.906,0.8154,0.962,0.0,1.0,0.0,0.0,0.0,-0.99,0.6634703999999999,,,
-0.728,1.285,1.197,1.717,0.4233,0.5713,0.1057,1.0,1.0,-0.9014,-0.84,-0.003319,0.0,1.683,0.02829,0.7715,0.3672,0.8105,-0.064,0.8781,0.5884,-0.5283,2.264,0.4568,0.6646,0.5923,0.0,0.0,0.602,0.0,0.802,1.248,-0.5728,2.504,2.0,1.0,1.5,-1.103,1.087,1.036,1.0,0.0,0.0,0.0,0.0,1.328,0.1376056,,,
-0.7036,0.999,1.145,1.766,-0.0906,0.7144,0.11383,1.0,1.0,-0.8706,-0.8125,-0.01141,0.0,1.684,-0.7188,0.987,0.5073,0.5977,-0.05972,-0.2669,0.7217,0.8774,-0.5283,2.264,0.683,0.6,0.0,0.0,0.61,0.0,0.7837,1.082,-0.4622,-0.412,1.0,1.0,1.0,-0.904,0.8535,0.7725,0.0,1.0,0.0,0.0,0.0,-0.2126,0.0222372,,,
-0.7163,0.8496,1.122,1.804,-0.0142,0.7144,0.12195,1.0,1.0,-0.8594,-0.799,-0.01304,0.0,1.684,-0.745,1.152,0.634,0.503,-0.05588,-0.0537599999999999,0.8145,-0.2668,0.8774,-0.5283,0.703,0.607,0.0,0.0,0.619,0.0,0.7803,0.977,-0.3884,-0.0694,0.0,0.5,0.5,-0.792,0.736,0.6436,0.0,2.0,0.0,0.0,0.0,-0.03613,0.2057330000000001,,,
-0.6924,0.8955,1.157,1.848,0.1858,0.7144,0.1301,1.0,1.0,-0.877,-0.821,-0.00267,0.0,1.684,-0.63,1.276,0.7466,0.6074,-0.05194,0.3453,0.895,-0.05383,-0.2668,0.8774,0.725,0.6143,0.0,0.0,0.63,0.0,0.8027,1.031,-0.4175,0.5176,0.0,0.5,0.5,-0.826,0.7983,0.647,1.0,0.0,0.0,0.0,0.0,0.27,-0.0207582399999999,,,
-0.649,0.803,1.155,1.894,0.03262,0.7144,0.1382,1.0,1.0,-0.8726,-0.823,-7.92e-05,0.0,1.685,-0.3506,1.359,0.8457,0.586,-0.04825,0.0855,0.9517,0.345,-0.05383,-0.2668,0.745,0.621,0.0,0.0,0.6406,0.0,0.8086,1.067,-0.4402,0.1042,1.0,0.5,1.0,-0.79,0.7227,0.5845,2.0,0.0,0.0,0.0,0.0,0.05374,-0.0620375199999999,,,
-0.646,0.6235,1.132,1.946,-0.08405,0.857,0.1464,1.0,1.0,-0.859,-0.8096,-0.002022,0.0,1.685,-0.5767,1.404,0.9326,0.4856,-0.04428,-0.0637399999999999,0.9546,0.0853,0.345,-0.05383,0.748,0.628,0.0,0.0,0.653,0.0,0.804,1.252,-0.5737,-0.09625,0.0,0.5,1.0,-0.7056,0.591,0.5,0.0,1.0,0.0,0.0,0.0,-0.0495,-0.020976,,,
-0.6562,0.4202,1.095,1.988,-0.1747,0.857,0.1544,1.0,1.0,-0.8394,-0.788,-0.00688,0.0,1.686,-0.7617,1.407,1.006,0.345,-0.04074,-0.1599,0.937,-0.06384,0.0853,0.345,0.7534,0.6343,0.0,0.0,0.663,0.0,0.7935,1.095,-0.4666,-0.2112,0.0,0.0,0.5,-0.5864,0.44,0.4004,0.0,2.0,0.0,0.0,0.0,-0.1089,0.2015592,,,
-0.664,0.5386,1.15,2.033,0.3857,0.857,0.1626,1.0,1.0,-0.8706,-0.819,0.007694,0.0,1.686,-0.636,1.373,1.066,0.511,-0.03644,0.4825,0.936,-0.1599,-0.06384,0.0853,0.7563,0.6426,0.0,0.0,0.675,0.0,0.825,1.11,-0.4639,0.64,1.0,0.0,0.5,-0.7026,0.576,0.4827,1.0,0.0,0.0,0.0,0.0,0.3318,-0.0681832,,,
-0.6533,0.2937,1.096,2.066,-0.289,0.857,0.1708,1.0,1.0,-0.84,-0.7886,-0.001051,0.0,1.687,-0.4568,1.299,1.112,0.3022,-0.03256,-0.2851,0.924,0.4822,-0.1599,-0.06384,0.759,0.6494,0.0,0.0,0.684,0.0,0.806,0.897,-0.3198,-0.4136,0.0,-0.5,0.0,-0.524,0.3892,0.348,0.0,1.0,0.0,0.0,0.0,-0.2112,-0.1659071999999999,,,
-0.639,0.1655,1.077,2.104,-0.2319,0.857,0.1788,1.0,1.0,-0.828,-0.779,-0.002346,0.0,1.687,-0.6704,1.154,1.139,0.2283,-0.02939,-0.04253,0.891,-0.285,0.4822,-0.1599,0.7617,0.6567,0.0,0.0,0.6934,0.0,0.803,1.0205,-0.4092,-0.0781,-1.0,-0.5,0.0,-0.4573,0.314,0.2925,0.0,2.0,0.0,0.0,0.0,-0.04022,-0.06584,,,
-0.642,0.02852,1.054,2.139,-0.4597,0.857,0.187,1.0,1.0,-0.815,-0.765,-0.004616,0.0,1.6875,-0.736,0.927,1.148,0.1277,-0.02553,-0.0746,0.832,-0.0426,-0.285,0.4822,0.761,0.6626,0.0,0.0,0.7026,0.0,0.798,0.964,-0.371,-0.1047,-1.0,-1.0,-0.5,-0.4,0.2158,0.2316,0.0,3.0,0.0,0.0,0.0,-0.05396,-0.1441027999999999,,,
-0.6514,-0.1139,1.023,2.166,-1.252,0.7144,0.1951,0.0,1.0,-0.7983,-0.7466,-0.0085,0.0,1.6875,-0.8013,0.6387,1.146,-0.0332,-0.01953,-0.1282,0.7046,-0.07465,-0.0426,-0.285,0.7593,0.6685,0.0,0.0,0.7124,0.0,0.7896,0.803,-0.2598,-0.1302,-1.0,-1.0,-1.0,-0.4102,0.014465,0.156,0.0,4.0,0.0,0.0,0.0,-0.0673,-0.931684,,,
-0.725,-0.5728,0.871,2.135,15.195,0.5713,0.2032,0.0,1.0,-0.7134,-0.6465,-0.03864,0.0,1.688,0.1182,0.543,1.117,-0.5425,-0.01796,-0.9984,0.5825,-0.1283,-0.07465,-0.0426,0.7495,0.673,0.0,0.0,0.7183,0.0,0.7236,-0.5103,0.6484,-1.814,-2.0,-1.0,-1.5,0.04346,-0.415,-0.248,0.0,5.0,0.0,0.0,0.0,-0.942,0.4130375999999998,,,
-0.696,-0.206,0.97,2.129,-0.664,0.4285,0.2114,0.0,1.0,-0.771,-0.711,-0.01498,0.0,1.688,0.4377,0.4844,1.061,-0.1882,-0.01636,0.8091,0.4773,-0.998,-0.1283,-0.07465,0.7476,0.679,0.0,0.0,0.7256,0.0,0.7754,0.1268,0.2164,1.578,-1.0,-1.0,-1.0,-0.2864,-0.07434,0.0192,1.0,0.0,0.0,0.0,0.0,0.8457,-0.0397976,,,
-0.7407,-0.2952,0.9272,2.102,0.8965,0.2856,0.2195,0.0,1.0,-0.749,-0.6807,-0.02179,0.0,1.689,-0.5215,0.4316,0.972,-0.2817,-0.01735,-0.2269,0.378,0.8086,-0.998,-0.1283,0.74,0.6855,0.0,0.0,0.731,0.0,0.7603,-0.4268,0.605,-0.363,-1.0,-1.5,-1.5,-0.179,-0.1932,-0.1223,0.0,1.0,0.0,0.0,0.0,-0.1897,0.1289128,,,
-0.76,-0.2588,0.924,2.082,-0.0479,0.1428,0.2277,0.0,1.0,-0.748,-0.677,-0.02016,0.0,1.689,-0.844,0.3616,0.8384,-0.2417,-0.01822,0.05454,0.2173,-0.2269,0.8086,-0.998,0.7354,0.6924,0.0,0.0,0.738,0.0,0.7637,-0.2607,0.488,0.08136,0.0,-1.0,-1.0,-0.1904,-0.1815,-0.161,1.0,0.0,0.0,0.0,0.0,0.04282,0.6459752000000001,,,
-0.7173,0.10046,1.0205,2.076,-2.03,0.1428,0.2357,1.0,1.0,-0.8022,-0.7393,0.00316,0.0,1.689,-0.0868,0.2837,0.657,0.1191,-0.01736,0.7827999999999999,0.018,0.0544,-0.2269,0.8086,0.737,0.7,0.0,0.0,0.746,0.0,0.8145,0.1643,0.2072,1.491,1.0,-0.5,-0.5,-0.459,0.1473,0.2915,2.0,0.0,1.0,0.0,3.006,0.783,-0.194666,,,
-0.71,0.04498,0.9946,2.062,-0.1929,0.1428,0.2357,1.0,1.0,-0.786,-0.724,-7.92e-05,0.0,1.69,-0.511,0.2003,0.4365,0.05588,-0.01668,-0.106,-0.217,0.782,0.0544,-0.2269,0.738,0.7075,0.0,0.0,0.753,0.0,0.807,-0.0508,0.3577,-0.216,1.0,-1.0,-1.0,-0.3787,0.0636,0.2598,0.0,1.0,0.0,0.0,0.0,-0.1107,0.064718,,,
-0.711,0.1666,1.0205,2.05,1.163,0.1428,0.2357,1.0,1.0,-0.8013,-0.7397,0.00802,0.0,1.69,-0.5703,0.1137,0.3298,0.1644,-0.01538,0.2661,-0.1987,-0.106,0.782,0.0544,0.742,0.7144,0.0,0.0,0.755,0.0,0.8247,0.03644,0.303,0.4536,1.0,-0.5,-1.0,-0.4404,0.149,0.517,1.0,0.0,0.0,0.0,0.0,0.2334,0.02732728,,,
-0.7114,0.1986,1.021,2.043,0.271,0.1428,0.2439,1.0,1.0,-0.8022,-0.7407,0.01093,0.0,1.691,-0.559,0.02768,0.2505,0.1927,-0.01426,0.09513,-0.2104,0.2659,-0.106,0.782,0.755,0.721,0.0,0.0,0.7583,0.0,0.831,0.11346,0.2507,0.1577,2.0,0.0,-0.5,-0.4429,0.1434,0.5737,2.0,0.0,0.0,0.0,0.0,0.08044,0.02233184,,,
-0.6924,0.265,1.037,2.041,0.3867,0.1428,0.2439,1.0,1.0,-0.8096,-0.751,0.01677,0.0,1.691,-0.3657,-0.05478,0.1924,0.2505,-0.012085,0.1896,-0.1763,0.095,0.2659,-0.106,0.7627,0.7285,0.0,0.0,0.7603,0.0,0.8438,0.2825,0.1359,0.5093,2.0,0.5,0.0,-0.4924,0.1641,0.6943,3.0,0.0,0.0,0.0,0.0,0.259,-0.0098455999999999,,,
-0.6377,0.1185,0.984,2.025,-0.3186,0.1428,0.2439,1.0,1.0,-0.7744,-0.7236,0.007694,0.0,1.692,-0.05237,-0.1272,0.135,0.0872,-0.01095,-0.2929,-0.1693,0.1893,0.095,0.2659,0.7705,0.7363,0.0,0.0,0.762,0.0,0.8237,-0.0945,0.3962,-0.583,1.0,0.5,-0.5,-0.3376,0.0003743,0.3164,0.0,1.0,0.0,0.0,0.0,-0.2947,0.0420664,,,
-0.5933,-0.1976,0.8794,2.004,-1.557,0.0,0.2439,0.0,1.0,-0.708,-0.663,-0.01271,0.0,1.692,-0.1489,-0.1978,0.07306,-0.2323,-0.011314,-0.6649,-0.1697,-0.2927,0.1893,0.095,0.7725,0.742,0.0,0.0,0.762,0.0,0.7793,-0.2725,0.5034,-1.17,1.0,0.5,-0.5,-0.015175,-0.2725,-0.4263,0.0,2.0,0.0,0.0,0.0,-0.597,-0.130192,,,
-0.581,-0.3367,0.8237,1.978,1.411,-0.1428,0.2439,0.0,1.0,-0.672,-0.628,-0.02275,0.0,1.693,-0.6987,-0.2756,0.006233,-0.3728,-0.01257,-0.3341,-0.1489,-0.665,-0.2927,0.1893,0.7656,0.746,0.0,0.0,0.7603,0.0,0.7573,-0.3877,0.576,-0.5195,0.0,0.0,-0.5,0.1312,-0.3984,-0.7246,0.0,3.0,0.0,0.0,0.0,-0.2708,-0.102687784,,,
-0.578,-0.1746,0.856,1.957,-0.545,-0.2856,0.252,0.0,1.0,-0.692,-0.649,-0.01336,0.0,1.693,-0.569,-0.3438,-0.06476,-0.2045,-0.01372,0.3162999999999999,-0.1469,-0.3342,-0.665,-0.2927,0.762,0.7505,0.0,0.0,0.7593,0.0,0.7773,-0.2145,0.4617,0.67,0.0,0.5,0.0,0.0005665,-0.2413,-0.3748,1.0,0.0,0.0,0.0,0.0,0.3528,0.0291239999999999,,,
-0.5625,-0.1203,0.8594,1.94,-0.4888,-0.2856,0.2603,0.0,1.0,-0.693,-0.6523,-0.010124,0.0,1.694,-0.5576,-0.3608,-0.135,-0.1494,-0.01392,0.108,-0.1467,0.316,-0.3342,-0.665,0.758,0.7554,0.0,0.0,0.7583,0.0,0.7847,-0.1168,0.395,0.1865,0.0,0.5,0.5,-0.0876,-0.2441,-0.2491,2.0,0.0,0.0,0.0,0.0,0.0973,-0.1166743999999999,,,
-0.6216,-0.231,0.8247,1.938,3.168,-0.2856,0.2683,0.0,1.0,-0.6763,-0.625,-0.015305,0.0,1.694,-0.54,-0.3672,-0.2036,-0.253,-0.01262,-0.172,-0.1418,0.10785,0.316,-0.3342,0.751,0.7603,0.0,0.0,0.758,0.0,0.773,0.287,0.10175,-0.2452,0.0,0.0,0.5,-0.0463,-0.3535,-0.41,0.0,1.0,0.0,0.0,0.0,-0.1274,0.4332039999999998,,,
-0.7056,0.04645,0.897,1.934,-1.848,-0.1428,0.2764,1.0,1.0,-0.7275,-0.6646,0.00316,0.0,1.695,-0.5137,-0.3599,-0.2625,0.013214,-0.01084,0.6161,-0.1487,-0.172,0.10785,0.316,0.7476,0.765,0.0,0.0,0.7573,0.0,0.8135,0.2145,0.1714,1.001,1.0,0.5,0.5,-0.271,-0.07465,0.2327,1.0,0.0,0.0,0.0,0.0,0.523,-0.1848759999999999,,,
-0.691,-0.094,0.852,1.929,-1.041,-0.1428,0.2847,0.0,1.0,-0.6987,-0.637,-0.00429,0.0,1.695,-0.4407,-0.3538,-0.3115,-0.1274,-0.00947,-0.2439,-0.1504,0.616,-0.172,0.10785,0.744,0.7656,0.0,0.0,0.757,0.0,0.797,0.2019,0.1732,-0.3018,1.0,0.0,0.5,-0.1458,-0.187,-0.01938,0.0,1.0,0.0,0.0,0.0,-0.1547,-0.28404672,,,
-0.64,-0.2625,0.796,1.916,14.336,-0.1428,0.2927,0.0,1.0,-0.659,-0.605,-0.01433,0.0,1.695,-0.4187,-0.358,-0.355,-0.3008,-0.00861,-0.3312,-0.1488,-0.2439,0.616,-0.172,0.744,0.7666,0.0,0.0,0.756,0.0,0.775,-0.001791,0.3088,-0.3496,0.0,-0.5,0.0,-0.02689,-0.3599,-0.347,0.0,2.0,0.0,0.0,0.0,-0.1805,0.3392071999999999,,,
-0.6904,-0.08246,0.8325,1.8955,-0.9287,-0.2856,0.3008,0.0,1.0,-0.6865,-0.6245,-0.003643,0.0,1.696,-0.4546,-0.367,-0.3872,-0.1283,-0.00877,0.3565,-0.1484,-0.3313,-0.2439,0.616,0.749,0.7666,0.0,0.0,0.756,0.0,0.7983,-0.2136,0.4705,0.3481,0.0,-0.5,0.0,-0.1595,-0.1931,0.02168,1.0,0.0,0.0,0.0,0.0,0.1818,-0.1128248,,,
-0.68,-0.1026,0.8145,1.876,18.77,-0.4285,0.3088,0.0,1.0,-0.6743,-0.614,-0.00526,0.0,1.696,-0.3994,-0.3845,-0.394,-0.1412,-0.009575,-0.0533,-0.1482,0.3562,-0.3313,-0.2439,0.751,0.7666,0.0,0.0,0.7563,0.0,0.795,-0.1865,0.4495,-0.0865,0.0,-0.5,0.0,-0.1401,-0.2369,-0.04004,0.0,1.0,0.0,0.0,0.0,-0.04465,-0.0526319999999999,,,
-0.7085,-0.1553,0.784,1.851,2.781,-0.5713,0.3088,0.0,1.0,-0.657,-0.5913,-0.009796,0.0,1.697,-0.6655,-0.4019,-0.4014,-0.187,-0.011246,-0.1497,-0.2164,-0.0534,0.3562,-0.3313,0.751,0.767,0.0,0.0,0.759,0.0,0.7847,-0.4202,0.612,-0.2167,-1.0,-0.5,-0.5,-0.0717,-0.3037,-0.2715,0.0,2.0,0.0,0.0,0.0,-0.11206,-0.1877736,,,
-0.6826,-0.3118,0.721,1.816,2.393,-0.7144,0.3088,0.0,1.0,-0.614,-0.551,-0.02179,0.0,1.697,-0.3574,-0.4092,-0.406,-0.3494,-0.01306,-0.3976,-0.2043,-0.1498,-0.0534,0.3562,0.7495,0.7656,0.0,0.0,0.7583,0.0,0.759,-0.6504,0.7646,-0.505,-1.0,-0.5,-1.0,0.0985,-0.4614,-0.7285,0.0,3.0,0.0,0.0,0.0,-0.2625,-0.536872,,,
-0.613,-0.63,0.606,1.765,1.609,-0.857,0.3088,0.0,1.0,-0.53,-0.4758,-0.04575,0.0,1.698,0.269,-0.3486,-0.3987,-0.6396,-0.01906,-0.8056,-0.1214,-0.3977,-0.1498,-0.0534,0.737,0.763,0.0,0.0,0.756,0.0,0.706,-1.024,1.009,-1.969,-1.0,-1.0,-1.5,0.4414,-0.7676,-1.282,0.0,4.0,0.0,0.0,0.0,-1.036,-0.1227639999999999,,,
-0.6533,-0.57,0.597,1.719,0.0162,-1.0,0.3088,0.0,1.0,-0.527,-0.466,-0.04575,0.0,1.698,-0.4888,-0.256,-0.3665,-0.565,-0.02382,0.0001,-0.05215,-0.805,-0.3977,-0.1498,0.726,0.7603,0.0,0.0,0.754,0.0,0.706,-0.9424,0.95,0.0,-2.0,-1.5,-1.5,0.3616,-0.7573,-1.162,0.0,0.0,0.0,0.0,0.0,0.0,-0.6713040000000002,,,
-0.595,-0.9185,0.4778,1.672,0.895,-1.0,0.3088,0.0,1.0,-0.4358,-0.3816,-0.07104,0.0,1.699,-0.2367,-0.132,-0.2979,-0.882,-0.02977,-0.8709,0.1018,0.0,-0.805,-0.3977,0.712,0.7563,0.0,0.0,0.747,0.0,0.651,-0.988,0.9585,-1.759,-2.0,-1.5,-1.5,0.7144,-1.071,-1.282,0.0,1.0,0.0,0.0,0.0,-0.949,0.2101148000000001,,,
-0.586,-0.7603,0.5,1.634,-0.0685,-1.0,0.3088,0.0,1.0,-0.4514,-0.3994,-0.0642,0.0,1.699,-0.4019,-0.02307,-0.2286,-0.7266,-0.03262,0.2412,0.188,-0.8706,0.0,-0.805,0.6963,0.752,0.0,0.0,0.741,0.0,0.6655,-0.7446,0.791,0.3389,-1.0,-1.5,-1.0,0.5386,-0.893,-1.062,1.0,0.0,0.0,0.0,0.0,0.188,-0.1541359999999999,,,
-0.5283,-0.8374,0.4536,1.585,0.255,-1.0,0.3088,0.0,1.0,-0.412,-0.3684,-0.07294,0.0,1.7,0.0691,0.0839,-0.1559,-0.816,-0.03604,-0.3075,0.2678,0.241,-0.8706,0.0,0.679,0.7476,0.0,0.0,0.734,0.0,0.6465,-1.033,0.989,-0.3962,-1.0,-1.5,-1.5,0.6226,-0.958,-1.057,0.0,1.0,0.0,0.0,0.0,-0.2181,0.1271623999999999,,,
-0.5337,-0.6562,0.4768,1.537,-0.1227,-1.0,0.3088,0.0,1.0,-0.43,-0.386,-0.06586,0.0,1.7,-0.7017,0.1924,-0.0796,-0.637,-0.03998,0.2532999999999999,0.2957,-0.3076,0.241,-0.8706,0.6646,0.7437,0.0,0.0,0.727,0.0,0.662,-0.948,0.935,0.35,0.0,-1.0,-1.5,0.4595,-0.7773,-0.8384,1.0,0.0,0.0,0.0,0.0,0.1947,0.2758184000000001,,,
-0.5493,-0.4478,0.5107,1.499,-0.2542,-1.0,0.3088,0.0,1.0,-0.4565,-0.4106,-0.05612,0.0,1.701,-0.5654,0.287,-0.008896,-0.4297,-0.04294,0.3426,0.2698,0.253,-0.3076,0.241,0.656,0.7407,0.0,0.0,0.72,0.0,0.683,-0.7,0.7676,0.4702,1.0,-1.0,-1.0,0.2588,-0.597,-0.624,2.0,0.0,0.0,0.0,0.0,0.2595,0.0955556,,,
-0.574,-0.3484,0.5103,1.449,-0.1565,-1.143,0.3171,0.0,1.0,-0.458,-0.4082,-0.05417,0.0,1.701,-0.6377,0.3733,0.06274,-0.329,-0.04712,0.06785,0.2478,0.3423,0.253,-0.3076,0.654,0.738,0.0,0.0,0.715,0.0,0.6875,-1.054,1.021,0.0966,2.0,-0.5,-1.0,0.1932,-0.5474,-0.5464,3.0,0.0,0.0,0.0,0.0,0.05276,0.2385984000000001,,,
-0.5864,-0.2642,0.508,1.404,-0.2031,-1.143,0.3252,0.0,1.0,-0.457,-0.4053,-0.05255,0.0,1.701,-0.5254,0.4373,0.1309,-0.2498,-0.05032,0.05647,0.2512,0.06775,0.3423,0.253,0.652,0.737,0.0,0.0,0.711,0.0,0.691,-0.94,0.942,0.0656,2.0,0.0,-0.5,0.1326,-0.514,-0.4792,4.0,0.0,0.0,0.0,0.0,0.03574,0.5621812000000002,,,
-0.598,0.1454,0.5986,1.378,-2.26,-1.0,0.3333,1.0,1.0,-0.5234,-0.4717,-0.02924,0.0,1.702,-0.5435,0.462,0.1873,0.1553,-0.05136,0.8101,0.2485,0.05634,0.06775,0.3423,0.6626,0.7363,0.0,0.0,0.7104,0.0,0.7417,-0.3303,0.5293,1.177,3.0,0.5,0.0,-0.1832,-0.1342,-0.0521,5.0,0.0,1.0,0.0,3.922,0.64,-0.1961339999999999,,,
-0.593,0.0298,0.547,1.34,-0.4114,-0.857,0.3416,1.0,1.0,-0.4863,-0.4343,-0.03864,0.0,1.702,-0.4807,0.4543,0.2356,0.02046,-0.05264,-0.3179,0.2365,0.8096,0.05634,0.06775,0.6694,0.7354,0.0,0.0,0.708,0.0,0.721,-0.6533,0.7505,-0.3767,2.0,0.5,-0.5,-0.03056,-0.2668,-0.2007,0.0,1.0,0.0,0.0,0.0,-0.1998,0.0039216,,,
-0.6177,0.06525,0.535,1.303,0.4744,-0.7144,0.3496,1.0,1.0,-0.4797,-0.4233,-0.03894,0.0,1.703,-0.6895,0.4243,0.2803,0.059,-0.05524,-0.010986,0.217,-0.318,0.8096,0.05634,0.6777,0.734,0.0,0.0,0.7056,0.0,0.72,-0.6377,0.7393,-0.00976,1.0,0.5,-0.5,-0.03366,-0.279,-0.1818,0.0,2.0,0.0,0.0,0.0,-0.00523,-0.04529464,,,
-0.596,0.10596,0.526,1.268,0.43,-0.5713,0.3577,1.0,1.0,-0.4712,-0.4182,-0.03864,0.0,1.703,-0.3691,0.3699,0.3147,0.0969,-0.05716,0.011186,0.2029,-0.01108,-0.318,0.8096,0.685,0.7314,0.0,0.0,0.7036,0.0,0.7207,-0.5747,0.6943,0.01213,1.0,1.0,0.0,-0.05865,-0.2954,-0.1544,1.0,0.0,0.0,0.0,0.0,0.0065,-0.10519656,,,
-0.5933,0.02464,0.4878,1.236,-0.3306,-0.4285,0.366,1.0,1.0,-0.4429,-0.3894,-0.0451,0.0,1.704,-0.391,0.2847,0.3345,0.01315,-0.0586,-0.2216,0.1451,0.011086,-0.01108,-0.318,0.6875,0.7285,0.0,0.0,0.699,0.0,0.7065,-0.5,0.635,-0.307,0.0,0.5,0.0,-0.000228,-0.4214,-0.2417,0.0,1.0,0.0,0.0,0.0,-0.1643,0.4142519999999999,,,
-0.671,0.2378,0.535,1.228,2.283,-0.2856,0.374,1.0,1.0,-0.4841,-0.419,-0.0315,0.0,1.704,-0.611,0.2025,0.3345,0.2433,-0.05872,0.4689,0.0999,-0.2216,0.011086,-0.01108,0.6934,0.726,0.0,0.0,0.697,0.0,0.7363,0.1757,0.1658,0.61,0.0,1.0,0.5,-0.17,-0.1917,0.07983,1.0,0.0,0.0,0.0,0.0,0.329,-0.159132,,,
-0.645,0.1287,0.4998,1.215,-0.232,-0.1428,0.382,1.0,1.0,-0.4558,-0.3943,-0.03732,0.0,1.705,-0.2452,0.1136,0.3127,0.1344,-0.05807,-0.1979,0.07196,0.4685,-0.2216,0.011086,0.6973,0.723,0.0,0.0,0.6943,0.0,0.7236,0.0574,0.2446,-0.2498,0.0,0.5,0.5,-0.115,-0.3213,-0.01958,0.0,1.0,0.0,0.0,0.0,-0.1327,-0.227564,,,
-0.6865,-0.06995,0.4465,1.213,-0.8774,0.0,0.3901,1.0,1.0,-0.4194,-0.3499,-0.04736,0.0,1.705,-0.375,0.03079,0.2676,-0.0785,-0.05542,-0.3429,0.00739,-0.1979,0.4685,-0.2216,0.693,0.719,0.0,0.0,0.6904,0.0,0.7017,0.3938,-0.004993,-0.4097,0.0,0.0,0.5,0.02917,-0.4622,-0.2096,0.0,2.0,0.0,0.0,0.0,-0.2191,0.14634184,,,
-0.6895,-0.253,0.3928,1.201,-14.766,0.0,0.3984,0.0,1.0,-0.3784,-0.3071,-0.05774,0.0,1.706,-0.5786,-0.0611,0.2054,-0.2617,-0.05484,-0.3579,-0.06104,-0.343,-0.1979,0.4685,0.688,0.7153,0.0,0.0,0.686,0.0,0.6787,0.03488,0.2412,-0.5107,-1.0,-0.5,0.0,0.165,-0.6,-0.4456,0.0,3.0,0.0,0.0,0.0,-0.2764,0.0346456,,,
-0.7207,-0.2964,0.3767,1.193,0.4045,0.0,0.4065,0.0,1.0,-0.3684,-0.2915,-0.05936,0.0,1.706,-0.3635,-0.1537,0.1288,-0.3003,-0.0541,-0.0564799999999999,-0.132,-0.358,-0.343,-0.1979,0.6826,0.7124,0.0,0.0,0.681,0.0,0.6753,0.1962,0.12445,-0.0576,-1.0,-1.0,0.0,0.1542,-0.6084,-0.469,0.0,4.0,0.0,0.0,0.0,-0.0315,0.7095979999999998,,,
-0.69,0.258,0.5195,1.202,-2.621,0.1428,0.4146,1.0,1.0,-0.4739,-0.4055,-0.0234,0.0,1.707,-0.26,-0.2328,0.03293,0.255,-0.0515,1.2581,-0.1371,-0.05655,-0.358,-0.343,0.6865,0.7124,0.0,0.0,0.681,0.0,0.7534,0.612,-0.1378,1.774,-1.0,-1.0,0.0,-0.314,-0.01575,0.7427,1.0,0.0,0.0,0.0,0.0,0.9717,0.0819595999999999,,,
-0.687,0.3086,0.5337,1.209,0.2927,0.2856,0.4229,1.0,1.0,-0.4844,-0.4167,-0.01758,0.0,1.707,-0.484,-0.2886,-0.05426,0.31,-0.04907,0.1964,-0.08417,1.258,-0.05655,-0.358,0.6934,0.7124,0.0,0.0,0.6836,0.0,0.766,0.567,-0.10016,0.1769,0.0,-0.5,0.0,-0.3596,0.04526,0.7856,2.0,0.0,0.0,0.0,0.0,0.09326,-0.20534,,,
-0.595,0.0728,0.4717,1.207,-0.5127,0.4285,0.431,1.0,1.0,-0.4312,-0.377,-0.02988,0.0,1.707,0.0918,-0.2898,-0.134,0.07556,-0.04727,-0.4118,-0.06866,0.1962,1.258,-0.05655,0.694,0.711,0.0,0.0,0.685,0.0,0.7393,0.2908,0.08514,-0.6343,0.0,-0.5,-0.5,-0.1503,-0.1376,0.3752,0.0,1.0,0.0,0.0,0.0,-0.3323,-0.144124,,,
-0.4143,-0.4329,0.3325,1.187,-3.371,0.4285,0.439,0.0,1.0,-0.3088,-0.2808,-0.06064,0.0,1.708,1.321,-0.2644,-0.1932,-0.4458,-0.04657,-1.0429,-0.0904,-0.4116,0.1962,1.258,0.688,0.7085,0.0,0.0,0.686,0.0,0.6724,-0.2004,0.4062,-1.868,0.0,-1.0,-1.0,0.2996,-0.5825,-0.559,0.0,2.0,0.0,0.0,0.0,-0.9917,0.518376,,,
-0.4487,-0.07275,0.411,1.164,-0.961,0.4285,0.4473,1.0,1.0,-0.3733,-0.3413,-0.03992,0.0,1.708,-0.41,-0.2465,-0.2489,-0.0867,-0.04752,0.7267,-0.10834,-1.043,-0.4116,0.1962,0.69,0.7056,0.0,0.0,0.6885,0.0,0.7173,-0.2366,0.452,1.084,1.0,-0.5,-1.0,-0.0003939,-0.2255,0.04266,1.0,0.0,0.0,0.0,0.0,0.5947,0.0026848,,,
-0.4412,0.01446,0.4248,1.151,11.055,0.4285,0.4553,1.0,1.0,-0.3833,-0.353,-0.03442,0.0,1.709,-0.4563,-0.2261,-0.2937,-0.004272,-0.047,0.1888,-0.1536,0.726,-1.043,-0.4116,0.696,0.704,0.0,0.0,0.692,0.0,0.729,-0.0372,0.315,0.2778,1.0,-0.5,-0.5,-0.0664,-0.1377,0.1844,2.0,0.0,1.0,0.0,2.656,0.149,0.6454879999999997,,,
-0.4385,0.3208,0.4988,1.149,3.55,0.4285,0.4634,1.0,1.0,-0.4387,-0.4106,-0.01433,0.0,1.709,-0.5137,-0.2035,-0.317,0.3008,-0.04538,0.6841,-0.1437,0.1886,0.726,-1.043,0.7075,0.704,0.0,0.0,0.6963,0.0,0.773,0.2037,0.1622,1.045,1.0,0.0,0.0,-0.2927,0.1681,0.7773,3.0,0.0,0.0,0.0,0.0,0.557,0.3398011999999999,,,
-0.4407,0.4963,0.5435,1.154,0.6,0.4285,0.4714,1.0,1.0,-0.4717,-0.4443,-0.001051,0.0,1.71,-0.2291,-0.1744,-0.313,0.4639,-0.04208,0.443,-0.0782,0.6836,0.1886,0.726,0.713,0.704,0.0,0.0,0.7017,0.0,0.802,0.33,0.08484,0.8774,2.0,0.5,0.0,-0.4211,0.3235,0.9756,4.0,0.0,0.0,0.0,0.0,0.4583,0.4948247999999998,,,
-0.4426,0.7954,0.6284,1.177,0.687,0.4285,0.4797,1.0,1.0,-0.5317,-0.506,0.02194,0.0,1.71,-0.1349,-0.1194,-0.2644,0.7393,-0.03613,0.7564,0.062,0.4426,0.6836,0.1886,0.723,0.7056,0.0,0.0,0.7085,0.0,0.8516,0.603,-0.088,1.807,3.0,1.0,0.5,-0.6484,0.5884,1.113,5.0,0.0,0.0,0.0,0.0,0.9307,0.0314704,,,
-0.402,0.734,0.618,1.19,0.0582,0.4285,0.4878,1.0,1.0,-0.5215,-0.502,0.02228,0.0,1.711,-0.0698,-0.02548,-0.1809,0.6226,-0.02905,0.01051,0.1599,0.7563,0.4426,0.6836,0.7363,0.7075,0.0,0.0,0.7153,0.0,0.852,0.503,-0.01619,0.03183,3.0,1.5,0.5,-0.5947,0.5107,0.9473,5.92,0.0,0.0,0.0,0.0,0.01602,0.5991123999999999,,,
-0.4268,0.9604,0.687,1.218,0.4304,0.4285,0.4958,1.0,1.0,-0.571,-0.549,0.04202,0.0,1.711,-0.4646,0.0739,-0.0902,0.8564,-0.02402,0.6351,0.322,0.01041,0.7563,0.4426,0.7627,0.7114,0.0,0.0,0.7217,0.0,0.895,0.7285,-0.1583,1.061,3.0,1.5,1.0,-0.757,0.708,1.027,5.92,0.0,0.0,0.0,0.0,0.533,0.191208,,,
-0.4558,1.006,0.717,1.258,0.1796,0.4285,0.504,1.0,1.0,-0.593,-0.5664,0.0524,0.0,1.712,-0.676,0.1816,0.001245,0.9443,-0.0194,0.3265,0.478,0.6343,0.01041,0.7563,0.786,0.718,0.0,0.0,0.73,0.0,0.9175,0.9385,-0.2983,0.3809,3.0,1.5,1.5,-0.8022,0.7505,0.9424,5.92,0.0,0.0,0.0,0.0,0.1879,0.2097292,,,
-0.4666,0.971,0.731,1.307,0.0995,0.5713,0.512,1.0,1.0,-0.603,-0.5757,0.0592,0.0,1.712,-0.692,0.301,0.0996,0.942,-0.01292,0.2120999999999999,0.617,0.3264,0.6343,0.01041,0.81,0.724,0.0,0.0,0.739,0.0,0.9326,1.138,-0.4336,0.2756,3.0,1.5,2.0,-0.793,0.753,0.8438,5.92,0.0,0.0,0.0,0.0,0.1345,-0.096292,,,
-0.4756,0.826,0.7173,1.356,-0.01369,0.7144,0.5205,1.0,1.0,-0.5947,-0.5654,0.0592,0.0,1.713,-0.5786,0.4019,0.1868,0.873,-0.008865,0.0001,0.722,0.212,0.3264,0.6343,0.829,0.732,0.0,0.0,0.7476,0.0,0.932,1.164,-0.453,0.0,2.0,1.5,2.0,-0.7676,0.6045,0.7104,0.0,0.0,0.0,0.0,0.0,0.0,-0.00511824,,,
-0.5337,0.708,0.6987,1.385,-0.006176,0.7144,0.5283,1.0,1.0,-0.587,-0.548,0.0579,0.0,1.713,-0.565,0.5034,0.2673,0.7705,-0.004013,-0.0400299999999999,0.789,0.0,0.212,0.3264,0.844,0.7393,0.0,0.0,0.757,0.0,0.9297,0.945,-0.2974,-0.04474,1.0,1.5,1.5,-0.6865,0.502,0.5996,0.0,1.0,0.0,0.0,0.0,-0.02168,0.1703635999999999,,,
-0.5225,0.77,0.7275,1.415,0.2175,0.7144,0.5366,1.0,1.0,-0.6055,-0.569,0.0683,0.0,1.713,-0.2717,0.595,0.339,0.8667,0.0,0.3216,0.876,-0.0401,0.0,0.212,0.856,0.748,0.0,0.0,0.766,0.0,0.952,0.974,-0.3083,0.382,1.0,1.5,1.5,-0.746,0.5547,0.613,1.0,0.0,0.0,0.0,0.0,0.1855,0.01076376,,,
-0.5894,0.673,0.72,1.455,0.01115,0.7144,0.545,1.0,1.0,-0.606,-0.558,0.0696,0.0,1.714,-0.6353,0.709,0.4243,0.749,0.00828,0.0399,0.936,0.3213,-0.0401,0.0,0.868,0.7563,0.0,0.0,0.7754,0.0,0.9546,1.227,-0.4875,0.0791,1.0,1.5,2.0,-0.7363,0.445,0.544,2.0,0.0,0.0,0.0,0.0,0.03802,-1.6738519999999997,,,
-0.4597,-0.4648,0.434,1.476,-1.479,0.7144,0.5527,0.0,1.0,-0.3918,-0.359,0.00154,0.0,1.714,1.865,0.8057,0.5103,-0.3948,0.01353,-2.0859,0.887,0.03976,0.3213,-0.0401,0.8574,0.76,0.0,0.0,0.7803,0.0,0.806,0.5786,-0.0901,-7.027,0.0,1.0,2.0,0.2494,-0.4297,-0.1571,0.0,1.0,0.0,0.0,0.0,-3.373,0.273992,,,
-0.434,0.1184,0.599,1.509,-1.492,0.7144,0.5527,1.0,1.0,-0.5107,-0.4856,0.04495,0.0,1.715,0.5303,0.869,0.5894,0.1987,0.01865,1.4241,0.8306,-2.086,0.03976,0.3213,0.856,0.7656,0.0,0.0,0.7896,0.0,0.901,0.731,-0.1571,2.713,1.0,1.0,2.0,-0.266,0.234,0.2494,1.0,0.0,0.0,0.0,0.0,1.393,0.1674859999999999,,,
-0.4558,0.0715,0.6,1.541,-0.11786,0.7144,0.5527,1.0,1.0,-0.513,-0.4846,0.04785,0.0,1.715,-0.6094,0.9023,0.66,0.1642,0.0237,0.09165,0.7485,1.423,-2.086,0.03976,0.853,0.772,0.0,0.0,0.799,0.0,0.907,0.715,-0.1431,0.1559,2.0,1.0,2.0,-0.296,0.2059,0.244,2.0,0.0,0.0,0.0,0.0,0.07666,0.0270799999999999,,,
-0.462,0.03943,0.6,1.5625,-0.0907,0.7144,0.5527,1.0,1.0,-0.5137,-0.4841,0.05045,0.0,1.716,-0.4583,0.9014,0.725,0.1373,0.02795,0.0813,0.7344,0.0915,1.423,-2.086,0.8506,0.777,0.0,0.0,0.8057,0.0,0.9126,0.5977,-0.0569,0.10724,2.0,1.0,2.0,-0.3113,0.1846,0.2351,3.0,0.0,0.0,0.0,0.0,0.05258,0.333162,,,
-0.4343,0.3967,0.7056,1.593,3.297,0.7144,0.5527,1.0,1.0,-0.5835,-0.561,0.0796,0.0,1.716,0.4348,0.885,0.7886,0.4968,0.03342,0.9107,0.7686,0.0811,0.0915,1.423,0.856,0.7837,0.0,0.0,0.8145,0.0,0.976,0.705,-0.10547,1.506,2.0,1.0,2.0,-0.6147,0.518,0.4973,4.0,0.0,0.0,0.0,0.0,0.7363,0.1755596,,,
-0.4788,0.4236,0.72,1.613,0.1932,0.7144,0.5527,1.0,1.0,-0.5967,-0.5674,0.08606,0.0,1.717,-0.669,0.872,0.8467,0.512,0.03867,0.1969,0.77,0.91,0.0811,0.0915,0.861,0.7915,0.0,0.0,0.825,0.0,0.99,0.593,-0.01938,0.2693,3.0,1.0,2.0,-0.6187,0.538,0.5044,5.0,0.0,0.0,0.0,0.0,0.128,-0.275868,,,
-0.4644,0.1881,0.6626,1.626,-0.365,0.7144,0.5527,1.0,1.0,-0.557,-0.5283,0.0744,0.0,1.717,-0.1036,0.873,0.894,0.2556,0.0438,-0.3519,0.6143,0.1967,0.91,0.0811,0.862,0.7983,0.0,0.0,0.8374,0.0,0.9644,0.4348,0.0823,-0.5156,2.0,1.0,1.5,-0.4321,0.3154,0.3525,0.0,1.0,0.0,0.0,0.0,-0.2437,-0.2121624,,,
-0.4548,-0.006947,0.607,1.621,-0.64,0.7144,0.5527,1.0,1.0,-0.5176,-0.4895,0.0631,0.0,1.718,-0.4302,0.847,0.9097,0.05893,0.04547,-0.3459,0.4739,-0.3518,0.1967,0.91,0.8774,0.805,0.0,0.0,0.8467,0.0,0.94,0.1279,0.2905,-0.3586,1.0,1.0,1.0,-0.251,0.1284,0.1794,0.0,2.0,0.0,0.0,0.0,-0.1714,0.1013016,,,
-0.459,-0.0049,0.6006,1.61,0.1627,0.7144,0.5527,1.0,1.0,-0.5137,-0.4846,0.0641,0.0,1.718,-0.7197,0.7896,0.895,0.0628,0.04617,0.03008,0.3088,-0.346,-0.3518,0.1967,0.8823,0.811,0.0,0.0,0.8555,0.0,0.942,0.0346,0.358,0.0252,1.0,1.0,1.0,-0.2441,0.1009,0.1669,1.0,0.0,0.0,0.0,0.0,0.01218,0.1677047999999999,,,
-0.4578,0.0399,0.6045,1.598,0.76,0.7144,0.5527,1.0,1.0,-0.5166,-0.4875,0.0676,0.0,1.719,-0.634,0.7217,0.853,0.1051,0.0469,0.10996,0.1866,0.02997,-0.346,-0.3518,0.8877,0.8174,0.0,0.0,0.863,0.0,0.9497,0.000317,0.386,0.1532,1.0,1.0,1.0,-0.2559,0.1232,0.2008,2.0,0.0,0.0,0.0,0.0,0.074,0.2042679999999999,,,
-0.4307,0.4482,0.7114,1.603,3.734,0.7144,0.5527,1.0,1.0,-0.5874,-0.565,0.0974,0.0,1.719,0.1394,0.6357,0.796,0.519,0.0491,0.9156,0.145,0.1098,0.02997,-0.346,0.8994,0.826,0.0,0.0,0.872,0.0,1.015,0.2783,0.2161,1.436,1.0,1.5,1.5,-0.5347,0.502,0.7334,3.0,0.0,0.0,0.0,0.0,0.6904,-0.3476544,,,
-0.3672,0.1555,0.6304,1.598,-0.4573,0.7144,0.5527,1.0,1.0,-0.5273,-0.5137,0.0796,0.0,1.719,-0.035,0.5396,0.736,0.2156,0.05145,-0.5319,0.1136,0.915,0.1098,0.02997,0.8994,0.8345,0.0,0.0,0.877,0.0,0.9756,0.10254,0.3245,-0.975,1.0,1.0,1.5,-0.2583,0.2374,0.324,0.0,1.0,0.0,0.0,0.0,-0.4558,-0.0352647999999999,,,
-0.3914,0.1115,0.6113,1.585,-0.0655,0.7144,0.5527,1.0,1.0,-0.5156,-0.498,0.07733,0.0,1.72,-0.6147,0.417,0.676,0.1674,0.05237,-0.0687499999999999,0.06506,-0.5317,0.915,0.1098,0.8975,0.843,0.0,0.0,0.882,0.0,0.97,-0.00926,0.402,-0.0966,1.0,0.5,1.0,-0.1973,0.1757,0.24,0.0,2.0,0.0,0.0,0.0,-0.04596,0.1449452,,,
-0.3909,0.1799,0.622,1.574,0.5127,0.7144,0.5527,1.0,1.0,-0.523,-0.506,0.0828,0.0,1.72,-0.5566,0.3113,0.606,0.248,0.0525,0.1677,0.0627,-0.06885,-0.5317,0.915,0.8994,0.849,0.0,0.0,0.8857,0.0,0.9824,0.02808,0.3806,0.1849,1.0,0.5,1.0,-0.3303,0.111,0.322,1.0,0.0,0.0,0.0,0.0,0.08813,-0.0453727999999999,,,
-0.5728,0.07806,0.6074,1.6045,-0.2834,0.857,0.5527,1.0,1.0,-0.528,-0.4802,0.08185,0.0,1.721,-0.642,0.2465,0.5483,0.1151,0.06027,-0.02932,0.0681,0.1676,-0.06885,-0.5317,0.9043,0.8555,0.0,0.0,0.888,0.0,0.98,0.942,-0.2727,-0.026,0.0,0.0,1.0,-0.3525,-0.0041,0.262,0.0,1.0,0.0,0.0,0.0,-0.01233,0.3432839999999999,,,
-0.6206,0.2311,0.6514,1.617,1.16,0.857,0.5527,1.0,1.0,-0.5615,-0.5073,0.0958,0.0,1.721,-0.3213,0.2213,0.509,0.2264,0.0665,0.4221,0.1006,-0.0294,0.1676,-0.06885,0.9126,0.863,0.0,0.0,0.8916,0.0,1.011,0.701,-0.08716,0.5425,0.0,0.0,1.0,-0.4717,0.1562,0.5107,1.0,0.0,0.0,0.0,0.0,0.2573,-0.0617624,,,
-0.632,0.13,0.627,1.626,-0.2124,0.857,0.5527,1.0,1.0,-0.546,-0.4895,0.0922,0.0,1.722,-0.8315,0.2096,0.4648,0.129,0.0695,-0.10647,0.11975,0.4219,-0.0294,0.1676,0.919,0.8726,0.0,0.0,0.8945,0.0,1.003,0.596,-0.01593,-0.0589,0.0,0.0,0.5,-0.39,0.07166,0.3818,0.0,1.0,0.0,0.0,0.0,-0.02757,0.2257148,,,
-0.65,0.2766,0.6704,1.642,0.875,0.857,0.5527,1.0,1.0,-0.577,-0.5186,0.10614,0.0,1.722,-0.8125,0.2089,0.4219,0.283,0.07294,0.4180999999999999,0.162,-0.1065,0.4219,-0.0294,0.921,0.8813,0.0,0.0,0.899,0.0,1.033,0.7075,-0.0821,0.2861,1.0,0.5,0.5,-0.541,0.1814,0.587,1.0,0.0,1.0,0.0,2.05,0.1345,-0.4089183999999999,,,
-0.6924,0.05673,0.6064,1.632,-0.523,0.857,0.5527,1.0,1.0,-0.5366,-0.4695,0.0922,0.0,1.723,-0.2693,0.2213,0.3713,0.04544,0.07513,-0.4125,0.176,0.418,-0.1065,0.4219,0.9243,0.889,0.0,0.0,0.9014,0.0,1.003,0.1078,0.3328,-0.3079,0.0,0.0,0.0,-0.3257,-0.02357,0.2737,0.0,1.0,0.0,0.0,0.0,-0.1428,-0.0291944,,,
-0.6816,-0.05664,0.5664,1.613,-0.744,0.857,0.5527,1.0,1.0,-0.5073,-0.4414,0.0845,0.0,1.723,-0.619,0.2286,0.3289,-0.0668,0.075,-0.2332,0.18,-0.4124,0.418,-0.1065,0.926,0.895,0.0,0.0,0.903,0.0,0.986,-0.1202,0.488,-0.1427,0.0,-0.5,-0.5,-0.2156,-0.1533,0.10333,0.0,2.0,0.0,0.0,0.0,-0.067,-0.1354168,,,
-0.6895,-0.241,0.509,1.595,-7.85,0.7144,0.5527,0.0,1.0,-0.466,-0.3975,0.07184,0.0,1.724,-0.3374,0.24,0.2844,-0.2593,0.07556,-0.3817,-0.04538,-0.2333,-0.4124,0.418,0.9233,0.8994,0.0,0.0,0.909,0.0,0.958,-0.1354,0.4868,-0.3052,-1.0,-1.0,-0.5,-0.04825,-0.3264,-0.258,0.0,3.0,0.0,0.0,0.0,-0.1444,-0.1285396,,,
-0.6426,-0.3972,0.459,1.578,1.18,0.5713,0.5527,0.0,1.0,-0.4253,-0.3633,0.06116,0.0,1.724,0.0747,0.2308,0.236,-0.4072,0.07495,-0.327,-0.0866,-0.3818,-0.2333,-0.4124,0.918,0.902,0.0,0.0,0.9106,0.0,0.9346,-0.1252,0.4692,-0.5796,-1.0,-1.0,-0.5,0.09607,-0.4465,-0.6187,0.0,4.0,0.0,0.0,0.0,-0.2776,0.2095303999999999,,,
-0.6367,-0.2605,0.4875,1.566,-0.3293,0.4285,0.5527,0.0,1.0,-0.4463,-0.3857,0.07086,0.0,1.725,-0.6855,0.2008,0.1877,-0.2646,0.07495,0.3006,-0.1368,-0.327,-0.3818,-0.2333,0.9116,0.905,0.0,0.0,0.9126,0.0,0.9556,0.006706,0.3845,0.3772,-1.0,-0.5,-0.5,-0.0283,-0.295,-0.3865,1.0,0.0,0.0,0.0,0.0,0.1826,-0.0295448,,,
-0.6323,-0.3262,0.462,1.55,0.526,0.2856,0.5527,0.0,1.0,-0.4268,-0.3662,0.06635,0.0,1.725,-0.6333,0.1511,0.1393,-0.3376,0.07544,-0.1388,-0.1791,0.3003,-0.327,-0.3818,0.905,0.9062,0.0,0.0,0.914,0.0,0.946,-0.11365,0.466,-0.1356,-1.0,-1.0,-1.0,-0.01314,-0.3938,-0.6133,0.0,1.0,0.0,0.0,0.0,-0.06506,0.0575232,,,
-0.7075,-0.3206,0.4456,1.514,0.10876,0.1428,0.5527,0.0,1.0,-0.4204,-0.3474,0.0644,0.0,1.725,-0.7827,0.0853,0.09326,-0.3447,0.0739,-0.05968,-0.1644,-0.1388,0.3003,-0.327,0.894,0.907,0.0,0.0,0.9126,0.0,0.9414,-0.697,0.8804,-0.05634,-1.0,-1.0,-1.5,-0.02034,-0.4382,-0.638,0.0,2.0,0.0,0.0,0.0,-0.02713,0.4570468,,,
-0.723,0.02576,0.5273,1.501,-1.413,0.1428,0.5527,1.0,1.0,-0.4827,-0.409,0.0884,0.0,1.726,-0.1921,0.01096,0.0544,0.01413,0.0734,0.7391,-0.162,-0.05975,-0.1388,0.3003,0.893,0.9087,0.0,0.0,0.9126,0.0,0.9937,0.05713,0.3652,0.912,0.0,-1.0,-1.0,-0.2837,-0.088,0.2169,1.0,0.0,0.0,0.0,0.0,0.44,0.1247784,,,
-0.7373,0.1698,0.561,1.497,1.571,0.1428,0.5527,1.0,1.0,-0.508,-0.4326,0.0997,0.0,1.726,-0.6885,-0.08405,0.02814,0.1578,0.0749,0.3417,-0.1389,0.7383,-0.05975,-0.1388,0.897,0.911,0.0,0.0,0.915,0.0,1.019,0.2668,0.2263,0.4072,1.0,-0.5,-0.5,-0.3877,0.03986,0.541,2.0,0.0,0.0,0.0,0.0,0.192,0.1799656,,,
-0.735,0.3027,0.593,1.496,0.6987,0.1428,0.5527,1.0,1.0,-0.5303,-0.4563,0.1107,0.0,1.727,-0.43,-0.235,0.002207,0.2886,0.07697,0.3285,-0.10895,0.3413,0.7383,-0.05975,0.907,0.9146,0.0,0.0,0.9194,0.0,1.042,0.3381,0.186,0.48,1.0,-0.5,-0.5,-0.4688,0.1564,0.774,3.0,0.0,0.0,0.0,0.0,0.224,-0.0684324,,,
-0.694,0.2007,0.564,1.493,-0.1505,0.1428,0.5527,1.0,1.0,-0.5063,-0.4385,0.1055,0.0,1.727,-0.3538,-0.3372,-0.03108,0.2013,0.0777,-0.1529,-0.10425,0.3281,0.3413,0.7383,0.9185,0.9165,0.0,0.0,0.9233,0.0,1.031,0.262,0.2354,-0.138,1.0,-0.5,-0.5,-0.3833,0.03723,0.537,0.0,1.0,0.0,0.0,0.0,-0.06366,0.1981432,,,
-0.7485,0.4028,0.613,1.491,0.8984,0.1428,0.5527,1.0,1.0,-0.5454,-0.4697,0.1211,0.0,1.728,-0.5327,-0.3828,-0.07336,0.4177,0.0784,0.4611,-0.05713,-0.1528,0.3281,0.3413,0.931,0.92,0.0,0.0,0.9277,0.0,1.064,0.2822,0.2358,0.441,2.0,0.0,-0.5,-0.5127,0.2101,0.8477,1.0,0.0,0.0,0.0,0.0,0.2046,-0.2909740799999999,,,
-0.698,0.155,0.5444,1.483,-0.4133,0.1428,0.5527,1.0,1.0,-0.4927,-0.4236,0.1052,0.0,1.728,-0.3535,-0.4,-0.11707,0.1686,0.0796,-0.4638,-0.04636,0.4607,-0.1528,0.3281,0.941,0.9263,0.0,0.0,0.9287,0.0,1.03,0.0837,0.3623,-0.4187,1.0,0.0,-0.5,-0.2852,-0.02478,0.372,0.0,1.0,0.0,0.0,0.0,-0.1915,0.1839456,,,
-0.696,0.3284,0.5825,1.473,0.917,0.1428,0.5527,1.0,1.0,-0.5195,-0.452,0.11786,0.0,1.729,-0.686,-0.371,-0.1584,0.319,0.08185,0.3746,-0.00955,-0.4636,0.4607,-0.1528,0.9546,0.9307,0.0,0.0,0.932,0.0,1.058,0.06714,0.3862,0.55,1.0,0.5,-0.5,-0.4094,0.10114,0.6226,1.0,0.0,0.0,0.0,0.0,0.2554,-0.21745048,,,
-0.7295,0.3274,0.58,1.472,0.1305,0.1428,0.5527,1.0,1.0,-0.521,-0.4473,0.11975,0.0,1.729,-0.6987,-0.3267,-0.2078,0.3188,0.08374,0.05708,0.0205,0.3745,-0.4636,0.4607,0.963,0.935,0.0,0.0,0.936,0.0,1.062,0.3188,0.2085,0.06647,1.0,0.5,0.0,-0.4062,0.07825,0.5815,2.0,0.0,0.0,0.0,0.0,0.0305,0.0543482,,,
-0.7397,0.329,0.581,1.478,0.1377,0.1428,0.5527,1.0,1.0,-0.5225,-0.4475,0.1227,0.0,1.7295,-0.76,-0.2725,-0.2747,0.3215,0.08636,0.08537,0.05472,0.05695,0.3745,-0.4636,0.9688,0.9395,0.0,0.0,0.9395,0.0,1.068,0.4993,0.0826,0.10254,2.0,1.0,0.5,-0.4207,0.06204,0.566,3.0,0.0,0.0,0.0,0.0,0.04697,0.0273968,,,
-0.7456,0.2351,0.5605,1.489,-0.1111,0.2856,0.5527,1.0,1.0,-0.5083,-0.432,0.11975,0.0,1.7295,-0.4844,-0.2126,-0.294,0.2421,0.08887,-0.0849999999999999,0.0736,0.08527,0.05695,0.3745,0.971,0.942,0.0,0.0,0.943,0.0,1.062,0.7056,-0.06757,-0.0868,1.0,1.0,0.5,-0.3665,-0.0208,0.4363,0.0,1.0,0.0,0.0,0.0,-0.03964,0.1325904,,,
-0.8086,0.2952,0.5845,1.512,0.3364,0.4285,0.5527,1.0,1.0,-0.5303,-0.444,0.1288,0.0,1.7295,-0.844,-0.1154,-0.2534,0.2825,0.095,0.2655,0.11505,-0.085,0.08527,0.05695,0.977,0.9443,0.0,0.0,0.946,0.0,1.081,1.05,-0.3044,0.361,2.0,1.0,1.0,-0.443,0.0577,0.564,1.0,0.0,0.0,0.0,0.0,0.1654,0.2341496,,,
-0.7964,0.4033,0.6216,1.536,0.44,0.5713,0.5527,1.0,1.0,-0.555,-0.4717,0.1415,0.0,1.73,-0.534,0.011055,-0.1783,0.3665,0.10156,0.3666,0.1813,0.2651,-0.085,0.08527,0.982,0.9487,0.0,0.0,0.9507,0.0,1.108,1.072,-0.3086,0.6265,2.0,1.0,1.0,-0.538,0.1821,0.7056,2.0,0.0,1.0,0.0,1.594,0.2847,0.070184,,,
-0.7734,0.1333,0.559,1.556,-0.462,0.7144,0.5527,1.0,1.0,-0.5093,-0.4282,0.1272,0.0,1.73,-0.513,0.1298,-0.0958,0.10236,0.1058,-0.4089,0.2052,0.3665,0.2651,-0.085,0.988,0.9526,0.0,0.0,0.952,0.0,1.077,0.843,-0.1582,-0.5483,1.0,0.5,1.0,-0.3179,-0.013855,0.3884,0.0,1.0,0.0,0.0,0.0,-0.2462,0.808856,,,
-0.7256,0.524,0.6753,1.596,2.078,0.857,0.5527,1.0,1.0,-0.587,-0.516,0.1615,0.0,1.731,-0.1798,0.2527,0.002111,0.4976,0.11206,0.9977,0.313,-0.4087,0.3665,0.2651,0.999,0.9585,0.0,0.0,0.9585,0.0,1.152,1.122,-0.3247,1.558,1.0,1.0,1.5,-0.6562,0.3735,0.847,1.0,0.0,0.0,0.0,0.0,0.7085,0.060222,,,
-0.685,0.1471,0.5825,1.608,-0.532,0.857,0.5527,1.0,1.0,-0.519,-0.4526,0.1389,0.0,1.731,-0.00594,0.3542,0.0941,0.11804,0.11615,-0.6389,0.332,0.9976,-0.4087,0.3665,1.004,0.963,0.0,0.0,0.9634,0.0,1.103,0.543,0.06696,-1.04,1.0,0.5,1.0,-0.3345,0.0675,0.409,0.0,1.0,0.0,0.0,0.0,-0.459,0.0475086399999999,,,
-0.687,0.0682,0.562,1.613,-0.2358,0.857,0.5527,1.0,1.0,-0.505,-0.4377,0.136,0.0,1.732,-0.789,0.4329,0.1742,0.04025,0.1187,-0.0837,0.3135,-0.6387,0.9976,-0.4087,1.007,0.9653,0.0,0.0,0.969,0.0,1.097,0.3867,0.1757,-0.1133,0.0,0.5,0.5,-0.2847,-0.010925,0.317,0.0,2.0,0.0,0.0,0.0,-0.051,-0.0380248,,,
-0.697,0.375,0.645,1.625,2.326,0.857,0.5527,1.0,1.0,-0.5635,-0.4968,0.1613,0.0,1.732,-0.6157,0.515,0.2554,0.3206,0.12384,0.7286,0.3032,-0.0838,-0.6387,0.9976,1.018,0.97,0.0,0.0,0.9785,0.0,1.151,0.522,0.1033,1.58,0.0,0.5,0.5,-0.5117,0.2876,0.6665,1.0,0.0,1.0,0.0,3.242,0.7134,-0.182966,,,
-0.7383,0.2788,0.624,1.639,-0.0917,0.857,0.5527,1.0,1.0,-0.5522,-0.4783,0.1583,0.0,1.733,-0.798,0.5737,0.326,0.237,0.1268,-0.08205,0.2874,0.728,-0.0838,-0.6387,1.025,0.975,0.0,0.0,0.9863,0.0,1.145,0.558,0.07477,-0.0899,0.0,0.0,0.5,-0.4512,0.1841,0.5547,0.0,1.0,0.0,0.0,0.0,-0.03967,0.1228708,,,
-0.761,0.397,0.657,1.649,0.4841,0.857,0.5527,1.0,1.0,-0.577,-0.5,0.1703,0.0,1.733,-0.78,0.6074,0.388,0.3613,0.1298,0.3387,0.261,-0.08215,0.728,-0.0838,1.033,0.9805,0.0,0.0,0.9956,0.0,1.171,0.5264,0.1087,0.421,0.0,0.0,0.5,-0.547,0.2712,0.697,1.0,0.0,0.0,0.0,0.0,0.1863,-0.0859957999999999,,,
-0.791,0.275,0.6313,1.666,-0.1393,0.857,0.5527,1.0,1.0,-0.5615,-0.4792,0.1661,0.0,1.734,-0.8125,0.615,0.4346,0.2651,0.1324,-0.11764,0.1768,0.3386,-0.08215,0.728,1.043,0.9854,0.0,0.0,1.005,0.0,1.161,0.7295,-0.04007,-0.10156,0.0,0.0,0.5,-0.4653,0.1586,0.6016,0.0,1.0,0.0,0.0,0.0,-0.04446,0.1432332,,,
-0.811,0.377,0.663,1.683,0.4387,0.857,0.5527,1.0,1.0,-0.585,-0.5,0.1777,0.0,1.734,-0.602,0.6113,0.472,0.3738,0.1362,0.3275,0.1819,-0.11774,0.3386,-0.08215,1.047,0.9907,0.0,0.0,1.013,0.0,1.187,0.721,-0.02304,0.3901,1.0,0.0,0.5,-0.538,0.2625,0.739,1.0,0.0,0.0,0.0,0.0,0.1715,-0.0792683999999999,,,
-0.798,0.3425,0.659,1.699,0.05334,0.857,0.5527,1.0,1.0,-0.5815,-0.4985,0.1797,0.0,1.735,-0.547,0.5874,0.504,0.3506,0.1396,0.0541,0.1997,0.3271,-0.11774,0.3386,1.058,0.9956,0.0,0.0,1.0205,0.0,1.191,0.721,-0.02118,0.06964,1.0,0.0,0.5,-0.513,0.2316,0.6797,2.0,0.0,0.0,0.0,0.0,0.0303,-0.1031896,,,
-0.79,0.2053,0.6265,1.711,-0.2126,0.857,0.5527,1.0,1.0,-0.558,-0.4758,0.1736,0.0,1.735,-0.7134,0.544,0.53,0.2241,0.1426,-0.1706,0.2086,0.054,0.3271,-0.11774,1.066,1.0,0.0,0.0,1.026,0.0,1.178,0.584,0.07086,-0.1646,1.0,0.0,0.0,-0.398,0.11865,0.4937,0.0,1.0,0.0,0.0,0.0,-0.0715,-0.0156967999999999,,,
-0.796,0.1137,0.606,1.723,-0.208,0.857,0.5527,1.0,1.0,-0.5444,-0.4604,0.1707,0.0,1.735,-0.6206,0.478,0.547,0.1378,0.1459,-0.0812,0.1852,-0.1707,0.054,0.3271,1.069,1.005,0.0,0.0,1.032,0.0,1.171,0.584,0.06805,-0.1392,0.0,-0.5,0.0,-0.341,0.039,0.3914,0.0,2.0,0.0,0.0,0.0,-0.06076,0.0639106,,,
-0.795,0.1301,0.6113,1.73,0.2229,0.857,0.5527,1.0,1.0,-0.5483,-0.4648,0.1752,0.0,1.736,-0.725,0.4277,0.5547,0.1464,0.1498,0.1268999999999999,0.1923,-0.08124,-0.1707,0.054,1.073,1.011,0.0,0.0,1.037,0.0,1.181,0.541,0.10297,0.2214,1.0,0.0,0.0,-0.3735,0.04816,0.422,1.0,0.0,0.0,0.0,0.0,0.0969,0.01890416,,,
-0.823,0.001254,0.574,1.727,-0.518,0.857,0.5527,1.0,1.0,-0.524,-0.4353,0.1677,0.0,1.736,-0.756,0.3894,0.548,0.014915,0.1519,-0.2074,0.1346,0.1267,-0.08124,-0.1707,1.073,1.016,0.0,0.0,1.042,0.0,1.164,0.2778,0.2837,-0.3044,0.0,0.0,-0.5,-0.2722,-0.0802,0.2432,0.0,1.0,0.0,0.0,0.0,-0.1327,0.192082,,,
-0.839,0.0687,0.5933,1.735,1.006,0.857,0.5527,1.0,1.0,-0.539,-0.448,0.1761,0.0,1.737,-0.703,0.3574,0.5356,0.07635,0.1558,0.2362,0.11145,-0.2074,0.1267,-0.08124,1.075,1.023,0.0,0.0,1.048,0.0,1.183,0.627,0.0427,0.6016,0.0,0.0,0.0,-0.3804,-0.04364,0.3745,1.0,0.0,0.0,0.0,0.0,0.264,-0.1844238,,,
-0.8413,-0.07367,0.547,1.717,-0.881,0.857,0.5527,1.0,1.0,-0.506,-0.4136,0.1661,0.0,1.737,-0.02414,0.3306,0.505,-0.0715,0.1566,-0.2792,0.0672,0.236,-0.2074,0.1267,1.072,1.029,0.0,0.0,1.052,0.0,1.161,-0.01443,0.4907,-0.8936,0.0,0.0,-0.5,-0.2627,-0.2075,0.1214,0.0,1.0,0.0,0.0,0.0,-0.3892,0.3449699999999999,,,
-0.8687,0.1015,0.592,1.722,18.77,0.857,0.5527,1.0,1.0,-0.5405,-0.4446,0.182,0.0,1.738,-0.02966,0.308,0.4648,0.1072,0.1593,0.4457,0.0415,-0.2793,0.236,-0.2074,1.073,1.036,0.0,0.0,1.058,0.0,1.195,0.711,-0.0116,0.9697,1.0,0.0,0.0,-0.4036,-0.01936,0.4424,1.0,0.0,0.0,0.0,0.0,0.4263,0.4453316,,,
-0.809,0.429,0.6846,1.744,2.047,0.857,0.5527,1.0,1.0,-0.5996,-0.515,0.2114,0.0,1.738,0.1818,0.2942,0.422,0.4368,0.1643,0.8160999999999999,0.0755,0.4453,-0.2793,0.236,1.083,1.045,0.0,0.0,1.065,0.0,1.259,1.054,-0.2283,1.671,1.0,0.5,0.5,-0.6777,0.2834,0.983,2.0,0.0,0.0,0.0,0.0,0.724,-0.0987844,,,
-0.8374,0.35,0.664,1.75,-0.0318,0.857,0.5527,1.0,1.0,-0.588,-0.4988,0.2092,0.0,1.739,-0.74,0.3027,0.3909,0.3513,0.1682,-0.0611199999999999,0.0982,0.8154,0.4453,-0.2793,1.093,1.053,0.0,0.0,1.073,0.0,1.254,0.775,-0.03134,-0.09656,1.0,0.0,0.0,-0.601,0.1985,0.8076,0.0,1.0,0.0,0.0,0.0,-0.0408,-0.0902117999999999,,,
-0.7974,0.1571,0.613,1.752,-0.3447,0.857,0.5527,1.0,1.0,-0.5493,-0.4653,0.1979,0.0,1.739,-0.4019,0.302,0.368,0.1691,0.1703,-0.3065,0.10144,-0.0612,0.8154,0.4453,1.099,1.059,0.0,0.0,1.078,0.0,1.2295,0.575,0.1004,-0.3652,0.0,-0.5,0.0,-0.4363,0.02052,0.4917,0.0,2.0,0.0,0.0,0.0,-0.1547,0.0330786,,,
-0.772,0.187,0.6167,1.749,0.2673,0.857,0.5527,1.0,1.0,-0.5503,-0.4705,0.2024,0.0,1.74,-0.394,0.2874,0.34,0.2113,0.1718,0.12394,0.05588,-0.3064,-0.0612,0.8154,1.107,1.063,0.0,0.0,1.085,0.0,1.239,0.4824,0.1709,0.1396,1.0,0.0,0.0,-0.4521,0.03723,0.553,1.0,0.0,0.0,0.0,0.0,0.05972,-0.0944459999999999,,,
-0.7734,0.2041,0.62,1.751,0.2015,0.857,0.5527,1.0,1.0,-0.5522,-0.4727,0.2065,0.0,1.74,-0.805,0.2588,0.319,0.2473,0.1732,0.11466,0.0888,0.1238,-0.3064,-0.0612,1.115,1.07,0.0,0.0,1.089,0.0,1.248,0.634,0.06683,0.1121,1.0,0.5,0.5,-0.4731,0.03705,0.5645,2.0,0.0,0.0,0.0,0.0,0.04776,-0.0586104,,,
-0.7886,0.0908,0.5845,1.741,-0.2908,0.857,0.5527,1.0,1.0,-0.529,-0.4458,0.1998,0.0,1.741,-0.844,0.2268,0.297,0.1365,0.1747,-0.1842,0.04553,0.1145,0.1238,-0.3064,1.124,1.075,0.0,0.0,1.095,0.0,1.233,0.3184,0.2854,-0.2396,0.0,0.0,0.0,-0.361,-0.0689,0.375,0.0,1.0,0.0,0.0,0.0,-0.1017,0.4167004000000001,,,
-0.795,0.326,0.6436,1.742,1.593,0.857,0.5527,1.0,1.0,-0.5703,-0.4875,0.2202,0.0,1.741,-0.778,0.195,0.269,0.3828,0.1765,0.5561,0.02023,-0.1843,0.1145,0.1238,1.134,1.082,0.0,0.0,1.102,0.0,1.277,0.56,0.1324,0.6113,1.0,0.5,0.0,-0.5303,0.1515,0.8,1.0,0.0,1.0,0.0,2.078,0.2607,-0.1221682,,,
-0.774,0.135,0.5913,1.74,-0.3674,0.857,0.5527,1.0,1.0,-0.532,-0.452,0.2085,0.0,1.741,-0.564,0.1581,0.2466,0.205,0.1782,-0.3124,0.02065,0.556,-0.1843,0.1145,1.133,1.087,0.0,0.0,1.106,0.0,1.252,0.449,0.2007,-0.3757,1.0,0.0,0.0,-0.3557,-0.00951,0.4492,0.0,1.0,0.0,0.0,0.0,-0.1577,0.307482,,,
-0.79,0.251,0.622,1.747,0.706,0.857,0.5527,1.0,1.0,-0.555,-0.4727,0.2208,0.0,1.742,-0.745,0.1266,0.2241,0.3345,0.1807,0.3331,0.032,-0.3123,0.556,-0.1843,1.136,1.094,0.0,0.0,1.112,0.0,1.279,0.636,0.07874,0.366,1.0,0.5,0.5,-0.447,0.1086,0.6636,1.0,0.0,0.0,0.0,0.0,0.155,0.0604267999999999,,,
-0.7954,0.2026,0.609,1.752,-0.02238,0.857,0.5527,1.0,1.0,-0.5464,-0.463,0.2205,0.0,1.742,-0.756,0.1077,0.2019,0.2944,0.1833,-0.008575,0.054,0.333,-0.3123,0.556,1.142,1.1,0.0,0.0,1.116,0.0,1.278,0.585,0.11523,-0.01225,0.0,0.0,0.0,-0.4175,0.05554,0.57,0.0,1.0,0.0,0.0,0.0,-0.00514,0.093591,,,
-0.7905,0.1954,0.6094,1.763,0.10657,0.857,0.5527,1.0,1.0,-0.5464,-0.4636,0.2241,0.0,1.743,-0.6924,0.0918,0.1809,0.2979,0.1865,0.09556,0.0639,-0.00867,0.333,-0.3123,1.146,1.105,0.0,0.0,1.122,0.0,1.286,0.773,-0.01564,0.1146,1.0,0.0,0.5,-0.4285,0.05237,0.575,1.0,0.0,0.0,0.0,0.0,0.0481,0.2340921999999999,,,
-0.8164,0.2368,0.6235,1.776,0.293,0.857,0.5527,1.0,1.0,-0.5586,-0.4717,0.2312,0.0,1.743,-0.844,0.1034,0.1708,0.3337,0.1908,0.1903999999999999,0.10144,0.0954,-0.00867,0.333,1.153,1.112,0.0,0.0,1.127,0.0,1.302,0.7607,-0.0001886,0.2355,1.0,0.5,0.5,-0.473,0.09015,0.6353,2.0,0.0,0.0,0.0,0.0,0.09845,0.1533083999999999,,,
-0.8726,0.2495,0.635,1.8,0.1759,0.857,0.5527,1.0,1.0,-0.571,-0.4749,0.2373,0.0,1.744,-0.752,0.1531,0.1893,0.302,0.1991,0.1636,0.1453,0.1903,0.0954,-0.00867,1.163,1.118,0.0,0.0,1.132,0.0,1.314,1.044,-0.1964,0.2145,2.0,1.0,1.0,-0.512,0.10297,0.658,3.0,0.0,0.0,0.0,0.0,0.0892,0.3758848,,,
-0.879,0.4883,0.7065,1.827,0.9043,0.857,0.5527,1.0,1.0,-0.622,-0.522,0.2612,0.0,1.744,-0.6772,0.2554,0.2369,0.4956,0.2079,0.6334,0.2384,0.1633,0.1903,0.0954,1.173,1.126,0.0,0.0,1.14,0.0,1.367,1.103,-0.215,1.13,2.0,1.0,1.0,-0.719,0.3064,0.9297,4.0,0.0,1.0,0.0,2.97,0.4673,0.0094171999999999,,,
-0.879,0.5654,0.7314,1.844,0.2783,0.857,0.5527,1.0,1.0,-0.645,-0.533,0.2717,0.0,1.745,-0.8076,0.3794,0.2952,0.552,0.2137,0.2687,0.328,0.633,0.1633,0.1903,1.189,1.133,0.0,0.0,1.148,0.0,1.39,0.9526,-0.09845,0.3875,3.0,1.0,1.0,-0.752,0.3623,0.9155,5.0,0.0,0.0,0.0,0.0,0.1571,0.0276224,,,
-0.879,0.4385,0.702,1.858,-0.0766,0.857,0.5527,1.0,1.0,-0.624,-0.5146,0.266,0.0,1.745,-0.5537,0.501,0.3574,0.4185,0.2184,-0.1414,0.375,0.2683,0.633,0.1633,1.201,1.141,0.0,0.0,1.157,0.0,1.377,0.8716,-0.0457,-0.218,2.0,1.0,1.0,-0.6445,0.23,0.7065,0.0,1.0,0.0,0.0,0.0,-0.08765,0.3746807999999999,,,
-0.879,0.626,0.7637,1.894,0.519,0.857,0.5527,1.0,1.0,-0.6655,-0.555,0.2874,0.0,1.746,-0.575,0.6226,0.424,0.6084,0.2244,0.5436,0.443,-0.1414,0.2683,0.633,1.218,1.149,0.0,0.0,1.168,0.0,1.423,1.313,-0.341,0.8125,2.0,1.0,1.5,-0.7764,0.4138,0.874,1.0,0.0,0.0,0.0,0.0,0.3281,-0.0179559999999999,,,
-0.879,0.594,0.7676,1.927,0.0858,0.857,0.5527,1.0,1.0,-0.671,-0.555,0.2915,0.0,1.746,-0.804,0.741,0.501,0.575,0.2308,0.1069,0.5073,0.543,-0.1414,0.2683,1.235,1.158,0.0,0.0,1.179,0.0,1.432,1.312,-0.3357,0.1436,2.0,1.5,1.5,-0.7515,0.3855,0.7944,2.0,0.0,0.0,0.0,0.0,0.057,0.1401044,,,
-0.879,0.6016,0.782,1.963,0.1449,0.857,0.5527,1.0,1.0,-0.6807,-0.564,0.2988,0.0,1.747,-0.844,0.857,0.579,0.5757,0.2379,0.1885,0.5293,0.1068,0.543,-0.1414,1.253,1.166,0.0,0.0,1.19,0.0,1.448,1.329,-0.3413,0.337,2.0,1.5,1.5,-0.759,0.3933,0.787,3.0,0.0,0.0,0.0,0.0,0.1334,0.2334880000000001,,,
-0.879,0.618,0.803,2.008,0.1594,0.857,0.5527,1.0,1.0,-0.6934,-0.579,0.3083,0.0,1.747,-0.6777,0.9604,0.6597,0.607,0.2445,0.2362999999999999,0.5864,0.1884,0.1068,0.543,1.2705,1.175,0.0,0.0,1.202,0.0,1.469,1.549,-0.489,0.2666,2.0,1.5,2.0,-0.798,0.403,0.7827,4.0,0.0,0.0,0.0,0.0,0.1049,-0.1480085599999999,,,
-0.879,0.1577,0.685,2.023,-0.5703,0.857,0.5527,1.0,1.0,-0.6094,-0.506,0.2761,0.0,1.747,0.3267,1.042,0.743,0.1313,0.25,-0.8002,0.597,0.2361,0.1884,0.1068,1.274,1.182,0.0,0.0,1.208,0.0,1.398,0.6904,0.09314,-1.783,2.0,1.5,1.5,-0.3975,0.03207,0.324,0.0,1.0,0.0,0.0,0.0,-0.697,0.2584932,,,
-0.879,0.1868,0.701,2.049,0.2634,0.857,0.5527,1.0,1.0,-0.621,-0.516,0.284,0.0,1.748,-0.7393,1.088,0.8203,0.1743,0.2544,0.1991,0.6064,-0.8,0.2361,0.1884,1.277,1.1875,0.0,0.0,1.215,0.0,1.415,0.9897,-0.11316,0.2896,2.0,1.5,2.0,-0.4497,0.074,0.3716,1.0,0.0,0.0,0.0,0.0,0.116,0.1031103999999999,,,
-0.879,0.1404,0.6943,2.068,-0.0519,0.857,0.5527,1.0,1.0,-0.616,-0.511,0.285,0.0,1.748,-0.7295,1.099,0.885,0.1381,0.258,0.02482,0.58,0.1989,-0.8,0.2361,1.282,1.194,0.0,0.0,1.223,0.0,1.417,0.902,-0.04922,0.02753,2.0,1.5,2.0,-0.4238,0.04733,0.3386,2.0,0.0,0.0,0.0,0.0,0.01096,0.070376,,,
-0.879,0.127,0.6973,2.088,0.069,0.857,0.5527,1.0,1.0,-0.615,-0.5166,0.2888,0.0,1.749,-0.277,1.086,0.941,0.11804,0.2637,0.0989,0.553,0.0247,0.1989,-0.8,1.283,1.201,0.0,0.0,1.23,0.0,1.426,0.941,-0.07336,0.1445,2.0,1.5,2.0,-0.4294,0.05313,0.3435,3.0,0.0,0.0,0.0,0.0,0.0575,-0.12414,,,
-0.879,0.02696,0.6753,2.105,-0.38,0.857,0.5527,1.0,1.0,-0.599,-0.503,0.2854,0.0,1.749,-0.5225,1.033,0.9805,0.0317,0.2668,-0.0902,0.513,0.09875,0.0247,0.1989,1.281,1.208,0.0,0.0,1.237,0.0,1.418,0.833,0.000248,-0.0998,1.0,1.0,2.0,-0.3662,-0.02448,0.257,0.0,1.0,0.0,0.0,0.0,-0.03958,0.0459624,,,
-0.864,-0.0366,0.661,2.117,-0.4937,0.857,0.5527,1.0,1.0,-0.588,-0.4944,0.284,0.0,1.75,-0.7393,0.9507,1.004,-0.02945,0.2705,-0.03283,0.433,-0.0903,0.09875,0.0247,1.277,1.215,0.0,0.0,1.245,0.0,1.415,0.7393,0.06586,-0.04214,1.0,1.0,1.5,-0.3333,-0.07336,0.2046,0.0,2.0,0.0,0.0,0.0,-0.01675,-0.0426457599999999,,,
-0.8784,-0.05945,0.6562,2.127,-0.4126,0.857,0.5527,1.0,1.0,-0.586,-0.4897,0.2856,0.0,1.75,-0.844,0.8735,1.011,-0.04996,0.2737,0.0413,0.393,-0.0329,-0.0903,0.09875,1.271,1.223,0.0,0.0,1.251,0.0,1.419,0.6934,0.1,0.04257,1.0,1.0,1.5,-0.355,-0.1118,0.1921,1.0,0.0,0.0,0.0,0.0,0.01695,-0.0616556,,,
-0.879,-0.07355,0.648,2.121,-0.556,0.857,0.5527,1.0,1.0,-0.5835,-0.4807,0.2864,0.0,1.751,-0.844,0.8086,0.9966,-0.07526,0.2764,0.01656,0.3008,0.04117,-0.0329,-0.0903,1.274,1.229,0.0,0.0,1.258,0.0,1.42,0.3992,0.3105,0.01595,1.0,1.0,1.5,-0.3518,-0.1423,0.1688,2.0,0.0,0.0,0.0,0.0,0.00634,-0.0358561599999999,,,
-0.879,-0.08276,0.6387,2.11,-1.133,0.7144,0.5527,0.0,1.0,-0.577,-0.4744,0.2866,0.0,1.751,-0.7197,0.725,0.96,-0.08417,0.2776,0.008324,0.2266,0.01645,0.04117,-0.0329,1.275,1.236,0.0,0.0,1.264,0.0,1.421,0.2301,0.4316,0.01139,1.0,1.0,1.5,-0.341,-0.1683,0.1394,3.0,0.0,0.0,0.0,0.0,0.004528,-0.00633728,,,
-0.879,-0.10455,0.6274,2.1,16.36,0.5713,0.5527,0.0,1.0,-0.57,-0.4656,0.2864,0.0,1.752,-0.6885,0.619,0.902,-0.1103,0.2793,-0.008124,0.127,0.008224,0.01645,0.04117,1.275,1.242,0.0,0.0,1.27,0.0,1.42,0.367,0.3335,-0.00952,1.0,0.5,1.5,-0.3455,-0.2208,0.0982,0.0,1.0,0.0,0.0,0.0,-0.003786,0.10434488,,,
-0.879,-0.0627,0.629,2.08,-1.793,0.5713,0.5527,1.0,1.0,-0.573,-0.464,0.2898,0.0,1.752,-0.844,0.498,0.8203,-0.07245,0.2798,0.09055,0.01261,-0.00822,0.008224,0.01645,1.275,1.247,0.0,0.0,1.275,0.0,1.428,-0.02144,0.6143,0.1059,2.0,1.0,1.5,-0.3647,-0.2021,0.1458,1.0,0.0,0.0,0.0,0.0,0.04208,-0.25033104,,,
-0.879,-0.2927,0.5537,2.047,-13.05,0.4285,0.5527,0.0,1.0,-0.515,-0.4138,0.2698,0.0,1.753,-0.2308,0.3665,0.716,-0.3096,0.279,-0.5082,-0.10406,0.09045,-0.00822,0.008224,1.271,1.251,0.0,0.0,1.279,0.0,1.384,-0.602,1.01,-0.571,1.0,0.5,1.0,-0.1293,-0.4202,-0.483,0.0,1.0,0.0,0.0,0.0,-0.2263,0.09325,,,
-0.8623,-0.1923,0.565,2.012,-0.374,0.2856,0.5527,0.0,1.0,-0.521,-0.4253,0.2761,0.0,1.753,-0.413,0.233,0.607,-0.2029,0.2769,0.1667,-0.2345,-0.5083,0.09045,-0.00822,1.27,1.256,0.0,0.0,1.283,0.0,1.397,-0.6304,1.036,0.1903,1.0,0.5,1.0,-0.2008,-0.3516,-0.4248,1.0,0.0,0.0,0.0,0.0,0.07666,0.1582791999999999,,,
-0.867,-0.03296,0.5923,1.9795,-1.4,0.2856,0.5527,1.0,1.0,-0.5405,-0.4448,0.2876,0.0,1.753,-0.648,0.10864,0.504,-0.04565,0.2754,0.2904,-0.2761,0.1666,-0.5083,0.09045,1.2705,1.261,0.0,0.0,1.285,0.0,1.422,-0.574,1.007,0.294,1.0,0.5,1.0,-0.336,-0.2634,0.02377,2.0,0.0,0.0,0.0,0.0,0.1178,-0.1855103999999999,,,
-0.879,-0.0692,0.5757,1.965,-0.668,0.2856,0.5527,1.0,1.0,-0.5356,-0.4255,0.2854,0.0,1.754,-0.771,-0.0041,0.3972,-0.0727,0.2754,-0.0574299999999999,-0.2925,0.29,0.1666,-0.5083,1.27,1.266,0.0,0.0,1.286,0.0,1.417,0.2129,0.4426,-0.0683,1.0,0.5,1.0,-0.3062,-0.3108,-0.121,0.0,1.0,0.0,0.0,0.0,-0.02711,-0.3940410399999999,,,
-0.877,-0.3176,0.4966,1.932,-14.766,0.1428,0.5527,0.0,1.0,-0.4722,-0.3728,0.264,0.0,1.754,-0.09973,-0.1151,0.2786,-0.315,0.2737,-0.5434,-0.284,-0.0575,0.29,0.1666,1.264,1.27,0.0,0.0,1.286,0.0,1.37,-0.656,1.042,-0.9253,0.0,0.5,0.5,-0.05347,-0.5264,-1.189,0.0,2.0,0.0,1.0,-2.55,-0.3682,-0.3066016000000001,,,
-0.848,-0.4604,0.4417,1.889,0.7803,0.0,0.5527,0.0,1.0,-0.4287,-0.3328,0.25,0.0,1.755,-0.4592,-0.2195,0.1571,-0.463,0.2717,-0.3599,-0.192,-0.543,-0.0575,0.29,1.255,1.271,0.0,0.0,1.283,0.0,1.34,-0.933,1.227,-0.3887,0.0,0.0,0.0,0.09375,-0.656,-1.282,0.0,3.0,0.0,0.0,0.0,-0.1573,-0.3822480000000001,,,
-0.8516,-0.521,0.4062,1.84,0.3035,-0.1428,0.5527,0.0,1.0,-0.4019,-0.3044,0.242,0.0,1.755,-0.3467,-0.2664,0.03958,-0.5264,0.2686,-0.2116,-0.097,-0.3599,-0.543,-0.0575,1.242,1.273,0.0,0.0,1.278,0.0,1.322,-1.17,1.388,-0.1912,-1.0,-0.5,-0.5,0.162,-0.7153,-1.282,0.0,4.0,0.0,0.0,0.0,-0.07825,0.230228,,,
-0.8774,-0.2944,0.4495,1.804,-0.4172,-0.2856,0.5527,0.0,1.0,-0.437,-0.3364,0.258,0.0,1.756,-0.7603,-0.268,-0.0628,-0.3076,0.267,0.4264,-0.09033,-0.2117,-0.3599,-0.543,1.239,1.276,0.0,0.0,1.274,0.0,1.357,-0.6445,1.028,0.3484,-1.0,-0.5,0.0,-0.01746,-0.4812,-0.7505,1.0,0.0,0.0,0.0,0.0,0.1436,0.27333464,,,
-0.8765,-0.26,0.4438,1.769,-0.03836,-0.4285,0.5527,0.0,1.0,-0.4326,-0.332,0.259,0.0,1.756,-0.708,-0.2256,-0.1439,-0.2686,0.265,0.0253399999999999,-0.12366,0.426,-0.2117,-0.3599,1.235,1.278,0.0,0.0,1.2705,0.0,1.359,-0.6,0.9976,0.02411,0.0,0.0,0.5,-0.03864,-0.4602,-0.684,2.0,0.0,0.0,0.0,0.0,0.0098,0.8487880000000001,,,
-0.791,0.2163,0.5586,1.755,-2.713,-0.4285,0.5527,1.0,1.0,-0.5107,-0.4265,0.2979,0.0,1.757,-0.7246,-0.206,-0.21,0.1769,0.2678,1.0091,-0.0987,0.02522,0.426,-0.2117,1.237,1.283,0.0,0.0,1.272,0.0,1.444,0.0907,0.542,2.137,1.0,0.0,0.5,-0.3882,0.016,0.519,3.0,0.0,1.0,0.0,4.387,0.868,0.3103213999999998,,,
-0.7646,0.4463,0.6147,1.753,0.959,-0.4285,0.5527,1.0,1.0,-0.5483,-0.4697,0.3186,0.0,1.757,-0.4204,-0.2046,-0.2656,0.4023,0.2703,0.5216,-0.01697,1.008,0.02522,0.426,1.246,1.288,0.0,0.0,1.275,0.0,1.489,0.3333,0.3887,0.8,2.0,0.5,0.5,-0.5327,0.2225,0.933,4.0,0.0,0.0,0.0,0.0,0.315,0.0002143999999999,,,
-0.7534,0.3792,0.594,1.748,-0.002481,-0.2856,0.5527,1.0,1.0,-0.5327,-0.4558,0.3154,0.0,1.758,-0.6206,-0.2137,-0.3108,0.3303,0.2727,-0.0800999999999999,0.03888,0.5215,1.008,0.02522,1.26,1.293,0.0,0.0,1.278,0.0,1.482,0.2798,0.4238,-0.11646,2.0,0.0,0.0,-0.4534,0.1449,0.724,0.0,1.0,0.0,0.0,0.0,-0.04514,0.10591028,,,
-0.745,0.595,0.651,1.757,0.6353,-0.1428,0.5527,1.0,1.0,-0.5713,-0.497,0.3364,0.0,1.758,-0.73,-0.2302,-0.331,0.5483,0.276,0.5226,0.155,-0.08014,0.5215,1.008,1.281,1.298,0.0,0.0,1.282,0.0,1.528,0.4854,0.297,0.598,2.0,0.0,0.5,-0.593,0.336,0.9736,1.0,0.0,0.0,0.0,0.0,0.2324,0.188428,,,
-0.7344,0.6826,0.677,1.7705,0.271,-0.1428,0.5527,1.0,1.0,-0.5884,-0.516,0.348,0.0,1.759,-0.6655,-0.2306,-0.332,0.6387,0.2798,0.2769999999999999,0.2886,0.5225,-0.08014,0.5215,1.309,1.302,0.0,0.0,1.288,0.0,1.553,0.5483,0.263,0.3367,2.0,0.5,0.5,-0.656,0.3772,0.949,2.0,0.0,0.0,0.0,0.0,0.1287,0.2978640000000001,,,
-0.77,0.5806,0.658,1.795,-0.00925,0.0,0.5527,1.0,1.0,-0.5786,-0.5,0.3452,0.0,1.759,-0.753,-0.1964,-0.3137,0.5625,0.2832,-0.06264,0.385,0.2766,0.5225,-0.08014,1.331,1.307,0.0,0.0,1.294,0.0,1.547,0.8247,0.0635,-0.05933,1.0,0.5,0.5,-0.5786,0.2842,0.756,0.0,1.0,0.0,0.0,0.0,-0.02248,0.3913508,,,
-0.7583,0.746,0.7114,1.827,0.4004,0.1428,0.5527,1.0,1.0,-0.6133,-0.538,0.3652,0.0,1.759,-0.3909,-0.0851,-0.2588,0.715,0.2905,0.4871,0.527,-0.0627,0.2766,0.5225,1.358,1.312,0.0,0.0,1.301,0.0,1.591,0.9136,0.01932,0.685,1.0,1.0,0.5,-0.702,0.4343,0.864,1.0,0.0,1.0,0.0,2.252,0.26,-0.37361528,,,
-0.73,0.41,0.6284,1.84,-0.3008,0.1428,0.5527,1.0,1.0,-0.5547,-0.4822,0.342,0.0,1.76,-0.5044,0.04694,-0.1873,0.3677,0.2954,-0.5569000000000001,0.578,0.4868,-0.0627,0.2766,1.369,1.314,0.0,0.0,1.306,0.0,1.54,0.485,0.3027,-0.8813,1.0,1.0,0.0,-0.3992,0.1682,0.4814,0.0,1.0,0.0,0.0,0.0,-0.3296,0.5982091999999999,,,
-0.7036,0.758,0.7295,1.875,0.8906,0.1428,0.5527,1.0,1.0,-0.621,-0.5547,0.3772,0.0,1.76,-0.4177,0.1913,-0.1018,0.726,0.301,0.8585,0.712,-0.557,0.4868,-0.0627,1.384,1.319,0.0,0.0,1.314,0.0,1.616,0.749,0.1483,1.083,1.0,1.0,0.5,-0.671,0.486,0.7783,1.0,0.0,0.0,0.0,0.0,0.4124,-0.0481644799999999,,,
-0.753,0.658,0.72,1.923,0.006268,0.2856,0.5527,1.0,1.0,-0.619,-0.5444,0.3777,0.0,1.761,-0.6494,0.3704,0.013954,0.6206,0.3096,0.007768,0.8184,0.858,-0.557,0.4868,1.4,1.324,0.0,0.0,1.322,0.0,1.617,1.049,-0.06586,0.00924,1.0,1.0,1.0,-0.627,0.403,0.665,2.0,0.0,0.0,0.0,0.0,0.003424,-0.045956,,,
-0.7676,0.4854,0.6943,1.977,-0.1162,0.4285,0.5527,1.0,1.0,-0.603,-0.5254,0.3723,0.0,1.761,-0.7534,0.5464,0.1405,0.4736,0.3164,-0.1226,0.8926,0.007668,0.858,-0.557,1.409,1.33,0.0,0.0,1.33,0.0,1.605,1.189,-0.1707,-0.12067,1.0,0.5,1.0,-0.526,0.2876,0.531,0.0,1.0,0.0,0.0,0.0,-0.0447,0.1566316,,,
-0.8027,0.395,0.6914,2.037,-0.0371,0.5713,0.5527,1.0,1.0,-0.604,-0.5205,0.3748,0.0,1.762,-0.844,0.7026,0.2722,0.4202,0.323,0.054,0.931,-0.1226,0.007668,0.858,1.416,1.335,0.0,0.0,1.339,0.0,1.61,1.338,-0.275,0.04666,1.0,0.5,1.5,-0.5156,0.2395,0.4846,1.0,0.0,0.0,0.0,0.0,0.01736,0.23271504,,,
-0.801,0.368,0.703,2.092,0.0726,0.7144,0.5527,1.0,1.0,-0.6113,-0.529,0.3816,0.0,1.762,-0.6797,0.8325,0.4016,0.428,0.3289,0.1614999999999999,0.974,0.05386,-0.1226,0.007668,1.426,1.341,0.0,0.0,1.349,0.0,1.625,1.302,-0.2424,0.1326,2.0,1.0,1.5,-0.5254,0.263,0.483,2.0,0.0,0.0,0.0,0.0,0.04922,-0.2222603999999999,,,
-0.7944,0.159,0.664,2.139,-0.3635,0.857,0.5527,1.0,1.0,-0.5845,-0.5024,0.372,0.0,1.763,-0.7437,0.933,0.5327,0.232,0.336,-0.2217,0.997,0.1614,0.05386,-0.1226,1.427,1.346,0.0,0.0,1.356,0.0,1.6045,1.131,-0.1294,-0.2458,1.0,0.5,1.0,-0.4282,0.08417,0.3445,0.0,1.0,0.0,0.0,0.0,-0.0909,0.3498475999999999,,,
-0.8726,0.2722,0.704,2.172,0.6367,0.857,0.5527,1.0,1.0,-0.6177,-0.524,0.3882,0.0,1.763,-0.7397,1.048,0.6753,0.3105,0.345,0.3851,1.032,-0.2217,0.1614,0.05386,1.439,1.353,0.0,0.0,1.366,0.0,1.64,1.01,-0.0276,0.5366,1.0,0.5,1.0,-0.547,0.1968,0.4375,1.0,0.0,0.0,0.0,0.0,0.1997,0.3967479999999999,,,
-0.8696,0.504,0.777,2.209,0.834,0.857,0.5527,1.0,1.0,-0.6655,-0.573,0.4153,0.0,1.764,-0.6655,1.176,0.8286,0.495,0.3557,0.6314,1.064,0.3848,-0.2217,0.1614,1.448,1.36,0.0,0.0,1.38,0.0,1.698,1.046,-0.02737,1.274,2.0,1.0,1.0,-0.7124,0.429,0.6035,2.0,0.0,1.0,0.0,2.756,0.4688,0.251216,,,
-0.8706,0.6304,0.827,2.258,0.3645,0.857,0.5527,1.0,1.0,-0.6973,-0.606,0.435,0.0,1.764,-0.553,1.31,0.987,0.5933,0.3665,0.4551,1.071,0.6313,0.3848,-0.2217,1.463,1.369,0.0,0.0,1.396,0.0,1.741,1.201,-0.1193,0.904,2.0,1.0,1.5,-0.822,0.538,0.697,3.0,0.0,0.0,0.0,0.0,0.326,-0.12350536,,,
-0.879,0.5317,0.812,2.295,-0.01494,0.857,0.5527,1.0,1.0,-0.6895,-0.595,0.4336,0.0,1.765,-0.71,1.417,1.125,0.488,0.374,-0.02932,0.9863,0.4548,0.6313,0.3848,1.479,1.379,0.0,0.0,1.414,0.0,1.738,1.074,-0.02985,-0.04977,1.0,1.0,1.0,-0.7495,0.435,0.6357,0.0,1.0,0.0,0.0,0.0,-0.0177,0.4345206399999998,,,
-0.873,0.7617,0.888,2.34,0.534,0.857,0.5527,1.0,1.0,-0.7354,-0.645,0.4622,0.0,1.765,-0.5938,1.525,1.259,0.686,0.3845,0.6481,0.982,-0.02942,0.4548,0.6313,1.501,1.39,0.0,0.0,1.432,0.0,1.8,1.161,-0.06476,1.415,2.0,1.0,1.0,-0.896,0.6494,0.8145,1.0,0.0,1.0,0.0,2.926,0.5034,-0.255026,,,
-0.866,0.9175,0.9497,2.4,0.3308,0.857,0.5527,1.0,1.0,-0.7725,-0.684,0.4866,0.0,1.765,-0.56,1.633,1.386,0.8193,0.3962,0.5416,0.991,0.6475,-0.02942,0.4548,1.528,1.401,0.0,0.0,1.453,0.0,1.854,1.304,-0.1428,1.337,2.0,1.0,1.5,-1.01,0.775,0.9326,2.0,0.0,0.0,0.0,0.0,0.4663,-1.2267209600000002,,,
-0.7334,0.02655,0.711,2.406,-0.82,0.857,0.5527,1.0,1.0,-0.611,-0.5396,0.4116,0.0,1.766,0.605,1.717,1.493,-0.09357,0.4028,-1.6399,0.8887,0.541,0.6475,-0.02942,1.538,1.409,0.0,0.0,1.463,0.0,1.689,0.2725,0.521,-6.16,1.0,1.0,1.0,-0.2179,0.06744,0.1804,0.0,1.0,0.0,0.0,0.0,-2.113,0.4683,,,
-0.7134,0.3608,0.8125,2.445,3.445,0.857,0.5527,1.0,1.0,-0.676,-0.61,0.449,0.0,1.766,-0.09326,1.776,1.587,0.2291,0.4111,0.8605,0.877,-1.639,0.541,0.6475,1.554,1.42,0.0,0.0,1.475,0.0,1.7705,0.7114,0.2435,3.344,1.0,1.0,1.5,-0.522,0.387,0.5005,1.0,0.0,0.0,0.0,0.0,1.209,0.1040447999999999,,,
-0.6636,0.3591,0.818,2.469,0.1292,0.857,0.5527,1.0,1.0,-0.6753,-0.617,0.4543,0.0,1.767,0.422,1.824,1.673,0.1797,0.421,0.12394,0.835,0.86,-1.639,0.541,1.563,1.431,0.0,0.0,1.487,0.0,1.782,0.5537,0.3613,0.5273,2.0,1.0,1.5,-0.5117,0.3862,0.503,2.0,0.0,0.0,0.0,0.0,0.1857,0.4160800000000001,,,
-0.623,0.5146,0.8696,2.502,0.5107,0.857,0.5527,1.0,1.0,-0.704,-0.6543,0.4753,0.0,1.767,-0.00658,1.846,1.731,0.3525,0.426,0.4718,0.8667,0.1238,0.86,-1.639,1.574,1.442,0.0,0.0,1.5,0.0,1.828,0.667,0.3008,1.089,2.0,1.5,1.5,-0.622,0.535,0.636,3.0,0.0,0.0,0.0,0.0,0.3818,0.2421584,,,
-0.6177,0.4895,0.8755,2.545,0.0886,0.857,0.5527,1.0,1.0,-0.7075,-0.658,0.4812,0.0,1.768,-0.674,1.827,1.762,0.369,0.4302,0.1288,0.9053,0.4714,0.1238,0.86,1.586,1.454,0.0,0.0,1.512,0.0,1.841,0.751,0.2465,0.2043,2.0,1.5,2.0,-0.6045,0.522,0.6084,4.0,0.0,0.0,0.0,0.0,0.0706,-0.0375688,,,
-0.593,0.3088,0.837,2.578,-0.2047,0.857,0.5527,1.0,1.0,-0.681,-0.6353,0.4722,0.0,1.768,-0.6523,1.764,1.761,0.2303,0.4336,-0.1994,0.885,0.1287,0.4714,0.1238,1.589,1.467,0.0,0.0,1.523,0.0,1.82,0.6445,0.3135,-0.2815,2.0,1.0,1.5,-0.4636,0.3782,0.4602,0.0,1.0,0.0,0.0,0.0,-0.0969,0.0505787999999999,,,
-0.588,0.3647,0.8633,2.617,0.2864,0.857,0.5527,1.0,1.0,-0.6973,-0.653,0.4849,0.0,1.769,-0.5503,1.655,1.745,0.3257,0.4375,0.2796,0.9097,-0.1993,0.1287,0.4714,1.588,1.481,0.0,0.0,1.534,0.0,1.849,0.6733,0.3052,0.449,2.0,1.0,1.5,-0.5186,0.44,0.5176,1.0,0.0,0.0,0.0,0.0,0.1555,0.2619072,,,
-0.5825,0.432,0.8975,2.668,0.2942,0.857,0.5527,1.0,1.0,-0.718,-0.675,0.5005,0.0,1.769,-0.584,1.512,1.709,0.4463,0.442,0.3411,0.88,0.2793,-0.1993,0.1287,1.611,1.497,0.0,0.0,1.549,0.0,1.882,0.839,0.2018,0.423,2.0,1.5,2.0,-0.595,0.5146,0.6094,2.0,0.0,0.0,0.0,0.0,0.1453,0.025628,,,
-0.5967,0.3616,0.891,2.713,-0.01339,0.857,0.5527,1.0,1.0,-0.7153,-0.67,0.5024,0.0,1.77,-0.7793,1.358,1.656,0.4128,0.4465,0.04228,0.909,0.3408,0.2793,-0.1993,1.625,1.512,0.0,0.0,1.56,0.0,1.886,0.777,0.248,0.05258,2.0,1.5,2.0,-0.5776,0.436,0.5513,3.0,0.0,0.0,0.0,0.0,0.01787,0.2283535999999999,,,
-0.6274,0.3962,0.9097,2.746,0.2172,0.857,0.5527,1.0,1.0,-0.729,-0.679,0.5127,0.0,1.77,-0.6245,1.224,1.605,0.4495,0.4534,0.2246999999999999,0.9346,0.04218,0.3408,0.2793,1.64,1.527,0.0,0.0,1.572,0.0,1.908,0.697,0.3152,0.556,2.0,1.5,2.0,-0.6167,0.4524,0.576,4.0,0.0,0.0,0.0,0.0,0.1888,0.0780727999999999,,,
-0.65,0.3733,0.9097,2.77,0.0821,0.857,0.5527,1.0,1.0,-0.731,-0.677,0.5166,0.0,1.7705,-0.844,1.1045,1.543,0.44,0.458,0.0838,0.9224,0.2246,0.04218,0.3408,1.65,1.54,0.0,0.0,1.585,0.0,1.917,0.6094,0.381,0.11444,3.0,1.5,2.0,-0.587,0.4243,0.5483,5.0,0.0,0.0,0.0,0.0,0.03857,0.38709904,,,
-0.6406,0.566,0.9736,2.809,0.586,0.857,0.5527,1.0,1.0,-0.7686,-0.7173,0.5425,0.0,1.7705,-0.422,0.9805,1.472,0.655,0.4636,0.5561,0.946,0.0836,0.2246,0.04218,1.666,1.554,0.0,0.0,1.601,0.0,1.974,0.7607,0.298,1.013,3.0,1.5,2.0,-0.742,0.5776,0.7114,5.92,0.0,0.0,0.0,0.0,0.3403,0.2515132,,,
-0.6567,0.476,0.953,2.83,-0.014656,0.857,0.5527,1.0,1.0,-0.758,-0.7036,0.54,0.0,1.7705,-0.6187,0.8765,1.381,0.5815,0.4675,-0.0545999999999999,0.934,0.556,0.0836,0.2246,1.683,1.567,0.0,0.0,1.615,0.0,1.968,0.5796,0.4248,-0.0724,2.0,1.5,2.0,-0.674,0.4546,0.6133,0.0,1.0,0.0,0.0,0.0,-0.02391,0.0088639999999999,,,
-0.6562,0.386,0.927,2.834,-0.03967,0.857,0.5527,1.0,1.0,-0.7417,-0.6875,0.535,0.0,1.771,-0.6167,0.8066,1.273,0.4968,0.4707,-0.1026,0.8296,-0.05466,0.556,0.0836,1.696,1.58,0.0,0.0,1.63,0.0,1.957,0.362,0.575,-0.1556,1.0,1.0,1.5,-0.647,0.2654,0.528,0.0,2.0,0.0,0.0,0.0,-0.05148,0.3348920000000001,,,
-0.777,0.5093,0.981,2.898,0.4153,0.857,0.5527,1.0,1.0,-0.7837,-0.711,0.5576,0.0,1.771,-0.6343,0.7856,1.186,0.6196,0.481,0.474,0.788,-0.10266,-0.05466,0.556,1.71,1.593,0.0,0.0,1.645,0.0,2.006,1.574,-0.342,0.736,1.0,1.0,2.0,-0.788,0.3801,0.7,1.0,0.0,0.0,0.0,0.0,0.2444,-0.0980075999999999,,,
-0.834,0.478,0.9854,2.941,0.07715,0.857,0.5527,1.0,1.0,-0.791,-0.7085,0.563,0.0,1.772,-0.789,0.8486,1.137,0.543,0.4932,0.11515,0.8,0.4736,-0.10266,-0.05466,1.726,1.606,0.0,0.0,1.658,0.0,2.018,1.574,-0.2747,0.1793,1.0,1.5,2.0,-0.767,0.3562,0.673,2.0,0.0,0.0,0.0,0.0,0.05865,-1.133044,,,
-0.5996,-0.4563,0.721,2.936,-1.651,0.7144,0.5527,0.0,1.0,-0.6074,-0.558,0.4758,0.0,1.772,2.752,0.9287,1.098,-0.4167,0.4976,-1.8139,0.74,0.115,0.4736,-0.10266,1.717,1.612,0.0,0.0,1.662,0.0,1.827,0.1087,0.699,-7.32,0.0,1.0,1.5,0.093,-0.4033,-0.3079,0.0,1.0,0.0,0.0,0.0,-2.387,-0.0708307999999999,,,
-0.515,-0.5835,0.675,2.906,0.4958,0.5713,0.5527,0.0,1.0,-0.5693,-0.5327,0.463,0.0,1.773,0.7295,0.92,1.016,-0.4927,0.492,-0.2859,0.685,-1.813,0.115,0.4736,1.703,1.62,0.0,0.0,1.664,0.0,1.799,-0.219,0.921,-1.097,0.0,0.5,1.0,0.2047,-0.5034,-0.4875,0.0,2.0,0.0,0.0,0.0,-0.379,0.30038,,,
-0.486,-0.4082,0.714,2.885,-0.2401,0.4285,0.5527,0.0,1.0,-0.5933,-0.562,0.4792,0.0,1.773,-0.1533,0.8774,0.932,-0.317,0.4917,0.3681,0.667,-0.286,-1.813,0.115,1.687,1.626,0.0,0.0,1.666,0.0,1.835,-0.1128,0.861,0.836,1.0,0.5,1.0,0.04373,-0.3162,-0.304,1.0,0.0,0.0,0.0,0.0,0.2915,-0.4010794799999999,,,
-0.3718,-0.69,0.6235,2.852,1.055,0.2856,0.5527,0.0,1.0,-0.5225,-0.5083,0.4512,0.0,1.774,0.5083,0.7944,0.855,-0.594,0.4897,-0.6205,0.7056,0.3677,-0.286,-1.813,1.664,1.631,0.0,0.0,1.663,0.0,1.773,-0.2773,0.951,-1.237,0.0,0.0,1.0,0.3086,-0.556,-0.6074,0.0,1.0,0.0,0.0,0.0,-0.4263,-0.3765879999999999,,,
-0.3208,-0.9272,0.5386,2.797,0.55,0.1428,0.5527,0.0,1.0,-0.4585,-0.4507,0.4246,0.0,1.774,-0.4644,0.6694,0.7583,-0.826,0.485,-0.5959,0.6636,-0.62,0.3677,-0.286,1.636,1.634,0.0,0.0,1.664,0.0,1.715,-0.59,1.149,-1.256,-1.0,-0.5,0.5,0.54,-0.77,-0.953,0.0,2.0,0.0,0.0,0.0,-0.4414,0.082394,,,
-0.3125,-0.889,0.5264,2.732,0.0849,0.0,0.5527,0.0,1.0,-0.449,-0.4421,0.4229,0.0,1.775,-0.4634,0.5215,0.657,-0.8,0.4807,-0.03695,0.7266,-0.596,-0.62,0.3677,1.602,1.637,0.0,0.0,1.662,0.0,1.711,-0.7666,1.273,-0.0716,-1.0,-1.0,0.0,0.5054,-0.7324,-0.9165,0.0,3.0,0.0,0.0,0.0,-0.02565,0.0410719999999999,,,
-0.2927,-0.4524,0.6284,2.688,-0.444,-0.1428,0.5527,0.0,1.0,-0.52,-0.5186,0.4612,0.0,1.775,-0.557,0.3687,0.57,-0.369,0.4783,0.8755999999999999,0.717,-0.03705,-0.596,-0.62,1.575,1.642,0.0,0.0,1.662,0.0,1.795,-0.4065,1.053,1.514,0.0,-0.5,0.0,0.1378,-0.2808,-0.4832,1.0,0.0,0.0,0.0,0.0,0.5425,-0.5328960000000001,,,
-0.2216,-0.7134,0.534,2.62,0.8853,-0.2856,0.5527,0.0,1.0,-0.4473,-0.4553,0.4312,0.0,1.775,-0.05084,0.2483,0.4792,-0.6426,0.4739,-0.6719,0.7866,0.875,-0.03705,-0.596,1.563,1.6455,0.0,0.0,1.658,0.0,1.729,-0.6733,1.215,-1.123,-1.0,-0.5,-0.5,0.4353,-0.526,-0.7715,0.0,1.0,0.0,0.0,0.0,-0.3918,0.16661656,,,
-0.21,-0.5664,0.551,2.553,-0.1151,-0.4285,0.5527,0.0,1.0,-0.4583,-0.4685,0.4395,0.0,1.776,-0.574,0.1671,0.387,-0.5063,0.4692,0.1919,0.8345,-0.6714,0.875,-0.03705,1.558,1.648,0.0,0.0,1.654,0.0,1.747,-0.6333,1.194,0.3357,0.0,-0.5,-0.5,0.3032,-0.4292,-0.6377,1.0,0.0,0.0,0.0,0.0,0.1197,-0.2506672,,,
-0.2098,-0.5806,0.517,2.467,0.1646,-0.5713,0.5527,0.0,1.0,-0.4338,-0.4434,0.4304,0.0,1.776,-0.4675,0.1664,0.298,-0.5444,0.4636,-0.2052,0.891,0.1917,-0.6714,0.875,1.546,1.649,0.0,0.0,1.65,0.0,1.728,-0.923,1.393,-0.284,0.0,-1.0,-1.0,0.3716,-0.4832,-0.6885,0.0,1.0,0.0,0.0,0.0,-0.10065,0.0961087999999999,,,
-0.2169,-0.2537,0.5786,2.395,-0.5664,-0.7144,0.5527,0.0,1.0,-0.4788,-0.4885,0.4546,0.0,1.777,-0.4353,0.2335,0.2231,-0.2317,0.4587,0.5538,0.909,-0.2052,0.1917,-0.6714,1.547,1.65,0.0,0.0,1.648,0.0,1.78,-0.6807,1.243,1.391,1.0,-0.5,-0.5,0.1414,-0.1971,-0.4211,1.0,0.0,0.0,0.0,0.0,0.4958,-0.3261,,,
-0.1149,-0.4673,0.493,2.31,1.457,-0.857,0.5527,0.0,1.0,-0.4084,-0.433,0.4275,0.0,1.777,0.3704,0.3503,0.1768,-0.4668,0.4534,-0.6093000000000001,0.9595,0.553,-0.2052,0.1917,1.547,1.65,0.0,0.0,1.642,0.0,1.721,-0.7856,1.292,-1.218,0.0,-0.5,-0.5,0.392,-0.4436,-0.6416,0.0,1.0,0.0,0.0,0.0,-0.4272,-0.3621468,,,
-0.01656,-0.818,0.3599,2.186,1.1045,-1.0,0.5527,0.0,1.0,-0.2988,-0.336,0.3835,0.0,1.778,-0.02806,0.5317,0.1887,-0.846,0.444,-1.0059,1.102,-0.609,0.553,-0.2052,1.537,1.6455,0.0,0.0,1.631,0.0,1.624,-1.1455,1.506,-2.303,0.0,-1.0,-1.0,0.8354,-0.8027,-0.938,0.0,2.0,0.0,0.0,0.0,-0.8228,0.3508399999999999,,,
0.015236,-0.4155,0.4268,2.074,-0.4504,-1.143,0.5527,0.0,1.0,-0.3481,-0.3923,0.4094,0.0,1.778,0.03384,0.698,0.2708,-0.4658,0.4346,0.6111,1.142,-1.005,-0.609,0.553,1.523,1.641,0.0,0.0,1.621,0.0,1.681,-0.972,1.407,1.521,0.0,-0.5,-1.0,0.4463,-0.5493,-0.6475,1.0,0.0,0.0,0.0,0.0,0.5615,-0.522792,,,
-0.1332,-0.783,0.305,1.992,1.309,-1.143,0.5527,0.0,1.0,-0.264,-0.2808,0.369,0.0,1.779,0.373,0.8623,0.4143,-0.7866,0.423,-0.9364,1.249,0.6104,-1.005,-0.609,1.508,1.638,0.0,0.0,1.608,0.0,1.592,-0.791,1.239,-2.055,0.0,-0.5,-1.0,0.8413,-0.886,-0.888,0.0,1.0,0.0,0.0,0.0,-0.7437,-0.0938331999999999,,,
-0.2444,-0.7554,0.2866,1.916,0.091,-1.143,0.5527,0.0,1.0,-0.2578,-0.256,0.3647,0.0,1.779,-0.3418,1.012,0.565,-0.7764,0.4177,-0.10024,1.275,-0.936,0.6104,-1.005,1.489,1.633,0.0,0.0,1.592,0.0,1.583,-0.751,1.207,-0.1736,-1.0,-0.5,-1.0,0.8003,-0.871,-0.8394,0.0,2.0,0.0,0.0,0.0,-0.06476,-0.202924,,,
-0.2532,-0.769,0.2534,1.825,0.155,-1.143,0.5527,0.0,1.0,-0.2308,-0.2269,0.355,0.0,1.78,-0.2861,1.132,0.7217,-0.809,0.4106,-0.2322,1.286,-0.1003,-0.936,0.6104,1.47,1.627,0.0,0.0,1.575,0.0,1.562,-0.9443,1.335,-0.26,-1.0,-1.0,-1.5,0.8105,-0.925,-0.839,0.0,3.0,0.0,0.0,0.0,-0.0973,0.1950116,,,
-0.3423,-0.3164,0.3489,1.771,-0.57,-1.143,0.5527,0.0,1.0,-0.316,-0.3,0.3909,0.0,1.78,-0.3115,1.215,0.871,-0.35,0.4053,0.8658,1.193,-0.2322,-0.1003,-0.936,1.453,1.622,0.0,0.0,1.5625,0.0,1.64,-0.4963,1.05,1.614,0.0,-0.5,-1.0,0.3965,-0.4695,-0.5103,1.0,0.0,0.0,0.0,0.0,0.6084,-0.130376,,,
-0.351,-0.293,0.3416,1.734,0.027,-1.143,0.5527,0.0,1.0,-0.3108,-0.2932,0.3906,0.0,1.781,-0.2634,1.261,0.988,-0.322,0.4023,-0.00749,0.974,0.865,-0.2322,-0.1003,1.443,1.616,0.0,0.0,1.547,0.0,1.639,-0.3413,0.939,-0.01585,-1.0,-1.0,-1.0,0.3684,-0.4421,-0.4888,0.0,1.0,0.0,0.0,0.0,-0.00582,0.7940887999999999,,,
-0.3298,0.2195,0.4653,1.726,-2.453,-1.0,0.5527,1.0,1.0,-0.405,-0.3938,0.437,0.0,1.781,0.0827,1.258,1.046,0.1985,0.402,1.0861,0.6074,-0.007587,0.865,-0.2322,1.457,1.614,0.0,0.0,1.535,0.0,1.74,-0.00658,0.7446,2.043,0.0,-0.5,-0.5,-0.07996,0.04153,0.0621,1.0,0.0,0.0,0.0,0.0,0.75,0.1080939999999999,,,
-0.3704,0.467,0.519,1.705,1.013,-0.857,0.5527,1.0,1.0,-0.448,-0.4316,0.4585,0.0,1.781,-0.3467,1.196,1.056,0.4392,0.402,0.4923,0.5723,1.086,-0.007587,0.865,1.47,1.612,0.0,0.0,1.534,0.0,1.787,-0.1117,0.8403,0.9224,1.0,-0.5,-0.5,-0.2664,0.2128,0.3618,2.0,0.0,0.0,0.0,0.0,0.3274,0.7512924000000004,,,
-0.3906,0.846,0.6187,1.725,0.8726,-0.7144,0.5527,1.0,1.0,-0.521,-0.5034,0.497,0.0,1.782,0.04596,1.075,1.04,0.818,0.4065,0.8611,0.6606,0.492,1.086,-0.007587,1.503,1.612,0.0,0.0,1.537,0.0,1.871,0.3328,0.56,2.139,2.0,0.0,0.0,-0.5303,0.5527,0.7744,3.0,0.0,0.0,0.0,0.0,0.748,-0.0980152,,,
-0.3584,0.757,0.599,1.735,0.03038,-0.5713,0.5527,1.0,1.0,-0.5044,-0.4917,0.4932,0.0,1.782,-0.2347,0.908,0.988,0.7266,0.4106,-0.0844299999999999,0.6978,0.8604,0.492,1.086,1.535,1.611,0.0,0.0,1.538,0.0,1.862,0.2578,0.61,-0.1658,1.0,0.0,-0.5,-0.444,0.4485,0.695,0.0,1.0,0.0,0.0,0.0,-0.05646,0.0804451999999999,,,
-0.371,0.7104,0.592,1.752,0.0744,-0.4285,0.5527,1.0,1.0,-0.5005,-0.4856,0.494,0.0,1.783,-0.6523,0.7163,0.908,0.692,0.4143,0.01423,0.78,-0.08453,0.8604,0.492,1.571,1.61,0.0,0.0,1.542,0.0,1.863,0.3323,0.557,0.02402,2.0,0.0,0.0,-0.4246,0.371,0.63,1.0,0.0,0.0,0.0,0.0,0.0082,0.201818652,,,
-0.402,0.952,0.6567,1.77,0.459,-0.2856,0.5527,1.0,1.0,-0.548,-0.5293,0.5205,0.0,1.783,-0.567,0.501,0.8174,0.9585,0.4165,0.5791,0.936,0.01412,-0.08453,0.8604,1.6045,1.611,0.0,0.0,1.551,0.0,1.921,0.3445,0.5737,0.8813,2.0,0.5,0.0,-0.5996,0.5474,0.7695,2.0,0.0,0.0,0.0,0.0,0.3008,-0.003706,,,
-0.4705,0.8833,0.65,1.804,0.06235,-0.1428,0.5527,1.0,1.0,-0.549,-0.519,0.5215,0.0,1.784,-0.576,0.2705,0.716,0.924,0.4204,0.0209099999999999,1.065,0.5786,0.01412,-0.08453,1.638,1.609,0.0,0.0,1.56,0.0,1.923,0.588,0.4014,0.03062,2.0,1.0,0.5,-0.591,0.4375,0.6646,3.0,0.0,0.0,0.0,0.0,0.01026,0.2742,,,
-0.514,0.923,0.6826,1.874,0.1774,0.0,0.5527,1.0,1.0,-0.5747,-0.5386,0.5366,0.0,1.784,-0.4275,0.121,0.597,1.003,0.4277,0.3258,1.209,0.0208,0.5786,0.01412,1.663,1.609,0.0,0.0,1.566,0.0,1.956,1.137,0.0241,0.4119,2.0,1.5,1.0,-0.6685,0.4912,0.698,4.0,0.0,0.0,0.0,0.0,0.138,0.2074027999999999,,,
-0.5796,1.001,0.723,1.939,0.2158,0.1428,0.5527,1.0,1.0,-0.607,-0.561,0.5547,0.0,1.784,-0.844,0.1764,0.487,1.061,0.44,0.3843999999999999,1.386,0.3257,0.0208,0.5786,1.6875,1.61,0.0,0.0,1.578,0.0,1.996,1.108,0.06137,0.7095,3.0,1.5,1.0,-0.773,0.548,0.717,5.0,0.0,1.0,0.0,3.283,0.2354,0.1701344,,,
-0.6445,0.869,0.7197,2.03,0.003742,0.2856,0.5527,1.0,1.0,-0.61,-0.553,0.557,0.0,1.784,-0.4216,0.4343,0.4197,0.928,0.4534,0.04755,1.538,0.384,0.3257,0.0208,1.703,1.61,0.0,0.0,1.589,0.0,2.0,1.574,-0.3782,0.0817,3.0,1.5,1.5,-0.722,0.4873,0.6313,5.92,0.0,0.0,0.0,0.0,0.02678,-0.2200399999999999,,,
-0.629,0.5713,0.6704,2.115,-0.2019,0.4285,0.5527,1.0,1.0,-0.5757,-0.5205,0.543,0.0,1.784,-0.5854,0.737,0.4246,0.646,0.4646,-0.2978,1.627,0.04742,0.384,0.3257,1.716,1.609,0.0,0.0,1.599,0.0,1.97,1.557,-0.2698,-0.441,2.0,1.5,1.5,-0.538,0.3015,0.466,0.0,1.0,0.0,0.0,0.0,-0.1443,0.10392,,,
-0.664,0.4126,0.658,2.205,-0.1261,0.5713,0.5527,1.0,1.0,-0.57,-0.509,0.542,0.0,1.784,-0.844,1.023,0.4993,0.5283,0.4744,-0.02041,1.707,-0.2976,0.04742,0.384,1.728,1.613,0.0,0.0,1.606,0.0,1.967,1.574,-0.3765,-0.03387,1.0,1.0,1.5,-0.518,0.2002,0.4106,0.0,2.0,0.0,0.0,0.0,-0.011185,-0.2107781999999999,,,
-0.6763,0.1744,0.615,2.268,-0.382,0.7144,0.5527,1.0,1.0,-0.541,-0.477,0.5293,0.0,1.784,-0.536,1.288,0.6416,0.279,0.485,-0.2597,1.74,-0.0205,-0.2976,0.04742,1.73,1.617,0.0,0.0,1.616,0.0,1.94,1.396,-0.168,-0.3672,0.0,0.5,1.0,-0.3616,0.06064,0.2903,0.0,3.0,0.0,0.0,0.0,-0.1214,0.4799404,,,
-0.6943,0.3994,0.698,2.348,1.073,0.857,0.5527,1.0,1.0,-0.5996,-0.5347,0.5635,0.0,1.784,-0.442,1.554,0.8555,0.4836,0.4993,0.7237,1.747,-0.2598,-0.0205,-0.2976,1.741,1.622,0.0,0.0,1.632,0.0,2.014,1.5,-0.2092,1.278,0.0,1.0,1.5,-0.6196,0.304,0.451,1.0,0.0,0.0,0.0,0.0,0.426,-0.5889108,,,
-0.6245,-0.14,0.564,2.375,-1.065,0.7144,0.5527,0.0,1.0,-0.501,-0.4443,0.518,0.0,1.784,0.7524,1.768,1.079,-0.0857,0.508,-0.9506,1.708,0.7236,-0.2598,-0.0205,1.736,1.627,0.0,0.0,1.642,0.0,1.914,0.654,0.3506,-3.191,-1.0,0.5,1.0,-0.1677,-0.1197,0.1242,0.0,1.0,0.0,0.0,0.0,-1.04,-0.354244,,,
-0.597,-0.4321,0.4854,2.373,5.445,0.5713,0.5527,0.0,1.0,-0.4414,-0.3872,0.4922,0.0,1.784,-0.2786,1.889,1.267,-0.3862,0.511,-0.5489,1.543,-0.95,0.7236,-0.2598,1.721,1.631,0.0,0.0,1.653,0.0,1.858,0.2118,0.6416,-1.006,-1.0,0.0,0.5,0.05103,-0.3801,-0.08276,0.0,2.0,0.0,0.0,0.0,-0.338,-0.3953904,,,
-0.575,-0.7246,0.394,2.328,1.024,0.4285,0.5527,0.0,1.0,-0.3704,-0.3176,0.462,0.0,1.784,0.0868,1.926,1.404,-0.6978,0.511,-0.6645,1.343,-0.549,-0.95,0.7236,1.696,1.633,0.0,0.0,1.662,0.0,1.792,-0.4268,1.068,-1.39,-1.0,-0.5,0.0,0.3433,-0.624,-0.356,0.0,3.0,0.0,0.0,0.0,-0.4746,0.1339863999999999,,,
-0.597,-0.768,0.3672,2.283,0.2062,0.2856,0.5527,0.0,1.0,-0.3508,-0.294,0.455,0.0,1.784,-0.545,1.881,1.485,-0.7446,0.509,-0.1515,1.069,-0.664,-0.549,-0.95,1.674,1.633,0.0,0.0,1.671,0.0,1.777,-0.4497,1.078,-0.264,-1.0,-1.0,0.0,0.3787,-0.645,-0.504,0.0,4.0,0.0,0.0,0.0,-0.09204,-0.5023356000000001,,,
-0.47,-1.175,0.2393,2.213,0.766,0.1428,0.5527,0.0,1.0,-0.2363,-0.1968,0.4106,0.0,1.784,0.569,1.736,1.496,-1.118,0.4998,-0.9936,1.005,-0.1515,-0.664,-0.549,1.64,1.632,0.0,0.0,1.673,0.0,1.681,-0.746,1.247,-2.846,-2.0,-1.5,-0.5,0.783,-1.023,-0.9507,0.0,5.0,0.0,0.0,0.0,-0.9976,0.1390216,,,
-0.4707,-1.107,0.2292,2.123,0.0674,0.0,0.5527,0.0,1.0,-0.2279,-0.1879,0.4097,0.0,1.784,-0.4841,1.504,1.454,-1.047,0.4915,-0.02236,0.9385,-0.993,-0.1515,-0.664,1.609,1.63,0.0,0.0,1.675,0.0,1.678,-1.05,1.463,-0.04575,-2.0,-1.5,-1.0,0.7207,-0.9546,-1.006,0.0,5.0,0.0,0.0,0.0,-0.01656,0.1334796,,,
-0.4731,-0.9897,0.2324,2.037,0.01073,-0.1428,0.5527,0.0,1.0,-0.2307,-0.1904,0.4136,0.0,1.784,-0.5146,1.209,1.375,-0.948,0.4858,0.09,0.9985,-0.02245,-0.993,-0.1515,1.571,1.629,0.0,0.0,1.672,0.0,1.687,-1.015,1.441,0.1198,-1.0,-1.5,-1.0,0.604,-0.8574,-0.9243,1.0,0.0,0.0,0.0,0.0,0.04337,0.4664960000000001,,,
-0.4822,-0.5337,0.3242,1.964,-0.4028,-0.2856,0.5527,0.0,1.0,-0.3074,-0.268,0.4504,0.0,1.784,-0.1494,0.8926,1.266,-0.5127,0.4812,0.8517,1.011,0.08984,-0.02245,-0.993,1.554,1.628,0.0,0.0,1.672,0.0,1.767,-0.7715,1.304,1.176,0.0,-1.0,-1.0,0.2231,-0.4124,-0.565,2.0,0.0,0.0,0.0,0.0,0.4243,-0.1447831999999999,,,
-0.466,-0.4758,0.311,1.877,-0.00399,-0.4285,0.5527,0.0,1.0,-0.2954,-0.2583,0.4485,0.0,1.784,-0.5234,0.6367,1.144,-0.4648,0.4746,-0.0435399999999999,1.05,0.851,0.08984,-0.02245,1.543,1.63,0.0,0.0,1.667,0.0,1.763,-0.9814,1.451,-0.0781,0.0,-1.0,-1.5,0.2218,-0.4106,-0.5493,0.0,1.0,0.0,0.0,0.0,-0.02748,0.0121099999999999,,,
-0.4636,-0.4236,0.2954,1.788,-0.008095,-0.5713,0.5527,0.0,1.0,-0.2825,-0.2455,0.4456,0.0,1.784,-0.3567,0.512,1.014,-0.4343,0.4688,-0.06545,1.089,-0.04364,0.851,0.08984,1.538,1.634,0.0,0.0,1.663,0.0,1.756,-1.022,1.478,-0.0674,0.0,-1.5,-2.0,0.217,-0.4321,-0.544,0.0,2.0,0.0,0.0,0.0,-0.02374,-0.6345600000000001,,,
-0.35,-0.9326,0.1346,1.676,1.723,-0.7144,0.5527,0.0,1.0,-0.1359,-0.11285,0.388,0.0,1.784,0.3218,0.554,0.8843,-0.9565,0.4595,-1.2999,1.252,-0.06555,-0.04364,0.851,1.521,1.632,0.0,0.0,1.653,0.0,1.63,-1.2,1.549,-2.674,0.0,-1.5,-2.0,0.8135,-0.9116,-0.936,0.0,3.0,0.0,0.0,0.0,-0.9434,0.4085744,,,
-0.3289,-0.4722,0.2188,1.583,-0.4443,-0.857,0.5527,0.0,1.0,-0.2075,-0.1904,0.4219,0.0,1.784,-0.1643,0.7197,0.7617,-0.501,0.451,0.7994,1.294,-1.299,-0.06555,-0.04364,1.524,1.636,0.0,0.0,1.645,0.0,1.704,-0.866,1.344,1.502,0.0,-1.0,-1.5,0.4402,-0.4695,-0.605,1.0,0.0,0.0,0.0,0.0,0.5522,0.35275312,,,
-0.3325,-0.1586,0.272,1.511,-0.724,-1.0,0.5527,0.0,1.0,-0.2527,-0.2363,0.4446,0.0,1.784,-0.65,0.9053,0.6553,-0.212,0.4468,0.5196,1.29,0.799,-1.299,-0.06555,1.533,1.641,0.0,0.0,1.638,0.0,1.754,-0.6245,1.193,0.9087,0.0,-0.5,-1.0,0.185,-0.2323,-0.3926,2.0,0.0,1.0,0.0,4.29,0.326,0.0985659999999999,,,
-0.3586,-0.032,0.2732,1.419,-1.617,-1.0,0.5527,1.0,1.0,-0.2559,-0.2352,0.448,0.0,1.784,-0.5596,1.07,0.601,-0.1065,0.4402,0.07316,1.25,0.5195,0.799,-1.299,1.542,1.6455,0.0,0.0,1.63,0.0,1.761,-0.887,1.384,0.08307,1.0,0.0,-1.0,0.0989,-0.2439,-0.3354,3.0,0.0,0.0,0.0,0.0,0.02933,0.202752,,,
-0.4783,0.2166,0.3152,1.366,5.52,-0.857,0.5527,1.0,1.0,-0.2998,-0.261,0.4668,0.0,1.784,-0.4692,1.197,0.6377,0.1979,0.4312,0.423,1.148,0.073,0.5195,0.799,1.546,1.65,0.0,0.0,1.621,0.0,1.802,-0.4778,1.109,0.6543,2.0,0.5,-0.5,-0.082,-0.07196,-0.1465,4.0,0.0,0.0,0.0,0.0,0.2306,-0.5647044000000001,,,
-0.4185,-0.2098,0.1931,1.305,-1.396,-0.857,0.5527,0.0,1.0,-0.1927,-0.1603,0.4233,0.0,1.784,0.05838,1.252,0.7305,-0.2297,0.427,-0.9639,1.049,0.4226,0.073,0.5195,1.54,1.652,0.0,0.0,1.609,0.0,1.707,-0.5815,1.142,-2.543,2.0,0.5,-0.5,0.3381,-0.4778,-0.4878,0.0,1.0,0.0,0.0,0.0,-0.885,0.6528640000000001,,,
-0.4026,0.215,0.2869,1.283,-3.398,-0.7144,0.5527,1.0,1.0,-0.2708,-0.2433,0.4614,0.0,1.784,0.196,1.21,0.823,0.1736,0.4282,0.8755999999999999,0.936,-0.9634,0.4226,0.073,1.544,1.654,0.0,0.0,1.602,0.0,1.79,-0.09674,0.8325,3.293,2.0,0.5,0.0,-0.002478,-0.0488,-0.09576,1.0,0.0,0.0,0.0,0.0,1.181,-0.6021975999999999,,,
-0.3372,-0.1209,0.195,1.247,-1.078,-0.7144,0.5527,0.0,1.0,-0.1877,-0.1687,0.4294,0.0,1.784,-0.0959,1.107,0.9126,-0.1609,0.4268,-0.7149,0.816,0.875,-0.9634,0.4226,1.555,1.652,0.0,0.0,1.592,0.0,1.72,-0.2576,0.9165,-1.892,1.0,0.0,0.0,0.2834,-0.3738,-0.3792,0.0,1.0,0.0,0.0,0.0,-0.66,0.742366,,,
-0.421,0.2445,0.2847,1.259,-9.72,-0.5713,0.5527,1.0,1.0,-0.2703,-0.2397,0.4663,0.0,1.784,-0.4148,0.9824,0.9717,0.2188,0.429,0.8421,0.7,-0.7144,0.875,-0.9634,1.565,1.65,0.0,0.0,1.586,0.0,1.8,0.2686,0.5767,1.3125,1.0,0.5,0.5,-0.03094,0.0368,0.06775,1.0,0.0,0.0,0.0,0.0,0.4685,-0.2401584,,,
-0.4233,0.0559,0.2401,1.263,-0.485,-0.4285,0.5527,1.0,1.0,-0.2333,-0.2014,0.4524,0.0,1.784,-0.844,0.8423,0.9805,0.03223,0.4321,-0.3092,0.3796,0.8413,-0.7144,0.875,1.567,1.647,0.0,0.0,1.576,0.0,1.77,0.1736,0.631,-0.4846,0.0,0.5,0.5,0.11786,-0.093,-0.003136,0.0,1.0,0.0,0.0,0.0,-0.1686,-0.1750199999999999,,,
-0.3945,-0.07465,0.2076,1.261,-0.8833,-0.2856,0.5527,1.0,1.0,-0.2034,-0.1753,0.4426,0.0,1.784,-0.2722,0.681,0.939,-0.09235,0.4338,-0.2179,0.2092,-0.3093,0.8413,-0.7144,1.566,1.645,0.0,0.0,1.569,0.0,1.748,0.08527,0.6846,-0.369,0.0,0.5,0.0,0.1759,-0.2173,-0.0928,0.0,2.0,0.0,0.0,0.0,-0.1295,-0.2325199999999999,,,
-0.4126,-0.205,0.1663,1.229,-14.766,-0.2856,0.5527,0.0,1.0,-0.1688,-0.1366,0.4294,0.0,1.784,-0.4763,0.4949,0.859,-0.2352,0.4336,-0.2999,0.1142,-0.2179,-0.3093,0.8413,1.557,1.64,0.0,0.0,1.563,0.0,1.719,-0.2336,0.8994,-0.348,-1.0,0.0,-0.5,0.3032,-0.3206,-0.309,0.0,3.0,0.0,0.0,0.0,-0.12305,0.29244,,,
-0.4495,-0.0834,0.1865,1.203,-0.9175,-0.2856,0.5527,0.0,1.0,-0.1895,-0.1519,0.4397,0.0,1.784,-0.844,0.3054,0.7505,-0.1118,0.4326,0.2364,0.0918,-0.2998,-0.2179,-0.3093,1.562,1.635,0.0,0.0,1.562,0.0,1.741,-0.1509,0.85,0.2358,0.0,0.0,0.0,0.1974,-0.1929,-0.05957,1.0,0.0,0.0,0.0,0.0,0.08417,0.167816,,,
-0.4385,0.051,0.212,1.186,-14.766,-0.1428,0.5527,1.0,1.0,-0.2106,-0.1754,0.4524,0.0,1.784,-0.0961,0.10095,0.6147,0.02504,0.4329,0.2860999999999999,0.0884,0.2362,-0.2998,-0.2179,1.559,1.629,0.0,0.0,1.562,0.0,1.77,-0.05188,0.7915,0.3508,0.0,0.0,0.5,0.02422,-0.1213,0.2269,2.0,0.0,0.0,0.0,0.0,0.1243,0.7356984000000001,,,
-0.502,0.4795,0.3264,1.23,3.592,0.0,0.5527,1.0,1.0,-0.3108,-0.2683,0.4995,0.0,1.784,0.07935,-0.0639,0.4795,0.4731,0.4385,1.0541,0.1917,0.286,0.2362,-0.2998,1.576,1.626,0.0,0.0,1.569,0.0,1.871,0.626,0.353,1.695,1.0,0.0,1.0,-0.3665,0.3125,1.009,3.0,0.0,0.0,0.0,0.0,0.595,-0.2342159999999999,,,
-0.5312,0.3015,0.289,1.248,-0.2057,0.1428,0.5527,1.0,1.0,-0.2827,-0.2345,0.488,0.0,1.784,-0.6855,-0.1285,0.3525,0.2866,0.444,-0.2461,0.2197,1.053,0.286,0.2362,1.582,1.621,0.0,0.0,1.576,0.0,1.847,0.3635,0.5293,-0.4287,1.0,0.0,0.5,-0.2413,0.1547,0.683,0.0,1.0,0.0,0.0,0.0,-0.1458,0.0250111999999999,,,
-0.5747,0.2603,0.28,1.253,0.01802,0.2856,0.5527,1.0,1.0,-0.2788,-0.2231,0.4873,0.0,1.784,-0.7656,-0.1373,0.229,0.2605,0.4458,-0.014075,0.2347,-0.2461,1.053,0.286,1.591,1.618,0.0,0.0,1.583,0.0,1.845,0.2242,0.628,-0.01411,1.0,-0.5,0.0,-0.2104,0.1152,0.589,0.0,2.0,0.0,0.0,0.0,-0.004833,-0.330208,,,
-0.526,0.02515,0.221,1.245,-0.602,0.2856,0.5527,1.0,1.0,-0.2252,-0.1761,0.4673,0.0,1.784,-0.2617,-0.091,0.10345,0.0325,0.4468,-0.4396,0.2449,-0.014175,-0.2461,1.053,1.598,1.613,0.0,0.0,1.585,0.0,1.801,0.04248,0.739,-0.758,0.0,-0.5,-0.5,-0.00859,-0.09204,0.1993,0.0,3.0,0.0,0.0,0.0,-0.2598,0.2005396,,,
-0.5396,0.10675,0.2352,1.231,0.952,0.2856,0.5527,1.0,1.0,-0.2385,-0.1875,0.4753,0.0,1.784,-0.5728,-0.0399,-0.006638,0.10785,0.448,0.1798999999999999,0.2642,-0.4395,-0.014175,-0.2461,1.609,1.61,0.0,0.0,1.587,0.0,1.818,-0.03064,0.799,0.4026,0.0,-0.5,-0.5,-0.11255,-0.0674,0.3123,1.0,0.0,0.0,0.0,0.0,0.1399,0.3077319999999999,,,
-0.597,0.2261,0.2693,1.253,0.811,0.4285,0.5527,1.0,1.0,-0.2717,-0.2122,0.4912,0.0,1.784,-0.527,0.004852,-0.0894,0.2341,0.452,0.3504,0.3093,0.1797,-0.4395,-0.014175,1.622,1.605,0.0,0.0,1.591,0.0,1.854,0.453,0.4688,0.54,0.0,0.0,0.0,-0.262,0.03568,0.5205,2.0,0.0,0.0,0.0,0.0,0.1866,-0.4109724000000001,,,
-0.65,-0.0821,0.1906,1.235,-0.938,0.2856,0.5527,0.0,1.0,-0.209,-0.1389,0.4631,0.0,1.784,-0.2225,0.03024,-0.12384,-0.0695,0.452,-0.6149,0.1594,0.3503,0.1797,-0.4395,1.625,1.603,0.0,0.0,1.598,0.0,1.792,-0.081,0.8228,-0.94,0.0,0.0,-0.5,0.003584,-0.2522,-5.19e-05,0.0,1.0,0.0,0.0,0.0,-0.3213,0.6360520000000002,,,
-0.6646,0.2932,0.2866,1.261,-14.766,0.4285,0.5527,1.0,1.0,-0.2913,-0.2213,0.503,0.0,1.784,-0.4177,0.065,-0.09436,0.2952,0.4578,0.8871,0.1764,-0.615,0.3503,0.1797,1.626,1.604,0.0,0.0,1.605,0.0,1.878,0.502,0.4448,1.454,1.0,0.5,0.0,-0.3394,0.11334,0.7075,1.0,0.0,0.0,0.0,0.0,0.507,0.2397151999999999,,,
-0.706,0.2869,0.2856,1.266,0.1156,0.4285,0.5527,1.0,1.0,-0.294,-0.2173,0.5054,0.0,1.784,-0.6743,0.1061,-0.04285,0.2844,0.461,0.04923,0.226,0.8867,-0.615,0.3503,1.63,1.605,0.0,0.0,1.61,0.0,1.883,0.2678,0.6143,0.0673,2.0,0.5,0.0,-0.3398,0.0859,0.643,2.0,0.0,0.0,0.0,0.0,0.02283,-0.08216716,,,
-0.6963,0.3975,0.3179,1.287,0.4543,0.4285,0.5527,1.0,1.0,-0.3196,-0.2451,0.5205,0.0,1.784,-0.471,0.168,0.02681,0.398,0.4656,0.3293999999999999,0.308,0.0491,0.8867,-0.615,1.639,1.61,0.0,0.0,1.617,0.0,1.916,0.536,0.4373,0.4685,2.0,0.5,0.5,-0.4312,0.1929,0.7695,3.0,0.0,0.0,0.0,0.0,0.1587,0.4446855999999999,,,
-0.679,0.6357,0.3877,1.332,0.6646,0.4285,0.5527,1.0,1.0,-0.3738,-0.304,0.551,0.0,1.784,0.10315,0.284,0.11884,0.6143,0.4749,0.6451,0.4856,0.329,0.0491,0.8867,1.66,1.618,0.0,0.0,1.625,0.0,1.981,0.825,0.2598,1.525,2.0,0.5,1.0,-0.6196,0.426,0.989,4.0,0.0,0.0,0.0,0.0,0.511,0.0253443999999999,,,
-0.6816,0.568,0.388,1.388,0.03235,0.5713,0.5527,1.0,1.0,-0.374,-0.3037,0.5537,0.0,1.784,-0.5474,0.4426,0.231,0.527,0.4856,0.0613,0.5664,0.6445,0.329,0.0491,1.68,1.627,0.0,0.0,1.637,0.0,1.987,1.008,0.1321,0.166,3.0,1.0,1.5,-0.5923,0.3787,0.8643,5.0,0.0,0.0,0.0,0.0,0.05457,0.3262395999999999,,,
-0.634,0.767,0.4553,1.453,0.4617,0.7144,0.5527,1.0,1.0,-0.4219,-0.361,0.583,0.0,1.784,-0.586,0.615,0.3665,0.723,0.4958,0.6178,0.7773,0.06116,0.6445,0.329,1.703,1.638,0.0,0.0,1.647,0.0,2.053,1.086,0.10486,1.356,3.0,1.5,1.5,-0.7524,0.58,0.972,5.92,0.0,1.0,0.0,2.518,0.4448,0.1269312,,,
-0.6606,0.73,0.4636,1.512,0.0864,0.7144,0.5527,1.0,1.0,-0.4304,-0.3652,0.59,0.0,1.784,-0.4805,0.7783,0.5015,0.6963,0.505,0.1399,0.903,0.617,0.06116,0.6445,1.735,1.646,0.0,0.0,1.662,0.0,2.066,1.063,0.1274,0.262,3.0,1.5,1.5,-0.775,0.513,0.868,5.92,0.0,0.0,0.0,0.0,0.0843,-0.1656297600000001,,,
-0.635,0.3506,0.3752,1.525,-0.3662,0.7144,0.5527,1.0,1.0,-0.3604,-0.2974,0.558,0.0,1.784,0.10504,0.936,0.6284,0.3008,0.5107,-0.6493,0.9585,0.1398,0.617,0.06116,1.75,1.652,0.0,0.0,1.671,0.0,1.997,0.4307,0.5483,-1.436,2.0,1.5,1.0,-0.4343,0.198,0.4775,0.0,1.0,0.0,0.0,0.0,-0.46,0.027678,,,
-0.6226,0.256,0.357,1.544,-0.1005,0.7144,0.5527,1.0,1.0,-0.345,-0.2834,0.5537,0.0,1.784,-0.5903,1.073,0.7407,0.2117,0.515,-0.08785,0.9688,-0.6494,0.1398,0.617,1.762,1.659,0.0,0.0,1.68,0.0,1.988,0.512,0.486,-0.1475,1.0,1.0,1.0,-0.3572,0.1236,0.3833,0.0,2.0,0.0,0.0,0.0,-0.04822,0.1893223439999999,,,
-0.599,0.3997,0.4,1.574,0.588,0.7144,0.5527,1.0,1.0,-0.3767,-0.3203,0.5737,0.0,1.784,-0.338,1.169,0.8345,0.3835,0.5186,0.4208,0.9795,-0.0879,-0.6494,0.1398,1.775,1.671,0.0,0.0,1.691,0.0,2.031,0.643,0.412,0.4834,1.0,1.5,1.5,-0.4863,0.2576,0.5103,1.0,0.0,0.0,0.0,0.0,0.1586,-0.6186535999999999,,,
-0.5283,-0.1309,0.2756,1.592,-1.045,0.5713,0.5527,0.0,1.0,-0.2712,-0.2233,0.5273,0.0,1.784,0.2021,1.232,0.9126,-0.1483,0.5234,-0.9643,0.862,0.4204,-0.0879,-0.6494,1.77,1.677,0.0,0.0,1.7,0.0,1.93,0.3682,0.5635,-2.191,0.0,1.0,1.5,-0.01791,-0.1473,0.02347,0.0,1.0,0.0,0.0,0.0,-0.709,0.3700367999999999,,,
-0.4814,-0.297,0.236,1.597,3.719,0.4285,0.5527,0.0,1.0,-0.2344,-0.1929,0.514,0.0,1.784,-0.1262,1.258,0.9697,-0.3293,0.528,-0.2829,0.749,-0.964,0.4204,-0.0879,1.76,1.682,0.0,0.0,1.707,0.0,1.9,0.1978,0.6724,-0.604,-1.0,0.5,1.0,0.09753,-0.2734,-0.1572,0.0,2.0,0.0,0.0,0.0,-0.2015,1.037786,,,
-0.353,0.5933,0.4663,1.6455,-4.277,0.4285,0.5527,1.0,1.0,-0.4077,-0.3928,0.6084,0.0,1.784,1.247,1.307,1.034,0.524,0.5386,2.0331,0.803,-0.283,-0.964,0.4204,1.767,1.691,0.0,0.0,1.722,0.0,2.107,0.603,0.4739,7.902,0.0,0.5,1.0,-0.6113,0.607,0.788,1.0,0.0,0.0,0.0,0.0,2.66,0.6846388,,,
-0.3276,1.027,0.6016,1.744,0.8213,0.5713,0.5527,1.0,1.0,-0.504,-0.4963,0.666,0.0,1.784,0.524,1.396,1.153,0.919,0.556,1.1661,1.114,2.033,-0.283,-0.964,1.786,1.703,0.0,0.0,1.736,0.0,2.232,1.023,0.229,5.23,1.0,0.5,1.5,-0.958,0.9966,1.062,2.0,0.0,0.0,0.0,0.0,1.655,-0.1788496,,,
-0.3464,1.346,0.711,1.845,0.4402,0.5713,0.5527,1.0,1.0,-0.58,-0.572,0.714,0.0,1.784,0.08057,1.578,1.332,1.183,0.5757,0.9288,1.51,1.165,2.033,-0.283,1.825,1.721,0.0,0.0,1.757,0.0,2.336,1.044,0.26,4.105,1.0,0.5,1.5,-1.152,1.28,1.102,3.0,0.0,0.0,0.0,0.0,1.254,-0.1497772799999999,,,
-0.324,1.181,0.6997,1.944,0.00916,0.5713,0.5527,1.0,1.0,-0.571,-0.566,0.7134,0.0,1.784,-0.4673,1.759,1.518,1.027,0.5903,-0.006038,1.782,0.928,1.165,2.033,1.866,1.736,0.0,0.0,1.777,0.0,2.334,1.035,0.2659,-0.02078,1.0,0.0,1.0,-1.044,1.132,0.887,0.0,1.0,0.0,0.0,0.0,-0.00617,0.026614,,,
-0.3052,0.961,0.671,2.031,-0.05243,0.5713,0.5527,1.0,1.0,-0.55,-0.5474,0.7056,0.0,1.784,-0.3938,1.894,1.682,0.8496,0.5996,-0.1474,1.91,-0.006138,0.928,1.165,1.9,1.753,0.0,0.0,1.799,0.0,2.316,0.9297,0.334,-0.3606,1.0,-0.5,0.5,-0.901,0.9336,0.717,0.0,2.0,0.0,0.0,0.0,-0.10706,-0.0544332,,,
-0.3445,0.7734,0.6416,2.096,-0.05893,0.5713,0.5527,1.0,1.0,-0.533,-0.5234,0.6978,0.0,1.784,-0.5845,2.012,1.818,0.6836,0.6084,-0.148,1.97,-0.1473,-0.006138,0.928,1.943,1.768,0.0,0.0,1.819,0.0,2.3,0.769,0.441,-0.2646,0.0,-0.5,0.0,-0.747,0.7793,0.586,0.0,3.0,0.0,0.0,0.0,-0.0789,0.0772995999999999,,,
-0.3308,0.6167,0.618,2.152,-0.0625,0.5713,0.5527,1.0,1.0,-0.5156,-0.508,0.6924,0.0,1.784,-0.4885,2.125,1.937,0.5435,0.617,-0.1052999999999999,2.0,-0.1481,-0.1473,-0.006138,1.989,1.782,0.0,0.0,1.837,0.0,2.287,0.7144,0.4749,-0.2109,-1.0,-0.5,-0.5,-0.6504,0.6265,0.4866,0.0,4.0,0.0,0.0,0.0,-0.06323,0.3196891999999999,,,
-0.3625,0.8203,0.686,2.21,0.4453,0.5713,0.5527,1.0,1.0,-0.565,-0.553,0.724,0.0,1.784,-0.2803,2.22,2.016,0.778,0.624,0.6031,1.985,-0.10535,-0.1481,-0.1473,2.02,1.799,0.0,0.0,1.861,0.0,2.355,0.721,0.5,1.097,-1.0,-0.5,-0.5,-0.7847,0.81,0.598,1.0,0.0,0.0,0.0,0.0,0.3298,0.046268,,,
-0.375,0.8066,0.699,2.271,0.11676,0.5713,0.5527,1.0,1.0,-0.5747,-0.5615,0.7334,0.0,1.784,-0.6133,2.3,2.076,0.7905,0.6313,0.1770999999999999,2.031,0.603,-0.10535,-0.1481,2.035,1.817,0.0,0.0,1.882,0.0,2.377,0.7305,0.5024,0.3376,0.0,0.0,-0.5,-0.7896,0.7656,0.573,2.0,0.0,0.0,0.0,0.0,0.0997,0.0853899999999999,,,
-0.3914,0.6504,0.681,2.35,-0.05432,0.5713,0.5527,1.0,1.0,-0.564,-0.5474,0.73,0.0,1.784,-0.2683,2.357,2.117,0.6685,0.6406,-0.0605999999999999,2.021,0.1769,0.603,-0.10535,2.04,1.835,0.0,0.0,1.902,0.0,2.37,0.975,0.3247,-0.1092,0.0,0.0,-0.5,-0.6865,0.6523,0.492,0.0,1.0,0.0,0.0,0.0,-0.03204,0.1836216,,,
-0.3875,0.7075,0.7217,2.441,0.2169,0.5713,0.5527,1.0,1.0,-0.591,-0.5757,0.751,0.0,1.784,-0.4312,2.375,2.139,0.775,0.6494,0.3893,2.043,-0.06067,0.1769,0.603,2.049,1.854,0.0,0.0,1.923,0.0,2.414,1.075,0.2732,0.6587,1.0,0.0,0.0,-0.7607,0.7266,0.54,1.0,0.0,0.0,0.0,0.0,0.1937,0.1693588,,,
-0.3887,0.605,0.718,2.523,-0.005863,0.5713,0.5527,1.0,1.0,-0.5884,-0.573,0.7534,0.0,1.784,-0.4248,2.35,2.164,0.6973,0.6597,0.04817,2.084,0.3892,-0.06067,0.1769,2.062,1.869,0.0,0.0,1.941,0.0,2.42,1.024,0.3118,0.1342,2.0,0.0,0.0,-0.7417,0.616,0.4873,2.0,0.0,0.0,0.0,0.0,0.03894,0.330176,,,
-0.462,0.624,0.7573,2.645,0.1628,0.7144,0.5527,1.0,1.0,-0.62,-0.5938,0.774,0.0,1.784,-0.643,2.309,2.217,0.747,0.674,0.3781,2.133,0.04807,0.3892,-0.06067,2.082,1.887,0.0,0.0,1.961,0.0,2.465,1.568,-0.05652,0.855,2.0,0.0,0.5,-0.8047,0.6914,0.529,3.0,0.0,0.0,0.0,0.0,0.2479,-0.1360864,,,
-0.4924,0.7495,0.8325,2.795,0.3235,0.857,0.5527,1.0,1.0,-0.6704,-0.641,0.8096,0.0,1.784,-0.6553,2.254,2.303,0.909,0.691,0.6524,2.275,0.378,0.04807,0.3892,2.111,1.906,0.0,0.0,1.981,0.0,2.541,1.574,-0.1655,1.45,2.0,0.5,1.0,-1.02,0.7983,0.625,4.0,0.0,1.0,0.0,3.38,0.4158,-0.0291052,,,
-0.6567,0.6357,0.828,2.887,-0.012886,0.857,0.5527,1.0,1.0,-0.6807,-0.6245,0.8125,0.0,1.784,-0.5176,2.258,2.426,0.7446,0.711,0.0524,2.383,0.652,0.378,0.04807,2.133,1.927,0.0,0.0,2.002,0.0,2.547,1.574,-0.0825,0.1225,3.0,1.0,1.0,-0.9946,0.6636,0.5566,5.0,0.0,0.0,0.0,0.0,0.03442,-0.0518057599999999,,,
-0.735,0.5938,0.8325,2.947,0.0707,0.857,0.5527,1.0,1.0,-0.69,-0.6206,0.8193,0.0,1.784,-0.564,2.352,2.557,0.6484,0.727,0.1219,2.389,0.05228,0.652,0.378,2.156,1.948,0.0,0.0,2.025,0.0,2.562,1.55,-2.134e-05,0.264,3.0,1.5,1.0,-0.9897,0.5776,0.5234,5.92,0.0,0.0,0.0,0.0,0.07404,-0.0341864,,,
-0.7656,0.52,0.82,2.98,0.01651,0.857,0.5527,1.0,1.0,-0.684,-0.61,0.819,0.0,1.784,-0.382,2.484,2.652,0.5537,0.737,-0.00568,2.32,0.12177,0.05228,0.652,2.178,1.968,0.0,0.0,2.049,0.0,2.56,1.379,0.1216,-0.01059,2.0,1.5,0.5,-0.9053,0.4858,0.4678,0.0,1.0,0.0,0.0,0.0,-0.002958,0.3118367999999998,,,
-0.7827,0.655,0.8667,3.025,0.3735,0.857,0.5527,1.0,1.0,-0.7153,-0.639,0.8433,0.0,1.784,-0.844,2.629,2.715,0.6685,0.748,0.4396,2.297,-0.005775,0.12177,0.05228,2.201,1.991,0.0,0.0,2.074,0.0,2.615,1.481,0.0718,1.068,2.0,1.5,1.0,-0.978,0.5933,0.5312,1.0,0.0,1.0,0.0,3.582,0.2983,0.1480568,,,
-0.7964,0.6377,0.876,3.082,0.1086,0.857,0.5527,1.0,1.0,-0.722,-0.6436,0.8525,0.0,1.784,-0.5835,2.762,2.754,0.6357,0.7603,0.1598,2.049,0.4392,-0.005775,0.12177,2.227,2.012,0.0,0.0,2.104,0.0,2.635,1.574,-0.0563,0.4094,2.0,1.5,1.5,-0.953,0.5674,0.5503,2.0,0.0,0.0,0.0,0.0,0.11285,-0.0937872,,,
-0.8,0.5376,0.8647,3.143,-0.015396,0.857,0.5527,1.0,1.0,-0.7153,-0.636,0.853,0.0,1.784,-0.6763,2.854,2.746,0.553,0.7695,0.005776,1.575,0.1595,0.4392,-0.005775,2.248,2.033,0.0,0.0,2.135,0.0,2.635,1.574,-0.183,0.01032,2.0,1.5,2.0,-0.88,0.4775,0.58,3.0,0.0,0.0,0.0,0.0,0.00283,-0.5130647199999998,,,
-0.735,0.1454,0.7695,3.19,-0.544,0.857,0.5527,1.0,1.0,-0.65,-0.5796,0.818,0.0,1.784,0.0689,2.914,2.729,0.1512,0.78,-0.6129,1.321,0.005672,0.1595,0.4392,2.25,2.053,0.0,0.0,2.152,0.0,2.559,1.251,0.2115,-1.966,1.0,1.5,2.0,-0.5703,0.1534,0.3125,0.0,1.0,0.0,0.0,0.0,-0.539,0.2943759999999999,,,
-0.7524,0.2522,0.807,3.229,0.637,0.857,0.5527,1.0,1.0,-0.6753,-0.6025,0.8384,0.0,1.784,-0.643,2.912,2.717,0.2588,0.7876,0.3646,1.24,-0.6123,0.005672,0.1595,2.256,2.07,0.0,0.0,2.168,0.0,2.604,1.204,0.2651,0.6875,2.0,1.5,2.0,-0.655,0.263,0.429,1.0,0.0,0.0,0.0,0.0,0.1921,0.1851472,,,
-0.736,0.3853,0.8535,3.275,0.5596,0.857,0.5527,1.0,1.0,-0.703,-0.6343,0.863,0.0,1.784,-0.3108,2.852,2.727,0.3992,0.796,0.4347,1.292,0.3643,-0.6123,0.005672,2.268,2.088,0.0,0.0,2.182,0.0,2.656,1.269,0.2427,1.063,2.0,1.5,2.0,-0.747,0.399,0.552,2.0,0.0,0.0,0.0,0.0,0.2937,0.1007496,,,
-0.7334,0.0929,0.7817,3.309,-0.536,0.857,0.5527,1.0,1.0,-0.6577,-0.588,0.8374,0.0,1.784,-0.513,2.732,2.734,0.1184,0.8027,-0.4457,1.265,0.4343,0.3643,-0.6123,2.271,2.104,0.0,0.0,2.193,0.0,2.6,0.9233,0.4644,-0.7705,1.0,1.0,2.0,-0.509,0.1543,0.3027,0.0,1.0,0.0,0.0,0.0,-0.2101,0.3060872,,,
-0.7466,0.1771,0.811,3.34,0.65,0.857,0.5527,1.0,1.0,-0.6772,-0.606,0.8545,0.0,1.784,-0.5415,2.549,2.723,0.214,0.8086,0.3033,1.221,-0.4456,0.4343,0.3643,2.275,2.12,0.0,0.0,2.207,0.0,2.639,0.905,0.494,0.5396,1.0,1.0,2.0,-0.571,0.2458,0.394,1.0,0.0,0.0,0.0,0.0,0.1493,0.1132439999999999,,,
-0.6753,-0.0741,0.7446,3.357,-0.9053,0.857,0.5527,1.0,1.0,-0.629,-0.568,0.831,0.0,1.784,0.2974,2.316,2.691,-0.05167,0.816,-0.4081,1.085,0.3032,-0.4456,0.4343,2.27,2.137,0.0,0.0,2.219,0.0,2.586,0.592,0.695,-1.003,1.0,0.5,1.5,-0.3623,0.0295,0.1643,0.0,1.0,0.0,0.0,0.0,-0.2747,0.2497959999999999,,,
-0.658,0.0335,0.776,3.373,16.05,0.857,0.5527,1.0,1.0,-0.6475,-0.59,0.849,0.0,1.784,-0.3394,2.057,2.635,0.05667,0.8193,0.3157999999999999,0.905,-0.408,0.3032,-0.4456,2.268,2.154,0.0,0.0,2.232,0.0,2.625,0.576,0.723,0.4785,1.0,1.0,1.5,-0.471,0.10974,0.299,1.0,0.0,0.0,0.0,0.0,0.1328,0.1659579999999999,,,
-0.6924,0.0842,0.7866,3.371,0.605,0.857,0.5527,1.0,1.0,-0.657,-0.594,0.8584,0.0,1.784,-0.799,1.801,2.54,0.10925,0.8193,0.1649999999999999,0.8013,0.3157,-0.408,0.3032,2.28,2.172,0.0,0.0,2.246,0.0,2.646,0.3945,0.862,0.2146,1.0,1.0,1.5,-0.4915,0.1423,0.3591,2.0,0.0,0.0,0.0,0.0,0.05896,-0.09248572,,,
-0.6875,-0.001375,0.759,3.363,-0.4192,0.857,0.5527,1.0,1.0,-0.639,-0.576,0.851,0.0,1.784,-0.519,1.594,2.408,0.01952,0.8193,-0.12435,0.6772,0.1648,0.3157,-0.408,2.281,2.191,0.0,0.0,2.256,0.0,2.63,0.2869,0.932,-0.2306,1.0,0.5,1.0,-0.4036,0.0488,0.2499,0.0,1.0,0.0,0.0,0.0,-0.06305,0.0261087999999999,,,
-0.6924,0.01503,0.7583,3.355,0.3528,0.857,0.5527,1.0,1.0,-0.639,-0.575,0.856,0.0,1.784,-0.606,1.425,2.246,0.02924,0.8193,0.07957,0.4966,-0.1244,0.1648,0.3157,2.28,2.213,0.0,0.0,2.268,0.0,2.64,0.2683,0.9497,0.1521,1.0,0.5,1.0,-0.3994,0.05124,0.2861,1.0,0.0,0.0,0.0,0.0,0.04175,0.0271583999999999,,,
-0.7153,0.1084,0.7812,3.355,1.169,0.857,0.5527,1.0,1.0,-0.656,-0.589,0.87,0.0,1.784,-0.604,1.242,2.055,0.1213,0.8193,0.2551,0.372,0.07947,-0.1244,0.1648,2.29,2.229,0.0,0.0,2.277,0.0,2.672,0.3848,0.8804,0.4468,2.0,1.0,1.5,-0.4749,0.1114,0.4739,2.0,0.0,0.0,0.0,0.0,0.12225,-0.491934,,,
-0.622,-0.28,0.662,3.312,-2.055,0.7144,0.5527,0.0,1.0,-0.5693,-0.515,0.8237,0.0,1.784,0.04294,1.041,1.823,-0.2664,0.8193,-0.8089000000000001,0.165,0.255,0.07947,-0.1244,2.281,2.238,0.0,0.0,2.285,0.0,2.57,-0.2625,1.298,-1.967,1.0,0.5,1.0,-0.0841,-0.2316,-0.374,0.0,1.0,0.0,0.0,0.0,-0.534,0.2913219199999999,,,
-0.622,-0.035,0.7183,3.283,-1.185,0.7144,0.5527,1.0,1.0,-0.607,-0.554,0.852,0.0,1.784,-0.3909,0.8477,1.576,-0.01811,0.8193,0.5074,0.002195,-0.8086,0.255,0.07947,2.285,2.246,0.0,0.0,2.291,0.0,2.63,-0.09705,1.207,0.8623,1.0,0.5,1.0,-0.254,-0.0004208,0.1862,1.0,0.0,0.0,0.0,0.0,0.2402,0.197696,,,
-0.623,0.1384,0.758,3.266,4.133,0.7144,0.5527,1.0,1.0,-0.633,-0.5806,0.874,0.0,1.784,-0.549,0.655,1.34,0.1561,0.8193,0.3802,-0.0007563,0.5073,-0.8086,0.255,2.293,2.256,0.0,0.0,2.297,0.0,2.68,0.0599,1.115,0.8384,2.0,1.0,1.0,-0.3906,0.11755,0.6655,2.0,0.0,0.0,0.0,0.0,0.23,-0.3098867999999998,,,
-0.6455,-0.05353,0.701,3.256,-0.8003,0.7144,0.5527,1.0,1.0,-0.5977,-0.5405,0.854,0.0,1.784,-0.463,0.4949,1.1455,-0.04065,0.8193,-0.3419,-0.04755,0.3801,0.5073,-0.8086,2.291,2.266,0.0,0.0,2.3,0.0,2.635,0.1859,1.007,-0.7817,1.0,0.5,1.0,-0.2234,-0.06067,0.1192,0.0,1.0,0.0,0.0,0.0,-0.2119,-0.160746,,,
-0.637,-0.231,0.643,3.225,-6.69,0.5713,0.5527,0.0,1.0,-0.5576,-0.5005,0.833,0.0,1.784,-0.4683,0.3342,0.9746,-0.2172,0.8193,-0.3683,-0.0766,-0.342,0.3801,0.5073,2.287,2.273,0.0,0.0,2.303,0.0,2.59,-0.1345,1.215,-0.8306,0.0,0.5,0.5,-0.06223,-0.2374,-0.5137,0.0,2.0,0.0,0.0,0.0,-0.2275,0.7525716,,,
-0.6216,0.3206,0.786,3.215,-3.807,0.5713,0.5527,1.0,1.0,-0.6514,-0.5996,0.887,1.0,-0.171,-0.03748,0.2129,0.8086,0.3115,0.8193,1.1876,0.01048,-0.3684,-0.342,0.3801,2.299,2.285,0.0,0.0,2.31,0.0,2.734,0.1552,1.072,4.598,1.0,0.5,0.5,-0.4792,0.2764,1.113,1.0,0.0,0.0,0.0,0.0,1.274,-0.6208440000000003,,,
-0.3882,-0.0655,0.676,3.197,-0.893,0.5713,0.5527,1.0,1.0,-0.56,-0.544,0.8438,0.0,-0.1705,2.168,0.1671,0.6753,-0.1389,0.8193,-0.7465,0.00928,1.187,-0.3684,-0.342,2.295,2.295,0.0,0.0,2.31,0.0,2.639,0.02682,1.122,-4.92,0.0,0.0,0.5,-0.1166,-0.0552,0.01709,0.0,1.0,0.0,0.0,0.0,-1.315,0.3877207999999998,,,
-0.3708,0.2238,0.749,3.19,18.77,0.5713,0.5527,1.0,1.0,-0.607,-0.5957,0.88,0.0,-0.1702,-0.1584,0.1473,0.5664,0.1418,0.8193,0.6396999999999999,0.08075,-0.746,1.187,-0.3684,2.312,2.305,0.0,0.0,2.314,0.0,2.719,0.1371,1.079,2.156,0.0,0.5,0.5,-0.3406,0.2015,0.7876,1.0,0.0,0.0,0.0,0.0,0.5903,0.4108960000000001,,,
-0.4448,0.487,0.8247,3.219,1.056,0.5713,0.5527,1.0,1.0,-0.662,-0.6396,0.887,1.0,-0.171,-0.6587,0.1918,0.4797,0.416,0.8174,0.6554,0.2847,0.6396,-0.746,1.187,2.332,2.316,0.0,0.0,2.322,0.0,2.803,0.483,0.8687,1.6,1.0,0.5,1.0,-0.5386,0.4421,1.113,2.0,0.0,0.0,0.0,0.0,0.4292,-0.379564,,,
-0.4094,0.1498,0.732,3.217,-0.5005,0.5713,0.5527,1.0,1.0,-0.599,-0.581,0.8516,0.0,-0.1705,-0.2014,0.2522,0.4187,0.0829,0.8193,-0.6093000000000001,0.2712,0.655,0.6396,-0.746,2.338,2.324,0.0,0.0,2.328,0.0,2.723,0.1584,1.065,-1.236,1.0,0.0,0.5,-0.2224,0.16,0.4841,0.0,1.0,0.0,0.0,0.0,-0.325,0.16677844,,,
-0.4236,0.1859,0.7383,3.213,0.3003,0.5713,0.5527,1.0,1.0,-0.6045,-0.584,0.859,0.0,-0.1702,-0.844,0.2969,0.366,0.1323,0.8193,0.1276999999999999,0.3018,-0.609,0.655,0.6396,2.35,2.334,0.0,0.0,2.334,0.0,2.738,0.149,1.079,0.1132,1.0,0.5,0.5,-0.2445,0.182,0.5356,1.0,0.0,0.0,0.0,0.0,0.03033,-0.2918097999999999,,,
-0.3684,-0.09247,0.6567,3.195,-0.98,0.4285,0.5527,0.0,1.0,-0.5454,-0.532,0.828,0.0,-0.1697,-0.4983,0.328,0.3242,-0.1389,0.8193,-0.5355,0.303,0.1274,-0.609,0.655,2.36,2.34,0.0,0.0,2.336,0.0,2.67,0.008354,1.149,-1.026,1.0,0.0,0.5,0.02206,-0.04575,-0.006283,0.0,1.0,0.0,1.0,-2.047,-0.274,0.175704,,,
-0.3787,-0.002382,0.6753,3.182,-8.484,0.4285,0.5527,1.0,1.0,-0.5586,-0.5444,0.8403,0.0,-0.1692,-0.6367,0.35,0.288,-0.04175,0.8193,0.2191999999999999,0.2876,-0.5356,0.1274,-0.609,2.355,2.344,0.0,0.0,2.34,0.0,2.697,0.04776,1.134,0.4084,1.0,0.0,0.5,-0.0598,0.03458,0.1742,1.0,0.0,0.0,0.0,0.0,0.1109,-1.9720120000000003,,,
0.0173,-1.142,0.3447,3.078,-14.766,0.2856,0.5527,0.0,1.0,-0.284,-0.3264,0.7007,0.0,-0.1688,2.906,0.3135,0.2151,-1.117,0.809,-2.4299,0.675,0.219,-0.5356,0.1274,2.326,2.34,0.0,0.0,2.328,0.0,2.385,-0.604,1.462,-9.51,0.0,0.0,0.0,1.107,-0.977,-1.282,0.0,1.0,0.0,0.0,0.0,-4.01,-0.1235047999999999,,,
-0.02034,-1.13,0.3271,3.0,0.1221,0.2856,0.5527,0.0,1.0,-0.273,-0.3088,0.6963,0.0,-0.1683,-0.1575,0.2708,0.155,-1.091,0.8013,-0.08456,0.953,-2.428,0.219,-0.5356,2.285,2.336,0.0,0.0,2.32,0.0,2.375,-0.467,1.359,-0.2708,0.0,0.0,0.0,1.036,-0.9453,-1.282,0.0,2.0,0.0,0.0,0.0,-0.0791,-0.3536535999999999,,,
0.0802,-1.287,0.2578,2.889,0.293,0.1428,0.5527,0.0,1.0,-0.2078,-0.2583,0.669,0.0,-0.1678,0.573,0.2917,0.1263,-1.222,0.788,-0.5214,1.287,-0.0846,-2.428,0.219,2.229,2.328,0.0,0.0,2.309,0.0,2.314,-0.707,1.504,-1.86,-1.0,-0.5,-0.5,1.188,-1.083,-1.254,0.0,3.0,0.0,0.0,0.0,-0.545,-0.8989500000000004,,,
0.287,-1.753,0.0967,2.727,0.547,0.0,0.5527,0.0,1.0,-0.05054,-0.1302,0.6016,0.0,-0.1674,1.232,0.5083,0.1892,-1.661,0.769,-1.3179,1.819,-0.521,-0.0846,-2.428,2.164,2.316,0.0,0.0,2.287,0.0,2.164,-1.009,1.653,-5.676,-1.0,-0.5,-1.0,1.739,-1.533,-1.282,0.0,4.0,0.0,0.0,0.0,-1.69,0.374764,,,
0.4304,-1.551,0.1138,2.582,0.00412,-0.1428,0.5527,0.0,1.0,-0.0546,-0.1581,0.6113,0.0,-0.167,1.683,0.89,0.3647,-1.422,0.75,0.1992999999999999,2.174,-1.318,-0.521,-0.0846,2.098,2.303,0.0,0.0,2.27,0.0,2.186,-0.907,1.59,0.867,-1.0,-0.5,-0.5,1.5,-1.303,-1.096,1.0,0.0,0.0,0.0,0.0,0.2693,0.4413599999999998,,,
0.4617,-1.198,0.1753,2.469,-0.123,-0.1428,0.5527,0.0,1.0,-0.1067,-0.217,0.6406,0.0,-0.1665,0.4634,1.305,0.5938,-1.042,0.7363,0.5939,2.365,0.1991,-1.318,-0.521,2.049,2.293,0.0,0.0,2.254,0.0,2.25,-0.695,1.468,2.385,0.0,-0.5,0.0,1.088,-0.9517,-0.8335,2.0,0.0,0.0,0.0,0.0,0.7363,0.2956759999999999,,,
0.3708,-0.723,0.262,2.336,-0.3213,-0.2856,0.5527,0.0,1.0,-0.188,-0.2856,0.681,0.0,-0.166,-0.2783,1.721,0.8457,-0.5654,0.7236,0.8091,2.42,0.5938,0.1991,-1.318,2.008,2.287,0.0,0.0,2.24,0.0,2.342,-0.826,1.602,2.52,1.0,0.0,0.0,0.6626,-0.518,-0.5723,3.0,0.0,1.0,0.0,6.516,0.763,-0.4496899999999999,,,
0.2668,-0.874,0.193,2.215,0.385,-0.4285,0.5527,0.0,1.0,-0.1377,-0.2168,0.654,0.0,-0.1656,0.785,2.19,1.162,-0.6284,0.7026,-0.5319,2.537,0.8086,0.5938,0.1991,1.996,2.277,0.0,0.0,2.229,0.0,2.28,-0.7827,1.543,-1.75,1.0,-0.5,0.0,0.837,-0.7085,-0.6597,0.0,1.0,0.0,0.0,0.0,-0.517,0.2371144,,,
0.229,-0.7,0.2004,2.076,-0.10077,-0.5713,0.5527,0.0,1.0,-0.1472,-0.2203,0.6597,0.0,-0.1652,-0.2888,2.6,1.473,-0.4612,0.69,0.11826,2.607,-0.5317,0.8086,0.5938,1.986,2.268,0.0,0.0,2.215,0.0,2.293,-0.9614,1.677,0.246,2.0,0.0,0.0,0.6953,-0.6245,-0.5825,1.0,0.0,0.0,0.0,0.0,0.0739,0.2647948,,,
0.2766,-0.8706,0.1121,1.892,0.4272,-0.7144,0.5527,0.0,1.0,-0.0654,-0.1438,0.6235,0.0,-0.1647,-0.1875,2.938,1.776,-0.6855,0.6772,-0.7123,2.695,0.1181,-0.5317,0.8086,1.975,2.258,0.0,0.0,2.195,0.0,2.21,-1.301,1.883,-1.459,1.0,-0.5,-0.5,0.9517,-0.8804,-0.6924,0.0,1.0,0.0,0.0,0.0,-0.437,0.0834279999999999,,,
0.2096,-0.645,0.1274,1.735,-0.172,-0.857,0.5527,0.0,1.0,-0.0846,-0.1526,0.633,0.0,-0.1643,-0.843,3.188,2.064,-0.4998,0.6665,0.1838999999999999,2.756,-0.7124,0.1181,-0.5317,1.982,2.246,0.0,0.0,2.178,0.0,2.232,-1.155,1.788,0.534,1.0,0.0,0.0,0.802,-0.7183,-0.598,1.0,0.0,0.0,0.0,0.0,0.1636,0.16457,,,
0.2388,-0.344,0.161,1.584,-0.4373,-1.0,0.5527,0.0,1.0,-0.11206,-0.1857,0.65,0.0,-0.1638,-0.2754,3.299,2.307,-0.2942,0.6616,0.3468,2.787,0.1837,-0.7124,0.1181,1.992,2.238,0.0,0.0,2.166,0.0,2.27,-1.084,1.754,0.6533,1.0,0.5,0.0,0.584,-0.52,-0.4814,2.0,0.0,0.0,0.0,0.0,0.1991,0.4247776000000001,,,
0.201,0.12006,0.2427,1.476,-1.754,-0.857,0.5527,1.0,1.0,-0.1854,-0.2551,0.689,0.0,-0.1633,0.07684,3.281,2.508,0.12274,0.6562,0.7666999999999999,2.652,0.3464,0.1837,-0.7124,2.006,2.23,0.0,0.0,2.15,0.0,2.357,-0.7427,1.549,2.383,2.0,1.0,0.5,0.2573,-0.1296,-0.2708,3.0,0.0,0.0,0.0,0.0,0.718,-0.068508,,,
0.1797,0.467,0.2974,1.375,1.975,-0.857,0.5527,1.0,1.0,-0.2325,-0.3003,0.7163,0.0,-0.163,-0.6597,3.1,2.65,0.4136,0.653,0.5235,2.574,0.7666,0.3464,0.1837,2.014,2.225,0.0,0.0,2.14,0.0,2.418,-0.6553,1.514,1.5205,2.0,1.5,0.5,-0.06683,-0.02357,-0.11774,4.0,0.0,0.0,0.0,0.0,0.4475,-0.113516,,,
-0.0867,0.3325,0.2595,1.354,-0.1288,-0.7144,0.5527,1.0,1.0,-0.2225,-0.2458,0.702,0.0,-0.1625,-0.4119,2.9,2.756,0.3445,0.6465,-0.2636,2.402,0.5234,0.7666,0.3464,2.027,2.217,0.0,0.0,2.127,0.0,2.387,-0.08484,1.093,-0.6387,2.0,1.0,0.5,0.0599,-0.1361,-0.1519,0.0,1.0,0.0,0.0,0.0,-0.1849,0.1829584,,,
-0.1021,0.421,0.2764,1.342,0.3616,-0.5713,0.5527,1.0,1.0,-0.2378,-0.259,0.713,0.0,-0.162,-0.2435,2.586,2.793,0.4458,0.6465,0.1994,2.07,-0.2634,0.5234,0.7666,2.041,2.21,0.0,0.0,2.111,0.0,2.408,0.004295,1.039,0.4365,2.0,1.0,1.0,-0.03433,-0.0725,-0.0452,1.0,0.0,0.0,0.0,0.0,0.1274,0.130508,,,
-0.11707,-0.002766,0.171,1.321,-0.768,-0.4285,0.5527,1.0,1.0,-0.1494,-0.1654,0.6685,0.0,-0.1616,-0.0847,2.193,2.762,0.01692,0.647,-0.8402000000000001,1.809,0.1992,-0.2634,0.5234,2.053,2.201,0.0,0.0,2.094,0.0,2.31,-0.09814,1.069,-1.773,1.0,0.5,1.0,0.2952,-0.4624,-0.2646,0.0,1.0,0.0,0.0,0.0,-0.5146,0.1128909199999999,,,
-0.2532,-0.001072,0.1776,1.348,0.1564,-0.2856,0.5527,1.0,1.0,-0.166,-0.16,0.674,0.0,-0.1611,-0.521,1.788,2.654,0.02711,0.6514,0.1049,1.431,-0.84,0.1992,-0.2634,2.062,2.193,0.0,0.0,2.076,0.0,2.322,0.4028,0.717,0.1827,1.0,1.0,1.5,0.2239,-0.3965,-0.1808,1.0,0.0,0.0,0.0,0.0,0.05444,-0.3393547999999999,,,
-0.3528,-0.3267,0.1011,1.35,-4.203,-0.2856,0.5527,0.0,1.0,-0.10583,-0.0815,0.6416,0.0,-0.1606,-0.4514,1.395,2.469,-0.3257,0.6567,-0.6205,1.1045,0.10474,-0.84,0.1992,2.06,2.184,0.0,0.0,2.059,0.0,2.25,0.10236,0.9,-0.9927,0.0,0.5,1.0,0.465,-0.641,-0.401,0.0,1.0,0.0,0.0,0.0,-0.2947,0.312552,,,
-0.4495,-0.151,0.1404,1.344,-0.6313,-0.2856,0.5527,0.0,1.0,-0.1489,-0.11005,0.6616,0.0,-0.1602,-0.5776,0.987,2.195,-0.1859,0.662,0.3949,0.5005,-0.62,0.10474,-0.84,2.055,2.174,0.0,0.0,2.043,0.0,2.295,0.04538,0.96,0.4993,1.0,1.0,1.0,0.2435,-0.4521,-0.1497,1.0,0.0,0.0,0.0,0.0,0.1511,0.1057696,,,
-0.5083,-0.1266,0.1383,1.314,-0.2421,-0.2856,0.5527,0.0,1.0,-0.1517,-0.1032,0.663,0.0,-0.1598,-0.7417,0.5596,1.918,-0.1693,0.6616,0.02485,0.4636,0.3945,-0.62,0.10474,2.041,2.164,0.0,0.0,2.04,0.0,2.297,-0.2322,1.159,0.02995,1.0,1.0,1.0,0.1864,-0.446,-0.10455,2.0,0.0,0.0,0.0,0.0,0.00896,-0.0802047999999999,,,
-0.603,-0.3008,0.09125,1.292,4.254,-0.2856,0.5527,0.0,1.0,-0.1169,-0.05157,0.644,0.0,-0.1593,-0.5547,0.2676,1.602,-0.3335,0.66,-0.3709,0.4377,0.02475,0.3945,-0.62,2.025,2.154,0.0,0.0,2.035,0.0,2.256,-0.1703,1.097,-0.556,1.0,0.5,1.0,0.3325,-0.571,-0.3518,0.0,1.0,0.0,0.0,0.0,-0.1661,0.3980304000000001,,,
-0.5967,0.2471,0.2212,1.301,-2.533,-0.1428,0.5527,1.0,1.0,-0.2311,-0.1704,0.7046,0.0,-0.1588,0.1477,0.03687,1.262,0.2195,0.662,1.2011,0.4885,-0.3708,0.02475,0.3945,2.023,2.145,0.0,0.0,2.037,0.0,2.39,0.1962,0.8945,2.506,1.0,0.5,1.0,-0.1483,-0.01779,0.5083,1.0,0.0,0.0,0.0,0.0,0.758,0.506796,,,
-0.6196,0.4521,0.2815,1.351,0.8003,0.0,0.5527,1.0,1.0,-0.2834,-0.2207,0.7344,0.0,-0.1584,-0.435,-0.04584,0.942,0.43,0.669,0.5670999999999999,0.5093,1.201,-0.3708,0.02475,2.041,2.14,0.0,0.0,2.05,0.0,2.457,0.638,0.608,1.361,2.0,0.5,1.5,-0.333,0.2145,0.8228,2.0,0.0,1.0,0.0,5.387,0.397,-0.1321679999999999,,,
-0.6045,0.4668,0.2969,1.398,0.1628,0.1428,0.5527,1.0,1.0,-0.295,-0.2351,0.744,0.0,-0.158,-0.536,0.06555,0.665,0.428,0.6787,0.1838,0.5513,0.5664,1.201,-0.3708,2.059,2.133,0.0,0.0,2.062,0.0,2.479,0.641,0.6157,0.39,2.0,1.0,1.5,-0.3762,0.2424,0.831,3.0,0.0,0.0,0.0,0.0,0.11163,0.3540262,,,
-0.6426,0.4866,0.3123,1.441,0.172,0.2856,0.5527,1.0,1.0,-0.3105,-0.2448,0.7544,0.0,-0.1575,-0.739,0.247,0.4282,0.4417,0.6865,0.1827,0.6577,0.1836,0.5664,1.201,2.088,2.125,0.0,0.0,2.072,0.0,2.5,0.6074,0.6494,0.4492,2.0,1.0,1.5,-0.4353,0.2446,0.802,4.0,0.0,0.0,0.0,0.0,0.1279,0.3978799999999999,,,
-0.6587,0.8027,0.3977,1.484,0.728,0.2856,0.5527,1.0,1.0,-0.3796,-0.3135,0.796,0.0,-0.1571,-0.1829,0.4854,0.2732,0.719,0.6978,0.7735,0.9194,0.1825,0.1836,0.5664,2.123,2.121,0.0,0.0,2.084,0.0,2.594,0.62,0.681,2.22,3.0,1.5,1.5,-0.673,0.519,1.013,5.0,0.0,1.0,0.0,3.135,0.629,-0.4623688000000001,,,
-0.5737,0.4575,0.3171,1.491,-0.284,0.2856,0.5527,1.0,1.0,-0.3088,-0.2546,0.762,0.0,-0.1566,0.3213,0.688,0.2798,0.3555,0.7036,-0.6063000000000001,0.9956,0.773,0.1825,0.1836,2.148,2.115,0.0,0.0,2.094,0.0,2.518,0.2083,0.9424,-1.911,2.0,1.0,1.0,-0.3552,0.2233,0.577,0.0,1.0,0.0,0.0,0.0,-0.5283,-0.5831880000000003,,,
-0.471,-0.00972,0.2025,1.479,-0.7935,0.2856,0.5527,1.0,1.0,-0.2051,-0.1643,0.713,0.0,-0.1561,-0.07776,0.7944,0.3442,-0.10675,0.7046,-0.9096,0.983,-0.606,0.773,0.1825,2.168,2.11,0.0,0.0,2.098,0.0,2.408,-0.03079,1.064,-3.014,1.0,1.0,1.0,0.0825,-0.1549,0.07,0.0,2.0,0.0,0.0,0.0,-0.849,0.0882351999999999,,,
-0.4941,-0.0373,0.19,1.457,-0.2783,0.2856,0.5527,1.0,1.0,-0.196,-0.1512,0.71,0.0,-0.1558,-0.559,0.829,0.4236,-0.1276,0.7036,-0.0598999999999999,0.886,-0.909,-0.606,0.773,2.168,2.1,0.0,0.0,2.107,0.0,2.4,-0.1117,1.119,-0.1421,0.0,0.5,0.5,0.0669,-0.2214,0.003435,0.0,3.0,0.0,0.0,0.0,-0.04123,0.1468231999999999,,,
-0.534,0.003378,0.2015,1.468,1.121,0.2856,0.5527,1.0,1.0,-0.2094,-0.1583,0.718,0.0,-0.1553,-0.5547,0.8296,0.505,-0.0788,0.7065,0.1503999999999999,0.7993,-0.05997,-0.909,-0.606,2.164,2.102,0.0,0.0,2.115,0.0,2.418,0.2373,0.878,0.3015,0.0,0.5,1.0,0.006256,-0.1533,0.05157,1.0,0.0,0.0,0.0,0.0,0.0876,0.3606504,,,
-0.4954,0.26,0.2683,1.494,3.37,0.2856,0.5527,1.0,1.0,-0.2627,-0.2197,0.751,0.0,-0.1548,-0.2216,0.847,0.594,0.1627,0.713,0.6285,0.7783,0.1503,-0.05997,-0.909,2.166,2.105,0.0,0.0,2.123,0.0,2.492,0.3833,0.806,2.008,0.0,1.0,1.0,-0.2358,0.1005,0.3735,2.0,0.0,1.0,0.0,2.676,0.5806,1.0784272000000004,,,
-0.4734,0.952,0.4578,1.593,2.3,0.4285,0.5527,1.0,1.0,-0.411,-0.3762,0.841,0.0,-0.1544,0.1904,0.961,0.724,0.829,0.729,1.6671,1.081,0.628,0.1503,-0.05997,2.188,2.115,0.0,0.0,2.139,0.0,2.691,0.963,0.4807,6.766,1.0,1.0,1.5,-0.771,0.7856,1.048,3.0,0.0,1.0,0.0,6.164,1.919,-0.0816176,,,
-0.4136,0.8438,0.454,1.681,0.0213,0.5713,0.5527,1.0,1.0,-0.4033,-0.3784,0.843,0.0,-0.1539,0.11884,1.151,0.8823,0.706,0.7437,0.03358,1.325,1.666,0.628,0.1503,2.201,2.13,0.0,0.0,2.15,0.0,2.695,0.9116,0.5195,0.141,2.0,1.0,1.5,-0.702,0.711,0.864,4.0,0.0,0.0,0.0,0.0,0.038,0.0566294399999999,,,
-0.3662,0.7207,0.4465,1.767,-0.00881,0.7144,0.5527,1.0,1.0,-0.3938,-0.3765,0.843,0.0,-0.1534,-0.1963,1.305,1.014,0.6284,0.752,0.0001,1.513,0.03345,1.666,0.628,2.223,2.145,0.0,0.0,2.162,0.0,2.695,0.9077,0.522,0.0,2.0,0.5,1.0,-0.6445,0.612,0.7246,0.0,0.0,0.0,0.0,0.0,0.0,-0.0603683999999999,,,
-0.3796,0.6025,0.4429,1.866,-0.02412,0.857,0.5527,1.0,1.0,-0.392,-0.3723,0.8447,0.0,-0.1531,-0.785,1.414,1.138,0.557,0.761,0.03355,1.673,0.0,0.03345,1.666,2.256,2.158,0.0,0.0,2.176,0.0,2.7,1.075,0.4043,0.09155,2.0,0.5,1.5,-0.6416,0.4954,0.6333,1.0,0.0,0.0,0.0,0.0,0.02466,0.1474639999999999,,,
-0.439,0.5957,0.4575,1.934,0.12274,0.857,0.5527,1.0,1.0,-0.408,-0.379,0.855,0.0,-0.1526,-0.5513,1.489,1.253,0.567,0.77,0.1838,1.771,0.03342,0.0,0.03345,2.295,2.168,0.0,0.0,2.191,0.0,2.723,0.9185,0.5264,0.3865,2.0,0.5,1.5,-0.666,0.482,0.6094,2.0,0.0,0.0,0.0,0.0,0.104,-0.063975988,,,
-0.4094,0.279,0.3877,1.966,-0.3667,0.857,0.5527,1.0,1.0,-0.352,-0.3262,0.826,0.0,-0.1521,-0.4976,1.544,1.3545,0.256,0.7764,-0.5039,1.776,0.1836,0.03342,0.0,2.322,2.18,0.0,0.0,2.207,0.0,2.658,0.526,0.7783,-1.426,1.0,0.5,1.0,-0.3916,0.2286,0.3694,0.0,1.0,0.0,0.0,0.0,-0.3813,-0.4578268000000002,,,
-0.2524,-0.0657,0.3042,1.972,-0.8887,0.857,0.5527,1.0,1.0,-0.2727,-0.2703,0.791,0.0,-0.1516,1.11,1.59,1.442,-0.097,0.7812,-0.6299,1.628,-0.5034,0.1836,0.03342,2.332,2.188,0.0,0.0,2.22,0.0,2.578,0.1968,0.9785,-2.273,0.0,0.5,0.5,-0.08057,-0.04776,0.1021,0.0,2.0,0.0,0.0,0.0,-0.6177,0.5386160000000001,,,
-0.2471,0.2646,0.3896,1.995,18.77,0.857,0.5527,1.0,1.0,-0.3406,-0.341,0.834,0.0,-0.1512,-0.4092,1.617,1.514,0.2428,0.785,0.7804,1.554,-0.6294,-0.5034,0.1836,2.332,2.201,0.0,0.0,2.236,0.0,2.674,0.361,0.9033,2.033,1.0,1.0,0.5,-0.37,0.2544,0.3584,1.0,0.0,0.0,0.0,0.0,0.564,-0.7319880000000002,,,
-0.1769,-0.2247,0.2605,1.959,-1.378,0.7144,0.5527,0.0,1.0,-0.2307,-0.2394,0.7773,0.0,-0.1508,0.2788,1.626,1.535,-0.2505,0.785,-1.0019,1.393,0.78,-0.6294,-0.5034,2.314,2.209,0.0,0.0,2.246,0.0,2.549,-0.1971,1.246,-2.938,0.0,0.5,0.0,0.0919,-0.1821,-0.0904,0.0,1.0,0.0,0.0,0.0,-0.7954,-0.4552119999999999,,,
-0.1257,-0.7427,0.1216,1.908,3.99,0.5713,0.5527,0.0,1.0,-0.1062,-0.11945,0.7153,0.0,-0.1503,-0.4033,1.576,1.493,-0.7593,0.7817,-1.1269,1.184,-1.002,0.78,-0.6294,2.281,2.215,0.0,0.0,2.254,0.0,2.41,-0.335,1.284,-3.785,-1.0,0.0,0.0,0.571,-0.6523,-0.658,0.0,2.0,0.0,1.0,-6.22,-1.058,0.1140119999999999,,,
-0.1967,-0.6787,0.1328,1.893,0.03027,0.4285,0.5527,0.0,1.0,-0.1219,-0.1239,0.7236,0.0,-0.1499,-0.3247,1.47,1.416,-0.699,0.7827,0.1498999999999999,1.145,-1.127,-1.002,0.78,2.25,2.217,0.0,0.0,2.256,0.0,2.428,-0.03506,1.078,0.4375,0.0,0.0,0.5,0.4675,-0.5337,-0.6084,1.0,0.0,0.0,0.0,0.0,0.1267,-0.0701835999999999,,,
-0.1669,-0.7783,0.1033,1.873,0.3118,0.2856,0.5527,0.0,1.0,-0.09296,-0.09894,0.7124,0.0,-0.1494,-0.3037,1.277,1.326,-0.805,0.7837,-0.2086,1.184,0.1498,-1.127,-1.002,2.21,2.217,0.0,0.0,2.254,0.0,2.402,-0.0804,1.1,-0.4514,0.0,-0.5,0.5,0.5215,-0.581,-0.684,0.0,1.0,0.0,0.0,0.0,-0.1301,-1.171228,,,
0.0237,-1.457,-0.0772,1.803,1.174,0.1428,0.5527,0.0,1.0,0.09503,0.0634,0.6304,0.0,-0.1489,0.5537,0.9727,1.214,-1.451,0.7744,-1.5609,1.48,-0.2086,0.1498,-1.127,2.16,2.21,0.0,0.0,2.242,0.0,2.219,-0.505,1.321,-5.81,-1.0,-0.5,0.0,1.21,-1.185,-1.175,0.0,2.0,0.0,1.0,-6.46,-1.686,0.26322,,,
0.1842,-2.016,-0.2407,1.669,0.567,0.0,0.545,0.0,0.0,0.2808,0.2284,0.555,0.0,-0.1486,1.383,0.624,1.081,-1.984,0.7583,-1.4959,2.025,-1.561,-0.2086,0.1498,2.1,2.201,0.0,0.0,2.225,0.0,2.053,-0.936,1.556,-5.668,-1.0,-1.0,-0.5,1.776,-1.789,-1.282,0.0,3.0,0.0,0.0,0.0,-1.7295,0.6626199999999999,,,
0.1686,-1.333,-0.113,1.515,-0.2439,-0.1428,0.545,0.0,1.0,0.143,0.0889,0.6167,0.0,-0.1481,1.841,0.59,0.986,-1.223,0.732,1.2841,2.219,-1.495,-1.561,-0.2086,2.041,2.2,0.0,0.0,2.207,0.0,2.188,-1.116,1.744,5.53,0.0,-1.0,-0.5,1.127,-0.9883,-0.866,1.0,0.0,0.0,0.0,0.0,1.7705,-0.8047879999999998,,,
0.223,-1.618,-0.2213,1.331,0.3777,-0.2856,0.5366,0.0,0.0,0.2625,0.2031,0.5674,0.0,-0.1476,0.33,0.9346,0.962,-1.488,0.71,-0.9929,2.531,1.284,-1.495,-1.561,1.987,2.191,0.0,0.0,2.19,0.0,2.078,-1.235,1.781,-3.06,-1.0,-1.0,-1.0,1.533,-1.287,-0.9873,0.0,1.0,0.0,0.0,0.0,-0.942,0.4012751999999999,,,
0.4749,-2.264,-0.4216,1.094,0.581,-0.4285,0.5283,0.0,0.0,0.5166,0.4236,0.474,0.0,-0.1472,1.749,1.531,1.0625,-2.12,0.6826,-1.9319,3.105,-0.9927,1.284,-1.495,1.924,2.182,0.0,0.0,2.168,0.0,1.87,-1.391,1.801,-7.785,-1.0,-1.0,-1.0,2.426,-1.965,-1.19,0.0,2.0,0.0,0.0,0.0,-2.473,0.54716,,,
0.5547,-1.396,-0.2666,0.898,-0.2908,-0.5713,0.5205,0.0,0.0,0.3394,0.2278,0.548,0.0,-0.1467,1.57,2.225,1.298,-1.207,0.6562,1.6291,3.342,-1.931,-0.9927,1.284,1.878,2.174,0.0,0.0,2.152,0.0,2.035,-1.029,1.615,7.01,0.0,-1.0,-1.0,1.574,-0.963,-0.8037,1.0,0.0,0.0,0.0,0.0,2.37,0.4759400000000001,,,
0.5444,-0.8057,-0.1736,0.7227,-0.347,-0.7144,0.5205,0.0,1.0,0.2365,0.1233,0.593,0.0,-0.1462,-0.053,2.809,1.584,-0.66,0.643,0.9451,3.459,1.628,-1.931,-0.9927,1.847,2.17,0.0,0.0,2.14,0.0,2.135,-0.882,1.554,3.082,1.0,-0.5,-1.0,1.075,-0.4277,-0.5884,2.0,0.0,0.0,0.0,0.0,0.9907,-0.0652908,,,
0.524,-0.638,-0.1732,0.5654,-0.1134,-0.857,0.5205,0.0,1.0,0.2345,0.12463,0.594,0.0,-0.1459,-0.3137,3.299,1.907,-0.5215,0.6294,0.03242,3.547,0.9443,1.628,-1.931,1.837,2.166,0.0,0.0,2.127,0.0,2.139,-0.818,1.51,0.0856,1.0,0.0,-0.5,0.9663,-0.3862,-0.543,3.0,0.0,0.0,0.0,0.0,0.02673,0.6685248000000001,,,
0.4065,0.1794,-0.014435,0.476,-1.436,-0.857,0.5205,1.0,1.0,0.0636,-0.03226,0.6704,0.0,-0.1454,1.051,3.686,2.248,0.326,0.6177,1.5561,3.426,0.0323,0.9443,1.628,1.867,2.164,0.0,0.0,2.11,0.0,2.307,-0.4487,1.321,7.1,2.0,0.0,0.0,0.311,0.3303,-0.2292,4.0,0.0,0.0,0.0,0.0,2.215,0.8411707999999999,,,
0.4531,0.8735,0.1177,0.3972,2.977,-0.857,0.5205,1.0,1.0,-0.0563,-0.1636,0.735,0.0,-0.1449,1.3,3.887,2.525,0.9575,0.6167,1.2501,3.285,1.555,0.0323,0.9443,1.898,2.164,0.0,0.0,2.1,0.0,2.451,-0.3782,1.334,7.254,3.0,0.5,0.0,-0.1647,0.8086,0.04462,5.0,0.0,0.0,0.0,0.0,2.158,0.066296,,,
0.4211,1.2,0.1826,0.3728,0.4993,-0.7144,0.5205,1.0,1.0,-0.11633,-0.2202,0.7676,0.0,-0.1444,0.521,3.895,2.717,1.2,0.624,0.6161,3.158,1.249,1.555,0.0323,1.951,2.166,0.0,0.0,2.094,0.0,2.523,-0.12256,1.184,3.844,3.0,1.0,0.5,-0.3772,0.956,0.2012,5.92,0.0,0.0,0.0,0.0,1.101,0.3384508,,,
0.413,1.621,0.2861,0.4167,0.4846,-0.5713,0.5205,1.0,1.0,-0.2047,-0.31,0.8193,0.0,-0.144,0.8887,3.752,2.824,1.601,0.633,0.9474,3.104,0.6157,1.249,1.555,2.041,2.17,0.0,0.0,2.092,0.0,2.639,0.2166,0.992,4.766,3.0,1.5,1.0,-0.6274,1.274,0.4272,5.92,0.0,0.0,0.0,0.0,1.339,-0.434412,,,
0.434,1.399,0.2452,0.4463,-0.005997,-0.4285,0.5205,1.0,1.0,-0.169,-0.2766,0.8027,0.0,-0.1436,-0.3445,3.445,2.861,1.369,0.6396,-0.2992,2.99,0.947,0.6157,1.249,2.107,2.17,0.0,0.0,2.086,0.0,2.6,0.1398,1.03,-1.16,2.0,1.0,0.5,-0.4111,1.063,0.3835,0.0,1.0,0.0,0.0,0.0,-0.3164,-0.1367872,,,
0.4316,1.314,0.2357,0.4814,0.0724,-0.2856,0.5205,1.0,1.0,-0.1611,-0.268,0.801,0.0,-0.1431,-0.408,2.953,2.84,1.287,0.6455,-0.03408,2.938,-0.299,0.947,0.6157,2.162,2.172,0.0,0.0,2.084,0.0,2.596,0.1702,1.007,-0.119,1.0,1.0,0.5,-0.394,0.8887,0.388,0.0,2.0,0.0,0.0,0.0,-0.03278,0.2613847999999998,,,
0.3022,1.449,0.2927,0.586,0.2366,-0.1428,0.5205,1.0,1.0,-0.219,-0.3064,0.8306,0.0,-0.1427,-0.6685,2.344,2.756,1.478,0.6543,0.5361,3.016,-0.03418,-0.299,0.947,2.225,2.18,0.0,0.0,2.088,0.0,2.662,0.5527,0.763,1.69,1.0,1.5,1.0,-0.572,0.974,0.4963,1.0,0.0,0.0,0.0,0.0,0.466,0.4429879999999999,,,
0.1798,1.739,0.4065,0.7715,0.3357,0.0,0.5205,1.0,1.0,-0.3196,-0.39,0.887,1.0,-0.171,-0.1121,1.71,2.605,1.837,0.671,1.0101,3.156,0.536,-0.03418,-0.299,2.281,2.191,0.0,0.0,2.092,0.0,2.79,1.009,0.4934,3.547,1.0,1.5,1.5,-0.8716,1.258,0.6973,2.0,0.0,1.0,0.0,4.44,0.9614,-0.3180479999999999,,,
0.07196,1.223,0.3232,0.898,-0.1702,0.1428,0.5205,1.0,1.0,-0.2622,-0.313,0.85,0.0,-0.1705,-0.361,1.314,2.416,1.308,0.689,-0.6359,3.29,1.01,0.536,-0.03418,2.31,2.2,0.0,0.0,2.1,0.0,2.705,0.7124,0.669,-2.037,0.0,1.0,1.0,-0.5327,0.8867,0.508,0.0,1.0,0.0,0.0,0.0,-0.5356,-0.022096,,,
0.0333,1.008,0.3145,1.054,-0.0425,0.2856,0.5205,1.0,1.0,-0.258,-0.3025,0.8486,0.0,-0.1702,-0.416,1.25,2.22,1.146,0.7036,-0.02764,3.45,-0.636,1.01,0.536,2.332,2.205,0.0,0.0,2.111,0.0,2.701,0.957,0.493,-0.0874,0.0,0.5,1.0,-0.528,0.7085,0.4512,0.0,2.0,0.0,0.0,0.0,-0.02344,-0.3043244,,,
-0.01303,0.6113,0.275,1.26,-0.2556,0.4285,0.5205,1.0,1.0,-0.2295,-0.2654,0.832,0.0,-0.1697,0.3875,1.646,2.031,0.7593,0.7275,-0.2887,3.562,-0.02774,-0.636,1.01,2.336,2.205,0.0,0.0,2.121,0.0,2.664,1.445,0.1282,-1.197,0.0,0.0,1.0,-0.4004,0.4675,0.3545,0.0,3.0,0.0,0.0,0.0,-0.3215,-0.0725932,,,
-0.0588,0.673,0.3337,1.438,0.2283,0.5713,0.5205,1.0,1.0,-0.281,-0.3108,0.8623,0.0,-0.1692,0.845,2.256,1.899,0.786,0.7534,0.5381,3.717,-0.2886,-0.02774,-0.636,2.352,2.207,0.0,0.0,2.135,0.0,2.732,1.386,0.2003,2.006,0.0,0.0,1.0,-0.569,0.6104,0.4197,1.0,0.0,0.0,0.0,0.0,0.5435,-0.1284196,,,
-0.0753,0.391,0.3015,1.579,-0.266,0.7144,0.5205,1.0,1.0,-0.2563,-0.2827,0.8496,0.0,-0.1688,-0.333,2.816,1.881,0.518,0.7705,-0.2204,3.775,0.5376,-0.2886,-0.02774,2.363,2.207,0.0,0.0,2.156,0.0,2.703,1.206,0.3164,-0.7085,-1.0,-0.5,0.5,-0.4106,0.464,0.3286,0.0,1.0,0.0,0.0,0.0,-0.1887,0.1771915999999999,,,
-0.06082,0.83,0.4512,1.763,1.127,0.857,0.5205,1.0,1.0,-0.373,-0.4053,0.887,1.0,-0.171,0.147,3.33,2.043,0.9746,0.757,1.3101,3.803,-0.2203,0.5376,-0.2886,2.389,2.21,0.0,0.0,2.19,0.0,2.87,1.333,0.299,7.3,0.0,-0.5,0.5,-0.8506,0.908,0.524,1.0,0.0,0.0,0.0,0.0,1.958,-0.1124531199999999,,,
-0.1259,0.52,0.4075,1.89,-0.23,0.857,0.5205,1.0,1.0,-0.3447,-0.3655,0.8696,0.0,-0.1705,-0.2388,3.75,2.375,0.6235,0.778,-0.3039,3.842,1.31,-0.2203,0.5376,2.395,2.215,0.0,0.0,2.217,0.0,2.83,1.059,0.4768,-1.31,0.0,-0.5,0.0,-0.684,0.6494,0.4045,0.0,1.0,0.0,0.0,0.0,-0.3374,-0.1451624,,,
-0.2603,0.3984,0.3984,1.976,-0.08325,0.857,0.5205,1.0,1.0,-0.3486,-0.3472,0.8677,0.0,-0.1702,-0.6304,4.082,2.78,0.444,0.796,-0.02682,3.707,-0.3037,1.31,-0.2203,2.408,2.22,0.0,0.0,2.248,0.0,2.826,0.8735,0.6074,-0.08124,0.0,-0.5,-0.5,-0.63,0.5327,0.3545,0.0,2.0,0.0,0.0,0.0,-0.02113,0.5861200000000001,,,
-0.311,0.871,0.5396,2.082,1.187,0.857,0.5205,1.0,1.0,-0.4583,-0.452,0.887,1.0,-0.171,0.2473,4.363,3.205,0.879,0.767,1.2071,3.268,-0.0269,-0.3037,1.31,2.441,2.232,0.0,0.0,2.295,0.0,2.982,0.9824,0.599,5.38,0.0,-0.5,-0.5,-0.9946,0.941,0.5913,1.0,0.0,0.0,0.0,0.0,1.4,-0.2194616,,,
-0.3757,0.6123,0.4907,2.145,-0.1572,0.857,0.5205,1.0,1.0,-0.4277,-0.4097,0.8677,0.0,-0.1705,-0.2446,4.562,3.578,0.586,0.7803,-0.3322,2.896,1.206,-0.0269,-0.3037,2.473,2.238,0.0,0.0,2.332,0.0,2.938,0.668,0.804,-1.379,0.0,-1.0,-1.0,-0.7686,0.708,0.486,0.0,1.0,0.0,0.0,0.0,-0.346,-0.4046508000000001,,,
-0.2693,0.2,0.4011,2.195,-0.502,0.857,0.5205,1.0,1.0,-0.351,-0.3484,0.829,0.0,-0.1702,0.605,4.633,3.871,0.169,0.789,-0.6713,2.479,-0.332,1.206,-0.0269,2.486,2.248,0.0,0.0,2.363,0.0,2.848,0.4988,0.885,-2.666,-1.0,-1.0,-1.0,-0.3997,0.3914,0.2822,0.0,2.0,0.0,0.0,0.0,-0.6763,0.1064999999999999,,,
-0.2732,0.263,0.4307,2.258,0.3728,0.857,0.5205,1.0,1.0,-0.3743,-0.3716,0.845,0.0,-0.1697,-0.3657,4.555,4.07,0.2452,0.7964,0.2894,1.912,-0.6714,-0.332,1.206,2.508,2.262,0.0,0.0,2.395,0.0,2.885,0.574,0.8477,0.854,0.0,-0.5,-0.5,-0.4756,0.444,0.373,1.0,0.0,0.0,0.0,0.0,0.2212,0.014232,,,
-0.2429,0.213,0.4282,2.3,-0.02148,0.857,0.5205,1.0,1.0,-0.3699,-0.372,0.8467,0.0,-0.1692,-0.1465,4.344,4.164,0.201,0.8027,0.02665,1.537,0.2893,-0.6714,-0.332,2.512,2.273,0.0,0.0,2.418,0.0,2.889,0.4683,0.925,0.07935,1.0,0.0,-0.5,-0.48,0.3477,0.375,2.0,0.0,0.0,0.0,0.0,0.02037,-0.4079480000000001,,,
-0.2615,-0.02094,0.3682,2.295,-0.716,0.857,0.5205,1.0,1.0,-0.3247,-0.3225,0.822,0.0,-0.1688,-0.3743,4.035,4.17,-0.04303,0.8057,-0.4457,1.291,0.02654,0.2893,-0.6714,2.512,2.287,0.0,0.0,2.434,0.0,2.828,0.02284,1.217,-1.683,0.0,-0.5,-1.0,-0.2666,0.10455,0.1489,0.0,1.0,0.0,0.0,0.0,-0.4314,-0.181942196,,,
-0.2013,-0.2852,0.302,2.295,-4.543,0.7144,0.5205,0.0,1.0,-0.2668,-0.2727,0.793,0.0,-0.1683,-0.1405,3.64,4.105,-0.2922,0.806,-0.5059,1.097,-0.4456,0.02654,0.2893,2.504,2.303,0.0,0.0,2.445,0.0,2.762,0.0689,1.154,-1.718,0.0,-0.5,-1.0,-0.01385,-0.10815,-0.1445,0.0,2.0,0.0,1.0,-3.338,-0.4468,0.3426576000000001,,,
-0.2181,-0.1235,0.3447,2.31,-0.7144,0.5713,0.5205,0.0,1.0,-0.3027,-0.307,0.8154,0.0,-0.1678,-0.4324,3.14,3.99,-0.12024,0.808,0.3993,1.032,-0.5054,-0.4456,0.02654,2.484,2.324,0.0,0.0,2.451,0.0,2.814,0.1996,1.084,0.827,1.0,-0.5,-0.5,-0.1597,0.05472,0.03616,1.0,0.0,0.0,0.0,0.0,0.2186,0.0689728,,,
-0.2527,0.2136,0.4402,2.363,-8.414,0.5713,0.5205,1.0,1.0,-0.38,-0.3809,0.862,0.0,-0.1674,0.1487,2.678,3.83,0.2096,0.8164,0.8371,0.9653,0.399,-0.5054,-0.4456,2.482,2.344,0.0,0.0,2.465,0.0,2.922,0.5186,0.9043,3.537,1.0,0.0,0.0,-0.4463,0.3835,0.458,2.0,0.0,0.0,0.0,0.0,0.9233,-0.6320136000000001,,,
-0.2727,-0.2808,0.3171,2.365,-1.657,0.4285,0.5205,0.0,1.0,-0.285,-0.2795,0.807,0.0,-0.167,-0.0741,2.275,3.61,-0.3086,0.8193,-0.9579,0.7944,0.8364,0.399,-0.5054,2.477,2.365,0.0,0.0,2.475,0.0,2.795,0.04977,1.183,-3.598,0.0,0.0,-0.5,0.02182,-0.02144,-0.1675,0.0,1.0,0.0,0.0,0.0,-0.915,-1.24344,,,
-0.05414,-1.179,0.0818,2.309,4.95,0.2856,0.5205,0.0,1.0,-0.0643,-0.088,0.6987,0.0,-0.1665,1.265,1.796,3.3,-1.194,0.817,-1.9419,0.9756,-0.9575,0.8364,0.399,2.438,2.383,0.0,0.0,2.469,0.0,2.541,-0.379,1.378,-9.234,0.0,-0.5,-0.5,0.8926,-0.842,-1.258,0.0,2.0,0.0,1.0,-7.91,-2.42,0.3738,,,
-0.10394,-0.3396,0.2783,2.264,-0.6836,0.1428,0.5205,0.0,1.0,-0.2396,-0.2605,0.7925,0.0,-0.166,0.06635,1.325,2.951,-0.3677,0.814,1.7851,0.9805,-1.941,-0.9575,0.8364,2.422,2.404,0.0,0.0,2.469,0.0,2.76,-0.2788,1.402,5.95,1.0,0.0,-0.5,0.1733,0.04254,-0.2834,1.0,0.0,0.0,0.0,0.0,1.661,-0.8613040000000001,,,
0.1456,-1.066,0.07806,2.17,3.14,0.0,0.5205,0.0,1.0,-0.04477,-0.1009,0.7007,0.0,-0.1656,1.929,0.887,2.564,-1.096,0.8066,-1.6569,1.163,1.784,-1.941,-0.9575,2.389,2.416,0.0,0.0,2.46,0.0,2.545,-0.519,1.4795,-7.066,0.0,0.0,-0.5,0.97,-0.5825,-1.082,0.0,1.0,0.0,0.0,0.0,-1.868,-0.6591760000000001,,,
0.2379,-1.34,-0.01469,2.053,0.429,-0.1428,0.5205,0.0,1.0,0.05035,-0.01807,0.659,0.0,-0.1652,0.01732,0.5146,2.117,-1.361,0.795,-0.7963,1.479,-1.657,1.784,-1.941,2.352,2.424,0.0,0.0,2.451,0.0,2.447,-0.626,1.513,-3.059,-1.0,-0.5,-0.5,1.232,-0.891,-1.22,0.0,2.0,0.0,0.0,0.0,-0.853,-0.10505088,,,
0.1957,-0.8184,0.08185,1.919,-0.309,-0.2856,0.5205,0.0,1.0,-0.04425,-0.10864,0.706,0.0,-0.1647,0.5024,0.3506,1.687,-0.8574,0.783,0.9171,1.571,-0.796,-1.657,1.784,2.322,2.432,0.0,0.0,2.447,0.0,2.557,-0.715,1.624,2.592,0.0,-0.5,-0.5,0.7827,-0.3792,-0.8037,1.0,0.0,0.0,0.0,0.0,0.741,-1.173572,,,
0.39,-1.405,-0.097,1.746,0.985,-0.4285,0.5205,0.0,1.0,0.1444,0.0538,0.6235,0.0,-0.1643,1.117,0.562,1.329,-1.403,0.7617,-1.5639,1.953,0.9165,-0.796,-1.657,2.256,2.43,0.0,0.0,2.432,0.0,2.363,-0.855,1.64,-7.613,0.0,-0.5,-0.5,1.477,-0.9756,-1.175,0.0,1.0,0.0,0.0,0.0,-2.117,0.5399,,,
0.278,-1.007,-0.03026,1.619,-0.1885,-0.5713,0.5205,0.0,1.0,0.0688,-0.005707,0.6567,0.0,-0.1638,-0.1819,0.911,1.035,-1.008,0.749,0.6591,2.15,-1.563,0.9165,-0.796,2.215,2.428,0.0,0.0,2.422,0.0,2.441,-0.636,1.518,1.564,0.0,0.0,0.0,1.1045,-0.563,-0.8706,1.0,0.0,0.0,0.0,0.0,0.4575,0.64591312,,,
0.3486,-0.4875,0.0673,1.509,-0.4663,-0.7144,0.5205,0.0,1.0,-0.01862,-0.1075,0.7046,0.0,-0.1633,1.264,1.271,0.8804,-0.4973,0.7393,0.9361,2.18,0.6587,-1.563,0.9165,2.217,2.426,0.0,0.0,2.408,0.0,2.553,-0.5186,1.482,2.518,1.0,0.0,0.0,0.6885,-0.055,-0.5435,2.0,0.0,0.0,0.0,0.0,0.721,-0.4034471999999999,,,
0.4358,-0.723,-0.01793,1.377,0.7534,-0.857,0.5205,0.0,1.0,0.06934,-0.03116,0.666,0.0,-0.163,0.4932,1.614,0.8906,-0.7563,0.7295,-0.7309,2.285,0.936,0.6587,-1.563,2.182,2.422,0.0,0.0,2.393,0.0,2.463,-0.612,1.51,-2.084,1.0,-0.5,-0.5,0.99,-0.321,-0.7007,0.0,1.0,0.0,0.0,0.0,-0.5796,-0.0414208,,,
0.578,-1.131,-0.1464,1.225,0.8125,-1.0,0.5205,0.0,1.0,0.2106,0.09094,0.607,0.0,-0.1625,0.251,1.983,1.061,-1.158,0.7144,-1.1479,2.514,-0.731,0.936,0.6587,2.156,2.414,0.0,0.0,2.373,0.0,2.324,-0.6816,1.499,-3.91,0.0,-0.5,-0.5,1.48,-0.7305,-0.9097,0.0,2.0,0.0,0.0,0.0,-1.113,0.1067759999999999,,,
0.591,-0.838,-0.1058,1.103,-0.1653,-1.0,0.5205,0.0,1.0,0.1694,0.04648,0.6274,0.0,-0.162,0.406,2.299,1.291,-0.896,0.7056,0.4155999999999999,2.49,-1.148,-0.731,0.936,2.148,2.406,0.0,0.0,2.348,0.0,2.373,-0.5522,1.428,1.007,1.0,0.0,0.0,1.205,-0.4548,-0.7393,1.0,0.0,0.0,0.0,0.0,0.2974,0.9154920000000004,,,
0.58,-0.2502,0.004673,0.9995,-0.6963,-1.0,0.5205,0.0,1.0,0.05905,-0.0656,0.6816,0.0,-0.1616,-0.1758,2.535,1.516,-0.3508,0.6997,1.0741,2.365,0.4153,-1.148,-0.731,2.14,2.398,0.0,0.0,2.33,0.0,2.498,-0.4502,1.41,2.482,1.0,0.0,0.0,0.6924,0.06433,-0.4197,2.0,0.0,0.0,0.0,0.0,0.724,0.1198783999999999,,,
0.529,-0.09045,0.01058,0.869,-0.8774,-1.143,0.5205,0.0,1.0,0.04926,-0.0672,0.686,0.0,-0.1611,-0.1055,2.713,1.76,-0.1841,0.686,0.0876,2.291,1.073,0.4153,-1.148,2.158,2.393,0.0,0.0,2.316,0.0,2.508,-0.5884,1.514,0.1866,1.0,0.5,0.0,0.587,0.06915,-0.3616,3.0,0.0,0.0,0.0,0.0,0.05267,0.5054192000000001,,,
0.4636,0.3835,0.1008,0.801,-14.766,-1.0,0.5205,1.0,1.0,-0.04022,-0.1487,0.7305,0.0,-0.1606,-0.1711,2.775,1.981,0.3125,0.6772,0.8613999999999999,2.137,0.0875,1.073,0.4153,2.178,2.39,0.0,0.0,2.305,0.0,2.611,-0.3115,1.362,1.797,2.0,1.0,0.5,0.1626,0.3625,-0.07574,4.0,0.0,0.0,0.0,0.0,0.5054,-0.1379295999999999,,,
0.3499,0.2664,0.0729,0.795,-0.1359,-0.857,0.5205,1.0,1.0,-0.02367,-0.11285,0.7197,0.0,-0.1602,-0.2646,2.744,2.152,0.2449,0.674,-0.204,1.948,0.8613,0.0875,1.073,2.184,2.389,0.0,0.0,2.293,0.0,2.586,-0.02667,1.147,-0.3247,2.0,0.5,0.5,0.186,0.1764,-0.1018,0.0,1.0,0.0,0.0,0.0,-0.0889,0.09165984,,,
0.2109,0.5283,0.119,0.7437,0.9385,-0.7144,0.5205,1.0,1.0,-0.0769,-0.1449,0.744,0.0,-0.1598,-0.4976,2.607,2.285,0.518,0.669,0.4564,1.817,-0.204,0.8613,0.0875,2.205,2.387,0.0,0.0,2.285,0.0,2.643,-0.27,1.346,0.8486,2.0,1.0,0.5,-0.0501,0.2808,0.0878,1.0,0.0,0.0,0.0,0.0,0.234,0.3605679999999998,,,
0.02174,0.7593,0.1764,0.769,0.538,-0.5713,0.5205,1.0,1.0,-0.143,-0.1818,0.774,0.0,-0.1593,-0.392,2.37,2.37,0.7993,0.669,0.5567,1.782,0.456,-0.204,0.8613,2.25,2.387,0.0,0.0,2.283,0.0,2.713,0.2013,1.04,1.294,2.0,1.0,1.0,-0.2544,0.4624,0.302,2.0,0.0,0.0,0.0,0.0,0.3518,-1.185874,,,
0.2078,-0.146,-0.02768,0.7637,-1.018,-0.5713,0.5205,0.0,1.0,0.06058,-0.0025,0.679,0.0,-0.1588,0.09735,2.057,2.39,-0.1102,0.6714,-1.7299,1.644,0.5566,0.456,-0.204,2.264,2.377,0.0,0.0,2.27,0.0,2.492,-0.01994,1.102,-7.78,1.0,0.5,1.0,0.5522,-0.2598,-0.3098,0.0,1.0,0.0,1.0,-6.285,-2.08,-1.842584,,,
0.42,-1.069,-0.2563,0.662,15.4,-0.5713,0.512,0.0,0.0,0.317,0.2269,0.5723,0.0,-0.1584,1.407,1.764,2.379,-0.997,0.6587,-2.0679,1.491,-1.7295,0.5566,0.456,2.234,2.361,0.0,0.0,2.242,0.0,2.242,-0.541,1.363,-9.51,0.0,0.5,0.5,1.47,-1.124,-1.045,0.0,2.0,0.0,1.0,-7.91,-3.248,-0.1686384,,,
0.309,-1.063,-0.2654,0.6143,0.127,-0.5713,0.504,0.0,0.0,0.3184,0.2467,0.5693,0.0,-0.158,-0.1766,1.573,2.303,-0.9727,0.653,-0.0623699999999999,1.475,-2.068,-1.7295,0.5566,2.203,2.344,0.0,0.0,2.219,0.0,2.234,-0.3015,1.189,-0.2161,0.0,0.5,0.5,1.356,-1.066,-0.983,0.0,3.0,0.0,0.0,0.0,-0.06525,-0.4683240000000001,,,
0.3604,-1.253,-0.3257,0.528,0.339,-0.5713,0.4958,0.0,0.0,0.3918,0.314,0.542,0.0,-0.1575,0.2031,1.415,2.203,-1.172,0.646,-0.5699,1.724,-0.06247,-2.068,-1.7295,2.15,2.322,0.0,0.0,2.203,0.0,2.17,-0.5356,1.328,-1.503,-1.0,0.0,0.0,1.488,-1.234,-1.026,0.0,4.0,0.0,0.0,0.0,-0.4548,-0.7612000000000003,,,
0.38,-1.546,-0.4202,0.3855,0.401,-0.5713,0.4878,0.0,0.0,0.507,0.4294,0.4978,0.0,-0.1571,1.121,1.326,2.088,-1.471,0.6323,-0.9306,1.876,-0.5693,-0.06247,-2.068,2.09,2.297,0.0,0.0,2.174,0.0,2.066,-0.894,1.538,-3.174,-2.0,-0.5,-0.5,1.804,-1.529,-1.163,0.0,5.0,0.0,0.0,0.0,-0.978,0.0966856,,,
0.3225,-1.325,-0.3948,0.2769,-0.02771,-0.5713,0.4797,0.0,0.0,0.4714,0.4023,0.5103,0.0,-0.1566,0.1685,1.309,1.974,-1.233,0.619,0.2757,2.094,-0.93,-0.5693,-0.06247,2.025,2.277,0.0,0.0,2.156,0.0,2.096,-0.725,1.431,0.7417,-1.0,-0.5,0.0,1.488,-1.304,-0.944,1.0,0.0,0.0,0.0,0.0,0.2354,0.71311424,,,
0.2167,-0.8926,-0.3108,0.2332,-0.238,-0.5713,0.4714,0.0,0.0,0.3628,0.3076,0.5513,0.0,-0.1561,-0.363,1.347,1.852,-0.792,0.614,0.8791,2.191,0.2756,-0.93,-0.5693,1.965,2.258,0.0,0.0,2.145,0.0,2.191,-0.3289,1.19,2.28,0.0,-0.5,0.5,1.013,-0.77,-0.6455,2.0,0.0,1.0,0.0,5.76,0.717,0.1217972,,,
0.2252,-1.143,-0.381,0.156,0.4617,-0.5713,0.4634,0.0,0.0,0.447,0.393,0.5186,0.0,-0.1558,0.503,1.3955,1.7295,-1.048,0.607,-0.6903,2.299,0.8784,0.2756,-0.93,1.921,2.236,0.0,0.0,2.127,0.0,2.113,-0.5425,1.309,-1.668,0.0,-0.5,0.0,1.222,-1.0205,-0.758,0.0,1.0,0.0,0.0,0.0,-0.5107,0.19072,,,
0.1209,-0.9604,-0.3652,0.04852,-0.0497,-0.5713,0.4553,0.0,0.0,0.4194,0.382,0.5264,0.0,-0.1553,-0.615,1.457,1.682,-0.877,0.597,0.1749,2.412,-0.6904,0.8784,0.2756,1.908,2.217,0.0,0.0,2.117,0.0,2.133,-0.789,1.493,0.4556,1.0,-0.5,0.0,1.057,-0.839,-0.663,1.0,0.0,0.0,0.0,0.0,0.1426,0.1077931999999999,,,
0.07117,-0.5083,-0.2883,-0.03796,-0.416,-0.5713,0.4473,0.0,0.0,0.3252,0.293,0.564,0.0,-0.1548,-0.10974,1.572,1.654,-0.438,0.5894,0.7984,2.443,0.1747,-0.6904,0.8784,1.906,2.201,0.0,0.0,2.11,0.0,2.22,-0.607,1.401,1.802,2.0,-0.5,0.0,0.637,-0.425,-0.4324,2.0,0.0,0.0,0.0,0.0,0.561,-0.0434847999999999,,,
0.03235,-0.4995,-0.3137,-0.1606,0.1108,-0.7144,0.439,0.0,0.0,0.3513,0.3264,0.5522,0.0,-0.1544,-0.523,1.704,1.637,-0.4712,0.5815,-0.2387,2.416,0.7983,0.1747,-0.6904,1.909,2.184,0.0,0.0,2.094,0.0,2.193,-0.894,1.595,-0.5195,1.0,-0.5,-0.5,0.699,-0.4834,-0.4563,0.0,1.0,0.0,0.0,0.0,-0.1577,0.0413579999999999,,,
0.005,-0.3318,-0.3035,-0.2722,-0.2952,-0.857,0.431,0.0,0.0,0.3374,0.3167,0.558,0.0,-0.1539,-0.4302,1.81,1.626,-0.347,0.574,0.11405,2.418,-0.2386,0.7983,0.1747,1.926,2.164,0.0,0.0,2.084,0.0,2.205,-0.829,1.554,0.279,1.0,0.0,0.0,0.588,-0.408,-0.3975,1.0,0.0,0.0,0.0,0.0,0.0853,0.7983128,,,
0.02997,0.3257,-0.1881,-0.3647,-2.672,-0.857,0.431,1.0,1.0,0.2109,0.182,0.614,0.0,-0.1534,0.673,1.887,1.645,0.2688,0.5684,1.1671,2.418,0.1139,-0.2386,0.7983,1.954,2.152,0.0,0.0,2.084,0.0,2.336,-0.6484,1.482,3.08,2.0,0.5,0.0,0.1089,0.1342,-0.0981,2.0,0.0,0.0,0.0,0.0,0.939,-0.011494,,,
-0.01857,0.4536,-0.188,-0.4763,0.4695,-0.857,0.431,1.0,1.0,0.2069,0.1858,0.6147,0.0,-0.1531,-0.6733,1.913,1.673,0.36,0.56,0.0183499999999999,2.416,1.166,0.1139,-0.2386,1.972,2.146,0.0,0.0,2.082,0.0,2.338,-0.8125,1.601,0.04016,2.0,1.0,0.0,0.0181,0.0276,-0.0897,3.0,0.0,0.0,0.0,0.0,0.01181,0.3512019999999999,,,
-0.1877,0.748,-0.1357,-0.5107,0.7207,-0.7144,0.431,1.0,1.0,0.1381,0.1427,0.6406,0.0,-0.1526,-0.577,1.846,1.696,0.7036,0.5522,0.5231,2.371,0.01825,1.166,0.1139,2.006,2.137,0.0,0.0,2.078,0.0,2.398,-0.2979,1.26,1.542,2.0,1.5,0.5,-0.2576,0.14,0.0641,4.0,0.0,0.0,0.0,0.0,0.4534,0.4100252,,,
-0.3845,0.8887,-0.09515,-0.463,0.315,-0.5713,0.431,1.0,1.0,0.0805,0.1159,0.661,0.0,-0.1521,-0.571,1.756,1.717,0.9116,0.5522,0.4070999999999999,2.336,0.523,0.01825,1.166,2.043,2.135,0.0,0.0,2.076,0.0,2.445,0.496,0.7144,0.8657,3.0,1.5,1.0,-0.3696,0.2913,0.1869,5.0,0.0,0.0,0.0,0.0,0.2505,0.70684,,,
-0.408,1.213,-0.00984,-0.388,0.4905,-0.4285,0.431,1.0,1.0,-0.0061,0.03046,0.7036,0.0,-0.1516,-0.3057,1.558,1.697,1.268,0.5586,0.8271,2.271,0.4067,0.523,0.01825,2.08,2.137,0.0,0.0,2.074,0.0,2.545,0.7017,0.611,1.839,3.0,1.5,1.5,-0.629,0.5874,0.441,5.92,0.0,1.0,0.0,4.26,0.525,-0.0454863999999999,,,
-0.4204,0.8945,-0.05582,-0.306,-0.1294,-0.2856,0.431,1.0,1.0,0.03802,0.078,0.6826,0.0,-0.1512,-0.2644,1.27,1.626,0.962,0.5674,-0.3974,2.191,0.8267,0.4067,0.523,2.115,2.135,0.0,0.0,2.07,0.0,2.496,0.757,0.5503,-0.9995,2.0,1.5,1.5,-0.4324,0.3328,0.3462,0.0,1.0,0.0,0.0,0.0,-0.2783,0.1186332,,,
-0.474,0.8716,-0.03238,-0.1895,0.1083,-0.1428,0.431,1.0,1.0,0.01059,0.0586,0.6953,0.0,-0.1508,-0.002851,1.002,1.508,0.9136,0.584,0.2450999999999999,2.06,-0.3972,0.8267,0.4067,2.154,2.14,0.0,0.0,2.066,0.0,2.525,1.215,0.2367,0.6885,2.0,1.5,2.0,-0.4814,0.3813,0.4614,1.0,0.0,0.0,0.0,0.0,0.1941,-0.4411268,,,
-0.4465,0.411,-0.10895,-0.1038,-0.3833,0.0,0.431,1.0,1.0,0.0896,0.1355,0.66,0.0,-0.1503,-0.2137,0.8477,1.35,0.4307,0.597,-0.6771,1.722,0.2449,-0.3972,0.8267,2.166,2.14,0.0,0.0,2.055,0.0,2.443,0.832,0.4731,-1.996,1.0,1.0,1.5,-0.1704,0.045,0.3381,0.0,1.0,0.0,1.0,-5.004,-0.5586,0.3267092,,,
-0.478,0.629,-0.0446,-0.02637,0.6064,0.1428,0.431,1.0,1.0,0.02226,0.0713,0.6924,0.0,-0.1499,-0.518,0.791,1.146,0.6445,0.6074,0.6388,1.754,-0.677,0.2449,-0.3972,2.188,2.139,0.0,0.0,2.057,0.0,2.52,0.8027,0.528,1.459,1.0,1.5,1.5,-0.3977,0.2793,0.553,1.0,0.0,0.0,0.0,0.0,0.417,-0.32506,,,
-0.479,0.172,-0.12384,0.0501,-0.554,0.2856,0.431,1.0,1.0,0.10236,0.154,0.6562,0.0,-0.1494,-0.11444,0.888,0.998,0.1821,0.618,-0.7016,1.789,0.638,-0.677,0.2449,2.191,2.139,0.0,0.0,2.064,0.0,2.434,0.7705,0.513,-3.232,0.0,1.0,1.5,-0.0506,-0.02406,0.2654,0.0,1.0,0.0,0.0,0.0,-0.906,0.047026,,,
-0.0758,-1.136,-0.4053,0.03757,-5.383,0.2856,0.4229,0.0,0.0,0.4524,0.4482,0.5215,0.0,-0.1489,0.3203,0.8926,0.83,-0.9326,0.598,-2.4299,1.855,-0.701,0.638,-0.677,2.154,2.133,0.0,0.0,2.059,0.0,2.12,-0.11676,1.009,-9.51,0.0,0.5,1.0,1.208,-1.105,-0.6206,0.0,2.0,0.0,1.0,-7.91,-6.73,0.1893592,,,
-0.05487,-0.973,-0.3767,0.0095,-0.03125,0.2856,0.4146,0.0,0.0,0.4192,0.4106,0.5366,0.0,-0.1486,0.361,0.909,0.6665,-0.7573,0.5947,0.3167999999999999,1.863,-2.428,-0.701,0.638,2.107,2.127,0.0,0.0,2.059,0.0,2.152,-0.2273,1.103,1.361,0.0,0.5,1.0,0.98,-0.859,-0.5195,1.0,0.0,0.0,0.0,0.0,0.425,-0.1167308,,,
-0.03577,-0.894,-0.3633,-0.006317,0.0383,0.2856,0.4065,0.0,0.0,0.4045,0.3923,0.544,0.0,-0.1481,-0.1829,0.931,0.552,-0.67,0.5933,0.1599999999999999,1.77,0.3164,-2.428,-0.701,2.07,2.12,0.0,0.0,2.062,0.0,2.17,-0.1357,1.045,0.5015,1.0,0.5,1.5,0.84,-0.7065,-0.4995,2.0,0.0,0.0,0.0,0.0,0.155,-0.2160971999999998,,,
-0.03604,-0.86,-0.3596,-0.02246,0.0887,0.2856,0.3984,0.0,0.0,0.4,0.388,0.547,0.0,-0.1476,-0.3923,0.94,0.4844,-0.631,0.5923,0.05738,1.699,0.1599,0.3164,-2.428,2.03,2.11,0.0,0.0,2.066,0.0,2.176,-0.1493,1.058,0.1865,1.0,0.5,1.5,0.6987,-0.6763,-0.505,3.0,0.0,0.0,0.0,0.0,0.0574,0.0826028,,,
-0.1417,-0.697,-0.3347,-0.0673,-0.09064,0.1428,0.3901,0.0,0.0,0.362,0.3662,0.5596,0.0,-0.1472,-0.4153,0.923,0.4287,-0.4866,0.5903,0.2733,1.688,0.05725,0.1599,0.3164,2.002,2.098,0.0,0.0,2.068,0.0,2.207,-0.3882,1.241,0.5967,2.0,0.5,1.5,0.545,-0.4885,-0.4175,4.0,0.0,0.0,0.0,0.0,0.1832,0.0223048,,,
-0.1326,-0.6377,-0.3318,-0.11145,0.03064,0.0,0.382,0.0,0.0,0.3594,0.3618,0.562,0.0,-0.1467,-0.5117,0.851,0.3909,-0.4375,0.588,0.05048,1.611,0.2732,0.05725,0.1599,1.966,2.088,0.0,0.0,2.072,0.0,2.21,-0.379,1.237,0.1298,3.0,1.0,1.5,0.462,-0.4531,-0.4265,5.0,0.0,0.0,0.0,0.0,0.03952,0.3272292000000001,,,
-0.135,-0.2605,-0.2617,-0.1536,-0.591,-0.1428,0.374,0.0,0.0,0.2786,0.279,0.5977,0.0,-0.1462,-0.3118,0.692,0.3765,-0.0639,0.585,0.7361,1.52,0.05038,0.2732,0.05725,1.95,2.078,0.0,0.0,2.078,0.0,2.295,-0.323,1.233,2.502,3.0,1.0,1.5,0.1482,-0.0976,-0.1956,5.92,0.0,0.0,0.0,0.0,0.7607,-0.2626180000000001,,,
-0.1146,-0.3352,-0.2913,-0.2156,0.579,-0.2856,0.366,0.0,0.0,0.3137,0.3118,0.5845,0.0,-0.1459,-0.4363,0.4849,0.3726,-0.1667,0.5825,-0.2643,1.498,0.736,0.05038,0.2732,1.967,2.066,0.0,0.0,2.08,0.0,2.264,-0.508,1.352,-0.768,2.0,1.0,1.0,0.2245,-0.2388,-0.3054,0.0,1.0,0.0,0.0,0.0,-0.2283,-0.3078881999999999,,,
-0.1224,-0.4783,-0.3438,-0.319,0.735,-0.4285,0.3577,0.0,0.0,0.3743,0.3757,0.56,0.0,-0.1454,-0.4631,0.3271,0.3748,-0.3508,0.5767,-0.5023,1.486,-0.2642,0.736,0.05038,1.974,2.059,0.0,0.0,2.082,0.0,2.207,-0.903,1.608,-1.772,1.0,0.5,0.5,0.424,-0.4353,-0.5005,0.0,2.0,0.0,0.0,0.0,-0.5312,0.6652811999999999,,,
-0.1548,0.01617,-0.2554,-0.382,-1.197,-0.4285,0.3496,1.0,0.0,0.2698,0.2732,0.604,0.0,-0.1449,-0.3542,0.2842,0.3772,0.1309,0.5723,0.9195,1.444,-0.502,-0.2642,0.736,1.99,2.06,0.0,0.0,2.086,0.0,2.309,-0.5117,1.375,2.201,1.0,1.0,1.0,0.0586,0.00911,-0.1752,1.0,0.0,0.0,0.0,0.0,0.67,0.0980628,,,
-0.2494,0.0959,-0.2546,-0.4517,1.007,-0.4285,0.3416,1.0,0.0,0.2615,0.2803,0.6055,0.0,-0.1444,-0.801,0.397,0.3809,0.2057,0.5664,0.0307099999999999,1.445,0.9194,-0.502,-0.2642,2.006,2.062,0.0,0.0,2.086,0.0,2.312,-0.5845,1.429,0.06586,1.0,1.5,1.0,0.01965,-0.02376,-0.1599,2.0,0.0,0.0,0.0,0.0,0.01949,-0.2063887599999999,,,
-0.3164,0.3096,-0.219,-0.4885,1.422,-0.4285,0.3333,1.0,0.0,0.2167,0.2451,0.6245,0.0,-0.144,-0.555,0.496,0.3687,0.4136,0.5645,0.3792999999999999,1.447,0.0306,0.9194,-0.502,2.023,2.068,0.0,0.0,2.086,0.0,2.355,-0.2979,1.243,1.116,1.0,1.5,1.5,-0.1362,0.10657,-0.01453,3.0,0.0,0.0,0.0,0.0,0.33,0.03916888,,,
-0.3406,0.2527,-0.2452,-0.5522,-0.02188,-0.4285,0.3252,1.0,0.0,0.2437,0.2769,0.613,0.0,-0.1436,-0.619,0.5273,0.3347,0.3325,0.561,-0.2296,1.435,0.3792,0.0306,0.9194,2.037,2.076,0.0,0.0,2.084,0.0,2.328,-0.5757,1.43,-0.5063,1.0,1.0,1.0,-0.04886,-0.0381,-0.0948,0.0,1.0,0.0,0.0,0.0,-0.148,-0.3219396,,,
-0.2825,-0.07764,-0.3271,-0.6167,-0.9233,-0.4285,0.3171,1.0,0.0,0.342,0.3687,0.574,0.0,-0.1431,-0.1329,0.4478,0.3293,0.02379,0.553,-0.7792,1.409,-0.2296,0.3792,0.0306,2.031,2.08,0.0,0.0,2.074,0.0,2.238,-0.586,1.397,-2.87,1.0,0.5,1.0,0.181,-0.4858,-0.373,0.0,2.0,0.0,1.0,-3.174,-0.8447,0.0687271999999999,,,
-0.5566,-0.1438,-0.3354,-0.5933,-14.766,-0.4285,0.3088,0.0,0.0,0.3296,0.4014,0.5713,0.0,-0.1427,-0.4688,0.4158,0.31,-0.1175,0.5645,-0.0622999999999999,1.261,-0.779,-0.2296,0.3792,2.027,2.08,0.0,0.0,2.062,0.0,2.23,0.372,0.7104,-0.1323,0.0,0.0,1.0,0.1742,-0.504,-0.3625,0.0,3.0,0.0,0.0,0.0,-0.03992,-0.173558,,,
-0.552,-0.5254,-0.4153,-0.6035,6.66,-0.4285,0.3008,0.0,0.0,0.4265,0.5005,0.533,0.0,-0.1422,0.09076,0.3767,0.3179,-0.5005,0.5645,-0.7879,1.199,-0.06238,-0.779,-0.2296,2.02,2.082,0.0,0.0,2.047,0.0,2.143,-0.1229,1.024,-3.137,-1.0,-0.5,0.5,0.5127,-0.79,-0.649,0.0,4.0,0.0,0.0,0.0,-0.9478,0.4542239999999999,,,
-0.59,-0.2428,-0.3572,-0.6016,-0.5464,-0.4285,0.2927,0.0,0.0,0.353,0.4307,0.5625,0.0,-0.1417,-0.4167,0.322,0.3423,-0.2052,0.5645,0.6221,1.002,-0.7876,-0.06238,-0.779,2.01,2.084,0.0,0.0,2.035,0.0,2.21,0.05072,0.9307,2.223,-1.0,-0.5,0.5,0.2386,-0.4421,-0.3484,1.0,0.0,0.0,0.0,0.0,0.6885,0.0341055999999999,,,
-0.575,-0.2201,-0.352,-0.5996,-0.01703,-0.4285,0.2847,0.0,0.0,0.348,0.4233,0.566,0.0,-0.1414,-0.1902,0.2448,0.3398,-0.184,0.566,0.07554,0.8867,0.6216,-0.7876,-0.06238,1.998,2.084,0.0,0.0,2.025,0.0,2.219,0.05737,0.9297,0.274,0.0,0.0,0.5,0.1776,-0.3982,-0.2751,2.0,0.0,0.0,0.0,0.0,0.08325,0.1193756,,,
-0.5244,-0.59,-0.4338,-0.6294,2.979,-0.4285,0.2764,0.0,0.0,0.452,0.522,0.527,0.0,-0.1409,-0.098,0.1567,0.2947,-0.5566,0.564,-0.8095,0.632,0.07544,0.6216,-0.7876,1.972,2.082,0.0,0.0,2.01,0.0,2.127,-0.3289,1.165,-2.826,0.0,0.0,0.0,0.536,-0.689,-0.718,0.0,1.0,0.0,0.0,0.0,-0.857,-0.07269384,,,
-0.5156,-0.6733,-0.459,-0.667,0.3088,-0.4285,0.2683,0.0,0.0,0.4841,0.5537,0.5156,0.0,-0.1404,-0.4805,0.08246,0.173,-0.614,0.558,-0.2445,0.5034,-0.809,0.07544,0.6216,1.945,2.08,0.0,0.0,1.996,0.0,2.1,-0.419,1.218,-1.174,0.0,-0.5,-0.5,0.567,-0.773,-0.855,0.0,2.0,0.0,0.0,0.0,-0.3652,0.0832216799999999,,,
-0.509,-0.899,-0.521,-0.744,0.541,-0.4285,0.2603,0.0,0.0,0.5654,0.6367,0.4858,0.0,-0.14,-0.5396,0.03894,0.1644,-0.8486,0.5513,-0.6419,0.6226,-0.2445,-0.809,0.07544,1.921,2.072,0.0,0.0,1.992,0.0,2.03,-0.8877,1.521,-1.813,0.0,-1.0,-1.0,0.8066,-0.981,-1.159,0.0,3.0,0.0,0.0,0.0,-0.5684,0.118804,,,
-0.4766,-0.7646,-0.508,-0.809,-0.0421,-0.4285,0.252,0.0,0.0,0.551,0.6157,0.4927,0.0,-0.1395,0.08624,0.0429,0.1819,-0.7095,0.5444,0.1523,0.7266,-0.642,-0.2445,-0.809,1.899,2.064,0.0,0.0,1.988,0.0,2.045,-0.7593,1.4375,0.4153,0.0,-1.0,-0.5,0.6523,-0.8574,-0.963,1.0,0.0,0.0,0.0,0.0,0.1329,-0.0171848,,,
-0.487,-0.709,-0.507,-0.8574,0.04623,-0.4285,0.2439,0.0,0.0,0.549,0.6157,0.4937,0.0,-0.139,-0.552,0.096,0.2007,-0.6616,0.5405,0.01986,0.8223,0.1522,-0.642,-0.2445,1.889,2.055,0.0,0.0,1.983,0.0,2.047,-0.6167,1.336,0.03882,0.0,-0.5,0.0,0.5386,-0.836,-0.8657,2.0,0.0,0.0,0.0,0.0,0.01236,0.2238903999999999,,,
-0.5146,-0.512,-0.483,-0.9277,-0.2012,-0.5713,0.2357,0.0,0.0,0.515,0.5854,0.506,0.0,-0.1387,-0.3196,0.1848,0.2241,-0.4868,0.535,0.2701,0.8784,0.01976,0.1522,-0.642,1.873,2.043,0.0,0.0,1.9795,0.0,2.076,-0.9653,1.598,0.7197,1.0,0.0,0.0,0.387,-0.65,-0.6772,3.0,0.0,0.0,0.0,0.0,0.229,-0.3259671999999999,,,
-0.4185,-0.74,-0.5474,-1.018,0.698,-0.7144,0.2277,0.0,0.0,0.608,0.6655,0.4749,0.0,-0.1382,0.153,0.3223,0.2607,-0.74,0.529,-0.6723,1.009,0.2698,0.01976,0.1522,1.848,2.03,0.0,0.0,1.971,0.0,2.004,-1.13,1.684,-1.807,1.0,0.0,-0.5,0.6455,-0.8896,-0.9043,0.0,1.0,0.0,0.0,0.0,-0.5703,-0.5383520000000002,,,
-0.3218,-1.001,-0.625,-1.143,0.5557,-0.857,0.2195,0.0,0.0,0.7236,0.769,0.437,0.0,-0.1377,-0.171,0.5396,0.3481,-1.006,0.5166,-0.8334,1.236,-0.6724,0.2698,0.01976,1.823,2.014,0.0,0.0,1.959,0.0,1.915,-1.473,1.8955,-2.4,1.0,0.0,-1.0,0.973,-1.165,-1.085,0.0,2.0,0.0,1.0,-5.445,-0.7734,0.0204079999999999,,,
-0.3262,-0.888,-0.6284,-1.262,0.002562,-1.0,0.2114,0.0,0.0,0.7275,0.774,0.4358,0.0,-0.1372,-0.6094,0.7866,0.463,-0.9214,0.5063,-0.02729,1.374,-0.8335,-0.6724,0.2698,1.802,1.996,0.0,0.0,1.943,0.0,1.912,-1.452,1.873,-0.0784,0.0,-0.5,-1.0,0.855,-1.128,-0.9604,0.0,3.0,0.0,0.0,0.0,-0.02596,-0.0782596,,,
-0.296,-1.213,-0.716,-1.38,0.564,-1.143,0.2032,0.0,0.0,0.8594,0.9043,0.393,0.0,-0.1368,0.521,1.084,0.6084,-1.253,0.4949,-0.9729,1.631,-0.02737,-0.8335,-0.6724,1.776,1.979,0.0,0.0,1.925,0.0,1.812,-1.465,1.838,-2.812,-1.0,-1.0,-1.0,1.246,-1.435,-1.105,0.0,4.0,0.0,0.0,0.0,-0.9316,0.1610892,,,
-0.3042,-1.074,-0.7134,-1.495,0.002563,-1.143,0.1951,0.0,0.0,0.855,0.9014,0.3943,0.0,-0.1364,-0.4302,1.336,0.777,-1.142,0.4846,0.02837,1.842,-0.9727,-0.02737,-0.8335,1.749,1.959,0.0,0.0,1.908,0.0,1.814,-1.44,1.822,0.0732,-1.0,-0.5,-0.5,1.079,-1.347,-0.9556,1.0,0.0,0.0,0.0,0.0,0.025,0.2713632,,,
-0.3386,-0.701,-0.6577,-1.568,-0.268,-1.143,0.187,0.0,0.0,0.7695,0.819,0.4214,0.0,-0.1359,-0.2634,1.562,0.9536,-0.76,0.4753,0.6358,1.857,0.02826,-0.9727,-0.02737,1.7295,1.943,0.0,0.0,1.891,0.0,1.878,-0.978,1.5205,1.808,0.0,0.0,0.0,0.7085,-0.96,-0.71,2.0,0.0,1.0,0.0,3.635,0.617,-0.148228,,,
-0.309,-0.752,-0.689,-1.669,0.2207,-1.143,0.1788,0.0,0.0,0.818,0.864,0.406,0.0,-0.1355,-0.552,1.764,1.145,-0.8184,0.4648,-0.3532,1.859,0.6353,0.02826,-0.9727,1.702,1.936,0.0,0.0,1.871,0.0,1.842,-1.397,1.804,-0.7485,0.0,0.0,-0.5,0.806,-1.03,-0.745,0.0,1.0,0.0,0.0,0.0,-0.2505,-0.122348,,,
-0.2979,-0.9033,-0.7427,-1.787,0.3745,-1.143,0.1708,0.0,0.0,0.9004,0.9473,0.3794,0.0,-0.135,-0.2239,1.93,1.341,-0.9893,0.4536,-0.6159,1.818,-0.353,0.6353,0.02826,1.676,1.926,0.0,0.0,1.848,0.0,1.779,-1.473,1.866,-0.882,0.0,-0.5,-1.0,0.983,-1.242,-0.8525,0.0,2.0,0.0,0.0,0.0,-0.2983,0.0204792,,,
-0.3542,-0.5947,-0.702,-1.868,-0.268,-1.143,0.1626,0.0,0.0,0.8345,0.888,0.3987,0.0,-0.1345,-0.636,2.055,1.536,-0.6777,0.4438,0.4571,1.692,-0.6157,-0.353,0.6353,1.665,1.916,0.0,0.0,1.827,0.0,1.824,-1.15,1.62,0.761,1.0,-0.5,-0.5,0.7085,-0.932,-0.6797,1.0,0.0,0.0,0.0,0.0,0.2627,0.3344759999999999,,,
-0.346,-0.29,-0.659,-1.928,-0.5005,-1.143,0.1544,0.0,0.0,0.771,0.822,0.4197,0.0,-0.1342,-0.08777,2.174,1.743,-0.3345,0.4329,0.4856999999999999,1.596,0.4568,-0.6157,-0.353,1.661,1.908,0.0,0.0,1.812,0.0,1.873,-0.8574,1.432,1.052,1.0,-0.5,0.0,0.4329,-0.6636,-0.493,2.0,0.0,0.0,0.0,0.0,0.358,-0.0076599999999999,,,
-0.3586,-0.11676,-0.635,-1.962,-0.754,-1.143,0.1464,0.0,0.0,0.735,0.786,0.4314,0.0,-0.1337,-0.2703,2.238,1.887,-0.151,0.4277,0.2706,1.454,0.4856,0.4568,-0.6157,1.671,1.899,0.0,0.0,1.798,0.0,1.9,-0.557,1.2295,0.5044,1.0,0.0,0.5,0.2883,-0.4993,-0.37,3.0,0.0,0.0,0.0,0.0,0.169,0.0591788,,,
-0.4297,0.0006223,-0.621,-1.997,-3.404,-1.0,0.1382,1.0,0.0,0.7095,0.772,0.438,0.0,-0.1332,-0.679,2.252,1.987,-0.0368,0.424,0.1513,1.383,0.2703,0.4856,0.4568,1.684,1.892,0.0,0.0,1.789,0.0,1.916,-0.56,1.239,0.2573,2.0,0.5,0.5,0.2079,-0.4004,-0.2856,4.0,0.0,0.0,0.0,0.0,0.0855,-0.7199541599999999,,,
-0.3242,-0.438,-0.716,-2.06,-5.586,-1.0,0.1301,0.0,0.0,0.857,0.9067,0.3916,0.0,-0.1328,-0.1439,2.207,2.057,-0.4832,0.418,-1.0539,1.258,0.1512,0.2703,0.4856,1.675,1.878,0.0,0.0,1.772,0.0,1.808,-0.832,1.385,-2.729,2.0,0.5,0.0,0.672,-0.798,-0.631,0.0,1.0,0.0,1.0,-3.666,-0.903,0.337968,,,
-0.3743,-0.1964,-0.686,-2.125,-0.5903,-1.0,0.12195,0.0,0.0,0.808,0.8643,0.406,0.0,-0.1323,-0.7627,2.12,2.096,-0.2363,0.4102,0.3397,1.028,-1.054,0.1512,0.2703,1.675,1.866,0.0,0.0,1.757,0.0,1.841,-0.812,1.386,0.621,2.0,1.0,0.0,0.455,-0.611,-0.4788,1.0,0.0,0.0,0.0,0.0,0.2124,-0.1207064,,,
-0.4517,0.001222,-0.658,-2.162,-1.701,-0.857,0.11383,1.0,0.0,0.7607,0.8286,0.4197,0.0,-0.1318,-0.611,1.9795,2.1,-0.0208,0.4043,0.3152999999999999,0.882,0.3396,-1.054,0.1512,1.686,1.857,0.0,0.0,1.746,0.0,1.872,-0.5156,1.188,0.3796,2.0,1.0,0.5,0.2603,-0.4658,-0.306,2.0,0.0,0.0,0.0,0.0,0.1285,-0.2425362,,,
-0.538,0.0724,-0.646,-2.166,1.055,-0.7144,0.1057,1.0,0.0,0.737,0.818,0.425,0.0,-0.1315,-0.639,1.821,2.072,0.05878,0.4026,0.1249,0.738,0.315,0.3396,-1.054,1.693,1.846,0.0,0.0,1.737,0.0,1.885,-0.1982,0.9673,0.173,2.0,1.0,1.0,0.1917,-0.3828,-0.2047,3.0,0.0,0.0,0.0,0.0,0.05795,0.25282008,,,
-0.5083,0.3943,-0.584,-2.148,2.371,-0.5713,0.09753,1.0,0.0,0.651,0.7246,0.4548,0.0,-0.131,0.0365,1.624,2.014,0.4028,0.4019,0.6837,0.68,0.12476,0.315,0.3396,1.703,1.835,0.0,0.0,1.734,0.0,1.955,0.05228,0.8193,1.275,2.0,1.5,1.5,-0.1098,-0.0991,0.1935,4.0,0.0,0.0,0.0,0.0,0.4258,0.4704299999999999,,,
-0.54,0.651,-0.5225,-2.084,0.71,-0.4285,0.0894,1.0,0.0,0.5645,0.641,0.4846,0.0,-0.1305,-0.156,1.373,1.905,0.6406,0.4097,0.6627,0.6567,0.6836,0.12476,0.315,1.718,1.826,0.0,0.0,1.733,0.0,2.023,0.6465,0.4255,1.994,3.0,1.5,2.0,-0.3252,0.1914,0.591,5.0,0.0,1.0,0.0,5.07,0.652,-0.6760880000000001,,,
-0.448,0.0712,-0.6206,-2.049,-0.7124,-0.2856,0.0813,1.0,0.0,0.707,0.7725,0.4358,0.0,-0.13,-0.00646,1.094,1.748,0.04294,0.4148,-1.0659,0.549,0.6626,0.6836,0.12476,1.717,1.814,0.0,0.0,1.729,0.0,1.91,0.1923,0.6997,-2.457,2.0,1.5,1.5,0.1633,-0.266,0.004356,0.0,1.0,0.0,0.0,0.0,-0.7866,0.0931847999999999,,,
-0.4941,0.08777,-0.614,-2.031,0.2491,-0.1428,0.0732,1.0,0.0,0.6934,0.766,0.4387,0.0,-0.1296,-0.4817,0.804,1.556,0.06366,0.4155,0.06178,0.3616,-1.066,0.6626,0.6836,1.7295,1.806,0.0,0.0,1.722,0.0,1.916,0.03387,0.8154,0.0932,2.0,1.5,1.5,0.1146,-0.2455,0.1318,1.0,0.0,0.0,0.0,0.0,0.03088,0.1188888,,,
-0.4822,-0.042,-0.633,-2.01,-0.6865,0.0,0.06506,1.0,0.0,0.7217,0.7935,0.4287,0.0,-0.1292,-0.2856,0.524,1.332,-0.0672,0.4175,-0.2256,0.2698,0.06165,-1.066,0.6626,1.736,1.797,0.0,0.0,1.717,0.0,1.893,0.07764,0.774,-0.323,1.0,1.0,1.5,0.181,-0.3542,0.01305,0.0,1.0,0.0,0.0,0.0,-0.1068,-0.3197360000000001,,,
-0.4482,-0.2441,-0.6636,-1.9795,-5.36,0.0,0.05692,0.0,0.0,0.769,0.8364,0.4128,0.0,-0.1287,0.01408,0.2878,1.112,-0.262,0.4194,-0.3581,0.2634,-0.2256,0.06165,-1.066,1.734,1.789,0.0,0.0,1.715,0.0,1.856,0.1703,0.692,-0.7534,0.0,0.5,1.5,0.309,-0.4956,-0.2627,0.0,2.0,0.0,0.0,0.0,-0.251,0.0723304,,,
-0.4453,-0.2396,-0.6587,-1.96,0.10406,0.0,0.04877,0.0,0.0,0.762,0.829,0.4146,0.0,-0.1283,-0.4246,0.10706,0.889,-0.2522,0.4202,0.03492,0.2556,-0.3582,-0.2256,0.06165,1.731,1.779,0.0,0.0,1.713,0.0,1.859,0.03815,0.7876,0.06165,0.0,1.0,1.5,0.2462,-0.4763,-0.2144,1.0,0.0,0.0,0.0,0.0,0.02075,0.4626983999999999,,,
-0.4739,0.1426,-0.582,-1.932,-2.445,0.1428,0.04065,1.0,0.0,0.651,0.7188,0.451,0.0,-0.1278,-0.1048,0.03146,0.6772,0.1206,0.4229,0.8424,0.2593,0.03482,-0.3582,-0.2256,1.73,1.771,0.0,0.0,1.719,0.0,1.944,0.1555,0.741,1.871,1.0,1.0,1.5,-0.082,-0.07324,0.4316,2.0,0.0,0.0,0.0,0.0,0.6294,0.464056,,,
-0.422,0.4783,-0.5103,-1.891,1.735,0.2856,0.03253,1.0,0.0,0.5586,0.615,0.485,0.0,-0.1273,0.08484,0.0569,0.4756,0.406,0.4307,0.7661,0.3535,0.842,0.03482,-0.3582,1.73,1.769,0.0,0.0,1.728,0.0,2.023,0.301,0.6724,2.643,1.0,1.0,1.5,-0.3384,0.2568,0.887,3.0,0.0,1.0,0.0,5.07,0.866,-0.1542068,,,
-0.4016,0.3188,-0.533,-1.86,-0.1713,0.2856,0.02438,1.0,0.0,0.5903,0.6445,0.4734,0.0,-0.127,-0.5586,0.1266,0.2925,0.2487,0.433,-0.2582,0.4167,0.766,0.842,0.03482,1.74,1.766,0.0,0.0,1.732,0.0,1.996,0.1611,0.7603,-0.4824,1.0,0.5,1.0,-0.238,0.06946,0.592,0.0,1.0,0.0,0.0,0.0,-0.1544,0.3033740799999999,,,
-0.46,0.4749,-0.487,-1.786,0.5503,0.4285,0.01627,1.0,0.0,0.525,0.587,0.495,0.0,-0.1265,-0.503,0.273,0.1659,0.3975,0.441,0.4808,0.515,-0.258,0.766,0.842,1.756,1.767,0.0,0.0,1.741,0.0,2.047,0.722,0.3823,1.035,2.0,0.5,1.5,-0.3918,0.2451,0.783,1.0,0.0,0.0,0.0,0.0,0.334,-0.3550799999999999,,,
-0.41,0.1996,-0.5264,-1.732,-0.3955,0.5713,0.00813,1.0,0.0,0.5806,0.636,0.475,0.0,-0.126,-0.2412,0.4114,0.1237,0.1257,0.446,-0.4339,0.4634,0.4805,-0.258,0.766,1.769,1.766,0.0,0.0,1.75,0.0,2.0,0.4402,0.563,-0.7305,1.0,0.0,1.0,-0.1747,0.03232,0.4456,0.0,1.0,0.0,0.0,0.0,-0.2322,0.1025872,,,
-0.3474,0.1984,-0.5156,-1.684,0.1284,0.5713,0.0,1.0,0.0,0.572,0.616,0.4795,0.0,-0.1256,0.1903,0.4958,0.15,0.137,0.4492,0.0934,0.454,-0.4338,0.4805,-0.258,1.787,1.765,0.0,0.0,1.758,0.0,2.01,0.3838,0.608,0.1744,1.0,0.5,1.0,-0.1931,0.04764,0.4536,1.0,0.0,0.0,0.0,0.0,0.05618,0.270996,,,
-0.346,0.3784,-0.4685,-1.625,0.8213,0.5713,-0.00813,1.0,0.0,0.5103,0.5527,0.5015,0.0,-0.1251,-0.4155,0.5396,0.2229,0.3389,0.4524,0.4855,0.5273,0.0933,-0.4338,0.4805,1.811,1.764,0.0,0.0,1.766,0.0,2.062,0.4812,0.5605,0.682,1.0,0.5,1.0,-0.3687,0.2109,0.6777,2.0,0.0,0.0,0.0,0.0,0.2192,0.0658308,,,
-0.3984,0.536,-0.427,-1.574,0.4998,0.5713,-0.01627,1.0,0.0,0.4534,0.5024,0.521,0.0,-0.12463,-0.524,0.5522,0.3135,0.4958,0.457,0.4193,0.6543,0.485,0.0933,-0.4338,1.83,1.768,0.0,0.0,1.774,0.0,2.107,0.4207,0.624,0.7275,2.0,1.0,1.0,-0.504,0.3264,0.7905,3.0,0.0,1.0,0.0,3.406,0.2303,0.1577316,,,
-0.4644,0.5522,-0.416,-1.539,0.1616,0.5713,-0.02438,1.0,0.0,0.4343,0.494,0.5254,0.0,-0.1242,-0.526,0.572,0.392,0.5376,0.4575,0.0971,0.7715,0.419,0.485,0.0933,1.841,1.772,0.0,0.0,1.783,0.0,2.117,0.256,0.746,0.1501,2.0,1.5,1.0,-0.54,0.2617,0.715,4.0,0.0,0.0,0.0,0.0,0.0469,0.2237239999999999,,,
-0.527,0.6465,-0.38,-1.462,0.2925,0.5713,-0.03253,1.0,0.0,0.385,0.4536,0.542,0.0,-0.1238,-0.4937,0.6235,0.477,0.6484,0.4636,0.3545999999999999,0.8193,0.0969,0.419,0.485,1.859,1.78,0.0,0.0,1.798,0.0,2.156,0.949,0.2683,0.618,3.0,1.5,1.5,-0.613,0.368,0.7915,5.0,0.0,0.0,0.0,0.0,0.1926,-0.4810479999999999,,,
-0.4304,0.2568,-0.4414,-1.404,-0.439,0.5713,-0.04065,1.0,0.0,0.469,0.524,0.511,0.0,-0.1233,-0.08563,0.6606,0.5444,0.2715,0.468,-0.6503,0.783,0.3542,0.0969,0.419,1.864,1.787,0.0,0.0,1.808,0.0,2.084,0.5386,0.53,-1.29,2.0,1.0,1.0,-0.282,0.0664,0.3882,0.0,1.0,0.0,0.0,0.0,-0.3975,-0.539102,,,
-0.4106,-0.11743,-0.5034,-1.359,-1.05,0.4285,-0.04877,0.0,0.0,0.5503,0.6045,0.48,0.0,-0.12286,-0.62,0.68,0.584,-0.0969,0.4714,-0.6699,0.726,-0.65,0.3542,0.0969,1.865,1.793,0.0,0.0,1.813,0.0,2.012,0.3188,0.655,-1.107,1.0,0.5,1.0,0.02907,-0.2236,-0.01138,0.0,2.0,0.0,0.0,0.0,-0.3481,-0.1281406799999999,,,
-0.4468,-0.1326,-0.494,-1.304,0.58,0.4285,-0.05692,0.0,0.0,0.5347,0.5947,0.4836,0.0,-0.12244,-0.4636,0.6885,0.608,-0.10675,0.4758,0.0799,0.6724,-0.67,-0.65,0.3542,1.866,1.797,0.0,0.0,1.819,0.0,2.02,0.501,0.5283,0.10266,1.0,1.0,1.5,-0.001706,-0.1865,0.001932,1.0,0.0,0.0,0.0,0.0,0.03296,0.1619327999999999,,,
-0.4685,-0.1461,-0.4836,-1.245,0.4172,0.4285,-0.06506,0.0,0.0,0.5195,0.583,0.4875,0.0,-0.12195,-0.698,0.6797,0.621,-0.1276,0.4817,0.0863,0.6655,0.0797,-0.67,-0.65,1.863,1.803,0.0,0.0,1.822,0.0,2.03,0.5156,0.522,0.1189,1.0,1.0,1.5,-0.0698,-0.1917,0.0323,2.0,0.0,0.0,0.0,0.0,0.0381,-0.0553028,,,
-0.457,-0.4338,-0.5356,-1.226,4.875,0.2856,-0.0732,0.0,0.0,0.589,0.6523,0.4612,0.0,-0.1215,-0.46,0.6367,0.6445,-0.43,0.4841,-0.5749,0.6685,0.0861,0.0797,-0.67,1.847,1.808,0.0,0.0,1.82,0.0,1.967,-0.00525,0.8667,-1.19,0.0,1.0,1.0,0.1589,-0.4502,-0.2925,0.0,1.0,0.0,1.0,-2.822,-0.3804,-0.2148743999999999,,,
-0.5386,-0.4402,-0.538,-1.231,0.1521,0.1428,-0.0813,0.0,0.0,0.586,0.6626,0.4587,0.0,-0.12103,-0.3315,0.5747,0.6455,-0.4229,0.481,-0.0537599999999999,0.6357,-0.5747,0.0861,0.0797,1.828,1.812,0.0,0.0,1.822,0.0,1.961,-0.356,1.114,-0.146,0.0,0.5,0.5,0.153,-0.4656,-0.3445,0.0,2.0,0.0,0.0,0.0,-0.04752,-1.7751599999999998,,,
-0.1561,-1.533,-0.764,-1.296,3.389,0.0,-0.0894,0.0,0.0,0.9453,0.97,0.3484,0.0,-0.1206,0.7734,0.54,0.5864,-1.157,0.4373,-2.4299,0.964,-0.05383,-0.5747,0.0861,1.775,1.808,0.0,0.0,1.813,0.0,1.702,-0.9517,1.426,-9.51,0.0,0.0,0.5,1.321,-1.464,-1.282,0.0,3.0,0.0,1.0,-7.91,-6.73,-0.1314308,,,
-0.1495,-1.503,-0.7764,-1.379,0.1116,-0.1428,-0.09753,0.0,0.0,0.965,0.9893,0.341,0.0,-0.1202,-0.2032,0.6816,0.5596,-1.112,0.425,-0.1753,1.238,-2.428,-0.05383,-0.5747,1.729,1.802,0.0,0.0,1.806,0.0,1.686,-1.201,1.597,-0.4802,-1.0,-0.5,0.0,1.267,-1.433,-1.235,0.0,4.0,0.0,0.0,0.0,-0.1697,0.0789004,,,
-0.144,-1.338,-0.759,-1.445,0.009026,-0.2856,-0.1057,0.0,0.0,0.9375,0.96,0.348,0.0,-0.1197,0.0209,0.9243,0.578,-0.9307,0.4148,0.1691,1.419,-0.1753,-2.428,-0.05383,1.692,1.795,0.0,0.0,1.799,0.0,1.701,-1.049,1.495,0.476,-1.0,-0.5,0.5,1.083,-1.2295,-1.052,1.0,0.0,0.0,0.0,0.0,0.1691,-0.2367478399999999,,,
-0.1873,-1.481,-0.8037,-1.527,0.2556,-0.4285,-0.11383,0.0,0.0,1.006,1.037,0.3247,0.0,-0.11926,-0.7046,1.203,0.6377,-1.1,0.4065,-0.5629,1.662,0.169,-0.1753,-2.428,1.649,1.791,0.0,0.0,1.79,0.0,1.646,-1.184,1.567,-1.147,-1.0,-1.0,0.0,1.235,-1.379,-1.086,0.0,1.0,0.0,0.0,0.0,-0.4055,-0.161632,,,
-0.2076,-1.417,-0.8125,-1.629,0.084,-0.5713,-0.12195,0.0,0.0,1.019,1.055,0.3188,0.0,-0.11884,-0.636,1.488,0.7397,-1.086,0.3987,-0.1487,1.911,-0.5625,0.169,-0.1753,1.603,1.785,0.0,0.0,1.777,0.0,1.633,-1.451,1.753,-0.2527,-1.0,-1.0,-0.5,1.175,-1.346,-0.985,0.0,2.0,0.0,0.0,0.0,-0.0909,-0.1268915999999999,,,
-0.2365,-1.288,-0.813,-1.743,0.0304,-0.7144,-0.1301,0.0,0.0,1.017,1.057,0.317,0.0,-0.11835,-0.739,1.775,0.8945,-1.01,0.3894,-0.0447599999999999,2.104,-0.1487,-0.5625,0.169,1.563,1.778,0.0,0.0,1.761,0.0,1.628,-1.473,1.932,-0.06616,-1.0,-1.0,-1.0,1.086,-1.255,-0.8823,0.0,3.0,0.0,0.0,0.0,-0.0239,0.4644119999999999,,,
-0.2258,-0.8086,-0.745,-1.841,-0.2915,-0.857,-0.1382,0.0,0.0,0.9097,0.945,0.3477,0.0,-0.1179,0.0855,2.053,1.073,-0.567,0.3809,0.7638,2.193,-0.04483,-0.1487,-0.5625,1.533,1.773,0.0,0.0,1.749,0.0,1.7,-1.375,1.728,1.706,0.0,-1.0,-1.0,0.686,-0.7983,-0.6416,1.0,0.0,0.0,0.0,0.0,0.617,-0.1471111999999999,,,
-0.2251,-0.77,-0.7637,-1.958,0.0768,-1.0,-0.1464,0.0,0.0,0.9395,0.975,0.3372,0.0,-0.11743,-0.6074,2.307,1.275,-0.5747,0.3706,-0.2558,2.258,0.763,-0.04483,-0.1487,1.529,1.766,0.0,0.0,1.733,0.0,1.675,-1.473,1.878,-0.614,-1.0,-1.5,-1.5,0.712,-0.874,-0.645,0.0,1.0,0.0,0.0,0.0,-0.2168,-0.20296,,,
-0.3257,-0.7305,-0.7793,-2.06,0.0719,-1.143,-0.1544,0.0,0.0,0.9556,1.009,0.3281,0.0,-0.117,-0.7617,2.52,1.485,-0.571,0.3608,-0.221,2.338,-0.2559,0.763,-0.04483,1.526,1.756,0.0,0.0,1.72,0.0,1.653,-1.473,1.831,-0.5674,-1.0,-1.5,-1.5,0.716,-0.9326,-0.6396,0.0,2.0,0.0,0.0,0.0,-0.202,0.0197552,,,
-0.3745,-0.5967,-0.7734,-2.139,-0.087,-1.143,-0.1626,0.0,0.0,0.942,1.003,0.3293,0.0,-0.1166,-0.678,2.652,1.68,-0.483,0.3545,0.02978,2.385,-0.221,-0.2559,0.763,1.5205,1.749,0.0,0.0,1.705,0.0,1.656,-1.438,1.754,0.0538,0.0,-1.0,-1.0,0.6357,-0.852,-0.584,1.0,0.0,0.0,0.0,0.0,0.0193,-0.0551927999999999,,,
-0.406,-0.511,-0.7773,-2.225,-0.04358,-1.143,-0.1708,0.0,0.0,0.946,1.012,0.3257,0.0,-0.1161,-0.8076,2.676,1.853,-0.4624,0.3489,-0.0888999999999999,2.377,0.02968,-0.221,-0.2559,1.521,1.741,0.0,0.0,1.6875,0.0,1.647,-1.473,1.797,-0.1592,0.0,-1.0,-1.5,0.6147,-0.8286,-0.557,0.0,1.0,0.0,0.0,0.0,-0.05704,-0.2915519999999999,,,
-0.3713,-0.511,-0.7993,-2.32,0.1333,-1.143,-0.1788,0.0,0.0,0.984,1.046,0.3135,0.0,-0.11566,-0.3508,2.566,2.008,-0.516,0.3413,-0.2973,2.307,-0.0889,0.02968,-0.221,1.52,1.733,0.0,0.0,1.668,0.0,1.619,-1.473,1.85,-0.805,-1.0,-1.0,-2.0,0.667,-0.9175,-0.577,0.0,2.0,0.0,0.0,0.0,-0.2893,-0.5234080000000001,,,
-0.4065,-0.429,-0.8027,-2.396,-0.0706,-1.143,-0.187,0.0,0.0,0.987,1.055,0.31,0.0,-0.11523,-0.6226,2.307,2.15,-0.4612,0.3328,-0.0899,2.182,-0.2974,-0.0889,0.02968,1.518,1.727,0.0,0.0,1.646,0.0,1.611,-1.473,1.799,-0.2396,-1.0,-1.5,-2.0,0.644,-0.8877,-0.5566,0.0,3.0,0.0,0.0,0.0,-0.0869,-1.1273371999999997,,,
-0.2457,-1.059,-0.941,-2.516,2.068,-1.143,-0.1951,0.0,0.0,1.235,1.284,0.2427,0.0,-0.11475,0.7095,1.951,2.297,-1.083,0.3174,-1.6789,2.084,-0.09,-0.2974,-0.0889,1.489,1.716,0.0,0.0,1.617,0.0,1.453,-1.473,1.846,-6.695,-1.0,-1.5,-2.0,1.268,-1.656,-0.89,0.0,4.0,0.0,0.0,0.0,-2.436,-0.1993056,,,
-0.5566,-1.117,-0.9634,-2.57,0.1964,-1.143,-0.2032,0.0,0.0,1.251,1.352,0.23,0.0,-0.1143,-0.47,1.973,2.422,-1.1,0.3054,-0.3334,2.04,-1.678,-0.09,-0.2974,1.46,1.701,0.0,0.0,1.59,0.0,1.424,-1.405,1.628,-0.665,-2.0,-1.5,-2.0,1.299,-1.669,-0.895,0.0,5.0,0.0,0.0,0.0,-0.2551,-0.233964,,,
-0.5703,-1.112,-0.9746,-2.621,0.1288,-1.143,-0.2114,0.0,0.0,1.2705,1.374,0.2224,0.0,-0.1139,-0.3535,2.02,2.508,-1.082,0.2957,-0.2006,2.033,-0.3335,-1.678,-0.09,1.431,1.685,0.0,0.0,1.565,0.0,1.405,-1.406,1.621,-0.517,-2.0,-1.5,-2.0,1.263,-1.624,-0.8643,0.0,5.0,0.0,0.0,0.0,-0.2006,-0.1726972000000001,,,
-0.583,-1.155,-0.997,-2.686,0.1775,-1.143,-0.2195,0.0,0.0,1.312,1.418,0.2097,0.0,-0.1134,-0.272,2.092,2.55,-1.109,0.2847,-0.3393,1.969,-0.2006,-0.3335,-1.678,1.398,1.667,0.0,0.0,1.539,0.0,1.376,-1.473,1.732,-0.8213,-2.0,-1.5,-2.0,1.276,-1.664,-0.8765,0.0,5.0,0.0,0.0,0.0,-0.3208,-0.3475531999999999,,,
-0.4783,-1.336,-1.043,-2.75,0.314,-1.143,-0.2277,0.0,0.0,1.408,1.501,0.1859,0.0,-0.113,0.1877,2.182,2.537,-1.26,0.2722,-0.6449,1.862,-0.339,-0.2006,-0.3335,1.359,1.646,0.0,0.0,1.51,0.0,1.32,-1.473,1.709,-1.808,-2.0,-1.5,-2.0,1.464,-1.805,-0.968,0.0,5.0,0.0,0.0,0.0,-0.7134,0.34097976,,,
-0.4836,-1.051,-1.007,-2.8,-0.10956,-1.143,-0.2357,0.0,0.0,1.338,1.429,0.2009,0.0,-0.1125,-0.6987,2.234,2.44,-0.986,0.2646,0.4165999999999999,1.708,-0.6445,-0.339,-0.2006,1.329,1.629,0.0,0.0,1.484,0.0,1.355,-1.302,1.524,0.8906,-1.0,-1.5,-2.0,1.162,-1.444,-0.827,1.0,0.0,0.0,0.0,0.0,0.3586,0.2711743999999999,,,
-0.4766,-0.879,-0.989,-2.848,-0.05627,-1.143,-0.2439,0.0,0.0,1.304,1.394,0.2073,0.0,-0.11206,-0.527,2.248,2.268,-0.845,0.2593,0.1727999999999999,1.436,0.4165,-0.6445,-0.339,1.301,1.611,0.0,0.0,1.46,0.0,1.37,-1.195,1.455,0.289,0.0,-1.5,-1.5,0.946,-1.284,-0.7715,2.0,0.0,0.0,0.0,0.0,0.1149,-0.153764,,,
-0.543,-0.901,-1.011,-2.928,0.163,-1.143,-0.252,0.0,0.0,1.341,1.442,0.1952,0.0,-0.11163,-0.6963,2.252,2.262,-0.8936,0.2507,-0.327,1.5,0.1726,0.4165,-0.6445,1.288,1.591,0.0,0.0,1.444,0.0,1.342,-1.473,1.854,-0.5737,0.0,-1.5,-2.0,0.9976,-1.33,-0.7856,0.0,1.0,0.0,0.0,0.0,-0.2269,0.4744279999999999,,,
-0.562,-0.602,-0.976,-2.992,-0.2563,-1.143,-0.2603,0.0,0.0,1.273,1.376,0.21,0.0,-0.11115,-0.57,2.252,2.264,-0.613,0.2429,0.4051,1.511,-0.3271,0.1726,0.4165,1.282,1.57,0.0,0.0,1.432,0.0,1.376,-1.462,1.648,0.641,1.0,-1.0,-1.5,0.739,-1.038,-0.617,1.0,0.0,0.0,0.0,0.0,0.256,0.0528071999999999,,,
-0.5513,-0.5513,-0.9824,-3.055,0.02939,-1.143,-0.2683,0.0,0.0,1.287,1.388,0.2054,0.0,-0.1107,-0.6084,2.246,2.264,-0.5737,0.2351,-0.1223399999999999,1.489,0.4048,-0.3271,0.1726,1.277,1.55,0.0,0.0,1.418,0.0,1.365,-1.443,1.631,-0.1637,1.0,-1.0,-1.5,0.724,-1.011,-0.602,0.0,1.0,0.0,0.0,0.0,-0.0646,0.0265183999999999,,,
-0.5454,-0.3127,-0.957,-3.115,-0.4092,-1.143,-0.2764,0.0,0.0,1.24,1.339,0.2161,0.0,-0.1103,-0.573,2.201,2.252,-0.3599,0.2288,0.287,1.473,-0.1224,0.4048,-0.3271,1.279,1.528,0.0,0.0,1.407,0.0,1.39,-1.284,1.527,0.5796,1.0,-0.5,-1.5,0.5454,-0.8003,-0.48,1.0,0.0,0.0,0.0,0.0,0.2296,0.1772576,,,
-0.524,-0.1243,-0.939,-3.168,-0.7363,-1.143,-0.2847,0.0,0.0,1.209,1.304,0.2233,0.0,-0.1098,-0.425,2.1,2.223,-0.1897,0.2227,0.1951,1.441,0.2866,-0.1224,0.4048,1.29,1.51,0.0,0.0,1.398,0.0,1.406,-1.151,1.44,0.661,1.0,0.0,-1.0,0.4075,-0.668,-0.3896,2.0,0.0,0.0,0.0,0.0,0.2595,-0.310208,,,
-0.526,-0.235,-0.97,-3.22,2.88,-1.143,-0.2927,0.0,0.0,1.267,1.362,0.2073,0.0,-0.1094,-0.589,1.969,2.19,-0.2998,0.2152,-0.4276,1.418,0.1948,0.2866,-0.1224,1.291,1.491,0.0,0.0,1.388,0.0,1.369,-1.172,1.438,-0.7524,1.0,0.0,-1.0,0.5635,-0.794,-0.478,0.0,1.0,0.0,0.0,0.0,-0.2935,-0.165036,,,
-0.51,-0.3318,-1.001,-3.28,0.807,-1.143,-0.3008,0.0,0.0,1.324,1.419,0.1917,0.0,-0.1089,-0.4966,1.816,2.154,-0.404,0.2074,-0.4252,1.312,-0.4275,0.1948,0.2866,1.287,1.473,0.0,0.0,1.373,0.0,1.332,-1.23,1.464,-0.637,0.0,0.0,-1.0,0.62,-1.001,-0.566,0.0,2.0,0.0,0.0,0.0,-0.252,-0.168976,,,
-0.6235,-0.4033,-1.019,-3.3,0.4387,-1.143,-0.3088,0.0,0.0,1.349,1.463,0.1819,0.0,-0.10846,-0.4167,1.718,2.12,-0.4314,0.1997,-0.2653,1.213,-0.4253,-0.4275,0.1948,1.283,1.452,0.0,0.0,1.357,0.0,1.31,-0.876,1.201,-0.4648,0.0,0.0,-1.0,0.664,-1.054,-0.608,0.0,3.0,0.0,0.0,0.0,-0.1863,-0.0214552,,,
-0.6343,-0.3252,-1.01,-3.312,-0.1263,-1.143,-0.3171,0.0,0.0,1.33,1.446,0.1847,0.0,-0.10803,-0.5444,1.609,2.068,-0.361,0.197,0.07536,1.094,-0.2651,-0.4253,-0.4275,1.276,1.435,0.0,0.0,1.344,0.0,1.316,-0.7144,1.089,0.0855,0.0,0.0,-0.5,0.5586,-0.9546,-0.5474,1.0,0.0,0.0,0.0,0.0,0.03455,0.1645319999999999,,,
-0.614,-0.1776,-0.987,-3.314,-0.513,-1.143,-0.3252,0.0,0.0,1.29,1.4,0.1937,0.0,-0.10754,0.0221,1.4795,1.988,-0.2067,0.1943,0.2502999999999999,0.906,0.0752,-0.2651,-0.4253,1.273,1.417,0.0,0.0,1.33,0.0,1.337,-0.4834,0.933,0.4685,0.0,0.0,0.0,0.392,-0.7876,-0.4302,2.0,0.0,0.0,0.0,0.0,0.1888,-0.2097659999999999,,,
-0.6367,-0.2783,-1.004,-3.314,1.253,-1.143,-0.3333,0.0,0.0,1.32,1.436,0.1843,0.0,-0.1071,-0.492,1.343,1.868,-0.3123,0.193,-0.2565,0.677,0.25,0.0752,-0.2651,1.265,1.406,0.0,0.0,1.316,0.0,1.315,-0.4456,0.8965,-0.4258,0.0,0.0,0.0,0.435,-0.874,-0.517,0.0,1.0,0.0,0.0,0.0,-0.1704,-0.0437236,,,
-0.7,-0.0675,-0.9644,-3.287,-1.01,-1.0,-0.3416,1.0,0.0,1.241,1.365,0.2013,0.0,-0.1067,-0.01706,1.205,1.707,-0.11896,0.1952,0.4674,0.3994,-0.2563,0.25,0.0752,1.259,1.397,0.0,0.0,1.306,0.0,1.3545,0.1285,0.504,0.7163,1.0,0.0,0.5,0.199,-0.6177,-0.2603,1.0,0.0,0.0,0.0,0.0,0.2888,-0.1334164,,,
-0.684,-0.06033,-0.9595,-3.268,0.6895,-0.857,-0.3496,1.0,0.0,1.233,1.3545,0.2019,0.0,-0.1062,-0.2551,1.047,1.519,-0.11633,0.1956,0.01655,-0.02382,0.467,-0.2563,0.25,1.257,1.388,0.0,0.0,1.295,0.0,1.355,-0.07996,0.6533,0.01978,2.0,0.5,0.5,0.158,-0.59,-0.1975,2.0,0.0,0.0,0.0,0.0,0.00786,-0.4975720000000001,,,
-0.598,-0.441,-1.023,-3.27,-14.766,-0.857,-0.3577,0.0,0.0,1.359,1.471,0.1708,0.0,-0.1058,0.03693,0.862,1.353,-0.49,0.1929,-0.8466,-0.05435,0.01643,0.467,-0.2563,1.251,1.378,0.0,0.0,1.288,0.0,1.283,-0.59,0.9854,-1.67,1.0,0.0,0.0,0.5117,-0.9077,-1.043,0.0,1.0,0.0,0.0,0.0,-0.6636,-0.455768,,,
-0.5337,-0.6626,-1.0625,-3.277,0.792,-0.857,-0.366,0.0,0.0,1.44,1.543,0.1511,0.0,-0.1053,-0.0918,0.6885,1.198,-0.7134,0.1901,-0.5489,0.0208,-0.846,0.01643,0.467,1.243,1.367,0.0,0.0,1.28,0.0,1.237,-0.665,1.02,-0.8457,0.0,-0.5,0.0,0.6953,-1.085,-1.282,0.0,2.0,0.0,0.0,0.0,-0.345,-0.4266883999999999,,,
-0.492,-0.854,-1.101,-3.305,0.4854,-0.857,-0.374,0.0,0.0,1.521,1.62,0.1315,0.0,-0.10486,-0.1592,0.539,1.051,-0.911,0.1852,-0.5579000000000001,0.171,-0.5483,-0.846,0.01643,1.229,1.3545,0.0,0.0,1.271,0.0,1.191,-1.082,1.297,-0.886,0.0,-0.5,-0.5,0.885,-1.235,-1.282,0.0,3.0,0.0,0.0,0.0,-0.368,-0.3518616,,,
-0.4395,-1.117,-1.154,-3.348,0.4978,-0.857,-0.382,0.0,0.0,1.638,1.731,0.1052,0.0,-0.10443,-0.2451,0.4443,0.933,-1.165,0.1776,-0.7606,0.4136,-0.558,-0.5483,-0.846,1.204,1.339,0.0,0.0,1.262,0.0,1.13,-1.215,1.364,-1.549,-1.0,-0.5,-0.5,1.152,-1.463,-1.282,0.0,4.0,0.0,0.0,0.0,-0.6543,-0.2299295999999999,,,
-0.318,-1.514,-1.235,-3.422,0.5415,-0.857,-0.3901,0.0,0.0,1.827,1.906,0.0663,0.0,-0.10394,0.621,0.518,0.906,-1.464,0.1594,-1.1549,0.782,-0.7603,-0.558,-0.5483,1.172,1.321,0.0,0.0,1.25,0.0,1.038,-1.473,1.567,-4.11,-2.0,-0.5,-1.0,1.609,-1.833,-1.282,0.0,5.0,0.0,0.0,0.0,-1.779,-0.6312399999999999,,,
-0.1351,-2.014,-1.34,-3.531,0.5063,-0.857,-0.3984,0.0,0.0,2.094,2.15,0.01674,0.0,-0.1035,1.2295,0.915,1.022,-1.778,0.13,-1.5229,1.269,-1.154,-0.7603,-0.558,1.121,1.301,0.0,0.0,1.232,0.0,0.9224,-1.473,1.683,-6.91,-2.0,-1.0,-1.5,2.229,-2.066,-1.282,0.0,5.0,0.0,0.0,0.0,-3.104,0.716104,,,
-0.1002,-1.49,-1.276,-3.613,-0.156,-0.857,-0.4065,0.0,0.0,1.939,1.986,0.0439,0.0,-0.1031,-0.04166,1.299,1.158,-1.24,0.11774,0.8781,1.489,-1.522,-1.154,-0.7603,1.078,1.282,0.0,0.0,1.217,0.0,0.986,-1.38,1.419,2.008,-1.0,-1.0,-1.0,1.652,-1.71,-1.052,1.0,0.0,0.0,0.0,0.0,0.9463,0.153608,,,
-0.0808,-1.458,-1.289,-3.69,0.1092,-0.857,-0.4146,0.0,0.0,1.973,2.018,0.03607,0.0,-0.1026,-0.2847,1.635,1.299,-1.241,0.1093,-0.2467,1.692,0.8774,-1.522,-1.154,1.041,1.263,0.0,0.0,1.201,0.0,0.9673,-1.354,1.393,-0.3508,-1.0,-1.0,-1.0,1.617,-1.671,-0.9673,0.0,1.0,0.0,0.0,0.0,-0.161,0.8356343999999999,,,
-0.08575,-0.789,-1.197,-3.736,-0.386,-0.857,-0.4229,0.0,0.0,1.76,1.798,0.07623,0.0,-0.1022,0.002193,1.931,1.433,-0.572,0.10205,1.2721,1.728,-0.2467,0.8774,-1.522,1.0205,1.247,0.0,0.0,1.1875,0.0,1.062,-0.863,1.083,2.068,0.0,-1.0,-0.5,0.9883,-0.896,-0.626,1.0,0.0,0.0,0.0,0.0,0.957,0.0939344,,,
-0.03482,-0.6025,-1.18,-3.78,-0.1482,-0.857,-0.431,0.0,0.0,1.725,1.754,0.0823,0.0,-0.1017,0.1215,2.15,1.547,-0.4282,0.09796,0.1842,1.736,1.271,-0.2467,0.8774,1.007,1.232,0.0,0.0,1.176,0.0,1.075,-0.8306,1.066,0.4026,1.0,-1.0,-0.5,0.829,-0.7383,-0.539,2.0,0.0,1.0,0.0,3.678,0.1791,0.0668219999999999,,,
0.01064,-0.914,-1.244,-3.844,0.772,-0.857,-0.439,0.0,0.0,1.874,1.9,0.05087,0.0,-0.10126,0.0805,2.344,1.66,-0.7637,0.0896,-0.9516,1.761,0.184,1.271,-0.2467,0.992,1.22,0.0,0.0,1.16,0.0,1.002,-1.051,1.191,-1.706,1.0,-1.0,-1.0,1.217,-1.056,-0.6943,0.0,1.0,0.0,0.0,0.0,-0.7544,0.091906,,,
0.01187,-0.6304,-1.215,-3.896,-0.2303,-0.857,-0.4473,0.0,0.0,1.808,1.831,0.06204,0.0,-0.1008,-0.1682,2.486,1.766,-0.5024,0.0826,0.349,1.711,-0.951,0.184,1.271,0.9907,1.209,0.0,0.0,1.145,0.0,1.027,-0.9087,1.102,0.7188,1.0,-0.5,-0.5,0.964,-0.811,-0.5713,1.0,0.0,0.0,0.0,0.0,0.3276,-0.3489459999999999,,,
0.0678,-0.804,-1.261,-3.973,0.471,-1.0,-0.4553,0.0,0.0,1.918,1.936,0.0391,0.0,-0.10034,0.4197,2.564,1.872,-0.7236,0.0745,-0.7089,1.709,0.3486,-0.951,0.184,0.997,1.197,0.0,0.0,1.128,0.0,0.974,-1.154,1.253,-1.334,1.0,-0.5,-1.0,1.237,-1.009,-0.6743,0.0,1.0,0.0,0.0,0.0,-0.6016,-0.001336,,,
0.1516,-0.643,-1.257,-4.05,-0.1047,-1.143,-0.4634,0.0,0.0,1.914,1.918,0.0388,0.0,-0.0999,0.9478,2.572,1.983,-0.6084,0.0661,-0.00944,1.707,-0.7085,0.3486,-0.951,0.9956,1.186,0.0,0.0,1.113,0.0,0.973,-1.161,1.258,-0.02141,0.0,-0.5,-1.5,1.1,-0.9644,-0.623,0.0,2.0,0.0,0.0,0.0,-0.00987,-0.9795800000000002,,,
0.2876,-1.231,-1.367,-4.137,1.253,-1.143,-0.4714,0.0,0.0,2.195,2.186,-0.012856,0.0,-0.0995,1.065,2.535,2.105,-1.228,0.0557,-1.6319,1.818,-0.00954,-0.7085,0.3486,0.9824,1.173,0.0,0.0,1.094,0.0,0.8525,-1.226,1.251,-3.285,-1.0,-0.5,-1.5,1.81,-1.566,-0.882,0.0,3.0,0.0,0.0,0.0,-1.516,0.5907360000000001,,,
0.2454,-0.7095,-1.306,-4.2,-0.3516,-1.143,-0.4797,0.0,0.0,2.04,2.031,0.012215,0.0,-0.099,-0.2,2.414,2.209,-0.7495,0.04837,0.8346,1.812,-1.631,-0.00954,-0.7085,0.965,1.16,0.0,0.0,1.077,0.0,0.9106,-0.9375,1.07,1.378,0.0,0.0,-1.0,1.307,-1.029,-0.6562,1.0,0.0,0.0,0.0,0.0,0.67,-0.292096,,,
0.304,-0.705,-1.32,-4.254,0.1255,-1.143,-0.4878,0.0,0.0,2.078,2.062,0.003757,0.0,-0.0986,0.517,2.205,2.293,-0.7764,0.0414,-0.2743,1.757,0.834,-1.631,-0.00954,0.9434,1.147,0.0,0.0,1.059,0.0,0.891,-0.8945,1.031,-0.4956,-1.0,-0.5,-1.0,1.301,-1.077,-0.662,0.0,1.0,0.0,0.0,0.0,-0.2347,0.2464988,,,
0.5166,-1.138,-1.399,-4.316,0.876,-1.143,-0.4958,0.0,0.0,2.299,2.256,-0.0337,0.0,-0.0981,1.621,1.932,2.355,-1.223,0.03287,-1.2259,1.7705,-0.2742,0.834,-1.631,0.92,1.132,0.0,0.0,1.038,0.0,0.803,-0.9375,1.023,-2.332,-1.0,-0.5,-1.0,1.756,-1.533,-0.8413,0.0,2.0,0.0,0.0,0.0,-1.114,0.727444,,,
0.4043,-0.4631,-1.307,-4.324,-0.549,-1.143,-0.504,0.0,0.0,2.053,2.02,0.00557,0.0,-0.09766,0.4395,1.709,2.377,-0.5137,0.0255,1.3361,1.574,-1.225,-0.2742,0.834,0.905,1.119,0.0,0.0,1.019,0.0,0.895,-0.4626,0.725,2.617,0.0,-0.5,-0.5,1.021,-0.8164,-0.5396,1.0,0.0,0.0,0.0,0.0,1.3,0.3695760000000001,,,
0.2805,-0.2498,-1.27,-4.29,-0.464,-1.143,-0.512,0.0,0.0,1.954,1.9375,0.01945,0.0,-0.0972,0.0247,1.64,2.334,-0.2744,0.02379,0.454,1.275,1.336,-1.225,-0.2742,0.8994,1.106,0.0,0.0,1.001,0.0,0.9272,-0.07623,0.4634,0.7915,1.0,-0.5,0.0,0.734,-0.565,-0.4077,2.0,0.0,0.0,0.0,0.0,0.3774,1.9417560000000005,,,
0.2411,0.8535,-1.096,-4.227,-6.867,-1.0,-0.5205,1.0,0.0,1.569,1.548,0.09406,0.0,-0.09674,1.642,1.552,2.229,0.848,0.02533,2.4021000000000003,1.054,0.4536,1.336,-1.225,0.9146,1.099,0.0,0.0,0.9937,0.0,1.102,0.1998,0.343,4.656,1.0,0.0,0.0,-0.1561,0.5503,0.3276,3.0,0.0,0.0,0.0,0.0,2.19,-0.0171216,,,
0.2908,0.751,-1.095,-4.156,0.01628,-0.857,-0.5283,1.0,0.0,1.573,1.544,0.0916,0.0,-0.0963,0.2349,1.417,2.05,0.753,0.02892,-0.0723,0.878,2.402,0.4536,1.336,0.943,1.09,0.0,0.0,0.988,0.0,1.096,0.2366,0.3145,-0.1272,1.0,-0.5,0.0,-0.1426,0.4148,0.3867,0.0,1.0,0.0,0.0,0.0,-0.0556,-0.5430512,,,
0.3687,0.3225,-1.154,-4.133,-0.417,-0.7144,-0.5366,1.0,0.0,1.703,1.665,0.0629,0.0,-0.0959,0.6743,1.262,1.818,0.322,0.02838,-0.8612,0.7153,-0.0723,2.402,0.4536,0.957,1.081,0.0,0.0,0.981,0.0,1.028,-0.1763,0.5796,-0.983,1.0,-0.5,-0.5,0.2776,0.06226,0.1346,0.0,2.0,0.0,0.0,0.0,-0.431,0.3792188000000001,,,
0.2915,0.5825,-1.111,-4.105,0.8223,-0.5713,-0.545,1.0,0.0,1.605,1.577,0.0795,0.0,-0.0954,-0.3015,1.068,1.546,0.6313,0.02498,0.5128,0.652,-0.8613,-0.0723,2.402,0.9775,1.073,0.0,0.0,0.9785,0.0,1.067,-0.1107,0.55,0.4983,1.0,0.0,-0.5,0.04877,0.2444,0.3816,1.0,0.0,0.0,0.0,0.0,0.2245,0.081116,,,
0.23,0.714,-1.079,-4.047,0.3442,-0.4285,-0.5527,1.0,0.0,1.536,1.516,0.091,0.0,-0.095,-0.4028,0.8584,1.288,0.7856,0.0263,0.3487,0.6963,0.512,-0.8613,-0.0723,1.012,1.067,0.0,0.0,0.981,0.0,1.094,0.1593,0.369,0.557,1.0,0.5,0.0,-0.0709,0.364,0.494,2.0,0.0,0.0,0.0,0.0,0.247,-0.3407304,,,
0.2417,0.5464,-1.096,-4.008,-0.0912,-0.2856,-0.561,1.0,0.0,1.57,1.549,0.08167,0.0,-0.0945,-0.2458,0.626,1.133,0.6377,0.02658,-0.2811,0.711,0.3484,0.512,-0.8613,1.032,1.061,0.0,0.0,0.9873,0.0,1.072,0.0302,0.4514,-0.372,0.0,0.0,-0.5,0.05063,0.1964,0.3293,0.0,1.0,0.0,0.0,0.0,-0.1632,-0.4958963999999998,,,
0.251,0.2139,-1.136,-3.96,-0.4329,-0.1428,-0.5693,1.0,0.0,1.653,1.633,0.06174,0.0,-0.09406,-0.3086,0.3838,0.992,0.318,0.02745,-0.6039,0.7163,-0.2812,0.3484,0.512,1.044,1.052,0.0,0.0,0.9893,0.0,1.025,0.05066,0.4163,-0.977,0.0,0.0,-0.5,0.344,-0.03726,0.0685,0.0,2.0,0.0,1.0,-3.762,-0.4321,-0.8705863999999999,,,
0.3447,-0.529,-1.245,-3.947,-2.555,-0.1428,-0.577,0.0,0.0,1.902,1.875,0.01161,0.0,-0.0936,0.4045,0.1445,0.852,-0.4468,0.0272,-1.5489,0.7427,-0.604,-0.2812,0.3484,1.021,1.041,0.0,0.0,0.987,0.0,0.908,-0.2463,0.5767,-2.342,0.0,0.0,-0.5,1.001,-0.7,-0.5317,0.0,3.0,0.0,1.0,-5.805,-1.057,0.7508880000000001,,,
0.2566,-0.1791,-1.18,-3.887,-0.7017,-0.1428,-0.5854,0.0,0.0,1.749,1.73,0.03787,0.0,-0.09314,0.3857,-0.0497,0.704,-0.08563,0.02992,0.8531,0.7207,-1.548,-0.604,-0.2812,1.007,1.03,0.0,0.0,0.983,0.0,0.9697,0.2087,0.279,1.37,0.0,0.0,0.0,0.578,-0.2664,-0.1891,1.0,0.0,0.0,0.0,0.0,0.6494,0.1513711999999999,,,
0.2573,-0.1683,-1.169,-3.84,0.01555,-0.1428,-0.5933,0.0,0.0,1.725,1.705,0.0406,0.0,-0.0927,0.1777,-0.2117,0.5303,-0.0842,0.03253,0.08604,0.683,0.8525,-1.548,-0.604,1.001,1.02,0.0,0.0,0.979,0.0,0.976,0.0863,0.3691,0.1138,0.0,0.0,0.0,0.504,-0.2086,-0.13,2.0,0.0,0.0,0.0,0.0,0.05252,1.027426,,,
0.2576,0.408,-1.063,-3.762,-6.94,0.0,-0.6016,1.0,0.0,1.507,1.48,0.0841,0.0,-0.0923,1.348,-0.2517,0.359,0.4836,0.03854,1.3721,0.723,0.08594,0.8525,-1.548,1.002,1.014,0.0,0.0,0.9824,0.0,1.077,0.3696,0.2118,2.904,1.0,0.0,0.5,-0.0549,0.3735,0.3884,3.0,0.0,0.0,0.0,0.0,1.337,0.4489832,,,
0.3762,0.4375,-1.033,-3.656,0.1979,0.1428,-0.61,1.0,0.0,1.456,1.409,0.0956,0.0,-0.0918,2.906,-0.0888,0.1993,0.5186,0.04733,0.3473,0.777,1.371,0.08594,0.8525,1.003,1.011,0.0,0.0,0.9854,0.0,1.104,0.7075,-0.01764,1.418,2.0,0.5,1.0,-0.2043,0.434,0.485,4.0,0.0,0.0,0.0,0.0,0.626,-0.4427752000000001,,,
0.4355,-0.07513,-1.098,-3.598,-0.9224,0.2856,-0.61,1.0,0.0,1.59,1.537,0.066,0.0,-0.0914,0.3765,0.0981,0.08746,-0.0362,0.0546,-0.8852,0.785,0.347,1.371,0.08594,0.999,1.006,0.0,0.0,0.9883,0.0,1.035,0.2908,0.2493,-1.961,2.0,0.5,0.5,0.2173,0.05597,0.1158,0.0,1.0,0.0,0.0,0.0,-0.8564,0.8590599999999996,,,
0.6045,0.4417,-0.9995,-3.52,18.77,0.4285,-0.6177,1.0,0.0,1.411,1.324,0.10675,0.0,-0.0909,2.906,0.284,0.06024,0.462,0.06174,1.2551,0.859,-0.8853,0.347,1.371,1.012,1.006,0.0,0.0,0.9946,0.0,1.13,0.4216,0.1979,4.574,2.0,0.5,0.5,-0.321,0.4924,0.5234,1.0,0.0,0.0,0.0,0.0,2.055,0.014808,,,
0.511,0.1847,-1.036,-3.504,-0.3916,0.4285,-0.6177,1.0,0.0,1.475,1.405,0.08923,0.0,-0.09045,0.0669,0.4202,0.1012,0.1747,0.06354,-0.5185,0.794,1.254,-0.8853,0.347,1.032,1.008,0.0,0.0,1.005,0.0,1.089,-0.1283,0.5723,-0.899,1.0,0.0,0.0,-0.04565,0.2573,0.2876,0.0,1.0,0.0,0.0,0.0,-0.3884,-0.2669972,,,
0.4749,0.1287,-1.044,-3.494,-0.0919,0.4285,-0.6177,1.0,0.0,1.485,1.423,0.085,0.0,-0.09,-0.3179,0.511,0.1564,0.1272,0.06256,-0.1271,0.7666,-0.5186,1.254,-0.8853,1.046,1.012,0.0,0.0,1.012,0.0,1.079,-0.1407,0.5767,-0.0968,0.0,0.0,0.0,-0.00828,0.1403,0.2014,0.0,2.0,0.0,0.0,0.0,-0.04254,0.6344696,,,
0.3623,0.5063,-0.9727,-3.443,2.055,0.4285,-0.6177,1.0,0.0,1.342,1.293,0.11395,0.0,-0.08954,-0.2197,0.583,0.2261,0.5205,0.0649,0.8761,0.7534,-0.1272,-0.5186,1.254,1.065,1.017,0.0,0.0,1.022,0.0,1.146,0.2605,0.3203,1.498,0.0,0.5,0.5,-0.3145,0.4885,0.4888,1.0,0.0,0.0,0.0,0.0,0.6606,0.1427792,,,
0.3994,0.464,-0.9697,-3.402,0.0567,0.4285,-0.626,1.0,0.0,1.339,1.284,0.1137,0.0,-0.0891,0.1267,0.6177,0.2935,0.4785,0.0673,-0.00878,0.545,0.8755,-0.1272,-0.5186,1.073,1.021,0.0,0.0,1.037,0.0,1.1455,0.1559,0.3945,-0.01477,0.0,0.5,0.0,-0.281,0.4167,0.4897,0.0,1.0,0.0,0.0,0.0,-0.006344,0.1147748000000001,,,
0.4119,0.8994,-0.8877,-3.35,0.987,0.4285,-0.6343,1.0,0.0,1.194,1.133,0.1472,0.0,-0.0887,0.4646,0.6416,0.3462,0.924,0.07043,0.9864,0.5547,-0.00887,0.8755,-0.1272,1.088,1.026,0.0,0.0,1.051,0.0,1.224,0.289,0.334,1.776,0.0,0.5,0.0,-0.58,0.79,0.8604,1.0,0.0,0.0,0.0,0.0,0.7627,0.0484735999999999,,,
0.44,0.591,-0.924,-3.297,-0.2029,0.4285,-0.642,1.0,0.0,1.26,1.196,0.13,0.0,-0.0882,-0.3557,0.6367,0.384,0.641,0.0723,-0.4911,0.513,0.986,-0.00887,0.8755,1.105,1.029,0.0,0.0,1.062,0.0,1.184,0.2275,0.3604,-0.601,0.0,0.0,0.0,-0.3206,0.514,0.5615,0.0,1.0,0.0,0.0,0.0,-0.2505,0.4545079999999999,,,
0.3855,0.8203,-0.8667,-3.215,0.4976,0.4285,-0.6504,1.0,0.0,1.156,1.098,0.1523,0.0,-0.08777,-0.2224,0.6274,0.431,0.8823,0.0779,0.6481,0.6313,-0.491,0.986,-0.00887,1.118,1.036,0.0,0.0,1.066,0.0,1.235,0.505,0.1853,1.316,1.0,0.0,0.5,-0.5605,0.6704,0.755,1.0,0.0,0.0,0.0,0.0,0.557,0.7286720000000001,,,
0.2917,1.096,-0.7866,-3.078,0.46,0.5713,-0.6587,1.0,0.0,1.017,0.9697,0.1843,0.0,-0.0873,-0.345,0.639,0.515,1.181,0.08856,0.9098,0.8438,0.6475,-0.491,0.986,1.144,1.044,0.0,0.0,1.076,0.0,1.311,1.115,-0.2172,2.025,1.0,0.0,1.0,-0.826,0.953,0.936,2.0,0.0,1.0,0.0,5.53,0.8394,0.16188,,,
0.6064,-0.2411,-0.988,-3.01,-1.08,0.5713,-0.6665,0.0,0.0,1.389,1.302,0.0965,0.0,-0.08685,2.066,0.65,0.598,-0.1772,0.0946,-2.4279,0.8247,0.909,0.6475,-0.491,1.147,1.048,0.0,0.0,1.079,0.0,1.1045,0.2478,0.3113,-8.41,1.0,0.0,0.5,0.3804,-0.01454,-0.07855,0.0,1.0,0.0,0.0,0.0,-3.389,-0.5382212,,,
0.6777,-0.598,-1.035,-2.959,2.52,0.5713,-0.675,0.0,0.0,1.484,1.388,0.0741,0.0,-0.0864,-0.2039,0.5967,0.6387,-0.4958,0.0944,-0.6679,0.8286,-2.426,0.909,0.6475,1.136,1.05,0.0,0.0,1.078,0.0,1.053,0.0915,0.4,-1.711,0.0,-0.5,0.0,0.6196,-0.3198,-0.3315,0.0,2.0,0.0,1.0,-7.91,-0.7466,0.1820328,,,
0.652,-1.016,-1.104,-2.955,0.9966,0.4285,-0.683,0.0,0.0,1.62,1.532,0.04242,0.0,-0.08594,0.235,0.5137,0.651,-0.9336,0.09314,-0.9682,0.882,-0.668,-2.426,0.909,1.116,1.054,0.0,0.0,1.074,0.0,0.978,-0.333,0.6704,-2.182,0.0,-0.5,-0.5,1.035,-0.667,-0.647,0.0,3.0,0.0,0.0,0.0,-0.9727,0.4324456,,,
0.3455,-0.747,-1.06,-2.947,-0.1738,0.2856,-0.691,0.0,0.0,1.507,1.466,0.0584,0.0,-0.0855,-0.235,0.4692,0.648,-0.7373,0.0956,0.5041,0.902,-0.968,-0.668,-2.426,1.093,1.057,0.0,0.0,1.071,0.0,1.016,-0.3044,0.6665,0.728,0.0,0.0,-0.5,0.732,-0.4026,-0.4526,1.0,0.0,0.0,0.0,0.0,0.3347,-0.1965727999999999,,,
0.357,-0.801,-1.064,-2.922,0.2197,0.1428,-0.699,0.0,0.0,1.516,1.474,0.0539,0.0,-0.0851,0.4312,0.4333,0.619,-0.7954,0.0951,-0.1403,0.912,0.504,-0.968,-0.668,1.071,1.061,0.0,0.0,1.07,0.0,1.005,-0.1676,0.564,-0.2678,-1.0,-0.5,-0.5,0.6924,-0.4768,-0.495,0.0,1.0,0.0,0.0,0.0,-0.1212,-0.1039079999999999,,,
0.08936,-0.6743,-1.045,-2.92,-0.05423,0.0,-0.7075,0.0,0.0,1.456,1.457,0.05933,0.0,-0.0846,-0.02437,0.4094,0.558,-0.704,0.0941,0.1692999999999999,0.7983,-0.1404,0.504,-0.968,1.046,1.066,0.0,0.0,1.075,0.0,1.018,-0.4126,0.7446,0.2847,0.0,0.0,-0.5,0.5596,-0.378,-0.4907,1.0,0.0,0.0,0.0,0.0,0.1293,-0.26806,,,
0.09595,-0.8457,-1.074,-2.916,0.4421,-0.1428,-0.7153,0.0,0.0,1.515,1.516,0.04453,0.0,-0.08417,-0.102,0.36,0.4731,-0.8804,0.09143,-0.4582,0.783,0.1692,-0.1404,0.504,1.008,1.068,0.0,0.0,1.076,0.0,0.983,-0.3967,0.7183,-0.6304,0.0,-0.5,-0.5,0.736,-0.5195,-0.6743,0.0,1.0,0.0,0.0,0.0,-0.285,-0.5465680000000002,,,
0.1779,-1.243,-1.145,-2.93,0.6895,-0.2856,-0.7236,0.0,0.0,1.665,1.657,0.01251,0.0,-0.0837,-0.1633,0.2654,0.3608,-1.284,0.0871,-1.0059,0.864,-0.458,0.1692,-0.1404,0.985,1.068,0.0,0.0,1.073,0.0,0.908,-0.546,0.7915,-1.524,0.0,-0.5,-0.5,1.13,-0.903,-0.985,0.0,2.0,0.0,1.0,-5.336,-0.699,-0.049182,,,
0.2003,-1.136,-1.136,-2.96,0.0345,-0.4285,-0.732,0.0,0.0,1.65,1.639,0.01312,0.0,-0.08325,0.279,0.168,0.2452,-1.2,0.0816,0.01969,0.9814,-1.005,-0.458,0.1692,0.968,1.0625,0.0,0.0,1.066,0.0,0.909,-0.7783,0.958,0.0326,0.0,-0.5,-0.5,1.039,-0.8027,-0.8765,1.0,0.0,0.0,0.0,0.0,0.015434,0.4576011999999998,,,
0.2076,-0.781,-1.085,-2.98,-0.2266,-0.5713,-0.7397,0.0,0.0,1.546,1.529,0.03156,0.0,-0.0828,0.4805,0.097,0.1565,-0.8604,0.07635,0.5971,1.036,0.01958,-1.005,-0.458,0.965,1.059,0.0,0.0,1.061,0.0,0.952,-0.6216,0.8647,1.105,1.0,-0.5,0.0,0.6885,-0.4941,-0.635,2.0,0.0,0.0,0.0,0.0,0.523,-1.0553879999999998,,,
0.392,-1.402,-1.205,-3.05,1.083,-0.7144,-0.748,0.0,0.0,1.816,1.777,-0.0213,0.0,-0.08234,1.8125,0.1339,0.1104,-1.504,0.0667,-1.6819,1.225,0.597,0.01958,-1.005,0.943,1.054,0.0,0.0,1.052,0.0,0.8286,-1.117,1.164,-3.41,0.0,-0.5,-0.5,1.448,-1.133,-1.015,0.0,1.0,0.0,0.0,0.0,-1.584,-0.491872,,,
0.4993,-1.522,-1.244,-3.123,0.2305,-0.857,-0.756,0.0,0.0,1.913,1.86,-0.04034,0.0,-0.0819,0.6655,0.3042,0.1353,-1.641,0.0559,-0.6389,1.429,-1.682,0.597,0.01958,0.9175,1.046,0.0,0.0,1.037,0.0,0.784,-1.123,1.149,-1.3545,0.0,-0.5,-0.5,1.621,-1.31,-1.018,0.0,2.0,0.0,0.0,0.0,-0.664,-0.393968,,,
0.607,-1.587,-1.28,-3.22,0.181,-1.0,-0.764,0.0,0.0,2.006,1.938,-0.05814,0.0,-0.0815,0.8486,0.667,0.2668,-1.665,0.03796,-0.6109,1.656,-0.6387,-1.682,0.597,0.8853,1.036,0.0,0.0,1.023,0.0,0.742,-1.382,1.315,-1.951,0.0,-0.5,-1.0,1.75,-1.479,-1.001,0.0,3.0,0.0,0.0,0.0,-0.976,-0.7328280000000003,,,
0.708,-1.928,-1.37,-3.361,0.3752,-1.143,-0.7725,0.0,0.0,2.236,2.16,-0.098,0.0,-0.081,0.639,1.088,0.4802,-2.053,0.02167,-1.3929,1.974,-0.6104,-0.6387,-1.682,0.846,1.024,0.0,0.0,1.006,0.0,0.649,-1.473,1.562,-1.836,-1.0,-1.0,-1.5,2.18,-2.066,-1.085,0.0,4.0,0.0,0.0,0.0,-0.9365,1.2866600000000004,,,
0.446,-0.9893,-1.24,-3.414,-0.4097,-1.143,-0.7803,0.0,0.0,1.899,1.8545,-0.0482,0.0,-0.08057,1.22,1.515,0.759,-1.043,0.005005,1.8201,2.045,-1.393,-0.6104,-0.6387,0.8296,1.017,0.0,0.0,0.9897,0.0,0.7656,-1.062,1.097,2.922,-1.0,-0.5,-1.0,1.247,-1.0205,-0.7017,1.0,0.0,0.0,0.0,0.0,1.559,0.7739887999999999,,,
0.3867,-0.4465,-1.165,-3.436,-0.5054,-1.143,-0.7886,0.0,0.0,1.728,1.6875,-0.0207,0.0,-0.0801,0.6006,1.857,1.021,-0.4905,-0.002924,0.9501,2.037,1.819,-1.393,-0.6104,0.8203,1.015,0.0,0.0,0.9766,0.0,0.8296,-0.7183,0.8804,1.32,0.0,-0.5,-0.5,0.744,-0.521,-0.4924,2.0,0.0,0.0,0.0,0.0,0.6665,0.5133688000000002,,,
0.3623,-0.0008535,-1.096,-3.422,-1.171,-1.0,-0.797,1.0,0.0,1.581,1.54,0.00436,0.0,-0.07965,0.4912,2.107,1.248,-0.02765,-0.007107,0.8414,1.903,0.9497,1.819,-1.393,0.8125,1.013,0.0,0.0,0.963,0.0,0.888,-0.35,0.6436,1.438,1.0,0.0,0.0,0.3652,-0.1041,-0.3032,3.0,0.0,1.0,0.0,7.504,0.705,0.1882975999999999,,,
0.3347,0.2245,-1.062,-3.412,3.127,-0.857,-0.8047,1.0,0.0,1.509,1.471,0.015236,0.0,-0.0792,-0.2644,2.248,1.439,0.1819,-0.009384,0.3558,1.779,0.8413,0.9497,1.819,0.8228,1.011,0.0,0.0,0.9517,0.0,0.9136,-0.3892,0.6826,0.4639,2.0,0.5,0.0,0.2191,0.0654,-0.1995,4.0,0.0,0.0,0.0,0.0,0.2216,0.5657600000000002,,,
0.3271,0.6045,-0.999,-3.389,1.461,-0.7144,-0.813,1.0,0.0,1.388,1.347,0.03757,0.0,-0.07874,0.9023,2.309,1.601,0.5938,-0.01276,0.7231,1.557,0.3555,0.8413,0.9497,0.844,1.008,0.0,0.0,0.9404,0.0,0.9653,-0.1998,0.5703,1.093,3.0,0.5,0.5,-0.03906,0.3804,0.003944,5.0,0.0,0.0,0.0,0.0,0.5156,-1.1610987999999998,,,
0.544,-0.2499,-1.137,-3.402,-1.198,-0.7144,-0.8213,0.0,0.0,1.681,1.612,-0.02101,0.0,-0.0783,1.009,2.299,1.724,-0.275,-0.01698,-1.8539,1.126,0.7227,0.3555,0.8413,0.8545,1.0,0.0,0.0,0.9204,0.0,0.8286,-0.5425,0.755,-5.562,2.0,0.0,0.0,0.8477,-0.3557,-0.4238,0.0,1.0,0.0,0.0,0.0,-2.57,1.5260760000000002,,,
0.5347,0.81,-0.9673,-3.367,-6.586,-0.5713,-0.829,1.0,0.0,1.345,1.269,0.04422,0.0,-0.0779,0.7095,2.197,1.792,0.767,-0.01674,2.1911,1.008,-1.853,0.7227,0.3555,0.893,0.999,0.0,0.0,0.9155,0.0,0.981,-0.096,0.503,4.49,2.0,0.5,0.5,-0.01636,0.6113,0.2429,1.0,0.0,0.0,0.0,0.0,2.2,0.456492,,,
0.5044,1.043,-0.914,-3.299,0.4119,-0.4285,-0.8374,1.0,0.0,1.247,1.172,0.06235,0.0,-0.0774,0.1127,2.006,1.8125,1.003,-0.01355,0.5694,0.98,2.19,-1.853,0.7227,0.9233,0.996,0.0,0.0,0.914,0.0,1.023,0.1597,0.339,1.106,2.0,1.0,1.0,-0.1758,0.8193,0.4429,2.0,0.0,0.0,0.0,0.0,0.5073,-0.8285759999999998,,,
0.673,0.3545,-1.012,-3.258,-0.521,-0.2856,-0.8457,1.0,0.0,1.439,1.343,0.02037,0.0,-0.07697,1.257,1.742,1.802,0.3176,-0.01268,-1.2959,0.9595,0.5693,2.19,-1.853,0.9346,0.9917,0.0,0.0,0.912,0.0,0.925,-0.0608,0.4534,-2.307,1.0,1.0,0.5,0.4504,0.2798,0.02164,0.0,1.0,0.0,0.0,0.0,-1.04,0.7895175999999998,,,
0.6064,0.9956,-0.9,-3.209,1.705,-0.1428,-0.8535,1.0,0.0,1.23,1.139,0.06235,0.0,-0.07654,0.57,1.396,1.747,0.9756,-0.01194,1.3511,0.968,-1.296,0.5693,2.19,0.9507,0.99,0.0,0.0,0.9126,0.0,1.022,0.04184,0.4233,2.172,1.0,1.5,0.5,-0.1015,0.7812,0.4565,1.0,0.0,0.0,0.0,0.0,1.0205,0.30684272,,,
0.4414,1.099,-0.8574,-3.111,0.2358,0.0,-0.862,1.0,0.0,1.145,1.077,0.07623,0.0,-0.07605,-0.1713,0.9976,1.652,1.153,-0.00939,0.4291,1.018,1.351,-1.296,0.5693,0.9673,0.988,0.0,0.0,0.9146,0.0,1.056,0.3745,0.2002,0.4631,2.0,1.5,1.0,-0.2288,0.8833,0.568,2.0,0.0,0.0,0.0,0.0,0.2087,-0.05564,,,
0.409,0.9653,-0.8496,-3.006,0.01255,0.1428,-0.87,1.0,0.0,1.129,1.066,0.07684,0.0,-0.0756,0.05927,0.545,1.514,1.076,-0.00434,0.0185,1.058,0.4287,1.351,-1.296,0.978,0.9854,0.0,0.0,0.9165,0.0,1.057,0.4927,0.11633,0.01715,2.0,1.5,1.5,-0.2028,0.7974,0.549,3.0,0.0,0.0,0.0,0.0,0.007626,-0.5126840000000001,,,
0.4438,0.3984,-0.914,-2.908,-0.4453,0.2856,-0.878,1.0,0.0,1.242,1.178,0.04904,0.0,-0.07513,-0.1902,0.2001,1.333,0.4792,0.005165,-0.8459,1.064,0.0184,0.4287,1.351,0.997,0.9785,0.0,0.0,0.917,0.0,0.9917,0.4307,0.1321,-1.168,1.0,1.0,1.5,0.1758,0.381,0.271,0.0,1.0,0.0,0.0,0.0,-0.519,-0.093472,,,
0.4097,0.1815,-0.9155,-2.785,-0.3499,0.4285,-0.886,1.0,0.0,1.243,1.184,0.04575,0.0,-0.0747,-0.139,0.0884,1.13,0.3037,0.01281,-0.1038,1.087,-0.8457,0.0184,0.4287,0.9976,0.973,0.0,0.0,0.92,0.0,0.984,0.673,-0.04425,-0.0964,1.0,0.5,1.5,0.1633,0.2404,0.2175,0.0,2.0,0.0,0.0,0.0,-0.044,0.102912,,,
0.3047,0.02805,-0.9185,-2.7,-0.4907,0.5713,-0.8945,1.0,0.0,1.239,1.197,0.04242,0.0,-0.0743,-0.3984,0.2507,0.9175,0.11707,0.02135,-0.1041499999999999,1.104,-0.1039,-0.8457,0.0184,0.992,0.966,0.0,0.0,0.923,0.0,0.976,0.4517,0.11035,-0.0991,0.0,0.0,1.0,0.1804,0.1432,0.1683,0.0,3.0,0.0,0.0,0.0,-0.0454,0.328476,,,
0.2556,0.3467,-0.843,-2.611,3.246,0.7144,-0.9023,1.0,0.0,1.105,1.067,0.0696,0.0,-0.0738,0.4524,0.46,0.7026,0.4346,0.02771,0.8561,1.154,-0.1042,-0.1039,-0.8457,1.006,0.9585,0.0,0.0,0.927,0.0,1.039,0.4502,0.1393,1.228,0.0,0.5,1.0,-0.1465,0.4766,0.3955,1.0,0.0,0.0,0.0,0.0,0.564,0.9543299999999996,,,
0.2188,0.7744,-0.746,-2.52,1.201,0.7144,-0.9106,1.0,0.0,0.947,0.9097,0.1049,0.0,-0.07336,0.656,0.6777,0.537,0.856,0.03506,1.0831,1.259,0.8555,-0.1042,-0.1039,1.018,0.959,0.0,0.0,0.939,0.0,1.122,0.4954,0.1433,1.763,0.0,0.5,1.0,-0.4875,0.8906,0.6216,2.0,0.0,0.0,0.0,0.0,0.7886,-0.7021663999999999,,,
0.3599,0.1307,-0.8384,-2.457,-0.6704,0.7144,-0.9185,1.0,0.0,1.106,1.051,0.0666,0.0,-0.07294,0.2122,0.8564,0.4424,0.2126,0.0389,-1.1379,1.22,1.083,0.8555,-0.1042,1.015,0.9585,0.0,0.0,0.949,0.0,1.032,0.1858,0.325,-1.696,0.0,0.0,0.5,0.06476,0.385,0.2455,0.0,1.0,0.0,0.0,0.0,-0.7344,0.096336,,,
0.315,0.0434,-0.843,-2.416,-0.3066,0.7144,-0.927,1.0,0.0,1.11,1.0625,0.0626,0.0,-0.07245,0.1943,0.981,0.459,0.1143,0.0414,-0.1206,1.102,-1.137,1.083,0.8555,1.011,0.96,0.0,0.0,0.961,0.0,1.022,0.049,0.4185,-0.1652,0.0,0.0,0.0,0.05295,0.2192,0.1749,0.0,2.0,0.0,0.0,0.0,-0.07416,2.28591,,,
0.273,1.431,-0.564,-2.271,12.016,0.857,-0.935,1.0,0.0,0.6865,0.6323,0.1687,0.0,-0.072,0.783,1.215,0.6484,1.355,0.06323,2.7441000000000004,1.062,-0.12067,-1.137,1.083,1.044,0.9673,0.0,0.0,0.987,0.0,1.2705,0.8706,-0.05914,9.62,1.0,0.0,0.5,-1.064,1.462,1.094,1.0,0.0,1.0,0.0,9.375,4.527,0.7453658400000001,,,
0.1538,1.852,-0.4517,-2.14,0.4314,0.857,-0.943,1.0,0.0,0.529,0.4893,0.21,0.0,-0.07153,-0.04666,1.522,0.9243,1.653,0.0822,1.1581,1.32,2.744,-0.12067,-1.137,1.089,0.9775,0.0,0.0,1.012,0.0,1.367,0.7993,0.03436,3.195,1.0,0.0,0.5,-1.322,1.772,1.113,2.0,0.0,1.0,0.0,8.83,1.307,-0.3648800000000001,,,
0.2185,1.477,-0.4841,-2.031,-0.0738,0.857,-0.951,1.0,0.0,0.5757,0.527,0.1952,0.0,-0.0711,0.2385,1.798,1.184,1.273,0.0926,-0.3999,1.477,1.158,2.744,-0.12067,1.131,0.9863,0.0,0.0,1.033,0.0,1.332,0.628,0.1416,-0.8115,0.0,-0.5,0.0,-1.0625,1.422,0.873,0.0,1.0,0.0,0.0,0.0,-0.32,-0.2232935999999998,,,
0.197,1.074,-0.517,-1.902,-0.1427,0.857,-0.9595,1.0,0.0,0.6167,0.5728,0.1802,0.0,-0.0707,0.3423,2.03,1.426,0.8965,0.103,-0.4132,1.571,-0.3997,1.158,2.744,1.161,0.995,0.0,0.0,1.05,0.0,1.297,0.8364,-0.02287,-0.5815,0.0,-0.5,0.0,-0.8223,1.094,0.6504,0.0,2.0,0.0,0.0,0.0,-0.2324,0.5509080000000002,,,
0.1226,1.507,-0.401,-1.774,0.5327,0.857,-0.9673,1.0,0.0,0.463,0.4265,0.2224,0.0,-0.0702,0.2861,2.23,1.664,1.3,0.1158,1.1721,1.772,-0.413,-0.3997,1.158,1.193,1.009,0.0,0.0,1.07,0.0,1.3955,0.8374,0.01985,2.334,1.0,0.0,0.0,-1.113,1.458,0.804,1.0,0.0,0.0,0.0,0.0,0.945,-0.1891943999999999,,,
0.1539,1.136,-0.4353,-1.665,-0.1162,0.857,-0.9756,1.0,0.0,0.508,0.4678,0.2067,0.0,-0.06976,-0.1873,2.371,1.871,0.941,0.1249,-0.4199,1.899,1.172,-0.413,-0.3997,1.231,1.021,0.0,0.0,1.087,0.0,1.358,0.6616,0.1293,-0.801,0.0,0.0,-0.5,-0.8096,1.186,0.5996,0.0,1.0,0.0,0.0,0.0,-0.3127,0.066428,,,
0.12396,1.085,-0.4104,-1.55,0.0888,0.857,-0.984,1.0,0.0,0.4746,0.4382,0.2136,0.0,-0.06934,-0.3367,2.457,2.037,0.916,0.133,0.1883,1.858,-0.42,1.172,-0.413,1.272,1.033,0.0,0.0,1.109,0.0,1.375,0.685,0.1196,0.339,0.0,0.0,-0.5,-0.808,1.116,0.58,1.0,0.0,0.0,0.0,0.0,0.1342,-0.1147139999999999,,,
0.10016,0.7476,-0.4368,-1.428,-0.1758,0.857,-0.9917,1.0,0.0,0.506,0.4744,0.2013,0.0,-0.06885,-0.3582,2.54,2.182,0.5996,0.1431,-0.3334,1.897,0.1881,-0.42,1.172,1.281,1.048,0.0,0.0,1.125,0.0,1.346,0.8096,0.01823,-0.6787,0.0,-0.5,-0.5,-0.5713,0.896,0.437,0.0,1.0,0.0,0.0,0.0,-0.267,0.015432,,,
0.07086,0.6704,-0.415,-1.305,0.03403,0.857,-0.9917,1.0,0.0,0.476,0.4485,0.2079,0.0,-0.0684,-0.5376,2.588,2.305,0.573,0.1511,0.181,1.951,-0.3335,0.1881,-0.42,1.281,1.064,0.0,0.0,1.139,0.0,1.361,0.86,-0.010994,0.3872,1.0,0.0,0.0,-0.5596,0.8867,0.4216,1.0,0.0,0.0,0.0,0.0,0.1538,0.590016,,,
0.0926,0.945,-0.319,-1.159,0.523,0.857,-0.9917,1.0,0.0,0.3625,0.328,0.2429,0.0,-0.06793,0.2603,2.648,2.418,0.864,0.1641,0.9481,1.962,0.1808,-0.3335,0.1881,1.294,1.084,0.0,0.0,1.16,0.0,1.442,0.992,-0.0695,3.246,1.0,0.5,0.5,-0.828,1.171,0.5713,2.0,0.0,0.0,0.0,0.0,1.283,-0.2875667999999999,,,
0.05246,0.63,-0.3438,-1.038,-0.1948,0.857,-0.9917,1.0,0.0,0.3882,0.361,0.232,0.0,-0.0675,-0.4714,2.68,2.504,0.568,0.1747,-0.2859,1.993,0.948,0.1808,-0.3335,1.309,1.105,0.0,0.0,1.177,0.0,1.417,0.823,0.0399,-0.641,1.0,0.0,0.0,-0.6514,0.917,0.4412,0.0,1.0,0.0,0.0,0.0,-0.246,-0.036724,,,
0.0107,0.4492,-0.3513,-0.9453,-0.1378,0.857,-0.9917,1.0,0.0,0.394,0.3738,0.2278,0.0,-0.0671,-0.1655,2.656,2.549,0.416,0.1815,-0.1120999999999999,2.01,-0.2856,0.948,0.1808,1.31,1.123,0.0,0.0,1.191,0.0,1.407,0.661,0.1515,-0.1841,0.0,-0.5,-0.5,-0.5728,0.7363,0.364,0.0,2.0,0.0,0.0,0.0,-0.0713,-0.0108299999999999,,,
-0.0529,0.3352,-0.3384,-0.8247,-0.09625,0.857,-0.9917,1.0,0.0,0.3733,0.3633,0.2314,0.0,-0.0666,-0.3804,2.555,2.572,0.3489,0.19,0.0966,2.006,-0.1121,-0.2856,0.948,1.316,1.14,0.0,0.0,1.206,0.0,1.416,1.029,-0.1077,0.159,1.0,0.0,0.0,-0.5405,0.6978,0.339,1.0,0.0,0.0,0.0,0.0,0.0618,0.5389544000000002,,,
-0.10205,0.4634,-0.2717,-0.685,0.4622,0.857,-0.9917,1.0,0.0,0.2925,0.2878,0.2554,0.0,-0.06616,-0.644,2.35,2.592,0.531,0.1996,0.6334,1.945,0.09644,-0.1121,-0.2856,1.328,1.156,0.0,0.0,1.227,0.0,1.472,1.142,-0.1632,0.9355,1.0,0.5,0.5,-0.82,0.752,0.4365,2.0,0.0,1.0,0.0,3.457,0.3625,-0.0208632,,,
-0.3484,0.438,-0.2556,-0.6133,0.08374,0.857,-0.9917,1.0,0.0,0.2546,0.2896,0.2603,0.0,-0.06573,-0.735,2.242,2.605,0.4553,0.2098,0.1258,1.827,0.633,0.09644,-0.1121,1.345,1.173,0.0,0.0,1.247,0.0,1.482,0.742,0.1266,0.2155,1.0,0.5,0.5,-0.8325,0.66,0.4238,3.0,0.0,0.0,0.0,0.0,0.08185,-0.13817616,,,
-0.419,0.3386,-0.2632,-0.571,-0.07135,0.857,-0.9917,1.0,0.0,0.2576,0.3042,0.2559,0.0,-0.06525,-0.546,2.178,2.592,0.3362,0.2146,-0.1095,1.618,0.1257,0.633,0.09644,1.357,1.187,0.0,0.0,1.269,0.0,1.473,0.403,0.3643,-0.2593,1.0,0.5,0.0,-0.7266,0.5166,0.3655,0.0,1.0,0.0,0.0,0.0,-0.09814,-0.7864056000000003,,,
-0.333,-0.3076,-0.3872,-0.547,-1.512,0.7144,-0.9917,0.0,0.0,0.4097,0.4468,0.2073,0.0,-0.0648,0.4084,2.059,2.533,-0.3096,0.216,-1.2649,1.389,-0.10956,0.1257,0.633,1.348,1.201,0.0,0.0,1.281,0.0,1.358,0.01753,0.5894,-4.793,1.0,0.0,0.0,-0.11536,-0.02893,-0.03424,0.0,2.0,0.0,1.0,-5.145,-1.82,0.080606,,,
-0.4048,-0.2595,-0.367,-0.5093,-0.09424,0.5713,-0.9917,0.0,0.0,0.3794,0.4275,0.2134,0.0,-0.06433,-0.5205,1.9,2.434,-0.2452,0.217,0.1636999999999999,1.242,-1.265,-0.10956,0.1257,1.343,1.213,0.0,0.0,1.292,0.0,1.373,0.226,0.447,0.3284,1.0,0.5,0.5,-0.2144,-0.03041,-0.0224,1.0,0.0,0.0,0.0,0.0,0.1299,-0.17110768,,,
-0.5044,-0.361,-0.3865,-0.505,0.7417,0.4285,-0.9917,0.0,0.0,0.395,0.46,0.2042,0.0,-0.0639,-0.752,1.728,2.271,-0.3584,0.2167,-0.244,0.869,0.1636,-1.265,-0.10956,1.336,1.222,0.0,0.0,1.306,0.0,1.352,-0.2996,0.8125,-0.3818,0.0,0.0,0.0,-0.1079,-0.162,-0.1766,0.0,1.0,0.0,0.0,0.0,-0.1501,0.026964,,,
-0.524,-0.4211,-0.395,-0.491,0.3628,0.2856,-1.0,0.0,0.0,0.4038,0.4724,0.1991,0.0,-0.0635,-0.491,1.521,2.033,-0.4248,0.2167,-0.1393,0.2573,-0.244,0.1636,-1.265,1.327,1.233,0.0,0.0,1.318,0.0,1.339,-0.1849,0.7256,-0.1622,-1.0,-0.5,0.0,-0.04694,-0.2314,-0.4526,0.0,2.0,0.0,0.0,0.0,-0.0643,0.130804,,,
-0.561,-0.188,-0.3418,-0.4705,-0.5996,0.1428,-1.008,0.0,0.0,0.3367,0.4094,0.2173,0.0,-0.063,-0.594,1.277,1.827,-0.1882,0.2166,0.4942,0.1616,-0.1394,-0.244,0.1636,1.316,1.244,0.0,0.0,1.323,0.0,1.382,-0.05362,0.6504,0.65,0.0,0.0,0.0,-0.2308,-0.02216,-0.1556,1.0,0.0,0.0,0.0,0.0,0.2588,0.0277599999999999,,,
-0.584,-0.1187,-0.3179,-0.4363,-0.5605,0.0,-1.017,0.0,0.0,0.307,0.3823,0.2242,0.0,-0.06256,-0.7803,1.027,1.655,-0.1235,0.2184,0.1866,0.1587,0.494,-0.1394,-0.244,1.307,1.254,0.0,0.0,1.325,0.0,1.397,0.1719,0.4968,0.2466,1.0,0.5,0.5,-0.2834,0.0329,-0.02,2.0,0.0,1.0,0.0,2.217,0.0967,-0.0425599999999999,,,
-0.6064,-0.163,-0.3186,-0.4072,1.4,-0.1428,-1.024,0.0,0.0,0.306,0.385,0.2218,0.0,-0.0621,-0.844,0.7534,1.477,-0.1766,0.2201,-0.0644,0.1312,0.1865,0.494,-0.1394,1.298,1.263,0.0,0.0,1.327,0.0,1.392,0.0705,0.5664,-0.0655,0.0,0.0,0.0,-0.2769,-0.0681,-0.10114,0.0,1.0,0.0,0.0,0.0,-0.02553,-0.3762651999999998,,,
-0.6113,-0.4363,-0.3767,-0.4136,3.707,-0.2856,-1.032,0.0,0.0,0.3745,0.4568,0.1976,0.0,-0.06165,-0.1895,0.5015,1.28,-0.4392,0.2163,-0.6464,0.0792,-0.0645,0.1865,0.494,1.295,1.272,0.0,0.0,1.329,0.0,1.335,-0.6665,1.067,-1.492,0.0,-0.5,-0.5,0.01953,-0.3428,-0.711,0.0,2.0,0.0,1.0,-2.734,-0.583,-0.470684,,,
-0.5923,-0.567,-0.406,-0.4219,0.5254,-0.4285,-1.041,0.0,0.0,0.4119,0.492,0.1843,0.0,-0.06122,-0.5234,0.2734,1.089,-0.568,0.2129,-0.3627,0.1401,-0.646,-0.0645,0.1865,1.287,1.282,0.0,0.0,1.325,0.0,1.305,-0.6885,1.07,-0.5723,0.0,-1.0,-0.5,0.1727,-0.477,-0.915,0.0,3.0,0.0,0.0,0.0,-0.2281,0.054962,,,
-0.624,-0.446,-0.3818,-0.423,-0.1322,-0.5713,-1.049,0.0,0.0,0.3796,0.464,0.191,0.0,-0.06076,-0.3293,0.03824,0.891,-0.464,0.2115,0.1837,0.168,-0.3628,-0.646,-0.0645,1.283,1.291,0.0,0.0,1.324,0.0,1.319,-0.547,0.9756,0.2296,0.0,-0.5,0.0,0.0839,-0.374,-0.7256,1.0,0.0,0.0,0.0,0.0,0.0926,0.2332734,,,
-0.5625,-0.217,-0.3337,-0.4185,-0.5376,-0.7144,-1.057,0.0,0.0,0.3271,0.3997,0.2067,0.0,-0.0603,0.5737,-0.1692,0.6826,-0.2389,0.2098,0.4315,0.1732,0.1835,-0.3628,-0.646,1.285,1.301,0.0,0.0,1.323,0.0,1.356,-0.3792,0.872,1.438,0.0,0.0,0.0,-0.10846,-0.1953,-0.3784,2.0,0.0,0.0,0.0,0.0,0.5767,-0.2017644000000001,,,
-0.5996,-0.2272,-0.3396,-0.4307,0.2129,-0.857,-1.065,0.0,0.0,0.331,0.41,0.2021,0.0,-0.05984,-0.7407,-0.2622,0.4768,-0.2588,0.2068,-0.12264,0.1719,0.4312,0.1835,-0.3628,1.281,1.307,0.0,0.0,1.323,0.0,1.346,-0.7754,1.15,-0.2482,0.0,-0.5,-0.5,-0.05353,-0.2542,-0.4766,0.0,1.0,0.0,0.0,0.0,-0.0982,-0.0283631999999999,,,
-0.515,-0.4924,-0.4036,-0.4636,2.078,-1.0,-1.073,0.0,0.0,0.415,0.4824,0.1761,0.0,-0.05942,0.1048,-0.1759,0.2673,-0.527,0.2013,-0.7064,0.2378,-0.12274,0.4312,0.1835,1.269,1.314,0.0,0.0,1.32,0.0,1.284,-1.051,1.32,-1.436,0.0,-0.5,-1.0,0.2654,-0.525,-0.9277,0.0,2.0,0.0,0.0,0.0,-0.57,-0.1494519999999999,,,
-0.474,-0.606,-0.44,-0.5093,0.4277,-1.143,-1.073,0.0,0.0,0.4634,0.526,0.1611,0.0,-0.05896,-0.2837,-0.0223,0.11615,-0.632,0.194,-0.4201,0.3176,-0.706,-0.12274,0.4312,1.252,1.32,0.0,0.0,1.3125,0.0,1.249,-1.116,1.352,-0.6533,0.0,-0.5,-1.0,0.3657,-0.7295,-1.053,0.0,3.0,0.0,0.0,0.0,-0.2654,0.0775276,,,
-0.571,-0.4993,-0.4214,-0.519,-0.0835,-1.143,-1.073,0.0,0.0,0.4324,0.51,0.1663,0.0,-0.0585,-0.139,0.11743,0.03143,-0.511,0.19,0.1449,0.3735,-0.42,-0.706,-0.12274,1.243,1.32,0.0,0.0,1.306,0.0,1.261,-0.6587,1.03,0.1847,0.0,-0.5,-0.5,0.2659,-0.6255,-0.856,1.0,0.0,0.0,0.0,0.0,0.076,0.4002960000000001,,,
-0.555,-0.1661,-0.3535,-0.5186,-0.7183,-1.143,-1.073,0.0,0.0,0.3513,0.4233,0.1895,0.0,-0.05804,-0.11945,0.2235,-0.00467,-0.1779,0.1879,0.6531,0.375,0.1447,-0.42,-0.706,1.244,1.319,0.0,0.0,1.302,0.0,1.315,-0.3901,0.8623,0.737,0.0,-0.5,-0.5,-0.004734,-0.2976,-0.4302,2.0,0.0,0.0,0.0,0.0,0.3018,0.189048,,,
-0.5415,-0.07697,-0.3325,-0.5083,-0.9897,-1.0,-1.073,1.0,0.0,0.3276,0.3967,0.1956,0.0,-0.05762,-0.5093,0.298,0.009346,-0.0876,0.1871,0.1662,0.3606,0.6523,0.1447,-0.42,1.245,1.319,0.0,0.0,1.299,0.0,1.329,-0.2048,0.7363,0.1666,1.0,0.0,0.0,-0.0723,-0.2238,-0.3008,3.0,0.0,0.0,0.0,0.0,0.0669,-0.167404,,,
-0.554,-0.1148,-0.337,-0.4958,-9.2,-1.0,-1.073,0.0,0.0,0.3315,0.4028,0.1921,0.0,-0.05716,-0.6846,0.3423,0.05304,-0.1289,0.1869,-0.0907999999999999,0.2783,0.166,0.6523,0.1447,1.241,1.319,0.0,0.0,1.292,0.0,1.321,-0.183,0.7173,-0.0936,1.0,0.0,0.0,-0.05283,-0.2878,-0.3218,0.0,1.0,0.0,0.0,0.0,-0.03738,0.2286991999999999,,,
-0.5146,0.03317,-0.305,-0.4893,-4.586,-0.857,-1.073,1.0,0.0,0.2974,0.361,0.2021,0.0,-0.0567,-0.07996,0.36,0.0962,0.002844,0.1869,0.2734999999999999,0.1451,-0.0909,0.166,0.6523,1.241,1.318,0.0,0.0,1.287,0.0,1.345,-0.2964,0.8086,0.4163,2.0,0.5,0.0,-0.1567,-0.1694,-0.0742,1.0,0.0,0.0,0.0,0.0,0.1667,0.9139960000000004,,,
-0.439,0.602,-0.1798,-0.4587,5.44,-0.7144,-1.065,1.0,1.0,0.1644,0.2114,0.2462,0.0,-0.05624,0.475,0.316,0.1078,0.514,0.1921,1.1991,0.10175,0.2734,-0.0909,0.166,1.261,1.321,0.0,0.0,1.286,0.0,1.447,0.1455,0.538,4.47,2.0,0.5,0.0,-0.5483,0.3596,0.98,2.0,0.0,0.0,0.0,0.0,1.774,0.2060355999999999,,,
-0.3945,0.432,-0.2072,-0.4343,-0.1327,-0.5713,-1.057,1.0,1.0,0.1975,0.2383,0.2345,0.0,-0.05582,-0.4429,0.227,0.1084,0.3447,0.1931,-0.3087,0.1501,1.199,0.2734,-0.0909,1.281,1.322,0.0,0.0,1.288,0.0,1.42,0.0374,0.6035,-0.3977,1.0,0.0,0.0,-0.3936,0.1606,0.618,0.0,1.0,0.0,0.0,0.0,-0.1522,-0.0326007999999999,,,
-0.4487,0.5337,-0.1722,-0.3887,0.3452,-0.4285,-1.049,1.0,1.0,0.1556,0.204,0.2456,0.0,-0.05536,-0.679,0.1395,0.096,0.4575,0.1957,0.2961,0.2219,-0.3086,1.199,0.2734,1.303,1.325,0.0,0.0,1.292,0.0,1.446,0.438,0.3289,0.3508,1.0,0.5,0.5,-0.4744,0.2378,0.745,1.0,0.0,0.0,0.0,0.0,0.1356,-0.26419984,,,
-0.3928,0.1755,-0.2333,-0.3467,-0.489,-0.2856,-1.049,1.0,0.0,0.2262,0.2676,0.2214,0.0,-0.0549,0.03323,0.06244,0.07635,0.1032,0.1985,-0.6339,0.2346,0.2957,-0.3086,1.199,1.312,1.326,0.0,0.0,1.293,0.0,1.39,0.296,0.4055,-0.826,1.0,0.5,0.5,-0.1587,-0.04474,0.2373,0.0,1.0,0.0,0.0,0.0,-0.3164,0.2005376,,,
-0.325,0.799,-0.08264,-0.2769,2.727,-0.1428,-1.041,1.0,1.0,0.0726,0.0979,0.2747,0.0,-0.05444,0.903,0.0061,0.05237,0.7173,0.2043,1.4231,0.398,-0.634,0.2957,-0.3086,1.333,1.328,0.0,0.0,1.301,0.0,1.514,0.623,0.2266,3.072,1.0,1.0,0.5,-0.633,0.552,0.9927,1.0,0.0,0.0,0.0,0.0,1.2,-0.422996,,,
-0.2976,0.1884,-0.1992,-0.2434,-0.608,0.0,-1.032,1.0,1.0,0.1967,0.2213,0.2302,0.0,-0.05402,0.165,-0.02205,0.02884,0.108,0.2067,-1.1379,0.4111,1.422,-0.634,0.2957,1.344,1.328,0.0,0.0,1.302,0.0,1.41,0.08704,0.5635,-1.85,0.0,0.5,0.0,-0.0661,0.0734,0.2456,0.0,1.0,0.0,0.0,0.0,-0.692,-0.3820319999999998,,,
-0.236,-0.00867,-0.232,-0.216,-0.6475,0.1428,-1.032,1.0,0.0,0.2374,0.2532,0.2163,0.0,-0.05356,-0.1653,-0.01165,-0.002768,-0.08984,0.208,-0.369,0.405,-1.137,1.422,-0.634,1.348,1.327,0.0,0.0,1.301,0.0,1.377,0.01136,0.603,-0.4102,0.0,0.0,0.0,0.08246,-0.11444,0.02692,0.0,2.0,0.0,0.0,0.0,-0.159,0.118488,,,
-0.2432,0.03827,-0.208,-0.1691,0.8237,0.2856,-1.024,1.0,1.0,0.2106,0.2267,0.2233,0.0,-0.0531,0.06174,0.0662,-0.03564,-0.05316,0.2122,0.1868999999999999,0.4065,-0.369,-1.137,1.422,1.341,1.327,0.0,0.0,1.302,0.0,1.394,0.2815,0.4177,0.2488,0.0,0.0,0.5,-0.002033,-0.05054,0.1389,1.0,0.0,0.0,0.0,0.0,0.0976,-0.1903151999999999,,,
-0.1921,-0.2783,-0.2615,-0.1252,-2.695,0.2856,-1.024,0.0,0.0,0.2737,0.2834,0.2021,0.0,-0.05264,0.1368,0.1676,-0.037,-0.377,0.2161,-0.5649,0.404,0.1866,-0.369,-1.137,1.332,1.323,0.0,0.0,1.302,0.0,1.344,0.2261,0.4353,-0.7197,0.0,0.0,0.5,0.257,-0.2722,-0.2103,0.0,1.0,0.0,0.0,0.0,-0.2808,-0.361012,,,
-0.1833,-0.466,-0.2917,-0.09424,1.153,0.2856,-1.024,0.0,0.0,0.309,0.3184,0.1895,0.0,-0.05222,-0.2446,0.2444,-0.015434,-0.569,0.2183,-0.3449,0.3972,-0.565,0.1866,-0.369,1.316,1.318,0.0,0.0,1.302,0.0,1.314,0.0822,0.525,-0.4631,-1.0,-0.5,0.0,0.3704,-0.4185,-0.4246,0.0,2.0,0.0,0.0,0.0,-0.184,0.53506,,,
-0.2094,-0.04318,-0.1909,-0.05603,-1.041,0.4285,-1.017,1.0,1.0,0.1948,0.2048,0.2242,0.0,-0.05176,-0.3853,0.291,0.0166,-0.1436,0.22,0.9551,0.3938,-0.345,-0.565,0.1866,1.317,1.316,0.0,0.0,1.306,0.0,1.3955,0.1593,0.506,1.409,0.0,-0.5,0.0,0.00227,0.04327,0.1217,1.0,0.0,0.0,0.0,0.0,0.566,0.7617411999999999,,,
-0.197,0.4673,-0.06354,0.005417,14.44,0.4285,-1.008,1.0,1.0,0.0636,0.0675,0.2686,0.0,-0.0513,-0.3086,0.3303,0.06946,0.3713,0.2242,1.1861,0.492,0.9546,-0.345,-0.565,1.316,1.32,0.0,0.0,1.312,0.0,1.499,0.3784,0.3948,2.291,1.0,0.0,0.0,-0.3901,0.5557,0.721,2.0,0.0,1.0,0.0,5.46,0.8936,0.0070832,,,
-0.1868,0.343,-0.0715,0.0647,-0.10846,0.5713,-1.0,1.0,1.0,0.0724,0.0748,0.2644,0.0,-0.05084,-0.6484,0.3535,0.1366,0.2705,0.2278,-0.1088,0.557,1.185,0.9546,-0.345,1.325,1.324,0.0,0.0,1.317,0.0,1.489,0.3713,0.3958,-0.1616,0.0,-0.5,0.0,-0.3025,0.447,0.57,0.0,1.0,0.0,0.0,0.0,-0.06076,0.6290240000000001,,,
-0.1753,0.804,0.05255,0.1434,1.294,0.5713,-0.9917,1.0,1.0,-0.04684,-0.05002,0.3079,0.0,-0.0504,0.0701,0.398,0.235,0.715,0.2361,1.1241,0.709,-0.1088,1.185,0.9546,1.351,1.331,0.0,0.0,1.33,0.0,1.591,0.526,0.33,2.527,1.0,0.0,0.0,-0.684,0.83,0.951,1.0,0.0,1.0,0.0,4.48,0.953,0.149136,,,
-0.2788,0.8125,0.0711,0.1953,0.1436,0.5713,-0.984,1.0,1.0,-0.0724,-0.05927,0.3135,0.0,-0.04996,-0.4827,0.4668,0.3271,0.723,0.2408,0.1432999999999999,0.7856,1.123,-0.1088,1.185,1.375,1.338,0.0,0.0,1.345,0.0,1.604,0.3464,0.4639,0.214,2.0,0.0,0.0,-0.667,0.7915,0.869,2.0,0.0,0.0,0.0,0.0,0.07794,0.2683799999999999,,,
-0.294,0.8857,0.109,0.263,0.2212,0.5713,-0.9756,1.0,1.0,-0.1083,-0.09375,0.3262,0.0,-0.0495,-0.593,0.5312,0.412,0.8086,0.2465,0.3152999999999999,0.8696,0.1432,1.123,-0.1088,1.409,1.346,0.0,0.0,1.36,0.0,1.633,0.505,0.3638,0.4746,2.0,0.5,0.5,-0.7075,0.8315,0.8647,3.0,0.0,0.0,0.0,0.0,0.1721,-0.0572679999999999,,,
-0.2761,0.7656,0.1015,0.3213,0.0003405,0.5713,-0.9673,1.0,1.0,-0.10004,-0.08826,0.3228,0.0,-0.04904,-0.4038,0.578,0.479,0.718,0.2499,-0.0891,0.949,0.315,0.1432,1.123,1.445,1.352,0.0,0.0,1.374,0.0,1.625,0.4202,0.4207,-0.1007,1.0,0.5,0.0,-0.619,0.682,0.7056,0.0,1.0,0.0,0.0,0.0,-0.03616,0.102656,,,
-0.2472,0.3472,0.02802,0.3792,-0.3945,0.5713,-0.9595,1.0,1.0,-0.0295,-0.02023,0.2952,0.0,-0.0486,-0.3474,0.6147,0.533,0.3206,0.254,-0.6779000000000001,0.9404,-0.0891,0.315,0.1432,1.465,1.356,0.0,0.0,1.383,0.0,1.561,0.393,0.4119,-0.8965,1.0,0.0,0.0,-0.3174,0.3005,0.3657,0.0,2.0,0.0,0.0,0.0,-0.323,0.0793429599999999,,,
-0.3901,0.3848,0.04413,0.4038,0.227,0.5713,-0.951,1.0,1.0,-0.05615,-0.02411,0.3,0.0,-0.04816,-0.665,0.6445,0.5615,0.3652,0.2551,0.1219,0.9106,-0.6777,-0.0891,0.315,1.474,1.363,0.0,0.0,1.394,0.0,1.571,0.10223,0.6245,0.1157,1.0,0.5,0.0,-0.3762,0.2537,0.3691,1.0,0.0,0.0,0.0,0.0,0.0426,0.1696368,,,
-0.4556,0.4258,0.07135,0.4612,0.2275,0.5713,-0.943,1.0,1.0,-0.0868,-0.04492,0.309,0.0,-0.0477,-0.6313,0.6685,0.58,0.422,0.2595,0.2276,0.8994,0.12177,-0.6777,-0.0891,1.486,1.371,0.0,0.0,1.404,0.0,1.593,0.605,0.275,0.2622,1.0,1.0,0.5,-0.4312,0.296,0.4133,2.0,0.0,0.0,0.0,0.0,0.0961,0.099786744,,,
-0.4822,0.522,0.11694,0.537,0.3367,0.5713,-0.935,1.0,1.0,-0.1306,-0.0857,0.3247,0.0,-0.04724,-0.695,0.684,0.612,0.549,0.2646,0.3917,0.9727,0.2274,0.12177,-0.6777,1.49,1.38,0.0,0.0,1.412,0.0,1.629,0.8604,0.1086,0.3403,1.0,1.0,1.0,-0.527,0.416,0.5107,3.0,0.0,0.0,0.0,0.0,0.12384,-0.2097403759999999,,,
-0.5117,0.331,0.0945,0.6016,-0.2051,0.5713,-0.927,1.0,1.0,-0.11255,-0.0622,0.3164,0.0,-0.0468,-0.494,0.7114,0.6406,0.3733,0.2703,-0.2083,1.001,0.3914,0.2274,0.12177,1.491,1.388,0.0,0.0,1.42,0.0,1.609,0.7197,0.2003,-0.2136,1.0,0.5,0.5,-0.4087,0.2573,0.3718,0.0,1.0,0.0,0.0,0.0,-0.0768,0.4839463999999999,,,
-0.53,0.5767,0.1805,0.6987,0.77,0.7144,-0.9185,1.0,1.0,-0.1907,-0.1399,0.347,0.0,-0.04636,-0.2354,0.7905,0.694,0.615,0.2805,0.7564,1.097,-0.2083,0.3914,0.2274,1.497,1.396,0.0,0.0,1.43,0.0,1.681,1.126,-0.05826,1.326,2.0,1.0,1.0,-0.6333,0.5347,0.589,1.0,0.0,0.0,0.0,0.0,0.4802,0.0557616,,,
-0.5337,0.4915,0.196,0.808,-0.004898,0.857,-0.9106,1.0,1.0,-0.2045,-0.1533,0.352,0.0,-0.0459,-0.3674,0.9126,0.7773,0.5293,0.2922,0.1245,1.143,0.756,-0.2083,0.3914,1.505,1.408,0.0,0.0,1.442,0.0,1.692,1.317,-0.1898,0.1874,2.0,1.0,1.5,-0.653,0.4758,0.557,2.0,0.0,0.0,0.0,0.0,0.0662,-0.0402231999999999,,,
-0.598,0.397,0.2019,0.895,-0.0429,0.857,-0.9023,1.0,1.0,-0.2147,-0.1533,0.3538,0.0,-0.04544,-0.8076,1.039,0.887,0.429,0.302,0.04383,1.231,0.1243,0.756,-0.2083,1.5205,1.421,0.0,0.0,1.45,0.0,1.696,1.202,-0.1056,0.04883,2.0,1.0,1.5,-0.6587,0.37,0.5054,3.0,0.0,0.0,0.0,0.0,0.0172,-0.1178079999999999,,,
-0.653,0.267,0.1888,0.949,-0.1569,0.857,-0.8945,1.0,1.0,-0.2079,-0.1371,0.3489,0.0,-0.045,-0.595,1.157,0.992,0.2808,0.3093,-0.1163599999999999,1.24,0.0437,0.1243,0.756,1.534,1.433,0.0,0.0,1.461,0.0,1.686,0.8887,0.1133,-0.09937,1.0,0.5,1.0,-0.556,0.2615,0.4067,0.0,1.0,0.0,0.0,0.0,-0.03494,0.0220138,,,
-0.6553,0.2063,0.193,1.008,-0.0532,0.857,-0.886,1.0,1.0,-0.2117,-0.1406,0.35,0.0,-0.04456,-0.7056,1.251,1.084,0.2145,0.316,0.02932,1.192,-0.1164,0.0437,0.1243,1.546,1.443,0.0,0.0,1.475,0.0,1.688,0.9736,0.05405,0.03564,2.0,1.0,1.5,-0.5703,0.1656,0.3708,1.0,0.0,0.0,0.0,0.0,0.01258,0.2951803999999999,,,
-0.684,0.381,0.2471,1.05,0.782,0.857,-0.878,1.0,1.0,-0.26,-0.1858,0.3691,0.0,-0.0441,0.3445,1.37,1.178,0.3442,0.3237,0.4598,1.17,0.0292,-0.1164,0.0437,1.558,1.455,0.0,0.0,1.488,0.0,1.732,0.7935,0.2021,0.8887,2.0,1.5,1.5,-0.6836,0.3188,0.4854,2.0,0.0,0.0,0.0,0.0,0.3135,0.0202341999999999,,,
-0.6377,0.3289,0.2472,1.089,0.01269,0.857,-0.87,1.0,1.0,-0.2563,-0.1898,0.369,0.0,-0.04364,0.0645,1.473,1.265,0.2625,0.33,-0.007095,1.028,0.4595,0.0292,-0.1164,1.572,1.466,0.0,0.0,1.505,0.0,1.731,0.736,0.2428,-0.01269,1.0,1.0,1.0,-0.6396,0.2384,0.4514,0.0,1.0,0.0,0.0,0.0,-0.00441,-0.0591848,,,
-0.598,0.3616,0.2659,1.124,0.219,0.857,-0.862,1.0,1.0,-0.269,-0.2092,0.3752,0.0,-0.0432,-0.004642,1.536,1.321,0.3035,0.333,0.1512,0.7544,-0.00719,0.4595,0.0292,1.58,1.478,0.0,0.0,1.522,0.0,1.746,0.6743,0.2932,0.201,1.0,1.0,1.0,-0.6426,0.2474,0.5312,1.0,0.0,0.0,0.0,0.0,0.06995,-0.2116814,,,
-0.6045,0.1759,0.231,1.151,-0.3147,0.857,-0.8535,1.0,1.0,-0.24,-0.1783,0.3625,0.0,-0.04276,-0.6016,1.557,1.351,0.1153,0.3362,-0.3007,0.5293,0.151,-0.00719,0.4595,1.583,1.485,0.0,0.0,1.536,0.0,1.717,0.4934,0.4094,-0.3264,1.0,0.5,1.0,-0.4934,0.04956,0.3767,0.0,1.0,0.0,0.0,0.0,-0.113,0.145954,,,
-0.63,0.06143,0.2173,1.194,-0.342,0.857,-0.8457,1.0,1.0,-0.2305,-0.1643,0.3574,0.0,-0.0423,-0.4624,1.551,1.368,-0.00247,0.341,-0.1227999999999999,0.4355,-0.3008,0.151,-0.00719,1.584,1.493,0.0,0.0,1.545,0.0,1.704,0.987,0.05182,-0.2361,0.0,0.5,1.0,-0.4102,-0.03934,0.2698,0.0,2.0,0.0,0.0,0.0,-0.08246,0.0242079999999999,,,
-0.564,-0.2164,0.1602,1.222,-1.946,0.7144,-0.8374,0.0,1.0,-0.1757,-0.11865,0.3364,0.0,-0.04184,-0.0514,1.478,1.364,-0.2769,0.3438,-0.5009,0.2693,-0.12286,-0.3008,0.151,1.58,1.499,0.0,0.0,1.552,0.0,1.655,0.4688,0.4004,-0.861,-1.0,0.0,0.5,-0.1709,-0.2637,-0.11914,0.0,3.0,0.0,0.0,0.0,-0.302,0.1215799999999999,,,
-0.5264,-0.1333,0.1885,1.25,-0.524,0.5713,-0.829,0.0,1.0,-0.1974,-0.1473,0.3462,0.0,-0.0414,0.03183,1.351,1.353,-0.1796,0.345,0.2360999999999999,0.2386,-0.5005,-0.12286,-0.3008,1.579,1.508,0.0,0.0,1.556,0.0,1.678,0.4756,0.4053,0.5405,0.0,0.0,0.5,-0.2642,-0.1807,0.033,1.0,0.0,0.0,0.0,0.0,0.1926,0.1254664,,,
-0.558,-0.0653,0.2122,1.273,-1.265,0.5713,-0.8213,1.0,1.0,-0.2203,-0.1656,0.354,0.0,-0.04095,-0.753,1.174,1.324,-0.10077,0.3462,0.1903999999999999,0.2202,0.2358,-0.5005,-0.12286,1.575,1.513,0.0,0.0,1.56,0.0,1.696,0.3813,0.4807,0.255,0.0,0.0,0.5,-0.3242,-0.1186,0.1536,2.0,0.0,0.0,0.0,0.0,0.09015,-0.3934201120000001,,,
-0.4353,-0.378,0.1426,1.289,-14.766,0.4285,-0.813,0.0,1.0,-0.1498,-0.11316,0.3284,0.0,-0.0405,0.02138,0.9297,1.272,-0.3762,0.344,-0.6186,0.2179,0.1902,0.2358,-0.5005,1.564,1.519,0.0,0.0,1.56,0.0,1.637,0.0794,0.67,-1.336,0.0,0.0,0.5,-0.0642,-0.4084,-0.3657,0.0,1.0,0.0,1.0,-2.355,-0.4697,-0.4740799999999999,,,
-0.3699,-0.7144,0.05478,1.262,1.346,0.2856,-0.8047,0.0,1.0,-0.0645,-0.03607,0.2964,0.0,-0.04004,-0.0805,0.669,1.188,-0.7007,0.3398,-0.7865,0.2783,-0.618,0.1902,0.2358,1.543,1.524,0.0,0.0,1.558,0.0,1.562,-0.8135,1.274,-1.395,0.0,-0.5,0.0,0.285,-0.707,-0.924,0.0,2.0,0.0,0.0,0.0,-0.5,-0.2679308,,,
-0.3574,-0.826,0.01724,1.224,0.3218,0.1428,-0.797,0.0,1.0,-0.02808,-0.0005627,0.2822,0.0,-0.0396,-0.338,0.4348,1.078,-0.8164,0.3352,-0.3573,0.3247,-0.786,-0.618,0.1902,1.5205,1.528,0.0,0.0,1.556,0.0,1.528,-1.033,1.416,-0.4814,0.0,-1.0,-0.5,0.413,-0.808,-1.124,0.0,3.0,0.0,0.0,0.0,-0.177,-0.2850595999999999,,,
-0.2399,-0.983,-0.03464,1.172,0.3582,0.0,-0.7886,0.0,1.0,0.03156,0.04153,0.263,0.0,-0.03915,0.069,0.2493,0.925,-0.9453,0.3264,-0.4923,0.459,-0.3574,-0.786,-0.618,1.495,1.532,0.0,0.0,1.553,0.0,1.483,-1.198,1.514,-0.985,-1.0,-1.0,-1.0,0.5923,-0.9556,-1.265,0.0,4.0,0.0,1.0,-2.986,-0.3662,-0.2383959999999999,,,
-0.1809,-0.961,-0.04425,1.12,0.1071,-0.1428,-0.7803,0.0,1.0,0.04578,0.04642,0.2585,0.0,-0.0387,0.1326,0.1443,0.754,-0.927,0.3203,-0.1093,0.6055,-0.4922,-0.3574,-0.786,1.474,1.536,0.0,0.0,1.548,0.0,1.473,-1.194,1.507,-0.168,-2.0,-1.5,-1.0,0.5815,-0.9336,-1.146,0.0,5.0,0.0,0.0,0.0,-0.0634,-0.8295485600000001,,,
0.0081,-1.468,-0.1866,1.035,0.7495,-0.2856,-0.7725,0.0,1.0,0.2076,0.1821,0.207,0.0,-0.03827,-0.2493,0.2096,0.583,-1.425,0.3098,-1.3409,0.959,-0.1093,-0.4922,-0.3574,1.436,1.535,0.0,0.0,1.536,0.0,1.353,-1.454,1.64,-2.438,-2.0,-1.5,-1.5,1.148,-1.434,-1.282,0.0,5.0,0.0,1.0,-5.098,-0.9233,-0.0499796,,,
-0.07,-1.023,-0.1053,0.9575,-0.2091,-0.4285,-0.764,0.0,1.0,0.11597,0.1005,0.2347,0.0,-0.0378,-0.2522,0.4248,0.4382,-0.979,0.2998,0.7531,1.119,-1.34,-0.1093,-0.4922,1.402,1.533,0.0,0.0,1.528,0.0,1.417,-1.323,1.575,1.023,-1.0,-1.0,-1.5,0.76,-0.9453,-0.967,1.0,0.0,0.0,0.0,0.0,0.4048,0.8218079999999999,,,
-0.09436,-0.4001,0.02473,0.9087,-0.5737,-0.5713,-0.756,0.0,1.0,-0.01414,-0.02966,0.2798,0.0,-0.03735,0.4482,0.683,0.3809,-0.334,0.2913,1.1911,1.143,0.7524,-1.34,-0.1093,1.39,1.534,0.0,0.0,1.521,0.0,1.522,-0.7803,1.233,2.387,0.0,-0.5,-1.0,0.258,-0.3157,-0.502,2.0,0.0,0.0,0.0,0.0,0.922,0.1995399999999999,,,
-0.11176,-0.263,0.04126,0.858,-0.3267,-0.7144,-0.748,0.0,1.0,-0.03113,-0.0443,0.2847,0.0,-0.0369,-0.05994,0.908,0.4097,-0.2186,0.2866,0.1234,1.1455,1.19,0.7524,-1.34,1.386,1.532,0.0,0.0,1.515,0.0,1.533,-0.7954,1.249,0.2537,1.0,-0.5,-1.0,0.182,-0.2573,-0.4248,3.0,0.0,0.0,0.0,0.0,0.09454,0.4898384,,,
0.001323,0.1646,0.1328,0.836,-2.383,-0.7144,-0.7397,1.0,1.0,-0.106,-0.1403,0.316,0.0,-0.03647,0.4382,1.044,0.4626,0.1398,0.2886,0.7984,1.121,0.1233,1.19,0.7524,1.3955,1.533,0.0,0.0,1.512,0.0,1.606,-0.432,1.022,2.795,2.0,-0.5,-0.5,-0.1108,0.1144,-0.11316,4.0,0.0,1.0,0.0,4.25,1.037,-1.0332647999999995,,,
0.2288,-0.6143,-0.06445,0.773,-3.252,-0.857,-0.732,0.0,1.0,0.0987,0.0333,0.245,0.0,-0.036,1.283,1.17,0.5635,-0.6333,0.2808,-1.7609,1.182,0.7983,0.1233,1.19,1.391,1.527,0.0,0.0,1.501,0.0,1.44,-0.7627,1.186,-6.676,2.0,-0.5,-0.5,0.7134,-0.5947,-0.716,0.0,1.0,0.0,0.0,0.0,-2.416,0.3760976,,,
0.166,-0.2139,0.01727,0.7407,-0.6694,-0.857,-0.7236,0.0,1.0,0.01383,-0.04385,0.2727,0.0,-0.03555,-0.7207,1.253,0.678,-0.2378,0.2764,0.7296,1.175,-1.76,0.7983,0.1233,1.395,1.524,0.0,0.0,1.494,0.0,1.505,-0.4666,1.002,1.095,2.0,0.0,0.0,0.3872,-0.2103,-0.4272,1.0,0.0,0.0,0.0,0.0,0.4192,-0.386316,,,
0.1788,-0.4229,-0.0457,0.6885,1.816,-0.857,-0.7153,0.0,1.0,0.076,0.01817,0.2493,0.0,-0.0351,-0.522,1.301,0.8003,-0.4546,0.2703,-0.6044,1.152,0.729,-1.76,0.7983,1.406,1.521,0.0,0.0,1.482,0.0,1.45,-0.64,1.102,-0.6113,1.0,0.0,-0.5,0.643,-0.425,-0.5947,0.0,1.0,0.0,0.0,0.0,-0.229,-0.2841447999999998,,,
0.2678,-0.525,-0.08856,0.6226,0.4539,-1.0,-0.7075,0.0,1.0,0.126,0.05508,0.2327,0.0,-0.03467,-0.3108,1.305,0.9185,-0.585,0.264,-0.4345,1.137,-0.6045,0.729,-1.76,1.405,1.517,0.0,0.0,1.469,0.0,1.411,-0.7627,1.172,-0.6187,0.0,0.0,-1.0,0.776,-0.581,-0.6914,0.0,2.0,0.0,1.0,-2.299,-0.2361,-0.2262559999999999,,,
0.1896,-0.5977,-0.1218,0.565,0.308,-1.0,-0.699,0.0,1.0,0.1538,0.0967,0.2194,0.0,-0.0342,-0.28,1.273,1.028,-0.681,0.2583,-0.3522,1.096,-0.4343,-0.6045,0.729,1.389,1.511,0.0,0.0,1.454,0.0,1.38,-0.714,1.124,-0.4995,-1.0,0.0,-1.0,0.8486,-0.703,-0.7583,0.0,3.0,0.0,0.0,0.0,-0.1934,-0.1237504,,,
0.1398,-0.7056,-0.159,0.5205,0.3564,-1.0,-0.691,0.0,1.0,0.1887,0.1409,0.2046,0.0,-0.03375,-0.1854,1.216,1.122,-0.804,0.2532,-0.3966,1.089,-0.3523,-0.4343,-0.6045,1.367,1.503,0.0,0.0,1.438,0.0,1.346,-0.6406,1.057,-0.6978,-1.0,0.0,-1.0,0.9585,-0.808,-0.8276,0.0,4.0,0.0,0.0,0.0,-0.2732,0.096428,,,
0.1409,-0.508,-0.1238,0.4902,-0.2051,-1.0,-0.683,0.0,1.0,0.1519,0.1027,0.2155,0.0,-0.0333,-0.0726,1.126,1.1875,-0.6123,0.2485,0.2953,1.026,-0.3965,-0.3523,-0.4343,1.339,1.496,0.0,0.0,1.425,0.0,1.371,-0.495,0.964,0.485,-1.0,0.0,-0.5,0.7515,-0.6167,-0.675,1.0,0.0,0.0,0.0,0.0,0.1923,0.2002255999999999,,,
0.0741,-0.3286,-0.0873,0.4783,-0.3157,-1.0,-0.675,0.0,1.0,0.10925,0.06976,0.2269,0.0,-0.03287,-0.12427,1.022,1.214,-0.4536,0.2473,0.3089,0.97,0.295,-0.3965,-0.3523,1.334,1.488,0.0,0.0,1.414,0.0,1.397,-0.315,0.847,0.3784,0.0,0.0,0.0,0.579,-0.4177,-0.519,2.0,0.0,0.0,0.0,0.0,0.1486,-0.0612596,,,
0.1103,-0.683,-0.1744,0.45,1.665,-1.0,-0.6665,0.0,1.0,0.2028,0.1603,0.195,0.0,-0.0324,0.0831,0.8936,1.207,-0.827,0.2449,-0.8529,0.9175,0.3086,0.295,-0.3965,1.3125,1.479,0.0,0.0,1.399,0.0,1.322,-0.457,0.9155,-1.183,0.0,-0.5,0.0,0.8813,-0.7773,-0.7964,0.0,1.0,0.0,0.0,0.0,-0.46,0.1154655999999999,,,
0.02269,-0.6396,-0.1625,0.457,0.0565,-1.0,-0.6587,0.0,1.0,0.183,0.1543,0.1976,0.0,-0.03195,-0.0858,0.773,1.153,-0.801,0.2456,0.0745,0.771,-0.8525,0.3086,0.295,1.299,1.468,0.0,0.0,1.384,0.0,1.329,-0.1556,0.703,0.09326,1.0,-0.5,0.5,0.7495,-0.711,-0.7446,1.0,0.0,0.0,0.0,0.0,0.03726,1.00086,,,
0.001704,-0.0133,-0.0176,0.4749,-1.065,-0.857,-0.6504,1.0,1.0,0.03424,0.004364,0.2472,0.0,-0.0315,0.1157,0.676,1.066,-0.1732,0.2452,1.3531,0.6147,0.07434,-0.8525,0.3086,1.303,1.462,0.0,0.0,1.376,0.0,1.444,-0.01866,0.6562,3.082,2.0,0.0,0.5,0.1525,-0.0838,-0.1032,2.0,0.0,0.0,0.0,0.0,1.229,-0.1169451999999999,,,
-0.0715,0.0783,0.0002604,0.4663,1.572,-0.7144,-0.642,1.0,1.0,0.01111,-0.007404,0.2522,0.0,-0.03105,-0.2465,0.6035,0.961,-0.0931,0.244,0.1346,0.5464,1.353,0.07434,-0.8525,1.312,1.455,0.0,0.0,1.372,0.0,1.456,-0.2842,0.851,0.2291,2.0,0.0,0.5,0.09766,-0.02696,0.002462,3.0,0.0,0.0,0.0,0.0,0.08765,0.4656448,,,
-0.1187,0.3938,0.06976,0.464,2.246,-0.5713,-0.6343,1.0,1.0,-0.05832,-0.07117,0.2761,0.0,-0.03061,-0.2754,0.5303,0.835,0.2279,0.2426,0.6227,0.5347,0.1345,1.352,0.07434,1.331,1.449,0.0,0.0,1.371,0.0,1.512,-0.1495,0.7793,0.8506,2.0,0.5,0.5,-0.1537,0.2091,0.3533,4.0,0.0,0.0,0.0,0.0,0.324,0.1217227999999999,,,
-0.2703,0.4788,0.082,0.4434,0.3242,-0.5713,-0.626,1.0,1.0,-0.0817,-0.0703,0.28,0.0,-0.03015,-0.472,0.442,0.7446,0.4155,0.2319,0.10056,0.56,0.622,0.1345,1.352,1.349,1.443,0.0,0.0,1.373,0.0,1.5205,-0.3494,0.9263,0.1104,3.0,1.0,0.5,-0.2522,0.1279,0.386,5.0,0.0,0.0,0.0,0.0,0.04126,0.9771880000000004,,,
-0.3582,1.031,0.2234,0.4995,1.188,-0.4285,-0.6177,1.0,1.0,-0.214,-0.1921,0.3293,0.0,-0.02971,0.3933,0.35,0.634,1.023,0.2334,1.2561,0.7305,0.10046,0.622,0.1345,1.377,1.44,0.0,0.0,1.38,0.0,1.636,0.5483,0.336,2.092,3.0,1.5,1.0,-0.6724,0.6187,0.8843,5.92,0.0,0.0,0.0,0.0,0.779,0.1676159999999999,,,
-0.3462,1.194,0.276,0.5474,0.2893,-0.2856,-0.61,1.0,1.0,-0.257,-0.2385,0.3477,0.0,-0.02925,-0.4106,0.2019,0.517,1.155,0.2408,0.4525,0.891,1.256,0.10046,0.622,1.419,1.439,0.0,0.0,1.394,0.0,1.679,0.4966,0.3918,0.854,3.0,1.5,1.0,-0.7793,0.712,0.9004,5.92,0.0,1.0,0.0,4.69,0.3062,-1.134964,,,
-0.1794,0.2957,0.08167,0.5693,-0.6196,-0.1428,-0.6016,1.0,1.0,-0.07416,-0.0775,0.2798,0.0,-0.02881,0.0415,0.05612,0.4148,0.255,0.244,-1.6449,0.8926,0.4521,1.256,0.10046,1.441,1.435,0.0,0.0,1.397,0.0,1.52,0.1128,0.596,-3.008,2.0,1.5,1.0,0.01842,0.02084,0.1299,0.0,1.0,0.0,1.0,-6.848,-1.063,-0.7468504,,,
-0.2208,0.3052,0.09515,0.6045,0.1605,0.0,-0.5933,1.0,1.0,-0.08984,-0.08685,0.2844,0.0,-0.02835,-0.407,-0.06097,0.327,0.2686,0.2473,0.1157,0.8975,-1.645,0.4521,1.256,1.451,1.431,0.0,0.0,1.398,0.0,1.53,0.2703,0.4883,0.1392,2.0,1.5,1.5,-0.02885,0.04514,0.1761,1.0,0.0,0.0,0.0,0.0,0.05182,-0.2121159999999999,,,
-0.1958,0.09546,0.05994,0.642,-0.4465,0.1428,-0.5854,1.0,1.0,-0.05536,-0.05542,0.2717,0.0,-0.02791,-0.34,-0.1279,0.24,0.0764,0.2499,-0.3224,0.886,0.11554,-1.645,0.4521,1.457,1.426,0.0,0.0,1.397,0.0,1.501,0.2751,0.4717,-0.4294,1.0,1.5,1.5,0.11163,-0.1055,0.04584,0.0,1.0,0.0,0.0,0.0,-0.1594,-0.1589399999999999,,,
-0.1735,-0.2251,-0.00198,0.676,-1.805,0.1428,-0.577,0.0,1.0,0.005096,0.003246,0.2496,0.0,-0.02745,-0.294,-0.1287,0.11456,-0.2399,0.253,-0.5663,0.807,-0.3225,0.11554,-1.645,1.449,1.419,0.0,0.0,1.391,0.0,1.449,0.2166,0.491,-1.208,0.0,1.0,1.5,0.3584,-0.328,-0.163,0.0,2.0,0.0,0.0,0.0,-0.4531,1.0914216,,,
-0.1628,0.3848,0.1553,0.735,-4.4,0.2856,-0.5693,1.0,1.0,-0.1392,-0.1473,0.3042,0.0,-0.02701,0.4253,-0.0404,0.02283,0.3567,0.2598,1.4301,0.8574,-0.566,-0.3225,0.11554,1.456,1.418,0.0,0.0,1.396,0.0,1.577,0.4443,0.3845,2.717,0.0,1.0,1.5,-0.1699,0.3284,0.4192,1.0,0.0,0.0,0.0,0.0,1.037,0.0442359999999999,,,
-0.2089,0.3906,0.1747,0.7905,0.1469,0.4285,-0.561,1.0,1.0,-0.1599,-0.1611,0.3108,0.0,-0.02655,-0.6797,0.08203,-0.03635,0.3723,0.2651,0.1664,0.9126,1.429,-0.566,-0.3225,1.451,1.419,0.0,0.0,1.4,0.0,1.592,0.4219,0.4072,0.273,1.0,1.0,1.5,-0.2345,0.3252,0.451,2.0,0.0,0.0,0.0,0.0,0.09973,0.4137759999999998,,,
-0.2175,0.521,0.2335,0.88,0.429,0.5713,-0.5527,1.0,1.0,-0.2113,-0.2126,0.3313,0.0,-0.02611,-0.3257,0.2546,-0.01846,0.52,0.2732,0.5111,1.011,0.1663,1.429,-0.566,1.446,1.422,0.0,0.0,1.408,0.0,1.64,0.7734,0.1776,0.7803,1.0,1.0,2.0,-0.3752,0.512,0.583,3.0,0.0,1.0,0.0,2.297,0.2837,-0.002412,,,
-0.2483,0.3123,0.2117,0.962,-0.2373,0.7144,-0.545,1.0,1.0,-0.1951,-0.1909,0.324,0.0,-0.02565,-0.695,0.4548,0.0741,0.326,0.2812,-0.1849,1.057,0.511,0.1663,1.429,1.459,1.426,0.0,0.0,1.417,0.0,1.622,0.697,0.2245,-0.4019,1.0,0.5,1.5,-0.3042,0.328,0.4438,0.0,1.0,0.0,0.0,0.0,-0.1438,-0.2822080000000001,,,
-0.3152,0.02577,0.1571,1.0,-0.6445,0.7144,-0.5366,1.0,1.0,-0.1531,-0.1365,0.305,0.0,-0.0252,-0.5913,0.659,0.2058,0.00557,0.2883,-0.4689,1.032,-0.1849,0.511,0.1663,1.465,1.429,0.0,0.0,1.425,0.0,1.577,0.302,0.4868,-0.921,1.0,0.0,1.0,-0.06216,0.1135,0.219,0.0,2.0,0.0,0.0,0.0,-0.3313,-0.0604126399999999,,,
-0.3203,-0.1412,0.126,1.025,-1.533,0.5713,-0.5283,0.0,1.0,-0.1257,-0.1074,0.2942,0.0,-0.02475,-0.4807,0.8247,0.3323,-0.166,0.292,-0.2643,0.946,-0.4688,-0.1849,0.511,1.471,1.435,0.0,0.0,1.434,0.0,1.553,0.1892,0.556,-0.4482,0.0,-0.5,0.5,0.045,-0.03268,0.0786,0.0,3.0,0.0,0.0,0.0,-0.1637,0.8293440000000001,,,
-0.3074,0.3926,0.263,1.063,-9.38,0.5713,-0.5205,1.0,1.0,-0.243,-0.2306,0.3425,0.0,-0.0243,-0.4443,0.964,0.4536,0.3618,0.2966,1.2191,0.9443,-0.2644,-0.4688,-0.1849,1.496,1.441,0.0,0.0,1.446,0.0,1.666,0.3228,0.5107,2.13,0.0,0.0,0.5,-0.3655,0.502,0.523,1.0,0.0,1.0,0.0,4.008,0.785,0.6834892,,,
-0.3044,0.715,0.3564,1.119,0.86,0.5713,-0.512,1.0,1.0,-0.319,-0.3093,0.3762,0.0,-0.02385,-0.2754,1.017,0.572,0.6997,0.3018,0.8146,1.035,1.219,-0.2644,-0.4688,1.516,1.448,0.0,0.0,1.461,0.0,1.744,0.4612,0.4463,1.3125,0.0,0.0,0.5,-0.644,0.7427,0.748,2.0,0.0,0.0,0.0,0.0,0.4656,0.145692,,,
-0.406,0.7466,0.3726,1.146,0.1763,0.5713,-0.504,1.0,1.0,-0.3398,-0.3142,0.3828,0.0,-0.0234,-0.6113,1.059,0.694,0.6855,0.3093,0.1576,0.992,0.8145,1.219,-0.2644,1.535,1.454,0.0,0.0,1.479,0.0,1.759,0.2544,0.6006,0.456,1.0,0.5,0.5,-0.645,0.709,0.743,3.0,0.0,0.0,0.0,0.0,0.1578,0.5159371999999999,,,
-0.3398,0.975,0.4353,1.174,0.4282,0.5713,-0.4958,1.0,1.0,-0.3833,-0.3699,0.406,0.0,-0.02295,0.8037,1.116,0.8105,0.895,0.3147,0.5484,0.9697,0.1573,0.8145,1.219,1.556,1.46,0.0,0.0,1.499,0.0,1.813,0.2803,0.606,1.172,2.0,1.0,0.5,-0.8306,0.785,0.889,4.0,0.0,0.0,0.0,0.0,0.4033,-0.5038731999999999,,,
-0.3706,0.5166,0.3442,1.229,-0.3303,0.5713,-0.4878,1.0,1.0,-0.3147,-0.294,0.3752,0.0,-0.0225,-0.2566,1.168,0.9272,0.4407,0.3218,-0.7143,0.9604,0.5483,0.1573,0.8145,1.57,1.469,0.0,0.0,1.512,0.0,1.741,0.595,0.3499,-1.88,2.0,0.5,0.5,-0.4412,0.444,0.5054,0.0,1.0,0.0,0.0,0.0,-0.636,0.0812295999999999,,,
-0.403,0.4392,0.3423,1.28,-0.004993,0.5713,-0.4797,1.0,1.0,-0.3157,-0.2896,0.3755,0.0,-0.02205,-0.844,1.188,1.023,0.397,0.3254,0.00726,0.934,-0.714,0.5483,0.1573,1.59,1.476,0.0,0.0,1.523,0.0,1.742,0.5737,0.3652,0.00739,2.0,0.5,0.5,-0.4082,0.3762,0.4539,1.0,0.0,0.0,0.0,0.0,0.002558,-0.2160903999999999,,,
-0.3828,0.11755,0.2803,1.328,-0.527,0.5713,-0.4714,1.0,1.0,-0.2634,-0.2393,0.3547,0.0,-0.0216,-0.4607,1.172,1.101,0.0974,0.33,-0.494,0.905,0.007156,-0.714,0.5483,1.606,1.482,0.0,0.0,1.531,0.0,1.693,0.4978,0.3982,-0.607,1.0,0.0,0.5,-0.1692,0.1241,0.1956,0.0,1.0,0.0,0.0,0.0,-0.2101,-0.2619304,,,
-0.373,-0.1489,0.2324,1.38,-1.299,0.5713,-0.4634,0.0,1.0,-0.2228,-0.1989,0.3386,0.0,-0.02115,-0.6084,1.144,1.135,-0.1765,0.3372,-0.3854,0.8594,-0.494,0.007156,-0.714,1.6045,1.489,0.0,0.0,1.537,0.0,1.655,0.5537,0.3418,-0.6855,0.0,0.0,0.5,-0.03882,-0.1113,-0.00692,0.0,2.0,0.0,0.0,0.0,-0.241,0.1442119999999999,,,
-0.4548,-0.005226,0.275,1.406,-2.139,0.5713,-0.4553,1.0,1.0,-0.265,-0.2286,0.3542,0.0,-0.0207,-0.168,1.106,1.147,-0.03986,0.3413,0.3828999999999999,0.872,-0.3853,-0.494,0.007156,1.599,1.498,0.0,0.0,1.539,0.0,1.692,0.325,0.521,0.8594,0.0,0.5,0.5,-0.1718,0.04953,0.1527,1.0,0.0,0.0,0.0,0.0,0.3057,0.1532603999999999,,,
-0.4124,0.2059,0.3367,1.442,3.1,0.5713,-0.4473,1.0,1.0,-0.312,-0.2842,0.377,0.0,-0.02025,-0.3657,1.05,1.162,0.1757,0.3455,0.5455,0.911,0.3826,-0.3853,-0.494,1.598,1.509,0.0,0.0,1.542,0.0,1.745,0.4268,0.4717,0.7163,1.0,1.0,0.5,-0.3606,0.2498,0.3752,2.0,0.0,1.0,0.0,4.293,0.2517,0.0954404,,,
-0.4597,0.3513,0.382,1.475,0.674,0.5713,-0.439,1.0,1.0,-0.3516,-0.3174,0.394,0.0,-0.0198,-0.359,0.9937,1.159,0.3389,0.3481,0.4007,0.921,0.5454,0.3826,-0.3853,1.594,1.5205,0.0,0.0,1.554,0.0,1.784,0.4048,0.505,0.605,1.0,1.0,0.5,-0.4656,0.38,0.4924,3.0,0.0,0.0,0.0,0.0,0.2091,0.5578396000000002,,,
-0.444,0.6934,0.4841,1.535,0.9785,0.5713,-0.431,1.0,1.0,-0.4282,-0.399,0.4312,0.0,-0.01935,-0.2183,0.9756,1.154,0.6846,0.3552,0.8688,1.018,0.4004,0.5454,0.3826,1.609,1.534,0.0,0.0,1.567,0.0,1.871,0.6777,0.3481,1.477,2.0,1.0,1.0,-0.723,0.6875,0.757,4.0,0.0,0.0,0.0,0.0,0.504,0.1121137095999999,,,
-0.3833,0.509,0.4602,1.603,-0.12115,0.5713,-0.4229,1.0,1.0,-0.4055,-0.3857,0.424,0.0,-0.0189,0.0648,0.9946,1.146,0.5103,0.363,-0.1581,1.013,0.8687,0.4004,0.5454,1.623,1.549,0.0,0.0,1.582,0.0,1.8545,0.801,0.2534,-0.2056,2.0,0.5,1.0,-0.593,0.5396,0.6123,0.0,1.0,0.0,0.0,0.0,-0.0683,-0.0261367999999999,,,
-0.3777,0.3108,0.433,1.671,-0.2255,0.7144,-0.4146,1.0,1.0,-0.3845,-0.365,0.416,0.0,-0.01845,-0.609,1.013,1.134,0.3306,0.3704,-0.1865,0.8486,-0.1581,0.8687,0.4004,1.64,1.563,0.0,0.0,1.599,0.0,1.836,0.8267,0.2266,-0.2394,1.0,0.0,1.0,-0.5054,0.3481,0.509,0.0,2.0,0.0,0.0,0.0,-0.07996,0.0104663999999999,,,
-0.4504,0.3164,0.447,1.713,0.1492,0.7144,-0.4065,1.0,1.0,-0.4011,-0.3699,0.4224,0.0,-0.018,-0.5073,1.023,1.124,0.336,0.376,0.1460999999999999,0.8457,-0.1865,-0.1581,0.8687,1.662,1.575,0.0,0.0,1.61,0.0,1.851,0.6123,0.386,0.2361,1.0,0.5,1.0,-0.543,0.3188,0.515,1.0,0.0,0.0,0.0,0.0,0.07935,0.6664016,,,
-0.422,0.9014,0.609,1.769,1.705,0.7144,-0.3984,1.0,1.0,-0.5166,-0.494,0.4812,0.0,-0.01755,0.639,1.067,1.13,0.886,0.3857,1.3501,1.0205,0.1459,-0.1865,-0.1581,1.697,1.59,0.0,0.0,1.627,0.0,1.987,0.7495,0.3484,3.777,1.0,0.5,1.0,-0.933,0.8477,0.9546,2.0,0.0,0.0,0.0,0.0,1.264,-0.1056063999999999,,,
-0.4053,0.702,0.573,1.8125,-0.0833,0.7144,-0.3901,1.0,1.0,-0.49,-0.4692,0.4702,0.0,-0.0171,-0.549,1.132,1.152,0.68,0.3928,-0.2389,1.136,1.349,0.1459,-0.1865,1.723,1.603,0.0,0.0,1.64,0.0,1.962,0.598,0.4453,-0.4504,0.0,0.5,0.5,-0.7656,0.6396,0.7153,0.0,1.0,0.0,0.0,0.0,-0.1445,1.405188,,,
-0.4524,1.568,0.8164,1.8955,1.314,0.7144,-0.382,1.0,1.0,-0.657,-0.634,0.5586,0.0,-0.01665,0.01314,1.329,1.256,1.42,0.413,1.9531,1.54,-0.2389,1.349,0.1459,1.768,1.621,0.0,0.0,1.663,0.0,2.168,0.8813,0.334,8.38,1.0,1.0,0.5,-1.327,1.347,1.113,1.0,0.0,1.0,0.0,6.44,2.71,0.2068979999999999,,,
-0.482,1.5,0.835,2.006,0.089,0.7144,-0.374,1.0,1.0,-0.6714,-0.6436,0.5674,0.0,-0.0162,-0.3015,1.588,1.401,1.338,0.4282,0.1893,1.8,1.952,-0.2389,1.349,1.806,1.637,0.0,0.0,1.688,0.0,2.19,1.221,0.10126,0.4014,2.0,1.0,1.0,-1.254,1.283,0.976,2.0,0.0,0.0,0.0,0.0,0.12225,0.2201447999999999,,,
-0.4294,1.674,0.9214,2.133,0.2512,0.7144,-0.366,1.0,1.0,-0.72,-0.7026,0.601,0.0,-0.01575,0.03302,1.861,1.564,1.528,0.4429,0.6960999999999999,2.05,0.1891,1.952,-0.2389,1.854,1.653,0.0,0.0,1.718,0.0,2.268,1.302,0.0777,1.666,2.0,1.0,1.0,-1.363,1.415,0.984,3.0,0.0,0.0,0.0,0.0,0.5044,-0.4801439999999999,,,
-0.3762,1.059,0.802,2.25,-0.2412,0.7144,-0.3577,1.0,1.0,-0.6416,-0.6304,0.561,0.0,-0.015305,-0.3608,2.107,1.725,0.965,0.454,-0.8095,2.172,0.6953,0.1891,1.952,1.894,1.672,0.0,0.0,1.739,0.0,2.174,1.118,0.1676,-1.456,1.0,0.5,1.0,-0.902,0.9854,0.637,0.0,1.0,0.0,0.0,0.0,-0.432,-0.0476744,,,
-0.3918,0.85,0.787,2.373,-0.06213,0.857,-0.3496,1.0,1.0,-0.634,-0.619,0.5586,0.0,-0.014854,-0.7397,2.357,1.89,0.7944,0.4666,-0.0502499999999999,2.291,-0.8096,0.6953,0.1891,1.931,1.689,0.0,0.0,1.757,0.0,2.168,1.247,0.0731,-0.061,1.0,0.0,1.0,-0.8013,0.846,0.541,0.0,2.0,0.0,0.0,0.0,-0.01855,0.011328,,,
-0.42,0.6636,0.773,2.486,-0.0807,0.857,-0.3416,1.0,1.0,-0.6265,-0.6074,0.5566,0.0,-0.014404,-0.6836,2.602,2.076,0.6045,0.4817,-0.04403,2.377,-0.05032,-0.8096,0.6953,1.951,1.708,0.0,0.0,1.774,0.0,2.162,1.1875,0.1136,-0.04175,0.0,0.0,0.5,-0.7207,0.7134,0.4634,0.0,3.0,0.0,0.0,0.0,-0.01272,0.0162939999999999,,,
-0.4417,0.5386,0.769,2.582,-0.04584,0.857,-0.3333,1.0,1.0,-0.626,-0.603,0.5586,0.0,-0.013954,-0.3435,2.773,2.236,0.5317,0.49,0.03797,2.463,-0.0441,-0.05032,-0.8096,1.976,1.729,0.0,0.0,1.789,0.0,2.168,1.13,0.1566,0.0372,0.0,0.5,0.5,-0.6753,0.629,0.416,1.0,0.0,0.0,0.0,0.0,0.01135,-0.0610239999999999,,,
-0.3418,0.00858,0.6455,2.64,-0.7803,0.857,-0.3252,1.0,1.0,-0.5356,-0.5264,0.5176,0.0,-0.013504,0.3003,2.871,2.383,0.00901,0.4985,-0.8573000000000001,2.416,0.03787,-0.0441,-0.05032,1.965,1.742,0.0,0.0,1.803,0.0,2.07,0.6807,0.435,-1.507,-1.0,0.0,0.0,-0.2666,0.2114,0.1644,0.0,1.0,0.0,0.0,0.0,-0.459,-0.5104280000000001,,,
-0.1945,-0.322,0.562,2.658,-3.797,0.7144,-0.3171,0.0,1.0,-0.465,-0.4783,0.4902,0.0,-0.013054,1.357,2.9,2.492,-0.339,0.505,-0.5829,2.328,-0.857,0.03787,-0.0441,1.943,1.754,0.0,0.0,1.813,0.0,2.008,0.2878,0.6875,-1.325,-1.0,-0.5,-0.5,0.02003,-0.03946,-0.0102,0.0,2.0,0.0,0.0,0.0,-0.4148,-0.367076,,,
-0.1826,-0.642,0.4773,2.664,1.554,0.5713,-0.3088,0.0,1.0,-0.4023,-0.4155,0.4624,0.0,-0.0126,-0.2239,2.842,2.549,-0.641,0.5063,-0.6069,2.172,-0.583,-0.857,0.03787,1.905,1.763,0.0,0.0,1.824,0.0,1.942,0.1388,0.765,-0.9897,-1.0,-0.5,-0.5,0.2966,-0.2783,-0.1992,0.0,3.0,0.0,0.0,0.0,-0.3157,-1.0265936,,,
0.01009,-1.294,0.2969,2.639,1.374,0.4285,-0.3008,0.0,1.0,-0.2457,-0.2856,0.3994,0.0,-0.01215,-0.1592,2.664,2.549,-1.249,0.501,-1.4059,2.018,-0.607,-0.583,-0.857,1.861,1.768,0.0,0.0,1.83,0.0,1.795,-0.1821,0.929,-3.354,-1.0,-1.0,-0.5,0.9463,-0.8037,-0.6157,0.0,4.0,0.0,1.0,-6.074,-1.09,0.3562932,,,
0.02539,-1.02,0.364,2.625,-0.108,0.2856,-0.2927,0.0,1.0,-0.2986,-0.3428,0.4255,0.0,-0.0117,-0.1274,2.395,2.51,-0.9854,0.502,0.6123999999999999,1.855,-1.405,-0.607,-0.583,1.824,1.775,0.0,0.0,1.837,0.0,1.856,-0.0778,0.882,0.859,-1.0,-1.0,-0.5,0.5825,-0.5073,-0.4985,1.0,0.0,0.0,0.0,0.0,0.292,-0.0287639999999999,,,
-0.07697,-0.8765,0.3872,2.578,-0.02962,0.1428,-0.2847,0.0,1.0,-0.325,-0.353,0.4363,0.0,-0.01125,-0.2908,2.062,2.43,-0.876,0.5024,0.2417,1.733,0.612,-1.405,-0.607,1.791,1.784,0.0,0.0,1.843,0.0,1.881,-0.3494,1.087,0.353,0.0,-1.0,-0.5,0.4424,-0.3623,-0.4656,2.0,0.0,0.0,0.0,0.0,0.11786,0.6689320000000001,,,
-0.08527,-0.5024,0.4788,2.559,-0.3694,0.0,-0.2764,0.0,1.0,-0.3955,-0.4246,0.472,0.0,-0.0108,-0.3564,1.627,2.303,-0.508,0.5024,0.8087,1.613,0.2416,0.612,-1.405,1.768,1.793,0.0,0.0,1.851,0.0,1.964,-0.0865,0.9355,0.9604,1.0,-0.5,0.0,0.03223,-0.0646,-0.2512,3.0,0.0,1.0,0.0,4.613,0.318,-0.261868,,,
-0.1774,-0.65,0.4128,2.47,0.5073,-0.1428,-0.2683,0.0,1.0,-0.353,-0.3655,0.4504,0.0,-0.01035,-0.4111,1.223,2.125,-0.638,0.4934,-0.4745,1.586,0.808,0.2416,0.612,1.749,1.798,0.0,0.0,1.853,0.0,1.914,-0.7817,1.41,-0.4995,1.0,-0.5,-0.5,0.2445,-0.2542,-0.42,0.0,1.0,0.0,0.0,0.0,-0.1614,0.155888,,,
-0.1754,-0.7705,0.349,2.361,0.3604,-0.2856,-0.2603,0.0,1.0,-0.3027,-0.314,0.4294,0.0,-0.0099,-0.5024,0.8447,1.911,-0.7554,0.4834,-0.4679,1.575,-0.4744,0.808,0.2416,1.732,1.801,0.0,0.0,1.853,0.0,1.865,-0.943,1.503,-0.6514,1.0,-0.5,-1.0,0.4104,-0.454,-0.5796,0.0,2.0,0.0,0.0,0.0,-0.2136,0.8568856000000002,,,
-0.1885,-0.1625,0.4739,2.258,-0.8096,-0.4285,-0.252,0.0,1.0,-0.4001,-0.4124,0.4778,0.0,-0.00945,0.5767,0.5923,1.667,-0.1062,0.4702,1.1021,1.491,-0.4678,-0.4744,0.808,1.737,1.806,0.0,0.0,1.858,0.0,1.978,-0.8213,1.466,1.917,1.0,-0.5,-1.0,-0.0477,0.03885,-0.246,1.0,0.0,0.0,0.0,0.0,0.6377,-0.2378895999999999,,,
-0.1335,-0.5073,0.3552,2.158,4.67,-0.5713,-0.2439,0.0,1.0,-0.3042,-0.3225,0.437,0.0,-0.009,-0.507,0.5254,1.397,-0.4368,0.4602,-0.8983,1.462,1.101,-0.4678,-0.4744,1.747,1.81,0.0,0.0,1.86,0.0,1.883,-0.8247,1.427,-1.294,0.0,-0.5,-1.0,0.3777,-0.3074,-0.576,0.0,1.0,0.0,0.0,0.0,-0.4163,0.1230019999999999,,,
-0.1361,-0.2783,0.3853,2.066,-0.441,-0.7144,-0.2357,0.0,1.0,-0.3281,-0.3467,0.4507,0.0,-0.00855,-0.556,0.6494,1.14,-0.2198,0.4536,0.3081,1.488,-0.898,1.101,-0.4678,1.754,1.814,0.0,0.0,1.857,0.0,1.914,-0.712,1.36,0.494,0.0,0.0,-0.5,0.2438,-0.1421,-0.4521,1.0,0.0,0.0,0.0,0.0,0.1635,-0.071116,,,
0.006603,-0.3591,0.334,1.965,0.5713,-0.857,-0.2277,0.0,1.0,-0.2761,-0.3164,0.4346,0.0,-0.0081,0.7964,0.9106,0.8945,-0.2869,0.4436,-0.3593,1.531,0.308,-0.898,1.101,1.754,1.82,0.0,0.0,1.854,0.0,1.876,-0.767,1.383,-1.244,0.0,0.0,-0.5,0.3997,-0.2666,-0.554,0.0,1.0,0.0,0.0,0.0,-0.4077,0.2613119999999999,,,
0.001372,-0.11896,0.3655,1.873,-0.7905,-1.0,-0.2195,0.0,1.0,-0.3018,-0.342,0.449,0.0,-0.007652,-0.2822,1.138,0.7646,-0.09314,0.44,0.3226,1.485,-0.3594,0.308,-0.898,1.747,1.827,0.0,0.0,1.843,0.0,1.909,-0.68,1.336,0.553,1.0,0.5,-0.5,0.2175,-0.1434,-0.4102,1.0,0.0,0.0,0.0,0.0,0.1835,-0.2258039999999999,,,
-0.0827,-0.1794,0.3284,1.802,1.852,-1.143,-0.2114,0.0,1.0,-0.2788,-0.3047,0.4377,0.0,-0.007202,-0.7046,1.321,0.735,-0.1543,0.4343,-0.2511,1.409,0.3223,-0.3594,0.308,1.744,1.833,0.0,0.0,1.83,0.0,1.883,-0.554,1.234,-0.3813,0.0,0.0,-0.5,0.2954,-0.2607,-0.4595,0.0,1.0,0.0,0.0,0.0,-0.1251,0.05935184,,,
-0.2471,-0.1073,0.3313,1.754,-0.6523,-1.143,-0.2032,0.0,1.0,-0.2942,-0.2932,0.4407,0.0,-0.006752,-0.569,1.451,0.796,-0.05383,0.4282,0.0685,1.171,-0.2512,0.3223,-0.3594,1.747,1.837,0.0,0.0,1.814,0.0,1.891,-0.3997,1.127,0.0691,1.0,0.0,0.0,0.2241,-0.2456,-0.4045,1.0,0.0,0.0,0.0,0.0,0.02286,0.08249,,,
-0.283,-0.02815,0.342,1.728,-3.123,-1.0,-0.1951,1.0,1.0,-0.3057,-0.2993,0.4468,0.0,-0.0063,-0.529,1.505,0.8906,0.03345,0.4263,0.1367,1.024,0.0684,-0.2512,0.3223,1.738,1.84,0.0,0.0,1.804,0.0,1.904,-0.1976,0.9893,0.1138,1.0,0.0,0.5,0.0933,-0.2462,-0.3127,2.0,0.0,0.0,0.0,0.0,0.03757,-0.4434039999999999,,,
-0.253,-0.6577,0.1804,1.705,-12.52,-1.0,-0.187,0.0,1.0,-0.1685,-0.1626,0.3892,0.0,-0.00585,0.5527,1.514,0.9883,-0.6025,0.4268,-1.2989,0.9463,0.1366,0.0684,-0.2512,1.726,1.838,0.0,0.0,1.787,0.0,1.77,-0.1631,0.9053,-2.95,1.0,0.0,0.5,0.669,-0.7656,-0.8433,0.0,1.0,0.0,0.0,0.0,-0.969,0.230054,,,
-0.3,-0.4773,0.2156,1.677,-0.2009,-1.0,-0.1788,0.0,1.0,-0.2026,-0.1901,0.4038,0.0,-0.0054,-0.6035,1.448,1.071,-0.4324,0.426,0.3475,0.7744,-1.299,0.1366,0.0684,1.713,1.836,0.0,0.0,1.772,0.0,1.804,-0.245,0.979,0.3723,1.0,0.5,0.5,0.4749,-0.5513,-0.668,1.0,0.0,0.0,0.0,0.0,0.1276,0.0991639999999999,,,
-0.2957,-0.4836,0.2028,1.639,0.1501,-1.0,-0.1708,0.0,1.0,-0.1912,-0.179,0.401,0.0,-0.00495,-0.2487,1.307,1.129,-0.4524,0.4248,-0.0699999999999999,0.5083,0.3472,-1.299,0.1366,1.703,1.835,0.0,0.0,1.757,0.0,1.797,-0.345,1.047,-0.0788,1.0,0.0,0.0,0.4292,-0.5825,-0.7314,0.0,1.0,0.0,0.0,0.0,-0.0267,0.2216384,,,
-0.3264,-0.307,0.2295,1.585,-0.3362,-1.0,-0.1626,0.0,1.0,-0.2166,-0.2001,0.4126,0.0,-0.0045,-0.3796,1.07,1.156,-0.2915,0.4219,0.2743,0.3462,-0.07007,0.3472,-1.299,1.693,1.835,0.0,0.0,1.747,0.0,1.824,-0.55,1.205,0.2494,1.0,0.5,0.0,0.2703,-0.4395,-0.543,1.0,0.0,0.0,0.0,0.0,0.0847,0.1528899599999999,,,
-0.3496,0.1628,0.3381,1.57,-2.092,-0.857,-0.1544,1.0,1.0,-0.308,-0.2908,0.4553,0.0,-0.00405,-0.5757,0.81,1.136,0.174,0.422,0.9825,0.2568,0.274,-0.07007,0.3472,1.698,1.833,0.0,0.0,1.743,0.0,1.924,-0.05994,0.8994,1.271,1.0,0.5,0.5,-0.1157,0.0145,0.2646,2.0,0.0,1.0,0.0,5.016,0.4285,0.2560456,,,
-0.3777,0.3628,0.3887,1.58,1.009,-0.7144,-0.1464,1.0,1.0,-0.35,-0.3293,0.4766,0.0,-0.003601,-0.6606,0.531,1.075,0.38,0.4248,0.4800999999999999,0.2915,0.982,0.274,-0.07007,1.708,1.833,0.0,0.0,1.745,0.0,1.974,0.2418,0.706,0.738,2.0,1.0,1.0,-0.3167,0.1588,0.633,3.0,0.0,0.0,0.0,0.0,0.2411,-0.25916,,,
-0.456,0.2365,0.3486,1.552,-0.1707,-0.5713,-0.1382,1.0,1.0,-0.325,-0.2905,0.4644,0.0,-0.00315,-0.732,0.307,1.008,0.2476,0.4246,-0.2731,0.2627,0.4797,0.982,0.274,1.713,1.827,0.0,0.0,1.751,0.0,1.944,-0.2045,1.012,-0.3894,1.0,0.5,0.5,-0.2086,-0.02219,0.3594,0.0,1.0,0.0,0.0,0.0,-0.1254,0.734858,,,
-0.4822,0.8022,0.4949,1.585,2.037,-0.4285,-0.1301,1.0,1.0,-0.4395,-0.404,0.5215,0.0,-0.0027,-0.305,0.10803,0.892,0.8003,0.4312,1.2761,0.4634,-0.273,0.4797,0.982,1.749,1.824,0.0,0.0,1.761,0.0,2.078,0.5503,0.532,2.582,2.0,1.0,1.0,-0.626,0.513,1.081,1.0,0.0,1.0,0.0,4.984,0.839,-0.2069855999999999,,,
-0.4111,1.002,0.555,1.626,0.374,-0.2856,-0.12195,1.0,1.0,-0.4775,-0.4553,0.547,0.0,-0.00225,-0.0811,-0.02246,0.7314,0.9546,0.4417,0.5426,0.7246,1.276,-0.273,0.4797,1.788,1.82,0.0,0.0,1.771,0.0,2.137,0.611,0.515,1.163,2.0,1.0,1.0,-0.758,0.6675,1.088,2.0,0.0,1.0,0.0,4.027,0.363,-0.0947911999999999,,,
-0.523,0.8315,0.528,1.675,-0.03458,-0.1428,-0.11383,1.0,1.0,-0.4668,-0.4255,0.5396,0.0,-0.001801,-0.685,0.089,0.531,0.74,0.4531,-0.1587,0.8887,0.5425,1.276,-0.273,1.826,1.819,0.0,0.0,1.778,0.0,2.12,0.6953,0.447,-0.2297,1.0,0.5,1.0,-0.629,0.5156,0.834,0.0,1.0,0.0,0.0,0.0,-0.07056,0.39954,,,
-0.5645,0.927,0.565,1.723,0.2452,0.0,-0.1057,1.0,1.0,-0.4968,-0.4497,0.556,0.0,-0.00135,-0.58,0.2747,0.366,0.848,0.4597,0.3575,1.088,-0.1587,0.5425,1.276,1.865,1.819,0.0,0.0,1.788,0.0,2.16,0.708,0.4553,0.495,1.0,1.0,1.0,-0.696,0.594,0.8335,1.0,0.0,0.0,0.0,0.0,0.1528,-0.0458412,,,
-0.5283,0.687,0.52,1.771,-0.12067,0.1428,-0.09753,1.0,1.0,-0.4614,-0.4192,0.542,0.0,-0.0009003,-0.55,0.5,0.2744,0.6133,0.467,-0.2965,1.188,0.3574,-0.1587,0.5425,1.89,1.818,0.0,0.0,1.799,0.0,2.127,0.6777,0.4624,-0.4563,1.0,0.5,1.0,-0.501,0.4138,0.599,0.0,1.0,0.0,0.0,0.0,-0.1393,0.6115204,,,
-0.509,1.017,0.6216,1.842,0.592,0.2856,-0.0894,1.0,1.0,-0.5327,-0.4958,0.5835,0.0,-0.0004501,-0.03053,0.7373,0.3047,0.956,0.4756,0.8731,1.412,-0.2966,0.3574,-0.1587,1.919,1.819,0.0,0.0,1.81,0.0,2.223,0.8394,0.3896,1.475,1.0,1.0,1.0,-0.7407,0.736,0.812,1.0,0.0,0.0,0.0,0.0,0.4543,-0.019648,,,
-0.5034,0.813,0.589,1.903,-0.06525,0.2856,-0.0813,1.0,1.0,-0.509,-0.4724,0.574,0.0,0.0,-0.6035,0.9575,0.412,0.776,0.483,-0.1922,1.548,0.8726,-0.2966,0.3574,1.949,1.823,0.0,0.0,1.822,0.0,2.201,0.7305,0.4578,-0.2576,0.0,0.5,0.5,-0.6396,0.522,0.63,0.0,1.0,0.0,0.0,0.0,-0.0772,0.010108,,,
-0.585,0.6943,0.5894,2.004,-0.00817,0.4285,-0.0732,1.0,1.0,-0.5156,-0.466,0.577,0.0,0.0004501,-0.5107,1.246,0.611,0.6353,0.4983,0.0625,1.672,-0.1923,0.8726,-0.2966,1.964,1.829,0.0,0.0,1.835,0.0,2.207,1.36,0.01152,0.08044,1.0,0.5,1.0,-0.6123,0.4644,0.5654,1.0,0.0,0.0,0.0,0.0,0.02426,-0.1234519999999999,,,
-0.567,0.4316,0.5474,2.09,-0.2285,0.5713,-0.06506,1.0,1.0,-0.4846,-0.4368,0.5645,0.0,0.0009003,-0.2993,1.502,0.8228,0.4067,0.507,-0.2677,1.72,0.06238,-0.1923,0.8726,1.969,1.836,0.0,0.0,1.848,0.0,2.178,1.153,0.1458,-0.2952,0.0,0.0,0.5,-0.4397,0.3037,0.4143,0.0,1.0,0.0,0.0,0.0,-0.08887,0.0265599999999999,,,
-0.592,0.3877,0.563,2.182,0.04178,0.7144,-0.05692,1.0,1.0,-0.4976,-0.446,0.5728,0.0,0.00135,-0.595,1.727,1.037,0.3938,0.516,0.176,1.781,-0.2678,0.06238,-0.1923,1.978,1.847,0.0,0.0,1.859,0.0,2.197,1.217,0.1089,0.2023,1.0,0.5,1.0,-0.4666,0.3223,0.416,1.0,0.0,0.0,0.0,0.0,0.0614,0.3980064000000001,,,
-0.604,0.5234,0.626,2.283,0.4421,0.857,-0.04877,1.0,1.0,-0.543,-0.491,0.5996,0.0,0.001801,-0.421,1.911,1.25,0.5576,0.527,0.5561,1.862,0.1758,-0.2678,0.06238,1.99,1.858,0.0,0.0,1.875,0.0,2.26,1.261,0.1055,0.932,1.0,0.5,1.0,-0.6475,0.4739,0.523,2.0,0.0,0.0,0.0,0.0,0.2815,-0.2247239999999999,,,
-0.613,0.2957,0.5864,2.35,-0.2688,0.857,-0.04065,1.0,1.0,-0.516,-0.4617,0.5874,0.0,0.00225,-0.2744,2.049,1.445,0.3342,0.536,-0.2516,1.888,0.5557,0.1758,-0.2678,2.002,1.868,0.0,0.0,1.89,0.0,2.23,0.969,0.3008,-0.3242,1.0,0.0,0.5,-0.4985,0.2961,0.3872,0.0,1.0,0.0,0.0,0.0,-0.09625,-0.3262119999999999,,,
-0.575,0.007095,0.523,2.39,-0.6846,0.857,-0.03253,1.0,1.0,-0.4675,-0.4177,0.5654,0.0,0.0027,-0.3396,2.143,1.623,0.02312,0.545,-0.4455,1.864,-0.2517,0.5557,0.1758,1.997,1.874,0.0,0.0,1.901,0.0,2.18,0.62,0.5273,-1.08,0.0,0.0,0.0,-0.2683,0.0741,0.209,0.0,2.0,0.0,0.0,0.0,-0.323,-0.00535016,,,
-0.5723,0.1611,0.5786,2.45,1.995,0.857,-0.02438,1.0,1.0,-0.5073,-0.4592,0.59,0.0,0.00315,-0.3381,2.154,1.781,0.1881,0.5522,0.5021,1.693,-0.4453,-0.2517,0.5557,2.002,1.884,0.0,0.0,1.921,0.0,2.236,0.872,0.3723,0.4797,1.0,0.0,0.5,-0.47,0.2109,0.3337,1.0,0.0,0.0,0.0,0.0,0.1455,-0.2884064,,,
-0.575,-0.05923,0.523,2.459,-0.838,0.857,-0.01627,1.0,1.0,-0.4675,-0.4177,0.5713,0.0,0.003601,0.09686,2.125,1.913,-0.0626,0.559,-0.3707,1.485,0.502,-0.4453,-0.2517,2.0,1.893,0.0,0.0,1.937,0.0,2.193,0.352,0.725,-0.564,0.0,0.0,0.0,-0.291,0.00569,0.1713,0.0,1.0,0.0,0.0,0.0,-0.1685,0.3519411999999999,,,
-0.6274,0.1415,0.5747,2.465,9.84,0.857,-0.00813,1.0,1.0,-0.509,-0.452,0.5947,0.0,0.00405,0.007248,2.05,1.994,0.1528,0.561,0.4815,1.223,-0.3706,0.502,-0.4453,2.008,1.9,0.0,0.0,1.956,0.0,2.248,0.337,0.76,0.551,0.0,0.0,0.0,-0.4365,0.1918,0.3342,1.0,0.0,0.0,0.0,0.0,0.1664,0.0396752,,,
-0.635,0.1632,0.5835,2.48,0.2378,0.857,0.0,1.0,1.0,-0.5156,-0.4575,0.6016,0.0,0.0045,-0.7456,1.973,2.027,0.1799,0.565,0.1356,0.9204,0.4812,-0.3706,0.502,2.016,1.911,0.0,0.0,1.974,0.0,2.264,0.4673,0.6733,0.1417,1.0,0.5,0.5,-0.46,0.1925,0.394,2.0,0.0,0.0,0.0,0.0,0.0422,-0.9558207599999996,,,
-0.441,-0.6396,0.3628,2.436,-3.373,0.7144,0.00813,0.0,1.0,-0.335,-0.3032,0.519,0.0,0.00495,0.632,1.812,1.999,-0.6143,0.562,-1.6679,0.726,0.1355,0.4812,-0.3706,1.994,1.916,0.0,0.0,1.98,0.0,2.07,-0.3594,1.179,-4.05,1.0,0.0,0.0,0.3323,-0.4858,-0.585,0.0,1.0,0.0,1.0,-5.777,-1.201,-0.1950191999999999,,,
-0.457,-0.49,0.3923,2.408,-0.153,0.5713,0.01627,0.0,1.0,-0.3594,-0.326,0.533,0.0,0.0054,-0.4734,1.595,1.927,-0.468,0.5615,0.3043,0.5713,-1.668,0.1355,0.4812,1.9795,1.922,0.0,0.0,1.985,0.0,2.104,-0.157,1.049,0.417,1.0,0.5,0.5,0.1533,-0.3596,-0.489,1.0,0.0,0.0,0.0,0.0,0.1304,-0.00221056,,,
-0.4814,-0.4204,0.394,2.355,-0.04834,0.4285,0.02438,0.0,1.0,-0.3628,-0.3252,0.537,0.0,0.00585,-0.2664,1.335,1.793,-0.4133,0.5596,0.077,0.2979,0.304,-1.668,0.1355,1.972,1.928,0.0,0.0,1.993,0.0,2.113,-0.4731,1.278,0.1232,2.0,0.5,0.5,0.10315,-0.3196,-0.606,2.0,0.0,0.0,0.0,0.0,0.03818,-0.2000796,,,
-0.4695,-0.5537,0.3428,2.297,0.5537,0.2856,0.03253,0.0,1.0,-0.3213,-0.2844,0.52,0.0,0.0063,-0.702,1.009,1.622,-0.546,0.556,-0.3581,0.3025,0.0769,0.304,-1.668,1.952,1.934,0.0,0.0,1.992,0.0,2.072,-0.5225,1.296,-0.4783,1.0,0.0,0.5,0.2546,-0.4458,-0.9106,0.0,1.0,0.0,0.0,0.0,-0.1478,0.207594,,,
-0.4702,-0.4622,0.3489,2.238,-0.07416,0.1428,0.04065,0.0,1.0,-0.3264,-0.2896,0.5254,0.0,0.006752,-0.445,0.7363,1.439,-0.4507,0.552,0.1165,0.3423,-0.358,0.0769,0.304,1.939,1.938,0.0,0.0,1.99,0.0,2.086,-0.4998,1.286,0.156,1.0,0.5,0.5,0.1777,-0.3818,-0.7627,1.0,0.0,0.0,0.0,0.0,0.04874,0.5493863999999999,,,
-0.4944,-0.08,0.4373,2.213,-0.939,0.1428,0.04877,1.0,1.0,-0.397,-0.3584,0.563,0.0,0.007202,-0.4487,0.463,1.264,-0.06836,0.5513,0.7991,0.3228,0.11633,-0.358,0.0769,1.932,1.946,0.0,0.0,1.993,0.0,2.174,-0.1032,1.041,0.7573,2.0,1.0,1.0,-0.1226,-0.00375,-0.1293,2.0,0.0,1.0,0.0,4.305,0.236,-0.0480916,,,
-0.5083,-0.1387,0.4106,2.176,-14.766,0.0,0.05692,0.0,1.0,-0.3777,-0.3362,0.556,0.0,0.007652,-0.826,0.2074,1.071,-0.1353,0.551,-0.1444,0.323,0.799,0.11633,-0.358,1.919,1.957,0.0,0.0,1.993,0.0,2.156,-0.2148,1.113,-0.1608,1.0,0.5,0.5,-0.0703,-0.103,-0.253,0.0,1.0,0.0,0.0,0.0,-0.04883,-0.569024,,,
-0.4458,-0.4915,0.2986,2.096,6.707,-0.1428,0.06506,0.0,1.0,-0.2837,-0.2496,0.5156,0.0,0.0081,-0.2686,0.0252,0.86,-0.497,0.5464,-0.8459,0.3838,-0.1445,0.799,0.11633,1.918,1.965,0.0,0.0,1.99,0.0,2.062,-0.677,1.401,-1.017,0.0,0.5,0.0,0.314,-0.4392,-0.8984,0.0,2.0,0.0,1.0,-3.521,-0.31,0.6388185999999999,,,
-0.4424,-0.000247,0.4075,2.05,-1.146,-0.1428,0.0732,1.0,1.0,-0.3699,-0.339,0.562,0.0,0.00855,-0.3218,-0.05542,0.6445,-0.005962,0.544,0.9928,0.3687,-0.8457,-0.1445,0.799,1.926,1.976,0.0,0.0,1.988,0.0,2.17,-0.2532,1.147,1.277,1.0,0.5,0.5,-0.078,0.02202,-0.1078,1.0,0.0,0.0,0.0,0.0,0.4004,-0.064812,,,
-0.4583,0.0512,0.4104,2.021,0.8115,-0.1428,0.0813,1.0,1.0,-0.3735,-0.3403,0.567,0.0,0.009,-0.4902,-0.03397,0.4143,0.0649,0.542,0.10703,0.3643,0.992,-0.8457,-0.1445,1.934,1.985,0.0,0.0,1.987,0.0,2.182,-0.0846,1.032,0.1204,1.0,0.5,1.0,-0.1255,0.02837,-0.01396,2.0,0.0,0.0,0.0,0.0,0.03662,0.3262496000000001,,,
-0.4617,0.2803,0.4575,1.992,1.98,-0.1428,0.0894,1.0,1.0,-0.41,-0.3772,0.5894,0.0,0.00945,-0.7188,0.002024,0.2399,0.273,0.544,0.4641,0.3813,0.10693,0.992,-0.8457,1.953,1.994,0.0,0.0,1.988,0.0,2.234,-0.0965,1.063,0.669,1.0,1.0,1.0,-0.2852,0.2018,0.3486,3.0,0.0,1.0,0.0,2.191,0.2028,0.0320188,,,
-0.548,0.3213,0.4626,1.9795,0.255,-0.1428,0.09753,1.0,1.0,-0.4207,-0.374,0.595,0.0,0.0099,-0.844,0.02498,0.0816,0.339,0.543,0.11753,0.415,0.4639,0.10693,0.992,1.972,2.002,0.0,0.0,1.991,0.0,2.248,0.06726,0.9526,0.08575,2.0,1.0,1.5,-0.3164,0.1946,0.4011,4.0,0.0,0.0,0.0,0.0,0.02562,0.3208580000000001,,,
-0.5894,0.5986,0.5273,1.97,0.8687,-0.1428,0.1057,1.0,1.0,-0.4717,-0.42,0.6245,0.0,0.01035,-0.2896,0.009186,-0.0506,0.5938,0.547,0.5971,0.519,0.1174,0.4639,0.10693,1.988,2.012,0.0,0.0,1.997,0.0,2.316,0.1049,0.9556,1.038,3.0,1.0,1.5,-0.4893,0.4204,0.7446,5.0,0.0,0.0,0.0,0.0,0.309,-0.4039911999999999,,,
-0.506,0.1952,0.4158,1.933,-0.5005,-0.1428,0.11383,1.0,1.0,-0.3816,-0.3406,0.5835,0.0,0.0108,-0.1163,-0.05295,-0.1355,0.171,0.5483,-0.8159,0.495,0.597,0.1174,0.4639,1.996,2.016,0.0,0.0,1.995,0.0,2.22,-0.2031,1.134,-1.504,2.0,1.0,1.0,-0.1572,-0.01591,0.1642,0.0,1.0,0.0,0.0,0.0,-0.4395,0.1218344,,,
-0.5986,0.313,0.4514,1.96,0.5884,0.0,0.12195,1.0,1.0,-0.4163,-0.3608,0.601,0.0,0.01125,-0.1597,-0.1027,-0.1781,0.288,0.5537,0.36,0.518,-0.816,0.597,0.1174,2.02,2.02,0.0,0.0,1.996,0.0,2.262,0.5146,0.639,0.397,2.0,1.0,1.5,-0.2776,0.11584,0.4055,1.0,0.0,0.0,0.0,0.0,0.119,-0.100136,,,
-0.5645,0.1318,0.4072,1.968,-0.3574,0.1428,0.1301,1.0,1.0,-0.3796,-0.329,0.5874,0.0,0.0117,-0.1812,-0.1316,-0.1832,0.1033,0.558,-0.2821,0.5303,0.3596,-0.816,0.597,2.027,2.023,0.0,0.0,1.998,0.0,2.229,0.306,0.774,-0.3923,1.0,0.5,1.0,-0.1276,-0.01941,0.1823,0.0,1.0,0.0,0.0,0.0,-0.11633,0.447516,,,
-0.595,0.3674,0.4714,1.993,1.313,0.2856,0.1382,1.0,1.0,-0.431,-0.377,0.616,0.0,0.01215,-0.697,-0.09454,-0.1643,0.342,0.5635,0.5941,0.5815,-0.282,0.3596,-0.816,2.04,2.027,0.0,0.0,2.002,0.0,2.297,0.4478,0.7026,0.732,1.0,1.0,1.0,-0.331,0.2172,0.553,1.0,0.0,0.0,0.0,0.0,0.219,-0.2138855999999999,,,
-0.5845,0.1099,0.4136,2.018,-0.4797,0.4285,0.1464,1.0,1.0,-0.3862,-0.3323,0.596,0.0,0.0126,-0.6514,0.01973,-0.1295,0.08575,0.569,-0.401,0.6016,0.5938,-0.282,0.3596,2.041,2.031,0.0,0.0,2.004,0.0,2.25,0.422,0.7,-0.3896,0.0,1.0,1.0,-0.12286,0.03067,0.2532,0.0,1.0,0.0,0.0,0.0,-0.11444,-0.5246119999999999,,,
-0.5073,-0.3508,0.2964,2.012,-2.441,0.4285,0.1544,0.0,1.0,-0.2869,-0.2427,0.5522,0.0,0.013054,-0.2842,0.1376,-0.089,-0.3767,0.572,-0.8919,0.59,-0.401,0.5938,-0.282,2.03,2.03,0.0,0.0,1.999,0.0,2.146,0.0685,0.9077,-1.637,0.0,0.5,0.5,0.2642,-0.3567,-0.3179,0.0,2.0,0.0,1.0,-4.137,-0.4868,1.485624,,,
-0.4043,0.9336,0.629,2.066,-4.96,0.4285,0.1626,1.0,1.0,-0.529,-0.5093,0.6895,0.0,0.013504,0.4832,0.4148,0.04904,0.8022,0.5894,2.7441000000000004,0.904,-0.8916,-0.401,0.5938,2.049,2.035,0.0,0.0,2.008,0.0,2.467,0.506,0.7363,9.62,0.0,0.5,0.5,-0.702,0.908,1.113,1.0,0.0,1.0,0.0,9.375,3.443,0.2450439999999999,,,
-0.3735,1.013,0.6675,2.137,0.2169,0.5713,0.1708,1.0,1.0,-0.553,-0.5396,0.709,0.0,0.013954,-0.3018,0.708,0.2289,0.886,0.5996,0.3775,1.179,2.744,-0.8916,-0.401,2.082,2.045,0.0,0.0,2.027,0.0,2.514,0.6123,0.6807,0.74,1.0,0.5,1.0,-0.781,0.94,1.062,2.0,0.0,0.0,0.0,0.0,0.2078,0.0345091199999999,,,
-0.4001,1.205,0.7495,2.258,0.3208,0.7144,0.1788,1.0,1.0,-0.61,-0.5933,0.7466,0.0,0.014404,-0.3362,1.051,0.4688,1.084,0.615,0.7061,1.543,0.3774,2.744,-0.8916,2.123,2.057,0.0,0.0,2.047,0.0,2.6,0.978,0.4578,1.432,1.0,0.5,1.5,-0.962,1.1,1.062,3.0,0.0,1.0,0.0,4.438,0.3972,-0.562096,,,
-0.379,0.676,0.632,2.32,-0.3064,0.7144,0.187,1.0,1.0,-0.5293,-0.5137,0.703,0.0,0.014854,-0.02316,1.352,0.7065,0.5684,0.625,-0.8029000000000001,1.658,0.7056,0.3774,2.744,2.154,2.064,0.0,0.0,2.062,0.0,2.498,0.567,0.707,-1.208,1.0,0.0,1.0,-0.515,0.7134,0.6304,0.0,1.0,0.0,0.0,0.0,-0.328,-0.1298728,,,
-0.3784,0.4922,0.599,2.373,-0.1256,0.7144,0.1951,1.0,1.0,-0.506,-0.49,0.694,0.0,0.015305,-0.686,1.571,0.915,0.4219,0.6304,-0.1785,1.67,-0.8027,0.7056,0.3774,2.176,2.07,0.0,0.0,2.08,0.0,2.477,0.4937,0.7495,-0.1749,1.0,0.0,0.5,-0.3928,0.5586,0.4968,0.0,2.0,0.0,0.0,0.0,-0.0487,-0.1086299999999999,,,
-0.3408,0.1598,0.519,2.395,-0.486,0.7144,0.2032,1.0,1.0,-0.4456,-0.4338,0.665,0.0,0.01575,-0.03918,1.731,1.092,0.10114,0.6353,-0.5502,1.604,-0.1785,-0.8027,0.7056,2.193,2.076,0.0,0.0,2.094,0.0,2.41,0.2524,0.892,-0.851,0.0,-0.5,0.0,-0.0998,0.3042,0.2515,0.0,3.0,0.0,0.0,0.0,-0.2384,0.3720559999999999,,,
-0.3203,0.435,0.598,2.436,1.354,0.7144,0.2114,1.0,1.0,-0.501,-0.4944,0.701,0.0,0.0162,-0.4785,1.816,1.244,0.4065,0.639,0.7076,1.653,-0.5503,-0.1785,-0.8027,2.234,2.086,0.0,0.0,2.107,0.0,2.494,0.3625,0.851,0.941,0.0,0.0,0.0,-0.34,0.559,0.4553,1.0,0.0,0.0,0.0,0.0,0.268,0.12128676,,,
-0.3381,0.4556,0.61,2.463,0.1761,0.7144,0.2195,1.0,1.0,-0.5103,-0.5015,0.71,0.0,0.01665,-0.4822,1.866,1.378,0.436,0.6445,0.1616,1.681,0.707,-0.5503,-0.1785,2.24,2.094,0.0,0.0,2.121,0.0,2.514,0.2888,0.912,0.1544,0.0,0.0,0.0,-0.3828,0.5337,0.4539,2.0,0.0,0.0,0.0,0.0,0.04306,-0.0060724,,,
-0.3896,0.4038,0.6104,2.52,0.03046,0.7144,0.2277,1.0,1.0,-0.515,-0.4973,0.714,0.0,0.0171,-0.729,1.873,1.495,0.4019,0.652,0.0804,1.565,0.1614,0.707,-0.5503,2.242,2.102,0.0,0.0,2.14,0.0,2.523,0.538,0.7383,0.0718,1.0,0.5,0.5,-0.375,0.4958,0.4414,3.0,0.0,0.0,0.0,0.0,0.01991,0.3285588,,,
-0.4297,0.3088,0.596,2.562,-0.076,0.7144,0.2357,1.0,1.0,-0.5083,-0.4836,0.7124,0.0,0.01755,-0.5483,1.847,1.581,0.3406,0.6567,-0.03423,1.534,0.0803,0.1614,0.707,2.232,2.11,0.0,0.0,2.156,0.0,2.52,0.464,0.7896,-0.03162,1.0,0.5,0.0,-0.3237,0.4158,0.3784,0.0,1.0,0.0,0.0,0.0,-0.00875,0.0598045999999999,,,
-0.4617,0.2542,0.5967,2.621,-0.01672,0.7144,0.2439,1.0,1.0,-0.511,-0.4814,0.716,0.0,0.018,-0.629,1.798,1.648,0.2993,0.6646,0.0689,1.489,-0.03433,0.0803,0.1614,2.236,2.117,0.0,0.0,2.17,0.0,2.527,0.568,0.719,0.07153,2.0,0.5,0.5,-0.331,0.3696,0.3591,1.0,0.0,0.0,0.0,0.0,0.01982,0.0717526,,,
-0.4646,0.2094,0.595,2.664,-0.00918,0.7144,0.252,1.0,1.0,-0.5103,-0.4805,0.7188,0.0,0.01845,-0.522,1.706,1.696,0.274,0.6694,0.05155,1.472,0.0687,-0.03433,0.0803,2.242,2.13,0.0,0.0,2.184,0.0,2.533,0.4675,0.7935,0.03964,2.0,0.5,0.5,-0.3254,0.327,0.3337,2.0,0.0,0.0,0.0,0.0,0.010956,0.1866372,,,
-0.4526,0.2727,0.6284,2.73,0.3667,0.7144,0.2603,1.0,1.0,-0.532,-0.505,0.7354,0.0,0.0189,-0.4084,1.581,1.716,0.3696,0.6763,0.3197,1.472,0.05142,0.0687,-0.03433,2.262,2.145,0.0,0.0,2.197,0.0,2.574,0.676,0.6626,0.4207,2.0,0.5,1.0,-0.4343,0.3833,0.4116,3.0,0.0,0.0,0.0,0.0,0.116,-0.015962,,,
-0.4885,0.10443,0.6074,2.822,-0.3748,0.857,0.2683,1.0,1.0,-0.521,-0.4873,0.7305,0.0,0.01935,-0.4985,1.448,1.759,0.1804,0.691,-0.09597,1.49,0.3196,0.05142,0.0687,2.27,2.156,0.0,0.0,2.207,0.0,2.56,0.997,0.428,-0.1156,1.0,0.5,1.0,-0.4734,0.1587,0.3254,0.0,1.0,0.0,0.0,0.0,-0.0316,0.18823,,,
-0.6826,0.2588,0.6504,2.838,1.021,0.857,0.2764,1.0,1.0,-0.5664,-0.502,0.7515,0.0,0.0198,-0.2756,1.442,1.794,0.2673,0.702,0.3968,1.436,-0.09607,0.3196,0.05142,2.281,2.172,0.0,0.0,2.223,0.0,2.611,0.4702,0.8257,0.531,2.0,1.0,1.0,-0.5835,0.2766,0.4397,1.0,0.0,0.0,0.0,0.0,0.1454,-0.0369092,,,
-0.715,0.1888,0.631,2.838,-0.0865,0.857,0.2847,1.0,1.0,-0.555,-0.485,0.7466,0.0,0.02025,-0.76,1.433,1.807,0.1761,0.7075,-0.0895,1.38,0.3967,-0.09607,0.3196,2.291,2.186,0.0,0.0,2.236,0.0,2.6,0.2698,0.964,-0.1752,1.0,1.0,0.5,-0.5293,0.1534,0.3555,0.0,1.0,0.0,0.0,0.0,-0.0474,1.097186,,,
-0.5615,1.501,0.99,2.908,5.324,0.857,0.2927,1.0,1.0,-0.772,-0.7344,0.887,1.0,-0.171,0.502,1.95,2.02,1.101,0.7437,2.7441000000000004,1.797,-0.08954,0.3967,-0.09607,2.342,2.209,0.0,0.0,2.268,0.0,2.959,0.891,0.6787,9.62,1.0,1.0,0.5,-1.402,1.279,1.113,1.0,0.0,1.0,0.0,9.375,5.223,0.0385291999999999,,,
-0.5654,1.434,1.0,3.01,0.0874,0.857,0.3008,1.0,1.0,-0.778,-0.7397,0.887,1.0,-0.171,-0.1443,2.457,2.238,1.011,0.753,0.1495,2.154,2.744,-0.08954,0.3967,2.395,2.23,0.0,0.0,2.297,0.0,2.979,1.371,0.345,0.4014,1.0,1.0,1.0,-1.324,1.19,1.006,2.0,0.0,0.0,0.0,0.0,0.1,-0.299936,,,
-0.49,0.9253,0.887,3.094,-0.225,0.857,0.3088,1.0,1.0,-0.7046,-0.6763,0.845,0.0,-0.1705,-0.04623,2.883,2.434,0.517,0.766,-0.7229,2.184,0.1494,2.744,-0.08954,2.436,2.254,0.0,0.0,2.322,0.0,2.879,1.015,0.5557,-1.853,1.0,0.5,1.0,-0.9194,0.788,0.666,0.0,1.0,0.0,0.0,0.0,-0.4595,-0.3895959999999999,,,
-0.455,0.464,0.785,3.174,-0.3562,0.857,0.3171,1.0,1.0,-0.637,-0.613,0.8066,0.0,-0.1702,-0.3438,3.227,2.584,0.0759,0.7773,-0.6771,1.851,-0.723,0.1494,2.744,2.46,2.271,0.0,0.0,2.35,0.0,2.787,0.918,0.5845,-2.064,0.0,0.5,1.0,-0.571,0.4263,0.4216,0.0,2.0,0.0,1.0,-4.82,-0.5234,-1.1346760000000002,,,
-0.2306,-0.4255,0.5464,3.17,-1.609,0.7144,0.3252,0.0,1.0,-0.4568,-0.4636,0.711,0.0,-0.1697,0.7476,3.385,2.69,-0.75,0.7754,-1.7219,1.81,-0.677,-0.723,0.1494,2.46,2.283,0.0,0.0,2.354,0.0,2.56,0.06235,1.096,-5.945,0.0,0.0,0.5,0.265,-0.2695,-0.2385,0.0,3.0,0.0,1.0,-6.6,-1.541,-0.1697919999999999,,,
-0.1816,-0.565,0.5034,3.15,0.566,0.5713,0.3333,0.0,1.0,-0.4216,-0.4353,0.696,0.0,-0.1692,-0.02516,3.402,2.736,-0.859,0.773,-0.2833,1.804,-1.721,-0.677,-0.723,2.451,2.291,0.0,0.0,2.354,0.0,2.525,-0.063,1.17,-0.573,-1.0,-0.5,0.0,0.377,-0.362,-0.3435,0.0,4.0,0.0,0.0,0.0,-0.1571,-0.1677955999999999,,,
-0.142,0.0225,0.663,3.174,-1.165,0.5713,0.3416,1.0,1.0,-0.5317,-0.555,0.7656,0.0,-0.1688,0.03613,3.332,2.768,-0.2421,0.7725,1.3381,1.82,-0.2832,-1.721,-0.677,2.463,2.303,0.0,0.0,2.357,0.0,2.691,0.2316,1.032,3.48,-1.0,-0.5,0.0,-0.11145,0.2722,0.1203,1.0,0.0,0.0,0.0,0.0,0.962,-0.4290139999999999,,,
-0.1033,-0.2028,0.6045,3.184,-2.186,0.4285,0.3496,0.0,1.0,-0.488,-0.517,0.7446,0.0,-0.1683,-0.311,3.164,2.771,-0.431,0.773,-0.3895,1.789,1.337,-0.2832,-1.721,2.426,2.312,0.0,0.0,2.363,0.0,2.64,0.1339,1.079,-0.968,-1.0,-0.5,0.0,0.08844,0.1016,-0.044,0.0,1.0,0.0,0.0,0.0,-0.2566,0.3089412,,,
-0.1241,-0.05405,0.6484,3.207,-1.175,0.4285,0.3577,1.0,1.0,-0.52,-0.5464,0.766,0.0,-0.1678,-0.7983,2.932,2.742,-0.2578,0.7744,0.4002,1.747,-0.3894,1.337,-0.2832,2.39,2.326,0.0,0.0,2.373,0.0,2.691,0.2017,1.054,0.5454,0.0,-0.5,0.0,-0.04315,0.2703,0.0759,1.0,0.0,0.0,0.0,0.0,0.1465,0.1156444,,,
-0.138,-0.1946,0.613,3.22,-5.37,0.2856,0.366,0.0,1.0,-0.4966,-0.52,0.7544,0.0,-0.1674,-0.844,2.607,2.68,-0.3745,0.7764,-0.2139,1.619,0.4,-0.3894,1.337,2.367,2.336,0.0,0.0,2.383,0.0,2.664,0.1371,1.088,-0.1506,0.0,-0.5,-0.5,0.06183,0.1526,-0.03998,0.0,1.0,0.0,0.0,0.0,-0.03995,-0.4569680000000001,,,
-0.0796,-0.5186,0.5195,3.197,3.19,0.1428,0.374,0.0,1.0,-0.4253,-0.456,0.7183,0.0,-0.167,-0.0699,2.18,2.58,-0.696,0.777,-0.6629,1.57,-0.2139,0.4,-0.3894,2.342,2.348,0.0,0.0,2.387,0.0,2.578,-0.08136,1.206,-0.9824,0.0,-1.0,-1.0,0.3762,-0.10535,-0.3247,0.0,2.0,0.0,0.0,0.0,-0.2622,-0.3724096,,,
-0.001383,-0.8633,0.416,3.154,0.977,0.0,0.382,0.0,1.0,-0.3413,-0.3826,0.6777,0.0,-0.1665,-0.5493,1.717,2.438,-1.025,0.774,-0.7669,1.592,-0.6626,-0.2139,0.4,2.332,2.352,0.0,0.0,2.387,0.0,2.482,-0.2156,1.26,-1.387,-1.0,-1.5,-1.0,0.7056,-0.3955,-0.6235,0.0,3.0,0.0,1.0,-4.816,-0.3782,0.3261808,,,
-0.0332,-0.643,0.462,3.11,-0.1678,-0.1428,0.3901,0.0,1.0,-0.379,-0.416,0.7,0.0,-0.166,-0.566,1.174,2.266,-0.8164,0.7725,0.4337,1.583,-0.767,-0.6626,-0.2139,2.334,2.36,0.0,0.0,2.387,0.0,2.535,-0.2097,1.279,0.6543,0.0,-1.0,-1.0,0.5015,-0.1525,-0.4587,1.0,0.0,0.0,0.0,0.0,0.1827,-0.016456,,,
-0.01521,-0.6895,0.437,3.064,0.2219,-0.2856,0.3984,0.0,1.0,-0.3586,-0.398,0.693,0.0,-0.1656,-0.6133,0.267,2.059,-0.8843,0.7725,-0.1425,1.582,0.4333,-0.767,-0.6626,2.314,2.371,0.0,0.0,2.387,0.0,2.518,-0.2192,1.278,-0.1758,-1.0,-1.0,-1.0,0.4019,-0.34,-0.5156,0.0,1.0,0.0,0.0,0.0,-0.04846,0.2598479999999999,,,
-0.281,-0.382,0.4834,2.934,-0.407,-0.4285,0.4065,0.0,1.0,-0.4148,-0.412,0.7153,0.0,-0.1652,-0.5293,0.07904,1.801,-0.4788,0.7485,0.4354,1.559,-0.1425,0.4333,-0.767,2.307,2.373,0.0,0.0,2.389,0.0,2.57,-0.8765,1.7705,0.6094,0.0,-0.5,-1.0,0.2144,-0.11914,-0.3542,1.0,0.0,0.0,0.0,0.0,0.1687,0.1330732,,,
-0.3394,-0.272,0.4763,2.795,-0.2576,-0.5713,0.4146,0.0,1.0,-0.414,-0.4016,0.7153,0.0,-0.1647,-0.7637,0.3079,1.517,-0.3616,0.7354,0.0001,1.538,0.435,-0.1425,0.4333,2.291,2.375,0.0,0.0,2.39,0.0,2.57,-0.934,1.812,0.0,0.0,-0.5,-1.5,0.1691,-0.1565,-0.363,0.0,0.0,0.0,0.0,0.0,0.0,0.1280296,,,
-0.4028,-0.1829,0.4705,2.688,-0.3662,-0.7144,0.4229,0.0,1.0,-0.4148,-0.3918,0.7163,0.0,-0.1643,-0.7427,0.6606,1.229,-0.248,0.723,0.0113999999999999,1.537,0.0,0.435,-0.1425,2.281,2.375,0.0,0.0,2.39,0.0,2.572,-0.79,1.709,0.01683,1.0,-0.5,-1.0,0.1237,-0.1853,-0.359,1.0,0.0,0.0,0.0,0.0,0.004597,0.2111408,,,
-0.4165,0.4937,0.632,2.646,-6.984,-0.7144,0.431,1.0,1.0,-0.532,-0.5107,0.788,0.0,-0.1638,0.4077,0.934,1.004,0.462,0.7173,1.3671,1.535,0.0113,0.0,0.435,2.3,2.38,0.0,0.0,2.398,0.0,2.742,-0.1852,1.353,2.844,1.0,0.0,-0.5,-0.4302,0.341,0.1687,2.0,0.0,0.0,0.0,0.0,0.7764,0.300438,,,
-0.577,0.7754,0.7144,2.693,0.6562,-0.5713,0.439,1.0,1.0,-0.601,-0.555,0.8276,0.0,-0.1633,-0.2678,1.043,0.7925,0.7354,0.726,0.7154,1.607,1.366,0.0113,0.0,2.342,2.393,0.0,0.0,2.408,0.0,2.836,0.574,0.8516,1.628,2.0,0.0,0.0,-0.634,0.5957,0.4177,3.0,0.0,0.0,0.0,0.0,0.4263,0.0133788,,,
-0.6045,0.5615,0.671,2.742,-0.1334,-0.4285,0.4473,1.0,1.0,-0.5737,-0.5225,0.813,0.0,-0.163,-0.555,1.071,0.545,0.524,0.7344,-0.2597,1.635,0.715,1.366,0.0113,2.373,2.402,0.0,0.0,2.416,0.0,2.8,0.5767,0.835,-0.402,1.0,0.0,0.0,-0.517,0.367,0.2712,0.0,1.0,0.0,0.0,0.0,-0.10297,0.09316288,,,
-0.6553,0.552,0.668,2.746,0.1176,-0.4285,0.4553,1.0,1.0,-0.5757,-0.516,0.816,0.0,-0.1625,-0.2411,1.058,0.534,0.4983,0.7397,0.0482,1.471,-0.2595,0.715,1.366,2.408,2.412,0.0,0.0,2.41,0.0,2.807,0.254,1.068,0.0769,2.0,0.5,0.0,-0.5015,0.313,0.3484,1.0,0.0,0.0,0.0,0.0,0.01987,0.2662731999999999,,,
-0.6895,0.7114,0.716,2.78,0.4028,-0.2856,0.4634,1.0,1.0,-0.611,-0.547,0.8403,0.0,-0.162,-0.8037,1.012,0.5396,0.648,0.7476,0.443,1.309,0.04807,-0.2595,0.715,2.441,2.422,0.0,0.0,2.406,0.0,2.865,0.566,0.871,0.8657,2.0,1.0,0.5,-0.6196,0.44,0.622,2.0,0.0,0.0,0.0,0.0,0.2233,-0.1303212,,,
-0.6714,0.5586,0.6777,2.791,-0.07263,-0.2856,0.4714,1.0,1.0,-0.584,-0.522,0.828,0.0,-0.1616,-0.554,0.9434,0.536,0.487,0.753,-0.2156,1.263,0.4426,0.04807,-0.2595,2.473,2.432,0.0,0.0,2.404,0.0,2.836,0.347,1.015,-0.3555,1.0,0.5,0.0,-0.4775,0.29,0.5396,0.0,1.0,0.0,0.0,0.0,-0.0904,0.172812,,,
-0.663,0.581,0.6875,2.812,0.171,-0.1428,0.4797,1.0,1.0,-0.59,-0.5293,0.837,0.0,-0.1611,-0.7036,0.859,0.509,0.523,0.7573,0.1536999999999999,1.331,-0.2156,0.4426,0.04807,2.508,2.44,0.0,0.0,2.406,0.0,2.857,0.4963,0.917,0.2313,1.0,1.0,0.5,-0.515,0.2764,0.577,1.0,0.0,0.0,0.0,0.0,0.05923,0.4291,,,
-0.6987,0.784,0.756,2.88,0.4604,0.0,0.4878,1.0,1.0,-0.6377,-0.573,0.871,0.0,-0.1606,-0.4143,0.8364,0.5054,0.6724,0.774,0.6011,1.488,0.1536,-0.2156,0.4426,2.53,2.451,0.0,0.0,2.422,0.0,2.938,1.002,0.592,2.373,2.0,1.0,1.0,-0.701,0.4573,0.7305,2.0,0.0,0.0,0.0,0.0,0.6045,-0.028058,,,
-0.729,0.4758,0.6953,2.963,-0.2473,0.1428,0.4958,1.0,1.0,-0.6006,-0.5293,0.849,0.0,-0.1602,-0.6084,0.9346,0.545,0.3706,0.786,-0.3776,1.509,0.6006,0.1536,-0.2156,2.535,2.463,0.0,0.0,2.438,0.0,2.887,1.219,0.414,-0.567,1.0,1.0,1.0,-0.4934,0.2356,0.4915,0.0,1.0,0.0,0.0,0.0,-0.1417,0.137268,,,
-0.7676,0.481,0.7144,3.04,0.1433,0.2856,0.504,1.0,1.0,-0.616,-0.539,0.862,0.0,-0.1598,-0.844,1.1,0.612,0.4119,0.7935,0.2201,1.622,-0.3777,0.6006,0.1536,2.549,2.47,0.0,0.0,2.447,0.0,2.916,1.1875,0.4492,0.09064,1.0,1.0,1.0,-0.5293,0.281,0.518,1.0,0.0,0.0,0.0,0.0,0.02295,0.0065839999999999,,,
-0.7773,0.3254,0.6914,3.115,-0.1625,0.4285,0.512,1.0,1.0,-0.6016,-0.5225,0.856,0.0,-0.1593,-0.827,1.311,0.705,0.2944,0.8013,-0.0987,1.6875,0.2198,-0.3777,0.6006,2.56,2.48,0.0,0.0,2.457,0.0,2.902,1.211,0.4272,-0.07477,1.0,0.5,1.0,-0.4587,0.1733,0.4185,0.0,1.0,0.0,0.0,0.0,-0.0188,0.001712,,,
-0.8174,0.2017,0.672,3.174,-0.1915,0.5713,0.5205,1.0,1.0,-0.592,-0.506,0.852,0.0,-0.1588,-0.688,1.572,0.8184,0.1935,0.8086,-0.07296,1.746,-0.09875,0.2198,-0.3777,2.564,2.49,0.0,0.0,2.467,0.0,2.893,1.075,0.519,-0.06168,0.0,0.0,0.5,-0.3875,0.10474,0.3457,0.0,2.0,0.0,0.0,0.0,-0.01555,-0.021369,,,
-0.7876,0.05798,0.6465,3.232,-0.4092,0.7144,0.5205,1.0,1.0,-0.572,-0.4905,0.8447,0.0,-0.1584,-0.4617,1.77,0.9434,0.07916,0.8145,-0.1254,1.772,-0.073,-0.09875,0.2198,2.568,2.498,0.0,0.0,2.475,0.0,2.875,0.9834,0.577,-0.1138,-1.0,0.0,0.5,-0.3,0.02373,0.2593,0.0,3.0,0.0,0.0,0.0,-0.02875,0.1582219999999999,,,
-0.775,0.00426,0.645,3.29,-0.2788,0.857,0.5205,1.0,1.0,-0.57,-0.4905,0.848,0.0,-0.158,-0.6016,1.873,1.089,0.0365,0.8193,0.05784,1.733,-0.1255,-0.073,-0.09875,2.572,2.496,0.0,0.0,2.488,0.0,2.883,0.9946,0.5728,0.0567,0.0,0.0,0.5,-0.3577,-0.0459,0.243,1.0,0.0,0.0,0.0,0.0,0.01439,0.3531051999999999,,,
-0.837,0.2438,0.715,3.322,3.123,0.857,0.5205,1.0,1.0,-0.622,-0.5337,0.883,0.0,-0.1575,-0.633,1.898,1.267,0.239,0.8193,0.6081,1.604,0.0577,-0.1255,-0.073,2.574,2.494,0.0,0.0,2.508,0.0,2.965,0.814,0.738,1.025,0.0,0.0,0.5,-0.569,0.1685,0.4468,2.0,0.0,1.0,0.0,3.494,0.2595,-0.1618559999999999,,,
-0.8154,-0.026,0.638,3.309,-0.7534,0.857,0.5283,1.0,1.0,-0.5684,-0.4822,0.853,0.0,-0.1571,-0.4783,1.893,1.433,-0.04428,0.8193,-0.5092,1.441,0.6074,0.0577,-0.1255,2.576,2.496,0.0,0.0,2.523,0.0,2.895,0.161,1.173,-0.7124,0.0,0.0,0.0,-0.3135,-0.07587,0.1909,0.0,1.0,0.0,0.0,0.0,-0.1771,-0.4105963999999998,,,
-0.7505,-0.3647,0.541,3.283,-6.414,0.7144,0.5283,0.0,1.0,-0.4944,-0.4165,0.8135,0.0,-0.1566,-0.4683,1.823,1.565,-0.3657,0.8193,-0.6899,1.175,-0.509,0.6074,0.0577,2.562,2.496,0.0,0.0,2.535,0.0,2.8,-0.0891,1.311,-1.506,0.0,-0.5,0.0,0.01593,-0.3547,-0.186,0.0,2.0,0.0,1.0,-2.98,-0.3804,0.653112,,,
-0.7407,0.04813,0.6484,3.287,-1.423,0.7144,0.5283,1.0,1.0,-0.57,-0.4958,0.865,0.0,-0.1561,0.03186,1.7,1.659,0.0554,0.8193,0.9241,0.974,-0.6895,-0.509,0.6074,2.564,2.506,0.0,0.0,2.549,0.0,2.924,0.2776,1.103,1.833,1.0,-0.5,0.0,-0.326,0.05548,0.2686,1.0,0.0,0.0,0.0,0.0,0.4731,-0.1050784,,,
-0.7397,0.02335,0.6367,3.271,-0.07117,0.7144,0.5366,1.0,1.0,-0.561,-0.4873,0.8643,0.0,-0.1558,-0.6265,1.548,1.698,0.02687,0.8193,-0.02067,0.6865,0.9233,-0.6895,-0.509,2.568,2.518,0.0,0.0,2.564,0.0,2.92,0.0982,1.2295,-0.0232,0.0,-0.5,-0.5,-0.2996,0.006203,0.2438,0.0,1.0,0.0,0.0,0.0,-0.00582,0.0845564,,,
-0.7144,0.0937,0.6533,3.271,0.8516,0.7144,0.5366,1.0,1.0,-0.571,-0.5015,0.8755,0.0,-0.1553,-0.183,1.349,1.667,0.1014,0.8193,0.2026,0.2568,-0.02075,0.9233,-0.6895,2.576,2.525,0.0,0.0,2.58,0.0,2.947,0.2942,1.102,0.2961,0.0,-0.5,0.0,-0.3513,0.06506,0.4973,1.0,0.0,0.0,0.0,0.0,0.07434,-0.2346092,,,
-0.671,-0.04852,0.6104,3.256,-0.735,0.7144,0.545,1.0,1.0,-0.5376,-0.474,0.861,0.0,-0.1548,-0.2593,1.077,1.568,-0.04825,0.8193,-0.2579,0.1278,0.2025,-0.02075,0.9233,2.58,2.531,0.0,0.0,2.588,0.0,2.912,0.09656,1.228,-0.2961,0.0,-0.5,-0.5,-0.237,-0.09155,0.1814,0.0,1.0,0.0,0.0,0.0,-0.07385,0.1524987999999999,,,
-0.7124,0.03818,0.623,3.225,2.959,0.7144,0.5527,1.0,1.0,-0.55,-0.48,0.871,0.0,-0.1544,-0.844,0.86,1.456,0.04266,0.8193,0.177,0.1288,-0.258,0.2025,-0.02075,2.578,2.54,0.0,0.0,2.592,0.0,2.936,-0.0945,1.374,0.1858,1.0,0.0,-0.5,-0.299,-0.0485,0.3643,1.0,0.0,0.0,0.0,0.0,0.04672,0.1445216,,,
-0.6807,0.1523,0.65,3.219,1.155,0.7144,0.5527,1.0,1.0,-0.5654,-0.5015,0.887,1.0,-0.171,-0.299,0.6997,1.346,0.1409,0.8193,0.2796,0.1158,0.1769,-0.258,0.2025,2.586,2.549,0.0,0.0,2.598,0.0,2.975,0.2458,1.147,0.574,1.0,0.5,0.0,-0.382,0.04507,0.6636,2.0,0.0,1.0,0.0,1.646,0.1436,-0.222128,,,
-0.6514,0.03757,0.6133,3.197,-0.3916,0.7144,0.5527,1.0,1.0,-0.538,-0.4778,0.8745,0.0,-0.1705,-0.5845,0.5366,1.213,0.0249,0.8193,-0.2154,0.0588,0.2793,0.1769,-0.258,2.604,2.559,0.0,0.0,2.604,0.0,2.943,0.02074,1.296,-0.3525,1.0,0.0,-0.5,-0.262,-0.07007,0.3384,0.0,1.0,0.0,0.0,0.0,-0.0874,0.2953500000000001,,,
-0.637,0.328,0.689,3.205,2.742,0.7144,0.5527,1.0,1.0,-0.589,-0.5327,0.887,1.0,-0.171,-0.763,0.3933,1.076,0.3171,0.8193,0.6611,0.1772,-0.2153,0.2793,0.1769,2.617,2.574,0.0,0.0,2.611,0.0,3.035,0.3545,1.097,0.9756,1.0,0.0,0.0,-0.4675,0.2076,1.012,1.0,0.0,1.0,0.0,3.031,0.2435,-0.2457280000000001,,,
-0.61,0.2054,0.6567,3.209,-0.1864,0.7144,0.5527,1.0,1.0,-0.5645,-0.512,0.8765,0.0,-0.1705,-0.428,0.28,0.923,0.1936,0.8193,-0.182,0.1948,0.6606,-0.2153,0.2793,2.627,2.588,0.0,0.0,2.62,0.0,3.01,0.2932,1.13,-0.3027,1.0,0.0,0.0,-0.3525,0.09186,0.683,0.0,1.0,0.0,0.0,0.0,-0.07404,0.079456,,,
-0.613,0.2522,0.671,3.227,0.3076,0.7144,0.5527,1.0,1.0,-0.5747,-0.522,0.8867,0.0,-0.1702,-0.458,0.195,0.743,0.2445,0.8193,0.1782,0.247,-0.1821,0.6606,-0.2153,2.637,2.602,0.0,0.0,2.627,0.0,3.033,0.4233,1.048,0.2688,1.0,0.5,0.5,-0.3848,0.1373,0.7646,1.0,0.0,0.0,0.0,0.0,0.0661,0.20316992,,,
-0.6025,0.3735,0.708,3.254,0.5225,0.7144,0.5527,1.0,1.0,-0.5986,-0.5483,0.887,1.0,-0.171,-0.6304,0.1929,0.6265,0.367,0.8193,0.3490999999999999,0.3901,0.1781,-0.1821,0.6606,2.658,2.615,0.0,0.0,2.633,0.0,3.082,0.518,1.001,0.5137,1.0,0.5,0.5,-0.4963,0.2278,0.9297,2.0,0.0,0.0,0.0,0.0,0.1256,-0.0498227999999999,,,
-0.6265,0.3423,0.699,3.258,0.06,0.7144,0.5527,1.0,1.0,-0.5947,-0.5405,0.887,1.0,-0.171,-0.5356,0.2678,0.547,0.336,0.8193,0.0001,0.4846,0.349,0.1781,-0.1821,2.674,2.63,0.0,0.0,2.64,0.0,3.082,0.316,1.1455,0.0,1.0,0.5,0.0,-0.4775,0.1536,0.7734,0.0,0.0,0.0,0.0,0.0,0.0,-0.6894384000000002,,,
-0.51,-0.147,0.5664,3.246,-1.101,0.5713,0.5527,0.0,1.0,-0.4934,-0.4553,0.832,0.0,-0.1705,0.906,0.352,0.4814,-0.1648,0.8193,-0.9462,0.479,0.0,0.349,0.1781,2.672,2.64,0.0,0.0,2.643,0.0,2.95,0.07983,1.256,-2.012,0.0,0.0,0.0,-0.0477,-0.2698,-0.10236,0.0,1.0,0.0,0.0,0.0,-0.4868,-1.0352344000000004,,,
-0.3857,-0.8735,0.3657,3.205,11.96,0.5713,0.5527,0.0,1.0,-0.3328,-0.3103,0.746,0.0,-0.1702,-0.1371,0.3616,0.409,-0.881,0.8193,-1.5209,0.672,-0.946,0.0,0.349,2.648,2.64,0.0,0.0,2.635,0.0,2.74,-0.2537,1.402,-3.666,0.0,0.0,0.0,0.621,-0.9033,-1.208,0.0,2.0,0.0,1.0,-7.91,-0.914,0.4316719999999999,,,
-0.4504,-0.562,0.4336,3.152,-0.2869,0.4285,0.5527,0.0,1.0,-0.3909,-0.3594,0.7793,0.0,-0.1697,-0.2917,0.3323,0.3325,-0.577,0.8193,0.6178,0.722,-1.521,-0.946,0.0,2.623,2.64,0.0,0.0,2.633,0.0,2.82,-0.38,1.527,0.944,0.0,0.0,0.0,0.3386,-0.5425,-0.721,1.0,0.0,0.0,0.0,0.0,0.2471,-0.1840359999999999,,,
-0.4314,-0.625,0.4028,3.096,0.2725,0.2856,0.5527,0.0,1.0,-0.3655,-0.3364,0.7686,0.0,-0.1692,-0.4604,0.2715,0.2462,-0.6367,0.8193,-0.1966,0.7886,0.617,-1.521,-0.946,2.598,2.64,0.0,0.0,2.629,0.0,2.795,-0.4355,1.556,-0.3203,-1.0,-0.5,0.0,0.3892,-0.5947,-0.8037,0.0,1.0,0.0,0.0,0.0,-0.0823,0.1036308,,,
-0.3882,-0.486,0.424,3.037,-0.1394,0.1428,0.5527,0.0,1.0,-0.3784,-0.357,0.7812,0.0,-0.1688,0.4946,0.2004,0.1708,-0.4927,0.8174,0.2301,0.824,-0.1965,0.617,-1.521,2.574,2.64,0.0,0.0,2.627,0.0,2.824,-0.4265,1.5625,0.552,0.0,0.0,0.0,0.259,-0.4614,-0.6235,1.0,0.0,0.0,0.0,0.0,0.1426,-0.7301713199999997,,,
-0.2737,-0.9985,0.2712,2.947,1.485,0.0,0.5527,0.0,1.0,-0.2473,-0.2405,0.7153,0.0,-0.1683,0.3613,0.1606,0.1283,-0.9756,0.807,-1.1999,1.0625,0.2299,-0.1965,0.617,2.525,2.637,0.0,0.0,2.615,0.0,2.664,-0.6753,1.67,-3.043,0.0,-0.5,0.0,0.796,-0.9077,-1.158,0.0,1.0,0.0,0.0,0.0,-0.781,-0.0345308,,,
-0.2236,-0.5225,0.378,2.885,-0.4214,-0.1428,0.5527,0.0,1.0,-0.3296,-0.3335,0.7656,0.0,-0.1678,-0.1765,0.1436,0.1021,-0.502,0.8027,0.9541,1.113,-1.199,0.2299,-0.1965,2.49,2.635,0.0,0.0,2.61,0.0,2.787,-0.4097,1.534,1.805,1.0,0.0,0.0,0.3691,-0.395,-0.607,1.0,0.0,0.0,0.0,0.0,0.481,1.0613680000000003,,,
-0.1844,0.3027,0.5845,2.871,-1.865,-0.1428,0.5527,1.0,1.0,-0.4805,-0.4956,0.8613,0.0,-0.1674,0.3162,0.1497,0.0643,0.3147,0.804,1.7621,1.106,0.9536,-1.199,0.2299,2.498,2.639,0.0,0.0,2.62,0.0,3.02,-0.0109,1.352,5.387,1.0,0.0,0.0,-0.2678,0.4153,0.297,2.0,0.0,1.0,0.0,7.414,1.395,-0.3139836,,,
-0.1744,0.4685,0.628,2.88,0.5947,-0.1428,0.5527,1.0,1.0,-0.51,-0.528,0.8843,0.0,-0.167,-0.2576,0.1375,0.02545,0.4753,0.8086,0.4012,1.184,1.762,0.9536,-1.199,2.537,2.643,0.0,0.0,2.625,0.0,3.074,0.1373,1.2705,0.866,2.0,0.0,0.5,-0.3948,0.5156,0.4678,3.0,0.0,0.0,0.0,0.0,0.2125,-0.210724,,,
-0.1703,0.314,0.5806,2.854,-0.1667,-0.1428,0.5527,1.0,1.0,-0.4763,-0.494,0.8667,0.0,-0.1665,-0.5405,0.141,-0.00916,0.319,0.8086,-0.3059,1.217,0.401,1.762,0.9536,2.562,2.646,0.0,0.0,2.63,0.0,3.031,-0.0971,1.419,-0.3948,1.0,0.0,0.0,-0.2172,0.3442,0.2695,0.0,1.0,0.0,0.0,0.0,-0.0957,0.190306,,,
-0.12115,-0.04083,0.4778,2.807,-0.8257,-0.1428,0.5527,1.0,1.0,-0.3977,-0.421,0.8237,0.0,-0.166,-0.3674,0.1636,-0.03317,-0.03806,0.807,-0.7489,1.216,-0.3057,0.401,1.762,2.578,2.648,0.0,0.0,2.629,0.0,2.926,-0.2323,1.47,-1.198,1.0,0.0,0.0,0.1492,0.03046,-0.1288,0.0,2.0,0.0,1.0,-3.818,-0.2932,0.0013946039999999,,,
-0.1171,0.2717,0.549,2.775,8.39,-0.1428,0.5527,1.0,1.0,-0.4495,-0.4749,0.859,0.0,-0.1656,-0.0457,0.1929,-0.04517,0.2805,0.8057,0.6271,1.233,-0.749,-0.3057,0.401,2.6,2.65,0.0,0.0,2.635,0.0,3.012,-0.1268,1.432,0.8237,1.0,0.5,0.0,-0.08203,0.292,0.1772,1.0,0.0,0.0,0.0,0.0,0.2063,0.31388,,,
-0.1337,0.65,0.6396,2.76,1.278,-0.1428,0.5527,1.0,1.0,-0.5146,-0.5396,0.887,1.0,-0.171,-0.3984,0.1956,-0.0615,0.6597,0.7905,0.7781,1.332,0.627,-0.749,-0.3057,2.654,2.658,0.0,0.0,2.643,0.0,3.12,-0.03265,1.412,1.262,1.0,0.5,0.0,-0.3193,0.6094,0.519,2.0,0.0,1.0,0.0,5.516,0.31,-0.222576,,,
-0.1495,0.8555,0.69,2.76,0.433,-0.1428,0.5527,1.0,1.0,-0.5503,-0.5737,0.887,1.0,-0.171,-0.5947,0.1505,-0.07367,0.823,0.773,0.4566,1.488,0.7773,0.627,-0.749,2.701,2.666,0.0,0.0,2.65,0.0,3.184,0.06165,1.373,1.417,1.0,1.0,0.5,-0.4673,0.704,0.653,3.0,0.0,0.0,0.0,0.0,0.34,0.7162822,,,
-0.1572,1.257,0.8086,2.834,0.5913,0.0,0.5527,1.0,1.0,-0.629,-0.6533,0.887,1.0,-0.171,0.8354,0.2703,0.009636,1.071,0.747,0.9786,1.819,0.4563,0.7773,0.627,2.736,2.678,0.0,0.0,2.666,0.0,3.324,0.469,1.145,5.78,2.0,1.0,1.0,-0.794,0.9814,0.8984,4.0,0.0,1.0,0.0,4.254,1.367,-0.3212872000000001,,,
-0.2338,0.976,0.7656,2.955,-0.091,0.1428,0.5527,1.0,1.0,-0.607,-0.618,0.8726,0.0,-0.1705,-0.435,0.5757,0.178,0.804,0.761,-0.2467,2.03,0.978,0.4563,0.7773,2.762,2.688,0.0,0.0,2.678,0.0,3.29,0.833,0.8687,-0.56,2.0,1.0,1.0,-0.6245,0.7715,0.686,0.0,1.0,0.0,0.0,0.0,-0.1285,-0.5611320000000002,,,
-0.1207,0.4622,0.649,3.023,-0.386,0.2856,0.5527,1.0,1.0,-0.52,-0.5474,0.826,0.0,-0.1702,0.0796,0.9062,0.3606,0.3137,0.77,-0.8085,2.098,-0.2468,0.978,0.4563,2.777,2.695,0.0,0.0,2.684,0.0,3.168,0.4792,1.068,-2.293,1.0,0.5,0.5,-0.2018,0.4045,0.3367,0.0,2.0,0.0,1.0,-4.035,-0.5303,-0.257986,,,
-0.1033,0.878,0.7827,3.14,0.951,0.4285,0.5527,1.0,1.0,-0.608,-0.6406,0.887,1.0,-0.171,-0.37,1.278,0.5747,0.756,0.7803,1.1046,2.312,-0.808,-0.2468,0.978,2.826,2.71,0.0,0.0,2.695,0.0,3.328,0.702,0.9795,2.543,1.0,0.5,1.0,-0.5425,0.837,0.6475,1.0,0.0,1.0,0.0,5.574,0.603,-0.3822239999999999,,,
-0.10065,0.517,0.709,3.23,-0.2688,0.5713,0.5527,1.0,1.0,-0.559,-0.591,0.8594,0.0,-0.1705,0.04272,1.652,0.8086,0.4133,0.791,-0.4791,2.418,1.104,-0.808,-0.2468,2.854,2.72,0.0,0.0,2.703,0.0,3.256,0.533,1.068,-1.012,0.0,0.0,0.5,-0.313,0.537,0.4355,0.0,1.0,0.0,0.0,0.0,-0.2319,-0.7177919999999999,,,
-0.04813,-0.1134,0.565,3.324,-0.9927,0.5713,0.5527,0.0,1.0,-0.4556,-0.4924,0.8003,0.0,-0.1702,0.317,2.018,1.075,-0.216,0.8047,-1.0259,2.426,-0.479,1.104,-0.808,2.854,2.725,0.0,0.0,2.705,0.0,3.105,0.551,0.99,-2.734,-1.0,0.0,0.5,0.1597,0.0768,0.08527,0.0,2.0,0.0,0.0,0.0,-0.6367,-0.9105664000000004,,,
0.11804,-0.9106,0.3552,3.324,18.77,0.5713,0.5527,0.0,1.0,-0.2842,-0.3433,0.7124,0.0,-0.1697,-0.2925,2.225,1.282,-0.977,0.804,-1.5879,2.451,-1.025,-0.479,1.104,2.816,2.723,0.0,0.0,2.701,0.0,2.88,0.0362,1.258,-4.758,-1.0,0.0,0.0,0.8384,-0.6133,-0.4226,0.0,3.0,0.0,1.0,-7.637,-1.145,-0.6894319999999997,,,
0.1761,-1.383,0.2083,3.217,0.742,0.4285,0.5527,0.0,1.0,-0.1582,-0.2229,0.651,0.0,-0.1692,1.349,2.297,1.425,-1.47,0.8,-1.1619,2.467,-1.587,-1.025,-0.479,2.746,2.719,0.0,0.0,2.701,0.0,2.723,-0.513,1.581,-2.934,-1.0,-0.5,-0.5,1.331,-1.024,-0.7754,0.0,4.0,0.0,0.0,0.0,-0.7427,0.380376,,,
0.1655,-1.087,0.2615,3.111,-0.11,0.2856,0.5527,0.0,1.0,-0.204,-0.2683,0.6772,0.0,-0.1688,-0.2722,2.264,1.504,-1.17,0.7905,0.5161,2.486,-1.162,-1.587,-1.025,2.688,2.715,0.0,0.0,2.701,0.0,2.791,-0.494,1.597,1.37,-1.0,-0.5,-0.5,1.02,-0.685,-0.6167,1.0,0.0,0.0,0.0,0.0,0.3599,-0.788644,,,
0.3826,-1.677,0.07794,2.965,0.761,0.1428,0.5527,0.0,1.0,-0.02573,-0.1204,0.5996,0.0,-0.1683,0.2343,2.111,1.511,-1.685,0.77,-1.5029,2.713,0.516,-1.162,-1.587,2.621,2.703,0.0,0.0,2.691,0.0,2.592,-0.657,1.626,-5.88,-1.0,-1.0,-0.5,1.665,-1.246,-0.978,0.0,1.0,0.0,1.0,-6.188,-1.5205,0.3456691999999999,,,
0.4844,-1.343,0.1422,2.87,-0.09033,0.0,0.5527,0.0,1.0,-0.07574,-0.1888,0.631,0.0,-0.1678,1.589,1.911,1.486,-1.275,0.7534,0.6285,2.844,-1.502,0.516,-1.162,2.545,2.695,0.0,0.0,2.686,0.0,2.67,-0.4258,1.496,2.225,0.0,-1.0,0.0,1.263,-0.84,-0.77,1.0,0.0,0.0,0.0,0.0,0.6035,0.175636,,,
0.4832,-0.7915,0.2637,2.79,-0.3335,-0.1428,0.5527,0.0,1.0,-0.1805,-0.2966,0.687,0.0,-0.1674,0.885,1.679,1.433,-0.717,0.7466,1.1231,2.707,0.6284,-1.502,0.516,2.492,2.69,0.0,0.0,2.691,0.0,2.814,-0.3406,1.498,2.928,1.0,-0.5,0.0,0.7163,-0.2605,-0.5103,2.0,0.0,0.0,0.0,0.0,0.7783,-0.1271556,,,
0.6724,-1.212,0.125,2.639,0.766,-0.2856,0.5527,0.0,1.0,-0.04532,-0.1886,0.6284,0.0,-0.167,1.398,1.468,1.368,-1.154,0.737,-1.1269,2.818,1.122,0.6284,-1.502,2.441,2.68,0.0,0.0,2.688,0.0,2.664,-0.6523,1.655,-3.955,1.0,-0.5,-0.5,1.205,-0.673,-0.79,0.0,1.0,0.0,0.0,0.0,-1.017,0.9643172000000004,,,
0.6523,-0.5083,0.2742,2.52,-0.5317,-0.4285,0.5527,0.0,1.0,-0.1755,-0.3196,0.697,0.0,-0.1665,0.334,1.393,1.32,-0.459,0.7275,1.3671,2.857,-1.127,1.122,0.6284,2.436,2.676,0.0,0.0,2.68,0.0,2.84,-0.492,1.617,2.613,1.0,-0.5,-0.5,0.5713,-0.01364,-0.4124,1.0,0.0,0.0,0.0,0.0,0.696,-0.3644976,,,
0.607,-0.716,0.1805,2.33,0.653,-0.5713,0.5527,0.0,1.0,-0.0997,-0.2338,0.6587,0.0,-0.166,0.2352,1.807,1.379,-0.5654,0.7,-0.7349,2.936,1.366,-1.127,1.122,2.438,2.666,0.0,0.0,2.666,0.0,2.74,-0.7856,1.784,-1.818,1.0,-0.5,-1.0,0.89,-0.2769,-0.5664,0.0,1.0,0.0,0.0,0.0,-0.4644,-0.4401471999999998,,,
0.7437,-0.9,0.0912,2.129,0.444,-0.7144,0.5527,0.0,1.0,-0.008965,-0.1627,0.6216,0.0,-0.1656,0.3044,2.312,1.506,-0.775,0.6855,-0.7249,3.088,-0.7344,1.366,-1.127,2.422,2.654,0.0,0.0,2.65,0.0,2.646,-0.831,1.775,-1.596,0.0,-0.5,-1.0,1.151,-0.5483,-0.69,0.0,2.0,0.0,0.0,0.0,-0.4172,-1.4522655999999998,,,
1.174,-2.16,-0.269,1.854,1.776,-0.857,0.545,0.0,0.0,0.3918,0.1794,0.4636,0.0,-0.1652,1.324,2.91,1.74,-2.057,0.663,-2.4299,3.77,-0.7246,-0.7344,1.366,2.38,2.635,0.0,0.0,2.623,0.0,2.242,-1.02,1.731,-7.836,-1.0,-0.5,-1.0,2.71,-1.85,-1.1875,0.0,3.0,0.0,1.0,-7.91,-2.096,2.0236000000000005,,,
1.058,-0.893,-0.01903,1.608,-0.5176,-1.0,0.545,0.0,1.0,0.12024,-0.0814,0.5767,0.0,-0.1647,1.329,3.492,2.06,-0.8135,0.643,2.5201,3.936,-2.428,-0.7246,-0.7344,2.365,2.629,0.0,0.0,2.602,0.0,2.531,-0.8433,1.733,5.508,0.0,0.0,-1.0,1.483,-0.46,-0.6685,1.0,0.0,0.0,0.0,0.0,1.635,-1.698456000000001,,,
1.401,-1.628,-0.252,1.315,1.102,-1.143,0.5366,0.0,0.0,0.3906,0.1407,0.4753,0.0,-0.1643,1.495,4.043,2.473,-1.578,0.6196,-2.0959,4.3,2.518,-2.428,-0.7246,2.3,2.613,0.0,0.0,2.566,0.0,2.271,-0.951,1.696,-6.348,-1.0,-0.5,-1.0,2.443,-1.267,-0.935,0.0,1.0,0.0,0.0,0.0,-1.746,-1.568856,,,
2.223,-2.307,-0.712,0.9287,1.301,-1.143,0.5283,0.0,0.0,1.056,0.6904,0.2715,0.0,-0.1638,2.906,4.71,3.102,-2.123,0.5757,-2.4299,5.36,-2.094,2.518,-2.428,2.195,2.584,0.0,0.0,2.508,0.0,1.751,-1.122,1.589,-9.51,-1.0,-0.5,-1.0,2.836,-2.066,-1.282,0.0,2.0,0.0,1.0,-7.91,-5.21,1.85336,,,
1.93,-1.548,-0.3564,0.7114,-0.4512,-1.143,0.5205,0.0,0.0,0.5537,0.2217,0.4312,0.0,-0.1633,2.906,5.293,3.756,-1.374,0.549,2.7441000000000004,5.383,-2.428,-2.094,2.518,2.115,2.566,0.0,0.0,2.459,0.0,2.158,-0.608,1.401,9.62,0.0,-0.5,-0.5,2.674,-0.919,-0.767,1.0,0.0,0.0,0.0,0.0,4.09,-1.821892,,,
2.545,-2.307,-0.9995,0.348,2.04,-1.143,0.512,0.0,0.0,1.632,1.097,0.1451,0.0,-0.163,2.906,5.836,4.45,-2.123,0.5137,-2.4299,5.74,2.744,-2.428,-2.094,1.961,2.531,0.0,0.0,2.383,0.0,1.427,-0.8716,1.269,-9.51,0.0,-1.0,-0.5,2.836,-2.066,-1.282,0.0,1.0,0.0,0.0,0.0,-5.758,2.1416120000000003,,,
2.545,-2.307,-0.7324,0.04395,-0.2563,-1.143,0.504,0.0,0.0,1.164,0.6416,0.2646,0.0,-0.1625,2.906,5.836,5.164,-2.123,0.4773,2.7441000000000004,5.74,-2.428,2.744,-2.428,1.854,2.502,0.0,0.0,2.322,0.0,1.732,-0.689,1.272,9.414,0.0,-0.5,-0.5,2.836,-1.711,-0.8916,1.0,0.0,0.0,0.0,0.0,3.592,-1.653192,,,
2.545,-2.307,-1.085,-0.3088,0.7,-1.143,0.4958,0.0,0.0,1.872,1.191,0.1079,0.0,-0.162,2.906,5.836,5.7,-2.123,0.428,-2.4299,5.74,2.744,-2.428,2.744,1.747,2.455,0.0,0.0,2.24,0.0,1.332,-0.768,1.152,-9.51,0.0,-1.0,-0.5,2.836,-2.066,-1.104,0.0,1.0,0.0,0.0,0.0,-4.91,0.7396119999999999,,,
2.545,-2.307,-1.021,-0.663,-0.02823,-1.143,0.4878,0.0,0.0,1.744,1.069,0.1357,0.0,-0.1616,2.906,5.836,5.7,-2.123,0.3923,0.8248,5.74,-2.428,2.744,-2.428,1.615,2.408,0.0,0.0,2.164,0.0,1.402,-0.7734,1.1875,1.754,1.0,-0.5,-0.5,2.836,-2.066,-0.9365,1.0,0.0,0.0,0.0,0.0,0.692,0.3680879999999999,,,
2.545,-2.307,-1.157,-1.098,0.229,-1.143,0.4797,0.0,0.0,2.06,1.309,0.0751,0.0,-0.1611,2.906,5.836,5.7,-2.123,0.3562,-1.7509,5.74,0.824,-2.428,2.744,1.495,2.36,0.0,0.0,2.086,0.0,1.247,-0.9316,1.232,-4.082,0.0,-0.5,-1.0,2.836,-2.066,-0.952,0.0,1.0,0.0,0.0,0.0,-1.571,1.461804,,,
2.545,-2.307,-1.022,-1.449,-0.1638,-1.143,0.4714,0.0,0.0,1.758,1.056,0.1353,0.0,-0.1606,2.375,5.836,5.7,-2.123,0.3147,1.8351,5.74,-1.75,0.824,-2.428,1.454,2.316,0.0,0.0,2.025,0.0,1.401,-0.7686,1.184,4.387,1.0,0.0,-0.5,2.836,-1.609,-0.7515,1.0,0.0,0.0,0.0,0.0,1.785,2.2673296,,,
2.545,-0.7847,-0.715,-1.758,-0.652,-1.143,0.4634,0.0,0.0,1.201,0.55,0.2725,0.0,-0.1602,1.611,5.836,5.7,-0.4712,0.2952,2.7441000000000004,5.74,1.835,-1.75,0.824,1.406,2.281,0.0,0.0,1.984,0.0,1.752,-0.6504,1.254,9.62,1.0,0.0,-0.5,2.836,0.4453,-0.4346,2.0,0.0,1.0,0.0,9.375,4.152,-0.2047999999999999,,,
2.545,-0.591,-0.7407,-2.045,-0.1609,-1.143,0.4553,0.0,0.0,1.257,0.573,0.261,0.0,-0.1598,2.752,5.836,5.7,-0.3794,0.2761,-0.2904,5.74,2.744,1.835,-1.75,1.441,2.242,0.0,0.0,1.94,0.0,1.723,-0.6235,1.222,-0.6294,1.0,0.0,-0.5,2.836,0.4182,-0.4219,0.0,1.0,0.0,0.0,0.0,-0.2156,-0.447372,,,
2.545,1.1455,-0.4653,-2.223,-3.506,-1.0,0.4473,1.0,0.0,0.8364,0.2075,0.3845,0.0,-0.1593,2.062,5.836,5.7,1.283,0.2651,2.7441000000000004,5.74,-0.2903,2.744,1.835,1.478,2.21,0.0,0.0,1.917,0.0,2.037,-0.3943,1.197,7.05,1.0,0.5,0.0,1.426,1.642,-0.1387,1.0,0.0,0.0,0.0,0.0,2.436,-1.900088,,,
2.545,-0.1061,-0.723,-2.365,-0.9565,-1.0,0.439,0.0,0.0,1.229,0.547,0.27,0.0,-0.1588,1.688,5.836,5.7,-0.00982,0.2551,-2.4299,5.74,2.744,-0.2903,2.744,1.525,2.166,0.0,0.0,1.879,0.0,1.745,-0.346,1.033,-5.86,1.0,0.0,0.0,2.75,0.57,-0.3533,0.0,1.0,0.0,0.0,0.0,-1.841,0.195164,,,
2.545,0.907,-0.5854,-2.549,-14.766,-0.857,0.431,1.0,0.0,0.9976,0.372,0.332,0.0,-0.1584,0.606,5.836,5.7,0.931,0.2427,1.5981,5.74,-2.428,2.744,-0.2903,1.585,2.127,0.0,0.0,1.842,0.0,1.903,-0.422,1.157,2.344,1.0,0.5,0.0,1.872,1.214,-0.1803,1.0,0.0,0.0,0.0,0.0,0.8047,-1.0077440000000002,,,
2.545,0.5615,-0.678,-2.688,-0.2405,-0.7144,0.4229,1.0,0.0,1.13,0.51,0.2913,0.0,-0.158,0.622,5.836,5.7,0.589,0.2296,-1.0009,5.74,1.597,-2.428,2.744,1.649,2.09,0.0,0.0,1.806,0.0,1.799,-0.3503,1.061,-2.178,0.0,0.0,0.0,2.113,0.6353,-0.2433,0.0,1.0,0.0,0.0,0.0,-0.7114,-1.12256,,,
2.545,-0.2888,-0.835,-2.727,-1.28,-0.7144,0.4146,0.0,0.0,1.376,0.7617,0.2217,0.0,-0.1575,1.863,5.836,5.7,-0.2029,0.222,-1.7589,5.74,-1.0,1.597,-2.428,1.675,2.041,0.0,0.0,1.755,0.0,1.621,-0.1704,0.854,-3.572,0.0,0.0,0.0,2.793,-0.1493,-0.382,0.0,2.0,0.0,0.0,0.0,-1.205,0.03475,,,
2.545,-0.11584,-0.839,-2.879,-0.7573,-0.7144,0.4065,0.0,0.0,1.36,0.791,0.22,0.0,-0.1571,0.9194,5.836,5.7,-0.04816,0.2084,-0.0441999999999999,5.188,-1.759,-1.0,1.597,1.659,1.996,0.0,0.0,1.708,0.0,1.616,-0.4553,1.056,-0.0699,-1.0,-0.5,-0.5,2.305,-0.4402,-0.3523,0.0,3.0,0.0,0.0,0.0,-0.02495,0.014,,,
2.545,-0.5063,-0.8984,-2.844,12.21,-0.7144,0.3984,0.0,0.0,1.419,0.9385,0.1935,0.0,-0.1566,0.693,5.81,5.7,-0.3962,0.2087,-0.7099,4.48,-0.0443,-1.759,-1.0,1.64,1.952,0.0,0.0,1.663,0.0,1.549,0.009224,0.6943,-1.211,-1.0,-0.5,-0.5,2.398,-0.754,-0.4036,0.0,4.0,0.0,0.0,0.0,-0.4329,1.4343720000000002,,,
2.46,0.8516,-0.6597,-2.822,-3.281,-0.5713,0.3901,1.0,0.0,0.9966,0.5903,0.3003,0.0,-0.1561,0.3298,4.71,5.7,0.9365,0.2126,2.7441000000000004,4.207,-0.71,-0.0443,-1.759,1.614,1.923,0.0,0.0,1.6455,0.0,1.821,-0.01707,0.833,6.195,-1.0,-0.5,-0.5,0.9375,0.478,0.004993,1.0,0.0,1.0,0.0,9.375,2.266,0.7901121600000003,,,
1.977,1.126,-0.5737,-2.664,0.4482,-0.4285,0.382,1.0,0.0,0.836,0.505,0.339,0.0,-0.1558,1.01,3.688,5.7,1.138,0.2343,0.9771,3.416,2.744,-0.71,-0.0443,1.635,1.9,0.0,0.0,1.62,0.0,1.921,0.4758,0.525,2.242,0.0,-0.5,0.0,0.5312,0.882,0.2532,2.0,0.0,0.0,0.0,0.0,0.751,1.878124,,,
1.633,2.156,-0.3354,-2.453,1.067,-0.2856,0.374,1.0,0.0,0.5054,0.2205,0.4468,0.0,-0.1553,1.175,2.695,5.7,2.002,0.259,2.6231000000000004,3.307,0.9766,2.744,-0.71,1.669,1.884,0.0,0.0,1.617,0.0,2.195,0.609,0.5513,7.48,1.0,0.0,0.0,-0.4028,1.844,0.7603,3.0,0.0,0.0,0.0,0.0,2.432,-0.5755475999999998,,,
1.665,1.219,-0.4531,-2.234,-0.3213,-0.1428,0.366,1.0,0.0,0.6514,0.3662,0.3953,0.0,-0.1548,2.045,1.969,5.348,1.188,0.282,-1.1619,3.48,2.621,0.9766,2.744,1.7,1.869,0.0,0.0,1.631,0.0,2.064,0.636,0.4734,-2.896,1.0,-0.5,0.0,0.1672,1.283,0.4707,0.0,1.0,0.0,0.0,0.0,-0.87,-0.0177719999999999,,,
1.516,1.063,-0.437,-2.05,0.005768,0.0,0.3577,1.0,0.0,0.619,0.3577,0.4033,0.0,-0.1544,0.04266,1.836,4.46,1.027,0.3018,0.1871,3.4,-1.162,2.621,0.9766,1.755,1.854,0.0,0.0,1.628,0.0,2.084,0.5527,0.542,0.2217,2.0,0.0,0.0,1.07e-05,1.126,0.5244,1.0,0.0,0.0,0.0,0.0,0.0691,0.301194,,,
1.171,1.738,-0.2798,-1.917,0.763,0.1428,0.3496,1.0,0.0,0.4036,0.192,0.4746,0.0,-0.1539,0.10156,2.03,3.613,1.702,0.3157,1.6611,3.652,0.187,-1.162,2.621,1.831,1.838,0.0,0.0,1.662,0.0,2.268,0.4326,0.708,2.762,2.0,0.0,0.0,-0.508,1.7295,0.717,2.0,0.0,1.0,0.0,8.48,0.8564,-0.93169264,,,
1.177,0.897,-0.4106,-1.813,-0.3606,0.2856,0.3416,1.0,0.0,0.559,0.3516,0.4167,0.0,-0.1534,-0.001797,2.379,2.848,0.9087,0.3237,-1.2799,3.81,1.66,0.187,-1.162,1.898,1.823,0.0,0.0,1.679,0.0,2.12,0.2896,0.745,-2.012,1.0,0.0,0.0,0.0425,1.048,0.4224,0.0,1.0,0.0,0.0,0.0,-0.593,0.5819440000000001,,,
0.9263,1.433,-0.298,-1.763,0.7183,0.2856,0.3333,1.0,0.0,0.405,0.234,0.468,0.0,-0.1531,0.1155,2.746,2.34,1.432,0.33,1.1811,3.781,-1.279,1.66,0.187,1.948,1.807,0.0,0.0,1.717,0.0,2.25,0.1302,0.9165,2.195,1.0,0.5,0.0,-0.432,1.346,0.561,1.0,0.0,0.0,0.0,0.0,0.674,0.3985872,,,
0.718,1.54,-0.241,-1.613,0.2094,0.4285,0.3252,1.0,0.0,0.3237,0.1847,0.4949,0.0,-0.1526,-0.01513,3.15,2.074,1.567,0.344,0.5941,3.809,1.181,-1.279,1.66,1.995,1.795,0.0,0.0,1.755,0.0,2.318,0.5835,0.623,1.208,2.0,1.0,0.5,-0.608,1.423,0.5923,2.0,0.0,0.0,0.0,0.0,0.3574,-1.172628000000001,,,
0.844,0.6255,-0.401,-1.556,-0.4695,0.4285,0.3171,1.0,0.0,0.5205,0.3665,0.4238,0.0,-0.1521,0.2458,3.479,2.045,0.6587,0.3506,-1.5449,3.312,0.5938,1.181,-1.279,1.988,1.78,0.0,0.0,1.792,0.0,2.137,0.1792,0.832,-2.404,1.0,1.0,0.0,0.1501,0.751,0.2808,0.0,1.0,0.0,0.0,0.0,-0.6987,-0.908416,,,
0.979,-0.1748,-0.5435,-1.513,-1.076,0.2856,0.3088,0.0,0.0,0.7144,0.5444,0.3604,0.0,-0.1516,0.2837,3.682,2.201,-0.1484,0.3567,-1.4529,2.879,-1.545,0.5938,1.181,1.978,1.773,0.0,0.0,1.816,0.0,1.975,0.1055,0.813,-2.861,0.0,0.5,0.0,0.795,0.1138,-0.05222,0.0,2.0,0.0,1.0,-7.91,-0.8735,-0.411646,,,
0.8374,0.827,-0.3137,-1.351,-11.31,0.4285,0.3008,1.0,0.0,0.4158,0.26,0.4648,0.0,-0.1512,0.7744,3.818,2.441,0.877,0.3713,2.5021,2.941,-1.452,-1.545,0.5938,1.996,1.766,0.0,0.0,1.837,0.0,2.24,0.5767,0.594,3.91,1.0,0.5,0.5,-0.0965,1.204,0.4226,1.0,0.0,0.0,0.0,0.0,1.251,-0.4118519999999999,,,
0.8516,0.2651,-0.39,-1.208,-0.528,0.5713,0.2927,1.0,0.0,0.508,0.3523,0.4314,0.0,-0.1508,0.04053,3.783,2.72,0.3228,0.386,-0.7426,2.883,2.5,-1.452,-1.545,1.983,1.762,0.0,0.0,1.8545,0.0,2.154,0.4666,0.6353,-1.455,0.0,0.0,0.5,0.2812,0.855,0.2175,0.0,1.0,0.0,0.0,0.0,-0.4316,0.2907056,,,
0.805,0.3113,-0.3406,-1.031,0.2761,0.7144,0.2847,1.0,0.0,0.4448,0.295,0.4546,0.0,-0.1503,0.2605,3.654,3.02,0.3884,0.4026,0.5281,2.959,-0.742,2.5,-1.452,1.994,1.775,0.0,0.0,1.862,0.0,2.215,0.601,0.5654,0.8555,0.0,0.5,1.0,0.009346,0.916,0.3088,1.0,0.0,0.0,0.0,0.0,0.2598,0.1312015999999999,,,
0.707,-0.01712,-0.3857,-0.9424,-0.7607,0.7144,0.2764,1.0,0.0,0.491,0.359,0.435,0.0,-0.1499,0.3838,3.396,3.3,0.01556,0.4163,-0.4389,2.883,0.528,-0.742,2.5,1.984,1.775,0.0,0.0,1.88,0.0,2.164,0.3074,0.753,-0.6216,0.0,0.0,0.5,0.2155,0.6675,0.1758,0.0,1.0,0.0,0.0,0.0,-0.1858,-0.2601119999999999,,,
0.674,-0.267,-0.4243,-0.8916,-4.027,0.5713,0.2683,0.0,0.0,0.5356,0.4106,0.4182,0.0,-0.1494,0.2361,3.164,3.521,-0.2673,0.425,-0.3822,2.871,-0.4387,0.528,-0.742,1.962,1.795,0.0,0.0,1.889,0.0,2.121,0.1483,0.847,-0.629,0.0,-0.5,0.0,0.2976,0.3718,0.06824,0.0,2.0,0.0,0.0,0.0,-0.1906,1.6746159999999997,,,
0.519,0.8677,-0.1865,-0.8457,-6.4,0.5713,0.2683,1.0,1.0,0.2484,0.1398,0.5264,0.0,-0.1489,1.143,3.0,3.654,0.8403,0.4321,2.4861000000000004,2.973,-0.382,-0.4387,0.528,1.992,1.813,0.0,0.0,1.914,0.0,2.398,0.1498,0.968,4.66,0.0,0.0,0.0,-0.5737,1.345,0.5435,1.0,0.0,0.0,0.0,0.0,1.429,-1.909232,,,
0.7603,-0.5566,-0.473,-0.849,-1.471,0.4285,0.2603,0.0,0.0,0.604,0.4668,0.3977,0.0,-0.1486,2.184,2.863,3.684,-0.5854,0.4338,-2.4299,2.627,2.486,-0.382,-0.4387,2.004,1.834,0.0,0.0,1.933,0.0,2.068,-0.08765,0.9927,-8.95,0.0,-0.5,0.0,0.8154,0.2788,-0.1439,0.0,1.0,0.0,0.0,0.0,-2.547,-1.2982743999999995,,,
1.019,-1.349,-0.6436,-0.909,1.912,0.2856,0.252,0.0,0.0,0.858,0.6855,0.3208,0.0,-0.1481,0.4592,2.674,3.523,-1.327,0.424,-1.7959,2.291,-2.428,2.486,-0.382,1.96,1.848,0.0,0.0,1.943,0.0,1.871,-0.3047,1.062,-5.035,-1.0,-1.0,-0.5,1.613,-0.4583,-0.653,0.0,2.0,0.0,1.0,-7.91,-1.567,0.4081480000000003,,,
0.876,-1.036,-0.6016,-1.005,-0.1298,0.1428,0.2439,0.0,0.0,0.786,0.6353,0.3398,0.0,-0.1476,-0.0471,2.434,3.236,-1.028,0.4155,0.4708,1.673,-1.796,-2.428,2.486,1.933,1.866,0.0,0.0,1.959,0.0,1.92,-0.461,1.194,0.7153,0.0,-0.5,-0.5,1.271,-0.2195,-0.7085,1.0,0.0,0.0,0.0,0.0,0.2357,0.436372,,,
0.8413,-0.6123,-0.524,-1.036,-0.3413,0.0,0.2357,0.0,0.0,0.6777,0.5293,0.3748,0.0,-0.1472,0.58,2.146,2.848,-0.6196,0.4136,0.8536,1.467,0.4705,-1.796,-2.428,1.909,1.884,0.0,0.0,1.967,0.0,2.01,-0.2118,1.056,1.388,1.0,0.0,0.0,0.8286,0.1702,-0.4978,2.0,0.0,1.0,0.0,5.69,0.451,0.8795480000000002,,,
0.768,-0.0636,-0.4229,-1.07,-0.9707,0.0,0.2277,1.0,0.0,0.5415,0.4011,0.4204,0.0,-0.1467,0.04276,1.798,2.463,-0.08356,0.4106,1.0801,1.34,0.8535,0.4705,-1.796,1.904,1.895,0.0,0.0,1.976,0.0,2.125,-0.2289,1.119,1.885,1.0,0.0,0.0,0.3843,0.6396,-0.1414,3.0,0.0,0.0,0.0,0.0,0.5967,0.3933959999999999,,,
0.71,0.213,-0.3772,-1.109,16.81,0.0,0.2195,1.0,0.0,0.4807,0.348,0.4412,0.0,-0.1462,-0.549,1.481,2.12,0.1947,0.4065,0.4750999999999999,1.335,1.08,0.8535,0.4705,1.911,1.907,0.0,0.0,1.975,0.0,2.178,-0.2472,1.155,0.6626,2.0,0.5,0.0,0.1543,0.7397,0.05225,4.0,0.0,0.0,0.0,0.0,0.2028,0.6834064000000001,,,
0.6025,0.9336,-0.221,-1.049,2.75,0.0,0.2114,1.0,0.0,0.2925,0.1714,0.5117,0.0,-0.1459,-0.01415,1.137,1.837,0.935,0.4104,1.5981,1.456,0.4749,1.08,0.8535,1.907,1.916,0.0,0.0,1.987,0.0,2.36,0.1547,0.948,2.75,3.0,0.5,0.5,-0.4197,1.301,0.6055,5.0,0.0,1.0,0.0,5.695,0.8296,0.2120884,,,
0.512,0.8623,-0.2097,-0.9404,0.05835,0.1428,0.2114,1.0,1.0,0.273,0.1661,0.517,0.0,-0.1454,-0.4727,0.743,1.621,0.8813,0.42,0.119,1.571,1.597,0.4749,1.08,1.943,1.934,0.0,0.0,1.999,0.0,2.373,0.387,0.7886,0.2183,3.0,1.0,1.0,-0.4849,1.135,0.5654,5.92,0.0,0.0,0.0,0.0,0.0627,-0.6985372,,,
0.469,0.3416,-0.313,-0.9385,-0.4563,0.1428,0.2032,1.0,0.0,0.3855,0.2896,0.471,0.0,-0.1449,0.5044,0.4075,1.428,0.3398,0.4226,-0.9949,1.566,0.11884,1.597,0.4749,1.988,1.944,0.0,0.0,1.999,0.0,2.254,-0.0742,1.065,-1.67,2.0,1.0,0.5,0.009224,0.6733,0.1866,0.0,1.0,0.0,0.0,0.0,-0.478,-0.375784,,,
0.5547,0.07074,-0.3645,-0.9277,-0.5513,0.1428,0.1951,1.0,0.0,0.4534,0.3452,0.4478,0.0,-0.1444,0.674,0.1633,1.222,0.0774,0.4233,-0.5136000000000001,1.563,-0.9946,0.11884,1.597,2.02,1.955,0.0,0.0,2.002,0.0,2.195,-0.03915,1.015,-0.9707,1.0,0.5,0.5,0.2573,0.4272,-0.01689,0.0,2.0,0.0,0.0,0.0,-0.2869,0.8955416,,,
0.6177,0.9097,-0.1859,-0.88,6.03,0.1428,0.1951,1.0,1.0,0.2556,0.1309,0.529,0.0,-0.144,2.438,0.1078,1.003,0.8975,0.4294,1.8261,1.688,-0.513,-0.9946,0.11884,2.066,1.978,0.0,0.0,2.008,0.0,2.402,0.1368,0.98,6.188,1.0,1.0,0.5,-0.3657,1.167,0.5864,1.0,0.0,0.0,0.0,0.0,1.858,-0.91707684,,,
0.7935,0.1571,-0.3328,-0.864,-0.678,0.1428,0.187,1.0,0.0,0.4346,0.2866,0.463,0.0,-0.1436,0.53,0.1516,0.82,0.1326,0.4333,-1.4039,1.645,1.825,-0.513,-0.9946,2.08,1.994,0.0,0.0,2.006,0.0,2.232,-0.01305,1.013,-6.594,0.0,1.0,0.5,0.3406,0.5884,0.08875,0.0,1.0,0.0,0.0,0.0,-1.873,0.8021839999999999,,,
0.735,0.7744,-0.1927,-0.794,2.9,0.2856,0.187,1.0,1.0,0.2725,0.1289,0.527,0.0,-0.1431,0.4097,0.2355,0.632,0.765,0.439,1.4261,1.764,-1.404,1.825,-0.513,2.105,2.018,0.0,0.0,2.016,0.0,2.396,0.2043,0.9297,3.482,0.0,1.0,1.0,-0.2474,1.052,0.5225,1.0,0.0,0.0,0.0,0.0,1.034,0.4281039999999999,,,
0.615,1.085,-0.1274,-0.7827,0.521,0.2856,0.187,1.0,1.0,0.1937,0.06757,0.5576,0.0,-0.1427,0.9053,0.3264,0.4248,1.046,0.4436,0.6534,1.835,1.426,-1.404,1.825,2.12,2.037,0.0,0.0,2.037,0.0,2.475,0.0005116,1.109,1.555,1.0,1.0,1.0,-0.5337,1.109,0.6562,2.0,0.0,0.0,0.0,0.0,0.4421,-0.016572,,,
0.4465,1.342,-0.0451,-0.6562,0.369,0.4285,0.187,1.0,1.0,0.09686,-0.004562,0.596,0.0,-0.1422,0.0536,0.524,0.324,1.328,0.4553,0.8130999999999999,2.123,0.653,1.426,-1.404,2.143,2.055,0.0,0.0,2.05,0.0,2.574,0.598,0.727,1.841,2.0,1.0,1.5,-0.794,1.276,0.786,3.0,0.0,0.0,0.0,0.0,0.513,-0.3258836000000001,,,
0.4438,0.6025,-0.1611,-0.5073,-0.4219,0.5713,0.187,1.0,1.0,0.2153,0.1181,0.545,0.0,-0.1417,0.2656,0.9023,0.408,0.5703,0.4736,-1.0459,2.205,0.8125,0.653,1.426,2.164,2.062,0.0,0.0,2.062,0.0,2.443,0.721,0.5815,-1.846,1.0,0.5,1.5,-0.2484,0.7964,0.3975,0.0,1.0,0.0,0.0,0.0,-0.502,0.04147716,,,
0.4692,0.2678,-0.2019,-0.3835,-0.3894,0.7144,0.187,1.0,1.0,0.261,0.161,0.528,0.0,-0.1414,-0.175,1.255,0.599,0.2656,0.4846,-0.3661,2.252,-1.046,0.8125,0.653,2.19,2.072,0.0,0.0,2.07,0.0,2.398,0.5903,0.655,-0.596,1.0,0.0,1.0,-0.06494,0.571,0.2573,0.0,2.0,0.0,0.0,0.0,-0.1675,0.3982967999999999,,,
0.3916,0.3525,-0.1586,-0.2693,0.3926,0.857,0.187,1.0,1.0,0.2084,0.1195,0.5483,0.0,-0.1409,0.02902,1.572,0.83,0.3755,0.4946,0.4412999999999999,2.312,-0.366,-1.046,0.8125,2.195,2.082,0.0,0.0,2.082,0.0,2.451,0.5537,0.7046,0.7734,1.0,0.0,1.0,-0.2264,0.6724,0.3416,1.0,0.0,0.0,0.0,0.0,0.2198,0.4630291999999999,,,
0.3928,0.592,-0.0848,-0.1654,0.722,0.857,0.187,1.0,1.0,0.1322,0.0408,0.583,0.0,-0.1404,0.977,1.83,1.065,0.644,0.5034,0.7311,2.406,0.441,-0.366,-1.046,2.23,2.09,0.0,0.0,2.1,0.0,2.54,0.525,0.764,1.52,1.0,0.5,1.0,-0.4434,0.9126,0.4841,2.0,0.0,0.0,0.0,0.0,0.426,-0.7500720000000001,,,
0.5166,0.0203,-0.1925,-0.10913,-0.774,0.857,0.187,1.0,1.0,0.2546,0.1465,0.5356,0.0,-0.14,0.4663,1.975,1.282,0.09125,0.5083,-0.9809,2.418,0.7305,0.441,-0.366,2.232,2.098,0.0,0.0,2.102,0.0,2.418,0.2484,0.9077,-1.663,0.0,0.5,0.5,-0.004303,0.4204,0.1976,0.0,1.0,0.0,0.0,0.0,-0.4558,0.3850108000000001,,,
0.4185,0.4048,-0.1033,-0.0735,4.176,0.857,0.187,1.0,1.0,0.1531,0.05807,0.577,0.0,-0.1395,0.1271,2.062,1.478,0.474,0.513,0.8834,2.42,-0.9805,0.7305,0.441,2.238,2.105,0.0,0.0,2.121,0.0,2.523,0.1552,1.021,2.172,1.0,0.5,0.5,-0.2825,0.772,0.3904,1.0,0.0,0.0,0.0,0.0,0.6143,0.6140947999999999,,,
0.4502,0.229,-0.1359,-0.05273,-0.253,0.857,0.187,1.0,1.0,0.1892,0.0901,0.5635,0.0,-0.139,-0.3228,2.121,1.627,0.3118,0.515,-0.2789,2.062,0.883,-0.9805,0.7305,2.229,2.111,0.0,0.0,2.146,0.0,2.49,0.08,1.06,-0.35,1.0,0.5,0.0,-0.1492,0.5635,0.2866,0.0,1.0,0.0,0.0,0.0,-0.0963,0.2152072,,,
0.4,0.1857,-0.1324,0.003712,-0.0159,0.857,0.187,1.0,1.0,0.1816,0.09064,0.5664,0.0,-0.1387,-0.1876,2.125,1.73,0.3022,0.519,0.05753,1.672,-0.2788,0.883,-0.9805,2.236,2.121,0.0,0.0,2.17,0.0,2.496,0.2944,0.9097,0.093,1.0,0.5,0.5,-0.1514,0.5176,0.2883,1.0,0.0,0.0,0.0,0.0,0.02582,0.86803944,,,
0.3296,0.627,-0.01361,0.11316,1.9,0.857,0.187,1.0,1.0,0.05664,-0.0267,0.622,0.0,-0.1382,0.03268,2.096,1.829,0.769,0.529,1.1581,1.477,0.0574,-0.2788,0.883,2.264,2.14,0.0,0.0,2.197,0.0,2.639,0.5747,0.772,2.154,1.0,0.5,1.0,-0.5796,0.888,0.6997,2.0,0.0,1.0,0.0,5.59,0.597,0.0860772,,,
0.1594,0.6396,0.002207,0.171,0.152,0.857,0.187,1.0,1.0,0.02773,-0.02841,0.631,0.0,-0.1377,0.2054,2.084,1.92,0.7344,0.54,0.1770999999999999,1.421,1.157,0.0574,-0.2788,2.29,2.152,0.0,0.0,2.219,0.0,2.662,0.3547,0.9395,0.3171,2.0,0.5,1.0,-0.6274,0.811,0.707,3.0,0.0,0.0,0.0,0.0,0.08484,0.587582,,,
0.08386,1.044,0.1223,0.3135,0.7324,0.857,0.187,1.0,1.0,-0.09,-0.1373,0.688,0.0,-0.1372,-0.2517,2.186,2.057,1.045,0.5645,1.1341,1.599,0.177,1.157,0.0574,2.32,2.17,0.0,0.0,2.246,0.0,2.807,0.9136,0.6045,2.285,2.0,1.0,1.5,-0.977,1.1455,1.001,4.0,0.0,1.0,0.0,5.41,0.608,-0.0903772799999999,,,
0.02617,0.846,0.10046,0.4048,-0.0543,0.857,0.187,1.0,1.0,-0.0749,-0.11224,0.6797,0.0,-0.1368,-0.3206,2.268,2.188,0.8433,0.576,-0.1539,1.824,1.133,0.177,1.157,2.363,2.186,0.0,0.0,2.264,0.0,2.785,0.68,0.7617,-0.2131,2.0,1.0,1.0,-0.835,0.9473,0.7764,0.0,1.0,0.0,0.0,0.0,-0.05472,-0.2744679999999999,,,
-0.05887,0.726,0.0896,0.4727,-0.005116,0.857,0.187,1.0,1.0,-0.07184,-0.09503,0.677,0.0,-0.1364,-0.3525,2.27,2.314,0.7324,0.5835,-0.0586499999999999,1.987,-0.154,1.133,0.177,2.393,2.203,0.0,0.0,2.28,0.0,2.777,0.5513,0.8506,-0.0904,1.0,0.5,0.5,-0.7563,0.7876,0.644,0.0,2.0,0.0,0.0,0.0,-0.02333,-0.012498,,,
-0.1454,0.6836,0.089,0.511,0.0775,0.857,0.187,1.0,1.0,-0.0782,-0.0873,0.6787,0.0,-0.1359,-0.5015,2.23,2.39,0.7134,0.5874,0.03755,2.004,-0.05872,-0.154,1.133,2.428,2.223,0.0,0.0,2.303,0.0,2.783,0.3962,0.9634,0.0495,1.0,0.5,0.5,-0.738,0.6626,0.581,1.0,0.0,0.0,0.0,0.0,0.012794,-1.859774,,,
0.1136,-0.5435,-0.1818,0.5054,-1.58,0.7144,0.187,0.0,1.0,0.2108,0.168,0.5557,0.0,-0.1355,1.104,2.213,2.4,-0.51,0.589,-2.3769,1.748,0.03745,-0.05872,-0.154,2.424,2.225,0.0,0.0,2.314,0.0,2.469,-0.04083,1.137,-5.55,0.0,0.5,0.5,0.4182,-0.3047,-0.3162,0.0,1.0,0.0,1.0,-7.91,-1.434,0.0360543999999999,,,
0.1691,-0.2727,-0.11664,0.5327,-0.4924,0.5713,0.187,0.0,1.0,0.1469,0.0928,0.5874,0.0,-0.135,0.914,2.188,2.38,-0.2362,0.5923,0.6581,1.699,-2.377,0.03745,-0.05872,2.414,2.238,0.0,0.0,2.32,0.0,2.549,0.1935,1.005,1.293,0.0,0.5,1.0,0.1405,0.002714,-0.0992,1.0,0.0,0.0,0.0,0.0,0.3608,0.2539840000000001,,,
0.1754,-0.1732,-0.0901,0.555,-0.4224,0.4285,0.187,0.0,1.0,0.1202,0.0643,0.601,0.0,-0.1345,0.6626,2.137,2.312,-0.11505,0.5938,0.2828,1.425,0.6577,-2.377,0.03745,2.404,2.258,0.0,0.0,2.334,0.0,2.584,0.1642,1.042,0.48,1.0,1.0,1.0,0.00938,0.0909,-0.03653,2.0,0.0,0.0,0.0,0.0,0.1312,0.5054964000000001,,,
0.1278,0.1906,-0.004242,0.582,-4.098,0.4285,0.187,1.0,1.0,0.0314,-0.0194,0.642,0.0,-0.1342,0.2844,2.107,2.232,0.2035,0.6025,0.8355,1.379,0.2827,0.6577,-2.377,2.39,2.28,0.0,0.0,2.348,0.0,2.69,0.1912,1.068,1.925,2.0,1.0,1.0,-0.3093,0.4011,0.2844,3.0,0.0,1.0,0.0,7.375,0.5215,0.478044,,,
0.06195,0.4802,0.07935,0.6704,1.272,0.4285,0.187,1.0,1.0,-0.0527,-0.0953,0.6826,0.0,-0.1337,0.01947,2.076,2.129,0.507,0.6113,0.7981,1.466,0.835,0.2827,0.6577,2.393,2.3,0.0,0.0,2.36,0.0,2.793,0.629,0.8013,1.618,2.0,1.0,1.5,-0.5728,0.664,0.5615,4.0,0.0,0.0,0.0,0.0,0.4272,0.063712,,,
0.010506,0.4988,0.0979,0.736,0.1687,0.4285,0.187,1.0,1.0,-0.07385,-0.1086,0.693,0.0,-0.1332,-0.4812,2.037,2.049,0.509,0.621,0.2027,1.595,0.7974,0.835,0.2827,2.396,2.32,0.0,0.0,2.371,0.0,2.818,0.519,0.892,0.2866,3.0,1.0,1.5,-0.587,0.6675,0.5674,5.0,0.0,0.0,0.0,0.0,0.07385,0.1488554399999999,,,
0.03062,0.547,0.1283,0.824,0.222,0.4285,0.187,1.0,1.0,-0.0996,-0.1385,0.709,0.0,-0.1328,0.01953,1.966,2.04,0.5464,0.6323,0.3021,1.67,0.2025,0.7974,0.835,2.406,2.34,0.0,0.0,2.387,0.0,2.86,0.67,0.802,0.7646,3.0,1.0,2.0,-0.622,0.725,0.604,5.92,0.0,0.0,0.0,0.0,0.1958,-0.0416031999999999,,,
0.03986,0.524,0.1438,0.9175,0.09406,0.4285,0.187,1.0,1.0,-0.11273,-0.1536,0.718,0.0,-0.1323,-0.05927,1.837,2.047,0.546,0.641,0.1681,1.673,0.3018,0.2025,0.7974,2.455,2.355,0.0,0.0,2.408,0.0,2.88,0.69,0.7974,0.2288,3.0,1.5,2.0,-0.6587,0.6646,0.598,5.92,0.0,0.0,0.0,0.0,0.05804,-0.1472999999999999,,,
0.002998,0.3508,0.11456,0.9624,-0.1721,0.4285,0.187,1.0,1.0,-0.08954,-0.12354,0.7056,0.0,-0.1318,-0.2292,1.699,2.062,0.3628,0.648,-0.2244,1.653,0.1678,0.3018,0.2025,2.49,2.37,0.0,0.0,2.424,0.0,2.852,0.3901,0.998,-0.4153,2.0,1.5,1.5,-0.4995,0.5024,0.4482,0.0,1.0,0.0,0.0,0.0,-0.10474,-0.236164,,,
0.007133,0.0859,0.0597,0.986,-0.522,0.4285,0.187,1.0,1.0,-0.03888,-0.07196,0.6816,0.0,-0.1315,-0.08044,1.55,2.064,0.09906,0.652,-0.4572,1.637,-0.2244,0.1678,0.3018,2.514,2.383,0.0,0.0,2.436,0.0,2.79,0.1884,1.115,-0.918,1.0,1.0,1.0,-0.2966,0.2235,0.2214,0.0,2.0,0.0,0.0,0.0,-0.2332,0.0501558,,,
-0.07446,0.0925,0.05713,0.9683,0.1758,0.4285,0.187,1.0,1.0,-0.04303,-0.06274,0.682,0.0,-0.131,-0.2683,1.505,2.018,0.11945,0.65,0.005433,1.459,-0.4573,-0.2244,0.1678,2.525,2.4,0.0,0.0,2.451,0.0,2.79,-0.1322,1.344,0.00837,1.0,1.5,1.0,-0.2725,0.1807,0.1895,1.0,0.0,0.0,0.0,0.0,0.002157,-0.4841518799999999,,,
0.00885,-0.301,-0.04022,0.9287,-2.287,0.2856,0.187,0.0,1.0,0.05698,0.02664,0.6377,0.0,-0.1305,0.2198,1.453,1.923,-0.2803,0.648,-0.8529,1.366,0.00533,-0.4573,-0.2244,2.514,2.408,0.0,0.0,2.457,0.0,2.678,-0.341,1.443,-2.719,0.0,1.0,1.0,0.1423,-0.164,-0.2247,0.0,1.0,0.0,0.0,0.0,-0.7007,0.3177708000000001,,,
-8.05e-06,-0.1077,-0.002253,0.9033,-0.8066,0.1428,0.187,0.0,1.0,0.01926,-0.01081,0.6567,0.0,-0.13,-0.219,1.382,1.77,-0.08765,0.6465,0.3727,1.209,-0.853,0.00533,-0.4573,2.502,2.422,0.0,0.0,2.467,0.0,2.725,-0.2081,1.37,0.455,0.0,1.0,1.5,0.006165,0.01134,-0.09503,1.0,0.0,0.0,0.0,0.0,0.12054,0.5582668000000001,,,
0.003849,0.2484,0.07745,0.9023,-14.26,0.1428,0.187,1.0,1.0,-0.05557,-0.0886,0.695,0.0,-0.1296,-0.003252,1.28,1.565,0.272,0.647,0.7531,1.056,0.3723,-0.853,0.00533,2.498,2.434,0.0,0.0,2.48,0.0,2.822,-0.01063,1.272,1.121,1.0,1.0,1.5,-0.3584,0.214,0.2515,2.0,0.0,0.0,0.0,0.0,0.2935,-0.1636159999999999,,,
-0.1511,-0.0359,0.02892,0.9746,-0.788,0.2856,0.187,1.0,1.0,-0.02264,-0.02904,0.674,0.0,-0.1292,-0.4116,1.162,1.368,-0.003233,0.655,-0.4074,1.021,0.7524,0.3723,-0.853,2.484,2.443,0.0,0.0,2.486,0.0,2.768,0.705,0.7373,-0.543,1.0,0.5,1.5,-0.1715,-0.003384,-0.00351,0.0,1.0,0.0,0.0,0.0,-0.1388,0.205148,,,
-0.239,0.2258,0.10406,1.049,6.29,0.4285,0.187,1.0,1.0,-0.0994,-0.0937,0.71,0.0,-0.1287,-0.3835,1.052,1.201,0.254,0.6636,0.7076,1.039,-0.4072,0.7524,0.3723,2.486,2.451,0.0,0.0,2.494,0.0,2.861,0.726,0.7637,0.982,1.0,0.5,1.5,-0.405,0.2847,0.3496,1.0,0.0,0.0,0.0,0.0,0.2544,0.8605999999999999,,,
-0.2922,0.743,0.2461,1.16,1.933,0.5713,0.187,1.0,1.0,-0.2278,-0.2174,0.778,0.0,-0.1283,-0.3472,0.962,1.18,0.755,0.6772,1.2901,1.282,0.707,-0.4072,0.7524,2.516,2.467,0.0,0.0,2.504,0.0,3.035,0.919,0.702,2.543,2.0,0.5,1.5,-0.8203,0.765,0.8906,2.0,0.0,1.0,0.0,5.17,0.6445,-0.14120184,,,
-0.331,0.3416,0.1667,1.218,-0.387,0.5713,0.187,1.0,1.0,-0.1628,-0.1439,0.7427,0.0,-0.1278,-0.08307,0.9146,1.196,0.3574,0.6846,-0.6449,1.374,1.289,0.707,-0.4072,2.533,2.482,0.0,0.0,2.512,0.0,2.943,0.4897,0.9688,-0.864,1.0,0.0,1.0,-0.4946,0.4143,0.4956,0.0,1.0,0.0,0.0,0.0,-0.2104,0.2237855999999999,,,
-0.3804,0.4412,0.1978,1.256,0.385,0.5713,0.187,1.0,1.0,-0.1937,-0.1676,0.759,0.0,-0.1273,-0.504,0.891,1.22,0.4648,0.689,0.3036,1.497,-0.645,1.289,0.707,2.568,2.498,0.0,0.0,2.52,0.0,2.986,0.3806,1.064,0.3171,1.0,0.5,1.0,-0.5537,0.484,0.563,1.0,0.0,0.0,0.0,0.0,0.07886,0.2454996,,,
-0.3787,0.567,0.2365,1.301,0.3906,0.5713,0.187,1.0,1.0,-0.2266,-0.2018,0.779,0.0,-0.127,-0.3223,0.915,1.235,0.5986,0.694,0.3671,1.659,0.3035,-0.645,1.289,2.605,2.512,0.0,0.0,2.53,0.0,3.037,0.425,1.056,0.589,2.0,1.0,1.0,-0.632,0.5693,0.632,2.0,0.0,0.0,0.0,0.0,0.1451,-0.1371974,,,
-0.3872,0.3054,0.1794,1.317,-0.2979,0.5713,0.187,1.0,1.0,-0.1785,-0.1508,0.754,0.0,-0.1265,-0.322,0.9688,1.215,0.3499,0.6963,-0.4533,1.419,0.3667,0.3035,-0.645,2.623,2.527,0.0,0.0,2.55,0.0,2.973,0.1727,1.208,-0.7056,1.0,0.5,0.5,-0.3765,0.3333,0.4138,0.0,1.0,0.0,0.0,0.0,-0.1719,-0.0713632799999999,,,
-0.3364,0.02438,0.1127,1.31,-0.643,0.5713,0.187,1.0,1.0,-0.11505,-0.0937,0.724,0.0,-0.126,0.302,1.036,1.173,0.04996,0.6987,-0.5519000000000001,1.191,-0.4531,0.3667,0.3035,2.639,2.537,0.0,0.0,2.566,0.0,2.896,-0.0575,1.338,-0.8867,0.0,0.5,0.0,-0.09894,0.08026,0.11584,0.0,2.0,0.0,0.0,0.0,-0.219,0.3391043999999999,,,
-0.3052,0.2563,0.1699,1.328,2.479,0.5713,0.187,1.0,1.0,-0.1636,-0.1489,0.7524,0.0,-0.1256,0.3987,1.098,1.089,0.2996,0.7,0.5357,1.001,-0.552,-0.4531,0.3667,2.652,2.55,0.0,0.0,2.582,0.0,2.969,0.1569,1.218,0.8623,1.0,0.5,0.5,-0.2856,0.28,0.3762,1.0,0.0,0.0,0.0,0.0,0.2167,0.0486839999999999,,,
-0.3062,0.10455,0.1399,1.353,-0.347,0.5713,0.187,1.0,1.0,-0.1371,-0.12146,0.7407,0.0,-0.1251,-0.2499,1.161,1.016,0.1483,0.704,-0.2249,0.9067,0.535,-0.552,-0.4531,2.64,2.564,0.0,0.0,2.592,0.0,2.938,0.23,1.151,-0.3057,0.0,0.0,0.5,-0.1503,0.1619,0.2046,0.0,1.0,0.0,0.0,0.0,-0.07556,0.13630132,,,
-0.3289,0.1222,0.15,1.383,0.2349,0.5713,0.187,1.0,1.0,-0.1478,-0.1288,0.747,0.0,-0.12463,-0.5244,1.191,0.961,0.1667,0.709,0.1237,0.905,-0.225,0.535,-0.552,2.643,2.572,0.0,0.0,2.6,0.0,2.955,0.2593,1.138,0.1255,0.0,0.5,0.5,-0.2096,0.1476,0.2454,1.0,0.0,0.0,0.0,0.0,0.03123,0.1492456,,,
-0.3914,0.0403,0.1437,1.443,-0.2966,0.7144,0.187,1.0,1.0,-0.1472,-0.1178,0.746,0.0,-0.1242,-0.666,1.242,0.973,0.03653,0.7217,-0.02042,0.908,0.12354,-0.225,0.535,2.639,2.58,0.0,0.0,2.605,0.0,2.951,0.564,0.9194,-0.02438,0.0,0.0,0.5,-0.1915,0.0928,0.2001,0.0,1.0,0.0,0.0,0.0,-0.006046,0.5863364000000003,,,
-0.393,0.3157,0.2229,1.516,2.55,0.857,0.187,1.0,1.0,-0.2162,-0.1887,0.7856,0.0,-0.1238,0.02736,1.254,1.034,0.3174,0.73,0.7345,1.004,-0.02051,0.12354,-0.225,2.64,2.588,0.0,0.0,2.613,0.0,3.053,0.647,0.9043,0.9536,1.0,0.0,0.5,-0.4502,0.3616,0.5786,1.0,0.0,0.0,0.0,0.0,0.2366,-0.1151670399999999,,,
-0.4097,0.274,0.2228,1.5625,0.02126,0.857,0.187,1.0,1.0,-0.2175,-0.1874,0.7876,0.0,-0.1233,-0.2515,1.223,1.126,0.262,0.7383,0.04026,1.092,0.734,-0.02051,0.12354,2.65,2.596,0.0,0.0,2.621,0.0,3.059,0.4954,1.015,0.06204,1.0,0.5,0.5,-0.4358,0.3074,0.529,2.0,0.0,0.0,0.0,0.0,0.015045,-0.0396907999999999,,,
-0.4248,0.2935,0.2424,1.634,0.1921,0.857,0.187,1.0,1.0,-0.2354,-0.2032,0.799,0.0,-0.12286,-0.5645,1.217,1.235,0.2927,0.746,0.2057,1.185,0.04013,0.734,-0.02051,2.672,2.604,0.0,0.0,2.63,0.0,3.088,0.7266,0.863,0.274,2.0,0.5,1.0,-0.4934,0.317,0.5615,3.0,0.0,0.0,0.0,0.0,0.0664,-0.2018875999999999,,,
-0.4058,0.09894,0.2036,1.668,-0.4211,0.857,0.187,1.0,1.0,-0.2008,-0.1708,0.7827,0.0,-0.12244,0.0989,1.234,1.341,0.0924,0.752,-0.2939,1.177,0.2054,0.04013,0.734,2.682,2.611,0.0,0.0,2.64,0.0,3.045,0.4119,1.069,-0.4197,1.0,0.0,0.5,-0.379,0.0951,0.3499,0.0,1.0,0.0,0.0,0.0,-0.101,-1.0735693999999996,,,
-0.277,-0.6006,0.02428,1.596,-4.016,0.7144,0.187,0.0,1.0,-0.02834,-0.014114,0.6997,0.0,-0.12195,-0.09955,1.192,1.351,-0.5635,0.742,-1.5129,1.142,-0.2937,0.2054,0.04013,2.67,2.623,0.0,0.0,2.643,0.0,2.832,-0.6157,1.709,-4.418,1.0,0.0,0.0,0.3157,-0.5386,-0.5024,0.0,2.0,0.0,1.0,-7.21,-1.073,-0.1403716,,,
-0.2944,-0.01936,0.1598,1.596,-1.0625,0.7144,0.187,1.0,1.0,-0.1537,-0.1405,0.7656,0.0,-0.1215,0.003643,1.139,1.3125,0.03262,0.7417,1.2611,0.9106,-1.513,-0.2937,0.2054,2.674,2.635,0.0,0.0,2.656,0.0,3.002,0.0448,1.312,2.285,1.0,0.5,0.5,-0.1627,0.0591,0.1434,1.0,0.0,0.0,0.0,0.0,0.583,-0.1935088,,,
-0.282,-0.188,0.1148,1.57,-2.775,0.5713,0.187,0.0,1.0,-0.11255,-0.10016,0.746,0.0,-0.12103,-0.5693,1.0625,1.225,-0.1395,0.741,-0.3603,0.6943,1.261,-1.513,-0.2937,2.674,2.645,0.0,0.0,2.666,0.0,2.951,-0.1726,1.445,-0.431,0.0,0.0,0.0,0.001178,-0.11224,-0.1465,0.0,1.0,0.0,0.0,0.0,-0.1057,0.442372,,,
-0.3005,0.0532,0.1664,1.55,-2.283,0.5713,0.187,1.0,1.0,-0.16,-0.146,0.7725,0.0,-0.1206,-0.2998,0.9746,1.09,0.1003,0.7407,0.4879,0.616,-0.3604,1.261,-1.513,2.67,2.654,0.0,0.0,2.674,0.0,3.018,-0.1337,1.446,0.5835,0.0,0.5,0.0,-0.1846,0.0825,0.1812,1.0,0.0,0.0,0.0,0.0,0.1448,0.3028291999999999,,,
-0.3242,0.3115,0.2303,1.568,2.186,0.5713,0.187,1.0,1.0,-0.217,-0.2009,0.8047,0.0,-0.1202,-0.3481,0.8647,0.955,0.3684,0.743,0.5921,0.4744,0.4875,-0.3604,1.261,2.676,2.664,0.0,0.0,2.688,0.0,3.1,0.1986,1.246,0.8594,1.0,0.5,0.5,-0.389,0.2979,0.6514,2.0,0.0,0.0,0.0,0.0,0.21,-0.1618528,,,
-0.3574,0.238,0.2213,1.608,-0.0667,0.5713,0.187,1.0,1.0,-0.2122,-0.1903,0.8022,0.0,-0.1197,-0.2032,0.74,0.837,0.3115,0.7466,-0.0445799999999999,0.4414,0.5913,0.4875,-0.3604,2.676,2.672,0.0,0.0,2.697,0.0,3.094,0.3928,1.1045,-0.07056,1.0,0.5,0.5,-0.3535,0.2092,0.5537,0.0,1.0,0.0,0.0,0.0,-0.01694,-0.0452891999999999,,,
-0.4348,0.3618,0.2563,1.639,0.5474,0.5713,0.187,1.0,1.0,-0.2478,-0.2145,0.821,0.0,-0.11926,-0.684,0.5923,0.7783,0.4172,0.7534,0.3382,0.545,-0.04468,0.5913,0.4875,2.688,2.68,0.0,0.0,2.703,0.0,3.143,0.3445,1.16,0.501,1.0,0.5,0.5,-0.442,0.312,0.7534,1.0,0.0,0.0,0.0,0.0,0.12036,-0.0106007999999999,,,
-0.4575,0.2725,0.2429,1.676,-0.082,0.5713,0.187,1.0,1.0,-0.2384,-0.2009,0.8164,0.0,-0.11884,-0.6143,0.4363,0.74,0.334,0.7583,-0.07864,0.6025,0.338,-0.04468,0.5913,2.723,2.686,0.0,0.0,2.71,0.0,3.13,0.4058,1.111,-0.11035,1.0,0.0,0.5,-0.369,0.2296,0.5903,0.0,1.0,0.0,0.0,0.0,-0.02625,0.0777898,,,
-0.4722,0.2319,0.2397,1.707,0.01093,0.5713,0.187,1.0,1.0,-0.2368,-0.1969,0.817,0.0,-0.11835,-0.7324,0.2634,0.7065,0.302,0.762,0.009965,0.664,-0.0787,0.338,-0.04468,2.738,2.693,0.0,0.0,2.717,0.0,3.133,0.3743,1.135,0.01216,1.0,0.0,0.5,-0.3357,0.1921,0.5225,1.0,0.0,0.0,0.0,0.0,0.002897,-0.5650440000000002,,,
-0.3806,-0.10095,0.1633,1.718,-1.002,0.4285,0.187,0.0,1.0,-0.1637,-0.1366,0.782,0.0,-0.1179,-0.2546,0.2004,0.673,-0.02237,0.764,-0.6209,0.666,0.009865,-0.0787,0.338,2.75,2.701,0.0,0.0,2.717,0.0,3.043,0.1254,1.273,-1.238,0.0,0.0,0.5,-0.05872,-0.10657,0.02657,0.0,1.0,0.0,1.0,-2.514,-0.2952,0.304486,,,
-0.3691,-0.108,0.1572,1.699,0.515,0.2856,0.187,0.0,1.0,-0.1575,-0.1321,0.7812,0.0,-0.11743,0.1633,0.1874,0.621,-0.04382,0.7656,-0.02001,0.657,-0.621,0.009865,-0.0787,2.752,2.709,0.0,0.0,2.719,0.0,3.04,-0.1246,1.45,-0.03787,0.0,0.0,0.0,-0.04367,-0.12476,-0.00749,0.0,2.0,0.0,0.0,0.0,-0.00921,0.4938599999999998,,,
-0.3945,0.2766,0.2488,1.707,-14.766,0.2856,0.187,1.0,1.0,-0.2383,-0.2113,0.827,0.0,-0.117,-0.2239,0.2241,0.557,0.345,0.7676,0.8404,0.654,-0.02011,-0.621,0.009865,2.758,2.723,0.0,0.0,2.73,0.0,3.158,0.1418,1.312,1.64,0.0,0.0,0.0,-0.3323,0.2408,0.5786,1.0,0.0,0.0,0.0,0.0,0.3987,-0.2894983999999999,,,
-0.34,0.081,0.2008,1.698,-0.4504,0.2856,0.187,1.0,1.0,-0.1931,-0.1737,0.8057,0.0,-0.1166,-0.0681,0.2935,0.4697,0.1329,0.77,-0.3822,0.6504,0.84,-0.02011,-0.621,2.76,2.732,0.0,0.0,2.736,0.0,3.102,-0.0559,1.429,-0.7886,0.0,0.0,-0.5,-0.1404,0.0502,0.2335,0.0,1.0,0.0,0.0,0.0,-0.1869,-0.0335826799999999,,,
-0.3752,0.529,0.3147,1.74,3.082,0.2856,0.187,1.0,1.0,-0.2913,-0.269,0.862,0.0,-0.1161,-0.05594,0.385,0.381,0.5947,0.774,1.0131,0.768,-0.3823,0.84,-0.02011,2.771,2.744,0.0,0.0,2.75,0.0,3.246,0.3223,1.223,1.673,0.0,0.0,0.0,-0.5327,0.4058,0.8613,1.0,0.0,0.0,0.0,0.0,0.4011,-0.4102579999999999,,,
-0.4478,0.1009,0.2297,1.817,-0.616,0.4285,0.187,1.0,1.0,-0.2266,-0.1903,0.8223,0.0,-0.11566,-0.01741,0.576,0.368,0.1008,0.79,-0.6879,0.7485,1.012,-0.3823,0.84,2.773,2.756,0.0,0.0,2.758,0.0,3.145,0.628,0.9595,-2.031,0.0,-0.5,0.0,-0.2334,0.04184,0.301,0.0,1.0,0.0,0.0,0.0,-0.4722,0.4169983999999999,,,
-0.3784,0.637,0.3723,1.892,3.28,0.4285,0.187,1.0,1.0,-0.3374,-0.3162,0.887,1.0,-0.171,0.7744,1.007,0.5835,0.4763,0.811,1.2541,0.937,-0.6875,1.012,-0.3823,2.797,2.768,0.0,0.0,2.773,0.0,3.324,0.645,1.026,7.938,1.0,0.0,0.0,-0.6406,0.558,0.984,1.0,0.0,0.0,0.0,0.0,1.886,-0.2948120000000001,,,
-0.349,0.3901,0.3293,1.967,-0.2341,0.5713,0.187,1.0,1.0,-0.301,-0.2834,0.868,0.0,-0.1705,-0.37,1.328,0.795,0.254,0.818,-0.3214,1.058,1.253,-0.6875,1.012,2.824,2.775,0.0,0.0,2.781,0.0,3.275,0.6514,1.001,-0.622,0.0,-0.5,0.0,-0.4585,0.3523,0.653,0.0,1.0,0.0,0.0,0.0,-0.1422,-0.0409928,,,
-0.3477,0.2117,0.2961,2.014,-0.2712,0.5713,0.187,1.0,1.0,-0.2737,-0.2556,0.8545,0.0,-0.1702,-0.448,1.546,0.988,0.0932,0.8193,-0.2436,1.119,-0.3215,1.253,-0.6875,2.848,2.783,0.0,0.0,2.79,0.0,3.24,0.4338,1.141,-0.418,0.0,-0.5,-0.5,-0.3323,0.1853,0.4412,0.0,2.0,0.0,0.0,0.0,-0.09656,-0.1825675999999999,,,
-0.3564,0.05228,0.2605,2.027,-0.448,0.5713,0.187,1.0,1.0,-0.2451,-0.2246,0.839,0.0,-0.1697,-0.612,1.685,1.158,-0.0639,0.8193,-0.2694,1.146,-0.2435,-0.3215,1.253,2.854,2.79,0.0,0.0,2.795,0.0,3.201,0.1582,1.319,-0.3706,-1.0,-1.0,-1.0,-0.1812,0.05063,0.2507,0.0,3.0,0.0,0.0,0.0,-0.08624,-0.6663123999999999,,,
-0.2693,-0.4368,0.1388,2.006,-3.78,0.4285,0.187,0.0,1.0,-0.1332,-0.1235,0.7817,0.0,-0.1692,-0.2764,1.733,1.289,-0.543,0.8193,-1.0099,1.143,-0.2695,-0.2435,-0.3215,2.848,2.791,0.0,0.0,2.795,0.0,3.053,-0.1757,1.493,-2.297,-1.0,-1.0,-1.0,0.286,-0.3606,-0.3394,0.0,4.0,0.0,1.0,-4.406,-0.539,-0.4644520000000001,,,
-0.2052,-0.7563,0.04987,1.942,1.094,0.2856,0.187,0.0,1.0,-0.0467,-0.04492,0.7397,0.0,-0.1688,-0.369,1.697,1.329,-0.8384,0.8164,-0.7619,0.9595,-1.01,-0.2695,-0.2435,2.812,2.79,0.0,0.0,2.8,0.0,2.945,-0.4836,1.666,-2.252,-2.0,-1.0,-1.5,0.619,-0.63,-0.8735,0.0,5.0,0.0,0.0,0.0,-0.546,-0.1609538799999999,,,
-0.2119,-0.3843,0.1315,1.909,-0.4556,0.1428,0.187,0.0,1.0,-0.12195,-0.1214,0.7803,0.0,-0.1683,-0.5405,1.62,1.328,-0.4653,0.8135,0.7551,0.924,-0.7617,-1.01,-0.2695,2.8,2.795,0.0,0.0,2.803,0.0,3.049,-0.2397,1.538,1.635,-1.0,-1.0,-1.0,0.3008,-0.2231,-0.4268,1.0,0.0,0.0,0.0,0.0,0.4058,-0.040052,,,
-0.1991,-0.2957,0.1466,1.882,-0.1788,0.0,0.187,0.0,1.0,-0.1344,-0.1364,0.789,0.0,-0.1678,-0.481,1.517,1.297,-0.3833,0.8125,0.1556,0.816,0.755,-0.7617,-1.01,2.771,2.797,0.0,0.0,2.807,0.0,3.072,-0.2,1.519,0.2125,0.0,-0.5,-1.0,0.1998,-0.169,-0.3733,2.0,0.0,0.0,0.0,0.0,0.05154,-0.1759976,,,
-0.2683,-0.3682,0.1276,1.874,0.4941,0.0,0.187,0.0,1.0,-0.123,-0.1132,0.781,0.0,-0.1674,-0.761,1.379,1.24,-0.4614,0.8135,-0.1447,0.7886,0.1555,0.755,-0.7617,2.746,2.8,0.0,0.0,2.809,0.0,3.05,-0.07404,1.42,-0.2299,0.0,-1.0,-1.0,0.258,-0.2148,-0.4907,0.0,1.0,0.0,0.0,0.0,-0.05548,-0.4356239999999998,,,
-0.1909,-0.7593,0.02718,1.836,1.592,0.0,0.187,0.0,1.0,-0.02419,-0.02406,0.7334,0.0,-0.167,0.6973,1.186,1.155,-0.845,0.8105,-0.8676,0.933,-0.1448,0.1555,0.755,2.709,2.799,0.0,0.0,2.8,0.0,2.93,-0.2844,1.517,-2.05,0.0,-1.0,-1.0,0.611,-0.572,-0.9736,0.0,2.0,0.0,0.0,0.0,-0.497,-0.1192919999999999,,,
-0.2439,-0.472,0.0845,1.784,-0.3196,-0.1428,0.187,0.0,1.0,-0.0819,-0.0748,0.7617,0.0,-0.1665,-0.5264,0.9404,1.056,-0.5806,0.808,0.5361,0.978,-0.8677,-0.1448,0.1555,2.686,2.8,0.0,0.0,2.799,0.0,3.002,-0.372,1.611,0.7197,1.0,-1.0,-1.0,0.3533,-0.2915,-0.604,1.0,0.0,0.0,0.0,0.0,0.1793,-0.1925975999999999,,,
-0.2238,-0.7803,-0.000748,1.722,0.9766,-0.2856,0.187,0.0,1.0,-0.0001209,0.006176,0.721,0.0,-0.166,-0.4702,0.636,0.956,-0.892,0.8037,-0.7455,1.126,0.536,-0.8677,-0.1448,2.668,2.797,0.0,0.0,2.787,0.0,2.898,-0.446,1.618,-1.261,0.0,-1.0,-1.0,0.6313,-0.6055,-0.9326,0.0,1.0,0.0,0.0,0.0,-0.309,-0.1906348,,,
-0.2998,-0.633,0.01428,1.624,-0.092,-0.4285,0.187,0.0,1.0,-0.02063,-0.00242,0.7295,0.0,-0.1656,-0.6816,0.2954,0.8545,-0.7627,0.7964,0.1507,1.224,-0.745,0.536,-0.8677,2.664,2.793,0.0,0.0,2.78,0.0,2.918,-0.7236,1.825,0.3052,0.0,-0.5,-1.0,0.493,-0.523,-0.77,1.0,0.0,0.0,0.0,0.0,0.0766,-0.186992,,,
-0.294,0.1448,0.1951,1.62,-1.373,-0.4285,0.187,1.0,1.0,-0.1844,-0.1724,0.8174,0.0,-0.1652,0.563,0.183,0.756,0.0249,0.7935,1.6481,1.229,0.1505,-0.745,0.536,2.676,2.795,0.0,0.0,2.78,0.0,3.143,-0.09326,1.475,4.58,1.0,0.0,-0.5,-0.1761,0.2006,0.089,2.0,0.0,1.0,0.0,6.29,1.144,-0.935306,,,
-0.2583,-0.6343,-0.010864,1.499,-3.549,-0.5713,0.187,0.0,1.0,0.006897,0.0191,0.718,0.0,-0.1647,0.925,0.6255,0.72,-0.6147,0.7666,-1.7789,1.342,1.647,0.1505,-0.745,2.654,2.791,0.0,0.0,2.773,0.0,2.889,-0.808,1.872,-5.297,1.0,0.0,-1.0,0.6704,-0.5083,-0.8145,0.0,1.0,0.0,0.0,0.0,-1.259,-0.0609299999999999,,,
-0.1512,-0.6562,-0.03937,1.381,0.1754,-0.7144,0.187,0.0,1.0,0.0433,0.039,0.7036,0.0,-0.1643,0.916,1.1045,0.779,-0.5894,0.7495,-0.2602,1.482,-1.778,1.647,0.1505,2.63,2.791,0.0,0.0,2.766,0.0,2.852,-0.794,1.847,-0.976,0.0,0.0,-1.0,0.736,-0.572,-0.854,0.0,2.0,0.0,0.0,0.0,-0.2455,-1.77906,,,
0.2378,-1.804,-0.342,1.173,2.268,-0.857,0.1788,0.0,0.0,0.4011,0.3438,0.557,0.0,-0.1638,0.538,1.83,1.085,-1.619,0.715,-2.4299,2.246,-0.26,-1.778,1.647,2.578,2.777,0.0,0.0,2.738,0.0,2.477,-1.098,1.898,-9.51,0.0,-0.5,-1.0,2.111,-1.674,-1.282,0.0,3.0,0.0,1.0,-7.91,-3.762,0.0668423999999999,,,
0.3352,-1.741,-0.3662,0.964,0.09436,-1.0,0.1708,0.0,0.0,0.4375,0.3652,0.5454,0.0,-0.1633,0.552,2.533,1.515,-1.53,0.6914,-0.2471,2.844,-2.428,-0.26,-1.778,2.514,2.764,0.0,0.0,2.71,0.0,2.445,-1.091,1.88,-0.9297,-1.0,-1.0,-1.0,2.016,-1.661,-1.247,0.0,4.0,0.0,0.0,0.0,-0.2583,-0.1715208399999999,,,
0.2637,-1.62,-0.3704,0.7935,0.05533,-1.0,0.1626,0.0,0.0,0.437,0.3765,0.543,0.0,-0.163,-0.2915,3.135,1.969,-1.415,0.6753,-0.0462599999999999,3.21,-0.2471,-2.428,-0.26,2.459,2.746,0.0,0.0,2.678,0.0,2.44,-0.9805,1.799,-0.11346,-2.0,-1.0,-1.0,1.836,-1.555,-1.074,0.0,5.0,0.0,0.0,0.0,-0.03177,-0.1843799999999999,,,
0.2537,-1.53,-0.3765,0.6543,0.0709,-1.0,0.1544,0.0,0.0,0.4434,0.3848,0.54,0.0,-0.1625,-0.05545,3.666,2.418,-1.329,0.6616,-0.0695399999999999,3.543,-0.04633,-0.2471,-2.428,2.402,2.729,0.0,0.0,2.648,0.0,2.432,-0.8896,1.73,-0.1467,-2.0,-1.0,-1.0,1.683,-1.471,-0.9517,0.0,5.0,0.0,0.0,0.0,-0.04117,-0.0454652,,,
0.239,-1.027,-0.293,0.512,-0.2375,-1.0,0.1464,0.0,0.0,0.344,0.2847,0.58,0.0,-0.162,-0.5347,4.098,2.807,-0.851,0.6504,0.8491,3.506,-0.0696,-0.04633,-0.2471,2.332,2.713,0.0,0.0,2.615,0.0,2.533,-0.891,1.776,1.648,-1.0,-1.0,-1.0,1.211,-0.9155,-0.718,1.0,0.0,0.0,0.0,0.0,0.4634,-0.0786744,,,
0.2263,-0.7124,-0.2502,0.3782,-0.2223,-1.0,0.1382,0.0,0.0,0.295,0.2361,0.6006,0.0,-0.1616,-0.263,4.395,3.123,-0.5884,0.643,0.4193,3.396,0.8486,-0.0696,-0.04633,2.297,2.697,0.0,0.0,2.586,0.0,2.586,-0.828,1.755,0.709,0.0,-0.5,-1.0,0.9556,-0.626,-0.584,2.0,0.0,0.0,0.0,0.0,0.1942,0.1127,,,
0.3098,-0.7734,-0.2915,0.2361,0.2366,-1.0,0.1301,0.0,0.0,0.3481,0.2773,0.58,0.0,-0.1611,0.0488,4.562,3.379,-0.701,0.6343,-0.4081,3.3,0.419,0.8486,-0.0696,2.26,2.68,0.0,0.0,2.557,0.0,2.533,-0.859,1.754,-0.809,0.0,-1.0,-1.0,1.041,-0.7646,-0.6245,0.0,1.0,0.0,0.0,0.0,-0.2186,-0.0835399999999999,,,
0.2537,-0.704,-0.2988,0.12415,0.02696,-1.0,0.12195,0.0,0.0,0.352,0.2905,0.5767,0.0,-0.1606,0.1375,4.633,3.586,-0.64,0.624,-0.0735,3.186,-0.408,0.419,0.8486,2.266,2.664,0.0,0.0,2.53,0.0,2.525,-0.741,1.666,-0.1227,0.0,-1.5,-1.0,0.9736,-0.745,-0.595,0.0,2.0,0.0,0.0,0.0,-0.03357,0.052012,,,
0.2869,-0.628,-0.31,-0.013725,0.00213,-1.0,0.11383,0.0,0.0,0.3674,0.301,0.5713,0.0,-0.1602,-0.1013,4.582,3.752,-0.605,0.6147,-0.10775,3.172,-0.0736,-0.408,0.419,2.273,2.648,0.0,0.0,2.508,0.0,2.512,-0.9175,1.786,-0.3008,0.0,-1.5,-1.5,0.9146,-0.7563,-0.572,0.0,3.0,0.0,0.0,0.0,-0.0825,0.4552379999999998,,,
0.3354,-0.2319,-0.2435,-0.10004,-0.6406,-1.0,0.1057,0.0,0.0,0.2961,0.2192,0.6035,0.0,-0.1598,1.004,4.395,3.889,-0.2247,0.608,0.6666,3.154,-0.1078,-0.0736,-0.408,2.291,2.637,0.0,0.0,2.492,0.0,2.594,-0.612,1.6045,1.321,0.0,-1.0,-1.0,0.5947,-0.375,-0.389,1.0,0.0,0.0,0.0,0.0,0.3638,0.1735063999999999,,,
0.3457,-0.0002261,-0.2117,-0.1819,-1.511,-0.857,0.09753,1.0,0.0,0.2617,0.1821,0.619,0.0,-0.1593,-0.2747,4.066,3.977,-0.01426,0.602,0.3181,3.016,0.666,-0.1078,-0.0736,2.314,2.623,0.0,0.0,2.475,0.0,2.633,-0.571,1.592,0.578,0.0,-0.5,-1.0,0.3562,-0.2834,-0.2825,2.0,0.0,0.0,0.0,0.0,0.1559,-0.2669592,,,
0.2812,-0.02156,-0.2483,-0.3376,-0.1478,-0.857,0.0894,1.0,0.0,0.2969,0.2291,0.6016,0.0,-0.1588,0.0662,3.564,4.035,-0.05972,0.589,-0.3534,2.83,0.3179,0.666,-0.1078,2.32,2.607,0.0,0.0,2.455,0.0,2.588,-1.178,2.006,-0.7515,0.0,-0.5,-1.5,0.4004,-0.5024,-0.3345,0.0,1.0,0.0,0.0,0.0,-0.2006,0.26207,,,
0.1542,0.1997,-0.2179,-0.4119,4.09,-0.7144,0.0813,1.0,0.0,0.2532,0.205,0.6167,0.0,-0.1584,0.1862,3.137,4.04,0.1857,0.579,0.3019,2.61,-0.3535,0.3179,0.666,2.326,2.59,0.0,0.0,2.438,0.0,2.627,-0.726,1.7,0.4534,1.0,0.0,-1.0,0.2476,-0.34,-0.2214,1.0,0.0,0.0,0.0,0.0,0.12244,0.09344,,,
0.05545,0.3762,-0.1932,-0.468,0.8047,-0.5713,0.0813,1.0,1.0,0.2185,0.1855,0.629,0.0,-0.158,-0.0525,2.678,3.994,0.4023,0.57,0.2435999999999999,2.49,0.3015,-0.3535,0.3179,2.34,2.578,0.0,0.0,2.426,0.0,2.658,-0.5664,1.6,0.3826,2.0,0.5,-0.5,-0.001439,-0.3662,-0.1254,2.0,0.0,0.0,0.0,0.0,0.10236,0.4021303999999999,,,
-0.1936,0.612,-0.1289,-0.3948,0.683,-0.4285,0.0813,1.0,1.0,0.1305,0.1359,0.6597,0.0,-0.1575,-0.1632,2.332,3.832,0.6494,0.5757,0.6207,2.277,0.2434,0.3015,-0.3535,2.365,2.56,0.0,0.0,2.416,0.0,2.736,0.874,0.607,1.294,2.0,0.5,0.0,-0.2317,-0.0827,0.0984,3.0,0.0,0.0,0.0,0.0,0.3435,0.11771084,,,
-0.2742,0.6,-0.1122,-0.3057,0.11566,-0.2856,0.0813,1.0,1.0,0.10675,0.1247,0.668,0.0,-0.1571,-0.5054,2.016,3.559,0.6436,0.5835,0.1563,2.176,0.6206,0.2434,0.3015,2.395,2.547,0.0,0.0,2.41,0.0,2.758,1.081,0.4683,0.2083,2.0,0.5,0.5,-0.2698,-0.03117,0.1748,4.0,0.0,0.0,0.0,0.0,0.05423,-0.0198656,,,
-0.2761,0.458,-0.1235,-0.2196,-0.0897,-0.1428,0.0813,1.0,1.0,0.1182,0.1368,0.662,0.0,-0.1566,-0.4421,1.688,3.188,0.4907,0.5933,-0.10714,2.037,0.1562,0.6206,0.2434,2.412,2.533,0.0,0.0,2.402,0.0,2.742,1.032,0.4963,-0.2412,2.0,0.5,0.5,-0.2041,-0.09644,0.1755,0.0,1.0,0.0,0.0,0.0,-0.0625,0.5195712000000001,,,
-0.3057,0.6694,-0.05527,-0.1088,0.5522,0.0,0.0813,1.0,1.0,0.04666,0.068,0.6953,0.0,-0.1561,-0.246,1.381,2.674,0.709,0.6035,0.6456,1.492,-0.1072,0.1562,0.6206,2.436,2.521,0.0,0.0,2.39,0.0,2.828,1.208,0.4087,1.203,2.0,1.0,1.0,-0.4446,0.1411,0.586,1.0,0.0,0.0,0.0,0.0,0.3127,0.0719679599999999,,,
-0.2323,-0.02391,-0.1936,-0.0707,-0.8535,0.1428,0.0813,1.0,1.0,0.1958,0.2097,0.628,0.0,-0.1558,-0.2316,1.117,2.197,0.01411,0.6074,-1.2869,1.282,0.6455,-0.1072,0.1562,2.443,2.512,0.0,0.0,2.38,0.0,2.654,0.271,1.002,-2.305,1.0,1.0,0.5,0.1576,-0.3943,0.0682,0.0,1.0,0.0,0.0,0.0,-0.5874,0.6320424,,,
-0.2338,0.5527,-0.0574,-0.003792,10.86,0.2856,0.0813,1.0,1.0,0.05457,0.0642,0.694,0.0,-0.1553,-0.00633,0.888,1.694,0.6045,0.6123,1.3131,1.246,-1.286,0.6455,-0.1072,2.467,2.508,0.0,0.0,2.379,0.0,2.824,0.518,0.8994,2.127,1.0,1.0,0.5,-0.323,0.2017,0.715,1.0,0.0,0.0,0.0,0.0,0.565,0.0402504,,,
-0.2201,0.421,-0.0687,0.0743,-0.0884,0.4285,0.0813,1.0,1.0,0.06696,0.07477,0.6885,0.0,-0.1548,0.07764,0.7593,1.33,0.4785,0.6196,-0.1055,1.304,1.3125,-1.286,0.6455,2.484,2.502,0.0,0.0,2.393,0.0,2.809,0.6465,0.802,-0.1847,0.0,0.5,0.5,-0.2456,0.12366,0.576,0.0,1.0,0.0,0.0,0.0,-0.04712,0.2196587999999999,,,
-0.2654,0.5186,-0.02747,0.1697,0.341,0.5713,0.0813,1.0,1.0,0.02248,0.03638,0.708,0.0,-0.1544,-0.6743,0.796,1.068,0.584,0.628,0.3813999999999999,1.353,-0.1055,1.3125,-1.286,2.498,2.496,0.0,0.0,2.41,0.0,2.86,0.7627,0.7407,0.5107,1.0,1.0,1.0,-0.3525,0.2627,0.6655,1.0,0.0,0.0,0.0,0.0,0.1307,0.5564827999999999,,,
-0.298,0.7827,0.05646,0.2952,0.6035,0.7144,0.0813,1.0,1.0,-0.06033,-0.0436,0.749,0.0,-0.1539,-0.3926,1.023,0.905,0.8354,0.6416,0.7745,1.488,0.381,-0.1055,1.3125,2.523,2.494,0.0,0.0,2.434,0.0,2.965,0.951,0.6523,1.064,1.0,1.0,1.5,-0.601,0.5347,0.8755,2.0,0.0,0.0,0.0,0.0,0.2693,0.1448247999999999,,,
-0.4138,0.8457,0.0953,0.4106,0.211,0.857,0.0813,1.0,1.0,-0.1054,-0.071,0.768,0.0,-0.1534,-0.7705,1.375,0.8755,0.8706,0.6562,0.3525999999999999,1.605,0.774,0.381,-0.1055,2.555,2.496,0.0,0.0,2.457,0.0,3.014,0.909,0.7036,0.584,2.0,1.0,1.5,-0.6694,0.6084,0.884,3.0,0.0,1.0,0.0,3.129,0.1442,0.440124,,,
-0.4182,1.073,0.1735,0.54,0.3958,0.857,0.0813,1.0,1.0,-0.1757,-0.1427,0.806,0.0,-0.1531,-0.538,1.782,0.982,1.086,0.6704,0.7027,1.914,0.3523,0.774,0.381,2.588,2.5,0.0,0.0,2.48,0.0,3.111,0.979,0.6973,1.297,2.0,1.0,1.5,-0.844,0.824,0.9526,4.0,0.0,1.0,0.0,2.568,0.317,-0.03355844,,,
-0.4487,0.9287,0.1729,0.682,-0.0002203,0.857,0.0813,1.0,1.0,-0.1776,-0.1396,0.8066,0.0,-0.1526,-0.4639,2.191,1.2,0.932,0.686,0.005048,2.162,0.702,0.3523,0.774,2.643,2.506,0.0,0.0,2.504,0.0,3.111,1.138,0.584,0.00956,3.0,1.0,2.0,-0.773,0.7183,0.7915,5.0,0.0,0.0,0.0,0.0,0.002285,-0.2084160799999999,,,
-0.4514,0.627,0.1315,0.8003,-0.1858,0.857,0.0813,1.0,1.0,-0.1411,-0.1016,0.787,0.0,-0.1521,-0.1472,2.502,1.47,0.642,0.6973,-0.3509,2.229,0.004944,0.702,0.3523,2.67,2.51,0.0,0.0,2.525,0.0,3.06,0.918,0.7188,-0.55,2.0,1.0,1.5,-0.554,0.502,0.5815,0.0,1.0,0.0,0.0,0.0,-0.1313,-0.220548,,,
-0.4312,0.4075,0.10394,0.9014,-0.1978,0.857,0.0813,1.0,1.0,-0.1147,-0.0777,0.774,0.0,-0.1516,-0.1897,2.668,1.757,0.4282,0.707,-0.2349,2.193,-0.3508,0.004944,0.702,2.695,2.506,0.0,0.0,2.547,0.0,3.027,0.767,0.812,-0.3997,1.0,0.5,1.0,-0.4216,0.3267,0.4443,0.0,2.0,0.0,0.0,0.0,-0.09656,-0.1390184,,,
-0.4268,0.2108,0.07465,0.972,-0.2969,0.857,0.0813,1.0,1.0,-0.08746,-0.05038,0.76,0.0,-0.1512,-0.2769,2.787,2.035,0.214,0.7163,-0.2567,2.059,-0.2349,-0.3508,0.004944,2.71,2.51,0.0,0.0,2.566,0.0,2.992,0.5283,0.9663,-0.4636,0.0,0.5,0.5,-0.2715,0.1805,0.3152,0.0,3.0,0.0,0.0,0.0,-0.11285,-0.161208,,,
-0.3718,-0.0729,0.02028,1.019,-0.9043,0.857,0.0813,1.0,1.0,-0.03214,-0.002352,0.734,0.0,-0.1508,-0.07416,2.838,2.27,-0.0652,0.7207,-0.4823,1.942,-0.2568,-0.2349,-0.3508,2.707,2.512,0.0,0.0,2.58,0.0,2.926,0.296,1.103,-0.727,-1.0,0.0,0.0,-0.02972,-0.03043,0.1052,0.0,4.0,0.0,0.0,0.0,-0.1783,0.1113519999999999,,,
-0.3865,-0.07056,0.0315,1.07,0.4246,0.857,0.0813,1.0,1.0,-0.04395,-0.01215,0.7397,0.0,-0.1503,-0.6074,2.867,2.475,-0.08026,0.728,0.1084,1.847,-0.4822,-0.2568,-0.2349,2.697,2.525,0.0,0.0,2.594,0.0,2.94,0.3623,1.062,0.125,-1.0,0.5,0.5,-0.08813,-0.02457,0.1121,1.0,0.0,0.0,0.0,0.0,0.03114,-0.1652568,,,
-0.4155,-0.1344,0.02283,1.099,-6.2,0.7144,0.0813,0.0,1.0,-0.03802,-0.001248,0.7354,0.0,-0.1499,-0.632,2.86,2.611,-0.1577,0.733,-0.077,1.659,0.1082,-0.4822,-0.2568,2.678,2.54,0.0,0.0,2.607,0.0,2.93,0.1631,1.199,-0.12335,-1.0,0.0,0.0,-0.1033,-0.1346,0.04532,0.0,1.0,0.0,0.0,0.0,-0.03064,-0.1154491999999999,,,
-0.4685,-0.299,-0.000556,1.168,3.447,0.5713,0.0813,0.0,1.0,-0.0199,0.0262,0.724,0.0,-0.1494,-0.4062,2.785,2.684,-0.3198,0.7393,-0.2111,1.48,-0.077,0.1082,-0.4822,2.652,2.55,0.0,0.0,2.62,0.0,2.9,0.6426,0.8447,-0.3276,-1.0,-0.5,0.0,-0.06128,-0.2883,-0.0843,0.0,2.0,0.0,0.0,0.0,-0.08154,-0.173856,,,
-0.5024,-0.4924,-0.04294,1.176,1.084,0.4285,0.0813,0.0,1.0,0.01872,0.07166,0.7036,0.0,-0.1489,-0.251,2.615,2.658,-0.5293,0.742,-0.3889,1.32,-0.211,-0.077,0.1082,2.627,2.562,0.0,0.0,2.627,0.0,2.848,-0.006554,1.284,-0.65,-1.0,-1.0,-0.5,0.10974,-0.4377,-0.3093,0.0,3.0,0.0,0.0,0.0,-0.1628,-0.4466768000000001,,,
-0.4587,-0.8374,-0.1243,1.161,1.029,0.2856,0.0813,0.0,1.0,0.1045,0.153,0.664,0.0,-0.1486,0.00288,2.332,2.576,-0.8604,0.7393,-0.7559,1.31,-0.3887,-0.211,-0.077,2.594,2.568,0.0,0.0,2.627,0.0,2.746,-0.29,1.442,-1.285,-1.0,-1.5,-0.5,0.4258,-0.7285,-0.684,0.0,4.0,0.0,1.0,-4.277,-0.326,-0.1800279999999999,,,
-0.4546,-0.9688,-0.1622,1.12,0.3193,0.1428,0.0813,0.0,1.0,0.1444,0.1935,0.645,0.0,-0.1481,-0.413,1.952,2.453,-1.005,0.737,-0.3654,1.369,-0.7554,-0.3887,-0.211,2.559,2.572,0.0,0.0,2.625,0.0,2.697,-0.5996,1.643,-0.4182,-2.0,-1.5,-1.0,0.514,-0.8657,-0.826,0.0,5.0,0.0,0.0,0.0,-0.10864,-0.4154879999999998,,,
-0.403,-1.26,-0.2468,1.022,0.4841,0.0,0.0732,0.0,0.0,0.2405,0.284,0.6035,0.0,-0.1476,-0.3,1.511,2.28,-1.266,0.723,-0.8209,1.562,-0.3652,-0.7554,-0.3887,2.52,2.574,0.0,0.0,2.62,0.0,2.59,-1.256,2.064,-1.802,-2.0,-1.5,-1.5,0.833,-1.15,-1.082,0.0,5.0,0.0,1.0,-4.45,-0.4734,0.6403440000000002,,,
-0.3354,-0.644,-0.1219,0.951,-0.425,-0.1428,0.0732,0.0,1.0,0.1118,0.1401,0.6636,0.0,-0.1472,0.969,1.09,2.084,-0.6455,0.7144,1.2171,1.605,-0.821,-0.3652,-0.7554,2.498,2.58,0.0,0.0,2.615,0.0,2.744,-0.819,1.819,1.829,-1.0,-1.5,-1.5,0.2786,-0.5205,-0.5635,1.0,0.0,0.0,0.0,0.0,0.4934,-0.241,,,
-0.3618,-0.617,-0.1361,0.849,0.0824,-0.2856,0.0732,0.0,1.0,0.12445,0.1575,0.6562,0.0,-0.1467,-0.5547,0.783,1.847,-0.6025,0.702,-0.145,1.529,1.216,-0.821,-0.3652,2.475,2.586,0.0,0.0,2.617,0.0,2.725,-1.25,2.12,-0.2632,-1.0,-1.5,-2.0,0.3188,-0.5464,-0.654,0.0,1.0,0.0,0.0,0.0,-0.0684,0.3724179999999999,,,
-0.385,-0.2583,-0.07263,0.766,-0.5825,-0.4285,0.0732,0.0,1.0,0.05768,0.0924,0.6865,0.0,-0.1462,-0.614,0.7236,1.585,-0.2306,0.6914,0.5941,1.537,-0.145,1.216,-0.821,2.463,2.592,0.0,0.0,2.617,0.0,2.803,-0.93,1.925,1.093,0.0,-1.0,-2.0,0.0619,-0.2551,-0.3953,1.0,0.0,1.0,0.0,3.553,0.2852,0.6645120000000003,,,
-0.396,0.1663,0.01331,0.7256,-2.432,-0.4285,0.0732,1.0,1.0,-0.02742,0.006493,0.7275,0.0,-0.1459,-0.304,0.8037,1.317,0.1798,0.6885,0.7955,1.52,0.5938,-0.145,1.216,2.469,2.6,0.0,0.0,2.621,0.0,2.908,-0.4797,1.649,1.987,1.0,-1.0,-1.5,-0.2269,0.1028,-0.0657,2.0,0.0,1.0,0.0,3.863,0.5093,-0.0421,,,
-0.3835,0.9185,0.1858,0.751,3.379,-0.4285,0.0732,1.0,1.0,-0.1836,-0.1566,0.811,0.0,-0.1454,0.65,0.8867,1.045,0.902,0.6934,1.5671,1.645,0.795,0.5938,-0.145,2.514,2.615,0.0,0.0,2.633,0.0,3.121,0.1052,1.326,3.95,2.0,-0.5,-1.0,-0.727,0.752,0.555,3.0,0.0,0.0,0.0,0.0,0.988,1.4135239999999996,,,
-0.304,2.08,0.4739,0.88,1.374,-0.4285,0.0732,1.0,1.0,-0.4094,-0.4028,0.887,1.0,-0.171,1.138,0.8867,0.8022,1.954,0.6597,2.5101,2.34,1.566,0.795,0.5938,2.605,2.639,0.0,0.0,2.654,0.0,3.48,0.6895,1.067,8.875,2.0,0.0,-0.5,-1.4375,1.677,1.113,4.0,0.0,1.0,0.0,9.375,2.115,0.3403720000000001,,,
-0.2827,2.053,0.504,1.036,0.11975,-0.4285,0.0732,1.0,1.0,-0.4302,-0.4275,0.887,1.0,-0.171,0.1838,0.9146,0.629,1.923,0.6626,0.2652,2.922,2.51,1.566,0.795,2.715,2.664,0.0,0.0,2.676,0.0,3.521,0.881,0.9487,0.666,3.0,0.5,0.0,-1.372,1.616,1.0,5.0,0.0,0.0,0.0,0.0,0.1472,0.3514000000000001,,,
-0.09863,2.06,0.5435,1.197,0.138,-0.4285,0.0732,1.0,1.0,-0.4443,-0.4727,0.887,1.0,-0.171,1.386,1.109,0.6113,1.85,0.6694,0.3490999999999999,3.45,0.2651,2.51,1.566,2.812,2.688,0.0,0.0,2.695,0.0,3.576,0.915,0.9478,1.039,3.0,1.0,0.0,-1.337,1.598,0.9077,5.92,0.0,1.0,0.0,4.316,0.2278,-0.3178560000000001,,,
0.00959,1.442,0.432,1.329,-0.1753,-0.2856,0.0732,1.0,1.0,-0.3525,-0.396,0.8374,0.0,-0.1705,0.1378,1.402,0.7227,1.241,0.6836,-0.8569,3.71,0.349,0.2651,2.51,2.896,2.705,0.0,0.0,2.709,0.0,3.44,0.6514,1.077,-2.084,2.0,1.0,0.0,-0.8403,1.158,0.602,0.0,1.0,0.0,0.0,0.0,-0.4517,0.5862124000000002,,,
0.015305,1.694,0.5283,1.5,0.3098,-0.1428,0.0732,1.0,1.0,-0.424,-0.4707,0.8833,0.0,-0.1702,-0.2186,1.793,0.932,1.508,0.699,0.8160999999999999,4.1,-0.8564,0.349,0.2651,2.986,2.729,0.0,0.0,2.729,0.0,3.564,0.816,1.015,1.898,2.0,1.5,0.5,-1.016,1.373,0.6895,1.0,0.0,0.0,0.0,0.0,0.423,0.068048,,,
0.0571,1.193,0.448,1.661,-0.1677,0.0,0.0732,1.0,1.0,-0.361,-0.4126,0.848,0.0,-0.1697,-0.256,2.26,1.205,1.03,0.715,-0.6112,4.324,0.8154,-0.8564,0.349,3.053,2.748,0.0,0.0,2.748,0.0,3.469,0.735,1.03,-1.544,1.0,1.0,0.5,-0.6685,1.012,0.4858,0.0,1.0,0.0,0.0,0.0,-0.3354,0.8681464000000001,,,
0.0693,1.667,0.614,1.904,0.5303,0.1428,0.0732,1.0,1.0,-0.4805,-0.5376,0.887,1.0,-0.171,0.09485,2.893,1.589,1.497,0.7036,1.3791,4.75,-0.611,0.8154,-0.8564,3.12,2.775,0.0,0.0,2.777,0.0,3.682,1.073,0.8823,4.074,1.0,1.5,1.0,-1.035,1.478,0.6694,1.0,0.0,1.0,0.0,4.867,0.902,0.4641279999999998,,,
0.06305,1.768,0.703,2.193,0.1947,0.2856,0.0732,1.0,1.0,-0.542,-0.6,0.887,1.0,-0.171,-0.1943,3.568,2.012,1.689,0.685,0.7335,5.215,1.379,-0.611,0.8154,3.156,2.803,0.0,0.0,2.812,0.0,3.799,1.227,0.824,1.799,1.0,1.5,1.5,-1.174,1.61,0.6943,2.0,0.0,0.0,0.0,0.0,0.3818,0.03983,,,
0.04614,1.428,0.6924,2.514,-0.0628,0.4285,0.0732,1.0,1.0,-0.5366,-0.592,0.8843,0.0,-0.1705,-0.4307,4.297,2.514,1.406,0.7104,-0.0471399999999999,5.58,0.7334,1.379,-0.611,3.188,2.832,0.0,0.0,2.848,0.0,3.791,1.428,0.6777,-0.07983,1.0,1.0,1.5,-1.064,1.396,0.591,0.0,1.0,0.0,0.0,0.0,-0.01657,0.06522384,,,
-0.02473,1.444,0.764,2.818,0.1447,0.5713,0.0732,1.0,1.0,-0.5894,-0.6343,0.887,1.0,-0.171,-0.1423,5.047,3.086,1.433,0.71,0.5761,5.74,-0.0472,0.7334,1.379,3.225,2.86,0.0,0.0,2.889,0.0,3.885,1.404,0.736,1.899,1.0,1.0,1.5,-1.13,1.498,0.5996,1.0,0.0,1.0,0.0,3.627,0.395,0.3274336,,,
0.01678,1.473,0.8457,3.154,0.1532,0.7144,0.0732,1.0,1.0,-0.638,-0.6914,0.887,1.0,-0.171,0.3142,5.734,3.71,1.505,0.703,0.6505,5.74,0.576,-0.0472,0.7334,3.29,2.889,0.0,0.0,2.934,0.0,3.994,1.486,0.725,1.84,2.0,1.0,2.0,-1.227,1.602,0.6143,2.0,0.0,0.0,0.0,0.0,0.3757,-0.0400584,,,
0.0548,1.074,0.8105,3.457,-0.1403,0.857,0.0732,1.0,1.0,-0.613,-0.672,0.8745,0.0,-0.1705,-0.2566,5.836,4.35,1.1455,0.7275,-0.2194,5.74,0.6504,0.576,-0.0472,3.336,2.916,0.0,0.0,2.98,0.0,3.955,1.377,0.7866,-0.536,1.0,0.5,1.5,-1.027,1.349,0.504,0.0,1.0,0.0,0.0,0.0,-0.10724,1.0091992000000003,,,
0.0464,1.579,1.017,3.803,0.5996,0.857,0.0732,1.0,1.0,-0.739,-0.8,0.887,1.0,-0.171,0.5557,5.836,5.043,1.65,0.689,1.5761,5.74,-0.2194,0.6504,0.576,3.424,2.947,0.0,0.0,3.041,0.0,4.223,1.4375,0.861,4.426,1.0,0.5,1.5,-1.452,1.795,0.6606,1.0,0.0,0.0,0.0,0.0,0.892,0.4688119999999999,,,
-0.00409,1.795,1.147,4.133,0.272,0.857,0.0732,1.0,1.0,-0.816,-0.8716,0.887,1.0,-0.171,0.362,5.836,5.7,1.844,0.6704,0.9737,5.74,1.575,-0.2194,0.6504,3.508,2.982,0.0,0.0,3.113,0.0,4.395,1.423,0.947,3.107,2.0,1.0,1.5,-1.454,1.907,0.7124,2.0,0.0,0.0,0.0,0.0,0.5967,0.0818608,,,
-0.0968,1.2295,1.039,4.332,-0.1885,0.857,0.0732,1.0,1.0,-0.763,-0.802,0.8467,0.0,-0.1705,-0.2808,5.836,5.7,1.251,0.691,-0.6977,5.74,0.973,1.575,-0.2194,3.562,3.016,0.0,0.0,3.182,0.0,4.266,0.9805,1.207,-1.327,1.0,0.5,1.0,-1.235,1.49,0.542,0.0,1.0,0.0,0.0,0.0,-0.2474,0.5067920000000001,,,
-0.1293,1.35,1.118,4.55,0.2312,0.857,0.0732,1.0,1.0,-0.8105,-0.845,0.8804,0.0,-0.1702,-0.3472,5.836,5.7,1.434,0.704,0.5991,5.74,-0.6978,0.973,1.575,3.63,3.055,0.0,0.0,3.25,0.0,4.375,1.024,1.223,0.626,1.0,1.0,1.0,-1.302,1.577,0.5776,1.0,0.0,0.0,0.0,0.0,0.11926,-0.0688935999999999,,,
-0.2603,1.135,1.103,4.75,-0.02715,0.857,0.0732,1.0,1.0,-0.812,-0.825,0.8765,0.0,-0.1697,-0.3306,5.836,5.7,1.245,0.719,-0.0695399999999999,5.74,0.599,-0.6978,0.973,3.688,3.094,0.0,0.0,3.318,0.0,4.363,0.963,1.261,-0.1804,1.0,0.5,0.5,-1.169,1.361,0.521,0.0,1.0,0.0,0.0,0.0,-0.03375,0.608218,,,
-0.2986,1.265,1.195,5.02,0.2476,0.857,0.0732,1.0,1.0,-0.8657,-0.874,0.887,1.0,-0.171,-0.4167,5.836,5.7,1.395,0.714,0.6944,5.74,-0.06964,0.599,-0.6978,3.746,3.137,0.0,0.0,3.389,0.0,4.49,1.32,1.062,1.675,1.0,0.5,1.0,-1.293,1.479,0.601,1.0,0.0,1.0,0.0,4.41,0.314,0.3243796,,,
-0.3267,1.249,1.244,5.273,0.12134,0.857,0.0732,1.0,1.0,-0.894,-0.899,0.887,1.0,-0.171,-0.3135,5.836,5.7,1.413,0.712,0.3873,5.598,0.694,-0.06964,0.599,3.816,3.182,0.0,0.0,3.457,0.0,4.56,1.295,1.111,0.715,1.0,1.0,1.0,-1.302,1.464,0.631,2.0,0.0,0.0,0.0,0.0,0.1311,-0.0719840799999999,,,
-0.3384,1.16,1.282,5.57,0.06198,0.857,0.0732,1.0,1.0,-0.9146,-0.918,0.887,1.0,-0.171,-0.621,5.836,5.7,1.35,0.7183,0.3038,5.41,0.387,0.694,-0.06964,3.863,3.23,0.0,0.0,3.52,0.0,4.617,1.549,0.955,0.5195,2.0,1.0,1.5,-1.315,1.383,0.6333,3.0,0.0,1.0,0.0,2.979,0.0942,0.4836380000000001,,,
-0.4253,1.451,1.424,5.85,0.3835,0.857,0.0732,1.0,1.0,-0.993,-0.9844,0.887,1.0,-0.171,-0.2196,5.836,5.7,1.611,0.6924,1.0181,5.74,0.3037,0.387,0.694,3.912,3.283,0.0,0.0,3.576,0.0,4.81,1.542,1.045,2.504,2.0,1.0,1.5,-1.454,1.625,0.731,4.0,0.0,0.0,0.0,0.0,0.4497,0.0466428,,,
-0.4404,1.289,1.429,6.1,0.0203,0.857,0.0732,1.0,1.0,-0.9966,-0.986,0.887,1.0,-0.171,-0.5073,5.836,5.7,1.453,0.708,0.10813,5.74,1.018,0.3037,0.387,3.977,3.34,0.0,0.0,3.629,0.0,4.832,1.505,1.08,0.2202,3.0,1.5,1.5,-1.402,1.501,0.6533,5.0,0.0,0.0,0.0,0.0,0.03833,0.06014,,,
-0.4587,1.179,1.45,6.363,0.0475,0.857,0.0732,1.0,1.0,-1.008,-0.9946,0.887,1.0,-0.171,-0.7,5.836,5.7,1.397,0.714,0.219,5.74,0.108,1.018,0.3037,4.035,3.398,0.0,0.0,3.684,0.0,4.875,1.543,1.072,0.3813,3.0,1.5,2.0,-1.352,1.412,0.6084,5.92,0.0,0.0,0.0,0.0,0.0661,-0.5396480000000001,,,
-0.4106,0.645,1.332,6.566,-0.3193,0.857,0.0732,1.0,1.0,-0.9463,-0.9385,0.847,0.0,-0.1705,0.0898,5.836,5.7,0.791,0.739,-0.6879,5.74,0.2188,0.108,1.018,4.082,3.455,0.0,0.0,3.738,0.0,4.74,1.158,1.287,-1.8,2.0,1.0,1.5,-0.9546,1.011,0.4226,0.0,1.0,0.0,0.0,0.0,-0.31,-0.0966359999999999,,,
-0.4426,0.511,1.323,6.73,-0.0637,0.857,0.0732,1.0,1.0,-0.9443,-0.931,0.8486,0.0,-0.1702,-0.2634,5.836,5.7,0.616,0.759,0.0255999999999999,5.71,-0.6875,0.2188,0.108,4.11,3.516,0.0,0.0,3.787,0.0,4.742,1.089,1.339,0.0533,2.0,1.5,1.5,-0.873,0.903,0.3828,1.0,0.0,0.0,0.0,0.0,0.009384,0.0644216,,,
-0.444,0.4292,1.334,6.918,-0.01459,0.857,0.0732,1.0,1.0,-0.9497,-0.9365,0.857,0.0,-0.1697,-0.3362,5.836,5.7,0.5317,0.776,0.1493,5.207,0.02548,-0.6875,0.2188,4.137,3.572,0.0,0.0,3.842,0.0,4.77,1.201,1.2705,0.3147,2.0,1.5,2.0,-0.8984,0.795,0.3828,2.0,0.0,0.0,0.0,0.0,0.05536,0.062018,,,
-0.5063,0.3582,1.333,7.04,-0.015015,0.857,0.0732,1.0,1.0,-0.9546,-0.931,0.8613,0.0,-0.1692,-0.2474,5.836,5.7,0.4,0.7944,0.07255,4.863,0.1492,0.02548,-0.6875,4.156,3.63,0.0,0.0,3.887,0.0,4.785,1.003,1.419,0.1708,2.0,1.5,2.0,-0.879,0.6836,0.3616,3.0,0.0,0.0,0.0,0.0,0.0299,0.044064,,,
-0.53,0.2795,1.319,7.105,-0.05804,0.857,0.0732,1.0,1.0,-0.949,-0.9224,0.8604,0.0,-0.1688,-0.03815,5.836,5.7,0.267,0.8086,-0.01074,4.547,0.0724,0.1492,0.02548,4.152,3.688,0.0,0.0,3.928,0.0,4.78,0.7993,1.563,-0.02464,1.0,1.5,1.5,-0.825,0.555,0.321,0.0,1.0,0.0,0.0,0.0,-0.004303,-0.2261496,,,
-0.5303,0.1965,1.3125,7.215,-0.1123,0.857,0.0732,1.0,1.0,-0.946,-0.9185,0.8623,0.0,-0.1683,-0.357,5.836,5.7,0.1987,0.818,0.02903,4.086,-0.01083,0.0724,0.1492,4.15,3.74,0.0,0.0,3.97,0.0,4.79,1.283,1.221,0.06177,2.0,1.5,2.0,-0.7886,0.4585,0.2983,1.0,0.0,0.0,0.0,0.0,0.01079,-0.3238120000000001,,,
-0.528,-0.05444,1.244,7.246,-0.832,0.857,0.0732,1.0,1.0,-0.91,-0.8823,0.8403,0.0,-0.1678,-0.2773,5.836,5.7,-0.02844,0.8193,-0.3793,3.586,0.02892,-0.01083,0.0724,4.13,3.783,0.0,0.0,4.004,0.0,4.715,0.8433,1.502,-0.776,1.0,1.0,1.5,-0.5605,0.2494,0.1555,0.0,1.0,0.0,0.0,0.0,-0.1355,-0.202224,,,
-0.478,-0.3523,1.157,7.246,-11.72,0.7144,0.0732,0.0,1.0,-0.8594,-0.838,0.811,0.0,-0.1674,0.0653,5.836,5.7,-0.3364,0.8193,-0.5155,3.104,-0.3792,0.02892,-0.01083,4.113,3.816,0.0,0.0,4.03,0.0,4.613,0.5356,1.678,-2.736,0.0,0.5,1.5,-0.3193,-0.02164,-0.05484,0.0,2.0,0.0,0.0,0.0,-0.4834,0.1795359999999999,,,
-0.4602,-0.322,1.161,7.246,0.01403,0.5713,0.0813,0.0,1.0,-0.8604,-0.842,0.818,0.0,-0.167,0.02324,5.836,5.7,-0.3093,0.8193,0.119,2.389,-0.515,-0.3792,0.02892,4.1,3.848,0.0,0.0,4.06,0.0,4.637,0.329,1.835,0.2223,0.0,0.5,1.5,-0.3542,-0.01329,-0.0678,1.0,0.0,0.0,0.0,0.0,0.03992,-0.171284,,,
-0.4841,-0.4636,1.108,7.246,0.7617,0.4285,0.0813,0.0,1.0,-0.833,-0.81,0.802,0.0,-0.1665,-0.7446,5.727,5.7,-0.4612,0.8193,-0.2849,2.057,0.11884,-0.515,-0.3792,4.08,3.875,0.0,0.0,4.074,0.0,4.582,-0.0236,2.062,-0.3992,0.0,0.0,1.0,-0.217,-0.1609,-0.2522,0.0,1.0,0.0,0.0,0.0,-0.0714,-0.4828479999999999,,,
-0.432,-0.725,1.01,7.18,0.8647,0.2856,0.0894,0.0,1.0,-0.773,-0.7563,0.7686,0.0,-0.166,-0.03168,4.95,5.7,-0.733,0.8193,-0.6015,1.987,-0.285,0.11884,-0.515,4.043,3.904,0.0,0.0,4.08,0.0,4.47,-0.4846,2.342,-0.9814,-1.0,0.0,0.5,0.015495,-0.4534,-0.5723,0.0,2.0,0.0,0.0,0.0,-0.1771,0.3283340000000001,,,
-0.505,-0.4495,1.064,7.055,-0.3242,0.1428,0.09753,0.0,1.0,-0.81,-0.7827,0.7954,0.0,-0.1656,-0.686,4.19,5.7,-0.489,0.8193,0.495,1.658,-0.601,-0.285,0.11884,4.016,3.932,0.0,0.0,4.09,0.0,4.56,-0.8506,2.643,0.2435,0.0,0.0,0.5,-0.1711,-0.2148,-0.4019,1.0,0.0,0.0,0.0,0.0,0.0448,-0.189196,,,
-0.4783,-0.4788,1.027,6.92,0.2179,0.0,0.1057,0.0,1.0,-0.787,-0.763,0.786,0.0,-0.1652,-0.2142,3.406,5.7,-0.5415,0.8193,-0.1724,1.487,0.4946,-0.601,-0.285,3.986,3.963,0.0,0.0,4.098,0.0,4.527,-1.0,2.736,-0.1846,0.0,-0.5,0.0,-0.0969,-0.2996,-0.56,0.0,1.0,0.0,0.0,0.0,-0.03342,-0.0975747999999999,,,
-0.4563,-0.518,0.9795,6.754,0.2394,-0.1428,0.11383,0.0,1.0,-0.7573,-0.7363,0.7734,0.0,-0.1647,-0.4883,2.53,5.113,-0.5947,0.8193,-0.226,1.311,-0.1724,0.4946,-0.601,3.959,3.984,0.0,0.0,4.1,0.0,4.484,-1.258,2.9,-0.3604,-1.0,-1.0,-0.5,-0.03044,-0.424,-0.78,0.0,2.0,0.0,0.0,0.0,-0.0656,0.2091408,,,
-0.478,-0.01825,1.108,6.68,-1.09,-0.1428,0.12195,1.0,1.0,-0.8325,-0.8105,0.8296,0.0,-0.1643,-0.1329,1.777,4.49,-0.0862,0.819,1.0281,1.202,-0.2261,-0.1724,0.4946,3.967,4.008,0.0,0.0,4.11,0.0,4.676,-0.2603,2.273,2.268,0.0,-0.5,0.0,-0.386,0.0581,-0.1157,1.0,0.0,1.0,0.0,4.13,0.416,-0.237836,,,
-0.4788,-0.12054,1.055,6.582,-1.601,-0.2856,0.1301,0.0,1.0,-0.8027,-0.7793,0.8154,0.0,-0.1638,-0.3665,1.128,3.816,-0.1882,0.8164,-0.2499,1.163,1.028,-0.2261,-0.1724,3.967,4.03,0.0,0.0,4.113,0.0,4.63,-0.3916,2.346,-0.5166,0.0,-1.0,-0.5,-0.2522,-0.0732,-0.3203,0.0,1.0,0.0,0.0,0.0,-0.0918,0.066292,,,
-0.4438,0.001041,1.067,6.49,-3.178,-0.2856,0.1382,1.0,1.0,-0.807,-0.79,0.827,0.0,-0.1633,0.2108,0.5903,3.143,-0.08527,0.8164,0.2113999999999999,1.148,-0.25,1.028,-0.2261,3.977,4.055,0.0,0.0,4.113,0.0,4.668,-0.3582,2.34,0.64,0.0,-0.5,-0.5,-0.309,0.000494,-0.172,1.0,0.0,0.0,0.0,0.0,0.1147,0.1386652,,,
-0.4436,0.4805,1.192,6.438,6.35,-0.2856,0.1464,1.0,1.0,-0.876,-0.861,0.884,0.0,-0.163,0.1979,0.2966,2.531,0.407,0.8154,1.0051,1.2,0.2112,-0.25,1.028,4.023,4.08,0.0,0.0,4.117,0.0,4.86,0.07245,2.117,2.535,1.0,0.0,-0.5,-0.6167,0.4265,0.567,2.0,0.0,0.0,0.0,0.0,0.4512,0.5435177999999998,,,
-0.4253,0.671,1.237,6.414,0.4956,-0.2856,0.1544,1.0,1.0,-0.8984,-0.887,0.887,1.0,-0.171,0.3552,0.1866,1.958,0.5806,0.7993,0.4392999999999999,1.347,1.005,0.2112,-0.25,4.066,4.11,0.0,0.0,4.12,0.0,4.945,0.236,2.04,1.605,2.0,0.0,0.0,-0.704,0.558,0.8057,3.0,0.0,0.0,0.0,0.0,0.2769,0.9906463999999996,,,
-0.395,1.26,1.414,6.465,0.97,-0.2856,0.1626,1.0,1.0,-0.9854,-0.982,0.887,1.0,-0.171,0.05832,0.1947,1.396,1.131,0.7407,1.3131,1.94,0.439,1.005,0.2112,4.15,4.137,0.0,0.0,4.137,0.0,5.21,0.587,1.903,4.355,2.0,0.5,0.0,-1.069,1.031,1.113,4.0,0.0,1.0,0.0,7.113,0.741,0.4231639999999999,,,
-0.3699,1.327,1.446,6.555,0.1866,-0.2856,0.1708,1.0,1.0,-0.999,-1.0,0.887,1.0,-0.171,-0.01845,0.43,1.01,1.152,0.7383,0.3384999999999999,2.57,1.3125,0.439,1.005,4.242,4.16,0.0,0.0,4.16,0.0,5.28,0.822,1.768,1.204,3.0,1.0,0.5,-1.094,1.036,1.085,5.0,0.0,0.0,0.0,0.0,0.1969,0.0854056,,,
-0.3574,1.588,1.551,6.723,0.3313,-0.1428,0.1788,1.0,1.0,-1.048,-1.053,0.887,1.0,-0.171,0.4438,1.018,0.8975,1.3545,0.718,0.8031,3.354,0.3381,1.3125,0.439,4.332,4.19,0.0,0.0,4.188,0.0,5.45,1.188,1.58,2.666,3.0,1.0,1.0,-1.242,1.255,1.082,5.92,0.0,0.0,0.0,0.0,0.4314,0.6450799999999998,,,
-0.3772,1.758,1.635,6.914,0.2424,0.0,0.187,1.0,1.0,-1.088,-1.09,0.887,1.0,-0.171,-0.1736,1.777,1.091,1.507,0.7026,0.6695,4.2,0.8027,0.3381,1.3125,4.445,4.227,0.0,0.0,4.223,0.0,5.594,1.259,1.593,1.958,3.0,1.5,1.0,-1.336,1.389,1.0205,5.92,0.0,0.0,0.0,0.0,0.309,-0.352576,,,
-0.3047,1.247,1.514,7.09,-0.1633,0.1428,0.1951,1.0,1.0,-1.026,-1.039,0.8506,0.0,-0.1705,-0.2095,2.502,1.442,1.046,0.716,-0.6269,4.645,0.669,0.8027,0.3381,4.54,4.258,0.0,0.0,4.25,0.0,5.453,1.077,1.662,-1.383,2.0,1.5,1.0,-0.9653,1.011,0.696,0.0,1.0,0.0,0.0,0.0,-0.2139,1.8367676000000004,,,
-0.2181,2.156,1.886,7.246,0.963,0.2856,0.2032,1.0,1.0,-1.183,-1.214,0.887,1.0,-0.171,0.235,3.65,2.143,1.98,0.657,2.5271000000000003,5.74,-0.6265,0.669,0.8027,4.67,4.3,0.0,0.0,4.3,0.0,6.0,1.527,1.581,9.62,2.0,1.5,1.5,-1.454,1.902,1.0625,1.0,0.0,1.0,0.0,8.0,1.895,-0.362692,,,
-0.07983,1.587,1.727,7.246,-0.1799,0.4285,0.2114,1.0,1.0,-1.1045,-1.156,0.8403,0.0,-0.1705,0.4175,4.695,2.83,1.364,0.6743,-0.8039000000000001,5.74,2.527,-0.6265,0.669,4.773,4.336,0.0,0.0,4.344,0.0,5.812,1.174,1.751,-3.176,1.0,1.5,1.0,-1.144,1.459,0.723,0.0,1.0,0.0,0.0,0.0,-0.4639,1.1328559999999996,,,
-0.03983,2.156,2.008,7.246,0.572,0.5713,0.2195,1.0,1.0,-1.217,-1.278,0.887,1.0,-0.171,0.6636,5.78,3.586,2.002,0.646,1.8861,5.74,-0.8037,2.527,-0.6265,4.895,4.383,0.0,0.0,4.406,0.0,6.242,1.369,1.8,7.566,1.0,1.5,1.5,-1.454,2.064,0.908,1.0,0.0,0.0,0.0,0.0,1.134,-0.166404,,,
0.1032,1.734,1.91,7.246,-0.1105,0.7144,0.2277,1.0,1.0,-1.166,-1.251,0.864,0.0,-0.1705,0.8853,5.836,4.414,1.611,0.6714,-0.4039,5.74,1.885,-0.8037,2.527,4.996,4.418,0.0,0.0,4.473,0.0,6.145,1.293,1.8125,-1.82,0.0,1.0,1.5,-1.288,1.707,0.6987,0.0,1.0,0.0,0.0,0.0,-0.2576,0.1557332,,,
0.0925,1.488,1.892,7.246,-0.01141,0.7144,0.2357,1.0,1.0,-1.159,-1.242,0.8657,0.0,-0.1702,-0.1261,5.836,5.242,1.416,0.6924,0.03867,5.74,-0.404,1.885,-0.8037,5.08,4.457,0.0,0.0,4.535,0.0,6.152,1.233,1.858,0.1256,1.0,1.0,1.5,-1.164,1.553,0.608,1.0,0.0,0.0,0.0,0.0,0.018,-0.2760240000000001,,,
0.1674,0.9834,1.785,7.246,-0.2104,0.857,0.2439,1.0,1.0,-1.109,-1.203,0.838,0.0,-0.1697,0.0764,5.836,5.7,0.9775,0.7104,-0.4857,5.74,0.03854,-0.404,1.885,5.133,4.49,0.0,0.0,4.594,0.0,6.035,1.139,1.875,-1.354,0.0,0.5,1.5,-0.834,1.245,0.4578,0.0,1.0,0.0,0.0,0.0,-0.1937,0.4506296,,,
0.1564,1.01,1.852,7.246,0.1595,0.857,0.252,1.0,1.0,-1.139,-1.23,0.868,0.0,-0.1692,-0.09424,5.836,5.7,1.005,0.7363,0.5387,5.74,-0.4856,0.03854,-0.404,5.215,4.53,0.0,0.0,4.664,0.0,6.164,1.17,1.908,2.008,1.0,0.5,1.5,-0.9434,1.314,0.4863,1.0,0.0,0.0,0.0,0.0,0.2917,-0.371642,,,
0.2122,0.427,1.701,7.246,-0.4373,0.857,0.2603,1.0,1.0,-1.07,-1.169,0.824,0.0,-0.1688,0.136,5.836,5.7,0.444,0.754,-0.7659,5.74,0.538,-0.4856,0.03854,5.215,4.562,0.0,0.0,4.727,0.0,5.98,0.857,2.05,-2.076,0.0,0.0,1.0,-0.5176,0.922,0.3093,0.0,1.0,0.0,0.0,0.0,-0.2969,-1.27145,,,
0.4653,-0.718,1.34,7.246,-2.273,0.7144,0.2683,0.0,1.0,-0.88,-1.016,0.706,0.0,-0.1683,1.191,5.836,5.7,-0.731,0.768,-2.1069,5.74,-0.7656,0.538,-0.4856,5.176,4.586,0.0,0.0,4.766,0.0,5.49,0.3054,2.229,-9.04,0.0,-0.5,0.5,0.4785,0.03186,-0.0909,0.0,2.0,0.0,1.0,-7.91,-1.324,0.656808,,,
0.4297,-0.397,1.449,7.246,-0.4055,0.5713,0.2764,0.0,1.0,-0.9365,-1.067,0.7495,0.0,-0.1678,0.0965,5.836,5.7,-0.4326,0.7783,0.8341,5.74,-2.105,-0.7656,0.538,5.11,4.61,0.0,0.0,4.816,0.0,5.67,0.2554,2.346,2.54,0.0,0.0,0.5,0.1555,0.4036,0.01513,1.0,0.0,0.0,0.0,0.0,0.3982,-1.14416,,,
0.585,-1.086,1.213,7.246,2.465,0.4285,0.2847,0.0,1.0,-0.8047,-0.957,0.6733,0.0,-0.1674,0.5786,5.836,5.7,-1.127,0.7812,-1.4129,5.74,0.8335,-2.105,-0.7656,5.016,4.625,0.0,0.0,4.844,0.0,5.355,-0.0397,2.416,-4.72,0.0,-0.5,0.0,0.808,-0.17,-0.2957,0.0,1.0,0.0,0.0,0.0,-0.721,0.943368,,,
0.53,-0.434,1.417,7.246,-0.56,0.2856,0.2927,0.0,1.0,-0.913,-1.06,0.7505,0.0,-0.167,0.529,5.836,5.7,-0.4854,0.7856,1.4991,5.74,-1.413,0.8335,-2.105,4.96,4.652,0.0,0.0,4.887,0.0,5.676,0.05725,2.488,5.47,0.0,0.0,0.0,0.2052,0.505,-0.045,1.0,0.0,0.0,0.0,0.0,0.8745,0.458804,,,
0.4749,-0.11304,1.514,7.246,-0.839,0.1428,0.3008,0.0,1.0,-0.964,-1.104,0.791,0.0,-0.1665,-0.4048,5.836,5.7,-0.1654,0.7896,0.7521,5.473,1.498,-1.413,0.8335,4.938,4.684,0.0,0.0,4.938,0.0,5.84,0.0715,2.553,1.616,1.0,0.0,0.0,-0.06476,0.778,0.0887,2.0,0.0,0.0,0.0,0.0,0.2468,0.0797419999999999,,,
0.6187,-0.6924,1.316,7.246,18.77,0.0,0.3088,0.0,1.0,-0.8555,-1.016,0.728,0.0,-0.166,0.6006,5.836,5.7,-0.735,0.7915,-1.1479,4.797,0.752,1.498,-1.413,4.87,4.71,0.0,0.0,4.965,0.0,5.58,-0.013176,2.496,-2.67,1.0,0.0,0.0,0.3928,0.1952,-0.2705,0.0,1.0,0.0,0.0,0.0,-0.3984,0.6045240000000001,,,
0.4001,-0.1578,1.459,7.246,-0.8013,-0.1428,0.3171,0.0,1.0,-0.944,-1.07,0.785,0.0,-0.1656,0.1238,5.836,5.7,-0.2057,0.788,1.0791,4.113,-1.148,0.752,1.498,4.85,4.742,0.0,0.0,5.004,0.0,5.816,-0.2202,2.75,2.848,1.0,0.0,0.0,-0.02615,0.6294,-0.007336,1.0,0.0,0.0,0.0,0.0,0.4407,-0.6098519999999998,,,
0.4463,-0.5137,1.32,7.246,5.1,-0.2856,0.3252,0.0,1.0,-0.871,-1.003,0.742,0.0,-0.1652,0.553,5.395,5.7,-0.5757,0.787,-0.7836,3.746,1.079,-1.148,0.752,4.867,4.773,0.0,0.0,5.02,0.0,5.637,-0.2142,2.666,-2.135,1.0,0.0,0.0,0.2773,0.211,-0.3186,0.0,1.0,0.0,0.0,0.0,-0.3196,0.003504,,,
0.313,0.3472,1.5625,7.246,-1.994,-0.2856,0.3333,1.0,1.0,-0.9995,-1.113,0.8354,0.0,-0.1647,0.453,4.285,5.7,0.2844,0.782,1.7401,3.47,-0.7837,1.079,-1.148,4.91,4.816,0.0,0.0,5.05,0.0,6.023,-0.2458,2.86,4.824,1.0,0.0,0.0,-0.3289,0.938,0.2642,1.0,0.0,0.0,0.0,0.0,0.74,-0.1754455999999999,,,
0.2322,0.252,1.505,7.246,-0.10455,-0.2856,0.3416,1.0,1.0,-0.979,-1.078,0.822,0.0,-0.1643,-0.2627,3.25,5.7,0.2103,0.777,-0.2439,3.303,1.739,-0.7837,1.079,4.98,4.855,0.0,0.0,5.074,0.0,5.97,-0.219,2.814,-0.621,0.0,0.0,0.0,-0.1558,0.7827,0.1318,0.0,1.0,0.0,0.0,0.0,-0.0904,0.2252919999999999,,,
0.2283,0.3508,1.509,7.246,0.451,-0.2856,0.3496,1.0,1.0,-0.981,-1.08,0.83,0.0,-0.1638,-0.04324,2.268,5.7,0.3132,0.774,0.1518,3.248,-0.2439,1.739,-0.7837,5.02,4.9,0.0,0.0,5.09,0.0,6.0,-0.1993,2.816,0.3323,1.0,0.5,0.0,-0.1813,0.766,0.1616,1.0,0.0,0.0,0.0,0.0,0.04877,1.2967119999999996,,,
0.2522,1.353,1.822,7.246,2.61,-0.2856,0.3577,1.0,1.0,-1.118,-1.226,0.887,1.0,-0.171,1.247,1.329,4.945,1.26,0.7275,2.1501,3.553,0.1517,-0.2439,1.739,5.098,4.953,0.0,0.0,5.133,0.0,6.504,0.2025,2.75,9.62,1.0,0.5,0.5,-0.8506,1.573,0.8945,2.0,0.0,0.0,0.0,0.0,1.679,0.8035160000000002,,,
0.258,1.809,1.973,7.246,0.4727,-0.2856,0.3577,1.0,1.0,-1.179,-1.289,0.887,1.0,-0.171,0.8647,0.7764,4.23,1.719,0.682,1.0471,4.434,2.15,0.1517,-0.2439,5.24,5.01,0.0,0.0,5.168,0.0,6.766,0.2732,2.814,4.01,2.0,1.0,0.5,-1.098,1.83,1.024,3.0,0.0,0.0,0.0,0.0,0.549,0.0797759999999999,,,
0.2537,1.901,2.023,7.246,0.1859,-0.2856,0.366,1.0,1.0,-1.199,-1.31,0.887,1.0,-0.171,-0.07837,0.8423,3.553,1.769,0.6772,0.4522,5.285,1.047,2.15,0.1517,5.363,5.08,0.0,0.0,5.21,0.0,6.88,0.4653,2.729,2.031,2.0,1.0,1.0,-1.192,1.757,0.934,4.0,0.0,0.0,0.0,0.0,0.269,-0.6524648,,,
0.2632,1.31,1.873,7.246,-0.1855,-0.1428,0.374,1.0,1.0,-1.139,-1.248,0.8457,0.0,-0.1705,0.4797,1.461,3.04,1.195,0.696,-0.7133,5.68,0.4521,1.047,2.15,5.49,5.133,0.0,0.0,5.23,0.0,6.695,0.724,2.46,-2.535,2.0,0.5,1.0,-0.7803,1.339,0.636,0.0,1.0,0.0,1.0,-4.473,-0.331,-0.1420919999999999,,,
0.2583,0.8374,1.742,7.246,-0.2295,0.0,0.382,1.0,1.0,-1.084,-1.191,0.8096,0.0,-0.1702,-0.1163,2.219,2.75,0.7207,0.711,-0.6303,5.74,-0.7134,0.4521,1.047,5.547,5.18,0.0,0.0,5.246,0.0,6.53,0.4963,2.555,-2.496,1.0,0.5,0.5,-0.4622,0.951,0.418,0.0,2.0,0.0,0.0,0.0,-0.3335,1.0299336,,,
0.325,1.457,1.995,7.246,0.854,0.1428,0.3901,1.0,1.0,-1.183,-1.304,0.887,1.0,-0.171,0.6377,3.854,3.115,1.109,0.7427,1.7001,5.74,-0.63,-0.7134,0.4521,5.664,5.24,0.0,0.0,5.28,0.0,6.957,0.965,2.406,9.62,1.0,0.5,1.0,-0.9937,1.511,0.74,1.0,0.0,1.0,0.0,6.242,2.299,0.63554,,,
0.39,0.6973,1.775,7.246,-0.3943,0.2856,0.3984,1.0,1.0,-1.088,-1.217,0.8213,0.0,-0.1705,0.5845,5.25,3.646,0.3433,0.7617,-1.1329,5.74,1.699,-0.63,-0.7134,5.742,5.277,0.0,0.0,5.305,0.0,6.66,0.5615,2.562,-4.414,0.0,0.5,0.5,-0.408,0.9736,0.403,0.0,1.0,0.0,0.0,0.0,-0.5713,-0.0118628,,,
0.4954,0.693,1.794,7.246,0.1273,0.4285,0.4065,1.0,1.0,-1.087,-1.233,0.8354,0.0,-0.1702,1.214,5.836,4.223,0.3826,0.7715,0.2527999999999999,5.74,-1.132,1.699,-0.63,5.766,5.32,0.0,0.0,5.33,0.0,6.723,0.512,2.627,1.136,0.0,0.5,0.5,-0.4722,0.949,0.417,1.0,0.0,0.0,0.0,0.0,0.1523,1.540524,,,
0.4858,1.382,2.072,7.246,1.085,0.5713,0.4146,1.0,1.0,-1.199,-1.348,0.887,1.0,-0.171,1.568,5.836,4.87,1.135,0.74,1.8371,5.74,0.2524,-1.132,1.699,5.816,5.367,0.0,0.0,5.38,0.0,7.19,0.946,2.523,8.95,1.0,1.0,1.0,-1.027,1.58,0.709,2.0,0.0,0.0,0.0,0.0,1.191,-1.3331848000000002,,,
0.8,0.03824,1.646,7.246,-0.8477,0.7144,0.4146,1.0,1.0,-0.9985,-1.192,0.7524,0.0,-0.1705,1.441,5.836,5.5,-0.1772,0.752,-2.3119,5.74,1.836,0.2524,-1.132,5.78,5.395,0.0,0.0,5.426,0.0,6.566,0.3403,2.682,-9.51,1.0,0.5,0.5,0.1146,0.628,0.1575,0.0,1.0,0.0,0.0,0.0,-1.687,0.8794320000000002,,,
0.7754,0.449,1.815,7.246,3.805,0.857,0.4229,1.0,1.0,-1.073,-1.266,0.817,0.0,-0.1702,1.069,5.836,5.7,0.284,0.7646,1.1961,5.74,-2.312,1.836,0.2524,5.8,5.434,0.0,0.0,5.477,0.0,6.867,0.594,2.63,6.582,1.0,0.5,1.0,-0.3354,1.026,0.3643,1.0,0.0,0.0,0.0,0.0,0.893,0.4198479999999999,,,
0.6636,0.8384,1.972,7.246,0.918,0.857,0.431,1.0,1.0,-1.146,-1.322,0.8784,0.0,-0.1697,-0.2537,5.836,5.7,0.7095,0.7773,1.0991,5.74,1.195,-2.312,1.836,5.875,5.47,0.0,0.0,5.55,0.0,7.152,0.555,2.785,3.78,2.0,0.5,1.0,-0.6377,1.4,0.554,2.0,0.0,0.0,0.0,0.0,0.4944,-1.0203415999999996,,,
0.822,0.0764,1.736,7.246,-0.752,0.857,0.431,1.0,1.0,-1.036,-1.235,0.8066,0.0,-0.1692,0.3508,5.836,5.7,0.001131,0.7856,-1.2429,5.74,1.099,1.195,-2.312,5.86,5.496,0.0,0.0,5.598,0.0,6.816,0.3623,2.775,-4.105,1.0,0.0,1.0,0.01599,0.874,0.2201,0.0,1.0,0.0,0.0,0.0,-0.5195,-0.3404555999999999,,,
0.909,-0.2913,1.622,7.246,-2.357,0.7144,0.439,0.0,1.0,-0.979,-1.19,0.7754,0.0,-0.1688,0.4072,5.836,5.7,-0.321,0.7915,-0.5604,5.74,-1.242,1.099,1.195,5.86,5.508,0.0,0.0,5.633,0.0,6.67,0.2563,2.787,-1.987,0.0,0.0,0.5,0.2224,0.527,0.0538,0.0,2.0,0.0,0.0,0.0,-0.2615,-1.6763312,,,
1.1045,-1.212,1.285,7.246,4.82,0.5713,0.439,0.0,1.0,-0.8003,-1.039,0.6665,0.0,-0.1683,2.229,5.836,5.7,-1.26,0.79,-1.9949,5.74,-0.5605,-1.242,1.099,5.793,5.508,0.0,0.0,5.656,0.0,6.164,-0.2688,2.94,-9.51,0.0,0.0,0.0,1.162,-0.28,-0.4954,0.0,3.0,0.0,0.0,0.0,-1.594,1.5061759999999995,,,
1.052,-0.4827,1.496,7.246,-0.5557,0.4285,0.439,0.0,1.0,-0.909,-1.143,0.745,0.0,-0.1678,1.832,5.836,5.7,-0.53,0.785,1.5401,5.52,-1.994,-0.5605,-1.242,5.72,5.52,0.0,0.0,5.688,0.0,6.53,-0.2106,3.059,6.9,0.0,0.0,0.0,0.517,0.4497,-0.1494,1.0,0.0,0.0,0.0,0.0,0.9854,-1.605564,,,
1.375,-1.415,1.138,7.246,2.615,0.2856,0.439,0.0,1.0,-0.7007,-0.9805,0.6274,0.0,-0.1674,2.031,5.836,5.7,-1.455,0.772,-2.1909,4.996,1.539,-1.994,-0.5605,5.65,5.52,0.0,0.0,5.703,0.0,5.98,-0.506,3.03,-9.51,-1.0,0.0,-0.5,1.577,-0.403,-0.855,0.0,1.0,0.0,0.0,0.0,-1.701,1.7019120000000003,,,
1.236,-0.2448,1.494,7.246,-0.804,0.1428,0.439,0.0,1.0,-0.8936,-1.156,0.757,0.0,-0.167,0.703,5.133,5.7,-0.289,0.769,2.5841000000000003,4.65,-2.19,1.539,-1.994,5.617,5.53,0.0,0.0,5.727,0.0,6.582,-0.1389,3.031,9.62,0.0,0.0,0.0,0.515,0.7866,-0.1442,1.0,0.0,0.0,0.0,0.0,1.999,-0.333264,,,
1.294,-0.4463,1.407,7.246,1.451,0.0,0.439,0.0,1.0,-0.847,-1.118,0.7334,0.0,-0.1665,0.1516,3.547,5.7,-0.4946,0.769,-0.4311,4.17,2.584,-2.19,1.539,5.535,5.543,0.0,0.0,5.746,0.0,6.473,-0.1171,2.969,-1.806,0.0,-0.5,0.0,0.653,0.527,-0.343,0.0,1.0,0.0,0.0,0.0,-0.2444,0.0292619999999999,,,
1.0205,0.1874,1.583,7.246,-1.722,0.0,0.439,1.0,1.0,-0.9526,-1.182,0.802,0.0,-0.166,-0.4888,2.723,5.7,0.211,0.758,1.2801,3.648,-0.4312,2.584,-2.19,5.535,5.582,0.0,0.0,5.78,0.0,6.793,-0.1644,3.143,4.625,1.0,0.0,0.0,0.142,1.014,0.0841,1.0,0.0,0.0,0.0,0.0,0.6343,-0.345496,,,
1.049,-0.1973,1.438,7.246,-1.396,-0.1428,0.439,0.0,1.0,-0.882,-1.113,0.758,0.0,-0.1656,-0.1494,2.127,5.617,-0.1644,0.756,-0.7914,3.615,1.279,-0.4312,2.584,5.523,5.605,0.0,0.0,5.785,0.0,6.586,-0.124,3.023,-2.861,0.0,-0.5,0.0,0.546,0.684,-0.2595,0.0,1.0,0.0,0.0,0.0,-0.3777,0.075632,,,
0.9014,-0.1049,1.444,7.246,-0.718,-0.2856,0.439,0.0,1.0,-0.8965,-1.1045,0.767,0.0,-0.1652,-0.4314,1.594,4.758,-0.0819,0.756,0.1653,3.607,-0.791,1.279,-0.4312,5.58,5.645,0.0,0.0,5.777,0.0,6.63,-0.1343,3.049,0.5537,1.0,-0.5,0.0,0.407,0.6406,-0.1803,1.0,0.0,0.0,0.0,0.0,0.0749,0.7365950399999999,,,
0.7646,0.4304,1.58,7.246,-14.766,-0.2856,0.439,1.0,1.0,-0.971,-1.159,0.822,0.0,-0.1647,0.2289,1.372,3.879,0.417,0.7544,1.0081,3.613,0.165,-0.791,1.279,5.62,5.676,0.0,0.0,5.777,0.0,6.883,-0.2367,3.234,4.996,1.0,0.0,0.0,-0.04846,0.9253,0.2405,2.0,0.0,1.0,0.0,4.773,0.6724,0.0372288,,,
0.657,0.5605,1.618,7.246,0.4055,-0.2856,0.439,1.0,1.0,-0.9976,-1.168,0.843,0.0,-0.1643,0.845,1.321,2.986,0.589,0.7563,0.3781,3.74,1.008,0.165,-0.791,5.74,5.71,0.0,0.0,5.793,0.0,6.98,0.1277,3.018,1.553,2.0,0.5,0.5,-0.1831,0.969,0.3647,3.0,0.0,0.0,0.0,0.0,0.2025,-0.7445400000000001,,,
0.74,-0.1648,1.359,7.246,-1.074,-0.4285,0.439,0.0,1.0,-0.8677,-1.048,0.758,0.0,-0.1638,0.396,1.407,1.981,-0.146,0.754,-1.4989,3.719,0.3777,1.008,0.165,5.74,5.74,0.0,0.0,5.793,0.0,6.586,-0.2367,3.104,-6.754,1.0,0.5,0.0,0.5215,0.326,-0.2761,0.0,1.0,0.0,0.0,0.0,-0.8706,0.0946999999999999,,,
0.746,-0.01362,1.366,7.246,-1.802,-0.4285,0.439,1.0,1.0,-0.8706,-1.052,0.7666,0.0,-0.1633,0.475,1.524,1.5205,-0.01956,0.7485,0.1624999999999999,3.623,-1.499,0.3777,1.008,5.758,5.76,0.0,0.0,5.78,0.0,6.625,-0.38,3.223,1.006,2.0,0.5,0.0,0.396,0.3284,-0.1858,1.0,0.0,0.0,0.0,0.0,0.136,-0.0745964,,,
0.701,0.579,1.536,7.246,9.49,-0.4285,0.439,1.0,1.0,-0.956,-1.133,0.8345,0.0,-0.163,0.2725,1.47,1.222,0.558,0.7515,1.2451,3.715,0.1622,-1.499,0.3777,5.773,5.797,0.0,0.0,5.793,0.0,6.94,-0.02348,3.107,6.723,2.0,1.0,0.5,-0.05984,0.837,0.3005,2.0,0.0,0.0,0.0,0.0,0.9053,0.0500928,,,
0.7563,0.1667,1.394,7.246,-0.5337,-0.2856,0.439,1.0,1.0,-0.8833,-1.066,0.7896,0.0,-0.1625,0.356,1.229,0.983,0.1527,0.752,-0.7904,3.717,1.244,0.1622,-1.499,5.793,5.816,0.0,0.0,5.793,0.0,6.73,-0.0586,3.041,-3.24,1.0,0.5,0.5,0.2546,0.407,-0.03613,0.0,1.0,0.0,0.0,0.0,-0.4197,0.9149040000000004,,,
0.666,0.6797,1.573,7.246,2.342,-0.1428,0.439,1.0,1.0,-0.976,-1.147,0.8613,0.0,-0.162,0.539,0.938,0.8853,0.5884,0.7734,1.2971,3.572,-0.7905,1.244,0.1622,5.844,5.848,0.0,0.0,5.79,0.0,7.062,0.4192,2.848,9.62,1.0,1.0,1.0,-0.2445,0.879,0.5317,1.0,0.0,1.0,0.0,4.793,1.6875,-0.0241768,,,
0.59,0.4302,1.496,7.246,-0.217,0.0,0.439,1.0,1.0,-0.9463,-1.1045,0.8403,0.0,-0.1616,0.1836,0.861,0.889,0.3318,0.7817,-0.3644,3.656,1.297,-0.7905,1.244,5.855,5.875,0.0,0.0,5.805,0.0,6.965,0.1749,2.979,-1.904,1.0,0.5,0.5,-0.12463,0.579,0.3264,0.0,1.0,0.0,0.0,0.0,-0.243,1.8061720000000008,,,
0.467,1.392,1.846,7.246,2.143,0.1428,0.439,1.0,1.0,-1.111,-1.254,0.887,1.0,-0.171,1.818,1.558,1.116,1.296,0.7236,2.3831,4.574,-0.3643,1.297,-0.7905,5.926,5.906,0.0,0.0,5.836,0.0,7.547,0.87,2.76,9.62,1.0,1.0,1.0,-0.9585,1.412,1.044,1.0,0.0,0.0,0.0,0.0,2.148,-0.3009476,,,
0.411,0.8857,1.701,7.246,-0.2335,0.2856,0.439,1.0,1.0,-1.054,-1.186,0.8447,0.0,-0.1705,0.1475,2.387,1.463,0.7773,0.738,-0.7284,4.85,2.383,-0.3643,1.297,6.02,5.926,0.0,0.0,5.848,0.0,7.387,0.4468,2.97,-4.105,0.0,0.5,0.5,-0.5454,1.027,0.706,0.0,1.0,0.0,0.0,0.0,-0.4932,0.4916639999999999,,,
0.3972,0.8833,1.721,7.246,0.1307,0.4285,0.439,1.0,1.0,-1.063,-1.193,0.86,0.0,-0.1702,0.0344,3.18,1.846,0.8174,0.748,0.2671,5.344,-0.728,2.383,-0.3643,6.12,5.94,0.0,0.0,5.87,0.0,7.46,0.576,2.91,1.112,1.0,0.5,1.0,-0.6104,0.993,0.6865,1.0,0.0,0.0,0.0,0.0,0.1368,0.317608,,,
0.3801,1.609,1.978,7.246,0.9375,0.4285,0.439,1.0,1.0,-1.171,-1.301,0.887,1.0,-0.171,0.709,4.215,2.459,1.462,0.707,1.7261,5.74,0.267,-0.728,2.383,6.24,5.977,0.0,0.0,5.926,0.0,7.547,0.649,3.07,9.62,1.0,0.5,1.0,-1.107,1.58,0.9717,2.0,0.0,1.0,0.0,7.863,2.06,1.30287864,,,
0.38,2.156,2.273,7.246,0.5986,0.5713,0.439,1.0,1.0,-1.2705,-1.415,0.887,1.0,-0.171,0.2189,5.547,3.363,2.002,0.6406,1.8961,5.74,1.726,0.267,-0.728,6.445,6.03,0.0,0.0,6.023,0.0,7.547,1.022,3.05,9.62,2.0,1.0,1.5,-1.454,2.111,1.113,3.0,0.0,1.0,0.0,9.375,1.94,-0.0389199999999999,,,
0.4067,2.156,2.305,7.246,0.0894,0.7144,0.439,1.0,1.0,-1.2705,-1.43,0.887,1.0,-0.171,-0.04968,5.836,4.44,2.002,0.65,0.3458,5.74,1.8955,1.726,0.267,6.625,6.08,0.0,0.0,6.11,0.0,7.547,1.041,3.084,2.924,2.0,1.0,1.5,-1.454,2.078,0.9634,4.0,0.0,0.0,0.0,0.0,0.3193,-0.6691188000000001,,,
0.5024,1.596,2.135,7.246,-0.165,0.7144,0.439,1.0,1.0,-1.222,-1.374,0.8413,0.0,-0.1705,1.158,5.836,5.574,1.374,0.6743,-0.7846,5.74,0.3457,1.8955,1.726,6.625,6.125,0.0,0.0,6.21,0.0,7.547,0.7554,3.18,-8.4,2.0,0.5,1.0,-1.035,1.634,0.6978,0.0,1.0,0.0,0.0,0.0,-0.9077,-0.2563,,,
0.4812,1.359,2.092,7.246,-0.01697,0.7144,0.439,1.0,1.0,-1.207,-1.355,0.8364,0.0,-0.1702,0.2122,5.836,5.7,1.159,0.691,-0.0916,5.74,-0.7847,0.3457,1.8955,6.625,6.17,0.0,0.0,6.28,0.0,7.547,0.6973,3.209,-0.7285,1.0,0.5,0.5,-0.93,1.393,0.587,0.0,2.0,0.0,0.0,0.0,-0.0807,0.0281032,,,
0.4246,1.148,2.074,7.246,-0.02336,0.857,0.439,1.0,1.0,-1.205,-1.344,0.839,0.0,-0.1697,-0.2457,5.836,5.7,1.025,0.707,0.04838,5.74,-0.0917,-0.7847,0.3457,6.625,6.203,0.0,0.0,6.36,0.0,7.547,1.055,2.959,0.2856,1.0,0.5,1.0,-0.8374,1.28,0.524,1.0,0.0,0.0,0.0,0.0,0.03174,-0.118892,,,
0.3796,0.8745,2.03,7.246,-0.1047,0.857,0.439,1.0,1.0,-1.191,-1.322,0.833,0.0,-0.1692,-0.4683,5.836,5.7,0.7773,0.727,-0.1009,5.74,0.04825,-0.0917,-0.7847,6.625,6.254,0.0,0.0,6.426,0.0,7.547,1.012,2.977,-0.5635,0.0,0.5,0.5,-0.7397,1.077,0.4417,0.0,1.0,0.0,0.0,0.0,-0.0625,-0.3421320000000001,,,
0.3845,0.2705,1.85,7.246,-0.542,0.857,0.439,1.0,1.0,-1.119,-1.248,0.782,0.0,-0.1688,0.009796,5.836,5.7,0.1937,0.74,-0.9003,5.74,-0.10095,0.04825,-0.0917,6.625,6.29,0.0,0.0,6.484,0.0,7.547,0.635,3.125,-5.793,-1.0,0.0,0.0,-0.2852,0.637,0.2289,0.0,2.0,0.0,0.0,0.0,-0.6445,-0.3485611999999999,,,
0.3628,0.1219,1.83,7.246,-0.318,0.857,0.439,1.0,1.0,-1.112,-1.238,0.7837,0.0,-0.1683,-0.1191,5.836,5.7,0.11115,0.751,0.0237999999999999,5.74,-0.9,-0.10095,0.04825,6.625,6.312,0.0,0.0,6.543,0.0,7.547,0.833,2.986,0.1068,0.0,0.5,0.5,-0.2976,0.5312,0.1968,1.0,0.0,0.0,0.0,0.0,0.01223,-0.096092,,,
0.2449,-0.0998,1.768,7.246,-1.032,0.7144,0.439,0.0,1.0,-1.096,-1.201,0.771,0.0,-0.1678,-0.07806,5.836,5.7,-0.1578,0.7686,-0.2272,5.74,0.02368,-0.9,-0.10095,6.625,6.344,0.0,0.0,6.59,0.0,7.547,0.6123,3.113,-1.038,0.0,0.0,0.0,-0.1658,0.384,0.11975,0.0,1.0,0.0,0.0,0.0,-0.1188,-0.1562071999999999,,,
0.2031,-0.1897,1.755,7.246,5.336,0.5713,0.439,0.0,1.0,-1.094,-1.192,0.775,0.0,-0.1674,-0.2627,5.836,5.7,-0.2369,0.7812,0.0645,5.74,-0.2272,0.02368,-0.9,6.625,6.383,0.0,0.0,6.633,0.0,7.547,0.7246,3.041,0.2969,0.0,0.0,0.5,-0.2593,0.26,0.1022,1.0,0.0,0.0,0.0,0.0,0.0342,0.0074992,,,
0.01843,-0.3096,1.705,7.246,1.316,0.4285,0.439,0.0,1.0,-1.087,-1.155,0.7656,0.0,-0.167,-0.7266,5.836,5.7,-0.402,0.791,-0.1618,5.74,0.06433,-0.2272,0.02368,6.625,6.434,0.0,0.0,6.664,0.0,7.547,0.2654,3.348,-0.695,0.0,-0.5,0.0,-0.1887,0.1287,0.0319,0.0,1.0,0.0,0.0,0.0,-0.0799,-0.5813520000000002,,,
0.0884,-0.678,1.573,7.246,1.856,0.2856,0.439,0.0,1.0,-1.022,-1.1,0.729,0.0,-0.1665,0.774,5.836,5.7,-0.758,0.7954,-0.6789000000000001,5.74,-0.1617,0.06433,-0.2272,6.625,6.47,0.0,0.0,6.664,0.0,7.547,0.2727,3.256,-4.84,0.0,-1.0,0.0,0.1312,-0.1566,-0.1671,0.0,2.0,0.0,0.0,0.0,-0.5596,-0.2568460000000001,,,
0.10175,-0.9565,1.464,7.246,0.6323,0.1428,0.439,0.0,1.0,-0.97,-1.048,0.699,0.0,-0.166,-0.1964,5.836,5.7,-1.037,0.7974,-0.5619000000000001,5.74,-0.679,-0.1617,0.06433,6.625,6.51,0.0,0.0,6.664,0.0,7.547,0.03015,3.357,-2.318,-1.0,-1.0,-0.5,0.3025,-0.452,-0.3447,0.0,3.0,0.0,0.0,0.0,-0.2737,1.2556080000000005,,,
-0.0317,-0.2266,1.692,7.246,-0.758,0.0,0.439,0.0,1.0,-1.085,-1.145,0.783,0.0,-0.1656,0.587,5.836,5.7,-0.3303,0.8003,1.6061,5.74,-0.562,-0.679,-0.1617,6.625,6.555,0.0,0.0,6.664,0.0,7.547,0.005455,3.574,9.62,0.0,-0.5,-0.5,-0.3633,0.2035,0.02097,1.0,0.0,0.0,0.0,0.0,1.25,-0.7090040000000002,,,
-0.0767,-0.5273,1.545,7.246,2.348,-0.1428,0.439,0.0,1.0,-1.022,-1.072,0.74,0.0,-0.1652,0.3672,5.836,5.7,-0.6294,0.7915,-0.7816,5.49,1.606,-0.562,-0.679,6.625,6.594,0.0,0.0,6.664,0.0,7.547,-0.884,3.742,-5.035,-1.0,-1.0,-1.0,0.005894,-0.1368,-0.2727,0.0,1.0,0.0,0.0,0.0,-0.5767,0.4242492000000002,,,
-0.1373,-0.1013,1.643,7.246,-0.887,-0.2856,0.439,0.0,1.0,-1.071,-1.113,0.781,0.0,-0.1647,-0.5254,5.836,5.7,-0.1852,0.781,0.7551,4.43,-0.7812,1.606,-0.562,6.625,6.625,0.0,0.0,6.664,0.0,7.547,-0.719,3.742,3.34,0.0,-0.5,-1.0,-0.29,0.1598,-0.077,1.0,0.0,0.0,0.0,0.0,0.3918,0.4377731999999998,,,
-0.2542,0.2002,1.713,7.246,-14.766,-0.2856,0.439,1.0,1.0,-1.112,-1.136,0.8125,0.0,-0.1643,0.06195,5.06,5.7,0.1608,0.7734,0.5787,4.258,0.755,-0.7812,1.606,6.625,6.67,0.0,0.0,6.664,0.0,7.547,-0.272,3.742,2.57,1.0,0.0,-0.5,-0.458,0.383,0.127,2.0,0.0,0.0,0.0,0.0,0.2947,-0.195416,,,
-0.3042,0.1597,1.671,7.246,-0.02022,-0.2856,0.439,1.0,1.0,-1.098,-1.113,0.8057,0.0,-0.1638,-0.4531,3.969,5.7,0.1436,0.7686,-0.1210499999999999,3.71,0.5786,0.755,-0.7812,6.625,6.703,0.0,0.0,6.664,0.0,7.547,-0.2808,3.742,-0.3987,1.0,-0.5,-0.5,-0.359,0.2856,0.03525,0.0,1.0,0.0,0.0,0.0,-0.0449,-0.0403795999999999,,,
-0.32,0.0638,1.608,7.246,-0.292,-0.2856,0.439,1.0,1.0,-1.071,-1.082,0.7915,0.0,-0.1633,-0.551,2.982,5.7,0.0604,0.764,-0.2549,3.146,-0.1211,0.5786,0.755,6.625,6.703,0.0,0.0,6.664,0.0,7.547,-0.3745,3.742,-0.894,0.0,-0.5,-1.0,-0.2118,0.1475,-0.1436,0.0,2.0,0.0,0.0,0.0,-0.1011,-0.1829079999999999,,,
-0.2742,0.05838,1.575,7.246,0.0937,-0.2856,0.439,1.0,1.0,-1.053,-1.071,0.7876,0.0,-0.163,0.0923,2.365,5.58,0.0608,0.7603,-0.07064,3.105,-0.255,-0.1211,0.5786,6.625,6.703,0.0,0.0,6.664,0.0,7.547,-0.365,3.742,-0.2659,0.0,-1.0,-1.0,-0.2,0.04352,-0.1956,0.0,3.0,0.0,0.0,0.0,-0.03029,-0.5845352000000001,,,
-0.257,-0.2351,1.455,7.246,-2.111,-0.4285,0.439,0.0,1.0,-0.9946,-1.014,0.7524,0.0,-0.1625,-0.3381,2.05,4.535,-0.2167,0.7563,-0.6332,2.92,-0.0707,-0.255,-0.1211,6.625,6.703,0.0,0.0,6.664,0.0,7.547,-0.2786,3.705,-3.096,-1.0,-1.0,-1.0,0.1066,-0.2103,-0.512,0.0,4.0,0.0,0.0,0.0,-0.3535,0.0920499999999999,,,
-0.2556,-0.2002,1.44,7.246,-0.1095,-0.5713,0.439,0.0,1.0,-0.9873,-1.007,0.7544,0.0,-0.162,-0.06366,1.973,3.645,-0.1873,0.755,0.03385,2.453,-0.633,-0.0707,-0.255,6.625,6.703,0.0,0.0,6.664,0.0,7.547,-0.2751,3.707,0.1442,-1.0,-0.5,-1.0,0.07886,-0.2023,-0.469,1.0,0.0,0.0,0.0,0.0,0.0168,-0.3373339999999999,,,
-0.12164,-0.639,1.269,7.246,4.08,-0.5713,0.439,0.0,1.0,-0.89,-0.9287,0.7007,0.0,-0.1616,0.427,2.285,2.957,-0.5874,0.746,-0.9939,2.584,0.03372,-0.633,-0.0707,6.625,6.703,0.0,0.0,6.664,0.0,7.547,-0.484,3.729,-7.793,-1.0,-0.5,-1.0,0.536,-0.574,-1.008,0.0,1.0,0.0,1.0,-5.082,-0.9067,0.1355133599999999,,,
-0.127,-0.4214,1.309,7.246,-0.2837,-0.5713,0.439,0.0,1.0,-0.9116,-0.9497,0.721,0.0,-0.1611,-0.0867,2.594,2.406,-0.3772,0.7427,0.3902,2.516,-0.994,0.03372,-0.633,6.625,6.703,0.0,0.0,6.664,0.0,7.547,-0.3782,3.701,1.519,0.0,-0.5,-1.0,0.3464,-0.3538,-0.7104,1.0,0.0,0.0,0.0,0.0,0.1824,0.0405539999999999,,,
-0.0848,-0.2357,1.344,7.246,-0.4502,-0.5713,0.439,0.0,1.0,-0.926,-0.9717,0.7397,0.0,-0.1606,0.01353,2.762,2.033,-0.1862,0.74,0.3535999999999999,2.275,0.39,-0.994,0.03372,6.625,6.703,0.0,0.0,6.664,0.0,7.547,-0.229,3.639,1.392,1.0,0.0,-0.5,0.1643,-0.2012,-0.4492,2.0,0.0,0.0,0.0,0.0,0.1652,0.2405584,,,
-0.1982,-0.1095,1.37,7.246,-0.74,-0.5713,0.439,0.0,1.0,-0.9478,-0.9756,0.756,0.0,-0.1602,-0.503,2.73,1.893,-0.05817,0.7417,0.2961999999999999,1.978,0.3533,0.39,-0.994,6.625,6.703,0.0,0.0,6.664,0.0,7.547,0.05133,3.477,1.22,2.0,0.0,0.0,0.026,-0.0859,-0.1986,3.0,0.0,0.0,0.0,0.0,0.1432,-1.3015444000000005,,,
0.0261,-1.049,1.051,7.246,18.77,-0.5713,0.439,0.0,1.0,-0.76,-0.819,0.6484,0.0,-0.1598,1.142,2.574,1.912,-0.9893,0.7383,-1.9869,2.645,0.2961,0.3533,0.39,6.586,6.703,0.0,0.0,6.664,0.0,7.3,-0.3257,3.49,-9.51,1.0,-0.5,0.0,0.902,-0.941,-1.282,0.0,1.0,0.0,0.0,0.0,-1.337,-0.168072,,,
0.05417,-1.093,0.9937,7.246,0.1816,-0.5713,0.439,0.0,1.0,-0.7246,-0.7866,0.6333,0.0,-0.1593,0.9395,2.484,2.176,-0.9727,0.7207,-0.2924,3.252,-1.986,0.2961,0.3533,6.508,6.703,0.0,0.0,6.664,0.0,7.223,-0.892,3.742,-2.316,1.0,-0.5,-0.5,0.9253,-1.02,-1.229,0.0,2.0,0.0,1.0,-6.344,-0.287,-1.2719268,,,
0.2878,-1.994,0.665,7.246,1.086,-0.5713,0.439,0.0,1.0,-0.4985,-0.5923,0.5205,0.0,-0.1588,1.069,3.066,2.79,-1.769,0.6924,-2.2439,4.96,-0.2922,-1.986,0.2961,6.36,6.703,0.0,0.0,6.664,0.0,6.61,-1.094,3.732,-9.51,0.0,-0.5,-0.5,1.951,-1.91,-1.282,0.0,3.0,0.0,0.0,0.0,-2.69,0.080212,,,
0.293,-1.273,0.835,7.246,-0.269,-0.5713,0.439,0.0,1.0,-0.609,-0.7075,0.5864,0.0,-0.1584,-0.04672,3.88,3.432,-1.021,0.6763,1.4031,5.5,-2.244,-0.2922,-1.986,6.29,6.703,0.0,0.0,6.664,0.0,6.965,-0.935,3.742,9.53,0.0,0.0,-0.5,1.208,-1.067,-0.9727,1.0,0.0,0.0,0.0,0.0,1.282,0.6961639999999999,,,
0.2544,-0.578,0.9976,7.246,-0.4897,-0.7144,0.439,0.0,1.0,-0.711,-0.8057,0.65,0.0,-0.158,0.537,4.656,3.982,-0.325,0.665,1.3101,5.594,1.402,-2.244,-0.2922,6.242,6.703,0.0,0.0,6.64,0.0,7.31,-0.754,3.742,8.11,0.0,0.5,-0.5,0.6235,-0.3494,-0.536,2.0,0.0,0.0,0.0,0.0,1.045,-0.5473387999999999,,,
0.319,-0.6206,0.9375,7.246,0.2244,-0.857,0.439,0.0,1.0,-0.67,-0.7744,0.634,0.0,-0.1575,-0.1895,5.312,4.434,-0.3984,0.6562,-0.3227,5.74,1.309,1.402,-2.244,6.176,6.703,0.0,0.0,6.62,0.0,7.22,-0.781,3.742,-1.57,0.0,0.0,-0.5,0.727,-0.4456,-0.593,0.0,1.0,0.0,0.0,0.0,-0.1945,-0.3205800000000001,,,
0.3826,-0.7197,0.8604,7.246,0.3293,-1.0,0.439,0.0,1.0,-0.618,-0.7314,0.611,0.0,-0.1571,-0.02574,5.836,4.777,-0.5474,0.649,-0.4555,5.74,-0.3228,1.309,1.402,6.082,6.703,0.0,0.0,6.6,0.0,7.094,-0.804,3.742,-1.763,0.0,0.0,-0.5,0.8965,-0.572,-0.678,0.0,2.0,0.0,0.0,0.0,-0.2206,0.5409520000000001,,,
0.4062,-0.2593,0.953,7.246,-0.637,-1.143,0.439,0.0,1.0,-0.6724,-0.7915,0.65,0.0,-0.1566,1.102,5.836,5.023,-0.10016,0.6406,0.7851,5.74,-0.4553,-0.3228,1.309,6.082,6.703,0.0,0.0,6.57,0.0,7.305,-0.6035,3.691,4.14,1.0,0.0,0.0,0.5166,-0.1781,-0.4229,1.0,0.0,0.0,0.0,0.0,0.526,0.2100799999999999,,,
0.3674,0.4456,1.134,7.246,-4.098,-1.0,0.439,1.0,1.0,-0.7793,-0.895,0.721,0.0,-0.1561,0.4282,5.836,5.18,0.581,0.641,1.4121,5.74,0.7847,-0.4553,-0.3228,6.14,6.703,0.0,0.0,6.566,0.0,7.547,-0.2031,3.576,9.62,1.0,0.0,0.5,-0.001237,0.479,-0.006546,2.0,0.0,1.0,0.0,9.375,1.654,-0.2738240000000001,,,
0.3867,0.2788,1.06,7.246,-0.2048,-0.857,0.439,1.0,1.0,-0.736,-0.8535,0.6997,0.0,-0.1558,-0.1001,5.836,5.293,0.3848,0.64,-0.4049,5.74,1.411,0.7847,-0.4553,6.254,6.703,0.0,0.0,6.547,0.0,7.547,-0.2783,3.58,-3.125,0.0,-0.5,0.0,0.1631,0.2494,-0.1066,0.0,1.0,0.0,0.0,0.0,-0.3708,0.9875480000000002,,,
0.2854,0.9595,1.252,7.246,2.154,-0.7144,0.439,1.0,1.0,-0.849,-0.953,0.777,0.0,-0.1553,0.557,5.836,5.316,1.079,0.644,1.4721,5.6,-0.4048,1.411,0.7847,6.375,6.703,0.0,0.0,6.54,0.0,7.547,0.1536,3.455,8.98,1.0,0.0,0.5,-0.3418,0.858,0.3723,1.0,0.0,0.0,0.0,0.0,1.078,0.6193479999999997,,,
0.2632,1.252,1.336,7.246,0.4338,-0.5713,0.439,1.0,1.0,-0.894,-0.996,0.815,0.0,-0.1548,-0.3083,5.812,5.22,1.346,0.653,0.6940999999999999,5.66,1.471,-0.4048,1.411,6.48,6.703,0.0,0.0,6.543,0.0,7.547,0.2029,3.51,4.938,2.0,0.5,0.5,-0.5264,1.069,0.5938,2.0,0.0,1.0,0.0,6.105,0.567,-0.1081879999999999,,,
0.2393,1.129,1.296,7.246,0.03464,-0.4285,0.439,1.0,1.0,-0.8755,-0.9736,0.807,0.0,-0.1544,-0.4363,5.19,5.04,1.204,0.6597,-0.1394,5.74,0.694,1.471,-0.4048,6.59,6.703,0.0,0.0,6.547,0.0,7.547,0.12225,3.549,-0.8438,1.0,0.5,0.0,-0.398,0.919,0.533,0.0,1.0,0.0,0.0,0.0,-0.09485,-0.1339392000000001,,,
0.2244,1.196,1.31,7.246,0.1925,-0.2856,0.439,1.0,1.0,-0.884,-0.9795,0.819,0.0,-0.1539,-0.5615,4.258,4.8,1.267,0.6646,0.2150999999999999,5.74,-0.1395,0.694,1.471,6.625,6.703,0.0,0.0,6.555,0.0,7.547,0.11084,3.586,1.299,1.0,0.5,0.0,-0.4968,0.8335,0.576,1.0,0.0,0.0,0.0,0.0,0.1467,0.3378648,,,
0.0623,1.107,1.303,7.246,0.0591,-0.1428,0.439,1.0,1.0,-0.893,-0.962,0.823,0.0,-0.1534,-0.7695,3.033,4.504,1.242,0.6704,0.07206,5.74,0.2148,-0.1395,0.694,6.625,6.703,0.0,0.0,6.57,0.0,7.547,0.5757,3.264,0.2961,2.0,0.5,0.5,-0.464,0.7744,0.548,2.0,0.0,0.0,0.0,0.0,0.0332,-0.0348767999999999,,,
0.01,0.9805,1.286,7.246,0.01962,0.0,0.439,1.0,1.0,-0.889,-0.949,0.824,0.0,-0.1531,0.1667,2.127,4.137,1.104,0.685,0.0186199999999999,5.74,0.0719,0.2148,-0.1395,6.625,6.703,0.0,0.0,6.586,0.0,7.547,0.6543,3.209,0.094,2.0,1.0,1.0,-0.505,0.6016,0.5083,3.0,0.0,0.0,0.0,0.0,0.01052,-0.3282732,,,
-0.1313,0.8564,1.296,7.246,0.00848,0.1428,0.439,1.0,1.0,-0.9053,-0.943,0.8345,0.0,-0.1526,-0.252,2.568,3.867,0.965,0.709,0.1853,5.74,0.01852,0.0719,0.2148,6.625,6.703,0.0,0.0,6.613,0.0,7.547,1.418,2.69,0.6807,2.0,1.5,1.5,-0.564,0.5557,0.4973,4.0,0.0,0.0,0.0,0.0,0.0761,-0.4376640000000001,,,
-0.1656,0.3984,1.188,7.246,-0.3887,0.2856,0.439,1.0,1.0,-0.8516,-0.8813,0.8003,0.0,-0.1521,-0.3801,3.59,3.717,0.486,0.7266,-0.6049,5.74,0.185,0.01852,0.0719,6.625,6.703,0.0,0.0,6.633,0.0,7.547,1.015,2.896,-2.863,2.0,1.0,1.0,-0.293,0.2164,0.296,0.0,1.0,0.0,0.0,0.0,-0.3184,0.5484080000000001,,,
-0.2339,0.676,1.289,7.246,0.751,0.4285,0.439,1.0,1.0,-0.91,-0.9307,0.845,0.0,-0.1516,-0.3184,4.676,3.715,0.763,0.74,0.8140999999999999,5.74,-0.605,0.185,0.01852,6.625,6.703,0.0,0.0,6.656,0.0,7.547,0.965,3.04,3.072,2.0,1.0,1.0,-0.545,0.529,0.4675,1.0,0.0,0.0,0.0,0.0,0.3484,-0.1967679999999999,,,
-0.2898,0.4392,1.241,7.246,-0.2004,0.5713,0.439,1.0,1.0,-0.8896,-0.9004,0.834,0.0,-0.1512,-0.813,5.67,3.834,0.545,0.7524,-0.2012,5.74,0.8135,-0.605,0.185,6.625,6.703,0.0,0.0,6.664,0.0,7.547,1.005,2.982,-0.6953,1.0,1.0,1.0,-0.4185,0.3733,0.3804,0.0,1.0,0.0,0.0,0.0,-0.07684,-0.4943543999999999,,,
-0.2169,-0.03958,1.117,7.246,-0.8496,0.7144,0.439,1.0,1.0,-0.817,-0.8374,0.7935,0.0,-0.1508,0.3835,5.836,4.105,0.0921,0.7627,-0.7159,5.74,-0.2012,0.8135,-0.605,6.625,6.703,0.0,0.0,6.664,0.0,7.547,0.866,2.986,-3.36,0.0,0.5,1.0,-0.08704,0.03165,0.1628,0.0,2.0,0.0,0.0,0.0,-0.3738,-0.2995908,,,
-0.309,-0.2595,1.06,7.246,-5.5,0.7144,0.439,0.0,1.0,-0.7915,-0.796,0.778,0.0,-0.1503,-0.381,5.836,4.63,-0.1577,0.775,-0.2849,5.74,-0.7153,-0.2012,0.8135,6.625,6.703,0.0,0.0,6.664,0.0,7.547,0.619,3.125,-1.107,-1.0,0.0,0.5,-0.008415,-0.1584,0.06058,0.0,3.0,0.0,0.0,0.0,-0.1261,0.2938120000000001,,,
-0.3877,-0.0277,1.127,7.246,-1.257,0.7144,0.439,1.0,1.0,-0.836,-0.8286,0.8105,0.0,-0.1499,-0.4055,5.836,5.305,0.00991,0.7886,0.5961,5.74,-0.2847,-0.7153,-0.2012,6.625,6.703,0.0,0.0,6.664,0.0,7.547,0.4568,3.318,2.057,0.0,0.5,0.5,-0.2286,0.0918,0.1885,1.0,0.0,0.0,0.0,0.0,0.2361,-0.1205576,,,
-0.4255,-0.133,1.099,7.246,-1.967,0.5713,0.439,0.0,1.0,-0.8228,-0.809,0.806,0.0,-0.1494,-0.6826,5.836,5.7,-0.1337,0.801,-0.0791999999999999,5.492,0.596,-0.2847,-0.7153,6.625,6.703,0.0,0.0,6.664,0.0,7.547,0.5957,3.209,-0.2747,-1.0,0.0,0.5,-0.2377,-0.03854,0.1302,0.0,1.0,0.0,0.0,0.0,-0.03096,0.2377319999999999,,,
-0.5176,0.08215,1.154,7.246,-4.31,0.5713,0.439,1.0,1.0,-0.8613,-0.8335,0.835,0.0,-0.1489,-0.1481,5.836,5.7,0.0635,0.8066,0.5166999999999999,5.19,-0.0792,0.596,-0.2847,6.625,6.703,0.0,0.0,6.664,0.0,7.547,0.3455,3.455,1.781,0.0,0.0,0.5,-0.4258,0.1407,0.27,1.0,0.0,0.0,0.0,0.0,0.2012,-0.2204079999999999,,,
-0.5645,0.02849,1.124,7.246,-0.2174,0.5713,0.439,1.0,1.0,-0.848,-0.812,0.8296,0.0,-0.1486,-0.548,5.836,5.7,0.00799,0.8076,-0.0896,4.6,0.5166,-0.0792,0.596,6.625,6.703,0.0,0.0,6.664,0.0,7.547,0.03284,3.666,-0.314,0.0,-0.5,0.0,-0.3572,0.06192,0.2058,0.0,1.0,0.0,0.0,0.0,-0.0349,-0.2606406,,,
-0.517,-0.1608,1.051,7.246,-1.708,0.4285,0.439,0.0,1.0,-0.8037,-0.774,0.808,0.0,-0.1481,0.0004373,5.836,5.7,-0.1831,0.8086,-0.3829,3.432,-0.08966,0.5166,-0.0792,6.625,6.703,0.0,0.0,6.664,0.0,7.547,-0.086,3.7,-1.771,0.0,-1.0,0.0,-0.1681,-0.1195,0.004326,0.0,2.0,0.0,0.0,0.0,-0.1975,0.0772944,,,
-0.4905,-0.1181,1.045,7.246,-0.4407,0.2856,0.439,0.0,1.0,-0.798,-0.7725,0.8125,0.0,-0.1476,-0.1929,5.836,5.7,-0.1443,0.808,0.0795,2.352,-0.3828,-0.08966,0.5166,6.625,6.703,0.0,0.0,6.664,0.0,7.547,-0.149,3.742,0.3474,0.0,-0.5,0.0,-0.1863,-0.10016,-6.2e-06,1.0,0.0,0.0,0.0,0.0,0.0392,-1.0908160000000005,,,
-0.315,-0.7563,0.8276,7.246,18.69,0.1428,0.439,0.0,1.0,-0.6533,-0.6523,0.7334,0.0,-0.1472,0.4778,5.836,5.7,-0.7534,0.7993,-1.4189,2.244,0.07935,-0.3828,-0.08966,6.625,6.703,0.0,0.0,6.664,0.0,7.547,-0.6777,3.742,-9.51,0.0,-1.0,-0.5,0.4858,-0.6504,-1.057,0.0,1.0,0.0,0.0,0.0,-1.208,0.0773232,,,
-0.3713,-0.5083,0.873,7.246,-0.2598,0.0,0.439,0.0,1.0,-0.686,-0.677,0.757,0.0,-0.1467,-0.2617,4.76,5.7,-0.497,0.7935,0.4437,1.659,-1.418,0.07935,-0.3828,6.625,6.703,0.0,0.0,6.664,0.0,7.547,-0.503,3.742,1.447,0.0,-0.5,-0.5,0.2756,-0.4038,-0.953,1.0,0.0,0.0,0.0,0.0,0.1705,0.080064,,,
-0.3894,-0.419,0.87,7.246,-0.0898,-0.1428,0.439,0.0,1.0,-0.6855,-0.674,0.762,0.0,-0.1462,-0.391,3.773,5.7,-0.4163,0.789,0.09385,1.74,0.4434,-1.418,0.07935,6.625,6.703,0.0,0.0,6.664,0.0,7.547,-0.542,3.742,0.2944,1.0,0.0,-0.5,0.19,-0.3708,-0.83,2.0,0.0,0.0,0.0,0.0,0.0342,0.2912715999999999,,,
-0.435,-0.1755,0.9214,7.246,-0.6367,-0.2856,0.439,0.0,1.0,-0.7207,-0.702,0.789,0.0,-0.1459,-0.6743,2.932,5.68,-0.1737,0.788,0.4941,1.755,0.0937,0.4434,-1.418,6.625,6.703,0.0,0.0,6.664,0.0,7.547,-0.1667,3.71,1.732,2.0,0.5,0.0,-0.03888,-0.1674,-0.374,3.0,0.0,0.0,0.0,0.0,0.2007,0.4221136000000001,,,
-0.4934,0.1543,0.993,7.246,-3.607,-0.2856,0.4473,1.0,1.0,-0.768,-0.741,0.8247,0.0,-0.1454,-0.735,2.2,5.1,0.1528,0.7866,0.6515,1.781,0.4937,0.0937,0.4434,6.625,6.703,0.0,0.0,6.664,0.0,7.547,-0.2286,3.742,2.338,2.0,0.5,0.0,-0.267,0.11664,0.185,4.0,0.0,1.0,0.0,2.965,0.2668,-0.2616039999999999,,,
-0.4253,-0.06052,0.908,7.246,-0.841,-0.2856,0.4553,1.0,1.0,-0.712,-0.695,0.798,0.0,-0.1449,-0.1163,1.609,4.414,-0.06995,0.785,-0.4787,1.772,0.6514,0.4937,0.0937,6.625,6.703,0.0,0.0,6.664,0.0,7.547,-0.3186,3.742,-2.002,2.0,0.5,0.0,-0.061,-0.1248,-0.2263,0.0,1.0,0.0,0.0,0.0,-0.2239,0.8724703999999999,,,
-0.472,0.448,1.045,7.246,18.77,-0.2856,0.4634,1.0,1.0,-0.7964,-0.774,0.8604,0.0,-0.1444,-0.2517,1.144,3.604,0.454,0.7876,1.1271,1.955,-0.4788,0.6514,0.4937,6.625,6.703,0.0,0.0,6.664,0.0,7.547,0.2947,3.553,4.457,2.0,0.5,0.5,-0.446,0.3625,0.678,1.0,0.0,0.0,0.0,0.0,0.506,0.0737258,,,
-0.4907,0.493,1.056,7.246,0.224,-0.1428,0.4714,1.0,1.0,-0.8037,-0.779,0.8726,0.0,-0.144,-0.567,0.901,2.785,0.5186,0.792,0.211,2.201,1.127,-0.4788,0.6514,6.625,6.703,0.0,0.0,6.664,0.0,7.547,0.4624,3.46,0.66,2.0,1.0,1.0,-0.4978,0.376,0.7393,2.0,0.0,0.0,0.0,0.0,0.0724,0.1602228,,,
-0.516,0.5034,1.052,7.246,0.1528,-0.1428,0.4797,1.0,1.0,-0.8037,-0.7744,0.8784,0.0,-0.1436,-0.5215,0.863,2.15,0.538,0.796,0.10825,2.438,0.2109,1.127,-0.4788,6.625,6.703,0.0,0.0,6.664,0.0,7.547,0.338,3.566,0.3804,2.0,1.5,1.0,-0.4878,0.3662,0.7227,3.0,0.0,0.0,0.0,0.0,0.04144,0.1633663999999999,,,
-0.4136,-0.012985,0.8916,7.246,-0.8105,0.0,0.4878,1.0,1.0,-0.701,-0.685,0.821,0.0,-0.1431,0.0936,0.8535,1.629,0.01091,0.799,-0.9994,2.434,0.10815,0.2109,1.127,6.625,6.703,0.0,0.0,6.664,0.0,7.547,-0.01384,3.678,-4.55,1.0,1.0,1.0,-0.01498,-0.07214,-0.00984,0.0,1.0,0.0,0.0,0.0,-0.494,-0.0948007999999999,,,
-0.434,0.01805,0.881,7.246,0.6187,0.0,0.4958,1.0,1.0,-0.6963,-0.677,0.823,0.0,-0.1427,-0.3738,0.78,1.182,0.0317,0.799,0.0488,2.379,-0.999,0.10815,0.2109,6.625,6.703,0.0,0.0,6.664,0.0,7.547,-0.161,3.742,0.148,2.0,1.5,1.0,-0.029,-0.06247,0.0407,1.0,0.0,0.0,0.0,0.0,0.01657,-0.3630544,,,
-0.331,-0.1241,0.8203,7.246,-1.3955,-0.1428,0.504,0.0,1.0,-0.65,-0.6465,0.8057,0.0,-0.1422,0.6016,0.6636,0.8086,-0.1139,0.798,-0.3195,2.348,0.04868,-0.999,0.10815,6.625,6.703,0.0,0.0,6.664,0.0,7.547,-0.2318,3.742,-1.363,1.0,1.0,1.0,0.1049,-0.2084,-0.1696,0.0,1.0,0.0,0.0,0.0,-0.1526,-0.1660268,,,
-0.3018,-0.325,0.7437,7.246,5.152,-0.1428,0.512,0.0,1.0,-0.598,-0.5977,0.781,0.0,-0.1417,0.16,0.4978,0.503,-0.3147,0.796,-0.4464,2.38,-0.3193,0.04868,-0.999,6.625,6.703,0.0,0.0,6.664,0.0,7.547,-0.249,3.742,-1.512,0.0,0.5,1.0,0.3015,-0.3723,-0.4756,0.0,2.0,0.0,0.0,0.0,-0.1709,-0.319864,,,
-0.2412,-0.554,0.655,7.246,1.139,-0.1428,0.5205,0.0,1.0,-0.5337,-0.5415,0.75,0.0,-0.1414,0.1697,0.269,0.3528,-0.537,0.791,-0.5549000000000001,2.518,-0.4465,-0.3193,0.04868,6.625,6.703,0.0,0.0,6.664,0.0,7.547,-0.423,3.742,-2.416,-1.0,0.0,0.5,0.466,-0.6367,-0.812,0.0,3.0,0.0,0.0,0.0,-0.277,0.4296119999999999,,,
-0.3462,-0.3125,0.714,7.246,-0.4128,-0.1428,0.5283,0.0,1.0,-0.582,-0.5737,0.7812,0.0,-0.1409,-0.2664,0.2311,0.3289,-0.314,0.7964,0.5720999999999999,2.553,-0.5547,-0.4465,-0.3193,6.625,6.703,0.0,0.0,6.664,0.0,7.547,0.1907,3.438,1.815,0.0,0.0,1.0,0.2007,-0.345,-0.417,1.0,0.0,0.0,0.0,0.0,0.2118,0.1262856,,,
-0.3848,-0.126,0.7573,7.246,-0.7285,-0.1428,0.5366,0.0,1.0,-0.614,-0.6,0.8057,0.0,-0.1404,-0.553,0.2898,0.3262,-0.1288,0.8,0.4505,2.553,0.572,-0.5547,-0.4465,6.625,6.703,0.0,0.0,6.664,0.0,7.547,0.196,3.494,1.379,0.0,0.5,1.0,0.02359,-0.1229,-0.1207,2.0,0.0,0.0,0.0,0.0,0.158,0.0147368,,,
-0.3948,-0.2072,0.7256,7.246,2.074,-0.1428,0.545,0.0,1.0,-0.5938,-0.578,0.7993,0.0,-0.14,-0.592,0.353,0.2966,-0.2078,0.8022,-0.11916,2.51,0.4502,0.572,-0.5547,6.625,6.703,0.0,0.0,6.664,0.0,7.547,0.1254,3.527,-0.3357,0.0,0.0,0.5,0.05673,-0.1959,-0.1798,0.0,1.0,0.0,0.0,0.0,-0.03793,-0.084924,,,
-0.3489,-0.2812,0.6904,7.246,0.762,-0.1428,0.545,0.0,1.0,-0.567,-0.5576,0.791,0.0,-0.1395,0.0779,0.3984,0.2615,-0.2932,0.8037,-0.15,2.48,-0.1192,0.4502,0.572,6.625,6.703,0.0,0.0,6.664,0.0,7.547,-0.08234,3.656,-0.509,0.0,-0.5,0.0,0.09094,-0.2844,-0.2585,0.0,2.0,0.0,0.0,0.0,-0.0577,-0.2638436,,,
-0.293,-0.52,0.6,7.246,1.41,-0.2856,0.545,0.0,1.0,-0.5,-0.498,0.759,0.0,-0.139,0.05997,0.3262,0.1915,-0.532,0.7993,-0.5775,2.576,-0.1501,-0.1192,0.4502,6.625,6.703,0.0,0.0,6.664,0.0,7.547,-0.5103,3.742,-2.299,0.0,-1.0,-0.5,0.325,-0.5186,-0.604,0.0,3.0,0.0,0.0,0.0,-0.262,-0.7015720000000002,,,
-0.1702,-1.032,0.4326,7.246,1.379,-0.4285,0.545,0.0,1.0,-0.3677,-0.3816,0.694,0.0,-0.1387,0.8447,0.2018,0.10504,-1.033,0.7915,-1.2049,3.092,-0.5776,-0.1501,-0.1192,6.625,6.703,0.0,0.0,6.664,0.0,7.53,-0.687,3.742,-5.465,-1.0,-1.0,-0.5,0.8115,-1.018,-1.142,0.0,4.0,0.0,0.0,0.0,-0.6343,0.1378399999999999,,,
-0.1848,-0.8853,0.4336,7.246,-0.03134,-0.5713,0.545,0.0,1.0,-0.3694,-0.381,0.699,0.0,-0.1382,0.2659,0.55,0.254,-0.8555,0.776,0.1099,3.324,-1.205,-0.5776,-0.1501,6.625,6.703,0.0,0.0,6.664,0.0,7.547,-1.169,3.742,0.5225,-1.0,-1.0,-0.5,0.686,-0.896,-1.01,1.0,0.0,0.0,0.0,0.0,0.063,-0.157434,,,
-0.15,-0.4187,0.523,7.246,-0.4868,-0.7144,0.545,0.0,1.0,-0.4333,-0.453,0.743,0.0,-0.1377,0.3738,1.096,0.517,-0.3933,0.767,0.8331,3.375,0.10974,-1.205,-0.5776,6.625,6.703,0.0,0.0,6.664,0.0,7.547,-0.8823,3.742,3.303,0.0,-0.5,-0.5,0.3186,-0.4368,-0.5776,2.0,0.0,0.0,0.0,0.0,0.397,1.00636,,,
-0.1271,0.318,0.692,7.15,-2.201,-0.7144,0.545,1.0,1.0,-0.55,-0.5767,0.8213,0.0,-0.1372,0.4253,1.56,0.7725,0.339,0.7627,1.4621,3.367,0.8325,0.10974,-1.205,6.625,6.703,0.0,0.0,6.664,0.0,7.547,-0.3843,3.742,5.156,1.0,0.0,-0.5,-0.2583,0.2007,0.1393,3.0,0.0,0.0,0.0,0.0,0.604,-0.17664,,,
-0.175,0.2292,0.652,7.027,-0.10425,-0.7144,0.545,1.0,1.0,-0.527,-0.545,0.8105,0.0,-0.1368,-0.5493,1.921,1.008,0.271,0.76,-0.19,3.375,1.461,0.8325,0.10974,6.625,6.703,0.0,0.0,6.664,0.0,7.547,-0.1515,3.742,-0.6064,1.0,0.0,-0.5,-0.1454,0.0972,0.02708,0.0,1.0,0.0,0.0,0.0,-0.06793,0.177836,,,
-0.2003,0.3723,0.675,6.926,0.6255,-0.7144,0.545,1.0,1.0,-0.5444,-0.559,0.827,0.0,-0.1364,-0.5293,2.178,1.208,0.4253,0.759,0.2915999999999999,3.38,-0.19,1.461,0.8325,6.625,6.703,0.0,0.0,6.664,0.0,7.547,-0.0752,3.738,0.722,2.0,0.0,-0.5,-0.24,0.1904,0.1799,1.0,0.0,0.0,0.0,0.0,0.08136,0.0236547999999999,,,
-0.29,0.3635,0.6616,6.85,0.11285,-0.5713,0.545,1.0,1.0,-0.5425,-0.542,0.8276,0.0,-0.1359,-0.5386,2.357,1.38,0.4382,0.758,0.0116499999999999,3.422,0.2913,-0.19,1.461,6.625,6.703,0.0,0.0,6.664,0.0,7.547,0.03256,3.662,0.03082,2.0,0.0,0.0,-0.2363,0.1394,0.1692,2.0,0.0,0.0,0.0,0.0,0.003443,-0.4570608,,,
-0.2031,-0.05252,0.5405,6.754,-0.866,-0.4285,0.545,1.0,1.0,-0.4502,-0.4614,0.7812,0.0,-0.1355,0.556,2.49,1.534,0.03354,0.757,-0.8266,3.25,0.01155,0.2913,-0.19,6.625,6.703,0.0,0.0,6.664,0.0,7.547,-0.0924,3.64,-3.02,1.0,0.0,0.0,0.1389,-0.2195,-0.2358,0.0,1.0,0.0,0.0,0.0,-0.337,0.3575356,,,
-0.2776,0.1764,0.596,6.742,8.625,-0.2856,0.545,1.0,1.0,-0.4958,-0.4963,0.811,0.0,-0.135,-0.403,2.549,1.618,0.2634,0.7607,0.5481,2.973,-0.8267,0.01155,0.2913,6.625,6.703,0.0,0.0,6.664,0.0,7.547,0.2366,3.477,1.548,1.0,0.5,0.5,-0.08527,0.01109,0.10443,1.0,0.0,0.0,0.0,0.0,0.1774,0.0158230399999999,,,
-0.2556,0.188,0.5913,6.695,0.1819,-0.1428,0.545,1.0,1.0,-0.4907,-0.4946,0.815,0.0,-0.1345,0.02496,2.492,1.657,0.2808,0.7627,0.0677,2.605,0.5474,-0.8267,0.01155,6.625,6.703,0.0,0.0,6.664,0.0,7.547,0.10284,3.582,0.2075,2.0,1.0,0.5,-0.11633,0.002682,0.2115,2.0,0.0,0.0,0.0,0.0,0.02338,0.124628,,,
-0.2202,0.4424,0.6494,6.652,1.143,0.0,0.545,1.0,1.0,-0.5283,-0.5396,0.8467,0.0,-0.1342,0.1694,2.299,1.638,0.517,0.7676,0.5655,2.727,0.06757,0.5474,-0.8267,6.625,6.703,0.0,0.0,6.664,0.0,7.547,0.1387,3.63,2.764,2.0,1.5,0.5,-0.2988,0.2377,0.5435,3.0,0.0,0.0,0.0,0.0,0.3108,0.2847479999999999,,,
-0.1705,0.6333,0.697,6.656,0.523,0.1428,0.545,1.0,1.0,-0.5566,-0.5767,0.8735,0.0,-0.1337,-0.0126,1.991,1.575,0.6587,0.778,0.4754,3.014,0.565,0.06757,0.5474,6.625,6.703,0.0,0.0,6.664,0.0,7.547,0.31,3.574,2.828,2.0,1.5,1.0,-0.4314,0.4067,0.748,4.0,0.0,0.0,0.0,0.0,0.3125,-0.0966747999999999,,,
-0.2025,0.5947,0.686,6.676,0.0757,0.2856,0.545,1.0,1.0,-0.5522,-0.5664,0.8755,0.0,-0.1332,-0.3645,1.59,1.515,0.6416,0.7817,0.03388,3.312,0.4753,0.565,0.06757,6.625,6.703,0.0,0.0,6.664,0.0,7.547,0.3733,3.533,0.11145,3.0,1.5,1.5,-0.422,0.3396,0.667,5.0,0.0,0.0,0.0,0.0,0.01213,0.0471799999999999,,,
-0.2408,0.582,0.689,6.758,0.1131,0.4285,0.545,1.0,1.0,-0.557,-0.5654,0.8833,0.0,-0.1328,-0.4329,1.348,1.4795,0.638,0.7896,0.1351,3.61,0.03378,0.4753,0.565,6.625,6.703,0.0,0.0,6.664,0.0,7.547,0.637,3.363,0.4333,3.0,1.5,2.0,-0.4788,0.2908,0.6357,5.92,0.0,0.0,0.0,0.0,0.04712,0.024788,,,
-0.3252,0.4075,0.6597,6.92,-0.1477,0.5713,0.545,1.0,1.0,-0.544,-0.5376,0.877,0.0,-0.1323,-0.4783,1.576,1.538,0.4812,0.8003,-0.1096999999999999,3.717,0.1349,0.03378,0.4753,6.625,6.703,0.0,0.0,6.664,0.0,7.547,1.188,2.955,-0.2788,2.0,1.5,2.0,-0.3901,0.1976,0.506,0.0,1.0,0.0,0.0,0.0,-0.0302,0.040924,,,
-0.402,0.334,0.656,7.09,-0.02744,0.7144,0.545,1.0,1.0,-0.5474,-0.529,0.882,0.0,-0.1318,-0.804,2.389,1.738,0.3694,0.818,0.08555,3.893,-0.10974,0.1349,0.03378,6.625,6.703,0.0,0.0,6.664,0.0,7.547,1.187,2.969,0.1941,2.0,1.5,2.0,-0.4194,0.1555,0.4805,1.0,0.0,0.0,0.0,0.0,0.02109,-0.131216,,,
-0.4663,0.1788,0.622,7.176,-0.2659,0.857,0.545,1.0,1.0,-0.5293,-0.4998,0.8735,0.0,-0.1315,-0.613,3.217,2.043,0.1947,0.8193,-0.1457,4.027,0.0854,-0.10974,0.1349,6.625,6.703,0.0,0.0,6.664,0.0,7.547,0.938,3.125,-0.348,1.0,1.0,1.5,-0.3865,-0.00977,0.367,0.0,1.0,0.0,0.0,0.0,-0.0377,-0.6596320000000001,,,
-0.4011,-0.263,0.4941,7.074,-1.681,0.7144,0.545,0.0,1.0,-0.4321,-0.4102,0.8223,0.0,-0.131,0.995,3.793,2.326,-0.2646,0.8193,-0.8876000000000001,4.02,-0.1456,0.0854,-0.10974,6.625,6.703,0.0,0.0,6.664,0.0,7.547,-0.08765,3.734,-3.354,0.0,1.0,1.0,0.03165,-0.3762,-0.06012,0.0,2.0,0.0,0.0,0.0,-0.365,-0.42865736,,,
-0.2861,-0.6074,0.3875,6.926,2.162,0.5713,0.545,0.0,1.0,-0.3418,-0.336,0.78,0.0,-0.1305,0.539,4.05,2.516,-0.586,0.8193,-0.7504,4.043,-0.887,-0.1456,0.0854,6.625,6.703,0.0,0.0,6.664,0.0,7.547,-0.3337,3.742,-4.15,-1.0,0.5,1.0,0.3545,-0.666,-0.3982,0.0,3.0,0.0,0.0,0.0,-0.4644,-0.5447864,,,
-0.113,-1.167,0.214,6.645,1.27,0.4285,0.545,0.0,1.0,-0.1862,-0.2041,0.707,0.0,-0.13,0.1002,3.957,2.572,-1.073,0.811,-1.3279,4.34,-0.7505,-0.887,-0.1456,6.625,6.703,0.0,0.0,6.664,0.0,7.547,-0.8706,3.742,-9.51,-1.0,0.0,0.5,0.954,-1.147,-0.9175,0.0,4.0,0.0,1.0,-6.76,-1.106,0.0839528,,,
-0.1351,-1.025,0.2219,6.38,-0.005924,0.2856,0.545,0.0,1.0,-0.1948,-0.2092,0.716,0.0,-0.1296,-0.6714,3.709,2.598,-0.913,0.8003,0.1684,4.168,-1.328,-0.7505,-0.887,6.625,6.703,0.0,0.0,6.664,0.0,7.547,-0.8003,3.742,0.7964,-1.0,0.0,0.5,0.7617,-1.019,-0.8853,1.0,0.0,0.0,0.0,0.0,0.0953,-0.2527295999999999,,,
-0.2515,-0.798,0.2612,6.21,-0.12396,0.1428,0.5527,0.0,1.0,-0.2372,-0.2338,0.7393,0.0,-0.1292,-0.3462,3.361,2.596,-0.658,0.794,0.4407999999999999,3.893,0.1682,-1.328,-0.7505,6.625,6.703,0.0,0.0,6.664,0.0,7.547,-0.3777,3.742,2.477,0.0,0.0,1.0,0.5015,-0.7573,-0.754,2.0,0.0,0.0,0.0,0.0,0.2947,-0.3678279999999999,,,
-0.1711,-1.062,0.1674,5.95,0.5264,0.0,0.5527,0.0,1.0,-0.1505,-0.1576,0.7017,0.0,-0.1287,0.0422,3.05,2.553,-0.918,0.786,-0.7019,4.168,0.4407,0.1682,-1.328,6.625,6.703,0.0,0.0,6.664,0.0,7.547,-0.82,3.742,-3.152,0.0,-0.5,0.5,0.783,-0.981,-0.9976,0.0,1.0,0.0,0.0,0.0,-0.37,-0.364752,,,
-0.1522,-1.147,0.1158,5.656,0.2272,-0.1428,0.5527,0.0,1.0,-0.103,-0.1118,0.683,0.0,-0.1283,0.1608,2.787,2.486,-1.029,0.78,-0.3551,4.707,-0.7017,0.4407,0.1682,6.625,6.703,0.0,0.0,6.664,0.0,7.465,-0.93,3.742,-1.286,0.0,-1.0,0.0,0.852,-1.075,-0.991,0.0,2.0,0.0,0.0,0.0,-0.1544,0.2246372,,,
-0.1783,-0.855,0.157,5.348,-0.16,-0.2856,0.5527,0.0,1.0,-0.142,-0.1476,0.707,0.0,-0.1278,0.2186,2.78,2.44,-0.7183,0.7676,0.4596,4.996,-0.355,-0.7017,0.4407,6.562,6.703,0.0,0.0,6.664,0.0,7.547,-1.0,3.742,2.193,1.0,-0.5,0.0,0.579,-0.7944,-0.75,1.0,0.0,0.0,0.0,0.0,0.2664,0.0477839999999999,,,
-0.12,-0.97,0.0901,4.965,0.2927,-0.4285,0.5527,0.0,1.0,-0.0771,-0.0904,0.681,0.0,-0.1273,0.8833,3.363,2.533,-0.7754,0.747,-0.4949,5.37,0.4592,-0.355,-0.7017,6.496,6.703,0.0,0.0,6.664,0.0,7.453,-1.349,3.742,-3.645,0.0,-1.0,-0.5,0.7593,-0.9297,-0.828,0.0,1.0,0.0,0.0,0.0,-0.436,0.6851720000000001,,,
-0.1398,-0.386,0.2009,4.66,-0.569,-0.5713,0.5527,0.0,1.0,-0.1772,-0.1903,0.737,0.0,-0.127,-0.1156,4.047,2.701,-0.203,0.7393,1.0791,5.418,-0.4949,0.4592,-0.355,6.516,6.703,0.0,0.0,6.664,0.0,7.547,-0.8726,3.742,4.395,0.0,-0.5,-0.5,0.2979,-0.3523,-0.4446,1.0,0.0,0.0,0.0,0.0,0.534,0.1754576,,,
-0.1425,-0.2988,0.1898,4.35,-0.1724,-0.7144,0.5527,0.0,1.0,-0.1677,-0.1802,0.736,0.0,-0.1265,-0.4026,4.754,2.928,-0.1447,0.732,-0.01206,5.496,1.078,-0.4949,0.4592,6.53,6.703,0.0,0.0,6.664,0.0,7.547,-0.9355,3.742,-0.04224,0.0,-0.5,-1.0,0.2776,-0.3418,-0.4307,0.0,1.0,0.0,0.0,0.0,-0.004967,0.2274836000000001,,,
-0.1567,-0.05756,0.2188,4.08,-1.052,-0.7144,0.5527,1.0,1.0,-0.1938,-0.2047,0.754,0.0,-0.126,-0.4114,5.348,3.2,0.0574,0.7275,0.3361,5.504,-0.01216,1.078,-0.4949,6.54,6.703,0.0,0.0,6.664,0.0,7.547,-0.776,3.742,1.235,1.0,0.0,-0.5,0.136,-0.1692,-0.3018,1.0,0.0,0.0,0.0,0.0,0.1453,-0.107202,,,
-0.1368,-0.0105,0.1998,3.793,2.25,-0.7144,0.5527,1.0,1.0,-0.176,-0.1896,0.7495,0.0,-0.1256,-0.567,5.684,3.494,0.05756,0.723,-0.07937,5.508,0.3357,-0.01216,1.078,6.57,6.703,0.0,0.0,6.664,0.0,7.547,-0.828,3.742,-0.1736,0.0,0.0,-1.0,0.1604,-0.2021,-0.3079,0.0,1.0,0.0,0.0,0.0,-0.0202,0.6404520000000001,,,
-0.1238,0.519,0.3027,3.594,8.125,-0.7144,0.5527,1.0,1.0,-0.2612,-0.2798,0.8027,0.0,-0.1251,0.01614,5.64,3.775,0.545,0.722,0.9801,5.4,-0.0794,0.3357,-0.01216,6.625,6.703,0.0,0.0,6.664,0.0,7.547,-0.448,3.742,4.54,1.0,0.0,-0.5,-0.2291,0.2024,0.0341,1.0,0.0,0.0,0.0,0.0,0.53,-0.0857011999999999,,,
-0.2407,0.477,0.2783,3.463,0.05896,-0.5713,0.5527,1.0,1.0,-0.2507,-0.2494,0.796,0.0,-0.12463,-0.505,5.316,4.055,0.5117,0.7197,-0.1169999999999999,5.14,0.9795,-0.0794,0.3357,6.625,6.703,0.0,0.0,6.664,0.0,7.547,-0.2397,3.742,-0.307,0.0,-0.5,-0.5,-0.1854,0.08746,0.02345,0.0,1.0,0.0,0.0,0.0,-0.03473,0.0025438,,,
-0.3013,0.365,0.2424,3.379,-0.0814,-0.4285,0.5527,1.0,1.0,-0.2255,-0.2134,0.784,0.0,-0.1242,-0.3394,4.797,4.31,0.4236,0.7173,-0.2162,4.83,-0.11707,0.9795,-0.0794,6.625,6.703,0.0,0.0,6.664,0.0,7.547,-0.07025,3.63,-0.683,0.0,-0.5,-0.5,-0.1322,-0.0862,-0.01996,0.0,2.0,0.0,0.0,0.0,-0.07764,-0.1191575999999999,,,
-0.389,0.1295,0.1865,3.379,-0.4302,-0.2856,0.5527,1.0,1.0,-0.1847,-0.1569,0.762,0.0,-0.1238,-0.4033,4.31,4.465,0.1849,0.7217,-0.3952,4.395,-0.2162,-0.11707,0.9795,6.625,6.703,0.0,0.0,6.664,0.0,7.547,0.2925,3.32,-1.39,-1.0,-0.5,-0.5,0.05032,-0.2522,-0.1301,0.0,3.0,0.0,0.0,0.0,-0.1589,0.1962496,,,
-0.383,0.2078,0.2046,3.387,0.5303,-0.1428,0.5527,1.0,1.0,-0.1998,-0.1735,0.7754,0.0,-0.1233,-0.628,3.762,4.52,0.2644,0.7256,0.2374,3.934,-0.395,-0.2162,-0.11707,6.625,6.703,0.0,0.0,6.664,0.0,7.547,0.3154,3.336,0.677,0.0,-0.5,-0.5,-0.05707,-0.1603,0.01758,1.0,0.0,0.0,0.0,0.0,0.07837,0.1278744,,,
-0.3923,0.3352,0.2332,3.383,0.605,0.0,0.5527,1.0,1.0,-0.2249,-0.1978,0.793,0.0,-0.12286,-0.3352,3.107,4.395,0.3977,0.729,0.3285,3.367,0.2372,-0.395,-0.2162,6.625,6.703,0.0,0.0,6.664,0.0,7.547,0.285,3.4,0.887,0.0,0.0,-0.5,-0.1985,-0.05078,0.2493,2.0,0.0,0.0,0.0,0.0,0.102,0.068452,,,
-0.435,0.3467,0.2418,3.451,0.1624,0.1428,0.5527,1.0,1.0,-0.2356,-0.2019,0.802,0.0,-0.12244,-0.2395,2.396,4.062,0.4155,0.7354,0.1555,2.814,0.3281,0.2372,-0.395,6.625,6.703,0.0,0.0,6.664,0.0,7.547,0.683,3.137,0.4868,1.0,0.0,0.0,-0.2512,-0.01547,0.4429,3.0,0.0,0.0,0.0,0.0,0.05542,-0.2811539999999999,,,
-0.4023,-0.05048,0.1526,3.496,-0.8584,0.2856,0.5527,1.0,1.0,-0.156,-0.1251,0.7637,0.0,-0.12195,0.01431,1.597,3.576,0.02925,0.74,-0.6864,2.557,0.1554,0.3281,0.2372,6.625,6.703,0.0,0.0,6.664,0.0,7.547,0.4907,3.182,-2.898,1.0,0.0,0.0,0.05826,-0.3127,0.06744,0.0,1.0,0.0,0.0,0.0,-0.3281,0.365264,,,
-0.4575,0.0694,0.1832,3.53,4.285,0.4285,0.5527,1.0,1.0,-0.1873,-0.1482,0.782,0.0,-0.1215,-0.3743,1.045,3.008,0.1293,0.7476,0.3450999999999999,2.564,-0.6865,0.1554,0.3281,6.625,6.703,0.0,0.0,6.664,0.0,7.547,0.4634,3.246,1.303,2.0,0.0,0.0,-0.0917,-0.1697,0.289,1.0,0.0,0.0,0.0,0.0,0.1509,0.205238,,,
-0.495,0.2026,0.2249,3.643,1.078,0.5713,0.5527,1.0,1.0,-0.2261,-0.182,0.806,0.0,-0.12103,-0.01591,1.484,2.596,0.1919,0.764,0.4361,2.623,0.3447,-0.6865,0.1554,6.625,6.703,0.0,0.0,6.664,0.0,7.547,0.8394,3.035,2.215,2.0,0.5,0.5,-0.284,-0.02956,0.504,2.0,0.0,1.0,0.0,2.95,0.2537,0.373206,,,
-0.512,0.437,0.2869,3.72,1.015,0.7144,0.5527,1.0,1.0,-0.2795,-0.2343,0.8403,0.0,-0.1206,-0.1686,2.182,2.332,0.3918,0.775,0.6081,2.89,0.4358,0.3447,-0.6865,6.625,6.703,0.0,0.0,6.664,0.0,7.547,0.7383,3.188,2.94,2.0,0.5,0.5,-0.4658,0.2236,0.7554,3.0,0.0,0.0,0.0,0.0,0.332,0.081778,,,
-0.492,0.4436,0.2969,3.81,0.1471,0.857,0.5527,1.0,1.0,-0.286,-0.2443,0.849,0.0,-0.1202,-0.131,2.877,2.209,0.3943,0.783,0.1606,3.213,0.6074,0.4358,0.3447,6.625,6.703,0.0,0.0,6.664,0.0,7.547,0.789,3.174,0.751,2.0,1.0,1.0,-0.4934,0.2343,0.7173,4.0,0.0,0.0,0.0,0.0,0.08325,0.09682,,,
-0.4746,0.4976,0.3171,3.896,0.243,0.857,0.5527,1.0,1.0,-0.301,-0.2627,0.8633,0.0,-0.1197,-0.1367,3.475,2.254,0.4585,0.79,0.2488999999999999,3.398,0.1605,0.6074,0.4358,6.625,6.703,0.0,0.0,6.664,0.0,7.547,0.7715,3.22,0.8843,3.0,1.5,1.0,-0.536,0.296,0.7363,5.0,0.0,0.0,0.0,0.0,0.09753,0.3759736000000001,,,
-0.4255,0.726,0.3848,4.04,0.555,0.857,0.5527,1.0,1.0,-0.351,-0.3225,0.887,1.0,-0.171,0.2764,4.02,2.473,0.6978,0.7866,0.6481,3.63,0.2487,0.1605,0.6074,6.625,6.703,0.0,0.0,6.664,0.0,7.547,0.972,3.166,3.219,3.0,1.5,1.5,-0.745,0.4841,0.9243,5.92,0.0,0.0,0.0,0.0,0.3523,-0.5190159999999998,,,
-0.3965,0.3147,0.287,4.047,-0.411,0.857,0.5527,1.0,1.0,-0.2703,-0.2439,0.8447,0.0,-0.1705,-0.2133,4.48,2.838,0.26,0.794,-0.7304,3.562,0.6475,0.2487,0.1605,6.625,6.703,0.0,0.0,6.664,0.0,7.547,0.3093,3.537,-4.758,2.0,1.5,1.0,-0.3645,0.1493,0.4849,0.0,1.0,0.0,0.0,0.0,-0.5107,-0.7580151999999998,,,
-0.2372,-0.2812,0.1373,3.967,-1.475,0.7144,0.5527,0.0,1.0,-0.1293,-0.12476,0.7764,0.0,-0.1702,-0.3154,4.65,3.162,-0.315,0.792,-1.1969,3.002,-0.73,0.6475,0.2487,6.625,6.703,0.0,0.0,6.664,0.0,7.547,-0.1354,3.69,-6.18,1.0,1.0,1.0,0.2043,-0.3374,-0.1968,0.0,2.0,0.0,1.0,-5.223,-0.6787,-0.2540284,,,
-0.2161,-0.3215,0.12067,3.9,0.3486,0.5713,0.5527,0.0,1.0,-0.11255,-0.1111,0.772,0.0,-0.1697,-0.11975,4.582,3.416,-0.355,0.792,-0.0825,2.828,-1.196,-0.73,0.6475,6.625,6.703,0.0,0.0,6.664,0.0,7.547,-0.0905,3.646,-0.269,0.0,0.5,1.0,0.2076,-0.3733,-0.2776,0.0,3.0,0.0,0.0,0.0,-0.03069,0.6117584000000003,,,
-0.2264,-0.02676,0.1917,3.924,-1.178,0.5713,0.5527,1.0,1.0,-0.1761,-0.1749,0.8096,0.0,-0.1692,-0.3008,4.43,3.61,-0.0491,0.7944,0.6910999999999999,2.63,-0.0826,-1.196,-0.73,6.625,6.703,0.0,0.0,6.664,0.0,7.547,0.2617,3.486,2.463,0.0,1.0,1.5,-0.0604,-0.04633,0.10565,1.0,0.0,0.0,0.0,0.0,0.2815,-0.1073890399999999,,,
-0.2205,0.26,0.2644,3.982,5.75,0.5713,0.5527,1.0,1.0,-0.2374,-0.2391,0.8486,0.0,-0.1688,-0.2668,4.2,3.758,0.2532,0.7983,0.6974,2.646,0.6904,-0.0826,-1.196,6.625,6.703,0.0,0.0,6.664,0.0,7.547,0.3826,3.494,2.248,0.0,1.0,1.5,-0.3025,0.243,0.4976,2.0,0.0,0.0,0.0,0.0,0.2517,0.1051948,,,
-0.2255,0.3013,0.278,4.03,0.2625,0.5713,0.5527,1.0,1.0,-0.2493,-0.2505,0.859,0.0,-0.1683,-0.3376,3.848,3.838,0.3152,0.802,0.1837,2.629,0.697,0.6904,-0.0826,6.625,6.703,0.0,0.0,6.664,0.0,7.547,0.35,3.543,0.4016,1.0,1.0,1.5,-0.3374,0.2805,0.5522,3.0,0.0,0.0,0.0,0.0,0.044,-0.0524487999999999,,,
-0.2264,0.3423,0.2915,4.08,0.2473,0.5713,0.5527,1.0,1.0,-0.2605,-0.2617,0.8696,0.0,-0.1678,-0.1963,3.447,3.873,0.3699,0.8057,0.1848999999999999,2.834,0.1835,0.697,0.6904,6.625,6.703,0.0,0.0,6.664,0.0,7.547,0.3594,3.56,0.5723,2.0,1.0,1.5,-0.3943,0.287,0.585,4.0,0.0,0.0,0.0,0.0,0.06232,-1.5140640000000003,,,
0.0082,-0.761,0.02263,4.004,-2.65,0.4285,0.5527,0.0,1.0,-0.00392,-0.03607,0.7427,0.0,-0.1674,0.8857,2.863,3.795,-0.7188,0.8047,-2.2069,3.004,0.1847,0.1835,0.697,6.625,6.703,0.0,0.0,6.664,0.0,7.547,-0.134,3.607,-9.51,2.0,0.5,1.5,0.6685,-0.602,-0.768,0.0,1.0,0.0,0.0,0.0,-1.825,-0.8217268000000001,,,
0.1433,-1.231,-0.1058,3.814,0.872,0.2856,0.5527,0.0,1.0,0.1335,0.08344,0.6826,0.0,-0.167,0.6333,2.082,3.564,-1.175,0.7974,-1.1119,3.59,-2.207,0.1847,0.1835,6.625,6.703,0.0,0.0,6.664,0.0,7.52,-0.46,3.697,-6.59,1.0,0.0,1.0,1.137,-1.004,-1.177,0.0,2.0,0.0,0.0,0.0,-0.7666,0.025636,,,
0.05676,-1.118,-0.09906,3.6,0.02829,0.1428,0.5527,0.0,1.0,0.1198,0.08356,0.689,0.0,-0.1665,-0.516,1.489,3.262,-1.061,0.7896,0.1148,3.969,-1.111,-2.207,0.1847,6.625,6.703,0.0,0.0,6.664,0.0,7.547,-0.551,3.742,0.448,1.0,0.0,1.0,0.9727,-0.8867,-1.014,1.0,0.0,0.0,0.0,0.0,0.05402,0.1794127999999999,,,
0.01979,-0.994,-0.09406,3.338,0.005512,0.0,0.5527,0.0,1.0,0.11176,0.0813,0.694,0.0,-0.166,-0.2568,1.106,2.9,-0.9404,0.7803,0.09947,4.3,0.1146,-1.111,-2.207,6.625,6.703,0.0,0.0,6.664,0.0,7.547,-0.7095,3.742,0.3435,1.0,0.5,1.0,0.8516,-0.7656,-0.8857,2.0,0.0,0.0,0.0,0.0,0.04123,-0.369484,,,
0.124,-1.33,-0.203,2.992,0.527,-0.1428,0.5527,0.0,1.0,0.2345,0.1907,0.643,0.0,-0.1656,0.2462,1.274,2.51,-1.255,0.7646,-0.9735,5.004,0.09937,0.1146,-1.111,6.625,6.703,0.0,0.0,6.664,0.0,7.3,-0.913,3.742,-4.99,0.0,0.5,0.5,1.249,-1.09,-1.086,0.0,1.0,0.0,0.0,0.0,-0.597,0.3849799999999999,,,
0.08765,-0.898,-0.1326,2.676,-0.2365,-0.2856,0.5527,0.0,1.0,0.1569,0.1166,0.68,0.0,-0.1652,-0.05405,1.804,2.19,-0.8423,0.7544,0.7335,5.324,-0.973,0.09937,0.1146,6.594,6.703,0.0,0.0,6.664,0.0,7.504,-0.784,3.742,2.797,1.0,1.0,0.5,0.8403,-0.668,-0.761,1.0,0.0,0.0,0.0,0.0,0.3452,0.2535916,,,
0.03235,-0.94,-0.1788,2.273,0.1885,-0.4285,0.5527,0.0,1.0,0.2012,0.1715,0.66,0.0,-0.1647,-0.465,2.635,2.04,-0.8936,0.7393,-0.3871,5.695,0.733,-0.973,0.09937,6.46,6.703,0.0,0.0,6.664,0.0,7.395,-1.046,3.742,-1.522,1.0,0.5,0.0,0.925,-0.7954,-0.816,0.0,1.0,0.0,0.0,0.0,-0.1837,0.1991307999999999,,,
-0.01724,-0.6777,-0.1486,1.961,-0.1934,-0.5713,0.5527,0.0,1.0,0.1652,0.1425,0.6777,0.0,-0.1643,-0.464,3.525,2.17,-0.6147,0.7256,0.3439,5.74,-0.387,0.733,-0.973,6.418,6.703,0.0,0.0,6.664,0.0,7.49,-0.829,3.742,1.041,1.0,0.5,0.5,0.662,-0.626,-0.6606,1.0,0.0,0.0,0.0,0.0,0.1272,-0.2576292,,,
-0.1064,-0.7983,-0.1976,1.721,0.3496,-0.5713,0.5527,0.0,1.0,0.2102,0.2037,0.6562,0.0,-0.1638,-0.317,4.297,2.545,-0.742,0.718,-0.4152,5.74,0.3438,-0.387,0.733,6.402,6.703,0.0,0.0,6.664,0.0,7.37,-0.679,3.742,-1.39,0.0,0.0,0.5,0.806,-0.735,-0.717,0.0,1.0,0.0,0.0,0.0,-0.1681,0.2540840000000001,,,
-0.1278,-0.584,-0.1698,1.509,-0.1858,-0.5713,0.5527,0.0,1.0,0.1787,0.1747,0.673,0.0,-0.1633,-0.1306,4.938,2.982,-0.542,0.7124,0.3246,5.74,-0.415,0.3438,-0.387,6.39,6.703,0.0,0.0,6.664,0.0,7.46,-0.564,3.742,0.931,1.0,0.0,1.0,0.5894,-0.5527,-0.5767,1.0,0.0,0.0,0.0,0.0,0.114,-0.0552188,,,
-0.1123,-0.5786,-0.1947,1.227,0.1222,-0.7144,0.5527,0.0,1.0,0.2065,0.2009,0.663,0.0,-0.163,-0.01317,5.508,3.469,-0.5464,0.703,-0.1856,5.74,0.3242,-0.415,0.3438,6.37,6.703,0.0,0.0,6.664,0.0,7.41,-0.8335,3.742,-0.751,0.0,0.0,0.5,0.596,-0.617,-0.5796,0.0,1.0,0.0,0.0,0.0,-0.09106,0.2423159999999999,,,
-0.1625,-0.297,-0.1625,0.912,-0.472,-0.857,0.5527,0.0,1.0,0.1681,0.1696,0.682,0.0,-0.1625,-0.626,5.836,3.957,-0.2966,0.6943,0.3661,5.74,-0.1855,0.3242,-0.415,6.4,6.703,0.0,0.0,6.664,0.0,7.51,-0.976,3.742,0.954,1.0,0.5,0.5,0.4077,-0.4043,-0.4404,1.0,0.0,0.0,0.0,0.0,0.11633,0.7326759999999999,,,
-0.1847,0.254,-0.0681,0.6514,-2.596,-0.857,0.5527,1.0,1.0,0.06915,0.07117,0.732,0.0,-0.162,-0.4553,5.836,4.36,0.1982,0.6904,0.9631,5.598,0.3657,-0.1855,0.3242,6.43,6.703,0.0,0.0,6.664,0.0,7.547,-0.709,3.742,4.08,1.0,0.5,0.5,0.033,0.0597,-0.1191,2.0,0.0,1.0,0.0,3.584,0.4917,0.0272855999999999,,,
-0.23,0.2944,-0.0867,0.3691,0.2627,-0.857,0.5527,1.0,1.0,0.0842,0.0942,0.7256,0.0,-0.1616,-0.7397,5.836,4.695,0.2028,0.684,-0.1162,5.223,0.9624,0.3657,-0.1855,6.473,6.703,0.0,0.0,6.664,0.0,7.547,-0.797,3.742,-0.3079,1.0,0.0,0.0,-0.02292,-0.12366,-0.1211,0.0,1.0,0.0,0.0,0.0,-0.03604,0.3381027999999998,,,
-0.4077,0.4966,-0.04907,0.3118,0.7085,-0.7144,0.5527,1.0,1.0,0.03235,0.07007,0.7476,0.0,-0.1611,-0.1731,5.836,5.023,0.486,0.676,0.4110999999999999,5.16,-0.1162,0.9624,0.3657,6.516,6.703,0.0,0.0,6.664,0.0,7.547,-0.06235,3.568,0.9453,1.0,0.5,0.5,-0.2141,0.0,0.03223,1.0,0.0,0.0,0.0,0.0,0.1111,0.2491448,,,
-0.4973,0.5996,-0.02132,0.3708,0.3242,-0.5713,0.5527,1.0,1.0,-0.002102,0.04935,0.7646,0.0,-0.1606,-0.4314,5.56,5.242,0.64,0.6763,0.3171,5.14,0.4106,-0.1162,0.9624,6.586,6.703,0.0,0.0,6.664,0.0,7.547,0.5024,3.207,0.648,2.0,0.5,1.0,-0.3071,0.11804,0.148,2.0,0.0,0.0,0.0,0.0,0.0752,-0.0125875999999999,,,
-0.51,0.4775,-0.04346,0.4133,-0.05847,-0.4285,0.5527,1.0,1.0,0.01862,0.07275,0.7563,0.0,-0.1602,-0.692,4.953,5.324,0.536,0.679,-0.1472,4.95,0.3167,0.4106,-0.1162,6.625,6.703,0.0,0.0,6.664,0.0,7.547,0.3972,3.262,-0.3806,1.0,0.5,0.5,-0.217,0.02827,0.1204,0.0,1.0,0.0,0.0,0.0,-0.0437,-0.080664,,,
-0.4976,0.3628,-0.0658,0.4377,-0.0861,-0.2856,0.5527,1.0,1.0,0.04178,0.0946,0.748,0.0,-0.1598,-0.3423,4.176,5.27,0.4258,0.6826,-0.1527,4.44,-0.1472,0.3167,0.4106,6.625,6.703,0.0,0.0,6.664,0.0,7.547,0.2957,3.314,-0.4773,0.0,0.0,0.0,-0.1746,-0.10095,0.1196,0.0,2.0,0.0,0.0,0.0,-0.05508,0.3839656000000001,,,
-0.4653,0.579,-0.00449,0.5923,0.6533,-0.1428,0.5527,1.0,1.0,-0.01585,0.02985,0.7817,0.0,-0.1593,0.838,3.375,5.008,0.557,0.701,0.6211,3.854,-0.1527,-0.1472,0.3167,6.625,6.703,0.0,0.0,6.664,0.0,7.547,0.9604,2.92,3.7,1.0,0.5,0.5,-0.4043,0.1326,0.4688,1.0,0.0,1.0,0.0,4.152,0.4287,-0.0280788,,,
-0.4966,0.4902,-0.01437,0.689,-0.010155,0.0,0.5527,1.0,1.0,-0.00879,0.0423,0.7793,0.0,-0.1588,-0.471,2.598,4.594,0.471,0.708,-0.0399,2.982,0.621,-0.1527,-0.1472,6.625,6.703,0.0,0.0,6.65,0.0,7.547,0.7666,3.055,-0.0905,0.0,0.0,0.0,-0.37,0.06052,0.6353,0.0,1.0,0.0,0.0,0.0,-0.01029,-0.455504,,,
-0.3855,-0.005795,-0.1158,0.75,-0.794,0.1428,0.5527,1.0,1.0,0.1015,0.1377,0.731,0.0,-0.1584,0.495,2.137,4.074,-0.0467,0.716,-0.8856,2.951,-0.03998,0.621,-0.1527,6.625,6.703,0.0,0.0,6.65,0.0,7.547,0.4565,3.158,-3.93,-1.0,0.0,0.0,0.04315,-0.3135,0.1283,0.0,2.0,0.0,0.0,0.0,-0.4475,0.0152136,,,
-0.4006,-0.02327,-0.1159,0.79,-0.114,0.2856,0.5527,1.0,1.0,0.10046,0.1392,0.733,0.0,-0.158,-0.3738,2.031,3.533,-0.06384,0.7197,0.03886,2.943,-0.8853,-0.03998,0.621,6.625,6.703,0.0,0.0,6.656,0.0,7.547,0.361,3.232,0.1666,0.0,0.0,0.0,0.003672,-0.3105,0.124,1.0,0.0,0.0,0.0,0.0,0.01952,-0.127155784,,,
-0.3696,0.3499,-0.02187,0.931,7.004,0.4285,0.5527,1.0,1.0,0.00867,0.03934,0.7827,0.0,-0.1575,-0.2627,2.232,2.998,0.3071,0.7285,0.9341,3.143,0.03876,-0.8853,-0.03998,6.625,6.703,0.0,0.0,6.664,0.0,7.547,0.847,3.004,3.28,1.0,0.0,0.5,-0.3323,0.1074,0.57,2.0,0.0,1.0,0.0,3.508,0.3835,0.2125312,,,
-0.3948,0.345,-0.009895,1.069,0.1212,0.5713,0.5527,1.0,1.0,-0.004982,0.02942,0.791,0.0,-0.1571,-0.4495,2.625,2.531,0.3132,0.736,0.1483,3.354,0.9336,0.03876,-0.8853,6.625,6.703,0.0,0.0,6.664,0.0,7.547,0.8105,3.05,0.4785,1.0,0.5,0.5,-0.3606,0.133,0.5645,3.0,0.0,0.0,0.0,0.0,0.05438,-0.0930143999999999,,,
-0.4343,0.57,0.05838,1.271,0.697,0.7144,0.5527,1.0,1.0,-0.073,-0.0342,0.828,0.0,-0.1566,-0.3103,3.23,2.338,0.534,0.7476,0.6695,3.518,0.1481,0.9336,0.03876,6.625,6.703,0.0,0.0,6.664,0.0,7.547,1.056,2.963,2.025,2.0,0.5,1.0,-0.567,0.3816,0.793,4.0,0.0,0.0,0.0,0.0,0.2291,0.2510895999999999,,,
-0.4517,0.655,0.0974,1.484,0.273,0.857,0.5527,1.0,1.0,-0.1104,-0.0699,0.85,0.0,-0.1561,-0.512,3.844,2.367,0.645,0.757,0.3897,3.936,0.669,0.1481,0.9336,6.625,6.703,0.0,0.0,6.664,0.0,7.547,1.066,3.01,1.09,3.0,0.5,1.0,-0.685,0.4507,0.8223,5.0,0.0,0.0,0.0,0.0,0.1207,0.0549528,,,
-0.477,0.74,0.1318,1.646,0.2576,0.857,0.5527,1.0,1.0,-0.1436,-0.0999,0.8696,0.0,-0.1558,-0.2695,4.418,2.64,0.735,0.766,0.349,4.266,0.3896,0.669,0.1481,6.625,6.703,0.0,0.0,6.664,0.0,7.547,0.9595,3.133,0.843,3.0,1.0,1.0,-0.742,0.533,0.832,5.92,0.0,0.0,0.0,0.0,0.0923,-0.0696563999999999,,,
-0.3975,1.424,0.314,1.955,1.022,0.857,0.5527,1.0,1.0,-0.2925,-0.2666,0.887,1.0,-0.171,0.8926,5.113,3.201,1.384,0.715,1.6531,5.445,0.3486,0.3896,0.669,6.625,6.703,0.0,0.0,6.664,0.0,7.547,1.299,3.12,9.09,3.0,1.5,1.5,-1.208,1.146,1.113,5.92,0.0,0.0,0.0,0.0,0.985,0.4337375999999999,,,
-0.3936,1.604,0.3875,2.285,0.2612,0.857,0.5527,1.0,1.0,-0.3506,-0.3271,0.887,1.0,-0.171,0.04868,5.793,3.926,1.548,0.6987,0.6734,5.74,1.653,0.3486,0.3896,6.625,6.703,0.0,0.0,6.664,0.0,7.547,1.337,3.191,3.236,3.0,1.5,1.5,-1.312,1.289,1.087,5.92,0.0,0.0,0.0,0.0,0.3333,-0.1102239999999999,,,
-0.3713,1.404,0.3726,2.586,0.00679,0.857,0.5527,1.0,1.0,-0.337,-0.317,0.8833,0.0,-0.1705,-0.285,5.836,4.67,1.374,0.7124,-0.0687499999999999,5.74,0.673,1.653,0.3486,6.625,6.703,0.0,0.0,6.664,0.0,7.547,1.263,3.232,-0.2578,2.0,1.5,1.0,-1.161,1.119,0.8755,0.0,1.0,0.0,0.0,0.0,-0.026,-0.1086848,,,
-0.3276,1.58,0.4492,2.957,0.2595,0.857,0.5527,1.0,1.0,-0.3928,-0.3816,0.887,1.0,-0.171,0.1061,5.836,5.46,1.563,0.6973,0.6964,5.74,-0.06885,0.673,1.653,6.625,6.703,0.0,0.0,6.664,0.0,7.547,1.416,3.227,3.219,2.0,1.5,1.5,-1.27,1.283,0.894,1.0,0.0,0.0,0.0,0.0,0.3254,-0.166092,,,
-0.2231,0.785,0.2925,3.223,-0.3777,0.857,0.5527,1.0,1.0,-0.2607,-0.2627,0.817,0.0,-0.1705,0.01744,5.836,5.7,0.764,0.713,-1.2049,5.74,0.696,-0.06885,0.673,6.625,6.703,0.0,0.0,6.664,0.0,7.547,0.898,3.414,-5.598,1.0,1.5,1.5,-0.653,0.715,0.4941,0.0,1.0,0.0,0.0,0.0,-0.5537,0.6376399999999999,,,
-0.3472,1.019,0.373,3.504,0.4211,0.857,0.5527,1.0,1.0,-0.3357,-0.3193,0.8584,0.0,-0.1702,-0.4944,5.836,5.7,1.0,0.7275,0.7441,5.74,-1.205,0.696,-0.06885,6.625,6.703,0.0,0.0,6.664,0.0,7.547,0.9263,3.502,2.354,1.0,1.5,1.5,-0.823,0.9575,0.5986,1.0,0.0,0.0,0.0,0.0,0.242,0.1436532,,,
-0.3525,1.16,0.4377,3.838,0.2703,0.857,0.5527,1.0,1.0,-0.386,-0.3706,0.887,1.0,-0.171,-0.401,5.836,5.7,1.184,0.7354,0.6071,5.74,0.744,-1.205,0.696,6.625,6.703,0.0,0.0,6.664,0.0,7.547,1.021,3.525,2.242,1.0,1.5,2.0,-0.965,1.077,0.652,2.0,0.0,0.0,0.0,0.0,0.2252,-0.1556748,,,
-0.4053,0.9023,0.4155,4.242,-0.08844,0.857,0.5527,1.0,1.0,-0.3733,-0.3489,0.8804,0.0,-0.1705,-0.4905,5.836,5.7,0.9053,0.7583,-0.1120999999999999,5.74,0.6064,0.744,-1.205,6.625,6.703,0.0,0.0,6.664,0.0,7.547,1.301,3.309,-0.534,1.0,1.0,2.0,-0.8164,0.927,0.5435,0.0,1.0,0.0,0.0,0.0,-0.05264,0.23885392,,,
-0.365,0.8643,0.4475,4.676,0.0921,0.857,0.5527,1.0,1.0,-0.3943,-0.3772,0.887,1.0,-0.171,0.141,5.836,5.7,0.853,0.7695,0.3255,5.74,-0.1121,0.6064,0.744,6.625,6.703,0.0,0.0,6.664,0.0,7.547,1.329,3.338,1.311,1.0,1.0,2.0,-0.871,0.928,0.543,1.0,0.0,0.0,0.0,0.0,0.1296,-0.2755096,,,
-0.413,0.511,0.3918,4.992,-0.2656,0.857,0.5527,1.0,1.0,-0.3557,-0.329,0.8647,0.0,-0.1705,-0.5713,5.836,5.7,0.5005,0.7866,-0.3808,5.74,0.3252,-0.1121,0.6064,6.625,6.703,0.0,0.0,6.664,0.0,7.547,1.07,3.465,-1.439,1.0,0.5,1.5,-0.622,0.694,0.3975,0.0,1.0,0.0,0.0,0.0,-0.1409,0.3660752,,,
-0.4028,0.627,0.4526,5.35,0.3418,0.857,0.5527,1.0,1.0,-0.4014,-0.3782,0.887,1.0,-0.171,-0.1731,5.836,5.7,0.6055,0.7964,0.5660999999999999,5.74,-0.3809,0.3252,-0.1121,6.625,6.703,0.0,0.0,6.664,0.0,7.547,1.124,3.512,3.643,1.0,0.5,1.5,-0.7656,0.834,0.4705,1.0,0.0,0.0,0.0,0.0,0.361,-1.3416599999999996,,,
-0.2098,-0.3464,0.2281,5.492,-1.335,0.7144,0.5527,0.0,1.0,-0.206,-0.2085,0.785,0.0,-0.1705,0.5513,5.836,5.7,-0.3535,0.8047,-1.7549,5.74,0.566,-0.3809,0.3252,6.625,6.703,0.0,0.0,6.664,0.0,7.547,0.411,3.742,-9.51,0.0,0.0,1.0,0.09357,0.1068,0.01698,0.0,1.0,0.0,0.0,0.0,-1.807,0.12131136,,,
-0.1202,-0.6455,0.1605,5.56,1.338,0.5713,0.5527,0.0,1.0,-0.1404,-0.1556,0.756,0.0,-0.1702,0.2844,5.836,5.7,-0.631,0.808,-0.5289,5.74,-1.754,0.566,-0.3809,6.625,6.703,0.0,0.0,6.664,0.0,7.547,0.205,3.742,-2.977,0.0,0.0,0.5,0.3303,-0.112,-0.1384,0.0,2.0,0.0,0.0,0.0,-0.3066,0.0128279999999999,,,
-0.1041,-0.549,0.1886,5.62,-0.0491,0.4285,0.5527,0.0,1.0,-0.1637,-0.1823,0.772,0.0,-0.1697,0.06238,5.836,5.7,-0.5005,0.809,0.297,5.74,-0.5283,-1.754,0.566,6.625,6.703,0.0,0.0,6.664,0.0,7.547,0.198,3.742,1.321,0.0,0.0,0.5,0.1346,-0.04886,-0.11066,1.0,0.0,0.0,0.0,0.0,0.1384,0.0690472,,,
-0.2057,-0.5317,0.1848,5.54,0.0943,0.2856,0.5527,0.0,1.0,-0.1685,-0.1705,0.773,0.0,-0.1692,-0.351,5.836,5.7,-0.508,0.811,0.01943,5.74,0.2969,-0.5283,-1.754,6.625,6.703,0.0,0.0,6.664,0.0,7.547,-0.1576,3.742,0.074,1.0,0.5,0.5,0.0954,-0.0782,-0.1602,2.0,0.0,0.0,0.0,0.0,0.007683,-0.7164999999999999,,,
-0.10815,-1.047,0.03882,5.3,1.3545,0.1428,0.5527,0.0,1.0,-0.02858,-0.04227,0.706,0.0,-0.1688,0.1447,5.836,5.7,-1.035,0.8047,-1.2279,5.74,0.01932,0.2969,-0.5283,6.625,6.703,0.0,0.0,6.664,0.0,7.547,-0.623,3.742,-5.574,0.0,0.0,0.0,0.671,-0.5415,-0.6035,0.0,1.0,0.0,0.0,0.0,-0.5786,0.1601291999999999,,,
-0.08905,-0.2219,0.2306,5.215,-0.78,0.0,0.5527,0.0,1.0,-0.1985,-0.2206,0.799,0.0,-0.1683,0.364,5.836,5.7,-0.2008,0.8013,1.7706,5.336,-1.228,0.01932,0.2969,6.625,6.703,0.0,0.0,6.664,0.0,7.547,-0.1721,3.742,9.62,1.0,0.0,0.5,-0.0287,0.2747,-0.0793,1.0,0.0,0.0,0.0,0.0,1.13,-0.7234991999999997,,,
-0.04175,-0.5703,0.1268,4.996,2.783,-0.1428,0.5527,0.0,1.0,-0.1042,-0.1312,0.7515,0.0,-0.1678,0.2607,5.836,5.7,-0.552,0.7944,-0.8524,4.742,1.77,-1.228,0.01932,6.625,6.703,0.0,0.0,6.664,0.0,7.547,-0.4946,3.742,-7.234,1.0,0.0,0.0,0.324,-0.125,-0.4807,0.0,1.0,0.0,0.0,0.0,-0.7397,0.5562399999999998,,,
-0.01677,-0.1186,0.2325,4.973,-0.854,-0.2856,0.5527,0.0,1.0,-0.1943,-0.2284,0.804,0.0,-0.1674,0.5396,5.836,5.7,-0.1056,0.7954,0.9737,4.15,-0.852,1.77,-1.228,6.625,6.703,0.0,0.0,6.664,0.0,7.547,-0.03702,3.742,8.555,1.0,0.0,0.5,-0.06323,0.289,-0.1179,1.0,0.0,0.0,0.0,0.0,0.899,-0.8798480000000001,,,
0.1305,-0.5986,0.1002,4.78,13.91,-0.4285,0.5527,0.0,1.0,-0.0663,-0.1206,0.7437,0.0,-0.167,0.4436,4.594,5.7,-0.5903,0.7905,-1.0929,3.812,0.973,-0.852,1.77,6.625,6.703,0.0,0.0,6.664,0.0,7.547,-0.4187,3.742,-6.59,0.0,0.0,0.0,0.4373,-0.1666,-0.715,0.0,1.0,0.0,0.0,0.0,-0.672,-0.1415039999999999,,,
0.2242,-0.5884,0.0804,4.527,0.1121,-0.5713,0.5527,0.0,1.0,-0.04065,-0.1096,0.736,0.0,-0.1665,0.796,3.127,5.7,-0.6094,0.7847,-0.1441,4.02,-1.092,0.973,-0.852,6.625,6.703,0.0,0.0,6.664,0.0,7.547,-0.598,3.742,-0.6816,0.0,-0.5,-0.5,0.4797,-0.2054,-0.7354,0.0,2.0,0.0,0.0,0.0,-0.0719,0.3001551999999999,,,
0.3008,-0.363,0.1142,4.305,-0.3418,-0.7144,0.5527,0.0,1.0,-0.06537,-0.1478,0.754,0.0,-0.166,0.7554,2.06,5.7,-0.384,0.777,0.3401,4.105,-0.144,-1.092,0.973,6.625,6.703,0.0,0.0,6.664,0.0,7.547,-0.4934,3.742,1.768,0.0,0.0,0.0,0.3184,-0.04218,-0.5312,1.0,0.0,0.0,0.0,0.0,0.1874,1.3227600000000002,,,
0.2908,0.6357,0.3425,4.23,-3.654,-0.7144,0.5527,1.0,1.0,-0.2603,-0.347,0.865,0.0,-0.1656,0.7695,1.608,5.184,0.5874,0.778,2.0641000000000003,4.27,0.3398,-0.144,-1.092,6.625,6.703,0.0,0.0,6.664,0.0,7.547,-0.132,3.742,9.62,1.0,0.5,0.0,-0.404,0.847,0.421,2.0,0.0,1.0,0.0,9.375,1.395,-0.1893799999999999,,,
0.2876,0.667,0.3474,4.207,0.1803,-0.7144,0.5527,1.0,1.0,-0.2642,-0.3508,0.87,0.0,-0.1652,-0.554,1.586,4.31,0.6245,0.7783,0.08164,4.33,2.062,0.3398,-0.144,6.625,6.703,0.0,0.0,6.664,0.0,7.547,-0.0426,3.742,0.3499,1.0,0.5,0.5,-0.3936,0.7803,0.4492,3.0,0.0,0.0,0.0,0.0,0.0345,-0.3865096000000001,,,
0.3816,0.2299,0.228,4.035,-0.491,-0.7144,0.5527,1.0,1.0,-0.1586,-0.2573,0.816,0.0,-0.1647,0.3228,1.807,3.47,0.1858,0.774,-0.9433,4.324,0.0815,2.062,0.3398,6.625,6.703,0.0,0.0,6.664,0.0,7.547,-0.3276,3.742,-3.342,1.0,0.0,0.0,0.004787,0.2888,-0.02367,0.0,1.0,0.0,0.0,0.0,-0.3286,0.0575124,,,
0.3225,0.2177,0.2252,4.04,0.09155,-0.5713,0.5527,1.0,1.0,-0.1609,-0.2499,0.8164,0.0,-0.1643,0.3955,1.928,2.68,0.2074,0.7725,0.01687,4.3,-0.9434,0.0815,2.062,6.625,6.703,0.0,0.0,6.664,0.0,7.547,0.02745,3.742,0.05627,2.0,0.5,0.5,-0.0047,0.2439,-0.009415,1.0,0.0,0.0,0.0,0.0,0.0057,-0.8380588,,,
0.4429,-0.3667,0.0841,3.998,-1.955,-0.5713,0.5527,0.0,1.0,-0.02655,-0.1312,0.7505,0.0,-0.1638,0.871,1.917,1.919,-0.3757,0.7725,-1.1789,4.242,0.01675,-0.9434,0.0815,6.625,6.703,0.0,0.0,6.664,0.0,7.547,-0.1136,3.742,-4.64,1.0,0.0,0.5,0.552,-0.222,-0.529,0.0,1.0,0.0,0.0,0.0,-0.4697,0.0817335999999999,,,
0.4084,-0.292,0.09546,3.932,-0.1458,-0.5713,0.5527,0.0,1.0,-0.0397,-0.1392,0.758,0.0,-0.1633,-0.2482,1.802,1.456,-0.3074,0.7725,0.1371,4.14,-1.179,0.01675,-0.9434,6.625,6.703,0.0,0.0,6.664,0.0,7.547,-0.1456,3.742,0.4766,1.0,0.5,0.5,0.4746,-0.1305,-0.4287,1.0,0.0,0.0,0.0,0.0,0.05008,0.7660008,,,
0.4436,0.2917,0.235,3.97,-2.826,-0.4285,0.5527,1.0,1.0,-0.1595,-0.2686,0.8276,0.0,-0.163,1.037,1.493,1.316,0.2876,0.7744,1.2841,3.877,0.137,-1.179,0.01675,6.625,6.703,0.0,0.0,6.664,0.0,7.547,0.0848,3.742,5.426,1.0,0.5,0.5,-0.05197,0.4023,0.2256,2.0,0.0,0.0,0.0,0.0,0.568,-0.7422264,,,
0.5913,-0.4583,0.06018,3.984,-2.016,-0.4285,0.5527,0.0,1.0,0.007473,-0.12067,0.746,0.0,-0.1625,1.244,1.194,1.311,-0.4626,0.778,-1.4489,3.756,1.283,0.137,-1.179,6.625,6.703,0.0,0.0,6.664,0.0,7.547,0.03415,3.742,-6.62,1.0,0.5,0.5,0.5723,-0.2465,-0.4968,0.0,1.0,0.0,0.0,0.0,-0.666,-0.2324936,,,
0.5225,-0.4788,0.04248,3.84,0.1915,-0.4285,0.5527,0.0,1.0,0.01851,-0.09796,0.7397,0.0,-0.162,0.06244,0.9004,1.336,-0.4958,0.7754,-0.1198299999999999,3.293,-1.448,1.283,0.137,6.625,6.703,0.0,0.0,6.664,0.0,7.547,-0.314,3.742,-0.682,0.0,0.5,0.0,0.556,-0.3074,-0.5327,0.0,2.0,0.0,0.0,0.0,-0.0719,0.0263887999999999,,,
0.4954,-0.582,0.00966,3.742,0.4106,-0.4285,0.5527,0.0,1.0,0.0475,-0.06354,0.726,0.0,-0.1616,-0.2683,0.7104,1.294,-0.611,0.775,-0.2494,3.426,-0.1199,-1.448,1.283,6.625,6.703,0.0,0.0,6.664,0.0,7.547,-0.1946,3.742,-0.705,0.0,0.0,0.0,0.594,-0.42,-0.627,0.0,3.0,0.0,0.0,0.0,-0.0746,1.2122380000000006,,,
0.3452,0.0891,0.1604,3.686,-1.299,-0.2856,0.5527,1.0,1.0,-0.10297,-0.1938,0.8013,0.0,-0.1611,-0.05212,0.4111,1.22,0.0898,0.7705,1.4141,3.434,-0.2494,-0.1199,-1.448,6.625,6.703,0.0,0.0,6.664,0.0,7.547,-0.1055,3.742,5.1,0.0,0.0,0.0,0.00604,0.2056,0.1304,1.0,0.0,1.0,0.0,5.703,0.544,-0.0832999999999999,,,
0.2407,0.139,0.1768,3.746,0.446,-0.1428,0.5527,1.0,1.0,-0.1257,-0.2002,0.812,0.0,-0.1606,-0.3179,0.09875,1.067,0.1438,0.775,0.1901999999999999,3.488,1.413,-0.2494,-0.1199,6.625,6.703,0.0,0.0,6.664,0.0,7.547,0.1871,3.742,0.5137,0.0,0.0,0.5,-0.04846,0.2644,0.2147,2.0,0.0,0.0,0.0,0.0,0.05243,0.5026112,,,
0.1371,0.395,0.2483,3.885,1.375,0.0,0.5527,1.0,1.0,-0.1953,-0.2546,0.849,0.0,-0.1602,-0.3315,-0.0126,0.8115,0.4128,0.7812,0.6656,3.709,0.1901,1.413,-0.2494,6.625,6.703,0.0,0.0,6.664,0.0,7.547,0.3474,3.742,1.949,1.0,0.5,1.0,-0.2678,0.519,0.522,3.0,0.0,1.0,0.0,4.41,0.1978,1.2486600000000003,,,
0.05905,1.022,0.4163,4.12,1.542,0.1428,0.5527,1.0,1.0,-0.3367,-0.3877,0.887,1.0,-0.171,0.3887,0.543,0.6836,1.023,0.752,1.4871,4.336,0.6655,0.1901,1.413,6.625,6.703,0.0,0.0,6.664,0.0,7.547,0.532,3.742,6.164,2.0,0.5,1.0,-0.8022,1.008,1.063,4.0,0.0,0.0,0.0,0.0,0.613,-0.3158388,,,
-0.03702,0.6846,0.3354,4.113,-0.1938,0.1428,0.5527,1.0,1.0,-0.281,-0.3142,0.852,0.0,-0.1705,-0.1791,0.9272,0.6313,0.688,0.754,-0.6054,4.74,1.486,0.6655,0.1901,6.625,6.703,0.0,0.0,6.664,0.0,7.547,0.03336,3.742,-2.389,2.0,0.5,0.5,-0.451,0.7007,0.652,0.0,1.0,0.0,0.0,0.0,-0.2269,-0.0250032,,,
-0.03494,0.794,0.3618,4.125,0.2856,0.1428,0.5527,1.0,1.0,-0.3018,-0.336,0.867,0.0,-0.1702,-0.3804,1.233,0.6895,0.8096,0.756,0.2687,5.09,-0.605,1.486,0.6655,6.625,6.703,0.0,0.0,6.664,0.0,7.547,0.07367,3.742,0.829,2.0,0.5,0.5,-0.525,0.701,0.661,1.0,0.0,0.0,0.0,0.0,0.08026,-0.3604892,,,
-0.05807,0.4456,0.2844,4.18,-0.2917,0.1428,0.5527,1.0,1.0,-0.241,-0.2695,0.833,0.0,-0.1697,-0.4097,1.481,0.7617,0.4844,0.758,-0.5959,5.254,0.2683,-0.605,1.486,6.625,6.703,0.0,0.0,6.664,0.0,7.547,0.1571,3.742,-1.663,1.0,0.0,0.5,-0.1959,0.4248,0.3616,0.0,1.0,0.0,0.0,0.0,-0.1597,-0.0206915999999999,,,
-0.1256,0.3474,0.2634,4.21,-0.0658,0.1428,0.5527,1.0,1.0,-0.2291,-0.2462,0.8257,0.0,-0.1692,-0.5747,1.672,0.895,0.402,0.76,-0.1254,5.184,-0.5957,0.2683,-0.605,6.625,6.703,0.0,0.0,6.664,0.0,7.547,0.1215,3.742,-0.2961,0.0,0.0,0.0,-0.1592,0.2783,0.2686,0.0,2.0,0.0,0.0,0.0,-0.02898,-0.1299179999999999,,,
-0.223,0.5127,0.3188,4.402,0.5454,0.2856,0.5527,1.0,1.0,-0.2825,-0.2852,0.855,0.0,-0.1688,-0.2213,1.951,1.14,0.5894,0.768,0.5226,5.14,-0.1255,-0.5957,0.2683,6.625,6.703,0.0,0.0,6.664,0.0,7.547,0.546,3.742,1.832,0.0,0.5,0.5,-0.3132,0.4739,0.431,1.0,0.0,0.0,0.0,0.0,0.18,-0.37802844,,,
-0.1351,0.2747,0.276,4.56,-0.2952,0.4285,0.5527,1.0,1.0,-0.2402,-0.256,0.8374,0.0,-0.1683,0.614,2.346,1.475,0.3381,0.778,-0.3139,5.035,0.522,-0.1255,-0.5957,6.625,6.703,0.0,0.0,6.664,0.0,7.547,0.425,3.742,-1.449,0.0,0.5,0.0,-0.1877,0.2505,0.2568,0.0,1.0,0.0,0.0,0.0,-0.1401,-0.556872,,,
-0.1605,-0.1927,0.1605,4.508,-1.27,0.2856,0.5527,0.0,1.0,-0.1436,-0.1522,0.784,0.0,-0.1678,0.1626,2.691,1.79,-0.164,0.782,-0.9329,4.992,-0.314,0.522,-0.1255,6.625,6.703,0.0,0.0,6.664,0.0,7.547,-0.09045,3.742,-4.2,-1.0,0.0,-0.5,0.1968,-0.1959,-0.1316,0.0,2.0,0.0,0.0,0.0,-0.41,0.2853224000000001,,,
-0.257,0.0,0.2178,4.65,-1.715,0.4285,0.5527,1.0,1.0,-0.201,-0.1956,0.814,0.0,-0.1674,0.1829,3.055,2.11,0.04446,0.788,0.5411,4.965,-0.9326,-0.314,0.522,6.625,6.703,0.0,0.0,6.664,0.0,7.547,0.4456,3.742,2.271,0.0,0.0,0.0,-0.00591,0.05685,0.1015,1.0,0.0,0.0,0.0,0.0,0.2285,-0.703444,,,
-0.1654,-0.5884,0.08185,4.7,-7.6,0.4285,0.5527,0.0,1.0,-0.0732,-0.0788,0.751,0.0,-0.167,0.55,3.436,2.463,-0.592,0.7983,-1.1319,5.004,0.5405,-0.9326,-0.314,6.625,6.703,0.0,0.0,6.664,0.0,7.547,0.1368,3.742,-4.656,0.0,-0.5,0.0,0.5215,-0.3857,-0.3757,0.0,1.0,0.0,0.0,0.0,-0.4604,-0.282632,,,
-0.06757,-0.742,0.05005,4.76,0.4575,0.4285,0.5527,0.0,1.0,-0.03586,-0.0565,0.737,0.0,-0.1665,0.5347,3.512,2.652,-0.678,0.794,-0.2587,5.086,-1.131,0.5405,-0.9326,6.625,6.703,0.0,0.0,6.664,0.0,7.547,0.1324,3.742,-1.57,-1.0,-1.0,0.0,0.5425,-0.521,-0.4636,0.0,2.0,0.0,1.0,-4.95,-0.161,0.3717,,,
-0.099,-0.4631,0.1147,4.746,-0.3179,0.2856,0.5527,0.0,1.0,-0.0978,-0.1152,0.7695,0.0,-0.166,0.4382,3.31,2.773,-0.3918,0.794,0.6113999999999999,4.867,-0.2585,-1.131,0.5405,6.625,6.703,0.0,0.0,6.664,0.0,7.547,-0.03897,3.742,2.594,0.0,-0.5,0.0,0.2754,-0.2017,-0.2451,1.0,0.0,0.0,0.0,0.0,0.268,0.7022900000000003,,,
-0.0902,0.195,0.279,4.844,-1.708,0.2856,0.5527,1.0,1.0,-0.2393,-0.2625,0.8506,0.0,-0.1656,0.04572,3.102,2.887,0.2634,0.8,1.4891,4.797,0.6113,-0.2585,-1.131,6.625,6.703,0.0,0.0,6.664,0.0,7.547,0.2434,3.742,9.62,1.0,-0.5,0.0,-0.2773,0.4463,0.3447,2.0,0.0,1.0,0.0,9.08,0.993,-0.2971319999999998,,,
0.05133,-0.05362,0.2196,4.844,-0.828,0.2856,0.5527,1.0,1.0,-0.1779,-0.2227,0.8237,0.0,-0.1652,1.318,2.955,3.016,-0.0293,0.806,-0.4749,4.824,1.489,0.6113,-0.2585,6.625,6.703,0.0,0.0,6.664,0.0,7.547,-0.014145,3.742,-3.955,0.0,-0.5,-0.5,-0.09503,0.1544,0.11194,0.0,1.0,0.0,0.0,0.0,-0.383,1.2198080000000002,,,
0.03317,0.893,0.4492,4.89,18.77,0.2856,0.5527,1.0,1.0,-0.3638,-0.4114,0.887,1.0,-0.171,1.512,3.04,3.162,0.888,0.766,1.9981,5.168,-0.4749,1.489,0.6113,6.625,6.703,0.0,0.0,6.664,0.0,7.547,0.0981,3.742,9.62,1.0,0.0,-0.5,-0.756,0.9653,0.8467,1.0,0.0,0.0,0.0,0.0,1.468,-1.6794599999999995,,,
0.428,-0.513,0.10065,4.734,-1.409,0.1428,0.5527,0.0,1.0,-0.0429,-0.1456,0.724,0.0,-0.1705,2.545,2.95,3.176,-0.5303,0.763,-2.4299,4.746,1.997,-0.4749,1.489,6.625,6.703,0.0,0.0,6.664,0.0,7.547,-0.359,3.742,-9.51,1.0,-0.5,-0.5,0.6343,-0.1559,-0.4482,0.0,1.0,0.0,0.0,0.0,-2.236,-1.4522320000000002,,,
0.772,-1.323,-0.1201,4.375,2.137,0.0,0.5527,0.0,1.0,0.1986,0.04672,0.6206,0.0,-0.1702,2.377,2.596,3.014,-1.334,0.7495,-1.9499,4.99,-2.428,1.997,-0.4749,6.625,6.703,0.0,0.0,6.664,0.0,7.547,-0.6685,3.742,-9.51,0.0,-0.5,-1.0,1.546,-0.9097,-1.24,0.0,2.0,0.0,0.0,0.0,-1.62,-0.355168,,,
0.964,-1.596,-0.213,4.004,0.3677,-0.1428,0.545,0.0,0.0,0.3127,0.1327,0.5767,0.0,-0.1697,1.284,2.209,2.686,-1.606,0.735,-0.8764,5.74,-1.949,-2.428,1.997,6.625,6.703,0.0,0.0,6.664,0.0,7.547,-0.69,3.742,-5.508,-1.0,-0.5,-1.0,1.881,-1.147,-1.282,0.0,3.0,0.0,0.0,0.0,-0.595,-0.7056976,,,
1.151,-1.867,-0.3096,3.57,0.3252,-0.2856,0.5366,0.0,0.0,0.4363,0.229,0.5312,0.0,-0.1692,0.911,2.193,2.402,-1.863,0.716,-0.9399,5.74,-0.876,-1.949,-2.428,6.625,6.703,0.0,0.0,6.664,0.0,7.547,-0.7656,3.742,-6.746,-1.0,-1.0,-1.0,2.209,-1.414,-1.267,0.0,4.0,0.0,0.0,0.0,-0.7495,0.5702640000000002,,,
1.198,-1.294,-0.2092,3.16,-0.2097,-0.4285,0.5366,0.0,1.0,0.3274,0.109,0.578,0.0,-0.1688,1.567,2.982,2.38,-1.266,0.696,1.0021,5.74,-0.94,-0.876,-1.949,6.625,6.703,0.0,0.0,6.664,0.0,7.547,-0.7017,3.742,7.42,-1.0,-0.5,-1.0,1.632,-0.774,-0.899,1.0,0.0,0.0,0.0,0.0,0.8496,-0.9209844000000004,,,
1.346,-1.779,-0.3584,2.662,0.561,-0.5713,0.5283,0.0,0.0,0.5093,0.2725,0.5083,0.0,-0.1683,0.2766,4.277,2.795,-1.75,0.6763,-1.4459,5.74,1.001,-0.94,-0.876,6.625,6.703,0.0,0.0,6.664,0.0,7.547,-0.7964,3.742,-9.51,-1.0,-0.5,-1.0,2.229,-1.294,-1.065,0.0,1.0,0.0,0.0,0.0,-1.097,-0.0049035999999999,,,
1.368,-1.383,-0.297,2.303,-0.116,-0.5713,0.5205,0.0,0.0,0.4392,0.1963,0.537,0.0,-0.1678,1.345,5.594,3.389,-1.359,0.662,0.6231,5.74,-1.446,1.001,-0.94,6.625,6.703,0.0,0.0,6.664,0.0,7.547,-0.61,3.742,4.08,0.0,-0.5,-0.5,1.791,-0.8555,-0.838,1.0,0.0,0.0,0.0,0.0,0.4744,-0.526056,,,
1.511,-1.781,-0.4255,1.79,0.46,-0.7144,0.512,0.0,0.0,0.6045,0.343,0.4766,0.0,-0.1674,0.653,5.836,4.195,-1.769,0.643,-1.2809,5.74,0.6226,-1.446,1.001,6.625,6.703,0.0,0.0,6.664,0.0,7.547,-0.8115,3.742,-9.51,0.0,-1.0,-1.0,2.28,-1.312,-0.96,0.0,1.0,0.0,0.0,0.0,-1.114,0.4340200000000002,,,
1.502,-1.406,-0.3706,1.431,-0.10236,-0.7144,0.504,0.0,0.0,0.5366,0.2744,0.502,0.0,-0.167,1.378,5.836,5.13,-1.368,0.6255,0.5655,5.74,-1.28,0.6226,-1.446,6.625,6.703,0.0,0.0,6.664,0.0,7.547,-0.6187,3.742,4.062,1.0,-0.5,-0.5,1.878,-0.88,-0.7754,1.0,0.0,0.0,0.0,0.0,0.4827,0.785984,,,
1.3545,-0.702,-0.2352,1.198,-0.4346,-0.7144,0.4958,0.0,0.0,0.3684,0.1255,0.566,0.0,-0.1665,0.714,5.836,5.7,-0.6895,0.618,1.3841,5.74,0.565,-1.28,0.6226,6.625,6.703,0.0,0.0,6.664,0.0,7.547,-0.4019,3.742,6.54,1.0,-0.5,0.0,1.191,-0.1404,-0.4932,2.0,0.0,0.0,0.0,0.0,0.7637,-0.035076,,,
1.334,-0.5513,-0.226,0.9146,-0.1266,-0.7144,0.4878,0.0,0.0,0.3564,0.1166,0.571,0.0,-0.166,0.467,5.836,5.7,-0.579,0.6113,0.09965,5.74,1.383,0.565,-1.28,6.625,6.703,0.0,0.0,6.664,0.0,7.547,-0.479,3.742,0.4658,2.0,0.0,0.0,1.019,-0.1254,-0.438,3.0,0.0,0.0,0.0,0.0,0.05212,0.3815940000000001,,,
1.219,-0.1697,-0.1764,0.5264,-0.7344,-0.857,0.4878,0.0,1.0,0.2937,0.0708,0.5947,0.0,-0.1656,-0.0502,5.836,5.7,-0.2263,0.599,0.4961,5.74,0.0995,1.383,0.565,6.625,6.703,0.0,0.0,6.664,0.0,7.547,-0.652,3.742,2.324,2.0,0.5,0.0,0.7617,0.12146,-0.3127,4.0,0.0,0.0,0.0,0.0,0.2593,-0.5839919999999998,,,
1.215,-0.4802,-0.2773,0.11566,3.893,-1.0,0.4797,0.0,0.0,0.4043,0.1857,0.5474,0.0,-0.1652,0.555,5.836,5.7,-0.508,0.58,-0.9659,5.74,0.4958,0.0995,1.383,6.625,6.703,0.0,0.0,6.664,0.0,7.547,-0.6924,3.742,-5.67,2.0,0.5,0.0,1.096,-0.3303,-0.4653,0.0,1.0,0.0,0.0,0.0,-0.623,-0.0841160000000001,,,
1.077,-0.3386,-0.3,-0.5107,-0.2458,-1.143,0.4714,0.0,0.0,0.4194,0.2239,0.537,0.0,-0.1647,0.1794,5.836,5.7,-0.3965,0.5576,-0.2201,5.74,-0.9653,0.4958,0.0995,6.625,6.703,0.0,0.0,6.664,0.0,7.547,-1.125,3.742,-1.063,1.0,0.5,-0.5,0.974,-0.537,-0.4685,0.0,2.0,0.0,0.0,0.0,-0.1205,0.1090199999999999,,,
0.7734,-0.144,-0.2869,-0.8335,-0.6743,-1.143,0.4634,0.0,0.0,0.38,0.2334,0.543,0.0,-0.1643,-0.3342,5.836,5.7,-0.1562,0.54,0.1321999999999999,5.74,-0.2201,-0.9653,0.4958,6.625,6.703,0.0,0.0,6.664,0.0,7.547,-0.77,3.742,0.539,1.0,0.5,0.0,0.7554,-0.5273,-0.4104,1.0,0.0,0.0,0.0,0.0,0.06146,0.3011688000000001,,,
0.562,0.1917,-0.225,-0.921,-5.582,-1.0,0.4553,1.0,0.0,0.2937,0.1793,0.5723,0.0,-0.1638,0.4045,5.836,5.7,0.2474,0.53,0.6158,5.74,0.1321,-0.2201,-0.9653,6.625,6.703,0.0,0.0,6.664,0.0,7.547,-0.3008,3.742,2.314,1.0,1.0,0.5,0.4368,-0.2334,-0.2664,2.0,0.0,0.0,0.0,0.0,0.2627,1.0809512000000003,,,
0.4236,0.773,-0.0968,-0.831,2.41,-0.857,0.4553,1.0,1.0,0.1469,0.0508,0.633,0.0,-0.1633,0.2837,5.836,5.7,0.875,0.5293,1.2571,5.74,0.615,0.1321,-0.2201,6.625,6.703,0.0,0.0,6.664,0.0,7.547,0.1387,3.742,5.543,1.0,1.0,1.0,-0.0676,0.3098,0.00966,3.0,0.0,1.0,0.0,8.016,0.6177,-0.6719496,,,
0.463,0.2272,-0.2023,-0.7437,-0.5493,-0.7144,0.4553,1.0,1.0,0.2607,0.1619,0.5835,0.0,-0.163,0.522,5.836,5.7,0.345,0.5317,-0.9823,5.74,1.256,0.615,0.1321,6.625,6.703,0.0,0.0,6.664,0.0,7.547,0.12146,3.639,-5.02,1.0,1.0,1.0,0.3647,-0.12366,-0.1594,0.0,1.0,0.0,0.0,0.0,-0.538,0.193508,,,
0.5654,-0.55,-0.3743,-0.874,-2.559,-0.7144,0.4473,0.0,0.0,0.4658,0.3564,0.5024,0.0,-0.1625,1.568,5.836,5.7,-0.4717,0.5303,-1.6659,5.74,-0.9824,1.256,0.615,6.625,6.703,0.0,0.0,6.664,0.0,7.547,-0.3875,3.742,-9.164,1.0,0.5,0.5,1.085,-0.8237,-0.5127,0.0,2.0,0.0,0.0,0.0,-1.014,-0.0881692,,,
0.4976,-0.6133,-0.3892,-0.8955,0.2776,-0.7144,0.439,0.0,0.0,0.4785,0.3806,0.4956,0.0,-0.162,0.1891,5.836,5.7,-0.5347,0.53,-0.152,4.72,-1.665,-0.9824,1.256,6.625,6.703,0.0,0.0,6.664,0.0,7.547,-0.1493,3.586,-0.798,0.0,0.0,0.5,1.049,-0.8306,-0.647,0.0,3.0,0.0,0.0,0.0,-0.0931,1.8255862,,,
0.3723,0.2656,-0.2009,-0.821,-1.633,-0.5713,0.439,1.0,1.0,0.2522,0.1678,0.5845,0.0,-0.1616,0.504,5.836,5.7,0.364,0.531,1.9361,3.37,-0.152,-1.665,-0.9824,6.625,6.703,0.0,0.0,6.664,0.0,7.547,0.09,3.664,9.62,0.0,0.0,0.5,0.2175,0.07526,0.2352,1.0,0.0,0.0,0.0,0.0,1.127,0.068304,,,
0.323,0.3032,-0.1759,-0.624,0.2491,-0.4285,0.439,1.0,1.0,0.2213,0.1442,0.597,0.0,-0.1611,0.12494,5.836,5.7,0.4062,0.5386,0.2561,3.213,1.935,-0.152,-1.665,6.625,6.703,0.0,0.0,6.664,0.0,7.547,0.4177,3.465,1.189,0.0,0.0,1.0,0.1038,0.1613,0.4072,2.0,0.0,0.0,0.0,0.0,0.1315,-0.5194,,,
0.396,-0.2395,-0.283,-0.553,-1.375,-0.4285,0.431,0.0,0.0,0.3452,0.2598,0.547,0.0,-0.1606,1.416,5.504,5.7,-0.2073,0.549,-1.0189,3.174,0.256,1.935,-0.152,6.625,6.703,0.0,0.0,6.664,0.0,7.547,0.0873,3.56,-7.09,0.0,0.0,0.5,0.5254,-0.2942,-0.1538,0.0,1.0,0.0,0.0,0.0,-0.7773,-0.6259000000000003,,,
0.4275,-0.5557,-0.357,-0.651,2.268,-0.4285,0.4229,0.0,0.0,0.434,0.3462,0.512,0.0,-0.1602,0.592,4.504,5.7,-0.542,0.5474,-0.7313000000000001,3.24,-1.019,0.256,1.935,6.625,6.703,0.0,0.0,6.664,0.0,7.547,-0.3254,3.742,-3.38,0.0,0.0,0.0,0.84,-0.542,-0.541,0.0,2.0,0.0,0.0,0.0,-0.3828,-0.5147503999999998,,,
0.4941,-0.8423,-0.4297,-0.812,0.78,-0.4285,0.4146,0.0,0.0,0.5283,0.4326,0.4778,0.0,-0.1598,0.8086,3.328,5.7,-0.8506,0.5435,-0.7409,3.46,-0.731,-1.019,0.256,6.625,6.703,0.0,0.0,6.664,0.0,7.547,-0.4717,3.742,-3.148,0.0,-0.5,-0.5,1.119,-0.793,-0.8364,0.0,3.0,0.0,0.0,0.0,-0.365,-0.029056,,,
0.594,-1.018,-0.4868,-1.071,0.3794,-0.4285,0.4065,0.0,0.0,0.609,0.4993,0.451,0.0,-0.1593,0.828,2.104,5.45,-1.049,0.5356,-0.5893,3.852,-0.7407,-0.731,-1.019,6.625,6.703,0.0,0.0,6.664,0.0,7.45,-0.6743,3.742,-2.684,-1.0,-1.0,-1.0,1.277,-0.9927,-1.009,0.0,4.0,0.0,0.0,0.0,-0.3186,1.0749199999999997,,,
0.6187,-0.3533,-0.3564,-1.146,-0.625,-0.4285,0.3984,0.0,0.0,0.4487,0.3298,0.513,0.0,-0.1588,2.053,1.152,4.684,-0.3555,0.5293,1.3911,3.893,-0.589,-0.7407,-0.731,6.625,6.703,0.0,0.0,6.664,0.0,7.547,-0.2297,3.691,6.28,-1.0,-1.0,-0.5,0.6567,-0.2461,-0.382,1.0,0.0,0.0,0.0,0.0,0.76,0.5480999999999997,,,
0.5713,-0.08954,-0.3044,-1.172,-0.903,-0.4285,0.3901,0.0,0.0,0.3838,0.2708,0.5386,0.0,-0.1584,0.05643,0.79,4.008,-0.0924,0.5293,0.5514,3.668,1.391,-0.589,-0.7407,6.625,6.703,0.0,0.0,6.664,0.0,7.547,-0.08813,3.662,2.379,0.0,-0.5,0.0,0.418,0.03702,-0.1638,2.0,0.0,0.0,0.0,0.0,0.2756,-0.21214,,,
0.642,-0.2489,-0.342,-1.23,18.77,-0.4285,0.382,0.0,0.0,0.4333,0.3103,0.5215,0.0,-0.158,0.26,0.8105,3.445,-0.2507,0.528,-0.3581,3.6,0.5513,1.391,-0.589,6.625,6.703,0.0,0.0,6.664,0.0,7.547,-0.1752,3.678,-1.501,0.0,-0.5,-0.5,0.546,-0.1161,-0.3523,0.0,1.0,0.0,0.0,0.0,-0.1709,-0.7091372,,,
0.7534,-0.706,-0.451,-1.417,3.047,-0.5713,0.374,0.0,0.0,0.5757,0.4387,0.4705,0.0,-0.1575,0.915,0.9106,2.838,-0.726,0.523,-1.0939,3.842,-0.3582,0.5513,1.391,6.625,6.703,0.0,0.0,6.664,0.0,7.547,-0.4626,3.74,-5.62,0.0,-0.5,-1.0,0.985,-0.5723,-0.799,0.0,2.0,0.0,0.0,0.0,-0.6475,0.1018319999999999,,,
0.657,-0.2018,-0.3677,-1.648,-0.729,-0.7144,0.366,0.0,0.0,0.4653,0.3406,0.5103,0.0,-0.1571,0.208,1.156,2.17,-0.2441,0.5156,0.8811,3.826,-1.094,-0.3582,0.5513,6.625,6.703,0.0,0.0,6.664,0.0,7.547,-0.554,3.742,3.326,1.0,-0.5,-1.0,0.5454,-0.1509,-0.3755,1.0,0.0,0.0,0.0,0.0,0.3967,-0.3523272,,,
0.6865,-0.4233,-0.4287,-1.841,2.1,-0.857,0.3577,0.0,0.0,0.5425,0.4153,0.482,0.0,-0.1566,0.461,1.533,1.562,-0.4666,0.509,-0.6099,3.773,0.8804,-1.094,-0.3582,6.625,6.703,0.0,0.0,6.664,0.0,7.547,-0.49,3.742,-1.84,0.0,-1.0,-1.0,0.7236,-0.4468,-0.607,0.0,1.0,0.0,0.0,0.0,-0.2135,0.3322320000000001,,,
0.7056,-0.944,-0.5444,-1.976,1.759,-0.857,0.3496,0.0,0.0,0.6943,0.569,0.4275,0.0,-0.1561,0.4924,1.962,1.245,-0.975,0.503,-1.1999,4.258,-0.61,0.8804,-1.094,6.625,6.703,0.0,0.0,6.664,0.0,7.297,-0.4014,3.576,-4.62,-1.0,-1.0,-1.0,1.258,-0.866,-0.9976,0.0,2.0,0.0,1.0,-6.94,-0.547,-0.1681235999999999,,,
0.946,-1.614,-0.6973,-2.21,0.964,-0.857,0.3416,0.0,0.0,0.9307,0.773,0.3547,0.0,-0.1558,1.768,2.502,1.377,-1.648,0.4944,-1.6579,5.41,-1.199,-0.61,0.8804,6.54,6.703,0.0,0.0,6.664,0.0,6.836,-0.606,3.52,-7.98,-1.0,-1.0,-1.0,1.913,-1.552,-1.282,0.0,3.0,0.0,0.0,0.0,-0.981,0.6981279999999999,,,
0.875,-0.9053,-0.5806,-2.514,-0.3608,-1.0,0.3333,0.0,0.0,0.757,0.6055,0.4097,0.0,-0.1553,1.894,3.258,1.84,-0.934,0.4802,1.3221,5.74,-1.658,-1.199,-0.61,6.44,6.703,0.0,0.0,6.664,0.0,7.184,-0.7676,3.742,6.895,0.0,-0.5,-1.0,1.235,-0.76,-0.8013,1.0,0.0,0.0,0.0,0.0,0.894,0.736316,,,
0.8105,-0.268,-0.474,-2.75,-0.693,-1.143,0.3252,0.0,0.0,0.61,0.4644,0.4595,0.0,-0.1548,-0.10913,3.932,2.354,-0.316,0.4714,1.1511,5.688,1.322,-1.658,-1.199,6.4,6.703,0.0,0.0,6.664,0.0,7.5,-0.5913,3.742,4.527,0.0,0.0,-1.0,0.6694,-0.1913,-0.4219,2.0,0.0,0.0,0.0,0.0,0.564,0.2558528,,,
0.802,-0.6113,-0.559,-2.959,2.098,-1.143,0.3171,0.0,0.0,0.7217,0.581,0.4187,0.0,-0.1544,-0.1788,4.496,2.943,-0.6167,0.4587,-0.9076,5.24,1.151,1.322,-1.658,6.36,6.703,0.0,0.0,6.664,0.0,7.242,-0.565,3.67,-2.719,0.0,-0.5,-1.0,1.037,-0.5386,-0.6714,0.0,1.0,0.0,1.0,-3.75,-0.3267,0.331256,,,
0.8413,-0.6914,-0.589,-3.133,0.2952,-1.143,0.3088,0.0,0.0,0.766,0.6206,0.404,0.0,-0.1539,0.9087,4.906,3.463,-0.7134,0.4526,-0.3402,5.16,-0.907,1.151,1.322,6.28,6.703,0.0,0.0,6.664,0.0,7.15,-0.5054,3.586,-1.063,0.0,-1.0,-1.0,1.1,-0.6406,-0.7236,0.0,2.0,0.0,0.0,0.0,-0.1316,-0.426116,,,
0.8853,-1.035,-0.6704,-3.309,0.736,-1.143,0.3008,0.0,0.0,0.8857,0.737,0.365,0.0,-0.1534,0.634,5.242,3.96,-1.062,0.4453,-0.9079,5.652,-0.3403,-0.907,1.151,6.19,6.703,0.0,0.0,6.645,0.0,6.9,-0.5195,3.486,-3.14,0.0,-1.0,-1.0,1.447,-0.9478,-0.902,0.0,3.0,0.0,0.0,0.0,-0.3928,0.7632320000000001,,,
0.7603,-0.483,-0.5674,-3.357,-0.4854,-1.143,0.2927,0.0,0.0,0.73,0.5967,0.4126,0.0,-0.1531,0.398,5.53,4.406,-0.4895,0.4402,1.1401,5.74,-0.9077,-0.3403,-0.907,6.18,6.703,0.0,0.0,6.62,0.0,7.203,-0.2343,3.416,3.91,0.0,-0.5,-0.5,0.844,-0.376,-0.529,1.0,0.0,0.0,0.0,0.0,0.5034,0.890128,,,
0.5366,0.2869,-0.423,-3.406,-1.915,-1.0,0.2847,1.0,0.0,0.5234,0.4204,0.4802,0.0,-0.1526,0.494,5.68,4.746,0.2554,0.4392,1.5611,5.293,1.139,-0.9077,-0.3403,6.273,6.703,0.0,0.0,6.594,0.0,7.547,-0.2124,3.588,7.8,0.0,-0.5,-0.5,0.2125,0.3506,-0.01956,2.0,0.0,1.0,0.0,8.86,0.969,-0.1847247999999999,,,
0.501,0.506,-0.3865,-3.469,0.7695,-0.857,0.2764,1.0,0.0,0.4753,0.377,0.497,0.0,-0.1521,-0.04376,5.645,4.97,0.4763,0.4358,0.3701,4.617,1.56,1.139,-0.9077,6.34,6.703,0.0,0.0,6.566,0.0,7.547,-0.2463,3.66,1.361,1.0,0.0,-0.5,0.0788,0.4802,0.1768,3.0,0.0,0.0,0.0,0.0,0.1613,0.405052,,,
0.4749,0.885,-0.3118,-3.45,0.822,-0.7144,0.2683,1.0,0.0,0.3845,0.2874,0.532,0.0,-0.1516,0.538,5.34,4.977,0.8364,0.4377,0.7631,4.516,0.3699,1.56,1.139,6.395,6.703,0.0,0.0,6.562,0.0,7.547,-0.05737,3.623,4.82,2.0,0.5,0.0,-0.2112,0.727,0.491,4.0,0.0,0.0,0.0,0.0,0.565,-0.14202,,,
0.4055,0.7266,-0.3333,-3.352,-0.04132,-0.5713,0.2603,1.0,0.0,0.4043,0.3193,0.5215,0.0,-0.1512,-0.2103,4.875,4.883,0.7134,0.4387,-0.2224,4.562,0.763,0.3699,1.56,6.47,6.703,0.0,0.0,6.566,0.0,7.547,0.09973,3.48,-0.7754,2.0,0.5,0.0,-0.1024,0.55,0.392,0.0,1.0,0.0,0.0,0.0,-0.0887,0.0613356,,,
0.354,0.8623,-0.3025,-3.3,0.3125,-0.4285,0.252,1.0,0.0,0.3643,0.2866,0.536,0.0,-0.1508,-0.2113,4.316,4.72,0.8613,0.4392,0.3053,4.78,-0.2224,0.763,0.3699,6.566,6.703,0.0,0.0,6.582,0.0,7.547,0.007355,3.588,0.85,2.0,0.5,0.0,-0.1985,0.6104,0.4644,1.0,0.0,0.0,0.0,0.0,0.09796,-0.0542287999999999,,,
0.3835,0.3582,-0.3982,-3.28,-0.4375,-0.2856,0.2439,1.0,0.0,0.4805,0.4014,0.4907,0.0,-0.1503,-0.05383,3.664,4.54,0.364,0.4397,-0.9584,4.797,0.305,-0.2224,0.763,6.625,6.703,0.0,0.0,6.59,0.0,7.547,-0.061,3.51,-2.945,1.0,0.0,0.0,0.2272,0.1613,0.0776,0.0,1.0,0.0,0.0,0.0,-0.3362,1.1227636000000003,,,
0.299,1.114,-0.2288,-3.031,1.973,-0.1428,0.2357,1.0,0.0,0.2769,0.2053,0.5703,0.0,-0.1499,0.8765,2.83,4.293,1.141,0.4475,1.7451,5.145,-0.958,0.305,-0.2224,6.625,6.703,0.0,0.0,6.605,0.0,7.547,0.4338,3.379,7.258,1.0,0.5,0.5,-0.4321,0.8335,0.6562,1.0,0.0,0.0,0.0,0.0,0.854,-0.0516059999999999,,,
0.2091,0.7656,-0.2651,-2.678,-0.1785,0.0,0.2277,1.0,0.0,0.31,0.2544,0.5537,0.0,-0.1494,-0.01788,2.012,3.922,0.8193,0.4595,-0.3529,5.23,1.744,-0.958,0.305,6.625,6.703,0.0,0.0,6.61,0.0,7.547,0.7153,3.13,-1.235,0.0,0.5,0.5,-0.266,0.5796,0.51,0.0,1.0,0.0,0.0,0.0,-0.1378,-0.0307894399999999,,,
0.0694,0.716,-0.251,-2.412,0.0705,0.1428,0.2195,1.0,0.0,0.283,0.2496,0.56,0.0,-0.1489,-0.06415,1.741,3.482,0.7603,0.471,0.1401,5.438,-0.353,1.744,-0.958,6.625,6.703,0.0,0.0,6.62,0.0,7.547,0.5796,3.246,0.4155,1.0,1.0,0.5,-0.3179,0.533,0.5234,1.0,0.0,0.0,0.0,0.0,0.04684,0.5172263999999999,,,
-0.005898,1.05,-0.1616,-2.162,0.581,0.2856,0.2195,1.0,1.0,0.1798,0.1558,0.6025,0.0,-0.1486,-0.3657,2.006,3.062,1.1,0.4805,0.8785,5.74,0.14,-0.353,1.744,6.625,6.703,0.0,0.0,6.656,0.0,7.547,0.5557,3.38,3.096,1.0,1.0,0.5,-0.602,0.82,0.7036,2.0,0.0,1.0,0.0,5.79,0.3477,-0.9151059999999996,,,
0.0707,0.287,-0.295,-1.944,-0.587,0.4285,0.2114,1.0,0.0,0.3328,0.301,0.5396,0.0,-0.1481,0.594,2.672,2.756,0.3386,0.4893,-1.2749,5.74,0.878,0.14,-0.353,6.625,6.703,0.0,0.0,6.664,0.0,7.547,0.4304,3.295,-4.79,1.0,0.5,0.5,0.0313,0.2798,0.271,0.0,1.0,0.0,0.0,0.0,-0.5234,-0.4813211999999998,,,
0.099,-0.2524,-0.3892,-1.775,-1.431,0.4285,0.2032,0.0,0.0,0.4465,0.4136,0.4949,0.0,-0.1476,0.4917,3.336,2.58,-0.1902,0.495,-0.9423,5.74,-1.274,0.878,0.14,6.625,6.703,0.0,0.0,6.664,0.0,7.547,0.2788,3.28,-4.504,0.0,0.0,0.5,0.447,-0.1265,-0.02559,0.0,2.0,0.0,0.0,0.0,-0.5127,-0.6770027999999998,,,
0.2045,-0.8257,-0.4922,-1.618,3.715,0.4285,0.1951,0.0,0.0,0.5845,0.5386,0.446,0.0,-0.1472,1.11,3.879,2.53,-0.7417,0.499,-1.0649,5.74,-0.942,-1.274,0.878,6.625,6.703,0.0,0.0,6.664,0.0,7.41,0.2324,3.176,-5.914,0.0,-0.5,0.5,0.886,-0.562,-0.3542,0.0,3.0,0.0,0.0,0.0,-0.694,0.2736707999999999,,,
0.11926,-0.629,-0.4438,-1.516,-0.1492,0.4285,0.187,0.0,0.0,0.516,0.4817,0.4685,0.0,-0.1467,-0.3772,4.27,2.627,-0.5405,0.5024,0.5101,5.45,-1.064,-0.942,-1.274,6.625,6.703,0.0,0.0,6.664,0.0,7.547,0.1425,3.303,2.252,0.0,0.0,0.5,0.5664,-0.3408,-0.2554,1.0,0.0,0.0,0.0,0.0,0.2732,-1.3389919999999995,,,
0.2756,-1.464,-0.626,-1.674,1.762,0.2856,0.1788,0.0,0.0,0.773,0.7207,0.3826,0.0,-0.1462,1.273,4.36,2.754,-1.372,0.4956,-1.9099,5.633,0.5093,-1.064,-0.942,6.625,6.703,0.0,0.0,6.664,0.0,7.008,-0.4932,3.518,-9.51,-1.0,-0.5,0.0,1.461,-1.069,-0.849,0.0,1.0,0.0,0.0,0.0,-1.43,-0.2743056,,,
0.3318,-1.647,-0.681,-1.904,0.2751,0.1428,0.1708,0.0,0.0,0.8574,0.799,0.356,0.0,-0.1459,0.1512,4.12,2.795,-1.511,0.4812,-0.6254,5.74,-1.909,0.5093,-1.064,6.527,6.703,0.0,0.0,6.664,0.0,6.836,-0.6597,3.562,-3.67,-1.0,-0.5,-0.5,1.626,-1.245,-0.927,0.0,2.0,0.0,1.0,-7.48,-0.466,0.36538,,,
0.265,-1.186,-0.607,-2.139,-0.1818,0.0,0.1626,0.0,0.0,0.7446,0.6934,0.3901,0.0,-0.1454,0.497,3.812,2.795,-1.009,0.467,0.8229,5.74,-0.625,-1.909,0.5093,6.37,6.69,0.0,0.0,6.66,0.0,7.055,-0.664,3.66,4.82,0.0,-0.5,-0.5,1.174,-0.7256,-0.6836,1.0,0.0,0.0,0.0,0.0,0.6245,-0.4740842000000001,,,
0.289,-1.364,-0.6626,-2.395,0.3064,-0.1428,0.1544,0.0,0.0,0.827,0.7744,0.363,0.0,-0.1449,-0.265,3.516,2.781,-1.215,0.4585,-0.6376000000000001,5.74,0.8228,-0.625,-1.909,6.24,6.66,0.0,0.0,6.65,0.0,6.883,-0.7124,3.62,-2.078,0.0,-0.5,-0.5,1.394,-0.904,-0.8174,0.0,1.0,0.0,0.0,0.0,-0.2625,-0.59868,,,
0.3591,-1.661,-0.749,-2.746,0.381,-0.2856,0.1464,0.0,0.0,0.963,0.9033,0.3215,0.0,-0.1444,-0.2404,3.377,2.777,-1.538,0.446,-0.9916,5.74,-0.637,0.8228,-0.625,6.11,6.625,0.0,0.0,6.637,0.0,6.617,-0.8906,3.63,-3.85,-1.0,-1.0,-1.0,1.743,-1.25,-1.012,0.0,2.0,0.0,1.0,-5.023,-0.496,-0.2005999999999998,,,
0.4106,-1.734,-0.7866,-3.043,0.1826,-0.4285,0.1382,0.0,0.0,1.026,0.96,0.3027,0.0,-0.144,0.539,3.553,2.838,-1.607,0.4326,-0.4623,5.74,-0.991,-0.637,0.8228,6.004,6.594,0.0,0.0,6.61,0.0,6.5,-0.825,3.531,-2.207,-1.0,-1.5,-1.0,1.75,-1.402,-1.002,0.0,3.0,0.0,0.0,0.0,-0.2935,0.6953559999999999,,,
0.2695,-1.278,-0.7295,-3.438,-0.1613,-0.5713,0.1301,0.0,0.0,0.9253,0.879,0.3284,0.0,-0.1436,0.001902,4.27,3.059,-1.167,0.4167,0.6421,5.74,-0.4622,-0.991,-0.637,5.9,6.562,0.0,0.0,6.57,0.0,6.66,-1.138,3.742,2.86,0.0,-1.0,-1.0,1.343,-0.9614,-0.785,1.0,0.0,0.0,0.0,0.0,0.3857,-0.7122739999999999,,,
0.33,-1.521,-0.8096,-3.867,0.3499,-0.7144,0.12195,0.0,0.0,1.058,1.005,0.2896,0.0,-0.1431,0.271,5.32,3.42,-1.456,0.4028,-0.9579,5.74,0.642,-0.4622,-0.991,5.832,6.527,0.0,0.0,6.516,0.0,6.414,-1.185,3.742,-3.588,-1.0,-1.0,-1.0,1.72,-1.243,-0.87,0.0,1.0,0.0,0.0,0.0,-0.4746,0.4010560000000001,,,
0.2932,-1.142,-0.7715,-4.285,-0.1481,-0.857,0.11383,0.0,0.0,0.9927,0.945,0.3064,0.0,-0.1427,0.02704,5.836,3.914,-1.145,0.3909,0.4261,5.74,-0.9575,0.642,-0.4622,5.793,6.508,0.0,0.0,6.453,0.0,6.52,-1.123,3.742,1.369,0.0,-0.5,-1.0,1.373,-0.953,-0.72,1.0,0.0,0.0,0.0,0.0,0.1868,0.353032,,,
0.2396,-0.651,-0.7173,-4.74,-0.3613,-1.0,0.1057,0.0,0.0,0.9043,0.8623,0.3306,0.0,-0.1422,0.0238,5.836,4.535,-0.72,0.3772,0.6101,5.74,0.4258,-0.9575,0.642,5.75,6.504,0.0,0.0,6.406,0.0,6.676,-1.232,3.742,1.771,1.0,-0.5,-1.0,0.9663,-0.637,-0.5635,2.0,0.0,0.0,0.0,0.0,0.2384,0.0710699999999999,,,
0.1981,-0.3828,-0.6953,-5.066,-0.3699,-1.143,0.09753,0.0,0.0,0.868,0.832,0.3398,0.0,-0.1417,0.407,5.836,5.207,-0.4941,0.3662,0.2269,5.74,0.6094,0.4258,-0.9575,5.73,6.492,0.0,0.0,6.35,0.0,6.734,-1.026,3.742,0.977,2.0,0.0,-0.5,0.763,-0.518,-0.4824,3.0,0.0,1.0,0.0,3.832,0.129,-0.2962660000000001,,,
0.2335,-0.5234,-0.746,-5.36,0.6323,-1.143,0.0894,0.0,0.0,0.948,0.9087,0.3154,0.0,-0.1414,0.7476,5.836,5.7,-0.641,0.3542,-0.5966,5.74,0.2267,0.6094,0.4258,5.727,6.465,0.0,0.0,6.305,0.0,6.58,-0.9707,3.67,-2.295,1.0,0.0,-0.5,0.9404,-0.756,-0.548,0.0,1.0,0.0,0.0,0.0,-0.301,-0.453516,,,
0.1696,-0.772,-0.813,-5.617,0.7344,-1.143,0.0813,0.0,0.0,1.05,1.024,0.2832,0.0,-0.1409,0.0219,5.836,5.7,-0.874,0.3416,-0.7989,5.74,-0.5967,0.2267,0.6094,5.715,6.44,0.0,0.0,6.23,0.0,6.375,-0.92,3.545,-3.262,1.0,-0.5,-0.5,1.234,-1.022,-0.6426,0.0,2.0,0.0,0.0,0.0,-0.4358,0.2665920000000001,,,
0.1638,-0.412,-0.771,-5.887,-0.4236,-1.143,0.0732,0.0,0.0,0.982,0.955,0.3018,0.0,-0.1404,-0.01066,5.836,5.7,-0.525,0.3298,0.4737,5.74,-0.799,-0.5967,0.2267,5.69,6.42,0.0,0.0,6.164,0.0,6.492,-0.948,3.617,1.891,1.0,0.0,-0.5,0.853,-0.807,-0.518,1.0,0.0,0.0,0.0,0.0,0.259,-1.1666839999999994,,,
0.182,-1.04,-0.9014,-6.1,2.16,-1.143,0.06506,0.0,0.0,1.199,1.177,0.24,0.0,-0.14,0.366,5.836,5.7,-1.107,0.3167,-1.5509,5.74,0.4734,-0.799,-0.5967,5.656,6.402,0.0,0.0,6.082,0.0,6.098,-0.868,3.389,-6.98,0.0,0.0,-0.5,1.524,-1.391,-0.7637,0.0,1.0,0.0,0.0,0.0,-0.9424,-0.0280023999999999,,,
0.1787,-0.959,-0.9014,-6.27,0.04327,-1.143,0.05692,0.0,0.0,1.199,1.177,0.2388,0.0,-0.1395,0.4045,5.836,5.7,-1.039,0.3093,-0.03222,5.74,-1.55,0.4734,-0.799,5.605,6.37,0.0,0.0,5.984,0.0,6.09,-0.774,3.316,-0.10077,-1.0,0.0,-0.5,1.372,-1.317,-0.7695,0.0,2.0,0.0,0.0,0.0,-0.0143,1.1888799999999995,,,
0.1403,-0.094,-0.76,-6.395,-0.92,-1.143,0.04877,0.0,0.0,0.962,0.9385,0.3037,0.0,-0.139,0.9976,5.836,5.7,-0.16,0.3008,1.7111,5.74,-0.0323,-1.55,0.4734,5.586,6.34,0.0,0.0,5.92,0.0,6.5,-0.558,3.344,5.707,0.0,0.0,-0.5,0.5938,-0.4167,-0.364,1.0,0.0,0.0,0.0,0.0,0.811,-0.9444799999999997,,,
0.297,-0.587,-0.8604,-6.54,18.77,-1.143,0.04065,0.0,0.0,1.139,1.095,0.2559,0.0,-0.1387,0.939,5.836,5.7,-0.668,0.295,-1.1939,5.066,1.71,-0.0323,-1.55,5.523,6.297,0.0,0.0,5.86,0.0,6.2,-0.6406,3.27,-4.55,0.0,0.0,-0.5,1.082,-0.8916,-0.675,0.0,1.0,0.0,0.0,0.0,-0.614,0.0518848,,,
0.287,-0.1958,-0.796,-6.54,-0.6934,-1.143,0.03253,0.0,0.0,1.031,0.9854,0.2852,0.0,-0.1382,0.5396,5.836,5.7,-0.257,0.2903,0.7594,4.5,-1.193,1.71,-0.0323,5.5,6.254,0.0,0.0,5.816,0.0,6.383,-0.286,3.098,3.281,0.0,0.0,0.0,0.6953,-0.4663,-0.416,1.0,0.0,0.0,0.0,0.0,0.4597,-0.0654135999999999,,,
0.2228,-0.0742,-0.7744,-6.54,-1.001,-1.0,0.02438,1.0,0.0,0.9917,0.9556,0.2944,0.0,-0.1377,-0.0811,5.836,5.7,-0.11694,0.2878,0.2350999999999999,3.332,0.7593,-1.193,1.71,5.508,6.21,0.0,0.0,5.773,0.0,6.44,-0.14,3.02,0.6025,1.0,0.0,0.5,0.533,-0.3425,-0.305,2.0,0.0,0.0,0.0,0.0,0.08246,0.3738919999999996,,,
0.2386,0.5947,-0.6523,-6.535,18.77,-0.857,0.01627,1.0,0.0,0.808,0.763,0.35,0.0,-0.1372,1.148,5.836,5.7,0.5713,0.2874,1.4081,3.115,0.2349,0.7593,-1.193,5.547,6.18,0.0,0.0,5.76,0.0,6.797,0.014145,3.064,4.23,2.0,0.0,0.5,-0.03665,0.2788,0.365,3.0,0.0,0.0,0.0,0.0,0.5747,-0.8761139999999998,,,
0.4014,-0.1398,-0.779,-6.5,-1.027,-0.857,0.00813,0.0,0.0,1.013,0.9473,0.2908,0.0,-0.1368,0.542,5.836,5.7,-0.1476,0.2869,-1.4374,2.992,1.407,0.2349,0.7593,5.582,6.145,0.0,0.0,5.746,0.0,6.418,-0.0886,2.973,-5.8,1.0,0.0,0.5,0.6416,-0.2937,-0.3083,0.0,1.0,0.0,0.0,0.0,-0.755,-0.3203079999999999,,,
0.4622,-0.25,-0.7993,-6.51,2.148,-0.857,0.0,0.0,0.0,1.051,0.977,0.2798,0.0,-0.1364,0.597,5.37,5.7,-0.264,0.2856,-0.2733,2.52,-1.437,1.407,0.2349,5.613,6.094,0.0,0.0,5.72,0.0,6.348,-0.2223,3.037,-0.805,1.0,0.0,0.0,0.706,-0.3916,-0.4128,0.0,2.0,0.0,0.0,0.0,-0.10974,-1.4415559999999998,,,
0.698,-1.074,-0.9595,-6.54,5.355,-0.857,-0.00813,0.0,0.0,1.344,1.24,0.2047,0.0,-0.1359,0.8096,4.688,5.7,-1.092,0.2776,-1.9189,2.814,-0.2732,-1.437,1.407,5.54,6.03,0.0,0.0,5.676,0.0,5.87,-0.6426,3.129,-9.05,0.0,-0.5,-0.5,1.612,-1.109,-1.256,0.0,3.0,0.0,0.0,0.0,-1.244,0.3241112,,,
0.6396,-0.775,-0.922,-6.54,-0.1887,-0.857,-0.01627,0.0,0.0,1.272,1.176,0.2206,0.0,-0.1355,0.3997,4.113,5.7,-0.7715,0.267,0.4327,3.07,-1.918,-0.2732,-1.437,5.516,5.97,0.0,0.0,5.65,0.0,5.973,-0.6064,3.146,1.6875,0.0,0.0,-0.5,1.295,-0.8076,-0.9233,1.0,0.0,0.0,0.0,0.0,0.2467,0.2465336,,,
0.7036,-1.12,-0.9976,-6.54,0.665,-0.857,-0.02438,0.0,0.0,1.416,1.313,0.1843,0.0,-0.135,0.888,3.703,5.7,-1.11,0.2576,-0.9726,3.645,0.4324,-1.918,-0.2732,5.438,5.895,0.0,0.0,5.617,0.0,5.742,-0.6445,3.072,-3.602,-1.0,0.0,-0.5,1.652,-1.141,-1.129,0.0,1.0,0.0,0.0,0.0,-0.5195,0.6305617600000002,,,
0.652,-0.6626,-0.9263,-6.54,-0.3372,-0.857,-0.03253,0.0,0.0,1.28,1.183,0.216,0.0,-0.1345,0.2179,3.482,5.613,-0.626,0.2502,0.8741,3.73,-0.9727,0.4324,-1.918,5.38,5.84,0.0,0.0,5.586,0.0,5.94,-0.377,2.97,3.506,0.0,0.0,0.0,1.17,-0.616,-0.73,1.0,0.0,0.0,0.0,0.0,0.5215,0.2162599999999999,,,
0.616,0.0833,-0.8,-6.54,-1.237,-0.7144,-0.04065,1.0,0.0,1.064,0.9653,0.2727,0.0,-0.1342,0.4062,3.31,5.21,0.11536,0.2479,1.5281,3.723,0.8735,-0.9727,0.4324,5.324,5.8,0.0,0.0,5.582,0.0,6.3,-0.2081,3.008,5.64,1.0,0.5,0.0,0.459,0.0784,-0.1436,2.0,0.0,1.0,0.0,8.61,0.817,-0.1330693199999999,,,
0.5874,-0.1274,-0.8306,-6.54,-1.234,-0.7144,-0.04877,0.0,0.0,1.112,1.019,0.2573,0.0,-0.1337,0.0958,3.215,4.773,-0.0796,0.248,-0.3944,3.684,1.527,0.8735,-0.9727,5.297,5.766,0.0,0.0,5.57,0.0,6.203,-0.02037,2.832,-1.324,1.0,0.0,0.0,0.634,-0.05502,-0.2769,0.0,1.0,0.0,0.0,0.0,-0.183,0.0030016,,,
0.5327,0.6855,-0.6733,-6.54,-14.766,-0.5713,-0.05692,1.0,0.0,0.8623,0.7705,0.3281,0.0,-0.1332,0.126,3.018,4.31,0.7563,0.2522,1.8421,3.668,-0.3945,1.527,0.8735,5.336,5.742,0.0,0.0,5.57,0.0,6.652,0.2412,2.842,5.617,1.0,0.0,0.5,-0.1099,0.6934,0.455,1.0,0.0,1.0,0.0,7.566,0.786,-1.0617536000000003,,,
0.6123,-0.05386,-0.804,-6.54,-0.897,-0.4285,-0.06506,1.0,0.0,1.07,0.972,0.2668,0.0,-0.1328,1.014,2.86,3.826,-0.01177,0.2522,-1.5059,3.408,1.841,-0.3945,1.527,5.38,5.72,0.0,0.0,5.55,0.0,6.266,-0.2329,3.01,-6.23,1.0,-0.5,0.0,0.5806,0.04678,-0.1412,0.0,1.0,0.0,0.0,0.0,-0.824,0.013856,,,
0.5454,-0.1422,-0.8154,-6.54,-3.307,-0.4285,-0.0732,0.0,0.0,1.084,0.997,0.2603,0.0,-0.1323,-0.05612,2.705,3.367,-0.0899,0.2517,-0.1723,3.281,-1.505,1.841,-0.3945,5.41,5.703,0.0,0.0,5.535,0.0,6.223,-0.07684,2.879,-0.8066,0.0,-0.5,0.0,0.608,-0.0385,-0.1868,0.0,2.0,0.0,0.0,0.0,-0.112,-0.6131160000000001,,,
0.8247,-0.6816,-0.9165,-6.54,9.59,-0.4285,-0.0813,0.0,0.0,1.277,1.15,0.2126,0.0,-0.1318,2.906,2.63,3.006,-0.609,0.2452,-1.2359,3.422,-0.1722,-1.505,1.841,5.43,5.67,0.0,0.0,5.516,0.0,5.918,-0.3794,2.963,-9.266,-1.0,-0.5,-0.5,1.176,-0.4875,-0.668,0.0,3.0,0.0,0.0,0.0,-1.293,0.7066759999999997,,,
0.7944,-0.1523,-0.8286,-6.54,-0.8086,-0.5713,-0.0894,0.0,0.0,1.125,0.9985,0.2512,0.0,-0.1315,0.351,2.516,2.707,-0.09515,0.2432,1.0431,3.336,-1.235,-0.1722,-1.505,5.457,5.652,0.0,0.0,5.504,0.0,6.164,-0.2554,2.982,3.537,0.0,0.0,-0.5,0.6484,-0.01132,-0.2189,1.0,0.0,0.0,0.0,0.0,0.5137,-0.20562,,,
0.7837,-0.505,-0.9067,-6.54,5.44,-0.7144,-0.09753,0.0,0.0,1.257,1.136,0.214,0.0,-0.131,-0.10785,2.373,2.545,-0.4949,0.2375,-0.9716,3.436,1.042,-1.235,-0.1722,5.414,5.633,0.0,0.0,5.496,0.0,5.93,-0.619,3.139,-3.012,-1.0,-0.5,-1.0,1.017,-0.4312,-0.6084,0.0,1.0,0.0,0.0,0.0,-0.4236,0.4758712000000001,,,
0.6636,-0.1781,-0.8564,-6.54,-0.6914,-0.7144,-0.1057,0.0,0.0,1.161,1.057,0.2356,0.0,-0.1305,0.3645,2.15,2.436,-0.1621,0.2329,0.5821,3.443,-0.971,1.042,-1.235,5.4,5.62,0.0,0.0,5.496,0.0,6.066,-0.3218,2.986,1.902,0.0,0.0,-0.5,0.728,-0.11206,-0.37,1.0,0.0,0.0,0.0,0.0,0.276,1.1928800000000004,,,
0.6387,0.731,-0.6943,-6.54,-9.91,-0.5713,-0.11383,1.0,0.0,0.9014,0.7935,0.3086,0.0,-0.13,1.858,1.711,2.342,0.753,0.2339,1.9281,3.469,0.582,-0.971,1.042,5.383,5.617,0.0,0.0,5.496,0.0,6.527,0.011314,2.951,7.973,1.0,0.0,0.0,-0.07,0.667,0.4177,2.0,0.0,0.0,0.0,0.0,1.136,0.5255759999999998,,,
0.4885,1.21,-0.585,-6.54,0.763,-0.4285,-0.12195,1.0,0.0,0.7324,0.644,0.3577,0.0,-0.1296,-0.1365,1.173,2.182,1.255,0.2427,1.2261,3.955,1.927,0.582,-0.971,5.45,5.63,0.0,0.0,5.523,0.0,6.836,0.497,2.74,4.99,2.0,0.0,0.5,-0.4583,1.125,0.7866,3.0,0.0,1.0,0.0,9.375,0.67,-0.0564264,,,
0.5146,0.7915,-0.637,-6.54,-0.2129,-0.2856,-0.1301,1.0,0.0,0.808,0.718,0.3333,0.0,-0.1292,-0.1775,0.8354,1.993,0.8335,0.2512,-0.5863,4.16,1.226,1.927,0.582,5.504,5.633,0.0,0.0,5.54,0.0,6.684,0.3347,2.79,-2.838,1.0,0.0,0.0,-0.1604,0.796,0.4995,0.0,1.0,0.0,0.0,0.0,-0.3672,-0.6184952000000001,,,
0.5723,0.2844,-0.705,-6.395,-0.4873,-0.1428,-0.1382,1.0,0.0,0.9126,0.816,0.3018,0.0,-0.1287,0.755,0.8403,1.786,0.3516,0.2578,-0.7719,4.184,-0.586,1.226,1.927,5.57,5.63,0.0,0.0,5.54,0.0,6.48,0.3567,2.686,-2.578,1.0,-0.5,0.0,0.2048,0.4326,0.2031,0.0,2.0,0.0,0.0,0.0,-0.3396,0.5206139999999998,,,
0.518,0.5757,-0.6333,-6.168,0.985,0.0,-0.1464,1.0,0.0,0.8027,0.7114,0.3337,0.0,-0.1283,0.0757,1.138,1.577,0.648,0.2656,0.8023,4.062,-0.7715,-0.586,1.226,5.633,5.63,0.0,0.0,5.535,0.0,6.684,0.3577,2.773,2.445,1.0,0.0,0.0,-0.1243,0.69,0.521,1.0,0.0,0.0,0.0,0.0,0.33,-0.1338716,,,
0.4873,0.2152,-0.6904,-6.09,-0.4531,0.0,-0.1544,1.0,0.0,0.8833,0.8,0.3074,0.0,-0.1278,-0.4775,1.427,1.358,0.2896,0.268,-0.6459,4.113,0.802,-0.7715,-0.586,5.703,5.625,0.0,0.0,5.54,0.0,6.516,0.04565,2.924,-1.601,0.0,0.0,-0.5,0.197,0.3975,0.2598,0.0,1.0,0.0,0.0,0.0,-0.2108,-0.2342119999999999,,,
0.4817,0.1752,-0.6875,-5.98,-0.01062,0.1428,-0.1626,1.0,0.0,0.8794,0.797,0.3076,0.0,-0.1273,-0.01985,1.703,1.151,0.2625,0.2705,0.0112299999999999,4.184,-0.646,0.802,-0.7715,5.754,5.633,0.0,0.0,5.547,0.0,6.52,0.11566,2.875,0.02034,0.0,0.5,0.0,0.12274,0.2869,0.2456,1.0,0.0,0.0,0.0,0.0,0.002735,0.1132559999999999,,,
0.3794,0.2795,-0.67,-5.99,0.5684,0.1428,-0.1708,1.0,0.0,0.8447,0.7783,0.3152,0.0,-0.127,0.0008435,1.894,1.046,0.3699,0.2695,0.1865,4.06,0.01112,-0.646,0.802,5.76,5.633,0.0,0.0,5.574,0.0,6.566,-0.1565,3.09,0.421,1.0,0.5,0.0,-0.002079,0.2705,0.2734,2.0,0.0,0.0,0.0,0.0,0.05658,-0.8191127999999998,,,
0.3853,-0.1754,-0.747,-5.94,-1.214,0.0,-0.1788,0.0,0.0,0.962,0.8975,0.2795,0.0,-0.1265,0.3545,2.045,1.066,-0.0693,0.2693,-0.8876000000000001,3.908,0.1863,0.01112,-0.646,5.703,5.64,0.0,0.0,5.59,0.0,6.34,-0.0317,2.9,-2.191,1.0,0.5,0.0,0.4219,-0.0802,-0.0915,0.0,1.0,0.0,0.0,0.0,-0.293,-0.8030844,,,
0.543,-0.8643,-0.873,-5.977,7.953,0.0,-0.187,0.0,0.0,1.18,1.096,0.2213,0.0,-0.126,0.56,2.148,1.13,-0.772,0.2678,-1.4839,3.615,-0.887,0.1863,0.01112,5.617,5.637,0.0,0.0,5.6,0.0,5.973,-0.2698,2.908,-4.125,0.0,0.0,0.0,1.063,-0.692,-0.7173,0.0,2.0,0.0,0.0,0.0,-0.5674,-1.0363,,,
0.468,-1.565,-1.002,-6.023,1.091,0.0,-0.1951,0.0,0.0,1.405,1.341,0.1616,0.0,-0.1256,0.529,2.205,1.201,-1.527,0.2693,-1.5989,4.113,-1.484,-0.887,0.1863,5.516,5.613,0.0,0.0,5.586,0.0,5.594,-0.3184,2.777,-5.977,0.0,-0.5,0.0,1.746,-1.305,-1.186,0.0,3.0,0.0,1.0,-7.91,-0.862,-1.0848020000000005,,,
0.633,-2.223,-1.136,-6.242,0.6055,0.0,-0.2032,0.0,0.0,1.685,1.603,0.0996,0.0,-0.1251,0.0887,2.129,1.19,-2.123,0.2537,-1.7449,5.39,-1.598,-1.484,-0.887,5.34,5.586,0.0,0.0,5.54,0.0,5.2,-0.73,2.898,-7.746,-1.0,-1.0,-0.5,2.482,-1.946,-1.282,0.0,4.0,0.0,1.0,-7.91,-1.176,0.2031639999999999,,,
0.571,-2.094,-1.125,-6.383,0.069,0.0,-0.2114,0.0,0.0,1.656,1.584,0.10297,0.0,-0.12463,-0.1775,2.01,1.202,-1.99,0.2454,0.0997,5.74,-1.745,-1.598,-1.484,5.188,5.55,0.0,0.0,5.5,0.0,5.223,-0.593,2.809,0.2815,-1.0,-0.5,0.0,2.217,-1.72,-1.112,1.0,0.0,0.0,0.0,0.0,0.04517,0.2923719999999999,,,
0.5317,-1.881,-1.102,-6.54,0.02078,0.0,-0.2195,0.0,0.0,1.605,1.537,0.1119,0.0,-0.1242,0.2842,1.978,1.306,-1.753,0.2343,0.2651,5.74,0.09955,-1.745,-1.598,5.043,5.52,0.0,0.0,5.445,0.0,5.277,-0.6646,2.885,0.997,0.0,0.0,0.0,1.829,-1.516,-0.93,2.0,0.0,0.0,0.0,0.0,0.1595,-1.3861488,,,
0.7114,-2.307,-1.292,-6.54,0.667,-0.1428,-0.2277,0.0,0.0,2.041,1.957,0.02464,0.0,-0.1238,1.606,2.887,1.816,-2.123,0.2054,-2.4299,5.74,0.2646,0.09955,-1.745,4.83,5.46,0.0,0.0,5.38,0.0,4.723,-1.363,3.14,-9.51,0.0,-0.5,-0.5,2.836,-2.066,-1.183,0.0,1.0,0.0,1.0,-7.91,-2.207,-0.0978239999999999,,,
0.658,-2.307,-1.282,-6.54,0.01707,-0.2856,-0.2357,0.0,0.0,2.014,1.938,0.02731,0.0,-0.1233,0.2389,4.848,2.871,-2.123,0.1705,0.0858,5.74,-2.428,0.2646,0.09955,4.64,5.414,0.0,0.0,5.316,0.0,4.742,-1.473,3.408,0.461,1.0,0.0,-0.5,2.69,-2.066,-1.007,1.0,0.0,0.0,0.0,0.0,0.0795,1.6468160000000005,,,
0.596,-1.487,-1.1455,-6.54,-0.3105,-0.4285,-0.2439,0.0,0.0,1.703,1.627,0.0868,0.0,-0.12286,0.6626,5.836,4.066,-1.015,0.1461,1.9011,5.74,0.08563,-2.428,0.2646,4.54,5.383,0.0,0.0,5.285,0.0,5.117,-1.222,3.213,8.664,2.0,0.0,0.0,1.658,-1.152,-0.685,2.0,0.0,1.0,0.0,8.62,1.491,0.2464592000000001,,,
0.535,-1.472,-1.173,-6.54,0.12134,-0.5713,-0.252,0.0,0.0,1.756,1.691,0.0731,0.0,-0.12244,0.0712,5.836,5.18,-1.015,0.1316,-0.4132,5.74,1.9,0.08563,-2.428,4.477,5.36,0.0,0.0,5.24,0.0,5.03,-1.182,3.146,-1.251,1.0,-0.5,0.0,1.698,-1.238,-0.6826,0.0,1.0,0.0,0.0,0.0,-0.2032,-0.1057879999999999,,,
0.5283,-1.332,-1.186,-6.54,0.026,-0.7144,-0.2603,0.0,0.0,1.783,1.721,0.06573,0.0,-0.12195,0.1366,5.836,5.7,-0.919,0.11664,-0.2246,5.74,-0.413,1.9,0.08563,4.45,5.332,0.0,0.0,5.2,0.0,4.984,-1.44,3.31,-0.727,0.0,-0.5,-0.5,1.6455,-1.234,-0.6606,0.0,2.0,0.0,0.0,0.0,-0.1196,0.9115440000000002,,,
0.4983,-0.5137,-1.08,-6.54,-0.566,-0.857,-0.2683,0.0,0.0,1.56,1.495,0.1112,0.0,-0.1215,0.2438,5.836,5.7,-0.146,0.1072,1.3991,5.74,-0.2246,-0.413,1.9,4.457,5.316,0.0,0.0,5.168,0.0,5.27,-1.038,3.15,5.74,1.0,0.0,0.0,0.99,-0.4329,-0.4502,1.0,0.0,0.0,0.0,0.0,0.951,-0.0532919999999999,,,
0.454,-0.283,-1.07,-6.54,-0.4368,-1.0,-0.2764,0.0,0.0,1.537,1.4795,0.114,0.0,-0.12103,-0.287,5.836,5.7,-0.01675,0.10095,0.08225,5.74,1.398,-0.2246,-0.413,4.457,5.3,0.0,0.0,5.117,0.0,5.29,-1.022,3.146,0.1644,1.0,0.5,0.0,0.892,-0.3445,-0.405,2.0,0.0,0.0,0.0,0.0,0.02612,-0.6524279999999998,,,
0.53,-0.465,-1.132,-6.54,1.099,-1.143,-0.2847,0.0,0.0,1.668,1.602,0.08514,0.0,-0.1206,0.517,5.836,5.7,-0.317,0.093,-0.8485,5.74,0.0821,1.398,-0.2246,4.504,5.266,0.0,0.0,5.043,0.0,5.105,-1.146,3.154,-2.236,0.0,0.5,-0.5,1.205,-0.6694,-0.4822,0.0,1.0,0.0,0.0,0.0,-0.354,-0.7293375999999998,,,
0.5713,-0.734,-1.205,-6.54,0.8823,-1.143,-0.2927,0.0,0.0,1.829,1.761,0.05084,0.0,-0.1202,-0.02692,5.836,5.7,-0.6704,0.0829,-1.0369,5.74,-0.848,0.0821,1.398,4.52,5.23,0.0,0.0,4.97,0.0,4.887,-1.143,3.057,-3.1,0.0,0.0,-0.5,1.557,-1.085,-0.581,0.0,2.0,0.0,1.0,-7.047,-0.5044,-0.23342,,,
0.5566,-0.709,-1.225,-6.54,0.09204,-1.143,-0.3008,0.0,0.0,1.872,1.809,0.04013,0.0,-0.1197,0.631,5.836,5.7,-0.6885,0.0731,-0.3339,5.74,-1.036,-0.848,0.0821,4.484,5.18,0.0,0.0,4.9,0.0,4.82,-1.018,2.938,-1.044,0.0,-0.5,-0.5,1.518,-1.196,-0.581,0.0,3.0,0.0,0.0,0.0,-0.1755,-0.0281127199999999,,,
0.716,-1.316,-1.339,-6.54,1.168,-1.143,-0.3088,0.0,0.0,2.156,2.076,-0.012344,0.0,-0.11926,0.7383,5.836,5.7,-1.255,0.05817,-1.6559,5.74,-0.3337,-1.036,-0.848,4.42,5.13,0.0,0.0,4.81,0.0,4.49,-0.996,2.777,-8.21,-1.0,-0.5,-0.5,2.162,-1.863,-0.761,0.0,4.0,0.0,1.0,-7.754,-1.3955,0.1409535999999999,,,
0.625,-1.248,-1.341,-6.54,0.07385,-1.143,-0.3171,0.0,0.0,2.154,2.088,-0.01535,0.0,-0.11884,0.4172,5.836,5.7,-1.163,0.04834,-0.0999999999999999,5.74,-1.655,-0.3337,-1.036,4.363,5.08,0.0,0.0,4.723,0.0,4.47,-0.788,2.62,-0.3428,-2.0,-1.0,-0.5,2.033,-1.72,-0.7266,0.0,5.0,0.0,0.0,0.0,-0.0614,0.28590088,,,
0.609,-1.04,-1.321,-6.54,-0.05698,-1.143,-0.3252,0.0,0.0,2.107,2.041,-0.00911,0.0,-0.11835,-0.07184,5.836,5.7,-0.9917,0.04288,0.2084,5.74,-0.10004,-1.655,-0.3337,4.273,5.04,0.0,0.0,4.64,0.0,4.508,-0.765,2.621,0.4268,-1.0,-1.0,-0.5,1.771,-1.453,-0.6655,1.0,0.0,0.0,0.0,0.0,0.0767,0.7792200000000002,,,
0.538,-0.2494,-1.212,-6.54,-0.748,-1.143,-0.3333,0.0,0.0,1.842,1.78,0.03757,0.0,-0.1179,-0.1438,5.836,5.7,-0.2034,0.03732,1.5481,5.74,0.2081,-0.10004,-1.655,4.215,5.004,0.0,0.0,4.566,0.0,4.805,-0.4973,2.559,4.16,0.0,-0.5,-0.5,0.9043,-0.707,-0.398,2.0,0.0,1.0,0.0,6.83,0.7427,0.1019318,,,
0.3052,-0.1937,-1.196,-6.54,-0.2206,-1.143,-0.3416,0.0,0.0,1.79,1.765,0.04248,0.0,-0.11743,-0.2108,5.836,5.7,-0.1292,0.03735,0.1551,4.934,1.548,0.2081,-0.10004,4.184,4.973,0.0,0.0,4.504,0.0,4.832,0.0271,2.2,0.2861,1.0,0.0,0.0,0.7783,-0.567,-0.34,3.0,0.0,0.0,0.0,0.0,0.04874,0.4327662799999999,,,
0.3625,-0.617,-1.258,-6.54,4.16,-1.143,-0.3496,0.0,0.0,1.933,1.903,0.01384,0.0,-0.117,-0.2262,5.836,5.7,-0.585,0.0388,-0.9013,3.955,0.155,1.548,0.2081,4.156,4.934,0.0,0.0,4.45,0.0,4.652,-0.1796,2.266,-1.817,1.0,-0.5,-0.5,1.067,-0.96,-0.5654,0.0,1.0,0.0,0.0,0.0,-0.308,0.1571039999999998,,,
0.2183,-0.522,-1.25,-6.54,-0.056,-1.143,-0.3577,0.0,0.0,1.904,1.897,0.01507,0.0,-0.1166,-0.3723,5.664,5.7,-0.4976,0.03412,0.0398,3.463,-0.901,0.155,1.548,4.137,4.883,0.0,0.0,4.414,0.0,4.66,-0.639,2.598,0.0803,2.0,-0.5,-0.5,0.9478,-0.874,-0.528,1.0,0.0,0.0,0.0,0.0,0.01401,-0.0045799999999999,,,
0.2313,-0.404,-1.236,-6.54,-0.1531,-1.143,-0.366,0.0,0.0,1.874,1.864,0.01897,0.0,-0.1161,0.3958,5.09,5.7,-0.376,0.02998,0.1263,3.389,0.03967,-0.901,0.155,4.16,4.82,0.0,0.0,4.39,0.0,4.684,-0.52,2.523,0.2693,2.0,0.0,0.0,0.815,-0.7456,-0.4478,2.0,0.0,0.0,0.0,0.0,0.0469,0.642992,,,
0.2654,0.06134,-1.166,-6.54,-1.407,-1.0,-0.374,1.0,0.0,1.719,1.698,0.04782,0.0,-0.11566,1.239,4.633,5.7,0.1144,0.02682,0.9301,3.21,0.1261,0.03967,-0.901,4.207,4.77,0.0,0.0,4.375,0.0,4.867,-0.2253,2.395,2.99,2.0,0.5,0.5,0.3457,-0.3171,-0.098,3.0,0.0,0.0,0.0,0.0,0.519,0.8859880000000002,,,
0.1887,0.5806,-1.091,-6.54,4.023,-0.857,-0.382,1.0,0.0,1.556,1.543,0.07904,0.0,-0.11523,0.6167,4.2,5.7,0.674,0.02184,0.9771,3.008,0.9297,0.1261,0.03967,4.273,4.73,0.0,0.0,4.367,0.0,5.062,-0.341,2.562,2.996,2.0,1.0,0.5,-0.01991,0.1497,0.304,4.0,0.0,0.0,0.0,0.0,0.5054,-0.2927615999999999,,,
0.2668,0.4077,-1.121,-6.54,-0.1455,-0.7144,-0.3901,1.0,0.0,1.625,1.602,0.0642,0.0,-0.11475,0.4148,3.65,5.688,0.4714,0.0202,-0.4501,3.0,0.9766,0.9297,0.1261,4.293,4.684,0.0,0.0,4.38,0.0,4.97,-0.4604,2.607,-1.005,2.0,1.0,0.0,0.1582,-0.07825,0.0993,0.0,1.0,0.0,0.0,0.0,-0.1644,-0.1197639999999999,,,
0.213,1.246,-0.988,-6.54,1.965,-0.5713,-0.3984,1.0,0.0,1.357,1.334,0.1209,0.0,-0.1143,0.5005,2.975,4.95,1.315,0.02211,1.7481,3.287,-0.4502,0.9766,0.9297,4.35,4.65,0.0,0.0,4.402,0.0,5.33,0.1456,2.332,5.55,2.0,1.5,0.5,-0.48,0.642,0.6733,1.0,0.0,0.0,0.0,0.0,0.921,0.9492240000000004,,,
0.1963,1.795,-0.8823,-6.54,0.575,-0.4285,-0.4065,1.0,0.0,1.167,1.141,0.1655,0.0,-0.1139,0.857,2.21,4.34,1.87,0.02968,1.3031,3.914,1.747,-0.4502,0.9766,4.465,4.625,0.0,0.0,4.42,0.0,5.61,0.652,2.096,4.42,2.0,1.5,1.0,-0.855,1.118,0.96,2.0,0.0,0.0,0.0,0.0,0.696,0.2548399999999999,,,
0.128,1.894,-0.8384,-6.54,0.1895,-0.2856,-0.4146,1.0,0.0,1.088,1.07,0.1833,0.0,-0.1134,-0.1048,1.443,3.742,2.002,0.0365,0.5041,4.64,1.302,1.747,-0.4502,4.59,4.6,0.0,0.0,4.453,0.0,5.723,0.8184,2.027,1.169,2.0,1.5,1.5,-0.9897,1.1455,0.9146,3.0,0.0,0.0,0.0,0.0,0.1768,-0.597536,,,
0.0547,1.322,-0.8916,-6.54,-0.1759,-0.1428,-0.4229,1.0,0.0,1.173,1.17,0.1592,0.0,-0.113,-0.05273,1.2295,3.21,1.422,0.0506,-0.6684,5.03,0.5034,1.302,1.747,4.69,4.58,0.0,0.0,4.477,0.0,5.57,1.098,1.76,-1.471,1.0,1.0,1.5,-0.599,0.803,0.618,0.0,1.0,0.0,0.0,0.0,-0.219,-0.1987959999999999,,,
0.02158,1.018,-0.9062,-6.54,-0.0985,0.0,-0.431,1.0,0.0,1.195,1.198,0.1517,0.0,-0.1125,-0.5264,1.679,2.76,1.092,0.0641,-0.2107,5.242,-0.668,0.5034,1.302,4.77,4.566,0.0,0.0,4.49,0.0,5.523,1.05,1.772,-0.389,1.0,1.0,1.5,-0.4424,0.643,0.52,0.0,2.0,0.0,0.0,0.0,-0.05914,-0.40208,,,
0.0528,0.5195,-0.9575,-6.54,-0.351,0.1428,-0.439,1.0,0.0,1.289,1.29,0.1285,0.0,-0.11206,-0.2673,2.354,2.402,0.6064,0.0732,-0.6619,5.3,-0.2107,-0.668,0.5034,4.81,4.562,0.0,0.0,4.492,0.0,5.375,0.8,1.887,-1.409,0.0,0.5,1.0,-0.1555,0.2769,0.3347,0.0,3.0,0.0,0.0,0.0,-0.2157,0.6784091999999999,,,
0.010376,1.106,-0.8374,-6.54,1.177,0.2856,-0.4473,1.0,0.0,1.077,1.078,0.1792,0.0,-0.11163,0.4783,3.18,2.28,1.165,0.0848,1.4721,5.734,-0.6616,-0.2107,-0.668,4.89,4.574,0.0,0.0,4.516,0.0,5.695,0.815,2.018,4.4,0.0,0.5,1.0,-0.6187,0.88,0.623,1.0,0.0,0.0,0.0,0.0,0.6875,0.4273311999999999,,,
0.05103,1.207,-0.791,-6.54,0.2241,0.4285,-0.4553,1.0,0.0,1.005,0.997,0.1981,0.0,-0.11115,0.4888,4.0,2.44,1.295,0.09393,0.5255,5.74,1.471,-0.6616,-0.2107,4.95,4.594,0.0,0.0,4.555,0.0,5.816,0.8657,2.033,1.376,0.0,0.5,1.0,-0.752,0.98,0.6445,2.0,0.0,0.0,0.0,0.0,0.2056,0.145256,,,
0.04242,1.124,-0.7676,-6.54,0.0645,0.5713,-0.4634,1.0,0.0,0.967,0.9595,0.2073,0.0,-0.1107,0.0846,4.867,2.863,1.248,0.1052,0.2495,5.74,0.5254,1.471,-0.6616,4.98,4.61,0.0,0.0,4.598,0.0,5.875,1.168,1.843,0.6343,1.0,0.5,1.5,-0.7466,0.9897,0.605,3.0,0.0,0.0,0.0,0.0,0.0932,-0.0560959999999999,,,
0.0884,0.9766,-0.7544,-6.54,0.002644,0.7144,-0.4714,1.0,0.0,0.9497,0.934,0.2119,0.0,-0.1103,0.1398,5.7,3.455,1.148,0.1161,0.1268,5.74,0.2493,0.5254,1.471,5.0,4.645,0.0,0.0,4.66,0.0,5.902,1.178,1.85,0.2644,2.0,1.0,1.5,-0.7046,0.9424,0.558,4.0,0.0,0.0,0.0,0.0,0.03857,-0.3048659999999999,,,
0.08795,0.5693,-0.788,-6.54,-0.2778,0.857,-0.4797,1.0,0.0,1.003,0.989,0.1962,0.0,-0.1098,-0.144,5.836,4.09,0.7656,0.1268,-0.4237,5.74,0.1267,0.2493,0.5254,5.027,4.67,0.0,0.0,4.715,0.0,5.805,1.012,1.924,-0.7754,2.0,0.5,1.0,-0.4746,0.666,0.4148,0.0,1.0,0.0,0.0,0.0,-0.1127,0.7419800000000001,,,
0.02356,0.988,-0.681,-6.54,0.8203,0.857,-0.4878,1.0,0.0,0.833,0.8247,0.241,0.0,-0.1094,0.5674,5.836,4.836,1.119,0.1448,1.2251,5.74,-0.4236,0.1267,0.2493,5.094,4.7,0.0,0.0,4.78,0.0,6.086,1.059,2.016,3.252,2.0,0.5,1.0,-0.851,1.08,0.615,1.0,0.0,0.0,0.0,0.0,0.479,0.5755479999999998,,,
-0.0702,1.106,-0.6255,-6.54,0.2522,0.857,-0.4958,1.0,0.0,0.7446,0.7485,0.264,0.0,-0.1089,-0.4648,5.836,5.6,1.202,0.1603,0.6017,5.74,1.225,-0.4236,0.1267,5.195,4.734,0.0,0.0,4.84,0.0,6.23,1.035,2.096,1.438,2.0,0.5,1.0,-0.965,1.209,0.653,2.0,0.0,0.0,0.0,0.0,0.204,0.0976213079999999,,,
-0.052,0.701,-0.66,-6.32,-0.2313,0.857,-0.504,1.0,0.0,0.796,0.799,0.2478,0.0,-0.10846,0.1394,5.836,5.7,0.824,0.1714,-0.4147,5.74,0.601,1.225,-0.4236,5.246,4.766,0.0,0.0,4.895,0.0,6.13,1.023,2.059,-0.9155,1.0,0.5,1.0,-0.7524,0.8745,0.4912,0.0,1.0,0.0,0.0,0.0,-0.1274,-0.3508252,,,
-0.0583,0.3276,-0.7036,-6.094,-0.3767,0.857,-0.512,1.0,0.0,0.8604,0.866,0.2279,0.0,-0.10803,0.401,5.836,5.7,0.3994,0.1827,-0.5224,5.74,-0.4146,0.601,1.225,5.27,4.785,0.0,0.0,4.95,0.0,6.004,0.6313,2.283,-1.437,0.0,0.5,0.5,-0.5005,0.543,0.3352,0.0,2.0,0.0,0.0,0.0,-0.2026,0.220388,,,
0.217,-0.8623,-0.913,-6.098,-2.977,0.7144,-0.5205,0.0,0.0,1.223,1.194,0.1368,0.0,-0.10754,1.21,5.836,5.7,-0.7896,0.1813,-2.4239,5.74,-0.522,-0.4146,0.601,5.22,4.79,0.0,0.0,4.98,0.0,5.426,-0.2642,2.67,-9.51,0.0,0.5,0.0,0.6724,-0.4412,-0.282,0.0,3.0,0.0,1.0,-7.91,-1.612,1.0862500000000004,,,
0.2003,-0.0717,-0.769,-6.03,-0.948,0.7144,-0.5283,1.0,0.0,0.982,0.9487,0.1969,0.0,-0.1071,0.3564,5.836,5.7,0.00526,0.1815,1.7296,5.04,-2.422,-0.522,-0.4146,5.207,4.812,0.0,0.0,5.027,0.0,5.81,-0.02283,2.664,6.16,0.0,0.5,0.0,-0.007614,0.3506,0.0936,1.0,0.0,0.0,0.0,0.0,0.9556,-0.4116764,,,
0.2195,-0.0414,-0.7534,-5.914,3.518,0.7144,-0.5366,1.0,0.0,0.9585,0.9214,0.2023,0.0,-0.1067,0.2465,5.836,5.7,0.03592,0.1844,0.1462,4.38,1.7295,-2.422,-0.522,5.21,4.836,0.0,0.0,5.07,0.0,5.84,0.1453,2.559,0.3545,0.0,0.5,0.5,-0.0431,0.3777,0.1001,2.0,0.0,0.0,0.0,0.0,0.05215,1.1526439999999996,,,
0.2432,0.5757,-0.624,-5.695,16.66,0.7144,-0.545,1.0,0.0,0.7676,0.7207,0.2563,0.0,-0.1062,0.778,5.836,5.7,0.667,0.1906,1.4701,4.13,0.1461,1.7295,-2.422,5.223,4.875,0.0,0.0,5.117,0.0,6.184,0.4258,2.51,4.285,1.0,0.5,1.0,-0.535,0.951,0.5317,3.0,0.0,0.0,0.0,0.0,0.6274,0.0434221599999999,,,
0.289,0.369,-0.637,-5.453,-0.2026,0.7144,-0.5527,1.0,0.0,0.79,0.7363,0.2496,0.0,-0.1058,0.0897,5.836,5.7,0.4646,0.199,-0.1737,3.457,1.47,0.1461,1.7295,5.21,4.92,0.0,0.0,5.164,0.0,6.14,0.532,2.414,-0.665,1.0,0.0,1.0,-0.4485,0.738,0.466,0.0,1.0,0.0,0.0,0.0,-0.0932,0.2559559999999999,,,
0.2281,0.1266,-0.668,-5.312,-0.442,0.7144,-0.561,1.0,0.0,0.8296,0.7876,0.2352,0.0,-0.1053,-0.2908,5.836,5.7,0.2156,0.2035,-0.3759,3.176,-0.1738,1.47,0.1461,5.203,4.97,0.0,0.0,5.195,0.0,6.05,0.223,2.596,-0.839,1.0,0.0,0.5,-0.2437,0.514,0.2751,0.0,2.0,0.0,0.0,0.0,-0.1181,-0.551276,,,
0.266,-0.2458,-0.73,-5.254,-1.781,0.5713,-0.5693,0.0,0.0,0.926,0.8804,0.2075,0.0,-0.10486,-0.0522,5.49,5.7,-0.168,0.2051,-0.7339,3.09,-0.3757,-0.1738,1.47,5.188,5.004,0.0,0.0,5.207,0.0,5.87,-0.04266,2.709,-1.818,0.0,-0.5,0.0,0.1207,0.1965,-0.0723,0.0,3.0,0.0,0.0,0.0,-0.2593,0.4773904000000001,,,
0.2363,0.06146,-0.6665,-5.168,-1.862,0.5713,-0.577,1.0,0.0,0.8286,0.7847,0.2328,0.0,-0.10443,0.1752,4.77,5.7,0.13,0.2075,0.6851,3.107,-0.734,-0.3757,-0.1738,5.258,5.04,0.0,0.0,5.22,0.0,6.03,0.04123,2.719,3.035,0.0,-0.5,0.0,-0.1098,0.4834,0.1989,1.0,0.0,0.0,0.0,0.0,0.4429,-0.7865519999999998,,,
0.3389,-0.4512,-0.7583,-5.152,-3.703,0.4285,-0.5854,0.0,0.0,0.9756,0.92,0.1923,0.0,-0.10394,0.2708,3.92,5.7,-0.3743,0.2057,-1.0749,2.975,0.6846,-0.734,-0.3757,5.254,5.066,0.0,0.0,5.227,0.0,5.777,-0.1909,2.771,-5.99,-1.0,-0.5,-0.5,0.402,0.04016,-0.3098,0.0,1.0,0.0,0.0,0.0,-0.8555,-0.5190359999999999,,,
0.4573,-0.968,-0.8545,-5.176,1.625,0.2856,-0.5933,0.0,0.0,1.142,1.071,0.1497,0.0,-0.1035,-0.0226,2.941,5.656,-0.8945,0.203,-1.1679,2.99,-1.075,0.6846,-0.734,5.215,5.09,0.0,0.0,5.227,0.0,5.504,-0.3093,2.736,-3.139,-1.0,-0.5,-0.5,0.89,-0.4502,-0.83,0.0,2.0,0.0,0.0,0.0,-0.4636,-0.3441039999999999,,,
0.3367,-0.733,-0.82,-5.25,-0.1498,0.1428,-0.6016,0.0,0.0,1.074,1.021,0.1621,0.0,-0.1031,-0.3555,2.15,5.062,-0.6846,0.1992,0.3555999999999999,2.705,-1.167,-1.075,0.6846,5.145,5.117,0.0,0.0,5.234,0.0,5.586,-0.485,2.898,0.7266,0.0,0.0,-0.5,0.6743,-0.2607,-0.7485,1.0,0.0,0.0,0.0,0.0,0.11145,-0.1751265199999999,,,
0.3381,-0.702,-0.826,-5.367,0.0834,0.0,-0.61,0.0,0.0,1.085,1.032,0.1571,0.0,-0.1026,-0.4744,1.594,4.43,-0.685,0.1941,-0.1411,2.828,0.3552,-1.167,-1.075,5.08,5.14,0.0,0.0,5.23,0.0,5.555,-0.6455,2.998,-0.2834,0.0,-0.5,-1.0,0.6846,-0.3003,-0.7754,0.0,1.0,0.0,0.0,0.0,-0.043,-0.3745200000000001,,,
0.2705,-0.1327,-0.7275,-5.39,-0.8467,-0.1428,-0.6177,0.0,0.0,0.9224,0.876,0.1963,0.0,-0.1022,0.1736,1.257,3.74,-0.1243,0.1907,1.1091,2.832,-0.1411,0.3552,-1.167,5.047,5.168,0.0,0.0,5.23,0.0,5.8,-0.3462,2.895,3.576,0.0,-0.5,-0.5,0.225,0.2158,-0.27,1.0,0.0,0.0,0.0,0.0,0.545,-1.0654819999999996,,,
0.4546,-0.963,-0.886,-5.49,17.42,-0.2856,-0.626,0.0,0.0,1.194,1.126,0.1272,0.0,-0.1017,1.377,1.218,3.043,-0.9663,0.1852,-1.8889,3.23,1.109,-0.1411,0.3552,4.99,5.176,0.0,0.0,5.207,0.0,5.363,-0.5376,2.838,-6.39,0.0,-1.0,-0.5,1.018,-0.638,-1.002,0.0,1.0,0.0,0.0,0.0,-0.941,-0.5118348000000001,,,
0.253,-1.27,-0.9404,-5.477,0.5054,-0.2856,-0.6343,0.0,0.0,1.274,1.242,0.10205,0.0,-0.10126,-0.2725,1.143,2.346,-1.303,0.1853,-0.7313000000000001,3.781,-1.888,1.109,-0.1411,4.89,5.184,0.0,0.0,5.18,0.0,5.203,-0.2712,2.578,-1.685,0.0,-1.0,-0.5,1.221,-0.9424,-1.088,0.0,2.0,0.0,0.0,0.0,-0.2637,-0.3011,,,
0.2673,-1.47,-0.9883,-5.6,0.313,-0.4285,-0.642,0.0,0.0,1.363,1.331,0.0796,0.0,-0.1008,0.7607,1.319,1.684,-1.47,0.1746,-0.6693,4.445,-0.7314,-1.888,1.109,4.81,5.176,0.0,0.0,5.15,0.0,5.062,-0.748,2.855,-3.121,-1.0,-1.0,-1.0,1.454,-1.115,-1.105,0.0,3.0,0.0,0.0,0.0,-0.4998,-0.095548,,,
0.2179,-1.425,-0.994,-5.742,0.09875,-0.5713,-0.6504,0.0,0.0,1.369,1.346,0.0746,0.0,-0.10034,-0.3025,1.833,1.377,-1.404,0.1637,-0.1521,4.9,-0.669,-0.7314,-1.888,4.75,5.16,0.0,0.0,5.105,0.0,5.027,-0.8066,2.883,-0.522,-1.0,-1.0,-1.5,1.339,-1.146,-0.9966,0.0,4.0,0.0,0.0,0.0,-0.0854,-0.5506363999999998,,,
0.2367,-1.586,-1.048,-6.02,0.2617,-0.7144,-0.6587,0.0,0.0,1.475,1.451,0.04938,0.0,-0.0999,0.0405,2.748,1.595,-1.543,0.1473,-0.7685,5.293,-0.1522,-0.669,-0.7314,4.668,5.137,0.0,0.0,5.047,0.0,4.867,-1.341,3.193,-2.99,-2.0,-1.5,-2.0,1.609,-1.35,-1.045,0.0,5.0,0.0,1.0,-3.174,-0.4915,-0.0249687999999999,,,
0.2358,-1.488,-1.057,-6.297,0.0639,-0.857,-0.6665,0.0,0.0,1.491,1.469,0.04303,0.0,-0.0995,0.2072,3.738,2.139,-1.454,0.1333,-0.1985,5.66,-0.768,-0.1522,-0.669,4.582,5.113,0.0,0.0,4.996,0.0,4.83,-1.34,3.176,-0.5146,-2.0,-1.5,-2.0,1.56,-1.316,-0.963,0.0,5.0,0.0,0.0,0.0,-0.0867,0.5719192,,,
0.2415,-1.451,-1.076,-6.54,0.10535,-1.0,-0.675,0.0,0.0,1.529,1.507,0.03244,0.0,-0.099,-0.1871,4.6,2.764,-1.473,0.12317,-0.3329,5.74,-0.1985,-0.768,-0.1522,4.46,5.094,0.0,0.0,4.945,0.0,4.76,-1.33,3.139,-0.7476,-2.0,-1.5,-2.0,1.561,-1.363,-0.917,0.0,5.0,0.0,0.0,0.0,-0.1267,0.3815029200000001,,,
0.1565,-1.041,-1.024,-6.54,-0.1863,-1.0,-0.683,0.0,0.0,1.422,1.41,0.05084,0.0,-0.0986,0.0168,5.31,3.37,-1.108,0.11505,0.5846,5.74,-0.3328,-0.1985,-0.768,4.406,5.08,0.0,0.0,4.92,0.0,4.88,-1.074,3.008,1.221,-1.0,-1.5,-1.5,1.171,-0.9824,-0.736,1.0,0.0,0.0,0.0,0.0,0.2091,0.6127399999999998,,,
0.1128,-0.586,-0.9683,-6.54,-0.3733,-1.143,-0.691,0.0,0.0,1.313,1.306,0.0714,0.0,-0.0981,0.2832,5.836,4.043,-0.6357,0.10175,0.6436999999999999,5.74,0.5845,-0.3328,-0.1985,4.383,5.062,0.0,0.0,4.887,0.0,5.008,-1.118,3.096,1.287,0.0,-1.0,-1.5,0.778,-0.6426,-0.56,2.0,0.0,0.0,0.0,0.0,0.2163,0.7565592000000001,,,
0.007694,-0.05338,-0.889,-6.54,-0.994,-1.0,-0.699,1.0,0.0,1.164,1.169,0.10175,0.0,-0.09766,-0.4346,5.836,4.734,-0.032,0.08984,0.9278,5.74,0.6436,0.5845,-0.3328,4.4,5.043,0.0,0.0,4.86,0.0,5.2,-0.686,2.873,1.842,1.0,-1.0,-1.0,0.3242,-0.2162,-0.3438,3.0,0.0,1.0,0.0,6.926,0.3035,-0.2577397999999999,,,
-0.05045,-0.035,-0.889,-6.54,0.8354,-0.857,-0.7075,1.0,0.0,1.159,1.174,0.0994,0.0,-0.0972,-0.2324,5.836,5.297,-0.011475,0.0861,-0.0694999999999999,5.74,0.9272,0.6436,0.5845,4.418,5.023,0.0,0.0,4.82,0.0,5.184,-0.4683,2.71,-0.1488,1.0,-1.0,-1.0,0.3228,-0.2454,-0.323,0.0,1.0,0.0,0.0,0.0,-0.02382,-1.6118814000000006,,,
0.1865,-0.87,-1.044,-6.54,-14.766,-0.857,-0.7153,0.0,0.0,1.463,1.447,0.03357,0.0,-0.09674,0.243,5.836,5.7,-0.8574,0.0783,-1.9629,5.723,-0.0696,0.9272,0.6436,4.406,4.992,0.0,0.0,4.76,0.0,4.766,-0.9033,2.838,-6.617,1.0,-1.0,-1.5,1.258,-0.995,-0.7144,0.0,2.0,0.0,1.0,-7.453,-1.0625,0.1490171999999999,,,
0.1953,-0.707,-1.032,-6.54,-0.0877,-0.857,-0.7236,0.0,0.0,1.44,1.422,0.03635,0.0,-0.0963,-0.209,5.836,5.7,-0.7314,0.0722,0.08854,5.414,-1.962,-0.0696,0.9272,4.4,4.965,0.0,0.0,4.71,0.0,4.785,-0.859,2.814,0.1936,1.0,-0.5,-1.0,1.068,-0.9175,-0.6523,1.0,0.0,0.0,0.0,0.0,0.0331,-0.2725104000000001,,,
0.1948,-0.8105,-1.072,-6.54,0.31,-0.857,-0.732,0.0,0.0,1.5205,1.505,0.01718,0.0,-0.0959,-0.01261,5.836,5.7,-0.842,0.06,-0.6069,5.31,0.08844,-1.962,-0.0696,4.39,4.926,0.0,0.0,4.66,0.0,4.664,-1.299,3.074,-1.628,0.0,-0.5,-1.5,1.173,-1.187,-0.7334,0.0,1.0,0.0,0.0,0.0,-0.2776,-0.1929692,,,
0.05,-0.7046,-1.068,-6.54,-0.0217,-0.857,-0.7397,0.0,0.0,1.499,1.508,0.01663,0.0,-0.0954,-0.1566,5.836,5.7,-0.6753,0.04782,-0.01789,4.785,-0.6064,0.08844,-1.962,4.363,4.883,0.0,0.0,4.605,0.0,4.66,-1.038,2.887,-0.0724,-1.0,-0.5,-1.5,1.043,-1.131,-0.71,0.0,2.0,0.0,0.0,0.0,-0.01259,0.1447388,,,
0.03964,-0.481,-1.038,-6.54,-0.2502,-0.857,-0.748,0.0,0.0,1.44,1.448,0.0261,0.0,-0.095,-0.0908,5.836,5.7,-0.463,0.04306,0.3061,4.44,-0.01797,-0.6064,0.08844,4.33,4.844,0.0,0.0,4.56,0.0,4.72,-0.785,2.732,0.594,0.0,0.0,-1.0,0.803,-0.9224,-0.5957,1.0,0.0,0.0,0.0,0.0,0.1034,-0.4242799999999999,,,
-0.016,-0.678,-1.076,-6.54,0.6606,-0.857,-0.756,0.0,0.0,1.511,1.53,0.00827,0.0,-0.0945,-0.4849,5.836,5.7,-0.6333,0.0363,-0.5702,4.426,0.306,-0.01797,-0.6064,4.26,4.805,0.0,0.0,4.523,0.0,4.605,-0.756,2.662,-0.9434,0.0,0.0,-1.0,1.001,-1.078,-0.6914,0.0,1.0,0.0,0.0,0.0,-0.1625,-0.1873092,,,
0.07654,-0.7725,-1.1,-6.54,0.3025,-0.857,-0.764,0.0,0.0,1.563,1.569,-0.003206,0.0,-0.09406,0.6963,5.836,5.7,-0.7344,0.0313,-0.3737,4.28,-0.5703,0.306,-0.01797,4.184,4.777,0.0,0.0,4.48,0.0,4.535,-0.7964,2.658,-0.9517,-1.0,-0.5,-1.0,1.056,-1.177,-0.738,0.0,2.0,0.0,0.0,0.0,-0.167,0.0021639999999999,,,
0.02135,-1.047,-1.149,-6.54,0.557,-0.857,-0.7725,0.0,0.0,1.665,1.683,-0.02605,0.0,-0.0936,-0.2068,5.836,5.7,-1.001,0.02562,-0.7529,4.21,-0.3738,-0.5703,0.306,4.14,4.74,0.0,0.0,4.43,0.0,4.387,-0.7817,2.586,-2.332,-1.0,-1.0,-1.0,1.322,-1.389,-0.872,0.0,3.0,0.0,1.0,-6.816,-0.4138,-0.3073648,,,
-0.000682,-1.096,-1.163,-6.54,0.188,-0.857,-0.7803,0.0,0.0,1.692,1.715,-0.0344,0.0,-0.09314,-0.398,5.72,5.7,-1.027,0.01855,-0.2819,3.498,-0.7524,-0.3738,-0.5703,4.086,4.695,0.0,0.0,4.37,0.0,4.336,-0.794,2.57,-0.7363,-1.0,-1.5,-1.0,1.329,-1.397,-0.97,0.0,4.0,0.0,1.0,-2.88,-0.1338,-0.4029640000000002,,,
0.03946,-1.246,-1.193,-6.54,0.2913,-0.857,-0.7886,0.0,0.0,1.762,1.78,-0.04944,0.0,-0.0927,0.08124,5.453,5.7,-1.182,0.01313,-0.5119,3.537,-0.282,-0.7524,-0.3738,4.04,4.64,0.0,0.0,4.324,0.0,4.24,-0.821,2.549,-1.259,-2.0,-1.5,-1.0,1.437,-1.513,-1.028,0.0,5.0,0.0,0.0,0.0,-0.2308,0.4013351999999998,,,
0.006573,-0.943,-1.153,-6.54,-0.1447,-0.857,-0.797,0.0,0.0,1.671,1.691,-0.03595,0.0,-0.0923,0.01913,5.13,5.7,-0.892,0.007725,0.4667,3.537,-0.512,-0.282,-0.7524,3.998,4.59,0.0,0.0,4.29,0.0,4.324,-0.8804,2.627,1.0,-1.0,-1.0,-1.0,1.098,-1.182,-0.811,1.0,0.0,0.0,0.0,0.0,0.1864,0.312068,,,
-0.02858,-0.523,-1.095,-6.54,-0.3875,-0.857,-0.8047,0.0,0.0,1.546,1.568,-0.01535,0.0,-0.0918,0.4172,4.914,5.7,-0.4824,0.002016,0.7031,3.484,0.4663,-0.512,-0.282,3.969,4.547,0.0,0.0,4.26,0.0,4.457,-0.8804,2.686,1.965,0.0,-1.0,-1.0,0.691,-0.7915,-0.547,2.0,0.0,0.0,0.0,0.0,0.361,-0.5513660000000002,,,
-0.014946,-0.6553,-1.133,-6.54,0.4534,-1.0,-0.813,0.0,0.0,1.626,1.648,-0.03296,0.0,-0.0914,-0.342,4.844,5.7,-0.633,-0.006275,-0.5873,3.5,0.7026,0.4663,-0.512,3.938,4.504,0.0,0.0,4.234,0.0,4.344,-1.382,2.994,-1.794,0.0,-1.0,-1.5,0.91,-0.96,-0.6763,0.0,1.0,0.0,0.0,0.0,-0.3225,-0.5842412000000002,,,
0.05313,-0.9263,-1.196,-6.54,0.638,-1.143,-0.8213,0.0,0.0,1.769,1.784,-0.0607,0.0,-0.0909,0.1908,4.754,5.65,-0.926,-0.01607,-0.9433,3.768,-0.5874,0.7026,0.4663,3.895,4.453,0.0,0.0,4.207,0.0,4.168,-1.471,2.98,-2.996,0.0,-1.0,-1.5,1.182,-1.376,-0.866,0.0,2.0,0.0,0.0,0.0,-0.5483,1.2544712000000002,,,
-0.05325,-0.0927,-1.067,-6.54,-0.921,-1.143,-0.829,0.0,0.0,1.488,1.514,-0.012566,0.0,-0.09045,0.897,4.625,5.48,-0.07153,-0.0212,1.6871,3.752,-0.943,-0.5874,0.7026,3.904,4.418,0.0,0.0,4.19,0.0,4.473,-0.521,2.438,5.53,1.0,-1.0,-1.0,0.4568,-0.4575,-0.3535,1.0,0.0,0.0,0.0,0.0,1.044,0.8014640800000001,,,
-0.04797,0.4963,-0.971,-6.54,-14.766,-1.0,-0.8374,1.0,0.0,1.306,1.324,0.02264,0.0,-0.09,-0.4375,4.316,5.258,0.4976,-0.02132,1.1721,3.734,1.686,-0.943,-0.5874,3.947,4.395,0.0,0.0,4.188,0.0,4.695,-0.2058,2.31,3.324,1.0,-0.5,-1.0,-0.01576,0.08374,0.00815,2.0,0.0,1.0,0.0,7.71,0.5957,-0.156617,,,
0.000314,0.458,-0.97,-6.54,0.06216,-0.857,-0.8457,1.0,0.0,1.309,1.318,0.02052,0.0,-0.08954,0.5464,4.03,4.97,0.4707,-0.02174,-0.0679,3.65,1.171,1.686,-0.943,3.998,4.367,0.0,0.0,4.18,0.0,4.684,-0.0655,2.203,-0.1921,0.0,-0.5,-1.0,0.02824,0.04306,0.00432,0.0,1.0,0.0,0.0,0.0,-0.03323,0.1805911999999999,,,
0.0532,0.2683,-0.9956,-6.54,-0.2422,-0.7144,-0.8535,1.0,0.0,1.359,1.362,0.00827,0.0,-0.0891,0.2632,3.812,4.707,0.2822,-0.0223,-0.3942,3.424,-0.06793,1.171,1.686,4.03,4.344,0.0,0.0,4.164,0.0,4.605,-0.1638,2.24,-0.9775,0.0,-0.5,-1.0,0.2031,-0.1267,-0.0886,0.0,2.0,0.0,0.0,0.0,-0.1694,0.4375648,,,
0.301,-0.6445,-1.146,-6.54,-2.656,-0.7144,-0.862,0.0,0.0,1.68,1.652,-0.05322,0.0,-0.0887,0.4663,3.566,4.496,-0.64,-0.02676,-2.0039,3.012,-0.3943,-0.06793,1.171,4.004,4.297,0.0,0.0,4.12,0.0,4.215,-0.643,2.41,-7.36,0.0,-0.5,-1.5,1.14,-0.923,-0.7417,0.0,3.0,0.0,1.0,-7.91,-1.291,-0.8162304000000001,,,
0.4998,-1.158,-1.236,-6.54,1.109,-0.7144,-0.87,0.0,0.0,1.8955,1.842,-0.09125,0.0,-0.0882,1.175,3.434,4.277,-1.116,-0.03595,-1.3199,2.742,-2.002,-0.3943,-0.06793,3.96,4.258,0.0,0.0,4.074,0.0,3.973,-0.741,2.375,-6.44,-1.0,-0.5,-1.5,1.698,-1.379,-1.168,0.0,4.0,0.0,0.0,0.0,-1.205,-0.5998,,,
0.58,-1.562,-1.3125,-6.54,0.533,-0.7144,-0.878,0.0,0.0,2.08,2.02,-0.1234,0.0,-0.08777,0.7554,3.434,4.137,-1.473,-0.04736,-1.1669,3.334,-1.32,-2.002,-0.3943,3.914,4.22,0.0,0.0,4.03,0.0,3.77,-0.8306,2.35,-4.777,-2.0,-1.0,-1.5,2.129,-1.761,-1.281,0.0,5.0,0.0,0.0,0.0,-0.933,0.24878,,,
0.5474,-1.507,-1.3125,-6.54,0.0937,-0.7144,-0.886,0.0,0.0,2.078,2.021,-0.1266,0.0,-0.0873,-0.4375,3.46,3.99,-1.425,-0.05405,-0.1215,3.732,-1.167,-1.32,-2.002,3.828,4.184,0.0,0.0,3.988,0.0,3.748,-0.7466,2.28,-0.2996,-2.0,-1.5,-1.5,2.006,-1.644,-1.124,0.0,5.0,0.0,0.0,0.0,-0.06067,0.905856,,,
0.781,-0.8066,-1.205,-6.54,-0.3914,-0.7144,-0.8945,0.0,0.0,1.847,1.745,-0.0887,0.0,-0.08685,2.906,3.605,3.965,-0.646,-0.063,1.4351,3.797,-0.1215,-1.167,-1.32,3.746,4.152,0.0,0.0,3.96,0.0,3.988,-0.4175,2.15,7.957,-1.0,-1.0,-1.0,1.263,-0.8003,-0.6753,1.0,0.0,0.0,0.0,0.0,1.619,-0.8486880000000002,,,
1.038,-1.572,-1.331,-6.54,1.261,-0.7144,-0.9023,0.0,0.0,2.164,2.03,-0.1399,0.0,-0.0864,1.606,3.736,4.02,-1.419,-0.06885,-1.8529,4.19,1.435,-0.1215,-1.167,3.627,4.12,0.0,0.0,3.92,0.0,3.664,-0.5845,2.127,-6.39,-1.0,-1.0,-1.0,2.107,-1.479,-1.027,0.0,1.0,0.0,0.0,0.0,-1.244,0.4708519999999999,,,
1.099,-1.53,-1.335,-6.54,0.10333,-0.7144,-0.9106,0.0,0.0,2.178,2.033,-0.1445,0.0,-0.08594,0.768,3.867,4.066,-1.3955,-0.0753,-0.1752,4.42,-1.852,1.435,-0.1215,3.514,4.086,0.0,0.0,3.875,0.0,3.635,-0.696,2.193,-0.587,-1.0,-1.5,-1.5,2.002,-1.423,-0.9507,0.0,2.0,0.0,0.0,0.0,-0.1213,0.08398,,,
1.058,-1.238,-1.303,-6.54,-0.08215,-0.7144,-0.9185,0.0,0.0,2.096,1.956,-0.1354,0.0,-0.0855,0.511,4.01,4.133,-1.13,-0.0822,0.3525999999999999,4.566,-0.1752,-1.852,1.435,3.453,4.06,0.0,0.0,3.836,0.0,3.691,-0.7793,2.28,1.115,0.0,-1.5,-1.5,1.679,-1.123,-0.7886,1.0,0.0,0.0,0.0,0.0,0.2317,0.5787960000000002,,,
1.011,-0.753,-1.234,-6.54,-0.3147,-0.7144,-0.927,0.0,0.0,1.932,1.794,-0.11273,0.0,-0.0851,0.496,4.195,4.188,-0.6455,-0.0879,0.8634,4.56,0.3523,-0.1752,-1.852,3.438,4.027,0.0,0.0,3.809,0.0,3.836,-0.544,2.174,2.854,1.0,-1.0,-1.0,1.174,-0.633,-0.55,2.0,0.0,0.0,0.0,0.0,0.5864,0.5943131999999999,,,
1.045,-0.4375,-1.185,-6.54,-0.3687,-0.7144,-0.935,0.0,0.0,1.823,1.677,-0.0971,0.0,-0.0846,1.263,4.38,4.195,-0.3328,-0.0904,0.5797,4.547,0.863,0.3523,-0.1752,3.457,3.998,0.0,0.0,3.79,0.0,3.934,-0.3064,2.049,2.473,1.0,-0.5,-0.5,0.794,-0.3738,-0.387,3.0,0.0,0.0,0.0,0.0,0.4946,0.2380116,,,
0.8784,0.3477,-1.065,-6.54,-2.223,-0.5713,-0.943,1.0,0.0,1.562,1.435,-0.05524,0.0,-0.08417,0.9575,4.508,4.188,0.45,-0.09344,1.5291,4.508,0.579,0.863,0.3523,3.51,3.97,0.0,0.0,3.783,0.0,4.2,-0.347,2.193,5.78,2.0,0.0,-0.5,0.1447,0.3003,-0.01913,4.0,0.0,0.0,0.0,0.0,1.137,0.7218399999999999,,,
0.773,0.9053,-0.983,-6.54,1.521,-0.5713,-0.951,1.0,0.0,1.394,1.278,-0.02716,0.0,-0.0837,0.258,4.477,4.137,0.973,-0.0952,0.9781,4.562,1.528,0.579,0.863,3.555,3.95,0.0,0.0,3.79,0.0,4.375,-0.3948,2.307,4.02,3.0,0.5,-0.5,-0.1791,0.7114,0.2097,5.0,0.0,0.0,0.0,0.0,0.7544,0.5487639999999998,,,
0.687,1.438,-0.8984,-6.54,0.7104,-0.5713,-0.9595,1.0,0.0,1.234,1.129,0.001697,0.0,-0.08325,0.01617,4.23,4.023,1.461,-0.0944,0.9751,4.72,0.9775,1.528,0.579,3.66,3.943,0.0,0.0,3.799,0.0,4.56,-0.2002,2.248,3.562,3.0,1.0,0.0,-0.4766,1.056,0.4236,5.92,0.0,1.0,0.0,6.875,0.6484,-0.2127339999999999,,,
0.7124,1.558,-0.8726,-6.54,0.2173,-0.5713,-0.9673,1.0,0.0,1.192,1.081,0.00849,0.0,-0.0828,0.7827,3.758,3.86,1.5625,-0.0935,0.2229999999999999,4.84,0.975,0.9775,1.528,3.773,3.938,0.0,0.0,3.805,0.0,4.6,-0.09326,2.19,0.729,3.0,1.5,0.5,-0.5723,0.957,0.457,5.92,0.0,0.0,0.0,0.0,0.1287,-0.2993812,,,
0.6636,1.185,-0.913,-6.54,-0.11005,-0.4285,-0.9756,1.0,0.0,1.258,1.157,-0.00933,0.0,-0.08234,0.4348,3.12,3.686,1.229,-0.09235,-0.5805,4.918,0.2228,0.975,0.9775,3.867,3.934,0.0,0.0,3.812,0.0,4.49,0.1877,1.939,-1.451,2.0,1.0,0.5,-0.2996,0.6084,0.297,0.0,1.0,0.0,0.0,0.0,-0.2544,0.9819451999999994,,,
0.5195,1.643,-0.8086,-6.54,0.52,-0.2856,-0.984,1.0,0.0,1.07,0.988,0.0261,0.0,-0.0819,0.3079,2.438,3.512,1.759,-0.0879,1.1761,5.207,-0.5806,0.2228,0.975,3.97,3.936,0.0,0.0,3.834,0.0,4.71,0.6655,1.697,2.7,2.0,1.5,1.0,-0.6875,1.004,0.5117,1.0,0.0,0.0,0.0,0.0,0.4824,-0.3233571999999999,,,
0.4756,1.187,-0.8433,-6.54,-0.1493,-0.1428,-0.9917,1.0,0.0,1.124,1.05,0.01016,0.0,-0.0815,-0.4546,1.868,3.295,1.336,-0.08014,-0.5099,5.305,1.175,-0.5806,0.2228,4.05,3.932,0.0,0.0,3.84,0.0,4.613,0.815,1.547,-1.307,1.0,1.5,1.0,-0.3833,0.7344,0.3745,0.0,1.0,0.0,0.0,0.0,-0.2251,-0.0823599999999999,,,
0.4758,1.269,-0.7886,-6.54,0.2029,0.0,-1.0,1.0,0.0,1.034,0.9575,0.02687,0.0,-0.081,-0.441,1.414,3.004,1.486,-0.073,0.5436,5.332,-0.51,1.175,-0.5806,4.11,3.936,0.0,0.0,3.842,0.0,4.72,0.9087,1.526,1.217,1.0,1.5,1.5,-0.565,0.84,0.4946,1.0,0.0,0.0,0.0,0.0,0.2131,-0.4645248000000002,,,
0.3545,0.766,-0.8423,-6.54,-0.2646,0.1428,-1.008,1.0,0.0,1.112,1.058,0.004257,0.0,-0.08057,1.392,1.504,2.672,0.8657,-0.06,-0.7229,5.246,0.543,-0.51,1.175,4.133,3.936,0.0,0.0,3.838,0.0,4.574,0.542,1.725,-2.873,0.0,1.0,1.0,-0.2542,0.4229,0.3396,0.0,1.0,0.0,0.0,0.0,-0.4946,-0.3315936,,,
0.304,0.3335,-0.88,-6.54,-0.412,0.2856,-1.017,1.0,0.0,1.172,1.128,-0.01201,0.0,-0.0801,0.1553,1.937,2.33,0.4604,-0.05243,-0.5319,5.16,-0.7227,0.543,-0.51,4.125,3.94,0.0,0.0,3.832,0.0,4.47,0.89,1.431,-1.329,0.0,0.5,1.0,0.01811,0.1843,0.23,0.0,2.0,0.0,0.0,0.0,-0.2341,1.4931919999999996,,,
0.2532,1.091,-0.709,-6.37,2.086,0.4285,-1.017,1.0,0.0,0.8926,0.848,0.04816,0.0,-0.07965,0.05078,2.719,2.146,1.23,-0.0396,2.0021,5.562,-0.5317,-0.7227,0.543,4.152,3.953,0.0,0.0,3.86,0.0,4.85,1.145,1.417,6.24,0.0,0.5,1.5,-0.639,1.016,0.6006,1.0,0.0,1.0,0.0,8.266,1.117,0.8937583999999997,,,
0.1921,1.419,-0.601,-5.926,0.4324,0.5713,-1.017,1.0,0.0,0.731,0.6914,0.0854,0.0,-0.0792,0.03058,3.69,2.31,1.578,-0.02522,1.1651,5.74,2.0,-0.5317,-0.7227,4.223,3.977,0.0,0.0,3.904,0.0,5.086,1.216,1.47,3.41,1.0,0.5,1.5,-0.962,1.375,0.7266,2.0,0.0,1.0,0.0,6.98,0.575,0.0955443999999999,,,
0.1691,1.568,-0.5215,-5.47,0.2394,0.7144,-1.024,1.0,0.0,0.62,0.581,0.1123,0.0,-0.07874,0.4072,4.836,2.89,1.679,-0.006657,0.8146,5.74,1.164,2.0,-0.5317,4.29,4.004,0.0,0.0,3.967,0.0,5.258,1.227,1.537,3.238,1.0,0.5,1.5,-1.125,1.5625,0.7617,3.0,0.0,0.0,0.0,0.0,0.527,-0.7728679999999997,,,
0.1697,0.811,-0.611,-5.1,-0.3572,0.857,-1.024,1.0,0.0,0.7427,0.707,0.078,0.0,-0.0783,-0.2373,5.836,3.645,0.883,0.00819,-1.0109,5.74,0.814,1.164,2.0,4.34,4.02,0.0,0.0,4.02,0.0,5.04,0.884,1.687,-2.81,1.0,0.0,1.0,-0.621,1.024,0.488,0.0,1.0,0.0,0.0,0.0,-0.4458,1.6639772000000002,,,
0.1764,2.156,-0.286,-4.617,1.931,0.857,-1.024,1.0,0.0,0.3308,0.2815,0.194,0.0,-0.0779,0.8286,5.836,4.65,2.002,0.03186,2.7441000000000004,5.74,-1.011,0.814,1.164,4.46,4.06,0.0,0.0,4.094,0.0,5.773,1.075,1.873,9.62,2.0,0.5,1.0,-1.454,2.111,0.9443,1.0,0.0,1.0,0.0,9.375,2.65,1.1279919999999997,,,
0.1683,2.156,-0.10596,-4.086,0.407,0.857,-1.017,1.0,1.0,0.1359,0.0816,0.258,0.0,-0.0774,0.9717,5.836,5.7,2.002,0.05817,1.7521,5.74,2.744,-1.011,0.814,4.652,4.117,0.0,0.0,4.2,0.0,6.18,1.147,1.999,8.516,2.0,0.5,1.0,-1.454,2.111,1.0205,2.0,0.0,0.0,0.0,0.0,1.256,-0.463426,,,
0.2023,2.156,-0.1921,-3.654,-0.14,0.857,-1.008,1.0,1.0,0.229,0.1721,0.2255,0.0,-0.07697,-0.2083,5.836,5.7,1.992,0.07526,-0.8449,5.74,1.751,2.744,-1.011,4.83,4.16,0.0,0.0,4.297,0.0,5.973,0.873,2.105,-3.012,1.0,0.5,0.5,-1.433,2.111,0.755,0.0,1.0,0.0,0.0,0.0,-0.4214,-0.167564,,,
0.1572,2.156,-0.09973,-3.174,0.2136,0.857,-1.0,1.0,1.0,0.1285,0.0759,0.257,0.0,-0.07654,-0.02765,5.836,5.7,2.002,0.09503,0.8471,5.74,-0.8447,1.751,2.744,4.984,4.2,0.0,0.0,4.402,0.0,6.17,0.9297,2.152,3.576,1.0,0.5,0.5,-1.454,2.111,0.777,1.0,0.0,0.0,0.0,0.0,0.5137,-0.9851859999999998,,,
0.3816,1.082,-0.2874,-2.777,-0.4182,0.857,-1.0,1.0,0.0,0.349,0.2664,0.1876,0.0,-0.07605,0.35,5.836,5.7,0.904,0.10956,-1.8069,5.74,0.8467,-0.8447,1.751,5.06,4.23,0.0,0.0,4.48,0.0,5.73,0.6445,2.162,-9.51,1.0,0.5,0.5,-0.6226,1.507,0.4272,0.0,1.0,0.0,1.0,-7.047,-1.402,0.0274288,,,
0.4363,0.9385,-0.2747,-2.436,0.00146,0.857,-1.008,1.0,0.0,0.339,0.247,0.1902,0.0,-0.0756,0.8276,5.836,5.7,0.785,0.1199,0.07066,5.74,-1.806,0.8467,-0.8447,5.117,4.26,0.0,0.0,4.555,0.0,5.746,0.558,2.23,0.3267,1.0,1.0,0.5,-0.5625,1.397,0.3933,1.0,0.0,0.0,0.0,0.0,0.04843,0.060168,,,
0.563,0.7812,-0.2622,-2.068,-0.03156,0.857,-1.008,1.0,0.0,0.335,0.2218,0.193,0.0,-0.07513,1.191,5.836,5.7,0.6353,0.1327,0.07664,5.74,0.07056,-1.806,0.8467,5.203,4.305,0.0,0.0,4.62,0.0,5.766,0.6504,2.174,0.3628,1.0,1.0,1.0,-0.513,1.299,0.3596,2.0,0.0,0.0,0.0,0.0,0.0537,0.0911816,,,
0.6016,0.6694,-0.2438,-1.722,-0.0051,0.857,-1.008,1.0,0.0,0.3176,0.1975,0.1979,0.0,-0.0747,0.3093,5.836,5.7,0.5806,0.1411,0.1344999999999999,5.74,0.07654,0.07056,-1.806,5.203,4.36,0.0,0.0,4.68,0.0,5.797,0.618,2.209,0.543,2.0,1.0,1.0,-0.498,1.223,0.337,3.0,0.0,0.0,0.0,0.0,0.08014,0.3719079999999999,,,
0.4927,0.7397,-0.1802,-1.301,0.2333,0.857,-1.0,1.0,1.0,0.2395,0.1349,0.2191,0.0,-0.0743,0.0451,5.836,5.7,0.671,0.155,0.5781,5.74,0.1344,0.07654,0.07056,5.176,4.418,0.0,0.0,4.74,0.0,5.93,0.803,2.137,2.146,2.0,1.0,1.5,-0.6235,1.349,0.3857,4.0,0.0,0.0,0.0,0.0,0.3154,-0.01277,,,
0.456,0.592,-0.1556,-0.8354,-0.0592,0.857,-0.9917,1.0,1.0,0.2104,0.111,0.2261,0.0,-0.0738,-0.4067,5.836,5.7,0.606,0.1663,0.1883,5.74,0.5776,0.1344,0.07654,5.176,4.48,0.0,0.0,4.793,0.0,5.973,0.9185,2.074,0.3413,3.0,1.5,2.0,-0.6675,1.233,0.3691,5.0,0.0,0.0,0.0,0.0,0.04932,-0.426476,,,
0.3826,0.1562,-0.2073,-0.5034,-0.558,0.857,-0.9917,1.0,1.0,0.26,0.1742,0.2054,0.0,-0.07336,-0.597,5.836,5.7,0.1838,0.1768,-0.5499,5.74,0.1881,0.5776,0.1344,5.137,4.53,0.0,0.0,4.85,0.0,5.844,0.631,2.22,-0.7407,2.0,1.0,1.5,-0.381,0.895,0.232,0.0,1.0,0.0,0.0,0.0,-0.1063,-0.6788759999999999,,,
0.415,-0.2854,-0.2751,-0.2864,-1.854,0.7144,-1.0,0.0,0.0,0.338,0.2493,0.1793,0.0,-0.07294,-0.361,5.836,5.7,-0.2559,0.1836,-0.7103,5.74,-0.5493,0.1881,0.5776,5.133,4.59,0.0,0.0,4.89,0.0,5.676,0.349,2.35,-1.993,1.0,0.5,1.0,-0.03217,0.5415,0.06854,0.0,2.0,0.0,1.0,-3.748,-0.2913,-0.0028428,,,
0.357,-0.379,-0.2776,-0.1315,0.622,0.5713,-1.0,0.0,0.0,0.336,0.2568,0.1769,0.0,-0.07245,-0.468,5.836,5.7,-0.3806,0.1906,-0.0679,5.74,-0.71,-0.5493,0.1881,5.12,4.65,0.0,0.0,4.934,0.0,5.66,0.2273,2.43,-0.1009,0.0,0.5,0.5,-0.01403,0.4282,0.02061,0.0,3.0,0.0,0.0,0.0,-0.015076,1.2736375999999998,,,
0.353,0.3982,-0.07495,0.2002,-2.658,0.5713,-0.9917,1.0,1.0,0.11914,0.03387,0.2476,0.0,-0.072,1.313,5.836,5.7,0.4346,0.1992,1.9671,5.74,-0.068,-0.71,-0.5493,5.164,4.715,0.0,0.0,4.992,0.0,6.11,0.686,2.299,9.42,0.0,0.5,1.0,-0.7847,1.069,0.368,1.0,0.0,0.0,0.0,0.0,1.411,-0.189004,,,
0.2325,-0.006096,-0.151,0.2896,-0.7676,0.5713,-0.9917,1.0,1.0,0.1876,0.12445,0.2188,0.0,-0.07153,0.5977,5.836,5.7,-0.003342,0.2037,-0.7559,5.74,1.966,-0.068,-0.71,5.18,4.773,0.0,0.0,5.05,0.0,5.926,0.0451,2.676,-2.402,-1.0,0.5,0.5,-0.4453,0.621,0.1698,0.0,1.0,0.0,0.0,0.0,-0.3386,-0.0979716,,,
0.1475,-0.0099,-0.1549,0.2612,0.07935,0.5713,-0.9917,1.0,1.0,0.185,0.1357,0.2153,0.0,-0.0711,-0.079,5.836,5.7,-0.01,0.2009,-0.08956,4.965,-0.7554,1.966,-0.068,5.176,4.83,0.0,0.0,5.11,0.0,5.906,-0.3796,2.97,-0.1556,-1.0,0.0,0.0,-0.3914,0.48,0.1206,0.0,2.0,0.0,0.0,0.0,-0.02249,-0.1945071999999999,,,
0.134,-0.0387,-0.1589,0.2795,-0.2974,0.5713,-0.984,1.0,1.0,0.1881,0.1412,0.2123,0.0,-0.0707,-0.31,5.836,5.7,-0.02802,0.1992,-0.0838,4.09,-0.08966,-0.7554,1.966,5.164,4.875,0.0,0.0,5.152,0.0,5.887,-0.1914,2.828,-0.1747,-1.0,-0.5,0.0,-0.3477,0.3506,0.05826,0.0,3.0,0.0,0.0,0.0,-0.0253,-0.1331104,,,
0.1256,-0.2322,-0.2086,0.2056,-4.72,0.4285,-0.9756,0.0,1.0,0.2407,0.1969,0.1931,0.0,-0.0702,0.0201,5.44,5.7,-0.2125,0.1941,-0.5169,3.436,-0.08386,-0.08966,-0.7554,5.156,4.914,0.0,0.0,5.18,0.0,5.76,-0.5874,3.057,-1.045,-1.0,-1.0,-0.5,-0.17,0.01959,-0.1818,0.0,4.0,0.0,0.0,0.0,-0.1519,0.194824,,,
-0.01709,-0.0451,-0.1605,0.2764,-1.191,0.4285,-0.9673,1.0,1.0,0.1777,0.1555,0.2087,0.0,-0.06976,0.08295,4.637,5.7,-0.02614,0.1956,0.4278,2.953,-0.5166,-0.08386,-0.08966,5.176,4.953,0.0,0.0,5.207,0.0,5.863,0.1058,2.605,1.1875,-1.0,-1.0,0.0,-0.3,0.1913,-0.05746,1.0,0.0,0.0,0.0,0.0,0.1754,0.1557676,,,
-0.1146,0.2793,-0.0784,0.3853,9.71,0.4285,-0.9595,1.0,1.0,0.08514,0.0761,0.2366,0.0,-0.06934,-0.1586,3.828,5.7,0.276,0.2003,0.7535,1.679,0.4275,-0.5166,-0.08386,5.223,4.992,0.0,0.0,5.25,0.0,6.04,0.3025,2.543,1.825,0.0,-1.0,0.0,-0.5225,0.4902,0.3604,2.0,0.0,0.0,0.0,0.0,0.2659,-0.163744,,,
-0.2048,0.0642,-0.1144,0.4734,-0.504,0.4285,-0.951,1.0,1.0,0.1145,0.1213,0.2224,0.0,-0.06885,-0.2207,3.074,5.7,0.0749,0.2014,-0.3739,1.652,0.7534,0.4275,-0.5166,5.203,5.035,0.0,0.0,5.258,0.0,5.95,0.1466,2.615,-0.7944,0.0,-1.0,-0.5,-0.308,0.2922,0.06058,0.0,1.0,0.0,0.0,0.0,-0.11304,0.4456520000000001,,,
-0.2395,0.3171,-0.0457,0.5938,1.991,0.4285,-0.943,1.0,1.0,0.04248,0.05273,0.245,0.0,-0.0684,0.1426,2.271,5.1,0.3186,0.2053,0.6051,1.548,-0.3738,0.7534,0.4275,5.223,5.07,0.0,0.0,5.254,0.0,6.09,0.2676,2.592,1.304,1.0,-0.5,-0.5,-0.501,0.4924,0.548,1.0,0.0,0.0,0.0,0.0,0.1877,0.5303488,,,
-0.176,0.631,0.03735,0.7197,0.9746,0.4285,-0.935,1.0,1.0,-0.03262,-0.03525,0.273,0.0,-0.06793,0.525,1.772,4.426,0.555,0.2146,0.7311,1.88,0.6045,-0.3738,0.7534,5.266,5.117,0.0,0.0,5.266,0.0,6.27,0.3093,2.639,3.176,2.0,0.0,-0.5,-0.6943,0.7446,0.912,2.0,0.0,1.0,0.0,5.9,0.449,-0.1533403599999999,,,
-0.0939,0.284,-0.03006,0.7866,-0.3872,0.4285,-0.927,1.0,1.0,0.0388,0.02483,0.248,0.0,-0.0675,0.2418,1.443,3.873,0.2018,0.217,-0.6376000000000001,1.815,0.731,0.6045,-0.3738,5.293,5.156,0.0,0.0,5.26,0.0,6.11,0.0607,2.748,-1.905,1.0,-0.5,-1.0,-0.3662,0.415,0.4941,0.0,1.0,0.0,0.0,0.0,-0.2634,-0.6623073599999999,,,
0.0946,-0.4448,-0.1869,0.8013,-1.999,0.2856,-0.9185,0.0,1.0,0.2147,0.1752,0.1914,0.0,-0.0671,0.291,1.2295,3.354,-0.511,0.2157,-1.4819,1.797,-0.637,0.731,0.6045,5.29,5.19,0.0,0.0,5.26,0.0,5.75,-0.1833,2.764,-4.574,0.0,-0.5,-1.0,0.3257,-0.2085,-0.5474,0.0,2.0,0.0,1.0,-7.15,-0.645,0.124188,,,
0.0726,-0.4329,-0.1772,0.862,0.09814,0.2856,-0.9106,0.0,1.0,0.2028,0.1664,0.1934,0.0,-0.0666,-0.3333,1.051,2.809,-0.4688,0.2142,0.0521,1.783,-1.481,-0.637,0.731,5.28,5.227,0.0,0.0,5.266,0.0,5.76,0.0011215,2.637,0.292,1.0,0.0,-0.5,0.289,-0.1716,-0.518,1.0,0.0,0.0,0.0,0.0,0.04318,-0.1975,,,
0.09656,-0.5483,-0.1974,0.9067,0.4844,0.2856,-0.9023,0.0,1.0,0.2262,0.1868,0.185,0.0,-0.06616,-0.323,0.949,2.305,-0.5625,0.2133,-0.2259,1.822,0.05197,-1.481,-0.637,5.242,5.25,0.0,0.0,5.26,0.0,5.71,-0.03934,2.643,-0.606,0.0,0.0,-0.5,0.2844,-0.3474,-0.6543,0.0,1.0,0.0,0.0,0.0,-0.0895,-0.04307,,,
-0.0321,-0.558,-0.2104,0.8076,0.1559,0.1428,-0.8945,0.0,1.0,0.2302,0.212,0.1796,0.0,-0.06573,-0.2487,0.9346,1.76,-0.6035,0.2108,-0.1507,1.91,-0.226,0.05197,-1.481,5.21,5.27,0.0,0.0,5.258,0.0,5.676,-0.6636,3.074,-0.31,-1.0,0.0,-1.0,0.295,-0.426,-0.7153,0.0,2.0,0.0,0.0,0.0,-0.0461,0.3550199999999999,,,
-0.1255,-0.1952,-0.131,0.811,-0.68,0.0,-0.886,0.0,1.0,0.1381,0.1324,0.2063,0.0,-0.06525,-0.3699,0.9355,1.314,-0.2355,0.2092,0.7418,1.911,-0.1506,-0.226,0.05197,5.18,5.285,0.0,0.0,5.254,0.0,5.844,-0.1989,2.816,1.56,0.0,0.0,-0.5,0.00822,-0.0603,-0.2338,1.0,0.0,0.0,0.0,0.0,0.2329,-1.4604727999999998,,,
0.2255,-1.324,-0.3914,0.674,10.734,-0.1428,-0.886,0.0,0.0,0.4592,0.4058,0.1139,0.0,-0.0648,1.488,0.9634,0.949,-1.309,0.1986,-2.4299,2.639,0.741,-0.1506,-0.226,5.062,5.293,0.0,0.0,5.227,0.0,5.258,-0.731,2.94,-9.51,0.0,-0.5,-0.5,1.233,-1.046,-1.282,0.0,1.0,0.0,1.0,-7.91,-1.824,-0.019824,,,
0.2257,-1.291,-0.3992,0.5303,0.10455,-0.2856,-0.886,0.0,0.0,0.469,0.4158,0.1097,0.0,-0.06433,-0.395,1.067,0.741,-1.297,0.1931,-0.1244,3.232,-2.428,0.741,-0.1506,4.96,5.277,0.0,0.0,5.2,0.0,5.23,-0.736,2.93,-0.2401,-1.0,-0.5,-0.5,1.171,-1.022,-1.185,0.0,2.0,0.0,0.0,0.0,-0.03802,-0.0340184,,,
0.2197,-1.4795,-0.4553,0.3843,0.3,-0.2856,-0.886,0.0,0.0,0.5386,0.4885,0.0887,0.0,-0.0639,-0.5425,1.254,0.701,-1.491,0.1863,-0.6186,3.898,-0.12445,-2.428,0.741,4.883,5.246,0.0,0.0,5.176,0.0,5.098,-0.7437,2.877,-1.529,-1.0,-1.0,-0.5,1.362,-1.191,-1.186,0.0,3.0,0.0,0.0,0.0,-0.2432,-0.02437332,,,
0.1934,-1.53,-0.487,0.1853,0.1722,-0.4285,-0.886,0.0,0.0,0.577,0.5327,0.07635,0.0,-0.0635,-0.3508,1.602,0.839,-1.582,0.1802,-0.3722,4.562,-0.618,-0.12445,-2.428,4.797,5.22,0.0,0.0,5.15,0.0,5.02,-0.9253,2.973,-0.6304,-1.0,-1.5,-1.0,1.396,-1.268,-1.11,0.0,4.0,0.0,0.0,0.0,-0.10223,0.4877823999999999,,,
0.142,-0.9756,-0.3894,-0.003677,-0.2756,-0.5713,-0.886,0.0,0.0,0.4504,0.4104,0.10876,0.0,-0.063,-0.2081,2.1,1.112,-1.061,0.173,0.9881,4.703,-0.3723,-0.618,-0.12445,4.74,5.195,0.0,0.0,5.113,0.0,5.227,-0.886,3.035,1.962,-1.0,-1.0,-1.0,0.8906,-0.689,-0.7573,1.0,0.0,0.0,0.0,0.0,0.3218,0.0398292,,,
0.128,-0.8364,-0.3767,-0.1548,-0.033,-0.7144,-0.886,0.0,0.0,0.4338,0.3955,0.11145,0.0,-0.06256,-0.2354,2.61,1.407,-0.9556,0.1676,0.07914,4.87,0.9873,-0.3723,-0.618,4.688,5.18,0.0,0.0,5.086,0.0,5.242,-0.805,2.984,0.1087,0.0,-0.5,-0.5,0.765,-0.6187,-0.6724,2.0,0.0,0.0,0.0,0.0,0.01729,0.2451323999999999,,,
0.1437,-0.804,-0.3923,-0.3557,0.0877,-0.857,-0.886,0.0,0.0,0.4539,0.4138,0.1042,0.0,-0.0621,0.374,3.133,1.742,-0.9663,0.1608,-0.2134,5.043,0.079,0.9873,-0.3723,4.613,5.164,0.0,0.0,5.055,0.0,5.195,-1.039,3.13,-0.5117,0.0,-1.0,-1.0,0.7715,-0.6855,-0.669,0.0,1.0,0.0,0.0,0.0,-0.08124,0.6151319999999999,,,
-0.02563,-0.2695,-0.3035,-0.5547,-0.657,-1.0,-0.886,0.0,0.0,0.335,0.319,0.1329,0.0,-0.06165,-0.2632,3.783,2.25,-0.37,0.1453,0.8531,5.047,-0.2134,0.079,0.9873,4.63,5.156,0.0,0.0,5.035,0.0,5.38,-1.03,3.205,2.156,1.0,-0.5,-1.0,0.3699,-0.2605,-0.4133,1.0,0.0,0.0,0.0,0.0,0.3447,-0.2838679999999999,,,
-0.0723,-0.358,-0.3428,-0.736,0.635,-1.143,-0.886,0.0,0.0,0.3772,0.37,0.11743,0.0,-0.06122,-0.4749,4.35,2.785,-0.4592,0.1361,-0.4477,5.133,0.8525,-0.2134,0.079,4.633,5.14,0.0,0.0,5.016,0.0,5.28,-0.994,3.137,-0.842,1.0,-0.5,-1.0,0.477,-0.4949,-0.4985,0.0,1.0,0.0,0.0,0.0,-0.1311,-0.003164,,,
-0.1254,0.642,-0.132,-0.698,-3.73,-1.0,-0.878,1.0,1.0,0.1392,0.1335,0.1882,0.0,-0.06076,1.174,4.703,3.232,0.5547,0.1337,2.0741,5.082,-0.4475,0.8525,-0.2134,4.707,5.133,0.0,0.0,5.008,0.0,5.727,-0.1158,2.707,6.113,1.0,-0.5,-0.5,-0.2676,0.4724,0.05374,1.0,0.0,0.0,0.0,0.0,0.965,0.004572,,,
-0.08936,0.969,-0.0558,-0.6294,0.617,-0.857,-0.87,1.0,1.0,0.0645,0.05063,0.2129,0.0,-0.0603,0.4897,4.895,3.61,0.939,0.1309,0.6811,4.97,2.074,-0.4475,0.8525,4.81,5.133,0.0,0.0,5.004,0.0,5.883,0.0264,2.674,1.833,1.0,0.0,-0.5,-0.4636,0.714,0.262,2.0,0.0,0.0,0.0,0.0,0.2717,0.394332,,,
-0.113,1.163,-0.000192,-0.507,0.3306,-0.7144,-0.862,1.0,1.0,0.00822,-0.003527,0.2302,0.0,-0.05984,-0.38,4.836,3.879,1.158,0.1322,0.4657,5.008,0.6807,2.074,-0.4475,4.9,5.137,0.0,0.0,5.004,0.0,5.992,0.1768,2.615,0.9556,2.0,0.5,0.0,-0.5625,0.841,0.3918,3.0,0.0,0.0,0.0,0.0,0.1387,-0.304464,,,
-0.1087,1.398,0.07025,-0.3398,0.3357,-0.5713,-0.8535,1.0,1.0,-0.05795,-0.0725,0.2527,0.0,-0.05942,0.09,4.54,4.016,1.4,0.1368,0.5981,5.06,0.4653,0.6807,2.074,5.004,5.15,0.0,0.0,5.008,0.0,6.137,0.3252,2.572,1.485,2.0,1.0,0.5,-0.7197,0.982,0.559,4.0,0.0,0.0,0.0,0.0,0.2125,0.038326,,,
-0.0625,1.368,0.07965,-0.2169,0.1114,-0.4285,-0.8457,1.0,1.0,-0.0629,-0.08527,0.2542,0.0,-0.05896,0.4531,4.01,4.004,1.37,0.1403,0.04078,4.91,0.5977,0.4653,0.6807,5.117,5.164,0.0,0.0,5.0,0.0,6.145,0.2002,2.664,0.0992,3.0,1.5,0.5,-0.766,0.774,0.597,5.0,0.0,0.0,0.0,0.0,0.01393,-0.0366599999999999,,,
-0.2686,1.185,0.07776,0.07117,-0.00211,-0.2856,-0.8457,1.0,1.0,-0.0777,-0.0664,0.2517,0.0,-0.0585,-0.2379,3.48,3.844,1.179,0.1506,-0.0667,4.934,0.04068,0.5977,0.4653,5.203,5.164,0.0,0.0,5.004,0.0,6.13,1.042,2.057,-0.1725,2.0,1.0,0.5,-0.663,0.658,0.5723,0.0,1.0,0.0,0.0,0.0,-0.02419,-0.1232088,,,
-0.2446,0.9556,0.06415,0.3486,-0.05978,-0.1428,-0.8374,1.0,1.0,-0.0632,-0.0554,0.2455,0.0,-0.05804,-0.1996,2.951,3.613,0.9624,0.1597,-0.1627,5.164,-0.0667,0.04068,0.5977,5.297,5.168,0.0,0.0,5.016,0.0,6.09,1.018,2.057,-0.3608,1.0,0.5,0.5,-0.55,0.4963,0.4768,0.0,2.0,0.0,0.0,0.0,-0.05072,-0.2419679599999999,,,
-0.2211,0.8345,0.0775,0.663,0.00838,0.0,-0.829,1.0,1.0,-0.07367,-0.0701,0.2487,0.0,-0.05762,-0.217,2.648,3.346,0.8247,0.1722,0.0849,5.387,-0.1628,-0.0667,0.04068,5.344,5.176,0.0,0.0,5.03,0.0,6.11,1.309,1.858,0.2072,1.0,1.0,1.0,-0.536,0.4539,0.4583,1.0,0.0,0.0,0.0,0.0,0.02927,-0.5296688,,,
-0.1292,0.1696,-0.03467,0.928,-0.6426,0.1428,-0.8213,1.0,1.0,0.04047,0.03238,0.2092,0.0,-0.05716,0.0975,2.664,3.076,0.1785,0.1808,-1.0319,5.434,0.0847,-0.1628,-0.0667,5.34,5.176,0.0,0.0,5.04,0.0,5.86,0.9565,2.0,-2.506,0.0,0.5,1.0,-0.06177,-0.02023,0.1572,0.0,1.0,0.0,0.0,0.0,-0.353,0.7958308,,,
-0.17,0.5527,0.0832,1.203,1.766,0.2856,-0.813,1.0,1.0,-0.0748,-0.0798,0.2482,0.0,-0.0567,-0.04065,3.045,2.861,0.571,0.1898,1.0521,5.637,-1.031,0.0847,-0.1628,5.355,5.184,0.0,0.0,5.055,0.0,6.105,0.9824,2.09,2.355,0.0,1.0,1.0,-0.4075,0.4368,0.3984,1.0,0.0,0.0,0.0,0.0,0.343,0.9374148000000002,,,
-0.11566,1.031,0.2325,1.545,0.9404,0.4285,-0.8047,1.0,1.0,-0.2023,-0.2201,0.2983,0.0,-0.05624,1.011,3.742,2.77,1.064,0.2018,1.3151,5.74,1.051,-1.031,0.0847,5.387,5.2,0.0,0.0,5.082,0.0,6.426,1.141,2.117,4.598,1.0,1.0,1.0,-0.7954,0.946,0.6597,2.0,0.0,0.0,0.0,0.0,0.648,-0.2918176,,,
-0.163,0.681,0.1953,1.875,-0.2031,0.5713,-0.797,1.0,1.0,-0.1742,-0.1833,0.2854,0.0,-0.05582,-0.6777,4.598,2.94,0.7446,0.2125,-0.3279,5.74,1.315,1.051,-1.031,5.41,5.207,0.0,0.0,5.125,0.0,6.34,1.082,2.123,-0.545,1.0,0.5,1.0,-0.6016,0.7,0.5024,0.0,1.0,0.0,0.0,0.0,-0.0738,0.12816216,,,
-0.11487,0.6616,0.2284,2.176,0.10583,0.7144,-0.7886,1.0,1.0,-0.1986,-0.2166,0.2961,0.0,-0.05536,0.528,5.473,3.32,0.714,0.2249,0.2718,5.74,-0.3276,1.315,1.051,5.445,5.223,0.0,0.0,5.176,0.0,6.41,1.025,2.193,0.7603,1.0,0.5,1.0,-0.641,0.723,0.501,1.0,0.0,0.0,0.0,0.0,0.104,0.2408759999999999,,,
-0.0932,0.7056,0.2827,2.531,0.1964,0.857,-0.7803,1.0,1.0,-0.2424,-0.2654,0.3142,0.0,-0.0549,-0.03296,5.836,3.86,0.7876,0.2366,0.4576,5.74,0.2717,-0.3276,1.315,5.496,5.234,0.0,0.0,5.234,0.0,6.523,1.245,2.086,1.26,2.0,0.5,1.5,-0.8066,0.75,0.547,2.0,0.0,0.0,0.0,0.0,0.1709,-0.5232159999999998,,,
-0.1104,0.1826,0.1823,2.7,-0.5767,0.857,-0.7725,1.0,1.0,-0.1587,-0.176,0.2798,0.0,-0.05444,-0.10693,5.836,4.477,0.216,0.2471,-0.8524,5.74,0.4573,0.2717,-0.3276,5.52,5.234,0.0,0.0,5.29,0.0,6.305,0.61,2.443,-3.564,1.0,0.0,1.0,-0.3835,0.3337,0.2966,0.0,1.0,0.0,0.0,0.0,-0.4766,-0.7282936000000001,,,
-0.05292,-0.4421,0.04218,2.742,-2.396,0.7144,-0.764,0.0,1.0,-0.02728,-0.05008,0.2319,0.0,-0.05402,-0.1322,5.836,5.016,-0.4116,0.2491,-1.2229,5.406,-0.852,0.4573,0.2717,5.535,5.23,0.0,0.0,5.32,0.0,6.004,0.0408,2.717,-4.203,0.0,0.0,0.5,0.1937,-0.1785,-0.0672,0.0,2.0,0.0,0.0,0.0,-0.577,-0.3313671999999999,,,
-0.0692,-0.012474,0.1512,2.816,-1.139,0.7144,-0.756,1.0,1.0,-0.1282,-0.1514,0.2686,0.0,-0.05356,-0.1831,5.836,5.477,0.02342,0.2512,0.9728,4.906,-1.222,-0.852,0.4573,5.55,5.246,0.0,0.0,5.36,0.0,6.234,0.1622,2.732,2.875,1.0,0.5,0.5,-0.1775,0.2412,0.1671,1.0,0.0,0.0,0.0,0.0,0.411,-0.345862,,,
-0.0323,0.951,0.3972,2.986,15.09,0.7144,-0.748,1.0,1.0,-0.3293,-0.365,0.3523,0.0,-0.0531,1.529,5.836,5.7,0.95,0.2603,2.1581,4.664,0.972,-1.222,-0.852,5.59,5.273,0.0,0.0,5.426,0.0,6.766,0.466,2.748,9.62,1.0,0.5,0.5,-0.847,1.133,0.7764,2.0,0.0,1.0,0.0,9.375,1.37,0.2246615999999999,,,
-0.06665,1.531,0.568,3.252,0.734,0.7144,-0.7397,1.0,1.0,-0.459,-0.4932,0.411,0.0,-0.05264,0.2478,5.836,5.7,1.449,0.277,1.4111,5.11,2.156,0.972,-1.222,5.684,5.312,0.0,0.0,5.5,0.0,7.133,0.673,2.764,7.82,1.0,1.0,0.5,-1.191,1.605,1.051,3.0,0.0,1.0,0.0,9.375,1.016,-0.7951656000000001,,,
0.03897,0.832,0.4268,3.445,-0.33,0.7144,-0.732,1.0,1.0,-0.3462,-0.3943,0.3633,0.0,-0.05222,0.11346,5.836,5.7,0.7534,0.2854,-1.1019,4.58,1.41,2.156,0.972,5.734,5.348,0.0,0.0,5.566,0.0,6.832,0.4014,2.824,-3.502,1.0,0.5,0.5,-0.587,1.095,0.661,0.0,1.0,0.0,0.0,0.0,-0.4358,-0.6279600000000002,,,
0.077,0.432,0.3516,3.61,-0.335,0.7144,-0.7236,1.0,1.0,-0.2847,-0.337,0.3376,0.0,-0.05176,-0.3826,5.836,5.7,0.3757,0.2908,-0.6103000000000001,4.402,-1.102,1.41,2.156,5.75,5.37,0.0,0.0,5.605,0.0,6.67,0.3,2.826,-1.622,1.0,0.0,0.5,-0.2355,0.795,0.398,0.0,2.0,0.0,1.0,-4.836,-0.2091,0.5922320000000001,,,
0.079,0.709,0.4436,3.816,0.71,0.7144,-0.7153,1.0,1.0,-0.356,-0.411,0.3691,0.0,-0.0513,0.2676,5.836,5.7,0.689,0.2961,0.7691,4.51,-0.6104,-1.102,1.41,5.816,5.414,0.0,0.0,5.645,0.0,6.87,0.394,2.848,1.856,1.0,0.5,0.5,-0.4846,1.015,0.5913,1.0,0.0,0.0,0.0,0.0,0.2439,-1.0907040000000006,,,
0.1854,-0.00998,0.293,4.004,-0.839,0.7144,-0.7075,1.0,1.0,-0.2285,-0.2969,0.3184,0.0,-0.05084,0.1053,5.836,5.7,-0.003805,0.3025,-1.2129,4.387,0.7686,-0.6104,-1.102,5.883,5.453,0.0,0.0,5.668,0.0,6.547,0.3384,2.744,-3.924,0.0,0.0,0.5,0.0948,0.466,0.1205,0.0,1.0,0.0,0.0,0.0,-0.5034,0.1496696,,,
0.2072,-0.05472,0.2969,4.13,-0.5366,0.7144,-0.699,1.0,1.0,-0.23,-0.302,0.3198,0.0,-0.0504,0.3047,5.734,5.7,-0.04675,0.3074,0.03596,4.34,-1.212,0.7686,-0.6104,5.918,5.492,0.0,0.0,5.688,0.0,6.555,0.2106,2.84,0.0952,0.0,0.0,0.5,0.04593,0.3867,0.10565,1.0,0.0,0.0,0.0,0.0,0.012695,-0.1875175999999999,,,
0.1356,-0.2373,0.253,4.133,-7.2,0.5713,-0.691,0.0,1.0,-0.1992,-0.2585,0.3052,0.0,-0.04996,-0.5464,5.348,5.7,-0.2479,0.3096,-0.3609,4.26,0.03586,-1.212,0.7686,5.883,5.535,0.0,0.0,5.7,0.0,6.465,-0.0634,2.994,-0.7617,0.0,0.0,0.0,0.219,0.2164,-0.04593,0.0,1.0,0.0,1.0,-4.008,-0.10144,0.6321600000000004,,,
0.1225,-0.0341,0.309,4.195,-1.259,0.5713,-0.683,1.0,1.0,-0.2467,-0.3054,0.3247,0.0,-0.0495,-0.4983,4.906,5.7,-0.02715,0.3108,0.4906,4.184,-0.3608,0.03586,-1.212,5.82,5.57,0.0,0.0,5.72,0.0,6.586,0.0836,2.945,0.982,1.0,0.5,0.5,0.0426,0.4136,0.10205,1.0,0.0,0.0,0.0,0.0,0.1323,0.08457332,,,
0.0981,0.1792,0.371,4.277,4.96,0.5713,-0.675,1.0,1.0,-0.2983,-0.3545,0.346,0.0,-0.04904,0.5044,4.523,5.7,0.1892,0.314,0.5245,4.1,0.4902,-0.3608,0.03586,5.81,5.613,0.0,0.0,5.746,0.0,6.723,0.1266,2.973,1.236,1.0,0.5,0.5,-0.1348,0.5947,0.2578,2.0,0.0,0.0,0.0,0.0,0.1641,0.271636,,,
0.0862,0.278,0.4026,4.34,0.539,0.5713,-0.6665,1.0,1.0,-0.324,-0.3792,0.3574,0.0,-0.0486,-0.03873,4.2,5.547,0.294,0.3164,0.2754999999999999,4.04,0.524,0.4902,-0.3608,5.824,5.66,0.0,0.0,5.773,0.0,6.793,0.0992,3.023,0.6753,2.0,0.5,0.5,-0.2281,0.626,0.3193,3.0,0.0,0.0,0.0,0.0,0.08813,-0.754956,,,
0.1304,-0.2944,0.2688,4.395,-1.568,0.4285,-0.6587,0.0,1.0,-0.213,-0.272,0.312,0.0,-0.04816,-0.2225,3.957,5.168,-0.2937,0.3206,-1.0899,3.453,0.2754,0.524,0.4902,5.78,5.69,0.0,0.0,5.8,0.0,6.508,0.04657,2.936,-4.934,1.0,0.0,0.5,0.2607,0.1277,-0.1667,0.0,1.0,0.0,0.0,0.0,-0.638,-0.0617468,,,
0.1155,-0.3557,0.2703,4.535,0.4404,0.4285,-0.6504,0.0,1.0,-0.2153,-0.2717,0.3127,0.0,-0.0477,0.1531,3.607,4.777,-0.3486,0.3257,0.01396,3.162,-1.089,0.2754,0.524,5.777,5.727,0.0,0.0,5.816,0.0,6.508,0.2961,2.76,0.0617,2.0,0.5,1.0,0.2135,0.0812,-0.202,1.0,0.0,0.0,0.0,0.0,0.00827,-0.8123199999999998,,,
0.2131,-0.9077,0.1351,4.543,2.283,0.2856,-0.642,0.0,1.0,-0.09125,-0.16,0.2664,0.0,-0.04724,0.162,3.014,4.39,-0.9053,0.3264,-1.1519,3.307,0.013855,-1.089,0.2754,5.734,5.74,0.0,0.0,5.81,0.0,6.215,-0.1056,2.916,-4.19,1.0,0.5,0.5,0.6543,-0.4624,-0.7036,0.0,1.0,0.0,0.0,0.0,-0.5615,-0.268638,,,
0.0607,-0.9463,0.10724,4.375,0.1832,0.1428,-0.6343,0.0,1.0,-0.07825,-0.1214,0.2566,0.0,-0.0468,-0.1909,2.312,3.965,-0.9785,0.3228,-0.2499,3.46,-1.152,0.013855,-1.089,5.7,5.746,0.0,0.0,5.8,0.0,6.152,-0.636,3.268,-0.5884,0.0,0.0,0.0,0.655,-0.593,-0.7705,0.0,2.0,0.0,0.0,0.0,-0.0817,0.4711752,,,
-0.02917,-0.506,0.1891,4.152,-0.4104,0.0,-0.626,0.0,1.0,-0.1581,-0.189,0.2844,0.0,-0.04636,0.1951,1.806,3.496,-0.494,0.3096,0.7241,3.496,-0.25,-1.152,0.013855,5.67,5.758,0.0,0.0,5.797,0.0,6.332,-0.8716,3.514,2.371,0.0,0.5,0.0,0.2861,-0.2664,-0.459,1.0,0.0,0.0,0.0,0.0,0.332,0.0608076,,,
-0.06757,-0.641,0.1356,3.973,0.4734,-0.1428,-0.6177,0.0,1.0,-0.11414,-0.1372,0.2666,0.0,-0.0459,-0.6255,1.477,3.064,-0.6177,0.3018,-0.4533,3.627,0.724,-0.25,-1.152,5.61,5.758,0.0,0.0,5.785,0.0,6.22,-0.7427,3.373,-1.235,0.0,0.0,0.0,0.4485,-0.4524,-0.6094,0.0,1.0,0.0,0.0,0.0,-0.1691,0.1227695999999999,,,
-0.0921,-0.485,0.1597,3.854,-0.1643,-0.2856,-0.61,0.0,1.0,-0.1375,-0.1571,0.2751,0.0,-0.04544,-0.386,1.311,2.693,-0.4702,0.2979,0.2185,3.646,-0.4531,0.724,-0.25,5.55,5.76,0.0,0.0,5.785,0.0,6.27,-0.538,3.25,0.5415,0.0,0.5,0.5,0.2983,-0.3586,-0.5166,1.0,0.0,0.0,0.0,0.0,0.07526,-0.1265196,,,
-0.10504,0.11255,0.291,3.752,-1.448,-0.2856,-0.6016,1.0,1.0,-0.2502,-0.2715,0.3206,0.0,-0.045,-0.1323,1.284,2.268,0.0846,0.2974,1.1641,3.244,0.2183,-0.4531,0.724,5.555,5.773,0.0,0.0,5.81,0.0,6.56,-0.4243,3.295,7.055,1.0,0.5,0.5,-0.1868,0.1283,-0.0888,2.0,0.0,1.0,0.0,4.18,0.973,-0.0141679999999999,,,
-0.1708,0.251,0.3254,3.762,0.8955,-0.2856,-0.5933,1.0,1.0,-0.2834,-0.2947,0.333,0.0,-0.04456,-0.431,1.351,1.758,0.2241,0.2983,0.3058,3.094,1.164,0.2183,-0.4531,5.57,5.79,0.0,0.0,5.824,0.0,6.637,0.01791,3.014,0.9966,2.0,0.5,1.0,-0.2683,0.2395,0.02142,3.0,0.0,0.0,0.0,0.0,0.1327,0.2366011999999999,,,
-0.1667,0.3892,0.363,3.8,0.5786,-0.2856,-0.5854,1.0,1.0,-0.3132,-0.3262,0.3462,0.0,-0.0441,0.5044,1.445,1.296,0.379,0.2986,0.3248,3.072,0.3054,1.164,0.2183,5.63,5.81,0.0,0.0,5.824,0.0,6.72,0.1007,2.992,1.028,2.0,0.5,1.0,-0.3628,0.3313,0.185,4.0,0.0,0.0,0.0,0.0,0.1356,0.0591271999999999,,,
-0.1978,0.4165,0.3782,3.871,0.1956,-0.1428,-0.577,1.0,1.0,-0.3276,-0.336,0.3518,0.0,-0.04364,-0.507,1.493,1.057,0.408,0.3018,0.1377999999999999,2.584,0.3245,0.3054,1.164,5.703,5.832,0.0,0.0,5.81,0.0,6.754,0.2615,2.893,0.4902,3.0,1.0,1.5,-0.3914,0.3228,0.3506,5.0,0.0,0.0,0.0,0.0,0.06396,-0.0959451999999999,,,
-0.1627,0.3396,0.364,3.908,-0.03186,-0.1428,-0.5693,1.0,1.0,-0.3137,-0.3274,0.3472,0.0,-0.0432,-0.1345,1.514,0.9053,0.3218,0.3042,-0.1128,2.496,0.1377,0.3245,0.3054,5.746,5.85,0.0,0.0,5.805,0.0,6.727,0.08563,3.006,-0.3225,2.0,0.5,1.0,-0.3247,0.2089,0.3086,0.0,1.0,0.0,0.0,0.0,-0.0419,0.0831771999999999,,,
-0.1937,0.0658,0.2922,3.861,-0.5615,-0.1428,-0.561,1.0,1.0,-0.2583,-0.265,0.323,0.0,-0.04276,-0.1897,1.517,0.804,0.03174,0.3042,-0.5853,2.467,-0.11285,0.1377,0.3245,5.79,5.855,0.0,0.0,5.8,0.0,6.57,-0.278,3.197,-1.507,1.0,0.5,0.5,-0.04175,-0.05292,-0.02441,0.0,2.0,0.0,0.0,0.0,-0.1965,0.386464,,,
-0.2441,0.3833,0.3652,3.834,2.44,-0.1428,-0.5527,1.0,1.0,-0.321,-0.3215,0.3484,0.0,-0.0423,-0.4065,1.49,0.7544,0.3406,0.304,0.6265999999999999,2.33,-0.5854,-0.11285,0.1377,5.844,5.867,0.0,0.0,5.793,0.0,6.734,-0.1628,3.186,1.356,1.0,1.0,0.5,-0.301,0.1637,0.3777,1.0,0.0,0.0,0.0,0.0,0.1802,-0.2309736,,,
-0.2311,0.1484,0.3105,3.852,-0.4067,0.0,-0.545,1.0,1.0,-0.2764,-0.2773,0.3306,0.0,-0.04184,0.1648,1.383,0.745,0.11163,0.305,-0.4339,2.346,0.6265,-0.5854,-0.11285,5.85,5.87,0.0,0.0,5.797,0.0,6.617,0.05936,2.979,-1.22,0.0,0.5,0.5,-0.0764,-0.02597,0.0975,0.0,1.0,0.0,0.0,0.0,-0.1589,-0.5353568000000001,,,
-0.18,-0.2008,0.2231,3.824,-1.491,0.0,-0.5366,0.0,1.0,-0.1995,-0.2067,0.301,0.0,-0.0414,0.4048,1.104,0.749,-0.2458,0.3052,-0.7239,2.363,-0.4338,0.6265,-0.5854,5.83,5.87,0.0,0.0,5.793,0.0,6.434,-0.1826,3.068,-2.469,-1.0,0.5,0.0,0.2094,-0.3672,-0.329,0.0,2.0,0.0,0.0,0.0,-0.3262,0.297102,,,
-0.1733,-0.04837,0.2688,3.902,-1.2295,0.1428,-0.5283,1.0,1.0,-0.2373,-0.2468,0.3171,0.0,-0.04095,0.627,0.6772,0.749,-0.0805,0.3076,0.4056,2.354,-0.724,-0.4338,0.6265,5.805,5.875,0.0,0.0,5.797,0.0,6.535,0.3328,2.746,1.584,0.0,0.5,0.5,0.03888,-0.1724,-0.09753,1.0,0.0,0.0,0.0,0.0,0.2141,0.9441028000000002,,,
-0.1604,0.4612,0.4133,4.082,16.66,0.2856,-0.5205,1.0,1.0,-0.352,-0.3672,0.3672,0.0,-0.0405,-0.1244,0.3674,0.76,0.4358,0.3145,1.2421,2.54,0.4053,-0.724,-0.4338,5.816,5.9,0.0,0.0,5.81,0.0,6.85,0.71,2.615,4.977,1.0,0.5,1.0,-0.413,0.3528,0.5757,2.0,0.0,1.0,0.0,7.523,0.664,-0.3401227999999999,,,
-0.12164,0.1567,0.352,4.188,-0.4663,0.4285,-0.512,1.0,1.0,-0.3008,-0.3208,0.3464,0.0,-0.04004,-0.1848,0.6226,0.7896,0.132,0.319,-0.4943,2.541,1.242,0.4053,-0.724,5.816,5.914,0.0,0.0,5.81,0.0,6.72,0.3677,2.803,-2.354,0.0,0.0,0.5,-0.1699,0.10657,0.2842,0.0,1.0,0.0,0.0,0.0,-0.3022,0.5516740000000001,,,
-0.0698,0.6245,0.4934,4.41,2.232,0.5713,-0.504,1.0,1.0,-0.4053,-0.437,0.395,0.0,-0.0396,0.89,1.028,0.8706,0.623,0.326,1.1751,2.842,-0.4941,1.242,0.4053,5.87,5.92,0.0,0.0,5.816,0.0,7.027,0.7705,2.65,3.924,1.0,0.0,1.0,-0.548,0.594,0.846,1.0,0.0,0.0,0.0,0.0,0.512,-0.0798279999999999,,,
-0.06198,0.4902,0.4849,4.61,-0.07007,0.7144,-0.4958,1.0,1.0,-0.3982,-0.4312,0.3923,0.0,-0.03915,-0.3386,1.563,1.063,0.465,0.3362,-0.0598,3.152,1.174,-0.4941,1.242,5.902,5.918,0.0,0.0,5.84,0.0,7.008,0.711,2.686,-0.4207,1.0,-0.5,0.5,-0.5127,0.4485,0.689,0.0,1.0,0.0,0.0,0.0,-0.05295,-0.0690468,,,
-0.1749,0.603,0.53,4.754,0.344,0.7144,-0.4878,1.0,1.0,-0.4404,-0.456,0.4084,0.0,-0.0387,-0.4917,2.037,1.284,0.5815,0.342,0.3757999999999999,3.533,-0.05988,1.174,-0.4941,5.96,5.926,0.0,0.0,5.863,0.0,7.11,0.571,2.83,0.952,1.0,0.0,0.5,-0.5977,0.542,0.735,1.0,0.0,0.0,0.0,0.0,0.12006,0.19712,,,
-0.02383,0.0939,0.4106,4.812,-0.6616,0.7144,-0.4797,1.0,1.0,-0.3389,-0.3762,0.368,0.0,-0.03827,1.16,2.414,1.524,0.0658,0.3457,-0.9384,3.367,0.3755,-0.05988,1.174,6.01,5.93,0.0,0.0,5.89,0.0,6.85,0.1466,3.02,-4.883,0.0,0.0,0.0,-0.1332,0.1278,0.2637,0.0,1.0,0.0,0.0,0.0,-0.6084,-0.1015752,,,
-0.006252,-0.11224,0.3596,4.816,-1.124,0.5713,-0.4714,0.0,1.0,-0.2976,-0.3367,0.3508,0.0,-0.0378,0.4612,2.68,1.786,-0.1628,0.3481,-0.4091,2.994,-0.938,0.3755,-0.05988,6.035,5.93,0.0,0.0,5.914,0.0,6.746,-0.0634,3.121,-1.708,0.0,-0.5,-0.5,0.06647,-0.04953,0.03488,0.0,2.0,0.0,0.0,0.0,-0.2192,0.5883679999999999,,,
0.04553,0.3657,0.4858,4.88,-14.766,0.5713,-0.4634,1.0,1.0,-0.3904,-0.441,0.3945,0.0,-0.03735,0.3313,2.908,2.055,0.3096,0.351,1.0551,2.967,-0.409,-0.938,0.3755,6.055,5.94,0.0,0.0,5.945,0.0,7.02,0.1644,3.08,3.22,0.0,0.0,-0.5,-0.2935,0.4155,0.508,1.0,0.0,0.0,0.0,0.0,0.419,0.0480696,,,
0.1295,-0.06946,0.3792,4.895,-0.9067,0.5713,-0.4553,1.0,1.0,-0.3022,-0.3638,0.3582,0.0,-0.0369,0.12195,3.041,2.236,-0.11395,0.3513,-0.8466,2.54,1.055,-0.409,-0.938,6.066,5.95,0.0,0.0,5.97,0.0,6.793,-0.03284,3.121,-2.744,0.0,0.0,-0.5,0.10333,0.03888,0.0198,0.0,1.0,0.0,0.0,0.0,-0.3457,0.0482447999999999,,,
0.1283,-0.1791,0.3564,4.934,-9.734,0.4285,-0.4473,0.0,1.0,-0.2844,-0.3452,0.3508,0.0,-0.03647,-0.3472,3.078,2.354,-0.2153,0.3528,-0.1765,2.088,-0.846,1.055,-0.409,6.03,5.957,0.0,0.0,5.99,0.0,6.746,0.0683,3.027,-0.406,-1.0,-0.5,-0.5,0.1598,-0.0647,-0.1406,0.0,2.0,0.0,0.0,0.0,-0.05252,-0.143924,,,
0.1859,-0.4817,0.2744,4.875,3.44,0.2856,-0.439,0.0,1.0,-0.2131,-0.2812,0.3232,0.0,-0.036,-0.04495,2.973,2.402,-0.5244,0.352,-0.6645,2.072,-0.1765,-0.846,1.055,5.98,5.957,0.0,0.0,5.99,0.0,6.57,-0.2402,3.172,-1.813,-1.0,-1.0,-1.0,0.4453,-0.331,-0.5977,0.0,3.0,0.0,0.0,0.0,-0.2358,0.767382,,,
0.1476,-0.0562,0.3833,4.906,-1.002,0.2856,-0.431,1.0,1.0,-0.304,-0.3684,0.3618,0.0,-0.03555,-0.02254,2.77,2.416,-0.0859,0.3525,0.9481,2.043,-0.6646,-0.1765,-0.846,5.945,5.96,0.0,0.0,5.996,0.0,6.812,0.078,3.05,3.607,0.0,-0.5,-0.5,0.05057,0.09503,0.01482,1.0,0.0,0.0,0.0,0.0,0.479,0.1668886799999999,,,
0.0843,0.166,0.4517,5.023,9.586,0.4285,-0.4229,1.0,1.0,-0.3616,-0.4175,0.387,0.0,-0.0351,-0.575,2.484,2.422,0.1511,0.3572,0.6031,2.123,0.9478,-0.6646,-0.1765,5.96,5.965,0.0,0.0,6.008,0.0,6.973,0.3848,2.902,1.866,0.0,-0.5,0.0,-0.1647,0.3352,0.3862,2.0,0.0,1.0,0.0,4.047,0.2407,-0.0118159999999999,,,
-0.00087,0.1936,0.47,5.125,0.2524,0.4285,-0.4146,1.0,1.0,-0.382,-0.4248,0.395,0.0,-0.03467,-0.422,2.158,2.459,0.1757,0.363,0.1886999999999999,2.238,0.603,0.9478,-0.6646,5.992,5.98,0.0,0.0,6.02,0.0,7.023,0.3486,2.951,0.48,1.0,0.0,0.0,-0.2556,0.3215,0.4568,3.0,0.0,0.0,0.0,0.0,0.06076,-0.1333939999999999,,,
-0.07733,0.10895,0.4485,5.133,-0.1957,0.4285,-0.4065,1.0,1.0,-0.3723,-0.4019,0.3894,0.0,-0.0342,-0.642,1.846,2.475,0.09344,0.3645,-0.1327,2.299,0.1885,0.603,0.9478,5.99,5.992,0.0,0.0,6.027,0.0,6.99,0.04755,3.15,-0.3489,1.0,-0.5,-0.5,-0.1847,0.2094,0.3264,0.0,1.0,0.0,0.0,0.0,-0.0439,-0.6309903999999998,,,
-0.0776,-0.1908,0.3716,5.12,-1.551,0.2856,-0.3984,0.0,1.0,-0.3127,-0.3403,0.3647,0.0,-0.03375,-0.0487,1.53,2.46,-0.2281,0.368,-0.5749,2.18,-0.1327,0.1885,0.603,5.992,6.01,0.0,0.0,6.04,0.0,6.832,0.02184,3.1,-1.3955,1.0,-0.5,-0.5,0.04562,-0.089,-0.07697,0.0,2.0,0.0,0.0,0.0,-0.1764,-0.3270119999999999,,,
-0.09735,-0.5034,0.276,4.973,3.182,0.1428,-0.3901,0.0,1.0,-0.237,-0.259,0.3335,0.0,-0.0333,0.1375,1.169,2.352,-0.555,0.3652,-0.7455,2.23,-0.575,-0.1327,0.1885,5.98,6.023,0.0,0.0,6.035,0.0,6.633,-0.5063,3.39,-2.49,0.0,-0.5,-1.0,0.3904,-0.3704,-0.5522,0.0,3.0,0.0,0.0,0.0,-0.3206,-0.4459319999999999,,,
0.01573,-0.8037,0.1797,4.785,0.8936,0.0,-0.382,0.0,1.0,-0.1462,-0.1841,0.3015,0.0,-0.03287,-0.04556,0.9014,2.13,-0.824,0.3562,-0.7819,2.436,-0.745,-0.575,-0.1327,5.965,6.027,0.0,0.0,6.027,0.0,6.43,-0.653,3.406,-2.395,-1.0,-1.0,-1.0,0.715,-0.659,-0.9663,0.0,4.0,0.0,1.0,-4.38,-0.3154,0.3958320000000001,,,
0.04028,-0.468,0.2417,4.605,-0.3633,-0.1428,-0.374,0.0,1.0,-0.1975,-0.241,0.3245,0.0,-0.0324,0.2231,0.7476,1.826,-0.506,0.3516,0.5729,2.258,-0.782,-0.745,-0.575,5.938,6.035,0.0,0.0,6.035,0.0,6.574,-0.601,3.432,1.116,-1.0,-0.5,-1.0,0.4038,-0.3838,-0.685,1.0,0.0,0.0,0.0,0.0,0.1508,0.0373231999999999,,,
-0.1086,-0.447,0.2335,4.496,0.0753,-0.2856,-0.366,0.0,1.0,-0.2025,-0.2217,0.323,0.0,-0.03195,-0.642,0.711,1.469,-0.4778,0.3477,-0.03286,2.217,0.5728,-0.782,-0.745,5.89,6.047,0.0,0.0,6.035,0.0,6.566,-0.3977,3.283,-0.0538,-1.0,-0.5,-1.0,0.3718,-0.3904,-0.719,0.0,1.0,0.0,0.0,0.0,-0.007137,-0.6973639999999999,,,
-0.0693,-0.819,0.1271,4.36,1.22,-0.2856,-0.3577,0.0,1.0,-0.1066,-0.1292,0.2874,0.0,-0.0315,0.5044,0.8306,1.16,-0.837,0.3423,-0.8849,2.615,-0.03293,0.5728,-0.782,5.81,6.04,0.0,0.0,6.016,0.0,6.34,-0.5005,3.258,-2.498,-1.0,-0.5,-1.0,0.7104,-0.7573,-1.081,0.0,2.0,0.0,0.0,0.0,-0.332,-0.000344,,,
-0.1792,-0.694,0.1343,4.156,-0.04776,-0.4285,-0.3496,0.0,1.0,-0.1218,-0.1267,0.2908,0.0,-0.03105,-0.4001,1.169,0.9355,-0.7085,0.3345,0.08775,2.904,-0.885,-0.03293,0.5728,5.74,6.03,0.0,0.0,6.0,0.0,6.36,-0.847,3.514,0.2184,0.0,-0.5,-1.0,0.575,-0.7026,-0.9224,1.0,0.0,0.0,0.0,0.0,0.02983,-0.0693328,,,
-0.2019,-0.709,0.1128,3.998,0.16,-0.5713,-0.3416,0.0,1.0,-0.1044,-0.1049,0.2844,0.0,-0.03061,0.0635,1.573,0.885,-0.721,0.329,-0.1605,3.082,0.0876,-0.885,-0.03293,5.676,6.02,0.0,0.0,5.973,0.0,6.32,-0.69,3.385,-0.3948,0.0,-1.0,-1.0,0.593,-0.721,-0.8926,0.0,1.0,0.0,0.0,0.0,-0.0538,-0.1144383999999999,,,
-0.1523,-0.7925,0.07367,3.832,0.2754,-0.5713,-0.3333,0.0,1.0,-0.06464,-0.07214,0.272,0.0,-0.03015,-0.1788,2.076,1.094,-0.779,0.3213,-0.3144,3.291,-0.1606,0.0876,-0.885,5.633,6.008,0.0,0.0,5.94,0.0,6.242,-0.7188,3.37,-1.025,-1.0,-1.5,-1.0,0.656,-0.8247,-0.9224,0.0,2.0,0.0,0.0,0.0,-0.1404,0.1414956,,,
-0.1576,-0.8154,0.0535,3.701,0.1676,-0.5713,-0.3252,0.0,1.0,-0.0463,-0.05237,0.266,0.0,-0.02971,-0.1412,2.533,1.361,-0.8047,0.3176,-0.1487,3.334,-0.3142,-0.1606,0.0876,5.605,5.992,0.0,0.0,5.902,0.0,6.203,-0.5854,3.26,-0.3494,-1.0,-1.5,-1.0,0.619,-0.873,-0.899,0.0,3.0,0.0,0.0,0.0,-0.0483,-0.154108,,,
-0.2169,-0.8535,0.01956,3.48,0.1888,-0.7144,-0.3171,0.0,1.0,-0.01903,-0.01445,0.2559,0.0,-0.02925,-0.704,3.094,1.737,-0.8184,0.3079,-0.2672,3.607,-0.1487,-0.3142,-0.1606,5.555,5.98,0.0,0.0,5.87,0.0,6.14,-1.118,3.61,-0.8403,-1.0,-1.5,-1.5,0.6543,-0.948,-0.8975,0.0,4.0,0.0,0.0,0.0,-0.1167,0.7628671999999997,,,
-0.1973,-0.2339,0.1442,3.29,-0.724,-0.857,-0.3088,0.0,1.0,-0.1321,-0.1343,0.301,0.0,-0.02881,0.5386,3.63,2.15,-0.1836,0.3,1.1741,3.627,-0.2673,-0.1487,-0.3142,5.54,5.973,0.0,0.0,5.86,0.0,6.426,-0.858,3.55,4.684,-1.0,-1.0,-1.5,0.165,-0.3337,-0.3977,1.0,0.0,1.0,0.0,4.83,0.6562,-0.2840839999999998,,,
-0.1953,-0.2703,0.10974,3.066,0.3882,-1.0,-0.3008,0.0,1.0,-0.1011,-0.1026,0.2905,0.0,-0.02835,-0.577,4.04,2.555,-0.2322,0.2937,-0.2599,3.432,1.174,-0.2673,-0.1487,5.54,5.965,0.0,0.0,5.832,0.0,6.36,-1.013,3.63,-0.558,-1.0,-1.0,-2.0,0.2642,-0.4238,-0.468,0.0,1.0,0.0,0.0,0.0,-0.07544,0.01152,,,
-0.2206,-0.1656,0.11053,2.863,-0.4585,-1.143,-0.2927,0.0,1.0,-0.10376,-0.10126,0.2922,0.0,-0.02791,-0.7515,4.33,2.945,-0.1398,0.2876,0.0424,3.404,-0.26,1.174,-0.2673,5.543,5.965,0.0,0.0,5.816,0.0,6.37,-0.962,3.6,0.06415,0.0,-1.0,-1.5,0.1971,-0.4143,-0.4158,1.0,0.0,0.0,0.0,0.0,0.00874,-0.4913299999999998,,,
-0.1927,-0.4858,0.01153,2.648,4.19,-1.143,-0.2847,0.0,1.0,-0.00942,-0.008545,0.2588,0.0,-0.02745,-0.0693,4.45,3.328,-0.466,0.281,-0.8446,3.535,0.04227,-0.26,1.174,5.523,5.953,0.0,0.0,5.79,0.0,6.156,-1.008,3.54,-2.506,0.0,-1.0,-1.5,0.5337,-0.7583,-0.7134,0.0,1.0,0.0,0.0,0.0,-0.3408,-0.4093959999999999,,,
-0.27,-0.4597,-0.001704,2.479,0.06476,-1.143,-0.2764,0.0,1.0,-0.002909,0.010956,0.2554,0.0,-0.02701,-0.635,4.492,3.7,-0.4287,0.2744,-0.08663,3.713,-0.844,0.04227,-0.26,5.51,5.934,0.0,0.0,5.773,0.0,6.137,-0.8516,3.418,-0.249,0.0,-1.0,-1.5,0.484,-0.783,-0.688,0.0,2.0,0.0,0.0,0.0,-0.03482,0.2157159999999999,,,
-0.356,-0.2432,0.03796,2.393,-0.4783,-1.143,-0.2683,0.0,1.0,-0.04764,-0.02095,0.2708,0.0,-0.02655,-0.1561,4.523,4.01,-0.201,0.2712,0.3973,3.646,-0.08673,-0.844,0.04227,5.51,5.92,0.0,0.0,5.75,0.0,6.23,-0.4177,3.152,1.72,0.0,-1.0,-1.0,0.2646,-0.5723,-0.4915,1.0,0.0,0.0,0.0,0.0,0.2411,-0.0634624,,,
-0.4312,-0.02158,0.0768,2.291,-1.329,-1.0,-0.2603,1.0,1.0,-0.0898,-0.05203,0.286,0.0,-0.02611,-0.4856,4.438,4.22,0.002937,0.2698,0.3868,3.283,0.397,-0.08673,-0.844,5.535,5.902,0.0,0.0,5.723,0.0,6.33,-0.515,3.264,1.447,1.0,-0.5,-1.0,0.099,-0.3604,-0.2988,2.0,0.0,0.0,0.0,0.0,0.2003,-0.077468,,,
-0.4136,0.001516,0.07056,2.193,0.5464,-0.857,-0.252,1.0,1.0,-0.08264,-0.04758,0.285,0.0,-0.02565,-0.414,4.215,4.305,0.01049,0.2683,-0.02254,2.71,0.3865,0.397,-0.08673,5.523,5.883,0.0,0.0,5.695,0.0,6.32,-0.511,3.258,-0.04434,0.0,-0.5,-1.0,0.0532,-0.4065,-0.2695,0.0,1.0,0.0,0.0,0.0,-0.006065,-0.1784715999999999,,,
-0.4836,-0.0985,0.04248,2.148,-1.157,-0.857,-0.2439,0.0,1.0,-0.06207,-0.01478,0.2761,0.0,-0.0252,-0.462,3.904,4.297,-0.0759,0.2664,-0.2237,2.027,-0.02263,0.3865,0.397,5.51,5.86,0.0,0.0,5.664,0.0,6.266,-0.2351,3.037,-0.5093,0.0,-0.5,-1.0,0.1399,-0.483,-0.3633,0.0,2.0,0.0,0.0,0.0,-0.0697,0.32239,,,
-0.4668,0.0607,0.0748,2.117,-9.75,-0.7144,-0.2357,1.0,1.0,-0.0909,-0.04727,0.2886,0.0,-0.02475,-0.04745,3.547,4.145,0.07477,0.2668,0.3223999999999999,1.464,-0.2236,-0.02263,0.3865,5.51,5.844,0.0,0.0,5.645,0.0,6.344,-0.1185,2.988,0.8447,1.0,0.0,-1.0,0.001288,-0.3193,-0.0809,1.0,0.0,0.0,0.0,0.0,0.1164,-0.1686239999999999,,,
-0.515,-0.05185,0.04578,2.09,-0.7134,-0.5713,-0.2277,1.0,1.0,-0.0677,-0.0154,0.2793,0.0,-0.0243,-0.6426,3.11,3.914,-0.0349,0.2664,-0.2371,1.196,0.322,-0.2236,-0.02263,5.527,5.832,0.0,0.0,5.63,0.0,6.285,-0.1536,2.988,-0.3997,0.0,-0.5,-1.0,0.0887,-0.4194,-0.2397,0.0,1.0,0.0,0.0,0.0,-0.05453,0.6668064,,,
-0.5415,0.4075,0.1576,2.154,16.78,-0.4285,-0.2195,1.0,1.0,-0.1716,-0.11816,0.3196,0.0,-0.02385,0.01744,2.629,3.668,0.4226,0.2695,1.0261,1.311,-0.237,0.322,-0.2236,5.574,5.816,0.0,0.0,5.633,0.0,6.54,0.3926,2.709,2.338,0.0,0.0,-0.5,-0.281,0.06122,0.678,1.0,0.0,0.0,0.0,0.0,0.3215,-0.059944,,,
-0.55,0.3186,0.1458,2.227,-0.06058,-0.2856,-0.2114,1.0,1.0,-0.1617,-0.1066,0.3162,0.0,-0.0234,-0.323,2.008,3.37,0.3533,0.2715,-0.08535,1.238,1.026,-0.237,0.322,5.605,5.812,0.0,0.0,5.633,0.0,6.52,0.4224,2.678,-0.1338,0.0,-0.5,-0.5,-0.2301,-0.01142,0.6367,0.0,1.0,0.0,0.0,0.0,-0.01782,-0.3861480000000002,,,
-0.511,0.01913,0.08325,2.28,-0.667,-0.1428,-0.2032,1.0,1.0,-0.1022,-0.0516,0.295,0.0,-0.02295,-0.699,1.461,3.006,0.05295,0.2747,-0.5279,1.053,-0.0854,1.026,-0.237,5.613,5.8,0.0,0.0,5.625,0.0,6.383,0.2893,2.715,-0.8057,0.0,-0.5,-0.5,-0.02904,-0.2869,0.1893,0.0,2.0,0.0,1.0,-3.19,-0.1076,0.4173356000000001,,,
-0.626,0.226,0.1304,2.28,2.334,0.0,-0.1951,1.0,1.0,-0.154,-0.0862,0.3123,0.0,-0.0225,-0.515,0.99,2.613,0.2688,0.2747,0.4412999999999999,1.159,-0.5273,-0.0854,1.026,5.633,5.8,0.0,0.0,5.633,0.0,6.492,0.03336,2.945,0.856,0.0,0.0,-0.5,-0.1948,-0.09357,0.5796,1.0,0.0,0.0,0.0,0.0,0.1162,-0.0252236,,,
-0.6333,0.2128,0.129,2.295,0.08746,0.1428,-0.187,1.0,1.0,-0.1536,-0.08435,0.3127,0.0,-0.02205,-0.5747,0.584,2.232,0.2632,0.2756,0.0139549999999999,1.253,0.441,-0.5273,-0.0854,5.66,5.79,0.0,0.0,5.637,0.0,6.496,0.1696,2.85,0.02412,1.0,0.0,0.0,-0.1865,-0.1058,0.5312,2.0,0.0,0.0,0.0,0.0,0.003231,0.1701047999999999,,,
-0.62,0.2747,0.1467,2.328,0.3584,0.2856,-0.1788,1.0,1.0,-0.1682,-0.10175,0.3198,0.0,-0.0216,-0.5264,0.295,1.828,0.3286,0.277,0.1747,1.384,0.01385,0.441,-0.5273,5.684,5.777,0.0,0.0,5.645,0.0,6.543,0.2238,2.83,0.3213,1.0,0.0,0.0,-0.2732,-0.08484,0.605,3.0,0.0,0.0,0.0,0.0,0.04303,0.0588091999999999,,,
-0.608,0.857,0.302,2.514,1.881,0.4285,-0.1708,1.0,1.0,-0.2996,-0.2391,0.3757,0.0,-0.02115,0.4924,0.4106,1.458,0.919,0.2847,1.3831,2.076,0.1744,0.01385,0.441,5.758,5.773,0.0,0.0,5.67,0.0,6.895,1.109,2.355,3.91,2.0,0.5,0.5,-0.711,0.5103,1.113,4.0,0.0,0.0,0.0,0.0,0.5205,0.2314416000000001,,,
-0.581,0.7217,0.2935,2.701,-0.0205,0.5713,-0.1626,1.0,1.0,-0.2903,-0.234,0.3738,0.0,-0.0207,-0.3726,0.9014,1.12,0.7705,0.294,-0.0500699999999999,2.494,1.383,0.1744,0.01385,5.797,5.773,0.0,0.0,5.703,0.0,6.883,1.129,2.334,-0.1283,2.0,0.5,0.5,-0.641,0.4011,0.962,0.0,1.0,0.0,0.0,0.0,-0.01637,0.793914,,,
-0.56,1.225,0.4402,2.953,0.802,0.7144,-0.1544,1.0,1.0,-0.4045,-0.3552,0.427,0.0,-0.02025,0.1667,1.821,1.189,1.183,0.3118,1.2651,3.363,-0.05017,1.383,0.1744,5.88,5.785,0.0,0.0,5.746,0.0,7.22,1.274,2.379,4.668,2.0,0.5,0.5,-1.003,0.8716,1.113,1.0,0.0,0.0,0.0,0.0,0.597,0.7185132,,,
-0.4902,1.613,0.568,3.252,0.4514,0.7144,-0.1464,1.0,1.0,-0.4932,-0.4583,0.4739,0.0,-0.0198,0.7026,3.303,1.922,1.387,0.3389,1.0741,4.68,1.264,-0.05017,1.383,6.01,5.81,0.0,0.0,5.793,0.0,7.516,1.366,2.445,6.11,2.0,1.0,0.5,-1.242,1.224,1.113,2.0,0.0,0.0,0.0,0.0,0.7515,-0.041552,,,
-0.405,1.073,0.4714,3.504,-0.2069,0.7144,-0.1382,1.0,1.0,-0.4155,-0.3923,0.441,0.0,-0.01935,-0.2747,4.645,2.795,0.806,0.3545,-0.7309,5.254,1.073,1.264,-0.05017,6.105,5.832,0.0,0.0,5.832,0.0,7.305,0.9917,2.62,-4.047,1.0,0.5,0.5,-0.8193,0.8384,0.7725,0.0,1.0,0.0,0.0,0.0,-0.4817,-0.010784,,,
-0.4082,0.876,0.4558,3.766,-0.04916,0.857,-0.1301,1.0,1.0,-0.4043,-0.3801,0.4365,0.0,-0.0189,-0.64,5.734,3.617,0.6333,0.3645,-0.10067,5.668,-0.731,1.073,1.264,6.2,5.85,0.0,0.0,5.87,0.0,7.277,1.037,2.574,-0.2502,0.0,0.5,0.5,-0.705,0.6963,0.6323,0.0,2.0,0.0,0.0,0.0,-0.03049,-0.237628,,,
-0.4102,0.497,0.3884,3.967,-0.2896,0.857,-0.12195,1.0,1.0,-0.3528,-0.3267,0.4136,0.0,-0.01845,-0.4265,5.836,4.375,0.2632,0.3735,-0.5204,5.69,-0.1007,-0.731,1.073,6.27,5.867,0.0,0.0,5.91,0.0,7.133,0.758,2.71,-1.261,0.0,0.5,0.0,-0.4148,0.4258,0.415,0.0,3.0,0.0,0.0,0.0,-0.154,0.1139224,,,
-0.3137,0.05048,0.2996,4.133,-0.692,0.857,-0.11383,1.0,1.0,-0.274,-0.2612,0.3828,0.0,-0.018,-0.441,5.836,4.992,-0.139,0.3782,-0.7089,5.484,-0.5205,-0.1007,-0.731,6.273,5.887,0.0,0.0,5.945,0.0,6.938,0.5674,2.762,-2.316,-1.0,0.0,0.0,-0.0963,0.0722,0.1647,0.0,4.0,0.0,1.0,-3.945,-0.2876,1.4966424,,,
-0.2817,1.04,0.5674,4.375,8.16,0.857,-0.1057,1.0,1.0,-0.4758,-0.4749,0.48,0.0,-0.01755,0.1705,5.836,5.625,0.8047,0.3916,2.2971000000000004,5.74,-0.709,-0.5205,-0.1007,6.35,5.918,0.0,0.0,6.0,0.0,7.547,0.785,2.877,9.62,-1.0,0.0,0.0,-0.8257,1.04,0.7373,1.0,0.0,1.0,0.0,8.56,1.413,-0.2509471999999999,,,
-0.2411,1.553,0.736,4.73,0.6216,0.857,-0.09753,1.0,1.0,-0.5884,-0.5977,0.5425,0.0,-0.0171,0.733,5.836,5.7,1.316,0.407,1.3701,5.74,2.295,-0.709,-0.5205,6.438,5.965,0.0,0.0,6.066,0.0,7.547,0.985,2.906,6.75,0.0,0.0,0.5,-1.183,1.484,0.9277,2.0,0.0,0.0,0.0,0.0,0.8,0.2321656,,,
-0.2363,1.392,0.7456,5.137,0.02818,0.857,-0.0894,1.0,1.0,-0.594,-0.6045,0.548,0.0,-0.01665,-0.2725,5.836,5.7,1.192,0.4224,0.12,5.74,1.37,2.295,-0.709,6.492,6.016,0.0,0.0,6.137,0.0,7.547,1.156,2.8,0.5254,1.0,0.0,1.0,-1.107,1.372,0.801,3.0,0.0,0.0,0.0,0.0,0.05972,-0.4559633599999999,,,
-0.1543,0.8125,0.639,5.46,-0.2866,0.857,-0.0813,1.0,1.0,-0.516,-0.5376,0.5117,0.0,-0.0162,-0.1642,5.836,5.7,0.623,0.437,-0.7655,5.74,0.1198,1.37,2.295,6.547,6.06,0.0,0.0,6.2,0.0,7.547,0.8496,2.918,-4.94,1.0,0.0,0.5,-0.6577,0.9893,0.53,0.0,1.0,0.0,0.0,0.0,-0.559,0.2942888000000001,,,
-0.10956,0.821,0.6816,5.81,0.1432,0.857,-0.0732,1.0,1.0,-0.5415,-0.5713,0.529,0.0,-0.01575,0.09485,5.836,5.7,0.71,0.4456,0.3673,5.74,-0.7656,0.1198,1.37,6.613,6.105,0.0,0.0,6.26,0.0,7.547,0.892,2.936,1.019,2.0,0.0,0.5,-0.7007,1.048,0.546,1.0,0.0,0.0,0.0,0.0,0.1181,-0.1782488000000002,,,
-0.0866,0.6265,0.6704,6.14,-0.09686,0.857,-0.06506,1.0,1.0,-0.532,-0.565,0.5264,0.0,-0.015305,-0.366,5.836,5.7,0.5903,0.454,-0.0473499999999999,5.74,0.367,-0.7656,0.1198,6.625,6.145,0.0,0.0,6.33,0.0,7.547,0.8594,2.953,-0.1416,1.0,-0.5,0.0,-0.651,0.87,0.476,0.0,1.0,0.0,0.0,0.0,-0.01624,-0.0878559999999999,,,
-0.1515,0.4043,0.637,6.35,-0.202,0.857,-0.05692,1.0,1.0,-0.5146,-0.536,0.5166,0.0,-0.014854,-0.6123,5.836,5.7,0.391,0.4622,-0.2138,5.74,-0.04742,0.367,-0.7656,6.625,6.188,0.0,0.0,6.38,0.0,7.547,0.625,3.092,-0.4543,0.0,-0.5,-0.5,-0.4814,0.7104,0.3718,0.0,2.0,0.0,0.0,0.0,-0.0522,0.07654936,,,
-0.10657,0.3145,0.6387,6.57,-0.06396,0.857,-0.04877,1.0,1.0,-0.5117,-0.541,0.5186,0.0,-0.014404,0.1338,5.836,5.7,0.3416,0.469,0.05033,5.74,-0.2137,-0.04742,0.367,6.625,6.227,0.0,0.0,6.43,0.0,7.547,0.6475,3.082,0.1526,0.0,0.0,0.0,-0.4912,0.601,0.3389,1.0,0.0,0.0,0.0,0.0,0.01764,0.1615699999999999,,,
-0.1642,0.3608,0.6655,6.715,0.258,0.857,-0.04065,1.0,1.0,-0.535,-0.5557,0.531,0.0,-0.013954,-0.2166,5.836,5.7,0.3877,0.4763,0.2557,5.74,0.0502,-0.2137,-0.04742,6.625,6.273,0.0,0.0,6.492,0.0,7.547,0.4932,3.225,0.6875,1.0,0.5,0.0,-0.567,0.595,0.3647,2.0,0.0,0.0,0.0,0.0,0.07935,0.2034532,,,
-0.2651,0.4473,0.696,6.79,0.3425,0.857,-0.03253,1.0,1.0,-0.5635,-0.568,0.544,0.0,-0.013504,-0.4763,5.836,5.7,0.4753,0.4812,0.2820999999999999,5.74,0.2554,0.0502,-0.2137,6.625,6.324,0.0,0.0,6.555,0.0,7.547,0.34,3.371,0.713,1.0,1.0,0.0,-0.632,0.6143,0.4004,3.0,0.0,0.0,0.0,0.0,0.0816,0.0999184,,,
-0.3235,0.358,0.6865,6.92,-0.04742,0.857,-0.02438,1.0,1.0,-0.562,-0.5566,0.543,0.0,-0.013054,-0.609,5.836,5.7,0.3728,0.4895,-0.01868,5.74,0.2817,0.2554,0.0502,6.625,6.375,0.0,0.0,6.613,0.0,7.547,0.6045,3.18,-0.0391,1.0,0.5,0.0,-0.5615,0.53,0.3633,0.0,1.0,0.0,0.0,0.0,-0.004436,0.7160308,,,
-0.3088,0.698,0.799,7.137,0.9614,0.857,-0.01627,1.0,1.0,-0.6343,-0.634,0.5864,0.0,-0.0126,-0.2705,5.836,5.7,0.7334,0.498,0.9141,5.496,-0.01878,0.2817,0.2554,6.625,6.426,0.0,0.0,6.664,0.0,7.547,0.82,3.148,3.066,2.0,0.5,0.5,-0.822,0.839,0.618,1.0,0.0,0.0,0.0,0.0,0.3484,0.1748599999999999,,,
-0.312,0.7544,0.846,7.246,0.2102,0.857,-0.00813,1.0,1.0,-0.6646,-0.6646,0.6064,0.0,-0.01215,-0.3623,5.836,5.7,0.8125,0.51,0.4068,5.5,0.9136,-0.01878,0.2817,6.625,6.484,0.0,0.0,6.664,0.0,7.547,1.091,3.01,1.623,2.0,0.5,1.0,-0.8984,0.8887,0.6777,2.0,0.0,0.0,0.0,0.0,0.1792,-0.0553591999999999,,,
-0.3235,0.5146,0.8184,7.246,-0.173,0.857,0.0,1.0,1.0,-0.648,-0.6455,0.599,0.0,-0.0117,-0.3555,5.836,5.7,0.5806,0.5244,-0.1398,5.227,0.4065,0.9136,-0.01878,6.625,6.543,0.0,0.0,6.664,0.0,7.547,1.334,2.816,-0.5337,1.0,0.5,1.0,-0.846,0.635,0.577,0.0,1.0,0.0,0.0,0.0,-0.05817,0.04111104,,,
-0.4397,0.3115,0.7773,7.246,-0.2307,0.857,0.00813,1.0,1.0,-0.631,-0.609,0.5874,0.0,-0.01125,-0.2426,5.836,5.7,0.344,0.535,-0.24,5.168,-0.1398,0.4065,0.9136,6.625,6.594,0.0,0.0,6.664,0.0,7.547,0.8623,3.121,-0.7783,0.0,0.0,0.5,-0.729,0.3987,0.433,0.0,2.0,0.0,0.0,0.0,-0.0852,0.009174,,,
-0.5195,0.1527,0.7324,7.246,-0.2986,0.857,0.01627,1.0,1.0,-0.6084,-0.5723,0.574,0.0,-0.0108,-0.431,5.836,5.7,0.1487,0.5415,-0.2692,5.215,-0.2401,-0.1398,0.4065,6.625,6.645,0.0,0.0,6.664,0.0,7.547,0.2622,3.512,-1.388,0.0,0.0,0.0,-0.556,0.231,0.2913,0.0,3.0,0.0,0.0,0.0,-0.1531,-0.0725796,,,
-0.522,0.08984,0.711,7.246,-0.1539,0.857,0.02438,1.0,1.0,-0.594,-0.557,0.57,0.0,-0.01035,-0.3616,5.836,5.7,0.0936,0.542,-0.0943,5.02,-0.2693,-0.2401,-0.1398,6.625,6.69,0.0,0.0,6.664,0.0,7.547,0.1492,3.58,-0.2092,-1.0,0.0,-0.5,-0.5063,0.10614,0.2191,0.0,4.0,0.0,0.0,0.0,-0.02328,-0.181288,,,
-0.5337,-0.1487,0.646,7.246,-1.356,0.7144,0.03253,0.0,1.0,-0.5513,-0.511,0.5493,0.0,-0.0099,-0.279,5.836,5.7,-0.1716,0.548,-0.4271,4.664,-0.09436,-0.2693,-0.2401,6.625,6.703,0.0,0.0,6.664,0.0,7.547,0.3643,3.37,-1.159,-2.0,-0.5,-0.5,-0.2976,-0.1086,0.02219,0.0,5.0,0.0,0.0,0.0,-0.1294,0.4128880000000001,,,
-0.549,0.07404,0.705,7.246,-3.398,0.7144,0.04065,1.0,1.0,-0.593,-0.5513,0.574,0.0,-0.00945,0.0843,5.785,5.7,0.05457,0.5503,0.5265,4.02,-0.427,-0.09436,-0.2693,6.625,6.703,0.0,0.0,6.664,0.0,7.547,0.4382,3.387,1.125,-1.0,-0.5,-0.5,-0.457,0.11053,0.2035,1.0,0.0,0.0,0.0,0.0,0.1273,-0.304928,,,
-0.5,-0.2615,0.61,7.246,-2.176,0.5713,0.04877,0.0,1.0,-0.5234,-0.488,0.5425,0.0,-0.009,-0.671,5.516,5.7,-0.2756,0.5513,-0.6561,2.438,0.5264,-0.427,-0.09436,6.625,6.703,0.0,0.0,6.664,0.0,7.547,0.0673,3.562,-2.635,-1.0,-1.0,-0.5,-0.139,-0.1775,-0.2076,0.0,1.0,0.0,0.0,0.0,-0.2932,0.6667235200000001,,,
-0.4678,0.11237,0.714,7.246,-2.084,0.5713,0.05692,1.0,1.0,-0.592,-0.5635,0.584,0.0,-0.00855,0.0184,5.203,5.7,0.1088,0.5547,0.8771,2.113,-0.656,0.5264,-0.427,6.625,6.703,0.0,0.0,6.664,0.0,7.547,0.5005,3.37,3.598,0.0,-0.5,0.0,-0.4272,0.2117,0.3726,1.0,0.0,0.0,0.0,0.0,0.4087,1.1123358,,,
-0.4702,0.7695,0.907,7.246,3.758,0.5713,0.06506,1.0,1.0,-0.715,-0.6904,0.659,0.0,-0.0081,0.599,4.938,5.64,0.759,0.5645,1.5441,2.873,0.8765,-0.656,0.5264,6.625,6.703,0.0,0.0,6.664,0.0,7.547,0.8604,3.322,6.59,1.0,-0.5,0.0,-0.8965,0.8325,1.113,2.0,0.0,0.0,0.0,0.0,0.7285,-0.4993160000000001,,,
-0.4272,0.411,0.822,7.246,-0.317,0.5713,0.0732,1.0,1.0,-0.6587,-0.639,0.6313,0.0,-0.007652,-0.1666,4.676,5.406,0.4062,0.572,-0.5499,3.164,1.544,0.8765,-0.656,6.625,6.703,0.0,0.0,6.664,0.0,7.547,0.5557,3.46,-2.227,1.0,-1.0,-0.5,-0.5835,0.5347,0.671,0.0,1.0,0.0,0.0,0.0,-0.2347,0.0377879999999999,,,
-0.4482,0.3672,0.8184,7.246,0.03854,0.5713,0.0813,1.0,1.0,-0.658,-0.6353,0.6333,0.0,-0.007202,-0.7617,4.3,5.242,0.378,0.5767,0.0445,3.242,-0.55,1.544,0.8765,6.625,6.703,0.0,0.0,6.664,0.0,7.547,0.504,3.504,0.1041,1.0,-0.5,-0.5,-0.538,0.4873,0.6104,1.0,0.0,0.0,0.0,0.0,0.01118,-0.0213572,,,
-0.4517,0.333,0.817,7.246,0.0517,0.5713,0.0894,1.0,1.0,-0.6577,-0.6343,0.6367,0.0,-0.006752,-0.66,3.916,5.074,0.3582,0.582,0.0688,3.367,0.0444,-0.55,1.544,6.625,6.703,0.0,0.0,6.664,0.0,7.547,0.528,3.496,0.2532,2.0,0.0,0.0,-0.547,0.4097,0.566,2.0,0.0,0.0,0.0,0.0,0.02713,0.0438091999999999,,,
-0.4941,0.3916,0.834,7.246,0.2847,0.5713,0.09753,1.0,1.0,-0.672,-0.6416,0.647,0.0,-0.0063,-0.548,3.482,4.883,0.4326,0.5845,0.2059,3.48,0.0687,0.0444,-0.55,6.625,6.703,0.0,0.0,6.664,0.0,7.547,0.3542,3.648,0.3132,2.0,0.5,0.0,-0.581,0.4224,0.5938,3.0,0.0,0.0,0.0,0.0,0.0335,-0.4155240000000001,,,
-0.4646,0.03235,0.728,7.246,-0.678,0.5713,0.1057,1.0,1.0,-0.601,-0.5737,0.6113,0.0,-0.00585,-0.4668,3.088,4.66,0.0674,0.586,-0.7055,3.258,0.2057,0.0687,0.0444,6.625,6.703,0.0,0.0,6.664,0.0,7.547,-0.05786,3.742,-2.219,1.0,0.5,-0.5,-0.2196,0.10516,0.172,0.0,1.0,0.0,0.0,0.0,-0.2357,-0.2781936,,,
-0.4507,-0.1697,0.662,7.246,-1.766,0.4285,0.11383,0.0,1.0,-0.5557,-0.5293,0.5903,0.0,-0.0054,-0.5107,2.855,4.375,-0.1388,0.586,-0.4225,2.959,-0.7056,0.2057,0.0687,6.625,6.703,0.0,0.0,6.664,0.0,7.547,-0.1534,3.742,-1.447,1.0,0.5,-0.5,-0.01698,-0.0865,-0.1078,0.0,2.0,0.0,1.0,-3.133,-0.1573,-0.0283,,,
-0.462,-0.2551,0.629,7.246,1.168,0.2856,0.12195,0.0,1.0,-0.5337,-0.5044,0.5815,0.0,-0.00495,-0.4663,2.72,4.05,-0.2334,0.5864,-0.1845,2.719,-0.4226,-0.7056,0.2057,6.625,6.703,0.0,0.0,6.664,0.0,7.547,-0.1351,3.742,-0.3723,0.0,0.0,-0.5,0.05978,-0.1753,-0.261,0.0,3.0,0.0,0.0,0.0,-0.04102,0.034164,,,
-0.4817,-0.1583,0.6484,7.246,-0.4622,0.1428,0.1301,0.0,1.0,-0.549,-0.517,0.5923,0.0,-0.0045,-0.623,2.607,3.656,-0.1433,0.5884,0.2269999999999999,2.541,-0.1844,-0.4226,-0.7056,6.625,6.703,0.0,0.0,6.664,0.0,7.547,0.02899,3.729,0.8374,0.0,0.5,0.0,-0.02463,-0.07385,-0.1486,1.0,0.0,0.0,0.0,0.0,0.0928,-0.2286543999999999,,,
-0.3755,-0.4832,0.5503,7.246,4.645,0.0,0.1382,0.0,1.0,-0.4712,-0.4546,0.559,0.0,-0.00405,0.6323,2.338,3.215,-0.4453,0.5854,-0.6825,2.436,0.2268,-0.1844,-0.4226,6.625,6.703,0.0,0.0,6.664,0.0,7.547,-0.1613,3.742,-3.074,-1.0,0.0,0.0,0.2747,-0.3557,-0.6475,0.0,1.0,0.0,0.0,0.0,-0.3381,0.2332376,,,
-0.4138,-0.353,0.5796,7.246,-0.2126,0.0,0.1464,0.0,1.0,-0.4954,-0.4731,0.5737,0.0,-0.003601,-0.7114,2.084,2.76,-0.3071,0.5864,0.3094,2.465,-0.682,0.2268,-0.1844,6.625,6.703,0.0,0.0,6.664,0.0,7.547,0.06238,3.654,0.9883,0.0,0.0,0.5,0.12067,-0.218,-0.42,1.0,0.0,0.0,0.0,0.0,0.111,0.3745200000000001,,,
-0.4417,0.0334,0.6797,7.246,-1.387,0.0,0.1544,1.0,1.0,-0.567,-0.542,0.6157,0.0,-0.00315,-0.2211,1.797,2.367,0.0807,0.589,0.8658,2.486,0.309,-0.682,0.2268,6.625,6.703,0.0,0.0,6.664,0.0,7.547,0.1567,3.703,2.703,1.0,0.5,0.5,-0.2142,0.1503,0.1741,2.0,0.0,1.0,0.0,3.482,0.301,-0.16089552,,,
-0.4663,-0.00952,0.671,7.246,-0.2664,0.1428,0.1626,1.0,1.0,-0.563,-0.534,0.6167,0.0,-0.0027,-0.3992,1.476,2.156,0.02007,0.5957,0.02029,2.518,0.8657,0.309,-0.682,6.625,6.703,0.0,0.0,6.664,0.0,7.547,0.3967,3.535,0.07245,2.0,0.5,1.0,-0.2362,0.0851,0.173,3.0,0.0,0.0,0.0,0.0,0.00786,0.2747636,,,
-0.491,0.2485,0.74,7.246,3.975,0.1428,0.1708,1.0,1.0,-0.6113,-0.58,0.6475,0.0,-0.00225,0.04343,1.153,2.066,0.2676,0.601,0.6188,2.686,0.02017,0.8657,0.309,6.625,6.703,0.0,0.0,6.664,0.0,7.547,0.3396,3.66,2.312,2.0,0.5,1.0,-0.4932,0.258,0.531,4.0,0.0,0.0,0.0,0.0,0.2505,-0.0559575999999999,,,
-0.5566,0.1561,0.7007,7.246,-0.1661,0.1428,0.1788,1.0,1.0,-0.59,-0.5474,0.6367,0.0,-0.001801,-0.3455,0.9634,1.971,0.1677,0.6006,-0.2176,2.723,0.618,0.02017,0.8657,6.625,6.703,0.0,0.0,6.664,0.0,7.547,-0.289,3.742,-0.8545,2.0,0.0,0.5,-0.381,0.10254,0.3357,0.0,1.0,0.0,0.0,0.0,-0.09076,-0.0810619999999999,,,
-0.5596,-0.1262,0.6104,7.246,-1.138,0.0,0.187,0.0,1.0,-0.529,-0.4834,0.606,0.0,-0.00135,-0.263,0.8267,1.799,-0.1148,0.5986,-0.6044,2.645,-0.2175,0.618,0.02017,6.625,6.703,0.0,0.0,6.664,0.0,7.547,-0.3071,3.742,-1.952,1.0,0.0,0.5,-0.08093,-0.1532,-0.0913,0.0,2.0,0.0,0.0,0.0,-0.2089,-0.2013828,,,
-0.3428,-0.902,0.3765,7.246,18.58,-0.1428,0.1951,0.0,1.0,-0.338,-0.3225,0.52,0.0,-0.0009003,0.1537,0.6562,1.577,-0.8623,0.589,-1.7459,2.92,-0.604,-0.2175,0.618,6.625,6.703,0.0,0.0,6.664,0.0,7.547,-0.82,3.742,-9.51,0.0,0.0,0.0,0.7476,-0.831,-1.154,0.0,3.0,0.0,1.0,-7.336,-1.108,0.2132839999999999,,,
-0.3376,-0.5786,0.4363,7.246,-0.2876,-0.2856,0.2032,0.0,1.0,-0.3838,-0.3706,0.5464,0.0,-0.0004501,-0.625,0.76,1.332,-0.492,0.577,0.5630999999999999,3.07,-1.745,-0.604,-0.2175,6.625,6.703,0.0,0.0,6.664,0.0,7.547,-0.6377,3.742,4.918,0.0,0.5,0.0,0.4695,-0.5054,-0.779,1.0,0.0,0.0,0.0,0.0,0.5674,0.2408379999999999,,,
-0.352,-0.3064,0.4841,7.12,-0.4514,-0.4285,0.2114,0.0,1.0,-0.421,-0.4067,0.568,0.0,0.0,-0.5986,0.946,1.063,-0.2505,0.574,0.4574,2.918,0.563,-1.745,-0.604,6.625,6.703,0.0,0.0,6.664,0.0,7.547,-0.555,3.742,1.367,0.0,0.5,0.0,0.2344,-0.292,-0.552,2.0,0.0,0.0,0.0,0.0,0.155,0.3830279999999998,,,
-0.3735,-0.09845,0.5244,7.004,-0.854,-0.5713,0.2195,0.0,1.0,-0.4524,-0.4355,0.587,0.0,0.0004501,-0.4143,1.148,0.8154,-0.0421,0.5723,0.3954,2.912,0.457,0.563,-1.745,6.625,6.703,0.0,0.0,6.664,0.0,7.547,-0.2434,3.742,1.1455,1.0,1.0,0.5,0.0598,-0.11523,-0.3152,3.0,0.0,0.0,0.0,0.0,0.1279,0.3878608,,,
-0.3647,-0.2037,0.4858,6.91,6.7,-0.5713,0.2277,0.0,1.0,-0.423,-0.4067,0.575,0.0,0.0009003,-0.2405,1.328,0.7266,-0.1492,0.572,-0.2374,2.727,0.3953,0.457,0.563,6.625,6.703,0.0,0.0,6.664,0.0,7.547,-0.1891,3.742,-0.56,1.0,0.5,0.5,0.1604,-0.2135,-0.4246,0.0,1.0,0.0,0.0,0.0,-0.0618,1.1990119999999995,,,
-0.2343,0.5366,0.6787,6.95,-6.332,-0.4285,0.2357,1.0,1.0,-0.55,-0.559,0.655,0.0,0.00135,0.464,1.37,0.669,0.5654,0.5786,1.6381,2.865,-0.2374,0.3953,0.457,6.625,6.703,0.0,0.0,6.664,0.0,7.547,0.2856,3.719,8.45,2.0,0.5,1.0,-0.4094,0.516,0.582,1.0,0.0,1.0,0.0,6.82,0.9395,0.5675612000000001,,,
-0.1847,1.084,0.831,7.074,1.079,-0.2856,0.2439,1.0,1.0,-0.645,-0.6655,0.719,0.0,0.001801,-0.03497,1.369,0.636,1.1045,0.588,1.2681,3.627,1.638,-0.2374,0.3953,6.625,6.703,0.0,0.0,6.664,0.0,7.547,0.4888,3.742,6.004,2.0,0.5,1.0,-0.8013,0.9736,1.084,2.0,0.0,0.0,0.0,0.0,0.6353,0.1202043999999999,,,
-0.2744,0.928,0.8076,7.246,-0.00938,-0.1428,0.252,1.0,1.0,-0.637,-0.6426,0.7153,0.0,0.00225,-0.674,1.434,0.67,0.979,0.5967,-0.0715,4.188,1.267,1.638,-0.2374,6.625,6.703,0.0,0.0,6.664,0.0,7.547,0.6733,3.611,-0.1891,1.0,0.0,1.0,-0.694,0.8364,0.8726,0.0,1.0,0.0,0.0,0.0,-0.01924,0.098872,,,
-0.2742,0.9277,0.8228,7.246,0.1328,0.0,0.2603,1.0,1.0,-0.647,-0.653,0.727,0.0,0.0027,-0.5674,1.568,0.7563,1.032,0.602,0.2196,4.742,-0.07153,1.267,1.638,6.625,6.703,0.0,0.0,6.664,0.0,7.547,0.663,3.65,0.4268,1.0,0.5,1.0,-0.7256,0.8027,0.832,1.0,0.0,0.0,0.0,0.0,0.04352,-0.8011839999999998,,,
-0.2048,0.312,0.66,7.246,-0.5186,0.0,0.2683,1.0,1.0,-0.5347,-0.548,0.668,0.0,0.00315,-0.2263,1.748,0.8735,0.416,0.606,-1.1099,4.867,0.2194,-0.07153,1.267,6.625,6.703,0.0,0.0,6.664,0.0,7.547,0.1538,3.742,-3.852,1.0,0.5,0.5,-0.1537,0.3318,0.3123,0.0,1.0,0.0,0.0,0.0,-0.3901,0.22496,,,
-0.2023,0.3237,0.6606,7.246,0.1654,0.0,0.2764,1.0,1.0,-0.5347,-0.549,0.6733,0.0,0.003601,-0.3384,1.909,0.989,0.4497,0.608,0.1043,4.973,-1.11,0.2194,-0.07153,6.625,6.703,0.0,0.0,6.664,0.0,7.547,0.172,3.742,0.2769,1.0,1.0,0.5,-0.1876,0.312,0.314,1.0,0.0,0.0,0.0,0.0,0.02904,-0.2928632,,,
-0.1963,0.0892,0.5874,7.246,-0.4856,0.0,0.2847,1.0,1.0,-0.4834,-0.4968,0.6494,0.0,0.00405,-0.1428,2.018,1.087,0.2123,0.6084,-0.4652,4.94,0.1042,-1.11,0.2194,6.625,6.703,0.0,0.0,6.664,0.0,7.547,-0.08594,3.742,-1.138,0.0,0.5,0.0,0.04376,0.1009,0.0992,0.0,1.0,0.0,0.0,0.0,-0.119,0.7126859999999999,,,
-0.21,0.554,0.7065,7.246,3.047,0.0,0.2927,1.0,1.0,-0.5664,-0.58,0.7017,0.0,0.0045,-0.2683,2.168,1.196,0.6987,0.611,1.0361,5.137,-0.465,0.1042,-1.11,6.625,6.703,0.0,0.0,6.664,0.0,7.547,0.1924,3.742,2.443,1.0,0.5,0.5,-0.3254,0.5195,0.4534,1.0,0.0,0.0,0.0,0.0,0.2595,-0.3673319999999998,,,
-0.1655,0.2485,0.628,7.246,-0.3806,0.1428,0.3008,1.0,1.0,-0.5093,-0.5283,0.6753,0.0,0.00495,-0.5923,2.354,1.298,0.419,0.6133,-0.5039,5.008,1.036,-0.465,0.1042,6.625,6.703,0.0,0.0,6.664,0.0,7.547,0.2125,3.742,-1.085,0.0,0.0,0.5,-0.1353,0.2015,0.2135,0.0,1.0,0.0,0.0,0.0,-0.1115,-0.3916144000000001,,,
-0.229,-0.1444,0.5366,7.246,-1.14,0.1428,0.3088,0.0,1.0,-0.4497,-0.4565,0.6436,0.0,0.0054,-0.1086,2.781,1.539,-0.01585,0.626,-0.6156,4.85,-0.504,1.036,-0.465,6.625,6.703,0.0,0.0,6.664,0.0,7.547,0.522,3.52,-1.816,0.0,0.0,0.5,0.1438,-0.07416,-0.06165,0.0,2.0,0.0,0.0,0.0,-0.1898,-0.0963866,,,
-0.1877,-0.2656,0.5107,7.246,2.186,0.1428,0.3171,0.0,1.0,-0.4275,-0.4404,0.6377,0.0,0.00585,0.10974,3.506,2.07,-0.2778,0.6475,-0.1211,4.832,-0.6157,-0.504,1.036,6.625,6.703,0.0,0.0,6.664,0.0,7.547,0.3826,3.602,-0.2937,-1.0,-0.5,0.0,0.1774,-0.1409,-0.11993,0.0,3.0,0.0,0.0,0.0,-0.03128,-0.6750188,,,
-0.04996,-0.8867,0.341,7.246,3.736,0.1428,0.3252,0.0,1.0,-0.2864,-0.3179,0.573,0.0,0.0063,-0.10596,3.91,2.5,-0.904,0.649,-1.2779,4.984,-0.12115,-0.6157,-0.504,6.625,6.703,0.0,0.0,6.664,0.0,7.547,-0.0692,3.742,-3.986,-1.0,-1.0,-0.5,0.7583,-0.6367,-0.61,0.0,4.0,0.0,1.0,-6.184,-0.4263,-0.0321152,,,
-0.056,-0.573,0.4172,7.246,-0.2825,0.1428,0.3333,0.0,1.0,-0.3464,-0.379,0.6074,0.0,0.006752,-0.03705,4.03,2.852,-0.5864,0.65,0.7051,5.01,-1.278,-0.12115,-0.6157,6.625,6.703,0.0,0.0,6.664,0.0,7.547,-0.001109,3.742,1.973,-1.0,-0.5,-0.5,0.4363,-0.2576,-0.3245,1.0,0.0,0.0,0.0,0.0,0.2196,-0.2931228,,,
-0.0664,-0.7744,0.3586,7.246,0.57,0.1428,0.3416,0.0,1.0,-0.3015,-0.3308,0.587,0.0,0.007202,-0.641,3.924,3.16,-0.7944,0.652,-0.4079,5.094,0.7046,-1.278,-0.12115,6.625,6.703,0.0,0.0,6.664,0.0,7.547,-0.04138,3.742,-0.8145,-1.0,-1.0,-0.5,0.524,-0.472,-0.4583,0.0,1.0,0.0,0.0,0.0,-0.08875,-0.4358015999999998,,,
-0.2391,-0.9126,0.2998,7.176,0.3467,0.0,0.3496,0.0,1.0,-0.268,-0.2676,0.567,0.0,0.007652,-0.3484,3.635,3.342,-0.93,0.6455,-0.4179,5.234,-0.4077,0.7046,-1.278,6.625,6.703,0.0,0.0,6.664,0.0,7.547,-0.545,3.742,-1.122,-1.0,-1.0,-1.0,0.618,-0.662,-0.589,0.0,2.0,0.0,0.0,0.0,-0.12384,0.0687448,,,
-0.324,-0.8794,0.274,6.824,0.0904,-0.1428,0.3577,0.0,1.0,-0.2537,-0.2388,0.5596,0.0,0.0081,-0.306,3.24,3.332,-0.842,0.628,-0.1526,4.94,-0.4177,-0.4077,0.7046,6.625,6.703,0.0,0.0,6.664,0.0,7.547,-1.041,3.742,-0.6196,-1.0,-1.5,-1.5,0.637,-0.671,-0.688,0.0,3.0,0.0,0.0,0.0,-0.06934,0.7993339999999999,,,
-0.2356,-0.2644,0.4045,6.574,-0.69,-0.2856,0.366,0.0,1.0,-0.3513,-0.354,0.6157,0.0,0.00855,1.041,2.975,3.182,-0.1846,0.6157,1.1791,4.63,-0.1526,-0.4177,-0.4077,6.625,6.703,0.0,0.0,6.664,0.0,7.547,-0.61,3.742,7.773,0.0,-1.0,-1.0,0.158,-0.07965,-0.2764,1.0,0.0,0.0,0.0,0.0,0.8735,0.9338740000000004,,,
-0.2062,0.4285,0.5625,6.414,-3.912,-0.2856,0.374,1.0,1.0,-0.4663,-0.4775,0.684,0.0,0.009,0.3906,2.791,2.975,0.4697,0.616,1.3701,4.504,1.178,-0.1526,-0.4177,6.625,6.703,0.0,0.0,6.664,0.0,7.547,-0.2908,3.742,6.594,0.0,-1.0,-1.0,-0.3655,0.473,0.2566,2.0,0.0,0.0,0.0,0.0,0.715,-0.0950419999999999,,,
-0.2308,0.3245,0.5273,6.344,-0.08466,-0.2856,0.382,1.0,1.0,-0.4429,-0.4492,0.674,0.0,0.00945,-0.1021,2.662,2.703,0.3723,0.616,-0.1977,4.402,1.369,1.178,-0.1526,6.625,6.703,0.0,0.0,6.664,0.0,7.547,-0.06506,3.742,-0.595,0.0,-1.0,-1.0,-0.2352,0.347,0.1356,0.0,1.0,0.0,0.0,0.0,-0.06186,-0.1909476,,,
-0.25,0.3394,0.521,6.26,0.1722,-0.2856,0.3901,1.0,1.0,-0.44,-0.443,0.6753,0.0,0.0099,-0.5625,2.547,2.361,0.381,0.6167,0.03254,4.19,-0.1978,1.369,1.178,6.625,6.703,0.0,0.0,6.664,0.0,7.547,-0.0836,3.742,0.10565,1.0,-0.5,-1.0,-0.2333,0.2969,0.1161,1.0,0.0,0.0,0.0,0.0,0.01105,-0.974384,,,
-0.10474,-0.2313,0.3635,6.13,-1.316,-0.4285,0.3984,0.0,1.0,-0.3086,-0.3315,0.6143,0.0,0.01035,1.046,2.438,2.06,-0.2032,0.616,-1.1849,4.246,0.03244,-0.1978,1.369,6.625,6.703,0.0,0.0,6.664,0.0,7.547,-0.2595,3.742,-4.93,1.0,-0.5,-1.0,0.2927,-0.2252,-0.4229,0.0,1.0,0.0,0.0,0.0,-0.515,0.50278,,,
-0.1469,0.01572,0.4055,5.94,-1.626,-0.4285,0.4065,1.0,1.0,-0.345,-0.362,0.635,0.0,0.0108,-0.1329,2.406,1.8545,0.02704,0.613,0.4129,3.996,-1.184,0.03244,-0.1978,6.625,6.703,0.0,0.0,6.664,0.0,7.547,-0.4346,3.742,1.154,1.0,0.0,-1.0,0.10657,-0.04666,-0.203,1.0,0.0,0.0,0.0,0.0,0.1252,0.03726,,,
-0.1869,0.1517,0.4265,5.824,1.632,-0.4285,0.4146,1.0,1.0,-0.3643,-0.3755,0.6465,0.0,0.01125,-0.376,2.422,1.734,0.1499,0.6123,0.235,3.723,0.4128,-1.184,0.03244,6.625,6.703,0.0,0.0,6.664,0.0,7.547,-0.246,3.742,0.5024,1.0,0.0,-0.5,-0.004192,0.02489,-0.0533,2.0,0.0,0.0,0.0,0.0,0.0538,0.958784,,,
-0.1755,0.6104,0.541,5.84,2.236,-0.2856,0.4229,1.0,1.0,-0.4485,-0.464,0.6973,0.0,0.0117,0.538,2.516,1.658,0.6284,0.6133,1.0031,3.488,0.2347,0.4128,-1.184,6.625,6.703,0.0,0.0,6.664,0.0,7.547,0.1749,3.742,3.041,2.0,0.5,0.0,-0.3389,0.4575,0.513,3.0,0.0,0.0,0.0,0.0,0.3232,0.119352,,,
-0.2164,0.664,0.5596,5.902,0.2168,-0.1428,0.431,1.0,1.0,-0.465,-0.4746,0.7085,0.0,0.01215,-0.344,2.377,1.602,0.704,0.616,0.207,3.7,1.003,0.2347,0.4128,6.625,6.703,0.0,0.0,6.664,0.0,7.547,0.256,3.742,0.5156,2.0,1.0,0.5,-0.4238,0.4336,0.5723,4.0,0.0,0.0,0.0,0.0,0.05316,0.2002692,,,
-0.277,0.747,0.601,6.12,0.252,0.0,0.431,1.0,1.0,-0.4995,-0.5,0.7285,0.0,0.0126,-0.1995,2.1,1.541,0.7954,0.6265,0.3836,4.03,0.2068,1.003,0.2347,6.625,6.703,0.0,0.0,6.664,0.0,7.547,0.7627,3.584,1.586,3.0,1.5,1.0,-0.5347,0.517,0.689,5.0,0.0,0.0,0.0,0.0,0.1625,0.1707816,,,
-0.3342,0.7812,0.6265,6.297,0.1776,0.1428,0.431,1.0,1.0,-0.5215,-0.5137,0.742,0.0,0.013054,-0.7144,1.793,1.49,0.8506,0.634,0.2577,4.465,0.3833,0.2068,1.003,6.625,6.703,0.0,0.0,6.664,0.0,7.547,0.6904,3.674,0.6035,3.0,1.5,1.0,-0.581,0.5483,0.6987,5.92,0.0,0.0,0.0,0.0,0.0611,-0.1963491999999999,,,
-0.3237,0.6323,0.609,6.504,-0.05124,0.2856,0.431,1.0,1.0,-0.509,-0.502,0.738,0.0,0.013504,-0.5923,1.488,1.4795,0.738,0.641,-0.0788,4.69,0.2573,0.3833,0.2068,6.625,6.703,0.0,0.0,6.664,0.0,7.547,0.8223,3.568,-0.2155,2.0,1.0,1.0,-0.5044,0.4336,0.614,0.0,1.0,0.0,0.0,0.0,-0.02164,-0.1957191999999999,,,
-0.3071,0.469,0.5894,6.73,-0.1112,0.4285,0.439,1.0,1.0,-0.4934,-0.489,0.733,0.0,0.013954,-0.2732,1.591,1.524,0.6167,0.6484,-0.0894399999999999,4.945,-0.0789,0.2573,0.3833,6.625,6.703,0.0,0.0,6.664,0.0,7.547,0.9634,3.453,-0.1777,1.0,1.0,1.0,-0.4192,0.3376,0.519,0.0,2.0,0.0,0.0,0.0,-0.01788,-0.7022454799999999,,,
-0.159,-0.1344,0.4497,6.88,-1.038,0.4285,0.4473,0.0,1.0,-0.3796,-0.396,0.6777,0.0,0.014404,-0.0644,2.225,1.705,0.00212,0.658,-1.0329,4.965,-0.0895,-0.0789,0.2573,6.625,6.703,0.0,0.0,6.664,0.0,7.547,0.567,3.584,-4.42,0.0,0.5,1.0,0.0381,-0.1406,0.0675,0.0,3.0,0.0,1.0,-4.527,-0.4463,-0.1859317839999999,,,
-0.2783,-0.2441,0.424,6.918,2.346,0.4285,0.4553,0.0,1.0,-0.3696,-0.366,0.67,0.0,0.014854,-0.6147,2.979,1.969,-0.1855,0.6704,-0.1509,4.96,-1.033,-0.0895,-0.0789,6.625,6.703,0.0,0.0,6.664,0.0,7.547,0.2515,3.742,-0.4163,-1.0,0.5,0.5,0.04233,-0.2693,-0.00693,0.0,4.0,0.0,0.0,0.0,-0.0434,-0.1467216,,,
-0.284,-0.315,0.3958,6.82,0.598,0.2856,0.4634,0.0,1.0,-0.3481,-0.3428,0.661,0.0,0.015305,0.3862,3.482,2.201,-0.2786,0.6714,-0.1776,4.65,-0.151,-1.033,-0.0895,6.625,6.703,0.0,0.0,6.664,0.0,7.547,-0.2715,3.742,-0.4517,-2.0,0.0,0.0,0.10895,-0.341,-0.114,0.0,5.0,0.0,0.0,0.0,-0.04733,-0.4408307999999998,,,
-0.286,-0.5747,0.317,6.69,1.32,0.1428,0.4634,0.0,1.0,-0.286,-0.2783,0.6304,0.0,0.01575,-0.4873,3.742,2.367,-0.537,0.6685,-0.5969,4.56,-0.1777,-0.151,-1.033,6.625,6.703,0.0,0.0,6.664,0.0,7.547,-0.4055,3.742,-1.628,-2.0,-0.5,0.0,0.3723,-0.5547,-0.3843,0.0,5.0,0.0,0.0,0.0,-0.1715,-0.05711368,,,
-0.2742,-0.4854,0.3274,6.57,-0.05994,0.0,0.4634,0.0,1.0,-0.2935,-0.288,0.637,0.0,0.0162,-0.3264,3.855,2.49,-0.4575,0.6665,0.1356,4.324,-0.597,-0.1777,-0.151,6.625,6.703,0.0,0.0,6.664,0.0,7.547,-0.364,3.742,0.375,-1.0,-0.5,0.0,0.2312,-0.5205,-0.359,1.0,0.0,0.0,0.0,0.0,0.04025,-0.0521148,,,
-0.393,-0.5015,0.3213,6.56,0.1759,0.0,0.4634,0.0,1.0,-0.2979,-0.273,0.637,0.0,0.01665,-0.4766,3.865,2.64,-0.467,0.6675,-0.00211,3.88,0.1355,-0.597,-0.1777,6.625,6.703,0.0,0.0,6.664,0.0,7.547,0.10706,3.742,-0.007477,-1.0,-1.0,0.0,0.1881,-0.5176,-0.419,0.0,1.0,0.0,0.0,0.0,-0.0007997,-0.01955276,,,
-0.2477,-1.124,0.1486,6.39,1.717,-0.1428,0.4714,0.0,1.0,-0.14,-0.1342,0.567,0.0,0.0171,0.0646,3.57,2.664,-0.985,0.6514,-1.3979,3.8,-0.00221,0.1355,-0.597,6.625,6.703,0.0,0.0,6.664,0.0,7.547,-0.5938,3.742,-9.51,-1.0,-1.5,-0.5,0.8184,-1.05,-1.133,0.0,2.0,0.0,1.0,-5.766,-1.227,0.33232,,,
-0.2603,-0.8735,0.1965,6.24,-0.12305,-0.2856,0.4797,0.0,1.0,-0.183,-0.1764,0.5894,0.0,0.01755,-0.2551,3.154,2.6,-0.7246,0.646,0.4674,3.979,-1.397,-0.00221,0.1355,6.625,6.703,0.0,0.0,6.664,0.0,7.547,-0.501,3.742,1.506,0.0,-1.5,-0.5,0.52,-0.797,-0.864,1.0,0.0,0.0,0.0,0.0,0.1683,-0.1922095999999999,,,
-0.3064,-1.058,0.1247,5.957,0.3816,-0.4285,0.4797,0.0,1.0,-0.1235,-0.10736,0.5605,0.0,0.018,-0.26,2.725,2.518,-0.916,0.637,-0.5839,4.473,0.467,-1.397,-0.00221,6.625,6.703,0.0,0.0,6.664,0.0,7.547,-1.139,3.742,-2.166,0.0,-1.5,-1.0,0.735,-0.9805,-0.985,0.0,1.0,0.0,0.0,0.0,-0.2386,-0.0829352,,,
-0.314,-1.037,0.1008,5.637,0.11035,-0.5713,0.4797,0.0,1.0,-0.1025,-0.0845,0.5527,0.0,0.01845,-0.4338,2.434,2.445,-0.914,0.6284,-0.1718,4.945,-0.5835,0.467,-1.397,6.625,6.703,0.0,0.0,6.664,0.0,7.547,-1.295,3.742,-0.5713,-1.0,-1.5,-1.5,0.727,-0.9956,-0.9277,0.0,2.0,0.0,0.0,0.0,-0.0641,0.291174,,,
-0.3303,-1.102,0.0498,5.25,0.2062,-0.7144,0.4797,0.0,1.0,-0.05667,-0.03455,0.5327,0.0,0.0189,-0.4827,2.715,2.459,-0.9834,0.615,-0.4157,5.48,-0.1718,-0.5835,0.467,6.625,6.703,0.0,0.0,6.664,0.0,7.547,-1.473,3.742,-1.24,-1.0,-1.5,-2.0,0.8423,-1.099,-0.9478,0.0,3.0,0.0,0.0,0.0,-0.1399,0.2720599999999999,,,
-0.3142,-0.865,0.0714,4.86,-0.11456,-0.857,0.4797,0.0,1.0,-0.07544,-0.0566,0.5435,0.0,0.01935,-0.491,3.346,2.566,-0.7827,0.605,0.2319,5.74,-0.4155,-0.1718,-0.5835,6.625,6.703,0.0,0.0,6.664,0.0,7.547,-1.473,3.742,0.6904,0.0,-1.0,-2.0,0.6733,-0.9043,-0.803,1.0,0.0,0.0,0.0,0.0,0.079,0.209224,,,
-0.3223,-0.692,0.0779,4.477,-0.1029,-1.0,0.4797,0.0,1.0,-0.0821,-0.0621,0.5483,0.0,0.0198,-0.564,4.18,2.777,-0.633,0.5938,0.09873,5.74,0.2318,-0.4155,-0.1718,6.625,6.703,0.0,0.0,6.664,0.0,7.547,-1.473,3.742,0.288,0.0,-0.5,-1.5,0.5703,-0.7944,-0.713,2.0,0.0,0.0,0.0,0.0,0.0327,-0.3058352,,,
-0.314,-0.8247,0.00797,4.062,0.3665,-1.143,0.4797,0.0,1.0,-0.01573,0.00499,0.5205,0.0,0.02025,-0.5,5.043,3.1,-0.8135,0.584,-0.5879,5.74,0.09863,0.2318,-0.4155,6.625,6.703,0.0,0.0,6.664,0.0,7.547,-1.473,3.742,-1.782,0.0,-0.5,-1.5,0.7383,-1.028,-0.808,0.0,1.0,0.0,0.0,0.0,-0.2018,0.2681512,,,
-0.444,-0.615,0.02998,3.764,-0.1682,-1.143,0.4797,0.0,1.0,-0.04712,-0.00589,0.5312,0.0,0.0207,-0.3628,5.836,3.555,-0.5967,0.5728,0.2339,5.74,-0.5874,0.09863,0.2318,6.625,6.703,0.0,0.0,6.664,0.0,7.547,-1.329,3.742,0.8203,1.0,-0.5,-1.0,0.5737,-0.8467,-0.6777,1.0,0.0,0.0,0.0,0.0,0.09454,0.645068,,,
-0.3965,-0.1877,0.10846,3.537,-0.722,-1.143,0.4797,0.0,1.0,-0.11597,-0.0848,0.5664,0.0,0.02115,0.3586,5.836,4.043,-0.1852,0.5664,0.7486,5.74,0.2336,-0.5874,0.09863,6.625,6.703,0.0,0.0,6.664,0.0,7.547,-0.8833,3.742,2.244,2.0,0.0,-0.5,0.2426,-0.44,-0.4304,2.0,0.0,0.0,0.0,0.0,0.2568,-0.0180839999999999,,,
-0.4558,-0.09564,0.1103,3.334,-0.791,-1.143,0.4797,0.0,1.0,-0.12244,-0.0816,0.569,0.0,0.0216,-0.2334,5.836,4.53,-0.118,0.562,0.05332,5.74,0.748,0.2336,-0.5874,6.625,6.703,0.0,0.0,6.664,0.0,7.547,-0.811,3.742,0.136,2.0,0.5,0.0,0.1713,-0.4263,-0.3794,3.0,0.0,0.0,0.0,0.0,0.015205,0.2250304800000001,,,
-0.4377,0.06027,0.134,3.207,-11.48,-1.0,0.4797,1.0,1.0,-0.1423,-0.1051,0.5806,0.0,0.02205,-0.051,5.836,4.97,0.0317,0.559,0.245,5.62,0.0532,0.748,0.2336,6.625,6.703,0.0,0.0,6.664,0.0,7.547,-0.5093,3.742,0.69,2.0,0.5,0.5,0.06128,-0.2996,-0.2656,4.0,0.0,0.0,0.0,0.0,0.077,-0.4314434399999999,,,
-0.384,-0.1923,0.05725,3.016,-1.772,-1.0,0.4797,0.0,1.0,-0.06793,-0.0373,0.55,0.0,0.0225,0.09985,5.836,5.363,-0.2312,0.554,-0.6395,4.94,0.2448,0.0532,0.748,6.625,6.703,0.0,0.0,6.664,0.0,7.547,-0.7627,3.742,-2.29,2.0,0.5,0.0,0.3494,-0.5312,-0.4565,0.0,1.0,0.0,0.0,0.0,-0.2537,0.0530408,,,
-0.404,0.1442,0.1196,2.863,-3.105,-0.857,0.4797,1.0,1.0,-0.1267,-0.0946,0.5786,0.0,0.02295,-0.4849,5.836,5.684,0.1064,0.5493,0.6036,4.008,-0.639,0.2448,0.0532,6.625,6.703,0.0,0.0,6.664,0.0,7.547,-0.5015,3.742,1.901,2.0,1.0,0.5,0.03412,-0.293,-0.1777,1.0,0.0,0.0,0.0,0.0,0.215,-0.03307608,,,
-0.5303,0.1333,0.1142,2.836,0.0823,-0.7144,0.4797,1.0,1.0,-0.132,-0.0791,0.578,0.0,0.0234,-0.5625,5.723,5.7,0.1184,0.548,-0.004493,3.53,0.6035,-0.639,0.2448,6.625,6.703,0.0,0.0,6.664,0.0,7.547,0.00805,3.705,-0.01146,1.0,1.0,0.5,0.00851,-0.315,-0.1344,0.0,1.0,0.0,0.0,0.0,-0.001272,0.1329148,,,
-0.4797,0.2482,0.1353,2.785,0.705,-0.5713,0.4797,1.0,1.0,-0.1469,-0.1028,0.5894,0.0,0.02385,0.4753,5.16,5.7,0.239,0.5474,0.2319999999999999,3.035,-0.004593,0.6035,-0.639,6.625,6.703,0.0,0.0,6.664,0.0,7.547,-0.0924,3.742,0.7026,1.0,1.0,0.5,-0.10535,-0.2328,0.048,1.0,0.0,0.0,0.0,0.0,0.078,0.11764148,,,
-0.4885,0.212,0.1263,2.783,0.01611,-0.4285,0.4797,1.0,1.0,-0.1395,-0.0939,0.588,0.0,0.0243,-0.3374,4.48,5.695,0.2195,0.548,-0.0318199999999999,2.537,0.2318,-0.004593,0.6035,6.625,6.703,0.0,0.0,6.664,0.0,7.547,0.1937,3.6,-0.06088,0.0,0.5,0.5,-0.0948,-0.2588,0.1032,0.0,1.0,0.0,0.0,0.0,-0.006706,0.233164,,,
-0.503,0.3171,0.1537,2.822,0.5166,-0.2856,0.4797,1.0,1.0,-0.165,-0.1178,0.602,0.0,0.02475,-0.5703,3.676,5.434,0.3418,0.5493,0.2855,2.346,-0.0319,0.2318,-0.004593,6.625,6.703,0.0,0.0,6.664,0.0,7.547,0.4148,3.48,0.555,1.0,1.0,1.0,-0.2097,-0.1504,0.3474,1.0,0.0,0.0,0.0,0.0,0.06125,0.168632,,,
-0.5186,0.3477,0.1675,2.898,0.2146,-0.1428,0.4878,1.0,1.0,-0.1785,-0.129,0.6104,0.0,0.0252,-0.6445,2.893,5.035,0.3772,0.5547,0.1765,2.111,0.2852,-0.0319,0.2318,6.625,6.703,0.0,0.0,6.664,0.0,7.547,0.754,3.262,0.5327,1.0,1.0,1.5,-0.2676,-0.0945,0.5503,2.0,0.0,0.0,0.0,0.0,0.05823,0.4730567999999998,,,
-0.4714,0.592,0.2335,3.006,0.742,0.0,0.4958,1.0,1.0,-0.2316,-0.1915,0.642,0.0,0.02565,0.314,2.115,4.418,0.586,0.5645,0.6344,2.168,0.1764,0.2852,-0.0319,6.625,6.703,0.0,0.0,6.664,0.0,7.547,0.8774,3.262,3.04,2.0,1.0,1.5,-0.4663,0.1714,1.034,3.0,0.0,0.0,0.0,0.0,0.3306,-0.6470255999999999,,,
-0.348,0.1206,0.1272,3.033,-0.6147,0.1428,0.504,1.0,1.0,-0.129,-0.10626,0.599,0.0,0.02611,0.5703,1.55,3.883,0.09344,0.571,-0.8515,2.232,0.6343,0.1764,0.2852,6.625,6.703,0.0,0.0,6.664,0.0,7.547,0.332,3.531,-3.387,1.0,0.5,1.0,-0.07385,-0.2103,0.3127,0.0,1.0,0.0,0.0,0.0,-0.361,-0.1376844,,,
-0.3496,0.04892,0.117,3.105,-0.246,0.2856,0.512,1.0,1.0,-0.11993,-0.0966,0.597,0.0,0.02655,-0.4143,1.337,3.29,0.02354,0.576,-0.0316399999999999,2.26,-0.851,0.6343,0.1764,6.625,6.703,0.0,0.0,6.664,0.0,7.547,0.628,3.314,-0.11346,1.0,0.0,1.0,-0.0665,-0.2385,0.2783,0.0,2.0,0.0,0.0,0.0,-0.01243,0.2444744,,,
-0.297,0.1791,0.1548,3.193,1.201,0.4285,0.5205,1.0,1.0,-0.1494,-0.1357,0.6167,0.0,0.02701,0.4375,1.561,2.715,0.1567,0.582,0.3902,2.395,-0.0317,-0.851,0.6343,6.625,6.703,0.0,0.0,6.664,0.0,7.547,0.6777,3.334,1.353,1.0,0.5,1.0,-0.2332,-0.0979,0.502,1.0,0.0,0.0,0.0,0.0,0.1483,-0.160016,,,
-0.3057,0.01173,0.1159,3.195,-0.553,0.5713,0.5283,1.0,1.0,-0.1155,-0.09924,0.6025,0.0,0.02745,-0.002035,1.884,2.186,-0.008804,0.5845,-0.2846,2.406,0.39,-0.0317,-0.851,6.625,6.703,0.0,0.0,6.664,0.0,7.547,0.2625,3.59,-0.9043,0.0,0.0,0.5,-0.092,-0.2222,0.2554,0.0,1.0,0.0,0.0,0.0,-0.09796,-0.964464,,,
-0.09937,-0.739,-0.0693,3.064,-8.484,0.5713,0.5366,0.0,1.0,0.07715,0.06537,0.5244,0.0,0.02791,1.528,2.074,1.783,-0.743,0.5806,-1.5879,2.469,-0.2844,0.39,-0.0317,6.625,6.703,0.0,0.0,6.664,0.0,7.547,-0.4248,3.742,-8.77,-1.0,0.0,0.0,0.6455,-0.8467,-0.8706,0.0,2.0,0.0,0.0,0.0,-0.9585,-0.3762547999999999,,,
-0.1284,-0.732,-0.08185,2.91,0.1227,0.4285,0.545,0.0,1.0,0.08746,0.0808,0.521,0.0,0.02835,-0.4106,2.16,1.47,-0.737,0.576,-0.0736,2.615,-1.587,-0.2844,0.39,6.625,6.703,0.0,0.0,6.664,0.0,7.547,-0.5503,3.742,-0.2534,-1.0,-0.5,-0.5,0.5894,-0.848,-0.867,0.0,3.0,0.0,0.0,0.0,-0.02913,-0.03573,,,
-0.1456,-0.7007,-0.08386,2.81,0.0818,0.4285,0.5527,0.0,1.0,0.08813,0.0843,0.522,0.0,0.02881,-0.0758,2.174,1.288,-0.715,0.575,0.02633,2.764,-0.0737,-1.587,-0.2844,6.625,6.703,0.0,0.0,6.664,0.0,7.547,-0.3296,3.742,0.05585,0.0,0.0,0.0,0.4937,-0.8086,-0.801,1.0,0.0,0.0,0.0,0.0,0.00644,0.00537016,,,
-0.1732,-0.592,-0.0708,2.682,-0.05472,0.2856,0.5527,0.0,1.0,0.0728,0.07306,0.5293,0.0,0.02925,-0.6387,2.068,1.204,-0.613,0.5723,0.1598,2.7,0.02621,-0.0737,-1.587,6.625,6.703,0.0,0.0,6.664,0.0,7.547,-0.5474,3.742,0.4666,0.0,0.0,0.0,0.3867,-0.6777,-0.72,2.0,0.0,0.0,0.0,0.0,0.05374,-0.5335775999999999,,,
-0.0517,-1.06,-0.196,2.467,1.114,0.1428,0.5527,0.0,1.0,0.2129,0.1975,0.476,0.0,0.02971,-0.1624,1.885,1.185,-1.068,0.5645,-1.1359,3.2,0.1595,0.02621,-0.0737,6.625,6.703,0.0,0.0,6.664,0.0,7.5,-0.8643,3.742,-4.53,0.0,-0.5,0.0,0.878,-1.092,-1.228,0.0,1.0,0.0,1.0,-4.01,-0.5195,0.1051775999999999,,,
-0.10236,-0.906,-0.1804,2.248,-0.03516,0.0,0.5527,0.0,1.0,0.192,0.1843,0.4841,0.0,0.03015,-0.04855,1.688,1.19,-0.9375,0.559,0.1795,3.621,-1.135,0.1595,0.02621,6.625,6.703,0.0,0.0,6.664,0.0,7.547,-0.8965,3.742,0.53,1.0,-0.5,0.0,0.73,-0.9185,-0.988,1.0,0.0,0.0,0.0,0.0,0.063,0.23734,,,
-0.1228,-0.785,-0.1714,2.045,-0.02278,-0.1428,0.5527,0.0,1.0,0.1808,0.176,0.4893,0.0,0.03061,-0.466,1.543,1.214,-0.843,0.5547,0.1125,3.93,0.1793,-1.135,0.1595,6.625,6.703,0.0,0.0,6.664,0.0,7.547,-0.8364,3.742,0.2688,2.0,0.0,0.5,0.608,-0.8096,-0.8394,2.0,0.0,0.0,0.0,0.0,0.03177,0.149452,,,
-0.106,-0.7354,-0.1809,1.811,0.0574,-0.2856,0.5527,0.0,1.0,0.1924,0.1852,0.4863,0.0,0.03105,-0.2834,1.558,1.267,-0.8184,0.549,-0.0657,4.19,0.1124,0.1793,-1.135,6.625,6.703,0.0,0.0,6.664,0.0,7.547,-0.998,3.742,-0.1653,1.0,0.0,0.0,0.575,-0.7856,-0.7837,0.0,1.0,0.0,0.0,0.0,-0.01945,0.2072999999999999,,,
-0.0917,-0.506,-0.1503,1.585,-0.2411,-0.4285,0.5527,0.0,1.0,0.1609,0.1505,0.501,0.0,0.0315,-0.2323,1.841,1.357,-0.6064,0.5425,0.3223999999999999,4.344,-0.06573,0.1124,0.1793,6.625,6.703,0.0,0.0,6.664,0.0,7.547,-0.9326,3.742,0.7207,1.0,0.0,0.0,0.3726,-0.6104,-0.611,1.0,0.0,0.0,0.0,0.0,0.085,0.2848559999999999,,,
-0.1897,-0.0883,-0.079,1.357,-0.9175,-0.5713,0.5527,0.0,1.0,0.0797,0.0829,0.5337,0.0,0.03195,-0.3406,2.457,1.556,-0.1603,0.5312,0.7105,4.34,0.322,-0.06573,0.1124,6.625,6.703,0.0,0.0,6.664,0.0,7.547,-0.9185,3.742,2.004,2.0,0.5,0.0,0.04227,-0.2874,-0.299,2.0,0.0,1.0,0.0,4.707,0.234,0.3702359999999998,,,
-0.2664,0.306,-0.001148,1.266,-14.766,-0.5713,0.5527,1.0,1.0,-0.003157,0.0101,0.57,0.0,0.0324,-0.3442,2.998,1.783,0.2534,0.527,0.7611,4.324,0.71,0.322,-0.06573,6.625,6.703,0.0,0.0,6.664,0.0,7.547,-0.3235,3.742,2.605,2.0,1.0,0.5,-0.2247,0.06793,0.0248,3.0,0.0,1.0,0.0,4.316,0.2979,0.209104,,,
-0.2705,0.4602,0.02573,1.194,0.5586,-0.5713,0.5527,1.0,1.0,-0.02919,-0.01607,0.5835,0.0,0.03287,-0.4702,3.348,1.994,0.4072,0.5254,0.2865,4.31,0.7607,0.71,0.322,6.625,6.703,0.0,0.0,6.664,0.0,7.547,-0.1987,3.742,0.9165,2.0,1.5,1.0,-0.318,0.1523,0.152,4.0,0.0,0.0,0.0,0.0,0.1023,0.14572568,,,
-0.377,0.5513,0.037,1.105,0.3127,-0.5713,0.5527,1.0,1.0,-0.04837,-0.01826,0.5903,0.0,0.0333,-0.7944,3.488,2.197,0.4907,0.5244,0.1397,4.316,0.2861,0.7607,0.71,6.625,6.703,0.0,0.0,6.664,0.0,7.547,-0.3,3.742,0.391,3.0,1.5,1.0,-0.3481,0.1661,0.2113,5.0,0.0,0.0,0.0,0.0,0.04324,0.2782428799999998,,,
-0.443,0.7085,0.0681,1.073,0.3994,-0.5713,0.5527,1.0,1.0,-0.08276,-0.04282,0.6055,0.0,0.03375,-0.6143,3.42,2.383,0.649,0.524,0.3146,4.332,0.1395,0.2861,0.7607,6.625,6.703,0.0,0.0,6.664,0.0,7.547,-0.06934,3.742,0.8965,3.0,1.5,1.5,-0.4993,0.1866,0.3457,5.92,0.0,0.0,0.0,0.0,0.0987,0.5073719999999999,,,
-0.605,0.911,0.1267,1.224,0.407,-0.4285,0.5527,1.0,1.0,-0.1492,-0.08453,0.6333,0.0,0.0342,-0.4329,3.229,2.523,0.903,0.527,0.5621,4.473,0.3145,0.1395,0.2861,6.625,6.703,0.0,0.0,6.664,0.0,7.547,0.9424,3.191,1.425,3.0,1.5,2.0,-0.646,0.3914,0.5635,5.92,0.0,0.0,0.0,0.0,0.1554,-0.224184,,,
-0.563,0.7104,0.0959,1.362,-0.08264,-0.2856,0.5527,1.0,1.0,-0.1179,-0.05927,0.6216,0.0,0.03467,-0.0338,2.912,2.572,0.6963,0.5347,-0.235,4.33,0.5615,0.3145,0.1395,6.625,6.703,0.0,0.0,6.664,0.0,7.547,0.8296,3.238,-0.7017,2.0,1.5,2.0,-0.4873,0.2452,0.4873,0.0,1.0,0.0,0.0,0.0,-0.0752,0.8985638800000002,,,
-0.532,1.425,0.28,1.639,1.098,-0.1428,0.5527,1.0,1.0,-0.2754,-0.2268,0.705,0.0,0.0351,0.4392,2.5,2.527,1.392,0.549,1.6781,5.195,-0.235,0.5615,0.3145,6.625,6.703,0.0,0.0,6.664,0.0,7.547,1.151,3.242,6.688,2.0,1.5,2.0,-0.9854,0.9204,0.992,1.0,0.0,0.0,0.0,0.0,0.722,-0.169284,,,
-0.502,1.1875,0.2512,1.881,-0.0351,0.0,0.5527,1.0,1.0,-0.2488,-0.2043,0.695,0.0,0.03555,-0.522,2.195,2.44,1.18,0.5586,-0.1995,5.74,1.677,-0.235,0.5615,6.625,6.703,0.0,0.0,6.664,0.0,7.547,1.02,3.307,-0.515,1.0,1.5,1.5,-0.855,0.6924,0.7803,0.0,1.0,0.0,0.0,0.0,-0.0529,0.6240131999999998,,,
-0.5327,1.465,0.3535,2.291,0.3672,0.1428,0.5527,1.0,1.0,-0.335,-0.288,0.743,0.0,0.036,-0.524,2.693,2.441,1.405,0.582,0.9273,5.74,-0.1995,1.677,-0.235,6.625,6.703,0.0,0.0,6.664,0.0,7.547,1.574,2.932,3.752,1.0,1.5,2.0,-1.074,0.9976,0.916,1.0,0.0,1.0,0.0,4.426,0.3875,0.0985819999999999,,,
-0.574,1.395,0.3794,2.715,0.08496,0.2856,0.5527,1.0,1.0,-0.3586,-0.3057,0.7573,0.0,0.03647,-0.5454,3.713,2.639,1.355,0.5996,0.2678999999999999,5.74,0.927,-0.1995,1.677,6.625,6.703,0.0,0.0,6.664,0.0,7.547,1.574,2.967,0.7515,1.0,1.5,2.0,-1.06,0.9946,0.8325,2.0,0.0,0.0,0.0,0.0,0.0754,0.0588359999999999,,,
-0.4875,1.134,0.36,3.13,-0.05563,0.4285,0.5527,1.0,1.0,-0.3364,-0.297,0.7515,0.0,0.0369,0.4565,5.277,3.266,1.025,0.6255,-0.1152,5.74,0.2676,0.927,-0.1995,6.625,6.703,0.0,0.0,6.664,0.0,7.547,1.574,3.01,-0.7827,1.0,1.0,1.5,-0.9097,0.8403,0.6777,0.0,1.0,0.0,0.0,0.0,-0.0779,0.2070724,,,
-0.2303,0.3164,0.201,3.443,-0.5854,0.5713,0.5527,1.0,1.0,-0.1844,-0.1829,0.682,0.0,0.03735,0.677,5.836,4.004,0.2378,0.6377,-1.2849,5.74,-0.11523,0.2676,0.927,6.625,6.703,0.0,0.0,6.664,0.0,7.547,0.992,3.291,-9.51,0.0,0.5,1.5,-0.267,0.2817,0.2957,0.0,2.0,0.0,1.0,-5.812,-1.562,-0.16429144,,,
-0.2439,0.5835,0.296,3.799,0.851,0.7144,0.5527,1.0,1.0,-0.2651,-0.264,0.726,0.0,0.0378,-0.1428,5.836,4.79,0.543,0.6494,0.8571,5.74,-1.284,-0.11523,0.2676,6.625,6.703,0.0,0.0,6.664,0.0,7.547,1.068,3.36,3.75,1.0,0.5,1.5,-0.5483,0.5913,0.4485,1.0,0.0,0.0,0.0,0.0,0.3901,-0.3857879999999999,,,
-0.1937,0.1207,0.2085,4.03,-0.6104,0.857,0.5527,1.0,1.0,-0.188,-0.1925,0.6895,0.0,0.03827,-0.2664,5.836,5.57,0.1008,0.659,-0.6959,5.74,0.8564,-1.284,-0.11523,6.625,6.703,0.0,0.0,6.664,0.0,7.547,0.7007,3.52,-2.877,0.0,0.0,1.0,-0.2122,0.2449,0.2352,0.0,1.0,0.0,0.0,0.0,-0.2915,-0.0790359999999999,,,
-0.1898,0.06122,0.2101,4.207,-0.1814,0.857,0.5527,1.0,1.0,-0.1891,-0.1943,0.692,0.0,0.0387,0.03598,5.836,5.7,0.04385,0.6675,0.0494,5.74,-0.696,0.8564,-1.284,6.625,6.703,0.0,0.0,6.664,0.0,7.547,0.5835,3.61,0.155,0.0,0.0,1.0,-0.2117,0.2196,0.2106,1.0,0.0,0.0,0.0,0.0,0.01605,-0.1254972,,,
-0.2393,0.0714,0.2267,4.367,0.2095,0.857,0.5527,1.0,1.0,-0.2072,-0.2048,0.7017,0.0,0.03915,-0.844,5.836,5.7,0.0775,0.6733,0.1842,5.74,0.04926,-0.696,0.8564,6.625,6.703,0.0,0.0,6.664,0.0,7.547,0.567,3.648,0.2277,1.0,0.5,1.0,-0.2515,0.2642,0.2218,2.0,0.0,0.0,0.0,0.0,0.02354,0.082148,,,
-0.2135,0.04172,0.2335,4.527,-0.07416,0.857,0.5527,1.0,1.0,-0.2109,-0.2129,0.7065,0.0,0.0396,-0.4497,5.836,5.7,0.0707,0.679,0.1001,5.74,0.184,0.04926,-0.696,6.625,6.703,0.0,0.0,6.664,0.0,7.547,0.561,3.668,0.2142,2.0,0.5,1.0,-0.2668,0.2576,0.2141,3.0,0.0,0.0,0.0,0.0,0.02203,-0.4011608000000002,,,
-0.1427,-0.2922,0.1606,4.605,-2.768,0.7144,0.5527,0.0,1.0,-0.1422,-0.1538,0.6763,0.0,0.04004,-0.302,5.836,5.7,-0.2524,0.6836,-0.5834,5.74,0.1,0.184,0.04926,6.625,6.703,0.0,0.0,6.664,0.0,7.547,0.2869,3.742,-2.12,1.0,0.5,0.5,0.00276,-0.01587,-9.71e-05,0.0,1.0,0.0,0.0,0.0,-0.2173,-0.1043763999999999,,,
-0.1159,-0.1947,0.1882,4.66,-0.3608,0.5713,0.5527,0.0,1.0,-0.1643,-0.181,0.6904,0.0,0.0405,-0.1783,5.836,5.7,-0.1521,0.687,0.2809,5.418,-0.583,0.1,0.184,6.625,6.703,0.0,0.0,6.664,0.0,7.547,0.2256,3.742,0.86,2.0,0.5,0.5,-0.09686,0.09143,0.0536,1.0,0.0,0.0,0.0,0.0,0.0898,0.0592071999999999,,,
-0.1389,-0.1997,0.1943,4.75,0.1809,0.4285,0.5527,0.0,1.0,-0.1714,-0.1844,0.6953,0.0,0.04095,-0.3235,5.836,5.7,-0.132,0.6895,0.09007,4.664,0.2808,-0.583,0.1,6.625,6.703,0.0,0.0,6.664,0.0,7.547,0.3257,3.742,0.4219,2.0,0.5,1.0,-0.1895,0.02557,0.04916,2.0,0.0,0.0,0.0,0.0,0.04364,0.3893215999999999,,,
-0.2512,-0.01894,0.2346,4.723,-1.498,0.4285,0.5527,1.0,1.0,-0.2148,-0.2108,0.7153,0.0,0.0414,-0.3584,5.836,5.7,0.0407,0.691,0.3866,4.17,0.0899,0.2808,-0.583,6.625,6.703,0.0,0.0,6.664,0.0,7.547,-0.02507,3.742,1.185,2.0,1.0,1.0,-0.3108,0.1703,0.1848,3.0,0.0,0.0,0.0,0.0,0.12225,-0.5700651999999999,,,
-0.1602,-0.352,0.1481,4.65,-5.574,0.2856,0.5527,0.0,1.0,-0.1326,-0.1409,0.678,0.0,0.04184,0.1088,5.836,5.7,-0.2925,0.6904,-0.7006,3.646,0.3862,0.0899,0.2808,6.625,6.703,0.0,0.0,6.664,0.0,7.547,-0.198,3.742,-2.586,1.0,1.0,1.0,-0.00986,-0.1674,-0.2109,0.0,1.0,0.0,0.0,0.0,-0.2637,-0.1852632,,,
-0.1857,-0.5146,0.09155,4.45,0.775,0.1428,0.5527,0.0,1.0,-0.08374,-0.08636,0.655,0.0,0.0423,-0.628,4.652,5.7,-0.4636,0.685,-0.4572,3.148,-0.7,0.3862,0.0899,6.625,6.703,0.0,0.0,6.664,0.0,7.547,-0.6963,3.742,-1.467,1.0,0.5,0.5,0.1874,-0.3535,-0.5396,0.0,2.0,0.0,0.0,0.0,-0.153,0.1515172,,,
-0.1421,-0.589,0.05133,4.19,0.3162,0.0,0.5527,0.0,1.0,-0.04303,-0.05157,0.6387,0.0,0.04276,-0.1272,3.328,5.7,-0.5684,0.68,-0.3173,2.855,-0.457,-0.7,0.3862,6.625,6.703,0.0,0.0,6.664,0.0,7.547,-0.8994,3.742,-0.8657,0.0,0.5,0.0,0.3125,-0.462,-0.803,0.0,3.0,0.0,0.0,0.0,-0.09155,0.5395840000000001,,,
-0.2346,-0.1554,0.1371,4.01,-0.7793,-0.1428,0.5527,0.0,1.0,-0.1288,-0.1247,0.6797,0.0,0.0432,-0.1713,2.469,5.7,-0.10614,0.6714,0.8155,2.617,-0.3171,-0.457,-0.7,6.625,6.703,0.0,0.0,6.664,0.0,7.547,-0.5312,3.742,2.822,0.0,0.5,0.5,-0.06464,-0.1271,-0.3225,1.0,0.0,0.0,0.0,0.0,0.3015,0.157516,,,
-0.4468,-0.2191,0.1159,3.947,1.055,-0.2856,0.5527,0.0,1.0,-0.1267,-0.0876,0.6724,0.0,0.04364,-0.4792,1.74,5.684,-0.2222,0.6763,-0.1443,2.236,0.8154,-0.3171,-0.457,6.625,6.703,0.0,0.0,6.664,0.0,7.547,-0.1661,3.742,-0.444,-1.0,0.0,0.5,-0.0353,-0.2343,-0.5063,0.0,1.0,0.0,0.0,0.0,-0.04626,0.8443440000000002,,,
-0.4294,0.5396,0.292,3.938,-5.746,-0.2856,0.5527,1.0,1.0,-0.2769,-0.2454,0.755,0.0,0.0441,0.4426,1.194,4.758,0.53,0.678,1.6061,2.479,-0.1444,0.8154,-0.3171,6.625,6.703,0.0,0.0,6.664,0.0,7.547,0.0928,3.742,6.85,0.0,0.0,0.5,-0.601,0.4487,0.6733,1.0,0.0,1.0,0.0,6.266,0.717,0.3507960000000001,,,
-0.4624,0.695,0.3364,4.03,0.401,-0.2856,0.5527,1.0,1.0,-0.3157,-0.2798,0.7783,0.0,0.04456,-0.3416,0.8223,3.705,0.6865,0.684,0.4291,2.88,1.605,-0.1444,0.8154,6.625,6.703,0.0,0.0,6.664,0.0,7.547,0.511,3.742,1.577,1.0,0.5,1.0,-0.686,0.574,0.8228,2.0,0.0,0.0,0.0,0.0,0.1571,0.0653875999999999,,,
-0.4817,0.6123,0.325,4.125,0.01976,-0.2856,0.5527,1.0,1.0,-0.308,-0.2688,0.7754,0.0,0.045,-0.2866,0.662,2.82,0.614,0.6895,-0.04668,3.105,0.4287,1.605,-0.1444,6.625,6.703,0.0,0.0,6.664,0.0,7.547,0.4766,3.742,-0.17,1.0,0.0,0.5,-0.607,0.475,0.716,0.0,1.0,0.0,0.0,0.0,-0.01672,0.784962,,,
-0.4207,1.016,0.4346,4.29,0.755,-0.2856,0.5527,1.0,1.0,-0.3892,-0.3625,0.8286,0.0,0.04544,0.0829,0.84,2.07,0.992,0.7007,0.9681,3.795,-0.04678,0.4287,1.605,6.625,6.703,0.0,0.0,6.664,0.0,7.547,0.6685,3.742,4.67,1.0,0.0,0.5,-0.8643,0.8296,1.08,1.0,0.0,0.0,0.0,0.0,0.4602,0.0045692,,,
-0.4277,0.9497,0.4333,4.45,0.06903,-0.2856,0.5527,1.0,1.0,-0.389,-0.361,0.8306,0.0,0.0459,-0.572,1.416,1.801,0.8833,0.714,0.04163,4.414,0.9673,-0.04678,0.4287,6.625,6.703,0.0,0.0,6.664,0.0,7.547,0.657,3.742,0.2394,2.0,0.0,0.5,-0.8174,0.723,0.918,2.0,0.0,0.0,0.0,0.0,0.02289,-0.233184,,,
-0.4175,0.6914,0.3887,4.633,-0.1346,-0.1428,0.5527,1.0,1.0,-0.3535,-0.3262,0.813,0.0,0.04636,-0.3394,2.04,1.738,0.645,0.7217,-0.3139,4.773,0.0415,0.9673,-0.04678,6.625,6.703,0.0,0.0,6.664,0.0,7.547,0.766,3.742,-1.009,1.0,0.0,0.5,-0.6147,0.5146,0.65,0.0,1.0,0.0,1.0,-2.344,-0.09625,0.307282,,,
-0.4727,0.793,0.4304,4.83,0.2737,0.0,0.5527,1.0,1.0,-0.3901,-0.3547,0.835,0.0,0.0468,-0.5757,2.68,1.869,0.7715,0.7295,0.3928999999999999,5.29,-0.314,0.0415,0.9673,6.625,6.703,0.0,0.0,6.664,0.0,7.547,0.794,3.742,1.298,1.0,0.5,0.5,-0.686,0.618,0.7065,1.0,0.0,0.0,0.0,0.0,0.1251,-0.7055792000000001,,,
-0.391,0.1897,0.2932,4.914,-0.604,0.1428,0.5527,1.0,1.0,-0.275,-0.2496,0.775,0.0,0.04724,0.07764,3.357,2.145,0.1493,0.738,-1.0659,5.32,0.3928,-0.314,0.0415,6.625,6.703,0.0,0.0,6.664,0.0,7.547,0.3281,3.742,-3.947,1.0,0.5,0.0,-0.1609,0.1486,0.2224,0.0,1.0,0.0,0.0,0.0,-0.3757,-0.2504232,,,
-0.394,0.569,0.3955,5.05,1.629,0.1428,0.5527,1.0,1.0,-0.357,-0.3337,0.8247,0.0,0.0477,-0.689,3.994,2.479,0.5366,0.744,0.9111,5.574,-1.065,0.3928,-0.314,6.625,6.703,0.0,0.0,6.664,0.0,7.547,0.4463,3.742,2.53,1.0,0.5,0.0,-0.4753,0.4946,0.516,1.0,0.0,0.0,0.0,0.0,0.2491,0.079468,,,
-0.4736,0.532,0.405,5.258,0.0732,0.2856,0.5527,1.0,1.0,-0.3706,-0.3347,0.832,0.0,0.04816,-0.711,4.637,2.867,0.5225,0.753,0.1309999999999999,5.74,0.9106,-1.065,0.3928,6.625,6.703,0.0,0.0,6.664,0.0,7.547,0.721,3.742,0.243,1.0,1.0,0.5,-0.4858,0.4717,0.4963,2.0,0.0,0.0,0.0,0.0,0.02328,-0.0197981199999999,,,
-0.4917,0.62,0.4517,5.547,0.2866,0.4285,0.5527,1.0,1.0,-0.4077,-0.37,0.857,0.0,0.0486,-0.5444,5.258,3.326,0.646,0.763,0.4402999999999999,5.74,0.1307,0.9106,-1.065,6.625,6.703,0.0,0.0,6.664,0.0,7.547,0.9756,3.742,0.747,2.0,1.0,1.0,-0.5923,0.5938,0.575,3.0,0.0,0.0,0.0,0.0,0.0713,-0.0131399199999999,,,
-0.5415,0.4697,0.443,5.867,-0.0958,0.5713,0.5527,1.0,1.0,-0.4053,-0.3591,0.856,0.0,0.04904,-0.844,5.81,3.836,0.536,0.7744,-0.013526,5.74,0.44,0.1307,0.9106,6.625,6.703,0.0,0.0,6.664,0.0,7.547,1.102,3.697,-0.03088,1.0,0.5,1.0,-0.558,0.4805,0.5,0.0,1.0,0.0,0.0,0.0,-0.002907,-0.1923879999999999,,,
-0.57,0.2563,0.4106,6.098,-0.2805,0.7144,0.5527,1.0,1.0,-0.3828,-0.3313,0.8438,0.0,0.0495,-0.7144,5.836,4.4,0.3171,0.7866,-0.2122,5.74,-0.01362,0.44,0.1307,6.625,6.703,0.0,0.0,6.664,0.0,7.547,0.88,3.742,-0.4216,1.0,0.5,0.5,-0.4146,0.3374,0.3713,0.0,2.0,0.0,0.0,0.0,-0.03967,-0.2016252,,,
-0.5625,0.05225,0.3792,6.324,-0.5127,0.857,0.5527,1.0,1.0,-0.3577,-0.3066,0.832,0.0,0.04996,-0.5376,5.836,4.973,0.1189,0.7974,-0.2058,5.74,-0.2123,-0.01362,0.44,6.625,6.703,0.0,0.0,6.664,0.0,7.547,0.844,3.742,-0.416,0.0,0.0,0.5,-0.3525,0.1376,0.2578,0.0,3.0,0.0,0.0,0.0,-0.03943,-0.9931695999999998,,,
-0.4956,-0.692,0.1901,6.266,-5.82,0.7144,0.5527,0.0,1.0,-0.1963,-0.1512,0.7466,0.0,0.0504,0.4927,5.836,5.43,-0.6416,0.7993,-1.5199,5.74,-0.2058,-0.2123,-0.01362,6.625,6.703,0.0,0.0,6.664,0.0,7.547,-0.1444,3.742,-8.81,-1.0,-0.5,0.0,0.3594,-0.484,-0.2998,0.0,4.0,0.0,1.0,-5.617,-0.8403,-0.1914211999999999,,,
-0.472,-0.9385,0.1162,6.11,0.5645,0.5713,0.5527,0.0,1.0,-0.129,-0.0858,0.714,0.0,0.05084,-0.599,5.836,5.7,-0.883,0.7944,-0.6049,5.74,-1.519,-0.2058,-0.2123,6.625,6.703,0.0,0.0,6.664,0.0,7.547,-0.4597,3.742,-2.367,-2.0,-0.5,-0.5,0.612,-0.6836,-0.5327,0.0,5.0,0.0,1.0,-5.41,-0.237,-0.1940079999999999,,,
-0.4663,-1.098,0.06165,5.92,0.3313,0.4285,0.5527,0.0,1.0,-0.0786,-0.0347,0.69,0.0,0.0513,-0.3718,5.652,5.7,-1.035,0.7876,-0.4519,5.74,-0.605,-1.519,-0.2058,6.625,6.703,0.0,0.0,6.664,0.0,7.547,-0.5547,3.742,-1.763,-2.0,-1.0,-0.5,0.726,-0.8574,-0.727,0.0,5.0,0.0,0.0,0.0,-0.1799,0.211416,,,
-0.52,-1.044,0.05054,5.633,0.07733,0.2856,0.5527,0.0,1.0,-0.0726,-0.01958,0.6865,0.0,0.05176,-0.3105,4.918,5.656,-0.979,0.7773,-0.0663,5.35,-0.4517,-0.605,-1.519,6.625,6.703,0.0,0.0,6.664,0.0,7.547,-0.965,3.742,-0.2224,-2.0,-1.0,-1.0,0.693,-0.8174,-0.8135,0.0,5.0,0.0,0.0,0.0,-0.02303,0.4388108,,,
-0.5156,-0.7217,0.1075,5.383,-0.2244,0.1428,0.5527,0.0,1.0,-0.1247,-0.07404,0.715,0.0,0.05222,-0.4324,4.258,5.29,-0.6123,0.7637,0.5494,5.117,-0.0664,-0.4517,-0.605,6.625,6.703,0.0,0.0,6.664,0.0,7.547,-0.7554,3.742,2.217,-1.0,-1.0,-1.0,0.4177,-0.5083,-0.6367,1.0,0.0,0.0,0.0,0.0,0.23,0.0220788,,,
-0.543,-0.711,0.0911,5.156,0.11523,0.0,0.5527,0.0,1.0,-0.112,-0.05643,0.709,0.0,0.05264,-0.512,3.691,4.875,-0.5947,0.7554,-0.1118,4.832,0.5493,-0.0664,-0.4517,6.625,6.703,0.0,0.0,6.664,0.0,7.547,-0.707,3.742,-0.395,-1.0,-1.5,-1.0,0.4165,-0.537,-0.7266,0.0,1.0,0.0,0.0,0.0,-0.04028,-0.3244648000000001,,,
-0.514,-0.747,0.0581,4.867,0.1947,-0.1428,0.5527,0.0,1.0,-0.07916,-0.02737,0.6953,0.0,0.0531,-0.2646,3.352,4.39,-0.6333,0.746,-0.2582,5.117,-0.1118,0.5493,-0.0664,6.625,6.703,0.0,0.0,6.664,0.0,7.547,-0.9355,3.742,-0.8164,-1.0,-1.5,-1.5,0.4456,-0.66,-0.778,0.0,2.0,0.0,0.0,0.0,-0.08356,0.3444752,,,
-0.562,-0.4985,0.1048,4.723,-0.2654,-0.2856,0.5527,0.0,1.0,-0.126,-0.06775,0.719,0.0,0.05356,-0.1991,3.33,3.916,-0.3567,0.739,0.4569,5.266,-0.2583,-0.1118,0.5493,6.625,6.703,0.0,0.0,6.664,0.0,7.547,-0.4658,3.742,1.705,0.0,-1.5,-1.0,0.1954,-0.4497,-0.56,1.0,0.0,0.0,0.0,0.0,0.176,0.0740328,,,
-0.618,-0.498,0.0836,4.477,0.1321,-0.4285,0.5527,0.0,1.0,-0.1111,-0.04312,0.7114,0.0,0.05402,-0.707,3.576,3.47,-0.3687,0.7324,-0.1472,5.43,0.4568,-0.2583,-0.1118,6.625,6.703,0.0,0.0,6.664,0.0,7.547,-0.965,3.742,-0.38,0.0,-1.5,-1.5,0.2367,-0.4912,-0.5815,0.0,1.0,0.0,0.0,0.0,-0.03864,0.2278399999999999,,,
-0.5874,-0.1862,0.1388,4.266,-0.6665,-0.5713,0.5527,0.0,1.0,-0.1586,-0.0972,0.7397,0.0,0.05444,-0.09644,4.008,3.174,-0.07294,0.7275,0.5311,5.36,-0.1473,0.4568,-0.2583,6.625,6.703,0.0,0.0,6.664,0.0,7.547,-0.758,3.742,2.178,0.0,-1.0,-1.5,0.004803,-0.2415,-0.3477,1.0,0.0,0.0,0.0,0.0,0.2225,0.0296888,,,
-0.5713,-0.1472,0.1255,4.008,-0.2642,-0.7144,0.5527,0.0,1.0,-0.1454,-0.0862,0.7354,0.0,0.0549,-0.3164,4.52,3.08,-0.068,0.7227,-0.081,5.254,0.531,-0.1473,0.4568,6.625,6.703,0.0,0.0,6.664,0.0,7.547,-1.03,3.742,-0.3438,0.0,-1.0,-2.0,0.03973,-0.2708,-0.3486,0.0,1.0,0.0,0.0,0.0,-0.03455,1.0754119999999996,,,
-0.4983,0.59,0.2856,3.877,-11.83,-0.7144,0.5527,1.0,1.0,-0.2773,-0.2344,0.813,0.0,0.05536,-0.254,4.855,3.055,0.6187,0.724,1.4531,5.254,-0.0811,0.531,-0.1473,6.625,6.703,0.0,0.0,6.664,0.0,7.547,-0.3555,3.742,7.535,1.0,-0.5,-1.5,-0.4624,0.379,0.2351,1.0,0.0,1.0,0.0,6.75,0.7593,0.217322,,,
-0.4382,1.325,0.4592,3.91,1.304,-0.7144,0.5527,1.0,1.0,-0.4092,-0.3804,0.887,1.0,-0.171,0.1846,4.81,3.012,1.274,0.726,1.5161,5.72,1.453,-0.0811,0.531,6.625,6.703,0.0,0.0,6.664,0.0,7.547,0.1759,3.742,9.25,1.0,0.0,-1.0,-0.9106,0.9727,0.7773,2.0,0.0,1.0,0.0,7.117,0.892,-0.0201319999999999,,,
-0.4138,1.3125,0.461,3.967,0.1237,-0.7144,0.5527,1.0,1.0,-0.4084,-0.3835,0.887,1.0,-0.171,-0.2269,4.383,2.975,1.211,0.7324,0.06864,5.74,1.516,1.453,-0.0811,6.625,6.703,0.0,0.0,6.664,0.0,7.547,0.2615,3.742,0.3433,2.0,0.5,-0.5,-0.91,0.819,0.688,3.0,0.0,0.0,0.0,0.0,0.03162,0.0415092,,,
-0.502,1.087,0.4243,4.15,-0.03918,-0.5713,0.5527,1.0,1.0,-0.388,-0.3477,0.873,0.0,-0.1705,-0.455,3.742,2.95,1.023,0.739,-0.2374,5.74,0.06854,1.516,1.453,6.625,6.703,0.0,0.0,6.664,0.0,7.547,0.778,3.742,-0.8394,1.0,0.0,-0.5,-0.7476,0.6113,0.548,0.0,1.0,0.0,0.0,0.0,-0.07715,0.8083599999999997,,,
-0.4497,1.62,0.583,4.516,0.6206,-0.4285,0.5527,1.0,1.0,-0.5005,-0.4724,0.887,1.0,-0.171,-0.02563,3.322,2.984,1.49,0.7046,1.3571,5.74,-0.2374,0.06854,1.516,6.625,6.703,0.0,0.0,6.664,0.0,7.547,1.284,3.742,9.164,2.0,0.5,0.0,-1.123,1.095,0.861,1.0,0.0,1.0,0.0,5.727,0.8486,-0.241282,,,
-0.3892,1.289,0.539,4.9,-0.0744,-0.2856,0.5527,1.0,1.0,-0.4644,-0.4453,0.871,0.0,-0.1705,0.1434,3.57,3.158,1.149,0.7236,-0.2772,5.74,1.356,-0.2374,0.06854,6.625,6.703,0.0,0.0,6.664,0.0,7.547,1.348,3.742,-1.452,1.0,0.5,0.0,-0.8975,0.8794,0.688,0.0,1.0,0.0,0.0,0.0,-0.1289,0.017556,,,
-0.2983,0.593,0.3977,5.18,-0.4094,-0.1428,0.5527,1.0,1.0,-0.3508,-0.3433,0.8096,0.0,-0.1702,-0.536,4.363,3.426,0.4792,0.7363,-1.0619,5.74,-0.2773,1.356,-0.2374,6.625,6.703,0.0,0.0,6.664,0.0,7.547,0.8647,3.742,-5.066,0.0,0.0,0.0,-0.3655,0.3896,0.3525,0.0,2.0,0.0,1.0,-6.445,-0.4536,0.2779079999999999,,,
-0.3364,0.624,0.427,5.438,0.1825,0.0,0.5527,1.0,1.0,-0.3765,-0.3635,0.8267,0.0,-0.1697,-0.667,5.426,3.756,0.5244,0.7476,0.3028,5.74,-1.062,-0.2773,1.356,6.625,6.703,0.0,0.0,6.664,0.0,7.547,0.8345,3.742,1.128,0.0,0.5,0.0,-0.428,0.472,0.4106,1.0,0.0,0.0,0.0,0.0,0.1045,-0.2564336,,,
-0.308,0.2986,0.3674,5.668,-0.3594,0.1428,0.5527,1.0,1.0,-0.328,-0.3179,0.8027,0.0,-0.1692,-0.4392,5.836,4.133,0.2144,0.758,-0.4252,5.74,0.3027,-1.062,-0.2773,6.625,6.703,0.0,0.0,6.664,0.0,7.547,0.706,3.742,-1.561,0.0,0.0,0.0,-0.2002,0.256,0.273,0.0,1.0,0.0,0.0,0.0,-0.1432,0.1925888,,,
